timestamp,label,feat_0,feat_1,feat_2,feat_3,feat_4,feat_5,feat_6,feat_7,feat_8,feat_9,feat_10,feat_11,feat_12,feat_13,feat_14,feat_15,feat_16,feat_17,feat_18,feat_19,feat_20,feat_21,feat_22,feat_23,feat_24,feat_25,feat_26,feat_27,feat_28,feat_29,feat_30,feat_31,feat_32,feat_33,feat_34,feat_35,feat_36,feat_37,feat_38,feat_39,feat_40,feat_41,feat_42,feat_43,feat_44,feat_45,feat_46,feat_47,feat_48,feat_49,feat_50,feat_51,feat_52,feat_53,feat_54,feat_55,feat_56,feat_57,feat_58,feat_59,feat_60,feat_61,feat_62,feat_63,feat_64,feat_65,feat_66,feat_67,feat_68,feat_69,feat_70,feat_71,feat_72,feat_73,feat_74,feat_75,feat_76,feat_77,feat_78,feat_79,feat_80,feat_81,feat_82,feat_83,feat_84,feat_85,feat_86,feat_87,feat_88,feat_89,feat_90,feat_91,feat_92,feat_93,feat_94,feat_95,feat_96,feat_97,feat_98,feat_99,feat_100,feat_101,feat_102,feat_103,feat_104,feat_105,feat_106,feat_107,feat_108,feat_109,feat_110,feat_111,feat_112,feat_113,feat_114,feat_115,feat_116,feat_117,feat_118,feat_119,feat_120,feat_121,feat_122,feat_123,feat_124,feat_125,feat_126,feat_127,feat_128,feat_129,feat_130,feat_131,feat_132,feat_133,feat_134,feat_135,feat_136,feat_137,feat_138,feat_139,feat_140,feat_141,feat_142,feat_143,feat_144,feat_145,feat_146,feat_147,feat_148,feat_149,feat_150,feat_151,feat_152,feat_153,feat_154,feat_155,feat_156,feat_157,feat_158,feat_159,feat_160,feat_161,feat_162,feat_163,feat_164,feat_165,feat_166,feat_167,feat_168,feat_169,feat_170,feat_171,feat_172,feat_173,feat_174,feat_175,feat_176,feat_177,feat_178,feat_179,feat_180,feat_181,feat_182,feat_183,feat_184,feat_185,feat_186,feat_187,feat_188,feat_189,feat_190,feat_191,feat_192,feat_193,feat_194,feat_195,feat_196,feat_197,feat_198,feat_199,feat_200,feat_201,feat_202,feat_203,feat_204,feat_205,feat_206,feat_207,feat_208,feat_209,feat_210,feat_211,feat_212,feat_213,feat_214,feat_215,feat_216,feat_217,feat_218,feat_219,feat_220,feat_221,feat_222,feat_223,feat_224,feat_225,feat_226,feat_227,feat_228,feat_229,feat_230,feat_231,feat_232,feat_233,feat_234,feat_235,feat_236,feat_237,feat_238,feat_239,feat_240,feat_241,feat_242,feat_243,feat_244,feat_245,feat_246,feat_247,feat_248,feat_249,feat_250,feat_251,feat_252,feat_253,feat_254,feat_255
2025-06-01 18:44:20.782,0,0.0,0.0,0.0,0.0,0.0,0.0,75.02666192761077,93.91485505499116,195.816240388789,305.2212312405544,392.5009554128499,490.11223204486544,559.3782262476794,611.9910130059101,669.7835471254874,692.7192793621382,696.2327197137463,663.3679220462805,624.6791176276025,562.0,492.0823101880416,391.21477477211926,283.0441661649291,185.29975715040752,189.7893569197177,248.0181444975347,369.2424677633926,507.6307713289256,616.3708299392501,723.0802168501085,799.3910182132396,840.6592651009088,5.0,858.8975491873289,819.9085314838479,757.5519784146828,673.0898899849856,585.3520308327289,493.4784696417869,370.65617491146696,330.4073243740217,289.0847626562147,409.83899277643167,565.3211476674121,647.0378659707637,710.0767564144035,905.8570527406628,950.8001893142427,999.8444879079948,1000.126491999887,1040.9096982927963,924.8070068938708,912.6253338583144,795.4401297395046,654.6877118138082,593.3439137633418,530.292372187268,541.2734983351762,600.903486426897,9.219544457292889,3.605551275463989,13.601470508735444,9.433981132056603,6.082762530298219,14.142135623730953,2.8284271247461903,10.0,21.02379604162864,20.396078054371134,10.198039027185567,700.4826907211911,604.8214612594364,487.5951189255282,437.12355232817185,454.45901905452376,513.8579570270368,618.6056902421768,749.0026702222095,843.4453153583818,979.0939689325024,1055.1398011638078,1124.3887228178696,1167.4467867958692,1169.8076765007145,1146.616762479949,1077.358343356564,1000.721739546014,910.5921150548144,808.2233602167163,704.46007693836,625.2103645973889,741.2422006335041,773.855283628664,864.0370362432388,957.4016920812288,1082.9002724166246,5.830951894845301,1231.0662045560343,1282.092820352723,1312.4880951841048,1294.6895380746691,1259.8876934076306,1194.2784432451251,1097.8324097966863,994.6763292649524,914.3751965139912,809.3485034272936,737.5540658148391,676.5279003854904,656.9573806572234,676.6417072572456,724.1767739992771,801.5166872872953,867.6404785393545,945.6521559220388,981.7749232894472,1022.706213924605,1016.3562367595332,1029.9402895313883,1005.9885685235196,967.7690840277965,910.5981550607272,857.6811761954439,14.866068747318506,9.433981132056603,11.40175425099138,11.180339887498947,0.0,0.0,0.0,128.0,10.816653826391969,13.92838827718412,12.041594578792296,910.6184711502398,898.038974655332,863.5392289873113,819.6175937594312,767.6959033367314,698.650842696121,645.5896529530194,597.2679465700465,536.0167907817814,503.23950560344525,512.5348768620531,518.3222935587471,551.0716831774248,573.3218991107875,588.6000339789321,639.4474176974992,658.4838646466594,659.5187639483808,653.7598947625955,629.4839156007085,624.5462352780617,608.6115345604288,594.2608854703462,569.7868022339584,539.3560975830346,552.7431591616489,13.341664064126334,528.2063990524916,520.3892773683947,531.3990967248627,538.1310249372359,549.9181757316264,443.00451464968165,422.2428211349484,423.3414697380827,406.95208563171167,403.10420489000114,365.08903023783114,370.32553247109496,334.1496670655232,320.6321880285883,340.1543767173958,348.4207226902556,337.01780368401904,379.7288506289718,409.708432912968,414.889141819836,420.0773738253466,416.23190651366457,416.43246751424175,421.321729798025,382.57678967757573,343.42393626536864,14.317821063276352,18.027756377319943,11.0,2.0,16.15549442140351,12.0,4.47213595499958,11.180339887498947,5.385164807134504,5.0,14.866068747318506,330.02575657060464,335.26854907670656,378.4019027436305,390.4779123074697,346.2556858738929,353.00141642775316,345.37081521170836,387.07234465923807,331.2099032335839,309.4834405909305,322.0139748520241,348.0488471464889,292.2618688778952,336.0014880919428,355.33786738820845,305.3686296920494,317.3089976663126,331.7303121513016,322.2374900597384,319.07522623983203,317.2333525971063,307.05862632402955,307.34996339677673,284.7384765008059,269.2229559305818,281.7534383108749,9.055385138137416,274.71075697904513,295.0016949103852,284.82275190019493,265.80067720004024,263.50142314606194,255.60125195311545,244.29490375363952,233.43735776434755,191.637678967368,191.0863679072895,162.8066337714775,151.63442880823604,132.41223508422476,123.3572048969982,132.01893803541975,141.50971698084905,165.89454481688057,171.49344010777787,178.67568385205638,194.28844535895593,200.0024999843752,197.5854245636555,204.29880077964236,185.53975315279473,164.19500601419034,141.59802258506295,0.0,0.0,0.0,0.0,0.0
2025-06-01 18:44:20.787,0,0.0,0.0,0.0,0.0,0.0,0.0,144.49913494550754,74.43117626371358,101.82337649086284,210.11663427725088,302.4185840850393,399.2956298283266,487.08315511830216,554.1200230996891,612.1805289291714,658.8725218128315,676.8345440356898,676.8493185340442,650.6804131061576,607.2001317522913,539.6480334440217,460.30424721047274,353.0736467084452,254.67233850577492,160.0312469488381,177.1383639983163,268.26293072282647,397.6040744258036,517.9584925454934,613.1826807730304,725.5411773290335,792.9552320276347,12.041594578792296,857.8344828695102,816.8537200747757,795.9252477462943,733.0225098862926,643.9914595706996,541.7388669829774,446.5926555598513,322.5724724771164,334.8865479531837,339.43629741086914,428.981351576033,542.1226798428562,711.083680026479,811.7696717665671,904.4185977742828,930.3359608227556,994.6707998126816,1039.4229168149027,979.8387622461156,917.0348957373432,818.4088220443374,707.2382908185897,600.3332407921454,545.6051685972192,524.950473854439,546.0494483103156,27.16615541441225,2.8284271247461903,25.079872407968907,19.026297590440446,4.123105625617661,3.1622776601683795,3.1622776601683795,24.698178070456937,17.26267650163207,7.810249675906654,2.23606797749979,743.85818540902,631.7127511773052,520.5045629002689,453.4423888433899,399.1014908516379,439.00455578501686,557.288076312422,684.0562842339803,828.0157003342389,934.679089313546,1043.7667363927633,1126.7941249403104,1165.68134582312,1190.4830952180716,1170.6959468623782,1125.1497678087126,1048.4512387326365,916.9918211194688,847.6626687544994,724.1167033013394,635.4368576027047,731.6809413945398,751.8630194390465,830.5064719795987,928.2941344207665,1056.8339510064957,8.246211251235321,1240.6131548552917,1282.134548321665,1313.260446370026,1317.0895945227112,1270.077163010185,1203.050289888166,1112.93171398788,1010.9025670162284,909.9060391051374,809.6746260072623,723.4818587912208,651.9547530312207,640.4100249059192,680.7238794107343,724.2002485500816,821.7152791569596,862.2946132268252,937.1579375964332,987.6887161449198,1030.194156457898,1059.7452524073888,1027.1577288810126,998.7442114976186,966.2944685757028,908.777750607925,840.3719414640162,5.656854249492381,13.892443989449804,4.123105625617661,4.47213595499958,0.0,0.0,0.0,128.0,10.198039027185567,10.198039027185567,7.615773105863909,906.6079637858912,878.1537450811219,853.572492527729,806.3330577373099,748.8017093997582,660.7874090810145,610.5800520816251,559.0465096930666,509.0304509555396,492.15444730287663,495.4452542915312,519.1724183737036,531.4978833447975,555.562777730834,579.5895099119721,610.0,627.5938176878418,610.6668486171491,626.4598949653521,602.4890040490366,592.30059935813,582.5135191564227,541.9455692225927,548.7039274508612,535.3587582173285,527.5774824611074,9.433981132056603,539.786995026742,537.4476718714111,529.0982895455248,556.2912906023247,542.4619802345599,432.90645640831,412.81109481214287,423.2079866921228,372.848494699925,369.84996958226185,335.20292361493506,324.2298567374695,320.65713776555793,315.93986769637036,337.146852276571,370.8436328157731,373.17154232336634,410.1280287910106,428.2627698037736,445.0280890011326,451.64255778214704,438.2385195301755,433.4166586553867,428.51487722131657,395.0455669919611,352.3464204444257,17.0,9.848857801796104,12.649110640673518,3.605551275463989,4.47213595499958,18.439088914585778,14.142135623730953,1.4142135623730951,3.1622776601683795,10.770329614269007,9.486832980505138,354.039545813741,361.4374081359039,391.1636486178132,374.7118893229837,347.85054261852173,335.3356527421443,363.6839287073324,340.414453277178,302.8696089078599,295.90876972472444,323.3604799600594,304.5734722525913,343.7513636336589,343.1850812608264,375.1919508731497,334.7416914577567,355.87778801155883,360.1846748544419,335.4101966249685,332.41540277189324,328.3854442572021,297.9546945426435,289.4563870430224,266.00751869073173,260.4496112494699,267.25456029785533,17.804493814764857,272.2498852157701,293.97278785629123,290.32740139366797,272.2590678012396,270.89481353470023,265.0018867857359,239.15267090291923,225.41739063346463,203.7105790085532,189.73665961010275,162.7912774076056,130.75167302944922,135.28118864054971,124.45882853377658,129.75746606650424,153.44380078712857,161.62301816263673,182.84966502567076,182.7840255602223,185.15128949051368,188.0239346466295,188.30825791770255,198.9572818471342,167.0478973228936,162.82813024781683,135.2479205015737,0.0,0.0,0.0,0.0,0.0
2025-06-01 18:44:20.796,0,0.0,0.0,0.0,0.0,0.0,0.0,235.0,140.2355161861645,68.11754546370561,116.21101496846155,217.56838005555863,322.88697712976904,423.5150528611704,518.2673055480154,598.441308734616,662.5435834720611,680.8009988241791,703.1372554487494,711.4618752962101,692.1170421251019,633.7893971975234,547.0959696433524,464.9817200708002,346.3177731506138,235.9364321167886,176.23847480048164,208.73428084528905,323.8904135660702,446.884772620415,582.9614052405185,685.5428505936007,777.0160873495478,10.0,854.4904914626026,866.2990245867762,832.1015563018735,782.738781459051,701.7442554093336,625.1663778547276,521.89845755664,421.70131609944025,345.5575205374642,319.52464693666434,429.6836045277967,524.2146506918707,678.3332514332465,772.8757985601568,833.6935887962675,900.6886254416672,978.7589080054393,1004.836802669966,1024.8599904377184,935.3726530105528,905.883546599672,852.4095259908819,680.8362505037463,599.7216020788312,552.9629282329875,540.1795997628936,15.620499351813308,8.06225774829855,5.385164807134504,3.605551275463989,6.708203932499369,21.18962010041709,11.0,14.317821063276352,5.0990195135927845,18.973665961010276,10.04987562112089,788.868176566909,715.486547742164,590.0932129757128,510.9559667916601,433.7614551801485,465.5802830876754,544.4354874546663,642.1479580283659,792.0460845178139,909.1144042418424,1041.8262811044842,1099.6076573032765,1157.5392002001488,1178.1273275839076,1172.8188265883184,1155.5102768906904,1063.4232459373832,990.7815097184646,872.1926392718526,766.4939660558327,683.4456818211671,766.4209026377087,790.1828902222574,831.0475317332938,921.0917435304694,1033.0304932575805,4.0,1237.354031795266,1288.548020059788,1318.886272580013,1307.3859414878225,1272.077041692051,1209.8946235106594,1160.0663774112238,1048.436931818028,965.9979296044064,861.4522621712708,771.4622479421789,705.5352578007708,681.7074152449861,677.2126696983747,747.7519642234315,784.1664364151274,858.8859062762643,936.3471578426454,981.4652311722508,1022.047454866945,1038.22203790904,1041.3001488523853,1031.769354070957,976.3180834133924,938.2670195631944,882.7343881372244,11.704699910719626,4.0,18.439088914585778,3.1622776601683795,0.0,0.0,0.0,128.0,17.69180601295413,5.385164807134504,8.54400374531753,924.9659453190696,881.1498170004917,857.0630081855126,806.3504201028235,770.0025973982166,681.4345162963203,653.333758503263,595.214247141313,543.7940786731683,534.4950888455384,522.2116429188457,544.0330872290765,557.6064920712455,586.4145291515209,622.9285673333661,639.1752498337213,659.6969000988257,665.1924533546663,659.3034202853797,636.121057661197,634.1356321797412,612.003267965131,594.2558371610666,570.5173091151573,551.931155127159,535.8516585772596,13.152946437965904,532.8508234018223,551.881327823292,551.2939324897382,551.457160620841,553.2494916400738,435.9380689960444,414.03864553927815,402.67729014683704,396.3432855492824,376.7824305882641,357.33037934102384,327.98932909471307,324.2344830520036,312.75709424407944,329.874218453034,332.5838240203513,353.6467163710134,378.29221509304153,403.7078151336682,404.2425014765271,412.9176673381753,406.39512792355174,382.3205461389696,365.83329536825926,344.92462944823177,327.8002440511599,22.20360331117452,27.16615541441225,15.033296378372908,7.280109889280518,14.0,6.324555320336759,9.219544457292889,14.866068747318506,2.23606797749979,6.0,7.615773105863909,349.07019351414124,329.34176777323586,368.9728987337688,365.8469625403496,321.99534158120986,333.600059952033,307.6572768520192,308.29369114531033,319.53090617340916,334.38301392265726,332.5672864248677,307.8652302550582,315.3696244092002,380.23282341218254,351.2620104708165,317.1513834117707,336.1487765856065,349.4638751001311,335.882419903156,311.0064308016797,305.4734030975528,296.3865718955567,269.04646438858845,274.8035662068453,288.60006930006097,270.83574357901875,17.46424919657298,273.2398214023717,293.82477771624366,273.34410547879025,246.22347572885897,256.0703028466987,236.32604596192948,209.67832506007863,202.00990074746335,185.53975315279473,151.7926216915697,129.5569372901351,122.80065146407,123.68508398347798,142.6954799564443,152.0690632574555,155.3962676514465,174.26416728633572,176.13914953808538,182.693732787964,187.29655629509048,193.7679023987203,177.79201331893398,170.01764614298128,164.87874332369228,135.15176654413364,118.46096403457132,0.0,0.0,0.0,0.0,0.0
2025-06-01 18:44:20.797,0,0.0,0.0,0.0,0.0,0.0,0.0,141.8344104933637,71.06335201775947,100.66280345788113,203.06649157357305,307.73040148805575,415.83289913136986,497.711763975898,573.9494751282555,647.3577063726051,682.9560747222328,699.0543612624128,707.1986990938261,679.2466415080755,629.6411676502736,555.8462017500884,465.3181707176285,374.64916922368855,274.11676344215067,176.7823520603796,186.85020738548835,282.21445746098834,424.9847056071547,527.1517807994202,658.3107169110951,744.758350070679,810.4548105847729,9.219544457292889,868.7652156940908,856.9859975518854,817.9223679543187,745.9390055493814,634.7353779331983,580.9931152776253,465.48147116722055,340.77118422777477,352.6726527532295,364.5846952355515,490.1346753699436,603.2329566593655,726.5817228639872,824.233583397328,904.6750797938452,983.5024148419768,978.8237839366184,1029.1685964894186,1013.0597218328246,891.8520056601319,857.9813517786969,718.4601589510722,598.5791509900758,574.5119668031293,539.1567490071881,560.4400057097994,28.284271247461906,8.06225774829855,16.1245154965971,8.94427190999916,7.0710678118654755,23.021728866442675,18.439088914585778,5.656854249492381,12.083045973594572,3.605551275463989,11.40175425099138,763.7080594049012,644.2251159338635,560.8029957123981,460.9642068534172,462.0497808678195,461.9751075545088,579.8551543273544,686.9425012328179,835.179621398894,951.976890475814,1065.92495045383,1138.9789286900789,1172.1591188912878,1184.1866406947852,1153.7001343503432,1140.9934267996464,1020.2200742976978,947.2745114273898,846.3480371572914,736.9151918640299,660.082570592498,758.9005204900046,783.0312892854282,850.2152668589291,957.7249083113584,1047.826798664741,9.055385138137416,1231.3326114417664,1300.2203659380204,1304.9969348623008,1326.2654334634526,1264.974308039495,1230.3109363083788,1146.0824577664555,1041.0845306698202,942.1151734262644,825.5767680839863,743.4541008024638,695.1007121273866,653.2419153728579,686.5347769778309,739.4707566902156,782.7930761063233,875.6814489299177,920.6714940737548,977.1182118863612,1025.653450245257,1009.2497213276802,1043.3494141465744,1026.8437076790217,981.9699588072948,922.5497276569972,856.6411150534394,6.082762530298219,7.211102550927978,8.94427190999916,8.06225774829855,0.0,0.0,0.0,128.0,15.264337522473747,8.246211251235321,10.44030650891055,916.7878707749138,899.8222046604541,874.292857113679,828.0205311464204,781.4582522438419,668.1624054075476,633.8596059065446,590.5963088269347,529.7971309850592,532.3100600214127,518.3213289070786,531.6276892713546,554.1488969582092,583.8852627015003,611.1382822242442,641.6112530185237,632.8427924848319,659.128212110512,668.823594081429,606.601186942459,652.9931086925803,610.6398283767609,580.9044671888829,558.949908310217,556.2598313737924,530.6486596609851,7.0710678118654755,525.4636048291071,541.2661083053325,530.8747498233458,545.008256818188,549.6225977887008,442.5494322671762,417.1953978653168,417.91865237148727,391.64397097363826,383.98567681620625,344.8028422156639,323.6355975476122,320.35605191723783,300.4430062424486,332.2544205875973,342.4280946417802,356.0056179332006,359.3563690822802,390.4830342025118,374.97333238511777,370.8072275455267,393.8019806958822,377.6903493604251,386.2460355783603,355.8791929854849,333.8622470420997,10.816653826391969,13.038404810405298,20.12461179749811,10.295630140987,10.0,1.0,14.317821063276352,6.082762530298219,4.47213595499958,17.204650534085253,28.861739379323623,322.3073067741406,317.40195336512977,368.9173349139343,356.78564993564413,354.6223343220221,330.4073243740217,349.85711369071805,314.0143308831621,345.70073763299956,322.2204214509068,300.5328601001894,332.52067604887367,315.38230768386484,325.22146300636433,336.7862823809782,319.7889929312765,362.295459535446,347.1166950753017,328.0,287.80027797067885,311.231425148554,307.7092783781471,291.08418026406036,285.4645336990219,272.02941017470886,286.0069929215018,9.486832980505138,273.9069184960467,279.6587205863604,268.2237871628838,267.5070092539633,257.2411320143029,243.00205760445732,221.82200071228283,207.9663434308542,193.238194982255,169.49926253526883,154.0519392932137,124.53513560437472,134.33167906342868,132.9661611087573,143.68368035375485,163.27277789025334,148.66068747318505,180.01388835309348,180.22485955050703,192.37983262286096,194.74342094150447,194.1391253714717,176.70597047072292,181.59295140505867,152.620444239951,134.2609399639374,0.0,0.0,0.0,0.0,0.0
2025-06-01 18:44:20.809,0,0.0,0.0,0.0,0.0,0.0,0.0,135.47324459095236,71.84010022264724,121.8031198286809,225.21101216414797,327.6492026543022,421.54477816715985,514.2178526655798,581.7327565128166,646.399257425316,673.2681486599525,684.2112246959998,691.3848421827022,674.0897566348268,635.7483778980486,548.0556541082301,470.567742200844,368.68550283405506,254.37177516383375,177.72450590731714,185.6906028855526,299.6414524060381,423.4300414472266,533.348853940833,662.012084481847,740.6706420535379,821.774908353863,3.605551275463989,852.9396227166376,834.4824743516187,803.5085562705602,729.3072055039632,635.4163989070474,534.8962516226861,421.0855020064215,372.4862413566439,266.4920261471251,360.5731548521049,466.30891048745787,622.971106874147,773.5922698683073,813.6098573640809,973.5794780088578,1000.0719974081866,1042.429853755158,970.3411771124628,933.1371817691116,904.9640876852516,805.245925168206,776.6498567565695,661.1278242518613,512.0156247615887,524.6656077922394,528.1600136322324,10.63014581273465,6.4031242374328485,11.704699910719626,8.602325267042627,13.892443989449804,10.816653826391969,4.47213595499958,11.180339887498947,14.422205101855956,18.601075237738275,9.899494936611664,713.2040381265379,607.3483349775481,519.1310046606733,409.8975481751507,437.0823720993561,431.723291009415,560.8859064016495,668.5663766597899,791.8547846669868,903.0448493845696,1021.200274187194,1113.120388816951,1159.8607675061692,1187.56768228173,1158.2918457798105,1107.1016213518974,1044.2231562266754,942.4972148499962,855.7061411489344,758.8306794008793,645.2728105228051,763.398323288701,756.138214878735,839.5903763145454,944.8227346968318,1062.358225835335,1.4142135623730951,1240.938757554135,1312.7261709892127,1348.312278368776,1334.9745315922698,1292.6082159726511,1250.8912822463828,1143.883298243313,1074.2085458606257,966.349833134978,841.0356710627677,761.4519026176243,701.5589782762387,670.159682463814,709.1015442092903,754.2956979858761,822.9878492420164,915.0136611002046,977.3888683630482,1034.2166117405,1076.813818633472,1097.165894475398,1085.7006954036642,1055.281952844831,1011.423254626865,931.6077500751054,857.0770093754703,3.605551275463989,10.04987562112089,12.083045973594572,16.55294535724685,0.0,0.0,0.0,128.0,1.4142135623730951,7.0710678118654755,5.830951894845301,911.9106315862316,913.0038335078336,873.7602646035124,845.2816098792165,768.1666485860994,664.0120480834667,634.2247235798995,551.6593151574621,526.3734415792651,507.74501474657535,505.2771516702492,524.5884100892813,537.3583534290688,572.5242352948912,589.3878179942303,609.924585502175,625.2623449401059,640.2382369087308,646.3946163142141,660.3423354594191,630.3268993149507,601.0191344707754,561.2209903415944,563.6958399704579,538.3688326788615,512.5163412028928,20.223748416156685,511.0234828263766,539.4237666250904,538.4876971667969,525.8944761071369,526.2489904978441,438.98974931084666,407.4137945627271,407.9534287146022,402.0472609034913,374.66384933697566,351.4896869041822,332.3386826717588,317.10093030453254,328.9331239021087,299.3275797516828,318.91064579283017,363.2079294288603,382.8446159997552,360.34011711159775,397.5550276376844,400.8004491015448,397.8391634819277,394.12307722334657,404.3525689296409,364.72592449673766,349.7313254485506,9.848857801796104,19.1049731745428,10.63014581273465,5.0990195135927845,10.816653826391969,12.529964086141668,7.615773105863909,9.055385138137416,13.41640786499874,16.278820596099706,8.0,333.94610343586885,332.7100840070827,356.91035288990986,360.1110939696249,367.18523935474315,338.3858744096745,356.02949316032795,285.27180021866866,325.2199255888237,341.4103103305464,332.70407271327474,294.2872746144488,303.98026251715754,322.69180342859653,354.4925951271761,338.73293314940605,331.7257903751229,332.0993827154757,347.80454281104494,328.63505595112645,317.0394297244429,299.4077487307234,303.87168344549644,294.6082144136514,280.4728150819612,276.3277040037788,10.816653826391969,292.2498930709813,271.0073799733136,273.38617375427015,275.0727176584403,259.7883754135277,260.155722597063,219.184853491294,220.68982758613956,207.1955597979841,177.22866585290316,164.048773235279,136.49908424601244,152.029602380589,137.2443077143821,147.27525250360293,165.55663683464942,158.45504094221806,179.74426277353055,191.3164917094185,197.43606560099397,196.30588376307017,182.2361105818493,185.776747737708,186.3169342813476,170.14405661086138,137.2443077143821,0.0,0.0,0.0,0.0,0.0
2025-06-01 18:44:20.810,0,0.0,0.0,0.0,0.0,0.0,0.0,135.14806694880988,69.72087205421343,108.24047302187849,222.63872080121195,323.4377838163006,420.1951927378513,514.8844530571884,567.6380889263862,628.0668754201259,677.9387877972465,684.7225715572695,679.4115100585211,668.3711543745735,624.4741788096607,535.0084111488342,455.8080736450375,334.59378356448883,245.3263133053607,162.00308639035245,191.4157778240864,311.75631509241316,428.11680649093887,547.4486277268397,664.5931086010447,745.8270577017169,813.1377497078831,4.47213595499958,830.8531759583037,840.8002140817996,780.07179156793,739.2787025202335,627.236000242333,526.1558704414501,434.46058509374586,349.83424646537964,344.64619539463945,312.40518561637225,436.16510635308737,557.5177127231026,723.5606401677747,828.9662236786249,902.1862335460456,949.461426283343,1013.1855703670478,991.8487787964452,990.4246563974464,898.7213138676527,813.022139919941,731.8497113478969,679.0007363766257,543.4344486688344,501.3790980884624,543.5154091651864,44.40720662234904,31.622776601683793,39.05124837953327,8.48528137423857,16.76305461424021,16.55294535724685,9.848857801796104,6.0,24.041630560342615,2.0,12.041594578792296,760.6766724436868,625.4990007985624,538.0083642472484,442.7301661283089,428.51487722131657,442.2951503238533,559.0,664.417037710503,806.658539903967,922.003253790354,1030.2465724281735,1078.5958464596458,1140.6112396430258,1159.4869555109276,1161.3182165108751,1138.2583186605757,1026.6498916378457,957.2256787194962,821.1899901971528,743.0107670821467,656.4784840343208,762.1679604916491,770.0162335951106,844.7514427333049,949.9515777133064,1064.7750936230618,6.324555320336759,1250.2999640086375,1328.5428107516898,1320.3711599395074,1346.9498877092644,1276.5723637929814,1246.5793195781807,1134.0828893868384,1056.5036677645753,950.1168349208428,858.3664718522037,772.4797731979783,696.1357626210565,700.8744538075275,697.2646556365811,771.8445439335566,830.0487937464882,919.8260705155078,967.4425047515743,1048.4464697827923,1072.979496542222,1069.670977450543,1070.8393903849446,1040.1523926809955,999.8249846848196,935.4271751451312,867.7741641694572,15.264337522473747,13.341664064126334,13.0,7.280109889280518,0.0,0.0,0.0,128.0,8.54400374531753,14.317821063276352,13.152946437965904,926.23161250305,894.1767163150694,868.383555809298,794.4690050593541,762.5876998745783,654.8053145783103,644.7922145931975,570.6014370819618,511.87693833576833,489.61209135396155,493.4065261019558,513.3117960849916,529.5904077681166,560.0,572.8944056281227,612.2458656454937,628.0286617663241,654.0,629.3846200853656,615.1723335781609,623.9390995922599,594.6974020457799,584.6169686213359,536.1958597378388,519.5767508270554,515.164051540866,6.082762530298219,524.6760905549252,521.5793324126254,515.4929679442776,549.5061419128998,535.8003359461433,432.0416646574726,404.6059811718062,409.2383168766092,407.80387442985386,375.5875397294218,350.88602138016273,329.1959902550455,303.10559216220344,299.127063302537,341.2110783664563,330.4375886608544,328.380876422486,388.1043674065006,373.7124563083227,400.35234481641294,394.2004566207401,404.149724730823,397.91582024342785,389.2775359560323,363.3689584981084,349.07019351414124,13.038404810405298,1.0,17.26267650163207,11.180339887498947,8.602325267042627,4.242640687119285,14.212670403551895,16.1245154965971,9.848857801796104,5.385164807134504,4.0,338.61482542853906,360.7173408640067,365.5571090814676,359.87219953755806,368.89700459613385,339.37737107827326,325.77906623968335,319.4526568992658,323.6325076379071,299.5363083167047,300.97508202507396,311.20732639190874,319.73270086120374,340.37920030460145,341.02199342564404,317.9591168688201,335.9598190260258,341.18030423809637,327.6659884699662,336.7432256185713,327.61104987469514,324.6552017140646,298.37727795527593,292.8378390850472,273.0164830188829,291.0,14.422205101855956,274.7216773390844,288.5619517538652,281.81021982887705,261.9198350640898,267.1347974338049,248.58398983039916,229.1658787865244,213.13845265460665,193.13207915827965,187.128298234126,161.9660458244258,145.7737973711325,144.80331487918363,146.01369798755184,140.85808461000738,151.40013210033868,187.8004259846074,178.02527910383964,179.8054504179448,191.6689854932195,198.600100704909,189.952625672824,201.2212712413874,171.05846953600397,160.3277892319357,140.11780757633915,0.0,0.0,0.0,0.0,0.0
2025-06-01 18:44:20.814,0,0.0,0.0,0.0,0.0,0.0,0.0,161.31955864060626,78.03204469959762,106.77546534667972,208.16579930430456,310.65253902068787,411.6916321714591,497.22932335090616,571.6852280757305,636.7550549465626,680.2065862662607,706.2294244790428,710.5188245219123,670.0985002221688,637.0211927400846,573.2032798231357,474.16874633404507,397.2014602188668,259.2006944435142,197.395541996267,202.3116407921205,300.3747659175118,423.8513890504548,545.7105459856901,654.9152616942134,743.0706561290117,820.4779095137175,13.038404810405298,870.4717112003124,854.0310298812333,806.3001922361175,717.7917525299382,656.7016065154706,575.0286949361745,474.43650787012587,352.59750424527965,315.01745983357813,354.4925951271761,481.2036990714016,610.6005240744557,718.8560356566536,774.9541921946096,916.4202092926585,927.1380695452,1072.1287236148466,1080.3504061183112,1020.942701624337,944.415162944772,822.7004315059036,745.8069455294715,637.6746819499737,592.8110997611296,560.8636197864861,578.4410082281511,17.804493814764857,12.041594578792296,8.602325267042627,14.866068747318506,7.615773105863909,11.180339887498947,11.40175425099138,10.44030650891055,11.40175425099138,17.0,9.219544457292889,756.9788636415154,677.6466630922047,591.2596722253261,477.4767010022583,459.4649061680337,477.1771159642927,608.3066660821662,721.4769573589998,841.7244204607587,959.1673472340476,1057.8435612130936,1132.811105171555,1188.294997044084,1197.2384891908546,1185.685034062588,1143.4098127967943,1052.980531633895,972.000514403156,884.38057418738,767.9407529230364,683.801871889804,793.5319779315765,793.543949633541,869.5424083965083,958.2536198731524,1104.7624178980743,14.142135623730953,1274.8023376194444,1335.4137935486513,1358.3832301673929,1339.1269543997687,1319.342639347338,1259.0671149704451,1148.7889275232417,1080.6354611986412,978.31743314734,873.9708233116252,778.0674777935394,714.0770266574888,695.9346233663044,720.5032963144582,763.0943585166909,808.9548813129197,902.4993074789588,956.9378245215308,1011.5675953686932,1058.524444687037,1057.7736052672142,1070.0042055992117,1051.7223968329286,1019.6862262480552,956.8082357505082,888.2927445386459,8.06225774829855,21.02379604162864,12.206555615733702,6.0,0.0,0.0,0.0,128.0,10.0,6.324555320336759,14.212670403551895,921.0998860058556,916.1249914722335,883.246851112417,837.921237348714,786.5042911516758,692.1098178757472,646.7804882647589,600.6280046751067,578.1504994376464,559.8758791017881,547.4614141654185,548.1943086169356,588.3918762185624,604.4849046915895,646.8454220290965,659.9553015167012,656.0373464978957,672.0394333668225,673.9510367971845,668.637420430535,656.2331902609011,642.2227028064331,587.6095642516381,592.8009784067499,574.7782180980765,581.0008605845605,17.69180601295413,581.0490512856896,574.7364613455458,584.4056810127704,576.0295131327908,584.1523773811076,461.29925211298576,428.453031264805,436.6508903002489,407.2959611879303,394.7378877179134,360.1110939696249,357.2800022391402,334.970147923662,329.1959902550455,328.40219244091537,354.9704213029587,374.1724201487865,392.17343102255154,406.6103786181558,426.1044472896287,409.6059081605147,439.2948895673611,408.58903558465687,384.1379960378822,376.4279479528586,341.14219909005686,15.524174696260024,2.23606797749979,15.033296378372908,9.055385138137416,2.23606797749979,8.246211251235321,9.219544457292889,5.385164807134504,3.1622776601683795,9.486832980505138,8.48528137423857,340.8958785318473,343.685903115039,355.36038045904894,352.3634487287238,353.61702447704636,310.00645154577023,328.58636612008115,305.94934221207274,335.5964838909967,291.15803269015265,346.132922444543,339.0368711512068,333.66450215748154,332.2122815309512,351.411439768258,312.2466973404202,339.43629741086914,333.0540496676178,321.0763149159402,318.68009037277494,322.0062111202205,298.573274088623,301.08636634693374,276.63152387246106,262.23081436017395,269.462427807663,7.0,275.5358415887124,270.667692937299,273.0,268.49581002317336,248.08466296810852,245.12241839538055,233.420221917468,217.0829334609241,186.60117898877272,173.80736463107655,159.05030650709227,144.80331487918363,130.49521064008442,137.99275343292487,137.05838172107534,143.56183336806478,150.71164520368026,170.66048165876012,185.4427135263071,193.1035991378721,193.00259065618783,195.7268504830137,182.58422713914803,181.54062906137568,159.53056133543816,146.32839779072276,0.0,0.0,0.0,0.0,0.0
2025-06-01 18:44:20.817,0,0.0,0.0,0.0,0.0,0.0,0.0,237.06539182259397,137.81872151489435,61.00819617067857,123.7618681177688,225.71885167172013,339.9779404608481,449.3072445443096,532.7363325323325,607.289058027559,667.0059969745399,704.5239527510757,754.9337719296972,714.7377141301556,679.4733254514117,634.0733396067051,540.0009259251322,467.64944135538104,360.04721912549195,234.71045992882375,174.72263734273244,213.283848427395,351.98011307458836,468.62565017292854,611.09819178263,698.1095902506999,795.9962311468566,2.8284271247461903,881.1276865471882,875.8521564739109,860.1587062862295,805.7840901879362,725.441245036426,649.3843238021688,515.7402446968823,400.10623589241897,343.92586410446074,318.3111685128249,495.3402870754609,534.1582162618113,647.6951443387545,774.6392708867786,827.4587603016842,1037.283471380895,1038.8339617089923,1050.1623683983348,1077.6942980270426,998.8178012030022,895.4831098351325,836.376111567039,674.0867896643576,594.4711935830028,515.8953382227834,543.2660490036167,7.0710678118654755,13.892443989449804,8.06225774829855,5.0990195135927845,12.206555615733702,15.652475842498529,11.704699910719626,6.324555320336759,18.027756377319943,4.123105625617661,8.94427190999916,819.4931360298267,692.1329352082589,582.3340965459605,468.2403229112162,427.46344872983,421.86490728668105,507.82083454698864,633.4113986975606,769.9402574226133,949.766813486342,1039.7177501610713,1114.2800366155718,1187.1078299800738,1214.983538983142,1194.1540939091572,1174.6258978926014,1085.8102965067148,1001.3840422135756,902.1086409075128,764.3258467433899,680.961819781403,754.0165780670874,730.6223374630699,794.1416750177515,900.2960624150257,1034.9652168068258,19.235384061671343,1251.1262925860042,1302.9907904509532,1334.4980329697005,1366.622844825887,1340.825492001103,1288.2099984086449,1155.7205544594246,1082.0462097341317,980.6044054561452,869.2439243388475,763.4880483674908,682.6023732745148,653.153886920992,672.4715607369578,735.533139973992,797.6045386029344,890.586885149338,954.1362586129928,1021.494003898212,1067.8675011442197,1097.3149046650192,1081.9542504191202,1061.7462031954717,1015.5294185792944,939.8648839061922,868.6598874127894,13.038404810405298,7.0710678118654755,3.1622776601683795,14.317821063276352,0.0,0.0,0.0,128.0,11.40175425099138,18.027756377319943,8.602325267042627,931.259899276244,909.281034664201,897.3767324819604,834.1282874953948,770.7457427712462,666.6520831738246,627.1467132976143,560.7717895900256,536.9292318360027,490.1999592003247,501.9053695668139,518.9566455880491,542.6831488078471,578.6968118108134,609.0648569733769,641.4179604594807,654.3775668526542,653.6765255078386,667.0322331042181,648.1674166448048,649.040060396891,603.1865383113254,585.618476484477,560.0142855320746,539.1892061234164,536.7727638395972,11.04536101718726,540.3794962801605,526.0722383855662,523.6000381970956,534.4950888455384,531.745239753023,427.7966806790347,401.6590594023742,399.1115132390946,369.139540011633,350.73779380044004,330.4088376542008,318.14776441144454,310.75713990188547,319.7655391063896,321.71105047853115,336.18149859859926,362.7078714337477,387.5874094962322,415.6007699704128,406.5464303127012,419.9547594682075,407.15230565477583,403.2976568243361,387.6132092692405,367.3064115966396,312.1602152741441,11.0,3.0,12.529964086141668,6.4031242374328485,13.41640786499874,8.246211251235321,4.123105625617661,13.0,15.0,8.602325267042627,10.198039027185567,344.6055716322648,354.36986327846785,382.9895559933717,378.8456149937597,375.50632484686594,356.2611401766968,339.0368711512068,349.3780187705002,306.03594560116625,278.69158580768095,337.1483353065828,357.8631023170732,356.148845288034,362.58102542742085,406.3065345278119,328.37326322342386,350.736368231183,364.3967617858315,353.9562119810867,339.37737107827326,324.49961479175903,323.6309626719916,317.0678160898706,293.7277651159318,292.4944443916841,285.7586394144541,4.242640687119285,301.0398644698074,301.7962889102515,309.00647242412253,292.4534150937547,271.15493725912495,267.5892374517331,244.95101551126504,211.17765033260503,195.1127878945919,175.5704986607944,157.4420528321452,147.4720312466062,146.77874505527018,139.2838827718412,174.18381095842403,172.88724649319855,193.87109119205988,208.75344308537765,214.26385602802915,212.94130646729863,209.95475703112805,204.70710783946905,203.93136100168604,183.77431811871864,149.093930124603,128.41339493993607,0.0,0.0,0.0,0.0,0.0
2025-06-01 18:44:20.818,0,0.0,0.0,0.0,0.0,0.0,0.0,148.00337833982033,68.70953354520753,112.0714058089752,218.76928486421488,318.9435686763412,432.2927248983032,515.6064390598706,597.4052226085741,649.8315166256558,690.66489703763,709.1015442092903,730.2999383814845,670.206684538434,646.8825241108311,594.1422388620422,478.1736086402093,379.7328007955067,252.1269521491108,156.7801007781281,183.09560344257315,282.7330896800019,416.0624953056932,553.8086312075679,655.997713410649,743.177636907893,813.4494452638098,16.401219466856727,889.2030139400114,865.842941878029,829.6890983977071,757.4298647399639,671.2689475910531,569.9517523440032,442.7301661283089,367.02179771779225,301.0813843464919,331.602171283603,488.42809092025,581.3776741499453,754.5236908142779,841.4659826754734,966.2432405973146,1029.044702624721,1098.7652160493617,1037.0887136595404,1044.6243343901194,946.9260794803362,852.5362162395214,737.8082406696201,643.8167441127949,584.233686122257,536.0,577.3326597378673,13.038404810405298,9.433981132056603,6.708203932499369,19.1049731745428,6.082762530298219,4.123105625617661,10.04987562112089,5.385164807134504,8.06225774829855,10.198039027185567,3.1622776601683795,750.7063340614624,658.070664898535,520.1470945799852,463.6421033512811,407.44202041517514,447.6929751514982,543.0727391427414,684.6612300985065,817.6386732536567,948.5067211148267,1062.0169490172932,1129.53972927029,1179.0152670767245,1204.9780080980731,1196.06187130934,1131.233839663577,1065.6275146597895,960.0708307203172,858.848065725248,749.0347121462396,644.012422240441,738.2248979816382,733.098219885985,823.1160307028408,927.4588939678137,1053.4348579765149,12.649110640673518,1265.0193674406728,1327.7424449041312,1362.120772912593,1349.1990216421,1323.4881941294375,1256.4815955675597,1163.03482321038,1078.160006678044,944.0471386535738,845.2336954949205,751.0539261597665,683.3220324268785,664.2665127793211,689.0471681967788,732.4616030891995,825.5822188007685,885.0632745741967,966.2349610731336,1018.407089527562,1068.8133606949343,1086.3857510111222,1076.6954072531378,1038.8387747865402,1009.6142827832816,945.8805421404968,869.1110400863632,16.0,10.04987562112089,9.219544457292889,9.219544457292889,0.0,0.0,0.0,1152.0,5.830951894845301,4.47213595499958,3.605551275463989,928.5687912050458,912.1403400793104,875.1988345513264,849.9441158099748,757.1452964920273,670.9292063996022,615.6175760973691,569.575280362482,527.3651486399153,503.1073444107132,514.8436655917989,508.138760576282,546.0888206143759,574.4118731363411,612.5308155513484,639.3504516304027,641.0280805081786,659.1760007767273,650.2430314889964,641.2339666611556,620.0129030915405,595.1890455981192,566.0008833915367,545.0596297654047,529.9150875376167,510.881590977792,12.041594578792296,513.2767284808459,498.9589161444056,529.0085065478626,503.7191677909428,531.2664115112116,418.5235955116509,392.2499203314132,392.17343102255154,362.6927073984256,353.9901128562774,326.1564041989671,300.36144892445833,295.8462438497403,287.1689398246266,293.7890399589474,320.52457004105,347.3859525081577,345.8973836269942,380.7886552931954,407.3033267725664,400.9438863482021,398.5423440489103,394.3919370372574,402.9516099980245,367.4084920085545,325.33213797594607,5.0990195135927845,3.1622776601683795,4.123105625617661,17.08800749063506,5.0990195135927845,7.0710678118654755,10.0,15.811388300841896,6.4031242374328485,10.816653826391969,14.866068747318506,337.8905148121208,356.4070706369333,365.57078657901536,378.540618692367,378.2591704109763,375.0479969283931,394.4527855143122,360.855926929294,309.72407074685043,323.79777639755343,302.59709185648165,322.34298503302347,300.00666659259423,332.9459415580854,363.90245945857527,362.008287197959,380.5640550551247,350.8275929855005,347.2074307960589,353.73577709923546,336.14580169920316,313.0814590485997,307.7823906593748,287.2368360778262,277.39682766751315,284.1918366174511,8.54400374531753,292.43802762294786,292.0154105522515,281.30055101261354,287.9392296996017,270.09813031563175,270.29243422633937,244.13520843991347,219.49487465542333,205.47749268472205,177.40913167027227,159.13830462839547,149.04026301640775,140.1606221447379,139.6030085635693,155.05160431288675,170.4494059831245,164.98484778912274,183.698121928342,201.8018830437417,200.3921156133644,208.47062143141417,199.04019694524015,196.91876497683,189.08199279677584,166.58031096140985,148.48905683584903,0.0,0.0,0.0,0.0,0.0
2025-06-01 18:44:20.835,0,0.0,0.0,0.0,0.0,0.0,0.0,134.05968819895114,74.73285756613352,116.10340218959992,220.42232191862965,329.73474187595093,434.6262762420146,522.9397670860383,588.1878951491607,660.2060284486957,707.3931014648078,711.4225186202641,716.760071432554,676.6306230137682,639.9414035675454,566.8341909235892,475.7226082498077,363.5065336414189,264.20068130116545,191.23022773609824,187.3232500251904,298.46440323763903,416.4252634026903,554.193107138658,664.5900992341069,758.093002210151,830.5191147709967,5.0,867.4525923645626,861.4923098902276,823.6485901159547,739.8297101360556,657.7514728223723,587.3346575845835,461.17241894978935,357.80581325629686,361.00554012369395,359.4022815731698,448.5588032800159,613.244649385545,711.9452226119647,793.3630946798571,886.0158012134998,1028.8853191682736,1051.770412209813,979.430957239968,1066.8369134970912,942.7884174086994,836.1100406047042,756.9742399844264,655.5676929196557,585.8438358470626,529.7546601965857,564.8309481605979,4.0,10.770329614269007,9.219544457292889,13.92838827718412,10.198039027185567,16.64331697709324,12.206555615733702,3.605551275463989,19.4164878389476,14.317821063276352,19.026297590440446,742.0040431156693,627.2001275510074,524.3605629717017,438.3617227815403,413.098051314697,440.5598710731607,558.0080644578535,704.528210932678,811.5294202923268,936.2360813384624,1057.662517062981,1151.0351862562673,1197.9056724133166,1190.2033439711047,1166.2525455492048,1131.0,1045.8336387781758,956.0177822613972,854.362920543723,730.3019923292007,659.5733469448262,735.8213098300429,751.3221679146703,850.1394003338511,942.6754478610336,1070.7474025184465,18.601075237738275,1264.6485677847422,1324.4942430980966,1364.208195254669,1365.2992346002395,1326.6291870752732,1284.412706259168,1180.0953351318697,1078.8975855010522,960.1942511804576,875.1251339094313,758.6197993725184,690.9848044638898,664.7706371373513,680.9243717183282,736.087630652764,810.2228088618587,910.0549433962764,967.496770020448,1027.2511864193684,1071.825545506357,1057.3707958895025,1079.394737804479,1059.7778069010503,1028.3506211404747,945.4760705591656,867.522910360297,12.0,9.219544457292889,6.708203932499369,5.656854249492381,0.0,0.0,0.0,128.0,10.198039027185567,6.082762530298219,8.48528137423857,927.7375706523908,894.3427754502185,890.0966239684319,834.312291651034,783.0121327284783,674.015578454979,619.0589632660204,579.2313872710973,516.2567190846042,521.0575783922541,503.84322958634664,518.645350890182,561.4098324753495,576.0008680549015,596.6070733740927,642.1993459977984,642.0412759316958,656.060972776159,656.1653754961474,618.4795873753636,630.0285707807226,590.3329568980542,539.3931775616003,530.4224731287316,524.6189093046495,506.6932010595761,10.198039027185567,495.54111837465115,512.0009765615687,517.7885668880687,519.2706423436626,524.8695075921253,436.50544097410744,407.74133957694306,398.15574842013774,363.27537764070934,349.05157212079706,323.3357388226671,300.8537850850476,290.90376415577714,288.00868042473996,292.6585040623286,306.6023483276017,344.4706083252967,355.12392203285884,370.47537030145475,398.0376866579344,388.7338421079389,398.07662578955825,400.6706877224736,398.7793876318083,361.33225707096784,336.5828278447966,14.317821063276352,6.324555320336759,7.810249675906654,17.029386365926403,10.198039027185567,12.649110640673518,10.44030650891055,3.1622776601683795,9.219544457292889,17.029386365926403,8.0,341.8830209296741,362.6403176702778,377.4493343483334,348.300157909812,382.256458415028,357.8295683701949,360.9722981061012,343.7586362551492,304.06742673295344,282.8002828852899,334.463749904231,318.8494942759044,361.58124951385406,366.5092086155544,345.14489710844634,358.23176855214837,341.2037514447929,344.67520943636197,354.49823694907144,328.29864452964165,335.87199942835366,315.15869018638847,298.9648808806814,295.4352720986443,287.7012339215805,286.0069929215018,5.656854249492381,278.92113580723856,280.01785657346926,288.00694436072195,286.379119350556,266.101484400219,263.751777245197,245.2305038122297,233.00214591286493,215.25798475317936,187.77113729218345,160.52725625263767,152.50573759698355,143.22011031974526,134.21251804507656,169.04733065032408,160.86329600005092,155.9262646253029,185.1944923587092,199.8499437077729,203.2141727340886,213.00234740490535,198.4867753781093,201.9504889818294,185.60711193270583,170.41713528867922,154.0519392932137,0.0,0.0,0.0,0.0,0.0
2025-06-01 18:44:20.836,0,0.0,0.0,0.0,0.0,0.0,0.0,128.89142717807107,59.135437767890075,113.95174417269794,215.77998053572995,324.35320254315354,417.7487283044677,506.3328944479116,568.4804306218465,651.7675966170764,667.7918837482229,694.9712224257922,702.8314164862012,670.6489394608777,613.5380998764462,540.3702434442519,455.294410244624,352.27829907617075,249.23884127479008,157.8005069700348,176.92088627406318,283.467811223779,409.8499725509323,524.3910754389323,654.0657459307895,750.5051632067564,798.655119560377,8.06225774829855,854.625649041731,838.9785456136527,799.7755935260841,738.488320828434,616.3318911106255,528.4865182764836,422.5647879319809,369.8553771408495,302.49793387724156,364.07142156450567,476.7357758759038,576.066836400083,738.1388758221585,842.1122253001674,939.9175495754934,997.5915998042484,1088.3018882644649,984.9365461794988,1015.7952549603684,948.970494799496,836.9904420003851,767.1935870430618,643.9767076533126,576.6801539848584,552.7838637297583,545.4951878797832,9.219544457292889,1.0,12.16552506059644,9.219544457292889,14.317821063276352,17.46424919657298,12.041594578792296,6.0,17.46424919657298,22.47220505424423,29.42787793912432,732.3291609652042,605.3247062527681,525.8830668504169,421.2944338583172,419.57716811094474,436.3954628545077,538.2211441405847,671.6814721279723,811.4511692024357,929.8930045978408,1005.5098209366232,1101.2706297727184,1150.4712078100868,1176.9286299517062,1154.6137882426317,1108.276590026154,1019.9181339695848,931.9533250115052,811.0394565001138,688.4911037914724,622.6026019862107,735.4400043511367,738.5397755029853,807.8539471959025,931.3565375300695,1040.396559010073,12.529964086141668,1235.0064777158054,1297.9252674942422,1313.6319880392682,1328.231907461946,1272.4024520567382,1215.299551550975,1139.0526765694376,1037.68829616605,938.9462178421084,828.4232010271079,725.4419342717927,668.6890159109838,635.2715954613428,664.1264939753571,734.706744218399,782.0390015849594,879.9232921113068,930.5245832324904,999.1045991286396,1036.2417671566805,1004.6317733378733,1071.6165358933204,1029.1127246322435,986.9270489757588,924.1888335183454,852.5285918958965,3.1622776601683795,13.892443989449804,16.492422502470642,4.123105625617661,0.0,0.0,0.0,128.0,22.360679774997894,12.16552506059644,16.278820596099706,920.6084944209456,882.7343881372244,850.7843440026386,798.1058826997831,748.6153885674539,639.0320805718599,592.8718242588359,549.4770240874499,511.48900281433225,503.60500394654537,480.4674806893803,492.0,529.6980271815254,572.758238701112,583.9606151103001,618.9426467775507,626.9968101992226,628.984101547885,632.6657885487408,570.8283454769919,615.0325194654345,579.6999223736364,539.751794809429,518.1167822026227,516.2363799656123,473.9715181316278,7.0710678118654755,473.6243236997019,493.3558553417604,491.49262456317695,507.1055117034324,510.9060579010588,401.85196279227006,386.8074456367147,383.4227431960707,355.29283696691664,338.97050019138834,299.7081914129142,287.0278732109479,270.74896121684384,272.2443755158222,276.37112729082247,292.6567955814455,337.88163607985564,343.6335257218073,363.8818489564985,384.02083276822367,368.5824195481928,385.9455920204298,388.59876479474303,393.2861553627333,368.5986977730659,327.11007321695246,14.212670403551895,24.698178070456937,7.810249675906654,5.0990195135927845,9.0,17.204650534085253,6.082762530298219,4.123105625617661,3.0,3.1622776601683795,14.560219778561036,325.8849490234245,355.8791929854849,370.6440340812192,358.33643409511126,350.48823090083926,356.16849944934773,369.7566767483719,335.0,343.2812258192982,314.6362979695763,312.1954516004357,296.1418578992169,324.5812687140156,331.14498335321343,351.7527540759276,332.8453094156503,380.0052631214468,332.77770358003255,339.60712595586097,316.53751752359466,325.3459696999488,304.2433236736675,303.43368303469543,286.7699426369507,264.62237244798484,265.3073689138694,8.246211251235321,268.00186566514793,281.6895454219059,286.29530209208815,285.70089254323307,265.5729654915952,239.94374340665772,224.28999086004708,223.0807028857494,207.5090359478353,175.28548142958104,157.0286598045083,139.71399357258383,133.00375934536586,149.164338901763,156.24659996300718,164.51443705644803,158.05062480104277,177.9241411388573,201.3156725145859,203.30272993740147,195.80091930325557,198.2145302443794,196.9771560359221,180.3995565404749,162.40997506310995,141.90842117365693,0.0,0.0,0.0,0.0,0.0
2025-06-01 18:44:20.840,0,0.0,0.0,0.0,0.0,0.0,0.0,194.28844535895593,115.88356225108028,56.356011214421486,137.37903770226373,236.30488780387088,340.8005281686048,426.85477624128794,514.1254710671316,588.500637212909,645.117818696709,679.2827099227537,677.153601481968,689.5244738223582,658.3372995661115,595.201646503099,528.764597907235,435.6604182158393,320.4075529696515,213.10326135467753,146.01369798755184,213.283848427395,317.6476034853718,437.89610639968015,569.0483283518194,679.7801115066547,742.7846255813323,6.4031242374328485,841.6008555128732,830.3938824437473,821.842442320911,763.4513736971072,692.5460273512513,608.4414515793611,489.29541179128177,399.5159571281227,336.58579886857973,306.54363474063524,390.4100408544842,490.5670188669434,618.4690776425285,799.0319142562455,853.885823749288,938.198806223926,971.7983329888974,995.3396405247807,992.2283003422144,998.2790191123922,885.4834837533674,761.9875327064085,652.669135167276,554.6836936489119,509.22097364503753,502.6778292306117,12.083045973594572,15.0,13.038404810405298,15.811388300841896,5.0,11.704699910719626,12.041594578792296,7.0,13.341664064126334,13.41640786499874,15.652475842498529,792.9016332433677,691.9205156663589,579.8836090113257,481.202660009273,419.5473751556551,419.4007629940603,520.714893199724,636.1485675532092,771.0525273935622,885.0367224019577,998.841328740456,1122.192496856043,1159.6279575794988,1172.242295773361,1185.421444044269,1144.1206230114026,1088.644110809405,990.323179573214,887.2891298781925,738.6487663294375,665.6703388314669,735.1986126211066,729.198189794791,790.5200819713564,887.0360759292713,1016.9862339284638,13.038404810405298,1216.365898897203,1289.3785324721364,1330.0680433722175,1329.676652423438,1313.8112497615475,1238.8321113048369,1156.3260785781838,1068.0585189960334,962.9340579707418,851.2543685644144,754.1418964624628,677.5027675220227,636.1131974735314,659.7613204788531,707.1591051524402,802.9856785771462,858.1707289345169,964.471357791407,1002.3462475611908,1053.7955209622023,1040.6200074955316,1058.2102815603334,1044.5463129990933,1012.1526564703568,939.3327418971404,878.478798833529,2.23606797749979,21.587033144922906,15.620499351813308,7.0710678118654755,0.0,0.0,0.0,128.0,7.615773105863909,10.198039027185567,23.345235059857504,908.421157833744,886.9329174182228,843.9763029848647,812.1403819537605,753.3830367084197,666.3482572949373,622.9301726517989,576.0425331518499,521.2187640521013,493.5787677767349,502.5554695752499,510.71812186371454,542.2665396278845,573.6357729430758,591.0541430359827,622.4291124296806,637.8001254311573,630.032538842241,632.6365465257284,582.8430320420756,603.7093671627101,583.3318095218192,562.072059437222,547.7809781290329,520.8886637276722,532.5147885270418,9.486832980505138,541.9677112153454,549.8745311432418,555.9361474126323,564.4005669734927,558.3583078991483,446.5568272907716,403.63349712331853,395.6121838366458,387.1562991867754,362.2181663031273,338.14346067904376,331.14649326242306,305.94280511232813,312.52519898401795,329.5147948120084,360.07360358682223,382.1334845312565,419.1479452412954,424.9341125398148,417.388308413161,435.2298243457128,426.7798027086099,414.9662636889896,387.05684337058295,367.2015795173,336.0952246016001,7.211102550927978,8.06225774829855,6.082762530298219,5.0,9.219544457292889,19.313207915827967,3.1622776601683795,12.36931687685298,17.88854381999832,16.278820596099706,5.656854249492381,345.09274115808347,356.7365975057788,358.8035674293108,340.94574348420895,366.0122948754591,325.28141662259156,304.8032152061392,310.291798151353,305.3686296920494,290.0,286.12759391572143,296.2195131992489,337.0014836762592,338.7875440449368,355.1408171415953,316.6654385941099,332.3808057033378,331.78908963376114,331.79813139919884,317.6570477732235,310.22733599732953,299.1070042643602,269.82401672201087,276.7959537276512,281.8119940669666,265.80067720004024,8.246211251235321,267.15164233071823,293.4211989614929,292.205407205274,277.4058398808504,276.34217919094436,263.53178176455305,235.17227727774377,221.84003245582164,198.7259419401503,171.3300907604966,162.1172415260018,150.11995203836165,129.25169244539896,121.21056059601408,139.17614738165446,151.11915828246265,180.48822676285565,174.8656627242753,183.2075325962336,195.1665955024066,184.48035125725448,195.0230755577401,187.51533270642165,165.42369842317032,143.0314650697531,127.3184982632139,0.0,0.0,0.0,0.0,0.0
2025-06-01 18:44:20.840,0,0.0,0.0,0.0,0.0,0.0,0.0,54.037024344425184,107.01868995647442,216.44860821913363,312.1618170116262,401.00124688085447,487.9518418860615,557.2584678584974,613.0579091733505,637.8440248211157,667.9348770651222,661.1542936410532,649.0377492873585,597.7976246189006,535.7406088770946,463.76826109599176,356.6020190632689,252.04959829366916,145.6605643267937,158.3729774930054,242.78797334299736,370.98921817217274,499.36459626208983,613.1769728226917,711.7337985511156,790.5555008979445,826.0968466227189,5.385164807134504,840.4933075283824,801.4611656218909,746.7402493504686,653.076565189718,551.0108891845967,466.73439984642226,341.67235767618075,301.9420474196994,273.59276306218334,356.50105189185626,520.0346142325528,655.5120136198879,800.7402824886482,848.163309746419,923.2838133531856,974.9358953285084,1035.7422459280108,1004.509830713468,953.9161388717564,865.0144507463444,777.7403165581684,693.7578828380979,597.0393621864474,499.16830828889766,514.9650473575853,565.3220321197467,5.0990195135927845,1.0,15.033296378372908,10.770329614269007,9.433981132056603,5.656854249492381,10.770329614269007,5.385164807134504,10.816653826391969,7.280109889280518,13.152946437965904,700.1578393476717,603.2453895389503,484.9267985995412,405.5724349607601,425.4621017200004,454.0319372026598,605.6418083322848,730.3622388924554,854.2657666089634,966.1081719973184,1064.7652323399743,1152.7224297288572,1180.4511849288813,1185.3189444196023,1163.3249760922354,1119.933033712284,1027.2604343592718,922.7399416953835,817.4429643712153,700.737468671399,619.0032310093382,724.1470845070081,760.6115960199397,831.3464981582589,945.7214177547212,1080.9611463877875,11.0,1265.1723202789412,1322.0226926947964,1338.382979569002,1341.4395252861757,1282.2811704146638,1225.7707779189386,1129.0243575760444,1027.2395046920656,920.31787986543,809.3287341989039,721.9487516437714,662.0611754211237,636.12891775174,680.6776035686792,728.1545165691139,805.1198668521353,886.9949267047698,958.5165621938936,1024.7438704378767,1049.44175636383,1051.6006846707546,1060.9816209529738,1039.1535016541109,993.008056362082,917.3161941228336,864.3569864355815,7.0710678118654755,11.704699910719626,4.242640687119285,5.0990195135927845,0.0,0.0,0.0,1152.0,7.211102550927978,7.810249675906654,5.0990195135927845,924.9778375723388,898.8748522458508,853.2115798557824,809.2718949772072,743.7163437763083,675.1629432959128,637.35076684664,574.8886848773421,519.1146308860885,502.4937810560445,510.5389309347525,510.9442239618723,531.5044684666348,559.9035631249367,578.6363279297283,616.0073051514893,626.422381464775,641.78656888408,625.607704556138,597.2143668734034,609.1732101791739,587.7210222546067,578.7443304257935,541.7204075904839,539.735120221021,543.0230197698804,3.605551275463989,541.4794548272354,537.0605180051872,540.2814081568974,565.7561312084916,555.0441423886932,434.6596369574704,431.1473066134126,421.96919318831794,398.0113063720678,376.0917441263501,348.75922926856,326.21618598714565,312.9217154497271,303.29028998634294,319.4401352366355,340.01911710961195,340.90614544182097,376.0332432112885,413.8030932702171,426.9168537314966,426.69075452838206,424.23106911210544,418.3993307834036,399.38202262996265,387.7795765638,342.32878932394806,7.0710678118654755,7.0,8.48528137423857,1.4142135623730951,6.324555320336759,13.892443989449804,7.0710678118654755,7.615773105863909,8.06225774829855,11.04536101718726,12.806248474865695,338.88198535773483,337.2906758272455,353.60005656108143,368.06657006579667,371.6947672486122,345.70073763299956,333.64052511647924,359.21720448775835,326.03834130359576,331.85087012090236,315.97784732477686,311.01446911679204,307.4703237712544,336.09076155110245,341.9970760108922,315.56932677305633,326.583833035256,335.393798392278,354.4643846707311,328.1463088318989,323.4872485894923,306.78983033992506,289.01384049903214,271.6799587750263,265.75364531836624,250.88044961694405,0.0,265.2772134956186,266.83515510516975,271.2876701953113,268.6726632912251,265.73106705840775,269.09106265351886,248.51559307214507,232.3617868755532,218.0,192.35384061671343,183.5347378563524,150.98675438593943,125.4472000484666,122.64175471673585,124.33824833895642,135.2368293032634,148.86235252742716,163.783393541592,159.89058759038946,177.04519197086375,184.23083346714796,196.23710148695125,192.35384061671343,178.07021087200408,186.53149868051776,152.97712247261026,0.0,0.0,0.0,0.0,0.0
2025-06-01 18:44:20.848,0,0.0,0.0,0.0,0.0,0.0,0.0,243.5261792908516,150.4725888658795,74.46475676452586,117.80067911519016,218.25672956406177,333.0540496676178,442.05203313637185,523.4625105965088,604.5965596991105,674.0897566348268,712.3124314512559,736.2995314408396,701.9116753552402,685.4786648758661,645.8498277463577,572.5460680154916,462.6229566288296,358.0893743187586,243.74166652421167,170.07351351694948,227.96929617823537,337.25064862799,458.29357403306454,587.1047606688264,692.7192793621382,774.1834407942345,1.0,868.2822121867981,879.1018143537186,852.1273379020298,795.8002261874522,720.3450562057049,632.3938646128693,525.2389932211812,424.46319039464424,353.5533905932738,321.00623046912966,424.736388834298,500.9281385588157,642.7137776646771,765.8733576773643,944.4426928088332,983.208014613388,1047.0310406095896,1084.350496841312,1025.2121731622192,975.656189443802,908.8124118870736,784.826732470295,682.1326850400881,609.1214985534496,543.1942562288375,534.004681627418,7.0710678118654755,5.0990195135927845,3.1622776601683795,4.123105625617661,3.605551275463989,5.0,2.23606797749979,5.0990195135927845,8.246211251235321,21.587033144922906,11.704699910719626,832.2511640124031,710.8867701680767,598.1638571495272,492.3494693812516,439.55659476340475,425.7158676864183,520.0,656.0434436834195,786.2340618416376,912.4368471297068,1040.2970729556052,1137.0505705552414,1181.0520733650994,1218.98523370876,1223.0637759332094,1183.496937047156,1108.1881609185327,1021.0646404611218,915.049725424799,778.0809726500192,684.6575786478961,779.2079311711349,754.2473069226035,827.5947075712845,926.586207538187,1055.5477251171544,5.0,1257.0063643434746,1316.2590930360177,1367.8157770694122,1383.0187995829992,1361.243916423504,1299.3017355487525,1203.2821780447011,1111.0126011886634,1006.6642935954368,890.0904448425453,802.9352402280025,728.04738856753,688.7067590782016,697.839523099688,757.7361018190963,825.4223161509507,890.2965797979907,986.6331638456109,1044.3064684277313,1076.6782249121602,1095.374365228619,1086.5012655307862,1060.6158588291994,1029.9344639344777,968.2282788681604,889.4475813672215,18.0,6.082762530298219,2.23606797749979,6.708203932499369,0.0,0.0,0.0,128.0,12.806248474865695,16.76305461424021,15.652475842498529,937.7771590308648,917.0005452561084,883.955881252,835.1598649360492,781.826067613507,673.145600891813,640.7152253536668,591.8656942246273,544.7504015602008,500.569675469859,523.4739726099092,552.9602155670876,554.7071299343465,583.191220784401,618.5466837676846,632.9676137054723,655.1618120739333,654.3775668526542,661.454457993897,629.8015560476173,624.2699736492217,611.2020942372499,577.658203438677,564.4484033107012,550.1136246267674,543.7830449729009,11.04536101718726,534.072092511863,527.5045023504539,535.082236670215,551.1442642357806,546.3195035874154,423.5008854772325,405.9076249591771,403.43524883182926,366.824208579532,357.61012289922667,322.1816257951406,302.31440587573724,302.5359482772254,300.1932710771512,322.38641410580567,351.0697936308392,347.90803382503253,382.4238486287172,398.81073205218536,413.0593177740941,409.2138805074921,405.0975191234822,381.63464203345063,381.026245815167,345.2723562638631,313.3895339669147,7.810249675906654,2.23606797749979,8.94427190999916,9.899494936611664,15.0,11.180339887498947,10.198039027185567,6.0,8.06225774829855,11.180339887498947,9.219544457292889,327.2583077631491,347.96838936891953,365.0123285589132,360.6244584051393,361.4996542183685,332.53270515845503,327.29955698106284,318.8134250623709,311.9246703933499,324.2221460665511,314.2817207538485,330.00151514803684,319.6513725920788,354.81967250985394,383.500977834477,319.14416804948826,335.882419903156,348.28149534536,329.52845097199116,334.9746259047094,313.5889028648814,310.64449134018133,314.40737904826597,291.6058984314275,281.1440911703463,277.4779270500629,7.0710678118654755,293.47061181658376,292.4961538208665,281.15476165272395,278.1726082848561,274.3082208028042,242.7385424690525,227.6071176391459,198.01010075246165,197.20547659738057,170.67220043111882,163.0828010551695,143.78456106272327,151.0132444522665,161.27616066858735,170.1763790894612,177.341478509682,188.7988347421668,199.25109786397664,195.1640335717624,199.4442277931352,201.0198995124612,190.9685838037241,183.33848477611025,157.0350279396288,147.6279106402309,122.155638429014,0.0,0.0,0.0,0.0,0.0
2025-06-01 18:44:20.849,0,0.0,0.0,0.0,0.0,0.0,0.0,75.43208866258443,94.11163583744572,192.5876423865249,308.71669860893496,401.8855558489257,491.1313469938566,568.1769090697017,631.5330553502326,675.2962312940892,702.1602381223249,708.2654869468087,682.9128787773737,637.132639251828,575.5632024374039,493.6000405186369,393.3255648950371,280.8629559055448,186.6815470259447,166.23477373883,250.3377718203947,377.30756684699554,517.5838096385937,628.0644871348801,728.3632335586414,798.6300770694778,851.5309741870815,8.246211251235321,868.1750975465721,824.8854465924344,774.6980056770509,683.4764077859601,583.624879524511,475.04210339716207,376.8978641488964,326.01380338875225,300.4663042672173,370.98921817217274,577.7586001090767,675.3495391277024,811.7980044321371,904.8148981974158,976.9114596523063,1039.3776984330575,1039.1477277076633,1043.573188616879,991.1044344568336,904.6131769988762,798.5693457677925,695.1668864380696,565.8524542670112,513.7285275318084,531.3200542046197,624.1482195760875,15.620499351813308,12.806248474865695,17.26267650163207,9.055385138137416,3.1622776601683795,14.866068747318506,5.0990195135927845,7.280109889280518,5.0,12.041594578792296,10.44030650891055,710.7467903550462,615.997564930252,496.1622718425898,443.2617736733002,445.1539059696096,485.15255332730135,618.7277268718447,758.2934788061941,875.5712421042618,994.9195947412032,1091.2378292562992,1173.358427761952,1219.5031775276357,1214.5534158693886,1168.999572283925,1141.5796073861866,1040.6906360681833,943.7891713725052,838.4658609627467,726.5294212900121,632.0261070557133,740.3485665549708,777.0694949616798,846.0851021026194,987.9195311360132,1095.2556779126962,7.280109889280518,1294.1166871654193,1355.730430432245,1368.2649597208867,1391.087703920928,1324.602959380659,1268.8502669740035,1156.8344738984918,1073.1793885460156,968.2091716153076,856.6924769133905,758.5018127862319,697.3507008672179,679.291542711964,719.1397638846013,759.5919957450842,843.3937396020912,913.3767021333532,974.3885262050246,1041.7955653581944,1083.3120510730046,1122.643309337387,1091.2089625731635,1072.280280523707,1015.1221601364044,952.732911156112,875.1097074081626,6.0,6.708203932499369,12.16552506059644,7.0710678118654755,0.0,0.0,0.0,128.0,9.219544457292889,15.297058540778355,9.433981132056603,935.4490900097128,916.1773845713504,891.7695890755639,833.5202457049259,774.0103358483012,676.804994071409,636.8586970435435,587.6087133458796,542.4094394458857,514.4054820858736,508.4977876058066,524.1068593330943,550.8729436085965,587.3414679724224,586.6898669655034,638.2045126759916,642.6274192718515,641.2214905943188,650.9938555777619,624.9839997951948,649.9176870958353,612.4867345502269,590.1770920664407,559.2396623988682,548.0811983638921,538.3846208799059,8.246211251235321,550.4588994648011,538.5434058643741,525.1761609212665,540.0166664094729,548.2955407442231,423.38162454220895,406.8931063559568,409.07334305720775,386.2550970537477,382.7531841800928,346.2166951491508,328.3900120283807,315.1459979120788,312.648364780627,312.3203483604615,321.5618136533006,329.95151158920305,356.1179579858337,377.5778065511796,408.06494581132546,401.8768468075761,402.17906459685344,399.42208251422454,394.4375742750683,368.2458417959394,356.7408022640528,3.1622776601683795,9.848857801796104,7.280109889280518,6.0,2.23606797749979,6.082762530298219,2.8284271247461903,10.0,5.830951894845301,3.605551275463989,10.198039027185567,308.3180176376334,345.00144927231827,356.6020190632689,359.08355573598743,375.59685834681846,349.79422522391644,356.6020190632689,353.92230785865985,333.12159941979144,303.9111712326482,314.08438356594553,319.64042297556796,328.4341638745884,339.53644870617353,356.5851931867054,310.65253902068787,328.89664029904594,344.379151517626,340.9648075681712,328.09754647055803,320.8488740824876,312.52519898401795,301.2806001056158,286.29530209208815,269.45314991664134,288.3123306416151,4.47213595499958,283.9242856819402,281.83683222744327,280.0589223717038,273.72431386341987,271.01660465735307,263.8219096284461,253.71243564319033,229.40139493908924,211.9669785603409,182.3869512876401,161.22034611053283,140.4563989286355,135.6244815658294,125.23977004130916,132.00378782444085,148.492424049175,152.7776161615307,174.91712323268982,187.52333188166213,201.25854019146615,195.0,201.2486024796197,202.18061232472317,196.60366222428308,186.1316738225926,160.63934760823702,0.0,0.0,0.0,0.0,0.0
2025-06-01 18:44:20.856,0,0.0,0.0,0.0,0.0,0.0,0.0,50.24937810560445,111.04053313993047,211.94574777522664,327.81854737034024,403.43524883182926,483.1821602667053,559.4747536752664,618.7939883353748,656.2598570688291,682.1172919667115,674.5405843980035,651.5519933205638,608.0205588629384,540.9482415166908,453.64744019998614,360.8545413320997,251.0975905897944,159.45532289641508,150.08331019803634,248.28411145298847,379.3810749101752,509.9656851200872,613.0391504626764,717.1366675885427,784.9184671034311,839.7053054494774,6.082762530298219,846.5754544043904,806.3870038635296,758.8814136609224,650.1115288933123,577.2936860905374,458.93899376714546,355.59808773389096,314.0143308831621,297.9345565724124,377.0,531.4329684917939,646.5369285663426,779.0789433683855,884.6926019810497,973.8752486843476,1038.204700432434,1017.5681795339318,1037.914254647271,941.3702778397032,891.8794761625586,794.1064160425856,690.9833572525463,589.8788011108722,527.48649271806,536.8361016176166,587.3755187271597,16.64331697709324,1.0,11.180339887498947,8.54400374531753,7.0710678118654755,10.04987562112089,4.123105625617661,15.556349186104043,12.36931687685298,4.0,17.72004514666935,706.7708256570867,617.3240640052841,486.4832987883551,427.1416626834709,419.86902719776793,492.1483516176804,610.0073770045736,756.191113409831,886.3097652626874,980.4759048543724,1087.2649171200185,1175.6232389673148,1201.3263503311662,1212.976504306658,1193.5912198068484,1122.4851892118666,1042.662936907225,924.5550281081164,819.0360187439866,713.8207057798197,628.0286617663241,748.4470589159931,773.9974160163586,866.8990714033555,991.582573465266,1111.3064383868204,7.0,1296.780629096533,1330.9395177843355,1369.6850002829117,1352.9294142711217,1317.555311931913,1242.3365083583433,1147.3665499743315,1037.6222819504214,947.6919330668592,830.1114383021113,752.2153946842619,666.8508079023374,674.6747364471267,714.7062333574544,756.1673095287841,851.1903429903326,888.6309695255956,1016.8234851733116,1040.4008842749029,1100.872835526429,1113.295109124261,1099.1382988505131,1053.2093808925174,1015.0788146740134,972.0545252196504,891.1756280329932,16.97056274847714,23.323807579381203,17.204650534085253,10.04987562112089,0.0,0.0,0.0,128.0,6.4031242374328485,8.602325267042627,7.280109889280518,928.8815855640588,916.5440524055568,879.8482823760014,836.4807230295269,771.847135124566,676.6749588982882,645.1736200434733,599.7149322803293,548.5252956792422,509.2838108559902,511.0978379919054,530.7447597480356,542.2628513922008,565.4166605256694,609.0812753647907,629.8507759779295,640.6403046952322,636.4534547003418,633.4137668222882,603.8410386848512,606.0404276943907,586.8466579950848,581.6124138977779,539.8120043126125,516.9777558077329,541.6733332923081,4.123105625617661,547.9972627668865,538.212783200102,561.1434754142651,577.3265973433062,570.6391153785377,449.4997219131509,439.5509071768593,434.77120419825417,407.54140893901814,382.602927328059,360.4843963336,331.76045575083236,325.1491965236882,306.0228749619871,321.6162309337015,344.20923869065456,352.919254221132,381.1194038618344,410.35837995586246,423.0980973722288,428.5615475051396,420.23326855450176,422.8853272460514,422.91015594331617,398.59879578342935,367.7390379059585,5.385164807134504,10.63014581273465,7.0710678118654755,6.0,7.0,2.8284271247461903,9.433981132056603,5.0990195135927845,19.313207915827967,19.6468827043885,12.649110640673518,330.76426651015373,357.6199099602817,378.187784043853,383.46968589446544,354.5715724645731,351.7527540759276,340.1132164441717,337.34255586866,307.77426793024785,328.3534680797509,314.1114451910341,300.6825568602209,309.3638634359223,330.26050323948823,357.64367742209566,328.42046221269464,348.0488471464889,351.0911562543266,362.49827585796874,342.11693907200794,343.8618908806267,317.80497164141406,297.7414986191881,280.941275002446,283.0017667789373,271.07379069175977,2.0,264.31988196123274,277.79488836189915,289.0432493589843,275.0,287.8367592924851,278.4690287985362,260.2786967848118,244.468811916776,219.1118435867856,211.15160430363773,183.83144453547655,166.41213898030395,141.42842712835352,126.17844506887856,130.6981254647518,138.0,155.64061166674975,169.07099100673656,161.40012391568973,174.0028735394907,188.80942773071476,203.19940944796076,189.19038030513073,194.0412327316027,172.32527382830412,166.6043216726385,0.0,0.0,0.0,0.0,0.0
2025-06-01 18:44:20.858,0,0.0,0.0,0.0,0.0,0.0,0.0,64.53681120105021,101.51354589413178,213.3377603707323,308.05843601498725,421.768894064036,496.9044173681695,572.3722564904766,616.4365336350531,657.4328863085569,684.1264502999427,679.6624162038092,648.343273274274,606.5847014226455,544.2067621777591,461.3772859601998,366.2594708673074,261.70594185077266,147.70917371646215,151.47607071745688,254.26167623139747,380.06446821559103,505.85571065275127,604.1862295683343,715.2985390730223,782.368199762746,827.4684284007457,2.23606797749979,838.055487423118,815.3532976569114,751.7832134332343,678.5469770030664,580.5695479440857,470.6123670283219,356.0126402250347,293.16548227920697,280.4353757998445,344.68826495835333,515.5627992786136,674.0066765247952,782.9840355971506,850.8489877763269,973.3673510037204,1021.1136077831889,1068.6089088155686,995.1909364539048,945.1782900596056,872.734782164662,778.596814789272,694.6286777840373,617.8235994197696,534.0599217316349,534.9102728495686,580.1870388073143,7.0710678118654755,1.0,9.433981132056603,14.317821063276352,8.06225774829855,15.264337522473747,5.656854249492381,13.892443989449804,9.848857801796104,25.0,14.0,728.3028216339684,580.086200490927,501.0279433325052,445.34593295549473,423.94575124654807,488.222285439737,615.0292675962665,759.480085321531,873.7162010630225,1019.0996025904436,1121.1873170884514,1176.2776032892916,1205.8810057381284,1209.80659611361,1169.161237811107,1142.9650038387,1045.8226427076438,947.8196030891112,821.5552324707086,714.9636354388942,625.0823945689081,741.7196235775349,785.6443215603356,863.1952270488988,978.3659846908008,1127.0780807024862,10.770329614269007,1284.1339493993607,1339.4125578028602,1372.114062314063,1370.5666711254871,1303.6122889877956,1267.6726706843529,1132.1660655575224,1061.698638974356,942.3810269736972,837.9558460921435,755.256909931978,686.9119303083911,656.4282138969958,686.1282678916531,764.2852870492798,840.4028795762185,920.8610101421386,998.8523414399148,1064.1926517318186,1090.1788844038394,1109.5413466833943,1088.882454629516,1078.080701988492,1027.2497262107204,970.1391652747558,881.1044205995111,19.026297590440446,8.602325267042627,10.770329614269007,2.0,0.0,0.0,0.0,128.0,18.027756377319943,19.235384061671343,18.601075237738275,920.7697866459348,901.1747888173526,885.4840484164579,840.3719414640162,784.0006377548426,691.1765331664552,637.0973238053979,588.6883725707515,533.8023978964501,527.5689528393422,522.8250185291442,533.7002904252536,540.7735200617723,579.1623261228237,579.2106697912254,629.6824596572466,624.551839321605,653.174555536267,623.2888575933313,620.8252572181644,609.0730662244063,584.5288701167805,586.9412236331675,550.5724293859982,535.7088761631638,548.5371455061179,13.41640786499874,542.3513621260668,572.5032750998024,572.6656965455501,578.2499459576283,558.6644789137753,468.6032436934255,428.0280364649026,430.4427952701729,403.832886228945,395.64125164092786,353.1925820285585,339.4142012350102,323.6927555568706,301.0,319.06112267087633,336.34060117684277,350.1728144787942,395.27838291512984,421.5174966712533,436.8581005315112,436.82719695550094,416.2895626844372,445.5434883375584,412.6172560618375,393.06233602318093,364.123605386962,8.06225774829855,12.649110640673518,7.615773105863909,9.848857801796104,18.110770276274835,11.04536101718726,7.0710678118654755,4.123105625617661,8.06225774829855,16.278820596099706,13.341664064126334,331.0498451895122,360.41781310029614,365.66241261578966,388.53699952514177,387.7434718986253,363.4528855298854,366.3795845840759,322.93962283993585,308.27422856930485,332.3386826717588,317.23808094237364,284.67525357852935,317.83328963467625,332.54323027239633,356.20780451865454,351.5920931989228,356.0,351.35309874825356,349.92713527247355,349.28498393145964,343.41956845817623,319.931242613159,287.7846417027844,285.74814085134483,285.7708872506085,274.4467161399458,6.324555320336759,269.69983314789056,259.2778432492835,278.2804340948174,290.0362046365936,285.0438562747845,277.46170906991836,257.6703320136022,245.5402207378661,216.4901845350038,192.77188591700815,170.01176429882727,150.71164520368026,140.71957930579526,129.2594290564522,118.51160280748886,140.6627171641441,154.17522498767434,162.0863967148385,171.9447585708852,185.64751546950473,203.79646709401024,199.24858845171275,204.38444167793205,193.49676999888135,177.62882648939615,146.8638825579659,0.0,0.0,0.0,0.0,0.0
2025-06-01 18:44:20.860,0,0.0,0.0,0.0,0.0,0.0,0.0,221.11083193728885,127.09838708654016,66.03029607687671,133.76471881628578,241.20530674095875,338.02366781040644,432.9491887046331,522.2231323869137,589.0033955759508,648.6023435048628,689.4200461257274,699.5176909842953,691.2134257955353,668.5297300793735,613.8419992147817,536.6563145999495,442.3087157178796,332.53270515845503,230.63390904201404,168.43990026119107,223.03587155433092,331.5448687583628,461.6838745288815,583.64544031458,683.5034747534207,779.3907877310329,8.246211251235321,863.4726399834566,851.5779471076033,848.8309607925479,773.2948984701761,694.6315570142203,607.0205927314163,506.4987660399579,404.9913579324872,314.96825236839345,310.10482098800077,382.593779353507,517.0415844011002,673.7135889975799,763.7074047041838,875.1891224186919,982.6413384343242,990.8567000328554,991.2118845130944,982.7130812195388,984.00050812995,849.0747905809005,784.6075452097054,661.3115755829472,571.7412001946335,510.53795157656987,525.8840176312644,12.806248474865695,1.4142135623730951,1.0,2.0,8.602325267042627,3.605551275463989,8.06225774829855,13.601470508735444,18.601075237738275,14.560219778561036,3.605551275463989,790.3195556229139,683.5671144810874,562.3922118948661,469.9978723356096,408.2217534625023,412.31056256176606,481.9460550725569,641.2815294392939,735.2448571734453,885.9909706086174,994.9417068351293,1092.319092573228,1129.910173420879,1155.2770230555093,1160.1215453563475,1135.6782114666107,1075.7439286372942,976.2771122995764,885.573825268114,766.6576811067636,672.8625416829206,758.5842075867386,736.7258648914127,809.5560511786691,890.422933217693,1019.4665271601614,18.027756377319943,1233.5088163446585,1289.1582525043232,1339.525662314836,1355.0771195765944,1332.201186007579,1266.8109566940127,1190.2407319529946,1096.9708291472475,987.7838832457228,888.7406820889883,796.3322171053987,721.066571129185,679.1538853603063,690.5483328486139,754.3507141906873,821.7256233074395,903.3814255340876,1001.205773055669,1056.6522606799267,1077.6775955729988,1105.4419930507436,1096.1865717112212,1070.3588183408403,1035.0,974.4434308876016,897.7065221997666,5.385164807134504,4.0,12.206555615733702,11.180339887498947,0.0,0.0,0.0,128.0,7.0710678118654755,10.0,14.317821063276352,914.6321665019224,905.3452380169678,852.1889461850582,817.244761378132,735.8838223524145,666.0998423659925,626.0175716383686,577.8797452757797,526.3800908089135,493.5787677767349,498.52783272351,533.1866464944522,548.1204247243484,564.2198153202349,598.2215308729702,626.3194073314351,640.7651675926212,634.420207748776,635.1377803280167,616.3700187387443,603.8021199035327,574.3561612797412,586.2763853337434,547.2988214860325,519.7085721825262,532.5870820814189,3.1622776601683795,533.2410336798922,539.5451788312077,543.7370688117558,553.8411324558696,532.1522338579441,421.68353062456686,407.191601092164,402.8001986096829,382.3205461389696,352.1647341799005,325.8128297044179,304.4010512465422,295.8462438497403,301.0066444449358,316.58963975468305,350.69074695520555,353.0212458195682,394.14971774694953,397.64557082909903,405.2283306976451,411.2906514862695,407.276318977669,385.4205495299907,377.2227458677432,358.66558240232644,307.67515336796373,21.840329667841555,9.055385138137416,2.23606797749979,8.54400374531753,2.23606797749979,2.8284271247461903,2.8284271247461903,8.48528137423857,11.40175425099138,2.23606797749979,11.40175425099138,324.6798423062325,344.0886513676381,361.9350770511198,364.5846952355515,349.13607662342775,332.8242779606079,334.5878061137315,337.6536687198882,295.01525384291574,274.32280255202994,273.02930245671433,285.95279330686736,281.85279846047297,323.57997465850696,368.2404106015525,302.1737910540886,316.07752213657966,351.45981278092097,351.5366268257121,331.1872582090078,333.01651610693426,323.5428874198906,295.16944286290885,283.9330907097656,281.27744310555727,272.35454833727306,12.529964086141668,266.58019431308094,288.63991407980984,288.9792380085462,262.0534296665472,256.1581542719263,250.79872407968904,226.80828909014767,214.9534833400008,191.36614120580475,176.32356620712957,177.04519197086375,162.96318602678338,147.0136048126159,149.96666296213968,155.32224567009067,177.6091213873882,188.1754500459611,178.84630272946657,192.4162155328911,189.1718795170149,192.16659439142904,189.4333655932872,180.2359564570843,170.53152201279386,149.21461054467824,137.41178988718545,0.0,0.0,0.0,0.0,0.0
2025-06-01 18:44:20.862,0,0.0,0.0,0.0,0.0,0.0,0.0,214.03737991294884,120.8056290079233,67.26812023536856,136.23509092741122,221.5784285529618,342.42225394971047,433.3335897435138,524.218465909014,601.7815218166805,642.5107003000028,689.7796749687541,709.7633408397478,697.2868850050171,665.6185093580256,618.5086903188992,525.7090450049343,429.8650951170611,316.76647549890754,238.6063704095094,168.6475615003075,230.25420734483876,345.4924022319449,454.4029049202921,586.5168369279777,695.2697318307478,767.8294081369897,15.652475842498529,869.3865653436335,847.2036354973933,846.7254572764422,749.3230278057655,686.6185258205608,605.6839109634661,505.81913763715977,400.2811511925087,328.40219244091537,300.8072472531205,414.6564843337193,518.6530632320607,642.9533420085784,764.446204778335,881.7766157026393,944.4162218005364,984.605504758124,999.3582941067732,966.4352021734308,938.093811939936,847.0112159824096,788.3603237099137,661.7990631604127,554.6692708272201,505.3652144736517,525.5901445042515,26.1725046566048,2.8284271247461903,7.810249675906654,19.026297590440446,2.23606797749979,7.280109889280518,5.385164807134504,4.242640687119285,8.54400374531753,12.0,14.142135623730953,794.0661181538978,684.4567188654079,563.5192986934875,466.2670908395745,408.6477700905757,414.8409333708524,494.009109227755,606.1526210452282,757.2483080205594,862.6175282244153,966.611090356406,1072.2056705688512,1145.7896840170974,1176.4935188941756,1196.5391761242086,1133.9135769537288,1073.1607521708945,971.5991972001624,891.3596356129214,758.1688466298256,666.7233309252047,763.2044287083245,736.6661387630085,804.8055665811463,901.940685411186,1017.77649805839,5.0,1241.5836661296732,1291.8223562084688,1335.9045624594596,1339.8567087565746,1318.2507348755776,1270.40308563857,1178.6029865904804,1090.7584517206365,1012.7704577050024,899.1245742387425,803.0566605165541,724.1892017974309,689.82389056918,718.8163882383317,749.1862251803619,832.1177801249052,903.6575678873054,978.9244097477598,1031.0072744651222,1073.5399387074522,1103.2479322437002,1106.3525658667766,1059.5291407035486,1030.2931621630808,964.4075901816616,899.0355944010225,9.055385138137416,8.06225774829855,20.615528128088304,5.0990195135927845,0.0,0.0,0.0,128.0,11.31370849898476,17.204650534085253,13.341664064126334,907.9350197013,904.4003538256716,849.2355385874993,839.3735759481591,740.6706420535379,673.4285411237038,612.2287154323946,560.3588136185599,540.6829015236195,508.4348532506402,505.9644256269407,525.0190472735251,541.5874813915108,579.827560572969,610.0,612.2458656454937,630.8953954499906,629.2296877929394,637.1161589537656,615.7247761784481,609.4801063201324,593.4458694775792,560.7468234417382,530.0943312279429,549.8672567083805,526.7076988235506,11.40175425099138,552.843558341779,533.2785388518837,556.410819449083,519.2003466870954,534.4838631801713,432.12035360533525,389.95512562344913,388.124979871175,360.224929731411,339.1356660689052,335.574134879314,298.7339953872006,291.08418026406036,313.43579884882325,298.41246622753545,335.2193311848229,355.18586683594265,370.0662102921584,383.5205340004626,402.9900743194552,406.6165269636737,412.06067514384335,378.1137395017536,377.1604433129222,350.13425996323184,302.33259830855155,11.704699910719626,9.219544457292889,12.0,9.848857801796104,11.704699910719626,1.4142135623730951,15.132745950421556,2.23606797749979,6.324555320336759,3.1622776601683795,17.08800749063506,341.05864598335575,340.1249770305027,373.6000535331867,376.9416400452463,351.16093176775803,332.20024081869656,329.0911727773931,301.89567734566856,298.7072145094591,279.43514453268045,284.76305940202286,273.23433166423285,307.7027786679867,335.0955087732451,348.4322028745334,336.68976818430343,339.01179920468843,337.85351855500926,340.58919536591293,329.8620923962012,329.3706119252293,308.18500936937215,283.0282671395209,289.54619665953135,283.09185788362055,282.04432275796654,15.0,281.4480413859723,273.5854528296415,268.03917624108607,265.0,265.1886121235224,250.29782260339385,226.6142096162551,215.58524995926783,188.9153249474483,174.6568063374571,157.8005069700348,149.24141516348604,151.34397906755325,158.43295111813072,167.7647161950331,172.16852209390655,175.10282693320517,190.1183841715472,195.8494319624134,199.12307751739877,199.12307751739877,189.4887859478761,181.1767093199344,165.43578814754684,144.53373308677806,128.80993750483694,0.0,0.0,0.0,0.0,0.0
2025-06-01 18:44:20.873,0,0.0,0.0,0.0,0.0,0.0,0.0,100.43903623591775,51.86520991955976,134.46189051177288,239.97083156083784,346.16181187415805,425.3104748298588,515.6520144438496,575.3477209479498,629.1788299045033,658.9840665752093,671.9412176671409,676.2396025078685,642.3581555487561,601.3451587898584,542.0378215586068,434.7102483263996,334.96417718914364,212.7580785775243,157.2895419282541,172.86121600868137,293.33428030150174,421.3597038161101,532.4002253943926,638.9053137985316,740.1520114138716,794.4230610952832,5.0990195135927845,837.2729542986564,824.8357412236693,806.0303964491662,706.9773688032736,636.2153723386444,539.6156039256092,424.0,326.06901110041105,321.645767887594,313.0447252390623,451.9568563480368,569.771884178221,682.2792683351884,850.5492343186254,902.2915271684644,965.2730183735584,1008.5841561317528,1023.066957730529,987.041032581726,951.0856954028906,833.2166584988564,741.3211180048764,620.6230740151384,553.3263051762495,524.321466278084,558.7933428379404,10.0,2.23606797749979,7.0710678118654755,12.206555615733702,3.605551275463989,9.848857801796104,5.385164807134504,7.0710678118654755,1.0,11.180339887498947,16.1245154965971,753.6265653491788,649.5690879344552,531.5072906367325,457.4734965000705,438.5156781689795,468.0309818804734,578.0657402060773,703.0917436579667,850.8049130088518,943.936438538104,1074.498953000886,1148.8972974117398,1182.8951770972776,1213.8805542556483,1193.663687979156,1135.2145171728555,1068.8166353495817,950.782835352006,841.6602640020498,737.7926537991551,654.3408897509004,747.6610194466474,768.5473310083121,856.6469517835221,960.7897792961788,1100.529418052966,1.4142135623730951,1275.4485485506657,1342.9884586250173,1357.3518335346955,1353.9867059908674,1299.650722309652,1251.802700108927,1126.1989167105428,1031.7097460041753,948.261567290376,839.3902548874391,757.2185945947181,676.1597444391377,656.5378892341248,697.0114776673337,761.6679066364816,838.2708392876374,906.0733965855084,988.7699429088648,1047.9818700721878,1085.5362730005847,1109.8143988974011,1087.991268347315,1060.990103629624,1026.5748876725943,954.9910994349632,876.32471150824,7.810249675906654,7.280109889280518,11.40175425099138,6.708203932499369,0.0,0.0,0.0,128.0,7.0710678118654755,10.198039027185567,17.0,926.4232294151524,890.2999494552383,884.2307391173415,829.2677492824619,770.8410990599814,663.9013480932239,634.5470825714984,562.9440469531586,520.3892773683947,509.7842680977906,512.8898517225701,521.0959604525831,540.6782777216041,585.8438358470626,599.8483141595049,611.7205244227138,638.0736634590085,654.988549518234,634.641631158877,620.317660557879,594.9386522995459,563.0497313737038,573.8022307380828,535.8357957434348,521.5841255253077,524.2642463491097,12.041594578792296,529.0604880351584,528.6397639224655,550.1099890021994,540.9741213773539,542.299732620255,448.1751889607456,408.0061274049693,411.0596063833079,386.5242553837987,372.5211403397128,346.95388742598055,316.7459549860108,290.9931270666027,290.1930391997713,313.0063897111367,342.5930530527436,350.34411654828745,385.507457774814,394.11800263372896,421.2006647668068,425.0,420.9002257067582,419.1049987771561,407.3818847224309,371.4969717238621,359.90276464623054,5.385164807134504,11.6619037896906,3.1622776601683795,14.212670403551895,7.615773105863909,4.0,13.601470508735444,2.8284271247461903,5.0,7.615773105863909,7.0710678118654755,358.21781083580976,357.92876386230824,352.0227265390688,367.02179771779225,383.09920386239384,352.20590568586437,333.08407347094817,343.49381362697056,344.7230772663762,332.28000240760804,291.5836072209822,310.3111341863195,317.3846247063648,330.2483913662563,340.36597949853916,326.0061349115995,343.02332282222443,341.35172476494097,363.04407445928655,340.37920030460145,342.5857556875358,332.3627536292236,288.7299776607895,289.36482163524994,274.6142749385035,264.4617174564213,5.830951894845301,270.5346558206545,282.8992753613908,278.71849597757233,284.60498941515414,275.40878707840824,262.23081436017395,252.9229131573492,238.7299729820284,209.53758612716717,194.164878389476,162.18816233005415,152.08221460775746,147.07821048680188,135.4843164355196,141.50971698084905,140.52046114356443,166.23477373883,164.07315441594946,189.2828571212935,190.0236827345476,199.15069670980316,198.01262586006985,195.0,181.33394607739612,168.24089871371942,136.23509092741122,0.0,0.0,0.0,0.0,0.0
2025-06-01 18:44:20.873,0,0.0,0.0,0.0,0.0,0.0,0.0,108.84851859350222,53.03772242470448,130.09611831257686,241.59884105682295,345.8916015170071,434.01497670011344,508.8270826125512,571.6957232654447,634.3760714276666,660.3400639064694,679.744069484979,678.1334676890679,662.5352820793772,600.8860124848972,522.7332015474051,440.55646630142655,339.423039877967,226.01991062736045,141.15594213493105,174.86280336309378,292.52692183797376,422.87823306479135,528.7882373880872,642.79467950505,740.4822752774032,801.0574261562026,18.110770276274835,853.2836574082502,845.2147656069433,783.0925871185348,715.9392432322732,625.3199181219162,525.2780216228355,419.26841044848584,335.6799070543246,288.63991407980984,325.44431167251946,452.0398212547209,549.5316187445451,709.2037788957416,851.1286624241955,905.6412093097356,961.3266874481328,987.8345003086296,1018.120817977906,974.508081033708,881.0499418307681,817.5145258648314,741.2961621376439,640.8572383924519,550.3816857418132,540.1712691360028,561.2307903171386,15.033296378372908,17.69180601295413,21.2602916254693,6.082762530298219,7.810249675906654,10.0,12.806248474865695,8.54400374531753,15.811388300841896,8.54400374531753,8.0,754.1279732247041,661.3115755829472,538.5434058643741,440.5110668303351,430.16275989443807,462.0876540224809,581.0473302580436,709.9802814163221,828.0706491598407,961.9157967306702,1080.9241416491725,1149.6582100781084,1181.003810324082,1210.826164236634,1195.8532518666327,1148.6274417756176,1060.0018867907736,951.7231740374928,841.8004514135164,744.5186364356503,638.6235197673195,763.4664367213531,774.3209928705278,858.1200382230915,966.0460651542452,1083.0904856012723,14.317821063276352,1267.4423063792688,1345.4430497051892,1358.5598993051428,1365.524441377744,1304.96475048179,1250.6142490792274,1152.3163628101445,1056.1912705566165,950.2431267838772,842.0950065164857,752.8001062699182,688.0995567503295,669.8567010935996,700.1606958406048,757.4971947142775,832.7214420200792,901.7033880384392,998.190863512585,1056.7544653324155,1100.652988003031,1129.91902364727,1096.8158459832716,1069.1982977913872,1016.6439888181112,961.5326307515518,888.8515061583684,13.152946437965904,12.206555615733702,10.44030650891055,9.0,0.0,0.0,0.0,1152.0,1.0,7.0,5.0,930.5745537032484,897.7883937766181,881.7306845063293,821.9695858120299,760.7502875451313,681.2055490085206,624.8015684999518,568.3915903670637,539.7128866351071,503.3219645515185,509.59788068633094,516.5771965543969,548.3721364183268,578.247351917845,596.1417616641196,622.385732484285,642.72000124471,640.2249604631172,622.4034061603455,613.0424128883743,603.4608520857007,574.2473334722591,568.3775153891997,529.6272273967795,513.1754086080119,517.6195514081747,6.082762530298219,523.4730174517116,540.1666409544373,548.5663132201977,564.9504403042802,547.9096640870646,445.5333881989093,415.2890559598218,422.8061021319347,407.7511495998509,372.3237838226293,355.1408171415953,322.84516412670644,297.4155342277871,295.70255325241953,311.23785116852355,328.93768406797057,346.9437994834322,388.0850422265718,412.31056256176606,414.4212832372391,439.3005804685443,424.19924563817887,415.76555893916947,403.5405803633632,392.8269339034685,357.50524471677335,8.602325267042627,2.0,5.830951894845301,13.341664064126334,9.055385138137416,16.64331697709324,13.45362404707371,5.830951894845301,12.649110640673518,10.816653826391969,6.324555320336759,347.476617918386,362.067673232505,379.7946813740287,378.5828839237189,379.0052770081177,361.6807984950266,354.18921496849674,325.9723914689709,305.1098162957069,327.37134877688976,293.0614270080592,277.36618395182927,316.46958779636316,342.5857556875358,358.949857222426,339.6380426277363,351.9730103289171,346.38995366494106,341.0630440255877,344.095916860401,338.15528977083886,311.4514408378937,281.1565400270817,280.8558349046713,289.05708778717053,264.1968962724581,12.041594578792296,270.1481075262235,283.0494656416083,282.17902119044925,280.40149785619906,274.57785781085846,267.21714016881475,241.0808992848666,241.8677324489565,200.44201156444225,183.04371062672436,157.1146078504478,145.24462124292245,136.36715146984628,132.31024147812596,147.2582765076381,144.62710672622887,180.1887898843877,163.63679292872982,182.33211456021672,189.17980864775183,188.32153355365392,199.12307751739877,191.06281689538653,177.88198334851114,166.4602054546371,145.72576985557495,0.0,0.0,0.0,0.0,0.0
2025-06-01 18:44:20.877,0,0.0,0.0,0.0,0.0,0.0,0.0,124.32618388738553,60.876925020897694,129.76902558006668,226.73773395709856,336.91690370178816,430.6286102896555,513.4909931050398,577.2183295772926,647.0587299465172,681.7074152449861,688.7735476918375,677.9505881699639,655.5730317821196,603.8046041560134,532.18417864495,443.8468204234429,342.24260401066374,223.57325421436255,154.20765220960988,190.80094339389416,293.318939040765,431.6167281280928,545.3631817422221,660.6398413659291,754.8039480553874,812.618606727658,2.23606797749979,859.6726121030028,829.1182062890671,790.3853490544976,700.0714249274855,634.7164721353937,546.9963436806502,415.5237658666469,333.7019628351023,295.70255325241953,316.24357700987383,477.3813988835342,573.4823449767221,711.4731196608907,775.0774154882853,894.0743816931564,986.877905315546,962.0420988709382,968.5628528908178,999.5849138517448,911.2738337075195,822.693746177762,692.9163008617996,611.3763161915908,523.1873469418006,504.937619909628,540.734685404959,5.0990195135927845,9.433981132056603,8.54400374531753,7.211102550927978,7.615773105863909,6.4031242374328485,7.280109889280518,14.7648230602334,11.04536101718726,8.0,10.0,737.767578577427,626.0798671096204,511.51930559852775,421.7416270656716,403.8341243629617,418.3837950972767,536.1828046478179,651.36932687992,802.8474325798146,933.5614602156624,1033.9888780833187,1108.6324909545092,1182.3810722436317,1185.0814318012076,1177.1699112702463,1134.599488806513,1063.7001457177676,956.5693911055276,867.4520159639956,726.6615443244538,653.4011019274454,749.9473314840183,747.7332412030376,821.5698387842631,929.6348745609752,1046.7941535946788,3.605551275463989,1252.917395521349,1331.4522146889087,1368.0369147066172,1364.076977300035,1338.180854742736,1286.174560469923,1197.1670727179228,1105.318958491168,985.8950248378374,888.2707920448584,788.1954072436606,715.2013702447724,688.0007267438023,701.6017388803994,773.4371338382972,826.9860941998965,912.0663353068132,998.2785182502928,1046.0831706895967,1094.7748627000897,1075.8480375963884,1105.2691979784834,1081.1003653685443,1046.2294203471818,971.370166311484,883.1789173208336,11.704699910719626,8.94427190999916,18.027756377319943,26.0,0.0,0.0,0.0,128.0,10.295630140987,7.810249675906654,4.123105625617661,920.5661301612176,891.6709034167259,877.989749370686,827.1070063782557,760.8955250229824,654.0741548173265,633.790186102625,581.8702604533075,518.946047292009,519.6691255019871,491.248409666637,510.61629429543274,540.8142009969782,567.0202818242043,586.2431236270495,602.6557889873787,629.2296877929394,620.0201609625287,634.7692494127296,589.2851601728996,620.4425839672838,602.0182721479473,557.3149917237109,548.0009124079995,540.2406871015918,523.6993412254783,8.54400374531753,538.1644730005875,555.2341848265469,556.0080934662732,544.5897538514657,564.1453713361477,433.7614551801485,399.0588928967753,403.0446625375406,382.2525343277661,351.66034749456753,330.82926110004234,322.88852565552713,298.82603634890984,302.2002647252315,295.8141308321832,330.08180804158235,371.7687453242943,372.5077180408481,390.5713763193611,417.2205651690722,396.23225512317896,416.63533215511137,387.1976239596519,381.25057377006,344.06104109590785,329.56941605676946,8.94427190999916,15.132745950421556,9.219544457292889,7.280109889280518,6.324555320336759,7.211102550927978,8.54400374531753,7.0710678118654755,5.0,13.41640786499874,3.1622776601683795,326.0076686214605,341.80988868082795,358.33643409511126,359.5622338344226,370.85981178876744,338.42724476613876,319.53090617340916,319.7702300089863,321.1245864146811,301.3104711091203,288.22560607968194,308.65028754238995,316.16609558901155,335.9315406448165,338.18929610500686,323.18725222384626,317.42085627759246,335.2610922848042,344.223764432382,327.9176725948146,340.05440741151995,314.67125702866474,300.6825568602209,287.0,277.79488836189915,269.0074348414928,17.4928556845359,271.0073799733136,261.0938528575501,261.00766272276377,267.22649569232465,264.0075756488817,251.745903640953,239.7602969634464,224.610774452162,203.2732151563506,195.1665955024066,166.1114083980989,150.86749152816188,137.43725841270262,143.69411957348845,150.57224179774968,157.69590990257166,155.502411556863,172.07265907168403,190.8743041899564,199.58206332233365,195.8494319624134,203.5313243704762,190.51509126575775,187.62729012593024,172.80335644888382,155.56670594957006,0.0,0.0,0.0,0.0,0.0
2025-06-01 18:44:20.878,0,0.0,0.0,0.0,0.0,0.0,0.0,129.0348790056394,75.28612089887484,117.4563748802082,219.65882636488797,321.3113754600045,425.205832509386,514.192570930386,575.0034782503494,630.9690959151644,667.6114139227999,684.6254450427621,695.8052888560132,651.8604145060506,613.3326992750345,543.9485269765881,455.548021617919,350.891721190455,229.42101037176172,160.85397104206038,187.4459922217597,300.00166666203705,426.7095030579938,543.8207425245934,644.5098913127711,731.2591879764657,796.1789999742521,8.94427190999916,856.6358619623626,830.1355311032048,793.7883848986454,730.0,637.9130034730441,548.3885483851756,413.81759266614074,321.68618248224465,297.47773025892207,319.92030257550084,487.2473704392872,574.913036902104,713.1058827411256,798.7990986474634,936.1244575375648,953.0125917321344,998.8178012030022,1005.9746517681248,949.0732321586148,899.0088987323763,826.1767365400699,733.4152984496574,589.5252327084906,520.6169417143473,494.77267507411926,548.9307788783573,24.331050121192877,5.830951894845301,12.083045973594572,13.038404810405298,13.601470508735444,11.704699910719626,4.123105625617661,7.0710678118654755,2.23606797749979,6.324555320336759,8.246211251235321,738.0277772550298,610.1229384312641,524.7418412896002,430.72497025364106,390.69809316145887,411.21405617999005,527.471326234896,656.8142812089275,783.614701240348,904.0796425094418,1012.6401137620412,1106.4379783792674,1164.7669294755926,1194.2470431196386,1160.269365276874,1121.1288953550345,1041.0341012666204,959.752572281002,855.3601580620879,725.8608682109816,653.4286495096461,737.5269486601828,736.0978195865003,813.5410253945403,929.0193754707165,1045.4898373489816,15.264337522473747,1245.5520864259352,1322.8578910827875,1360.0621309337305,1366.644064853757,1339.951118511418,1272.1560438876986,1194.4994767684077,1100.0477262373663,994.6702971336784,881.9053237167808,797.3562566381479,715.1006922105446,699.0064377385947,709.0345548702122,776.9588148673004,839.7243595371043,925.032431863878,1003.753953915002,1049.7814058174206,1090.4035950050788,1077.727702158574,1113.182824157829,1095.6482099652242,1053.0299141050075,975.345067142906,900.0938839921089,12.806248474865695,14.142135623730953,8.54400374531753,3.605551275463989,0.0,0.0,0.0,128.0,21.213203435596427,16.1245154965971,8.48528137423857,934.3901754620496,889.2536196159114,873.3389948925903,826.3201558718025,779.5030468189332,655.133574166368,615.8806702600756,573.2660813269873,531.9445459820037,493.8339801998238,493.79449166632065,513.8024912356888,535.8441937727795,556.8357028783266,575.0869499475709,606.7231658672677,620.0008064510885,624.9047927484634,649.0392900279612,582.0867632922088,618.3922703268533,590.7122819105762,561.6208685581404,563.8022703040491,550.567888638631,525.7917838840771,11.40175425099138,542.9769792541854,543.323108288245,545.2412310161438,546.9780617172868,559.0313050268294,440.7833935165888,398.1205847478877,400.8241509689754,372.9731893849744,349.48247452483224,310.6976021793538,308.05843601498725,291.6659047609096,292.32345099221857,312.41798923877604,326.03834130359576,345.3519943477958,375.99601061713406,384.78695404080423,405.62174497923553,395.9254980422453,399.9212422465203,403.54677547962143,393.48697564214245,353.8036178447021,314.9492022533158,5.0,2.23606797749979,5.0990195135927845,4.0,9.433981132056603,6.4031242374328485,12.0,15.811388300841896,2.8284271247461903,6.082762530298219,9.055385138137416,332.7100840070827,340.26166401756166,365.0712259272155,354.45168923282057,372.29289544658246,338.64730915806786,348.037354317033,330.06817477606046,308.01623333843946,290.5804535752534,302.6450065671,313.4661066207956,296.14354627443765,353.8714455844099,333.1816321467917,339.1592546282646,345.6848275524976,352.7903059892661,340.3307215048327,318.1351913888182,325.55798254688824,321.90837205639747,308.6907837950463,290.1671931835162,260.6338427756457,272.9468812791236,3.605551275463989,264.9150807334305,268.28715958837836,265.9793225045887,280.0607077045975,257.30915257720625,240.74052421642685,233.5658365429328,225.06221362103412,203.2732151563506,194.40164608356588,173.5280957078709,154.1590088188167,141.73566946961515,135.50645741070792,153.20900756809309,159.2231138999611,165.1575005865613,190.09471323527123,194.164878389476,202.27703774773843,197.80040444852483,201.40009930484143,194.6997688750554,186.48860555004427,162.36378906640482,146.102703602637,0.0,0.0,0.0,0.0,0.0
2025-06-01 18:44:20.885,0,0.0,0.0,0.0,0.0,0.0,0.0,164.21023110634732,67.67569726275453,90.78546139112804,214.597297280278,312.694739322554,419.2970307550484,517.2939203199667,577.1325670935578,642.9961119633617,691.783925803426,715.0419568109273,708.861058318201,686.9308553267934,638.7519080206337,573.8518972696701,479.9677072470605,397.0113348507823,270.4902955745363,166.5322791533221,178.33956375409244,264.1968962724581,416.8752811093505,539.91573416599,647.892738036166,739.7600962474254,828.879967184634,19.235384061671343,874.8216961187005,853.6960817527512,822.6129101831553,756.0066137276842,672.8833479883419,565.5864213362977,450.24993059410906,355.5629339512205,296.06080456554866,319.4526568992658,459.76189489778295,590.9018531025266,743.8198706676234,842.3740261902666,946.822581057296,964.0420115326924,1029.0082604138802,1092.4637293750309,1014.9546787911272,935.091974085972,858.2120949975011,745.3992218938788,671.9560997565243,559.3433650272433,517.7306249392632,551.514279053589,7.0710678118654755,5.385164807134504,13.892443989449804,12.649110640673518,11.0,11.40175425099138,7.0710678118654755,25.70992026436488,15.264337522473747,10.816653826391969,12.16552506059644,769.3438762997987,664.2665127793211,548.8934322798916,463.0,407.5782133529711,431.52983674364856,527.9782192477262,683.668048105219,822.6518096983681,941.4908390419952,1057.8667212839243,1141.732455525374,1173.9936115669454,1213.7417352962698,1190.3129840508336,1146.3620719476023,1071.0004668533063,962.149676505688,868.3461291443638,725.6038864284011,643.7367474364036,737.3418474493361,732.8424114364561,828.3869868606097,946.2076939023484,1059.5329159587257,15.0,1275.2074341063103,1335.857776860995,1373.8344150588164,1360.5017456806147,1341.0238625766508,1264.420816026057,1129.2138858515689,1075.1283644291038,955.477890900674,845.133125608031,751.732000117063,690.6286990851162,667.2158571257131,696.147254537429,751.4851961283069,832.1658488546619,900.7402511268162,998.2990533903156,1040.8981698514028,1074.9274394116098,1117.1750086714258,1081.184535590479,1053.189916396848,1025.3219006731497,946.237285251432,881.1855650202175,2.0,10.0,12.0,7.615773105863909,0.0,0.0,0.0,128.0,10.295630140987,13.45362404707371,18.110770276274835,937.1926162747976,905.8438055205764,875.0982801948591,823.344399385822,742.4284477308235,637.2832965016422,617.2584547821115,574.8017049383204,530.3960784168752,506.7642449897191,504.9059318328514,513.6535797597443,542.0673389902771,578.7780230796604,582.1838197682928,612.1478579559026,629.7428046432924,636.9654621720082,632.6784333292861,602.3163620556892,609.0812753647907,576.6394020529641,553.1952638987431,536.6460658571905,520.3268203735033,514.78150704935,8.94427190999916,529.2948138797508,526.7750943239439,525.9895436223044,530.0037735714718,532.6856483893667,407.8001961745482,376.1130149303531,384.0377585602749,347.731218040601,335.85860119996926,299.47453981933086,290.31879029783795,283.74812774712717,279.5782538038322,304.8212591011329,332.7957331457241,352.62586405424094,383.5635540559087,403.10420489000114,406.5095324835569,423.0579156569464,401.6179776852625,407.0884424790269,393.46791482915097,363.0881435684729,328.8236609491476,10.770329614269007,6.324555320336759,9.0,19.697715603592208,5.830951894845301,7.810249675906654,12.206555615733702,15.556349186104043,8.602325267042627,17.204650534085253,12.041594578792296,324.6798423062325,385.1882656571978,374.8826483047728,378.8627719900703,381.09578848368295,347.40466318113806,375.4850196745537,350.46397817750113,330.15148038438355,298.02181128232877,285.63088068344433,316.0569568922665,330.9153970428091,338.14346067904376,369.4996617048519,348.209706929603,357.169427583045,374.41821536885726,361.2478373637688,354.4643846707311,340.75357665034124,323.4439673266453,312.8226334522488,287.0,281.12808468738945,284.9438541186667,11.180339887498947,289.91895419237426,292.7541630788536,293.07336965340266,285.7708872506085,294.8847232394381,278.03776721877193,239.75404063331237,240.0749882849107,216.37236422426963,195.88772294352705,186.65744024817224,154.0194792875239,148.93287078412206,141.01418368376991,149.21796138535066,169.1685549976709,173.21951391226105,204.6851240320117,213.693706037403,210.8885961829136,204.08331631958552,211.02606474082768,197.27392123643713,184.5480967119412,180.7373785358192,162.58536219475602,0.0,0.0,0.0,0.0,0.0
2025-06-01 18:44:20.886,0,0.0,0.0,0.0,0.0,0.0,0.0,130.86252328302402,56.22277118748239,117.15374513859982,228.7116088002531,326.58536403213174,432.20018509945135,520.6006146750117,590.2855241321779,650.6811815320925,683.8603658642603,717.8641932844959,708.5336971520833,679.2230855911774,638.2358498235585,562.3095233054479,464.45667182203334,367.3064115966396,250.84058682757063,156.41611170208776,180.60177186284747,284.92981591964013,420.07618356674305,540.5071692401499,647.707495710834,751.5317691222374,820.6247619953958,3.0,883.9711533754934,863.2386691987332,828.5897658069402,737.5316942342207,656.6170878068891,563.1278718017783,438.32065887886233,330.8609980036934,314.9492022533158,350.69787567078305,453.1103618325231,563.9689707776483,748.6841790768655,823.0492087354194,926.25104588335,994.5013826033628,1018.7531595043032,1034.120399179902,1003.731039671485,955.6871873160172,836.2278397661728,780.4031009676986,625.5493585641344,566.2199219384638,517.3364475851281,537.0754136990447,3.1622776601683795,13.0,10.816653826391969,6.324555320336759,10.0,11.04536101718726,11.704699910719626,7.280109889280518,15.620499351813308,17.0,7.0710678118654755,772.1871534802946,642.1471793911423,520.0201919156601,454.1728745753097,413.6520276754364,439.0102504498044,546.1172035378487,685.3502754066711,813.3805997194671,954.5365367548798,1052.5060569896973,1133.7945140103652,1167.0818308927614,1206.7452092301835,1174.4568957607596,1138.3953619020062,1060.1702693435616,949.7115351515954,860.4301249956326,740.2229393905595,657.0700114904042,745.5803108988326,738.8775270638565,828.8769510608918,943.3329210835376,1072.0867502212682,14.142135623730953,1262.3414751959947,1333.25203918839,1360.7839652200491,1365.1318617628117,1336.179628642796,1253.88117459351,1167.8664307188558,1082.1774346196653,960.5191304706012,862.8470316342289,753.8832800904926,698.2213116197471,674.8073799240788,707.2481884034769,747.3479778523523,834.5597641870833,909.9593397509584,985.6495320345869,1042.317130243958,1079.6411440844593,1089.73620661149,1106.946249824263,1069.8471853493843,1039.6292608425372,955.3774123350416,893.9960850026134,8.602325267042627,4.242640687119285,5.385164807134504,2.23606797749979,0.0,0.0,0.0,128.0,11.04536101718726,18.35755975068582,18.35755975068582,941.583772162626,889.0725504704326,881.9733556066192,840.3154169715084,769.0786695780868,659.7310057894808,611.6878288800588,567.0484988076416,526.3430440311718,531.8279797077247,513.2562712719641,523.6735624413361,542.4923962600766,585.4921007152872,597.3826244543776,620.8776046854967,625.7683277379896,629.3250352560273,641.599563590874,618.8667061653907,606.0115510450275,581.3105882400561,550.112715722878,542.3688781631926,541.8053155885424,519.1425623082739,8.602325267042627,514.9262083056174,534.9392488871985,535.6510057864168,527.5244070182914,513.7781622451464,413.4247210799083,398.8144932170846,390.6776164563309,338.49667649771686,331.48303123991127,285.68689154387187,279.4065138825507,271.01475974566404,271.28029784707917,284.3958508839396,316.55173352866035,343.4603324985289,359.9805550304072,387.9304061297593,392.21040271772495,401.0486254807514,410.776094728016,390.713449986048,374.4569401146145,369.16798344385177,322.7212419410907,10.63014581273465,2.0,19.026297590440446,8.602325267042627,7.615773105863909,2.8284271247461903,3.0,5.0990195135927845,18.867962264113206,11.180339887498947,17.26267650163207,339.42598604113977,360.90164865237176,379.5207504208433,391.2198870200747,397.3965274131117,368.5986977730659,377.4453602841079,373.150103845624,346.63237009835075,327.00152904841286,314.6823795511913,316.39374203672236,316.17242131469976,339.7793401606401,365.41072781186926,325.40743691563046,331.6157414840255,357.24641355792505,358.2973625356458,338.1419820134731,344.28476585524373,340.2425605358624,295.9408724728641,287.8419705324434,282.7330896800019,273.80650101851126,10.0,278.25887227544064,289.5876378576958,275.13632984395207,302.12911147388627,283.2966642938106,284.50834785643815,251.80349481291955,235.6692597688549,218.6343980255623,186.19613314996636,179.88885457415086,138.92443989449805,132.00378782444085,126.82665335015348,158.14550262337528,170.06469357276953,150.5257453062432,192.5201288177421,209.0287061625747,210.20228352708256,208.86598574205425,201.357890334598,200.60907257649143,203.69094236121543,169.59363195591985,143.0314650697531,0.0,0.0,0.0,0.0,0.0
2025-06-01 18:44:20.889,0,0.0,0.0,0.0,0.0,0.0,0.0,104.1393297462587,57.62811813689564,114.73883387938018,231.2444593930847,328.46917663610384,422.621580139964,506.0533568705972,562.1183149480188,628.0398076555339,664.8097472209624,680.8494694130267,663.4945365261119,639.038340007859,602.7968148555532,537.7443630573918,447.7253622478852,330.77031305726337,240.160363090998,147.12239802287073,164.4506004853737,268.0335799857921,416.9904075635314,534.4249245684562,638.5765420057332,728.5176730869334,788.5917828636055,12.206555615733702,855.0052631416955,826.1967078123708,798.7052021866391,711.8461912520148,653.6153302975688,535.6724745588483,433.3912781771225,364.83694988309503,317.1655719021218,305.6403114773966,425.44212297326646,573.3489338962793,711.1638348510138,793.5244167635927,927.8146366597156,976.2888916709028,1053.1234495537549,1022.8206098823,1009.5434611744064,926.0410358078092,851.2608295933744,733.7574531137657,643.4570692750217,568.4681169599576,525.9667289857791,552.7395408327507,12.16552506059644,25.495097567963924,9.219544457292889,16.76305461424021,13.601470508735444,12.36931687685298,14.560219778561036,20.8806130178211,8.06225774829855,10.0,6.4031242374328485,751.5217894379377,649.8507520962024,542.0258296428317,459.91520957672185,418.3897704294406,475.8959970413704,559.456879482235,700.405596779466,825.8099054867288,954.464247627956,1049.7818821069452,1138.550833296432,1179.4142614026675,1197.554591657516,1161.468467070889,1135.8419784459456,1049.5927781763744,963.2055855319776,838.0,716.7126341847198,664.1513381752686,759.9789470768253,787.0228713322123,861.8607776201444,963.4194309852796,1073.071293064911,1.0,1274.6136669595223,1333.181533025417,1338.7191639772698,1359.062176649766,1300.2599740051987,1237.4946464530665,1137.0716775999656,1048.0801496068896,945.9006290303438,838.1079882688149,753.2994092656651,688.9941944603016,673.213933307979,699.466225060224,769.4621498163506,823.1773806416209,919.0179541227692,995.9056180180932,1038.3010160834865,1087.976562247551,1053.5088988708164,1078.660743700261,1043.8702026593153,1016.8549552418968,928.618866920116,868.3691611290673,3.1622776601683795,14.866068747318506,5.656854249492381,7.211102550927978,0.0,0.0,0.0,128.0,11.180339887498947,5.0,6.708203932499369,924.7815958376334,889.0742376202338,871.6220511207825,806.8983826975984,739.4653473963469,673.4901632540746,610.8043876725183,563.42168932337,525.3046734991037,518.000965250066,514.2003500582239,526.8491245128913,545.9761899570346,569.1976809510031,584.1951728660551,632.3140042731934,616.8930215199391,643.0186622486162,628.1719509815764,605.0429736803825,599.1610801779435,569.6823676400736,557.0035906526995,533.3385416412356,529.1814433632381,506.8984119130775,12.806248474865695,514.1915985311311,544.6117883410163,556.0080934662732,550.8484365049973,545.6784767608119,439.95681606266766,401.6727523743676,414.4514446832101,379.85391929003447,364.4859393721519,333.492128842646,312.01442274356486,289.56001105124994,284.82275190019493,308.21096670949265,305.94934221207274,354.9535180837063,376.4491997600739,388.81486597093993,409.0195594345092,403.8539339909914,415.8954195467894,415.3901780254319,396.42653796132265,372.8645866799367,345.950863563021,5.385164807134504,14.0,17.029386365926403,3.1622776601683795,4.47213595499958,18.867962264113206,2.23606797749979,5.0,12.083045973594572,2.23606797749979,14.560219778561036,346.0361252817399,369.43199644860215,363.46389091627793,381.064299036265,373.8462250712182,347.76141246550054,358.24014292091834,317.03627552694974,316.9384798348096,300.647634283059,312.1618170116262,324.29924452579286,326.3081365825866,323.44551318576055,363.27537764070934,330.4617980947268,352.4556709715422,355.48980294798895,357.6870140220357,341.23452345857385,329.07901786653,311.8493225902535,293.09725348423177,287.04180880143576,273.70787347096905,262.37568484903477,17.46424919657298,264.5467822522134,275.0781707078917,279.7320146139873,278.61442891566116,268.19768828235635,260.5724467398654,235.54405108174564,224.96444163467257,203.48218595248088,183.3057555015663,150.88074761214563,141.01418368376991,139.46325680981354,130.17680284904833,144.5060552364502,145.00344823486094,163.74675569305182,168.36270370839262,188.73261509341728,196.5120861423032,195.13328778042973,190.70395905696347,190.07893097342483,173.0028901492689,163.19313711060278,147.46185947559457,0.0,0.0,0.0,0.0,0.0
2025-06-01 18:44:20.891,0,0.0,0.0,0.0,0.0,0.0,0.0,105.07616285342742,48.16637831516918,121.5976973466192,234.35016535091245,333.1095915761058,419.2397881880965,497.16093973682206,553.0461101933545,614.810539922666,646.8114099179141,659.0978683018175,648.951461975393,624.8775880122442,581.3776741499453,512.6012095186667,417.1138933193187,311.0064308016797,222.28360263411244,136.8941196691808,171.04677722775136,274.7544358149655,418.6275194011975,513.0896607806476,630.3935278855581,712.1579880897216,760.7003352174889,7.615773105863909,818.3355057676528,809.689446639883,765.0522857948991,696.3023768450026,622.3961760807982,535.261618276521,405.8595816289176,314.75863768926183,294.20571034566956,340.2704806473815,476.1701376608995,567.5253298311891,680.9126228819672,819.7414226449704,934.6796242563544,967.7752838340108,979.8066135722906,979.50446655439,934.6812290829424,880.2505325190097,824.457397322627,747.1017333670161,628.7527335924672,542.6094359666075,510.43902672111585,537.9042665753824,10.198039027185567,8.54400374531753,13.601470508735444,9.848857801796104,10.04987562112089,13.892443989449804,1.0,12.083045973594572,2.23606797749979,24.041630560342615,10.198039027185567,740.0168916991017,617.6803380390216,531.6812955145216,445.9820624195552,433.0588874506561,455.2142352782918,554.5628909330302,676.5478549223255,820.2548384496125,933.9598492440668,1035.2956099588175,1120.073658292168,1160.9349680322323,1164.4397794647862,1142.5309623813264,1108.1985381690413,1018.4085624149084,929.8440729498684,821.9568115174909,708.283135476202,652.4116798463988,749.2676424349313,759.4214903464347,844.9047283569905,950.2236578827112,1067.219283933719,22.20360331117452,1250.5410828917218,1309.6717145911032,1310.4567905886863,1321.0696423731792,1271.8018713620452,1219.1554453801205,1128.5712206148091,1028.7706255526546,931.6007728635695,810.1950382469644,738.3122645601927,672.6440366196671,662.9223182243904,699.8242636548122,747.246278010135,811.1448699215202,895.6455772234908,960.9047819633328,1021.153269592768,1067.316728998473,1054.1826217501407,1052.521733742349,1034.464595817566,978.0250508039148,918.822072003062,857.6042210717015,4.0,4.0,8.246211251235321,8.06225774829855,0.0,0.0,0.0,128.0,2.23606797749979,11.180339887498947,11.6619037896906,914.2483251283536,878.179936004006,862.3601335868907,787.7182237323192,737.9220826076422,638.8466169590318,603.6820355120732,555.4457669295896,519.7278133792726,505.15443183248425,484.73704211665114,518.1515222403578,531.7790894723108,559.3576673292322,583.6480103624101,598.0777541423857,608.8226342704417,622.6154511413928,601.561301946859,584.1386821637478,591.9434094573568,567.2547928400429,538.5434058643741,528.4581345764298,494.5836632967167,504.23208941914834,6.324555320336759,516.5510623355642,532.634959423431,534.1582162618113,535.6155337553234,525.0304753059578,440.9002154683075,416.9844121786808,396.30417610719167,381.8743248766537,352.0127838587684,343.4312158205774,316.7459549860108,289.2006224059692,281.9024654024863,286.574597618142,316.4253466459348,336.590255355083,359.723504931218,380.1946869697156,399.38202262996265,399.78244083501215,406.60545987480293,400.7842312267288,394.01142115426046,381.13645850272576,347.9727000786125,9.0,6.708203932499369,12.16552506059644,4.123105625617661,8.602325267042627,4.242640687119285,6.708203932499369,10.770329614269007,5.0,3.605551275463989,5.830951894845301,343.18799512803474,360.9376677488788,369.9621602272319,384.4008324652797,384.974025097798,344.62298240250897,329.46168214224855,327.33163611236847,304.20059171540083,292.2190958852621,275.138147118861,265.69907790581436,298.1677380267691,341.2110783664563,331.6579563345345,327.6049450176233,315.08728949292765,338.14789663695973,339.08700948281694,326.4751139060985,335.5964838909967,317.90721916936707,292.0616373302047,286.16254122438875,272.2223356008834,265.2941763401526,4.47213595499958,266.98689106396216,278.21214926742505,269.3120866207085,269.5366394388711,259.6959760951255,259.724854413281,238.64827675891564,233.00643767930532,196.46119209655632,177.1383639983163,156.08010763707205,131.50285168010618,138.27870407260838,131.93938001976514,137.20787149431334,143.0,166.01204775557707,175.1142484208524,184.7187050625897,184.26068490049633,191.637678967368,188.2471779336944,185.60711193270583,188.1515346735179,155.92947123619703,130.14607178090316,0.0,0.0,0.0,0.0,0.0
2025-06-01 18:44:20.896,0,0.0,0.0,0.0,0.0,0.0,0.0,117.7454882362802,55.154328932550705,122.00409829181967,221.89411889457548,313.5889028648814,409.444745967023,487.2832851637741,564.3979092803232,622.4146527838175,649.3974129914593,658.2377989754159,664.2665127793211,630.5965429654685,592.0717861881277,512.4860973724068,436.7195896682447,327.75753233144775,226.00221237855172,159.13830462839547,198.4943324127921,297.86070569982877,425.8368232081392,537.9228569228119,627.9108216936542,719.6679790014281,783.6000255232257,6.082762530298219,828.7339742040265,805.4644622824771,750.5970956511889,693.9373170539253,601.8513105410672,509.7695557798641,397.0113348507823,317.52952618614853,280.07141946296485,302.3722870899382,428.01051388955386,576.4199857742617,674.8407219485202,799.1651894320723,851.3900398759666,962.210995572177,1007.4462764832674,964.3054495334972,931.0263154175612,871.9776373279306,807.8329035140869,688.3865193334337,600.5397572184543,496.2358310319802,481.7053041019997,537.6876416656794,12.36931687685298,2.0,13.41640786499874,7.211102550927978,11.180339887498947,1.4142135623730951,4.0,13.892443989449804,6.708203932499369,7.615773105863909,5.0990195135927845,711.1293834457974,584.041950548075,499.9849997749933,412.3505789980172,388.3722441163889,403.4414455655244,514.2178526655798,647.6025015393316,783.0229881682912,908.3903346029172,1009.875239819256,1083.4726577076135,1132.260129122279,1154.3560975712824,1121.378615811805,1101.0004541325131,1020.9431913676686,921.3956804760916,830.7803560508638,737.1092185015732,631.5829320049743,710.4118523786044,712.0007022468448,796.1940718191765,888.9572543154142,1028.484321708406,9.848857801796104,1224.2324125753246,1312.6039006493925,1325.543284845878,1324.6799613491555,1301.067254218628,1257.9419700447236,1105.4704880728386,1072.910993512509,961.4390256277306,859.7772967460818,771.746072228424,707.1195089940596,679.5660379977799,684.1432598513268,749.7366204207982,817.9272583793745,894.7139207590324,974.6265951635016,1040.158641746537,1064.906568671637,1056.9394495428771,1077.2427767221277,1066.9283012461522,1029.474623290929,947.7816204168552,873.043526979039,15.811388300841896,3.605551275463989,13.601470508735444,5.656854249492381,0.0,0.0,0.0,128.0,8.0,14.212670403551895,16.76305461424021,903.6487149329656,867.8715342722102,844.7277667982745,796.7816513951611,736.3762625180146,618.7745954707578,599.6432272610106,546.9780617172868,499.3215396916099,492.0985673622714,485.3627509399542,499.0040079999358,499.2314092682871,538.4579835047485,558.4693366694361,589.9033819194462,593.4205928344584,585.0957186649035,603.5105632878351,607.3293999140828,589.2172774113128,555.0423407272638,546.957036703981,514.7445968633376,518.8111409752107,491.4071631549545,9.899494936611664,517.4214916294065,509.2582841741507,511.68056441494826,529.4194934076379,525.449331524934,412.6560310961176,360.86701151532264,384.98051898764953,335.19546536312214,335.5964838909967,303.1468291109112,295.2558212804618,292.43289828608545,268.03917624108607,300.0,318.47291878588356,330.32408328791286,352.94475488382034,375.3664875824692,385.2920969861697,363.1762657443352,394.55544604022384,384.8168395483753,370.66966425646433,345.3259329966401,321.1790777743781,2.23606797749979,6.0,7.615773105863909,6.082762530298219,3.1622776601683795,6.082762530298219,11.704699910719626,9.0,8.54400374531753,7.615773105863909,13.152946437965904,322.55542159449124,359.87219953755806,362.067673232505,355.65854411218635,344.81589290518497,334.38301392265726,333.1080905652098,317.05046916855366,310.39490975207696,296.7052409378709,289.9137802864845,292.20027378495047,271.6799587750263,319.03761533712606,314.67125702866474,312.80824797309936,325.70692347569155,336.7565886512096,324.2344830520036,335.4101966249685,317.5169286825507,304.9098227345259,294.2872746144488,270.0,264.3671689147501,272.40594707164524,12.36931687685298,263.59059163786554,266.7376988728815,262.1850491542186,258.25955935840983,249.75588081164375,256.2225595063791,213.3846292496252,222.76669409945464,184.1140950606444,182.82231811242303,165.41160781517118,139.6030085635693,140.52046114356443,137.11673858431726,151.5585695366646,140.1320805525987,169.1862878604528,181.7608318642936,185.53975315279473,188.8200201249857,193.00259065618783,192.35384061671343,187.128298234126,179.4017837146554,164.75436261295178,137.92751719653333,0.0,0.0,0.0,0.0,0.0
2025-06-01 18:44:20.897,0,0.0,0.0,0.0,0.0,0.0,0.0,114.75626344561763,61.98386886924694,127.20062892926276,218.08255317654368,324.7845439672276,410.7420114865291,489.8132297110808,564.7556993957653,618.8020685162583,651.5596672600292,673.0267453823808,661.1936176340482,639.9445288460555,585.2426847043882,517.7576653223011,425.6994244769424,328.09754647055803,217.91053209975877,162.48384535085327,198.66806487203723,286.2481440987871,427.5195901944144,529.6272273967795,624.4181291410428,726.2981481457873,764.6338993269917,14.0,816.1225398186231,792.965320805393,764.6397844737089,683.7726230261051,602.4782153738009,508.6944072820145,409.4142156789381,341.5333073069155,293.28825411188905,332.54323027239633,436.8661122128838,614.8333107436519,685.0182479321263,772.4998381876853,885.13106374141,950.3683496413378,980.8159868191384,979.8596838323332,927.4588939678137,871.626640253727,809.1081509909537,671.0745115112032,609.6900852072305,530.9472666847433,508.43386983952985,539.3403378201931,8.94427190999916,16.278820596099706,10.0,9.486832980505138,10.0,13.45362404707371,4.47213595499958,6.0,6.082762530298219,5.656854249492381,8.94427190999916,702.000712250351,600.42734781154,481.7021901548715,408.71138961374686,387.36287896493127,422.8001892147164,529.1200241911092,652.006901803961,777.1904528492356,903.9170315908424,1004.7089130688548,1073.8053827393492,1121.4722466472365,1160.6002757194226,1143.9007824107823,1085.0345616615168,1015.2974933486244,923.0346689046952,826.8748393801809,720.017360901805,613.9657970929651,727.9127694992031,711.8124753051186,785.60040733187,888.0411026523491,1027.439535933867,10.63014581273465,1222.9509393266762,1292.1872929262229,1340.3421205050597,1328.0496978652568,1286.0559863396306,1236.1496673137926,1137.6932802825197,1058.3463516259694,969.6287949519652,833.7349698795175,766.0026109616076,688.7452359181876,665.7702306351644,678.8409239284267,742.6068946623105,816.4141106080908,860.7461879090723,947.2254219561466,1020.2906448654716,1053.475201416721,1080.592430104894,1066.1561799286258,1029.4435390054182,999.1806643445418,938.4412608149752,883.5298523536146,16.492422502470642,14.317821063276352,7.615773105863909,7.211102550927978,0.0,0.0,0.0,128.0,14.0,17.72004514666935,13.601470508735444,889.020247238498,860.9297300012354,822.0486603602003,787.5563471904725,718.7078683303808,639.2151437505216,619.8725675491697,557.9076984591627,507.5716698161945,493.56863757738904,482.8270912034659,500.62460986251966,511.8564251819059,534.4642176984349,557.3149917237109,568.1980288596574,583.4457986822769,603.1624988342694,592.5580140374443,587.9634342371982,571.210118957989,537.598363092746,539.2235158076843,521.3463340237466,504.4779479818717,508.61478547128377,15.231546211727816,517.1479478833886,505.8082640685104,526.089346024038,527.0977139013221,504.12002539077935,407.4604275264041,378.3556527924487,380.34852438257207,357.22401934920333,336.55460181076114,334.96417718914364,300.0599940011997,277.0739973364516,264.23663636975095,293.42460701175014,313.0814590485997,329.548175537356,373.9652390263031,379.52602018833966,388.4288866703917,393.64196930713575,399.5309750194595,386.76220084180926,363.9258166165187,337.66403421152216,329.3281038721111,13.92838827718412,20.396078054371134,16.64331697709324,6.0,9.848857801796104,6.4031242374328485,3.605551275463989,7.615773105863909,7.0710678118654755,11.6619037896906,9.433981132056603,321.0763149159402,343.18799512803474,362.7947077894053,372.5077180408481,359.3772391234592,347.0864445638867,356.08987629529713,311.7707491090208,275.0872588834314,301.95529470436514,286.7141433553636,295.93580384941595,276.4796556710819,308.01623333843946,370.4375790872195,289.61353559528254,311.96954979612997,333.208643345277,344.47786576208347,334.88505490690386,324.05555079337864,324.27920068977596,282.0638225650358,281.5759222660915,273.9233469421692,264.18932605235966,12.083045973594572,266.6027006614899,272.8387802347753,273.87953556262653,257.4373710244882,267.15164233071823,256.1347301714471,232.08619088605855,206.92993983471797,192.1067411623028,187.09623192357455,157.49285698088025,144.25671561490648,140.21768789992225,131.4610208388783,148.03377992877165,146.8638825579659,167.44252745345193,161.07762104029226,186.93581786270923,189.61276328348785,197.00253805471644,199.8649544067193,190.0105260242179,179.10890541790488,161.24515496597098,146.01369798755184,0.0,0.0,0.0,0.0,0.0
2025-06-01 18:44:20.899,0,0.0,0.0,0.0,0.0,0.0,0.0,148.06079832285116,73.43704787094863,110.8873302050329,210.8767412494797,311.53811965793204,430.2673587433748,509.7705366142693,579.4730364736569,651.4000307031002,672.0788644199429,698.0558716893655,693.4789109987412,666.2019213421709,615.2527935735034,557.4845289333149,456.24554792348385,376.3362857870604,265.63132345414385,175.96590578859303,191.06281689538653,289.58073140317885,420.3855373344806,539.6461803811827,640.9531964192081,737.4449131969112,794.0056674860703,6.082762530298219,856.4934325492519,838.7305884489965,803.423922969686,722.2700326055345,645.1736200434733,537.1517476467893,429.424032862624,357.03501228871096,312.166622174761,363.4184915493432,472.4828039198887,580.1870388073143,723.4479939843637,839.3598751429568,957.9107474081288,1013.4934632250964,1036.117753925682,1041.4321869425776,980.4779446780024,933.4334470116228,852.4376810066528,737.0658043892689,633.145322970959,561.7917763727055,531.6135814668395,576.9445380623687,3.1622776601683795,12.041594578792296,4.0,9.055385138137416,9.219544457292889,13.038404810405298,5.0,1.0,12.649110640673518,5.0,19.235384061671343,765.4710967763577,664.0700264279363,532.7898272302128,454.9637348185018,430.4811261832509,455.12635608147326,572.1022635858034,721.9196631204887,825.9691277523634,973.3370433719248,1066.6208323485905,1146.1745067833258,1199.9683329154982,1218.7247433280413,1202.9098054301494,1165.559951268059,1072.646260423258,975.2948272189288,879.9284061785936,736.0394011192608,679.0110455655342,759.9243383390218,752.8113973632439,855.4677083326991,973.4937082488,1092.465102417464,6.4031242374328485,1293.1531231837937,1353.4696154698115,1394.2126810497743,1377.882433301187,1359.9650730809228,1289.9771315802464,1207.478778281424,1106.9602522222738,984.9390844108076,875.8139071743494,778.9557111928765,713.7534588357523,695.6004600343505,725.2895973333686,767.419702639957,837.2335397008412,922.6624518208162,995.6003214141708,1060.6568719430427,1086.8417548106993,1073.4193029753098,1098.8689639806923,1080.307826501317,1043.6282863165409,972.588299333279,901.1747888173526,8.06225774829855,10.44030650891055,6.324555320336759,11.180339887498947,0.0,0.0,0.0,128.0,10.63014581273465,21.587033144922906,8.602325267042627,946.4930005023808,909.9241726649534,877.6724901693113,838.6018125427586,770.6393449597548,677.691670304424,628.9101684660536,575.2816701408102,532.4368507156506,518.6925871843553,516.7600990788666,524.218465909014,552.5984075257546,582.6731502308992,589.6473522369112,628.322369488784,628.7590953616497,637.5303914324398,664.0911082073001,612.8564269060087,631.1846005726059,593.6227758433802,562.6944108483751,558.9651151905636,563.2370726434829,541.9372657420784,5.0990195135927845,541.350163941972,550.9019876529762,553.7436229881117,535.0859744003761,542.3098745182499,435.7659922481331,410.440007796511,400.94513340356184,360.84345636300515,343.92586410446074,320.0765533431026,312.11696525501463,291.43095237122634,310.75713990188547,295.24396691549856,327.8353245152206,362.10633797270106,382.7819222481647,397.95477129945306,415.1770706578098,399.2242477605788,414.0169078672995,390.888730970848,385.8108344772085,357.1456285606755,320.7397699070073,6.4031242374328485,12.16552506059644,13.601470508735444,5.830951894845301,10.44030650891055,3.0,5.656854249492381,5.656854249492381,11.180339887498947,10.0,7.211102550927978,335.67841753678476,360.4899443812546,350.821892133316,358.25828671504587,368.4901626909462,365.3121952522253,328.81149614938954,344.84344273887535,325.21377584598105,255.53864678361276,313.72918257631056,299.23235119217975,311.64242329952447,332.0195777360124,343.62770551863247,315.5724956329369,354.3585754571208,355.12814588539726,338.28981657744293,312.8993448379207,334.07334524023315,304.4355432599814,296.7237772744207,275.86228448267445,259.4937378820537,269.61639416029584,9.219544457292889,261.8415551435639,265.36390108679063,263.50332066218823,268.47718711279737,255.43100829773977,248.67649667791284,234.00213674238103,218.01376103356412,200.9427779244629,180.17769007288337,157.09869509324386,144.9586147836685,129.0348790056394,140.69825869569246,143.54441821262157,150.74813431681335,159.66214329013624,168.5734261382855,178.3704011320264,202.08908926510605,198.94974239742055,193.0932417253385,190.5177157116891,181.06904760339356,156.706732465456,141.39660533407442,0.0,0.0,0.0,0.0,0.0
2025-06-01 18:44:20.900,0,0.0,0.0,0.0,0.0,0.0,0.0,146.4137971640651,69.46221994724903,107.20074626605916,210.63950246807937,314.67125702866474,420.9714954720806,506.7435248722967,582.722060677301,641.78656888408,681.0594687690642,707.6022894253523,701.0456475865177,676.3726783364331,625.5829281558122,562.0818445742577,465.6490094481035,359.2714850917061,265.0056603169072,166.8112706024386,187.21645226849057,294.63536787018626,417.306841544684,537.4095272694744,655.1473116788316,751.7692465111884,810.5825065963365,9.219544457292889,865.1300480274627,853.6070524544651,813.5023048522972,730.953486892292,659.6241353983343,556.138471965391,446.1625264407579,356.8557131390781,317.9213739275798,335.85860119996926,483.7075562775509,580.331801644542,719.0445048813043,823.8021607157874,900.6225624533287,946.8811963493624,1029.8786336263122,1034.487795964747,999.0875837482918,901.1603630875028,880.032953928431,751.3241643924412,647.3244935888029,563.4935669552937,547.5709999625619,578.5084269049155,8.54400374531753,12.529964086141668,17.0,21.93171219946131,5.0,11.6619037896906,4.47213595499958,8.54400374531753,4.47213595499958,13.601470508735444,3.1622776601683795,767.205969736941,668.4496989302935,541.4240482283734,472.0381340527479,414.1328289329403,467.0770814330328,573.0514811079368,695.449494931156,833.376265560761,965.787761363748,1082.044823470821,1158.98446926609,1206.6523940224045,1208.6906138462398,1202.4329503136546,1156.1427247533063,1065.217818101068,962.6821905488852,875.950911866641,726.3070975833845,649.2226120522913,772.0939062057154,769.1664319248468,849.266153805743,975.2466354722789,1092.978499331071,5.830951894845301,1296.2411041160517,1349.691816675199,1395.8957697478706,1373.9708876100688,1354.7051339682744,1288.6104919641157,1182.2055658809934,1105.4795339580014,980.1841663687492,869.2485260269356,767.8001041937933,710.2907855237881,696.4725407365319,722.4133165992997,776.2847415736059,838.1133574881145,925.8271976994412,1003.3194904914386,1036.2210188951003,1098.8075354674263,1071.0093370274603,1099.3893759719529,1071.3659505509777,1035.1425022672,958.319883963596,897.332157007649,13.341664064126334,5.0,7.211102550927978,5.385164807134504,0.0,0.0,0.0,128.0,4.0,3.605551275463989,5.656854249492381,934.6683903930848,921.4146732063692,884.3036808698695,848.4085100940466,769.7200789897585,708.7630069353224,636.5665715382798,576.0312491523355,539.8907296851836,523.2532847484094,512.2704363907799,528.6482762669334,530.3857087064092,569.4953906749378,602.0739157279611,624.6487012713626,642.7207791879767,625.1399843235114,653.8333120910864,613.4305176627586,629.2130005014201,598.0844421985912,546.9268689687864,554.9099025968089,554.9558541001257,538.9666037891402,8.602325267042627,524.4616287203479,529.1200241911092,552.826374189944,530.4507517197048,527.2589496632561,422.1682129199213,389.9743581314033,394.73028766488136,359.60116796250816,352.60175836203655,316.07752213657966,293.96938616121236,296.0760037557924,299.7932620990672,303.7268509697488,321.40939625343873,369.00135501106223,372.2002149381432,380.2656965859529,407.8357512528788,396.35337768208814,387.02067128255567,399.2993864257745,395.126562002607,358.7882383802457,328.6715685908959,15.620499351813308,3.0,6.324555320336759,5.656854249492381,7.280109889280518,12.36931687685298,12.041594578792296,9.219544457292889,10.770329614269007,11.180339887498947,5.0990195135927845,320.0765533431026,349.9614264458299,372.2002149381432,372.8766552091992,351.8763987538806,370.0337822415678,342.4748165924029,320.0765533431026,331.14649326242306,319.2397218392473,335.2193311848229,331.2959402105616,296.4877737782791,346.701600803919,338.04437578519185,342.8308620879981,347.66938317890464,346.5775526487542,346.5616828213991,335.5964838909967,337.8313188560232,311.9647415975081,300.9269014229203,285.616876252087,266.9175902783479,265.75364531836624,7.615773105863909,280.8166661720775,264.0075756488817,274.57785781085846,272.69396766338633,261.01724080987447,255.266527378738,225.055548698538,216.81328372588243,192.5850461484484,177.00282483621552,166.82026255823962,146.7548977036201,144.10065926289164,142.97202523570826,157.54681843820268,168.5852899869974,166.30694513459142,189.84203960134855,192.62658175859323,204.60694025374605,198.5170017907786,202.20039564748632,191.8384737220352,176.86718180600946,157.30543537970962,143.95138068111746,0.0,0.0,0.0,0.0,0.0
2025-06-01 18:44:20.906,0,0.0,0.0,0.0,0.0,0.0,0.0,125.5746789762968,56.00892785976178,125.09996003196804,225.63022847127553,323.3713036124263,424.117908134047,514.5726382154419,580.827857458645,638.3760647142091,681.7873568789612,700.1785486574121,683.204947288879,662.6047087064806,614.3427382170314,554.9071994487006,454.30056130275693,344.0,243.31255619059203,150.30635382444748,169.09760495051373,283.0989226401259,410.8357335967747,533.1134963588898,642.517704036239,732.4534114877205,800.9619216916619,17.4928556845359,848.5387439592844,839.0589967338411,804.6030077000706,740.5133354639875,634.6179953326252,545.9963369840498,430.11858829862257,369.1029666637753,315.08728949292765,304.19894805866767,460.5702986515739,562.8543328428768,699.5977415629642,809.7067370350824,896.5405735380859,980.612053770501,1050.5355776935876,1001.5113578986512,997.7399460781352,920.4178398966416,847.8266332216747,769.3458260106439,626.80459475023,571.1129485487087,522.4557397521822,559.623087443683,10.0,9.219544457292889,8.246211251235321,12.649110640673518,11.40175425099138,1.4142135623730951,13.601470508735444,13.601470508735444,5.0,10.0,8.06225774829855,755.8816044857818,642.9533420085784,533.8164478545036,447.54105956884,424.87645263064417,464.0527987201456,552.0009057963583,676.8544895322775,820.8154481977055,949.868411939254,1050.2314030726752,1121.5547244784805,1177.704971544232,1191.119221572719,1161.2424380808686,1129.396298913716,1025.21997639531,950.8443616070928,857.942888542122,723.1320764563,667.6922943991491,771.4097484476068,777.8560278097741,864.2551706527419,970.4024938137784,1099.3125124367502,26.248809496813376,1267.9294144391476,1340.204835090517,1345.7804427171618,1342.3535301849508,1289.52161672459,1232.7303030265784,1134.3341659317152,1049.7666407349775,938.5803108951304,838.551727682914,758.77796488828,689.4243975955594,690.1724422200585,708.4948835383358,783.275175146002,824.6096046008681,910.6025477671363,974.6312123054544,1034.8120602312283,1062.5045882253874,1053.7955209622023,1073.6950218753927,1037.653603087273,990.763846736446,919.0919431699964,859.1187345181107,4.123105625617661,8.54400374531753,12.206555615733702,13.892443989449804,0.0,0.0,0.0,128.0,10.04987562112089,19.72308292331602,13.038404810405298,924.8394455255464,880.2476924139023,835.9479648877674,782.0409196455132,740.5470950587816,645.1108431889825,610.1704679841528,542.7964627740309,522.8546643188716,528.2802286665667,526.2432897434418,533.3713528115285,546.136429841482,584.2687737676899,590.9619277076993,611.6028122891522,607.2972912832726,641.7600797805984,610.8166664392844,593.0033726716906,590.8705441972886,555.623073674951,541.5994830130472,522.288234598483,505.14255413694855,506.80666925367115,11.31370849898476,534.4529913846493,535.4941643006018,547.4495410537852,544.5080348351161,562.5548862111145,439.8101863304214,416.30998066344745,413.2275402245112,370.600863463646,340.2425605358624,314.9936507296615,283.0282671395209,282.349074728429,280.5084668953862,289.6963927977012,305.8659837248987,332.78972339902566,361.4650743847875,373.48360071092816,406.6693988979254,404.0309394093477,419.4484473686844,404.1410644812032,406.3065345278119,370.9366522736733,337.7365837453799,3.1622776601683795,12.206555615733702,4.242640687119285,9.219544457292889,3.0,13.601470508735444,6.4031242374328485,5.0990195135927845,10.0,13.41640786499874,18.027756377319943,327.3973121453504,360.21382538708866,370.4726710568541,365.3737812158941,379.6840792026971,348.75922926856,351.17232237179513,337.31291110777244,305.49140740780257,272.3912627086265,304.23839336941023,304.5734722525913,323.44705903748763,347.26358864701035,355.2576529787923,331.1193138432127,359.3466293149276,339.092907622675,355.3547523250533,328.34737702622203,339.24917096435183,307.82624969290714,305.9150208799823,284.6137733842127,267.686383665662,271.6928412748485,3.0,279.84638643370045,273.94159961568454,268.47718711279737,294.1870153490803,265.3337520934719,264.09278672466615,237.26145915424192,227.69277546729495,203.3764981505975,187.6832437912346,177.5894140989265,142.27438279606065,147.36349615830918,144.2809758769326,160.12495120998477,164.34719346554112,178.60011198204776,185.72291188757515,197.12178976460217,193.6930561481232,208.4922060893404,199.24858845171275,205.7668583615933,181.04419349981927,155.18376203714098,137.64446955835166,0.0,0.0,0.0,0.0,0.0
2025-06-01 18:44:20.907,0,0.0,0.0,0.0,0.0,0.0,0.0,118.53269591129698,57.584720195551874,140.12137595670404,237.0759372015642,330.22568040659706,436.65661566040654,527.7973095801077,592.9392886291142,633.7546844008334,669.2660158711183,687.0320225433455,680.371957094059,648.1242164894011,595.4838368923207,535.8180661381249,435.79123442308935,342.6966588690354,220.0840748441377,145.0,178.67568385205638,303.1649715913763,430.28943747203465,538.4719119879885,646.3226748304596,730.7708259091902,802.1003677844813,1.0,858.4416112933949,821.5479292165492,808.2233602167163,718.6689084689833,647.4967181384011,534.1760009584856,440.50085130451225,342.0014619851792,288.39036044916617,279.6140196771256,484.80305279566875,606.9069121372734,680.018382104484,804.0702705609752,873.8626894426835,1003.6891949204196,1020.8858898035568,1072.3530202316772,999.713959090299,916.3563717244508,845.4135082904696,730.3293777467808,632.8506932918696,540.0148146115994,530.347998959174,556.4242985348501,8.48528137423857,27.202941017470888,8.54400374531753,12.806248474865695,7.615773105863909,6.708203932499369,15.033296378372908,7.615773105863909,12.041594578792296,15.0,12.36931687685298,725.4157428674953,644.2864269872523,530.4158745739045,469.56362721147815,431.1960111132755,457.3882377149636,570.6776673394536,706.1338400048535,825.8619739399556,946.512017884612,1039.271379380766,1137.2497526928726,1173.5335529928404,1191.1091469718465,1177.3380992731018,1119.725412768684,1065.4355916713123,930.60034386411,843.4986662704334,720.0590253583382,664.115953730973,771.9753882087174,773.0569189910922,861.4638703973603,983.366157644242,1089.1358960203268,9.055385138137416,1270.3708120072658,1320.8546475672483,1356.4483034749242,1340.2522150699845,1317.953716941532,1243.7013307060502,1147.0244112485138,1026.0043859555378,936.46836572305,813.3732230655248,748.315441508459,688.6457725129807,675.5383038732889,715.2020693482367,772.7172833578915,855.6710816663141,919.2763458286088,987.4350611559224,1026.1949132596594,1067.8525179068504,1052.786778032475,1086.216368869481,1046.8414397605782,1002.2200357206996,927.8124810542269,862.222709049118,18.384776310850235,8.06225774829855,8.246211251235321,2.0,0.0,0.0,0.0,128.0,9.0,13.0,10.44030650891055,892.7737675357627,883.0339744313352,842.2838001528938,816.3534773613695,742.2108864736491,657.2199023158079,587.8401143168098,563.4980035457091,522.3485426417882,515.6403785585454,517.8436057343954,525.8184097195533,552.1304193757123,573.153557085708,593.3177900585823,607.7836786225836,610.5775953963591,621.3855485928201,636.0793975597701,578.788389655494,596.6246726376643,560.340075311413,518.9412298131649,527.1887707453565,520.8627458361751,521.126664065465,1.0,527.7774152045538,540.9510144181264,557.2288578313223,542.6536648729095,561.2281176135066,446.8646327468756,422.7398727349953,397.2958595304008,370.0945825056076,351.15950791627444,324.5489177304401,298.50963133540597,285.0438562747845,279.9732130043873,273.1300056749533,314.9920633920798,354.4643846707311,358.50941410233565,384.0026041578364,401.1034779205984,400.9102143872116,402.2461932697437,413.5516896350443,391.0051150560565,360.25130117738644,330.50416033690107,8.54400374531753,10.63014581273465,13.601470508735444,7.280109889280518,4.242640687119285,15.132745950421556,7.211102550927978,17.88854381999832,10.0,14.0,5.830951894845301,340.03676271838606,357.24641355792505,358.9345344209721,376.9615364994153,391.637587573001,345.00144927231827,355.71899021559136,342.18708333307967,313.0814590485997,293.0818998164165,310.92764431616564,311.2715855968868,300.08165555395084,339.7675676105652,350.6821923052267,336.87980052238214,346.2080299473136,345.3244850861288,342.1768548572507,341.0014662725074,328.16154558387854,327.9283458318296,299.4461554269816,272.237029075767,268.19768828235635,272.41512439657237,11.40175425099138,278.53904573685895,266.4432397340942,278.61442891566116,274.7544358149655,276.4814641164937,253.74790639530408,244.1679749680535,226.3183598385248,200.0024999843752,188.09040379562165,158.05062480104277,140.71602609511115,131.01526628603247,134.2013412749664,153.39491516996253,164.07315441594946,160.0,186.27130750601393,196.596032513375,195.25624189766637,202.20039564748632,192.753728887407,193.49676999888135,180.13605968822566,166.68833192518306,152.64337522473747,0.0,0.0,0.0,0.0,0.0
2025-06-01 18:44:20.909,0,0.0,0.0,0.0,0.0,0.0,0.0,56.00892785976178,116.72617529928752,220.0954338463204,309.438200615244,422.8061021319347,500.27592386602015,576.909871643743,614.593361500106,663.231482968051,694.4926205511474,686.4699556426341,645.5919764061508,611.0818275812168,552.9059594542276,452.3052066912341,355.12814588539726,243.24884377936928,154.98709623707387,156.42570121306792,257.72077913897436,387.36287896493127,527.0768444923377,630.4062182434434,722.2686480804771,810.1999753147368,834.2002157755654,13.601470508735444,842.0415666699596,820.3054309219219,750.6590437742025,670.0164177092977,556.0656436069396,465.63612402819433,360.34011711159775,280.85049403552773,317.855312996338,372.6902198877776,554.7476903962738,685.006569311565,786.0636106575599,869.4164709734915,1000.281960249209,1048.644839781325,1032.3032500191016,1036.7415299871034,991.6309797500278,880.4118354497514,797.7493340642786,664.0030120413611,603.257822162299,507.05522381689354,534.2209280812574,582.402781586764,1.0,1.0,8.602325267042627,8.48528137423857,10.0,13.601470508735444,19.697715603592208,8.94427190999916,10.198039027185567,16.15549442140351,7.615773105863909,717.1561894036752,594.5258615064613,492.5657316541621,424.7940677551889,418.08372367266344,467.95405757403154,603.5039353641366,743.5711129407866,883.6164326222097,1004.3395840053304,1088.90036275134,1160.532636335575,1221.258367422717,1215.6644273811748,1174.3696181356192,1141.9465836894474,1030.4212730723293,951.0021030470964,833.826120962878,708.4017221887592,647.0680026086902,754.629710520332,786.7756986587727,874.8697045846312,984.4597503199408,1110.28149583788,15.524174696260024,1294.5829444265053,1366.235704408284,1371.805379782424,1381.7007635519349,1324.7297837672406,1281.819019986831,1145.2095878047826,1081.041164803635,968.067146431486,859.7610133054418,763.9594230062222,714.4991252618859,694.6056435129217,696.9705876147142,780.3242915608869,848.0106131411328,927.1591017727216,993.4586050762256,1054.4444034656356,1085.627007770164,1103.1305453118412,1109.035617101633,1082.2776907984382,1044.9712914716845,968.0836740695506,903.0271313753536,6.4031242374328485,9.0,14.422205101855956,8.54400374531753,0.0,0.0,0.0,128.0,13.341664064126334,13.41640786499874,26.076809620810597,933.680887669872,896.5890920594562,863.7094418842485,826.1961026293939,783.4315541258215,662.7314689978136,640.5411774429494,604.5444565952118,556.2885941667329,538.6965750772878,528.3578332910378,538.924855615326,554.221075023316,575.5110772174589,611.4057572512709,621.2028654151557,627.7969416937295,620.5296125085409,633.5692543045315,614.9162544607192,627.4806769933239,599.8949908108918,572.8420375635852,565.6924959728562,568.4258966655196,549.6216880728052,7.615773105863909,567.8397661312564,574.5963800790952,577.8113879113149,590.8138454708048,582.261968533065,468.277695390246,425.60310149245856,436.033255612459,396.4454565258631,357.4646835702794,324.7845439672276,312.25950746134214,302.7358584641073,301.3585903869342,327.3438559069041,345.77449298639715,371.2142238654117,395.790348543266,429.2143986401202,446.0145737529212,437.0823720993561,435.08389995493974,441.3898503590675,422.89596829480416,382.00130889828114,345.61539317570913,18.439088914585778,19.924858845171276,13.341664064126334,4.0,10.295630140987,3.605551275463989,5.0990195135927845,5.0,9.219544457292889,5.830951894845301,9.219544457292889,328.63657739210953,348.20827101032506,362.0842443410097,357.8337602854152,383.11486528194126,360.4843963336,366.7764987018661,327.0244639166923,300.7806509734295,275.04545078950133,299.44782517159814,289.0,299.13542083812143,336.81597349294464,356.4828186603107,341.8493820383474,333.66150512158276,347.6118525021838,341.2477106150311,342.83815423607683,331.02265783477725,317.09462310168556,307.8246253956951,286.9233347080715,255.92577048824137,259.9326835932719,10.44030650891055,265.4806960967219,274.2571785751469,257.65092664300664,272.44265451650557,274.16965550549173,260.86394921491166,255.38402455909417,248.58197842965205,222.4971909935045,209.34660255184463,191.08375127153016,162.60381299342276,139.7855500400524,120.1665510863984,122.41323457861898,123.84264209067892,138.61096637712328,146.74126890551273,165.46903033498444,182.36227680087788,192.04426573058615,192.4811679100062,200.47942537826668,185.06755523321743,185.73368030596927,153.87332452377834,0.0,0.0,0.0,0.0,0.0
2025-06-01 18:44:20.910,0,0.0,0.0,0.0,0.0,0.0,0.0,203.9534260560484,103.36827366266692,47.75981574503821,132.20060514233663,244.8121728999602,345.2448406565984,440.30557570850726,528.2660314652079,601.2819638073306,646.9196240646901,692.0440737409721,696.6562997633769,683.7141215449627,658.1945001289513,618.4787789407168,535.7648738019319,432.255711356137,314.6823795511913,205.84703058339215,153.0130713370593,210.83880098312076,343.1180554852805,466.1898754799379,594.3551127062002,688.8846057214517,768.615638664736,3.0,856.9830803463975,853.8577164844269,830.1668506993037,770.2986433844993,697.6675426017754,609.7376485013862,491.49262456317695,405.0802389650722,318.10061301418455,329.70592957967864,400.3610870202048,537.1349923436379,637.0376754949427,719.820116417984,889.8921282942107,976.9605928593026,1043.4869428986642,1033.8713653061486,1053.809280657558,994.8793896749496,881.62180100086,780.1640853051363,664.5539857678983,573.097722905963,509.0039292579184,522.0277770387319,13.601470508735444,17.029386365926403,12.206555615733702,8.54400374531753,4.123105625617661,5.0,9.486832980505138,14.422205101855956,5.830951894845301,3.605551275463989,9.433981132056603,818.1741868330973,698.2048410029824,585.6364059721698,490.68931107168,418.1686262741384,421.57442996462675,530.9651589322975,638.7879147260066,783.8686114394427,923.4825390877728,1047.0038204323805,1117.9490149376222,1187.0488616733517,1211.486689980538,1215.4163895554475,1181.711470706788,1118.2030227109924,1009.380503080974,922.4256067564472,781.8503693162778,677.2134080184768,762.5122949828416,748.2038492282701,820.363943625023,918.426915981887,1058.1119978527793,8.06225774829855,1265.6132900692849,1328.8829895818517,1368.6478729023036,1367.660776654796,1367.707936658993,1297.7588373808132,1211.691792495105,1115.2044655577738,1018.7924224296136,903.2590990408012,803.5085562705602,714.7545033086535,681.4704689126302,701.8333135438927,756.4291110209865,818.9603164989131,888.9347557610738,983.2242877390692,1051.274464638041,1091.6487530336854,1118.3022847155414,1104.0987274696045,1068.0641366509783,1034.3007299620358,967.5975403027852,904.1028702531588,5.0990195135927845,8.54400374531753,12.041594578792296,15.033296378372908,0.0,0.0,0.0,128.0,17.0,10.295630140987,9.219544457292889,930.6008811515278,908.669356806974,871.3495280310881,814.9705516152102,753.2861342146157,676.0362416320593,629.8102888965851,585.3622809850324,543.7683330242761,516.4426396028895,513.1335108916587,540.8262197785903,557.718567021038,575.4728490554528,594.0538696111659,631.4000316756407,645.1821448242349,624.7919653772766,625.1247875424554,611.7164375754505,606.320872146094,600.7004245045945,574.9478237196832,565.3830559894769,530.8427262381957,555.5114760290736,6.324555320336759,554.2499436174983,550.8175741568165,574.228177643696,580.4842805795864,565.6005657705798,440.70965498840616,421.5495225949141,390.2947604055171,388.0824654632054,351.14099732158877,322.84516412670644,304.538995860957,307.7027786679867,310.3159680068043,344.11771241829445,362.9490322345549,381.2033578026301,423.5717176582969,430.5821640523443,430.0011627891255,440.69604037249985,420.65306369976673,426.9718960306404,414.71194822430664,368.164365467382,305.9885618777277,14.560219778561036,13.341664064126334,26.83281572999748,3.0,6.708203932499369,12.36931687685298,5.830951894845301,10.04987562112089,4.123105625617661,5.0990195135927845,5.656854249492381,343.27394308336306,365.19720699917735,381.7603960601466,349.4982117264694,344.8274931034357,339.0722636843067,315.5709112069742,304.38462510448846,307.2751210234893,289.5582842883277,283.9859151436916,289.15393824051574,309.7418279793674,341.9897659287482,359.6845840455218,317.0189268797685,358.3768965767743,345.20863256876993,330.19085390119454,336.4342432036311,321.8105032468642,298.104008694952,295.0830391601659,269.47356085523495,253.38705570727168,265.3695536417092,11.180339887498947,268.06156009394556,272.34720486907884,279.58898404622454,267.36678926149375,278.12587078515367,269.47356085523495,245.5056007507772,221.96396103872357,214.73006310249156,193.1450232338385,173.09246084101989,144.81022063376605,132.19682295728592,144.89996549343965,141.2267680009707,147.58048651498612,177.22866585290316,176.81911661356077,185.20529150107996,189.4887859478761,196.72569735548024,202.09156340629363,178.61970775925036,174.0258601472781,157.6863976378432,140.06427096158393,0.0,0.0,0.0,0.0,0.0
2025-06-01 18:44:20.924,0,0.0,0.0,0.0,0.0,0.0,0.0,53.823786563191554,112.6454615153225,217.83020910791964,327.49351138610365,412.1710809845834,506.62214716689994,570.5436004373373,623.0264841882727,660.8668549715593,666.7008324578574,658.3038811977337,652.8537355334654,592.9460346439632,537.1126511263722,441.2131004401388,368.5552875756906,242.404620418011,141.9929575718458,163.4900608599801,246.6779276708802,369.4455304913026,514.1254710671316,605.0206608042406,699.3668565209535,777.5101285513906,828.1600086939721,8.602325267042627,839.6773189743784,810.7558202072928,753.6637181130587,667.7402189474586,572.0,475.10525149697094,355.2182427747764,288.9238654040195,263.7612556839992,376.88857769903296,506.759311705271,667.2480798024076,779.539607717273,863.0225953009574,955.3538611425612,1010.7027258299048,974.5614398281926,993.1495355685366,989.2446613452104,915.1284062906144,780.0640999302557,682.8067076413354,575.0912970998605,542.0442786341353,541.8533011803103,601.0407640085654,13.45362404707371,14.7648230602334,5.0990195135927845,8.06225774829855,3.1622776601683795,6.4031242374328485,9.0,14.0356688476182,3.605551275463989,11.04536101718726,4.47213595499958,700.0371418717724,597.4152659582779,501.10378166603374,442.16399672519697,450.89355728375625,495.6490694029396,624.2635661321266,761.5523619554995,888.0771362894104,993.4686708698972,1104.130879923209,1160.7243428135723,1192.8428228396228,1204.448421477649,1168.931991178272,1107.6903899556048,1012.468764950307,910.7205938156884,819.7682599369166,707.1322365724816,645.7685343836444,765.0,808.2598592037093,909.7395231603384,1012.3882654396978,1115.334927275211,12.36931687685298,1306.3678654957798,1349.0181614789328,1367.6286045560762,1357.3595691636024,1291.2265486737797,1232.2110208888737,1127.299427836278,1031.7911610398685,922.436447675394,823.7293244749758,753.5582260184013,686.9446848182174,688.6254424576542,721.4346817280134,784.6075452097054,859.9354626947304,932.7743564228168,995.7052776800974,1070.441497700832,1078.2810394326705,1092.4852401748958,1079.2502026870322,1052.5939388007134,1004.7188661511238,933.621979175726,871.3489542083585,16.492422502470642,7.211102550927978,12.16552506059644,12.083045973594572,0.0,0.0,0.0,128.0,3.1622776601683795,8.48528137423857,7.0710678118654755,919.0136016403676,883.1789173208336,848.0801848881979,789.6207950655809,739.568793284303,653.1286243918574,614.3940103874711,580.2016890702749,534.6138793559329,516.5578380007412,525.5473337388365,534.3416510061704,565.0601737868278,588.3298394608249,592.9932545990722,619.588573167711,625.6021099708664,610.98363316868,613.8794669965758,595.0899091733954,587.8001361006988,571.2162462675585,547.7891930295814,524.9476164342495,500.4048361077259,524.8018673747265,5.385164807134504,533.1500726812292,548.0556541082301,542.3651906234396,575.1538924496643,565.2910754646672,434.77120419825417,413.9432328230527,404.5157598907612,383.3027524033711,351.1267577385694,332.10389940499044,297.00673393039426,279.95713957675736,279.5174413162799,264.09278672466615,305.91011751820173,316.89272632864265,368.40195439221,382.1060062338722,405.2468383590426,420.9002257067582,408.24012541640246,418.08372367266344,401.529575498493,378.30807551518114,347.6348659153739,12.041594578792296,2.23606797749979,9.219544457292889,3.0,4.242640687119285,17.029386365926403,17.46424919657298,14.0356688476182,5.0,11.04536101718726,5.0990195135927845,315.83856635946154,356.6020190632689,366.1174674882366,372.2593182178251,364.0,363.0716182793692,355.60933621039817,342.3828266721332,333.4186557467953,291.247317584214,285.0070174574654,321.9503067245006,305.366992322353,328.4585209733491,332.7281172368816,345.5835644240044,327.3912033027155,335.16712249264543,351.2449287890147,344.2455518957362,339.60712595586097,330.65087327875,309.67240755353066,293.20641193534635,264.09278672466615,273.27092783536267,13.341664064126334,251.19912420229497,272.2590678012396,265.9323222175146,267.8600380795911,258.8010819142764,266.6927070618917,242.85386552410483,242.33035303073365,213.4127456362436,188.7988347421668,176.61540136692497,154.31137352768266,144.75496537252184,124.14507642270796,131.3202193114221,143.22011031974526,146.01369798755184,163.17475294910057,172.04650534085255,189.70766985021984,187.1069213043708,195.41238445912276,195.47378340841516,199.96999774966244,171.73234989366446,158.38244852255568,0.0,0.0,0.0,0.0,0.0
2025-06-01 18:44:20.939,0,0.0,0.0,0.0,0.0,0.0,0.0,208.62646045025065,121.19818480488888,66.37017402418047,135.0148140020198,240.634577731464,342.81190177705327,446.4011648730321,529.5073181741684,591.8048664889467,650.8840142452417,697.5227594853088,693.0771962775864,697.7248741445298,651.1689488911461,605.4832780515083,542.8526503573506,435.63861169552,332.3386826717588,205.11947737842937,156.40012787718558,199.00753754569195,330.3150011731226,459.0348570642539,573.6000348675025,691.2495931282708,764.0026177965623,5.385164807134504,842.515281760515,857.8403114799397,820.137183646736,765.2084683274226,707.6496308202245,609.400525106436,483.50801441134354,398.1017457886865,327.35454785293575,281.71261952564356,386.87465670420954,497.5660760140305,654.782406605431,759.858539466393,832.7358524766422,918.0348577260016,989.8489783800356,1025.5227935058294,979.3518264648308,964.298708907152,870.3884190406028,764.147891445105,675.7847290372874,573.649718905187,512.3377792043058,501.9412316197983,12.649110640673518,14.0356688476182,9.486832980505138,8.06225774829855,10.770329614269007,1.4142135623730951,11.180339887498947,6.708203932499369,8.94427190999916,15.132745950421556,5.830951894845301,779.2971192042224,655.4464127600364,559.2611196927603,470.1340234443791,411.1702810272163,395.9191836726278,509.1188466360286,615.1178748825301,748.7623120857513,883.325534556768,982.7838012503056,1075.0897636941763,1119.2792323633992,1132.3555095463614,1146.9088891450797,1122.6620150339104,1040.2812119806836,958.1033347191732,868.0466577321752,740.9649114499282,649.9269189685868,730.2013420968219,732.0245897509182,802.3777165400345,900.835723092729,1024.1249923715366,12.806248474865695,1220.8849249622176,1291.6230100149191,1329.073737608264,1316.254154789264,1306.6613945471872,1248.8430646001923,1131.903264417945,1067.1199557687974,956.462754110164,847.8354793236716,767.4281725347331,684.9598528381061,657.0068492793663,692.5720179158266,742.9703897195366,806.1228194264197,890.8153568501162,954.7030952081384,1011.7074676011836,1033.089541133778,1078.6867015032678,1058.9145385724005,1036.9305666244004,1004.6098745284162,916.3078085447052,846.8589020610221,11.40175425099138,9.055385138137416,11.704699910719626,15.620499351813308,0.0,0.0,0.0,128.0,7.280109889280518,2.8284271247461903,7.280109889280518,887.36125676074,863.8807788115209,834.3248767716326,781.426899972096,726.9346600623745,621.0716544811878,599.2161546553965,547.7298604239137,506.6793858052644,503.509682131337,506.7790445549224,524.7523225294005,555.2386874128999,562.0889609305631,596.2348530570819,599.801633875734,600.7337180481882,603.2752274045405,588.1266870326494,572.1887800367987,582.3787427439295,525.1790170979797,519.449708826562,508.7091506941859,502.254915356734,489.67948701165744,2.8284271247461903,505.609533137974,510.10979210362154,526.7029523365138,522.2690877316022,518.3329046086116,414.91444901328754,370.1351104664349,364.17715469260287,333.09608223454086,309.23453882126427,277.02707448911923,259.8249410660955,270.08332047721865,261.30824709526485,287.2716484444645,306.1061907247222,350.25847598594953,358.2080401107714,379.2690338005464,374.8986529717065,394.1826987578222,389.61647809095547,374.70121430280955,370.26612051334104,323.1129833355509,281.48534597737057,12.16552506059644,13.152946437965904,9.055385138137416,8.602325267042627,11.40175425099138,11.180339887498947,3.605551275463989,8.06225774829855,7.810249675906654,2.23606797749979,1.0,305.7924132479418,325.5226566615602,337.2135821701137,356.03370626950476,351.3360214950924,335.62181097181394,336.989614083283,307.7027786679867,272.7673000929547,259.43399931389104,301.56922919953223,319.0141062711804,281.66824457151716,303.8980092070364,323.199628712658,354.0127116361784,335.6724594005293,343.1807104136245,330.7763594938429,317.2333525971063,315.29351404683223,307.5386154615384,288.29325347638644,270.37936311782374,256.6748916431056,262.0019083899963,14.317821063276352,260.969346858975,264.59402865522117,273.91239475423527,276.3494165001982,259.7864507629295,249.6337316950576,222.80035906613796,214.2195135836136,189.21416437465777,164.43843832875572,168.77203559831824,127.534309109353,131.85598204101322,138.5135372445596,145.82523787054146,157.1146078504478,167.70509831248424,196.70536342458993,198.022725968511,204.00490190189055,196.3695495742657,196.1555505204989,184.56435192094924,168.1814496310458,150.37286989347513,116.03878661895772,0.0,0.0,0.0,0.0,0.0
2025-06-01 18:44:20.939,0,0.0,0.0,0.0,0.0,0.0,0.0,209.77368757782756,135.4289481610191,66.64082832618455,122.06555615733704,229.8107917396396,347.9425239892359,438.5076966257263,528.076698974685,603.3448433524562,651.0606730558989,681.7448202956881,702.0783432067963,688.40104590275,654.8404385802697,603.4103081651821,533.4416556662968,441.02154142399894,315.6865534038471,213.62116000059544,152.9477034806342,211.36697944570244,330.28018408617856,454.9604378404786,579.0587189568947,672.8238996944149,754.8085850068214,12.16552506059644,839.909518936415,836.5859190782498,823.1700917793357,759.2008956791344,698.8197192409499,615.0812954398792,499.4436905197622,385.01948002666046,308.2093444397817,274.18242102658587,394.01142115426046,506.2854925829892,608.342830976087,750.9760315749098,847.6042708717317,926.1236418535054,969.0701728977112,1007.0034756643096,1007.345521655802,922.0770032920244,854.9760230556176,784.8369257368055,668.613490740353,578.22141087995,508.9361453070513,516.884900147025,15.524174696260024,19.697715603592208,15.231546211727816,19.235384061671343,3.0,7.615773105863909,15.811388300841896,3.605551275463989,12.083045973594572,4.47213595499958,23.194827009486403,773.4759207628897,666.5283189782712,550.695923355167,442.83179650969055,406.3988188959215,408.27074350239695,497.77304065206266,623.122780838576,739.4166619707728,876.4274071479052,986.1161189231216,1070.0771000259747,1129.8818522305774,1151.397846098385,1143.381388688831,1120.2075700511937,1055.5093557141026,957.9692061856686,870.2011261771614,747.8215027665359,647.0123646422841,734.0435954355845,714.5103218288732,805.6109482870748,888.2308258555317,1028.3078332872894,18.68154169226941,1230.1422681950246,1275.1415607688427,1325.5613905059245,1303.9589717471945,1305.674155369555,1245.0562236300816,1146.4575875277724,1068.5410614478042,953.3420162774744,854.0052693045869,760.8054941967756,702.0861770466643,677.5699225910193,702.6990821112548,737.767578577427,815.2944253458379,889.7696331073566,972.3713282486276,1022.3864240100218,1052.9126269543926,1076.305718650607,1050.5094002435198,1039.0582274348249,1007.8417534514036,912.3294361139511,857.6211284710749,7.211102550927978,10.63014581273465,5.0,3.605551275463989,0.0,0.0,0.0,128.0,9.486832980505138,6.4031242374328485,24.020824298928627,886.4129962946166,868.311580021826,842.607856597599,802.942712775949,719.5609772632199,638.0948205400198,584.0359577971205,551.4798273735857,506.5816814690401,519.9317262872116,514.2334100386711,510.9412882122563,535.2831026662433,584.3911361408556,602.718010349782,610.6078938238516,604.6263308854486,589.4488951554664,611.8537406929862,592.4407143335103,569.2038299238683,538.4208391212212,495.61376090661565,493.8552419484883,509.2425748108656,488.1362514708368,13.92838827718412,501.9412316197983,522.0469327560502,537.420691823454,512.7855302170684,521.4834609074386,410.60077934655703,382.57678967757573,380.04341857214155,341.22426642898654,320.4886893480018,283.0017667789373,266.1522120892479,258.4975821937219,266.9026039588224,286.0,306.88760157425713,343.06413394582654,368.9146242696269,367.3962438566839,395.6121838366458,392.23717314910374,385.4516830940034,363.90245945857527,368.33137254380057,318.8683113763423,293.218348675522,12.806248474865695,8.602325267042627,11.180339887498947,15.132745950421556,19.4164878389476,2.23606797749979,5.0990195135927845,6.082762530298219,10.63014581273465,6.708203932499369,4.0,328.5909310982274,362.6141199677696,337.21803036018105,364.9465714320385,367.7240813436074,334.07334524023315,314.9920633920798,309.04045042680093,278.7561658510893,263.7612556839992,273.3642258965134,282.57388414359883,310.69277429641005,317.40510392871755,333.430652460148,333.7813655673426,354.8436275319031,337.3336627139367,343.0174922653362,328.58636612008115,317.6948221170751,298.4845054605012,290.0637860885085,270.0166661522951,263.928020490436,268.2032811134122,8.246211251235321,263.40273347101015,261.48996156640504,266.2667835085706,264.1514716975849,255.266527378738,241.75400720567177,227.0704736419951,203.4158302591025,178.7316424139833,175.86642658563346,142.8740704256724,129.2478239662084,136.12494260788506,139.2838827718412,153.9415473483361,164.7118696390761,169.29559947027565,192.4162155328911,195.86219645454813,191.34262462922368,192.35384061671343,186.9598887462228,180.2692430782356,167.6305461424021,153.16984037335808,129.0620006043607,0.0,0.0,0.0,0.0,0.0
2025-06-01 18:44:20.943,0,0.0,0.0,0.0,0.0,0.0,0.0,203.2141727340886,105.62196741208714,55.65968020030299,125.4312560727987,225.1443981093023,337.3499666518436,436.46763912116097,512.6031603492121,587.5755270601389,642.1347210671605,668.9132978196801,683.7726230261051,676.4621201516017,629.0985614353286,573.8100731078185,506.1640050418441,401.00498750015566,291.1940933466886,195.4328529188478,138.05795884337854,205.67936211491903,324.96769070170654,445.70169396133105,567.1155085165632,662.487735735538,740.8272403199007,12.727922061357855,830.6359009818923,833.8369145102656,796.262519524811,764.4220038695903,657.6640479758644,587.2656979596203,464.7762902730732,370.01216196227927,313.7467131301936,293.3428028774526,372.7733896082176,523.7041149351415,622.2170039463724,793.6863360295426,873.4969948431419,947.8501991348631,1049.938093413131,972.9480972796032,1013.2176469051454,927.656186310424,856.0403027895358,746.7757360814558,669.2660158711183,545.2705750359173,498.7444235277223,515.0398042870085,11.04536101718726,5.385164807134504,11.04536101718726,4.123105625617661,7.615773105863909,10.0,3.605551275463989,11.180339887498947,16.1245154965971,4.123105625617661,7.280109889280518,780.7752557554575,661.6947936926813,551.1097894249384,463.29796028042256,394.87213120198794,387.40805360756247,502.24496015390736,642.2250384405766,764.3592087493943,914.414020015004,1028.3472176264202,1111.5979489005906,1161.5407870582935,1196.9565572734878,1164.9605143523106,1181.2404496968431,1052.3459507215296,988.4816639675214,850.7796424456806,761.9114121733576,660.9001437433647,733.5345935946034,749.2422839108855,816.045341877521,908.7276819817916,1024.2509458135737,14.7648230602334,1232.257278331112,1329.136938016546,1330.0135337657282,1362.3105372858274,1310.046182392056,1261.913229980572,1189.4893862494107,1095.3173056242651,967.646629715621,886.6143468273001,764.8437748978546,704.1938653524326,683.0007320640293,695.2208282265427,767.1277598940088,799.6155326155189,915.5091479608492,955.012565362362,1045.6280409399894,1059.2643673795508,1097.7016898957568,1062.0117701795964,1073.507335792355,1016.730544441348,954.9418830483874,874.5427376635175,5.830951894845301,13.41640786499874,5.385164807134504,9.433981132056603,0.0,0.0,0.0,128.0,20.0,20.615528128088304,12.806248474865695,899.2135452716445,860.3075031638397,855.5325826641555,790.0594914308668,752.1495861861522,616.0073051514893,607.1194281193775,554.6638621723972,527.6741418716668,525.1304599811365,493.5352064442819,511.3482179493735,539.4460121272564,565.2654243804409,588.0901291468851,621.0,592.8406193910805,594.3778259659423,597.6487262598323,591.8048664889467,597.0971445250764,566.3611921733338,537.2196943523198,519.050093921579,538.5731148135785,520.9232189104264,4.242640687119285,537.3313688963264,566.1174789741084,548.9162048983433,560.9322597248263,545.0009174304205,440.2465218488387,408.93642537685486,392.1084033784535,350.0528531522061,342.28642976314444,298.69047524151154,296.73051747334654,291.0962040288399,319.8280788173546,309.00647242412253,345.9393010341554,375.9680837517993,395.0455669919611,421.15317878415686,426.9203672817684,436.94507664007386,416.6245312028566,412.93340867505503,387.5177415293395,347.932464711185,305.91011751820173,14.0,11.704699910719626,4.47213595499958,19.235384061671343,5.830951894845301,14.560219778561036,13.341664064126334,8.54400374531753,7.280109889280518,4.123105625617661,7.0710678118654755,329.9969696830563,345.14489710844634,345.6269665405175,340.9296115036064,346.77081768799405,312.553995335206,330.84739684634064,314.39624679693617,277.8380823429358,248.21361767638777,255.04901489713697,286.9233347080715,314.91744950065885,316.0142401854701,351.7101079013795,347.57013680694723,329.07445965920846,352.48971616204636,341.28287387444453,337.3262515725688,311.01446911679204,293.47061181658376,288.08679247754486,265.73106705840775,251.07170290576352,259.47061490658245,5.656854249492381,263.0304164920856,268.1734513332742,271.7646040234085,277.72108310317384,269.2582403567252,258.2789190003706,227.7827912727386,229.8717033477587,185.98118184375537,181.96977771047588,164.2224101637776,137.26616480400406,127.20062892926276,120.7683733433551,140.4314779527724,159.20113064925135,161.48374531202822,179.4017837146554,189.46503635235712,196.2065238466856,190.3943276465977,191.128229207514,182.62803727796015,171.4788616710526,160.5615146914104,128.14444974324874,0.0,0.0,0.0,0.0,0.0
2025-06-01 18:44:20.949,0,0.0,0.0,0.0,0.0,0.0,0.0,195.67319693816015,119.2057045614848,59.0,146.71059948074645,248.2438317461282,358.8035674293108,446.2667363808331,538.8227909062496,606.0008250819466,641.4265351542607,688.503449519318,693.1038883168958,691.7116451238912,660.1469533369067,602.1702417091034,497.8533920744138,413.3206987316266,316.0917588296158,213.96495040076073,156.58863304850706,225.71885167172013,341.2477106150311,465.0892387488664,582.783836426509,689.2902146411191,763.4461343146614,6.708203932499369,855.9263987049354,846.2416912442923,820.2249691395648,754.9304603736691,694.740958919222,604.6436967338699,498.1284974783113,381.99738218998306,324.2483615995615,311.2699792784392,412.6560310961176,533.2063390470897,659.3845615420488,820.4151388169284,920.880013899748,987.6279663922038,1061.6105688999144,1022.477383612958,1012.040018971582,944.1763606445568,889.7780622155168,776.8088567981187,677.4658662988121,578.9991364414976,520.5401041226314,540.2268042220786,9.219544457292889,8.0,0.0,8.06225774829855,10.295630140987,14.142135623730953,5.0990195135927845,9.848857801796104,9.055385138137416,4.0,12.649110640673518,783.6580887096106,686.5398750254788,558.1621628165062,449.8021787408327,416.8225041909326,412.0194170181789,509.3859047912496,632.9897313543088,768.1178295027398,893.5731643239965,1017.4404159458184,1089.8091576051286,1159.2695976346486,1185.0624456120445,1190.2726578393708,1132.6614675179871,1067.6520968929908,988.3304103385668,874.8011202553413,756.8579787516281,659.1547617972581,753.2556007093475,741.601645089869,811.7419540716126,921.6946348981317,1045.2870419171952,25.079872407968907,1253.3475176502325,1325.9577670499164,1363.9618763000672,1354.168748716348,1341.3012338770138,1287.3697992418497,1214.259033320321,1124.0071174151878,1005.0681568928547,889.3846187111626,794.6030455516767,725.7582242041767,700.4584213213515,713.1795005466716,754.771488597708,836.2804553497589,906.903522983564,956.3482629251752,1040.0735550911772,1088.096503073142,1102.2399920162577,1107.0794912742265,1066.2518464227858,1049.8347489009875,973.9019457830444,898.5015303270218,4.0,14.0,20.396078054371134,12.529964086141668,0.0,0.0,0.0,128.0,8.06225774829855,7.280109889280518,13.152946437965904,906.8417723065032,908.5400376428108,858.5441165135313,803.3044254826435,753.6690255012475,668.482610095431,609.5391701933519,564.8513078678317,523.997137396761,504.43334544813746,493.6972756659693,502.8687701577818,524.0467536394058,540.2268042220786,582.8902126472875,596.3530833323493,607.2174239924279,610.3253230859752,602.9734654194992,589.8355703075222,581.268440567695,568.3520036034007,546.3048599454338,526.8491245128913,515.3261103417913,522.8049349422785,6.082762530298219,508.12793664588054,517.2542894940553,521.5793324126254,526.240439343082,509.0157168496862,407.4825149622987,395.790348543266,371.13070473891,353.93926032583613,346.2383572049752,327.76821078316914,295.1779124528121,295.65182225043026,298.23648334836565,300.18827425467504,332.05421244128195,367.44659475902074,381.8717062051075,407.1805496336975,423.2493354985923,422.654705403832,411.5337167231866,381.41840542899865,370.6440340812192,354.8647629731642,332.150568266863,7.0,9.433981132056603,8.06225774829855,5.830951894845301,5.0,2.0,5.385164807134504,14.142135623730953,9.848857801796104,11.40175425099138,4.242640687119285,345.21008096520006,354.4573317058063,359.3563690822802,374.1710838640528,368.3707371656983,350.3212811120672,307.4345458792814,322.54147020189515,286.3983240174425,327.11618730964693,302.3193675568934,250.4595775769016,299.202272718641,325.39975414864716,346.082360139895,324.6721423220662,329.4510585807853,335.77373333838966,344.80429231667057,338.90706690772913,331.86895003901765,312.74270575027003,268.00186566514793,277.6508598942204,273.3806869550225,257.21780653757236,19.1049731745428,258.940147524481,267.20217064986576,264.0075756488817,265.5447231635379,250.5673562138532,251.87298386289865,241.13274352522097,208.03124765284664,187.97074240423697,173.27723451163456,145.49914089093448,144.58907289280197,143.58969322343438,144.5441109142811,146.26346091898688,154.5639026422405,171.49344010777787,179.5466513193716,188.04786624686813,189.85520798756087,191.049731745428,190.3943276465977,182.27451824103116,176.52761823578768,155.66630977832037,129.0348790056394,0.0,0.0,0.0,0.0,0.0
2025-06-01 18:44:20.950,0,0.0,0.0,0.0,0.0,0.0,0.0,55.86591089385369,123.98790263570072,224.64416306683776,340.03676271838606,428.2242403227542,501.8655198357425,583.6522937503116,620.2910607126303,654.9656479541503,670.787596784556,673.4701181195792,652.067481170469,604.2060906677456,528.7419030112897,456.0043859438196,342.9343960584881,250.49151682242655,152.2366578718805,169.0562036720333,252.76471272707352,391.45114637716927,516.3099844085915,627.675871768224,711.7197482155459,790.4049594986104,824.756933890222,3.605551275463989,836.7138100927939,796.966749620083,752.3596214577175,646.062690456584,546.1904429775387,457.8132807160579,353.34402499547093,281.0284683088174,288.85463472134217,387.9226727068167,545.0330265222466,723.2185008695504,753.0325358176764,867.7470829683036,988.4538431307756,1035.79196753016,1057.2724341436317,985.8275711299618,1013.8333196339524,844.4927471565401,800.9775277746561,685.4035307758488,610.4334525564601,521.0470228299937,565.6368092689867,598.8422162807161,15.264337522473747,5.830951894845301,21.400934559032695,6.082762530298219,7.615773105863909,7.0710678118654755,10.0,21.095023109728988,5.830951894845301,19.4164878389476,6.4031242374328485,670.7346718338034,570.1973342624464,467.17234507192313,398.016331323226,421.33597045588215,470.1531665319292,602.130384551386,733.3955276656656,859.5167246773037,974.076999009832,1063.5473661290314,1127.1956351938202,1154.7384985354909,1174.3159711082874,1142.7970073464492,1103.2905329059977,1018.1758197875256,927.151012510907,805.4917752528576,686.6338179845208,625.7195857570706,743.3471598116186,772.1657853077926,862.9310517069136,981.4652311722508,1097.8834182188928,23.43074902771996,1301.1859974653892,1338.495050420434,1368.3482743804664,1376.308468331137,1318.9863532273562,1265.1343802142126,1163.2991876555232,1075.0116278440898,978.8855908634064,869.0373985048054,767.9928385082767,712.8653449284794,688.4075827589351,716.5765834856733,772.1981610959715,839.2877933104949,910.2889651094316,986.2682190966108,1043.5712721228003,1090.6896900585427,1087.809726009103,1092.795040252288,1059.5230058851955,1035.3018883398213,966.8696913235,907.7719978056164,9.219544457292889,9.848857801796104,13.601470508735444,8.48528137423857,0.0,0.0,0.0,128.0,10.0,8.0,12.083045973594572,910.4119946485766,899.7955323294287,861.5195877053521,801.3020653910734,754.5097746219064,662.894410898146,625.0839943559586,577.7516767608728,531.7913124525447,504.016864797201,491.6523161747537,501.6871535130235,506.82245411978346,529.6347798247392,556.852763304628,578.2603220003946,599.1635836731067,608.762679539408,604.3153150467064,590.0847396772772,580.0482738531338,572.7128425310541,554.1488969582092,534.4249245684562,515.8691694606298,525.0,8.94427190999916,516.4348942509598,523.5885789434296,528.7154244014449,530.6194493231473,509.6596903817291,422.4038352098617,396.36473102434326,399.7311596560869,391.184099881373,362.36031791574527,333.2221481234403,314.72051092993604,290.05689097140925,290.68883707497264,304.92130132216084,325.21377584598105,335.4400095397089,368.01358670570846,385.0,407.23580392691406,404.88269906233336,395.7473941796711,396.2852507979574,394.1091219446716,377.4612562899668,344.91158287306035,11.40175425099138,6.324555320336759,8.54400374531753,5.385164807134504,3.605551275463989,8.54400374531753,4.123105625617661,8.246211251235321,8.06225774829855,7.0,7.810249675906654,337.10829120625317,352.8809997718778,358.66000613394294,381.65953414005,381.9371676074482,347.1973502203034,371.7337757051409,339.32432862970495,312.8338217009152,322.3553939365681,300.0283319954967,271.28029784707917,315.9905061864992,335.828825445345,340.58772731852804,326.95718374123544,318.2153358969363,336.8812847280181,333.4786349978061,333.9715556750305,325.6777548436491,324.6166970443757,297.1952220342716,284.47847018711275,286.1835075611451,256.81510858981795,13.892443989449804,251.81342299408905,250.80071770232237,250.3437636531016,261.6734606336684,262.20030511042506,241.29857024027308,243.13165157996193,223.89283150650448,211.22736565132843,196.60366222428308,167.0449041425688,156.81836627130127,135.35139452550905,131.03434664239754,127.0157470552372,122.18837915284745,149.80320423809366,154.2595215861893,175.1456536714514,181.12150617748296,194.80503073586164,196.08671551127577,190.7590102721232,190.1841213140571,185.9247159470736,159.15401345866212,0.0,0.0,0.0,0.0,0.0
2025-06-01 18:44:20.953,0,0.0,0.0,0.0,0.0,0.0,0.0,67.68308503607086,104.21612159354233,214.30818929756276,329.4389169481954,422.2380844973603,497.6032556163595,582.4448471743913,638.6336978268529,673.2874571830371,693.2084823485644,691.5750140078804,672.4053836786259,625.3071245396137,569.9561386633186,482.6282213049709,364.72592449673766,268.7452325158532,168.8342382338369,166.97305171793442,253.71243564319033,387.3615881834439,511.76947935569586,634.93700474929,720.3388091724615,783.3421985313953,842.7431399898785,8.06225774829855,854.6630915161834,821.854610013231,765.8492018667905,673.6623783468987,582.1236981948081,475.1431363284121,370.0499966220781,308.22394455979565,312.52679885091453,358.8983142897163,529.5894636414134,654.1513586319301,767.3206630868219,875.2519637224472,996.3382959617682,1030.9185224837122,1059.1808155362332,1054.0218214059896,945.4274165688236,916.1353611775936,800.1262400396578,691.1418088930809,608.839059193807,557.4585186361403,554.0730998704051,607.6684951517562,2.23606797749979,4.123105625617661,8.06225774829855,7.211102550927978,6.708203932499369,7.0710678118654755,4.123105625617661,19.235384061671343,7.211102550927978,4.47213595499958,7.810249675906654,727.8111018664115,622.3568108408551,515.6752854267887,459.6270227042792,456.9212185924396,499.1592932120968,621.2889826803627,742.3078876045977,882.3990027192914,995.608858940096,1110.0648629697275,1178.2037175293583,1209.8417251855717,1203.897836197075,1186.5411918681964,1127.4404640600762,1042.978906785751,949.0732321586148,839.5046158300739,742.5476415692127,641.4117242458233,763.2404601434596,799.2258754569949,880.1550999681817,1006.2668632127364,1119.9361588947827,4.0,1315.6025235609727,1367.7020874444845,1391.0920170858576,1386.1331104911967,1346.2815455914115,1276.9906029411493,1181.257804207024,1078.3436372511317,972.9953751174772,869.3043195567361,771.9507756327472,718.4406725680277,705.5692737074086,722.0096952257636,768.6097839606259,860.2615881230546,915.8367758503696,1008.7145284965414,1059.297880673798,1096.8582406127057,1129.91902364727,1120.580206857144,1084.7018023401638,1053.1448143536577,977.0619222956136,887.2395392451804,7.615773105863909,10.44030650891055,5.0990195135927845,8.246211251235321,0.0,0.0,0.0,128.0,9.899494936611664,15.0,8.54400374531753,948.4982867670348,927.1806727925252,893.2188981431148,867.3603634015103,795.3395501293771,690.5048877451918,651.7131270735614,595.8741477862586,544.273828141681,535.3400788284023,521.3098886458994,516.6091365820005,551.6747230026041,586.4128238706927,604.6354273444454,617.1912183432295,634.0070977520678,633.5937184032051,656.2202374203343,640.1226444986929,656.060972776159,622.1615545820877,570.6951900971305,558.5194714600378,564.9646006609618,541.1441582425149,4.123105625617661,534.6568993289061,543.3939638972814,550.5270202269821,535.7854048030797,563.42168932337,445.2246623896749,426.38597537911585,405.6266756513926,389.2402856848197,361.912972964496,328.4158948650324,304.381339769704,307.52723456630633,295.8462438497403,308.18500936937215,317.0141952657641,344.223764432382,366.9727510320078,381.26237684828016,393.7829351305107,399.0451102319135,407.4898771748815,401.6590594023742,399.2605665477121,363.05509223807894,339.0634158973805,5.0,5.0,2.23606797749979,7.0710678118654755,6.082762530298219,5.0,14.0356688476182,5.830951894845301,12.041594578792296,5.830951894845301,7.211102550927978,306.00653587791226,333.54160160315837,340.71835876571134,343.02332282222443,348.28149534536,350.7819835738432,349.665554494577,320.3404439030451,299.1003176193566,314.94126436527813,275.2235455043772,315.5645734235705,332.3266465392145,334.52653108535355,354.5588808646598,323.88269481403296,325.7192042235152,330.3846243395718,335.0761107569443,327.26289126633344,316.80909077865806,307.7661449867415,301.179348561617,279.95713957675736,266.62520511009456,265.9191606484948,6.708203932499369,263.7953752437673,252.12100269513448,262.60616900598507,271.93565415369864,264.35771220072246,249.80792621532248,233.420221917468,230.2042571283164,206.15528128088303,179.10890541790488,171.14321488157222,140.4563989286355,139.38794782907166,124.82387592123553,140.12851244482687,140.52757736472938,147.78700890132393,167.3439571660716,190.16308790088576,196.9009903479411,199.69977466186583,197.43606560099397,203.3937068839643,194.0025773024678,184.1140950606444,155.08062419270823,0.0,0.0,0.0,0.0,0.0
2025-06-01 18:44:20.959,0,0.0,0.0,0.0,0.0,0.0,0.0,198.58751219550535,110.5486318323298,61.98386886924694,135.95955280891445,236.96624232155935,342.6047285137787,442.6115678560605,513.8491996685409,605.4172115161576,637.4260741450729,667.5964349814939,692.075862893657,660.4392477737828,642.1814385358705,580.155151662036,519.6710497997748,410.259673865224,305.15897496223175,219.0091322296858,147.38385257551113,210.58252539087852,311.4161203277698,459.0642656535139,573.2451482568343,670.8658584247673,762.659819316581,7.615773105863909,830.5769079380909,841.8325249121704,811.290946578353,765.0,681.6920125687259,591.8175394494489,491.0570231653346,402.2039283746493,308.1720298794165,299.5413160150032,410.17557216392106,492.8539337369643,638.0,755.5957914123132,865.3161272043876,917.8801664705476,1025.4686733391711,1029.814060886721,975.13588796639,958.2760562593642,906.5649452741928,746.0730527233911,671.8429876094563,591.2021650839922,531.8467824477272,528.1600136322324,7.280109889280518,13.0,7.280109889280518,7.211102550927978,3.605551275463989,20.615528128088304,6.708203932499369,21.095023109728988,13.41640786499874,14.422205101855956,7.0,809.9956790008204,687.5536342715382,572.4648460822725,494.2924235713107,420.880030412468,427.375712927162,528.0009469688478,670.8710755428349,793.1115936613207,919.4308021814364,1035.924707688739,1119.920086434742,1195.1167307003948,1221.2821131908877,1198.3196568528783,1151.1112022736986,1081.4527266598388,992.429342573062,893.7225520260748,758.2380892569299,682.440473594584,780.5664609756174,761.1070883916402,841.242533399257,949.0084298887972,1070.540984736222,18.24828759089466,1265.8408272764786,1338.1976685079078,1381.683393545714,1391.2943613772034,1339.8615600128246,1282.377869428508,1176.0425162382523,1081.3533187631135,983.9334327077212,865.842941878029,801.476761983777,719.7471778339947,681.6010563372096,706.0771912475293,773.9832039521272,846.6935691263989,922.7838316745692,988.6607102540283,1059.762709289207,1096.7866702326392,1118.8748812981726,1095.7413015853697,1076.0227692758178,1033.4650453692182,949.2107247603136,877.8775541042156,6.4031242374328485,25.61249694973139,2.0,10.295630140987,0.0,0.0,0.0,128.0,8.246211251235321,7.211102550927978,11.40175425099138,935.3464598746284,891.6557631732103,871.2777972610113,823.4761684469078,750.5204860628389,642.6795468972075,598.9298790342656,559.0572421496747,534.8093118112287,528.0009469688478,517.9198779734178,525.3846210158802,562.1280992798705,578.7443304257935,597.9715712306063,627.2001275510074,617.3013850624345,611.6289724988508,616.9416504013974,582.6577039737825,590.4786194266478,548.9772308575284,530.6006030904978,534.3117067779818,527.0370005986297,509.3220984799305,12.041594578792296,538.61396194306,557.6674636376055,550.1363467359705,555.8462017500884,551.8876697299913,426.94847464301824,400.0799920015996,383.275357934736,348.89110048839024,328.7993308995625,296.0709374457412,277.94963572561124,279.5084971874737,289.15393824051574,301.9155511065967,324.4225639501667,361.18831653307944,386.7453942841466,409.40078163090993,425.42449388816345,423.2930427020978,416.5009003591709,404.22394783090226,379.2413479566805,347.90803382503253,315.1793140420227,8.94427190999916,7.615773105863909,5.830951894845301,11.40175425099138,13.0,8.54400374531753,5.385164807134504,3.605551275463989,16.492422502470642,10.63014581273465,3.605551275463989,352.8172331391991,345.74267888127434,359.02646142032484,353.0736467084452,341.9970760108922,345.3129015834769,335.5190009522561,310.16124838541646,296.31908477180474,286.01573383294846,306.6349621292393,308.58548248418947,320.42627857277876,344.9420241141981,357.7373338079211,354.6632205346362,353.643888678993,353.74849823002785,344.33704418781315,335.40721518774757,321.30981933330327,302.64335446198055,297.6071235706565,279.69268849936,255.29003114105336,262.94486114012574,7.810249675906654,270.0240730009086,275.8278448597966,268.9274995235705,285.5748588373984,263.2299375071156,260.5839595984373,235.00212764994276,222.27235545609355,197.6486782146544,180.00277775634464,147.6279106402309,155.12897859523216,134.7664646712972,137.18600511714013,148.38463532320318,153.4959282847594,146.8911161370898,186.27130750601393,196.4001018329675,193.82982226685343,191.0026177831079,193.4941859591652,180.49930747789588,168.80758276807353,154.02921800749365,121.3424904969401,0.0,0.0,0.0,0.0,0.0
2025-06-01 18:44:20.959,0,0.0,0.0,0.0,0.0,0.0,0.0,203.1058837158589,109.60383204979652,50.774009099144415,132.87964479181903,237.17082451262849,344.570747452537,445.3369510831096,520.0240379059414,581.9218160543562,638.4645644043215,683.3600807773307,680.2095265431086,675.7403347440494,637.3005570372585,593.3102055417554,512.0595668474518,418.0011961705373,321.39850653044425,198.8818744883505,136.3084736911099,203.2953516438583,312.9728422722969,452.6068934517016,571.4971565983509,671.1259196305862,758.023746329889,9.848857801796104,846.3297229803524,840.1386790286471,816.635169460635,760.5399397796278,685.1685923916829,606.5723369887552,485.96810594935135,391.87370414458786,306.88760157425713,315.86864358463947,395.7069622839608,514.0155639666955,591.9476328189851,766.0652713705275,859.723792854426,951.8324432377792,1064.0531001787458,1020.9681679660732,982.6087726048452,931.0343710089332,909.9725270578228,787.5792023663398,663.509608069092,565.0530948503866,505.4750241109841,535.2018310880485,14.142135623730953,6.708203932499369,12.0,11.704699910719626,9.0,1.0,6.082762530298219,8.06225774829855,8.246211251235321,15.620499351813308,5.830951894845301,791.3393709401802,688.2906362867361,572.2237324683415,473.0010570812712,414.2366473406234,435.4044097158411,527.5092416252061,655.8239092927308,786.0947780007192,930.1962158598584,1025.694886406284,1133.1765087575725,1162.0761592942176,1214.9279814046592,1202.4329503136546,1169.6401155911165,1095.607593986095,989.2547700162988,879.338387652899,772.5800929353538,684.8948824454743,761.2154754075879,761.3231902418315,832.0504792378886,944.0137710859942,1070.5820846623578,15.556349186104043,1267.705013005786,1343.2025163764397,1395.4218000303708,1371.0820544372973,1342.9240484852448,1289.853480051126,1197.6660636421157,1088.7433122641903,976.6580773228674,880.9086218218097,785.870854530183,708.6614142169728,694.1239082469355,722.1440299552438,764.7287100665177,844.0290279368359,926.521451451611,996.8028892413986,1059.8929191196628,1092.205566731831,1110.8519253257834,1098.7561148862835,1088.1548603025217,1036.8919905178166,965.2383125425556,894.5909679848104,5.830951894845301,18.867962264113206,15.0,8.246211251235321,0.0,0.0,0.0,128.0,13.0,11.180339887498947,7.0,927.2173423744836,891.6703426715503,856.4887623314155,820.5485969764375,744.6475676452586,652.4086142901548,609.3381655534142,554.0577587219585,518.2991414231747,515.768358858897,518.8082497416555,517.4060301156143,546.1812885846604,569.8596318392803,595.0226886430466,607.4051366262884,607.1186045576268,609.8130861173775,614.8333107436519,591.6696713538729,595.7390368273678,559.580199792666,524.1011352782972,532.024435529046,522.5322956526228,513.0613998343669,11.704699910719626,514.9922329511388,541.2023651093923,559.8928468912601,535.4717546239017,539.2179522234029,439.4143830144844,397.37262110014575,398.39302202724383,349.72131762304684,339.94852551526094,291.756747993941,288.4874347350331,270.5642252774746,295.0203382819564,300.4080558174165,318.47291878588356,359.43984197637303,385.1882656571978,400.21119424623794,410.3656905736638,422.0154025625131,418.3993307834036,396.6484589658707,376.5979288312669,349.9614264458299,311.19125951735856,4.123105625617661,5.830951894845301,4.242640687119285,10.63014581273465,7.211102550927978,15.231546211727816,8.54400374531753,4.47213595499958,2.0,8.06225774829855,8.94427190999916,353.8601418639856,360.1110939696249,357.73314076277586,373.90506816570434,335.0104475982801,339.3420103671221,323.87188825212974,331.16914107446667,303.4485129309419,263.79727064547126,275.3125496594734,256.00781238079435,292.9095423505352,310.6976021793538,362.0635303368733,350.03571246374275,358.62096982747676,355.37022947906036,345.20863256876993,329.8787656094281,332.3567360532956,308.4493475434824,294.4299577149037,273.94159961568454,247.93547547698776,259.9423012901132,7.810249675906654,268.00186566514793,259.6247291765559,273.18308878845335,273.3806869550225,275.0654467576762,258.68320393871727,235.96821819897696,217.26711670199887,204.56050449683585,181.077331546497,164.34719346554112,137.3608386695422,132.6386067478093,132.6386067478093,135.85654198455074,155.0290295396317,165.67739737212196,182.22239159883728,185.52627846210896,192.21082175569617,190.12890364171355,195.1640335717624,187.7791255704425,175.64168070250295,143.20963654726592,138.75518008348374,0.0,0.0,0.0,0.0,0.0
2025-06-01 18:44:20.970,0,0.0,0.0,0.0,0.0,0.0,0.0,55.362442142665635,99.16148445843277,199.42417105255825,313.68296096536704,419.03341155568967,508.2361655765949,574.8364984932672,637.9631650808689,675.2140401383846,683.0592946443229,700.4070245221702,667.8480366071311,616.5719747117931,556.1906148075495,468.46344574577,367.0054495508207,265.93608254616373,164.10362579784763,161.07762104029226,258.5207922005501,378.2089369647417,508.65508942701047,627.4153329334564,714.9671321116797,790.5042694381859,837.5320889374926,7.810249675906654,850.379915096776,819.9567061741735,747.1659788828717,690.9044796496836,583.6060314972764,465.4889902027759,355.31676008879737,287.7933286231632,294.8219801846531,364.2993274767331,515.8381529123258,651.8688518406137,796.5707752610562,885.4840484164579,929.4751206998496,1024.567225710446,994.3022679245984,1021.7069051347356,990.9924318580844,865.533939253684,792.7736120734595,691.8742660339377,603.160011937131,555.0423407272638,533.6665625650534,593.3338014979427,9.055385138137416,6.4031242374328485,3.1622776601683795,16.15549442140351,5.830951894845301,5.385164807134504,5.0990195135927845,4.47213595499958,4.47213595499958,9.0,10.198039027185567,752.3410131050945,604.5337046021504,495.824565748814,444.7920862605359,434.1658669218482,480.8846015417837,628.339080433487,754.6893400598686,872.855658170353,1004.2957731664512,1095.869061521494,1172.0720967585569,1200.3332870498928,1198.613365518673,1182.6013698622205,1128.5056490775755,1030.0800939732794,942.734851376568,836.6749667582985,703.2332472231386,641.0935969107787,755.2701503435708,782.1253096531271,861.3501030359258,986.9493401385909,1107.0266482790737,2.23606797749979,1303.7426893371253,1371.3387619403163,1372.8954803625802,1397.01753747045,1339.9018620779657,1268.86799943887,1189.7331633605916,1079.4966419586492,961.8175502661614,868.1157756889343,778.4394645699819,702.2150667708576,691.3993057560876,709.4737486334501,782.3074843052443,854.5179927889172,945.6495122401324,1016.4536388837416,1063.166967131692,1108.5454433626076,1089.4663831436012,1100.8001635174296,1089.0362712049584,1041.8262811044842,966.153714478188,900.2471882766422,14.142135623730953,8.94427190999916,10.44030650891055,15.652475842498529,0.0,0.0,0.0,128.0,13.152946437965904,10.44030650891055,10.770329614269007,935.6372160191148,901.0221972848394,877.5972880541507,834.4255509031348,763.8959353210357,678.4902357440378,647.6210311594274,603.8410386848512,549.2048798035211,524.2632926307163,538.2118541986974,537.8271097666982,555.9217570845739,574.2560404558232,600.0133331851885,647.0030911827238,651.0069124056979,647.0216379689323,635.6618597965431,616.5719747117931,619.0476556776546,602.3437556744487,572.0218527294215,560.0571399419885,526.9127062426944,544.3032243152708,8.602325267042627,540.0981392302699,543.5301279598032,543.2724914810246,575.0860805131698,562.7548311654019,438.092455995307,424.8352621899458,423.4831755808016,403.8638384406309,377.5764823184834,354.8774436337142,324.7768464653846,298.9046670763105,297.2036338943385,318.0770346944274,323.4439673266453,340.83720454199243,382.29438918194967,395.33909495520425,405.34553161469535,412.0740224765449,395.77392536649,415.3949927478664,400.37107787651195,361.23399618529817,316.8627463113958,12.806248474865695,12.041594578792296,9.848857801796104,8.94427190999916,2.8284271247461903,2.8284271247461903,5.656854249492381,5.0,6.708203932499369,11.180339887498947,10.0,330.667506719363,334.9940297975473,366.46009332531696,357.2744043448957,368.4358831601504,347.84191811798644,367.4955782046908,358.63212349146863,320.45124434147544,333.3781636520305,302.2333535531775,285.8198733468336,306.4718584144391,307.7823906593748,335.17905662496275,322.02484376209236,327.0535124410071,342.49817517762045,349.3436703305214,329.84390247509504,335.26854907670656,320.71326757713035,303.48805577814755,272.90474528670256,274.05291459862275,257.25668115716644,4.0,252.9703539942971,281.30055101261354,275.1817581163403,258.69866640553056,269.3120866207085,262.73370548903694,250.13796193301008,244.9693858423946,216.5848563496534,204.15925156602623,181.7608318642936,140.80127840328723,139.64598096615595,139.9428454762872,136.13228860193308,125.39936203984452,161.05899540230592,165.42369842317032,182.9808733174044,194.74342094150447,204.94145505485216,211.57031927943012,210.09759636892565,210.440015206234,193.82982226685343,178.16004041310725,0.0,0.0,0.0,0.0,0.0
2025-06-01 18:44:20.971,0,0.0,0.0,0.0,0.0,0.0,0.0,225.39964507514205,134.65882815471105,53.907327887774215,120.60265337047936,230.67292862405853,348.2125787503949,450.7992901502841,523.0382395198271,615.2527935735034,655.9268251870783,703.0455177298267,706.1911922418744,703.7513765528278,675.7825093918901,628.5355996282152,539.0037105623671,456.0701700396552,334.94029318671113,218.38727069131113,155.58920271021378,223.40322289528413,336.43572937486886,461.5333140738597,574.5754954747026,689.7318319463008,780.3550473982981,3.605551275463989,870.6715798738351,850.6797282173826,868.5649083401885,763.089116682973,740.2438787318677,606.8978497243173,504.016864797201,384.365711269879,341.2565017695634,307.1042168385188,403.39682695826946,511.149684534775,648.7873303325213,780.2313759392146,864.9115561720747,955.2968125143096,1016.9700093906408,1058.023156646394,1022.0078277586724,965.2036054636347,896.644857231669,771.2801047609098,712.3012003359253,580.4980620122689,528.7844551421684,543.2807745540053,20.024984394500787,15.264337522473747,16.492422502470642,8.94427190999916,3.0,8.246211251235321,3.0,18.788294228055936,16.55294535724685,7.615773105863909,7.810249675906654,816.635169460635,730.4498613868031,584.445891421952,493.7053777304841,428.24875948448465,439.2413914921953,526.5453446760307,641.0896973123184,779.5434561331396,897.477576321548,1020.2945653094504,1114.007181305399,1168.8733892086002,1207.0758054074315,1213.738027747339,1152.246935339817,1100.0113635776677,987.7104838969768,899.4498318416653,764.0320673898445,686.2863833706742,768.8465386538461,735.4053304130995,825.8746878310293,908.6655050127082,1036.9112787505014,11.31370849898476,1250.2739699761808,1308.0233178349688,1376.520976956036,1347.0181884443878,1363.2714329875764,1281.671174677811,1198.60752542273,1101.9078908874371,988.3567169802612,891.4802297303065,787.0006353237588,728.8017563096291,695.6795239188804,716.400027917364,748.8290859735617,843.1713942016771,884.0022624405437,996.3919911360188,1057.9966918662838,1085.2211756135243,1080.103698725266,1094.923741636832,1065.334689193964,1043.4184203856094,969.2703441248988,904.161490000542,15.620499351813308,3.605551275463989,8.06225774829855,0.0,0.0,0.0,0.0,128.0,3.1622776601683795,11.40175425099138,12.206555615733702,931.1068681950532,913.6832054930198,878.0461263510022,833.8824857256567,766.8044079163865,677.0819743576105,630.7455905513727,578.1946039180926,525.4759747124506,511.5945660383816,530.4224731287316,532.1597504509336,562.9955594851526,591.2165423937324,623.1733306231903,611.9027700541974,658.0919388656877,635.4368576027047,640.0515604230646,604.7950065931431,611.117828245912,588.952459881101,548.4350462908073,550.1754265686536,542.9189626454394,520.9808057884667,17.0,531.6812955145216,529.4619910815129,566.1377924145322,559.657931240146,559.1422001602097,432.0416646574726,418.4315953653595,410.8454697328425,375.6008519692148,344.88983748437704,330.7204257375102,309.127805284481,294.0612181162283,314.94126436527813,317.49803148996057,345.94363702776786,370.7748643044725,390.5649753882189,406.07881008493905,420.0190471871484,426.51729156037743,414.79754097631775,395.4794558507433,392.2257003308172,350.85324567402824,311.8878003385192,11.40175425099138,8.06225774829855,12.529964086141668,7.211102550927978,15.524174696260024,8.246211251235321,20.615528128088304,7.615773105863909,17.46424919657298,12.041594578792296,19.697715603592208,343.3715189120961,356.02247120090607,360.41781310029614,347.80741797724784,350.65652710308984,343.0699637100281,350.6479716182599,313.73874481804125,310.4657791126101,265.0,276.1340254296815,312.4627977855924,314.3055837874981,344.62298240250897,364.5408070436011,341.8830209296741,328.69438693108225,365.3874655759281,338.00591710797016,323.82711436814554,318.44622779992227,301.43821920917725,290.29984498790213,284.2534080710379,259.6247291765559,263.0589287593181,6.082762530298219,273.4373785714016,271.01660465735307,298.4292210893565,267.9944029266283,267.4341040331244,264.20068130116545,236.32604596192948,225.8495074158897,204.41379601191304,178.94133116750865,176.50495743746123,147.2582765076381,144.27751037497146,136.31214179228496,165.00303027520434,170.6985647274165,182.4828759089466,198.13379318026497,200.73116349984124,206.9033590834136,206.2353025066271,201.0198995124612,193.54069339547175,183.98369492974095,162.28986413205232,138.3979768638256,0.0,0.0,0.0,0.0,0.0
2025-06-01 18:44:20.974,0,0.0,0.0,0.0,0.0,0.0,0.0,67.52983619952798,108.29954431433454,224.20805267707274,325.9975296771627,420.611538034759,507.08544168338955,582.5470159613794,636.870139377711,672.6592788886484,704.6538238895693,698.4931587123608,675.1092410447317,627.3201532685033,552.6936048905789,461.35296193705165,371.7180559902644,271.0195224957608,175.43023532212138,158.82182776494508,258.6751112938215,393.4105786364071,507.3706605443617,623.5320185987528,735.821562750086,797.0012289101807,846.8205867356651,2.997482539098836,853.991022089157,818.9657013074838,756.5856506035357,664.8904338400667,571.6401869974254,468.2451915992413,374.55162398263343,293.6146945496962,308.3612388427782,352.0396798253671,529.5528683223948,651.5993264605123,765.1714281023025,872.8784324360611,946.3268672179526,1006.3000249875734,1075.4187510837126,981.1363585130995,957.0552167817124,892.8014795818113,752.7951292678217,691.6954788730562,601.8026062837025,541.1599796685672,535.0009297742674,581.140040083114,9.1233281861554,12.498689059173461,8.971305511363205,14.329165342276948,13.286078450173,16.927127034223794,10.10748487240578,9.521703809487299,7.495927395989888,12.071739079761528,5.463309307151174,689.0147495031562,569.0980064783851,486.69749964162776,397.8987986945373,421.29192708411637,463.9922490305123,596.3155802974449,729.161856460012,860.1779037603284,967.2100137126067,1062.7677875369243,1138.591443406335,1183.8077744218901,1173.7899806648816,1142.578229692902,1128.8256052653167,1016.7406673754031,932.1381651173031,820.1691054392766,710.2851107688793,618.0926952718444,725.562430412901,782.5951988186135,866.145893120443,965.1082887908377,1108.443318469304,14.532438084079969,1294.564175955439,1362.2097509396717,1362.013163374291,1388.644861103901,1332.0904859137756,1276.9980415726552,1167.8890820790348,1079.100242048889,973.2740094472314,865.400986939026,773.7407219500165,700.5421926516408,693.6327133401853,715.247156594392,787.168135700173,846.2816554167839,929.132002030401,998.7201943127045,1064.1660599364125,1100.547362746285,1114.3503572628974,1092.1900328015945,1078.2972277306283,1028.7094575108695,962.584901520629,900.3650649263383,9.824368673869033,6.387718752857778,5.398487179870688,4.4150628640770115,0.0,0.0,0.0,128.0,7.08734636088152,12.486152620186791,2.6834049274667113,925.5885557251594,900.1517292255055,859.6021690624706,789.0728172543454,760.3612915606213,661.2418378100879,636.9675445567627,566.7200634809544,530.363289712432,526.2827636679747,528.9184825856885,542.4072623755181,565.8015950400026,578.7475172823542,596.8245587642282,634.7300801778769,635.7942192289485,636.1458258600023,605.6174721703056,595.6286705092488,585.4828233163239,552.4308034963709,565.1830848899282,524.5072763658452,499.79893028894287,509.06357890663355,8.340514835136076,523.839848467378,528.3454440566592,522.8701378635313,546.1369927990515,525.4283671504603,425.47521183019427,388.80958049788876,388.92970797764417,364.9245069747153,341.17784675801363,316.1696726823044,285.92152535378,273.2651116631153,262.7962885646912,282.6561329789799,294.9831139241575,334.152142832099,350.53057802156815,367.8191415171594,382.19455118133044,388.9708808033633,402.8483374892546,391.45145939379387,372.7957174160988,361.68418171311737,325.05485892418557,11.724568130950875,3.0846031600758366,1.1037649825632059,10.139708541927284,5.313884019794852,6.008730929579036,8.455274515964922,6.549992726035826,8.162058793206612,9.201098826319893,7.910971884556294,300.9873951581956,337.5305740575572,350.8287700216102,365.9969910859711,369.73519424189533,355.35085348465395,346.5098163933431,337.6292454501283,334.5736532980327,322.87073999945,287.21328293026903,285.19319128936974,306.3394017944154,312.1568684129792,349.8521568056593,322.2847826054466,336.6477835028884,336.9246266089197,342.54391601181527,331.4078433950304,333.8317956740766,318.8407843861505,300.59167197696996,285.5542612989891,272.7458427537917,254.64552291906654,13.949702272879588,245.80974924550833,262.29265597544145,266.8389300574203,264.0846166032003,261.7088171117034,259.1632315603357,242.4389844117508,250.22993301937552,215.0150106844241,200.4166638320119,174.2861393117337,162.8434843023016,147.18509813328043,133.22386249425483,135.7308470181249,126.97258782567197,147.37129399851213,162.71624522022654,170.8897480526016,189.42944404554655,198.43803866218866,216.04046811153165,212.2752751661372,208.79179526328107,190.94617013236743,168.72551307044222,0.0,0.0,0.0,0.0,0.0
2025-06-01 18:44:20.982,0,0.0,0.0,0.0,0.0,0.0,0.0,128.4751618546119,56.712164089360556,109.44504487238312,213.4011286026004,325.5170842176255,430.9956603025219,507.8971871677714,585.0506914912186,646.2920964490252,675.8716640749768,695.8685031030514,693.4992532732454,659.6470873165682,610.2483976893743,546.7207295182374,453.79875610886,349.22152183759846,243.38015608017142,168.41865969866774,175.99416331218973,292.05892447065037,416.25956904586684,535.6016184630535,652.9194999877932,740.9789738905888,804.3021929950526,8.575816280605919,847.1254830106228,833.3692366973063,796.2117381093296,708.8070635462927,632.6401875068178,547.9418387412012,424.6046378970714,334.5741084616447,302.2291678233433,309.8538911443276,457.33698661109275,595.424368610148,693.8954688621374,830.8180029084436,942.5203594672147,991.9507229552958,1009.1896266531718,974.4532306024842,964.9314844897634,896.2683403321662,803.1446484241703,702.1355767354313,629.9746405857343,545.734291979926,518.8165053886735,539.2271604986103,6.621682083076494,7.427877552019144,9.63820983738704,17.27472595232751,8.72964794174774,11.383128050145018,3.9402298850574713,12.378918779017361,3.95707615898369,11.251547148851463,8.032515166386794,733.3718824666993,615.6810683496169,510.07481561229116,416.8213232598643,393.3410742485116,426.75101807462823,510.41176608683446,661.1966479931117,780.8289099286883,912.7865274616721,1021.842393177321,1111.35177234993,1166.618507741404,1180.325356737143,1164.7789494261663,1132.8075538849473,1043.1834392632168,951.5809631701169,857.225300424949,749.1016211053903,653.0097995955607,750.3561857792321,757.9379921644343,841.5845973019184,952.5136589415812,1075.8995196443639,17.569528865719494,1272.7940591128677,1341.6537984241024,1388.9569243771884,1390.6482664172838,1355.169328649073,1298.9429999315553,1187.160959320642,1107.451379076871,988.6891041849545,892.9015879073346,792.8747228851106,727.4498472536341,711.1915530430857,744.7241691856775,788.6260320428365,856.3049199894681,957.505120652092,1014.8155838029476,1079.2297908822618,1110.7718302664207,1162.4459408283865,1123.8706442840835,1095.579271882671,1063.4200706937747,987.4603686152,911.3508051171132,5.341949507651606,18.390660997569697,6.046305366494712,13.301171475137862,0.0,0.0,0.0,128.0,8.176669425973191,15.840433778079904,16.774027743542227,937.8154035909798,908.8705401165671,888.238218801581,833.6422505384736,766.0507133583675,666.4643284711409,627.4717168339612,556.4354013329696,527.8997067454175,513.9574839450694,513.589747143894,512.3370345507617,538.0199528036146,537.8561878647037,574.7806210178161,594.7846355393608,599.2474473043004,609.2082912679545,620.0884000084785,622.296281248427,601.913536615192,582.6889652629334,549.6180485412925,546.8565038983654,558.0778603947797,513.8218894292587,10.853920128897629,524.8187252024594,546.3773232140475,544.4037474038712,535.384808213652,536.0313712824259,428.98571198770225,401.23347377521094,396.26782240220393,356.58175276819975,329.37695754918553,307.68718645752574,293.9294999665212,278.77029222408834,290.5456869398111,293.65272177583336,326.31259570513487,355.2098880996103,372.0584851918051,395.26007857441994,403.54072068950313,417.6417828127886,397.6535003744706,381.75530642301624,380.4181558568573,352.4094672788696,315.8413352308119,21.44352048681267,5.964317302178139,4.639968879807176,8.111954946563785,3.3552898153102944,4.109774553364072,20.536981778185844,1.9303680762292847,11.355635125946149,8.303667511224134,3.456054692255404,307.72220310594406,332.8011988476633,337.0940081039254,351.67095905785845,364.00686008708163,325.2169429082737,343.7359943844589,313.29042970516406,316.4224405467355,291.4862719943698,272.70066658407865,256.9683720373153,282.3262018213765,293.8530762005268,322.1743015649329,312.4714097198651,324.55439484127356,340.05676468223345,347.8253310972726,329.55779648944,329.99586385945213,310.02384271272314,295.2432962897889,271.24614318358647,254.09206921026174,257.0300094991129,2.202331689621832,239.90039603174645,250.22943834457044,255.65268793598747,254.8097974654337,241.89175505582185,243.69780939673223,229.7436576358475,223.71206973318226,211.44330491892626,187.17903667660673,168.06125422906265,155.88134076592814,145.04267911102193,133.80928128059568,147.80774772765372,162.29705273057905,149.84624270817415,168.36731775522654,191.88568748365302,183.2593966977674,189.30078662218466,182.31124693681633,188.0323107880415,177.1408832768101,162.8516909151066,145.50686039772066,0.0,0.0,0.0,0.0,0.0
2025-06-01 18:44:20.982,0,0.0,0.0,0.0,0.0,0.0,0.0,111.9220790205397,53.15831367188682,128.63190373070762,240.51524182141398,337.0371819578742,435.5642375138156,510.095955262532,590.1172778978336,642.4726416482071,687.8542738996988,688.9556459640911,688.2148541321717,664.7689504514093,609.4454907871699,551.213838999678,446.3737197293802,323.72630830871503,226.85957758427492,150.1959711861807,180.8187035477983,298.89467167970787,428.6055235829672,543.7988219041722,659.2410078405175,746.5648469644223,797.4185481657141,9.826271384330214,852.0334620466067,830.6317866696156,785.0847282619644,708.2034117756539,611.2285697301133,517.207630591788,407.5967865288566,341.3089838371818,276.96586333064477,334.02921356858866,442.96632605877755,552.7592758880439,690.9034405464762,800.8828830017277,897.2712738873083,1003.4746065688538,1009.5163444924341,1004.5624560651139,965.0869401444373,896.3741460224221,790.4727303390911,698.9798237552696,586.3735878756165,537.0882660295896,505.0431826799691,557.2607312114487,16.79636859470338,5.024233390520655,5.936836567478981,4.68947535998185,4.741775421452019,7.128986643548764,3.7334097830171467,11.92936299312889,9.203318431662456,4.654471211421399,8.974138808383147,723.2694630990503,603.9601602957985,517.9585956842822,405.60817243369394,400.38543720434944,423.499965448214,542.4526817566285,660.3605714167991,791.0545405574289,934.8143944303811,1019.8870253067363,1116.6409868816522,1154.099153679928,1184.650341531588,1166.8739542763467,1139.3348432167463,1042.5772674972734,960.5783354759153,851.0570346508492,733.6846567962666,660.0377799902036,756.2448021613518,766.3562666805452,852.8121501225717,972.3808127741476,1077.196428869582,9.323114260403026,1273.6126386821097,1357.5680858305489,1376.72342843504,1380.0563775139683,1338.5483488964555,1284.6544882876717,1194.1789823127117,1108.5839007610018,998.7592869404652,893.8665614371546,806.3547668452208,730.2060125222231,703.7944818811213,727.4158247585265,787.3783230910788,867.9381311076305,942.0145604896521,1005.7788191760766,1068.5051015312679,1107.8437542030165,1123.2901016432818,1135.0069510490741,1099.869740888902,1046.1738302866504,985.8517027462201,915.4334393006404,23.566129827903772,9.516340699879331,8.788650987165303,4.643754610603354,0.0,0.0,0.0,128.0,17.089655172413792,9.187921664730116,9.786241726732626,934.8595921836322,899.1882769601001,877.6840247832441,837.3366123144792,760.1281386974698,675.054010396628,622.5107879568919,575.9666435637082,535.0687931022994,506.6137541500989,508.77175942999753,513.3257876404725,536.0252794736489,557.5151638054348,591.4126002557425,614.6747479397217,622.6363686117687,608.3254356701487,628.8205110013431,609.5336173045713,595.4552199259338,575.4926993554885,556.125619961027,536.4467714607143,541.1401497895121,530.4025228310699,2.8374931576549054,527.887230469343,532.5178399842025,538.232638273864,526.9443895638293,528.7825586625547,416.9473768886882,391.3231406301854,387.45644651194044,355.0864551487857,352.8095014470104,310.2061415895422,310.1118874610639,298.4583841274137,283.2496439732799,304.49982562405484,323.39174761272915,362.727336256571,368.49797034117336,380.1236240088016,399.4167324406402,406.93246704174175,404.0878807775082,389.89530264484813,371.8381973104238,349.300305704568,317.69829917035804,9.037239454080503,8.46281073031207,7.5971793457112,6.345070009816203,9.221962907890958,11.70131883218374,9.838533859155497,9.888167781062183,10.896540440651963,3.9825242355036763,10.564639182461555,322.7370060716662,330.0934668144118,348.1021326783607,359.9831020282029,357.29395916707807,322.1362274566523,338.35248086300743,309.0233865892185,319.3943011545783,302.56378939211453,264.95040088071676,268.0499931800215,277.04796468664904,287.46489708058994,321.50869871259715,297.3247642035857,326.45642575386137,339.6960032778452,330.03279138362126,331.45976238114866,326.83048831234436,309.3429469222985,279.6255000333757,275.17031908459404,263.4479637558433,249.92090323200063,5.3595104015066255,248.54142251090818,252.70957897860958,250.62889997359062,249.97017508394688,252.79029656394263,236.7550406132961,232.80138500344083,223.58504620833216,204.11975349706427,185.7870037806117,162.90367552915993,149.7531529863705,134.54211035734394,139.63704125409294,138.06076975914237,150.62601897359107,163.93400652366253,167.6363541991655,188.2728544753997,179.82866615603984,194.03552209062659,184.5600085501297,186.54761361058672,179.05409805709965,163.93824855185068,141.9205304309068,0.0,0.0,0.0,0.0,0.0
2025-06-01 18:44:20.985,0,0.0,0.0,0.0,0.0,0.0,0.0,113.07853095419503,52.272083562859216,119.33069295535734,230.71627950482957,342.3435047667774,428.5945685068826,517.3744871919712,586.473934586721,635.1207213225897,672.1523029266972,696.2253404326142,681.6191456118927,655.6847546322621,600.1082499438565,539.1736206762556,452.46478124587543,323.1993115746022,234.69686122596138,140.95612059157176,181.01887325965592,279.22744918979794,425.4239658998344,535.6815461839121,647.124360727044,740.7233725428181,804.4950986265935,7.96051046033701,853.9086533399927,830.8021976711868,779.7481282156879,707.4405137004591,621.7149288843781,536.3813584800581,404.54642675345116,327.80721048234756,278.97011368621,319.8423990882973,446.4312545152719,578.154069088724,714.0930911822268,836.833141949027,902.8027017434287,1018.4186878705135,1022.0912431150006,1022.3904526849566,963.9391606873912,897.2420828163147,888.0190738369935,744.6870478944518,617.1005513600969,540.8155666546298,510.6348377910277,552.1879559595249,20.60499388265864,10.380767910422719,2.9622839822949105,9.919404699972985,14.930547789209626,13.637500060601175,10.487583326168025,5.970700174082184,7.172317003836582,9.383111339193745,14.687099355609806,753.486583007205,650.3280150887072,541.0658099786577,443.2215278878408,440.9335853723697,441.79188219914477,561.168921741508,677.8379804601412,810.789240303166,945.1305421803763,1050.3635849802204,1144.200158846068,1172.3909965978892,1197.7562068739687,1186.0419276802638,1144.8502500649226,1053.6561349219348,984.195726842676,855.8476943621631,724.4198089483086,670.0352655174031,772.9257443953943,784.2473460294008,861.0916306007379,957.2297777997005,1081.5926298200247,10.960760284315976,1271.3895417208964,1338.2947669398104,1364.4126676464523,1380.303560889927,1335.9002441383823,1274.3361151113174,1212.6120462308363,1110.2254811021992,1012.5387115573976,892.6861155030745,801.6795908982681,733.4076289371868,703.8058572059787,710.4255068799794,770.5383281660467,834.3149116006241,923.2122635272477,983.4060726265923,1043.6992122544088,1093.3528556548988,1070.3985419238277,1103.8203265457744,1080.4693515916563,1042.784585784944,976.2477583775707,910.4112950176428,13.227149685225385,11.942520566660189,2.3273885870860216,10.913039807430007,0.0,0.0,0.0,128.0,17.526102942703787,10.267837129773563,7.083401236493409,924.7605436224625,897.0598573788088,876.5568629907698,822.4289485671084,784.1170500637758,678.5092890546188,646.7886861032616,613.037360550204,554.5994130305666,533.5247587160624,528.5325949735588,530.9303829506187,552.1113948212951,564.9573613783602,578.7422126807933,614.6603995567391,636.9066908733458,650.39322129568,633.1203773418457,594.4104958953079,628.7813379638557,601.8220202769702,589.8870474901332,575.1649990110864,565.313608748148,553.6418009438183,8.306080018054725,552.2135509466649,559.950461573237,574.0210489462028,562.3665294024856,550.0996614969871,444.0564343610741,409.4860247042107,422.69464650636314,404.9856473546535,361.2702223282798,362.89079936363964,338.92740812143967,318.62470871705546,320.48943180978375,324.01562502987554,350.8979096111668,373.53824193181,385.9824194428899,407.60064065768825,420.29330498571795,422.22903325269215,408.990996316502,417.3305498709288,381.19333887274115,355.64139092063925,335.17405455862826,5.827632787146246,12.39509762308922,11.451156830646374,10.070705594127192,11.033148022992131,8.46182170464693,9.410463278426572,8.016496059495722,13.1589354978149,8.124647274334706,10.376812984307257,341.3496789288394,342.23873732425506,355.7830852606766,351.6427483023421,348.1104222067793,314.2161469300755,307.7358879204934,300.1770604736306,277.2387102457124,303.77642150863267,257.5850953166501,266.59446681301375,297.67233981827275,337.8220072205139,347.47901249628063,323.47925009933556,309.0074776836334,336.1298544092273,338.30997605032746,310.8787265654531,315.03833360436323,297.997733665003,271.7631858907318,253.39442940175647,260.2333369248392,247.77653444243452,5.623539744120238,250.14621835707325,261.1253816697197,256.7040141238988,265.71260473750806,265.4628688363342,243.85676690940804,225.38097576474576,216.74040241612946,187.72616561481004,176.26354256898378,149.95277573313578,134.22499617178252,130.7546627755863,116.64601809511275,134.67404508321857,131.85261411560424,161.66104991543565,161.28875607982263,176.51316744097582,168.6051089815872,195.3785771767508,190.0821987505096,177.75218462432986,164.92163591437978,158.6015414920583,139.22711670678214,0.0,0.0,0.0,0.0,0.0
2025-06-01 18:44:20.986,0,0.0,0.0,0.0,0.0,0.0,0.0,140.2735552563044,57.001849668143684,111.38015777132385,207.43336218135204,319.437587188425,422.1993161185572,507.0320855774305,580.2077378239212,636.4029373997557,677.4602121397871,701.5947598111801,694.63232045767,665.0334804042873,620.3128344658971,546.4167872575972,453.67475493662573,353.8922822405022,250.99894017688516,172.30623377784863,182.25400896306706,274.6193929928498,404.0470014669863,535.8414302348409,639.0023797621617,731.3912050531545,799.9896718756887,7.784037724047181,839.8951362310039,827.46987772624,792.40871519932,726.8113253747508,648.7473678537906,552.9116567066194,427.5901071164696,371.19465887863987,317.35247071608865,316.3298197292107,448.66911025528265,587.2144984427149,690.9528471771135,807.3154312747768,914.1086768189066,1005.4395350499047,988.5459067672134,1001.9112716183624,1003.576704981758,947.7274880876706,860.9199206212938,749.8421458548638,606.3004295827435,530.8054355539587,523.0393138654912,536.2713613444895,17.953917473322473,8.43436233264694,10.108215868721643,6.261676503479483,5.6305066430437645,2.726739206540475,6.66173842909594,7.15872816928599,12.282948926929837,6.611332018789609,22.95377529078609,761.2067591447998,655.604370614952,558.087677122395,459.43307394172666,431.4894240895467,453.0327675344707,547.2695185096517,684.4446927688721,819.6498024961329,940.2989773756583,1060.786594919659,1130.534740156514,1180.0952078748517,1207.0451592219367,1190.6529248050394,1150.9559575057033,1075.095760764672,977.0433508836733,882.6722991437764,767.7031914881214,681.0547332786748,789.7203254198585,776.1705203895091,865.0230373983092,969.6572475275846,1077.1552446814935,3.508512817087667,1287.0907432560625,1348.4471978230013,1379.9927561649451,1387.6357775485712,1371.7360922850366,1299.848323578485,1205.2977676446126,1108.7745956408216,993.2753545108318,894.8858651432149,801.0468900924735,723.6626538093451,698.2230971712063,718.9500226430589,783.9128293218047,840.8519729185658,918.3826733969645,998.4716246374393,1052.9960568948277,1096.7634916613868,1082.9115193533291,1104.8105174918019,1094.6988440379434,1055.7227244652577,984.6007500302134,908.1878779214197,7.396313102932465,7.682489201859889,4.222349638361911,8.8124766904347,0.0,0.0,0.0,128.0,12.410909244895814,1.3776330798253735,3.735730423591495,925.3923949627673,908.728568089304,875.8774684212707,840.5442164148425,777.1116141006897,688.3030133880928,644.1765206796024,575.0377147380503,565.8806177306436,538.2048487206158,543.3395470229868,536.1094522406282,563.6248468326586,587.397976253103,598.3623020682717,631.6424850394303,638.0702243420418,637.9331458171885,646.9981580430058,614.7611478153768,640.3655994167711,605.6324891550222,577.7582121324639,570.2131805814339,561.3406567766162,548.5835318271136,5.710393937387803,549.1306293792265,558.4146431389091,565.8830837138725,561.3853738661776,560.5309938239519,454.4118108229295,422.27483355363944,420.97249495972306,382.25486268627475,366.31204107676996,339.9107278754325,325.7142132684307,306.2925559290991,309.09876816126604,320.19491866693045,341.64557248560203,372.2985035368894,387.0828738939024,398.87267892780636,408.98825346385195,401.4363322386024,400.0803208753469,390.0712906723084,390.7130254520683,357.5662641321091,309.7687422268306,15.524649495691353,10.83603293045509,14.586396797484761,11.47956667524902,4.737416240480706,10.552920669056661,9.73913275556365,6.789182165766161,9.47685640073005,9.17911128344116,13.520271959565212,334.07101120032434,339.58999333701956,357.99171150158725,346.8592248151569,344.1368156266563,334.0045917797427,308.87257119026725,304.0864172649674,310.6798694788103,268.11393142978835,283.6883638008273,302.3697149085059,305.9789609292787,320.16911355155287,327.92319651967637,322.23396432320106,337.9819581198186,331.84866518549927,341.97893741198544,314.1787782620386,317.9029595687453,286.7207216318384,276.52254353148527,261.4764045354279,236.72030912851008,244.88801632586708,9.607687728623118,244.44522870753295,250.83526159338263,251.1137006977856,264.0990083994145,247.68127155970163,247.36001185715347,224.6441343414129,213.84178523815453,190.16740933151092,169.50849632316704,160.8960443326428,138.71552883790005,127.17643491041628,116.95661724714225,135.73020839884654,130.49552557274444,154.7046965135531,176.4964497166922,178.44100678583607,188.10652253934757,194.7762035456932,193.66403009858738,189.2263958697333,179.89383803254802,166.9856669015455,142.93847197050172,0.0,0.0,0.0,0.0,0.0
2025-06-01 18:44:20.990,0,0.0,0.0,0.0,0.0,0.0,0.0,184.6006112734771,122.19939569623051,89.93194268164588,166.49900103698573,276.14306831375984,379.1567498943263,471.62435263665975,563.4722729206311,615.3584709734396,675.3013044243336,694.3326384830589,702.6823759411484,683.8973737100599,663.0959942042407,591.6658322556292,511.96500744542493,418.99804229126283,298.0145085459304,208.5344382394131,177.64874294262142,243.77165538751152,372.1967262776529,490.09039073257355,614.6684289733452,714.8202359408474,783.7938284891802,10.596841782231309,853.0920284496676,855.4056029831569,824.911899094668,767.2427261435198,689.9687889865937,593.3526975594898,482.953094366751,394.06929951566644,324.814289159306,310.7153962915068,424.9940103676566,547.7105162833236,654.597911033176,766.5190521477255,863.3953492313066,970.8269688850838,1007.5141114820755,1055.263364852161,1024.6874548605663,960.8317810733434,851.4638306421102,772.5172217877978,677.3689730276358,571.656756254368,528.7648119468545,527.1198450869566,10.971094868054994,8.848675480413885,10.182044652140384,8.670336432152256,10.30343838622187,10.52860760885298,12.232784412516548,8.62136213187931,5.830951894845301,18.900935841043406,12.208136136589626,779.802885384997,676.0976605922483,558.678340478435,457.84696398384386,418.52554463289874,419.2591775561936,519.8454894561355,644.4064419023531,787.5041517465662,917.2009621162535,1028.3293710972825,1111.3784735073157,1172.6404631426888,1192.9545248444228,1173.6497053640437,1156.4244093782504,1082.2685447573256,996.9092666923608,870.6548514357901,760.9739656293174,671.7241397405968,749.9274518034268,751.4748506001529,813.2661102938475,918.4748326513995,1052.1432247162609,7.746036744691061,1259.051849487147,1339.3111089782092,1375.022536086121,1385.0572829308937,1340.4417567190396,1314.2907123026728,1191.9349650384938,1117.7025444450705,1023.3051089847306,893.5150823899281,807.6777313694789,721.7085880428979,691.0178523542127,709.7993926795558,761.371698733197,833.9257780378865,921.3298651521272,993.9781128775863,1053.5788624097124,1100.3980884580678,1136.954165097711,1102.423750725558,1094.6135535045378,1049.5280017969337,976.8440047781344,907.558564597147,5.255331462942915,7.750669726732987,12.779682613176972,8.95453239391769,0.0,0.0,0.0,128.0,5.143727393464733,8.966843324078805,7.397987281997345,926.1447453084869,891.7737398264576,865.8093513480512,798.4666826727635,755.647715546995,647.2010793543186,640.6092666363576,572.2282437924617,550.6876408224225,508.11844861636325,520.3236946578575,530.9999799530566,568.7450348944332,592.5590730635238,608.0821693123515,636.0612442050871,644.1695713996096,643.2055872032886,626.2278415907506,601.6456511399482,591.4082127359185,560.9705412191682,545.9483158369408,531.7607630081158,520.4969527182845,518.6505223167885,15.433789123413478,525.331577138144,549.4167100305732,537.831531531402,551.0765287984053,538.8774367917741,422.284765092478,391.3185132050452,369.56931369139147,362.47223199162573,319.3314829045118,298.2489746939213,268.081418936042,273.7641702101003,271.7163679257969,285.47958639950497,317.5160936749511,349.6082856658134,374.8851367467349,385.69451906830056,403.8610442368252,409.12761954839976,388.3884824772411,382.05464122205814,374.6323914998759,346.4919117901986,311.4670134177348,12.880016050183759,7.695832421059086,6.937126037838556,10.55818682927006,11.393535761452084,13.015457744895329,4.805151623764667,9.786823208555253,6.310318447278569,2.909294917989671,11.40175425099138,324.5944865455641,351.1055115330181,366.5072829804323,360.7260880407672,381.77679623326105,334.1852247616198,339.3957373318818,294.75387419679606,295.9187744816203,284.747262530598,269.57301543665267,291.87977570473805,290.8316915990991,334.5766384301868,345.49408726247236,324.5191937464203,336.02329780570756,364.03374422087074,344.6791892327811,345.4740017148245,322.7981733578353,314.6785841854708,286.4517540418689,290.4460138442647,274.87517021226915,253.16528675321067,10.548290927283885,266.6943865190271,279.92003715901177,279.8895467033305,274.993148158849,279.9684069840619,259.01319132975283,241.53638873693387,221.46168227730456,195.42670429434327,190.99746485776993,158.827604963677,140.2003817052904,140.62873239916698,131.12098472433988,149.1992872751975,151.96086882048968,174.21783562166607,186.284361299313,198.21577591778478,202.35830208670268,205.00687500917905,199.4552748010142,204.18040570113394,182.38405465694,171.68187974003123,150.3417432481692,0.0,0.0,0.0,0.0,0.0
2025-06-01 18:44:20.990,0,0.0,0.0,0.0,0.0,0.0,0.0,92.46178309441842,114.55751257305133,183.51817261491246,286.33516455504986,385.6716635367218,472.3275305371102,547.6833385564959,620.9377363259857,656.1565876347339,691.3208931252095,679.4585973843214,672.574644948904,632.0879304436112,581.806147628907,500.40415536745843,397.61250149895346,300.61666101853984,195.93931836375404,179.25206301635222,236.2012625124288,343.5712888688401,475.2529995379999,580.1927555959645,689.1026266146396,765.2976716364503,819.1505036655032,9.685373076756852,845.5895009952093,821.9208762675319,772.167543117963,685.7983216085177,589.4243380381631,493.6112093394163,390.2628519830514,314.0028085391011,294.7906684229501,349.06392297603037,511.4580305038525,629.3955854122111,759.3329995439326,859.3909024018071,966.7565676630853,1022.8672608599608,1029.8985699059235,1036.1158503760525,965.6929751936553,905.4925603055055,797.5069642374266,704.0231524523687,612.5716838171802,535.222791908447,540.475756771664,565.3758981281107,11.179081364009727,11.97591374123199,9.627586206896552,13.22790404544062,14.456302861083183,12.688249233546923,4.756394002185695,9.309239327016366,5.934211462017077,16.988516177253977,5.883629522032003,711.925645571511,607.9313977636684,490.7147719763613,423.83948770428026,401.68513780464684,453.65883222047495,566.7214737749151,690.413529581055,838.991275659696,964.7393463255879,1047.9543923384283,1134.5069881743466,1178.835330074743,1191.9604580719524,1171.4451743801771,1125.5518397471556,1036.8114395495286,936.018598978657,830.7706915268961,722.6003779690058,637.2100413316834,736.2624060473394,759.5032142193147,848.1408989134201,956.8945865605386,1105.9716783124434,12.620076903168364,1288.8477282447902,1354.2764625583875,1385.5287514612203,1385.802576384754,1337.583218732154,1285.396287509476,1176.775279526687,1073.9788933135,973.7789701594238,863.258086255457,776.374243780155,706.867677671679,686.5461838629707,719.470132146517,784.4688342565239,845.5852630605266,933.5245975082644,991.7922744369752,1058.1604790456354,1093.7651251969146,1110.5614085325603,1102.5181858195563,1073.6459937246473,1041.5286467796736,970.7670010728853,908.3042817369533,11.635769672386772,6.324555320336759,17.789320631957878,12.864385783473999,0.0,0.0,0.0,128.0,13.784417009968111,8.16098319479967,8.884042864235333,932.6446131180666,904.2977163458786,865.2881591653997,803.0521612548598,753.1299388083987,656.7648287342339,646.5784514055838,574.047578100735,536.5283913974516,509.3345369504824,516.0085659101825,542.1226131999335,557.6757571130435,586.8541175228452,605.5318369417441,627.4265874181308,630.9877189793949,635.7027541427296,614.3602121699091,600.2109309739013,592.416368537883,570.7843874782463,530.593353860343,529.9550721339199,522.9809487212689,512.7155201504211,6.165710952068515,520.3617235522862,542.4153652076476,540.8883001969792,544.1697458474031,538.6244456054899,431.0625372001745,402.0877155742492,393.1361900052677,356.96128423833386,338.30264023457244,300.50558178016297,275.97652558670814,266.0107740163913,262.82745788839526,281.6421832360684,298.2118444059795,324.1379596675022,356.8892670906101,381.88348157824566,388.79811118161,397.7256774334122,398.0338673804234,391.2943186424967,374.13370804815173,361.04158382971343,313.85456703972164,6.939532575689542,7.037204442505802,10.61620689068791,10.120775443137642,13.187167080189651,10.73580912383941,8.6096067918437,9.9521099637839,3.2827101860061827,7.520519248035348,11.108513706531113,328.0151225600268,338.24031651253586,364.52852882525394,355.2050974439468,361.5078166612082,343.957978063549,355.83853662019357,345.63378615377525,312.29495391654785,271.00887290008916,280.60785748777107,299.9094085713237,313.93465563479805,300.9666028157691,340.5460795396393,313.0924753254029,346.7975844869868,353.88258063336855,340.1630183671777,342.1532493832239,330.5464846932807,316.9611921940134,292.3334428877703,285.7682079727899,257.5915429837329,255.68636033433637,11.935138805747885,250.86387889316697,270.5368179655485,271.8287177794542,264.8185846294092,271.0813355032925,258.3773095212667,242.985851016818,229.3883676756272,216.37000061791082,197.67532069911493,184.81113366689962,150.23219358938482,143.4957857493535,137.00277772040243,127.86610822547917,140.8444771492128,150.44953259312229,184.14835197735655,168.78163593437193,195.8875035442099,197.79315201893053,203.9081555819444,208.81607683074645,190.77552216141905,183.2320532466383,157.45745221906282,0.0,0.0,0.0,0.0,0.0
2025-06-01 18:44:20.992,0,0.0,0.0,0.0,0.0,0.0,0.0,188.11688036683617,105.8170618032707,75.240871381872,165.1567517413457,260.9835908822905,368.15014769635553,464.0271096752866,540.3823956134569,608.8280034744532,659.202690856225,689.6829476724198,698.8653828549335,687.8840930942675,652.6885929038248,599.8297680934702,509.5034675355066,412.9629931030439,298.3659756147096,202.09457301650832,161.93684292146267,226.6151109519153,349.37347469836277,472.50609163129195,585.1239949692696,690.074916354267,768.9291552200712,12.376907276543701,852.5662551142653,842.4432143754605,825.0937514902523,750.1557588057881,684.5124729210577,582.5216299367371,489.3102858222146,390.6380075213074,307.9723680531098,315.6134708028606,415.4181526341025,545.6874015393131,650.9104849884983,759.4943838070408,864.7888756937363,960.7738466724757,1005.4963263272987,1017.8347319112773,980.8348318672455,937.6673304260585,854.5902089677138,771.1481232786019,665.6046064064782,543.2118344029507,551.9221856254774,521.7537707538537,16.061872677318725,7.225018554762337,11.39915087350008,5.734279207444891,10.603345891726887,15.06898864209347,5.632287533778838,4.374468618051312,6.740006015757508,9.272977065637358,8.051604110596438,761.5404920792595,665.7628185150295,549.4469727844303,456.07392233876965,410.7279622305272,420.99073905603717,515.4562745301843,637.9379001113397,768.6459083008613,909.8931535553517,1013.8478399912485,1103.5838770734426,1162.5016966550036,1186.075456948677,1189.690930261001,1139.5531904270235,1073.5898660844873,969.4803426480792,882.1183027958926,744.3484481749381,670.0514662500008,753.7694428530813,749.2233074147138,822.718503616522,937.4043591743637,1064.8016217152947,6.69901038938532,1262.201310708339,1330.559184537175,1376.7093890797917,1367.7628485251535,1349.2431863184672,1278.8856586911918,1166.1955666128517,1093.259848716696,999.9035516263549,893.3304877664673,785.1153819142577,718.7699265858269,690.1072654873341,713.628590360237,764.0879164511867,850.7741472324699,931.4898461075062,982.7173224861292,1050.7566806503417,1089.5135849536784,1104.1659180933007,1100.3534494244243,1067.437445809177,1037.62070407507,959.733450029019,896.5155765099365,6.941338500018794,6.783985703815955,10.007647312656633,13.830735422546793,0.0,0.0,0.0,128.0,12.999186856729352,8.612783249680717,12.645386309597676,917.6546276181465,892.740649892366,849.8165336101874,809.1371993553968,737.4753379639267,643.1536181846293,618.3884346302326,554.8819282922829,525.7587363993391,513.5118349824867,519.0120219960331,518.9032082837796,547.1957867934575,581.5364595341323,597.8036737515789,612.7680476697011,630.3011177607588,610.4723934220758,629.8157707378969,586.9344035979224,601.3499532350139,566.9167719124611,511.45326154158516,519.4386835074109,538.2063146120622,508.74895508645227,16.212657885444756,522.3690032944521,558.176503737214,559.2387956091288,549.4677495168922,523.7025398279172,442.70078138994785,409.046965933729,388.6835888770206,337.10421589855497,332.5451327970676,305.10444806694335,277.92019485121943,271.978663782016,297.9982324705544,289.5634597292722,336.4864455479321,358.6743608608781,380.2075898074076,394.2907573952818,403.5931368403255,396.162095956822,407.1972547672138,413.26519232954524,390.13598429576194,340.8802738942288,302.49768640200404,5.851770364902487,2.940839023392441,6.885810448941018,6.269093587827312,14.314400972717362,9.99846547292755,3.9695842081033668,6.398605209341595,6.300670981440683,8.705885673098749,10.517734727131103,351.1735912511183,362.03594815536155,351.62329404130475,372.7059428260477,356.2762954205482,336.48044101243363,343.47975788920974,307.56920374488266,296.9151159428709,274.67249490029934,289.0037249111752,291.8503646066488,310.88354936202023,321.46888254582313,350.36662434863854,338.66001993885834,359.60008534830445,347.09552379546363,345.4783510709043,325.4645250280607,319.43447793459177,304.3038701351203,286.0975969046789,275.6597752752042,257.8318996807571,272.5047525113395,11.672052990812862,267.347230104894,274.07366092431835,277.90580970003083,274.754140464335,273.1101084152992,247.03679730023438,245.70961026911618,221.03108574153322,204.67297298770467,177.70502004149384,160.63107493918125,151.55115375242016,146.55066939446263,147.97544895950944,151.2853151418438,160.8812582588782,175.87436800021564,186.9487555250492,193.9739627818391,196.61415552349897,202.80000605820607,192.17139951321235,194.86770384659866,179.42970443092392,154.60276542677443,134.84998479242745,0.0,0.0,0.0,0.0,0.0
2025-06-01 18:44:21.000,0,0.0,0.0,0.0,0.0,0.0,0.0,117.79945475207155,54.75377147912232,126.98140171731346,240.53424823212876,345.64188450890555,439.9811582707654,526.4024489392814,591.5218932661346,647.6998311043355,684.1626661067461,707.3716252174307,686.3019828582607,664.4292725497237,609.6432022278888,530.5374767256598,434.7285461270192,340.06084622373834,230.29549504352588,155.5896999888672,184.316804584243,289.0024225655771,419.8748509206545,541.6636516475048,643.9517339437446,750.5011726309124,804.220288926902,6.3805378606720975,849.1460958704206,827.4053962156611,780.6645686396755,715.7255764864597,625.6675870270755,524.4341928643979,408.2666865602501,323.6944145955344,271.6614239597188,332.06681170766575,448.1800821047794,609.0813057430122,704.393237403096,820.6175346301392,888.1491513399766,975.9012828137013,1017.6857560883801,992.056369039524,956.5419622183715,921.888179127123,790.0777224506455,703.2153522900812,592.6542204495106,530.5112711644939,509.4775796565804,548.9159001564591,5.385164807134504,12.376253952930908,8.306662461818364,3.486325958246549,9.263916694339116,11.83737784109556,6.564479305029568,12.551655388432948,9.165895163330399,12.333856257803559,12.424919437167123,712.4235040228466,610.0554552715623,508.25091835351975,421.087144216894,391.1615375296732,424.34787896381954,539.9174657986129,664.9030539951737,788.1350194941863,926.5088624965304,1022.6460493741895,1120.131969120405,1159.7457014744873,1184.5821205431791,1162.4419693997759,1125.1599575657053,1035.6647274687589,952.1334356151508,854.7495329397924,738.4000796644228,664.7882339021521,753.1451606838071,760.688498923866,846.2744038739781,956.841783791971,1082.3824373639181,6.788212372996455,1276.0823251847628,1349.866810522487,1376.8397223690906,1386.208823054198,1348.5008589677625,1279.5936688798072,1168.9368987494242,1101.9175029217067,1000.639444562042,895.9502388158077,780.0782579145621,724.1153264061475,705.0277062570228,725.919520724552,787.3559692304685,870.8724543915499,940.4958701913973,1001.3290135581557,1076.8749102210793,1109.9953542189064,1128.4203901973822,1122.5390724132305,1094.6937266979396,1048.4824899886894,972.032394191794,905.0898141113246,6.926448703765754,9.850983023237715,12.502344755677687,14.158620689655159,0.0,0.0,0.0,128.0,14.185420423207452,7.664801488550826,22.291229943183524,934.0984584876087,898.9651749924601,863.8569171641813,817.3827087668695,748.7380907907254,675.1682218228802,631.9908226340926,582.4717625447023,529.6828676694553,524.1616676056634,514.4280259772663,490.4863127595776,518.1332202274907,579.6378127707779,592.4335673014897,606.9363981693197,620.1314886250143,615.9396471188737,640.3131099816788,597.6706298777368,619.4408224403612,586.020285897263,554.4875511901306,527.3265151148605,571.3629075652885,538.8928426292898,29.59222815930262,524.3884253198638,575.7360523806669,541.3572159465355,544.9813694345007,514.6789405807497,429.55872641159687,399.6781597102715,388.2052125546753,340.5814425127363,341.35313075881436,332.8185090256234,280.2903486828693,294.2534218420088,304.1521092542747,298.335914435616,340.2712318464838,344.4010024690248,393.26384617823226,381.58578285461255,394.75174968226537,385.66953370604284,410.3210894349808,398.5441934691817,389.34930422688547,341.7803870638957,304.5633113697049,17.005114822656083,3.0061032182420457,9.870081391084158,15.688613805251148,8.207517287822819,10.612421513097157,9.704371527117502,11.377782289166854,11.807691745507999,8.571368986510402,11.752560987033613,312.97849536188454,334.11291995644876,351.412103958437,353.6508871380435,337.9290892913847,346.9305004981389,334.7088830922573,307.3815873343756,299.7190963007375,269.6412220176033,282.1710436788652,272.3164239699527,284.25164591149434,303.79837556165376,310.6314942486875,320.7276962293701,307.1817714370729,322.94502865850745,333.5985722041304,320.27444071687586,324.2024092395168,302.30053410693307,293.8691314704952,266.2702327346394,254.2462878461793,251.08667372527904,7.096638783204341,251.3832446158763,250.87314927206805,248.59184306172833,249.07194383689807,253.8355881953923,247.56865948223356,226.75804949267837,218.2336056178585,202.58665297274766,182.03662622509796,164.14535678621573,144.70118170514633,145.81131423806073,132.14779340211035,132.02593720689916,151.8122214605612,164.56896406754092,174.30798145019648,182.77771787159136,188.09426553481168,187.40848585143172,191.77096437990087,198.10878107156893,179.66493201029925,166.20172585141776,142.40534882411816,0.0,0.0,0.0,0.0,0.0
2025-06-01 18:44:21.002,0,0.0,0.0,0.0,0.0,0.0,0.0,96.34419689832599,70.05964575438136,148.1185839954805,266.46018804879435,366.0521068748611,456.03411704898997,540.1393612985612,594.9236647509115,650.0789331640075,681.3485173255829,697.480000132371,674.1063446015851,640.5678881709205,582.4790338331304,514.3525402456332,416.00869015573255,306.1951484862236,206.13724202166856,154.6054668482823,206.83249155944407,327.5359496176419,445.43103508047113,566.4321122185113,660.5478113842104,758.8774466504938,819.2413434193382,5.597120192577586,847.4443401529428,823.2546976697314,769.7364580715254,707.2700303453145,613.8105493720008,513.4619139290286,376.8267930776394,311.65828277341086,279.5066400630945,322.1925510850894,459.9893213361508,593.2310509608171,706.5999826845746,840.5463486015981,902.7991298882696,970.6057170263331,1024.1477604183196,1005.1431170173147,956.0619309877981,915.2918487801261,805.9728159506875,710.6436853903652,598.0396895261943,533.593134736343,526.4531569220222,564.3810698922164,7.183226020241156,12.574763225173108,7.060341251277189,4.493207333594629,9.862898188697766,5.063861419925357,12.375029787342832,12.609288004161865,11.518356651682563,10.258219296996609,10.211205724168082,726.6033538492937,621.2844730812855,508.0689361874728,429.8041429048566,408.07881677008817,446.79038633777316,555.4698031934837,682.0175196182864,822.6885413870431,930.3114553617621,1045.091975488525,1114.038036079036,1157.1961870857688,1184.8715909968514,1169.5267740957977,1123.567478082376,1036.7969749968313,935.70038855879,840.9497135612154,723.1276824623754,641.4051521430137,748.8945821400399,759.5073079791215,858.6175572438963,945.8236818368134,1070.5338260302508,15.831958974821548,1268.5665641842922,1340.8933614277275,1362.939019527487,1374.8202383315465,1337.2396333725158,1257.0636521021136,1176.9460592783237,1085.6692848471403,967.6584732800986,875.1795494524376,772.4598922689662,711.5983471986117,689.9331034142314,710.0920010792144,760.5670900335755,836.9294306319515,921.6782703638528,985.3289937148586,1042.292866536338,1074.312073724716,1090.7832087279012,1093.882402679506,1073.0530925854935,1023.3950991239425,959.5525761579593,893.7615017859043,8.07363789517659,14.030012963721692,11.731612502479397,3.3741502259767593,0.0,0.0,0.0,128.0,11.562825060050436,11.144894825672946,7.104384586765512,902.3445111620564,895.7696170526204,856.6235045117763,814.226485864044,750.2774958919696,668.3167777197182,632.3892661682828,577.7340010358093,528.5220221531872,515.5886691993202,509.6407527826036,516.7555231479214,528.838540402712,560.7746415694929,586.5295795121602,608.7378654721382,606.8148839661505,620.0112412528861,628.8507820458277,610.5696876999451,606.3637378734862,577.3157327574463,557.5795842162267,538.1628626402324,537.4658268719229,521.2744039093736,13.569628258661329,520.35520489923,537.3325249703117,540.796432656995,543.4265696485226,531.671706216886,438.64209658919816,413.68534324534284,398.29807553998944,370.1697918588445,355.1979649550538,336.3078804457705,311.4419380814061,303.86480300431083,302.0399115246421,308.53098745142984,331.6224482139848,347.2303495322145,372.22589286191715,389.7608569632051,397.340310116743,401.96851263226404,415.9049627948512,394.30419358011676,385.25020931739,348.7663990788934,334.6050568354923,10.761140450165264,5.688367280892669,6.509158231599345,6.823644483413526,9.96228101927257,6.489550600129619,10.295630140987,8.057804449170302,12.379019039906456,10.064318954954997,8.7898210276644,325.1959503311917,339.84198926634343,356.71842218142723,349.1973250380272,363.21524016409967,332.76590663743724,337.12241082632994,319.1732810716048,296.7856355797793,281.81346163941834,295.52192295124314,279.1128795196842,285.78701673647384,323.2701229895816,322.8576869753492,321.86647299698967,329.7119289058161,338.7934482294956,337.9175658733228,325.86971816873336,328.6743295244754,304.1137836491501,291.5770838529311,266.1042201971782,256.5208600689106,256.7537932401525,5.049212912968143,251.12503851895727,256.23018891773046,257.05502752526235,263.02098234142153,253.90213502135708,255.59102471033353,222.96327470443688,223.86960431579826,204.72623957848606,184.68137291057081,164.60661794908742,132.66046625606708,131.87675070811378,124.99732589638322,128.74986074537696,148.41498147623267,154.46563409628124,168.39071154366934,184.1663211064299,190.9675881279477,197.64149887787536,193.42004156028,196.86242067365762,190.6265833039292,170.37262278595233,143.87313841914943,0.0,0.0,0.0,0.0,0.0
2025-06-01 18:44:21.005,0,0.0,0.0,0.0,0.0,0.0,0.0,77.94346297969004,87.19680897876722,173.36022594456634,291.81697910584836,383.9742156906625,478.42302069527216,559.4127899950707,616.9275433538986,656.852281139906,683.0100764458318,695.0334991276043,664.5122487224961,637.9994644563848,574.1395998205461,501.8343703415688,396.4274804169496,284.6320442339094,176.90424964325257,153.516422263021,230.4712847083072,354.2873605948271,482.41968787906933,582.6074809190859,690.8791137724767,774.507167755635,833.9782135932159,8.183492474227641,854.0753078475237,818.4109630588358,780.2197338234836,687.0465869167765,590.1975150825132,490.5108062517529,366.348919547669,299.9158680376568,293.3179851562395,326.3080363300364,504.6597352743731,635.3553660549316,727.6782090090161,866.7336081848305,928.5873362972968,1016.4493704365871,1024.067762866367,1040.5134685340452,961.1464440397957,926.7857586296203,781.2115408096203,691.696168692352,590.2905974934329,521.3397647705001,538.2326972894361,585.0862013888501,10.283476416757434,9.251686571153362,9.74506213230468,9.39838536735682,6.268030022226178,9.326870774104458,12.404864612021548,4.328735632183907,10.778878881356265,11.91257334231569,11.93547293490758,711.2253020929917,610.9524920379279,491.6674470307816,410.32794211383157,402.7906396201986,465.5160074994789,586.3087929377003,705.8806806649728,843.8564534733939,938.4612266257071,1060.5066792755113,1132.5337890186674,1167.8141732750655,1201.929599568856,1168.7882985088916,1114.6890747442324,1043.8676733892642,927.4326432772824,831.5602936664505,697.0904050717776,629.6725956006143,735.6315231005402,743.2972188005754,841.9329710154068,942.2811631502761,1080.4764403732956,12.060454220377968,1288.068774713509,1338.965775216297,1357.4447709524768,1377.4948835781433,1331.6161084216865,1259.235168147749,1165.9848810752333,1085.9915738730783,975.7759762626098,863.8916820926353,778.1328061730071,707.5243127231192,677.058625528012,707.9951932493617,747.6974154942137,839.8783107562184,906.3818663831506,996.4886607477171,1047.195637666768,1083.6406655412807,1078.1810503651882,1094.3899639478432,1067.373638359128,1023.5093985389308,966.9075842186104,898.2666843243704,6.645662025462428,14.728348595122354,13.930456500310738,11.395636279264973,0.0,0.0,0.0,128.0,10.840904396383594,7.02903877672446,12.292963560719873,916.7385255016112,908.4297132374128,847.8044493109734,817.2053299341284,742.7733289537929,688.7446448672114,646.080298646654,579.7543888321869,541.9294492306001,503.9776619402405,514.3684800121391,527.549625170042,544.8482887170034,569.6523913130917,597.881286566321,622.8223257421317,624.3051469565019,644.5046236528502,632.9315861795134,605.8554353509951,598.7843573994007,568.1038110792946,562.319582638929,539.8671607166751,520.29644084256,518.4230425365317,15.151304987487507,534.8892645228977,520.9082450266274,542.4500569649908,540.5765315829163,531.3379824398244,427.70253763883704,397.6119139444464,405.58467020014183,373.58465335765777,352.3906513528394,332.56022486465145,303.19485330649746,293.9906198049784,285.91920327656504,295.5120625961943,330.4115779475394,327.76069913990364,372.3956819759045,387.56290640805696,410.73775853052587,393.53999953657967,402.90274625799896,381.17566858143414,381.35021960910285,352.1495891365253,327.6369470365302,3.1089312109636023,8.705057070878196,9.686424286200413,7.242363097005493,14.427270368306937,9.85338892971859,9.016024752002537,8.606704823294976,5.46125693322505,5.643678160919535,8.74310651487312,317.3468588419929,332.8363682131086,348.4280068631223,366.32974347409515,378.2588316333446,353.4700669152833,332.9116429180007,331.9851646827175,315.9283246534955,292.61583284575306,283.58690248165806,272.6429772201244,294.1876754527826,321.0716260921522,326.9006414533865,323.79124719275745,337.4914539264439,341.72499115622674,348.7822409138181,338.1154648523065,343.67481019370615,315.06866627842766,281.63942966276767,273.1862863798404,268.51128806270566,252.54836120755175,10.781869276700176,253.9358996524745,257.8066312252678,271.4710395608648,258.4278275887941,262.4131243778162,265.2238635483765,236.99988853726236,225.43006621354002,217.4283143304395,191.27039951668448,175.394568956983,150.21554583192358,137.38825225436688,130.13637211150086,126.0098729071185,142.71324482467935,157.21797389399592,167.71671348822997,169.029670403398,185.57560448499612,196.17384358993255,204.4143048830009,209.44557265580625,204.57736951623556,177.94283986300394,161.6946230591497,0.0,0.0,0.0,0.0,0.0
2025-06-01 18:44:21.025,0,0.0,0.0,0.0,0.0,0.0,0.0,132.92314731708151,55.96809711540962,121.95850251570714,237.77682477970436,339.4677812697553,434.22292161136096,526.5412788284425,597.3337925877813,652.3308776869515,689.637038553668,698.6735858452575,693.7501088312976,666.5520574076764,623.8649161155195,551.7984586874448,447.97796054066634,342.2578715491489,234.81468611720203,152.64337185181776,185.74011705997,300.2550664657868,431.903692647925,547.5208001308614,661.0809027700947,754.3123595799,816.7877321257754,9.401802435954425,865.7393680592573,834.140721078248,815.9858521996335,728.7112362218885,638.1339698263084,540.4475364480472,423.62882346651253,326.1431216083603,297.93809464940256,340.95432006442906,468.9297915831984,598.4325271421773,720.9612197718359,844.1819307006475,922.1487420138903,1049.6603201446871,1014.2004541237337,1049.2410521624395,1006.9709189727873,927.3760717716877,824.3077119125037,733.5352831598125,623.9936997417741,542.2986700144361,523.9413749675125,555.3636369793137,14.886571951093003,12.720162839155186,8.415693630080609,11.447534905199376,11.810600632392587,10.74149382077286,6.098188985596721,3.714062794782076,10.664597731394831,8.435625710486082,2.200072604309139,750.294843606681,631.7974707645207,508.10493754978495,424.0226808277595,400.79366028041073,436.74542121060296,546.1553772204031,688.0154101208037,811.8521376550888,931.628294158845,1052.6651030453475,1138.8597644168628,1187.5329330095617,1216.147796886898,1196.9776775109888,1145.8745388525085,1073.8036450744198,970.3947416442683,864.2272708116698,734.201692733231,650.4555871948767,742.2943939204035,745.9892538432216,819.5224010923446,939.6743095116695,1083.9173439456113,7.874999855263033,1294.4855086917241,1349.0738112508575,1394.3850168938839,1396.9986154143687,1365.384888971177,1299.3496808418406,1207.7373791411005,1112.3844513533368,1010.3537750913061,900.0114739035237,791.5889301781691,719.385133334926,686.5068531922639,718.9059235408404,769.629043151818,848.0593664603745,918.5686835624125,1005.9188388835771,1048.5742380273625,1107.7169864005532,1101.3653064547905,1124.6366149135904,1085.5857469719906,1040.9320800688492,980.1111415320993,916.4646187285838,12.651096099221704,12.853527600014829,14.242062942787777,13.410695264339314,0.0,0.0,0.0,128.0,2.948152834001044,7.7493531060038485,13.038410749036846,934.7763071807384,919.3143923903115,865.6536198658348,830.477030244714,751.7079179164907,673.9703988647096,635.2331468579587,577.8826817733079,533.1596167368872,515.8747656813732,512.2708994113145,528.1598336469176,547.2491612439044,578.952787191998,598.1343917727455,623.2392156980993,633.613220857154,639.4297993394856,632.7580719763183,594.437094164319,607.0605755645506,582.5515062453444,568.579093586218,538.4028924270409,530.4995362186688,526.4408733974865,18.026231453923145,531.2431629555824,528.9869454329227,541.2003052764162,537.8308558083389,533.5757371900049,426.00437964115247,394.2051271951065,398.4379765540966,368.2858632596893,342.1374444470872,319.81409677441616,306.0772634376766,280.76307195603334,281.3714670220436,304.1397934830751,324.8314121234292,336.157636200538,375.9019485951343,395.74295007370796,407.6502624274022,409.23544916701985,394.736950433014,384.02629338622125,385.9043203961958,351.73085170731395,320.3933043085726,4.329838651654946,10.454403429880047,9.68149853537877,8.934839278578487,12.215321367967471,7.9901660715760805,6.512532128077394,8.110980875230691,8.195736380226252,8.358464363091413,18.34667472572547,343.0871912013163,346.8405202202365,356.25333038980574,377.45724533880406,369.0565924198734,345.41508290826096,327.30496469112967,335.9915415433814,322.9044160859053,295.0110656889831,264.15346660247127,285.84346855667104,317.53766148478627,332.3111312027736,351.77327834885926,329.69405904653667,352.3279308374375,345.0597688287726,359.058370673935,324.5828246529499,330.41405661430434,306.28369127510166,285.44766354112176,269.9629897551709,273.55847708883414,258.9975620893359,14.831381816854467,265.5655989536913,271.4911999039784,275.9660847086582,269.32700187818995,267.13566513873036,267.4214724427414,244.55935174176,227.2966862872829,220.44254980254013,186.41074132970346,167.2722909949824,148.18828882451703,141.90478895881105,133.2338868755803,137.72419575251268,159.29465028024606,158.00456742828675,175.54409815298547,193.6146870255179,198.31718072856705,201.10572291166088,208.12140418733514,204.83688735411195,198.07364930245896,175.21036844797294,158.4716664355374,0.0,0.0,0.0,0.0,0.0
2025-06-01 18:44:21.040,0,0.0,0.0,0.0,0.0,0.0,0.0,134.13634011862786,46.776367243225536,116.41101361129353,230.82919056997363,325.3341440878232,434.52767966908044,516.8729066285082,593.6051352146485,654.1440281616698,678.8054841362767,708.2260771630898,696.939644289867,664.1404048998959,625.1516378783232,547.8791553415826,458.8865877016471,356.6883570599586,237.8284316441895,159.36327768943423,184.45534293753343,294.7236727213137,427.83420713062776,549.4971273670226,656.3997229150285,757.1731703646255,814.7100889988989,11.009602831768419,864.9922939057197,833.4199482681249,816.4393413909207,726.9698500769805,645.5596091607215,547.1519478284827,422.787722630336,325.9887529722902,288.52397621699265,331.3152156054579,470.2804033570186,588.5557563737758,701.4340827098545,851.6094629996562,930.9084398938609,1014.3043883482015,1027.5496971007613,1066.7149218378872,1005.1102206541574,915.6749669654038,837.3278154113706,751.9353396221435,626.9722184316964,541.5103120730755,522.8344838568021,565.6464002311363,25.155038327255667,13.35660028067776,12.651138306629212,7.52563078451079,10.470164504511388,12.317119077272675,6.3308016703467285,4.550472600681871,6.74916896221961,14.558438809571635,10.609438235848074,754.3637541113416,633.2809751719261,505.4444101206162,441.70170402810055,408.5140438817468,437.21736547416725,542.9986660621197,689.9151901967825,822.587472303113,941.0857060874031,1059.8128460718706,1145.6783617906979,1191.1157917447197,1212.2661035496465,1196.8086598926475,1143.8518597538541,1072.7124320570242,963.7443278275027,870.3463291966054,725.4488731716986,648.7874947683471,757.4445430176229,745.7561816068967,837.6495862197678,950.4933396960395,1085.8928835625825,11.359349848566808,1304.378793413904,1345.4473448441697,1410.2226080761257,1384.3462301978038,1374.2058800205932,1301.8531452491954,1212.313453075395,1110.4409119238928,1011.1295584399874,896.3150738035163,798.7563188575452,728.1866809917783,686.0829381104729,728.5138808221418,777.3862310819295,851.8190551948114,922.2772141443428,1018.4814692508835,1060.5732570971531,1107.2899828649226,1089.8422812296724,1116.4725482482124,1087.238095221073,1044.715359980986,970.8285966889179,913.1089804303122,14.963834982649963,8.237868200154615,14.441507492402245,10.770546319522845,0.0,0.0,0.0,525.829885057472,6.063587356222866,11.384056770083532,10.590001986533341,946.3799203572615,932.2699317475347,874.854236138964,834.9347520957687,759.6173987250942,671.2254620892937,632.7998363153114,579.052722337632,524.9902603308261,515.114306256841,504.89618126828236,530.7555762073732,552.4913449940348,581.5888255056001,599.3932799683027,625.8246571407558,653.5837031173071,637.6812116241371,651.2118744152838,593.6262550316912,628.5491995755187,598.8939798408742,575.4940558039746,556.9542962501223,549.6111693834341,533.1878177254722,14.166524187760059,533.101114130538,529.960975996621,545.5222282384594,541.7186012350987,543.2772376680923,439.62706493341796,411.99099707365116,408.5058767730869,382.7802225774663,353.7984352846531,332.38483541830306,321.22621208913387,292.39633607825107,301.97185244201586,321.32829030311854,335.72673741812855,343.49623477463643,377.6064054071731,394.4133877929395,410.04034271489536,407.2712066281889,412.2898026868253,394.15626148307126,393.71396386062565,359.77646274876366,321.24252432594653,10.045023309049142,7.485366017122315,8.280459770114938,11.411095367252521,4.402494269971573,9.288881449239433,6.708203932499369,6.883002581814532,14.89610074012053,7.129087996659408,15.702005841748917,329.60751775503337,341.6717985528308,344.9536662899379,377.8791210840791,355.2481869737345,338.53401515177615,328.722652465066,335.6335410256439,312.3719376659721,295.87789485346167,291.37974732304104,297.6998430083065,300.61684226022163,334.6485208934782,351.09923263667025,341.21171049665975,346.12291001783154,347.50187299508923,350.1469110871495,316.59148380315645,326.33320584355124,300.4730799458061,283.47403526156495,276.5950246072129,266.2245438079524,264.6732989996964,4.588299589096068,267.4740487585592,273.13590326572,272.5074796129272,268.0649394840005,265.5719678096076,268.6091526348299,243.9700924455692,232.4691533627664,220.5460570023,187.10508775614682,169.20563349641813,152.3361412952251,143.83998509136214,133.38620289074802,140.13639766424706,156.09744253134318,162.98855066655813,176.61727490481633,195.03846000619663,193.26207221393494,195.73275575049706,206.37844954362922,201.39736286471546,190.26125675810874,176.20700464082992,155.85941305603362,0.0,0.0,0.0,0.0,0.0
2025-06-01 18:44:21.040,0,0.0,0.0,0.0,0.0,0.0,0.0,132.5315138226545,56.89214549196915,121.56799930270617,227.03655017255818,326.5512636462249,438.0474527419198,515.4987070794535,592.129208218923,661.1626014154051,682.8146613380152,711.8668573914049,707.4232305060443,664.7885529670704,619.057484779739,546.7037119625587,470.4635949968945,357.9516495931782,240.75656445734614,169.8635899365634,185.3642848134287,288.8269460798082,424.08628062603293,544.801411968248,658.7660471640925,749.958731286696,811.089419681483,4.474166135800967,856.9500425730981,837.4682476680057,797.8220922538552,735.3274887100422,641.2612538777258,540.5919627900523,428.5105960983534,347.5463141039576,279.6412566272909,335.1447091637018,452.8831253165259,594.7551164099864,722.1361769728629,830.6160608064399,939.5498327131088,987.016574217855,1047.7884642795966,1023.4759680529621,979.0932853516513,910.3949028915739,829.9049890688667,742.149258761475,638.4925457743143,524.8126655488683,521.9679861690306,560.3444602249193,15.401821275321845,8.60765726480537,9.443118789186887,4.646507653783589,7.128699896968685,15.490082338488161,8.483480233983013,11.43456879905019,11.070468738181376,14.985345083655615,23.24904504258338,755.6636099835664,636.3051023058198,514.7059344045146,436.49167603487297,406.86432801523347,431.1564807416962,547.7195102915028,680.8921784405436,812.7009122781934,947.0726426352264,1057.8452003715636,1136.799557856127,1190.1898513417864,1197.5166687186559,1180.0322012791776,1148.1800781832749,1061.0950732880751,971.4117379979517,851.9304765278886,731.2960005501208,648.1246329292818,750.7049882077149,752.511660324681,833.4644329624599,948.1398690440469,1085.6832528748723,15.081892979274444,1289.7957366654675,1356.51238615926,1389.1519365398212,1399.1546954754047,1363.5557955503432,1298.423690239914,1200.544398241651,1112.0244123094906,1000.1407170808337,890.5729100365007,792.1416452146537,722.8659792673861,687.888225054175,710.5501468533618,772.11216032568,837.9498677007169,915.0435741890922,1005.8830778269382,1068.4861340540822,1105.1981136942065,1110.3212312815047,1103.4978397679201,1086.7819859243807,1036.4789868466455,968.5384116674926,905.9816211891628,5.2020707890339954,9.494630532238018,15.060821045776812,12.864174950931579,0.0,0.0,0.0,723.5678160919542,8.54936635409076,10.754652053899695,7.658462161131816,935.7089954746463,916.3132350586886,869.1559011726492,813.2326467488267,759.5068663501656,666.2526033859683,639.8272123674719,583.7216953788969,521.6585064259797,511.0059607756046,516.8231581814805,528.6993861032266,552.9984713346145,571.8510170121774,586.441969021425,628.2028439697737,648.5712958746852,646.0291366756659,631.2621332779113,603.9843930983865,621.597077235775,589.688335414575,567.8611077982816,554.5514625931401,520.9126004268132,517.2899662074071,10.353982135692098,529.972919029739,527.1990657463385,536.7689915006403,541.6037947136446,535.2118229492947,428.3554483239456,405.7695676454012,401.1732164162902,374.818944127558,345.2089981878548,328.8023582185378,306.4162517180735,294.2496761614429,286.1272689714073,311.39608875929906,318.8154030866787,341.45640568503876,377.0331874021538,396.77942029807826,399.317238538647,402.3853115669631,408.73738048319734,396.8349274003007,377.9676960522414,359.5494929630156,325.9149536688804,12.270084416108645,5.959248335288242,9.137345628712978,8.203382538942313,9.838930410244377,4.8714086908374155,3.901553091775497,10.049433168467829,17.301627006335398,11.786009614838186,7.358649287238544,336.8349596231604,338.30376299275,358.78484490628773,363.0758392493523,353.8169643597186,342.6364338436051,337.0497683968394,316.2422922417159,308.13112882041014,316.0582571956373,291.32114311755123,293.75194501466973,298.63004611948503,340.30592371101966,345.4759564629684,339.2186744676226,337.2306880055556,348.621697574426,348.56109910783124,326.89457590826527,326.7904857000417,309.6059927094974,284.3277119423467,279.5955423970716,266.0620137120163,258.73149230919165,4.647644134040107,256.5989006119832,270.5683156774168,273.2513513298981,271.24800437708393,265.17286230985115,271.1121559543292,245.46677922451246,230.6283194221199,208.09052411384437,188.47644772092087,168.21973438099454,158.66540171299982,142.4727825606276,130.3032932007948,135.64764064603875,140.38778586033317,167.5011344476809,175.85700905796722,185.1608213848335,185.89204512103223,192.85651827163488,203.5305062853968,200.6790928949134,192.83151093289538,180.3331243513191,156.72035219828092,0.0,0.0,0.0,0.0,0.0
2025-06-01 18:44:21.042,0,0.0,0.0,0.0,0.0,0.0,0.0,132.67195083385607,62.41259349286549,126.28290776521673,227.42156507279924,330.2957699472355,427.18993321078034,518.4031836376003,590.3566450505167,650.8123202760539,685.5786207371494,705.9039066524363,699.8531376633338,660.0984756817936,613.1448731440846,546.8354009230094,461.5507391616421,354.9778506320505,242.5022384691688,165.16585572762497,183.3319435950203,287.51867919649277,418.35667257874246,539.5280083268461,653.6229616721564,734.4076171893236,796.2540672205948,4.275037037383792,845.2340382843831,832.1898831231861,781.8205516802614,723.0187075763615,630.3133800010952,528.2127360090569,428.9880848520756,346.51829598293216,301.1160067445437,334.156580223173,454.65186799640736,595.15941045104,702.8047245816183,809.8395738819377,905.6330326373005,954.8429204604292,1055.3694803196177,1010.8653121672669,988.6487413265851,910.9177505872475,816.9770895315531,752.7462298214856,632.1267790733624,531.4464315236233,506.749683524526,554.9807962565164,14.776707628888136,9.55927342191947,6.44964011998581,6.0701776352879016,4.63464965171427,11.59149247978729,10.66308277102001,17.258947255385237,15.233467273852247,16.100574459164434,23.659783115684412,736.023999226809,613.5738251961889,521.2479842230191,437.9400394601554,401.90939062317705,430.8217844927019,542.1199651919857,676.4325067456992,793.1865123745653,932.438045805161,1042.4913955382144,1114.3265730926173,1165.70415182736,1187.432526350694,1156.5140050959044,1136.0145735418396,1034.7060124656825,958.1504352503271,828.4471490854785,726.6530261469778,649.9783064327855,736.8953679905375,761.5659233076408,834.3196650273118,940.4314512485189,1074.1992008071047,12.182715187757474,1269.6975783509208,1346.9043361675692,1366.1476528278622,1383.627222547218,1348.8114329788493,1280.5024432913128,1177.736106596373,1102.2395233256868,985.7068098286617,875.4378803707215,780.9672084741685,697.5803925562998,683.9096795759932,700.0903739990957,759.5147788613011,815.3928720902054,904.4457357693742,984.8330705843719,1052.8244764231863,1084.2574941023938,1107.3737739561657,1088.878708272717,1073.3015241461726,1019.5091309359068,949.6743404543324,884.2106189781988,6.418333580089383,6.259767096096083,7.96551724137932,7.675231890646131,0.0,0.0,0.0,128.0,7.603781654892343,9.433981132056603,7.969683795590991,918.0917777448246,887.0234632226716,855.4630251311776,793.292657053133,748.8208102903424,649.343603826617,618.1739383891476,566.4608652799989,525.5926050418467,499.38434391419906,517.9885736323428,525.4450699689314,547.8190546251011,569.4146509761581,589.8124408116594,618.2295170664272,623.0874901872983,629.3446169701292,606.6054200868377,584.5899961664372,593.0896461231328,551.4119020977791,536.4110725272774,523.2874267620523,490.4291188347041,502.164532320392,10.199356495514275,514.6101123986471,526.4405663598094,518.5315913362109,534.2563237305209,525.4574656521467,419.2456069176828,397.7965315058359,387.4369568995052,346.47229703368976,333.26402758136334,303.1366498301888,286.91239942602454,274.5078413825792,257.0347765037542,289.3031334790495,297.084391974494,334.9820063036463,363.74908993628407,386.22172761247344,377.8359522566375,389.4639520618415,400.6934600943871,398.128951364856,369.75885646427173,342.7365625331933,316.27192717999196,8.144719663408136,8.502464202507921,14.962164219697852,7.847989735209353,10.877228051033683,11.375009315336182,5.471904241535784,8.631894829700663,12.913145868043243,17.833431724538904,11.09703372726197,329.1436321390236,339.20576708189964,353.00556873883716,355.8342259941485,352.73010874099174,332.91312473871494,356.02720828712705,324.4302001822508,308.3821169666265,292.4848343759827,292.8022420016166,303.18504854354984,305.9357011445461,328.22032622701255,336.14347982096126,319.75100297162146,320.3400306026718,344.6045291989628,342.99265764380027,323.0977208355638,324.49120206644795,306.43798567656785,287.57798331692226,270.3286480805567,246.7693475536335,240.85003993326063,5.047750907270705,245.61329585156813,257.6043448049629,261.777371337292,256.35897110612615,261.0663627880148,259.1138102774413,235.67682707844415,223.88746245565264,197.2024652755654,190.32263894500858,169.55538625081402,147.77020454090376,136.12449944029277,127.20929745732266,133.07316803421557,136.77732925211953,165.67069745423092,170.03019116774396,174.25677777707156,184.3122910141598,192.32745349546994,195.36197615341888,202.77165335220133,189.62063066040218,173.43323898475663,156.48047541665358,0.0,0.0,0.0,0.0,0.0
2025-06-01 18:44:21.043,0,0.0,0.0,0.0,0.0,0.0,0.0,117.98165391633255,57.161047026808156,131.43144669681718,230.56198093802885,328.8848101283073,427.81020017513487,516.139716021788,577.4622197866247,629.5124017704281,661.8326373109442,685.5058970441589,680.2767702162038,650.4651247425999,591.633316346394,526.3531492403758,439.17960484255576,335.22042906489753,225.469734660337,147.36611132584287,179.53171825819453,280.14915439580625,414.0631823373053,531.9424174041312,640.5597403842837,720.0080480250367,788.8773850939759,9.076069575874252,837.2216113518134,811.052427367214,768.8236091466766,704.8995446152877,618.3332374636341,523.1538681305275,411.7335432301651,327.88127571472864,293.8716776009914,333.94209850551164,435.77906304468735,573.7482063189248,694.3353963436026,790.9173861784233,887.6503609771732,966.5763701227526,1011.8531895386321,1010.4527861742796,991.3358921613728,899.0536485048082,817.9919352114556,721.3229938654185,597.1695144776502,531.5595378599957,508.82730361049664,528.6811315066341,18.485573908630382,10.872848929426068,11.473148281270912,9.46945018331103,6.909970181283267,5.602603202973478,7.145428183781766,15.789816657260877,9.402282094567504,10.761027336678037,15.253252698681539,734.8868434483029,615.131353657028,518.7153275909526,433.0919866856416,398.5776981229585,433.856647525784,540.7166671711229,674.0370950283049,788.1770215333082,913.8275956445965,1034.969895012229,1111.146337422668,1163.384252159141,1187.2952298196956,1155.7774803359014,1121.8175962615287,1039.3763097732005,942.9197186895582,839.4261343672765,727.9997413341835,641.8102128126762,726.9302964268066,747.0261508987979,834.6494454705504,927.3957250230036,1068.2868184477852,12.818284593008675,1262.4772753307805,1315.297013948104,1362.2742794287371,1361.6761567989324,1326.4762353588437,1262.25837314128,1168.6420768525586,1074.5220016786654,973.7384845136573,848.2491614083365,768.5746985703003,683.8932439663503,670.7550955039524,687.7508909880867,740.7472485601292,813.1408782238207,889.6227567296966,980.1783687920448,1035.4683960272598,1069.9603073538226,1065.2072616909638,1068.3543540383034,1064.2219268381223,1012.8896610061281,942.8547624447311,869.0377571013424,15.031986546985854,5.5101762676570365,2.634717561655072,6.694604089715048,0.0,0.0,0.0,128.0,10.996031178178553,11.212245002468405,10.866939192970378,904.4981796467284,879.2931498017684,832.781244346541,792.3873207406958,740.4839483725168,641.8893182221595,609.3200251557432,559.5724261257728,514.0065912847344,490.9917652654618,505.14528486514075,518.3744488120425,529.5970780563282,554.059584554777,589.11026712493,600.0301588445377,613.7404712016673,611.1602383361909,615.1416908321647,580.3456414307026,582.5342079839451,548.0655810350312,540.2185669746563,521.9787573357137,510.0566115335774,504.8351405705809,14.251100197241728,524.2909031074998,536.61551688503,527.238287405515,537.3810566369958,538.633605989536,424.52227904510926,406.9620094931717,398.33331243687763,358.4242811903889,343.76379480272465,307.12659802538815,289.1137863930674,271.3119049310169,275.33989723451595,301.30866758824243,316.1713543566082,337.27891680979945,379.47667719611667,394.40643820560035,387.2212737879919,403.42249241747726,415.9123376409421,395.18570233410514,391.8497639004081,338.84970952283277,313.15550836773366,15.217421226675771,10.596746633574957,11.743810902429145,7.824427770413524,10.169583371437042,12.542542218619513,11.629627873038046,12.066915039089768,16.73555857575464,14.694830489383518,12.411654627266678,314.44176796948534,333.242121811504,350.6399725737236,369.58777347436546,340.9381326467818,331.7248033244575,325.4577430559302,309.1964488082097,280.06482911864583,263.86882607010375,293.6037410532952,293.21396523180584,306.58729345839674,308.75329759371107,336.1221219621333,314.7171044882283,324.4626443564245,338.4902593888552,336.59460691355133,322.40191530316457,320.96968815352403,299.87325109373523,280.88445510431745,261.8584505848438,237.792728172873,232.78172987043018,3.31296726101763,246.78600569163262,256.61216491000806,256.44309809312693,259.92772753749733,261.0846559904019,254.93094725467026,236.4690994719054,215.93061565230647,202.05988853675197,185.39839122873215,169.77637318772062,144.93268018174476,130.09444046894515,122.96773609168959,131.5946801287774,137.55707896551468,159.9451011163759,161.41566817910987,176.34815624417013,178.88663982053492,189.16859882625292,189.73787207632768,185.64787405045266,179.8706985635066,161.8894484719411,141.94774354370387,0.0,0.0,0.0,0.0,0.0
2025-06-01 18:44:21.049,0,0.0,0.0,0.0,0.0,0.0,0.0,115.86596888039878,55.95958972766949,129.82889265791,227.22793651187862,323.23025718844247,429.268282589221,512.8364792053329,574.5250634326936,620.908311917326,657.5745404779508,675.5759577587596,671.9397825449897,640.1316725753986,588.7720125259043,522.8703081349083,435.34854494610454,327.8914938274585,223.5699979521839,131.7804174604719,169.2661265027498,275.123759696765,412.9269126238079,529.7436239134729,634.068656837836,719.6505585223462,795.033873710794,9.33616713904932,836.5550768780838,805.831514934096,768.0195732937567,694.906574510009,614.3917452548213,521.6425617322765,398.76122507675933,315.1737842495243,273.14356561955594,309.12244967093835,425.4587153336545,561.643965974952,691.4345095537966,784.7457311443848,887.9287231663076,965.6908371906287,992.9672172542394,987.8705458531797,968.3317633366821,907.6269010570246,819.1663419885084,706.7529666507779,597.3028424726517,534.4270294889355,499.6197179201877,510.58553738827635,14.659142288074676,7.605206552117739,14.842692640694969,7.0453694990009454,7.951724137931031,13.696968276395223,7.207315535237008,10.391362861502186,8.759156294989424,4.614665597164745,7.759578854018279,748.5564652319401,628.4078126828641,527.6222122303101,434.1927544856363,404.10318441171944,432.6108444252126,533.6458367703231,661.7374338027834,803.7838512642974,918.4870111401217,1042.026892562459,1127.3820561454913,1178.112857129947,1197.7023961359976,1180.779843524224,1140.3209429206076,1041.3356081460374,960.5152306367772,856.1225690349975,724.6020918462257,642.2002903716962,729.3674486605894,734.1827871387377,821.7973747355805,930.3162285873241,1072.0433740888877,14.87205395229902,1281.0604084607357,1336.1388819712258,1367.635470524296,1370.1229076402008,1323.310307359807,1269.133817714695,1184.61921915757,1068.442303426599,962.2843416240119,845.2248083924557,757.0647744157427,690.5505703779914,650.7470136230819,681.1285233289511,735.8058409652097,811.0071930157949,885.639158821847,963.8657593246089,1021.8214485189707,1066.8896102580322,1048.546016479765,1080.734306427953,1060.7491105951883,1017.7177439167324,943.3985708702887,864.9727910380392,14.244845682621266,6.268758230309221,4.190365669841063,4.92174252593656,0.0,0.0,0.0,128.0,8.216353757250904,11.871247729515082,12.513664805671825,904.0507372482182,883.4422943879208,845.1359054239705,791.7205575437115,745.8101884774884,647.7361745243036,600.2104187721932,554.9040739638167,510.1223415665106,493.82346406396385,494.8993898519794,503.89144384964476,518.0222013642863,548.7625572835087,573.5813786662603,603.2372624657737,597.2129417312295,610.4238828354352,617.6443388987984,585.1713649214273,596.3627983960904,573.245881954285,550.3600251301232,528.5804962548704,535.1952009513133,511.34306731733284,11.92984744664054,530.7487516996816,540.9903468944365,545.3137261208851,555.4977498900207,555.8941470224282,449.821900760586,411.2068386102836,395.88735252512686,375.59386293995254,341.27848291344264,318.2293052990459,301.58062978534133,290.4997923595613,306.6085606936081,305.9569108903726,331.31155611534433,353.67721651049993,386.88757963758684,402.6457488422741,401.8078936500613,412.91337074037807,418.52372913553745,389.66716753621085,394.76969264173306,358.1065289568904,318.18662833471654,16.048806700669736,14.051989602157395,8.58311187070134,7.0749967628812875,11.370903638626285,8.700730726825801,15.885130382316133,20.25195936915157,14.211903929435515,15.312208019477465,5.323142090554872,308.7139949461734,329.8350476280922,343.0777418769019,357.0481724477067,331.72871466395594,333.0416322676149,321.5665275234692,288.75765065417056,277.99891174747154,260.77006332092293,293.5212085086881,283.63361361170007,295.760713931864,303.6432122861707,317.72104543013313,329.5406181217651,329.2219474607284,335.75958316197676,329.80504800175527,318.97158834177014,311.116332753209,296.6593118347536,287.21845748720597,251.99452131558667,230.84752725699863,232.16053020807158,4.255835934767805,249.1138859820802,256.020040542556,256.2474451914788,266.8086447443298,254.38821907886341,248.6840999789724,234.4955680987402,222.5847754369274,209.77535666036178,180.53276141019919,166.89630922631233,145.46838481772176,127.4813103445976,123.92117987558386,125.4365875520606,135.11495112917612,147.99770791278868,157.83527632814423,177.3476011822,182.16160387820568,188.46682988330443,190.84648576517006,178.12016287159082,172.32891614253123,163.61971071617194,140.9614934377658,0.0,0.0,0.0,0.0,0.0
2025-06-01 18:44:21.049,0,0.0,0.0,0.0,0.0,0.0,0.0,120.38633219731699,57.424486483904396,125.67662364357629,227.55901608541214,329.74372153743735,423.4853061484706,510.04935828503704,572.1293569623812,627.0722454198911,672.9298555751742,674.3084364197491,671.9176275654594,639.4715453130349,596.7619647003271,532.8668836188323,442.80838735369286,326.86563324573007,233.92761481708075,143.96568076975788,176.03636290905382,287.8790478006693,417.9601913673532,536.4170724302919,636.5358852992478,725.7566982800772,794.3720691614398,6.791765807434568,826.8363031529025,810.2254341457478,775.9690989703212,696.8372589520393,617.8400420692392,517.6642652597213,417.5265881547936,327.4593855542834,289.9595754711095,319.8708370822324,435.08934734830683,558.9995216940329,683.3140717193927,778.3925474871183,896.3833089817732,966.8880657274973,1010.2393392932019,1000.3127550540283,979.979468967176,919.2161267156923,808.013665828241,711.1764293708072,622.7411106551605,541.3730395980419,499.3626629427159,537.8247755995156,19.677734343719294,10.379310344827601,18.456807240875165,9.369861259464356,10.9340353397707,13.0733911689131,11.93314771006808,5.737384427731882,10.492507361552555,8.865611704967238,5.5167308523814045,725.1900247954942,620.1456310169243,528.4894644602177,431.66278129452917,404.7067427872461,443.58106317424466,537.5263852369759,661.3394802500782,802.9833930358325,922.1224952899543,1031.437444656595,1119.88557215342,1159.428940684598,1172.9139181682028,1165.3357743805525,1130.5918236873372,1034.1800853180403,957.3693507040862,841.7834321246668,724.3365875520401,646.9974018486348,746.9227168242106,754.3997341279482,823.9938687387867,946.5796970849336,1060.5633138201908,9.285756090406107,1276.2725520758072,1341.7798236553895,1361.7184191378162,1368.2774357437888,1321.4507806044933,1266.0880781457722,1163.8720827707455,1073.588639932226,979.0767981049216,867.7476447783577,768.5270968920489,712.903096970936,665.0098833944219,704.1965875404848,759.7733315897642,823.6250660649632,898.6427426873943,959.8279115806359,1024.2748388136572,1071.9214069195712,1087.7170358736441,1088.1848557798348,1049.266634810927,1017.3064099333715,956.8277196253198,876.654373134943,14.555055081693453,11.83232666913709,10.047777691046425,7.197677678658772,0.0,0.0,0.0,128.0,8.080687035930284,8.715607301922262,13.369429173962416,900.9847238873858,873.7969915222934,849.1698835648036,784.581365323755,743.6603713206314,646.1442085422588,604.8501906609995,557.9186110418686,517.9452355002034,500.12103946579913,495.47611466325134,515.3142660787564,529.0557964792056,547.6644480357179,572.2669308247839,600.8513727889767,595.0805276289485,603.4298917473689,606.2218519617136,587.1440171945749,577.2577381992207,565.6327288394792,547.4429677404703,513.4543435904712,514.258395570649,508.1366860576295,13.791355195522131,520.7807030483829,525.0099415083779,541.322570747425,544.0353439548184,544.0782911917678,448.63489068702125,412.34710868381285,385.5287759403454,370.5318709963149,338.9679874974247,316.1997913565553,297.5476682588062,286.0199312333208,294.5419698199356,302.1852366376165,322.0111681684491,340.7839696994549,379.0078321390488,386.00852900968954,399.61652777563796,407.61059007796746,396.2392540366871,385.4098377647045,383.3342473575884,353.83919319081974,316.57221803204453,13.336527820049092,12.78493324132375,5.737727416566491,4.703313435153307,7.831817176452383,12.61386077509502,16.76291765692182,15.291786693002484,5.924713121261023,13.926270729135688,4.71604554820667,308.2929801360149,333.83426513364185,339.2070376029388,345.82351027452506,329.65456869758816,325.00003138806665,319.6131461680677,310.8923459468076,283.02318307934604,267.0211677890737,285.3053967698811,280.62391675347783,290.85320257881153,300.09620603546637,318.7212266751334,331.0929745540991,321.62626413223705,332.58505900030735,335.7648847731819,324.89635829086694,314.0460323930751,291.0066485438316,289.44995578087827,255.35569067365003,236.66498439675846,238.49725180731363,4.688776574008842,253.15234617941627,256.80325701204544,260.76901733316186,254.1675123360338,253.6504650308126,243.47000460353553,233.05838468057232,224.5966466733842,205.07371766508896,180.61170641323184,161.16798221497712,144.87747529237134,129.31363428672873,121.10852390232628,127.2630914157189,134.09260445262885,154.5782378456743,165.9716389276916,176.0179315295063,186.45615630435094,187.03382120227852,194.92866805753704,183.39115404523966,177.50453100026127,166.27439409654167,154.18480856165084,0.0,0.0,0.0,0.0,0.0
2025-06-01 18:44:21.052,0,0.0,0.0,0.0,0.0,0.0,0.0,86.49088258795905,86.44318809178078,169.55612940175945,276.68143110894596,379.84407498106003,457.00736448649695,535.7058292165448,599.7438577834879,646.2141739143831,679.0450622203023,673.7291049165212,664.3073588214743,627.2906899679145,571.4934296601191,498.3462028306749,400.16838238252114,288.94542796965675,206.1179581465438,164.643231121605,219.81061344993458,342.3569424774177,465.08196495235006,577.4298889695802,670.8825434865174,751.2716769666388,804.1879358370402,6.352776597373378,823.7231058230467,795.789561887044,758.4413865264913,680.0609852230208,588.7078319514301,478.8572803857784,386.2477002646773,312.43783161665567,303.817169937783,364.7515646574465,506.63054819961866,602.1563053827239,748.3734570064943,796.1827852208198,931.318889241265,996.6803442436884,1023.6588187991209,991.1069871955248,951.9967500232367,879.4479393668173,804.9764273947736,691.9474641419569,628.1910688199365,544.2081650501833,530.4233762892641,580.3517429290799,15.465306429520219,9.79366693799263,11.574797649838779,9.650054836521774,10.239343429656316,10.200312286998832,11.746206868253935,6.726766814828924,10.54874723799876,12.766792226124936,8.647394136042347,703.2661962374726,603.973046261237,516.6989441635649,419.84155270865307,426.0514784163075,470.7592868905401,576.540383276108,709.9791942738162,843.0079025639205,966.5804843494341,1049.0545323820775,1132.2359418094384,1166.943579202807,1172.5933230749404,1155.0778172062505,1133.2619873060528,1033.7712306088033,946.5483949246791,843.4950336032329,726.7882305386087,661.3469441512544,775.5066076207202,792.0596211021111,867.861449700182,983.950158075645,1098.1055107238192,5.401178045330807,1288.7473881085148,1361.8890165853684,1375.936272682032,1381.137110965907,1333.5145935185894,1284.6659885921981,1170.5770464957839,1097.8186224125338,996.2754770621931,896.2457868179873,796.441812469667,740.677842988759,711.2755980410369,732.1710206199721,796.1706620429466,846.7586212208641,925.8546404803508,987.2388768849208,1047.4456769233348,1087.3178396238245,1088.0540207285096,1093.5158582584618,1071.9458829531768,1039.4471833171801,975.9637115070888,901.1730797121097,12.814780593526544,8.843171195440386,12.837936987201251,10.644520592130807,0.0,0.0,0.0,128.0,10.622573651872731,13.213404763609859,17.65744556598308,921.5012367924015,887.0542802024628,870.6152353852166,808.7732406191633,762.4739421829261,665.9789410948998,630.0020413659379,577.899511438776,542.3105776272054,534.3162107499204,523.7913888487477,534.5188253232415,551.0192887883619,567.5540390511967,587.6823477485269,616.3944348273767,620.0060344170847,619.513394707839,624.8618685627877,596.1020996402422,603.3798618531083,584.9982868002811,566.2945779860901,541.7629887506966,536.7481032555477,529.544079979147,10.845508524643947,537.6938015320962,552.6655217896773,553.6727562560992,553.3657151626867,552.8638409739633,441.947905599112,418.1844375827919,402.75478370444495,378.6453870716918,361.080613173712,324.76694277750164,303.59688799944405,294.28082149514125,295.01816562189555,309.2488404011615,330.23632713381335,347.6096578533872,373.6038089313942,386.2365911512768,404.0100654038486,406.31247805594245,400.72269642182835,393.7686863901963,387.4121051495677,345.46023371813106,315.31591464619953,12.427979477344543,4.315635720212661,7.860959235036377,10.644907239409447,10.894321028763768,7.457607242157261,8.653520277815774,8.226524677351206,5.741811335327044,13.029310520328686,8.074655298066055,317.6402310274193,329.940361082587,343.2773512613282,355.14454670713496,330.8984869896589,332.1906872664934,329.975230361907,325.3977814168807,296.7812561081315,270.7825700970477,291.57968690810924,280.8439079912486,285.6327096239853,304.31644857079374,321.3581353416227,320.82141407513006,325.12069345119244,335.68498404923366,335.5701758113072,319.1421641344794,318.1390789391838,289.9944898064214,288.3570072683783,263.43151917098305,242.59715881728994,242.61540808183898,7.170983135240783,251.30762745683472,244.68811923223842,249.60106789387433,250.53108430619884,248.3787669036643,239.12880451192345,225.57684126155863,213.77632173352083,201.4891626884471,176.40975698704398,161.47960990117926,143.63212381988555,132.13741279943432,108.52612396167915,118.57596492622538,134.69090227836404,137.7683260988753,162.7407242651226,165.3066896223197,177.0755590768029,179.27398103690697,189.789598711126,184.93119754927682,181.76748168619142,176.28885091908268,158.17708709752554,0.0,0.0,0.0,0.0,0.0
2025-06-01 18:44:21.055,0,0.0,0.0,0.0,0.0,0.0,0.0,62.271539181129334,104.06525412475143,204.0771879372493,316.24455649643386,402.86143843625223,491.032981484276,563.81051692285,621.9097970134455,667.0644246389954,684.9408530296614,677.599786974841,655.5957346307152,606.1812997265903,550.9211510442659,470.7850430316473,372.2397714894451,265.4395232915351,175.82425585150375,167.49109997740294,254.23046284287793,373.82386786690074,499.8177698384763,604.4174887420912,695.3586162960572,776.9607351707303,813.5630357980309,5.270048884445306,829.3090577220015,781.2723802698799,747.6017634408632,657.2343436203452,576.806482201145,451.38803781815943,354.65726303822265,293.71734478422724,320.30539398640155,376.5561466739648,540.2781219436253,658.4270270908906,761.4165770224898,851.2539686156055,960.3690048961241,988.6493197155914,1014.9370560242246,992.0628596881178,931.965032130909,871.5682629533561,815.3077828774582,668.5846676060994,592.2355391213,541.8541070745558,540.328322287073,601.635393705478,14.153995470982133,8.699435615882612,16.26244923356639,3.68995952481256,6.5296932910297185,8.846065428156741,8.355214772350825,8.88484756326826,8.166463480246072,6.977717227410327,13.385364313682416,698.5478927796635,596.6631539934239,510.5438389487109,432.9745503129306,435.3907710745577,488.40197487761407,604.655890244136,738.9599531269675,876.5501321702817,993.0648921093174,1082.4726139174038,1143.0861620163287,1191.704916882249,1200.7326480029058,1177.043230851219,1145.6516421172305,1038.028153960287,946.1925483461283,851.4628023902158,705.2476690427466,662.6383613414843,794.3283628225073,808.4764390393763,888.6068139979701,1010.6998700398082,1132.2973888557917,6.627221117111363,1321.2285446675369,1381.6623269321813,1402.662533829475,1405.340188551022,1348.002800083894,1290.9554524165048,1189.035918695642,1110.6803779529396,1003.4438606861263,893.6723315398962,802.050754380262,745.2861572780093,735.6528323100505,742.1211355654522,801.8370956175493,864.1362062611797,941.3898959564494,1016.2134594152665,1057.805526233739,1099.1590670644428,1065.5610439906657,1099.1743031312162,1087.0143213985875,1044.1929176999956,980.1793420367554,913.3577234693596,14.580321990302757,10.714154350404295,10.614863328239055,7.8260432046855986,0.0,0.0,0.0,128.0,8.329044737568962,10.185046364367143,10.151233143870924,935.3825403484248,910.2717139257458,875.9957725961157,826.8940139390221,770.0855193071131,686.5337351393755,646.4400422347259,603.943000179438,562.6157534140523,542.2246269842947,534.7281184347981,549.6513055790753,565.7175525011431,584.9106888591627,594.918215830047,636.793035831414,640.2318192506177,636.3767187585086,644.4162823611262,592.2406542445171,620.9433976053592,608.1187057974524,584.8177748188186,569.3339055924678,552.0000520023182,542.7589733486551,4.2375186679594075,560.452609633076,563.8947257853613,559.0140769622377,568.2829347604705,553.2270342397278,443.91786605235075,413.7516476941802,407.03688746231353,393.5472136999524,369.1968720947726,335.46916294333465,315.70398351172065,312.9221985686323,305.67521068078196,314.69444156441534,335.6153427260559,341.9363479706436,363.49473228472056,389.6908026466332,394.86279776185853,398.86353405229374,404.3875613505274,390.28027525253907,382.792852960009,343.3667951659539,315.0530676715396,8.780674568570767,4.757347317676423,8.981732503584706,17.321184323318185,9.902037610891092,14.008177167637704,11.135006335271662,15.786017785832563,5.371703532154668,16.609489017507002,15.956784500563149,330.3237219264805,336.968062827398,344.0418592173237,357.7384348450859,343.63801288711755,334.77103565964535,331.5533091827809,313.57707628170493,315.39574551432656,264.87814260809205,293.5094690903343,290.72732664381135,301.2341134293468,309.62346546939153,335.0062205966948,314.9928806293796,319.5826264338435,341.148788573799,328.29367056827607,310.77943980311375,325.4187836575849,300.73312844248824,297.1886619755812,262.5997916855735,245.20248793437884,243.17333722145003,8.172206968444666,244.86452254068902,236.19330383265861,241.3192087240216,241.6045698154835,249.97304495740607,234.58197785289843,222.91738952660003,215.577677253226,196.27509728002047,180.16562300380508,160.47521594268594,146.98212975004176,131.06972409613348,106.86818798063804,123.29752126167332,122.40383057211083,128.80550977086935,142.3605322294398,152.36894768899577,170.42315826196761,180.49285728675935,192.85691919388142,182.56937007152695,183.8256496286372,176.1586380647388,159.45085254266664,0.0,0.0,0.0,0.0,0.0
2025-06-01 18:44:21.055,0,0.0,0.0,0.0,0.0,0.0,0.0,105.12801550206365,77.674437892206,155.5190499717715,267.444963568918,363.51260937531583,451.40622007278927,535.7246172546195,605.5975131594123,657.3321732684157,690.2956603663552,692.8414390252777,681.3532231454153,635.7123178616589,591.5454124119096,523.5351616455636,423.39042049805494,317.5441200902085,206.98453386360413,164.20964809839197,211.83552508785917,331.17454071762756,452.1661807145836,565.8248630797374,673.4742002524698,747.2892957980614,807.4282458762124,7.791568587578734,837.278658143251,817.520270555124,779.8791655723853,694.1988710364482,611.4015820869867,504.784684394695,402.7338518434803,325.4640614461579,312.487237795431,343.4551784806738,480.74034407765174,610.9479052633332,741.2835236165066,848.7917202830968,935.6704690672318,980.1674719363857,1017.5379535966734,999.6259629793683,1003.2580839183187,907.9804739408174,818.1360380609241,716.8689755962566,612.2292389618832,534.5291923064539,542.4370930897704,565.3157463816809,11.699563767767543,5.3621383437251815,14.119644570096105,3.906327791844051,6.625409004181995,11.421177277705048,7.092910504308538,8.790024475466337,10.789619570668156,7.70244164987353,12.915307041476062,728.3262201608451,614.102268674362,521.0570830029473,445.2284463148987,414.539804994648,450.5219771970488,578.7044458582824,711.969187587876,839.6063096281155,963.3327015113003,1065.0493187412703,1133.8076977659707,1179.7883771793506,1201.7243532560374,1182.3234200290863,1141.1199467979802,1053.1436614431395,951.7008958478019,844.5127241295623,722.8106750705606,654.2543373905512,757.1271757222632,778.633007715863,861.5596611094039,982.434086763576,1103.2185004606365,8.352534222655807,1301.7483513843579,1365.7052119543948,1386.8652686597704,1404.1878687151077,1345.017059189071,1281.3730740509857,1180.6273775045786,1094.9604788760325,989.537277246819,882.3984413342432,779.4132404075049,719.4820069226904,699.7170634372299,718.0215257899193,778.5035419755435,851.6966486216652,925.0624844059301,998.2695763830433,1054.7877485964234,1091.1723618222582,1098.5021527082963,1090.862333635241,1078.0401060595182,1029.78648204972,970.7598209969842,899.9250440647926,14.662547976654762,12.578010378500077,11.933297219627189,6.516740123871415,0.0,0.0,0.0,128.0,5.440014025832395,11.604826878342504,22.581920493088916,931.2573798258273,905.4004448941712,862.6224267098755,812.4635418388964,755.6964025048733,664.9658931374954,629.3330707680082,588.581541837056,544.7776848908549,512.971669974631,515.455307183751,537.463581061798,545.983767192675,576.6981730001455,594.7043278240025,631.4915429041496,649.5604766830564,645.8080268022983,630.6615828483041,601.4696924153767,605.0818163162951,592.3806471039287,564.5282604671547,550.2583861799043,530.2756584093399,517.602285987104,6.786548082834185,547.6079809835145,537.9574978940065,541.6709528197207,556.5294479910941,540.3579906906851,430.79861055670995,408.7017752836667,399.1023552784167,372.04359161342666,351.6327744657247,333.4281559940279,304.10667345929767,301.0080093799913,295.03407204576655,312.14525082814185,329.06265650161123,335.1444195000613,381.61274796698916,401.7859249202071,392.8874179106934,412.33722613867394,408.0054954722024,397.895377801646,382.43976489612584,350.8715229746146,314.18927975204235,9.435897891095744,5.988984776405409,16.39557108762282,13.019860435313943,8.76536928009416,12.186184581912404,11.046748738189496,14.977436048749967,5.431002355655017,14.149496465373891,10.368898919332201,337.62956357914277,340.8334813882963,358.7285403339587,364.9258105753237,354.5306031624041,341.5500350124612,340.6740246651558,326.896463881356,315.80602226059995,284.46963157132757,301.3327693259862,300.04377366439815,300.77762208598165,313.72728399266606,344.7568665167576,329.49460656474145,329.5133029701885,349.3679039351764,337.8311044352076,327.66637824076446,325.5538722351816,304.0706623123777,300.0097308521042,269.5053215922062,252.16493825423157,245.4378045822854,9.74233570017628,253.62781091164035,254.4202034317973,258.28435810863147,252.26507258353675,262.7316281316488,254.18699166501037,233.4695598717259,230.8722116011347,197.0966651765809,193.35764810007646,167.01127283222624,146.59770926262183,135.93596239863368,123.12122728513404,133.61263267036333,141.06013536474237,158.18886226368826,159.16134846069085,173.88385600792586,182.6924993693713,195.9104543450532,196.86809832307347,189.42956273605762,190.96292560485284,179.59010264943046,154.38013226107032,0.0,0.0,0.0,0.0,0.0
2025-06-01 18:44:21.058,0,0.0,0.0,0.0,0.0,0.0,0.0,126.05967520644298,61.83134728013043,124.65689671151432,238.0175361274276,337.50056549837586,435.58994298793414,521.4672372098696,591.7141909719547,645.8662044158739,684.1911630159814,697.8555483246405,695.3108345674545,659.4927918841303,616.6166366003275,546.2498583793727,446.6758505322499,341.15840312940196,238.79282754768846,165.82256763902686,186.31696318016284,298.87968726776216,426.28127633462645,539.1348732996254,651.3979127798426,734.749648904231,802.6819890027249,11.10221441973491,854.3074334234273,837.3220177452009,798.9149250626906,723.0013884867275,634.2762955504097,541.9832525508308,423.7094737979468,341.5155829045849,296.1507559166188,334.73272557524626,462.6267617291992,599.0097432107221,745.4805916374912,831.0820011052758,876.857157689095,1005.5404860545982,1027.7403275285842,1030.3399046303769,995.938691623283,936.5955915585726,815.6081769307547,735.2046490942129,632.7083027987311,553.2480349343572,524.5373955256753,554.5596025282584,9.163315173260324,4.053273858959693,4.078771573192338,6.255025013696229,8.254839600375306,5.874713529994155,3.8568781379525587,6.038927242784795,10.419683830477457,9.899494936611664,8.787814354618671,740.2458509135049,637.6606340633782,518.3530410205067,441.600200296821,411.7744698212202,435.53565897723195,558.2845900257119,685.1357031691451,819.61662574152,953.6516518179233,1052.584780933711,1137.6136614618629,1181.5387417579295,1208.0945303556884,1183.8512665545197,1136.2970526320664,1067.111152045046,963.2166825411356,851.4261521875954,743.8278779053052,652.6304222673085,745.4601743379538,756.5202055780319,844.6430402168482,962.7219669468484,1093.57540270136,13.257477187775326,1292.368898148922,1352.633467466017,1381.8454391370874,1387.8057489603968,1349.3691943483866,1292.1117460815037,1178.2334058879028,1094.2828996514315,990.8799244703622,868.452555505597,774.8078007891183,705.8978486328542,683.4533030401636,705.0652051132439,760.4714150731888,839.0340482982883,910.0895225826819,994.3382799198102,1052.8827290548786,1088.2940982374641,1112.065247963722,1088.2915959548889,1073.9915027743643,1023.6564571845323,959.4623419503554,889.7954512375003,6.531980254731415,14.506834058447083,9.896208018156788,8.146909565252397,0.0,0.0,0.0,128.0,9.448837486964429,6.247280709382672,16.04972962596032,928.2407881085231,895.1358232441577,854.4635746522165,807.6905399316203,742.5448453424016,652.1057117379727,617.9176856745341,570.7464010240318,525.0029737434758,500.83778714012664,500.3871281527083,524.5837474722913,536.86727141067,580.1726403760968,594.2638724097551,616.5070639399908,635.0945399257898,640.2577947391366,629.8899783161091,608.5494727528754,592.8996851085252,571.744675555821,551.8034834971584,532.4074467087194,523.7854200915092,509.79130204782257,13.519542364859461,521.0726699004116,529.3260693252965,529.6068600236343,537.8305644305999,534.9024125916828,424.01189122644934,396.7780701231504,398.55636786951754,373.19681976201747,350.18848864640427,328.3310671762707,300.823860347583,287.2115201817627,288.04103752287085,299.43060007567647,331.06854730060536,344.3670133617689,377.13174448166137,399.0328665363819,399.7109604498019,413.1697752834415,417.6762857911343,393.5742991798579,377.1056264758157,356.51523772072204,328.41155056678764,15.548458458785113,6.685819809228583,11.532298212745216,7.851811756540846,7.94442195970315,3.663404489522846,9.91558220803315,7.533554868119229,5.595763528368893,8.908134628952359,12.003696760815103,338.5470631597276,350.3680058681815,356.2848767670713,371.3101464758699,366.45872651917915,353.9266453126695,346.98725348318123,315.14836514266557,294.7103952299254,285.23936021942507,295.1789297299612,280.0738376077959,305.0987090330821,313.4647876953224,354.2976638834843,322.31490084533726,336.8997088843473,356.4241217651691,350.89320712569173,342.61627089959154,332.21728123852625,309.21454305351654,285.7644582133924,275.5916881153653,266.20911768013366,248.668586805821,12.213506900858336,262.1045378991905,267.08717997785527,266.8606420214709,272.2948260787538,268.17152587244516,261.24266823891753,240.85732282095609,231.9427069378409,207.59727016263,189.3095746242709,162.1349437895435,152.72140890562062,143.66841864839512,134.3812672082123,144.0308200420203,149.80919045342432,173.18298793675535,169.46166251723935,182.20487326217614,192.7876415826023,202.28051928957478,203.40443453863298,198.6541680751524,195.72040794757214,179.5983490933267,155.65784487854745,0.0,0.0,0.0,0.0,0.0
2025-06-01 18:44:21.059,0,0.0,0.0,0.0,0.0,0.0,0.0,70.64709928209578,104.86129315406141,197.82294622942277,296.14544445187414,397.350401849992,478.26522204130293,554.5051234382366,611.4345519915239,651.5640675825496,666.4299661064332,672.3289569385004,659.3117744752856,617.7044822640014,556.2169411054767,468.94552454606145,368.08981747680883,271.73946884930126,173.5717294823952,140.8636008614294,225.10642591723837,343.95573194664195,473.1576916681256,591.6849866473085,686.3402782176267,761.2515800284849,817.9143170176972,7.479215010901338,843.2536593348287,807.8636814680582,756.9653724075109,668.2140698106327,577.4723171214226,470.00291527359514,371.9708253229581,299.52540148531904,295.7243226861166,347.06366578693155,493.99410655237796,616.4391231718662,756.4797284388869,845.1710727190003,955.0575620668466,995.0832118490932,1015.5729155077235,988.9118002007226,963.0310032216405,886.9560532844181,783.1733831221906,684.9046407773272,603.53754240776,539.6448602437316,529.6596670098534,578.007252376623,4.419407750492583,7.900330558001314,5.100320441223888,4.575576014215285,5.71647500747475,7.186206896551713,5.840886785501023,11.09560364163272,6.532635991080246,9.968577727308475,10.487590807982984,704.2750893944747,603.9192310789766,505.1221651223024,451.97977574362625,424.54900189592837,478.58492924926486,603.3884511279666,720.3032956875779,855.3788893805322,993.4054983878366,1085.334205705666,1155.211337323831,1205.7194725026588,1204.619245061052,1177.9041312776674,1126.6871441159767,1035.9679450187514,942.7081291415808,828.6730920462111,719.7861369217933,643.5918064607723,753.6057126310661,775.6563278831156,872.6956828789629,997.3385717861091,1122.7640400255073,18.60098639974612,1309.1605205393503,1374.8607745590482,1398.6466841736274,1397.1586246445574,1344.9496615299379,1290.6379826376544,1159.6946504677937,1079.6324615578537,958.8694916666329,847.4854104701925,759.2956435825273,691.6819828763242,687.8865005778762,712.5934244702623,765.915831600544,853.963617747192,933.3649548592571,999.4504688266206,1062.2228458756904,1100.2052639476744,1128.3491059221033,1112.9565983610303,1087.294514116193,1039.9410433394387,965.9827490995906,891.448536775004,12.75431114850891,10.709313268176025,12.990113496724634,13.345638810297501,0.0,0.0,0.0,128.0,15.510278396357776,5.302488092483943,5.088548342496292,935.5928251307064,892.5321032235952,868.6261070762305,819.6915658002089,764.0153701129018,655.7468785706056,618.3220895959332,567.0689035559154,521.9890839528664,504.9729693388209,502.9949513268959,509.396078876589,525.8178765913008,565.7803937326493,582.2843546631954,608.3608115862961,611.0548060714766,622.4621571602797,629.8452490422991,599.8895142328907,589.0031098479035,567.5236652367862,550.3527614525175,525.4406740934628,532.5056250244172,517.7957319567233,15.642478594836023,526.3657063668326,543.0412434629746,544.8850345961339,545.8836456558633,553.2951099611297,445.5655107668966,417.17320727149536,415.7457129458186,385.2561756616685,363.05429361783393,327.04655466645363,322.6571187878695,298.41217047073854,284.55323593824625,294.7209295356528,324.5521669432337,361.18069097013074,364.96979429332293,382.63039034229774,398.0103262997524,408.6326465587936,425.5526966218704,408.44753064254655,388.3231976024721,371.65512402178445,350.11158392580455,10.375790961381572,5.262456667919254,6.61282269450156,9.062068965517238,9.285766928898008,9.869569655433883,9.196222874441046,2.2815325375830366,5.385164807134504,7.922591059874863,11.801493161597584,334.38330683023634,350.46757213862287,363.1923565775378,369.26471109220455,372.726177011737,347.93444707144715,341.0908890734,333.7485928650755,304.0343932166969,276.18029720344055,292.1371646520929,293.49536137277715,314.01996324770926,317.23685447039793,340.61990757473137,327.0085505652073,335.3628430815698,348.79020352934936,356.67822082119113,343.20658732581956,327.2842755138132,311.1146663901347,289.049482637625,270.67267581107836,253.8982925622626,245.52415392980072,12.092258131799104,252.68701926793878,254.83323004640417,256.17360270358404,270.86922219680355,263.4180078716276,253.81331444386112,246.39413987760847,230.70986349752653,223.42492408948425,195.25432784375278,167.7909171428044,144.9414885917565,131.51894477567723,124.7113429177404,130.63926380286796,135.3249123185221,139.1181266373177,156.1922457915047,172.8640989604241,185.04243393610693,189.134216805743,191.59888307122185,194.1863884047918,184.00440666653,175.56038545498,161.63901077620827,0.0,0.0,0.0,0.0,0.0
2025-06-01 18:44:21.063,0,0.0,0.0,0.0,0.0,0.0,0.0,152.102657413496,110.46409945310057,106.59520745711232,194.4447596601471,307.61397535436043,390.5196586934225,482.99319000477726,561.3157893280359,615.1647350726777,654.8923926332533,668.2426445707212,678.7702078876438,661.0698116647904,621.8095265318497,551.9006399755648,461.44802449079907,368.5999835633265,261.82265131154617,188.51847576933636,170.88374331855022,249.92124167832597,374.02777963659094,504.32154941286177,610.0388600205188,697.5574140773971,767.3905997261652,9.24762784121718,839.7372372770773,831.4816661730367,798.8278508124223,735.932126992366,649.7727722610491,552.2631829525521,456.62045062810506,347.1539537142321,325.3947571383165,313.3496312195478,398.83742141545235,536.2899592512692,658.8087767686716,775.9026924484159,913.476573121949,975.3416364002885,1008.1017621474439,1010.0479608182817,984.160800943209,943.4995204613726,845.1898045093401,766.1922863754239,646.2937231331966,565.5079401799488,549.9366484888167,545.9003272802267,18.375839292847658,7.19949133408293,6.831228232653426,8.941690676424125,7.778482442819202,13.586206896551722,9.103009765343737,15.245358442520514,5.108908669603549,7.420171866848389,13.598779997930215,774.0079882574101,663.0887135297381,551.008738753945,473.1786019063181,428.32806389177716,453.2102623412942,552.5248261830028,666.8281585522456,812.3324158405469,949.156979945961,1055.055225763981,1139.9305599754598,1198.3129508327665,1226.198445399101,1197.6661284244315,1168.455083647169,1077.0535367593477,979.7280598684167,866.4509757286551,760.0418438600933,671.2805900856991,763.4969471356007,770.6256981383083,839.9950627957614,965.3202556137774,1085.6638151715583,18.648692057266885,1296.9602945475276,1362.918792904798,1390.639356078274,1401.6822984834714,1343.3040508589268,1294.664613529754,1190.2845417510202,1101.1031769378665,988.866775376566,879.9522068975597,779.1246609129428,704.1476636520556,681.1088056290071,709.3542547612424,764.6048403919461,844.252400673921,923.7664722896251,989.622213132889,1052.0821011817466,1107.92317575904,1124.1888509187788,1123.8458937178675,1095.27090332756,1042.9073894211992,965.6367888570802,898.5868330902454,14.595585423600397,3.9354877997284596,7.5144519586261875,10.780547587392503,0.0,0.0,0.0,128.0,14.481277296632438,7.781990249031266,10.517527109879136,935.2122715294947,902.3097561081313,860.7483578258092,822.0273472203877,766.9701173329511,664.6640363344168,616.9288411168111,567.6847854659111,525.3596275687687,514.8814721270967,508.4829338274412,518.3872140471374,543.8566097415243,566.4884616561832,595.1307458144433,615.4836235709081,618.6250541040129,623.1447436426622,618.2363740311877,610.9374344945393,591.9484540601565,561.3273681862522,561.0340180908772,532.4843743606762,532.4627694507132,529.1796502325412,14.39010816858772,540.2211015453332,558.2633881052684,558.5022262141563,564.2912084428993,551.4421849244607,451.14378296214267,420.27689073322625,406.2047734962607,384.8324739644048,373.6504634588428,342.5680152971204,326.8506180627095,305.6017108891637,297.26676237145296,322.81579342338455,340.0498605761302,373.16330646850383,395.58591792703623,408.9745594617095,422.04095556775417,435.0931323620903,422.9954574552733,417.8099354385511,391.75482102750254,361.60368638599635,340.1566304575876,6.25961147850682,11.458450318099167,9.104989143648597,8.049182265414993,9.49622223222806,17.24821259549653,8.1984755819384,9.269767344542986,8.28914341259587,10.089839029278709,11.019498914269379,357.7806938703488,367.29097378140057,360.28939847906753,358.1900681744711,347.9021480582172,327.4737826303232,311.20507649155303,307.1404802632548,305.0483489772994,286.60366156140043,289.01513166811094,290.84113472371956,312.7990080625339,327.6601227388329,341.285289938729,330.5854151468183,351.93551890887863,340.1416755261015,354.63220673762595,336.13839526072115,325.8718130246253,299.714943225049,274.5955907703867,266.63471479976585,249.50762863759942,247.49986478068354,14.862673565678708,269.4265403409233,273.76479709700806,267.8433452268835,278.78105237547777,261.00549602184435,256.9361066652343,243.53653117092085,229.88171088954073,210.63518273605865,184.3517625731821,151.4077244854554,135.9550624554564,123.34587335184902,128.54174753086176,136.6676823973284,143.3292246363369,154.87919663993688,163.6206798788832,188.66756687913562,189.5927479317959,188.0595742503737,186.00839349501922,183.86242196954328,172.45286980989354,163.28220657032324,144.47678918676587,0.0,0.0,0.0,0.0,0.0
2025-06-01 18:44:21.064,0,0.0,0.0,0.0,0.0,0.0,0.0,192.71349689987827,99.71046827986245,57.89403821280214,138.67951799815313,250.50005310327293,343.00176195023465,444.9421469682703,518.2581850807778,584.0682515887305,640.1893676024285,670.1455847741472,682.8663260307098,667.170042725651,631.740573182808,595.1675703007107,514.0638706565093,406.2906250338716,297.24123584985,199.6973709768136,141.3634103142312,205.27857505695877,328.0462290551056,449.92309789026694,560.9531314714214,666.9830149672583,743.5485497208631,3.7801279663007925,831.0867500721133,832.0084630458995,812.2131168102687,751.9551982038784,676.5713350959055,587.8510227405949,485.4012715640273,373.97330915100434,311.4354002255532,271.6198226712662,364.4781062995033,472.83814715561664,639.021748129165,744.9440781812264,833.3508218488963,958.8846521470365,1014.8531727207491,1008.5832004883545,980.9180541927151,950.1484569164329,862.6519597667808,780.0890548566947,668.8811191881192,562.3282076595877,513.5588813521113,505.44096926118306,11.69490902741108,14.053842950972225,15.98516486642103,11.912920200009316,9.0555169892005,9.628347459010715,10.432578729508812,11.31643937530706,5.620826128332697,3.289806342080561,6.287811284865524,787.6521144289135,696.662170680823,570.1666274242037,461.49783500438554,407.3521537389535,414.5529202131449,500.40536396712884,625.1057149031112,763.4701825458142,898.7031418691575,1006.6567092961953,1102.296606236464,1160.1468413538928,1202.964821873829,1191.4369321709328,1161.583274529899,1077.8114749866395,985.481227505878,882.3956643406972,766.6276158656595,667.5080992484639,748.5222744788986,734.7938959785705,809.6556523534929,927.0841842119063,1041.0408726910896,22.04852446775391,1269.7482676463123,1333.3652350878413,1369.6854941952936,1373.965501430935,1337.7123864982307,1283.7392190692774,1191.5558268496404,1092.881390602438,989.2478335551942,877.1013304318429,778.4806105734885,692.6995977450403,671.8745414454902,693.8144720179774,752.2713001941204,824.0277848035427,899.0369719564573,959.2187974670551,1027.5451479964584,1074.0881615840426,1099.089455940393,1094.8254063897894,1067.9183899915447,1025.0574330125237,953.1737781934386,883.0226163609589,8.72243401107397,10.015927438491662,10.84352863229875,4.969664746036311,0.0,0.0,0.0,128.0,10.873330218800247,9.087108552255717,14.328257525794111,915.3624189795188,885.8388600738335,847.6829788472894,806.7645156933058,751.8471028219044,648.8737614763891,594.4080489920414,544.0602136283993,510.10395083329934,517.4624549164809,501.12700250867925,520.9795963371059,543.1942754364885,564.2049401758604,597.703303455427,603.574945922721,599.9832421012064,606.2400741752125,613.8295152207315,604.026169789323,595.7876888654442,559.1067287282275,540.4858561233123,531.9995418591225,546.2480733436832,528.9024927625104,9.940056438226048,544.4357853014061,553.4319926503975,563.6243754728861,560.3904458755791,572.866826501344,447.76311432633855,419.5484282677181,407.88107275287825,373.2764887383304,358.07955317531383,322.0365699515298,311.81562189624896,294.60050979305686,307.823173089125,326.52972418460064,351.9146565919299,381.6886568517586,410.38560680064086,413.0145902100038,430.5654773548135,434.435437621007,428.02272700515823,403.4045198636238,383.4477559166518,348.73279230103225,320.94625066902836,6.821151533768009,10.318146538829211,12.509257791182431,5.650559608594279,11.840746115502348,12.222327276060117,11.78006877171164,6.509747666322862,10.467012455410613,10.427383256836533,13.501864020145788,344.7782526803424,349.3610587550635,353.3484462480038,345.3742969150578,334.53939728238356,311.94480930988567,291.1111522476858,316.4810583970311,284.62972204015483,271.42316565206073,265.58877195829524,286.8642664475933,306.98425126634993,327.31172822779604,349.66350871535263,325.0437478243712,344.7245820369237,329.9717031232856,347.05375571703854,326.32485834297296,312.0590747353616,276.3900268994453,269.0712246652893,257.31414709017577,245.8816136068222,245.55141707499484,14.955788810708086,268.56345961736895,268.2140320775212,275.001377791245,280.94659958513427,256.7665956165146,247.80505757642013,235.94362958381055,223.07267206132153,197.49889669542029,164.89479389576155,152.77842411427682,132.8995005352819,123.68665684485912,132.0277249147781,131.67584375787322,152.50015037880215,149.2015098849125,167.36421379494348,192.37645160196044,188.9562435823921,188.75639464892092,180.08683741846235,178.14908560664122,169.29747517204765,156.89195001559654,124.21705794332358,0.0,0.0,0.0,0.0,0.0
2025-06-01 18:44:21.066,0,0.0,0.0,0.0,0.0,0.0,0.0,131.6886086843336,63.73607360052551,113.54309717813715,202.0701237508306,300.5353296032838,407.344089632531,491.1490069757916,564.5006888392797,622.5167688956205,649.525834299335,670.6990377999226,674.6314652069667,648.4411599535175,601.257016193376,541.6983291810606,460.8528507398782,355.26159548153026,244.16184069627823,156.3967257775919,169.17378540973056,264.08297742230934,388.2687957887565,498.60991984003056,613.4510839552966,708.1877576158585,776.3533081101903,3.1169081532345286,833.6887185110644,807.5093025861563,786.3400490666428,695.2924254693069,637.0985300859753,531.0259852127163,419.67790432167834,318.05911372281975,285.55834090571176,284.6622587410583,413.71746475541437,544.9409308072956,673.5652717233613,790.3696066044674,874.0723294227647,982.6437549218713,996.2444836566568,971.9233857317033,939.4798001493967,878.0570040404448,795.1207676585886,695.8809566070848,613.1303835328126,525.1205125869491,488.75688941536583,502.66201559503776,12.077001349818685,8.923619944742127,9.845755237899708,9.758059934291065,8.64568566877546,5.626653376006767,10.63014581273465,9.848857801796104,12.613693376904896,9.855074853906395,11.792598424232358,726.3349109290199,623.5682646943269,509.2850873401739,425.220418347516,375.01973733740874,411.73176340178713,522.3651900151622,639.5905584695009,762.0197637754798,884.0418167332614,1002.7242177215578,1087.2887305656634,1139.7517835837223,1164.9516698952,1155.1305519830437,1094.929608630088,1036.9585644157323,935.2976481325841,842.287687090801,728.722231102901,628.7753102357511,723.4873903272387,726.504446800582,806.0800489192152,928.7250844734593,1050.1859472945591,16.77113337763967,1262.7204573134572,1314.63424871814,1364.823530311816,1340.7906341802286,1333.7160380499588,1266.6142285852,1171.7967820321048,1072.0308349034215,970.4736389785584,851.8651813937679,777.5029706101616,702.4074724746083,681.7613927626998,706.0775748476344,767.3086802969125,840.1359940636379,903.9141070547973,980.5330739958121,1043.4358183230413,1067.6212456711432,1103.7807360567383,1078.3950712095207,1052.8509015529748,1027.010023860069,939.2476256400989,885.7958892900793,9.945436752583628,4.558056801241962,7.083185528302201,6.460725554705343,0.0,0.0,0.0,128.0,15.16193365116671,14.632603235998422,5.623420314580764,889.1223987055566,879.9816345231757,826.1973345339277,790.963451612221,715.9084536282033,631.4205559679477,603.2790903794961,540.3748215817184,507.7031709520142,482.15634300991996,491.6480441306611,511.1584618670032,518.3213628525015,544.0188693228487,587.6579144074807,594.922446192602,599.1218372845115,607.4027850415224,601.0254299896102,584.4539891444791,583.2546113262442,549.0474931060908,528.4414760705706,515.5782368967627,503.4234182804824,515.094982725651,8.954357994468003,514.9922953487674,535.9782731193271,537.5501250485328,541.406219797373,551.7392456505444,432.9376392948525,404.92796570295155,393.9334479461676,368.01959218913606,344.52839445135083,310.1711763052587,293.3545441611164,284.98189476093006,279.9587754204004,291.80869478282506,318.95417265259056,331.3408306898484,378.43814934032594,383.2668297821103,409.50922926498544,400.3511623413483,392.16272144945845,378.8106808809143,377.7731576474939,332.44998040816523,310.8226776380375,7.49431008628265,8.075550322888386,9.92483981563211,4.611923783007718,8.906834092892318,9.56019683364398,6.111114869122017,4.47213595499958,9.78336774384082,15.157635987184317,13.991779923753485,313.76855008617923,334.91590913989313,355.16885488832605,341.2517079051354,331.6578632138465,328.9916751881889,298.4727419369349,314.30714782092946,287.4197606682404,254.26948236479402,255.32365896288258,280.85701460792205,282.5188341200327,311.6852884112293,316.942966288443,295.5153989146454,332.2145358370814,322.01188582291707,333.7765271218743,323.2304787129151,312.56314022065766,292.931226021371,277.62386921859354,259.58746669718306,245.96212052084616,236.55099632154426,11.246584611894308,245.62150243001736,241.45273464187846,251.56218958660006,249.62483443641386,250.1182230174486,251.39765425279188,226.0825684828509,207.8841397339498,191.6452914592401,171.69569480694665,166.2667709482839,143.1230258217951,121.73894078334595,129.40443167727705,127.76169182095413,146.2301839404989,142.40222823127715,162.68025946919823,177.358843692448,183.5513267797862,184.87233054411175,181.80990413666677,179.00963092823972,172.1080459770115,163.60175810193059,137.9754908616807,0.0,0.0,0.0,0.0,0.0
2025-06-01 18:44:21.068,0,0.0,0.0,0.0,0.0,0.0,0.0,114.1045157009913,48.3424118681095,117.41418099696509,220.31654947831638,326.22624983760545,417.90556507959417,503.17341853905003,571.8243304347445,624.9893451099168,664.9558750633402,669.7800522951284,672.590080172629,640.1223786366846,586.0927556026708,524.9537913510134,431.1924391806233,335.18113357900495,221.2772936708096,146.43696760408147,178.08951368909436,296.13929710410343,417.40124066702157,532.2963357672686,629.2036183965348,718.7562621618432,781.4196517692336,14.389732946791824,827.6310081603423,794.097496616338,764.7839063917432,686.7251757883531,626.2982005312692,494.7857539168207,407.5582164097202,320.1004716251237,277.1848605224335,305.5438081888866,425.3655971938796,567.5490510849218,675.1680161743865,773.6874022917511,900.7149973229322,952.6549655924007,987.2185476648916,966.6974954988799,962.198800126284,847.6514005722125,777.779524286947,705.5239946963707,605.4702103830753,498.75307840119126,484.7869208928975,507.59572578069935,17.144475651479283,7.59744084269697,12.157831496060437,13.30162653980124,8.155284561516009,9.034482758620683,9.4919364431713,16.780285665219484,5.72093553813102,17.992370519745187,6.057814866632652,707.6924330959795,598.3457733304916,488.7657999658994,404.94475198221664,366.03025694433256,414.1657574988251,523.3693815932612,628.6004976134983,776.0823722132468,896.653184870406,995.5295039912346,1086.9717795628007,1126.1959440029727,1139.0487132687663,1129.0847179269197,1094.1495616744328,1017.6475396025055,935.5247868298607,823.9152982975805,715.9108944304267,632.555216124428,713.8650925928961,730.4010116453561,807.2864499426937,925.4397187232282,1043.788338316499,12.315171134338724,1255.3045531490075,1319.8621431246906,1351.8445351169007,1356.0682269423464,1315.7165588768555,1258.2705122936272,1155.5851765704763,1085.9978301671836,964.6718599334004,859.6467431949372,776.2861754006129,702.438496071978,685.2298884316124,706.8966090839281,770.3691523190208,835.9457639894795,915.0660675946375,985.5857085837001,1048.9228907516126,1088.8397096114654,1100.7970521983593,1085.9287679382164,1066.9226894019994,1008.000796495646,943.763084374569,888.7095006649346,4.36203588134371,4.040343517965135,10.484375890716972,12.261497175223983,0.0,0.0,0.0,128.0,7.248364657645606,14.524940012974072,14.105361309421394,891.517023950568,862.6973707830994,828.6100449062451,788.0757784577407,719.7991736143994,629.7327022716352,593.8306652111763,543.6765654403902,500.4409473422787,492.01035298803083,486.1380021061868,508.5774928378341,513.645688428607,540.7747931094009,571.4481614209922,587.7833650492785,593.2005084630085,602.8451603011572,607.0592098386949,584.2189694028324,577.1717564792572,539.519506290182,531.5789551431087,514.3582764352954,494.52821758944646,504.850011379848,8.254034071853642,508.11454505535784,534.1699436831817,530.9769474710928,536.7432565894376,524.5562601832114,426.55139791798644,390.26785720106903,384.80485521704304,363.83723162821497,347.0357257858557,324.35418597507646,296.63160262254314,279.77994676930234,266.4047845536003,276.1695803243508,306.5515925826159,326.5360388153312,359.52306629601605,356.0866081321463,387.2523227927951,381.3190727158819,384.286765096205,389.46320253786195,363.0628507669862,323.94764739277616,303.719382452348,9.539597565270268,3.3124616847783637,4.954755955034327,8.3028035051259,8.354930425595164,7.640348070042474,9.024948439296583,4.898067632689573,11.031976350483689,26.65201285365579,17.23615426143164,321.74155050184163,323.59738037141284,337.7187230120054,344.86809803947835,341.9808101794356,309.15679022874093,311.63754778406263,299.57555684267726,291.07983047886876,268.78757657285985,269.6145525616462,247.72401278768484,271.28044146844906,303.6303648089895,312.42127139433603,298.12513065157174,320.4889467957175,332.07494748214685,308.97111055338513,323.52481719346105,316.4094280231699,304.78576511180694,271.83124600099023,263.3207880664172,255.05824965553936,240.54955668305868,3.601914785845776,238.54849046741114,245.4311782509362,244.0451427699744,249.97303822990625,246.04003920814745,237.02618246143635,220.70965309216578,206.30732800948465,191.67310466958088,176.28966587310535,153.36343943523565,143.08515496995236,128.88374744001783,129.57944086349752,132.6370913604406,142.397763155739,153.011711894464,158.44320177540288,169.52723726666807,178.84940196652522,185.31287073944125,183.82983786616373,189.35969157170163,168.16828377494105,158.34836659583985,146.5457407530767,0.0,0.0,0.0,0.0,0.0
2025-06-01 18:44:21.070,0,0.0,0.0,0.0,0.0,0.0,0.0,64.21191660791598,102.95226311930233,197.89943145106338,301.8668725037303,400.9526531457578,480.38383549237756,559.2312968384716,610.5075369853456,646.1426628315953,668.2217093706572,668.2462767125177,648.9300422430346,603.150281968008,545.0856452500753,462.9726050277788,378.09626603902507,266.45189391952607,167.89307805675284,157.74437695446704,243.53856482159875,364.5099238403762,481.1245194146238,597.2804127578628,699.3135742913104,759.3541818424654,807.2768061967873,6.953815988831906,830.4497379560157,782.7476167724896,737.1694248322757,663.6620946317183,574.3932024227391,454.2506096330363,373.00652703806935,302.16052923267756,276.11210994556944,347.0738127916849,531.9798601888722,626.6067984320782,750.2981777325842,856.5264448121079,932.406829426272,1005.5395618866853,1002.2987701418424,979.1264910139548,974.1545690959568,825.5008714453973,768.5487533235714,682.2618235580197,589.5649755213539,510.87028540443146,530.1442891244443,572.5784110221415,4.8135619462060735,4.824940085289178,11.97188256564348,6.520839759753155,9.030653982951284,6.138390781142437,8.251148222640154,14.267343600161889,1.4252738863401002,9.704601192173111,12.054427045054148,684.9170390359327,573.6263380803058,482.8775773804321,415.87662729388313,408.73410896827545,459.90405125294393,567.9035371416095,696.5439314171927,843.3285901501154,949.3034081252725,1030.0837799374985,1122.7668594782813,1154.8796472725087,1159.7858761295076,1148.6102160670673,1106.0707620098267,1025.3559261348366,927.618925662179,830.4019310656312,714.1861208607294,642.8032605446838,744.0456382149667,762.7782720423521,857.3081571619016,966.3169395822454,1097.4180239516893,5.360561244565341,1280.1306380946548,1341.604180974937,1370.061977210675,1371.4386432773083,1333.6145010553728,1269.5577662914511,1170.177290995806,1089.5544878916314,989.4509413735475,879.2867631934623,793.9180855757224,726.5409564879931,703.6052940980842,723.6507543099488,775.3496315661303,838.3125241801506,923.5888936244774,991.0545776929172,1044.255987671461,1075.3045379789262,1091.9982182114313,1081.6394176855333,1063.2729150443624,1020.8385595691608,954.0199329346974,897.8107200538699,6.074953005256894,4.47213595499958,6.0943303302553895,11.551381669866323,0.0,0.0,0.0,128.0,16.44846247353118,13.689716998769194,8.82790086737739,897.1143422381399,885.5265752634158,828.9828888321417,793.6924580863221,738.385064516211,655.7301323156588,628.2688789177752,571.2561302079783,530.4389317270865,511.24613003302323,489.4521360915061,507.7819350549891,529.0889661970623,536.6287007707148,561.0011745344059,579.569166412734,601.3606569644544,610.365385917414,603.4572530381222,592.312694759404,580.9647141819842,564.074771650719,556.7751293129796,548.1678768411742,532.9079635263129,531.834783798935,16.284713219789847,542.6092091456921,541.0934864040411,536.6562365050349,541.7332099258475,519.8595523318517,420.46590853171205,394.03258755147425,401.8507871048675,385.2756726598783,369.162760402154,332.8177497598296,306.870501116442,295.9348430631974,302.2320786567987,315.597501361145,327.6083285194931,347.1257649043242,366.994500109758,392.5119591960024,388.19629258796965,396.2963020445274,413.5384698897272,391.0523944941613,370.4993373670886,348.3127326903319,325.5448423226537,9.526365820847365,9.720470219430116,9.895428529324509,10.97190241401896,7.476816039698959,9.544800646243417,6.398059121253799,14.742913516464222,17.7377907163865,8.294740122629264,11.310277477677511,328.4597656882617,338.684003028727,341.0762974749346,369.30163697935745,365.37531591654493,329.48641862775764,342.690449225514,307.23249168875583,299.5097791181207,285.28478765169365,299.30122036230387,264.2817406179165,291.4046204438256,325.95292070257415,334.7560464275756,316.73294336324335,316.60850636373044,318.89397379543806,331.62545362473105,322.78101196644644,322.1041459787805,314.4446468973009,278.4118584547642,275.4701018371112,266.50944613270144,250.00432898341475,4.06863790257436,234.76614658974853,252.1625203466331,251.49507368825326,260.5871804714646,246.37794756842558,240.88222046368153,230.36953002962434,216.29938353862815,211.53994545001862,187.65235154837424,165.03271649978058,141.62119174517898,123.00573866084717,121.78413463308038,116.57280444512611,127.7351141172131,152.10149425472076,149.90906374420348,171.9210606788322,166.07360576758504,186.02518416989673,186.42791947444007,193.39499545324813,189.67267906292923,179.34849720464933,161.4512287903486,0.0,0.0,0.0,0.0,0.0
2025-06-01 18:44:21.071,0,0.0,0.0,0.0,0.0,0.0,0.0,207.11967344321653,128.90028471019343,85.28674377992618,153.85315936543822,272.0686557225904,363.1055648336257,452.9168174877925,537.8088852492796,615.6576948477151,651.5888234599047,697.1209891953599,698.5436879728198,696.5676995351288,659.0332666843772,606.2827515676884,536.7155845993024,426.2008515407373,305.4589886264667,214.07172452497963,172.102470121644,235.94108202293032,361.70154445108267,474.2840614457619,597.3656132906615,701.7351365130385,764.5159414589739,3.7914777720687898,855.5015559254612,843.0892619679338,816.2164621284777,760.8070037400677,688.1647124451883,598.1852989623756,484.3221197638464,394.38276018985835,312.398672695057,329.5775059530969,464.8920136651618,542.5924998246202,696.180273711429,780.9536449896603,903.214250204333,955.562195820123,1005.8815841333561,999.5903489061316,1024.2630428329833,947.0811419367019,882.5289353650577,805.2289350495811,669.6976246079292,587.5927150423231,542.7136595418625,553.695595942819,6.4264011672833865,13.594542286205762,11.960626654762617,8.888588583104456,10.06757308453321,14.826333157571018,9.251084680888864,4.393816539609823,10.014853684192534,6.24136662345422,15.680196067831394,784.5869188193423,672.9602279991879,567.2010316012482,474.41398692250044,431.1771189315506,440.72833735151613,539.7462251047589,655.7242760092671,788.732837080767,918.377889949575,1027.9175443310673,1109.9801526500005,1176.7710194151182,1204.3962615247444,1198.8949764351435,1161.0975055808408,1081.3190028168544,989.4406373330488,887.6550940882146,768.8240676528555,671.3862820339663,788.5157705777694,773.7079336893913,838.2753633004982,942.5909857365009,1070.3378586762294,17.10739083468612,1283.4548426565048,1344.7191228557112,1378.286519736886,1397.0738398411606,1353.2535233599085,1305.8902403517027,1200.0089515292134,1127.2898591165815,1017.385354016071,914.3086276457728,802.6279430954244,728.6667297208451,704.339087383257,723.8737423317617,787.8768262764786,856.0519577031092,912.4111565358164,992.7411053966049,1058.417990537641,1097.0999542681855,1101.5134403701416,1101.9393410601006,1081.4008529461298,1027.3528083923047,968.60274434047,904.1552399213045,13.92328405225644,9.930570459699753,19.851151138354844,16.24951350213608,0.0,0.0,0.0,128.0,18.980330137350975,15.014202784662167,14.508447423475609,923.1081501688683,899.5250721246684,865.7480432186433,807.9471380533341,753.3817846609309,666.699821247558,623.485567026587,574.3661475520964,539.4567703372168,510.42769107985447,520.364842869889,528.3181789826583,547.3843916331226,583.3833085177532,586.3359842362419,633.9430608812341,635.4568837501286,645.7025491306903,624.9194455841971,607.9861765161775,610.2220316603126,581.0633753452994,578.7863192151644,553.6863131890028,526.2522975474619,519.0594662727939,5.125779814812365,529.454430652174,526.2740016123807,532.4848693460368,558.9310461756916,527.0691591472505,423.830188524409,396.0051901389041,407.71814976796094,382.7518610440379,351.6869579435058,337.53570072589497,321.20441296654786,304.28905760685336,304.7191258944114,329.19208954797233,344.6180366372016,356.88380134334744,377.0223374256612,401.2692961432806,405.869065017897,411.27701130884066,411.01037874983336,399.86405877054443,359.0983898857759,348.24557424664016,311.8088764822504,4.382675256343002,17.305894563775233,12.435277357542018,7.6367532368147115,16.880566435831785,14.217259581009374,7.523130285718086,14.627887185118603,14.938600382974206,9.778478462652604,13.121274440904052,332.0041522696984,341.2249817828474,345.52222322495874,342.27764082178044,343.13318820179916,346.2620109691849,343.05024804105483,310.0424297315267,305.40467481829734,300.05243597801206,293.70173493923295,287.7694219459248,293.393055721462,327.4919082611423,352.55669507888285,324.57262879280785,337.17804705782385,335.3531799271582,341.74183957279456,322.6814724144993,324.3143179432672,303.44846571467986,274.85538191386837,275.378912818851,268.3592119278756,267.58749199057957,2.329618127333276,264.71768887939726,269.7869335593134,268.455272810279,254.15025980649412,247.26273133296135,249.715791306296,224.49392194910186,212.3303920785352,194.04628832686723,180.3268664180446,156.10074277083123,140.228474773554,134.5524767722555,147.08821675817404,152.9379687841039,157.61554597385094,176.95780366984843,181.15460010639794,192.80729233264375,189.59279531740427,192.35102156921639,188.11955919881825,180.18658602710246,172.0402548106912,155.60396708774215,131.6560515423748,0.0,0.0,0.0,0.0,0.0
2025-06-01 18:44:21.074,0,0.0,0.0,0.0,0.0,0.0,0.0,140.13085079689893,65.73587147328855,106.46649292696958,198.84957181096271,310.12166094094295,401.47461496778953,485.8098474643056,551.9419336612732,612.4935275152498,652.956248551845,687.8157863065604,668.4320064178931,648.2456395990959,606.7543656789118,537.4566852157774,444.99738772027575,347.3660197318784,255.88187736064884,155.806300555432,169.32299073908732,266.0968603139232,400.77909449209193,499.6940408760929,616.5939859179989,705.066882459485,768.6860285883267,10.595250494902322,834.5491084746718,812.6314034055895,777.7265659147151,711.3608970846221,630.9571652748543,532.6917147965729,422.62124747513434,338.95692875776376,298.36103282476324,291.43870965614116,435.49404276813857,523.1034189824529,676.7953970760288,800.4175711685862,878.7578345111582,918.968755124498,933.7137247666637,975.4185817616411,953.0772885747374,856.2379748801297,808.084694439426,721.3637072005009,609.9885347457531,524.9734705138535,498.45225476380585,513.4302716880101,0.7314897736412718,12.788929495682837,5.724137931034498,16.638999243186632,8.2832006392179,6.512094716337826,6.203679057315443,3.5429080400711612,13.207995422170388,21.08486327402386,13.4474692202453,707.9321778467831,622.0693501934174,498.3414085281872,407.78936608008945,384.53460056156655,416.1421313249282,517.1767967486471,640.5437029073668,763.3766099051996,891.474730596401,1000.0854171754332,1078.4299700409208,1136.9972568093906,1154.7414020558901,1137.0983988014314,1111.830236370115,1035.9438048613927,943.668553158828,841.3762247009772,726.4665473183156,644.2580863548787,728.3589886624014,730.3662662790433,815.1313641968834,902.1206508659809,1043.3703667265368,11.50685209154241,1253.3293551342797,1309.823644021749,1345.9055764932582,1358.0769291830152,1320.5504525855429,1276.9477153876257,1183.6739613585491,1085.4986827953446,980.327538571008,876.4891211253852,795.9486861756312,699.8396742664984,683.9164514529372,689.1748126392755,759.827231470854,824.1117546815036,903.1892808588552,979.4431584921746,1048.68409212308,1077.770179946418,1082.6693717433443,1078.3908102607563,1053.1913314752546,1006.9870731802508,967.6010339114243,875.7468286573167,7.008679824926656,11.947247729526408,10.795361667471392,6.589739451147485,0.0,0.0,0.0,128.0,8.43336410673964,8.102672267464738,6.443992518653024,901.0716574814511,876.5249416247175,843.4434018143994,785.8184100167847,729.4461121916445,638.764546341285,610.260079632609,549.2773183913403,496.5033105893939,487.11290330975294,496.15706648772795,518.3847381559107,508.61317621461603,545.5293560103779,584.290023226493,588.9494009959692,617.1608773165109,613.5692818706432,605.4995762618742,578.6654918419218,582.6023206515836,552.3828385565563,551.3724437655189,530.6636177674613,492.0304564772384,494.46712018739527,1.2236838958794922,518.4853599876469,527.9537062487029,526.0769545735228,541.778878871219,540.6941402770394,421.1334362652335,395.8552836035353,395.9759610505088,357.10409814322543,339.4621824996216,325.61097989261134,296.5413859409525,278.5270130041681,271.85856522722804,300.76183674358634,309.3738809494627,330.8052997874796,368.9871275089597,378.46969874197504,406.6995348837657,389.92725609393136,388.04484664211685,382.0442152791924,382.3955685839315,335.88718839518054,312.97995088276633,10.275725526664147,8.227331926937484,13.860252824897257,5.803152204220635,11.92281090782864,4.770432393242068,3.49761203543863,13.13632631689066,12.570886275448506,10.45994505758201,2.303600397455419,315.66612964058044,317.63246806597385,331.0868414873426,337.5851822662994,349.35355615554687,312.592349859148,308.4942804098175,290.38747280392846,280.94379064196346,287.609792138,261.8947907967373,291.7018067264231,274.8403961272876,299.5067254536803,314.99027604965687,304.1724111089282,332.9571312312329,328.07820793924424,333.3226371721347,315.2829230020869,310.23177203324843,289.46705710542636,264.4006397600587,262.66284574395246,253.65345068016504,241.72987090964702,1.1034482758620712,241.24562793097923,247.8605733470131,252.40810690162246,244.92877254748356,246.64593112525807,251.75372543919494,220.82141395597796,212.75185500448356,189.89047931780553,173.19455561779526,167.8569408508191,142.14987763967517,138.2144580054607,142.42567430621915,131.92781066513507,143.43882900921076,157.44347691270966,160.94237376032294,173.59637376272593,178.76215848376884,185.09007432594672,193.90498803180947,179.41737385501193,179.27326479055913,156.40988703875203,147.83817541882007,0.0,0.0,0.0,0.0,0.0
2025-06-01 18:44:21.086,0,0.0,0.0,0.0,0.0,0.0,0.0,135.82174037645262,63.60086153437092,118.11421297846005,225.08599176527687,336.85470035436236,420.4207345050668,523.4309772873818,585.7428141743501,641.2011242742338,673.4948780149456,688.0161973530021,684.6573922459168,659.7958182651124,615.0917838573146,532.4495574623688,451.776871438316,355.8308146398525,242.10887844315127,165.8856013109631,181.148662936889,279.288507000435,412.17319900244496,542.1140983090672,641.2787776847628,729.8016208593073,803.3031554953862,7.894282063666394,856.5215824377183,817.881187954624,782.5167112174232,697.9560825067986,625.0332043866063,528.8687881338545,412.47733057465314,338.8686031736507,315.608343546961,291.8784304334437,468.0724066581257,567.9938068904797,710.1590184655834,790.671938000955,923.9299885016214,995.8121704262632,1020.5850475949043,1044.8367948097416,975.345429992416,933.5482671182205,817.8713299582864,725.9440073603787,643.7242962655215,560.2024853873145,507.3783063615781,550.2270960855137,19.630843449351897,8.39091660533529,9.539072320585053,11.305672336382305,4.412882333493041,4.326688438476728,9.168930705411169,3.605551275463989,13.066211931662748,8.359742320682384,13.011251232218182,746.8720240693541,633.454782135303,510.90780819870764,438.1032813390318,392.26464475138937,432.3263577046793,550.3817002344717,686.9172261822742,804.3151706747262,954.3241540948845,1053.9795423324254,1134.3416660552828,1185.9855941204396,1209.014013487208,1191.8324006277885,1154.1332283283139,1078.7884076480702,966.1092902050694,869.3635316282464,768.5726183409828,670.2205257368523,767.107162578259,769.3673530110361,847.4231607310076,974.6897063587677,1092.0155705766203,5.771002490305096,1309.8129749257084,1372.8931704075285,1399.2786196678242,1409.504540920593,1384.801724478467,1325.7899445006135,1201.40553627135,1121.308199813564,998.7870906143469,889.1726917783727,800.3469076334326,720.1313380309238,703.1578348431408,727.9338259734078,769.8920101544069,848.6331526054179,936.33274699719,1005.3560362166105,1072.1993117169072,1090.6444597705356,1105.7491274920544,1104.021076375651,1090.3721658331126,1047.6013190963788,979.2822696996793,905.6791281986659,7.5029999140981545,10.199442175785624,13.127335689587712,9.520494179200302,0.0,0.0,0.0,1076.6712643678147,10.888350014463835,5.167732221740179,20.861807479726956,928.4847673547298,900.6369817333378,877.5703394185819,833.5173039365538,747.9856283904911,643.4879027057422,635.5260001511123,564.4721349886489,529.0179091343794,524.7999473158713,515.6339172125736,521.7788762390477,557.0942835116384,578.5609513041569,602.1986222836118,625.016304811792,619.7403090254578,640.6048567941153,632.0012260651005,635.6003638506735,616.8286669472982,588.7523246539142,551.3174423146783,550.6455723510333,552.2900114039624,532.5844625046328,22.094714126776516,532.2759143448868,555.2210611816192,547.3640025090797,548.1205802035748,555.3949552986942,445.77255299077854,392.277794238948,412.73357123853043,368.2725112235748,367.2545321542178,316.84850575290073,313.12197364887527,289.38720457485425,300.61368280636395,285.55303855763736,317.02336548373495,356.4279373433883,376.3526206308895,378.32989133453856,403.71684552861205,393.0523185985705,394.5794697454562,386.92544029026266,379.0346753977035,363.82818976314184,324.33761403203056,17.488394373678133,10.368328580486798,10.568135509925893,7.471668730222782,11.055290497302142,3.9709830823329826,8.762014750089726,16.94910029921315,14.682399644203798,19.412203132590506,7.989042550259679,320.3900873072681,338.29845110978704,346.53626100260664,345.72496699351706,360.72276169676985,320.6399257065107,312.9985255527443,322.0863436432941,289.06943019394527,275.0230730575793,294.1162849809731,278.9734545335366,277.1542801209425,314.8343914046534,327.5368969103589,317.24162236439867,326.51830704937703,353.3860138047212,334.22742405428113,327.8421430399349,307.0668366300862,290.9314639888259,277.7394760774555,260.95356620707787,240.2397714390669,238.91582164909016,14.925474656041827,246.79273139225072,242.84432168921342,252.492249732852,254.59070950497835,252.01504715930625,243.65360923533422,220.95553189569802,209.8603590306756,183.70182599788663,173.09729684751719,148.2204597250924,142.9294906043455,122.04661562577057,122.57801929734809,128.42006376966043,151.20722593480664,148.2356805028413,154.0072955130133,186.85438511174036,191.6756662238347,187.0149711351984,180.23709937842347,176.69360736102212,170.21825082790045,160.12944056440048,143.85929968219762,0.0,0.0,0.0,0.0,0.0
2025-06-01 18:44:21.090,0,0.0,0.0,0.0,0.0,0.0,0.0,56.2675031561066,131.13644040344428,239.3881499526724,340.4456038351735,426.3737335924233,509.4393474226257,574.5846357882441,625.3015225147394,662.806819231928,686.7462955804225,671.1734009117115,655.0699182127155,615.8859331678304,537.6431333311442,461.0209230280084,362.760427578756,250.02950521379663,149.03790196150095,153.82742874461317,239.92574111814426,373.8664846743128,500.0372261374081,602.7303536866804,702.1057787962296,775.2692983893304,822.4758619476594,10.316936084409662,826.7132240548235,807.293196670113,735.6284223916781,671.814818729844,555.9902092488427,464.21164301860586,344.02903710279895,280.20096391570667,299.03085914165086,354.277997013474,535.4488374523996,672.4303162798329,756.3323422134445,851.1132729930209,942.6902937515013,1012.9697311492804,1010.5936775691257,961.565638768727,953.919674701457,870.9840522050749,782.2263016989738,681.4858672866146,586.3525341419262,541.7358885186584,519.4258752050247,593.5677993448046,14.84977979261912,12.181192455146004,14.12483670372088,14.164896517297493,8.4066811907505,5.335261454766022,1.3683807850783385,10.84948705157098,8.03860587718361,13.63498959029017,13.887837984617455,675.0381152220397,574.0754613443339,473.2933435032574,412.45980591605036,436.2768042702499,511.23682996286834,607.7725888872326,742.4205283466006,890.3104188753958,978.2969194648886,1088.682078154968,1142.0433181207538,1193.3196142615684,1193.892373587482,1161.9082121109402,1100.9585296311336,1012.6120352373426,915.7088509411435,804.549608547921,703.7309380479924,638.8957846114116,756.9223097546325,794.7697486548478,896.5070798894482,1036.2931101043393,1143.6080747675571,16.151581594957104,1334.4812366628512,1383.5602644831097,1382.7983496753166,1389.5845414801877,1313.5405721118143,1245.7004012992938,1137.363731490921,1039.895665355376,941.5943911739929,835.0661646531676,738.3615285841096,686.7530155085174,690.9549775178942,714.9522389147053,781.6604386560676,869.3332122507203,933.0291986793849,998.704426655154,1061.6877531415707,1097.7679445396327,1094.2609034586549,1101.4157248744445,1064.8510285647,998.0789369173393,952.2770278334989,876.5390768668661,11.84828283629657,8.149073241594238,6.634314397000159,11.333926589992044,0.0,0.0,0.0,172.72643678160966,14.865006324748526,7.180518882622287,6.781960761510755,936.5395817858371,899.1010400325323,842.9082442571238,790.1304417101263,750.8569940903043,668.3258789576596,604.913159048456,542.5083650740447,525.9864278519893,492.4797743540964,492.5210804956504,520.1333376914076,543.3800053405034,578.0562093361207,586.2855698720916,622.7677603427145,628.4062313447685,632.1220228725008,612.1999049594561,596.6578623602995,607.4906920482052,571.6591046525975,544.891061106582,533.6804992996005,506.573866074377,505.26512862583894,24.560625078968314,516.1629099604922,528.9412513503681,525.8597667926285,546.1207288034977,536.3048905925012,441.4177676761916,415.2319179826029,413.61707209710073,398.359023870319,361.1227108970604,326.16982658137084,309.89123391664685,288.3246279146858,263.6458123652874,285.09048567583176,302.77518632855873,321.93724236823755,348.35679998584783,358.95809136429534,393.4888609159146,394.3438206526395,387.91676361287995,402.3415071271128,390.7575051931187,369.56047617212903,343.14144998638784,9.393103448275866,9.124167788292239,15.04731352190306,9.895861354049227,6.0587076955912735,2.0873563218390814,13.722714639073924,11.44600516489787,4.5923384976,11.17890745675488,1.7256296853063038,312.64845672089444,324.021540515718,375.1348712693844,366.5611302472341,360.96360370958877,353.6638638276197,353.9749057366222,341.7914821796093,348.36727744307075,311.41940516756057,290.9327542528271,301.3547258937165,301.7727786357603,321.8239490002472,341.4402522864388,318.56299053688394,340.95191253080077,354.3755989599383,341.46311314012564,316.8541549632246,325.1809676958148,310.8106034982475,292.6184754692968,261.5368535511722,253.45056875338963,262.30390269732754,8.926805706633289,250.55701296538484,258.73681934275504,264.7913375534782,258.0378658141179,257.3939776519169,266.89743053059783,241.04669608971773,220.99561772438915,220.0323742098278,190.07722318829454,181.8014537844827,148.68535375474036,150.13391072040653,122.51125634049578,122.36529869266963,137.361664691697,152.6724356047995,156.416127354095,168.4281106236306,182.5678835306856,190.20394277794813,192.63800822983333,195.77512262589948,183.92539867626786,180.12302928016229,153.0028882345451,0.0,0.0,0.0,0.0,0.0
2025-06-01 18:44:21.097,0,0.0,0.0,0.0,0.0,0.0,0.0,188.61297670694495,88.23849894865904,61.597586953992476,146.9627345466723,258.9998778314955,367.5877175928887,452.5591881147387,532.3835229923235,608.1522594150877,653.1820167388985,679.7986607081991,693.7736742800392,662.1422755960203,638.9398532960614,579.1784542185713,522.3001439974412,406.14238963012644,314.36348234728155,185.4231117060471,143.99012246399622,199.5287933200432,321.2846558732835,459.65455112322627,564.5363079869,679.1232594747682,751.177059271516,3.699823761442584,839.989236945607,853.6280218733835,808.4356261136021,768.8587744797719,684.8097421125732,607.1569706634757,487.651608130328,379.58654448158325,322.72513664420575,286.9205042638867,397.4507921465132,514.1723263048716,643.7395328774521,772.6418264735848,835.644010512458,990.973416449487,976.2255783217167,998.64473597083,991.5869321114398,938.7711972435737,886.9933349566007,775.6283431318321,667.842423607698,579.6709018154378,527.130669556583,531.6021657023165,6.515635900069125,6.407931341805967,5.508373858943386,5.1285216698383245,3.6744722960375036,6.311598209809828,6.01265546091478,18.99566788782493,16.988870450103427,3.3107757376444926,4.602567021512499,775.2310545103207,676.3769014115439,568.035424981761,468.2398786177242,442.8641934574018,431.9632489628458,530.0398122573199,653.6011311538821,787.6739714617185,937.558296070626,1027.0825457838746,1134.9222035146026,1170.4314636459744,1200.9156774747737,1178.4590824775494,1163.9334172121808,1061.9806307625518,976.8438868061651,872.8731278010791,756.6231558151187,676.6243553700295,766.22517524892,764.2891002742663,846.8942784264862,967.2362535727863,1071.4364148354011,9.53342024716058,1297.5310459853265,1367.0099210509843,1375.2377616326926,1376.2698340317997,1330.117605260527,1274.1996808265594,1178.2873218397365,1078.9829408024277,962.58204654989,860.6766203502124,749.1009346042523,680.2014533142558,674.2411916009537,692.7635896687821,780.1775576792062,824.1484374316117,920.5215744066344,992.9792600006109,1047.8124470509783,1090.1398060541774,1114.7496568647575,1099.9882070170838,1077.1091241407032,1022.7969046974557,942.427697677685,859.0812431492033,5.0971254424661225,10.16857997506298,14.446624406723434,3.275925613145274,0.0,0.0,0.0,128.0,12.082859431200314,9.86336548768295,5.014934655590324,927.111196463827,886.4009814623527,880.5812938639754,804.8997943799188,756.1541360443018,637.9417826056078,594.0908937439119,544.0743542209385,516.5628529273122,503.9928440558385,501.14679286540445,509.13193658308575,553.4130287399925,591.989492582489,600.9928089620994,632.2443051869622,616.1266840020058,641.3527832952701,618.4651394239103,610.4476734836127,613.675920433767,573.215669274301,526.4644212525267,527.232819159143,516.8776005782133,483.9815815493825,21.306311709980047,509.9774230765196,537.4289548810073,541.1273242447573,538.3449042920975,534.618057717336,440.18139037269964,412.2243482440666,404.7871965156651,382.6206336821365,351.3084770415384,321.1021236979325,296.283525224643,283.0877586198073,272.32536351421544,291.9201946631583,311.8947953641853,349.41078899254757,350.7754544225933,383.7205888178807,410.4268959863959,418.6616154039431,413.6522562998806,409.32601754030077,405.6480419734337,376.86813998828944,318.3038022706882,8.945040573309516,12.12262657890734,9.031445228791931,8.088985227632369,8.031481115837117,17.05215682574744,14.31244957657163,11.311868931929782,5.8073953945800865,4.2147914737370105,8.94998966812685,332.00401224869023,344.231349661623,347.52457197815716,342.49708694189206,356.6797968424011,335.66599628873485,335.998774349289,315.89953297843226,313.2708837499791,256.6510849141043,305.43365717404987,311.89951852449735,308.02703978084253,325.60687866768234,362.5053473473177,347.7597737837788,340.0950091706258,340.2512391690919,325.04941699051994,318.535884352063,321.1444182052204,283.4395321057785,303.4832319555918,269.42667922024316,242.55164693399453,253.47220902721273,9.831664249592604,265.12257394735593,270.42032230914987,272.6992699848836,273.0390000283648,255.39169283512928,256.20003179358497,219.629476271367,214.98892711128704,196.50807781614043,172.17971837068632,155.26458558002975,133.63084282617945,124.34716302096243,136.4262085773255,146.55239047136033,159.8294660742981,163.53688797272196,168.0795170697274,182.51695141345124,198.80652352863598,191.92828902860356,176.7108653327754,182.67838192278677,170.30561329835044,151.64907285423152,126.18270490278286,0.0,0.0,0.0,0.0,0.0
2025-06-01 18:44:21.097,0,0.0,0.0,0.0,0.0,0.0,0.0,203.67264715227049,103.63225316070805,60.975226734888246,135.7206623020016,237.86720212873436,338.1135789049872,432.1268654933386,511.56698198715407,595.6078401479423,627.6746005020459,670.79009268776,679.185918253693,657.475725357666,626.1821128677157,585.2286895984055,510.4781888620738,404.25119309953834,312.1607565231777,194.15646579847788,148.73118127881747,216.52850316433214,335.0403130385759,447.9814740396364,576.99135014167,663.5041170857531,737.5837229185008,5.3789667527668215,828.4032300858158,815.7851526973766,786.1877123816032,754.1084470347877,660.655029991681,567.6178125509065,468.8368597896024,388.86872006863365,318.8462860248976,299.20255799828243,397.2427889024564,533.5705090902663,658.223814824431,749.7390204115753,861.8639571037944,926.3847540401034,976.6028131640544,1010.8221006512786,981.5581938729467,917.0234388206114,840.3146650418664,763.8869501344669,664.6101239692035,530.8238212629284,482.56063297142657,494.9744659005575,6.428821088784506,1.1855396519609154,11.554700740201318,8.82309855727873,22.216748962653067,9.463908781366179,13.368885733550995,7.101211326088319,10.036513970208714,9.977508682458156,8.00780912556246,765.1259128089313,650.3341991855215,544.2828513023971,454.1906377840336,398.7916397748886,400.0867628655227,483.519819664621,598.7426677732672,730.676948881451,868.415998170213,964.2806445563622,1058.13129712205,1109.567665962336,1147.51026418192,1162.7017660017902,1121.3916604684607,1037.696599936625,968.3333086020554,857.4821295273141,734.5738373414808,662.0036934915096,735.824226989088,716.0290862974108,783.136608311293,885.2851079976303,1005.625862793027,11.870579252091284,1231.7973783029413,1309.244461414255,1334.9475184150995,1353.7234905550024,1321.1666708196399,1290.1254918432744,1180.4941303286696,1107.54792835731,995.5634084438184,891.7310847146831,787.4834358106982,704.5061283789416,685.0061069846929,692.7156017772489,749.3258707962029,791.1018045288946,873.9822632175801,946.6447361988854,1016.6929115103686,1052.544656061398,1076.1229406817852,1072.1019185851721,1059.8753198825614,1010.3798012399945,929.2886219074582,871.2800376790275,7.231231074533092,5.8658561172271035,17.614808510314873,5.859673155712269,0.0,0.0,0.0,128.0,9.155825859559231,7.344876125680459,12.036106816815163,884.0014514104338,852.6556778630523,834.1936539875927,776.8153265251725,717.3244179576276,627.15604895449,578.2262493713242,544.8515230407945,498.3712330552707,480.3518342600506,470.994355744151,476.0720834748598,507.08353946728704,532.5306259408513,567.5187692222227,583.8755035075515,573.9572805473429,598.1247809635016,595.3268691345355,573.6708836795442,589.9677643916156,560.2804905194421,524.8578503736898,523.90648876108,507.82951927761883,487.514161666506,7.153707845490948,508.53851713060186,513.7950545582119,515.732126339479,520.8569375728412,506.34077070721537,411.234334916248,386.1894700584215,378.12302406901574,354.54014177624407,326.69203336920555,306.4647635200502,283.01679899440944,285.84116846045833,283.70086972010614,306.06790181058346,327.2484478451157,330.61452572623375,363.26868816456596,385.1781802162623,396.5944846072608,403.42469135207,395.4502543443024,391.5520065309818,384.59755322159964,348.36931306476026,306.4648766524719,5.236514963735986,6.368499708209417,10.459964396187473,16.784457146961472,7.065228623002112,11.189669187341886,7.998869093450805,3.832681061897197,7.766620684788956,4.318714832039227,5.0333275280070335,334.95836403085343,354.70340701887784,357.57958143526406,355.7895206062418,345.4888662959543,325.1662479083829,335.732478735149,297.6299829624973,260.35848786438976,263.7550181165041,280.40099101432884,279.0620920494623,306.04162647762956,322.7067401213246,332.4919829994209,327.0145334094983,312.56466161032483,345.8324387684582,335.99710454516327,312.26447164621635,294.52933752919887,281.42905712772085,283.6490263215498,266.80965171482615,246.67902104694954,245.13871161141364,16.79133296657239,261.70378123608725,261.5949925805407,250.70156165638448,265.0090822185735,247.77792583333925,243.3094726587409,218.0102464947111,203.36964591785957,188.5630397336084,158.87388085413576,144.87835925222436,140.05344238915464,127.32803492900543,124.35900553088841,138.67467488763927,151.31037423945196,165.33278913093253,183.36904643614128,187.27348700011845,192.419706370926,193.01200574283752,180.48743185997338,168.2433185464276,166.91967514805802,144.11243724927928,129.77707948142907,0.0,0.0,0.0,0.0,0.0
2025-06-01 18:44:21.105,0,0.0,0.0,0.0,0.0,0.0,0.0,196.28384482488534,113.6141199107302,69.04571443719453,135.29594488305887,236.07259067850555,342.2459683330252,439.44742728207365,521.5710360742113,582.4020589507151,627.3714336107029,667.4960639654079,672.7620308252436,665.63644905834,638.8802482945139,575.85720396231,507.66673437024866,411.90278249992014,313.1931275502711,194.16209879481926,146.49633742199202,207.65697842462487,326.44372718314423,441.50591122661,568.3268953790327,658.5707035894519,746.2401686762123,5.53532491848703,805.0960969925524,828.6841676060233,805.1891210542351,741.5559094674907,662.9007618721827,580.2628939315787,472.6048223175909,374.43738902366476,300.1934587514097,303.0232802495591,400.09274786773364,498.01172168302077,641.7197714711544,753.9277055937922,850.5634727325822,917.8006059386679,1007.5878858809957,1017.19256708278,959.7393170963031,907.9162373498966,857.499643500701,759.003734976291,657.221641896122,579.6424697950984,510.2543324323825,509.85850855384865,8.270916965032166,12.201467567566636,5.471923564251652,1.9879253061467197,13.158653465500262,8.05939532308942,14.804173584936041,8.82382517024457,9.090053872471742,8.642992288351246,8.225196121388352,778.6537271823186,655.442499388846,534.6246863914682,441.7431837753753,396.5846445345658,394.89558221072775,478.0068430522313,603.9847896021672,738.799806313497,866.4150899588811,972.7800706449968,1055.8660695337378,1129.8405715312294,1152.1800202937175,1148.687706771201,1122.557951195917,1053.4479352475337,977.4329268409635,863.33334676443,739.1346849091365,653.4506120067186,731.6720905897153,726.6358266789621,782.8608806009067,859.141990442537,1018.6927467706115,1.7730793506452587,1210.9235723382849,1294.1557800244664,1336.8175880032525,1357.506273767161,1314.3369968701038,1273.7930624280832,1169.1158975001351,1095.3891407906983,991.2392072900913,880.4771575834654,792.8919134785165,699.0929674780725,675.2933345176007,683.7989935977711,727.8381939847238,792.1240405018605,869.2566564516527,947.7143260175698,1006.0136869205857,1056.8575991876658,1060.8116388688977,1060.3751532645974,1044.9320728978673,998.5945457043761,944.16341294034,885.9354613526444,4.323438816447132,7.911851150818312,11.221843615595297,7.754364954455663,0.0,0.0,0.0,128.0,14.685699527409254,15.460632669936851,4.485261688807642,888.9992715435059,872.3616820538758,818.7931906047141,785.9372204529301,724.8807111898218,625.1486292757835,616.5153086483419,539.7101458478901,507.3556572681227,482.88604995248903,486.7753332651866,492.57355026513153,513.5516924883365,531.9726236255589,562.4546596036886,590.5962667906543,597.5442792346257,606.1403273628464,588.2751512548654,584.6935145198482,578.0372534561277,550.0135904193457,537.5200341497742,523.8617827417593,506.8378224427651,499.3946593063455,12.040843875564002,506.55342490218345,509.1233607858204,516.3650013589977,526.1718866764617,513.8565180597169,421.5671489273788,369.99946732711857,378.88823820717187,376.64300091382705,344.63261446914737,318.43232284566267,300.1780389109166,286.6513724111321,286.1608072339473,317.43047288760533,323.826825091875,341.36386252856494,365.33693731746905,392.69436280195356,395.52116023886447,405.1277923283153,398.4045817378449,380.9057216151826,350.8156624278637,361.12260418454827,314.4268186454318,19.432459174791845,8.92982974421555,11.450830871169911,3.835288010708977,6.5451728395186395,4.015869105839962,4.258644116939395,17.27600894444542,5.214732322432833,16.257329456087852,7.435616418216477,336.72811845896183,343.99613465281243,361.94034500787564,360.0391670708975,348.80595772267776,326.97073879175,317.7118835995533,306.54870766450057,270.97115615511495,281.4140167356745,276.5544991330664,295.4160705797755,301.2331421804976,305.9625585501895,344.79152932406606,315.42852784441726,327.6564522092645,344.00284954235434,331.90340037149593,328.620977008943,305.19349464951443,295.21619051231454,274.3756074529623,266.00747854122636,262.1939259789739,249.04996198738155,2.1792372658906056,259.0340176776485,265.8841170181283,257.8422755919346,267.4269130561056,253.26314185657293,247.54055377800162,216.64390246507307,214.6278867340581,185.01489841537523,166.0968454500434,137.95613027421862,131.8767319663226,139.35300466837737,133.99203336107647,139.82776816007177,148.53763210349334,172.0950020690816,176.7474406018913,183.9087650142405,182.79010938604736,191.14409605209391,184.69595993550635,172.6150757808677,161.9850568158489,147.3943925003859,128.10206830748308,0.0,0.0,0.0,0.0,0.0
2025-06-01 18:44:21.106,0,0.0,0.0,0.0,0.0,0.0,0.0,199.97550763015147,114.64610463644982,62.26733755265383,144.99747861644948,247.08211213065692,352.582468401512,452.5416417758713,537.5893490467877,600.0095879145786,648.3435564324641,685.3668860534541,703.4985724465222,681.5608954014165,650.9981035348269,592.8873107724623,513.7730762358799,421.4364953160671,319.6881336098707,215.8315136041805,146.2774729214694,214.04359189111105,339.0248381859715,457.65775648899574,581.3400965070747,685.4802176630692,756.4522493998913,15.958468821344779,841.852026770165,834.6380291121784,817.3608181835981,759.8038146055483,680.4407111847237,605.024079658954,466.869293646504,367.4266242542981,320.8527581066547,315.4997369802412,393.28233990975207,514.3491778288336,637.6694139536675,732.8613570288866,853.3552301374865,946.963578148309,995.5217214331881,966.9877773866965,1014.604749098698,931.527402889978,870.4186177432822,773.7260059409375,656.4603048559019,552.1284935078727,498.5208683917396,521.8406012486095,13.597155135077738,6.8973092412539305,14.754519097999808,13.996518671265418,7.660096051136477,7.666628027793807,10.125395202891445,6.391810627485061,6.679774342402297,9.894912935228927,3.150282625148356,746.7793662446829,647.0101445360492,551.7768449004723,442.33877203088605,398.71683904703355,411.23619461923954,493.6893617663144,639.4752566425606,753.917755379199,886.5219773946509,988.5489193457797,1080.0312397595012,1128.3608177079388,1159.9538972889807,1148.2702574371106,1110.3941178304965,1041.5524838585059,953.294310005561,842.112940421765,722.071960509149,652.4337142204108,733.2844570552741,741.2757936241869,802.7629996939797,917.4995633027585,1041.8139303203534,9.385091407159678,1244.3101675070443,1320.5360039788732,1360.2162005309146,1358.0550097099042,1324.3156744334356,1253.807605048824,1185.6627635907478,1079.557972821926,969.5110340869097,862.8748453684713,754.8448885189069,693.1783300407288,681.0989803557886,702.7133080693897,754.836699464562,820.3332271069477,887.1928894921912,967.3886804859663,1021.8070790047965,1086.7648876332107,1046.5501613413712,1080.9327484718808,1050.1075202118016,1008.5369892918206,942.1689011872716,851.6172410841174,6.6725983187621205,6.459235518958782,11.505666592873549,10.376005156472603,0.0,0.0,0.0,128.0,2.764920729031343,14.155463484661984,11.641939370910922,911.6638945326022,890.6197857831623,848.7001284209223,786.1843101537175,731.8891415325263,621.5627114499099,602.9740134871788,556.4052306845113,504.50007526983563,493.3131777228917,496.8460573461376,515.8653113279428,554.4410685148653,563.6812751572274,599.1488170855816,620.2310600394155,632.9152930269169,622.9807360032105,611.5191600595738,551.7713175753411,577.4168273519783,547.1534910476872,529.5161323180073,506.61234566390436,485.1763983168927,488.3545597817621,9.239390246784247,495.16323234510986,494.1905968474195,504.92424322398983,519.3009024300368,518.5495619549155,403.54107429449084,381.748192186417,375.1063784430468,352.64833838721034,309.74814763516326,289.56876872392485,266.59987001639394,257.5421311811158,256.8642507740425,278.2855127871817,300.30605813248667,305.6136670548138,330.6141611086525,362.0437329229231,367.077398511815,378.6715447633098,371.42457623673687,378.7148850657806,358.6057229953224,339.77203623310584,298.3720761163804,13.211017411363194,6.497351661121349,7.0710678118654755,8.480769557129044,4.5458999076684865,12.059208938390931,7.182807779230808,8.422146699969174,7.663599447926569,15.525403949513985,14.323519916091563,305.0857428793964,326.01466066735486,316.76025440443016,318.65817888708443,321.96247466610765,325.59868103227234,330.0301165834297,294.2422231122945,302.7964955973797,287.178368007336,266.21433815364753,292.3350215170776,323.5348828137561,340.97930032110577,327.12361373389535,310.5192654463162,330.2055291901621,341.60386506985043,307.1369882702519,293.8689614168919,300.1500416132918,275.9817799591547,277.6484832120398,255.17851760340955,253.61941552209422,247.04798686265252,1.3532785982373672,259.072906362642,277.1296479412856,273.97312126716133,265.36221971306946,250.53725641491633,245.38078705826123,222.4332896692517,205.89040308354276,186.9023175076064,162.1611050074764,149.3677917627286,130.43252706738213,136.8277229621736,128.20035155143324,140.4839405862178,136.78688411563274,161.47892395904782,177.6917084106058,176.98134336229913,178.70302059118677,189.6057200394457,189.07440754783482,185.31842685850478,177.69563591366938,153.32193488004506,134.271399126755,0.0,0.0,0.0,0.0,0.0
2025-06-01 18:44:21.112,0,0.0,0.0,0.0,0.0,0.0,0.0,53.81166509007496,108.30851989103606,209.97028822146038,309.6486134128996,397.98314545641256,495.5628159834419,571.6235170887871,627.8712664751964,654.9825351919452,676.4206189998071,690.8040655000841,651.118374454076,617.9748367423618,543.9442351407106,464.5281950204284,368.70661956323454,259.0475827478893,155.7589812321774,150.1030462814155,232.72269054978167,368.8722550368101,491.21237041279767,599.6605262293056,700.1329181894607,773.3092617793366,826.1727506391032,7.914459396760796,831.7092208914117,798.1334628617808,748.7294907085071,663.1317501374862,568.596082965484,468.4629677189721,358.3234788992505,294.73948888876885,295.06269208581836,357.04655983160137,531.3514569448951,612.3426215849903,725.9053194634624,849.8838242081008,916.2894739736172,997.7626697261242,997.4448238900895,984.8541833608779,909.7475801072324,851.5072498892998,771.9208908248885,681.7926866948006,583.325971703393,527.2637991903358,531.5743733504813,571.3741100356453,12.200158173951596,24.01538704623435,10.348947854290037,13.861671945384565,6.271816751942121,4.36320599634912,10.113803592300766,7.572656551027076,11.323160529189094,14.437854755680297,7.519714873032114,662.2534366824145,564.1221752951527,467.7429304826404,405.87272843131143,400.22210618460457,463.7373396956988,582.6293628577329,712.2052604162375,839.9028133369358,939.7129569676528,1054.8968951884146,1108.8562272886882,1148.7036176491695,1167.4957631755992,1139.5162615783543,1081.2777709636478,1005.4768245681521,900.2161977975037,794.6145756909842,680.880635610256,613.3054348737451,728.7445970645147,763.8525954663767,851.3228663350748,975.2685832205218,1106.1664719460564,11.048612092085929,1277.327426897826,1356.4221178887135,1376.2463776565512,1360.9126034851076,1308.515917520134,1249.2037956245363,1159.4708651322062,1050.596871863789,936.2778581484813,823.6953722591596,745.0182011243346,687.5623778262694,685.9250583938964,711.3340797058164,784.4017545144295,830.9534237369788,912.9772081787416,997.3722788154822,1051.955379511851,1082.1938164118435,1062.7132810526005,1073.6113193642084,1028.5283657176358,1002.3226351740461,923.1356468137816,856.1071953042899,14.796973750046634,10.446811532905816,4.5279560609076706,7.456090240896743,0.0,0.0,0.0,128.0,11.808503909957528,13.56630600220043,8.215380367295609,917.505895131067,879.8269589751545,863.1848317374668,801.7388952082116,732.8935754258191,640.1749432662286,597.7792396054934,559.6898580631132,510.5175671704351,511.2019882234639,501.02099289509835,520.1707623825407,542.0234926720748,567.3521793315515,591.9195759647871,614.1894247217684,621.9913443834625,613.5965391527576,616.3931715614964,566.6983081523373,600.4449590587935,547.9725792308899,526.604129186919,501.5574409494872,489.6872630883091,479.36418521057726,16.17723918398959,475.8923879466532,484.02706968882273,507.27734480178964,508.9742122270638,515.296599576749,427.8894858754073,388.3051341952737,386.36328120645084,358.30192375479925,340.6033397291527,335.25189496324043,288.71044939805324,274.3209017259136,268.93879524917145,281.4565726168375,284.5215309662814,293.7648696334319,331.3211361815187,347.4504650861486,361.1269285314795,371.1032775405644,393.31332009340593,383.24377924077373,368.69495488882427,347.5703185040463,329.9421196864459,5.061965896704364,8.831585496864268,7.505611525610625,6.829235818685487,20.52873351634517,6.942221085973417,9.154568335262603,12.199769600157625,7.610655870564435,11.33769625811124,6.645230620302556,287.1235430257719,323.94689579273694,336.03744007186157,332.4015839658082,354.53913747286066,329.8878158386606,327.91390910409797,320.20277581413023,308.7339661287304,306.2577427101314,328.80976833470163,295.6198075893431,307.1975260294174,304.6936632387064,328.0844889437319,311.4589514081052,322.67987128875046,332.2296403391675,329.03011577971233,297.3128666188648,313.4672814331418,302.631288349626,262.01680189172606,277.34232995456165,254.98074672423797,243.53583943716666,5.821211541138444,252.22024142019526,245.3893989883973,246.98968069419985,264.3060685351103,262.56156564424816,246.3996542641155,230.72950407985206,226.6925256140178,206.117311375525,182.14533261822064,159.58504342000353,137.93954375190785,129.83171447721463,119.73550631348598,117.07052451477294,125.67103049987666,142.89688548407435,146.5785410849325,173.35076867373346,170.11611820585298,187.10027639463635,193.967765193766,190.45178979731588,188.53717097356298,168.3111354186559,160.64491561303794,0.0,0.0,0.0,0.0,0.0
2025-06-01 18:44:21.112,0,0.0,0.0,0.0,0.0,0.0,0.0,110.90956495321767,52.979831963680454,118.70340908519917,227.1090921881353,327.81393136842445,426.7241794442271,506.5586896065438,581.8544613735356,617.7491086157577,665.0345407051165,683.6400363488664,673.3630113013987,640.6303614411962,583.8009993795724,523.4295354295722,440.9957511534286,348.1945391317424,236.24405392362996,154.91091080107623,179.43654376928282,283.63560100880585,430.39666927978436,528.2163157399166,637.8364198021724,730.1061116572491,808.6145544559065,11.129842653861386,848.0361648551834,813.2389410858002,776.8509378975573,713.4283768132311,627.699212496713,533.3929065644995,416.7245750102131,319.5472615956817,286.5352259203003,340.4448830865028,455.46290281123703,559.8359343656567,692.9979913781435,791.8322714435924,921.6063838465792,966.1183326045633,1013.9394077147764,1024.6945809644742,951.5908577578112,930.8227066437685,822.9412322220595,750.612541036333,608.987451755517,564.7893502942261,546.2663800552091,571.2024880387311,27.963401849355204,13.711836707730528,23.77746796676114,2.7161528355575753,9.62173574828679,11.008992680568973,4.679127601580647,11.306998361713124,19.669947782677873,9.838596239024742,11.31370849898476,735.7462262836635,634.3084213095049,530.100404782904,445.19075217792425,422.044291500784,464.4750848587244,575.2352180486117,705.7694557621869,833.0959664414523,951.9531126096084,1061.5784169863527,1125.7311347043217,1186.513993652753,1190.2443609253687,1186.3180781157637,1124.4299329274743,1058.1657418640345,963.028470395136,861.4752123363793,739.5959135659114,666.3686752349836,762.7327991870527,784.5259306910121,870.282427837061,978.8126341970457,1102.6245510341223,8.19695778508129,1293.3097411169538,1364.8436139048222,1387.8942513582217,1382.7581369528543,1353.312178490818,1288.5590176141222,1176.6309858583627,1083.2413357180496,967.9578541172094,867.72611596928,775.4927853832826,724.6019071765638,695.621759856587,718.4936991793127,772.5161501955316,848.8711374549694,917.9206164796336,1002.3373310824526,1048.131898969979,1078.9045805205733,1107.9163906948397,1095.665178005816,1062.6480348767986,1032.8075607336336,946.7301195132733,878.6190444522133,12.284974877552935,5.143791937321725,4.728735632183913,8.588954027723116,0.0,0.0,0.0,128.0,10.266000981981303,6.792270784046816,16.915248809945773,915.0666989288409,882.426687780614,851.9424501092838,799.2542083133205,744.664272312326,652.5888753210743,609.7480557884564,562.0214349049153,527.6622586854547,524.5231740457359,515.0671587575561,523.3861791213817,544.8346847819049,568.3675320730911,592.2849480564992,611.4946900950894,609.7606399448553,606.4480648788756,625.9218904938518,609.8557017386877,606.294987538411,563.8226551224161,523.1612611433425,515.8534441776443,528.381707460781,510.94671759055126,9.325399346993391,523.7987986350159,546.4733798340695,561.308970206735,567.8181121410598,574.1631749111837,460.7363977739798,425.748170157715,423.8975137673791,382.0587729925603,374.22126017386176,337.0939286303962,301.38591675384873,304.14151052903736,308.57575549188306,310.47648387468814,335.79088121506487,360.4392996686185,386.28347485005156,398.5768669159335,417.245742860186,431.68970802238,429.15879276000186,415.41699875372643,399.8759122781501,377.65905838974294,346.2465015155047,9.93725599200399,10.807632724090103,10.047551719677328,5.934314607526227,12.462485213390343,11.090926950170822,14.13908211446416,6.51889999370442,2.8426335438100674,6.8291124608127936,11.510911217703555,329.75896601283586,357.3610700294273,369.09619726192204,352.13125734926024,356.5135427627693,327.1307834891076,344.89199282255356,313.89510352882354,295.6910886695592,263.0657609928348,292.9433222464565,303.45702977686017,299.6501279795909,337.60298733642463,347.6394047230422,329.4313538543466,324.7522796572514,351.66787285797756,332.05273815811086,324.1139297967674,317.9991916159709,311.2713282472895,289.2746254001548,261.8245094560124,244.64674524770174,252.28297938819517,7.265988902057218,257.36642194283735,255.74140073757812,251.41689813716795,257.87382865741813,260.1868591661004,252.66877645949648,237.5252092487351,223.18701690366373,203.40085638899927,183.5553664929315,168.7371938743378,141.62440842050555,132.77373628102654,118.46698841648421,121.7667690194235,140.3871794361583,143.3326904828196,165.48463678904,168.60275797543304,187.073301816282,181.4362478060708,190.91202540460634,184.6070094684186,176.2724970753841,169.54914129208245,149.7260150900295,0.0,0.0,0.0,0.0,0.0
2025-06-01 18:44:21.116,0,0.0,0.0,0.0,0.0,0.0,0.0,123.0942955782303,50.11350190259179,125.32943927272824,216.08631958851012,325.59403894694134,417.5476305832438,506.9775712328176,568.2968072848096,612.0890152990947,662.088617417292,677.6981377177859,670.3010805293371,633.14670434528,589.4848975062465,529.9616906739203,437.14577140835485,333.7999004224646,235.02100971198485,146.9977388945787,182.19085280845218,294.09683659767205,404.10719057798684,519.3899698214833,630.4342029883604,709.949539540517,776.2201662905246,13.451207849982477,821.4648941405708,796.3029938057806,763.1305610630153,686.8121721735196,611.5995023213093,522.8049670909679,407.0242931182786,332.86011032360074,293.0676971186437,314.3332570134057,438.1161599828674,556.9476970681599,665.2859625371752,777.5954376771505,889.350903287628,926.0942921926523,984.5436655035002,1008.5873365044818,967.1558794736295,903.2164253712716,792.6794410941604,711.1086017561993,611.4442938824955,512.7335796453759,514.4390429657251,546.2406051917757,10.571144025535002,15.59798917212582,11.572748708999603,7.73029859726168,9.214209645808001,12.16014329521951,17.59921821365631,15.193118186338873,3.871444987182295,6.48857109882921,10.181310284807887,704.95482659187,598.4888764574804,499.34626889089384,402.3630640253339,380.8878469751578,420.9930139736334,537.5935149900291,656.4017731870391,770.1531362800788,904.2485561392912,1011.5909698576459,1081.3076822920505,1132.8399010870994,1144.0374108822837,1123.533445341027,1101.314257673776,1007.4866475221625,931.2465904968064,838.3758563131659,712.1211922890926,637.4415126486066,722.0856099434924,737.880715094163,814.7165953625998,920.4317458160285,1034.1201634837212,9.21999045945882,1242.6495398805553,1319.7007828032051,1360.4417720269303,1354.994446265593,1323.3300776790627,1276.2376576262513,1140.4897310141346,1075.3019558294297,956.1942054505856,860.5528909264219,770.1407193164392,704.758441704098,672.0445831322932,677.7190930637909,752.0930741453429,811.2896829838504,900.0542839792967,959.4064056025607,1025.882401892652,1061.4609669025378,1066.6001031273365,1065.365958853229,1049.925762760805,1025.4132326867468,921.8845385606853,855.3858817802657,1.0468229495729942,3.670839340214778,3.7084319816740257,5.277732370763765,0.0,0.0,0.0,128.0,14.931109519855413,5.4337520730396855,20.25798002944404,886.9120896400743,858.3858378275997,838.6861866226656,792.8981430848681,737.3541868602056,620.8345831995946,576.264726063604,526.3116805008134,482.2594385449519,481.91316751060384,469.0321796570623,493.26858263422633,516.2826188034489,544.2896267574176,550.7986864235813,588.7795441514575,590.2958550339041,600.1708372868787,591.516751062135,591.2505143143484,572.1604720320006,538.4748486084195,503.01939322320237,503.0444507124112,487.2092932460163,477.73946196776643,9.5152112240329,485.08145644179297,506.07517273138546,498.0325287266264,512.722136361766,510.3119429363412,406.6902886710202,372.76311607393774,391.4270081295635,366.7621484674028,339.2964791843664,318.16903100111864,295.4221234168405,289.4206113281687,284.50843020899407,275.161141069175,289.554887855553,320.8625312383542,336.26417172324625,364.2136618735384,385.4426264735653,384.1203980239933,396.2384995116384,381.8256044566488,375.61850000310136,358.91611855964624,338.9796264647301,9.787196791093828,11.425438762887525,4.804106451999271,9.352925812543646,9.171647868894677,4.9545904346831415,11.510344827586188,4.064934808064555,7.717535442960015,14.080006490058679,11.35654384130033,334.95257866607136,338.4631629223577,350.43514482419175,355.46835499216206,363.7839656035861,326.221711507364,329.82093313761607,311.8024899362507,289.30610714368675,284.14665262210985,300.74036455603976,300.3447376857406,296.71596585994587,309.3014260926505,338.8333497302255,314.5428213441397,321.5826631486035,335.5066772275185,324.02866701752527,322.60156853186743,311.02676955977876,292.7606360428612,276.6037486150307,274.99270642082007,252.44058432268523,252.0556029172904,7.320354422660825,249.41971029807138,250.164486102646,244.98446841109254,264.064196655935,251.40825244021156,240.32862568996998,220.3899352096557,216.5282994606912,185.9927471460921,170.59795132681157,149.27283239656424,130.4683411875162,128.0423319304682,123.48502748224038,146.76652835088643,148.2824638270993,160.39008132978898,167.5758062136454,174.014801787314,189.72774772643004,193.31960470200127,179.95509516876027,188.90251747002537,172.28847527713654,159.56671937935474,147.27933072953323,0.0,0.0,0.0,0.0,0.0
2025-06-01 18:44:21.122,0,0.0,0.0,0.0,0.0,0.0,0.0,119.21545967203602,50.68629582461702,118.8229979348708,221.81199945694524,333.3368098207181,427.3493844566379,523.221300080688,583.3004248869111,629.2672853145489,680.8510295940875,702.339205736724,689.3980873636492,660.1465183384412,609.2651594895332,534.636011885173,449.68668050970035,353.8868463211416,233.75578033954247,149.3340781243848,174.8262800295644,290.8856730575772,410.2240568560131,532.1360612520472,646.7977202546331,732.5110407940587,789.3025207864198,4.77484806380583,852.3592868272889,832.4289655968701,788.034164211507,714.9918506233035,638.0659850402527,530.1775157344056,422.5372467945488,342.4128991860831,293.15927276739507,319.6845962162816,446.200061263785,553.8423763557557,685.8017992723103,806.3480448271877,878.6882213955384,932.585789707783,986.3894776479978,957.3823643102443,964.5132845892355,902.6080211678656,826.7177334115345,732.9385085198663,603.4625875729928,528.6860638663171,518.2617683799373,547.4268117850384,13.046810569191189,3.4571786412303522,10.039114460640203,10.009745811023622,16.59163627389937,9.692906359021446,6.318482951755907,13.64749128611759,3.563218390804593,17.352630787718414,6.375458778279912,719.3862031533436,607.9831210366902,500.22149429151665,420.4821887693324,394.0801233911545,434.79966111617176,554.5359721942393,677.1937126504997,786.0828313866291,913.5819131258883,1017.95596197596,1091.163292568213,1129.6678820877016,1142.8677151372174,1125.8684653888179,1096.5426665984032,1009.4848883076021,916.77904315484,819.0256410154328,695.7910622221964,648.9433979511462,742.780067376188,760.6950668808051,840.0575761139861,948.5348445189669,1075.9424898148075,9.138380404594818,1261.0091803464036,1329.4371590794924,1337.7262157310638,1354.2399654284013,1291.5852275679742,1240.6770737781605,1137.5438755890382,1029.4373856630725,928.2388401358875,826.935294091307,748.0915182807428,669.2454148442249,655.7591336304824,686.9160856403423,751.8141877030413,827.8678943475868,896.8019590018496,974.745079425441,1021.5291577803421,1057.7149565762081,1046.8994345703866,1044.5727794423615,1023.8380018330902,978.1315865209042,907.5598713438081,840.0794182469427,9.117044259782455,4.966122097356155,9.173646654870657,4.009319965374865,0.0,0.0,0.0,128.0,13.342545199158643,13.016220560186314,12.322438648905612,897.4807162248377,852.6873347746329,829.2923465072413,766.485334743823,712.8749439952431,612.2712356671153,572.7655204032757,539.403678695142,489.7460837700391,489.8417302974218,491.63713515866857,513.2091493233169,548.4042271248136,567.8693335716614,578.6387076585593,611.5452499509018,619.1338434666903,621.4528586312582,610.0109831522459,556.2208971983935,565.2818590556877,533.7597446887617,525.5377221410048,493.7759852025846,458.9616941523157,472.5655600493785,7.264748604042053,478.30733030871136,509.13649126664484,514.0134324417762,525.512870380012,503.0270839332771,418.59514025709797,400.6944397445588,395.1672571576757,368.89249900305856,352.38512392033897,331.45315199015175,290.9074419133628,268.7207734053588,268.3693760873175,278.7884305897459,279.25061922352336,317.3105748954106,338.7930394962091,352.8483104445532,376.29700811722967,384.3371488806649,382.4375178934759,378.2675086656955,365.56424445052716,351.5487900471164,336.3351080816547,12.717675228128117,12.578093836020757,14.537501297297018,9.345965904597023,13.537786179062,7.92675935509786,6.063491221098127,8.208475855940517,11.008411091074564,5.094533076299705,7.653133705628026,316.6552529478311,328.39293902321356,349.69881054676597,359.7469158259075,343.4708550917539,329.5885740777309,326.83511232630053,308.56023133685113,308.8170364209239,315.3942507409109,317.2194191529904,280.39264381618005,320.36809179749855,341.17784295478253,330.2012186319767,296.26804334260703,322.09913903950996,332.1523342875595,319.50436411294135,316.2327472611376,317.9070317499786,291.7140398687092,280.3900680995417,279.3995599181618,272.21482731830025,251.60217308741267,6.266954188048808,254.56830039203416,258.7364967042109,268.3550317254193,262.6333538613653,264.6353890094843,239.2517697643067,228.2712386744953,211.29046315100155,185.33384033043023,167.00101651481492,150.02194161798562,131.25707106322912,128.31440095775375,124.61340213863923,137.9121361067201,144.88302999460024,166.9880885319941,172.32225160928473,177.49179201058868,188.38129768597742,187.36793770859666,193.3866883500206,192.59207219948044,178.74777442134172,169.30930783498127,144.73800433170484,0.0,0.0,0.0,0.0,0.0
2025-06-01 18:44:21.130,0,0.0,0.0,0.0,0.0,0.0,0.0,134.8588223800202,57.54330298679341,104.6926407652875,207.3488488429467,313.6758478786079,406.72585536413686,491.40877360039025,570.0486292410719,629.2965315681407,678.6905485375746,684.9654129892496,686.6837530383922,662.4581530064437,620.7587401721887,551.4441715324904,464.6485216381004,371.2718177427454,251.6995528439457,156.5819894681325,164.63490911622625,270.1951510166627,392.70410676803476,515.5518796455665,621.0183316504487,718.25121837248,783.1933487325496,10.574098032644969,847.2299472694654,825.8399673660048,792.9491374931661,739.4143175259409,635.1659824811569,545.5007374976437,434.9592591361935,364.30528432965247,309.48176972579836,316.04628248483033,426.8907636433951,532.5997856294281,688.8513336133841,806.3678886003402,890.0125931083646,924.0006186311493,1014.0903164452956,963.8381461454786,963.10450996734,911.3265144178914,826.0005088441675,747.6958026083266,636.8801536798338,550.6824203629786,517.2284951420313,537.0593717153992,8.326439236405701,7.529468070014008,13.941881703701466,10.137834763657409,7.039395177051465,6.542345625288328,13.02820494995698,15.034655009167556,8.559411551713747,2.858746915902127,12.324375199291586,729.0050342469779,610.4126303345616,513.9093296527896,432.4082549886378,413.6658904586902,438.37558198302673,557.6561249681685,673.8985924974993,799.8955675196107,919.8383265540983,1018.8929396921675,1106.732647597175,1143.2537196050453,1149.9500528976766,1127.5334334993881,1105.3037316655298,1020.2372869631043,934.8935500152468,831.1885381831546,724.5931980001466,653.133136586702,752.4445822172243,768.6488000927031,846.550195585535,959.5088636101051,1074.0850163125444,6.083581872826904,1273.4685769780233,1321.7475835131588,1349.2039098359144,1372.497494837343,1308.9140896399163,1251.3817970177222,1145.827944703865,1052.6598247328361,941.8842397011774,837.0585144442543,748.3466267304588,681.468096540901,675.9099671005118,686.631792766472,758.7452431589295,822.202991196715,894.6133979768387,975.6196887024561,1034.296815208884,1061.6065727138894,1057.5035165880238,1052.0132804590085,1036.1484638895793,981.0565931704565,920.8205492555218,842.471966090638,19.220250756661265,7.858124103402883,15.860128540134363,18.532695350383385,0.0,0.0,0.0,128.0,13.350157519743602,17.66470727117829,14.144210894795448,907.5039616005876,857.0917056068444,834.5245098070844,768.4063242699715,716.5531432812297,623.7475024187642,585.5348964628578,542.6313972507286,508.37397478004937,490.3991453745872,493.2751323843423,529.7366444241812,550.5228067666106,564.06126723622,589.616494532329,617.100195320559,618.2240054584679,614.6148289750244,599.444986428891,574.6501420873333,567.8276097862203,535.2367790190466,526.5958293705808,507.62390266931146,481.44583856175046,477.13519125787377,9.878582482397967,496.18026551996473,509.9982294555782,527.2194926983378,540.4848241474532,535.5564225220645,433.88144775288845,409.39674549777624,389.5569629729466,372.32447613001625,354.0202979882278,319.62190164646216,301.26810845343357,278.81127815525264,282.3258341896686,295.4190343959416,305.8158081677451,325.7136534132247,339.7143004953871,378.91734557526433,404.5748395951666,390.9345676358738,393.8554857653657,401.66047422964374,384.8048682931726,363.69230009042076,332.47339643738695,10.071264367816134,8.021045637240427,12.856706471863392,9.648275862068985,7.210863635272489,4.622529977021454,12.09227147211622,3.7634962233829414,5.012089297488215,8.928440059455657,8.912202492684475,321.5426161739518,327.07251111479155,358.57774365810604,350.7330661588201,363.65840731431587,334.89842973456905,342.58501450497016,336.24351746028753,282.71794874072856,306.1293683594483,293.83082802425525,299.6041221212085,308.73130805701123,326.36662700298297,329.48989566330647,307.76958287039497,335.5376387194204,351.752167906645,319.4508748382501,315.0766158207813,316.0560966941353,280.0420951220415,279.2580107366281,277.70401677307746,251.77916641279432,257.1985387559033,9.471557069833757,246.3179860740734,266.9976457024757,269.50276021697874,257.26560454694084,251.40092519833112,257.22987316499035,229.0359993032024,215.44348647922143,197.75788437977266,174.1087073992786,155.75671999009307,133.12058792770225,134.75358637873597,120.65235769579775,129.8015740332362,139.61873330737103,164.231727172534,176.05782978748658,181.54676738444115,179.83765559194717,184.39902419065055,189.96960901336408,188.75290592068183,176.04518066072148,165.10341935754184,139.0262128360144,0.0,0.0,0.0,0.0,0.0
2025-06-01 18:44:21.131,0,0.0,0.0,0.0,0.0,0.0,0.0,200.8429964252142,104.54006413934688,48.87050900404686,134.35029857396495,241.03250550480575,341.2199718181322,441.77629162981435,521.3644678474707,601.353123922767,656.1730276708777,676.1867117994858,705.6571575930125,680.8473710711492,667.3928758225165,612.9650745591398,532.1320561272358,439.07192527509534,330.0346880199535,212.3362038008823,149.36266602856267,198.84013449620852,321.12994236186466,452.74800899052076,574.3824045163198,672.3708170623509,758.8391437807153,6.613277539147539,845.0110375380698,851.4026864345958,823.2558777607147,777.7498857265001,692.9743768140058,612.9922387794919,496.65490805573415,401.7060050044466,322.75490036281406,311.6763635818748,397.7939299822402,501.45145604080733,610.1237684463364,753.4589480700445,872.7860900517205,921.9580737698044,1040.4684690715615,1005.8618154155014,1015.9632837258457,955.977990725288,864.3607887862131,797.6985133893962,670.1930431552687,577.4565674738468,529.7832428432304,536.317802742241,10.441879282563828,7.282472329660791,10.697268615122336,9.562435192843717,14.789901436924055,6.26434221690312,6.137621069275283,11.039945537386677,4.8657081125990365,7.051179158517224,6.695627238366414,782.9956674034921,665.5269861694642,581.1973867060499,471.6361969269168,434.32970675781536,435.3704977956863,540.5506892668541,667.8730458549738,786.3565361944289,920.4968128337646,1043.950179643571,1121.5700723041589,1167.6925200774413,1195.7718705790817,1189.9151373956938,1161.7193195552995,1067.6528081113256,994.5174582009887,885.3616330369284,771.8046263987084,684.8214185507182,777.9396815665276,769.4874898071919,836.2136501125135,945.8038352704674,1071.2837438208862,10.65800267874322,1289.4660884579139,1355.801171335149,1383.2891038017672,1408.7352688374845,1354.1058821097624,1309.1489992569798,1198.7478672488871,1113.1294380973015,987.0654198639717,886.1137554353564,793.2228761607729,710.9868140501318,687.3156948611008,697.3130564626533,760.5950095019988,824.2648660507824,920.9621578587123,978.5216366064282,1053.050462655027,1087.8042184042688,1104.8845177488863,1104.892017750387,1072.5757681893706,1025.5956524891349,956.5771998363767,886.5450968649906,13.36921700839284,3.9910400328198268,14.229425898267838,9.800588246766427,0.0,0.0,0.0,128.0,11.883221940244319,17.867665455732084,14.141070809410817,919.291719147952,880.6487516489956,864.8517096739317,792.9423405452008,738.1057482998285,650.3032492429014,608.41939654371,554.1487055022005,524.0438395334014,500.69614946527474,514.8466989660844,524.1039479702774,558.1542282709232,568.6714275277778,586.8938143161554,629.1543251439577,621.2024980420013,634.054341972768,619.2588689657902,600.9419589102514,592.8644508402848,567.4453333939332,546.9036214661583,536.0814698945021,514.7432634644485,515.6610497056038,15.27778529105184,524.4808239494331,544.5114196786297,543.0648123585064,553.2744734002544,557.8312027210226,447.15711769835235,415.73369282753754,418.51993844342604,380.3271623074574,360.899326549152,339.7341363628088,316.63865727476934,309.9119278615697,299.16377531640546,325.16109582718997,342.1393129730725,360.89515590940016,391.4904126957668,411.90862591838857,431.4227740137135,430.56455950509894,426.1087164871206,423.9693240607952,400.469827998055,371.40268065840587,332.4811684278024,1.80434144164844,4.982512431135898,10.52138366251074,8.288800836827171,3.247856274534988,3.7719866253101384,6.118507775805791,6.625385278022496,10.095812649451602,8.537527415371784,6.577052247154911,352.76499293415935,339.1046250970375,368.7114625338199,356.9168651190331,341.0984291523624,320.8772365154779,324.33549739308046,319.20551246305564,293.54089708627555,276.7542041289499,279.37866973173533,293.1481761651594,313.3967134461866,333.7375183725791,362.33459750179975,328.5783189697566,332.78542891863054,349.1025959216067,324.78566504490595,319.542427562416,316.0920125156241,287.6191355400649,278.11597633563366,266.4375073937832,251.23713810211734,247.1197862709315,12.657268364430283,260.58031866109286,278.19073740227304,276.4611981260516,262.2977518627596,257.8846476106059,258.76109471919364,234.46045210467824,207.0124410950955,196.5003712945554,164.70918915836046,150.83000568512193,132.74153857336705,130.32788482878055,125.47731891029295,133.09200920353916,143.78848846265913,165.69836940187537,174.520946186317,184.06938935715857,190.51258825640448,182.17761946547216,177.4190344090822,183.2731254310705,165.03896725025558,148.47330210155874,133.82477007178682,0.0,0.0,0.0,0.0,0.0
2025-06-01 18:44:21.134,0,0.0,0.0,0.0,0.0,0.0,0.0,206.1502762997114,120.4499685927189,53.263000784601225,132.88414704989418,235.88860301636814,345.79704154296496,439.44030396211446,529.0600054006286,598.0879704205664,654.3399282533455,684.847662420947,707.9774925309919,683.6248545467129,674.3459273592982,616.9805609413238,522.7082238303917,444.77922648197904,327.92070851701527,221.95910638729623,160.87924289934188,208.23210495155368,324.73330228314404,438.9529864197631,571.9904817505621,673.6199440010319,760.7313557795399,9.919111839446046,853.123489782663,840.8210491601868,831.2703379760916,771.9092959221649,702.1450888881111,613.8430312481048,507.82678913896314,402.9046264944614,326.9056237699838,309.2300851473575,383.6729989089916,518.7188598404531,637.6292241785565,785.2869113598265,869.8963565016536,940.5347399692884,997.866188471763,1040.3424482516177,984.3161268199649,948.7161524574184,864.4455731755572,780.9699767390367,676.7126844124617,579.2378876735529,544.440961723358,545.2774804705922,14.111724434447243,15.787933999365489,5.486936293402117,5.289655172413802,17.56621711929656,14.39880067550687,4.003584472352639,12.83290288930003,8.658103176169304,11.94981013503533,9.442019140731237,778.9154904770608,681.4421340219646,566.1729439312609,464.47605305183106,418.3850403318786,425.5933770064329,525.8192125151137,631.6106255574249,751.0015768026417,882.9768057493094,1005.6788896169521,1093.4376166034363,1147.203104818845,1184.2397009921328,1186.5828158969414,1146.195717584877,1083.2133469736907,983.507159478085,892.2172539003432,758.4202562369885,672.4331146886145,760.1944182379033,751.6759424368757,811.9335254590831,917.4251626958728,1040.3865722308294,17.577611267160034,1260.2813229974156,1337.5158476112483,1384.6121597370204,1403.5382838963028,1351.6140323035788,1307.2877415472974,1203.4115175145935,1124.0653704035317,1005.0207554305217,887.2813279436331,795.1200241766884,716.2167539608753,680.7822843478266,694.0327432774355,734.2611266491768,814.9404491444546,896.1827323943596,977.9137352969136,1041.400086749324,1090.84398624989,1101.3159509695506,1098.1382476551455,1074.9036221953256,1015.0938434590986,956.0676730586403,889.7645506029224,7.763915989841901,5.4425540774443375,17.822285798409364,6.116612248659075,0.0,0.0,0.0,128.0,4.337550073574413,11.975195601648611,16.311514937190534,911.8954159234709,890.0639555749896,859.0148520153513,805.6747823972145,736.0557812838795,659.9729581581299,612.1074918237456,541.8397241847496,508.9827696305623,478.2723459226854,486.7811767361494,503.1105613723045,523.8628958972399,557.5837482300143,581.7135268767873,621.0659517049212,627.559952763504,628.4880856796437,618.384046002185,603.4988163862624,585.0280211407593,573.9100661746827,564.9205116613151,526.7751319271604,506.62787921372313,511.11839260460386,10.365128093990869,508.49989866585724,511.58966636383536,520.4229051410799,516.4840497598923,516.7354864963985,412.6597919270738,404.85751916035065,392.8664382794427,383.6359103396666,358.1323622365441,346.95507474149724,319.58793066640015,308.41670419602184,295.2877404380898,311.70169907601945,346.0425438091163,345.13720894637095,391.1521355588343,405.8080398044071,422.1223062483118,412.3476825326989,408.65179716507174,403.76437331980486,383.7302227557399,369.5410556399448,330.6071254634845,6.480694458598078,9.988883877129371,11.709995175867652,14.32436221633141,4.931257093705396,8.745284503822802,12.525595213818244,9.301667593978731,13.886830919490427,7.553027949014068,9.021089800390143,355.26076438432744,347.44424158230663,357.1149537760359,369.85028653422506,342.78091492633,332.27268070803103,325.24992706873365,330.5313445154102,292.911020663002,300.62220247313576,302.47911412569306,292.72244409783553,319.85373936621653,352.894132098659,372.46129446815854,341.78480017342963,335.2915706916296,334.9577179291823,329.00467230251905,326.8589390339053,313.12910291968797,289.4785365217883,278.9137000685543,267.3798633424688,269.9275825495197,263.2907033572419,9.189603146322948,282.403622224045,283.24225155061515,282.5320233661201,275.29033728261345,268.0309236159607,259.1416549512073,234.2614153194591,210.37068795683132,186.98007054917116,168.97199299867077,150.23787832330072,131.93894303500312,133.71905633978722,136.6824116444525,143.77385795398735,154.6337070337681,181.89844874938512,171.98478369740604,187.06364018744185,190.35694917583842,189.09625860505489,188.42113862432487,180.78281268748688,162.29077503802756,145.6412687981984,123.45405160961714,0.0,0.0,0.0,0.0,0.0
2025-06-01 18:44:21.141,0,0.0,0.0,0.0,0.0,0.0,0.0,169.34240363956536,122.05981901010537,109.84563057451979,191.05154871532395,296.80101037661075,398.5078349555308,491.7012264879621,571.6901802827592,636.0206460100922,676.9266754884583,707.7465774361436,706.2349063081647,680.5947305079308,640.7324036230386,587.1774184547166,493.66894294715496,386.75477180808457,278.14301229134065,196.77424543143513,183.6244131239645,268.79714608971966,390.6666417724336,506.40718603192545,624.3308782794116,728.8895003313687,800.3341865851942,11.442810735491788,859.7551194496021,852.9561705671963,824.9376242634931,752.7874411932997,676.5115349361589,577.237925941618,464.0186536749349,384.12744632960386,305.84802037239416,318.1608835079394,425.64398824548925,524.8261997689443,709.7043704402628,820.1583263712146,897.3930370199273,945.5336486335777,1003.9042041843571,1042.2542435404662,978.2931307778142,932.1088826012256,865.7000516715383,750.5540897095461,661.578251884655,579.3209267419411,541.7692427619304,540.1821232455304,8.5834483552392,15.073334299054109,5.894046534699854,5.850499004504238,13.084106747255104,14.99969073726356,4.14223283488358,15.095523691274467,8.646880526850003,7.890630455800663,10.656039766396443,760.4604692453669,653.3123218490781,546.1456333711708,463.0490670442144,416.5876343369608,436.1163697957028,538.0805402683636,661.6677891872405,797.6239969212737,914.2414654755443,1034.2411756628796,1114.7221796652107,1161.9039498197278,1197.215714434296,1178.712563604004,1137.6421510474186,1076.40259034467,964.7687798324745,855.5985968589239,744.8353713036214,657.9783570466902,753.0327203848607,753.6767646392426,835.3253959115493,950.4250139589277,1074.1491986321225,17.176529526327798,1290.5450382412607,1360.394303004146,1386.8061413775004,1388.859790688116,1347.7818714423736,1283.829891464062,1199.0566389611954,1092.3790607569363,973.9766914620359,850.1351506922055,766.8148805751093,694.7238283561263,674.9823726093499,702.918679211332,746.4833983247161,823.2572436494421,909.5097017109492,990.972073221322,1043.9017003371496,1080.4686133039922,1099.3706276940682,1089.6976851390523,1056.8604568965068,1015.8033503250894,943.6301812102811,875.2802296116938,4.133950808461445,12.393986583621679,10.802064361884277,11.863989472910209,0.0,0.0,0.0,128.0,7.669860207867304,9.316933434722028,6.15631762725711,921.2827974924305,891.1084541640504,864.2820252959954,811.2487551234594,731.744315614921,650.5383518045777,602.2678169543514,544.0613402934947,502.78608241311554,486.7510528982716,498.43502466468095,514.0544280153395,532.4294136445851,582.0262940531132,601.3407108091458,634.6981860898222,638.1136094558173,631.167011145346,629.4357281525516,599.8958670929233,585.9514087939777,565.7623995947419,529.6296044479029,513.9347277441508,494.5008257599045,495.3469658910771,4.688036682625288,495.412042302912,507.7462703109953,517.7235908269579,522.0529325800242,522.4195277997151,420.46864356165656,418.8574250454056,394.80522941173007,376.9136655975002,356.16659517021867,336.88990646612723,305.4141116113111,284.2101623389448,274.37373087417166,296.26165949957254,307.83274942883384,336.7859411203664,369.06217414485405,368.6064984342851,402.8785007249845,395.49003800685176,396.2561377640268,389.7156601903215,377.27011345918197,362.85144990881435,332.2212529487464,5.261702091020241,9.150400570743175,10.847777241727925,7.37545517309117,5.302583353488369,6.279013684754338,11.571875263825639,9.525390670386676,16.48437576037812,12.642154799030497,4.044722482961531,329.955976802836,346.9109002275923,351.5292539902926,373.256955104998,358.30763337661995,339.72402699617686,339.1113848978072,341.49516931810575,303.35111413986675,317.7040722693685,302.9220786708119,311.08911466628183,329.26378004419496,332.5114353968903,375.9027411286879,323.4639402141255,340.6440448751219,337.16979954894475,335.13700375584034,318.0411573693059,318.3817119093147,303.7546406946124,275.83958094003754,277.8602636441407,280.7192870383862,266.0591237896704,14.455515690821104,281.92277977514783,283.24181813065314,287.64632774079405,292.0136275236829,279.57142385269134,263.92344793680815,241.96545865536868,220.26917172399277,189.47748196673254,170.51327774412673,148.19867661573798,140.60481561812293,127.19030706403899,130.28216367091082,141.05497000318013,154.37609426953298,166.5995784408749,167.35551522723938,186.84027555967532,186.51781250205755,197.9500037762034,195.49581369118263,187.17359021639822,181.86924588301378,166.63265481110497,141.71692787597354,0.0,0.0,0.0,0.0,0.0
2025-06-01 18:44:21.146,0,0.0,0.0,0.0,0.0,0.0,0.0,76.30301154828558,91.61177881740046,191.67723082708386,300.0330472604101,393.2795010175084,484.27394785146043,564.8181987892281,616.7633681178321,671.9574631751428,686.5360572039048,692.5957461491903,678.2342506592772,638.7576254599269,577.9797575558513,501.4664801843978,395.13948531848695,287.26968588580326,197.70738925347297,148.69480994489587,226.22123387742832,354.35000423962975,483.1734082706037,589.1479273475085,691.6098462433952,775.2957618956375,826.1080058593583,13.936755901067094,855.7206596547269,825.4169760699292,775.7659683606822,688.5615272634088,588.1489362108144,500.1893772615804,391.5567406701587,332.80853295739644,311.26566089789577,357.2777309208963,502.1607552919554,600.0854567115349,751.3275966231605,862.5632732206789,941.9334849788019,968.2194783417996,1008.9655212988241,997.193564632573,944.6378140597556,894.9746322429149,793.1665836101281,709.3677897903801,617.3191226831437,550.6062966523544,539.8846699443815,572.4711496245416,4.509934000071058,13.884917771435534,3.676664763248188,12.46976447828544,15.871715520480215,5.3274737222542985,7.2123355537461755,6.0124372336206156,9.096668926723776,6.875967761693294,12.71937090586683,695.8889786039288,575.0400419039656,482.03972202645184,427.25100645687337,406.4454811509913,468.2664865540175,593.7928100448244,707.4792704246338,847.7502092735377,951.3925634448427,1052.371510672671,1125.3538309291846,1173.530526765522,1186.7083956635245,1152.5926562960474,1100.97190501983,1026.3864368939408,926.7631305709589,815.3689956633573,717.3451028095366,644.2588015350054,752.5498924838427,784.5918082551576,868.5394734003476,986.9554304136716,1105.7632686040051,12.812456307838502,1306.8525969393504,1370.869288224387,1379.7090610447628,1378.3100325036917,1328.3099877608279,1262.600941896786,1181.0233375116882,1064.0659015603692,956.2649959100637,848.0515010253089,759.4241077409812,702.205139628931,686.7749478178109,711.272038757007,776.3425964363793,843.8435935872648,924.6132094310318,996.4822631442248,1044.293203066433,1082.239998539184,1108.0932879575842,1086.759800346269,1062.741700275719,1003.1905327540354,949.726262750043,866.6988475858964,8.441354650780756,12.150491655385586,11.746585095119503,13.197176529682823,0.0,0.0,0.0,128.0,16.471538095885222,9.81014786784892,12.496182700126653,911.8208515154809,876.9029368363534,864.9696140445786,804.4580073236235,752.1507279402696,645.2410305642964,609.0132066983707,545.8128034783781,508.83727951426926,488.7250571639872,481.8824979375993,512.926194418367,528.6116899956131,565.1580276457429,589.7248404744512,615.9944967789633,619.1316251218393,627.1618593104972,615.2829135709002,596.0259312074554,589.687067168376,569.6328063887515,525.462685728053,522.4240486454611,497.55654979416386,489.4815308653433,4.949508396379142,488.09835197861156,504.94886260687906,515.9098105093839,522.7988537648596,527.9369764450664,429.04491850477774,417.5255723039743,403.6513169632617,392.5171476109093,372.1246483064892,340.3184533038769,311.4087221954924,297.3113893415365,288.6657370184166,296.57694476708167,297.6068654255089,321.4807349379902,344.4887356472402,355.50251754952893,382.5457680360721,389.09102973747315,404.12431526803067,404.9354343655223,390.8652899796315,369.7021002543905,350.61401474903033,5.830951894845301,7.753505105908449,6.082762530298219,11.523886109609046,3.0519129046143374,3.0344827586206904,13.253361101218957,8.535265811663395,5.252349356398468,6.222070257006045,5.969051612381605,327.37914173401253,329.54262783997797,352.3048784269233,370.06860506253264,375.65447119585673,351.7285870472907,350.7063912851662,341.52781651970025,314.85268284935256,317.02520388587294,312.0981687577025,319.57287154506395,309.424786216164,330.30097429315805,358.5166213722931,309.79337859625855,322.61770893276605,343.96021801310496,337.2654871044367,320.5071142845486,320.71382395693746,305.3630020048419,284.63093255005765,267.6886480828069,267.11884983856385,256.93144446025315,14.888719393741642,263.0603135741506,263.18009696616286,265.81281820312734,272.56051382337455,264.0424743664449,251.29862714239778,235.43986352496245,228.59571961295697,198.0773265663126,183.18361875763324,160.99332795811503,142.33359564373072,127.19725352981776,127.52827794230842,123.13377507981845,133.63574081309687,147.15543129029268,155.6515140779132,172.14843112430262,175.87544051493353,191.10809551205637,193.5340037812556,190.23924253980732,186.9543763645527,174.57214116893113,154.70710212682778,0.0,0.0,0.0,0.0,0.0
2025-06-01 18:44:21.147,0,0.0,0.0,0.0,0.0,0.0,0.0,112.9851249002089,50.70296219363175,127.58528414486914,233.4637869503012,339.03310474514313,421.9519019253082,514.2300301923021,572.8467517047189,630.0691613092075,661.2937317589848,678.2002048024754,674.4550401852957,647.3081731199217,610.2317768096227,533.909686291797,450.5816387119512,340.4343370839834,240.76588147740384,153.39176903430285,172.75615845183478,286.6700335179592,413.4082253402741,517.0044113503491,632.3820443939337,725.0354521114226,786.7697223344652,10.428548438384816,840.7214967914075,826.6647995939951,789.6624871918699,713.8703230436496,617.7902675368174,536.5708060733086,426.79671503236887,356.2110201944866,316.8714050222586,328.98138238885974,448.2000496492179,573.9182041853182,693.2766872302436,835.8131139685837,913.2978439431847,1016.9298679986305,1019.4093446915698,1003.983436995317,982.6948053609274,923.7159982620416,813.5756563064472,735.9500863995041,641.124818964322,561.6553242212436,538.8658942011241,569.8236049768742,8.893243041063162,9.755580846100774,2.1432923630596914,6.892252244236092,5.8213638432276795,9.560709853328934,7.411665145124267,4.126134257086579,10.38409247566923,7.366074599439412,10.060290734010854,726.517696597825,608.0008670381505,517.4501315313761,446.3271502141198,407.5848960327865,445.7727020015743,564.5164456330766,676.4755414134731,811.8040661881031,918.6765959444979,1026.5945638858311,1111.6807739849648,1159.7819717227474,1175.4661267750128,1163.8985464638954,1110.843510719704,1040.114517418808,954.3029158065916,853.7952180513345,744.0524698917274,652.0250902929841,750.7767525194109,767.4098256818638,836.6662542847671,939.4969440452211,1077.2115250812042,12.119086742127301,1294.1528552724978,1349.078976857935,1375.2903764357923,1385.8761849452228,1344.3175734217577,1294.0596033449197,1189.883011100921,1097.2921761899083,986.02636917072,882.5704585084593,777.7522254462953,703.9584838530315,678.1132965397695,698.4778052559341,742.5682096175842,823.7260591243162,906.0763912989014,981.0193834167444,1036.9288303565654,1074.458283095669,1112.5411645893614,1097.8884852218896,1078.960873392041,1034.3156854893455,962.4572636034859,890.5259287472346,8.295850797537975,3.161241794748553,13.804064563319967,7.878798060390034,0.0,0.0,0.0,128.0,12.457473547674681,17.52556850980934,10.343794096552767,916.5423251443095,886.7840220025279,858.5484989479289,817.4540780021491,762.100882626909,660.4883051583881,618.7524076982153,548.4692989088163,506.6712707478096,482.41971371655785,470.4475103453515,492.8972037281457,501.9628428853114,527.3230851671739,566.7629984706313,602.3106480513064,608.531385468018,624.7947070825417,624.1110291646322,603.426742849436,597.2890178652225,582.4471692117338,550.2451949605202,542.3089867616798,525.58167982843,506.5223991626204,5.275535539997388,501.93225813050094,503.1772683553571,510.5525058912706,517.1713334364164,514.3899873411569,418.8462738124166,399.4254581635906,397.1066390099122,382.37219125956625,368.9362030322156,352.4181796730304,309.73618964213154,316.4809655066025,305.25737352893117,312.8996969331666,323.9564797687888,343.6759030628527,366.9870032504037,377.40238300412824,405.0402668856722,411.8562496849633,418.19511310170293,416.1439554400174,402.39976338111023,380.89917407368074,346.1159610236178,8.94525752199094,9.374376121533889,5.677037720094521,10.011955085913518,7.953638258987837,6.327983012613227,11.831193903459873,8.268839965825956,5.749425287356317,10.561600707833044,11.029394678032752,342.65328235089163,358.4846608508314,362.76341145121773,358.5381503347443,371.65940898057767,349.6365224423261,330.90572983073963,320.956807028212,305.98850578219697,308.4663662753933,303.8478529400768,317.5561043112334,322.70518816805804,343.71522910539085,367.3828923338101,329.3593985187791,345.363475107112,340.75891104517694,343.49410937615113,323.9401395742859,313.2748625581733,293.1409667896383,290.99839435868887,265.4706901213041,251.58696974874007,257.7833255998068,10.612150078715976,259.70880801341383,255.91240815833157,260.9625470040104,264.92261559114104,251.63102156601158,252.8170730481902,231.11215023224452,219.31876032663075,195.26449375947337,173.39640204496536,156.26332342454253,140.4616429554866,124.08823122299397,126.82893407853362,128.97883229374128,138.39014917818403,151.03307738751923,164.5817344477696,175.216021877976,173.38185588144364,184.72787366062437,184.86131711901686,182.12825395505183,177.2920702083905,163.02944234136618,142.76381573032558,0.0,0.0,0.0,0.0,0.0
2025-06-01 18:44:21.157,0,0.0,0.0,0.0,0.0,0.0,0.0,133.59444753303293,58.01907989703916,106.2688970609642,214.06204783980218,319.5896103946271,410.87118834689574,495.1219558413169,567.4599147847836,631.0188162469118,659.4302612897973,689.5608142656637,677.6241240432032,659.9349464413439,619.4559510018123,549.4071779250684,472.8191397453621,363.7657032546667,255.41022814097974,158.3564969111809,166.50122419592566,278.30123209363245,399.51173750214065,501.8549469661464,622.4597829964982,717.3695361153818,777.2884143903389,11.613755262126338,832.546931168736,831.4217722679742,793.3800636020859,722.8204060549101,638.6652501637301,551.4014704833946,440.81600562919266,356.8550321342143,312.8786092762198,330.6360580124899,417.64286093285136,572.2797806205134,683.4183813276368,817.6325173962914,922.5424901486128,978.2623807683007,996.7657521009631,997.803159090992,962.3357671758737,919.0659528477772,817.7474142288116,747.6843320671802,644.5418266756411,579.5042069955521,534.9737898290747,581.1317728722374,17.54187837096173,10.12193868940535,6.664367816091982,12.146367630194048,4.015534908155939,12.237993340608497,7.127725545371224,5.793391921391525,7.8526688646208616,4.995148024102613,9.929345690113433,742.3829362692916,633.7278965892011,532.0919666967294,459.6122390418902,420.70137909190623,440.136368076128,557.5511352944545,670.0328028827722,803.2423682900213,920.3861110967713,1023.4204908033115,1104.7786445983065,1157.3579963809507,1177.3753733138954,1170.5425209088307,1127.9144423062035,1052.1788372907993,963.3253205180777,857.7652100984589,736.2811525962898,658.0577002330839,749.3305277073304,763.250404683462,828.1318834026614,943.7588656903631,1069.4590814901228,11.007943909140476,1291.1822633133415,1339.7618635538845,1379.7729428927685,1372.4832576092606,1344.9568493927375,1287.7134985433547,1182.676624553665,1095.3263171510514,978.8350715162144,862.6259467033846,769.8696316770161,697.5979318985331,678.4069756430366,690.9640520138282,739.024729520764,818.6277848190676,890.0031932163096,959.3738274267814,1027.8794080464877,1066.083261735342,1082.9286576485642,1089.3991195168842,1061.744203881346,1029.2585798872274,953.7641471896856,886.0745813563726,10.692232327175834,8.656818841755642,10.229675987646516,5.35639288462924,0.0,0.0,0.0,128.0,4.743765169820546,10.078843593620244,4.194277076028972,920.2988691833747,896.353730207911,874.834544640032,828.673297958324,764.2399583282358,658.514983915346,620.043438668045,545.937005049687,508.28340897320606,482.5497384743812,485.1086902825097,487.09494392772706,505.5443009393431,536.5617450779848,582.643697047417,610.3894870259666,616.5688469121792,633.6266942439478,635.1006653921576,610.0909540669755,617.7811593913099,593.4261879661668,558.4298474748222,537.5607582802845,527.4266444930722,498.69298752398464,6.259084554691913,495.18171211624133,505.0063258004778,522.8295923881997,520.9704374266512,521.3215142867018,426.90062623812753,410.46291019667336,402.766154148854,375.29765687656135,368.78353558289774,351.6140547360579,314.3605793259224,316.02315972892194,307.0185808902219,304.66685423436667,323.56883570666434,355.22486264271885,367.33436945815777,383.1601829651219,404.6749511731414,402.4722468403119,407.69654578958824,409.65036694853615,397.3356780639651,362.1518761452414,350.5620069015221,9.229455463324843,10.824475240314726,2.9770114942528636,8.06225774829855,11.795255226057197,8.168443762458132,14.976507728189617,6.324555320336759,5.836015149675186,12.419097546150216,13.198449112142239,346.37369872112544,360.9511398168685,369.601308571746,348.4105192103887,347.353755565595,335.29239987573555,325.07507613494664,327.89881151709267,305.0350056122049,302.53758696615193,291.3032696399837,313.91303419644964,312.2494337511061,336.73405926953046,359.15048153847295,337.43613251055615,350.83218255902784,323.58119818758564,335.9464766630417,313.2454683417086,312.4806046910142,300.27413318751144,289.29105551123115,274.8400314166274,252.26309705336962,258.88595308188445,12.310567638269664,259.3286486704293,252.71161233033902,257.0364525601766,272.85085542596187,250.98760925311106,243.21831163068714,232.18989398941193,216.79724133642335,192.63932222684016,173.30465973179125,147.690193091176,134.3587826895614,122.24835799802386,124.55827796050932,133.320410057932,146.51471700090144,142.50663475385454,166.36525987459757,184.59349044104047,179.21837918567425,189.40330302273804,183.61262866934274,179.23038026093477,173.40893472515754,165.35407478297387,137.8947612691171,0.0,0.0,0.0,0.0,0.0
2025-06-01 18:44:21.157,0,0.0,0.0,0.0,0.0,0.0,0.0,138.84534468024415,58.67395713075841,101.00343321633657,211.4772702586366,309.5926693634152,412.65635102352906,495.67756728950764,569.7277178155225,634.8225769293624,665.667083533066,693.1563259576347,682.5783523415853,657.1871736100169,614.8834320249084,546.5970160646895,472.9036783356728,367.2162476879004,263.39814877206123,163.66081356437388,169.06049939077823,278.5338937240079,404.9704750975124,514.5532042677843,621.7229614200396,724.2925076806724,782.7978602218109,11.331832398515115,839.4012892309117,824.24542242809,791.6991348046158,723.1056598148007,635.6621792337686,555.2100748632995,427.1182410408268,347.37188148229717,276.7986665410199,316.983999485484,421.16556358912544,558.4232335135621,693.6158056387951,804.7916397446459,909.1564629467395,962.5629564303393,1020.9396828551961,985.8406373806367,956.1175195773676,917.1940921864596,826.6640903951052,727.3936738839378,643.1381446935477,558.4845670973247,509.7250534600272,545.6218868720331,11.479349772144944,12.505114114922153,13.857013539598194,14.3284304479554,6.5052894016671505,9.841307435609743,11.946820252285569,6.3838289971589415,6.221954168570506,5.555459181567372,13.625851574057016,759.476898495329,638.297081076514,535.9280175433635,462.4890046349585,424.26307975772175,438.39810741408627,546.8813181915856,664.3623114868477,800.94511855463,929.6420773837057,1028.1614101771063,1103.18209394558,1151.7701490831869,1186.0198963530263,1160.8677924538865,1128.0878115392309,1052.6746231384514,956.6420883654604,843.9418115035782,714.4754139015007,651.37280982185,750.2626371204349,752.5726530390851,818.285856253828,948.1398777698098,1067.946868962315,10.222632533198999,1266.8482603518482,1335.973613331394,1364.353359196192,1362.8355754972479,1331.8848311130282,1263.7369161538525,1184.8620959050063,1075.3506947846429,950.3419710618385,843.2290612912054,752.5294496352152,677.7853702106746,668.5236273244118,674.9003496520909,747.744796685155,809.1963595292628,887.5184593214033,955.0794702348431,1018.3762456098997,1056.194240597921,1055.432952125195,1077.0465757856061,1050.6072895971975,1011.1169909760035,936.3076908195251,866.1916410463828,5.37276588388674,10.07185266545676,6.463478703535326,11.108067243989721,0.0,0.0,0.0,128.0,11.734556351056234,6.926704711540765,7.189352235952284,928.3567092354773,902.548511006427,865.0704833730296,819.1524714694608,760.1356601720013,650.7688590041083,607.493807749722,542.2045692613383,496.0649498907034,479.42601123070176,483.6799655025457,483.8626094738889,519.0895808620197,548.6866643748015,581.8154919555052,619.3934347467265,623.8340272082983,633.2204268086798,646.0188499299203,601.8547689809171,623.3028415297345,594.8089187607732,546.6710284792036,536.8709950074682,512.2771354710242,487.8787717302938,6.3838289971589415,488.6507587558752,507.94639108937037,518.0633529263392,518.2833115207403,532.7438366825797,432.6328121125546,413.5849103384018,405.407379082594,378.6599082784207,366.825009118333,344.76207192646257,313.1179817623711,311.1713533679714,301.79311126846665,310.41790010507594,313.80901906222056,346.4710546466881,352.29727204929054,387.08177428251935,396.70035286770946,396.92071041788734,411.0007157142724,399.8738863071818,384.58303343701937,361.98910014335917,348.1061579899768,5.988699399396088,4.702921488836324,3.163082227756358,6.402699990682733,4.514123255011362,9.538716228584516,15.71204922344791,7.159481690313374,6.069249331891953,8.300614962789455,11.373490121131862,329.1061772188735,347.6459474199245,351.44213856424966,344.43051400329614,332.8041442476028,334.4911898029554,334.1650836995374,339.68902727874456,320.6721390556702,285.7363318704246,294.76537393408773,325.86514702343817,303.16231229698894,346.29688396130103,346.99572481371825,335.4711641934324,334.4431933262324,321.0274444763222,326.40761527312395,307.7191092590207,313.8745911474792,304.8349811634387,288.5558603501523,267.46756565117425,256.498264359626,261.0066359496984,6.656205036925737,262.2622091739406,266.32565277940176,261.6943259478791,269.44756863336306,263.45666787607513,246.56595995791528,228.93915965328037,221.27849170386457,194.73819414250323,168.756808348833,149.24535477208894,131.9840062664312,124.83720721242832,129.90929156523305,133.91499445347424,152.09072884169998,146.92254349144156,170.17775238480735,185.87012637208886,185.44541635213227,192.61572106652483,191.65821523528703,188.10348720930511,173.02789229750482,168.4455215189593,139.09950482149992,0.0,0.0,0.0,0.0,0.0
2025-06-01 18:44:21.161,0,0.0,0.0,0.0,0.0,0.0,0.0,117.45550252699448,51.05362410704889,115.3442701711583,224.58137742521058,317.6251006294763,413.98483146793313,504.78929017091724,563.1718491561161,622.933911317102,657.6099782897255,679.7309594737818,677.0333677282539,644.4129487475726,594.2915687846721,534.880902446083,446.61656985252455,352.4523528231323,240.7054001797069,162.20756887003955,172.57622459173413,280.11073622080426,405.7920376427782,519.8945885672812,627.8111778925572,715.8169553945093,784.4814707097233,9.805933900188938,834.7682564879115,814.2826849470025,775.4775640148182,710.1580206389575,628.2782799266465,532.6779507963072,416.7076715371393,335.886405663876,263.69446102336474,318.25112825823936,443.243248683434,547.7635945232006,680.7051831369281,805.5190722774232,899.2846244228537,950.4012000775891,1018.7935640776034,971.4015614656339,978.2708659450745,910.0236337058493,831.082642151544,712.8467693994775,619.432647504687,548.2850424496303,506.87157184874155,538.7456574008095,8.133932034903095,11.541098716547515,11.473546545072825,14.703691644931311,10.36925723554726,8.336853104151906,12.022550515797828,7.857019059864774,7.710979144126467,2.393103448275852,12.222835638867624,737.1322803811398,620.7236391959583,516.8148287916227,444.36315308837925,414.9554129722214,438.22724588540785,539.0794508150843,691.5034359725249,805.7035805750771,935.0011126870861,1039.9236351332797,1106.359552002684,1158.2773257606361,1189.4255697352773,1154.652628117657,1122.761396733977,1047.3324105362337,950.6753109776347,839.6179964863669,713.5755946372037,650.2905000410334,748.4250228985286,750.5486683637967,830.2597404587116,951.5841889742087,1075.962481517886,11.180339887498947,1266.9776811378654,1349.410788368803,1366.0747311006908,1369.4028249768467,1328.1739773660433,1265.788567072741,1178.8781001581253,1073.820763728852,946.5003582710013,839.6006901656341,759.4859063903154,676.7106925696753,659.2519355912325,679.0502899499679,753.9451418534828,817.3960892008872,895.365058863974,965.5201605351273,1021.6421256548514,1062.9864459490543,1060.9785578270398,1066.3317602607442,1046.6015644799477,1006.7100196586664,925.4047596776234,859.5563237506746,14.266099284078793,8.322927934673913,10.144963438819019,9.631320766629543,0.0,0.0,0.0,128.0,12.917308635574464,11.204798462382229,13.092011537987302,917.9642840708855,879.6405971777608,849.8943186155021,796.5733190810928,736.6352838210572,637.3389223301401,603.9709094149043,542.8495855291188,489.69216313869657,475.5779079098073,490.27630514972395,493.9834938564662,520.18078495672,547.7236672049613,575.0845423575062,603.1161454956961,612.6176749315691,625.6115684581983,630.9558168858229,587.8363306293827,601.6345683221186,570.0236545582613,542.7632013299985,516.7649884484317,493.9278392334545,486.4957445938114,7.270959393965002,492.31876725903174,510.91481933192745,509.2139245162449,521.3426728120494,536.5469120972108,429.93224013240285,401.989354810714,404.65698289581974,385.074689381955,371.06701773497355,340.70681804823664,308.3863086659413,306.5679124051314,293.6053813557263,306.66020588492347,311.4938455851892,337.79543672561323,360.2195798665932,384.2960939303798,396.38832814334734,399.68383424744854,408.21104893236947,399.6492164582402,376.95791990124116,364.7155691393217,343.64240131777143,9.73240289412314,4.9065604493588255,9.091251175809523,6.21278647745972,8.887737643615184,10.076694187107483,12.812563678609893,7.667510854109958,7.544602211330944,6.867098521046572,15.549968169904055,324.0710152403465,333.8931558590557,351.27606588522787,354.72427860163396,359.56232715442013,342.1902214355617,327.47775943120143,323.7406685879935,323.9461523076953,312.4096972956004,291.7412281054803,302.79003709617746,294.72438929397396,324.1459178694818,340.18858864847743,324.9717167535574,328.580265947776,335.1223115378035,345.13376646791284,318.52596948239494,318.4833225623019,304.6048478393545,281.99965348085004,263.99589463233934,267.8737346378747,257.30676902016455,4.253088384328983,254.3862141574575,265.02501416332603,263.1849764825014,261.0121976506594,263.75793927560716,248.57659687518856,227.574235331967,214.12248055083916,192.79150075179817,171.64184219888637,152.85319755912172,135.11351134404097,124.2098220286839,125.46483389841107,125.95769019920544,137.20107848817142,151.40975588107096,159.4170697266815,167.01350569463344,177.0985813085831,183.57264296920332,180.67528706794798,179.616684717959,169.26963683795643,163.15718933678244,141.27386079618427,0.0,0.0,0.0,0.0,0.0
2025-06-01 18:44:21.162,0,0.0,0.0,0.0,0.0,0.0,0.0,78.865658635594,69.8402545404791,164.26694484143167,270.8925532517053,361.37231349042105,444.8370751053541,521.5664046251824,576.7993438050581,633.6191293964596,640.299954100676,662.8262401921514,654.3846732958468,620.3842289073723,561.7305282135472,492.3410000200386,392.53608732091277,298.809359324295,193.06650916652745,147.68367319857114,205.6591553247007,320.95977770039315,441.5186524005486,554.9348154486942,655.5121853746693,732.3589385539331,792.0886314258358,8.327305489631275,821.6378682255188,797.0522822449732,745.8347634427323,669.907159894942,603.8367129309459,479.4018763767795,375.32785237614655,306.92461921882216,291.60610413403936,327.28225869221916,472.0736568105274,582.6863888961395,718.7209317916834,830.8258316851333,923.9722603646017,965.1262977203932,1001.9309293466262,975.8777581731285,970.7901734538242,868.2229967878686,780.3193797006854,672.9100754407177,582.8305611368712,527.9740861576361,518.9110199198185,569.2487549250525,18.246410144511316,13.114001645727779,13.326008873843127,17.45456797052755,9.117873782690985,8.746438219409388,9.5185268025337,13.775361860216428,11.163639689119785,10.068842363589523,11.020453567166257,697.5312788115615,590.337469423717,475.6724566072887,418.47267002703046,406.56967210629716,462.058061366141,583.6819490358805,726.5824137416311,841.4790768980747,950.6094042656498,1052.9920470265345,1123.3699354497455,1174.835896359873,1184.3664435349683,1164.3219012472618,1111.9061569267653,1028.6477508310452,926.5086178333908,824.4476677995838,718.4689668354313,625.9750992045817,740.8367105318285,764.223813818938,857.9308438586993,975.743951334702,1097.6946480109596,11.606017493540488,1295.5056790134606,1354.7914322736033,1380.409641592859,1377.9228633407852,1331.5245144658559,1256.2637991270099,1160.6893016996105,1051.7138824026401,948.3877215343376,831.2433846144339,748.7845783329441,683.1911077809979,659.5200952785357,697.6514073916524,760.2306514396633,830.8574370705921,896.6713819337078,979.4828461227679,1029.7917677915736,1066.3931159832857,1083.735873735116,1061.4973149219795,1036.6504087924786,980.2521531068163,919.9475976284194,859.8107119642187,13.69258391517144,8.127858659407122,11.87997485917585,10.806447965861759,0.0,0.0,0.0,128.0,8.238680997608473,10.516769245075082,13.521524965002198,903.5701647739243,881.3047419764779,835.1513957028878,792.2967532793531,721.5653467301005,638.7737475022641,606.6886662450192,551.7281020565586,494.8210102643832,478.5997165149727,479.64335705099325,507.57858191430523,519.5717414470354,545.1877508939984,575.1349969384333,582.4262608579193,613.7783193976944,612.9666000966774,610.0846156184199,584.5207848321556,578.6159168319173,561.8015649162664,547.3806990205749,511.1379530110566,484.63185603601573,490.9284658159055,5.580144407326354,512.0783273594673,506.3809960565092,514.702154605717,529.1025010643099,529.4333034760767,423.8404536862026,406.96079713456754,400.69829597618764,401.4143302548052,374.2930089201002,347.2589944241827,309.87225776124797,294.7152942834774,287.11397127388415,292.71639723665675,312.20610486382367,321.0487308181373,360.0124649479854,378.5480833924764,388.6993666754284,405.83684883555657,396.05187467261567,403.69934504063866,383.9768742719246,371.5214890148878,352.3958468446537,9.603378805604496,4.925364475851129,10.1300748964352,8.848193012989556,13.735992567785015,8.506797671304449,9.960279150987114,10.616854088745791,7.183419738754657,6.597668735742824,12.52847531003155,322.03191960882356,334.0789343616584,365.6473377813711,375.7452503968754,363.2683457895515,344.58021737701534,325.91336173683754,330.25464105674877,326.0979568546447,325.71837699325613,293.6356626073863,284.1580092512053,300.4426193265792,318.0594461646035,335.56590141502977,312.79635557660896,329.8921611414459,337.1790431268498,341.3197075230735,324.4560340039075,318.472727913217,305.39509431442207,279.0059885609189,265.82892109093706,260.10704208299694,244.80897944354612,7.688887125093727,249.29359088378106,252.28477118155638,254.2367221134591,252.60690264265585,256.3253741275042,251.8575000362387,233.34910112728755,214.45382256707438,193.6949176158161,180.71333514840026,163.1865298702517,141.60603767107656,120.0432535882442,117.86204435359723,117.0321535466512,118.12339996523416,146.9912787675261,144.86087297225725,144.57974771221777,161.92992677079616,169.95600933939306,177.7351328603577,174.20037863774985,175.5394792514256,162.5947334338295,145.6170893345926,0.0,0.0,0.0,0.0,0.0
2025-06-01 18:44:21.167,0,0.0,0.0,0.0,0.0,0.0,0.0,48.12213143020751,106.5863107925198,211.72003912244577,321.072935599994,408.35663045046505,485.1545339296063,555.1715872174817,607.4460007255631,648.6992235587663,655.385651354394,656.3121261948352,645.1270076194633,593.8558296586001,536.5310914036789,448.88871200255403,352.4683879173998,251.96551813407194,148.94801567635898,147.96586297168705,244.93407749111176,373.6969434911158,491.0613933472427,596.2494866140437,691.2997508684692,765.3831317110718,818.8754416768196,11.122907410561936,823.418327450389,793.2362272464893,735.9322782092141,640.4052070101108,562.4301253248342,440.7190236182271,343.30354797716484,289.1397491048491,305.3180291884233,357.89418328176066,515.2764800006083,643.1661973182038,770.6813542571642,883.5443028147421,924.2372311653903,983.6323535920521,993.4663653813122,997.6971784419136,955.5888582199657,840.9158432063386,735.4525038555535,649.6319752476546,557.0726075230822,517.8958384494945,524.2058702958604,578.5590062659426,18.116084158883908,11.29993332714254,9.403942919335723,13.93662295202017,9.078595046527548,9.333288314704117,9.694677799992128,17.922156190848565,10.581140409058847,10.934679816783081,6.318350193971559,677.753014560232,554.8145923599478,456.37212456635024,400.9619881085076,403.9384293880874,464.1732218576411,604.980927817916,733.992782250938,858.8000214524376,964.0435158379961,1067.0842852052474,1139.0181908461918,1173.2814282797399,1173.3340233078068,1157.1649797765185,1107.2201102675056,1028.3903107613764,915.3264992682809,806.2191176496377,706.9923601637277,610.2239525314527,733.8013933086899,764.759116085881,861.1576916022234,979.2662081166615,1110.989123819284,12.781692782857034,1302.9319501600364,1350.194602887897,1384.4826728587589,1367.456739666433,1329.2602493577078,1250.8173998845557,1164.1196031746078,1045.9464576419252,943.6011308538637,825.4902360828091,746.5465496620495,676.528392335091,654.7226345331856,688.6641727210015,757.0266217429488,825.0809678194522,888.1438418496937,972.6534521863363,1031.9937553436632,1062.8805065658612,1074.5535134775864,1061.3039447942438,1032.0061959114378,985.2059060953793,930.8720157283133,872.3101700735087,3.356120289964793,7.35835985436296,9.592303573825056,9.481947121241177,0.0,0.0,0.0,128.0,12.854938921240514,6.242211710504972,11.545914599413786,901.3087893093,895.0851922733387,838.4583438488837,805.4058513550107,730.4497908178862,636.9621970281438,612.9125482529216,555.6650152605558,507.67122815892566,481.99919403803347,483.1980239918175,498.88125743768995,519.4196969996293,543.580603172388,574.8980017766035,588.2769050498421,615.3945306395639,611.3236033963758,606.6622166112901,599.350379479035,583.3446454284551,575.331298879292,555.5785602074718,529.8036815326145,511.66791152730224,497.00922783416115,7.144465330270649,520.5817742476759,507.044410255689,523.5288119722763,541.8924305717122,531.5361843888788,429.7512566327958,421.4839354274782,413.20138404664664,404.51121942958383,380.57875860761834,351.69575606811173,317.0617944762724,301.7996611993658,293.00739618915816,304.58334256951946,316.7602502870195,318.06639451326055,360.1945554894707,380.08076249536765,402.38350024849353,404.7767221281826,400.52305076440285,411.28063515666304,409.3837802810929,385.32558847285554,356.10036804709694,8.676419960567758,6.509680544956677,6.405666031251606,7.743351790331769,9.896774217146678,10.698687969251194,11.166870161974854,12.673348171144752,7.930170758631073,5.0990195135927845,6.928829274641341,321.0968723587476,336.464073160354,361.8590052886222,363.2414369167378,354.7237148469514,338.39248405258627,342.9867718176779,334.5540849026104,307.8886716903305,298.7440097931486,290.8736593677061,293.2630150668107,311.5875480668218,315.59200230301695,333.04720411981737,308.4223495745653,323.6246754931881,325.0372093413589,328.67319098125614,322.24634145671047,324.317733162779,299.96121648601763,280.33239916633977,269.99778374339684,247.8814571822003,236.93812408958826,7.129221908012219,244.56801333146856,247.24688721330097,253.4634736005932,242.98211344259963,250.79813921230343,254.60030204198176,238.66075646419716,215.1380836659712,203.49239990738144,185.85548418632703,178.4564654555419,139.89405695323194,128.169809597117,115.95478957119875,120.18564151179453,115.92209061334434,133.81773282504273,135.65401561149895,145.4609242161012,162.54805961284254,162.4830351094771,179.66097120964633,179.1983781831559,179.91593425671218,163.66871502444792,151.50972507003317,0.0,0.0,0.0,0.0,0.0
2025-06-01 18:44:21.168,0,0.0,0.0,0.0,0.0,0.0,0.0,132.97821801872763,114.07378236477511,128.05107371163982,224.66842797282044,319.432675921148,411.2603756948051,498.7674056085997,567.1784178814471,627.148655067745,647.1529408128947,668.6734454964586,673.4617764559304,646.7919853468446,605.1499159147397,548.049733385675,452.03084712348556,355.0908494564148,248.76499308495931,190.35418517366335,200.00101949709835,293.9840923043339,410.1487477032539,515.4021914066398,625.6631265531505,724.2700551944243,791.2407223661016,9.831049386934708,843.2266177860536,830.1926196505535,795.9603400424538,702.6833297011649,629.3995568828004,533.6769163624747,427.6701505518547,357.2948043836139,310.348174849833,339.2111810957534,460.41470031209815,579.543658554651,705.6857778258785,843.2748137014408,916.7943565324568,971.3731448378786,996.8337794408383,1020.3617064975227,997.4841027690618,895.9423459723681,802.1617439854929,723.6973446526314,619.2330279593385,553.5168409907892,524.7253993998228,556.7087816784101,6.9439377557676165,9.588256495012383,6.666226699711291,6.389922461920134,5.946102089116463,10.966686319496286,8.642210872514156,15.366422908160358,9.670295528506022,6.630306375948127,9.457551841479628,744.6212831619446,626.7408976798067,526.0696115796296,433.76559899197616,419.51123524765234,434.3168469771623,554.6639805153005,689.009851696862,818.6697135750318,923.7525607205293,1039.4707277639613,1130.9810237031527,1179.011288564745,1201.0171678072327,1188.7442589140835,1141.3516238292686,1082.52552347752,967.4732089767829,863.6722253027538,757.8283636565176,650.9637603461922,767.0517659768396,763.8770268052727,835.4281763666356,958.3940026537748,1088.844224824463,12.671327261198256,1297.1560220229699,1349.312734979864,1391.8384342491156,1382.0991487817953,1353.2938089099591,1294.10731416428,1197.9129189377238,1091.0362162292645,982.4407244105395,859.6797307067823,765.5590832907566,686.358846554728,671.2322775475546,684.055354981268,748.604413056075,827.0599637339695,890.5693617016382,971.296946493148,1032.1415046455202,1065.0972226098136,1083.0857275003623,1080.0727561162714,1043.6180343398923,1009.7601464566856,945.1791989428023,886.4565424480577,8.111569770951068,11.262934576644652,11.754283350116271,8.68875506874993,0.0,0.0,0.0,128.0,12.745209006327066,7.466075027663501,11.051930486738293,914.4126914666397,901.877224500778,847.9663383645245,813.0806219909928,738.7998576601366,644.5349614724065,612.7334532610947,559.791157999186,517.5980598877463,483.5106481352978,493.2832378210849,497.18987403382175,534.0711261958933,560.4395905164023,592.9133964000742,620.1255083248884,632.5521038870339,626.4585549829069,619.9307938629987,611.1359099562219,604.8739931578839,593.5081836176603,566.9189520740297,536.6668113422886,518.5681188258221,507.65433527130233,7.094146884781672,527.1287243441377,523.1388969489172,529.9300850875203,551.72172096794,538.1569912593072,432.3012204199321,420.9206967096478,418.3558213078274,399.33503835471356,371.6474319716237,343.4495913334626,322.862021658221,308.2386873877677,306.5401846339131,320.38004827083154,337.89086456661744,346.9205283434059,377.6398158684696,396.8799915588091,418.17369333341213,421.3728712274979,414.70957672749813,427.70596748438527,412.8974149138055,380.67499928545146,349.8002870028291,9.708532113525399,8.132355701684748,11.071025659843464,4.607620731408156,8.900018293571193,11.489658283742147,7.1739891464245105,8.702673760706066,11.473424980857896,6.307393721732431,7.290937020524419,330.61041629793687,340.3632327899156,357.2996600140253,355.66832110010023,351.2202487316675,332.15938290044176,346.79677061705706,310.542044552044,287.66932608476554,267.10882886143344,291.15144025281427,299.09450095474017,307.0507231615615,303.7402647595788,329.5639744105626,318.67221700756386,325.0368267627749,332.4596886682481,324.0264924793342,320.34987915371175,310.213917349045,294.823196057321,274.9666087845486,264.64411332884345,250.45781898686053,243.83917081329554,3.077643388384536,250.20811529344525,262.76549203164296,263.98797076182694,245.7177166278524,251.85256379191043,243.90453757658494,229.1046055146349,215.15929507587927,202.56147474182876,177.0609327949615,172.28115701217814,130.39718320435853,129.1626881389372,119.75007080117996,126.68047309559958,131.8839672085567,145.94406380137002,150.67117473888726,159.1073930668213,176.65972499468998,172.08937306056205,178.7082429440036,175.17303691663454,162.0947587162223,152.9717592187426,139.63024325842724,0.0,0.0,0.0,0.0,0.0
2025-06-01 18:44:21.169,0,0.0,0.0,0.0,0.0,0.0,0.0,162.00996879674597,91.02939530978601,98.24195628560429,195.39555402322398,290.7421322906942,393.374315733427,483.47540434699033,560.8271837617297,631.0366011977555,662.1796123651771,696.7369915025196,691.5155694879622,685.5806180134899,645.8329934000806,581.0122838176344,500.256275517566,391.29135451786436,287.72603447083213,194.63122164099065,176.06503530209585,264.9978849201138,389.3717485443426,498.2423622277556,613.8924401408564,719.5837737442698,780.8119751581893,4.334853232746482,857.4437845867058,851.0016915760907,820.1681411636645,745.6730700295722,663.6872001652416,578.2430156941617,462.82892137536663,373.26369188861196,321.83311441886593,326.85643699373475,435.02743701730435,564.538276414642,682.4780953307251,810.919635957364,904.7045557969877,944.9132635437837,1001.5280678788672,1013.5889163892869,973.4209979054789,918.0271739835672,856.4201347260907,755.545231634435,644.6475227907165,566.785862533564,516.3842514773062,543.1575901125537,7.6872554133429265,7.905462353718741,6.28302705625616,9.612150699262603,5.504164415348354,7.847589977684642,11.723391886223574,10.580506117303944,11.932658726808832,8.953915700593907,15.157099164521302,762.8865231753841,655.7384193264561,552.7110484076038,454.46180313137575,438.59877105029665,446.07765672693506,546.505436243573,689.4497143242177,805.7423070604223,910.9584259228874,1025.4272851802784,1119.3156750598205,1163.010762252544,1188.7382201775304,1181.517857713291,1146.4877188087507,1080.099342553288,977.8838439817832,869.1748538396513,746.0675727920266,672.6978384815685,779.7634237902528,770.3333395173872,837.295748636104,953.7699856700566,1078.5200782471636,11.844879071457909,1283.709603794924,1356.5829905309893,1373.5007199343997,1397.6590506137175,1341.952482531327,1292.7473262776082,1192.9740735417824,1099.788269132566,995.2164597008046,878.1901686562863,774.3540544136598,702.0289775258323,683.8817273231103,692.9226483218231,753.9744392515397,816.1530013395753,898.6927159123659,970.4612479034209,1027.386995460834,1059.998766617314,1077.4969038665233,1080.51284184802,1058.0467122531347,1009.3176879599225,937.4828821687761,885.2958398310096,15.756204292356848,10.033377555379845,9.070800350788407,9.15651159869988,0.0,0.0,0.0,128.0,10.115636581391113,9.265040886033672,8.220283256300307,913.628054135908,895.267915683695,855.9249132453944,804.1800716080352,743.0838798511452,652.2529054801324,610.1648538658037,560.5598568619899,519.4865966965868,494.92300426448054,493.32152605498584,504.9701167612653,539.3785391174472,567.6257835178353,583.9615226188639,624.8178115746143,635.677902043444,634.386724909999,619.6055880729889,596.744791316416,605.1704658290678,587.0735527233431,565.8745175569925,535.8427854697007,500.52230119078814,500.2475975719748,9.44093409522927,506.84571999496836,523.825568987425,509.21004014780135,543.8148234166813,523.1289565340177,422.9351816631064,404.140873017746,409.3247225508419,387.63680852789275,363.60866941537404,348.96256423879817,317.555458327422,301.2505193872908,290.1927417599219,304.1388573380214,319.35866140397934,330.10882619459255,362.9681732087041,385.9337851543887,401.0977191625959,408.83011135762246,399.2259502683811,408.8654340558158,394.1958727568524,359.99556360592896,341.43397741312856,8.1241317497999,8.913059586066359,9.452284183231669,1.3157982907827046,8.814967146339434,8.724739237528102,9.726006293744518,7.498846850230385,8.106273902077657,9.345126349111112,12.604005014735513,329.44902545945644,343.57593751550786,363.509731042082,375.5251446561368,377.9289015597915,335.4614666034823,347.3895990180242,311.3435268317733,319.3772485851491,291.2830689829567,295.06032423078153,310.87952007167786,317.1187158248308,332.1302396412009,342.76199172950214,340.241503240438,325.9393570655646,345.3224679536715,334.1095337473955,321.4094846351708,312.11985495229044,300.4349245559597,278.5653834235987,273.1437599377838,265.5702448207661,250.39835278315152,6.313776082942198,264.121870926698,272.3785722697432,273.8953555755048,264.3745960786146,263.4956624758646,247.7528566639612,230.3116941433356,226.4416183894729,200.9077778354582,178.84176070662795,164.5099725606484,135.92888461763366,126.56946267949967,124.59737714970258,124.52551909510329,132.1982359464336,159.79148652584115,158.7716826355535,174.8336086121157,181.77967611265785,183.8665747429,190.47757272320007,189.1812358454029,169.82830409456113,163.56236764022373,147.02019641183483,0.0,0.0,0.0,0.0,0.0
2025-06-01 18:44:21.170,0,0.0,0.0,0.0,0.0,0.0,0.0,123.85469723535688,60.43059013317975,125.0005556494283,230.6964779667691,332.0145754811145,432.7067422692387,512.5800249685757,583.6237212105952,643.9898582060116,672.1800586885155,696.0207503075248,680.2246597894039,666.614484514265,620.8743722950717,551.586310513148,448.3836458991859,348.16696583257794,246.87754300471892,171.46335872197193,184.37703663808807,296.0243537443739,421.67719433902744,523.4624686907772,645.0480033408617,732.7330750825491,794.4605913720204,5.925052469654687,850.1142395477933,827.7134050211755,797.0139550354352,707.892087934652,630.9541014011904,534.338888656272,436.20372798100817,350.11596260339775,334.0225979995555,335.7642806610927,452.32551730435,580.9609235064249,717.9076315850331,816.9862536189358,915.7714975284583,949.305356984743,984.8949577857427,981.5558263466498,942.9139947395876,896.8025686887788,805.1723557913257,714.8081264123759,602.4414048962158,547.7590433404932,516.1034298100226,539.3658760659529,8.981170149334165,5.557330854802123,8.407243103361404,10.275702506270285,12.38906179862861,5.441414627351845,11.238966150444632,9.909702264358204,8.79757971686906,11.160507447926332,12.377396186566692,708.8649225160196,611.5013585487737,512.0801520696108,434.786506092428,426.8682883255425,453.26926070109937,549.6448584324629,681.2079891512021,805.3776180909447,907.3766532823383,1012.0320939205571,1104.486205607944,1135.739301259607,1171.1869458656083,1158.9831813744402,1110.2102442259038,1044.3155166795589,952.080136601565,850.2939173704037,727.7193898059425,667.5288273735868,776.5527435286687,776.8003907754036,859.1254463276068,950.6376206387923,1087.698842325614,13.200781141464503,1282.8746012553268,1343.7559521550552,1372.8500628774818,1382.2868722783978,1327.4975564258307,1274.8774649031823,1191.438599912962,1093.5995588489789,995.9346265031762,875.5887278340608,797.0599271074536,716.6060020813435,692.8025437231468,717.9222335829925,759.0564228566286,830.5431194710053,906.5293553924171,986.8149159755711,1039.5699216914745,1074.3448054919793,1075.9557776855565,1085.8233045113154,1065.7041374581904,1016.8977525966587,954.1355672023954,899.6648513161175,12.236676126464616,11.39546515816104,5.609138186137567,8.220827568650973,0.0,0.0,0.0,128.0,9.597445808423856,15.94982470458844,15.948450447621704,919.1442026416394,905.1712371157463,862.345475688545,807.5797049710787,751.219690705768,662.3811957677544,609.7608735524356,570.0055839569212,518.9219549923953,475.24165815052766,473.03304703327683,487.98168842830165,512.2067611358112,540.3984577282245,563.4514656878569,597.2726036317663,627.8005285724637,626.1181135503562,617.9357673061453,608.6000377269763,606.2027800507789,588.2828024371828,572.794931770386,533.4540142341605,505.48165276380695,502.61804245150836,10.726112503399865,489.48153713287803,499.4698138205024,496.643177679136,517.5366677069844,511.6892415113782,414.1267055467621,399.1399039771752,408.19219228403426,386.4360679913441,374.15185659256025,358.9712326339862,323.6304021229472,312.5478152014111,298.93399215772115,303.090659960319,305.71728289610985,320.86896712218856,355.06066530760415,372.77556664558523,392.3200562282325,385.6739308316869,390.70860770714154,390.74303297044645,385.7768668267318,352.63659539036126,348.23410925435695,8.228762525384203,8.133301859777578,4.0937095067495175,2.6041035941628605,8.668591615479599,4.103378258358274,9.01227120390703,9.638409732676564,11.459444165353291,9.42171688007732,8.913336367059387,321.284106837604,336.1344931718468,351.5036943405971,373.4076504753085,367.97291898130675,343.43125961163247,336.2931262564876,325.7069942600451,325.12090450708087,316.69815715716965,290.62493499552124,299.6403510397087,291.65443278409504,344.7410217561001,335.16200238509606,306.8709885804734,327.1574689436202,325.1265556834351,338.7275275416499,320.39399609752996,317.8120779930706,301.75104234695397,280.0286215357015,276.77806132499484,278.367527051401,252.9105830132834,11.633839466119763,246.72547568372477,254.878967194469,263.9010442446751,252.8249584269732,252.6087747439822,247.6764728208313,229.4879728685018,220.7421245797818,194.54503247098648,173.9980494171165,162.46004946544573,145.37501121512372,140.08053400336524,130.84529725362395,124.60859624556446,130.82482138448808,155.71773616480567,148.69647111973245,165.27074511002183,167.84432563961,178.79208402765062,188.89735566786018,189.27331333127245,169.86020254562553,161.73585778642519,153.30290037705782,0.0,0.0,0.0,0.0,0.0
2025-06-01 18:44:21.180,0,0.0,0.0,0.0,0.0,0.0,0.0,79.1987689487625,94.15235995045762,187.37811327306122,286.4535125206997,394.6305878032754,474.1031027846303,542.7879490461684,603.9801322078201,648.6307011511451,677.5921809641768,677.3346512718913,654.8300403553646,619.9258660425824,572.7640748922878,490.917353480216,394.4919142057702,285.0255792762869,204.20301082404728,165.96736687272386,225.08832455093756,348.09946490155926,474.57339717112325,569.0742092749086,677.6241802095243,753.6627054212049,803.8002272291188,6.404618137791111,826.6246950987775,806.8667696331337,753.6911495576938,659.575355652434,578.5434829089911,485.8692901434727,390.00104371984537,327.4629300639303,324.50909189248625,368.45043375494686,517.8288802337378,628.1564254585834,744.2486473148165,844.3084648261183,923.9116780912642,972.9394248384796,997.5598812960076,988.6139298857178,903.0194596485179,861.8588455119799,767.30838198208,698.4410422578202,601.7004217374932,536.6479866765732,537.4973703145478,577.011331379451,7.3561031737349145,6.470343752708466,9.445589580112951,8.040073952927802,18.630118701879418,9.354720917123931,6.3624657493652075,7.213458509867412,5.53570468611075,9.197927345782533,9.49983078267273,692.2117077799873,586.3804081393199,506.7613821595663,427.0823274252178,432.07290702167074,476.0482901121579,580.3261768768876,711.5865695510864,836.4461043261842,936.2142576010044,1036.444543621643,1107.132227512443,1142.5417925610755,1177.465356537524,1130.9376269151012,1094.6946799553098,1019.9351384027358,940.004361996209,840.4747437389341,736.9749695764143,664.0980711689926,795.4349622259897,810.3606068944068,884.7164865757597,976.2966710571183,1102.2053724001896,8.954493172785732,1290.242041141776,1347.4096900321686,1365.385383968057,1378.1681808769642,1317.58530574902,1265.8162025196825,1196.738646418318,1100.5883054102699,998.8213619355835,885.3831669262337,794.6484766094617,722.551233785992,704.5880409162664,713.7782873105566,765.1159500609825,825.9423639185998,900.9602317501586,962.5766254872267,1031.8416134945062,1066.4145624076932,1088.5492469346002,1085.2208385921103,1068.9619597906865,1022.5086584661876,974.1389891630299,908.1245663482638,16.788788655215434,11.12346367329819,9.095969890156098,10.119665374816536,0.0,0.0,0.0,128.0,5.939078082881238,12.711622103533033,13.130773338761843,918.5647309120139,895.8242436588638,873.3305578849714,820.382932748994,781.1198776843615,687.6090074658013,647.1140606838563,597.8926227015882,536.2367716806962,490.3477114732725,475.00452040414956,483.4999670980433,499.8251804514257,523.5874867841484,561.6679433457206,583.119982361709,616.0412768462429,637.3453999277024,627.352459116648,625.8006656902954,630.003893642627,616.6556048960937,614.0150199201231,562.488102919328,540.5199971714488,524.6385773110911,18.538693313758838,509.38936105482867,503.85288839249193,507.6077933921116,524.3768414552379,512.4359094106746,416.3553769504102,412.3100815967783,422.68846070617695,410.4054664989281,391.6504118475899,384.767534033179,355.1725534571778,345.1568950420878,328.9508520967645,336.65524326082715,332.32342681031895,330.68434267498463,361.5502164713802,373.875076221759,396.51164921759243,391.99832263512593,402.09520503228254,394.35211616114293,396.52189891823343,374.35652437494093,362.276043024763,6.512400268077334,7.42425043289335,4.303903603218121,6.819651624941109,11.810514140785223,9.039862320631887,9.567803463606275,9.324882013208747,7.283420807040741,8.233914367926001,4.102423809494059,327.83319648273863,330.8042745575354,349.82803749151606,357.17778551463164,356.1195446215064,338.225480680768,321.1144417752331,322.73304111011913,318.5720062258965,318.47111595645686,304.4707528066931,313.93535832738263,311.3834752696391,344.0103141205528,330.2150823049287,307.4640957667076,323.80778213633187,313.78066502558704,332.0974288716934,313.9252290959073,312.78442212320334,295.61411806195895,269.061366216942,269.9783847321284,266.36821759761585,247.77221417510674,8.602023462915426,237.31445730918003,248.02625224344854,253.28559807198923,245.50324412541403,241.90888631722112,233.97376673930916,217.80609084877054,216.83722900741773,195.77917777132606,176.5968367424818,158.5410145396681,133.84484705250827,128.1175233073193,120.89765879018317,112.4292701823593,114.92613563595346,140.4726383799409,140.45745887820738,141.93394036707812,159.21681521014278,171.50777347174017,179.1681350720137,185.21467952002905,172.31258813069212,159.50515067723063,155.9698967741176,0.0,0.0,0.0,0.0,0.0
2025-06-01 18:44:21.190,0,0.0,0.0,0.0,0.0,0.0,0.0,164.54457240174952,121.29108595684909,105.74545957117928,185.53966462588568,288.2078207850375,393.88449327508397,476.30952041237396,557.0012816900083,618.3628547631374,660.859121574098,680.0021318439696,686.3854347607721,670.4883593106885,635.676168901364,560.7500934096591,487.2761126398978,384.1948481775714,277.05165308846836,208.3641212652831,187.95968925138598,259.46787864717874,384.31332929069083,484.9870440876001,603.7617407702886,700.4023010561089,766.0292848423792,3.7786055232485065,841.3183510481277,829.9101752234976,791.1756188975918,722.0643244592295,643.8475106392314,552.933493485851,442.0304254701441,376.6102738062987,332.4799574130811,330.2548633185457,467.8651042907218,589.3330627175255,691.0565942038496,768.421577160734,847.1973163814508,924.6804648499138,978.0579273712716,999.1236746287425,964.2285085155735,881.4227635032515,830.9882878762354,747.3178118935213,646.5673056060792,558.6822185227912,536.6194215334693,541.2187415707684,6.921700926229235,10.639773503914526,4.117034379636504,11.388139310938833,7.202298850574728,9.931897999143892,5.565734962893494,9.570644867117426,9.195173236706585,7.810249675906654,4.707998804644039,734.6438946035821,631.474343654569,538.2683821312703,458.7228562312926,427.03416594941064,440.8050183036617,540.9608506676326,656.8980483939987,778.5585892329374,901.4850987922421,1003.1708727524442,1077.1600553722978,1123.6626514051934,1159.2997712573551,1127.910798037374,1109.753135408505,1034.6672275063156,946.4195330514134,857.1978270416433,740.5293337809596,665.2330850804066,771.583832454226,764.2678636692464,833.7813396495076,928.9935369979137,1046.2696257242726,16.4476530379366,1228.2916180756313,1305.3333135690614,1334.9376528820148,1339.523238173857,1307.3021076213706,1245.1165899570988,1183.070082650825,1086.1392940501116,964.779476005529,866.0400925204336,770.5360108924583,688.5336560246376,676.0489252181842,677.0154710020881,726.5557179437819,781.2594797444442,856.7816084163363,915.0154509239471,977.7357722257703,1021.6333429493573,1034.4880019905686,1063.1942150094742,1025.5803320877212,997.0759981505736,947.2776798576978,873.608035512823,10.838473143382982,7.191882540665919,17.33958613339471,6.528098023082938,0.0,0.0,0.0,128.0,14.302180526223921,6.865445759056723,5.120433382497394,892.7096082398191,871.61173712452,842.3571959340467,810.0499530633489,757.7471100834579,663.0025109581677,622.9835872225808,565.3737836415046,513.2097851652084,488.7650436951605,470.18574233755595,480.2798349225965,498.29659977780415,524.1348637940888,561.6554688355235,587.8818819532297,610.5168290233371,632.7686969837309,634.4393537438888,617.527708014619,625.8345254333133,594.6934457670329,570.736629651924,536.4786243952141,526.9540152468337,507.1758130184905,11.612264184855732,496.8274926619559,498.9967930803449,496.52886169292503,512.1116948541254,508.3462048086148,412.2691852236355,412.4442013153339,414.2485920991705,389.36242102659924,371.6378725916917,358.0312325857028,330.1197193587119,328.7677357387658,308.01608957991766,315.19802237409806,313.40682621322406,332.60899718376004,344.6267606358978,376.88936834568756,376.33669286171295,384.5201164368742,398.53133814168103,388.8683100169529,390.0004394304861,360.72085554277754,352.27683249340726,6.848375415195262,11.881388637989886,2.1334328864596355,5.704132948253549,14.607319591963503,9.734775126535355,16.222194699587675,8.602325267042627,2.0770612708160234,6.06632946607145,5.939795747109125,334.41877142048645,342.26781775836076,354.1827336345102,362.5258983954261,341.8069737739777,342.31896214081826,319.08102888677314,350.88119023922883,311.2429031531107,313.85987702589193,313.1993929743969,318.1001208528325,325.5090372296831,334.88394886324386,336.4097857305894,331.24052432364596,334.9605677431019,332.16639197288464,328.84223706095634,314.5208147467305,307.74024154149697,295.11870122740794,276.0571328485993,269.5342886435003,255.2709154769078,259.28490610166364,5.353453515637581,255.71181548098528,260.6954269105773,260.8015804381944,260.40145645180274,261.56850023912915,239.8113225741376,219.18133027980434,217.5459430158994,197.8904792451254,164.45119688326002,158.08144959653777,131.98310559094725,122.44895118222468,128.34110449333775,134.25117773019707,136.06384200252168,143.5829386350324,159.35249553320745,160.1009070810667,176.1929836527408,178.22042246106056,182.7187759729215,179.90938731234024,180.15560188148055,159.14085332989305,146.68449291867717,0.0,0.0,0.0,0.0,0.0
2025-06-01 18:44:21.192,0,0.0,0.0,0.0,0.0,0.0,0.0,204.90359364548542,113.59577157239454,59.03310895451472,132.4807147763093,236.8423985340682,346.46057389715014,438.4618085412197,523.0368397858238,597.3808059129328,644.7116099305484,682.488227903571,698.898545735192,691.2870859021214,666.382366124897,613.3136364120747,541.2186932676277,438.5251851246067,327.44411787232065,225.4855588083841,166.8988716592538,216.8057675559991,321.91416004719304,445.9288564510234,560.3760975251256,663.520279940975,740.1312490265735,2.2965517241379345,835.2832289609233,841.1872575866057,814.4208936410346,752.6308385237346,668.0887867877929,596.4101861482832,479.6941496176373,403.2557779260348,335.94561233782065,324.32277914279564,426.55619645679116,506.0965767105277,656.1766667565028,734.5125876654332,854.2086313350782,895.2524228207924,946.211381179534,952.3937834965874,956.4758446408789,913.9239437635074,828.3358628603722,769.2056783904301,657.1622966222592,576.2590687242525,523.5976818243557,518.4696238533504,12.136343385187537,8.64227270699972,7.6626711265815635,9.482758620689673,8.500097838265074,13.379175852459241,9.353315528782158,9.198541840607385,6.902445555509805,3.0195912831999276,5.950405908952523,733.8650350487425,637.9010507127012,535.8449662977567,463.0991393097573,417.1551349706137,408.0729478239501,518.8666578183529,628.6555645952742,739.8707685921493,870.5838217834219,969.8958298130609,1058.7012432633196,1098.6821089636658,1139.7459137894732,1118.1008082096903,1108.850953899822,1030.0146712603062,955.0395291263653,850.11722664141,748.6241904314145,671.1356615952465,763.2407154225612,755.5339856534463,804.430470592124,906.74967550067,1022.8991848903952,18.325856233131788,1217.1270698706564,1288.253967612215,1316.2727341889688,1336.7767536474375,1284.2813360663254,1239.9641556361562,1164.5385902008109,1070.9854596629875,968.8561142648978,858.8766362604508,781.8614429368839,694.3758659755566,658.2915426639559,671.7146313277199,725.419265571616,785.4473017871015,847.6264372020199,909.8810386436053,966.5288565024101,1022.7746463944701,1035.8096921157185,1034.29798789819,1013.7974338234538,982.5375813370655,920.2608482145134,858.0415452292094,8.082452561039009,3.1360753895058613,9.894558637604202,2.8991777915169763,0.0,0.0,0.0,848.3310344827551,7.111182859668114,8.365496599642205,5.993370378241034,882.2038242634263,863.0591229962125,833.6522760776027,779.5297234087675,727.9229472066048,638.5982941892446,592.0074164504625,538.4603291786665,480.88371226188855,461.9997320841942,462.94209289683715,469.6722107073894,490.1542013244319,525.2549333837454,552.4269184430514,599.053767594712,606.6847371992159,630.9954198279944,621.7419168509608,600.7876892618507,600.0105621414363,575.5441813922703,551.2257725545243,516.2329060561128,495.82232852134564,482.02061211233683,12.448957763764259,481.67093788422847,483.7647339277637,477.13280306824123,494.17781216796135,492.29443855444646,409.62946904977485,395.0295193783495,391.03383018469316,378.53901537716433,349.43269843485825,335.4694890725966,308.94156129894503,303.5706468893842,287.96605711007817,301.26216800283703,299.0068931009535,323.913916089974,341.2776115375383,358.34158530453703,364.1904134031847,385.48497619397426,390.4423141906314,385.14508398303366,374.9423337193465,353.55692324485875,327.9082927502885,10.331022530320302,11.284359591083202,10.848275862068917,6.997600940630567,6.837760940273482,11.697845658452678,14.583404531515955,8.842867043467221,5.311977938723678,8.546605786789566,8.107202054707606,338.2060323801213,331.73216807533936,362.9089330009771,369.1592629069949,358.3874009569164,349.0422089926604,343.18028769555127,345.5683083739122,322.0691028550891,314.3732780845261,311.54447995237206,299.21867095594394,317.71702395945675,327.1310550089924,357.2091032400348,324.5544709858278,321.7041912034086,344.25039878339066,325.99896392137356,312.8342239193182,306.23410208983285,294.74611960469235,280.0036172313661,269.5700523399375,270.64793210478524,258.6685848029815,9.347549438102686,257.78509154235354,268.81748690613165,264.7492201359268,252.0852605251468,256.0554697762529,246.94733476209765,220.08074044032634,214.08595338889646,191.88515727545476,165.92768628348156,143.07325411237312,136.02026478807443,132.42543787367802,133.03319867159524,133.08934596055758,141.6069668562007,164.27078029481913,167.32986099004802,174.36705951631245,182.85912867558412,186.6864686772294,184.49801191966273,177.86089772608116,170.48954439080393,154.88937806470022,137.42382738856105,0.0,0.0,0.0,0.0,0.0
2025-06-01 18:44:21.197,0,0.0,0.0,0.0,0.0,0.0,0.0,228.54542783216047,135.8135954741024,58.349078683842144,120.92780329065336,223.75005686431774,324.2665740169252,433.0568860492262,512.7171427037774,586.1556866945325,634.7910328038488,682.2863704650504,692.0756073624273,695.5573615489217,663.0673909377028,613.0463065390412,537.2283335194022,454.17947222381736,344.82678865623046,241.60672422913913,169.33015162615106,214.1289475996815,310.5046409918307,433.2015713468738,552.4875976973453,659.789129001397,747.4034072822462,4.994025855552032,831.8042220605695,831.3043816377301,822.437069589088,753.2346151007207,685.8671874503431,612.1393419036194,498.8534066080481,431.8476143718095,338.0011788667537,326.5081017798288,429.5076830399572,501.143175428108,644.1759715358132,723.7553728611339,840.6189430628098,919.8628663283251,963.8179707114829,968.7431103539374,954.4387397749709,916.8142303342385,847.2542268828481,758.4338669155081,655.3801378594586,572.0557625878969,537.1962324653382,522.0501766226885,8.709394991446702,8.151220829730317,7.079966832298901,9.789558106534406,11.20977242318815,7.702065586779072,5.7680388833959,9.466666666666669,8.120737805639532,9.542681136493924,14.497539494897051,765.5486134041302,668.6147882310191,561.7795645328691,490.03291668111314,442.3310397705359,440.1831372119848,536.4477223106198,637.5264213132527,758.7276885505745,869.5850441232225,987.9356770615799,1053.0608690409572,1104.3748744576665,1153.645657621708,1135.5861675138983,1109.819308888655,1047.018292938893,962.5613310624517,861.7098239536417,756.5830186821696,676.6666020936167,786.2118107540738,763.0318813161203,821.3401683419819,901.442132743374,1029.738899137774,18.97832477596762,1214.284448319912,1265.9616037496962,1313.0951268018403,1325.4899696612279,1281.959715670788,1238.9400402440256,1154.8415649360218,1070.3847275078722,983.5740061800763,882.6236304791563,793.5386582003194,700.68447784739,670.013596518591,680.795600285973,717.2975183673178,782.7540075232363,839.4619951177431,904.1082757085042,966.0540965837304,1019.4613276168973,1038.829961174608,1025.3662741787853,1016.5980219425193,993.3911330688726,928.7677211194372,875.0752957422851,6.407666047176736,6.445655682085609,6.3553934990687395,3.240355729340204,0.0,0.0,0.0,401.0666666666657,6.798936079899528,4.589908193362294,7.778989015418937,896.3297398718612,878.8937285095544,856.2086119200969,811.3169404878153,757.3577590166033,663.9166526569976,612.7544468991242,548.9633202041235,500.05275918123436,460.6397860751565,457.9059919558385,473.04161126154116,487.4244409695603,543.6897174432744,551.1174169582691,588.5666943298988,620.2877465432736,640.5129258823044,642.3116062887304,617.9630235538634,626.905343997808,606.0932436503283,586.0237262851996,537.9106540036207,521.3090338374273,496.7248768591031,12.23431483761164,480.82235834536914,481.0285742598247,487.5134455706356,486.05403563043257,497.67584316839606,421.49912973717454,395.93957511842575,409.95250671971564,396.11788335968106,372.1914265359277,371.2521235395736,353.52254750353495,321.7101619346623,315.3220847551688,312.2725151558239,323.2576005752106,331.7636341012843,349.2601986274049,349.94424840879765,369.74081098739725,383.24948132441705,380.3725773491325,388.68694842876084,378.7646133286377,356.5941511957138,347.2476951298817,9.239528607504218,11.479966832298906,9.912322348752262,14.638152067892317,10.119288512538823,3.5074523834575615,10.433918801811844,9.146138444681227,9.888785794603827,9.88916238798381,12.649300456154045,325.30667948822736,337.4017067390094,348.72388423366107,352.7783106093242,352.82123709490696,344.3087669157679,321.1601458517691,309.74195906700055,335.3858790250787,311.6591563665666,317.44569020637243,299.7961449308878,315.62462703396767,314.5252373467758,357.0539698856006,312.2789768712022,322.77034347407505,313.17310204058384,308.4820430458735,312.7064208014062,309.7430998503028,294.08556536862665,276.47429437623447,275.10256842899946,270.27455795553294,260.51620010277867,6.260990336999405,253.83035667275766,253.22337673693795,255.8520918300493,245.31055442478166,236.70484063529193,234.7816779206612,211.5804808053209,201.4070187139408,177.46695400797688,162.83860908795498,136.44314809078517,131.20660571560282,128.36656423268084,145.6455420809432,132.0765518199501,141.2891183963847,154.07344341818828,157.44214690236828,168.79837240615632,174.03120045975697,176.8133731851107,175.77846632759807,170.5686103079702,160.2505662346768,140.36011691181608,134.2401097803776,0.0,0.0,0.0,0.0,0.0
2025-06-01 18:44:21.200,1,0.0,0.0,0.0,0.0,0.0,0.0,153.23993369592668,70.89800171992988,92.8754421901954,186.59044546976855,291.8842581766395,384.2120161214021,469.4886563449568,545.4485657214541,601.0694183194802,649.906968666651,671.550915724785,668.8193720793874,646.2711640755958,615.0788937492703,556.2305602616163,475.02766764592354,377.4474572256451,256.12057486676383,192.35096455287334,165.82448922287955,255.60131693483055,366.64961463872453,492.9643901772046,602.5265538005169,694.1988505725346,752.7166262774468,6.082762530298219,812.9899270627898,803.6937922254152,776.9880260966734,710.8402681891098,635.5162235942579,544.0020089798891,446.2744606517866,381.3019810691859,318.4678617794769,341.9338901498652,451.1055826255795,548.9736129639308,654.1389608761232,766.0847312374397,867.4956661142942,916.4909525410828,934.2000749378035,996.4732183062189,931.0180700059071,858.0807713361128,814.8461467880787,713.0026306221249,597.9543652042188,540.3586184155542,515.807036262439,539.2125664443569,11.969271756201373,4.774885998210928,14.4178305137645,11.005113593258475,4.774045954450641,6.580677042619164,15.205222624904444,13.917406104689547,9.853268471984602,11.697105304180486,14.818825349606158,721.1602120342552,623.1336816314447,523.8137815375497,455.52992514779044,439.9492238438705,469.9971436073702,548.1278616652296,684.4238517228839,807.6425098230234,918.2661816868889,1005.4478666483074,1098.2304694171103,1133.604476800668,1166.0122969760646,1133.7289046101587,1098.133327587374,1020.8332699488449,951.4192883682573,833.1343383516347,709.7168933307847,647.041415478269,769.2050937943103,785.4316542570949,846.7531895342481,941.7786013270866,1046.1984216195988,10.476554892682355,1238.2531632196117,1297.4851275823567,1316.7332936152943,1332.9105201770215,1267.3835835583614,1225.8265371563537,1130.7599148958273,1047.7594102262601,948.2435238686624,857.4475034146609,763.9053004418416,681.114334618678,655.4598268174973,670.905203358906,720.967698690846,771.0984600179384,852.224045594954,911.7817463380574,969.9044560564149,1019.3000743690476,1016.805236760861,1012.0320630778156,1009.4390150501013,976.0425901743711,923.7297598309041,854.2384354285429,8.791937391565877,15.411706079024173,13.918549776904353,9.07384186967838,0.0,0.0,0.0,128.0,9.991296889025303,2.8284271247461903,15.084186543946185,886.361925357695,867.6683900740265,840.4308566644914,795.2032629977022,751.1432542155795,666.8052950295922,606.1714967187288,546.7411856787548,490.2280108289769,451.16189642417305,434.1227141149977,446.668842076854,463.88102642526604,501.78213130436575,527.1771864618718,555.7077187041264,599.6563583362339,608.4303752580453,610.7156748793551,595.549821372789,597.0047154124439,586.8770208493958,564.0339024603436,528.249549048669,499.8506971443674,487.65413799976284,17.911666686005482,473.01478819866315,471.2370850758849,485.513567985288,492.1772831625627,497.6253116479052,401.9862441953218,388.5260640891739,413.8442560615373,394.17083382018467,392.592283174174,374.8578884142266,355.61242852617,325.064364929622,313.91586229867204,320.02483300871376,312.42768219668386,330.42945810168567,361.2600985568175,362.775130025959,382.26236374155025,384.782361747905,393.99255709861677,399.25292653519017,399.8974716068023,376.0202338464705,361.3370120751095,4.167866176924855,22.640976680442208,18.80355363288748,8.919227683949732,7.822093706531451,1.0793537993284288,6.062399533315018,9.219544457292889,5.762168396495071,9.572553800259092,14.99862075104729,328.86044636674444,327.65705256136295,359.44518228920333,351.6129412553927,366.66697201016086,347.3140913339778,328.917584240998,323.77111112378907,321.58552586052525,317.83845326928565,310.490148877022,279.8208628420046,328.710391764216,328.5503988370956,329.60333000811266,323.8009839956703,316.1262138025935,330.38247243198526,324.76240040372335,320.1409445363972,309.9181004834821,292.1764017673791,277.8755358956643,267.13563826028667,265.28229407132625,248.4978361388505,6.562565632811594,233.01227977020045,245.8543609589259,240.60453137281297,252.72793677847775,234.5511494407256,239.02841459013104,215.00883599982288,213.14884987910673,180.2976800818547,181.45988579750082,152.90909705040906,129.40398455327318,130.70026200457562,130.22415428356607,120.47474855059217,125.09831673114799,139.4403987826261,144.3004026526715,151.71474616070802,165.21803922907475,164.94601217231053,165.52202846509917,172.1361216338058,169.3959240303878,148.37704130120684,137.44376705289358,0.0,0.0,0.0,0.0,0.0
2025-06-01 18:44:21.212,1,0.0,0.0,0.0,0.0,0.0,0.0,117.76628020536664,47.40136317174738,118.60650761127096,215.79923890634166,318.6501955591875,420.5000100762099,491.91336814529313,564.6612849116774,604.6955310194178,650.2832256129839,660.174709540049,654.617989889866,642.4446216638034,602.2952779601195,536.7703719729336,437.6598686326765,353.2999441517956,237.29307892563554,177.9579414299775,170.38238475872475,283.7930093794109,399.60951236139573,501.64695670075207,612.3254336562375,710.7120241044091,764.9638651391159,8.081036424957565,820.1392050683966,804.1083755285057,774.7663174523509,695.7477882394082,623.6967883921652,540.130738069534,432.11064354854943,355.21708709857865,311.4398276761602,340.8184742949894,450.94292011834426,582.3364323172372,708.3160554167281,797.4011049654489,870.3529018016601,960.4110342505788,975.6155156755658,1009.4771852014019,938.1146841715803,842.1789673472488,789.4257086563043,702.6386791899383,592.0913002288785,531.102944382718,522.4810205786432,547.3388474840932,6.858147305691303,14.86678156525427,8.14786937162075,11.863403953007461,4.13205826598163,7.182129846294356,8.136139335093509,16.68347062024605,7.1576245237131495,6.324500879515486,9.320163515629417,696.8394986850805,608.4162468792157,491.1660128029436,429.760321356873,422.9545912369348,475.6887471951923,574.5641433104508,698.0487930488856,831.809946196619,932.5647773771823,1028.645211963388,1118.2778905715031,1135.0017501429124,1156.20241133095,1135.647305457104,1089.3643544628171,1027.1646665260084,935.3694493773621,815.4812718468297,710.9249849612512,646.520694282476,746.5680846313388,779.2052189628541,842.9976434739402,957.2445137120621,1058.2277711969016,12.931190451397885,1256.6740407188338,1297.1531118148816,1330.88686985099,1335.003354771186,1288.6192323623866,1226.952385474554,1132.4265354168108,1041.6074933866416,942.3358113686037,843.5436905003855,752.121874691605,679.483399427694,645.0367686832135,666.5619996936907,725.8706085188559,787.8511722832129,841.6000425652076,927.526775698083,970.5305165640834,1011.8988058973371,1017.5343251830261,1020.3314392859704,1003.0081363677095,975.3030597964981,919.3295420771977,840.2649547317526,18.71173985407703,9.212097795783661,22.978834933546814,21.541675108012573,0.0,0.0,0.0,128.0,5.430112704919666,8.865434912186856,17.935302598762533,889.0501946475488,857.3515444178873,824.8631837203229,789.5504928267933,746.447347531483,663.836440781236,605.2312397332731,542.8437235112823,498.4282000649681,452.3849756917626,440.80330560815406,436.2098942788242,462.9284462938805,483.4038812138804,515.8809983389232,559.0484452259009,583.3760507456561,583.6269676695917,606.7820604130965,599.5811023819056,573.8738644000925,569.575537354481,570.283116584545,527.2558093727188,492.85401673763164,496.40654624207957,13.005097152154377,467.57085508618366,475.82873361984673,485.0022729371257,495.55467223878065,494.8087439923635,410.43764915352466,390.756265199845,403.41309925434297,405.8558473473238,384.7271732450232,374.7724390258492,346.7298117585289,327.520803330669,319.5819252287927,311.8412355100664,330.7573372705466,340.99140685155163,364.2991381322888,377.591871875658,385.5666608924886,399.9453392213097,397.44593618455326,407.19327867303116,387.9236505335948,390.8332077554892,375.71300279148335,7.897244319524578,9.332877974237132,10.774186354238855,5.595777103058303,4.8553951340348664,10.23015363294812,6.35478242922363,12.217836784267478,21.48899234453644,7.570881295032313,17.456014545282788,326.5187796637112,333.2995924600134,359.4009832575903,361.0244030855661,362.5133148383325,343.6181550060555,342.2868341737153,334.34725171108414,297.56268059713204,326.9411144719975,301.2150149646107,309.4080592245832,317.91923517185216,327.99553448722423,328.18769166183756,314.7748728974189,320.322923839594,331.0193788377797,328.84022612252886,318.94727648733704,311.7665522075106,286.427951338245,274.16386624240835,255.0578735894768,263.9901640364351,246.34637590198824,10.033937808060504,230.6090380663714,246.81112169581647,241.35486219230307,247.57181804643795,240.89233968610307,244.34158601551792,224.21006143821702,209.42890106510944,195.07333894209467,176.93835785848802,152.51128139451342,144.16182722550423,121.0011990308039,120.82160851233296,118.43431117394348,120.92837214417357,137.90902862885204,143.60233729078254,143.33872288288572,161.92571765031627,159.26644380490805,168.6068937356555,167.37467297059578,176.58752024169215,157.77355562857554,127.60214703175843,0.0,0.0,0.0,0.0,0.0
2025-06-01 18:44:21.219,1,0.0,0.0,0.0,0.0,0.0,0.0,62.56891352420094,92.71938957966027,202.95949275351938,311.4266413477976,412.0929071620264,495.59489707321865,561.5349826033637,622.4202026154076,658.9390467771467,684.2735343010297,677.9706920810601,665.2543898601381,625.5948963794929,563.7229918217819,485.8429339766687,386.73991112595803,277.0124159733624,174.9934192486282,168.12468952913244,244.5982621289806,360.4121350286608,478.86729001632136,584.6024928675074,688.457138359178,768.0855187000419,816.0719354427001,3.168687461062718,831.6356122237361,795.6251308487574,750.2144716703066,655.2286201779914,569.7363422260731,481.6439174861907,364.29078157556125,307.4413601941688,299.78981065077016,386.2033247607296,505.7419914919608,622.5129314987668,739.7867792565091,844.823948933024,882.9237208120645,942.3994073276865,961.9890094110433,962.9452411218883,932.9584088116492,840.8665412065686,713.594513263245,646.642978474158,571.4994449772267,527.3623440531189,522.8785181649098,568.7485383766277,6.423359793980273,15.496427640774469,2.8724037513747422,5.09882790616808,6.7262739810739856,11.220655988432899,8.540815185885542,5.4937392569629875,12.20560454053958,15.257933821547418,3.7548753040876415,651.6381296981587,555.9869333510734,476.86797745939697,421.338761549772,427.8811477076337,485.27001526197057,603.8428051403158,722.2360523903328,839.3744606337804,929.8532520182588,1046.0537865377764,1111.7311404824097,1138.9636746833555,1134.6091544794974,1109.8328888292103,1084.3640967457911,1002.0506348407616,914.8555963305688,819.550842255906,726.1929926727637,665.0024226092465,785.6152726687321,806.6928836029134,885.6653011752705,984.2067154293276,1104.8474460680816,5.003384418097193,1284.3550116938595,1335.7500803247046,1356.3432395932832,1352.4103101625349,1316.3941177811362,1241.0017956902489,1160.0004914831197,1059.9665303683228,960.956718032401,863.111924197364,769.3967872058932,708.1313870871315,685.7096710272556,707.9427807135698,752.2928180226307,816.9497707837172,882.6337441126418,974.01595722893,1015.3272462052062,1055.3704203117704,1079.9716787593454,1065.781927480684,1045.8419256771838,1019.7761713555299,953.3204231388089,877.9648771303375,7.114722090060983,12.79027459183291,11.789495250766786,16.293405086563865,0.0,0.0,0.0,128.0,16.453010413008922,16.244473416666587,11.4356995661452,913.2471991664877,887.6930487597153,862.5172041919217,820.7106242364491,761.1646025415426,677.0821262578207,628.6383632655616,559.1943118696184,507.7284030778934,450.01231059359714,439.5026781928528,447.4147697343421,450.66209828508147,496.3470139004132,518.4457325565986,565.4827333208946,608.4264282385072,614.5033797496575,643.2186505038791,619.7382878062707,615.8601540675081,614.9893025671141,599.3245534516792,559.083530223502,531.118417437546,517.4035973781764,10.084545435357297,477.1992419951687,479.2387967052847,474.1379259863156,493.6775563239509,490.329289379844,409.6419378187124,393.8728513939914,397.88725119203013,408.9467842486254,389.3072159187908,379.9766332205687,347.3477646412153,328.84196988804376,313.0892997130247,315.36777797082414,324.03364758985805,315.73189450673965,336.15816194837134,355.799314121459,364.3720314194775,378.63709761887145,377.22952085938323,383.93783510415903,391.48524942158633,375.16430447128135,372.86015438803787,17.86383588450273,8.472636587841045,6.652201613898327,15.160220408583072,5.996655800495465,4.820465832122272,9.660614467300684,15.698431662996999,13.469559135452847,7.0710678118654755,6.871636581479276,313.05272250299555,316.62888719968913,348.40655390428265,354.660802148328,355.85719978417796,348.0384017385831,334.87339168121815,334.7071316017015,334.9633005329957,306.38160974202276,305.61656301577585,312.6758798451822,300.72205596412846,329.9527366289847,320.625674272761,305.01058304017005,294.0610340841909,315.8732670204713,320.5652767202444,310.152445811055,308.34209059216454,297.6121143027649,277.65572986765557,269.11514153131486,256.746532412592,244.59788457800408,7.427246869272386,230.51288315654165,239.59445253995364,238.08099390320334,224.5953082879376,230.2136647621501,228.8183700107538,222.1126628273303,201.70503242947734,197.1943261070098,177.52314423675097,165.09243144763397,149.57463072388865,137.54618048344784,136.81782149728244,124.36246393322206,124.0618191447152,138.1204082555876,143.24221246758782,154.01070215015162,152.65996819019372,157.69491656865162,174.25595723794532,171.03660799846705,177.40208809681423,161.1898683905735,150.6666833852887,0.0,0.0,0.0,0.0,0.0
2025-06-01 18:44:21.221,1,0.0,0.0,0.0,0.0,0.0,0.0,47.580989887725146,112.44473763778572,218.68098610625032,329.8219030744959,424.5732291612801,508.1123407287245,585.9521882583615,634.4480408727566,675.5870079095607,678.883032002,684.8263937412837,661.9253178568761,618.0114888332424,553.8681152932915,483.7221256656909,358.31670856898893,260.492972070938,168.92786131868334,173.13575601487491,255.4795462659114,368.48999815963,512.9033361949716,607.6239701836851,709.6701002889789,776.9946069525538,826.1538055889528,13.115753922704215,834.4478638708849,791.6998469926692,740.4722700374336,642.700515949716,555.4427649038048,470.3568260448971,357.42945177628206,306.45961061112376,312.2986791291477,384.64957450141407,519.4551273341117,666.8789092497007,746.1897224045521,860.0170580148125,916.2570224168903,944.3131796217347,949.0585608142342,932.7829355464031,943.882771940435,834.1859109818234,699.9862499745384,643.0090130430625,573.9411611491322,518.8527689157767,515.2228005985555,587.066682097675,3.3992448619788522,15.225446484684506,7.615939632351226,5.924517943619838,11.849035887239676,5.591902026700932,13.204936931845095,4.705747126436776,7.373429799672789,13.948205324992058,8.279242137102093,636.7220436786151,547.2873268787519,456.55478744917656,415.08647737666064,414.16363039164963,473.6672297230076,587.0019516633236,719.508815476629,833.906709645476,913.2371189954125,1022.1492631216878,1104.6355840451554,1131.0190759235666,1136.9419318259804,1117.5485389571027,1065.5847557228171,997.1268006281,903.8413387062418,811.2812833863047,716.6391974772938,656.1005352954344,796.6217140168461,804.6906333578106,897.139368232619,986.1465785752932,1113.2211928313689,23.642048545934877,1277.9747362758478,1336.4040012644812,1353.730244124444,1346.3196391358692,1315.9751341032018,1249.3407981702874,1156.7673351730723,1070.8682259310444,976.2294335729499,858.8546510485811,778.8567403846016,716.0923987490249,698.5465186421648,723.7926801317597,770.5322791904299,834.2851291487472,904.4319962968309,978.2030988056056,1026.6311260905647,1064.213683214999,1090.5841285235579,1073.6182247050667,1066.126747287257,1030.1639743320172,959.3676145423346,882.5322230442839,13.653074663605256,12.475666528010967,12.76663751244719,11.677609572620735,0.0,0.0,0.0,128.0,8.204892659806188,12.10907784384463,17.765390914380156,916.3003276950204,907.8791104606681,870.0824631073833,840.2033385397432,777.2855835497525,681.3563590415984,637.7949522363473,564.3567719692386,499.2014810621882,466.09501397999736,440.23978356749075,444.8783233134588,449.4651614526548,492.57763544979287,529.8288349487544,564.677318722416,604.1992258211725,608.3613249979959,632.155513077723,631.5997347803626,638.1068026123772,633.6476317716898,595.3911345528381,580.805685055458,534.7917072128488,517.3590039442079,13.328181494598285,481.6544818998882,480.34586453134017,475.6985562776964,477.30371115995064,498.608933276342,420.3776595574819,396.90796377279514,408.052918635791,401.66690095860645,393.48398574885897,395.60071373522027,369.4599584180315,341.71161920310345,326.31833493924086,318.8266507223899,313.5870971095839,317.0012006582815,337.97184534058056,333.4877296104711,353.5225063977706,369.2952993340961,376.31311226838363,384.58836077253636,393.29172238888503,366.1889265644752,363.7028240701906,14.37602719208409,3.7687294449369855,8.805174585865197,6.888615024476758,8.267205090975551,5.653081997681408,6.7025867304915225,10.258150601852991,5.1010880055571866,5.633205708979984,10.640598547119415,296.8257731858995,304.22399716141564,348.9352607270551,348.37678003403863,351.6117955496457,343.8438644910591,334.3842345814986,330.7411579718695,326.1095878804456,333.2734157632418,317.41941712247717,305.17488519497766,297.13955455984814,292.83185710208346,325.208060761208,280.0222464075849,303.25301631958473,299.5793590422729,309.0903735178088,306.76279934376964,302.3162976034203,304.6464455225979,273.60888831013654,271.15326690352146,272.61050648330024,248.40412055990797,8.2238263023505,241.52035410023544,231.6257888603826,227.0433028303247,237.00663998223826,229.3826318908386,215.20715506265165,215.00536060639465,206.50679082252174,197.41589496751223,179.9210172242896,168.75503906990053,136.59874978261308,138.5928694926131,122.32499958696141,120.30195497032189,124.04602765328328,133.75108524040667,140.45819194042213,147.54753022954625,159.15488468424658,159.08845887261307,177.92842150011276,176.52748922851586,172.673447833945,166.80009205941275,146.5575829370487,0.0,0.0,0.0,0.0,0.0
2025-06-01 18:44:21.223,1,0.0,0.0,0.0,0.0,0.0,0.0,120.06007960148953,64.5693074929484,119.33225727842955,232.52844444217396,337.4242325134741,437.6907240183291,526.7452467005752,599.503793442148,651.8257121748802,687.0633980556066,708.5016956977438,696.8280537409896,675.7741737984965,623.2470355201062,554.2775080787244,464.27751554299766,366.91315994079986,257.8357685626785,180.46908378847502,192.3054687129098,307.9130305865065,437.621563595325,545.2075798566874,650.6843098106198,741.2467517722649,814.6971207513095,6.516325060314161,858.0818393677649,840.2928569381215,793.7311635003264,715.0926316615635,635.984245560475,543.3871780321788,428.9405633882306,366.1163065488996,324.7590309941543,357.6174502589367,488.26218776848833,612.1950654415348,739.7727041917566,846.3430580015095,944.0472702974787,996.3806078492037,1028.7042151129315,1039.9395726044315,964.9903387701887,896.0611793660335,801.2814656649472,702.3214253844665,629.2465918454338,562.9716273021509,539.1389278170624,579.343676545511,9.839210012049106,14.912762327853947,9.829296990830334,1.624258209970507,4.665830649316125,9.351905594724098,7.994432236823629,12.197083752135432,11.073924338054058,7.743505442001007,12.316595031915762,730.9837725539636,619.0347167455664,521.5512355476707,452.7328553176781,447.64150718751654,475.40332769955904,597.8533806274332,692.5908617904574,827.6980983747902,929.0776771851424,1027.9928342414923,1108.8919736930395,1149.7368661629323,1159.3747095725194,1149.9887982520327,1116.9360730308929,1041.3505138889407,936.8078459774225,868.1654486240872,749.8000506213262,687.7558845923572,799.237753343964,816.7827258686178,882.8494484460219,962.4671804002963,1081.1727621765897,5.980838191714149,1269.2891680138873,1334.9423569999062,1345.9417352042442,1350.4539525317,1312.6161383645938,1269.4278069488191,1193.7420368954663,1088.8075467085011,994.6027393511617,891.9444475117479,808.9896630988227,727.1910301088393,702.6402731187269,711.458454347149,758.856709365013,794.6355526379529,863.1224337505853,946.6472969444927,995.9062676288256,1054.0851734170583,1079.3607222398423,1063.6428527551836,1056.5674618689748,1021.6961527055336,971.7285134341126,914.4755168951626,9.283903524798394,7.610423761844632,15.943227379349942,8.42782599910135,0.0,0.0,0.0,128.0,16.850332772967203,10.313205334946444,3.488302620351581,926.2720581372035,918.5372310887013,879.3207166172044,836.6547607650148,793.6221168149647,710.745281121132,654.365694754766,594.9763149090787,536.4188399198528,486.87495241051744,457.5551046081571,466.45770856338754,491.80422745715913,526.3798156310056,558.3143703178644,606.5321970969687,628.8140692176396,642.9508928384631,653.4912486617488,638.8653136494374,659.7467126875008,650.2819595758805,624.4070349586256,589.8604682408283,543.299202499694,538.0244368209601,12.693917267160435,493.8216185260288,481.0937744058786,486.68296790801026,512.2629872110923,511.09862010618457,421.01455774621564,415.07171714884487,428.717736067732,429.3284724744857,399.59344447174533,397.71035707527403,378.3501752830696,339.7969615783236,338.4531511080904,335.5098085448931,339.86915161243473,323.37529560711533,360.6184664193799,365.24746154891614,391.21477636239473,386.1474405213559,393.0006029892348,387.54371656491287,384.16611270614567,378.5526685537785,358.8666709435239,22.354991700419653,9.420164959772574,6.45052317001483,4.1288505636626,2.982456763170318,7.139731233399837,11.632272574153468,4.2637435795404715,9.699669163972775,3.4228920153299214,7.737938103455267,310.87210837479444,323.71836860508046,348.20772071172587,350.4220523029194,362.48146029825165,350.4581180931209,346.15139998449723,336.6329893627858,337.9899919553497,338.00973992677575,327.81568137286575,307.48844267004137,294.5905960244511,307.87641698178084,341.9832588805394,318.094606234375,313.65084128500985,323.80471267180855,328.89132989257604,305.17835122955296,305.2745920961686,314.8460137799502,288.1055128587867,286.1479912811923,271.55353925494063,252.89860159186495,6.647239212092826,261.31421765037203,254.96772031956738,240.07174603300624,236.58755366266118,230.6914590331657,234.34435698203066,222.5075174632779,206.1931664380426,197.2620161651389,171.2613943558942,169.98652796975728,143.10795590516682,140.99184167162767,130.18474674726,123.47879997260824,121.03777835115274,149.064922453225,151.52657010539133,155.01137161475157,156.2821965455131,172.0951662234608,182.57930315352849,173.60119679953922,171.64743541955272,158.65792469743653,149.40044660395435,0.0,0.0,0.0,0.0,0.0
2025-06-01 18:44:21.224,1,0.0,0.0,0.0,0.0,0.0,0.0,119.0938200143411,56.75657636019605,119.91964150518038,233.0755254370761,323.51799808866434,424.21443279601533,507.9386739568627,585.8622294123379,627.6074871513953,668.1589148432274,690.0107236110272,682.414278859987,653.1331684861913,607.8571779926467,530.0514916659172,448.45973956509937,347.1646706321493,250.34543150881103,176.39865703997955,189.56683827485125,297.7753266262438,412.7172810687007,524.6175742297888,632.1130368070844,720.3216072074138,775.7322119458123,10.171963563969575,828.9999810519558,816.3816682727299,757.198655551588,712.0768402463772,630.0295128916489,508.43719544788684,410.4875257738185,355.40259437648376,304.92347587406175,363.6457775568571,495.33056231312634,626.2169415192044,717.2710611657066,792.1503356088691,884.6822196649597,927.0779015951823,990.8712364175454,969.926521494751,962.6158303806859,877.4414633206375,789.6105892872878,707.8758310982823,601.8549590309303,522.2849319173968,512.1598031441839,554.23240937951,3.678787414579828,7.75201042231885,18.80416651412007,8.501515286310973,4.07789398123642,11.279302155502476,11.657450915982313,21.65810889925899,14.31077206596799,9.221357492934414,9.526023420406613,693.9073358181789,583.3737698236637,502.9477792424799,437.0956765571198,413.8823934886577,445.96871471965306,541.4169265812892,659.9245189872818,779.4708259310156,904.8727073065917,1018.3355410822805,1078.9962369055568,1096.9665524038016,1130.173313940325,1097.5235607523232,1083.852411826626,1004.6497882651481,925.9488719143104,824.5798799963715,709.3635787894638,666.1847262039885,758.2714875191219,773.0041238966057,837.3447635426734,918.8514043606909,1045.967038760889,5.7521070139917185,1237.985813291094,1301.4350528087843,1307.0677591175524,1344.4459645919262,1273.1534651051672,1242.8311916897062,1151.3242539865003,1068.7723206827268,954.2539155260752,866.082535018125,768.5515313738103,692.5410640116053,675.3360930324843,675.4217259233906,725.5371251596538,773.8032828736859,862.0158773321684,917.9471644711001,971.7142533487024,1021.3217744174594,1021.8016619802527,1034.276802979037,1024.5146512168417,996.6461317800865,933.5773704864911,864.5877309721901,5.304461361427741,10.007736013728364,18.762287776211007,14.271712843955836,0.0,0.0,0.0,128.0,13.872468218717843,6.734634035158377,4.686758885908451,898.5700735991525,880.7274901301196,868.0470634577721,801.9702461185356,767.9113082929736,668.9581774967494,607.7319791937008,559.616615100662,500.09341951457446,460.71878572537344,447.3878044097302,461.35791801908016,466.94107841873443,515.424076817629,533.3591708165926,590.7931384234386,608.817272868805,624.875311584837,632.4241142595527,591.1264051316351,628.0507636593123,604.891647961061,580.3690896644514,549.6237051321347,513.2641193641304,499.83010901869784,10.490813336195917,456.72793030411293,457.48203764565676,452.30048960346244,478.28605756088774,469.15456118263586,380.6737688757343,391.45829762826787,385.42957265304085,392.2770588816016,372.28196475481434,343.2759828627201,327.00486486707103,307.80180728428405,303.718919710075,299.07582532505114,297.40049698194,297.69255743061956,315.45821257963684,343.49794959818104,345.7735581062632,362.3379970848812,367.9328738162137,391.23478218336294,374.99189589281656,377.4937964702813,352.2948096296827,11.885596853692476,7.4805555358067,6.375138617039478,10.553091805372596,9.896870047817574,4.398889906121545,9.690401266084795,10.997188075915677,5.565614699390663,11.303760465755035,19.968508222530673,313.55197002108935,310.7306795609432,353.77028516094776,352.1708517041022,346.13579561010334,349.153545459307,361.1282196280828,334.87119970080533,327.0923841145784,320.83518821982506,318.44720547423833,317.4163598590356,314.17237358760815,359.01149127441226,338.1093140253444,327.85875975145666,321.4684431548877,335.48848139616723,325.2241012237304,308.65705455178374,305.8037797239354,295.00402311596355,279.93609781805947,269.28677419764415,253.011876506742,244.17098267718578,11.241573759949741,243.89624402876063,251.44641584107833,251.52916383860145,243.8983271439454,230.86414343495812,231.21023788138237,221.11350774418716,208.99012430541705,197.13131505151068,180.40814485020925,163.43281899567742,140.0342347684932,109.28440952454862,118.07619594378403,124.42050803372143,128.12920350498888,143.84058686195846,145.35391831089137,150.09744890950307,160.09489799088684,172.75985626394615,184.87643938784854,182.56462346522588,172.73155998788144,165.62993229650885,149.19756391961454,0.0,0.0,0.0,0.0,0.0
2025-06-01 18:44:21.230,1,0.0,0.0,0.0,0.0,0.0,0.0,128.40482917341447,56.171211806768916,125.16004861159335,238.54400712633864,337.55662826752393,426.2326136113113,507.0182492517763,590.6871166868598,632.3149490823926,667.9680694127006,683.4939470104575,691.6247454984729,658.7730701039917,614.6163930158717,531.5217846415959,452.4484874000142,354.0923839968627,244.00636262360746,184.55015128264168,185.37190152501677,301.9334907542283,430.9003956771905,538.0442459027041,644.657346806125,728.9708112081347,787.089543698887,2.7184862438926283,845.8418185985059,819.4598429101154,772.9699993116305,701.0238803054586,622.0815924043887,511.2709474216966,440.7658991957991,368.1733294267933,308.1426031715674,376.51388704666186,489.0178563069247,604.6396709038814,703.8749898608734,775.0418548341087,860.8962323629188,938.8436537865961,977.5613576339128,955.6781001639545,947.3449494971574,896.5551110737488,778.8672496131275,737.3984897611348,639.0415133004435,527.2297320548146,525.7361736753924,580.8213306053947,26.104803502533326,15.038363955777548,5.841774868068358,11.52153831081716,5.892132507219399,15.073190478146905,8.234657814574415,7.25258116711311,5.912466816986635,9.96747018000325,4.744975524096914,688.4398682384896,604.9519986186443,509.9893063724167,471.9328885525792,449.97342777572163,485.0069593406919,572.0205228252853,680.4748939417406,808.5689452470402,904.0629102246259,998.0425383775436,1068.4129764355437,1109.2552910616923,1126.343993678365,1111.0506506385316,1091.6482603824554,1019.0852048247483,936.593925734809,839.5742765984769,739.8844283637918,687.5454275798252,803.1544658935052,821.7661185507833,871.4034869079177,964.734619336278,1078.9840299465886,14.731904331526946,1246.1014373286337,1294.6264236720333,1315.3022782476592,1330.6529317961242,1283.4949695418738,1233.4567114037548,1164.166153839177,1064.1717659690498,966.066195700779,876.1571979182073,794.6676103646738,713.9219531052565,706.7291053238588,718.092844438392,749.9806574974994,795.2018634421606,875.4290242939145,935.9686845591273,981.5465109675707,1011.1927468636101,1046.8172035779646,1039.890436931857,1022.0484776843169,997.8573024865739,940.3383164968168,878.2727766518503,5.0,18.72160510071244,8.86424508737126,4.740517299278666,0.0,0.0,0.0,128.0,12.122745697659049,2.4755539694499804,10.127645215294983,881.0599631524236,882.1977897688018,847.9286940589012,816.9618899980555,760.6953483003573,671.520713921009,623.4204538617229,571.4076626734271,517.5580303030622,475.322093305823,467.256269177272,449.437949161543,467.1912636282058,503.8230510033677,534.8044398484928,569.5243724081207,587.23756873379,611.4326349064049,625.3539476633523,609.3903889001242,641.8357287239056,623.8398788478213,574.1835156284495,564.4862974402813,532.51360800337,515.9269863018052,4.8068195289069235,487.749140745607,491.45028656550795,489.8674153939441,497.0318777193083,507.62541528624786,404.9336427676238,426.9851120560681,420.3883334172401,394.36078324187014,415.0783193941428,402.61685656986106,365.3705555020522,367.8662472851831,352.10823963030793,339.883849693672,323.47308643914903,350.97684919707615,359.16663480586965,354.63971453963734,371.75153753696566,392.20995034026026,404.0384625910406,400.4400455287311,399.8655477988026,378.98869484186724,376.9326468297519,6.9416594314516615,11.803049225165442,13.763845911246175,4.641359031968715,10.978744012226128,9.178572787695494,3.2080566653962377,5.385327581075865,10.444392252161158,6.4276064063497556,9.64802755312667,314.79833688795986,326.0488625762649,350.6410761515112,361.7042368395762,361.0016938337392,333.3646703286489,362.18136545763105,338.73710763486525,304.8746504145923,303.38774060024025,339.44006858804767,321.9291890492991,317.16098332076604,313.73979066261194,337.8354788278952,325.1567614003581,322.00824463113327,318.22039059762216,317.3877043499641,288.30578758321946,310.2829381852294,294.2844631565039,270.9717631520363,266.2780361163996,266.9709904024321,253.34168444982654,10.003242348916725,248.08435601885435,236.85848877214025,239.21754142781546,251.53589756440843,235.08515582755658,209.36032152453004,210.11469871983417,193.54423537995834,181.21686515657973,161.78539032440253,133.2867015107714,141.54470122939287,125.73105246551773,131.4816551649006,129.89885578977342,134.6497475786778,136.46902662442193,144.82513314656055,162.30290106809005,169.2718073419276,166.44529015813646,168.06236314433272,168.96195971146952,166.08893054091163,162.95304751692856,132.09896838044034,0.0,0.0,0.0,0.0,0.0
2025-06-01 18:44:21.233,1,0.0,0.0,0.0,0.0,0.0,0.0,138.77755830103197,62.07322279871525,111.99565804416316,223.7060255274439,335.8816842711724,425.549131322276,515.8974915382724,590.2262647218165,652.7987086850576,688.1291311544973,706.3220623904584,692.2906206547816,677.5097970233033,626.8628998986704,557.8356575413841,473.8241099642462,367.13765106039597,277.94515517823027,190.36759004251542,202.80013779623576,294.0955369022888,419.0036470407604,536.5252324324002,642.2899658128747,733.2104095316374,786.9330748038683,8.369991724136312,851.1517066436747,833.5092689708863,801.5648861635312,721.025568280319,630.8365229335225,543.0322071284236,450.747207321735,394.8600347173287,340.1081119573665,367.94438540235706,482.18116670939537,627.6508624265745,743.7159232124378,838.0406514220858,925.7525914579182,968.312519935541,982.0045801552739,968.3908282837555,968.3797252677349,921.2238189019452,836.8767300919205,720.6082893913227,640.1905580046506,565.7703605991323,541.5799570057305,577.0452556803307,26.92397595318874,11.768449194009781,19.24283076771562,11.40893078998998,8.184246802925367,11.762183920755113,11.092606373361026,7.580153304883841,6.298641099282898,16.892476249514047,6.349855595158815,730.8834929953858,635.1289624655074,546.9757109459916,475.5757451999274,465.3304806232894,483.3744308413508,596.6657178718514,715.3532486598319,847.9504249222039,967.2838159056755,1031.9388148239764,1125.0546542852455,1165.343314683613,1190.4265164163967,1144.7885237186383,1124.8426602219195,1058.4344812871664,974.2201829883045,860.562144320016,761.9524189469997,708.7444624230332,829.4663397453905,845.3455493232302,897.3441429895196,997.0871171238679,1095.854596303214,19.301945761251744,1267.5528661566736,1348.6180106332997,1364.4356018963504,1370.6366894900302,1333.8184552991345,1268.2149140305833,1185.428580161993,1099.9803352986892,1012.3730179067867,923.7186140311347,815.5579131036874,762.9771676763021,727.4150568434641,736.2396414429684,766.8245018516682,829.6781347963476,882.948952839,950.0923638714403,1012.7816043333617,1043.0182600716967,1034.0533774011876,1057.7078413890788,1058.726755005503,1025.5886757079782,969.6916244057909,902.746355661507,8.389135681156105,5.39270024997723,10.144195502331755,6.340227172279311,0.0,0.0,0.0,128.0,6.482266748156258,3.1367270482326886,14.743978754534812,933.1725663832481,927.0343929898628,888.7813650339223,847.3653598466293,799.5313474152591,712.6716013083197,666.0266409643319,594.8450257901981,536.6309955261871,495.84479872400055,479.0889002538382,491.24273424376156,511.9017811020282,539.9816915242185,555.5875639124799,621.5673855596541,639.9810108773148,665.339573376351,669.4262439651702,658.9730882672382,665.1284511040611,665.4230369414736,640.8539126724659,591.1814466274601,547.3057924491311,529.4454348272437,9.847507198758574,512.0214630272626,490.2973868408394,485.6040452775481,505.73467797198816,493.550104457423,410.975734927994,406.3816861336067,414.54059539425384,421.19923413036423,415.19580744711544,399.0864715174684,379.2596758495394,354.41993376999096,350.7005614626087,336.2065969352107,348.81625834417315,319.9028245351357,347.52755341489166,363.44939678886243,385.53532018955474,372.1777843506635,385.21125783466533,385.5065270912212,387.057408444489,366.13935938280673,376.01901342924975,13.267543492188858,9.558452649280035,5.3504305726261965,5.353646900375456,1.6786490503076905,6.488192064827965,9.802163506889505,12.166025376801818,16.33457166417539,4.057455518077205,2.1915661216551925,320.98690658147444,321.0327497122431,345.62121378876094,349.76726463665426,367.3112417360156,338.5658332182932,338.90969191332243,325.2122952561382,333.71975697400603,342.5193362662594,309.75712111646897,333.0173456751937,330.1790835190309,335.32804857863556,334.81010469116075,307.0772609776604,323.806781411809,333.4018441519998,314.8313897116188,315.5840815861278,315.11192994306145,288.0168133972635,273.5638865030778,272.19025587918134,268.15034119758093,243.37421885879596,8.112940153493405,244.6424160396739,249.63152969886235,244.07288557533616,238.0926853090394,234.172046486691,223.4496175334959,209.87622433310625,205.63229252129202,179.55514052128893,170.0746878257331,150.77372816236092,138.4423288364971,127.05906641251096,131.95885661020364,115.06020389474767,122.45831361815107,146.2875516905333,141.0265381618807,152.10407491539323,155.9938831583999,166.74990725168374,178.71316320833992,158.51169016794807,166.86740916052938,153.77633413856074,153.53759269765897,0.0,0.0,0.0,0.0,0.0
2025-06-01 18:44:21.244,1,0.0,0.0,0.0,0.0,0.0,0.0,100.86824736650725,46.154306841267456,138.44147262033917,263.76369151893846,357.7178923448356,437.46854975712694,522.6967178501226,589.134025657639,641.2813578550414,667.2706830644888,670.1702363240895,680.807880255728,656.68290681359,602.5146478951971,527.5984836591063,444.047871020641,332.97801088892624,226.82820519735162,159.98203553133993,184.68300959407784,288.65399777978115,438.0338750917687,538.3708743083781,638.7604387027915,718.9734567262241,792.7985442720299,10.760290061678557,842.0784920325401,824.7169657409767,781.2083958537194,704.5513151559176,624.7438980873123,536.539709644881,426.19548861484606,336.29874026581916,318.24823030710127,333.449106419779,426.1345805888006,582.8800378820243,731.7603626634665,852.9265252000739,902.0010781433457,963.4969639846065,1008.9366710920848,947.5487963942704,955.330363076964,878.0650467326651,807.8625060116016,732.2299868126597,617.7347841620392,587.4076605589444,544.8195251248338,579.7298847711462,20.609579227511812,15.298746267217677,9.441553410055015,7.0324023519764625,9.213069928051816,11.29284035985486,17.468260974770057,18.36090326185972,8.535856610270805,13.00205159537805,24.718011894081457,699.7312889365475,627.8857883069711,495.34934659291156,455.60910261596774,459.15742802002046,504.09633688940727,623.5865012240207,736.717982439419,883.0148992178199,968.2840339889511,1054.318611242058,1142.907088910839,1172.060851441821,1180.5301256534783,1168.02007327712,1109.388195365124,1043.583824022366,946.5303006156579,845.4938384323966,729.7821038225974,669.4784375728769,797.4929969052217,818.8064597548519,899.5620491306097,1012.340611437252,1131.8937558117545,10.21778674029106,1315.288004733827,1356.77230545827,1380.5142756006337,1361.927214203448,1317.5831305949605,1258.7820356680404,1160.3750296035626,1060.7693189494792,957.8993420045118,863.8987393791972,759.6546879397496,703.4894402037156,681.2914442197616,714.1916744533689,763.9742715038051,821.676971994974,902.6531708850486,962.7888252581852,1010.371864991284,1053.9826155113317,1084.5821702379008,1076.0943501700992,1049.6533146356323,1012.89237126357,951.8828559917667,889.496559693319,7.619459936556857,7.204003707421501,2.235525292494042,7.063101107184075,0.0,0.0,0.0,128.0,7.065093255872666,13.39476095036651,5.416159743817285,926.4216091755429,906.9638559183267,880.0152998863799,843.0865350733184,773.2112555148149,680.7565251959155,629.8786034247199,552.0914018553009,511.25940069128063,473.18734598850057,457.6050123010446,474.0618527220078,485.9488557764361,529.0381891206387,559.1119489452235,593.0514562118818,607.503360813055,636.1007250776973,641.9642261993583,625.2215032361365,631.689516133684,614.8691050610706,573.4090991585913,545.8975830506931,543.4416966474358,498.3335305869118,3.6344017194777094,491.14946640155523,486.1844369969082,510.53881596923327,514.390528438448,506.84790326480123,427.2566175842789,422.32663389163696,428.1709742124783,409.5668987737053,403.33210822146646,381.92359731181284,354.6735859112824,352.42710141394855,335.4535415437534,318.7607420997131,323.43304650820136,345.64462319879084,341.76947998361226,364.7913559465227,389.38192232766346,412.8327912683223,405.1834466382538,416.425256975983,422.53528153836504,419.5601447611336,396.78582367834946,10.799057559343138,12.647714052025512,7.241917322369797,15.021378128771556,8.530864488718485,10.75283983966184,8.622763268002428,9.006119319056774,12.016211602749037,2.842741970754019,2.271141052688459,351.9816459256986,362.3531299277291,365.52193737799087,372.7321606776994,363.9026731561706,347.2034205446447,361.2640053306176,342.25413803971725,326.867389667289,323.4111492471925,321.1347109776154,329.1145010162299,311.9871739279118,349.26473949080975,335.2857716823817,327.95743111857684,324.15922639456255,338.5768144630169,309.74357951262044,310.4928334803513,313.21319702096366,305.1473225883645,283.99250808429593,262.90018745346197,257.46650090418416,251.4512305244952,1.0348402170607773,247.2569204444126,251.5386998118864,239.12665400030502,257.94763486891435,239.30863628599963,230.6639751886319,228.1710897220137,217.28664522098325,201.66710210918302,175.61057585728628,154.4179551593862,139.4567203819776,120.51250527188772,123.16225643466804,130.37929400760143,127.51105578231675,122.8359587671719,140.81571505554388,162.06248289066278,163.2504885614973,162.5281523697831,170.55776650578613,169.53196788402627,166.88683273156886,157.18204522826875,134.15450605538967,0.0,0.0,0.0,0.0,0.0
2025-06-01 18:44:21.248,1,0.0,0.0,0.0,0.0,0.0,0.0,202.48002383601153,108.35474700846213,51.747192574487485,159.66453655297144,252.9355848818405,352.73871386118594,459.5650460971653,533.0512516278642,611.3783359490695,650.437927489874,689.4094545186387,715.5446145372225,690.0480151949057,673.5728167769595,619.638148680689,540.3022840001571,443.2122049781027,335.211211227587,234.52281637229896,162.15500464501633,221.79080134350056,347.3121198840734,468.5056314659607,584.9583031200568,702.5051320596593,772.1057025233462,6.4031242374328485,862.98687220123,849.4257078199377,832.8487004438377,777.6746514095183,708.1508609514752,612.2295997569632,504.2987996750364,415.7635640425496,335.55541498982257,337.417614032694,429.1487567531364,532.9173620128151,669.1490896815247,757.1448962036561,882.6572622139291,942.5242552119333,1016.7826198650903,991.9440479385698,1001.7808679211738,926.3918764873058,856.0208970503552,766.2482060219218,690.1620682164244,587.2634136886091,548.026339020117,550.9199144984349,17.916157498279418,16.06334445116101,12.786892562601182,20.611869895678304,6.357966215998225,2.5195854546391794,18.867996472681085,8.106648089622507,5.114059890653906,14.21908447678891,7.293662567706597,771.2181528680321,676.8649916019311,557.9458315812841,481.62264358980667,440.58248611808597,447.10604028121696,546.0040722466118,682.579946114128,811.4128730106469,897.6621615604951,1040.1497707893097,1116.2043232998317,1161.9974444807651,1191.7681904750898,1184.7525469687862,1142.303393217061,1083.1191732677753,998.2183141127028,897.5360544701242,756.4134402159639,701.7790955662321,812.4576254109302,800.2501619747712,859.4475103743447,969.4834271160817,1076.3231749609472,18.798486194149767,1279.001988714713,1333.8766152820897,1376.0848224057534,1367.37813939499,1348.9469289858646,1286.3950516503078,1200.032744114823,1104.4864861631515,1000.0193567267524,890.0094436305151,801.0521527968978,722.9661654447843,707.9968947679043,705.9470316386297,746.6494764972025,801.7672130053134,869.7418982612511,959.0437728829191,1010.7908124050537,1047.2647893244198,1020.1534925001652,1078.4452497482303,1050.8664186100727,1016.9124380355644,967.509620327566,902.8216565507145,9.096139135218817,4.736908152914635,2.0721769416544196,3.7215920061685868,0.0,0.0,0.0,128.0,4.796809917137216,4.035370742966207,18.94268228643104,918.2141637467196,911.7233715249972,884.8976426500667,842.6615789967738,779.8603350032364,669.4931600953845,657.234418448442,571.7576215263867,520.4148537274982,502.73289492102805,491.4169998192328,494.7128361812498,521.1152180542653,554.3831430282097,568.9796461535185,601.4451975447178,635.1389503897956,638.0062060438562,658.7361734838561,603.846016773478,647.1980023844814,629.8331069564615,593.5658512596142,578.0206859164343,561.4632999166787,556.3498674707797,15.823210294111956,517.0207946293708,535.9363585637717,537.0090776537119,534.3811059315007,541.800918396298,436.29894395186545,409.1909845147841,412.70988549835255,406.25998322848056,399.26215986765703,382.84798200233246,371.82370751474855,353.8497726057965,360.7797605765281,350.2655466043572,359.9705650596467,377.7986417429938,393.5314166416007,405.4296419489739,420.4895922116059,425.7040178310464,441.36519328999753,432.5245156795253,416.88163270224226,398.0804328552386,377.6303634998121,3.453357870232574,11.98226175644173,20.30606285500038,9.806862498828973,3.124942858899422,3.3335927222304225,17.39067066224248,11.622588015136756,1.2645370629933557,9.212217423072264,16.975382144972,333.1019162996734,360.90616848390874,348.72747163172716,367.8383451491783,352.87097146518994,339.7823685799878,322.0720175477633,304.6574211882274,320.02637419393324,324.3878031041112,312.27866866298143,320.384022478917,315.92385110186973,329.2077414109309,332.9397073479993,316.4548959616266,311.7564866577439,311.0602565856834,310.0647933657567,283.8131190714124,305.23652545636276,284.5111176518555,253.93980044587283,259.3180113962539,254.58279880642095,250.11094743943946,15.95899174737141,251.95430257293094,249.46579226710122,256.7537605636686,258.1485940792431,241.9896212324758,238.39843287984203,224.5537260195207,205.47146999504238,189.21548087960934,162.53948186646628,147.30395277357047,136.72605073018093,122.64100173922323,121.17861018086785,127.94245829216369,142.46055947420032,137.9576822400729,159.97363876853936,166.1423200205835,163.71843789696305,172.22613906183147,170.58053850394666,173.4687995520037,168.88942519364807,153.49397340455306,130.38903910945268,0.0,0.0,0.0,0.0,0.0
2025-06-01 18:44:21.254,1,0.0,0.0,0.0,0.0,0.0,0.0,58.258006531660534,106.72642881088647,220.80657582375858,334.37542525089214,419.4908141117157,507.43484484663327,572.9173750575769,631.1070961421317,670.7571814574657,691.1174314783084,692.0988129079404,664.4566935530066,625.6497541036596,558.5952851175954,478.0686653357127,371.7260394307755,261.9349441231863,170.2162992653275,180.80052328965974,268.9206648185182,378.8370749355729,513.181686701406,619.3249980084573,705.5803680595333,780.7978991270465,828.9717910703695,6.987085455161685,838.5169755704676,801.2039723860852,743.1797804669843,647.8696855041183,553.885424431047,447.45248668735235,364.4231814644314,324.7444950843622,344.754567383165,392.42486186407837,568.4572628534503,696.6043773805712,781.2199779099212,855.9357033914379,958.9795091729676,1003.7691272549588,999.1600074895857,959.3081089553953,885.4698211940527,859.6603937376716,754.771217245396,678.4188848290007,584.1127220711091,521.475515115426,546.0480109503931,620.6093010787104,14.403891317885735,16.42425886047942,14.545174341060607,5.929004590342991,4.937931034482759,10.67013171267219,8.75396196877574,10.750268742478797,8.944720754228856,22.94195002820432,16.046405008710842,648.7182146377306,564.6960753106544,465.5962017166175,425.2032529620361,444.44851716785524,506.3057598216256,620.039891529476,752.8166578101496,859.4691822032197,980.2607127229642,1046.4353421940893,1112.2852731995272,1158.6480359058173,1170.0857464786375,1125.2306362940546,1074.3180984608855,1009.1379474880904,917.6350563560446,806.6946038853832,728.1613935601262,657.7562156451999,813.2382635244571,827.0698744961419,917.9353675606005,1027.05939058961,1128.866246492627,19.280425941606705,1311.796733346939,1354.4074781937288,1359.8309641452408,1363.6066344063665,1301.4206498037404,1232.7842284973076,1145.5300379482628,1075.988520809169,972.2893502086285,861.7988616328417,782.5043110246615,723.1418866668844,708.0142085415273,735.5550611893893,785.0392709355493,839.0057992914831,910.0295206867363,967.1856476316075,1016.5265941149764,1054.4707734555316,1071.33811118537,1064.3008486162028,1038.8189560716055,992.0104231519992,951.6580396519797,877.9075019885419,6.244833588450582,22.59937729564669,4.78620092033257,7.513499039231421,0.0,0.0,0.0,128.0,14.855232835356913,5.03844554813226,22.123492485742112,906.4731656458264,901.2051940212575,871.4181167460865,824.694482450488,782.823751418738,673.4518987618764,631.9140759721586,586.5936549290965,527.3786095903978,492.93297212219346,478.5755844902277,489.3697178557992,502.343846718826,524.3741364277643,562.1656324298414,581.2332737123178,616.1511745856234,634.8799783093134,625.7387997472977,623.3192459346398,623.9700378979895,614.8251164635116,598.5341903332807,564.2590907404898,542.3534029055031,517.4805957907489,5.969446740921709,500.83182269390005,498.6794770885185,491.6497528904588,507.2156352380009,501.68083653795946,415.6665576361842,404.7006623801167,429.620726887272,417.8986375243776,409.90041049304114,400.51115336745056,366.5750269220861,345.06573268381976,342.1916575570715,327.0806696668482,330.2725841505149,340.9637308633963,340.1343229717019,361.67313066337704,379.12772810670907,386.3411466165451,406.6721422033935,399.44397388177435,399.47710925687323,393.6361908670717,376.2189514420986,12.196316654820098,9.740614840137606,10.928549794594241,8.324031099056443,11.490464563153571,8.23618958959615,13.821687327507687,9.978494380771275,8.90321377118891,13.341448477876114,2.133331341260281,302.57685949050443,321.5963158197741,338.3051921865418,354.4533537834023,375.39160922999224,337.16761093342046,323.44756876349743,354.5517750471807,327.3114364808227,317.7294819943004,319.51051697045614,308.58881609984695,308.8222615167767,323.9971353753231,348.57085778703873,307.4250204753771,298.32605017932093,289.30945942462694,317.6080816108313,305.65251946203733,305.32319150969215,306.6194536974231,275.19693501776516,262.7220437120011,268.1830576753033,242.25948814663147,9.864984101925726,234.05235529942703,245.11102371592682,225.64208908139605,239.8283450745899,223.9990623885394,219.8683648425701,200.00536259731876,196.1889368556618,182.5618513225371,175.0023955796585,148.92162755234295,140.2589250437411,118.68348141668041,117.58813450344518,116.21715268913519,127.21855144964164,131.56100425089357,129.92945457469978,157.27188716640316,148.56819996545457,166.31885841639644,172.9386302131606,173.01224669018694,180.71385235204548,159.03390854756046,142.49596075706407,0.0,0.0,0.0,0.0,0.0
2025-06-01 18:44:21.256,1,0.0,0.0,0.0,0.0,0.0,0.0,67.55508219994417,101.68676530813232,201.4284181537272,306.75562062264936,417.6064115724341,493.5991561696977,574.7395830551953,632.7030393048584,668.9781335665565,702.8504189058136,696.1144767989224,677.5754489758273,630.8322444575721,567.1717293340154,483.04965983855925,407.1925242017428,279.2966593855995,209.69139919577566,187.40866904291383,270.1283595778264,385.9497981863153,504.66755571645325,613.7752968401194,714.3217440359576,781.5302098654055,832.8955082850125,15.229819995523592,829.4412227247692,814.1817178621578,741.9001861388834,675.4865747847509,574.7784175905879,492.41093669690787,393.1756624019926,339.54127168193276,344.1842945694883,397.0021347241518,532.2486813010744,686.8419040025351,770.7508054501208,866.6494750020156,943.4938080753864,960.1672506155693,1002.0652965803276,974.0948102508523,951.0833438958753,833.5341851733608,761.6666190650111,696.5453380582679,599.3625223891245,561.0144392120108,562.5566718663385,602.7943709045984,11.652505392320064,6.901458649821942,13.09319383906707,3.862799363920888,4.249030246666601,5.29850218402163,10.939994021272264,2.122406554281422,15.265613224827424,7.196907778314217,14.749783851816618,686.8747291520773,577.5626652453066,486.5730267494954,448.1410418008056,467.63571559909275,522.121576758762,645.2850269952552,767.6709976213763,879.458862099927,1013.2296312524755,1097.0602842125816,1158.8985481823759,1188.7410897306042,1195.073723289653,1140.8700682989165,1103.9102549475929,1032.6009617682423,965.4850064465351,841.9871059116298,754.6107136827297,688.739432448731,833.0063086949112,871.0338316074376,941.4213662196049,1059.755816028564,1165.375113605092,21.281997859034405,1316.4370023891718,1388.6553766940701,1388.406852472413,1412.3014926666112,1321.8227930203566,1285.3805841852354,1183.786310046193,1094.4901098012633,987.5846491448468,899.9216347326596,803.5327353992749,758.0500000252227,733.9758897235226,749.9658408932914,805.0092112296852,854.440104430594,932.6885236889952,981.6242839819649,1038.751058747331,1068.4415647252579,1075.38602188191,1069.1336656768954,1063.7300080048758,1022.4186885973083,962.4976281780912,891.7431247855001,18.207970147798015,13.310788761625117,13.258518464445224,11.553529591685823,0.0,0.0,0.0,128.0,18.74674709027745,4.611461994025825,33.82289663511459,946.5510160441601,909.9784580741543,905.5276998907364,849.8799309765824,817.163081044104,701.0969090487306,662.8297164849002,609.0390139169152,553.3997919578542,518.3557847997645,510.55197000910186,516.972664710261,531.6572604537104,559.2973815065451,590.9004081556382,623.9808186906333,648.1117477162215,670.8575563331474,657.2496901081803,680.6049893141559,661.1647840522103,643.8403301408114,625.9936363013848,597.8316759853769,565.8331020628104,539.5208234554534,8.101156472522918,503.9268976293046,512.0023426854228,501.83504662988105,522.7325963267932,508.7097170803629,428.1696586449202,417.6277728612337,428.85922833003684,419.58249566492947,412.0641625466043,408.54696698633336,374.62954274274915,363.0401784171962,332.1665051318084,327.92468516640355,332.6039888572874,350.2593360410546,360.05417355240485,356.14997986238427,379.26865860091135,372.4745778263064,387.3456335874901,397.35127399611804,386.49536008663637,385.4679960709004,361.01379838439044,11.725339929436014,4.176880325646353,9.99165287758417,5.38800408802692,3.055401553486233,4.779088940830106,7.308907600390949,3.1032740805165635,4.914353113961562,5.817684205072479,13.290160406565832,318.0597189045568,327.4861561618694,337.5464086067874,333.5452523626076,352.60308871806296,325.1435439329521,327.87970117470775,307.11238882474487,318.6361709842511,315.95146286357885,310.10383955185296,309.3578247037398,309.90983776485774,289.7818549930789,341.65330940462,313.1856830832896,317.53240094428674,309.98359435133375,312.88021250587786,311.1584087876948,312.9454454023945,287.5489102240166,275.7126132992112,258.4560651735096,253.9419975155767,233.69223513419192,7.248440886636461,219.17905641389592,229.10766230009742,226.04121529129222,246.3873171131661,228.19701802730165,218.45533630514788,197.6101996193752,200.23328647812508,177.8412237163866,169.3966408335953,152.2489501234209,143.91534385444962,127.33811860455617,119.30308152241734,111.22851003185855,119.69998509834826,128.2378370614188,124.22133416073754,148.06741767447355,145.3129906284371,162.14183592185535,171.51973439511687,173.87051829165668,167.32471548521153,159.33333462074592,148.46004194818454,0.0,0.0,0.0,0.0,0.0
2025-06-01 18:44:21.260,1,0.0,0.0,0.0,0.0,0.0,0.0,138.61925409683073,61.66280316470304,134.2524507880538,242.6622667911905,355.01089035904045,446.0306096861697,535.364341359879,596.5235017803824,662.9906764793311,691.0870775814683,722.4411133463057,709.2435879845243,683.5215790799018,621.5551924524414,557.0736458839183,471.13488495931256,367.8910572822752,268.7654231045497,186.24452816360252,214.66755730645988,298.593128282163,441.2860860710593,549.0369512264103,653.3711117726867,752.9580278321928,815.3267453253887,9.914874019661964,859.7837430834784,848.319074244577,810.5195088382053,727.3807341994268,651.7072381071507,567.9047442070835,452.6820922187013,380.59529285234566,329.22359938653426,383.8969039223754,493.0008029107934,624.580059215321,724.0657881080074,857.6090766372994,896.7291093611789,969.071695714128,1017.7824828247112,977.9383024418961,986.6551814697373,892.9883234166259,805.2406098680015,718.0636219808769,631.6028707015593,574.0072576791712,550.3700977558792,588.846379509814,8.808081324589248,3.216285709848072,1.6583116886986855,6.232168870573222,6.895593329954546,8.103032855174174,10.661720161195463,1.6487389240869783,15.981460556429617,14.655521294021781,12.872178641259175,705.5875593551604,606.791761946378,503.3175822330516,458.83593439842394,444.39240684672745,490.30343961300235,617.0687522749058,739.5124412853679,851.6658913927864,957.6131335009974,1052.818989639599,1133.2173824939332,1160.1712994897753,1178.9220405308838,1149.7664948853512,1097.8086581670252,1035.8400132040624,943.7317236495779,839.952284893209,747.7238490746953,682.6580350606674,811.1980084789661,825.978214968578,910.8202958655564,1010.1641058779653,1126.4077259354892,13.676060449876115,1300.5027857976395,1359.21338397689,1385.1103331213342,1365.2879390746834,1316.0485699013805,1261.9016246068009,1171.7882601338124,1071.7091585497199,974.5685662111526,876.9944080447721,786.0064604060892,724.6754489586648,711.7547486013867,724.2324412240885,775.1047917515447,855.5301772542001,910.4446873544075,982.5053147866407,1024.1983171311156,1068.6040419684477,1084.3505159846866,1063.3372234911055,1053.0624804933125,1008.936021293897,952.613770399704,899.9851661262026,7.689155080115064,10.530471495267294,14.595381106548112,6.536275386272324,0.0,0.0,0.0,128.0,13.797005176496572,9.87314079861401,10.74620533636697,948.5914497009468,908.8527264131068,894.7269488971116,827.6615136355048,770.3022648988867,692.8468920564568,641.3349374144583,585.2831742685861,524.8970095689426,498.7163368875443,503.83987280622546,501.94340683632686,524.7263189921808,559.2153385915569,588.674535615844,626.8047387761351,638.1438528883348,654.5921619828288,653.6310136562391,646.4756615257218,639.4099733808487,609.2476507307259,605.2358261927645,548.7537458485863,520.4707348600632,514.0106914693768,8.222020498705717,483.61160573999763,493.0078710437007,488.85006062676143,507.1983186232433,489.4011541955901,410.26524875191194,406.75271026277034,419.97281902593164,399.07542557137936,403.18044811088043,382.03107479324075,351.42238870478053,329.4473829934634,307.2989668130025,321.5656814442017,318.3641501740563,319.14470024797146,350.8241067260877,355.48881729815275,381.358871388835,385.8760098520619,392.93198257556946,401.2712182303364,385.99975892937357,394.16911390740495,379.10527592961773,8.175485715472895,16.240136337222808,10.6217703997212,8.752367166583957,2.956297617230287,6.980495117692777,16.19706128787296,4.0060392298272935,12.030037304456814,17.867002675644436,14.689479234790587,313.4391053836489,325.62459750207876,348.191226365242,375.00005410047476,362.06848660705646,346.9786674165999,337.92172510182314,355.49554969650364,349.17774951441146,342.6417252602669,325.63167284192116,317.117898562667,329.39954127854367,331.39553013483606,342.144288462247,344.655502593858,311.8312314902823,321.43899946844977,315.71030966085675,313.32572197507295,311.7243047286524,282.1707429073569,263.8521916823756,269.3014156773471,274.00964477566305,255.9871828676394,9.215695332313226,251.9998050186861,255.179523156909,254.66213318963116,240.7456659891015,240.82679364156994,233.83024599170162,211.63800323194587,203.1673456470163,192.47993975973955,176.93913846219866,149.10194141406075,130.81461399869465,141.4411890479169,139.42918469529312,134.03722960884673,133.60469508780966,146.06703602147778,153.57422959756354,168.80538329126162,166.75705535789,179.20576313301967,182.46928653518938,176.90273747377208,168.07612840435684,160.80114034280618,145.88014162049984,0.0,0.0,0.0,0.0,0.0
2025-06-01 18:44:21.264,1,0.0,0.0,0.0,0.0,0.0,0.0,122.10729112984426,59.441703371796166,137.26129485192993,246.3342859906437,347.3307331509354,440.89065519523757,523.9663463648997,590.016149336517,643.9561790854493,680.4766961441485,696.3684559312653,677.709742416631,664.6254783624205,603.3682585974814,537.2085895378449,459.79496494753664,349.80308977522566,252.83248600388504,181.4040001695277,197.01371990849663,296.11268643730335,418.7936657437972,542.3797435766814,637.1409489944774,725.6181520794438,797.3963573635218,12.241379310344797,855.2278298610836,822.2672438935587,784.5672576268194,704.7095427107212,636.5116065893922,539.5549178731509,441.40398329695296,376.62971723152197,348.6647210454556,364.22771954786964,468.83605229555,619.0078749020224,707.449827397068,819.9765672907408,909.5182103063098,970.1043310241215,946.1026631007289,971.3696569315765,923.8352845520044,875.3690069105048,804.4055033329217,701.7367805763694,636.3044566028415,573.2171182397865,554.3156473949763,581.893416446217,14.543922298093202,4.73434999489791,7.427235191996525,4.788428469380735,8.291393560682279,6.605112695582419,15.135678611985318,5.990542263206952,3.7238030480407813,6.977817326079913,7.683515603336754,705.5591274699517,616.245013825831,516.9909918534345,466.91504886925895,469.57329609089044,499.3492218988882,631.0440544011749,728.2824397613521,858.0247361182049,962.6656563462149,1066.8509201572547,1134.146591921628,1164.5594905714513,1175.6520903859343,1153.9937018076953,1108.795976743075,1036.1883789105368,943.1048173191219,849.7445632415564,747.9388084210403,690.9053818097184,831.8999128483797,837.68232389928,928.0781697898781,1039.9319097878893,1144.0417578420302,6.303615903454042,1335.0529738615833,1369.4911817677412,1390.907855115834,1371.7238405254052,1318.0807995270065,1244.6812650015227,1164.5512613925116,1062.3267254863645,962.671444874018,860.895214438205,779.92007994245,717.4511786040094,700.1333840448349,728.428532364674,776.3303017312578,846.26129713491,904.7385442232937,977.3698230939142,1026.9943745040002,1055.7894488946565,1077.333910483795,1068.489190033513,1045.3200061292991,1009.0515282846761,944.0499599287143,877.0200259922884,6.010771609470338,12.518495214912953,6.463497124592935,8.952291345784671,0.0,0.0,0.0,128.0,16.73553236285832,13.506642293827522,14.833533892485804,919.0399405719878,903.7938245703995,869.8301108732746,835.1500405754047,760.7051237664573,674.6801419375936,628.5675191875864,573.971140730117,528.2657447532557,505.8026446785256,492.4177975498585,496.6073991998727,525.8545059113578,546.0061324265691,579.1129037698934,605.831391202913,630.9186262282744,647.2742374630844,637.7052657045291,629.576024733437,639.5689901196662,615.0058022374308,590.3825767878391,568.5380512472736,537.3920585257761,526.7328166962869,6.588206723199938,505.560331117847,513.3145956627797,511.0831992471199,519.5968527969063,515.4092845823795,429.51516411877765,415.8768767195843,427.83718319930796,416.81203775217585,395.9379676499691,374.75321063701097,365.9610987524599,341.03429858374665,330.1438356455462,325.42883675337174,328.5797644524301,339.0590591975454,350.7967594505453,378.5694645817149,383.96682189237976,404.06173430106605,418.6466014846903,418.10910389770237,407.0827137211437,397.8657656780111,382.5721211047899,7.188100482637346,8.906418569674871,5.314230978352016,5.6301742846727265,11.706244099152903,2.0037724712345644,10.167991726509134,5.15237382975804,6.417724886370351,9.018572619552705,4.256151668627401,326.46794114818994,355.33776913535183,351.18879392815586,367.93251832575106,354.03153234740375,350.9230707624014,344.3030435953097,343.60511291992134,331.70446892876237,348.43255191706953,332.83874218816067,344.90130705638524,329.52226954215666,322.70542569845014,345.2961137226092,318.13156551625127,312.80685987280816,329.1730345126969,321.226869523168,323.02772594996645,311.11618276460916,299.0241636188418,275.5039661408737,268.2828967430705,264.07793107023457,240.7621204466023,9.61600449019852,245.2079524426353,254.28956086057354,252.62793081718078,257.6818224610029,240.22186064894188,240.0776461524786,217.40538387717507,210.32038384496943,183.16034447955073,178.05967106886683,152.41644723613757,142.2138749884667,136.57203674531658,133.52619558098925,126.40643143143895,127.6547641507097,150.74929364935713,146.93298648857757,159.68047432539484,165.59177723948298,173.58278954226375,174.76197526285776,167.37162874255694,167.5683159179604,161.05874211652784,140.4120293993089,0.0,0.0,0.0,0.0,0.0
2025-06-01 18:44:21.268,1,0.0,0.0,0.0,0.0,0.0,0.0,128.78785412832946,67.61182367746726,146.19952722039244,254.8746761874225,351.1624304884474,447.7496454221431,531.0380825973426,599.8328587865384,657.8606148665101,689.8225698606622,705.4394190755601,691.4641792872451,665.7809798799561,610.6531706339665,545.0729386169122,443.71563871001706,345.7220366806319,244.0470435829259,185.10940146408143,213.60479396767482,323.46676626013505,448.4123288277374,566.8560171510574,665.0257236899546,758.3992701461647,813.3362753143902,6.9532169430401725,857.6277765400879,830.4058953140551,788.5910811912248,708.6059040381076,624.9232557551296,520.0393774926162,416.12245605352996,337.8154839664237,353.01482940177544,351.53609782476525,512.4310840325109,590.5445988239659,754.8636201961082,858.511163092816,914.982661777054,963.1433408316557,986.879082363773,949.8294029537977,917.2395990123568,866.2083585241166,777.9562531136947,691.6882639303469,593.1465538790085,539.0097141440377,541.869210238801,558.7820696250677,8.554314823463883,10.144107498878657,13.445678054423684,4.234920945293236,8.71523020412172,4.085744230907971,11.16647561823443,6.122557546674038,11.810721171442085,10.373967635539476,7.324514387113282,709.6884621391772,577.8233508828108,506.1912283733442,437.2328800632682,442.4142694970077,475.5011338874925,592.1302675286921,717.0669036484908,826.4392466128011,963.5810201299637,1063.643737907485,1134.8125282596786,1164.2119253580415,1178.4003594968394,1143.279403960202,1115.73772198306,1039.1894461990291,966.0191472123443,839.3768884164324,738.893784383839,675.3451295770612,807.7653171168349,837.0335541525628,916.6105456321234,1018.7223724623034,1136.9105023647098,10.852119798860388,1305.0946627384667,1384.4133366535177,1384.212942413446,1391.1120195599487,1322.085993209984,1271.3132978052606,1169.271495288813,1080.1137727205792,980.9095052326223,880.2500534594983,801.8924504669915,731.5108006991976,719.7640861329525,727.7539327784245,797.5546830246197,850.3191969230738,924.6661356876135,974.2673983497426,1034.6683505602812,1069.4813177377912,1066.1990705772678,1065.0498457094848,1054.629022617856,1015.3896107164088,947.3718000648502,878.5367625391088,12.322081319198503,18.012357300949056,11.117894389174452,13.121760993419416,0.0,0.0,0.0,128.0,8.177056714794391,13.944949106235274,7.291633161793857,918.7252887941679,888.7150241786379,887.001967551773,838.7695618500178,774.6762000739507,673.6952272719569,622.8495249105981,569.6793922183018,520.2396367823092,512.2624922119808,477.01691150875916,483.74475528222723,527.9400518517516,559.3379364727473,573.8539489400908,613.0861740133444,627.6656611433754,646.9667090876169,656.9658214321953,635.0815533989708,647.9166299015566,631.3372055594701,591.2663096996716,572.1584857233546,549.5764320506128,524.2795939414742,8.222439630538434,491.8237720196488,515.3992460840741,516.7715409024926,539.0885342507555,522.7307077811859,428.1708300388923,414.03947349541505,432.76184973237645,418.46997853292373,417.92991163182245,387.86200098378407,382.505671649407,351.60083190038074,332.5543187797098,336.5658573603038,332.3367258190965,357.38922113911605,350.6994926512295,376.91876783936283,396.39939800348094,397.0742588256131,400.63977739685987,409.46354492968715,400.944093533306,386.10231334214217,362.42582055769594,16.72553775439461,18.319938207979217,8.355238747813482,7.8466445962886535,20.109296311148803,6.6387691860000615,9.981747356304187,14.248465916747836,4.085566749120784,9.030285941460823,5.556134165782965,300.6599652334899,327.08591304300217,339.2832250623785,334.92298860232967,347.0086990374635,335.2246940728778,315.2654228334998,318.8439401165923,323.8793740046854,310.5725984110226,303.4744235145167,322.5161107546097,305.2417466235458,317.24492359447373,313.90235364406567,293.3768374818805,309.69851602132235,310.19769032713356,307.5637412025024,302.1169784064953,303.9285441097532,279.33075904559286,273.67732963361414,264.87661599603587,257.0684085676929,239.67821743488582,3.971073384788962,236.9511040684049,241.02106517515708,241.40682194285964,253.54348568431294,234.74019365772884,225.18945694447902,203.16966078626106,193.83693244696175,182.12228234416546,174.99907554358722,155.57142803081206,135.79021945991383,124.45795988560171,123.19251685380719,135.03546815012476,134.29750637835298,138.49930513433802,146.78462405730235,159.46551277363662,170.00051731682123,174.95650521690874,171.95793704973124,173.59771524497992,162.15682426434932,154.5975366315926,136.55858417346204,0.0,0.0,0.0,0.0,0.0
2025-06-01 18:44:21.270,1,0.0,0.0,0.0,0.0,0.0,0.0,64.03658153317589,96.50713537404673,218.3666244801963,321.9164863363672,413.96750923475287,505.97233956861965,587.420911983804,633.667819465982,678.5379090841626,699.3136709784318,700.445837681676,676.0791304370331,630.7211172283448,563.0319865147335,478.60005380980084,382.74538663103266,279.5676671597451,191.55993330417007,174.23766172871998,259.09538820532657,384.87432136876663,507.87687768816863,604.2736957700539,719.4552393976121,791.1913354932835,826.1997203091723,2.82062371559179,846.4272184772826,803.1426560227505,748.1846083041266,660.5383201024059,564.7822347372946,476.4491217949017,372.7771451957971,308.6253389830911,336.3434826234702,425.09595080529704,577.40849681113,681.3374723943032,782.9423780710978,876.4259383721028,962.3487190344858,1002.779203874828,1024.8722156768174,948.8549407656222,936.0319577527436,844.6427647998082,734.5112528648971,647.1562790310492,556.1816418267113,532.715469448827,541.5670661287171,594.152437740373,16.30404155490921,5.095391254323247,12.587978890850607,8.603714476531689,8.149225878272992,5.066006304318769,16.45633485820263,14.407733914438618,9.570880121712193,9.557323910067868,8.926692661535505,680.7696283015991,568.47615277521,475.4646522030941,418.03626844307956,447.62371812788064,498.88471153073954,650.8269683439021,772.3116817104863,882.9099885398767,1004.3075214502636,1095.8692036746754,1164.5145410710074,1180.8274209269152,1182.5280318038385,1139.4311600093845,1102.0139287766324,1016.1054660492052,922.405908591199,797.4050740641655,709.9130544178652,644.5303024133608,779.810732032917,834.0005896915684,927.0671192699822,1022.9211985319356,1151.4145683199758,2.738386413956203,1323.4218906094886,1382.900944484443,1371.2711672382125,1393.370083114313,1308.6506935029847,1248.1992297676682,1154.2121819169533,1053.378505104959,932.1208169794043,839.4335408296308,767.3505673692847,712.0334251285956,694.3816404537372,711.0959290668286,781.711723082262,859.7209506297825,907.1791111730527,979.1246472882749,1032.6268079609658,1067.6098913754065,1064.0248342202563,1058.941168364164,1034.6429818601118,989.2343878899253,925.4113109544331,870.7284158246074,13.480565152360725,9.721839583973875,15.496247882985495,10.262194907140522,0.0,0.0,0.0,128.0,12.629373980566879,6.000517769165196,6.122845826706466,938.9080620127037,904.4690357326033,883.26772601414,823.1221409667164,769.577953533095,674.7109349254305,647.9793977380378,589.8593083688112,534.1046792729843,498.8952962577622,498.12296791503707,510.5114616343625,528.9929027906041,571.3338964420299,577.1982328661251,628.4731582375467,649.8432997677397,665.9116750057882,653.3284622118325,642.2405916782317,651.2093577309839,631.6272117207726,610.8069722237665,578.5059797503161,537.7620364410184,541.0003397925994,10.335883533760082,505.09893712170407,505.63038925315345,507.42626113366816,528.8058933885061,514.7509051575818,432.3180783757829,419.9353272109463,424.7581794353697,418.3704175153295,409.9539193895448,406.6551711456321,380.6102880791999,349.2577037519059,335.5176471266753,343.79928107850077,342.20579021040345,347.82671621094323,369.785795912219,381.1536181903722,401.893038915587,398.45974233101714,396.95675279093035,400.6976482347303,402.3069085052111,387.6672701456356,376.2072250552803,8.603714476531689,16.308675796756347,14.495172971533728,11.742206209454636,11.227167752881256,4.935566244327429,10.885211454909005,5.935768105450502,8.041886365488558,6.55800894833361,8.307017236177813,309.00310207926293,322.771288390859,353.7277365672654,353.3455553431433,343.4571482691621,328.926093153899,324.5868024375067,315.73895426933404,321.819903904946,315.6593888390199,318.9743961863069,295.4257891671197,295.9313301062581,322.1387686057433,336.2020021107801,295.77347474831294,314.81192068467465,329.03825578889456,312.2475194415854,304.6846589837818,303.4489218272662,285.3442097019548,260.79812060551586,250.2341986059091,265.1597836783431,239.39241958839318,7.9549615296144065,232.17955700991624,242.20045786377642,241.1032602908132,233.896614876933,231.6761452637117,221.95820570675326,211.0576067511196,206.15802776130184,182.2246558354391,173.78574487144738,163.74936925761605,133.15896284018288,130.0010165160601,111.30875322032055,123.18404632933559,121.3788293562873,139.0132779849977,132.84237125424326,153.78471970403692,158.32804085330545,167.56550242377477,171.5066777009115,176.1348883905805,174.00750170235563,168.71519320808108,147.16993268839053,0.0,0.0,0.0,0.0,0.0
2025-06-01 18:44:21.275,1,0.0,0.0,0.0,0.0,0.0,0.0,57.868959063949,111.77524489483557,220.7421635459926,328.065144501715,428.5826285245825,508.0661803127426,585.2379594383007,631.2062693596766,671.6725698416295,693.3991414627033,697.8283773721084,666.8753487014735,623.939376001617,563.2262759262105,472.5994955392742,376.4907884218063,267.0280048844977,169.3656574337269,162.12815863342942,254.13495859016558,395.46933021891573,505.3061185844453,611.22469444479,728.6167646474366,792.1373462942995,831.9143317973335,6.170413952157671,844.8776987904249,796.0205147432389,753.9289601718611,648.1024945993609,554.5786377863807,474.5500835909341,364.54302969487003,301.3585305905348,328.89928073390126,387.0432466273706,528.4564271457549,657.1014845246117,767.5761054100919,846.6330360118918,914.9242503605578,947.236745106245,993.6801065910803,974.3325905813291,934.0881866378953,843.7910674322875,767.1729364019466,665.4122098374341,573.295936964866,532.1653239679271,529.1834294150341,600.067239601511,10.980144055189914,4.964976098220239,7.07715012645884,12.092593103007923,4.38943404421901,8.978867758865706,9.359796874543719,10.825489733583511,8.358136412524427,9.673990410093486,24.335041843540793,686.0580256710047,578.6400471121874,490.7846104006087,423.19300320786294,450.6085200928174,507.7020484193574,652.6983248543189,780.9958147325913,898.6687946375712,1020.3955640136853,1124.160371454878,1170.4692355073162,1201.910415686233,1209.2518144611379,1166.0435481865106,1124.608264904101,1030.2110502592177,925.8030488678397,825.8229364296166,712.8722629287123,663.488075960428,785.6426110026115,840.4037579062788,933.1332016814592,1042.9669332382134,1158.4354570310527,8.613358813377216,1336.1260125351157,1387.660133075772,1404.4340666024673,1388.7283738452995,1323.651127817616,1261.3082093934333,1162.4055696318019,1057.5252661168622,949.4375463084673,840.8303203243983,764.7842216110843,704.649401490591,691.6370608634801,724.7641541091903,781.5035729341467,853.3737986579617,924.2289468745997,985.3894974407463,1041.7749876032503,1073.1917893291634,1059.440100956466,1060.1950922731899,1045.339325400856,989.3817728080568,930.3495292273406,869.5302619258572,5.628722839913273,12.332402688815392,10.856720890652312,13.331445846944774,0.0,0.0,0.0,128.0,12.915302568438436,13.965517241379303,7.211102550927978,931.5609416321832,906.4459969174762,872.7219759681271,818.988460456406,769.3648937460573,689.6613399379456,644.6516934758876,585.5348093079426,545.2278600437884,515.7204280495095,524.2873924535838,530.6414967940436,541.9339416127542,580.490063922545,585.5687910694322,641.790782300933,659.8714963832476,671.2406366125749,648.7385219769766,633.4768729619633,639.7089779914079,620.9474260767042,611.8672277153183,569.5595598587827,529.2804403825639,533.8606614463101,15.429691895540396,521.8831884665044,521.5356501695444,540.1646381202911,556.8482586637375,544.6268835766605,455.21965370140737,445.1325214836368,450.7937125876643,442.377811336637,415.27429554618897,410.9313816907725,371.9537839273508,354.93334705964094,335.8086986412975,339.44979492823467,342.85777926646745,351.4649717074813,377.48036105485875,394.38596989008977,406.19974272886094,414.908150728418,426.1379496885795,430.9674305667548,420.00064843267995,394.2315682282133,378.65959250398697,14.249715356048522,9.21677114787983,17.392251760120917,9.674743330204468,12.420072033948388,13.264543025218861,14.501709743837147,11.909750488405868,9.207337249016799,6.55851781339487,9.371447678379871,313.5082149879045,323.33630838434425,338.82094442602767,348.50994418292254,340.86528842324583,326.74505796177255,325.75515901015217,308.2184876826056,316.58345640304816,318.73081404096257,312.78201836620104,278.59888818998087,286.8525584078322,311.5491271508818,331.9533379164521,292.164674903063,307.62014924425415,318.81027028112106,317.1659360857878,297.0930269767623,290.89304264397526,284.009131111796,264.03965906897287,250.0559332242487,244.6386390633814,228.60894670119455,9.419969220975508,222.9825091728697,232.46996662760682,236.17639961889455,232.59209844321137,235.89418442273472,230.96846958574008,213.7035354874055,207.83594650251658,186.1187037486905,170.7704611068689,162.73603874845892,153.33328945106464,121.03304834368564,116.33116696281283,116.50808836736736,114.14287040056101,130.25757281426752,131.85712928896442,141.3257259930924,154.34387832421552,165.74162253773835,176.0339542646476,175.87645723526063,167.88094174729977,160.93319033748506,144.92547875794745,0.0,0.0,0.0,0.0,0.0
2025-06-01 18:44:21.282,1,0.0,0.0,0.0,0.0,0.0,0.0,65.8834713332091,123.6736170364072,220.45724963953674,333.2478371137026,428.23854900683006,513.9115267928349,588.7947090659628,639.6150722104189,677.1522204363989,697.6466499168381,697.2226667984506,678.7186225426801,633.1145450861827,565.695510257763,475.6436003443339,381.80339559313046,271.22118741880075,186.87283465996438,188.06439599436106,266.3948211538234,397.761321517361,522.2709325454723,626.5403411581954,725.6790460801046,798.8897224965631,834.6344578164905,9.364216867743902,852.4675681198886,800.2440681542897,758.7542138031685,659.4088749861911,579.8403041373958,482.0949246790056,373.7392475328904,326.9020172258577,338.83438345211397,396.6988709827084,546.5208316011463,681.6359009518227,786.2255450761206,882.2428922824025,963.3432257824904,991.4813442340173,1044.7193365292915,1021.9451090564017,936.1787091403851,872.2683017423616,769.8276929246946,687.4830280720048,589.1108572559028,553.7546590547342,568.6783962031409,623.9698313010863,12.681185006893568,13.133691298908623,12.705396133829753,5.431463709445167,8.892887752975358,15.233062957671688,14.78889425641271,7.590880997725014,17.391523802214472,7.6991813388552055,12.854149314814318,687.4664850229645,587.9659362452268,489.0713516463723,446.56714942160534,459.1466499798601,529.7454184400939,650.0925443157652,788.9289558368843,896.3529819946583,1006.7845975988063,1116.6895690423,1182.1321279367903,1205.97117061467,1214.9584369736426,1164.908045339421,1112.514533362123,1050.3664794640188,936.5850706716692,843.8740407608587,730.6045311677238,666.9281870423259,815.5563597301228,853.07497409197,948.9292905455698,1060.1544587501824,1180.105886746926,7.9813968924581,1363.5530768619378,1394.1882634000979,1435.5976486791988,1402.9517116125928,1350.9418608343722,1280.6541505740672,1175.9076495406878,1079.0992591563545,963.746261297966,866.573963726547,790.8970839085245,727.8159175049882,714.4179638711196,751.4235809175213,795.9780300770911,865.7450008032606,939.3680180045078,1008.7957717556216,1053.0631049951317,1087.1395020744135,1088.7350762029935,1068.462037520525,1057.3095799120858,1014.4174610097386,948.8776055235845,884.8382421566769,4.722392070079075,14.436446917522758,6.192642356055502,12.080034127965753,0.0,0.0,0.0,128.0,13.732596497449425,14.706189521718358,6.715790703186308,948.6411454339569,915.8512292544649,878.6880883254448,841.6301172824778,772.071609646747,700.6883773631228,651.7041688171638,585.866945748196,544.1316513410482,534.737242488199,518.0482386985614,532.0248444077997,558.2609948820027,577.9821832030451,600.1491229537853,629.9170273488509,665.5620606274534,654.9844245241555,662.8800602668105,654.2040150543601,644.9598950863316,632.1616003289262,608.4509778444464,586.6775394940948,552.3170554835558,541.9469520970218,14.564625825083823,536.6240447968601,526.6737839239487,540.6929411991578,542.0947146149969,555.8861849291551,451.830011846654,437.764862274144,439.9492407175085,429.85549060074163,407.2574876577421,402.0492883017303,380.1914481153254,355.6679170788037,342.08155618764744,344.7508648452434,343.7641661582134,355.49206208672246,382.2345889867514,395.3548171645661,403.8154890599082,415.3080111235756,433.6597144028518,416.6436971931207,417.81577615468075,399.6389739816927,373.50552270326614,10.834857577103376,7.486443397407776,19.56147965280884,3.090305738182295,12.596345602792624,8.855066194128488,14.46654112469468,16.67725005492228,14.763060052170191,13.028923536868735,9.633616941309382,333.14738024300556,312.8420489992813,329.3934141217742,344.370480020116,343.10974469033664,339.9567048374658,334.28337696921045,321.5217087131802,333.09630367941656,313.10637699911615,295.98483932424693,305.8718700282193,295.9535880961951,328.74049739530267,337.90993247937587,295.17289815467467,312.65210715011733,315.96341221025386,320.1275203304624,293.33405346862844,312.1541462812744,282.1313553056306,264.5639923880053,255.1983454843245,242.2511165519601,234.32570419205447,9.510705715389781,233.73001063171827,232.84196432581425,242.66526225250433,235.15649331957488,230.83122611391207,233.01053975430747,222.58936160840665,213.16007051486798,182.0036933200954,178.19806710084652,151.16393025366057,140.57084466787612,127.09170099279729,116.33920442724062,113.09400242113956,127.95334980468553,131.38812665986754,140.58932645251653,153.29794911119396,160.66826624562617,169.7293339203686,171.95540551681555,183.5062355017088,179.182910709213,163.89505678955834,151.50477786326653,0.0,0.0,0.0,0.0,0.0
2025-06-01 18:44:21.291,1,0.0,0.0,0.0,0.0,0.0,0.0,96.10616699100675,107.42675415377983,191.11168433517503,302.774915073228,388.98186164745283,487.88177250163346,574.7265010302564,626.6338796280343,664.7085917251619,691.0459364664619,702.8860382749008,691.5416911615526,639.0336228693693,579.609889138641,495.54896896067146,401.9774833610298,308.3994501771524,212.4785868895783,195.1770401476655,252.86450375758494,369.2579537097252,497.05164892068746,598.585400654222,698.0765824929473,772.9952824136707,837.8266916345402,6.875984350433758,854.0245510392789,804.0571271411263,765.9123065697645,666.784121769446,583.0277858941765,483.8456177326825,386.93417924099674,339.3151812166059,334.93410187294114,382.01311108424113,546.4398610330647,667.5424432307785,771.0229813685756,839.2375280989927,944.5663034035643,1021.4625130919528,1031.794308322845,1002.4054041637257,932.0867597298177,901.271280581353,773.8709251537115,668.7922551131317,584.1512307397786,543.2715602512833,555.8597304567027,611.8161418309619,2.204597701149396,7.659527744313845,9.229811905109514,8.515994147187804,10.755187632926122,14.471974776869173,8.26503224316479,9.275807695256468,13.50955889525519,11.108837637155764,8.505747126436745,671.7027234580296,580.5662330624219,482.9861927448541,431.7080971574363,435.70114881669787,513.7796391444434,628.006033333217,752.7828661886482,864.0901029958205,980.691837163712,1077.7944297284987,1139.635966619313,1180.0493526352968,1177.772484949803,1150.5339221834884,1095.9798675492334,1044.8067237746284,920.991132579226,835.2432795618676,711.9562534940214,669.354550750564,806.1426282427313,833.0266395277757,933.1492895819752,1039.7845810745455,1161.5320861361583,13.991111016784718,1342.4018869629372,1379.8724648155344,1411.0725664695917,1388.3447279457284,1348.6429196902627,1271.7249259040548,1173.0150953976545,1071.811777044105,950.1279237638932,862.6039094943342,788.0339694102652,742.1557733408895,720.2810054897114,756.2160488892,798.551546970279,888.2576624307479,930.3912627837831,1013.1517969670314,1051.0064548049952,1074.6378803765963,1074.8482655328783,1065.6118587749918,1042.953803866287,1012.8018796176538,946.6117230992297,884.9466170693108,10.097570518748897,15.648591206983225,13.572633540020904,8.406436093665413,0.0,0.0,0.0,128.0,14.64268588743992,10.488223307072435,5.2691726468250355,938.1999144609133,917.4073595779925,869.9099418481067,841.1072552365282,764.6689125607116,681.6015844307735,642.351658201008,583.1055148672424,541.8722443974945,517.9306090492527,519.8532593340764,530.3820655041575,559.1202854112114,573.852184964801,607.6637647742384,623.6839404078903,651.2264466019019,641.5700240812619,668.944036449654,623.2907985925633,644.0398798268486,621.9706898432036,583.9586031486364,568.4442407927246,549.561683097731,532.2427792937465,15.744024824895652,516.5447220428508,516.8984299010351,524.2800033846546,524.4030648841359,536.1470616657481,423.82694109808176,409.4891021195837,413.2866514047429,395.9017196818545,385.8600364509221,362.4444445995482,357.934329821421,350.1181129958408,336.27037586803647,325.23804629951155,333.026069386658,348.84799621838727,365.48718371543254,381.9575802689851,397.7389271564028,391.0087259270934,404.7800511844007,402.9224098921833,407.905651724019,383.0206237331466,364.6472417092958,2.804348280726077,9.73675262539928,12.054077642514361,5.9558264295738645,4.47213595499958,9.496709338323932,10.991459538356015,5.041094325014987,10.881811473470446,9.455901752603715,7.675142280686744,314.5528204958756,319.7214351642664,332.4663250075655,344.60097709363504,331.79327046422975,333.8000617414866,349.2456937496704,342.22472488407595,351.59362926459534,288.6441731921741,305.9663023316422,339.9453133952284,318.43763088968046,330.20922675695,355.7583682010087,308.7425321611527,320.2732327527498,311.8460585226005,310.4153714330537,291.4207026916554,293.1886180337556,271.6482940993856,279.4411953697364,256.4271705441795,234.35337585286814,238.2764716505753,7.390301272890806,237.2226991104382,232.06115175342987,243.883834370795,240.8714340661442,234.75962265393142,223.06360107110038,215.65585554683545,209.04559394015976,172.70038239109633,171.81560179032977,143.1974448720086,138.74286912391827,114.94342881887427,114.48246346983649,114.68079030078327,123.47809530156798,134.95413119979148,148.52264897161575,156.47409346868872,167.86597431329415,170.0898297330132,178.32952987495176,181.43637389651263,172.26127539224186,165.33457519147592,150.36650969561646,0.0,0.0,0.0,0.0,0.0
2025-06-01 18:44:21.292,1,0.0,0.0,0.0,0.0,0.0,0.0,145.20148238773356,64.61669474027359,114.94501954886137,226.53221744753057,336.40057558685896,435.8037119077056,534.3778346960963,598.4786137967884,658.768850732462,697.237432603456,712.8524451939624,708.6682687326195,678.601408476359,629.5757752850511,569.4366722873369,478.9547073032118,377.2832497544087,256.0624349720199,179.62943401335343,194.06422506154416,302.6292855750387,434.37440784888906,547.9464924751987,661.5294648098261,735.56665437423,817.8637323575516,6.785423783403774,861.151594154475,839.2014981088813,791.3927464757469,723.5374304465169,630.4514452379767,534.5110648049923,424.5558019905907,353.8511817468124,323.22641254818,343.68554861847616,479.2443591672281,611.9381336723259,714.1697924278609,831.476063211748,928.1222774425722,1007.9595894871449,989.6380213952303,996.0463196667689,949.934791182602,911.0360251637582,798.9741443211567,698.2527929668064,598.208821216087,529.0977732890899,536.7559304447481,557.8153209039235,9.738165379032766,10.75408716791264,15.953400917074463,13.085097787099086,10.529434494699379,8.709966916611258,4.413387901275266,11.526960455792413,13.949312946562547,8.393376896244016,11.0795733375866,693.9712123061687,593.2013688933054,494.24802826638756,421.643685266095,420.84197848516834,474.89919315307554,583.7674211519626,718.9569481340069,838.1108723026464,967.675208689148,1052.2515225554957,1126.3542506326125,1165.8011400255791,1186.3515241307546,1155.0947417609884,1106.485366849666,1033.6692363281186,936.9836706535409,831.2527594820214,724.6060068437798,670.3945592084564,790.9905419515899,822.0532997485949,909.4472700666944,1019.7561799118672,1155.3706786629048,15.96477230650698,1332.965433567742,1386.177143650889,1405.0739330344068,1387.7682397345686,1337.6048299735273,1264.6588472781195,1178.0187872396634,1072.6301020734882,941.7465671536955,852.8922808038328,772.843863242241,719.7040080475467,715.6991341544324,743.0400428608566,802.6254225760518,874.8315148185357,941.6576704207502,997.9849670639995,1048.9973108119782,1084.7785718977918,1079.1537614007088,1074.2211234620554,1043.6081269665158,1013.1413403864868,930.3419857564918,868.8806679779042,6.134760901604656,6.8799601280203015,13.977534220264655,11.044612348774551,0.0,0.0,0.0,128.0,10.784325586820307,14.07527358313942,7.648275862068999,945.1761236959651,908.3761383915543,873.1631784994271,822.0399360169138,761.8389677020031,664.6945042702648,626.4982069138346,568.8990855079974,521.6191558522146,509.4924853323179,511.9894986804467,540.8410388407706,569.2536508999912,599.8594938845289,615.3517115816148,652.3125558098379,656.1853806759744,657.0233792105635,664.6141059374229,606.6995245873309,635.0632210220659,590.5451622673003,570.4891524303795,543.1662451779429,520.7039972218563,504.2327795728984,17.049678675295716,506.20782276889344,507.58159321128875,515.1712450363401,534.5966206108008,531.5483621174184,418.1603264403604,412.3896352649625,413.9545015017452,379.5078429770505,378.9885774000176,356.4181917070538,339.11626786182995,325.3701225447855,310.31786970769855,306.5225157375548,317.92010300842895,331.3685893498988,349.88553216828757,371.67847057430026,380.41525212742357,393.2391732227345,399.9418334624485,399.953567513813,395.368214380489,367.874610358697,344.3836712875974,3.2263689426125515,9.679106827837654,11.784219131300844,6.558093764914914,5.332472017962094,5.577166703989522,5.692009855326691,4.824387218279805,5.5654744052411775,13.43662846280074,10.281982991869942,286.6147307148303,319.65068031191936,314.84036072118073,338.9368964309903,327.68544682238235,325.7067476866735,333.41342525888683,329.00286935080794,306.05256359583984,302.34307356589915,303.5115943456137,305.79357738278844,314.6624701430527,322.21638373956085,330.63859007198187,306.1595887618781,308.9919742906781,315.697462890526,293.9477610111998,286.738094787425,276.23683042122286,266.634290525921,266.4883112420507,251.4533920529952,234.64252866153316,238.2987567627499,4.562774715862012,241.08207110985737,245.16894003406023,247.835228746788,240.79116278666808,230.95810128693466,222.00593343236517,207.44886186917486,198.9711111044615,178.3287054440392,160.01842667632636,141.71029637205302,130.26485485689798,118.79392047732915,115.738730173915,128.86785048793462,134.3268384806563,146.37268269512558,160.80458019470512,164.63506123494005,180.48937716951187,178.93710080158306,187.9186311567143,172.1934525565815,169.03641754400422,160.52862856169708,142.54576363822312,0.0,0.0,0.0,0.0,0.0
2025-06-01 18:44:21.296,1,0.0,0.0,0.0,0.0,0.0,0.0,193.54869240049032,109.31708230429341,101.52768768074776,174.74856140491846,287.2265971616993,392.95592105547456,482.9542335509724,570.9636924267974,638.0140836006098,678.6055124033956,709.8828201251487,714.1169622775775,694.7182881649593,652.9524432756004,607.0289316894396,515.4036207393939,413.0972993576769,303.64313690865083,204.8523706639335,196.00403658501295,274.99688378486167,389.4695725870736,507.4857415950648,629.177488270801,716.7424966926126,791.0784521520443,13.02981717719516,861.1034720778208,847.0675307919348,814.9098860649924,747.1912093914359,658.5012452593467,574.1492846906225,466.51359759681395,374.4808802547833,345.43414187749204,359.89428537892974,451.8266605155572,572.0502361889708,711.4558721765279,825.2155506903545,949.3963147129624,1007.6501314611854,1020.8561005003868,1004.8228502188546,988.3486103823152,925.9811534238694,827.1439486460699,737.3455119184566,634.5301191065399,533.4177988855679,525.8566689584857,545.9057118625152,15.951889196781996,7.887356321839093,13.860015421523773,9.18365718649707,9.743521139881754,10.301186130680016,5.822936212912742,3.624415206900608,12.992585345838059,6.847963830981158,8.174686309012166,743.9692814069676,636.0992167409738,527.9428867675016,438.9350622101,426.0116910814429,456.8310286980166,569.0034834993314,700.8710417325524,834.8955538853179,962.1104209766318,1064.9600002315117,1147.6217390987224,1193.1072829771433,1221.5599107407481,1191.7498795163835,1152.8048837893184,1073.6965812199853,968.3199930689937,862.9480395629854,756.5669517030383,676.6325177566623,790.8138348759041,811.832122588854,902.9231719337849,1010.447408480271,1151.889349809829,6.522629879953506,1338.0540655672974,1401.1375152662074,1424.9660532677767,1421.4144564088353,1373.0448696654876,1299.770909058797,1191.183092448455,1094.5231569453183,978.387091464156,867.814939993233,797.1175170059734,726.3967731382033,725.176085620848,755.697209400622,818.9547434629754,882.9765667906146,953.0321389532076,1016.7162869355445,1075.8588932406997,1108.0735577730738,1106.2818276717037,1086.4842216709355,1056.4897523702973,1018.428782025276,939.1267217227928,876.7128023525655,3.2218060696821498,6.522916045505716,10.405171057246102,10.869593821759043,0.0,0.0,0.0,128.0,9.51906996942542,12.82799866825719,14.844576858333683,948.3166872829391,919.644704670231,891.4089030897388,825.5838473256632,771.707977629414,667.8767281693086,620.8574882155666,573.9460908506402,524.1381265882851,525.0833078047624,523.0745054308829,552.0255079970664,582.1849287756942,604.5639873637874,629.3293416708785,664.3383864058467,667.5755162668547,657.1618720409033,683.6866406255755,642.1911345833975,637.74383865741,598.4167738701155,591.4854540743382,561.2203930325752,534.0739160358722,531.6505272133969,8.588679120472758,527.5578129801178,523.0231862553223,527.4204546825845,553.4650396748683,550.4238961220543,438.17908007908994,416.9964891642,419.6382664814686,382.4174955973277,402.9717953301551,364.8160229599474,343.10759080645596,327.5178772516326,320.3456028975533,323.4584297791856,341.22745920596316,343.4411032266111,375.16115474399714,388.7548094242356,397.43380879252925,417.953817865443,411.4965054088458,410.6548658672721,394.41259386880614,374.9067973138251,347.5625391737213,4.131958759102514,3.2218060696821498,8.985472534158093,6.663591867842951,9.428017750735796,7.594005771029292,12.87011921705848,8.540297828123302,8.002976150275371,20.00996275860627,16.26967503199629,309.6069119768904,320.19383872581636,318.28280216013144,328.4534938861862,328.0536656807433,316.24215686572893,304.5448875729133,310.38713238561843,298.98478844035276,300.75595243498464,297.57988450527506,309.1433923361184,312.01287417778815,320.3604345350297,324.08374593249374,309.1404969362492,308.9042485014269,311.3931641998729,295.04477335036785,283.8598432622666,280.73038897054823,269.13860627145675,253.7835239999471,248.28773137304128,238.00500659643973,241.27721910065145,3.08275862068966,242.1937692626224,236.66033429275956,241.01883717834,234.85887068236536,224.87216806223952,208.32601306503105,199.56985557147382,188.5918142301684,179.5340699213199,149.4557541356584,132.83671771835378,123.0898549843991,127.97203254900543,123.46253520726194,127.965870312475,145.41044321017532,149.55609457066024,164.36846480267366,173.9270917694143,177.8607788228525,178.59404021916976,177.54085864970156,169.51183732698462,162.09194845283488,144.24677289613174,128.5369938137273,0.0,0.0,0.0,0.0,0.0
2025-06-01 18:44:21.304,1,0.0,0.0,0.0,0.0,0.0,0.0,269.8797036887841,165.7197645733564,70.17374945610445,110.42714646019215,232.51022358623243,345.91318695473416,453.6942086412717,547.1441870972124,637.2324270949852,684.0645462862698,740.7107533056017,758.1138635863778,746.7322882512016,712.3667004354324,676.4453192384378,585.2717913041189,495.42231916031324,380.3776117657114,261.6421845825664,192.11699945350412,227.17619446688897,334.2524104222473,465.3492843181294,600.6368462032308,709.6808407660701,796.2912190302975,12.556862146593792,881.9602609538165,898.6581643877233,876.2475079548447,815.5940269841004,742.3324208602869,658.0683417568097,526.9633774994696,429.5707306569678,363.903499145421,355.3211985510754,442.2575502817565,552.8928764106656,707.5244930308265,795.5089817902825,924.4917253667409,1015.9147168887476,1068.2239183552622,1060.3366046295798,1035.5243269733874,973.8528397819981,896.2818069399559,780.936273778974,684.7590611288407,596.2810312209747,544.7581231654756,547.3431331266145,8.855359834522144,19.676200103924234,20.96271011796001,15.02362894852089,10.934708408540809,12.835381779099805,6.779837058986984,6.468996778267031,5.542536693638261,11.56066616485086,9.662618038927317,816.7849383486737,693.9047039664806,580.7076454832402,470.9663755433522,445.3877993886815,453.37502731506066,567.9878480874473,705.2031062951617,853.5125328348677,971.1061896745415,1089.1605895023756,1181.5797757815365,1227.0646561482965,1258.7294186646582,1233.9371466893733,1207.1608962089495,1120.6146422481925,1015.6695556544099,907.8974007909321,780.0851062316046,698.4831666918558,803.0079461772114,832.2277121028499,912.9256077790676,1024.9546082054337,1156.5293771837441,3.8204298490005413,1354.9724881628354,1424.0608459172806,1454.214485474586,1469.4279421528363,1404.6521576635052,1326.3833865505985,1217.523178992824,1119.098788856341,1003.2338833506167,882.6275551542202,803.3383172285618,730.2571450015171,717.6244483287113,745.0919677407859,813.0067378908919,879.5531010797341,962.4688036195112,1042.0879314449253,1097.3892678076659,1132.0311498287035,1115.8789164321515,1102.1468267681123,1077.7014645886936,1027.9179587869867,960.2006007954495,888.3004232925961,3.2387039636311847,8.932591068513041,12.190212517021,7.119587746102595,0.0,0.0,0.0,128.0,5.542536693638261,17.993796354153048,14.183765380284115,988.9958408198806,943.09634559477,916.6873997620569,839.3713641354824,787.2096571943259,692.0203745266246,651.4341604670748,602.2046415176001,555.1810779398173,540.4640638542442,561.077847659795,581.2995219919708,600.4368740086247,634.7304169915749,660.2826766340817,690.1283505876048,702.284089112605,695.6740510621728,694.790914728083,668.4573679234932,652.2617841517299,616.4680464093966,617.4441523145932,582.1304372527981,546.6643621869301,552.2941523645054,12.755624284038758,549.374564323597,540.2781606387521,543.9681244416505,567.353458729402,561.8105772722495,445.1361067952521,422.80474196601847,412.97527849636344,405.4526517200066,404.2873206191972,382.20072140027435,340.25770733057885,337.1013539352216,342.4764800208769,343.84277346209115,363.1970904109944,367.9115223761391,412.8750766723642,411.5042081505084,417.1958838598331,439.7902883189012,411.5231536319388,420.11970965907716,393.873845053273,378.8296060736238,360.79619027280705,10.662792981727016,2.097365048867802,7.033836842971579,15.191357772453213,11.436720694311836,7.445252002069069,12.289674098086056,10.221699073289905,12.927213033492047,11.433456032060832,16.813575662421787,321.27050794183634,322.3064007574602,334.4308300998356,345.741341057298,341.12193689763217,313.6742184677754,313.24311677904325,309.56884190257034,303.13973920159464,310.0743069425247,312.7750263471689,320.3075685769144,320.35292620138216,341.99816593772107,340.5038631001234,317.76451057174967,313.22057830469566,319.13740384378144,305.89342843154793,295.62131346459836,290.75250454843666,269.99387206336013,255.4190319595715,254.12298804471223,259.448044948654,252.12941705054092,4.455043027192825,256.21480008848675,258.41254019930545,257.82286300007684,249.98858369321243,239.16686174313367,216.7769376133608,201.78571053156324,189.257824653876,177.0586163224515,147.14618035909896,141.4344655705669,123.96574259932669,130.0422896624359,134.23040225400646,131.52807378957954,150.9257268791474,173.9603535796433,164.19760462277756,176.6830409389154,182.04979158270987,179.52829174727452,175.46306151469145,168.14299924047955,159.78784907157055,133.46723344428,116.92199592963537,0.0,0.0,0.0,0.0,0.0
2025-06-01 18:44:21.313,1,0.0,0.0,0.0,0.0,0.0,0.0,174.86248704116647,140.9554108911571,138.62605913271148,205.8552760665967,334.2128048688344,431.06373172505494,531.4497313638209,600.4999838081707,661.6538838763754,702.2640316850857,726.9777383232647,724.2024579775481,691.3570226976079,651.3282585598796,588.1349855209127,505.8316452241987,390.1791680500517,293.6739475617717,226.04117156215347,216.68522615250873,297.4870297304407,405.67461756385643,551.5367843537387,656.3229072126624,753.7367279898074,817.5971872976098,7.730685988468701,873.7389893027228,870.7255184981785,821.100970082025,758.4101524975106,679.187729470843,587.2456978189374,457.0616295964908,384.59695069598104,345.0264419121287,364.1295368214842,503.0958896283854,616.7580813591156,738.4818514208275,850.6656198242223,965.1505767227278,993.9550109553252,1055.795083913727,1018.8069109478969,1012.2199990294075,927.3594286171922,831.4899217487853,711.7967476513167,641.9426140736206,568.516897475893,548.1161284337553,574.7095585489351,7.041170318597931,19.95165727372797,21.536241123390916,19.141925565700497,12.659633990713377,17.35193687450468,9.78620689655169,8.855902859550124,7.7963755556382734,12.485373133436687,12.490634390824992,756.9637497955305,620.6328712978116,540.662564727908,447.3791664389141,454.2915149131105,484.2826647543014,616.2508677296561,743.2705874861072,879.3712811866991,1010.0685627272967,1120.5125638221534,1190.3686111260615,1227.307411902737,1237.2410208063097,1200.8825898076084,1171.2992397768512,1068.5864493199501,987.4638787667101,865.9084068896807,751.4726532398909,687.1596374125447,802.4110309241591,859.7447605011153,946.2616036032573,1064.4242155276377,1193.1741964172234,10.24573326520093,1373.1466698022596,1440.438566478914,1443.1378560165451,1462.2957177173494,1368.8034174688867,1301.3107246899115,1174.5953948598374,1079.2296081635498,966.0681411503838,852.9673225403749,772.2016345039218,718.5452606681877,719.1524614612894,755.1657824531454,828.9621282451014,892.7734983574016,987.1178106875338,1046.6942569622574,1093.033772337466,1120.2253696713387,1129.2790186214845,1099.2492931567622,1086.1848438586574,1023.9704287529448,951.5678798449148,861.379275344958,7.751685968506362,9.122507830593372,8.287321098524876,2.3138582287081073,0.0,0.0,0.0,128.0,6.871194432836926,15.61204715850701,9.31721843383103,998.2921868433377,929.4081234014823,912.0743622931556,834.5452715118303,775.7262082704649,674.8463478418752,640.6069232766947,585.7816307843307,552.1110882103377,542.0720406834208,555.0602192176848,581.1384924307214,591.5354361546006,631.5922570698607,654.2216192005195,688.6446743100843,693.290601475653,702.8511919813445,685.5362054263878,663.1080497408811,652.5487060019603,606.1028177240189,602.8332437368189,565.5591591412056,539.3724409199307,537.027282355698,10.346615296120259,536.8344017799756,544.2539262105668,546.1951149969043,568.1209685348069,565.35056012012,448.6072956268392,422.40851937307855,423.3686502013456,418.821608150255,392.6397062025038,365.7129476064623,337.0070423797226,328.8754280378205,324.4668404900941,329.2358679211318,340.55442690943465,355.784977451177,385.55907597530626,403.77801652315674,422.74871270421175,427.76056922749814,422.5675527999702,421.74711885561777,412.053476016526,381.90331183998916,361.3841366965326,10.703689089037308,7.553938099910345,10.618596975756056,14.594612074956274,7.492621315445106,8.916687378066904,9.869686517052177,9.282591440494558,11.127368653364314,8.3843628570893,20.62054969833979,326.20881995989583,322.8274744480686,344.2277230114505,347.76432717199873,335.5546448275544,319.22320100108755,329.94825997452205,321.69535297109553,308.32126960715897,316.3811696254845,305.15790900566617,310.50784600251757,322.0982398181346,343.89174948737366,343.80984212550453,321.44691735325404,320.1388281644781,333.7952699127808,310.2398401742585,307.30815671943816,289.3091011357866,262.75857325925693,266.1966506604475,247.70635410876451,246.40588185665834,239.1009140087199,4.782461280154326,243.76441841589985,260.98511298062954,252.4252339221512,252.54110519703343,244.73241858917325,235.57504464157415,212.274102093437,201.56430463245974,183.60817457962744,158.04773292951688,145.3381239572518,125.79293802290456,121.74523873555921,120.64262253399525,122.5420269061641,132.70197225086088,156.15824951210107,163.62380659481602,167.7968472136731,181.89164114688612,177.75892212961776,178.26909841759667,178.5643994975262,166.4370361237782,153.62270249092825,143.1796039201723,0.0,0.0,0.0,0.0,0.0
2025-06-01 18:44:21.317,1,0.0,0.0,0.0,0.0,0.0,0.0,56.796885715708996,123.28962220870459,230.57990055566958,336.80075926511756,443.94986118279104,532.1453668455063,603.4315108287691,658.213642743185,694.5998903569068,713.6917879524034,699.0114410640588,676.9063421366002,620.4541353820863,568.581584543641,482.7556365385203,377.1510153577913,259.8062596082549,174.5845985094971,169.5145656086266,266.0479612222831,398.3197397910479,525.4754228404182,641.3305199311102,732.0870265466185,804.6943971211441,851.5842714776401,6.591395189819895,860.5972618017495,827.796960539529,761.4735570590041,673.7874000850948,575.8440471311517,479.36513108297873,365.05269821137966,320.8174608905984,333.9553970699928,406.42397264101123,576.6481026353661,705.1505903925421,811.507450043229,925.4301696494866,1013.1820196126088,1001.6399725658702,1042.5816422669207,1012.1248759092049,964.5383491730696,879.2379177249397,776.9366481962305,674.3139207195138,584.3089950849333,542.325822372005,556.5217134363838,632.1701653803706,10.898586816390086,13.815324302832234,7.678748739828136,5.051531736979664,13.763849952877889,10.148728207316537,9.865949540209137,17.9655885446809,7.576019727837239,3.726130049171651,12.10365286953653,680.9205091073088,565.2794755693398,493.79618998014456,435.71048620772,469.21310068747283,543.9566100128413,688.3094085083691,819.658525604757,952.4641024905936,1067.1203645756786,1159.4251970495043,1220.1670889006245,1246.5230109788306,1243.7786129470633,1195.41045241458,1138.5546572574558,1036.73576757473,941.545609016251,825.7404771784238,717.3083633586571,671.3077242423408,825.07073329915,881.0757507938165,986.4215142039372,1116.7952443846598,1243.6349058870214,19.54942528735633,1407.5710114173462,1451.8422545086808,1458.1894502575635,1439.1031841816587,1358.0474029681316,1288.2156990307028,1155.6914681481721,1046.0087706755924,931.1033020768679,826.4170324051175,754.7403306669493,720.958602876883,726.9945986364869,773.3178129038746,847.1127411557263,914.9015149662563,995.6961249358819,1055.6926129572305,1094.7730148176793,1118.8135355015843,1123.07196023849,1105.564353092596,1068.4539366522101,1014.0629166275821,938.0006194841501,869.208317488359,9.675749395580002,6.919095221593153,8.62974342926879,9.723677090903374,0.0,0.0,0.0,128.0,6.5405854333708655,4.407400131113221,12.440689345652903,984.6896989879039,937.3916845531138,906.7178068376357,839.3471601026731,771.1919937691425,679.3724628487581,636.5159241622063,591.6847135069423,556.1606302080714,546.4432429482711,558.827150811446,588.7332492445512,601.4165342290399,635.0107300314818,643.4774070347751,688.902620257055,694.3631879334955,691.0574243237842,690.1731549248119,655.4516987371169,665.0273871489333,625.0966647911117,601.5316485776517,565.0262500909646,554.8925107369543,540.4653316611333,4.123105625617661,547.8324065503214,560.2298896766989,561.2546559274806,581.1035018028707,587.2844531685764,476.5349835368736,444.1461313744951,451.3039462743153,430.3174144674836,415.20677525350374,382.7741591876471,366.7961283292514,348.52383245445213,328.6209486185143,329.3536880118761,337.3100797354878,353.4447788287476,378.31471185919685,399.3484708323929,430.5170283572057,432.66175703064437,443.9358227365455,435.28075449230846,433.32579157681715,403.10059298671797,378.4129901042414,4.786172889737616,14.597203582879946,13.259212658514695,5.874675648754378,5.110499221288188,8.890191392252026,5.983146125359861,14.835763129990244,5.524266097334113,10.901149425287343,2.4551588110674523,318.50165800288454,328.6681112019434,348.1470385628998,336.2616765540346,329.2824219701213,313.472307643357,325.4105565662278,315.6829402747445,297.65648865843804,301.78749650473753,294.9283308393809,309.8047130227296,321.14472098253606,338.92725065683356,340.47333803985566,314.69923660158963,314.7507738890814,323.3628515989388,303.59538940674634,294.22810269533454,289.4949185774286,268.23901901478456,255.72171613404052,240.86039473194205,230.07408675037428,228.40715943147856,4.525554060543497,230.55035681248935,238.3736369299486,241.76727823749502,242.24667360723416,242.98596177130793,244.07785522820956,219.4632257390207,209.7021867241682,193.07346726131348,166.53422470861406,151.585654790576,126.49296686962127,112.58629526991136,107.57186061045672,110.30108820522274,113.77732021485406,127.5778314813143,149.89926258629825,159.5092261031596,168.13368827631575,171.22143595714095,176.3995041340617,184.87687768449825,168.70215911367782,169.2330088344536,155.9215838161555,0.0,0.0,0.0,0.0,0.0
2025-06-01 18:44:21.318,1,0.0,0.0,0.0,0.0,0.0,0.0,142.6100586137965,131.20423309386842,154.46283526344723,245.68632977985726,347.0561418301784,454.9114834670658,530.674995389261,606.3908945184385,659.811168347639,693.6592884607892,702.1985562919813,706.7822894000861,668.9659605468112,628.5044911037826,553.3357562918916,457.39182651123843,356.6679025792039,257.39268783005355,203.86850616057774,226.1250671857195,324.63341265021296,448.8291137706135,562.8603819488478,667.9127889543278,763.1779891049406,825.0655927789563,5.920989580890658,872.1517120334928,849.6459506297431,805.0956688552104,722.3162171268222,639.6728354932146,537.1405572883691,420.6713350748433,355.2746935109067,336.7584612626575,374.7323540708746,526.0414378045373,642.6407197155547,772.9138485351867,879.2368675558296,945.5812649670632,1003.5811303831335,1007.7445826052428,1037.264783454434,964.5164041122064,903.513432095235,819.3763566838072,721.3715014180622,591.2219893905302,542.6521639082024,538.8603273402036,592.6928855867701,18.267400851351812,14.716143834985903,4.425930600105028,10.23564300272713,8.706353839161206,6.6856232574095085,5.096251057809739,17.04575158887996,9.531837936542809,5.616769133163559,13.739115252529198,723.0303104203227,606.5930023440214,507.3511772801935,447.4521679947613,430.7406057376825,479.41864280957657,610.2889930087907,749.4135863530864,889.5839104684818,1012.1385485693804,1113.9757040014877,1187.0274902533831,1221.9966587828776,1255.9156837128191,1217.0599766513856,1159.3756387971928,1080.9373162966674,965.5896356825373,868.961319941663,735.7977938384023,672.7700310242277,808.3181006731913,829.6827057609731,929.2682600116174,1068.9323451562482,1199.3056806877987,13.714942528735577,1394.413938800419,1441.5703726075008,1473.7132841873954,1450.2081210957679,1394.2602865367953,1319.5921156178035,1220.7989787255494,1101.630205440359,991.7680925428486,871.1113377717667,791.7888896574055,737.9748493148492,732.7127760523099,782.0783104944302,834.2262188526257,924.8302957585809,989.9479959772802,1063.756492748074,1094.6286779707461,1131.4525859635144,1115.8132464293797,1125.242976217411,1086.3462265486278,1042.6154228438857,953.6108776881842,899.6186019730835,10.595341737539,3.1622776601683795,9.762322715485949,14.078005262517184,0.0,0.0,0.0,128.0,5.466168194250443,5.200108612442292,9.385826562232424,978.9750406271834,959.4670877305343,904.1442692777736,849.2745887821425,772.2495948074109,681.6469951560167,633.6525882166181,586.4280603434033,553.0973132699779,543.7176862644116,559.4208361089064,588.8072230226908,607.4679443163484,642.4362712951317,656.9521743953696,671.0937801835861,694.4398078189971,673.8091280264565,691.8594558418014,640.9220993760429,660.2158959402776,631.0277772898735,590.8915114729981,568.2795041535003,562.3808873468863,540.1058395929666,11.763318643311013,560.0267880187221,564.7204979915577,570.9028752531206,569.8496830444797,589.0641121992239,465.154110283573,452.4548225105489,448.7324989954622,410.2218455031554,401.14526243275293,362.90797164628793,356.09133774840063,341.87092595564377,334.36427601498633,338.8194114413861,348.6216385326105,366.61134167364605,396.0679789340532,406.5119947731959,430.64461619001764,430.4123542598776,442.88819922505644,438.7326891673927,426.64250642913055,394.3207976106075,363.81554574773577,5.468700670285585,15.91700836837582,15.752789612309808,8.026608127276903,3.1622776601683795,7.034145224551459,8.020849302435087,13.817727926518609,11.263981277497505,13.063099113430692,11.25379528671983,323.4198431145371,324.87867342522105,332.82577817998634,318.5395617733028,325.36107303839486,304.52664675936165,292.81255010031185,308.4779874164913,284.0212994050257,267.4416367592559,288.8036212772736,304.12884830413486,325.4063680230871,318.51256659886803,323.6312444937946,303.72726542642556,313.3594799982981,309.65603802636065,299.4553581183144,276.1866482771075,279.09536978704074,270.39874320810594,249.75821750980887,235.6868972421823,230.73031697102914,235.79815846482674,5.2947984913261505,239.71200705558496,240.18464388689847,242.80549895343754,241.27903809891237,237.53897751389025,235.82620417305404,212.8273595145995,202.28201345450535,183.97469802443334,160.13729878516358,149.396948041901,128.98162220989133,118.8634028196988,117.34619088091742,119.88334570650008,135.18185912863353,139.18592534204822,156.68096954119548,169.9637753743168,175.35396837476316,176.7244045625057,178.72858584900283,175.54687463987744,160.99956076950883,157.77185341537228,135.32256428225878,0.0,0.0,0.0,0.0,0.0
2025-06-01 18:44:21.323,1,0.0,0.0,0.0,0.0,0.0,0.0,160.5489638614243,117.11760676801119,145.81774412156517,231.43185939152204,337.5091535098271,442.40081045775696,536.7151070522275,612.1047854731596,661.8500629405446,701.8302428767487,719.6549796273326,716.7963681779066,688.3231442042121,646.644895626307,563.9481564799821,486.1514031532271,378.0283254115909,277.92759128688505,214.55994536314245,221.04046661642843,311.8264702181589,433.41660762118755,561.5714210571114,670.4135152335507,755.9813120201591,820.6815928224664,2.9066425578822566,873.6535804696872,852.5542536585427,801.7344119720982,725.359871005395,647.011684697784,544.1504737364494,435.3823864481523,364.29346247017673,333.89818432630994,378.1501584497006,524.0433328440215,637.2640173330242,785.0743073468933,839.0316678836296,972.6393294725428,1006.1049848136812,1045.9825972820229,1021.011031826968,960.8796459251352,902.2956552028248,821.0755627922908,708.8497941555715,597.5692550980966,548.8253936121708,541.2638851357078,585.9158041450456,19.0201464266849,5.23913203663735,6.858996999824081,6.429107808415809,8.231948330116483,3.8589744400219925,8.990535385395717,6.988240642371517,10.695936701335535,4.678253112458961,10.43641367931563,731.5823926324186,612.4039930712923,509.4422790021805,447.97021569416523,437.1297278822984,467.8742111350654,601.3583849979282,734.8876853080708,865.8861525134558,1013.1778425725106,1111.2970817956827,1191.230409991361,1227.5943942910785,1258.4690603100157,1214.1213038472727,1179.7293787990864,1084.7714185338657,981.226063536637,872.4950667298092,752.0501378068677,681.4608731515875,805.9285367152993,841.2895189780553,941.7720275735721,1072.2650005190696,1202.9068792344578,10.76423573799937,1396.3981514059449,1458.1860381179865,1477.973607802428,1465.5345707851307,1406.9020430016944,1338.7549560920095,1236.5603003237447,1115.1997761690097,990.2373688728965,886.4933018887938,800.9848426583636,740.2569559645959,749.3768296237057,777.1534751114189,847.9169897857767,933.0343600042114,1008.9432494480769,1074.6948698503936,1116.7464047771457,1142.9506508314878,1131.4679337988323,1121.8888918826453,1108.0042925836071,1054.0258220502642,963.7412685045504,902.5630520716695,6.6382625361435865,10.042256346047305,10.147590849381551,14.895847127907551,0.0,0.0,0.0,128.0,5.734266422245609,7.652792331115405,13.859656228389824,991.3260143334232,960.9037230339384,921.4704947100895,861.7067150082598,792.5653022365865,678.2380233846382,632.5961060593661,577.9895634556852,540.7621336968862,559.7324503870518,555.8778914352723,588.0275949166452,607.6983887863423,644.1662171434876,657.7579603900579,684.1968503806197,695.215781172617,694.3387503524746,697.028232817183,662.7744132417079,663.348891649472,633.1196329390601,597.4845391183306,580.8460003006292,558.7968359371837,534.8881046113132,12.087668639169099,552.84280514791,560.9550261963491,558.4077249394803,564.0163851987281,569.885225200198,458.84055825463963,438.2663033470439,437.97444871945686,398.9074488698215,392.3674602786493,352.2635264584003,342.04573613912555,338.3931707194317,327.63471517267874,329.5171133600865,340.008202119508,372.3924879513256,381.2965158178552,397.4999209094192,410.1649468061085,418.9570889608832,426.5904207489498,421.2877475761087,413.13301560917114,377.7530553462716,345.6956361676879,10.638535561846869,12.876083205561992,12.64906623291163,10.371254475201361,3.3885000569399333,5.744716381464944,13.397193514039094,10.55186765258905,9.20710131003354,10.567990460208463,14.018894644733521,317.9861343972147,320.2567553669687,323.6771051898433,316.34976705417864,322.7932827583588,301.5015773976566,291.1522439548337,294.8517357347588,286.90108338652533,281.32565388477207,285.83981254197374,293.63445636154347,317.76668936962176,305.90108396482105,324.1762174350228,302.2466420642589,303.9094610301592,302.33191343872755,301.3130461992054,277.92359688832033,275.0039465296319,264.45990376468677,252.43919192574762,230.56641074162306,228.67215086905642,228.39153617222803,7.09911936843077,236.44238321338213,239.65674718934193,236.45027139283962,238.92406914698375,224.44855924371814,219.37811337498238,202.03751212623172,189.15825152421743,171.36184337884856,156.24784017531533,141.06392362893033,122.63932488009084,115.40488906443865,113.08336115299247,127.52481746169519,142.8300212812792,142.87953798928785,159.2601017984776,166.43521100446182,177.18611378710864,177.60333961808374,178.8774710054889,171.53693422584388,163.75074913049667,153.01063545223133,128.07439327287824,0.0,0.0,0.0,0.0,0.0
2025-06-01 18:44:21.324,1,0.0,0.0,0.0,0.0,0.0,0.0,117.93425032856014,76.91882720415316,171.42284274268073,277.74285548086186,382.7754126231189,481.42171543652177,571.093184402259,639.9628344891834,680.1254402499997,710.2467607350469,723.679456574697,712.6679818090417,674.7886408206386,624.7140644041707,536.60236973159,447.1608487687027,333.19605050159896,231.72952852571518,177.72245932231897,219.10998866667964,326.18827801467415,456.3103230249606,593.4377447988464,695.8320894809342,782.0500620459528,828.3708856328677,3.4440587239651927,880.5142739176046,856.3564220345726,792.3635257288104,711.5036046385924,629.0379430744313,523.9868904076425,417.48284223398275,345.4200089725961,317.30350929768036,371.61750181575934,512.7016007349131,642.010984631349,767.5410153672219,857.3603483822208,965.2793959153786,1008.33005663685,1067.6001872224163,1011.7208244898624,965.9249011790071,896.895385312795,821.3398287562882,712.1090778688438,609.558348214077,548.3611092438211,555.0859899825925,603.084859080242,11.762535855554491,8.503945176325356,11.667426878115709,8.502027998138566,9.45455348878122,2.1979546094087317,7.367811033379175,11.795176846437219,12.004727068615432,4.989134931698035,4.779100899904779,724.417580597234,606.4977296259816,508.06290934151514,457.95402614903287,452.51385634298447,511.84495150398504,647.235515105654,779.9530966243193,921.0831235123542,1054.868694408962,1140.5599389102576,1224.9001369281466,1249.941277672148,1257.3862341594051,1226.7341546680116,1174.2273356350481,1079.4701951596517,967.090698318956,857.845324156374,734.0082486278654,666.3259836098725,820.4956526591671,864.0846018307633,982.6956058449794,1106.1074859852874,1233.8265710593898,13.731681777010914,1429.5587935056842,1473.7264410000453,1489.9268653350239,1449.9582816001935,1397.2907698592714,1321.2156020807636,1202.354171598995,1077.6851861894447,955.47498057846,850.417796851277,769.4063243828647,728.0571201763812,739.7539708577489,774.7542551771231,844.9812414601063,940.0322219640965,1015.5391992259786,1074.1184624790915,1117.9568567623994,1138.3809424508063,1118.612870031246,1116.5038695361518,1083.2965186974154,1036.708633510439,951.8866539525715,876.3528962586325,9.036836243898213,13.3948222101409,12.654093408500405,12.745489859836994,0.0,0.0,0.0,128.0,13.83654395404319,11.193982830927133,15.73968805210296,983.6797559448297,949.2928794116148,915.4501671985357,860.9883373463332,790.2635079264961,674.5715786846988,624.369389496345,576.5322479994592,557.5217533299597,568.8380848497536,567.0699300897742,598.6296597501031,622.1100212785467,649.3116523891059,669.9970910576804,703.011687945978,698.0883364529212,698.3899547714872,703.5386866679016,662.0731215515385,659.3637032073286,619.2594478124588,579.7596843389327,567.514998690579,553.2536848732724,525.8524590535195,7.036827904514354,545.372390757628,569.3255497484963,570.0133369376351,576.7707972691264,577.4746871286482,467.4687694387056,447.15928785386166,447.8316593927258,403.58913222779535,409.40568930253136,365.9266246058556,348.99365354627656,336.4166784092878,322.07430328958435,316.92966887958084,334.06157393417124,379.1975013360442,387.34375951410226,400.36984995792835,413.1947227565472,428.30484032732426,432.9660465526524,429.12365461389186,426.7753794395372,391.9839768411413,367.9765905857675,9.141213618706558,5.608670253699361,10.66069127685157,10.27990261621354,7.167010175819322,6.170422691673411,11.493024161154402,12.392856900507761,11.303400555463176,5.952215085915162,4.331525430742749,326.6034149329657,335.3225165044511,336.8524352886912,329.8171003125367,333.3112602119667,309.3481611222613,298.2129608675391,295.7924980077454,282.7655982111931,285.26842261327846,282.53320879707394,299.6842366443701,321.3158122441755,320.1768426273621,327.69709389697135,323.9725729780804,312.69367185162577,314.1807130891899,311.3734628405047,286.0558494613139,285.73768849974095,264.1823761875254,245.24226212530766,234.09595440486817,218.66511306263652,220.36677165426832,8.419306458049867,233.18077476064926,235.49349300160296,242.9072665439417,244.25506143342247,235.96513654198912,228.10791017418654,207.7562438053984,200.31768951160853,175.03691582074399,154.43272240492476,130.52728653611715,116.10362960996066,114.15433983317395,102.28947024329268,118.7982243654125,133.11865120615877,132.17366628198482,153.60393097686708,161.7527132750183,174.53198877834865,174.11312357536633,174.0270739607131,166.15940811720517,162.14943345646273,153.10664787372843,139.06714805680113,0.0,0.0,0.0,0.0,0.0
2025-06-01 18:44:21.329,1,0.0,0.0,0.0,0.0,0.0,0.0,130.76960061315464,61.20637994228911,134.30937016826093,244.61291954497145,348.93349467818916,444.76266820092013,535.408243986526,607.5176217865162,669.1946436773602,697.1094469181552,716.0361155056556,718.2971279406748,681.7244579785408,637.6761766484808,567.0973494090191,461.357011413397,358.46880347318756,235.89610726475848,156.5677904558623,185.29731100465744,288.2934216249675,427.34979228105607,560.6197459074403,661.0406643997255,764.480105304744,832.7560699756596,6.0730038531643356,880.2670042168814,863.0151400778376,812.6832805589016,725.8979896527036,642.7699465576454,552.9506469249936,429.3381933036878,346.9005245702813,299.3631580156737,337.59036888789814,475.0109312019338,589.9229346371194,723.9341673173857,830.8200890335422,935.1766981777215,1007.8586005753666,1062.810189143473,1012.7939353193907,968.3369837686098,925.0067230845347,832.5794077280107,722.8221774849508,613.516175511024,535.7294024506579,521.4271127025786,567.9224896524669,7.726024070973554,7.252087908249603,14.605722636753189,8.08930296740158,5.939201524338855,5.529148123401796,5.7632660965298825,14.143135256898148,10.901015907183584,9.155264699262833,8.078779656367061,742.9659047620956,618.3651647399665,511.20632393059645,439.47518486583266,423.39620325418514,479.3395593979608,609.800248030073,750.9814002385333,900.2768628013173,1034.1080258201468,1122.160711241368,1207.6294767259824,1244.5781902679303,1252.599956789719,1236.5274155176792,1171.4513094774318,1080.2727612073074,966.1624045360851,855.0504540810649,718.133900641659,654.563099546188,787.9811395410909,826.4982945764458,934.0375482231774,1068.4917201070361,1199.1079589927792,14.570114942528733,1416.1372647408343,1461.4939918297857,1465.7708485943006,1432.365132007363,1384.2785281190647,1297.63821113496,1192.3880936785208,1077.0485125074968,956.2272345129846,839.9116868831593,756.3684344651037,712.2373781105111,710.9740497800212,769.7529342627707,820.6312981607855,925.0568447132388,982.7951755828851,1053.3172543422315,1103.1669163738477,1117.5785179727902,1102.964006869495,1106.0652085966956,1070.1463210879488,1014.8781766630082,932.2530465453067,867.8583348775676,15.357342824618675,13.7625680692815,12.175533179327541,8.722044193886124,0.0,0.0,0.0,128.0,9.487087875593618,6.45131734403246,10.528362011730296,970.4624880651892,940.7060550958307,885.6927826775922,836.5107083970423,764.7710757780513,657.3947738484715,616.8050695074126,573.5421396740132,559.3240130106302,556.8564172081564,568.8260257216037,598.3010978909876,626.772604825074,656.8656986565254,689.7217759667827,706.2143843723836,699.5509919216793,702.2081041280642,689.0912807645494,636.0928843322376,643.4901762868752,601.0476497792366,570.3084755089176,546.7039559149046,541.213109879754,531.2115569469314,20.05836676645132,554.3434803339345,566.9459781114057,583.4655505250616,589.1886798685008,589.6188777450564,466.94441448757874,461.73464623896376,456.14567702938905,410.2787308079265,397.082193114423,358.1820524321838,341.4372310663445,321.6705422498696,319.6533005614046,336.2090905889687,350.47569989299694,383.46761178734994,394.54432381288046,422.8321842456159,425.69038386378776,436.1585617326236,449.08976349926246,437.15318282223103,427.0843084346332,406.69879686718417,364.74100790972096,10.295250885924997,6.589354377098782,7.382319720592551,9.963896481503056,9.998965592940541,8.144971263529419,7.071567628449074,12.661965185628887,9.161308637826222,7.312035664961089,3.2785629664496083,324.7699956155157,336.5096808279952,331.35477306708424,322.07831868268426,323.1850859530734,299.05634940410533,288.58947806775444,275.65614595657297,288.94235479913704,262.9993399766744,284.80991479061464,279.07526663664964,310.3861560394411,308.60735188760407,322.9657188429099,313.0375677418512,312.9584048222282,310.692480419619,304.1787639820882,273.64110929288364,267.44399997791646,250.08881324868685,233.06774932034736,223.70251994729875,213.33702101212654,213.09800789999548,10.499696351340416,233.0565911345768,238.45253366439866,252.8090533184043,237.53556994057203,242.53749702087413,227.32028266471363,212.25255352451745,199.23013555299403,180.43236475721966,155.32424574102794,130.38661676660598,120.38377737544037,110.65731287308517,100.46777560558421,106.98606223853088,127.60830609161147,133.56179829595655,153.36397098680905,162.98272560185285,172.76113755045836,173.1587412328923,174.57470968160874,169.3307528086538,158.45737839847118,148.71792002189372,137.15675394752972,0.0,0.0,0.0,0.0,0.0
2025-06-01 18:44:21.332,1,0.0,0.0,0.0,0.0,0.0,0.0,85.0621255057477,80.87416818784749,181.7165813676156,295.0902148181214,388.56866461606904,485.90208543050534,562.7271556555147,625.2723340774794,687.4245746335208,701.8800948993469,706.493462597148,698.54855336626,656.5258077266631,601.5107867542255,515.6275207494785,409.7738432486361,313.41550911158777,193.51627828529058,156.7402861134617,229.78408102318042,345.48705605825876,479.82102208612775,598.1846607448814,700.4989621761576,790.9996399761583,841.5210973954978,9.17622786105852,862.3828188307784,826.0338878897487,775.1090587732399,684.4278598741294,595.0872634284561,485.635163705989,380.1519763628501,302.3680832645564,311.17235522082825,368.44835569457257,493.8590135953995,634.0678827120212,765.7980001560364,863.7507979393026,946.8546874579934,1020.8040560618631,1030.222517305709,997.0972002009879,948.7118771096075,878.4685959329546,785.0227969304917,684.2771344154272,571.3049860578196,518.8519938696359,531.7371843101851,588.5471140125097,18.043809941593487,14.808269569923748,16.675934676368065,12.456756360597003,11.72386626343718,7.6026311234992985,4.69736659610105,9.896998905248562,18.421158411140915,13.400893383012844,20.69888195301619,692.0971526028856,581.360522501587,476.89888720007923,405.6119714797727,416.988993956194,485.6866771978218,622.7214522130691,767.5553571759054,913.8560162733042,1028.1754245231277,1131.9818437169813,1205.1904587119946,1240.7228367713583,1249.770870659955,1222.1973235387488,1164.157716442363,1067.6576267508651,948.9053825448052,823.8628365708531,702.3532282669341,641.2017075363613,770.5530137261866,831.5012382237319,923.5621612537368,1067.3666967773117,1209.4588158179695,13.29931503635788,1415.2596279338507,1470.2679515516436,1470.8681371007792,1442.6336286996584,1387.43597213437,1298.9880888378448,1190.8280651195676,1074.235749404476,961.0185769196727,836.3280295719768,756.4690833639701,697.4419950431651,712.3492751171292,758.9196883787192,825.6804940146214,921.187373987189,976.8660386728916,1059.2582682546881,1113.0499591100677,1123.9184210773312,1119.3355197479475,1104.4932249765995,1073.509289856099,1008.5675799793186,940.5010167303706,873.8104155030004,14.142463203690381,7.64980619863892,4.973592452822683,8.055883716485477,0.0,0.0,0.0,128.0,5.48614980554396,3.0577579562783015,8.320216591795987,973.5207515887466,944.2450146861527,884.7197359096526,829.5288219522548,760.1605917210842,677.4218691603537,631.8924757577904,591.6838944621383,560.1977720820961,545.6862426580007,564.4250309678126,593.3250577591353,620.4827514388138,644.1733033315795,683.4978422544453,702.4021714876242,709.7997079043208,706.5417554152668,685.9148981373485,648.5949497677987,640.5379440659701,615.2225154236311,594.3409986472693,557.952767526924,542.2529817607623,552.2772263991052,17.411298787105927,558.3030005821704,562.2160098567606,574.7223310149182,589.1372126952916,574.9173342001287,451.66788282213844,451.04819477517174,447.38854196088846,423.17866138358653,394.49436155862196,370.34147058143327,340.79575734592805,331.25071666148364,325.46159231057663,344.3531118064343,358.75512060129455,371.1199139000801,393.6889570236733,425.9196589646773,426.5225617516571,427.14121689300055,435.3885977976482,420.01081964124114,410.11120522522606,395.0192740987865,352.68865685003647,14.686832980505121,11.319265284806209,3.346298525094786,7.76656314599955,6.9989548288741394,7.442523857626644,7.896385274134184,6.80000000000004,12.664911064067262,9.282542734488926,6.823458522038208,315.15047320555146,322.04593096755553,309.35323543063265,316.48490587869316,300.9937029588723,295.95732006900715,270.2606281150418,268.3830888821964,270.02537612528835,252.42879213688053,281.3119494602439,266.3437594016554,291.2603699378462,305.383645977596,330.31788968193774,305.46906480387884,307.49202842815146,299.23099431930166,301.4659913358868,270.48529856870397,257.6502940033045,242.88614006500754,222.0751753694335,212.70115100837177,208.6860349746944,200.29642118545777,10.237075472706142,216.39924128592008,223.54872780720785,237.09392220834354,222.89021531431754,232.18593310326,219.45277478904487,207.05743913946463,192.12353487712974,181.80175225621213,160.33732127674187,133.53458352348903,117.91956200443089,97.48965698503612,98.15253635111453,99.01707447326996,109.02273815197711,133.27735500513745,139.52224552657276,141.382386846191,159.04328045967057,166.17978993794236,177.78556053349016,175.4751360953285,166.9682604568904,156.43760965559636,135.813645568194,0.0,0.0,0.0,0.0,0.0
2025-06-01 18:44:21.341,1,0.0,0.0,0.0,0.0,0.0,0.0,58.49910874772711,102.95940241163724,207.71341665650877,320.7021459602422,425.4326625315786,514.4100622985256,595.8280372485593,652.6710228139563,701.2795962679227,717.6507978860451,715.7180840022661,690.883963287533,650.2413200763068,578.38722257422,496.40347245945867,384.89588577328004,282.2197016287566,164.34166562927834,154.53013100293504,252.5012040726861,374.44012067784615,512.7836311413542,629.1301713909014,725.5642858109045,811.3657443590971,847.7760099741137,10.677362060611486,858.1390868481969,828.1303130465615,759.2708756565286,673.837050561095,565.4073585235316,457.4682474416527,355.737757145745,281.77761920915674,313.9507648650926,375.59658545571835,534.9036536211436,688.2245334777872,818.1776908650822,898.8852816408643,955.5316066035076,1026.9869916153682,1048.6374864671193,1011.5667595913396,951.0881489690461,852.7742410631919,778.0169300907236,656.4780848447436,556.4514396602852,498.0242050413604,527.7697472167863,588.3703195168821,11.412247629473049,14.416104974973136,12.854406088445199,11.203602574391859,10.59027687735403,6.314247738928995,3.1622776601683795,9.768031751231643,14.780868517203727,6.018839964019255,15.942930739877378,672.0724956002675,560.1097244123565,465.6239266435459,386.8604475722024,413.0644193122841,488.65197217417443,636.8760696284999,777.4863335783167,915.2618088137541,1044.2500865399136,1137.454839282249,1206.911164699364,1233.8596172890147,1241.035705522803,1202.035657209385,1147.837696300567,1042.8486938110746,924.1682382642426,806.7652711296869,696.5314086458068,619.9766026733515,750.0513042043541,819.9321210419641,931.9045792628003,1066.1211012928047,1211.5373346217284,11.198412614816842,1404.0853171638764,1462.6353373041668,1462.1161673462482,1447.2157725930388,1378.759258765289,1274.2782386342046,1148.5114135822043,1049.2056910382319,931.4477773882015,807.1308752752128,721.0740130950293,676.5835994229943,698.2333597364113,752.2157563828655,832.6767794002751,913.4217229436654,989.2340672541751,1050.0369430229769,1116.2136845475266,1131.441474732808,1114.795895023573,1104.4132383233841,1071.823334207423,1006.4958342221103,931.7602731041711,852.7610759178403,12.14740765755504,11.166682822725479,7.782558917642938,13.082807949082957,0.0,0.0,0.0,128.0,14.775337605029769,5.559865822654064,14.76408764956956,981.7514983562163,953.0810528998223,895.1465645782906,831.9292560889141,755.5601257195675,656.1811966008755,624.3621619786957,571.7445755091636,547.8890551561086,533.9780215711655,552.9587993253214,589.5490084787361,612.6416709546555,642.2782838385971,662.9060294575751,699.2626956561935,705.9738684769492,707.926874147422,690.0090800286083,669.6160309724501,637.5501762288559,616.8849115831806,579.014775632317,553.0207651839441,526.3696472076227,528.8861614125829,10.470216634634872,538.214167368058,546.980349897953,550.3660023091452,569.6719760158318,570.0669432602056,447.16473454275337,431.8073270694934,424.3602037914105,415.4048955155196,387.09908373495085,355.1471250173091,336.3625870354329,328.18410441041937,312.0054678766585,318.1026100255396,341.1644834857514,353.0360264102326,384.4255784463863,397.8158083005555,416.67816729488595,413.6190243800606,416.0716133511481,414.7076700359514,408.8537499056378,384.96740429799354,350.6897491080171,13.744468220777872,9.847394554706685,7.250491505232745,1.480459770114976,11.187364736074379,12.966183183576804,3.310408683930798,6.277521450590109,8.921839080459904,9.46727172165407,8.796126681231932,314.8364525473942,319.6379920627475,313.13601646622254,311.4863417380398,309.4952574772049,288.0108425066927,280.9225795909081,280.024586467148,268.85357844295766,278.2020408570486,279.1737296123567,279.43937201534624,286.4833070406193,319.1236632654733,346.90392729971717,303.3816398953385,305.76642418503246,307.58008697834816,300.8952234282608,286.6723257290509,261.225069020797,251.78831231663906,241.9996780932484,216.6775247933662,195.14598739000004,206.75742966509046,7.807678906743657,217.22529979063643,230.98592143180457,241.47061762295124,239.86083059673697,237.7941781018506,229.65757287518161,209.84320765450042,201.00233211253598,184.9928968663914,155.60327159164186,135.901584424588,120.23305050546762,103.0098519102213,104.51741546880865,103.40979445467732,113.16767852728606,128.94832245172603,140.1327921933701,151.4671938036351,170.09004624314196,175.63166615947242,186.18058200542612,187.70987184918212,183.78832599488237,163.3538167253963,150.70998532786675,0.0,0.0,0.0,0.0,0.0
2025-06-01 18:44:21.342,1,0.0,0.0,0.0,0.0,0.0,0.0,173.67971603809315,120.38400782813002,116.79345046033964,203.96965612552475,321.36763078342005,421.5606442224317,521.0586594911558,592.6328579590837,664.8315218525227,698.372196194303,724.7117920822267,725.9297275732113,700.6967797849721,652.5225076473821,596.6787284594125,489.7969080787796,398.4469288223317,272.6424190735796,202.42413481147213,191.70876342661455,278.9008778538911,405.64189946215123,527.0310700882668,649.8280235249125,753.1948391916254,817.317603111369,10.693601412783575,874.2919943381504,862.9755471352839,828.5457712620381,753.05116317303,660.5473157520772,573.5348380174516,456.10393799869746,352.95144031699806,320.1983694464487,329.9816757578105,477.9943610020522,613.5510770890473,710.2595385340369,838.7679054518118,916.8559810797601,982.3212371899614,1039.6163991755589,1015.4920279446594,990.5337540974731,917.9574433629058,847.6875737003671,730.976665953269,614.4915840489521,544.498510573565,507.0093149236231,544.3307699077747,9.90463727922965,14.63777905062273,15.98991091630608,8.46438910170819,7.016986088034888,9.763713200288151,7.804262745993535,8.282778811291513,6.900171240420446,7.716684017729222,4.978171885996563,746.195983751927,626.7337921850371,512.3591893844142,430.8475495210972,422.84487434454843,467.7540116035315,602.4648493253133,736.8998880193725,878.3056008671053,1002.8956375071572,1111.2020173547749,1190.460277761012,1238.05044415538,1254.0947501207204,1234.8748810425,1169.8475983969504,1074.9465127752499,962.2820625722186,865.3914907624729,744.9858467184736,658.1233182362456,780.9085141339652,812.2402450370587,932.9134380759375,1059.1093757962522,1202.0539836217495,10.214394437436155,1400.349914293947,1443.977730366351,1469.3622722849536,1442.3977076329013,1391.856183134919,1289.1615560613861,1167.5658109454323,1069.0345194506062,940.7101241140431,819.0813647196651,737.7698930528176,687.6109563918073,701.3309991242329,758.9888530030348,843.5855973845914,919.267445647192,996.1973041349314,1052.9531676830957,1109.9608426891764,1125.338272083057,1118.3481047083797,1103.5292991594745,1062.9945216399624,1002.796369546169,914.6930107448479,846.7147528832269,15.114697738316345,14.508105780190078,17.08150319363635,8.975395702912111,0.0,0.0,0.0,128.0,17.340583293376085,8.365111359202228,10.669002925633913,973.3838482424726,938.4617377303795,886.3621746428157,820.6731527373067,734.8509115373888,643.0662463782969,603.0147116434806,555.2452432336855,543.5017097748488,552.3224388726637,574.2681472904319,604.3771222426107,639.591369558598,671.9977797042276,688.569948965635,704.6097871353122,715.8257504460532,700.2971411088613,688.7759407797772,661.8579952533042,631.5935750989231,599.6423481878178,554.3689937311867,538.0335225341045,525.1913483484936,515.6934579700886,7.169664091798445,547.1706882933069,566.1338940451681,572.787813690173,585.4394198732484,592.8122029884306,459.6029000092645,437.4013571534649,422.6947344820675,398.4206103658729,378.2675148158762,344.7430790273629,323.6546521835432,307.30842250816653,304.2467392027805,309.97210019466036,341.71746352631897,379.07040660713085,388.2152292775161,401.8427910306909,421.682597992186,422.1110517912675,423.98791259655434,417.0667380250231,411.64605000692296,389.2077715127256,353.4951496910076,5.196124085402368,8.969726212943376,12.611190606740811,5.901163306137405,8.870521854563522,6.982094051976503,1.4752908265343512,8.673893514737747,6.696246785382165,9.128867400654066,13.285495127601177,335.4912104862266,333.8393782628793,321.87738656954684,325.50223849654054,316.3871368685677,288.8155016072442,271.80853589897623,279.89728213125306,263.7553707379335,267.76506053037957,266.79671241964337,289.0933544368799,296.8857204832743,320.6002371289951,349.7127015287833,317.4687638670251,302.5426808938831,304.03729305947996,303.0419998239664,282.47165947189234,271.5814745796556,248.90529034207532,244.52463716146144,218.35042158020394,217.34880075555841,231.49297248307488,6.025622025196924,246.94166378071722,242.56529360161392,243.29708836408386,255.41232313858842,236.49822685005694,224.95623132307986,205.50178539849665,191.52747659745896,163.50099477801473,144.5677243269958,120.33466252815097,116.88706548058227,107.23857874908919,113.82776138139347,119.21414477085992,143.76702542866838,144.6877186372352,159.71439158798984,174.96912616996724,181.40096392219465,179.88863310151407,179.43436240974705,172.11813468693518,169.53023682442515,149.56200779550045,125.13272439318149,0.0,0.0,0.0,0.0,0.0
2025-06-01 18:44:21.349,1,0.0,0.0,0.0,0.0,0.0,0.0,226.85934218004323,121.12093312129281,63.714747733173795,143.60910853274288,258.13096481767064,372.4719315689041,472.0687921954929,558.1796644201855,629.3462643528163,685.442440374938,719.9447582220344,736.4861343541346,723.6662987730729,687.220985938951,623.7185042437513,556.7080168938772,451.1714634894654,331.367246153083,225.08287079847588,171.6298918466009,234.2761096784611,350.13122666449203,482.61529985883243,621.5260857670241,723.0507488533835,798.3829530405937,5.249650165846053,885.6545868288949,879.8886968092107,849.0350523396017,798.4657354463787,717.6442476744011,607.8565376949125,498.5693569225363,397.29376905199564,325.28587546936507,307.01700192073156,466.12468390067136,575.5742059586598,659.2742831847058,775.6315212797123,928.8225681407872,965.7399196915575,1034.4475651830678,1049.4853635905288,1013.4509714540177,964.076624851084,877.74250476208,759.3986096927263,667.366060245755,546.4235384802444,503.30668374273034,543.7191837664654,7.1661805876442966,11.136900164762377,13.128854878797156,9.68847582234032,9.699346749525503,7.333118284479496,9.957224388985937,6.798761332758185,6.908519329596357,4.44508035292939,3.6199112255132357,794.9758320146252,678.2217186197721,544.7034559685142,441.50284488586834,415.26611888052224,446.5271841780724,573.9131193426246,714.9745754576877,853.0854420728085,991.4728890615814,1117.771324145435,1199.4277372739634,1249.2656375918991,1280.3506075343835,1263.9058543468582,1228.0059124956338,1123.1873330302408,1027.1695712322894,903.1110647989235,774.5031168642313,680.2087932072094,799.5730336682147,818.8166338865612,910.7785796495499,1039.130070815326,1196.5345076402987,5.9469693969776944,1409.4586301425213,1480.0998222517433,1486.938241168615,1480.260750831276,1427.582712082179,1338.1776841332696,1238.2394693617077,1119.285715846521,987.5010842205829,869.8060801555785,781.2000604854493,719.2121140178197,724.0879649869435,764.3695786999097,847.2568835730566,928.6013728300933,993.6671642116838,1077.2147245453264,1123.1049440305699,1146.7529492678318,1129.964660881591,1118.3579831632287,1080.5776028247337,1027.109565117646,943.5095452858893,873.4170372299744,12.318112339208582,6.661849721825622,16.681945696066002,6.41004053870121,0.0,0.0,0.0,128.0,7.9806420940543,10.3209991946026,5.575975729058278,988.5734903869748,938.2460606880434,897.8430020463584,821.0730645296223,747.9004653369334,659.3379702224169,627.814378046532,588.0494289494128,562.367361697072,572.056752816154,602.9732617748672,629.0110876193561,658.0584736970064,678.9026335900319,706.5585353605143,730.1829512559772,726.7059340219453,713.7694512633174,693.6491934104905,652.1309770673781,638.3849964537179,602.8597761085093,580.3316001358168,560.319406258733,546.5923695653898,539.4946016504073,4.514779164709094,571.3564135112231,590.0313563123498,602.4189792291397,622.0821572274932,602.7668715424966,473.07628662604697,456.87869184074805,441.2165321095432,404.52620058068305,390.88152524666407,355.60753950089344,339.01887148332696,317.35828083737766,316.2419317978335,345.956762148357,368.407639457102,394.1653773453755,424.7017565143999,443.8589188689564,441.5549683309318,449.7099517930302,440.49329807284164,438.01303263613534,409.80139280992324,385.0427814726819,354.2443867082273,6.125936106416013,7.737836425963637,8.9822447682259,8.335986281240118,5.710884553222597,5.641455096055532,4.40785889448925,5.787197029586952,15.254713076595756,10.235569783373512,11.918281899520005,340.8984302864567,324.5239801613993,322.48882234885826,331.2627481587177,293.54509978839843,286.3207497317988,268.04610362874587,264.5854836584451,259.8320903769483,261.7094011627719,270.1235463898683,293.43165873380013,296.43153047607746,327.4559274784028,346.3532631309146,307.44835034811774,307.9511312998255,297.33893506795386,296.23599385948046,268.9186344960429,251.48475119141568,239.12789966818843,222.3527081381847,210.86514185406986,219.93767490209925,224.5680819047364,2.7849254586575705,246.30205747390573,247.4369172983097,254.6870638973384,249.58635573758735,237.14256364254268,233.66354452436005,206.60613810192834,185.02743876210482,161.90434811528752,131.4299637205411,113.94453176119929,111.94945837016506,101.28963742686042,104.93183535827457,116.44382160650112,135.5626581477774,159.2589636659771,160.3828175353337,168.4179344228533,174.97525281412692,177.40736625784683,171.89097652710947,167.19813322632504,156.74978682579456,139.93516536466302,119.10287196793325,0.0,0.0,0.0,0.0,0.0
2025-06-01 18:44:21.352,1,0.0,0.0,0.0,0.0,0.0,0.0,112.49712423813148,128.70020722551632,187.68962730736928,296.8698378290495,388.8238771131439,489.4380686918752,567.8531946516171,629.9987484274341,674.502735498072,700.1920972827155,707.244953848587,695.9216081953979,653.7512053153547,604.9765363064984,519.2655947891953,421.75738734553096,313.2972663542548,210.02557785843334,186.77706483257435,252.00867776054793,352.4032611631869,490.88636445968,599.6635865531382,698.5977064558879,785.9885831027103,842.6394837063299,14.177481973864598,859.6787285841652,821.6181992320081,771.2439864864725,691.7860447307696,606.5586204422514,494.8302836677024,389.76986447485405,338.57023727704177,318.40872201684397,386.44464171248154,556.0634214671252,687.15437006972,760.6070283486937,864.3364350965004,974.5215508842457,1010.9469637874938,1041.887310775514,1004.6403946002948,950.5421129081356,856.7938355807603,790.3270643257156,676.8178816257888,591.3658823621336,493.89379490883334,510.7557932557305,603.0506756431,27.197646157959092,21.060130916631763,6.579029400353178,10.184530152633457,17.773578103712648,9.02254262933197,9.550337347477797,10.575619010344871,12.665662124931657,4.4669642177025946,17.987725833480308,698.7340636773397,565.9857093103451,457.32130197156744,395.23134808052527,402.3318189221493,464.1319748634234,619.343906212916,759.1305855667011,902.5070094087677,1030.4593483576098,1125.6722054255251,1198.5953515640529,1236.4548961367352,1255.1036544009671,1227.0050267441538,1170.0509632695646,1063.5260489062064,966.1817319940496,846.7615887204553,727.5112128828326,640.4485055612898,785.4598997901647,820.8036354448127,935.2819254737062,1061.989755177601,1214.3547836307755,15.347916876605183,1435.071673282479,1475.793538391058,1497.1827063267847,1493.3896929631082,1424.6814369290091,1323.7110615586796,1216.6184826783908,1101.846550227028,971.008404615619,858.7919900977264,772.8216919551461,724.7839706772702,720.960837241254,779.7848125391304,863.6669037233246,948.5920840194506,1009.4152263130396,1099.3041842287378,1139.6464881921122,1161.315490923509,1178.4291955713625,1142.6733438874148,1095.2816490701507,1046.506296130749,965.976263418853,877.0581912656953,18.242152913769722,11.635096260826783,9.863915297724642,8.789376374478405,0.0,0.0,0.0,128.0,3.7507044495300774,10.441756324020119,14.640699132000979,1003.6902923642031,960.9488175634492,917.0102827406766,848.0334562655653,772.0682255747814,652.3519299531063,622.5393067167329,578.4645123247225,548.7564453492398,539.0565369850337,563.7077943786134,604.562510147731,629.2870346325159,657.4886001438772,695.1433826324392,718.4217040393473,716.3298467341673,712.5597306716791,696.9272724356605,666.9958627944397,655.9177661295936,617.2164850864755,572.5703411201785,556.7371244181984,537.9225964582902,516.573362263875,9.850602933472295,539.6527616794655,556.1913362007934,571.1393561958797,592.1037571835202,582.4140169568667,466.0206242442636,444.80194988746865,443.8552523953954,410.3756188766699,394.795209695813,354.09043272108124,345.7599489519491,317.19932704740796,317.8621399931381,313.0811461479208,345.53547881890796,360.79843087726636,392.60007644467123,410.38147979217706,409.9831562493538,432.5722287178685,427.36272890617835,422.1736945953437,408.54082652115096,379.7023684852357,353.89410264818764,10.357434844684775,8.809308036656768,5.550331005791876,6.8684444404802445,6.413342642092809,7.078559555154537,5.10802323326531,7.823723170025798,8.992753266028185,5.627975439172542,14.264440035319362,317.6254241206724,305.39122543468,303.64057805137907,299.1236914967842,304.3965181565728,283.7573499056372,282.20800460836114,275.1889325715283,243.39648421558152,247.2514861299608,263.0817793765861,279.28745717775587,271.71629695073983,295.3042414301741,308.2313580128181,297.65161248571513,290.8757410002704,290.9562763482568,281.50998957008824,267.52187870584453,256.56802982423375,254.49991980515188,225.0080675514799,222.8217594154337,206.41125223841846,205.3790091401464,2.005570877165405,218.72588271127796,230.75302133869218,226.77644586732532,239.1232987002898,219.08016640654975,214.1597340363324,206.05533422571347,200.10602165938542,172.54049821993848,146.9480693234296,141.048882335942,128.38409203708426,113.63841510863192,98.67807416265101,114.16797276387396,117.3711179476133,138.05546872000622,151.0130474724142,155.66579957047105,169.72978348024782,172.85218300212506,172.18970118292802,178.08473641057887,158.78003981518862,154.0572207684471,136.6157029132284,0.0,0.0,0.0,0.0,0.0
2025-06-01 18:44:21.357,1,0.0,0.0,0.0,0.0,0.0,0.0,76.97394924201052,135.09432961836697,240.01678318190937,345.53027189824843,438.9926150550638,526.5272618455639,599.3652463918302,658.8033942649533,689.1650289729615,709.8930277037005,703.6612225676433,675.489778714544,629.0470315944979,563.3031833264623,476.7020088463708,383.2669855683642,270.81293034917405,180.549886914623,180.26757032512378,279.0771565096624,395.7799559696103,532.8154439257077,646.4569133575221,733.7519474931645,802.9933411803879,853.6559565438001,11.107759167745723,858.1763983947084,803.689502113266,745.5846275312624,651.0709213981501,553.1668473721124,453.3344358990934,348.1931362127679,308.5476917621859,311.6084165167826,407.03368275063315,564.6757508141391,710.0003799156622,819.760782545966,916.4727934069147,1007.9167428758346,1018.9706039463015,1045.5381443382823,1000.0548368337658,928.8978849520811,844.8298792972874,759.9836564451235,667.8321013691359,557.5273755013222,490.98598082099926,542.6821041459763,614.495917091725,18.304478602551427,16.503878325972632,7.248275862068951,6.4011587282732,6.609591972244811,12.473227467237077,9.74490019949356,11.099263138789672,10.402754841896963,9.796294060963941,13.816225647071244,658.6701313114426,537.7200534082009,446.70911936466445,380.51934676485155,409.22300594113153,500.2429281801359,649.7939141384529,778.0988124584158,925.0555382592202,1039.0203400281864,1132.4671163202422,1200.507980605018,1239.2646966148825,1237.3698728191705,1205.1668259000553,1135.4140118384043,1033.0216971289233,923.8820933674324,817.4414729374586,681.0628001012374,633.3339525596451,775.591633924501,822.1201980679219,942.9635166759151,1082.4271111175,1225.705178082043,11.345198297965482,1440.3352373378875,1480.9464430551084,1491.2954470777572,1464.4502828430007,1401.1761488490838,1314.1516535967626,1200.8370355582404,1075.08227162275,947.0473784554898,839.2201915973701,755.8123465355701,706.9613593912511,720.310928233859,781.2027066415566,866.2122880517358,937.1042277995095,1009.2776394993572,1078.2522090924817,1137.93399779497,1138.4799413966493,1166.4384951622958,1136.5456736809938,1089.145059216361,1049.7800317057308,954.1437342096648,879.1355975165338,8.708207307841336,6.789650913831772,5.778385232425468,7.676397474811978,0.0,0.0,0.0,895.4114942528686,10.760610638626297,18.228283975120092,7.752101635421688,1004.9260529325171,962.9454588584068,908.1643764188732,853.4593650041062,792.7922577441005,657.7192794135835,612.9319076305214,561.5945739931417,535.4390082084273,528.8164793030239,545.5394872330909,574.8602234466006,607.7449247689137,643.9896585696683,669.0651023772059,698.4230187937266,697.5471461882664,696.5660978280447,699.2257712821665,653.8401000376874,656.191883374802,617.4877806858672,568.3755199119322,538.0965590347982,530.6745410255554,511.1625413981344,14.44261166929901,532.0678950034555,533.8511653917506,559.1544494447908,552.5590577512578,568.6824551882537,458.7548253006295,453.72099314870957,438.2726400510781,410.89643391225127,389.8249567899183,357.0839081775231,340.63948643438994,321.10663178018535,306.21676293458603,332.08799854057423,327.20815265869413,356.43705312559194,371.6450658649344,397.76998419093434,414.97375205670807,421.2339752702605,426.11197627353624,433.9212413219624,420.2251121203899,395.1658472659959,366.90831140924246,8.257408900328373,9.75814353623124,3.647576193555194,5.843850637275168,6.479569494357564,6.123885787861082,5.811449620407396,13.040321867754034,9.728215557016794,8.435090900025221,10.748268689251905,298.52714876468013,324.9583983233285,314.5190958075709,294.87453617186225,312.0242565444064,282.83580649310625,274.0574446277001,285.4424960958546,244.7746550142992,244.35228501608003,264.02418183160995,287.73380753808385,287.3124628436154,308.08979755307934,317.1963621749808,305.11284514891287,289.06154896957594,301.54280645692023,293.5997441358207,277.6808244745801,279.09297487054175,244.44454866228492,232.2438462542636,220.16143280062772,201.3158595941944,198.18088332181173,11.158776144560328,218.3092639986473,231.8514310482098,224.78297495701162,240.6250456038109,213.95617458010986,215.11168037244832,204.81399523439208,195.31311918479165,172.356291911761,153.757050420453,140.18446406757033,120.58544211666164,105.04465895156443,93.5478478500325,112.64499649927326,116.02437255202943,116.66300873884458,150.10018234903646,165.59392527658193,171.19320812434384,178.99374484779648,182.8421682164856,179.2766973633016,166.88863174495387,164.1814154224173,146.70375687208167,0.0,0.0,0.0,0.0,0.0
2025-06-01 18:44:21.360,1,0.0,0.0,0.0,0.0,0.0,0.0,72.57436740311455,108.52393684326549,219.31089041976674,330.1438832859117,444.33883172072547,525.6063343544088,597.8448167680654,657.9930354983192,697.0533039431543,716.90039636019,721.656848628611,702.3125455104162,650.8355107446279,594.499253226757,495.1493423831302,401.1354907995451,289.45036288281244,177.1029735545001,172.1979217677635,263.5144863945506,393.15335092481183,532.2269401902597,635.5789727303619,745.7092145757123,831.5103196647204,854.6293194346933,11.53798079744653,874.1372749843069,829.6822218669788,774.2909658350699,684.0152261471044,587.9196414713371,457.2945897092204,368.40942707022595,297.7412829047636,317.2436673416088,381.8634169653228,568.0917024922926,708.1619525074448,822.4989900063771,920.7494986150907,990.5580782252769,1044.2810433506968,1036.300810202664,1018.9259972520903,992.4419038455165,902.4254923326628,780.045936499729,686.4616042471226,592.9567139195784,505.475807439776,532.3406398902704,613.0266300374545,8.184952690064147,9.914730868151397,10.478471774395707,12.283326928173702,8.870909533670915,9.137201972516653,7.84700598031846,7.305691716239082,13.767013748397257,9.652271724648724,8.62896407976033,699.3369873858999,575.4188749044341,467.0594561881564,397.98273256050487,425.8024829483081,500.6300687263531,647.2251845852028,797.3403152952366,935.5499385870795,1041.3316144136265,1151.8351801352205,1220.4967353033678,1258.3248286185856,1260.7604839954147,1227.7958374525351,1162.190756109338,1070.6496891760248,949.8275711511127,829.9207502680092,698.6366560556091,627.2420772744446,775.8874276966624,827.551333402561,947.333903796398,1086.3281283071783,1238.7713315216397,16.712963776344274,1442.7858392614528,1485.7497327930046,1493.9790836648133,1463.6423624506942,1402.1335944976836,1314.9805055028073,1192.4978131135636,1071.05652017562,942.7684395744706,825.2148298968407,745.19320020741,696.496870019929,714.8261956610273,782.217104912232,848.901654822502,925.4768365510126,1019.2478065833702,1087.5868023100625,1135.8589567571992,1168.44319415002,1170.106953867375,1140.436394195439,1081.5307596393748,1028.9165412079678,947.4201631494582,877.4272010490363,7.6453846467645725,5.650286523748012,7.829181928350222,10.273466050117737,0.0,0.0,0.0,353.98620689655945,8.522406029446739,18.015897427047676,7.2193077761761995,1006.8391351537117,979.4982714256273,910.9963327298084,865.1725823368993,785.2805012511648,660.7651718224911,622.5747939221912,581.1201547333267,547.837969168178,539.562967963277,582.6130159651678,606.4303152670622,643.1242962332639,671.0407145033126,701.423613736201,727.936303262557,733.4995769267562,725.5555104501666,712.7503164520282,668.4063415778235,655.0613396770685,641.2450221519206,586.1527803533367,557.9312896577792,522.1888502314118,545.658226842345,8.290236068781748,537.3085366041104,559.5352000377391,565.1212718593094,574.42900914196,578.5132306707698,468.58338821468294,458.0290754084538,442.31458520482755,425.68548424305766,410.31095779451,377.45237325051943,335.63059996780805,322.5863015908689,323.24640915660046,317.7127861856736,335.7602012691879,359.2833654533044,379.0463979631414,403.1431118203919,420.7253530772799,429.66502175933454,429.1855646439053,419.54057118678634,416.03081302498487,380.454060321441,364.50660977403805,9.554082251923742,10.566970317723257,7.668245592795081,2.9910001202843874,4.719437056843674,11.41786524575891,4.152246173082597,22.642553613964356,7.977941649246686,12.136904915926229,14.684683115721768,319.47126616853353,328.92540358289205,313.8452970070694,306.1846197281073,319.12965034241216,290.87252118931167,271.27178757899793,268.863596720277,259.6820224975108,258.80132622640514,263.77830051951247,281.68399896885137,286.93524371432585,327.4720518529416,316.6359706314183,300.9302949622195,308.6835120695413,312.7425310825576,291.8002829440575,277.0192183258689,272.65488370420854,251.4109014013827,224.2596310645957,214.28000291032785,208.09671063373173,208.30138044468927,9.547380767924057,224.11724137931031,230.02020693821567,240.9861551938103,239.95452241500195,231.56974766109812,227.75777352460406,209.7471553412538,195.82900135127707,177.00468982674204,163.80261626916166,129.83949877431914,114.28848424934473,105.67442323428862,95.94953816225447,103.58593621872157,111.54177657274187,136.73009217391484,149.98724727198706,167.0402836382177,170.04345016686256,178.5696995632161,194.10921999569376,177.633453467323,170.11116913439645,165.15094729121986,150.4878846527379,0.0,0.0,0.0,0.0,0.0
2025-06-01 18:44:21.363,1,0.0,0.0,0.0,0.0,0.0,0.0,206.89104873108454,120.92178817734337,88.71861759399536,179.87068472637407,295.1939019199447,403.5165165126614,499.5534860740622,583.7895402996943,658.8982245788395,698.5664976891438,716.5878943327749,735.3225487189652,718.262610534544,668.4459793603497,621.568336077127,523.6726025078372,417.5932592608421,307.65731162565874,220.1025963483923,185.8088977965074,259.1707387661809,388.19612754465527,509.5182880372315,632.1184584559603,740.780267114184,816.9763317249359,13.216618090249094,892.5484475833904,876.699889781594,835.7561558303975,765.8658323196216,694.9930547755205,579.3854411924844,476.8004156923373,383.5292988521803,322.03313038970924,334.55213275329305,460.6079753097087,599.3398159355227,711.4839492857152,833.0963238065843,911.9699901910926,1012.5148079049967,1061.664122954493,1034.6730370267787,1009.4485717014519,936.2964146220902,878.159482866052,761.9467155064177,667.7507947398983,559.3835341526236,518.0408970145744,562.5349656371416,7.226663634544236,7.541799233233507,7.314638947675327,11.484692632510125,9.52428026794857,5.884087384164002,9.9909435560756,8.444417940017608,16.060144284395605,11.60341841674773,15.460239956567367,750.1822506647812,654.7817572002349,535.2621320069381,450.82641066711653,420.37571377273605,444.6346652399942,583.8512111857673,712.7917109164109,867.717187189722,984.8492158875616,1114.6899092057836,1193.4507599933963,1237.9596233104944,1265.1841840556415,1242.6383654738042,1199.293948084583,1096.1788238849874,991.7787659950853,878.6674398899005,728.1676600552497,655.9647481002398,784.9898539538327,807.2803822521965,925.7887610939499,1069.4202909114185,1218.8825315098636,11.961481631342451,1418.074980567077,1467.1370569027179,1489.182184102444,1474.4664463532329,1408.0898922285517,1319.9027752033526,1206.6215067380626,1088.8471139995775,942.1504277578409,818.1823010672477,750.6208009008297,705.7604385332635,704.2091278374472,769.7669734222376,832.4360646781612,929.5492524258634,1022.4138928674856,1087.941624291122,1126.6257594996785,1141.3696115520318,1138.197889847673,1116.3863659306103,1072.7442064137313,1021.8669979099341,932.9532654908289,851.4664933980704,10.23210031481369,5.286722204136576,12.883065014829604,12.010748936553282,0.0,0.0,0.0,128.0,12.3821589213837,15.948637910088634,2.347511248525902,995.2973020974111,948.3047588189995,876.861696215087,816.6439239758021,741.801018362643,631.7875969492882,585.8162251085486,559.8011989570031,556.1786508589682,554.4898757846744,589.9100129732662,630.7752922078372,669.1922386381848,702.3771236814044,727.12286459384,731.5291190308351,731.9535171256216,717.2855750096037,703.9522925752779,631.3323743711878,633.8125714438403,603.89142552909,544.5522108499869,536.7731885949687,522.2248077442895,527.399357400801,13.344685268018312,556.114142174764,587.4285259543333,589.6746119831762,591.7753433525892,594.8544246534407,469.0558716326777,453.8720697606574,442.1326232556957,384.294056043527,368.52800834410783,335.04673926180783,309.5545429984473,297.6398879098149,288.36932397146415,303.97756848180705,325.512988124374,365.5267957188256,398.7769493364267,406.51143198021043,408.46260837416395,436.26151772929813,416.8129222378597,401.61538011026335,401.8983635100991,353.4226913314995,332.1737898051464,11.723377981521137,11.102108042261971,6.424987667851656,11.668353853836399,8.901469372484852,9.004401672186393,3.2468563040063905,11.294056844600139,7.511840831376854,13.87229717389885,15.45790555721157,332.0925130199259,311.07704027502155,319.19905253859235,306.4329545572997,301.06248573551403,268.77100542244773,273.8241543532884,243.26324353302965,245.906347887263,251.17672644316028,297.9198515721532,274.9360035683611,310.07220485809916,304.65313181160036,332.6087063692113,312.1114814042438,309.59350299259097,305.4075523859653,284.5676260410611,252.4505296831917,257.19064129755924,242.0583262539933,223.01593044667246,212.4276517301573,205.35786438703678,211.8291739093939,9.543065471459226,242.31684729062965,242.11823449215203,240.13304500455266,251.9859897799741,234.11617430965987,221.84911923411374,198.91163716034325,177.68562692767628,159.13527007658936,137.20870222927604,117.17401990735708,106.65910971757015,107.0420845148976,103.28475278371654,128.1255034225729,141.09102746945686,142.0869644954332,164.1282339220582,173.75404470441347,174.20683242462405,182.1697034429937,179.12742209705647,173.89384277277108,160.05239556753244,147.73071552901325,113.95649545313634,0.0,0.0,0.0,0.0,0.0
2025-06-01 18:44:21.364,1,0.0,0.0,0.0,0.0,0.0,0.0,91.38712551209437,125.309675400291,197.93515275839917,312.65472711920086,414.0827673466316,501.0234856851374,580.4171321573909,637.8805406717722,689.0559337385608,712.7217368016585,706.7188274344378,698.3224136764674,656.2927995577826,580.5695562742774,510.52028429020567,405.79887507125306,295.1491814904199,205.59783553540547,189.50906781827973,250.82956974346325,373.65615978934954,491.92255039559063,606.827875220518,708.1228327208015,792.0960049715599,840.4460246169151,10.919219370809795,863.301680153647,828.8508655034033,763.9461551630989,673.7582519523907,585.6539371852305,475.92663067848974,378.75183129467496,308.42470876260495,306.39162232400867,364.1539225331481,542.8077340130124,687.4609319814323,786.8185610613439,917.4676611028159,970.5431908999926,1002.5668792360633,1075.2540943541576,1015.4447038881561,933.0764880274832,892.4524442080816,793.3659782500736,686.1643601178434,594.891865776449,540.2008100970902,523.202172148373,589.0599637133997,19.284769632520703,6.053045103870097,11.644009380381924,17.166917520247765,6.7904156412262475,9.786125880799002,15.950265770311688,5.717795761290358,7.92639111183883,8.008365943288414,10.504504055857167,697.411466884823,594.4676058618609,472.1002109303051,409.504405010021,419.983700110274,486.0562537706695,631.0228647754999,785.6523746480314,915.100151604624,1049.3909372152102,1145.5450558652844,1229.908850687242,1267.078296534278,1271.5496951411621,1247.1432738558692,1177.1395702286934,1077.1028850439016,973.9070672188831,850.6925803121915,727.2191687708114,653.3591948669961,774.2516913396754,833.77307405798,962.1567341833785,1110.4865877469138,1248.7670687104999,8.776601865439464,1465.0738977442818,1499.8472322424882,1520.802712839594,1496.0363270635535,1427.5590888322715,1342.3241305580361,1227.8863919597775,1088.3433689983608,961.4542239658524,846.736948900189,748.3713713325329,701.1462973785364,719.408674774438,788.7069267457291,847.1618635614357,949.4739936123888,1041.1500972984093,1103.2711309105343,1138.9570532804948,1172.5379049713752,1181.1007163094748,1146.8534338728061,1100.0070771710534,1049.4880369981636,962.7631375966911,882.6676434773731,12.456071034982541,9.377507151435012,18.527561242476697,22.13713574166993,0.0,0.0,0.0,128.0,5.648359744740049,16.178029486324803,6.0344827586206975,1019.1541512957943,966.9769575263198,923.7589694820016,857.0234827483891,769.9268587969678,660.3565283370001,609.4736003487513,566.8668405989005,554.344183555285,566.7950226474155,580.1545876322414,609.9199293564781,656.0359975761749,685.8990743951186,733.5888572945742,736.0247394912087,735.9374299727359,740.4393979746757,737.7962532877821,691.9996812288246,679.9058161235901,637.1415841406588,583.6790022313248,561.1820939387677,536.8386375990966,533.480159689777,8.28735632183907,556.6482715825307,580.8643737106644,594.215538307659,580.6137244270885,597.1375653628252,479.8746585735427,455.4896853393767,459.8487329474608,408.2733534155626,392.4637883974648,363.25945917884457,337.2378457094295,311.834523566895,311.08182365517206,316.16564057306664,328.09706850396645,371.2001642772657,378.75000665353986,396.20519985021366,411.25308563944157,421.8419711760051,418.49031759666445,411.937776304742,399.0137387156538,372.2804712171975,338.5040172130705,4.461639581957735,3.4772960738503933,5.133716396871656,13.175836402435447,4.634543024239891,8.06225774829855,7.062300156132684,14.9566150803616,9.864388779013174,10.539730094981017,5.9159475400542565,299.40629732444853,313.2258867229178,291.28370408643195,304.4536203633381,288.27732471233026,268.5936968680224,275.9017583267829,249.4691015372489,254.92858519911644,236.87379664515888,246.66315675491032,250.81625815691766,283.44203710797575,283.50516877949747,294.8611833899721,302.76233280705355,298.6268713329517,298.7717854544749,285.53478906302917,259.1439081135011,258.0933406079562,238.43145203794893,203.72897448853408,198.62470398397068,184.88411256999797,180.9642100410562,3.263034588794765,201.7842966163227,221.5987129532483,211.9458692050737,227.93228466886453,225.55233300407735,211.25256228146213,203.1132073373714,179.38269285098815,173.39803321956703,144.42151826266831,118.52283832406893,104.70895472277799,92.12323080255236,91.23724802232272,89.9343453262258,98.22450080098992,112.59413647949376,133.6336406571338,149.8628597971236,169.01000905033,172.20896278237078,169.30015745274798,171.9102657863289,162.79206067482397,161.62885949644328,136.25974884375265,0.0,0.0,0.0,0.0,0.0
2025-06-01 18:44:21.369,1,0.0,0.0,0.0,0.0,0.0,0.0,145.41800957639492,79.89280793910787,115.84903244496468,240.4309456010164,361.65724314261547,444.2709178540896,540.6081008186075,619.597453106517,674.9616900533395,716.3360894879924,715.8106662849827,729.5611180808221,694.8844482435304,637.4554980674751,574.8527526683969,471.4378217861871,361.2863979756649,258.93312890314724,179.59997389468063,200.51550522914368,313.48715697723185,437.59506905500336,567.7457678166404,675.6725700545751,781.1993418797349,836.2193713637606,6.434936292550409,881.4323507961069,857.246216484452,807.2046284547658,727.7048578890108,632.3904446103118,531.646523340693,431.5838972397043,346.00623265665604,287.1356434250328,339.0966741068518,472.76271963665215,599.7525132015425,764.9454452951064,871.8783713783122,999.3687512450192,1033.3941488651626,1047.6474045018388,1033.5205913920795,1014.3091034101419,935.1543159979432,837.0961153344028,744.3526230014395,603.9111959071622,532.5400014151829,505.75279632876226,571.5947483103258,14.900700499477324,9.625800023637527,12.085055877053772,9.360763792456252,6.324555320336759,14.994377424805323,10.235195129930837,3.801247113563626,15.395251258487331,13.863004211239737,7.474277697279245,761.018872463864,633.0264313262878,500.76484386137287,417.99765105372944,419.47331590912245,447.1810226347997,580.0991923757492,750.5593486560176,886.1560304090908,1018.0088739279691,1133.6702462260378,1224.3556761631605,1264.8442209283332,1296.8436874532877,1261.0799092609102,1207.988802649295,1104.5709293311008,994.3610531792776,873.3256041897945,765.0055259106507,658.9452706640475,778.2648293042172,797.4278005843589,918.6087775752485,1064.0080771166909,1220.5433175098613,14.14634721455539,1432.9609331695406,1506.4970106022881,1510.7358140829824,1502.9770868075166,1423.0514010482427,1338.0880150832127,1212.7888534096592,1098.8586248595182,956.939681663389,847.7755452321039,747.6802693818815,698.8701223950414,708.1983541513204,779.5100078369891,842.9754770979014,927.8666946975119,1027.0803419021436,1087.6609553639328,1146.2682388844887,1169.4583125047864,1163.815714011188,1148.763194329825,1090.725880045183,1053.5393261718068,954.1477794233786,862.1772706564716,13.874572384981663,6.832115254337642,3.413194958206951,8.646103110406518,0.0,0.0,0.0,128.0,4.426400946321948,11.532386023801955,7.061755477896896,1027.201817812671,983.0561996965924,920.4202482295485,843.9375152686466,769.3231136090831,640.1167393543963,597.3514536364295,559.5501059534201,530.096196552908,552.5604652139822,577.0494175393959,604.8953255950164,667.7662484964914,708.4999102398921,735.7629618567544,744.0835105786837,747.2159180155062,748.4881560271165,725.6617088701149,712.7410622064235,677.2703400922642,627.9573093586707,566.1357381446232,547.5007356550074,538.5797417880125,518.4317966665631,9.475559193284887,549.943695151071,559.6506738485677,586.4527608197612,582.4315089420036,580.3420482167842,473.03174252209476,448.9605870274035,441.68911505816794,422.87742452304974,386.52513747451115,357.40788474417275,332.9973671598949,310.77851089303334,319.10234210349734,319.5424881561995,325.6891607762226,364.36087444865575,380.1001880067822,393.51886561443246,417.3735865684846,417.09344369557357,428.6092598335468,419.9189279637089,392.23425091443835,368.6754396080073,322.24759110845537,3.1410136909049364,18.592916633281714,3.788272142816986,12.456990468146044,11.802375726516424,5.487305902968027,4.909543959808097,11.532386023801955,7.178280470163271,13.362594764860694,7.9647136468740936,304.45286945408975,311.2487423442156,287.6871726745815,287.4637046182572,294.1760949924662,259.9072983616671,262.1381679527378,262.26343157400987,259.6140690484106,226.20360005842443,231.11403182974567,265.3601646452572,289.93013110726815,288.59194229287624,317.74777496605986,290.7446509824225,289.92438543316496,294.9049093003653,282.5320474235113,268.42259698461135,255.05639910587962,227.23925955284858,210.3621612048746,207.18310622373957,198.24892386246145,201.2905022251343,8.13088639589871,220.73051631663944,234.87758658997404,229.11055046329574,225.6662303366017,234.1579461173398,221.42940573653354,201.47230818814776,175.61190377914028,163.91603072894705,129.64237558289784,105.81670672585037,92.15733860487028,93.34774784825117,94.95025291723653,104.3405618124215,125.79188597934251,130.06643319517514,152.31827434695975,173.94375701692366,179.90285643845974,184.22654321315989,186.11721391166554,176.9918835024179,164.2362998001341,149.93183530721194,123.49579335957304,0.0,0.0,0.0,0.0,0.0
2025-06-01 18:44:21.373,1,0.0,0.0,0.0,0.0,0.0,0.0,81.73478030908399,112.01580973981336,210.84466717433537,326.6751199037395,438.49026044314223,527.4843426011407,599.9352216093481,661.0052431176568,708.0534598705892,722.8851314937771,719.8872320728767,705.1373655272708,655.5003039151788,585.933429459481,507.3948106953427,399.7403693250086,284.85145396787374,187.0212267359937,178.18831788695425,254.78281981513007,392.7750877763552,525.9775256071092,645.2095812386875,727.5965450815353,814.6181239002748,859.2143682432089,8.72923556870096,875.4602979525263,832.8529977110447,775.0061517583948,677.411742291886,568.0440940047423,469.4061058600804,366.185550015025,303.367061359881,312.78031232728694,373.58795394572724,536.9411104164818,677.9905787787267,801.4724974940073,915.6043330137659,954.6295334742815,1048.5889150603787,1010.5286412273888,1034.7877381760738,952.1170240083255,898.4561813042073,795.9702852135479,671.6660747795855,543.9088992752972,529.1829816285788,510.4203394397511,596.4270379620674,6.646367187173145,16.548092481228256,20.260095308650726,6.276689998497948,4.23512743470074,13.268296407057333,8.344663345641148,8.651692273383736,19.0552613749777,3.5135852967458714,4.749180852059014,674.396928123832,549.5039387923032,450.30818967329816,383.86427984343794,397.527302990797,468.971716974859,622.9213940737922,783.5142972320749,914.8494714505445,1036.1908119408563,1137.4785126234985,1212.7639890153494,1255.734691406623,1275.6539081340513,1229.3659648234323,1154.5433686392544,1058.0449834849233,930.664427613807,821.366258983692,678.6975686083236,622.0122643082844,765.5437418978106,787.1114794339787,937.5323214886209,1094.5971395658814,1233.3719865667197,29.511783436493715,1446.8827121964086,1487.8752824128997,1510.9949693127555,1473.3842252531085,1403.146342557742,1311.3744631384018,1168.4287955232396,1074.6391663645052,947.7729227444601,822.5998696356462,735.5251843573408,686.3858186654794,711.1325865646569,782.1758543269408,844.0308804657682,959.216749209682,1035.7079112112847,1100.2963850296399,1143.9971904579886,1169.3467928229345,1169.8905803514767,1133.6721646638375,1077.4439408789074,1012.5066794077857,936.0117649196644,858.7433494542212,9.509355009874046,15.271952384298356,13.46352386253221,7.121428808063575,0.0,0.0,0.0,128.0,11.71491940161232,11.342571679307758,20.8141443120603,1006.9109743661926,954.2284120099786,886.5968970208377,834.6201831422626,735.1334994932599,643.7474647601404,599.2723308086934,563.3157524314988,535.0019516237982,569.3441520917995,593.3445180550726,631.3454687558109,668.1517058439482,719.7572635812701,722.756833095144,727.4623710303579,747.9013823611468,725.1203812488171,708.7214409981241,649.3857172220045,627.2605762543277,592.1259132503212,541.7667343417642,504.41631075778514,503.62970448559736,499.62086940518134,25.98683876989662,538.3651215074244,548.536686173645,577.0928927666223,570.6217482969919,573.3091251807025,460.1042376423369,415.3620217244006,431.55094997414426,396.91205535753954,364.0050638678662,353.25262870521516,303.0143818563173,284.91434185097535,277.9658287754062,267.12768363587816,279.7221877783329,336.31992450970927,350.9245257847828,368.84927467872274,395.8257776214465,420.78662451252865,410.91749806159606,405.0455666537243,390.45229752951974,372.45097926122713,324.01206632248847,6.801566240138486,15.097156808399463,7.9916994791900855,7.280822253307574,18.420625677057558,5.0990195135927845,4.1584098428425,15.72632556652005,7.523973005569561,18.459703278829426,8.276332790866626,277.17310728682156,294.6690376511201,296.0353494267971,300.1571902840177,294.180220084305,276.253767633007,258.4843353891402,252.31821846898276,243.2793410459366,216.35747199187284,234.98689857581684,236.5611255087047,263.2374390706647,278.6055024775189,301.4226088149296,290.39910716322083,284.4862754036239,296.0526992301725,280.750654820814,256.8367651166341,254.44729785167647,239.0134788979571,210.2486362868528,198.17970432803665,196.0470697621184,177.13261281771346,16.818237004926658,215.73347111955445,217.82513821974112,221.23418884279843,234.2552457119392,229.68437319156155,219.5410207105577,198.69770851789048,194.66042756312953,176.46654571674156,153.35486267233676,120.23890552434158,104.4684423779607,93.07321633409346,76.78373504474395,83.70533099017936,107.26285760485358,116.86008160066186,139.50625728166153,152.39905304339777,164.06479674381546,177.68218516482486,182.6849023021175,191.55484103204842,172.12306261298968,152.01145658427794,147.78951379005233,0.0,0.0,0.0,0.0,0.0
2025-06-01 18:44:21.383,1,0.0,0.0,0.0,0.0,0.0,0.0,122.665584188438,60.121628769185094,123.12657023305637,238.43491856625508,345.62936439473754,446.53199842811193,522.3397236219964,604.7879167747352,644.7190082220044,687.0218546553511,702.5427949481514,690.1335229037043,667.6965763704492,612.1682116031229,541.8998116347177,456.39015944386074,342.07299871512726,224.57243002732895,168.27950698016383,188.19114010396063,294.35172082732197,418.04287523063397,560.6526308892375,667.4951470444988,749.7135760337942,813.7002872610856,9.055385138137416,855.3018537167104,833.303531856626,781.2664809441551,710.527189904561,622.7291119087297,526.48456541727,403.4849496311306,301.9889985686623,267.708497610887,325.0694578821663,493.62557838935663,598.5992838942431,711.2080278456837,839.7270860603808,929.5020753159974,971.9854684916013,1045.3540290113388,1016.2341066939073,960.2991273738922,897.0343226637759,784.8459136799446,696.2390689478805,591.4268398174329,509.27257374161667,492.0695047613975,535.4674935524772,20.095094320249803,7.927421614081672,13.90094368970113,2.5102002329866004,6.982265357643434,18.276650215349022,14.110255952475713,18.9509953609823,13.871203587145892,11.029923841915389,14.280661957396807,736.3794369862126,599.0637105559346,479.2512505767542,394.79790051064003,378.7310477280283,424.7853121723441,563.4984084170416,708.9520479531988,854.1526133788204,1024.3103024797415,1126.9276212441355,1210.2579461560729,1250.7505562261201,1268.0524406234995,1219.2887161235835,1194.1094545011276,1101.615752195431,966.0561556571645,847.6839790875554,725.135081078775,628.214490594199,727.6718830690211,774.7763312565309,903.8345928042665,1059.0907276656903,1204.5377561681848,12.092111313778162,1411.199207817419,1491.5684867621892,1475.2475142741023,1489.4274530670498,1405.911279700281,1339.8402904918476,1202.0884437681432,1088.010735463709,934.3574653198492,823.6616365445927,720.0206601322037,658.2001807887556,672.1373443154118,738.366716266401,834.7703019675065,899.1123059013254,1001.7548754210003,1066.9292952048818,1119.5323738768452,1130.771354119163,1122.0938529644711,1127.7565600663295,1071.0514908866205,1001.4869558917991,913.0724708992243,820.0573855261595,9.452139135917413,14.359913290836925,5.795062102662959,12.904773473530547,0.0,0.0,0.0,128.0,14.854897985133423,13.444709120252519,12.93018285466984,987.5791763553706,937.5154989979807,883.9312382278185,815.4347891972384,718.9569065923657,627.0460900024146,576.1266644974922,523.3165579329378,512.4303082084294,560.7353105728147,566.4688656386819,608.1575127661166,644.6582752190063,685.3917267574336,711.9458060385738,728.8003396430922,723.9306667883734,717.2816737607859,700.1007706130795,653.1345468816003,624.6532290209368,583.0153368690931,543.258936980729,525.3260353825666,499.00706550596146,488.1899768894001,17.100075229518854,523.2763131542695,552.1075536992574,564.7823601506122,581.2909798956341,584.681989696947,458.17987495323774,429.5761204061956,431.04553082909996,396.8332056486671,381.57322881451887,335.6523179689244,314.2645501469492,280.36754337780883,294.48308984409596,295.27889098353404,322.70919068481317,362.9287430106535,384.3522537862126,401.2450147552288,427.77535769929085,419.5047417561376,427.86562458692794,422.74341042241724,397.3171333240901,357.56975876959456,329.1821343304561,12.729504689694195,13.101352547488595,3.953302156066349,3.414975854288543,15.773751270328077,14.170026158248332,13.229621007762074,7.03393974228775,4.257675784555843,17.167944222127794,10.971241065144508,297.50202971752674,306.33221282141574,303.62663977592246,309.7050340303746,290.84719951850025,264.375046637537,246.59217776086376,217.88404082089897,201.7042804702345,212.36440111502768,239.13639614924227,260.16171220302283,256.6814007681578,264.4034684914077,305.3673092762883,281.91655742773946,284.3864811522086,275.3283823193952,279.0763281474062,246.61245343227503,240.97699011709753,215.6254850666402,198.69282254741026,182.617680475681,179.34430763230768,178.74256968909415,15.06744312716842,216.80430722496314,216.8384329958331,210.59978088910216,235.95872109026467,221.08478211395933,215.1472423647295,196.78150312344795,175.02684555318524,156.69421168714442,146.2702957041276,109.72816067677456,88.97553050558523,80.69779555596362,80.68940646656446,99.79929018837404,117.59865282231569,126.86898892807898,149.23037691023268,159.9280658143302,155.80362909574325,162.26053866412036,160.74087286734962,163.1031351965655,155.75772011266346,129.3573339192351,122.0313397735462,0.0,0.0,0.0,0.0,0.0
2025-06-01 18:44:21.385,1,0.0,0.0,0.0,0.0,0.0,0.0,112.54711993381338,55.38068146282629,140.15947955153007,250.20927913958752,350.7731636199157,441.32126974998823,525.2176779787683,602.5322953495113,645.0900261324123,675.3805347515048,684.8941968100205,683.169262556764,658.2237618869286,602.2335164871356,520.0131836493654,445.55257894988375,334.4792924306773,229.02247340207202,150.72534214963366,176.88171678450212,308.55042806618627,423.1781124644157,542.6402607536123,652.1885414196747,745.1171899780257,802.8685470973655,3.8310616421952775,837.7219573817022,809.6001262900153,765.9432259497962,700.782521824232,600.1151818362677,512.8446429255865,398.1994130491655,312.4173314606897,267.9563835197415,320.6177663618039,477.64416790429476,571.4185869387845,736.9693275704894,826.5249253065635,929.5452156323946,952.6867266469987,1022.8625725477067,1001.6943104180538,961.7467866757214,887.5481903510166,802.470350557329,722.1969437206727,586.3328323064626,515.7050283846814,498.50240410069296,522.930735187625,10.366672529596661,22.36749605338697,13.869653095988145,2.0097683301034386,5.186416053068713,5.060111364817573,7.5152039534506905,12.826560700656827,15.189411447629617,10.353936476286275,5.784397837668459,722.2849075478273,580.2851380456315,476.8274596898233,409.25165125789226,377.1671942317662,425.75961788249214,554.8341689132267,706.3492324510424,830.9582116140026,970.8936904827957,1085.7766503097241,1169.6213280764543,1211.4136871453052,1217.179999451438,1194.207674364629,1171.2680315312157,1070.161889428832,962.6092170400174,846.6514634377014,742.7823222581457,630.9613266962058,736.8855078703115,781.4506083334942,888.2417668755829,1017.1019479542297,1166.23969923808,10.215919307966907,1394.463568068772,1444.8340889735146,1463.6645401885703,1455.361825004901,1399.1126499150878,1302.5622366006266,1216.6114289896489,1088.4014611074156,950.7396807497199,834.8408075987982,732.6135317596984,682.9153083981713,680.9129050693895,742.127992618579,819.0328199989233,904.1212213950337,994.4925438986759,1068.8046378871459,1114.0335435655845,1135.8226275571071,1160.208166677597,1123.0768745665328,1097.520512687744,1030.2268792963603,943.2910877334089,855.5501245313792,11.322516129454026,9.426156565413926,6.98946581331627,13.160755443186334,0.0,0.0,0.0,128.0,13.230754021706874,10.9318876201441,9.079262959891608,995.8439390097507,946.8527965442645,887.0785009941188,821.817010428706,757.702477225098,632.1834889562217,586.8152926062229,541.7246256597161,531.836680182251,528.9080669508537,545.2374943837395,579.3612984953605,606.3674231004277,665.31103470318,693.4001536933832,720.3853638149006,723.9345507497551,716.944459823265,697.7328215588079,664.7774276667468,641.522521376285,617.128311721586,563.66764169282,523.8373131795933,509.37556142972215,501.56223488230944,7.652470332321268,523.2449502514779,537.9615397638886,546.5979384684448,582.2864620884925,557.8603951960149,457.50912989658343,447.61310013223846,418.6209262883421,401.0377920969835,377.25238084947836,329.2332580071132,310.51594835888653,304.1009605622509,299.2648075432274,319.71067245530634,339.42596582921465,346.4356094177366,378.3061839253029,400.0876625105994,410.80402855745115,415.6899303314005,401.2903733560503,400.2088279265316,384.4045769505602,355.7896490551978,323.5924284729777,18.220351984518775,11.717273288048224,6.21204480813514,3.5872089189690004,11.01144779342097,6.753315044738422,1.9320414816065945,7.040177639802222,13.790077145473935,8.951031243548123,8.367623470666906,276.6605717727171,293.7269390834063,277.9759034380686,269.50009739550103,262.00256537885616,251.4253298386775,266.89266884438956,242.8848419543523,231.60363577109584,220.48334787489213,271.1024207860573,268.4370613037922,276.5480516789154,299.2597884549449,302.16095005580047,285.3021451970063,289.68963168685417,290.14510413135565,262.2641278221224,238.60416582459473,234.78197128804243,206.64935403821505,189.62854721146263,173.42162960912557,182.4303333091639,176.69415429842542,5.503173274988285,205.13940842928525,222.92942995078116,217.0055980036479,217.48859338668248,212.92873031909866,204.7350629100253,200.5218775170891,169.19131767051604,149.45614132129373,137.2151716241822,114.74260387618827,88.72363033397482,89.45352777874862,81.9883778304721,97.94322346824478,118.02889644330986,121.90873248818818,138.78255107369537,155.93123798463301,164.2127150023389,165.90619572225063,158.08536385599726,166.72053197438845,141.0074981969895,134.98028861336675,116.44284036030534,0.0,0.0,0.0,0.0,0.0
2025-06-01 18:44:21.388,1,0.0,0.0,0.0,0.0,0.0,0.0,141.71023592441534,60.86223378134524,130.7548405118662,239.14675237800125,353.77525466826984,449.52425975812037,551.7872585328475,611.6856133700328,679.0990511310308,710.4687079211151,735.0666288442966,724.9278182117205,687.4756298369897,647.3334946911572,562.9365367351301,469.7626192902792,360.2079434743649,247.1756778455872,168.50061384560493,191.76678424525753,312.50651487703306,451.35748584508053,557.5000275279069,677.3365915811851,786.9584292162714,835.8249049426003,4.117156725041182,873.6818889176732,870.5342596077261,812.1841714176438,732.8073818526567,629.1452823963933,537.0811236395355,416.87552413651,333.75249161475074,302.7883182209928,350.318108716774,462.73090350215165,649.2152009501252,710.7112483256103,849.6366064847356,931.2855480800162,971.9717191075964,1066.6102038580057,1054.0621550599926,971.1598971823303,939.4953136005363,832.3826786335053,719.2875104774686,605.7636210873724,527.9973935308645,498.2289855512525,536.0350012178551,9.849439837828466,1.2531233203038923,9.48522783156686,5.063398599643449,10.235898984350296,8.020991980559488,1.0713919833439869,12.803072792236684,10.495755141250347,3.244270217419154,15.407634352706879,748.1365718218784,620.440025929426,493.06814288459515,402.1366667856645,369.6117169755396,436.07612237478946,587.7690936201618,742.5811148139828,877.7361636824197,1017.0392624973991,1146.4835451998856,1227.5664372710205,1260.8166790127686,1284.9855764914237,1245.1770693992844,1213.9247720063574,1109.466719040523,986.5440216401937,860.5140890867625,733.6656744909554,627.3199697010684,743.1059476804168,793.416806910253,906.7758692517523,1030.5716235909213,1201.005611943262,10.763751561543911,1421.0745009474165,1478.538431553543,1503.160277743414,1491.7096310022255,1434.9940965825313,1326.1972470463625,1218.2129495644765,1090.9076388550347,960.3149817547938,826.37325062145,740.1896668399263,663.7332812504013,685.0685472355987,738.6106730152745,846.3909489498342,912.5828743112903,1014.449837244738,1108.4065409251066,1145.2649710132866,1171.5059116174316,1190.0674468358432,1129.9222023912876,1097.4769734741124,1022.6665182879432,941.6601374759148,841.9764051962424,5.454321007638593,7.234188090081593,8.232703855380498,5.474449653465883,0.0,0.0,0.0,128.0,15.528723867159933,5.447595715401819,4.523539816551289,1015.4402687230704,975.185866915017,905.4348294531036,814.2175800228139,751.4651975031771,623.1492343248012,591.7094543605178,561.0745000132777,514.8286625835193,522.6431657246197,578.9370110146472,634.1510085864154,670.4275256725208,711.8239258136887,737.9578729703883,745.7734901751381,756.6678564578759,762.1603067458957,717.0264374316213,679.7933158102161,633.6439700228226,605.4432155397391,576.0775634793185,531.6452014569928,494.3739623563131,514.7719211250073,8.925143610910443,527.0708205165595,543.4143718993416,573.9071642097849,591.2752564782148,584.1806718250118,465.3385562801984,442.95417289255676,425.24483984810917,415.2521669592038,365.9494887931654,344.2211939596016,312.11515503093267,271.40872551596857,269.8175551994548,292.4274954450895,323.88158683547124,343.13967446532484,369.48678289757635,406.69998706013854,410.7185519233609,430.83251593752846,395.6735325204456,410.11415384673404,401.32606518814754,348.39020591785726,323.63215089560134,13.510928240953149,5.1744549650421705,12.299836858962003,6.054288837713923,5.164739448222648,5.016127864798076,9.129828010224863,2.291642688239615,9.949071666116716,3.224806943006003,8.936248224266244,313.2146628822998,279.4528836678451,296.7200865463662,301.6209207345656,278.6788098089724,267.044525245073,246.3089225910342,224.96427766286217,245.17082437875402,248.67835087695363,272.46473988832804,260.2539820895077,279.1801390599133,319.41467188869774,339.1748791704443,297.3480957401064,294.4787904899006,304.80012749213313,282.2149405579898,261.3517658725358,252.82124479571283,218.67390866781489,204.92289814356224,196.1319654814721,194.8576676520527,184.34946478070623,9.172182101618183,219.7356858505623,238.7272461872032,238.41754219544367,230.3964577306538,236.47753592269916,239.8469252501387,207.1207696145445,193.13357820564332,172.36052289851185,156.46911911920566,139.23521917668302,117.31164240164804,94.76921390901147,89.19151774858186,94.06471722057681,116.41860935440755,147.65710674109155,150.93575197443167,162.70093705633403,176.53321323073257,183.24019138326514,192.49827286355645,183.82849617581647,173.8553901357166,163.3593984461106,127.09861178469794,0.0,0.0,0.0,0.0,0.0
2025-06-01 18:44:21.394,1,0.0,0.0,0.0,0.0,0.0,0.0,236.75554219388877,134.42789777114984,77.44741706430827,159.1332711800334,266.4718688519228,376.0431610559533,480.3569397469403,563.8848999673596,637.7128481275664,674.7020218465766,719.071553656808,738.3424621466571,718.5222800174528,685.8877307954293,641.5353716305531,545.3896204138813,450.6801579492371,324.9155849691708,232.44933928634273,171.2424883818354,250.84310196706826,373.4361040695787,486.5879345333671,600.003400235046,716.2640234069925,810.4611276504774,10.01670478213449,887.1316586268555,868.5007991827065,848.1995059839301,773.146166685002,711.3887407639327,580.6768773158133,500.1166903414841,392.98321107438426,307.69399822979847,326.1059444511829,375.2120140379765,540.1241855630261,660.6869183731984,806.6664075608202,920.5598813738892,980.6165554066536,1022.064731833456,1039.8559477401707,1023.1770524183387,963.142988523549,867.0022684212798,754.0847772219189,636.5636733545466,567.5164488581953,496.74330106964857,541.6184411949521,12.937061695426273,9.82486048581489,17.140698925744303,11.379039262172505,4.195549802586502,5.220503291011205,1.4545140260621219,20.653732847292307,2.261253877232464,19.047147113410727,14.513900234657244,765.4150826735886,661.9597035904185,518.7047841038125,420.28694505542086,368.0990458044034,400.5154231833376,530.0514234576254,670.0329046819771,828.0862919285661,952.1162075727339,1074.1914847839741,1192.265147273177,1239.1546906129272,1267.2015512934238,1271.8563141014615,1204.818952544471,1139.5453383080478,1013.4903897375195,903.7265783247561,761.6221048540759,659.8076287359675,744.5254632669843,767.1087950439666,879.0537244222493,1013.3558867689604,1176.597604051113,13.652960144746869,1426.958150457353,1475.530514107425,1516.144824437275,1479.2974326225476,1444.7876871051426,1349.0309471140504,1230.6822728663315,1099.8503300428465,973.0323926913064,835.3112278074664,734.5238276237451,686.7422039382459,685.8577061549153,753.6949878282767,833.8684880245647,938.2279131453075,1010.7514538480056,1092.5909639150468,1144.2996741257757,1170.6085600774293,1155.057810571394,1140.6525724618289,1080.2826870618176,1013.8975080262591,929.7473456743782,855.0747252613902,7.018390804597701,4.2022988505747065,12.195240251906384,11.115626906477027,0.0,0.0,0.0,128.0,4.239284032666721,18.060958306433125,6.702593271440675,979.5702878258724,952.8437639580383,877.7572954190339,806.0562143719987,718.8457468738668,615.5397691391803,557.4426085993059,532.578186108289,521.9390882144994,545.5798703342,587.7447783336846,629.8738292279799,684.1534092785542,720.8606208210389,743.7822187841476,749.9881967704364,740.2330427335753,722.7486295235251,700.8102677360678,670.5193818960514,624.643693536799,571.687964640146,507.895253381162,494.4858284564176,492.35761099858576,496.9030141414307,7.204341434879924,531.8478044053107,574.4401215243983,572.9085398917001,570.9931165391862,573.717221431151,452.5975919116896,424.74903458223025,400.5592620727846,365.76714019422474,335.35399552549507,310.0115650515122,287.4148504090853,250.16282568815458,272.79203405201037,293.43480004409713,309.6870019158564,363.6475097021925,368.5821497393272,383.68220299325606,404.2965176924706,402.42246766180796,391.1190125360373,385.9779893045698,356.03051245992424,334.27165413795365,296.3801140625774,16.914251693226188,5.164200244178094,10.529626086508117,10.348178486678565,4.944827586206898,10.550962539311243,12.867843802618113,8.891646450142591,8.935830704743791,3.089053752337057,12.451182424810058,281.7448800011766,303.9315090703151,300.6847456418687,298.2912274239514,267.34774559585986,257.35489222746526,226.14260201391758,230.96385288833278,217.9681467581816,234.56531791036684,219.824177109286,235.756241490996,264.23700116045836,305.3431279486801,319.4823532823331,314.0030375410453,296.91680548885495,291.96803556973856,272.81010096696144,256.9463522350399,231.00273922825818,207.97405134777281,198.00611494831642,194.02395248665198,197.22610296827986,194.09706043797155,9.708852471694106,231.75739306601122,225.93165037111575,235.7851612635794,239.42866021928359,240.7087814064266,214.44161477725294,195.2240434998312,181.17330302372787,154.6132732723601,127.83111967912156,100.28686449361199,87.53381963438441,84.90987391352792,102.1526206180879,117.57960394641121,136.83480450063215,144.1149647755378,163.52701134611735,184.30325412866932,174.91213485094707,188.68377762823633,184.12622911558913,177.96823661145467,163.39458060695728,142.05894956663516,103.28726622610871,0.0,0.0,0.0,0.0,0.0
2025-06-01 18:44:21.401,1,0.0,0.0,0.0,0.0,0.0,0.0,67.46179712594235,134.16024675878123,235.3783361077607,338.1425911203866,430.7343935187603,526.2700226613696,593.2011677806423,648.4681595843917,684.9589346015815,685.923395330588,688.8751720775263,677.0807016732632,628.5317985394584,573.5901426393658,469.1606261616616,362.32391616392425,258.4442822024587,159.59958470092204,161.99758115268128,261.39606509403865,387.47453084957306,514.313102190822,622.451732176174,733.8624004919589,800.9455324990296,858.027198992893,8.330876914968783,864.8717064962317,799.031806011987,762.3581498728595,641.3697747714532,566.0410228327149,452.8904874733846,344.8246287744361,279.31179165447554,299.5481229160732,371.98747298709867,565.9619224361549,671.9434778836659,855.235304464992,915.028466427031,1006.3302086931518,1094.4322835894857,1048.2323585041054,999.8370769496242,939.0263118171871,870.7070703334224,765.231769147025,666.6850861644135,547.9388675130785,499.8774637452216,507.85310872711307,609.4578010324448,1.865888130395626,8.766504427031576,10.704267569527973,14.603830034857603,8.591556223436399,12.027186357622462,3.916656588702577,8.284196279137934,3.7251407843180475,9.096551724137925,11.676172438333362,671.9521988099402,537.9099731130319,424.3068808585059,366.66816343655057,407.11257462190173,476.71317895046377,623.2484833565081,796.6929560028271,947.4149643409022,1061.1466139521103,1161.5215731301316,1247.23077439022,1286.771459490911,1293.049945771131,1274.5218321907155,1177.89748550294,1093.2710637858388,943.0166061926648,827.9108186453411,708.9249083203102,625.8201799329329,756.1200805534401,795.9636706599536,940.4670696904249,1097.7510588087484,1269.4676148960964,15.91855280060871,1487.9720284960017,1521.2682681311414,1550.342339152421,1487.9871934554915,1444.9243330192191,1324.514468451177,1195.1509487087847,1075.4507386448643,935.824204184224,805.8806868900747,727.0407207101222,693.8158308576529,708.3532935143148,791.3994077929299,855.7232902736389,968.7893253340483,1012.9604912287298,1127.6686174559509,1181.505429247513,1169.6421636266437,1203.3546505588638,1144.7942697979408,1087.3295275283022,1023.2724943999203,939.0005291969056,852.586792942005,7.873766576896157,14.535835542413421,19.616256940090064,14.67057975113586,0.0,0.0,0.0,128.0,10.517610070904837,8.260346515099124,7.2137581643595174,1032.0259942770288,985.8365004310859,900.2954974862029,840.6493519342423,740.8146525667659,626.2912000809857,590.1539153880236,558.7610176049604,522.365364291185,548.1607427748474,579.3663814815818,622.213872981931,666.6537319031424,707.1977429671946,745.4103787121402,739.4129762681724,750.6428525084184,727.802674140647,710.9932848553667,673.0036672693893,638.7913295624982,600.5123493547753,535.1536432069593,510.6441912557148,512.6524841337625,505.62285893236856,13.886589381945395,548.809997020747,558.3126526226087,584.6896087833583,586.115300970938,599.1212811102431,475.57325898972925,439.07848247392695,429.1811242975956,399.5076146299645,373.67833901112294,333.88889566969976,316.56008649573744,300.8178760053413,299.22009264666093,291.04731197171327,320.25500449335306,356.1502746070664,399.3531568894314,428.8115737724352,435.7510410938464,435.94509607037884,447.42715112681674,434.051853404375,416.0143943563855,375.1173253273196,339.5080403100932,1.5618374020171224,13.579827653647637,15.428885332887251,12.733872828443419,2.039993033608434,6.2182784385227405,15.99380668605342,6.049085398835146,8.766852255778305,16.729739860392705,8.340437419729465,326.11373826731636,294.8748888969753,292.9889433204849,301.3398795205138,274.9708578542221,254.3368121565935,244.88489957059534,254.94070466841654,230.92358095209642,188.27118421978076,184.51846691470428,235.14530219315347,250.90048383076342,257.4422595429933,308.9690228743928,275.5162280724316,297.2012067528516,293.9317833891434,280.1636925372039,262.98167126955303,249.309062164873,228.19718139590134,202.87126634215286,183.87291289470525,158.77363376841024,173.6065978813138,2.6204389936914914,199.85607697814362,200.12951267255156,217.21113230410236,223.61321437698152,223.87023404606276,225.27934994437848,205.29153348628333,191.78404725319103,178.60674989575088,158.1383318110332,126.84301658845678,100.74238236721541,85.16593236835348,76.788494601105,68.0332903928215,100.69679994498347,99.10405688588514,130.9627808493643,150.1094034462304,153.87857617074587,163.6480077061453,169.59230765171208,172.18704370735293,163.96616181146584,157.5265629639496,138.63298993361514,0.0,0.0,0.0,0.0,0.0
2025-06-01 18:44:21.405,1,0.0,0.0,0.0,0.0,0.0,0.0,188.09938441171246,106.72466532844359,74.60226216984799,166.04694268862974,271.55376019416246,377.41053801004284,479.43774801260565,549.9554258646752,613.5239493162846,658.7223050623277,679.0551194375828,697.7814952762502,675.259089898461,636.500683584061,583.8410575893819,496.95226993297814,391.9676435736583,297.57671130353054,197.9878593372793,157.20932659906637,239.24768679632604,343.0997230215323,473.57269579251715,596.1151012800697,689.4631027202469,771.807712120514,9.693825117310688,837.9367880032033,834.8250196747572,793.823889868009,727.7184268213437,649.314593385737,552.1262526898074,430.99492347071896,346.1164155785084,286.7947204513626,315.3141721435713,425.3353120648736,556.0585011557516,681.3670284659553,770.4066218476231,860.3309761472017,975.7679147767363,975.9473429030844,1015.3284527333942,942.9618725029005,882.0640122201368,819.1154470260248,714.812437271578,600.5864094186621,512.817693175734,461.7358940775296,493.38730419758394,10.956557136121164,13.036405173503015,11.956156024451388,10.041343797962245,18.480366780334656,17.729414484255095,9.733333618550546,3.0898842596839433,5.685489137125515,10.770383364234846,4.843197768971902,739.6933112932035,617.0358517821318,491.6663724823949,379.57088443656,347.7025765744976,375.56948344385546,506.5624505120098,649.3135949524764,776.9046368482867,925.48423154595,1040.8978884852734,1136.815232064094,1199.7015192776519,1217.237329181403,1220.0708503838682,1184.3249605990188,1092.9660341981578,994.9465403310853,873.4377618218521,739.7108232674867,648.9138312879048,719.4907748421297,768.5178752622902,838.9477749647798,988.2624992578155,1152.6927656900164,6.37808447181773,1365.5423661039426,1448.518738772478,1465.4587555792243,1476.474192732166,1406.0012748349423,1325.8243368435762,1223.966303616695,1098.2497490451708,986.5455652759495,860.7076375362234,749.2615529992559,691.5749517347629,692.3290326806278,749.2534454553233,838.9427607398604,922.1756523316157,1019.7891173134175,1091.172875413164,1150.6807684187872,1170.7936350650143,1172.4321412911172,1130.9364492383772,1093.8669780954303,1015.0535080644372,933.4239071203906,868.5320455566475,6.185167966948419,6.683795603818146,4.132104454657948,10.42696677886881,0.0,0.0,0.0,128.0,11.321484938705987,11.56420269372225,21.663711204988214,1008.5944363727895,952.3269034785995,887.9592579411519,805.1826147160609,722.7771645129376,614.9743135337586,571.7222556145,531.5403859774717,504.78442685801156,521.6291077195581,558.395025501055,605.8092450886984,643.7934913412226,685.3191233004935,713.4978622431031,731.9246338730005,738.1720328081528,723.3787412547875,681.3966037257735,631.140141497373,615.3409445817847,566.3143992670194,534.9184173927057,500.993956781574,479.1077301790001,495.1793296076411,6.1547670318612795,524.588742884802,523.703507657813,553.6668615307906,585.7964933375376,562.0711090770433,451.9675557110165,416.79516659679837,403.579207950439,376.31270472287264,358.1297509461155,328.1045249768283,288.7049947242934,265.2579177715529,259.89194925985413,276.54117524918166,302.85300174207936,325.8167091761108,372.99589522674285,388.99505588761747,410.876624907834,395.99468069830493,386.6019420087191,373.8340789605868,351.2681232883679,325.7009856088726,295.76922503030704,4.513394294149035,6.6593188573848,17.57276597296611,5.394957283269405,3.551776643966469,4.993914555486806,12.689590177900298,5.705754963214023,14.08301686284898,11.004915713882772,10.064168314081675,272.30203837503984,266.70988034300683,271.5924029261245,275.8245541752904,234.6212025982102,233.2001046376691,192.50116224519505,226.673165544731,211.0357960487517,232.4851058299125,196.51881112807163,200.1017090530762,247.99548363718287,237.88974455640468,279.3005846977036,252.82074135887348,249.73331688711812,259.97860355847234,261.78215073329545,226.52239864402742,222.28283292962476,194.28507777943767,178.99024316631392,177.39344434909512,187.4770355155099,180.52029834299395,10.42004462863261,199.0463421436868,218.5858094399334,217.52638564164747,205.91263362783346,206.95528219822245,204.9165735622886,179.402517346999,161.06528944852224,131.8272893377227,118.78963068599381,102.00136831988235,95.6212111393871,79.08224064181404,97.46249720768611,92.29628520631687,111.8791588004784,140.6051532023795,141.37001493855448,150.43800650128244,163.60624759328667,166.49952204034085,162.292264265308,166.07055700043162,147.62518173462945,127.40716794053385,105.35211257496478,0.0,0.0,0.0,0.0,0.0
2025-06-01 18:44:21.408,1,0.0,0.0,0.0,0.0,0.0,0.0,79.36056969839669,116.60494494317042,206.77227817816504,316.8087291250541,413.7835800356871,494.7810644369373,567.274148607311,620.0832893550178,657.0217763174235,685.521819031534,676.3498447698684,660.6633357432625,608.3222165253159,557.1802875244038,467.5599526576573,391.4025451296854,277.46143400429776,191.15565009753846,176.80007212482084,249.28888052107413,363.16694458679206,486.6036451348142,601.8368018741805,702.9136865302193,770.0327094934771,810.3338272946057,6.895128679692628,821.6175395427208,797.8118779196263,732.1565928691125,653.8126115105787,550.9917569591134,448.686435811208,353.0159096547878,283.2458488647097,290.5851670853973,384.5270143527078,508.1245229431501,644.6222666052605,787.3425693343715,869.1295124117174,951.8820057343105,1003.2067584213314,1026.978765165798,967.1324317128182,945.9744608340295,854.353891561327,738.6009550558138,653.5484055107298,542.6611185912977,505.62394154216446,492.3973332236615,555.9596113879044,12.954224177892069,11.398016689408534,9.815631053987723,15.885987143046089,13.262907458355727,9.810510181167944,5.351724137931001,2.8173234741276674,1.9560834866308932,8.16956116743057,9.293010371150324,689.6544346951592,560.8635436639321,464.8271222819568,381.8103267430561,405.6525026687217,462.999908241001,603.6035562100985,750.975508784058,882.9156388346591,1022.9101742723415,1146.8800994738997,1199.914904116797,1220.1161978023936,1240.9472728081487,1197.7077622199731,1182.1472139237549,1062.021378023322,951.6606771907049,829.500221173877,716.6216536732344,638.4200897635137,741.5257469670672,828.7120075858015,931.1588720836813,1060.4638078916987,1208.2270449255668,8.724045031881152,1409.5918990280438,1481.8387002694865,1476.1585919087188,1484.3355302831942,1397.6895018180423,1316.7272498515683,1192.483119070881,1074.7350909384188,943.3404917975229,839.6724006163646,757.3841703515508,697.9134632651824,698.7013170218404,755.7344825367472,851.7462104688066,927.6396652223699,1027.722689368238,1084.6501314319103,1139.1590170528536,1156.00613296443,1155.840737520056,1110.2532753165892,1086.5801779763285,1004.4320415464467,931.1701085347513,828.107259331011,14.040813214950639,20.703448275862,3.13402729684522,5.525078931494184,0.0,0.0,0.0,128.0,3.38719476873916,4.378504966635959,4.317843055535093,1011.3305622494523,945.0061200188862,905.6749439532726,825.3022822916711,737.127964471605,640.1176069622925,608.2741733608808,547.9722958588491,513.1520634483437,533.9822762862409,559.8800846381126,618.6833314381731,653.1692152739253,704.2678756934789,724.7037333472542,759.8737044820973,757.4018511730885,757.7598492293271,708.4315900945319,686.0618153385909,649.4865501508265,593.7001366508729,584.6276567768642,531.4517211718842,484.09721694195485,498.9350105696333,14.069035218472061,521.7367306516063,534.1404386867389,548.4195966101918,584.3507593670797,572.5566503095404,460.8650401642934,437.0616862279175,427.2103834917019,393.5084096625181,375.20496263242933,350.9523968592855,314.69895469868806,298.85420606548064,263.3835360945733,278.72803715585707,305.8494517397549,306.09626022101355,336.3506708345547,372.2040207722879,385.8694199848305,397.77535342020394,382.7866214303452,379.559500377713,366.9409430768765,342.0312461217318,316.39943306128515,5.540229885057499,7.074794770832178,12.09567713475201,16.06694248565671,11.926065956214297,14.394217881869906,11.560891980498065,9.225819272629115,10.536792786230112,6.405212991835268,9.069503541859124,266.5832057630447,271.44464032619857,286.9368715123087,273.8852574381042,256.2490575122503,239.18477476275203,251.43778397782717,215.22604332018227,213.80359242291541,210.6061885458873,221.31251148207784,221.02617292707018,247.55039193625646,276.6174907052149,277.9659795171703,268.8729274239085,263.70770451708785,262.7550550808285,252.84370149970582,239.36415129639164,224.18223504934969,204.66682833562388,189.91672919228483,168.97303858800515,174.23616517063564,164.07457273479727,12.45251126991459,189.10314383996126,211.44892867985035,193.89801562081627,208.4520511809145,206.82082283388849,201.86545763840252,186.40192151629049,168.88634205951763,160.9136547177019,138.04416000517656,113.62045169390265,98.08972562613559,72.47395830279441,68.91577538963344,74.65215987606508,90.469704101932,114.79123658955953,118.5213895677427,133.17563879188972,149.29064062630573,162.12647354284917,171.8611771983531,173.4456481548344,156.10561647699475,143.14190668845438,127.03292142318163,0.0,0.0,0.0,0.0,0.0
2025-06-01 18:44:21.412,1,0.0,0.0,0.0,0.0,0.0,0.0,203.33534459361732,113.95988358441949,68.22243431294989,155.81113688083715,258.43132142203325,375.4901304966771,473.5237274199027,549.1750296494522,618.9016324918341,661.4075476804705,699.5094851094036,706.6449143456315,697.0280853008279,655.0661833909699,590.7643855839455,515.0527959903482,420.44627511115635,319.39298273230094,197.39190556746016,165.06700941440252,230.27317878587166,360.8981991154377,490.6753551273153,610.9442957168941,694.1839258013985,767.9564293545642,14.169549769140133,849.4660213994174,833.7100454893299,818.3430818796254,763.3093968023846,678.032903808679,571.6197141297911,447.04990187645194,357.4555560311386,305.7400948141568,304.4424066024316,418.5425144355563,535.0243009543241,658.0279348365015,781.2270318253815,914.0372824921861,948.071831633261,1002.523653026288,1017.5650465853447,987.1733973412717,932.8489394349176,851.9045516029712,736.4002550518172,630.2948524701159,542.9281905780547,474.09215633920917,494.1962371246684,10.189373210872132,9.614510183679336,13.451261827680566,5.675792405049899,21.30368591302436,9.32000549822101,1.4200869159982372,7.254976815399914,10.151304253795585,9.055385138137416,9.783065998891075,761.3839266742403,640.5940359013425,519.1420128708213,413.6730839777814,350.75592827067055,372.8843418602264,506.28723250533716,627.8355940688859,802.17859554961,939.9552290103381,1074.992424223416,1147.2340985988783,1222.2701367912211,1240.919038859044,1230.5764636833637,1208.4567850322553,1099.2519577380326,999.1067485966262,893.0285338426669,747.1364478993933,644.7700820215841,724.9666881833614,744.6800857306471,855.543395507474,983.0680295290213,1126.0447114621738,27.4298588660993,1367.6868503371848,1444.9217477521022,1465.9658682954303,1490.6714184216753,1433.838841193351,1344.2122911526274,1215.1645086446924,1105.1051170277335,955.7142287183112,824.4182825069572,735.5510509203309,679.1165457246502,680.6551720165121,714.9356333163479,817.3464930572321,899.6574340819528,997.7460329689957,1056.9470878341858,1138.8545499072166,1154.795730507346,1149.4813680180425,1114.8916242894713,1082.5931524824855,1010.7506028734533,919.3096595301171,831.1665299486425,2.5457318090667505,10.694247776327312,5.680867717816922,4.24711649362655,0.0,0.0,0.0,128.0,8.033960172584184,4.836504766591971,10.78068262369184,991.4551376029676,944.1427178018596,869.7639251140685,807.2059313832087,716.4714041659722,598.9930440780178,558.6895437225505,519.2102817202491,520.4224201775979,529.0155279731259,568.867847995564,627.2694543554211,667.4303296844474,705.8846440455648,716.9507336569229,732.5939222434068,729.5486489638771,716.0913748615924,694.6679007076187,647.7587660575803,618.6956310778311,568.6746002760417,510.5852922253157,489.7447118630541,487.0917748945937,491.1924851475482,4.738479166369691,529.4753103914483,544.818715952439,547.2498620001661,549.1316322064898,557.0361886424603,442.52645290148337,394.8833412320948,377.2256618205256,334.78452361953725,314.6869514148358,278.4926929218179,260.937909596698,237.5726785670016,250.69627235247216,273.8478177467097,298.8118647860292,327.10784832383916,356.1183972791895,378.8807054640608,386.05774815341704,388.5006035332859,374.00087616089627,369.32791371248845,346.49528549804586,301.00029700778754,267.20885827057083,9.596009353360747,15.93129113899349,10.206928265170474,13.915604951237036,9.85357397649537,6.524890885627524,12.161581839967543,7.329440790918403,4.666436952884002,6.404171282987436,12.951564516679532,271.16427876257,270.59856618889455,276.41679580420123,241.1867682440748,247.41821417805704,229.337701157364,217.558169100405,209.11826815364947,205.12082602413008,184.04418499015026,207.1853147328927,239.37988869020631,270.81037520999087,276.90412460891645,290.6848686656478,287.3464469023398,271.8516563049581,281.53846919060845,243.8472977392851,240.0704042729701,223.14915747607273,198.67219877301073,189.85222682131712,167.584891614008,161.33353880515222,184.70233724959343,8.441386540742759,209.57428712931238,214.78801834881523,214.60197024970543,229.29517957056294,219.91300191359173,210.00835424986224,188.14655021392113,176.2952950546011,153.6636236200271,127.02938610424285,111.49694471975523,85.55240707382093,83.43470218330764,81.29572627783587,107.61316350837849,119.96819703589645,135.85083813789217,163.8785934789132,165.88705884630713,173.58339715976987,174.40849847873727,178.48713370275152,178.41697737352695,159.10155096150615,137.36210461387927,104.45347267845592,0.0,0.0,0.0,0.0,0.0
2025-06-01 18:44:21.415,1,0.0,0.0,0.0,0.0,0.0,0.0,117.50492459347849,59.788127119816274,141.40779251982417,247.50769176732143,361.14820317906094,451.30774392875105,538.4577742909316,611.1017589547793,663.6169978068123,691.8607458587055,716.6631509059108,695.1943332001368,673.6745288453535,614.100219527703,555.2291886315227,440.50411614857927,336.8102330005863,231.46588389905654,143.53685812969246,176.9504197507649,297.870069283463,439.2972495990305,564.9761979573634,667.6993648514523,759.5586071491164,830.5023273943159,15.351405945294653,877.5673572811994,849.5663520483424,796.4630775815133,717.4614099975847,629.0458139933118,515.7302351546848,404.9909482179837,313.748846064824,280.9885087600441,316.6398574535267,471.5252163415166,616.0997129726521,747.1640739955471,825.5088029940996,1001.9954732410957,1019.242710554297,1049.701499891617,1022.4829737433181,992.0423616445166,929.26356020531,846.3446520116931,702.6822592305048,583.2699975971249,511.3911663627645,481.2593209186213,532.522949418687,4.507837528203167,11.647359655214046,17.568904699982077,9.31274766985292,7.485430616465356,15.124832456300448,10.670587331783072,6.037160486867641,11.230960284461041,9.556519136224328,8.227669265921456,729.8824941375891,614.4584958461569,491.6510186265027,394.151981678974,369.18834944039406,420.6914180868075,571.7580553258167,710.9668120038974,885.5522577847455,1005.3335938531491,1131.162611531604,1226.5379141726476,1278.3151744128318,1304.1523528095136,1279.1704421646175,1227.9295713902263,1115.289463296642,1002.6581295042527,879.1761388026721,750.1938336535889,639.9088357960095,743.9318037313094,787.7387546416152,912.7572905304006,1052.0264468893106,1215.8883561971625,8.585522107290801,1463.513709081467,1515.446769652062,1529.7002865664517,1524.2204235269476,1458.5811725560848,1354.571950040419,1225.6855227852138,1108.7619130979897,969.7533951907277,831.1513121343637,733.9787743194019,672.042706356326,693.2402241593279,758.7160899945385,855.6651314131321,941.5724607854862,1022.4367675518756,1110.5607796329477,1155.356443611804,1189.0549086579283,1183.3196378509977,1156.7506525177262,1097.878326699021,1025.8214089407497,939.8206007190525,851.6094037747606,11.468784733877667,15.36334089418619,5.830951894845301,10.625890760072831,0.0,0.0,0.0,128.0,9.379605684936061,12.211144008075662,14.404687780439149,1029.5729034370008,983.0813503985885,897.1357184317574,814.3975153492261,736.9081924318062,625.4651325556803,583.5643793105719,534.6076698668784,520.2689148004639,520.2907588429246,568.0207451224112,629.5829330090593,678.0657477866096,701.9216070021878,734.4301444269894,760.5894251776829,741.1151725259459,740.0670717521729,700.9095341833889,666.1289929555857,636.9775947697223,585.8949728822564,553.5004060478766,515.210818134138,491.0641694509611,511.0397687745788,5.496393043564806,532.1555504071042,557.1973849263187,565.5557233463632,586.2872956578335,575.8894758274926,453.1553299704955,423.9719981381503,408.3789271501465,371.96522136766833,345.93748782671395,303.7989178043466,279.97665091952206,263.0257429958816,277.55259099603035,285.94131199173586,314.0386789645919,339.33633570166984,380.25015669752764,410.73449908568426,421.3537787356109,421.9021525113267,410.7188103509899,393.35818192795676,388.73692136540564,344.7532966841639,297.102937083195,8.451521428441662,18.03737511731657,4.556926720795511,10.698495459946255,7.018724608534779,2.23606797749979,4.734326186825968,9.356676992510497,9.415234335944055,2.0286358801262616,6.489498370124536,282.60156764208847,284.05226879255144,281.3799955082475,264.93713846059825,249.91812564982786,237.90457185863588,227.66679110451486,220.74863339879101,196.60783351330937,221.5718129888873,211.79727925697114,220.0663901221594,246.7884550391555,268.2038237864562,279.89622901733225,268.5156636199936,284.4419009874546,267.12311686398436,263.5228476568382,247.55271328264416,229.30203900813953,198.59005981494576,189.55588447612342,164.11811574393923,160.88465257368227,169.92128482188102,12.339710319250575,192.81125895460758,211.46939860556822,214.94977468789006,216.53106052099716,229.32517694390157,223.6137611173121,197.76844049488267,183.01754520997468,173.86369066743146,148.39591126711827,130.65463717843858,92.19851898608566,78.34789960299705,84.14950162291066,91.48895035210434,95.50942936760606,126.74664216817371,140.1978879460189,145.90964205372066,163.41355232048207,169.07452916241147,176.77733394339992,166.4433003149243,163.18276838469913,146.9376817732665,125.86386251462919,0.0,0.0,0.0,0.0,0.0
2025-06-01 18:44:21.420,1,0.0,0.0,0.0,0.0,0.0,0.0,126.01754764610256,59.64936149484261,143.5079192276838,254.16096271279676,360.5319011298727,455.2295075485072,533.8780484979146,611.6733559122811,661.0208655065034,688.0539043754795,708.5476516467357,697.2789608851707,657.6757695789078,614.9846451263212,546.9198899935753,442.29599614098606,331.6637586095823,223.06801923895512,149.13023859687755,183.07635782624794,312.16299035706703,445.3362126338744,552.0479098947559,667.7624689928808,759.836016224478,822.8661378919448,4.908893681551458,864.7370629316785,823.7824745293491,779.4306452654932,704.5555927124602,609.3276421875958,516.0271603901857,390.15965437528047,323.1179098990327,269.22720954799104,318.48706456088996,468.1095863102819,629.6588860998871,732.4035841140733,870.7244624097683,940.1605247633015,1009.0103049621399,1037.7095727716594,1048.101252048559,979.8891158042509,887.9070696819177,826.0325401830778,700.5163018037719,586.0028547716003,504.53864940339696,493.1604225393454,525.6790867554962,10.23587886242842,12.22665500079086,10.100682261899312,7.526051293317681,3.616709304539328,11.69177215780319,11.318680805707295,10.220345697209423,6.180861586836483,10.649463236778203,3.7033652030817605,718.725759167343,606.6845121817921,472.4380736712695,380.3264284636551,351.02607371285563,419.4645313139768,556.7652596537857,720.9603752988698,865.3908085490142,984.9443011400285,1103.7842258607218,1191.1652824780365,1227.353755025523,1267.0353351417928,1235.8120422383665,1183.771984597076,1093.4011569717434,984.3327291902058,859.17091051183,724.6096295669332,642.8225248642257,743.7135902053687,785.7074484340628,898.0726943877584,1035.4136456880074,1186.8771239913042,9.808748781217007,1433.1134255710515,1492.044733291927,1504.5363416289185,1490.77178134386,1436.0185533728995,1344.332552689214,1222.726109331479,1098.8787456589323,983.8469095183668,844.5702096423493,755.5142383771861,701.1740684920144,701.1862932785635,759.161482722434,859.1350052291257,947.8752764337174,1025.9233111270282,1110.9236546615887,1167.1000128461171,1195.619074414554,1156.3784066684518,1160.0005605506587,1090.452097131063,1036.3084774693045,937.4417313173916,875.2674833514752,7.418940229535909,17.593103448275855,5.666671750117266,4.078936540544666,0.0,0.0,0.0,128.0,13.899591672084767,11.04487858832452,13.987915094669818,1020.4091754062234,981.0870559813977,907.2286034983972,817.7521050760647,737.7404075047989,639.5983238315395,584.4398718150741,549.2223157478833,510.35950783123064,520.6292309474703,573.4350129948582,629.2497017316142,669.7747881437127,717.4153010909532,730.0801522284703,757.0279302481927,757.6101583832999,755.2965810704508,714.5279528604335,662.3423168515947,640.8956562971922,584.7572068127783,567.2841866735135,516.8842865592968,488.09508834677007,490.0786725914474,1.9550847424291742,521.8959926561466,537.9332073041767,550.5343349257225,583.7746906958604,558.9211871377274,440.19096007105065,428.1614821763939,411.83764532089566,382.84166231704717,360.4413615395266,323.9097256535308,271.4301753831946,263.8044469430947,263.54956619141007,285.68525319345963,303.87137504350153,315.95420123665025,356.9507300478898,383.99684168134644,401.199561633472,388.9793462177402,384.0592788490403,386.7263389751378,369.86865712155895,328.7063807988676,294.1912949929483,12.831995778068578,7.2742363564607,7.556696948143162,7.3295546262111175,15.452917157673888,4.199133055997034,11.832086128881485,11.943530798245632,13.925185996120458,3.318623671900605,4.486647267794489,265.88318095955384,265.0801601617918,282.37539412160845,257.51304565426796,245.91199027534185,224.50794474382275,206.57010994873494,203.6030754644102,189.2842876058194,207.22743800370768,196.12083470554396,198.49604380850386,240.50312750559428,249.43272582557938,269.03231751188997,259.5119780170353,257.6274736315982,259.1236448725186,261.849273606099,236.4813787992004,237.1698504593102,198.0005446289787,176.9941556857892,173.4371300374974,170.93818772428776,164.0571428239059,7.293443462131426,189.79207096373608,204.78831849366463,209.0958982140183,191.73684530914826,204.43370830178912,209.925150688421,186.89706324925692,178.86588720699413,155.10787127957977,134.6291201783626,105.58849220773659,93.89095907091767,76.05505998347091,83.64041207709462,82.99248844760497,102.9661573191127,125.06588158778469,133.39765975444882,137.78338735232288,160.54075081007738,165.95880427502294,186.62621469865337,171.00624413226348,169.8851328566019,154.14598309308892,126.57574681407488,0.0,0.0,0.0,0.0,0.0
2025-06-01 18:44:21.424,1,0.0,0.0,0.0,0.0,0.0,0.0,128.9068338607486,68.30929124499562,131.01861904026458,249.24996932566867,352.6314040410088,451.60917874685896,531.7908387548309,600.7971586227413,656.2650924443612,695.7904385380306,702.5416671818026,705.1782272590642,669.5334374861469,619.8030097057156,545.6248547808159,459.74304035254625,347.4137781945558,226.82785226498953,160.04546962071652,186.614059000959,300.9189185111735,438.48393663593293,550.4256592056712,672.3123213138474,762.3693034857539,818.0480739564671,9.711964667163015,869.6581579356268,836.6122237712696,799.7899522030108,717.1972353928375,633.9331697737932,525.3067020659244,412.10374268439807,306.01453674624406,271.60507060816815,315.4830713544842,474.8079778160752,605.5039089266988,708.90638331498,830.8336214648813,929.7402445281697,1008.6108170145347,1050.3905331631934,1058.8814896676238,1015.7951783468882,876.3318126913432,833.4258955075319,708.752651451843,613.8652098392433,529.1383820312267,495.2513548455156,531.4074648925617,9.480484527469802,20.627063565425964,14.287142692463972,10.94238887471832,7.576475718736613,13.179194428209108,7.7145671833941885,6.761897704610215,2.3654013247607617,5.639574064171844,3.071522274292936,738.3102997910219,620.528150174882,500.45279657625105,406.12454421955977,367.5038503089595,421.7596735970408,565.9969945153098,729.9203149232022,870.5416916402708,995.2538301648207,1120.6185336497952,1197.5321076347627,1244.8250864660054,1272.7268651797665,1247.7695522249974,1196.9952155777876,1107.3109146220397,1000.990495462622,875.5739715838365,741.067755305446,636.4351495627122,747.1035240166842,793.6715871582734,896.727167847585,1017.0756668599527,1181.3877825396728,5.552936254878315,1400.2621206892052,1471.991251915659,1499.803834660285,1481.6587681137291,1423.6447771121655,1351.7015893140726,1223.183404772489,1097.719341966996,967.0229760917681,839.5985728995477,742.4577560142046,682.574892196591,682.3856432236919,735.7227304458693,821.957148837413,916.8336645465413,1005.3604724790409,1064.2538378002712,1136.6615161679372,1157.9976169557942,1158.4922107950067,1109.1500243115843,1090.714621354018,1025.013011343624,930.3300740847919,854.9035762348456,7.253842271388207,15.675862068965614,7.031978021703926,5.278193759425012,0.0,0.0,0.0,128.0,10.991772182493964,10.769584527706682,12.046209598313352,1020.1814455550386,964.68620115925,907.4236083138969,822.3183954846332,752.0580072351195,636.7980551087211,596.694875091012,550.3687498682393,525.9064394038669,537.9583811748838,576.6977458187705,629.4033055912379,677.4481161627461,717.6335307124943,747.658339520134,772.059614373993,770.394035163714,761.2790263765354,727.9728728792111,679.629442974918,647.0855320771957,604.3257410734436,563.486878051502,517.8828736259647,495.0529283715633,497.4314308249718,7.8641777462784095,524.8162737643063,545.3977184698821,567.3458250684799,574.2744890471185,566.8278739582828,455.49193975841564,434.2196890599012,414.6549495063183,395.38404752808015,363.9706391773692,336.9042292394238,305.027568514225,276.00824575918534,255.9733218541375,289.3028759960304,299.1107536820553,343.2131915932963,360.6520514131669,373.1341177886416,403.90003148175145,392.36012423735013,380.4971784686767,374.1413516391916,357.58333773256606,324.1516048768721,283.79912036286294,3.550233365321179,4.166139210499275,10.557432479714043,7.977241981358781,8.925637384974232,10.335181327118553,11.774189402163827,13.738666529613907,6.313247429454297,11.215575409461557,8.480387591156008,270.1193537760533,275.1209251816618,295.8781499070825,275.18530958617754,250.1212391818002,232.71702396772696,223.3605565112314,219.97051919287296,197.69226031275022,216.04487933497742,209.8917228473443,211.98547225569448,233.67229172410228,249.275531308621,288.37190471415266,271.5509057773661,283.6299700740748,272.23121429754985,269.6132483103332,244.22682838553507,235.3012986567094,214.629679206418,182.21110532133758,179.75389891881397,180.42695235597972,169.87636102336307,10.148202701708538,204.29214174534695,206.28456683447106,221.45795247465324,213.71242978637866,208.21624881785598,215.68194390191348,194.84222786554486,185.91447132093202,152.5380125587683,135.4671205938615,101.20270379188423,88.53308025121322,84.3035507944182,85.58573961220343,87.09125178803016,107.21324310935331,127.14782473967298,143.8935336978142,158.1591172304363,167.24793934084695,180.67208118896855,190.03951026699522,173.97284899006823,175.41427912792702,158.7764026102514,125.16585291212884,0.0,0.0,0.0,0.0,0.0
2025-06-01 18:44:21.430,1,0.0,0.0,0.0,0.0,0.0,0.0,108.86636511045701,83.79561122561176,165.51272814138838,281.36652093178554,375.12418414338333,463.1528313792547,543.0855190377066,608.8741923883175,652.2072083578969,680.9590940331474,688.1381054476881,674.9725483168932,643.0842750662631,578.0850228558013,508.9519551732601,417.8534981498859,306.0658589255317,204.31675719688084,147.36904799202878,203.36778328952144,327.9683010528624,452.22047415472093,560.1438586430043,672.0150880135676,755.2349109330404,807.5587541476989,10.939016707143871,845.3963855778777,810.3460414607122,757.0224351763039,682.5951789421157,589.7074143960127,488.0251481963602,375.8104735698364,286.81655271757506,261.1471586799356,304.35633660472365,474.14418506020843,598.1502465164668,723.9794799902662,864.6107394651906,918.9305800136526,968.0089050071587,1012.4096467141825,1009.0039270003076,999.6711435282514,869.4800623417024,786.5195112700688,668.0022655763639,589.1834508429239,501.6106956653316,485.8788110577211,534.9757081727336,19.872907343452223,10.908717050314477,16.400381969683842,7.567712421224234,6.556653212878776,3.041344783817615,11.475838823883299,7.274495312894194,4.533877121100666,6.314277345558319,7.754084567805544,687.6473548191922,565.6860807934306,441.21400128535436,365.94940832036974,350.21311329266274,410.2568773229571,561.4906160658912,705.5420646627213,849.7859655849076,981.5333088605611,1094.1746817397502,1176.198804934103,1216.0283787899714,1238.166946753738,1218.1063110948492,1161.722369689601,1072.1189064500045,950.3027774422336,838.5345102291227,702.1256345102523,609.4078591352795,726.0708096580066,761.261812736343,885.0364127410646,1020.0688389935308,1176.9679084782645,11.066480896224949,1395.2517976764088,1458.5241147779052,1468.9150149185118,1453.0192215937934,1374.9194284264584,1303.6639219123276,1182.6400258348563,1057.0069748222652,931.8837114662473,810.4613532899036,713.406419875086,665.3403031501571,668.4274454735042,720.5287676587875,819.7211018822256,904.8979860122334,990.9961538622675,1058.964368740629,1097.0494784634186,1133.3741411303783,1117.1937900696673,1084.027301991181,1057.0139313621078,971.2122557499044,903.9751131651738,823.8319962305353,15.20472822836527,1.8939752343906693,12.162825306803281,3.028514262402261,0.0,0.0,0.0,128.0,12.663215324184435,6.448030156613001,10.0,986.3869707562811,934.879465748852,871.4767497541529,796.2462520001407,714.1610422860458,600.3266176789332,562.4004231394042,513.8341381155163,507.0333432961557,514.7782361551021,555.6261170408284,612.408900735757,657.2753919925196,702.8165853179433,721.6395665109206,737.8555348637796,745.5233847074373,725.066412595492,687.9778873147909,628.6752422444607,594.8710762612596,554.0097089523998,517.2220794495717,483.2038077423184,469.6064977845432,466.2941989908699,15.186148112053646,522.1231429564102,532.7789625496259,559.6667966074762,550.4032173844829,552.1593506874043,437.49811623593,412.7039739602718,392.09410789747307,368.95902333415484,327.8727874062709,291.3006619228383,258.6050988052458,245.69235064688235,229.84231396389342,250.30716707409886,274.58003999828543,315.6827458804353,344.0062235902163,366.7786751467275,383.07088621832764,380.39616569539925,375.4322022924443,361.90622790829366,344.89578497138774,319.2269060205311,284.71322672400555,7.2282227972370405,3.0740301964858925,7.652209522920392,6.601639562615144,10.162634215813876,5.997148490081642,17.04675282289004,10.833193714519568,9.871698328754757,8.89363746502595,10.001488368542782,281.83223240260395,277.61973015668826,276.94550120668754,278.0697232121267,246.5131108112696,243.53065455475488,221.54599838478973,197.40226683310513,187.75063507148218,202.27636942967757,200.14733169444327,209.93679543690183,236.31833019000453,239.60254403472442,280.89391087891335,267.5080507391311,270.0747897163111,262.9036742533095,256.1314019995591,238.56766514970775,226.68581882433287,205.47038776583366,177.4566375180071,165.71326623338607,162.6510811808929,161.79881134415942,4.973784035124474,193.77412620155027,193.71563303249982,203.2195814265929,212.82850307848707,213.50216313940112,217.4655214043464,203.67440110573077,178.37907836725518,168.65485145812525,140.87621132277854,122.74201378987728,93.06297843823576,84.40008557746091,81.53904723791175,80.19763047645007,93.36435911723477,120.92564296582597,136.18082461685125,155.3663167297695,166.08909319282205,178.04462114965776,188.75085477800883,179.23313237817612,174.0055158148236,160.92329943167897,134.85821574212764,0.0,0.0,0.0,0.0,0.0
2025-06-01 18:44:21.433,1,0.0,0.0,0.0,0.0,0.0,0.0,99.40944345710572,120.8955542620425,173.5121981094699,280.7902707644647,384.62353446546587,464.7721546990455,543.5855092271019,602.3129685567111,645.4773265666745,666.5135024543393,677.5615664737944,659.1997636369036,607.300144227003,563.065301222495,491.6363386430519,394.97110932027346,280.5948777284983,189.59976970875488,167.15121632935944,214.35447521919247,328.7668793096393,463.1630701593526,566.5707803991897,672.2485458719493,751.2950142909526,798.6869305278605,14.927124471282763,826.6918481524222,799.348836027975,743.4819548465691,670.8335620231546,571.1341088019288,481.3541832440363,367.325096744852,281.5528087284162,261.7257683120742,334.44765052922565,457.10193495729055,636.6649070160723,734.6912833392764,849.100363993979,917.7607620038998,957.1121867572531,1011.6938914605462,995.503132840187,956.2194351391835,854.2401527000072,757.409266419016,658.6473338448804,571.2589172873927,475.9317080006545,461.9651098770205,531.1011239178719,17.110169960505246,9.330924626911465,8.412063543694432,6.701149425287326,17.497680826350823,2.1926308219261417,9.077472281595194,3.82958768560308,6.575728254684298,2.972748507797284,9.492808265437885,699.8906840465738,567.2056032526443,446.45825091314225,370.53611402007846,357.5819008896191,416.4171594077492,561.6598165120184,710.6430872057481,855.298004862112,985.860280971203,1100.9124265707032,1184.2986225598074,1220.9807257154416,1245.235434736567,1218.5588474576703,1171.3625272816475,1075.7959217738346,954.916446251684,833.0831025489947,694.2272485626268,617.6489364912893,727.2952333629706,756.5970016026721,880.4294008716464,1025.96467208914,1172.068716551931,17.122930371010177,1395.8708802865322,1453.1380805247538,1472.9609014031537,1451.145873676285,1402.1686457091978,1316.9239033417368,1167.5886391188476,1058.772560176879,931.4836727804916,809.3272466660261,706.2095972285236,666.4553888013643,667.9481515189083,735.9335919098072,830.3025014439802,906.0919252767256,1005.0329898637337,1071.1397162151711,1110.532864641193,1133.7335364719459,1158.0588550868463,1112.4332871847823,1063.124561512056,1003.9111684497655,907.3601430610522,823.2218126099149,22.45552118487051,6.360993731490317,9.425455659741447,3.854569861537438,0.0,0.0,0.0,128.0,5.9134324605093544,12.547318443489274,8.275862068965495,992.3356501914383,949.3274540255338,882.4547964303625,816.5115175171541,728.5282829566668,601.9569098642602,567.6801450507096,525.4365177928654,506.875669988098,530.820066129059,575.4917200393695,602.7949900865151,663.3836938809729,695.39384961079,716.9742341949096,727.8483027947931,735.138374533723,720.8249657930482,700.7314876217632,630.4261425504501,620.0905553117028,558.8164954337437,517.8838511146413,495.2008734418573,483.8150163867316,475.6294167534979,12.907374989920633,525.1362102275397,539.0334209390675,548.637850324015,568.6059846082198,573.9768285031054,461.4806028608978,412.2738736058052,406.6603479437052,359.3827467134184,330.8160887527043,291.74696572873853,262.5601586182497,256.2874841930433,246.26885908085342,268.9543805492794,287.8723268991473,331.54195903950216,345.1060606487137,378.0545522176478,382.9696307127027,411.8918976128025,384.51939508037407,378.0123364835472,363.20576362852154,326.2868279273256,287.0261340217735,11.355363769612891,7.6380634391374675,6.0416129703291315,3.2828367557469145,11.974751711206736,12.614037325940226,6.1057165691818325,5.375912423442416,8.188212366185711,13.862862796062664,9.907308810243363,283.8226996441649,272.8516119674531,259.62228850097404,271.00965663807506,246.91051996259878,237.26562900423232,224.9480559070256,191.3027170676407,190.0902208542288,183.65984241837543,177.87138121467086,197.01831168786111,215.57606600927073,255.5574856448441,268.2568835340234,254.98048209286085,263.7673053343869,266.73273646718656,247.14383913831006,236.34683390418886,220.2521784706896,195.32761181856407,172.10625470730213,160.30119114699363,152.0779897239846,160.5954744923491,12.05013039210159,174.24903977524318,181.43804581483062,204.04370284561915,213.29288023578607,204.69073693242223,208.36169939218303,191.24208789096264,181.7540567495162,161.8786096434069,138.67082026607065,124.01111230960917,90.31097488215262,73.0886712707595,79.45722826085616,73.58692802676815,93.28183701516357,105.62556263984827,129.1569616542773,139.55688676456845,158.15321747124526,166.63584592061636,167.53401072436563,174.58047686184682,165.41339720289454,153.13387755808856,130.15259678067343,0.0,0.0,0.0,0.0,0.0
2025-06-01 18:44:21.439,1,0.0,0.0,0.0,0.0,0.0,0.0,206.62670089735389,123.18668773584426,62.14482758620689,155.23300640825514,255.06612982743553,359.0356867884814,458.71252715138274,530.4306125907846,600.983911457914,655.3375638002617,683.7900166662419,686.3810380552969,670.5648247886944,648.5235883832227,589.9129382019424,506.70062860325874,417.27953395045284,314.7629589680564,217.26074543131483,147.16508871096622,223.96398867550113,347.6671526456134,461.7170089176056,581.4481072271067,681.9482218847907,753.9139108842194,6.513807748761474,836.2149246610212,826.8047952512767,801.6083906361581,743.8064859769738,659.1231293459491,567.532837588752,448.6637599407372,352.2156737734961,276.9401928356935,278.9348536841002,389.7351067637714,523.640580138825,639.1884652322149,783.6498625241708,872.377324892445,926.9990256407566,994.4438030395249,1014.2735771980083,959.4955893446636,925.0428403203172,841.5822030785769,740.974949873617,620.1808827023011,515.2904546725939,462.8725949503129,482.2013681418216,10.267439672854941,9.538268931751363,11.871429651243412,2.1015051995171117,13.385818004972583,5.231124274523371,9.923237088496736,4.899016807988099,7.273201053706465,5.9644278155103665,7.690466786890577,772.7250124273651,645.948085990963,524.7408606056002,430.82363574533775,351.15555635069376,371.02442587257144,481.83803385423704,624.0953507433564,775.6520923852149,911.0881528102053,1039.9922351447417,1135.5217655909523,1202.7081629609263,1234.3164497810656,1244.2418290634414,1192.9391093288893,1115.2926002138647,1009.1172456335074,898.2392729737503,752.4368545088798,670.6847563305206,748.2502533631749,753.9142239974691,850.6255814808529,985.7098983567413,1131.1108118220588,20.5974412818581,1365.625277964344,1432.158473150097,1463.2013614276168,1459.4722236172247,1419.5120207256114,1336.0055896193853,1220.8333600069711,1095.7600054571567,970.1985503415793,841.392198154043,748.4785477846116,679.5774151239967,684.1476963285095,742.6085389944946,820.0362753864674,904.5321700899241,991.3606539129337,1063.4121613375087,1117.2358486805824,1138.930509119012,1128.5507887315985,1120.3355275249883,1063.4524566211737,1015.0202319812131,918.297666892178,839.9178512113846,19.689370512881432,9.127522349665778,11.56568809238788,3.9506834985053993,0.0,0.0,0.0,128.0,12.058700944383213,9.78455075894724,3.440407772172345,993.1032212846327,958.5909686704913,880.085663224198,812.34424851762,734.1580006699858,616.5521598717585,559.9560520693877,522.8658334622194,511.9605808889382,525.4041635152627,585.6433101758149,622.3231752960631,671.0461103028023,712.204159004623,741.7532439644062,758.9606633703628,761.1874831884712,731.7584668082792,712.7251181213531,637.8098013815696,633.1385307948813,563.1103237073186,523.9434058243476,494.0559237495016,482.7175494942736,480.03467355744436,6.769124043783178,536.5006392404589,550.7315678599558,550.0395997941108,581.6403686497626,577.9339494931453,452.10050402944614,424.03569437188304,403.9451585529286,361.5900177390374,326.39937406332416,282.6086357470539,263.066407964105,246.3954841175855,248.75936223994432,269.97865252462867,294.00063581140734,310.22427496213663,344.6437228261178,374.46695962330296,374.8771127119747,381.5958455014196,375.2212344793345,361.22453359698767,354.96873107327497,299.7796237095642,263.82164992362834,12.360684790050394,3.263732971071106,10.807485571086865,8.416330855150486,9.302319843518637,14.037352711829728,6.8250358719808215,3.962468967391617,8.131414598275096,7.973150628441174,9.653645199412887,253.59566682550766,257.16632939536413,244.50083093698197,246.91117120791634,226.23592158844298,211.71544480457126,209.59968882293612,193.38104128694528,184.92043540501763,180.34010081558486,190.63141240643904,223.06505263098737,215.76126750383008,247.199337677373,261.5179413187019,248.1101249132185,256.92025659130985,255.18534223639412,229.94749863139853,218.63904518008079,196.59216953676017,185.7488987283421,171.32509582588645,154.18103412492826,154.57023006827416,172.0034591047841,15.804747453325726,185.56867785995158,196.4168735266065,208.55686543088817,206.806029250421,194.49689319733375,186.30476865514765,173.94273298246426,155.5751312853859,140.75716908996048,114.7416253963976,104.09793869797649,67.43393814818091,73.5276100347886,83.23547550824286,89.9331291925974,115.07370066723824,135.50118392694793,149.7860854254744,155.91488026266333,167.63600778444314,163.81421437756177,172.53279348728898,166.01692545920025,149.86385207031145,132.01186684059672,103.30250045047383,0.0,0.0,0.0,0.0,0.0
2025-06-01 18:44:21.443,1,0.0,0.0,0.0,0.0,0.0,0.0,193.05668195118776,104.75124689499927,86.81758727303145,188.22571126647227,286.6712121635505,387.65262094982705,487.5375360867043,565.168402378418,628.6456587896566,670.373919506647,696.9961344781965,695.9650919275149,685.8646428169793,644.3636565090225,588.3033974038326,488.64626672048865,399.99274408108465,284.5962271402518,196.92650619567462,163.7688045275948,257.5877954657009,384.48448699325826,497.8916449897873,612.9300914549343,712.1162411403847,782.235977533123,9.179536108693233,854.3428751195015,833.2228800962373,815.2557352820044,736.9396290637778,656.0368435840268,553.9248108623588,447.8874164808865,347.39499377601487,300.0114485395979,312.0705707985241,417.57468474344824,552.1672616623201,688.3362662641204,801.5118699284495,886.407974647291,969.699102703895,1032.570018136576,1020.3069797725789,993.0091460958288,949.4731807245713,845.5726807781222,729.2956355403642,632.7647782782119,532.6557340132666,492.13761412175785,512.2758516655563,8.157346110659336,8.931240396718696,15.896825271513062,5.865204824666441,11.879593774453765,10.179033476012288,11.422071412707355,10.21492542932687,8.289676131515854,7.235056822402078,17.661797390077556,785.1342948759125,661.744524871759,532.4904213753464,442.1599160543707,375.856563044641,403.7445748920317,525.914172238509,675.181116982362,821.0776545546967,959.8157878172334,1083.1347528420893,1181.8081719772722,1238.6215358805505,1280.1816395586736,1278.0852440991766,1224.5677325708934,1153.1010177353994,1022.4108205269478,922.514213046655,788.3716585560632,679.7069350826956,766.5597325376026,762.2019638114857,877.38000059646,1003.3321077832983,1162.5309833762674,18.97440043447064,1403.026844079722,1468.1660455462966,1497.4979674237313,1483.5035929269322,1443.3961433536067,1361.0852217174365,1247.2348604446029,1119.3308265229377,993.9855826654472,856.8697251870393,759.3521477517143,685.1258146703237,684.0533736083872,740.5456398412998,804.6832367744031,905.3845868934477,979.3986925125859,1068.896107168475,1120.365991111438,1149.6320791394887,1167.958708316824,1128.8868987731996,1079.4367989525947,1030.5093004267242,935.1012450596429,868.1422013346975,18.36588718217406,6.464715432301663,4.223302179561108,3.0981874621217926,0.0,0.0,0.0,128.0,6.798003828197027,10.435412655908184,3.2298741429021813,1012.9090969945298,980.3643434985904,898.1570561319281,843.9586069400273,761.4466543200544,646.3099313180509,585.070831236736,546.5350025218523,542.4830288795741,544.0296667843206,592.1904081301575,643.6288221852135,682.7413411965102,737.8803214423748,765.7999934981481,778.3552515263008,777.7190079513217,744.0926202408848,741.9828845663228,676.2032139924878,650.5224363317235,596.9576410776873,550.2581254525767,526.7053865303716,499.0927561454814,504.2554099326639,14.95512224434616,553.5495149641974,566.1735558657548,579.0946704623509,587.1906684913646,589.2497233705886,456.95070821491254,437.0049061322636,410.08451259450106,379.1779825171073,335.02236582246996,307.7036061516105,269.51169277523206,252.72292048901494,260.570740463081,262.7917402588797,306.5041156344916,317.1490991303426,351.0282252067389,385.4687917092643,384.5782212992831,391.8192157395993,378.07290635031825,379.77186970603015,349.50468865173696,300.3058867406038,268.8719863661242,9.666597625595207,6.742202065434989,11.598097992510056,5.734813113545621,15.503753954955506,10.98829628289637,4.821098618244896,8.693074214783735,4.176055166811147,11.435524164749541,11.47930415964905,261.7218859318977,277.0273786809519,264.92411393417257,271.69135825185964,241.62408664954233,224.55541312155486,218.91482446756913,197.08825647928097,180.77942988321206,215.43252312450372,207.18050818079936,238.0932559810626,225.2631818777896,258.4000836861063,290.018158345779,272.39916935832713,282.71543345069773,268.1607918096952,245.42591867162972,231.83420254599903,218.28722608806632,200.87256725871742,174.23574307852044,162.30259374812002,157.40096157715325,168.5692118960749,12.126324403042393,194.36518783243895,202.70402172677748,216.33400336351025,216.23963814223893,211.80630834306925,203.19415744094508,188.61445943939586,173.64852869549264,153.60866426915575,123.15064070844922,96.16634776066888,65.98147205151817,69.0651587606118,74.94219199443819,86.2533225674577,107.67878396721515,131.74203447262846,151.36665111798382,165.3203357961156,175.18503115864135,181.02072357515976,181.76958578240695,178.00539524019763,163.64499947103468,149.1086640222113,119.4245075611649,0.0,0.0,0.0,0.0,0.0
2025-06-01 18:44:21.447,1,0.0,0.0,0.0,0.0,0.0,0.0,113.5959246032941,92.25201146954265,180.6816417563422,291.56470775507876,389.68642064783876,472.8982170713714,553.9899482142606,615.9020633776072,653.0735244783469,675.9019671223891,688.9192346193047,666.9167058761492,638.6615238118509,574.9536519854402,500.3439950018698,388.8484938859747,299.3480846869936,198.36725724600552,157.4117341392676,216.18712294683291,338.1500905577647,470.83382617797406,576.7760506935093,675.2048957232893,761.0239771956096,811.6376810207124,6.223858954488705,840.4867968067526,813.2136583661949,759.458276585461,673.5145560016097,583.8609067468408,481.03223860724637,367.6450175013557,292.57679795398315,283.3629324020584,358.24415692573643,469.99197451540493,633.1879681578025,741.5329146325734,866.9412425655313,913.0450122834718,992.6691168812781,1015.5879420054439,1020.6864452880595,936.8796192677141,889.2512406236647,800.514858677372,676.9185411603237,573.8068395512033,499.92439510835095,490.82858354944364,554.4317197551692,5.81742656685366,6.5760833953230335,11.13943362991553,8.5294082671578,4.630647053301068,10.187850915655147,5.022157273602995,12.014564286316503,2.222512810775992,8.595962843069266,23.654984114897665,713.4693826251392,592.4247676316778,467.35957046695654,386.7514118380785,374.4229979007316,423.6247782665526,570.3643014666143,723.9859210060814,868.6015561746536,992.0233848773652,1114.3486968707384,1191.2236576398943,1235.0705139692532,1260.6012651517901,1232.313991475411,1176.6516352046938,1090.415244132222,973.7380574914401,848.3161567331526,716.2944618910082,627.0028610965802,725.4943137314373,755.2432493132216,877.1623111325639,1018.7609667172558,1180.0668211633022,21.931583513561197,1410.5920782628828,1464.832217974092,1479.3569826722025,1462.5582213555695,1409.44269984093,1321.7942293270085,1188.012505567059,1066.3668577252563,935.9216848051908,803.0258618884378,721.119970124519,649.1295400671409,656.1677712706138,719.1544792301744,794.6625110582129,895.87972338935,976.8361721039296,1057.7321237049046,1104.3733133120568,1134.08241360522,1146.0042748699182,1107.6071926149891,1056.7424658840382,997.5676379211411,916.8438643313534,825.9956100244972,9.019104328550545,6.497693213623877,4.197919105846947,4.775286989840533,0.0,0.0,0.0,128.0,7.986230028847734,11.95123632289453,7.254633369452682,1000.7176600910682,958.72507147499,894.0618414273048,827.00590297544,740.1352372801415,626.9545154146095,573.4293643499011,522.3291938778237,508.39199306925315,524.9555461637485,563.5677076109798,612.7657055232459,669.1962635561221,714.655531233641,737.5648205598662,757.1065363085444,753.3396349793787,725.0308463831924,720.6185403880593,656.7910861677952,627.9068433200833,577.3233552953756,523.6846914759493,489.4352172483644,477.03952055716815,468.8845274385611,14.735737719256651,516.2211169680714,535.0269186855537,549.2242779163014,558.854590834809,560.8618286647192,442.75104628128094,412.5580921219566,398.16262836905906,360.40483167912197,323.07494567789,292.9240939515846,255.83929906999893,229.63680389293478,231.53574348216227,232.03982251546364,268.79894201904386,297.52716080530445,330.95536670456477,350.27742954502946,361.21844820562114,381.24895098711505,371.83826548358957,359.89910901309577,345.1369609637599,312.90424449923006,287.7011529229087,6.518142789136087,14.232108970857324,15.908292984033105,4.176129024701605,8.822541929235394,11.6619037896906,6.736819130511131,13.226761295247384,6.173921191370219,10.4745972987301,10.722962632378836,272.3757516322007,275.93293122568656,281.00208263670675,281.32303463966593,266.70287641792316,245.46916404974195,233.4862179357563,202.76728554899438,210.37071429803063,224.9864514727165,204.07679825279368,221.09429925390373,223.27712063988838,240.22920196882416,284.71175401945163,276.9521318379042,292.8427845710231,268.2701088548739,268.53019907400835,248.20500600332647,241.09437679654548,216.26617520326465,195.49354222728334,175.6827259774358,169.19930072761366,163.63104828886372,6.42549930075158,190.10349926213584,197.2214455260361,218.28438087778548,224.23800886528957,225.4560597146782,218.63959909767826,204.93492022516017,194.74703261476336,176.828284231799,148.23692671870748,120.4945298227112,91.71493983736664,71.60273137224749,76.62985151041528,85.38827645013549,103.09447555891929,113.875509985747,139.59914038957473,170.21815525459965,181.49571202057427,189.47735479663237,189.77073213408218,188.7776140162883,180.7544737968486,168.65777763617692,139.16256566460532,0.0,0.0,0.0,0.0,0.0
2025-06-01 18:44:21.449,1,0.0,0.0,0.0,0.0,0.0,0.0,74.50142052099382,140.37552270360996,239.3585502929667,342.094551995639,430.45709806936895,506.9876417948822,576.7716563468215,616.6672977189193,645.0034837783314,661.1689687033845,655.6453936286649,622.133577792909,578.9605389387806,511.6216950128706,431.28882642139695,320.53171771514184,227.14617311709068,144.2581885550892,156.26228252480615,252.5240625784196,367.57208526664266,502.6372900702455,597.288810638961,689.6029937595247,756.9745751907795,795.6895789842958,9.292115471471456,798.9730945313811,768.7821002538683,703.481470443533,626.9138163559089,525.1973208652014,428.94639182590583,323.238309479008,271.44000230425536,292.0416809411818,376.6083467258956,518.5788577524547,630.3612356667506,769.3227401808965,860.546116274676,936.0403200247455,961.7972612383221,1002.8338632200489,1009.0702547490909,898.3402242341273,837.3800848235092,740.4276974188932,650.1650237244173,550.5863531029695,490.73148327948314,502.22670283922946,570.046167575704,7.060339163349793,9.392847758956206,6.385079692699092,10.530745881028379,9.103004119923742,5.333685906006513,6.276329825104565,12.61727623953196,6.354979212990296,13.586654493733942,7.517536500013178,653.9708751587459,530.0901045332342,437.6261277481657,359.0659720159022,395.52581164583376,450.2845108322444,608.0142005979116,745.9758888483544,884.8887029111002,1003.9342749697828,1114.6070938798762,1175.4151140671097,1212.5225890350687,1221.967923409099,1194.798099613578,1133.9719168060021,1036.8275486812302,926.131902942774,800.769743586182,668.876411945429,606.5506916919339,723.1463963766629,790.7635535328155,908.0482456169942,1052.819382350756,1194.4682842119746,5.032777223226126,1396.2255918069743,1449.2523405787524,1454.4658995110524,1431.4812937690735,1357.327328500018,1275.3934328430087,1125.9905015353243,1008.6374046246594,881.5647018118246,758.1597530674909,680.7375245427161,638.0400363056042,652.9176240836125,706.5714875954202,801.9425832132752,885.0659531533709,971.4450124007665,1048.446748899838,1092.632752901822,1114.415765395779,1099.7203586471433,1077.5669147594929,1035.2244525056274,958.5628194991232,880.1765117103649,784.9277935323053,14.732370959000447,6.720598344933651,1.3262196280343737,5.199348539275514,0.0,0.0,0.0,128.0,5.264801446011056,8.039826954164504,11.949786131621364,982.2863375860904,927.1284731655312,880.6782396601819,799.714894225439,717.3843211248274,605.6722811483137,550.819245357186,505.58976837193353,491.09261327054077,509.44057345037504,544.2033058788295,601.6762122291336,654.6133778891349,686.5323678822886,706.9263106322397,734.1131191562255,740.3519976250013,716.7119246190994,686.3895867444623,635.2140163709067,609.7291603004487,548.7177206425956,515.0954820741385,469.97426810706264,459.0426851391881,467.5522735731144,14.71256021998286,501.4219313798151,520.7658880582975,532.824094236771,557.5631757191773,548.7828033801765,443.5495532511259,406.43679266905974,391.75148898362835,365.5641460817427,333.4465026600779,288.9277795955588,249.85984698943417,216.64591947761366,212.24812575086767,228.9302195198494,245.83842819835024,284.92499913686004,311.0512592543446,346.38163149679684,359.7490918476274,372.87414722214487,372.6521035066762,359.2524524566471,347.02179777447293,319.23766783369234,286.94793666299967,6.708203932499369,8.534055636663926,11.691153014748801,6.896546880449616,12.082807844300477,12.221997308464157,8.183737982386978,11.905733452017875,10.274163520827269,10.477179368781158,8.422833006346151,272.8957161955921,274.09628606147515,280.50107644752654,278.6776512279693,269.0584420887234,254.52063232253778,234.2393267421001,212.85965890717435,208.1672326880631,203.14489456698638,209.67401452597642,210.18963668102174,219.98295660922668,218.9628299183667,257.29825854851254,268.32808291871225,275.46592503953474,271.2652106788664,258.1515045606754,247.17717438151934,235.79794375589154,209.1445709564485,198.72676095116014,168.66909686901994,160.07350323364042,153.59526200742835,6.775949060762214,171.45021426088326,178.21980338109168,199.4881306009767,208.97457467187382,212.5516461798197,211.04380878914722,198.9139430824494,193.51025098210914,170.57124169892273,158.10873254489871,125.99527348669095,102.37827891267959,77.32069853939724,68.04154497371694,73.62527403658778,86.15257291534601,100.40966941439368,118.40350102800537,142.8471522086438,158.86964167739586,166.01530366329803,175.5317670733045,182.0352759470294,173.80721906645218,162.74724969489066,134.83810211038582,0.0,0.0,0.0,0.0,0.0
2025-06-01 18:44:21.454,1,0.0,0.0,0.0,0.0,0.0,0.0,76.7057301159601,168.89362190570785,266.50714561680013,360.74218082186127,452.1268384132924,528.8138679124708,590.5408592512844,631.1882429109555,645.4900124328944,657.5548709617706,642.8043564112668,608.6906491917747,556.691839901641,487.0705743061552,406.1898438624962,296.5666386229094,194.49270893404994,127.00365375792542,174.64705433313628,280.8233534755956,398.2613832054576,522.5490154354968,628.62319504109,711.9895103186843,776.192086437085,807.3609458577936,10.212727821969619,798.559950413242,763.0523493668035,693.1605622128939,604.8396828400745,494.61900405334313,404.443406508447,300.6543125686148,258.88014405664273,295.5178436106211,390.1586068224335,551.0338148511869,648.8240152925111,777.4869802686319,876.4063791701117,947.999878888519,981.3500617322654,997.7284427594017,979.9566717081337,891.4579166866669,828.1664175375861,725.7441596970363,627.9560987049472,529.6149476098192,479.16627688925246,505.3059009960752,576.425992465478,7.709086629570865,9.508539531716572,6.964058339650484,10.925643986513116,9.15510776391179,9.068503755440842,11.576362912323217,9.193996880264251,8.807644545641068,12.191508461508889,1.773184456336483,639.3718597650222,522.2719043303725,426.23853195585974,363.0925417134944,387.8308795922371,467.86078145538534,625.9235094270488,752.8042464645341,903.1033810082195,1037.2198424468788,1117.3847125267164,1189.6540509292074,1228.7497871944643,1230.2902417245361,1202.0719567309732,1140.2594479211155,1037.2521764503947,917.873592354194,794.576751316348,674.099562633918,607.2119058352494,722.3106610901325,785.2943325882682,913.485701326329,1059.4788324736749,1201.440080027114,9.228332541232898,1401.536808560474,1456.747934229563,1448.920365224657,1431.53117146051,1359.901631283106,1276.0198868273278,1143.6734632786965,1012.1794270328015,883.9227122745552,767.746063195717,679.7074542734822,635.5316755134792,661.25856029427,720.72995692574,805.1315770375193,885.2064273587458,985.0100553412507,1046.1246644652178,1093.6585638072017,1121.956116823157,1099.7710426613994,1089.4565423510815,1038.4204531059436,971.6229682225108,880.1911795785556,796.7579416017727,18.505802353159098,9.887756280971946,4.560133877455231,3.916813120879617,0.0,0.0,0.0,128.0,4.21462083330731,15.048311272136866,12.640674901904694,991.0750162941304,932.4992511528241,900.0933202702979,813.8692032001512,733.8877411925256,615.0050587878444,559.8836465945149,514.5906174938702,506.7071892305614,529.3767919373283,558.0919808751197,604.9504507048821,654.7885104904158,689.3199461423255,715.9746890132568,731.0927035305014,723.13202245454,718.6077659625661,688.6703116860172,654.1352133773826,612.5874007708046,563.643872976906,522.9628298411553,487.01830784215343,479.30426415253316,484.1715039771613,22.48397460521887,505.3173643358665,539.8343417088564,556.6004969824778,559.5562188156144,570.3395695926629,453.95626308364865,423.8723024344626,406.4388357092894,370.3812723466145,339.7921175542849,293.7708473800659,261.6397405128481,226.7507905869298,222.56512044817407,232.20050472619496,247.80801642347205,302.7641266173497,315.04560690010237,361.1149976832459,368.6775980926603,372.6688632443708,383.7773995030619,375.05089680630476,353.46446108133705,328.2093160582871,294.8519817086113,5.159408549182369,10.24357971547221,10.664789132039632,7.700716895077982,10.028632477954233,8.724694101106369,11.024542544536539,9.070729145039,11.38121862325627,8.809951751381444,10.821442586348383,268.8698827166756,274.35827584170175,269.8742993271579,274.7895431900454,268.37046386870924,251.3258462978881,222.42850759098604,210.82860218600464,196.62801845053212,191.22453068013755,184.34990146976733,212.4711815472565,206.22889699510688,220.461219645897,252.0268606155226,261.09122937462985,272.8508199991634,268.0484438698109,261.83390456879147,246.85504811374588,231.0559194663774,205.76618744656474,193.45914542077722,164.26838208378845,156.33407577116142,145.37831958402833,11.881516768667321,164.327151428902,181.60349617404296,190.11831830702485,212.81830349715864,211.22695935225534,214.08079380150335,203.96458058077906,203.57150679016857,175.83207966868176,158.30866691854376,127.7955310686515,103.13250936717176,82.82841959945117,62.09099753525795,60.987540842517795,69.8333792922276,84.47637457089175,117.03285527302295,136.32830998174464,145.758721022012,158.8187458459203,169.56382909573708,178.0257880103578,172.33983415984568,166.97772013735465,148.59510381687065,0.0,0.0,0.0,0.0,0.0
2025-06-01 18:44:21.457,1,0.0,0.0,0.0,0.0,0.0,0.0,107.79766954178464,142.6877711940204,223.99245784752358,321.7723310390899,413.0643567822991,493.35793319062907,561.9706257219108,612.7423435622951,640.1182248962933,647.9086873828126,650.295950447548,624.6251434641375,579.1872727901595,520.9239347793297,435.16060251283756,336.98460708155994,233.15059773690496,165.84486301040243,180.0582527696902,255.53892762971088,373.2488922144777,497.0079624969244,603.8121266062478,685.5580128903988,757.2705504841448,802.9960484887071,9.992191316373027,812.1281814360215,768.7566529568205,712.0417802322614,627.3934466713789,523.3775562164711,426.9617061581633,329.0234173205167,261.28046498973094,287.3018528399617,375.7126152738505,493.1840483254047,631.5154588318926,740.758697692822,867.1696315030921,926.1160750346071,994.4828272309879,996.7882599857116,982.3472413824593,952.6514976629848,836.2715930847052,748.8489793880027,647.9938720153103,535.3574287774509,485.2368227013058,487.2548810721343,554.1183084653512,6.298819648260802,5.343369188592451,11.530362380866123,10.847116323345858,5.084792482823826,8.06225774829855,11.616198614275165,9.20780666530364,10.404708337717432,5.052810407249485,10.071508463538795,672.5025810329473,565.9903500028605,457.98388853344653,375.2457259715815,380.66293359753485,442.9232570172626,592.3561677225103,728.2504407451979,871.0447128810274,991.1380706479232,1091.9960172710576,1166.9022127344574,1221.5477797237152,1224.968258731199,1211.750856503707,1147.890411678266,1051.9336881462457,941.6846489819385,826.8195477188514,700.1571106509771,628.7912329831106,720.6042358189646,767.7148413262438,883.2637263830987,1021.8246485345254,1176.0755516058384,15.494688537312403,1385.9301646741592,1435.710853888384,1435.4916668682704,1439.2772258495343,1365.549128705449,1283.999333949326,1154.9694554267917,1038.9706023677677,914.8324505268492,805.5476079143413,707.5072250046018,654.387074813314,662.1602787413702,701.7858327333563,789.7430575743018,871.2125522272174,962.0047824025149,1024.7081903798028,1068.2746790892274,1099.4115831713293,1114.9999474398887,1086.4551350121415,1030.876212980224,982.0538452123899,892.9628409831205,823.3191564502051,7.645438535215953,6.893470631915767,8.556288115554281,5.519477073916153,0.0,0.0,0.0,128.0,8.892776563258971,17.650336116455808,11.700346403965142,981.9222618013821,932.8721923958097,893.4071380625676,819.5488694908768,743.644073461571,627.7786335342992,589.3474395119407,543.3978215816685,519.0152393087207,538.0026471098156,572.5861285627681,621.0979799156696,664.2348752552613,699.6208933967208,720.6720992436717,749.2323708127462,728.211673544412,732.1549195700045,700.3227549703296,664.6726553222111,630.6890843352742,581.5046991608647,543.9658551819776,507.37611486755645,488.7171530684359,489.1805307000948,14.10998545539401,523.9210690910033,549.6956661333946,570.179284311913,580.16639035957,583.8565919303442,464.2418499518778,428.80845775915355,408.8112618816758,380.17388469784555,348.0185556993662,300.2407659751182,278.1822745088419,247.93431395832053,241.6538728331746,261.2354319220968,272.22827458495385,309.3322932911655,340.9995685344678,367.7610282442895,374.4067202924406,384.9457888941966,384.01440017493854,372.0760316204918,348.7066203360527,324.4487510425201,283.8277029869635,9.153214752089827,12.778195525500555,8.284792482823814,8.924551373170152,9.014019570743223,7.305958888859557,8.47885891512113,9.805398756588914,8.026589705159134,6.83404600463025,9.466588291278065,257.2154304667428,269.1559122508852,260.6755649117728,258.0439839226738,241.42706281735545,243.37796510211606,217.47713231704958,210.04691407238596,191.53559850046997,179.34624816360468,189.2992221668605,212.43528097316994,209.73451489095524,251.51788289104746,270.2169203951609,242.36118663047225,267.1468167021217,254.35027332874608,254.9955291732025,235.44463109171548,216.17062062141488,197.68626860628746,185.03733068902636,155.38681584077517,153.91224028879378,146.71321293536852,7.573449804383053,166.12300753087496,179.85664971403108,191.7983876559354,200.1706707871172,203.10056529786684,203.75372973447037,191.58530977117147,187.59343546037468,163.2672649392137,147.28418701396825,122.1165182355527,90.9780499474534,81.96700752125517,60.63494718432771,61.44405794156493,71.0652653433555,86.5679511277647,117.03149067837393,129.67798679574912,148.45180951161188,160.09482343995887,176.21042390233634,179.43122104592575,166.85832987529096,163.26481721205207,147.07212659720153,0.0,0.0,0.0,0.0,0.0
2025-06-01 18:44:21.460,1,0.0,0.0,0.0,0.0,0.0,0.0,139.29601700072365,64.75592395581401,125.88238696611805,228.62831940793865,327.36242814120004,417.03130279573844,508.5910345123133,567.9689250375432,628.3249081561644,669.0603472194817,674.1945725713996,674.0253991004379,639.5454161294222,599.473221861393,525.5875152975334,442.39417258021325,334.59140254753197,234.11899329590588,152.6858308090206,179.62973133297888,288.6982997552018,413.8554375279645,533.8497065537753,632.5213785017997,726.2005613130731,786.8435955239813,11.493734203193405,835.7245868918278,810.4647871404063,763.2228760911368,693.2244614066885,607.4249864284959,509.4609217432344,402.13051859980305,314.3141207310638,282.55038000270605,309.8502629270531,438.889354275693,581.808736233605,691.2509378364441,805.33948880916,922.7321620834172,988.5369432740473,1016.3363804411835,1014.189547219591,1011.6128074109455,895.1897505494512,825.1185787008518,720.752169556275,600.7117838598496,515.9462990710017,468.1170187062823,512.1526241126865,11.199850418444267,4.305226947949306,10.77198520613655,14.17771789412196,9.543051231551122,10.533172151551552,7.878423240141146,4.713297029879989,10.13297912017811,5.191254249059892,10.571860166221756,750.4885335322366,635.6721900087597,519.4417167908043,398.1588777486931,377.9758941907566,400.94408623206465,542.2077907947175,687.0847263752013,820.9288891135752,952.8286064612728,1071.8059237846494,1163.6551424750733,1217.5727945856179,1249.681119843017,1235.6545461311591,1194.0780285657092,1099.8209960641693,1003.1824901909022,873.8385747971354,741.5861540012274,662.8034516598944,739.4619380326986,764.7052944787356,858.2153841082742,986.1458057382009,1139.1379418490276,10.292567727547993,1366.7030917138763,1428.3428572761861,1443.8735108618357,1454.8744786254301,1384.6450035140697,1316.5014929120327,1192.9333568159232,1087.4270337436997,974.2483823745132,853.2416913383432,742.7970123723696,675.5210709434973,657.9833679120669,697.6550258484095,785.3035122184265,855.6826388568513,950.7439987972105,1018.8288889970852,1072.6599521089831,1103.0285474330183,1110.8121212454091,1084.797954529553,1048.2181701769305,992.0543502704683,911.1138962460288,846.203500201061,4.9556774218835695,8.50630625729265,6.244048079407378,6.3516598837238245,0.0,0.0,0.0,128.0,12.201430827025554,13.167210532289301,13.03175559503688,996.4520445250142,960.5272828979026,898.704487098172,824.9957398778192,753.7288143715313,639.5884149165278,606.5335803563645,560.4508911848603,527.504963596558,540.74849501883,586.242159611736,640.4800487293226,683.9773062753003,720.2001712114389,746.8911585425017,781.1739384608215,768.5103651487962,763.7851595571277,711.6395063182932,661.9601656352734,638.3884140901989,598.0540054208232,570.9383086617024,527.2754897261827,491.0963437054283,494.9890029128506,10.00290555923324,534.2868419626354,561.6986960901992,564.2186570396763,589.0428095818731,572.4420487260943,462.082429016559,420.7645837122338,409.2803961704303,390.0580466122592,343.91214018580496,312.15725577757854,273.40830018519057,236.82407750794357,245.82359851656136,273.3781958838979,295.30542363326407,309.75563095147606,342.37920720829186,365.37524604392803,368.84678370565626,375.4503363664415,361.3348977303551,350.22677248859424,326.32382697928193,298.2888011919817,260.88049847274584,12.970783692662348,9.255383100687729,9.224898915500182,9.818644762018081,11.532096473419058,12.041594578792296,9.171771575698571,8.302735709662814,6.671091369894178,13.079912156584133,2.7780006011100165,252.02205337847187,253.96603995995267,261.42679861271216,244.0303553653356,253.36063086527952,232.35438867171922,213.69707060338214,209.56678962775243,178.31340502035383,193.27935710853396,193.44540310502936,201.64992741275955,228.66983695209208,264.52657519208657,280.24703720406956,244.8768768266727,251.73883879971825,258.2032518286456,245.92365534073056,226.17316980368093,212.24883683582004,197.24002106550932,172.97591568658163,160.21994042562827,167.2964279411007,153.32811976322864,8.270380986957726,181.3105291949829,192.89617506523,207.91233748120587,197.28842610453043,195.5398222678149,190.45658891393535,177.15415597912423,163.52237053726014,139.96420061353268,122.51831865342845,101.39306831070886,71.22555471145607,63.53971519238412,66.47792186093326,78.27424928545054,89.23507192418388,125.68780882518985,131.00752122115068,142.96102410132045,155.62768195284593,174.51093691434946,186.811807304516,178.71254490120873,161.90214060500827,155.9192546755691,138.05267696180002,0.0,0.0,0.0,0.0,0.0
2025-06-01 18:44:21.461,1,0.0,0.0,0.0,0.0,0.0,0.0,109.37602193206226,106.09788459439936,185.3346297057814,287.6370461796476,382.6238986378002,465.2341501952902,548.8745719442218,600.3662618577714,653.2891725242673,679.4518825632676,670.2597110835221,657.8986142206834,626.8001609443228,568.1684152566792,490.9605886923838,395.31725050143314,294.9121422894772,198.42445423575114,161.46231181471396,226.6641389853784,341.8615062690415,463.1335183326136,576.8313029773328,678.8342566876803,765.4062545820514,810.5194275096379,8.091135618349522,837.5657066778389,808.6240444178153,755.6577580877722,667.1408499085425,579.0126479206392,483.2507495593567,365.85279833576885,299.19561741519834,288.57406093029834,331.20944454252896,513.577126861696,617.3831304902703,739.1116855157883,846.8143803473121,933.627531269867,1003.5775838069841,1008.0124279085023,1014.4437165766884,976.880072792798,896.2869868158741,795.7015288853164,673.3994406297738,597.8762414905356,520.9992912185035,490.94288924815083,541.1802005731583,11.677852371135009,11.602054044639045,9.01849528945261,13.807090871516705,13.224882603040802,11.594507340757515,8.829954283838697,9.317241379310303,4.927907975274239,7.0480938113733735,9.942882104265301,724.2849715762176,598.3651772118117,483.68853188427903,389.0445308051337,381.62225184320295,432.34127081988504,579.7384001296249,728.9722540720268,865.0610531189708,993.9888304206632,1111.3543678614747,1194.751686985395,1241.088174407511,1259.3439920531673,1230.4787774361948,1180.2053077732653,1090.8556500283687,984.6997267879985,856.0371194837079,727.0992478613168,645.5980426023415,747.6216531780176,769.841468346183,896.3933889621101,1020.7728869419483,1171.8647724056814,14.321700272975171,1387.315745239422,1454.2101011446202,1467.2569389937287,1450.3112483990194,1389.168233413472,1307.6285047048486,1180.342630558463,1070.807784960787,933.8108590936052,810.6750642678268,712.9280928712848,653.12564032632,651.2437651863311,702.2250866384643,784.8645904629376,877.8064271137507,965.7594374892426,1036.9057783405387,1090.1040237642765,1113.2452362240306,1116.1797821035843,1074.2401293671455,1045.8134341645803,987.4618875789512,894.8793180403527,823.3857065030584,10.821122158908729,5.71608353616267,7.618503635037767,8.991442949495967,0.0,0.0,0.0,128.0,10.924961139734107,8.867590665466219,7.823924941280044,1008.1757586249346,971.3446795418613,903.2036979346833,835.5753092256451,750.1030297796965,631.5738542559176,589.6924826576702,534.4927840334194,517.0454848039539,538.1486696464025,574.3409853433932,633.7707205319639,683.4179578351946,713.3451191825739,745.6389523748853,771.4276768239025,772.47098189023,752.1792335202838,715.3400558530238,669.5611087908406,628.1251062228257,575.6634521657642,543.6601173443499,508.1131040912468,480.7575787809476,486.6163366293016,6.33083088100408,515.4558533199663,557.1783614251756,560.9510856267264,569.3543392833011,576.7238698338929,457.571291407419,417.99970623845394,414.7189961455759,384.92379133581596,338.8084585077132,303.4160485975325,263.197878463896,217.3986650881461,228.30657655492806,238.81086886403452,270.4785450605795,302.68407843066177,320.8361894145766,344.46764336350543,357.5438895053063,367.1710209872047,357.9573347646699,350.6508245022324,335.50447108779593,303.2800330621492,275.25561019617527,12.723745401352833,11.13663541631146,6.505639237393844,6.573333593571652,8.965464300876727,7.367195557263874,11.93239731894375,4.129526322459107,9.282124953862493,15.285703636645492,7.008857821591442,261.93328361254794,265.6769418369089,272.7939060866265,267.69179047171536,275.8361512071761,251.13143526812192,244.0277052940079,233.79591990185114,197.63578732205826,200.5821564950883,204.18034368491323,220.67909356874384,232.0686617490226,253.96732449123897,266.4153248141064,252.70670401558561,258.6765336968643,273.0227704583877,260.2618883383819,247.5352846748893,240.54764882601944,208.10321701400008,176.5845006579893,173.48879931784413,167.24925374176544,156.83284116268658,8.510618698149234,180.79355469117846,196.0798245206322,202.4887807658526,206.67459811471224,199.389170304992,201.4695766940119,189.7422638664295,177.34073844534893,160.66013450442983,135.17628393458412,114.30055452923166,89.19230070146438,71.45266749988235,72.08137821528481,75.14337275927524,90.41110333219909,114.8891249942211,131.19778854681317,150.89672860738426,165.79700165339503,183.71715035403284,181.7457780285158,185.76499163502598,176.29843012093357,173.3424273182713,149.9577397261223,0.0,0.0,0.0,0.0,0.0
2025-06-01 18:44:21.463,1,0.0,0.0,0.0,0.0,0.0,0.0,106.11430584261721,102.36900457442484,178.33591598045106,280.1853170023867,370.7836443775758,461.52508028037096,539.6871416518027,588.460556940565,642.2611717903699,658.4034505163243,659.410098800539,639.5824315282769,616.9931173783035,553.2831052064695,482.18998573966184,378.07647673282185,278.15611915555485,182.9193421589435,142.3046424572952,215.12918875692745,340.89137818924115,470.7049117388621,571.5046306929106,673.7247029865284,749.479435383223,804.4733320254188,6.367577075177611,829.9847590279915,775.863736817067,741.6181345828381,654.6094283053982,570.1777066847551,463.09045917391103,352.0212408838912,261.2827702355327,251.8906226280175,320.81963058955125,465.9478884773183,591.982531637367,730.91335873639,847.0560294347792,899.9554828741603,979.2523033361008,1002.0081050811123,987.1973572528586,933.5242760807052,872.790467726635,764.9985631495871,669.0336986957606,556.6459534017328,494.18072850355804,463.58641946230756,514.1029826230244,16.64353343344558,18.180826554290917,18.541202261955686,10.78789129782252,9.553163668293003,6.32719037004887,8.473495399761001,11.105747126436825,5.3427283156886425,9.704570136846122,13.254967563842511,703.7341885366822,584.9885557241834,450.5009494280028,365.9285823968272,345.0886418508548,400.5025788175972,543.6043587302022,697.3003938736257,825.4319508509656,947.7707779471888,1070.7642288791844,1145.755380619582,1201.0610725120425,1217.3321667297178,1200.0112949517904,1142.2623655912575,1065.9319225569993,944.32544020226,829.7601584268202,707.3843028633701,608.1837752629639,711.8381076830836,730.5856247989389,860.6776029732745,989.002244472307,1138.4153121657819,24.42804396508218,1357.2278397779978,1411.9589745896076,1440.5572670530125,1411.3583376081854,1358.8892004751958,1261.3966084473493,1152.6255178777944,1024.9583647594054,892.0946789758823,777.2935880411054,687.2583897108967,621.9026486462025,633.3801245542677,687.322627000273,753.9113092417194,863.0389434851583,938.3144959272045,1017.3124579300669,1065.8251590993805,1087.434566144695,1102.6115882482165,1054.893475848593,1013.4661833790797,952.3797336878271,877.5014911081648,792.1916536747067,16.82360261024878,8.298706400533938,9.556321839080454,10.573977289416208,0.0,0.0,0.0,128.0,8.317601324172777,9.816275979696991,5.228915428221864,972.5842902829185,930.7351639849209,859.936959416234,797.0598677574416,705.9514764980362,599.275319298309,557.895429074818,506.3115582088005,489.0192231104739,520.9614406042294,548.3801564371847,610.4971656318464,658.1620167693202,692.0073518058518,722.7950254747625,734.0608383549713,749.7895674706256,717.9069970320189,690.4029136534407,648.33578880009,598.5199032157581,537.1563257482388,515.2615853268946,470.40539014939884,451.29146825864046,466.94860116347064,6.4552117048714,510.5910064027801,533.6059937783746,555.7169930584893,564.3717190209198,566.8721518629525,450.3936449601255,414.1033503728291,403.0345059596136,367.71627850852116,331.8995269109594,301.78049320124376,261.09386477133296,217.48345310023007,218.9304176227528,236.42708556079745,260.23078108849165,286.01618436343097,324.78113455602085,341.2884019777834,361.61668107274494,364.0773178329089,359.12979352658505,347.0270720338462,322.3570297854027,302.7014934586594,273.84957554273035,14.004637107672274,8.31284083730494,12.520258235711461,9.006896551724083,8.275997926286284,8.102035578115423,7.782588967875876,8.006896551724083,13.721247894040307,9.305485103118887,19.849691222857565,258.9377056607,265.22339085393423,274.05520801864054,269.8572175734238,258.2377115650482,236.7657872983567,241.62975798605385,219.89250204666828,191.1351242638562,194.532263146863,196.9865671521807,205.64214397413798,208.27035693352664,239.0534432250533,261.98797817377044,254.29603685791932,250.76294810568405,267.4196250557937,248.56023745133126,241.65592354685157,236.11205359011205,209.27436802268323,174.98015155295155,160.68504765694038,156.83826183928272,152.23404405598075,8.774962524879204,171.2173334417814,181.10911809223404,190.5593279225632,204.48978483717792,191.36871382847607,197.26843853069514,182.33566210191617,177.8014170281198,153.6033847714529,130.7481850981882,105.9217957741946,85.6350193557268,72.28063825269474,65.61600050537938,66.19083888911297,89.3296910170108,110.08982366210576,126.64579293777477,149.64951233936102,165.94998085578533,179.1759328150308,175.97381109961455,179.23379219466594,176.98197607163806,163.15187192103355,140.73865380929658,0.0,0.0,0.0,0.0,0.0
2025-06-01 18:44:21.471,1,0.0,0.0,0.0,0.0,0.0,0.0,132.58615018524196,66.45720370030807,116.14601238578327,220.7232550097459,312.876388317004,417.75979049042616,497.4530830005614,554.5938118575463,612.371045110514,644.2168006394504,652.9496046568909,649.6320261924543,632.5086036499002,571.3869152671003,508.67767039122384,419.16796280166596,312.3202064872956,217.37655400353933,126.37217093282102,171.10590087972068,288.97035987232346,413.4659708137233,536.7728793978578,636.6999504530418,714.4831838690385,787.7784464869387,5.753099607416684,822.6211357132645,786.3359770078865,744.0997058323574,681.2766108078641,599.7695105912289,501.42717143346056,380.8547696236524,281.3730326124991,247.39204863988346,287.02665356820296,412.5864215012165,567.0163114023208,693.6960474604138,814.8431513828089,909.236724942179,973.3396515345773,1023.144921788783,1003.3749459247009,954.2593973058458,896.8804734472642,787.7929670674943,704.2169318992026,565.8881439096293,495.2130832942038,453.43141101248995,483.0348497307247,20.370820882292815,12.984764776348616,12.858272975154124,8.113872049455988,11.429679388840633,7.081997053536297,8.764978460237204,12.122966842494401,12.14074895144689,8.97710324976654,6.073627191347968,744.4929869727023,604.4720251244304,476.954395257361,372.8139477544921,328.1434735262969,372.56334434198266,497.4213496942955,651.8369234063255,784.8177671028769,929.1004483787939,1046.6351608529765,1128.1818575977427,1182.988569727542,1211.5468198566175,1190.4337688091848,1154.2872698433785,1070.281421391566,956.540087876638,843.809290292102,717.3848951353627,609.0915395080916,698.489359925719,703.854596732466,814.0015047038893,944.8027113600235,1089.9101683794174,14.543959568485883,1307.7341563031016,1382.012932009387,1400.621092149116,1404.5072033706854,1353.8239504346877,1265.814472508882,1165.0571771284806,1036.2971612919557,910.0262706158697,789.6373788200616,692.0091722445312,617.4522086540184,611.6926165835952,652.7738102181996,737.7751854267915,821.7671002748324,909.1587322490224,987.3350260992735,1039.9761081993981,1056.162170674383,1080.5327536755128,1053.7261248633956,1014.6544223598949,951.0689750090057,874.9007312415423,796.85665628511,12.333644739699338,9.816714697121,5.448729504051669,6.073627191347968,0.0,0.0,0.0,128.0,6.720505649794515,9.179578399471701,16.047906112771145,956.0051353059305,906.7521741585817,853.6549455924782,789.1606279058906,699.8333055872902,600.4489069303411,555.3890334083062,513.998040863915,484.08205055189654,518.2063466310049,547.3320825113602,596.6824702444037,643.0412756590565,687.4582394912745,712.1129390572829,725.35950425465,725.6271970423475,707.7172587377686,686.185317047533,639.6396185569845,611.0524557114944,556.1919424027506,519.60441644593,480.497373492627,474.861358727331,468.0257586983126,8.954506592853951,519.8057765342586,534.2535928190873,552.4565855498992,573.5302008851324,561.1849695054575,450.4522868454999,422.4240378756326,396.33636778084764,359.8181047763081,339.1452011930236,293.1688269830684,263.79164558607096,238.70624491006296,239.77943756861478,257.17312761146326,282.8227954031263,304.6235052746769,339.4782597580559,351.0742307686577,365.5765139900299,358.9721009178328,356.8230797298496,348.586322785933,319.872980692608,290.44169482447967,251.48275837778698,10.655172413793139,4.377172395876697,19.54315824008253,9.606508391923349,13.57376997659727,5.56893568777622,6.13591542580463,10.943678050419141,14.226577817630293,6.220907856619237,17.474190955744287,242.66745500497825,251.47660718484093,262.85707882446997,240.82037106013834,245.45190384786542,214.38540966887314,234.09177379575488,198.43915436410256,164.96536339234464,171.53145528629648,183.95727333255036,196.6777813469279,197.57619211847125,243.87910414456294,253.85353679714152,259.7557999487626,257.3517274083018,256.3669292876377,244.13966396080139,218.03051451137281,216.0517453492807,191.68387637740378,172.31699565511946,146.21556367700805,147.70695161446795,149.08824365010508,7.395816116855397,171.15756086320806,186.10161083531875,187.3536119311155,200.42831407162447,190.7518226598256,192.9414207400513,172.41166875111384,160.35929251528106,132.9457296191806,110.6891611424066,82.95385101011401,68.30729561577692,50.819818817001874,50.45030184828189,67.6777495110285,84.03595690517145,107.71183332111536,132.40551414164403,150.37686865368212,159.6423998048784,170.15049240624754,173.70895032628687,174.36782257845044,170.63171861458727,148.4686428220308,132.81763527885002,0.0,0.0,0.0,0.0,0.0
2025-06-01 18:44:21.471,1,0.0,0.0,0.0,0.0,0.0,0.0,88.17532563950458,89.87618954386312,169.0440037329539,274.2027637819411,360.2950944157607,454.2208798524145,522.8151194773225,582.973173816405,620.5763985508487,651.657625948416,646.8731986341238,630.8271980467894,608.3705683593024,534.2446282984235,462.52629938981266,374.06954930433017,270.9712350504249,175.7335970936373,138.3762538460669,213.9416886825593,328.79696741092516,451.64165816181105,571.0373216742307,662.6694578509092,737.1767507125254,793.9633657433193,3.531147246904078,805.637536244214,780.4958785668034,721.1726260891576,644.5440249558678,556.2328711106427,443.79815013983136,339.9722202736552,258.6187177194836,252.68419451546265,316.7458682968153,483.5002050788298,609.5973028319747,737.8225706193042,823.8929774702779,941.7685562054195,966.3795337859673,977.9327711936099,1020.8576837403604,935.5966667710182,869.5924164184477,766.9551224265689,662.5495659393678,538.4713156653103,471.47378224422687,468.80887041752055,514.594034708072,9.933491571968256,8.84587400807079,8.521847027795685,10.442685096091406,7.149026926800469,12.160812297105869,10.133359003535826,18.24631471076121,15.561154506552894,6.745958744819154,15.437611101742272,716.4834148936212,582.22847119271,466.51205424899234,375.2133662108118,345.3030410761218,405.2662137837978,546.3440557919375,685.0971975637634,829.3199449638531,970.6952637154733,1077.4962357650702,1152.2441806049849,1204.6947912204896,1221.4500185703826,1196.9534116138902,1155.5941629429553,1058.1084845109717,944.5269127467765,842.2702562625094,710.6673785607569,600.160598508947,695.727739923963,721.1505879887585,834.697803768903,966.4133838531163,1116.158947731484,6.7708545923018075,1324.3831365868589,1391.018397663123,1396.4148524575862,1410.0566159184687,1358.826035379734,1276.8148925203084,1162.4221847945469,1034.5203493402435,906.1357200884163,782.0884520261837,683.6704369513327,617.7146589296434,612.8354025411604,653.5712556177725,741.5833629708915,819.4138150512852,899.8142985173215,980.3562984694582,1033.299229835105,1061.4007914481451,1070.6760088553008,1049.924234777724,1015.5175039978927,955.0375963618894,869.7916265702794,799.5424852289694,10.30633705756028,4.397970756221359,12.367992013265944,4.294483607466946,0.0,0.0,0.0,128.0,12.84820512795895,5.919540229885044,17.85021254258151,965.7208178459028,913.4746708451449,870.4765772538004,808.1540982575281,717.8604976419817,613.9152454024286,576.2486894070677,521.104819722667,498.31193007747555,512.4478387119993,553.9966752316203,595.1816778366103,633.1723651379385,686.0532423776715,716.1969237044846,733.7738904977086,723.799424142946,728.4835381267804,699.4901602206075,657.2427022546356,630.6101999479434,581.8601470723794,540.9209592860657,505.6823638066805,485.68401645539217,482.46064012078403,8.767587887260131,515.2986485734358,533.0130532513247,547.3590469090404,576.2709437967942,567.9052807429827,453.37969634567213,428.95450150372085,405.4183707897173,378.0615011173595,342.52611660266695,295.7500178261515,274.1735931795089,256.1213230749069,251.2648463684708,262.273774564393,284.6651328183974,295.7271707908346,337.9193012385553,340.74740273353086,355.8375823516987,360.3062838201255,357.88600443124005,354.98997283434744,331.49863341066356,287.8190125678928,265.37392484229736,9.135259573688494,5.309291522536717,9.227015562077563,8.278894248010918,18.279982687233748,5.647800008609441,15.198384074268965,7.662650288873351,9.601513962105248,6.313982603103321,8.273732840840932,251.64497954921066,255.64246891348589,263.35254906210787,252.03190980469657,244.93888139577177,221.64987549854195,229.71065669900628,205.80785972352535,167.58148653547738,181.1786596889146,176.059214101386,207.16216256112546,206.82645391852247,236.819048584455,255.46806501255432,249.33849932061383,256.91076640106616,250.4901516712644,248.45845739715816,223.04939093484484,215.4737977272875,188.67512828213506,169.80213255826325,152.4663146901169,136.1724818155885,140.47766710721106,5.480545507200015,168.83466843850792,180.12961380010404,187.30435760432334,189.73939091896509,197.3995069198833,192.85155858681668,173.03888317077116,173.0814779647371,136.4637747803164,117.98217318732121,101.2371942331798,69.398875866317,57.17237947621446,34.39814220864267,54.49946163534217,65.92182418151542,95.7314576832309,113.10566524633848,135.6475893650105,144.69250412911845,158.29744603011957,175.64736750688462,173.3490543862184,175.7885656852382,156.0006829947802,148.795437689276,0.0,0.0,0.0,0.0,0.0
2025-06-01 18:44:21.478,1,0.0,0.0,0.0,0.0,0.0,0.0,68.36724978343149,102.16790754226105,198.04997612904737,306.71350389291484,398.46155206887227,475.62258155381926,545.8954400417962,604.1511137544255,638.7117938775292,656.1618182194497,654.5014254551089,631.7320351122004,590.3250903418899,525.0745360856215,449.9058033421748,352.64207152512967,229.74800275062972,154.96755621888806,149.95914177333088,245.9819460015441,363.4500811265844,496.4469332443974,598.2344881291284,690.3963076502952,755.7745323342187,804.1996675901883,7.579289102680299,811.9007668368204,769.086883353413,714.6072053288009,623.6257274046882,525.8100610568366,424.7850560776183,305.9931818125201,246.6044724175885,263.0480694047733,346.9918104176246,514.9885103256124,653.8047076924067,788.518568004147,856.8496074739837,951.9572647886288,1015.6458352337307,1006.6240856110333,995.4236140808629,950.3133471596724,845.0901881403158,766.4679228441695,645.9690203633259,516.9696918659358,457.36282016947314,451.0158270384858,525.9528298845657,18.274417061358967,14.909446870000021,14.326378048714075,14.305936022029037,15.872104644494085,10.023266403717587,5.209236544016518,11.304690223773298,11.273708758468523,4.091368803829714,16.669756400684825,700.9084135045633,561.2897203976295,448.30936303788894,347.1393597993091,354.24685893232595,425.45852460332327,582.3271283162486,718.7332465083632,866.9306179186411,988.2487170220545,1098.4270917231663,1177.532057193821,1224.0098710529605,1228.384559605075,1205.945667730782,1142.5999938142522,1036.5113717333227,925.8402257693324,829.1661977028998,670.1134686269305,587.8308276428079,677.9551161877457,724.7727969376833,849.2733376287654,979.8074681991188,1126.9482776577859,12.253566924295304,1338.4254184820898,1395.4633892006975,1412.1435987160755,1401.5141611807462,1342.7655463141746,1268.249384257924,1156.3936149450883,1023.6045587843284,892.6492067378259,763.5163544060267,677.2972205729716,601.0702039311899,597.0874710945371,658.0940322928659,742.8305706183622,829.6056107663809,894.8968665827422,988.5026504816169,1040.941102364266,1060.8315185368824,1046.933422155628,1053.063012749413,1008.7561655948105,946.1862000279476,869.8666599283684,792.2443463417112,14.499532132228726,15.733088005706922,12.975830949228033,6.978148108671017,0.0,0.0,0.0,128.0,9.068581759495354,8.781363090870293,10.611959553408848,975.6548057818941,924.8943430326686,878.7391017607237,811.3188678566945,715.4709580942881,610.5357110085363,555.2816021762343,520.3875197118721,489.596081486425,494.6576194788877,543.7664453567093,594.5405442568601,636.6654721061342,697.3006011701775,717.1001525965876,738.9396417455728,747.4489012555982,733.9863331364483,712.8461173832635,648.6984402216142,636.2222391295762,582.1017439259077,535.3921720440561,505.5054138925675,469.1590049250126,477.020779574039,14.712786168231476,507.3202300249027,513.0528324183543,538.2748875670964,575.405501688934,570.804612554253,448.93440515267093,421.44220841507456,417.4859906023604,390.0296505106268,338.35405618842987,307.7156633079314,276.7838422167986,248.0443260762791,241.85902024520956,252.75100147688784,279.4073463508561,285.0534387014567,331.46743734812446,345.6113637750852,354.11119256521584,357.7612736908709,361.0467021836493,350.56020447307696,340.8599974272775,305.46856640055904,273.2381186528649,6.49381573890369,10.33683313389296,12.576430675347224,8.94427190999916,10.305685874087294,8.232806905863889,8.180195242770735,12.981985692568795,8.192567032938207,6.269981437882328,12.452831337628584,243.43028820535585,256.6153435707738,264.00999370693876,269.92822177544406,252.02364875727656,237.8258693109775,235.20119842370812,204.71976632374324,193.123915643396,185.21149318629085,203.46927390690118,203.66396673842954,226.23098524781204,244.723026402429,265.71755459008347,239.96033291912926,258.45542764418093,248.27732667730808,244.7342355510408,236.8275364790379,217.97331154446266,195.00486431446018,190.68099776191684,164.01381872611745,149.17442053006943,146.60278230599522,2.9128301898038127,171.90616329046586,179.02720413225072,193.61977162781142,189.30393930866433,200.58086414951535,189.74219707513427,177.0290015330049,177.26949278466105,144.1505178344511,129.6021025669565,113.03010743948042,82.26079046667095,66.94502479222785,49.48810920858713,48.81284556527061,73.99561122566158,96.64835894296422,115.5508418022974,139.19399630400522,156.40650627689158,162.50705874205514,181.08937209069688,176.60244262180376,172.2297685822502,162.5705333513725,153.77311310290384,0.0,0.0,0.0,0.0,0.0
2025-06-01 18:44:21.483,1,0.0,0.0,0.0,0.0,0.0,0.0,120.50536816905762,81.48132402575438,148.31667190720967,252.9997983265384,355.0040334277716,447.7658550446934,523.9573726793152,588.8101978677738,634.3444048652765,656.2134619005284,673.2285146724678,664.032784855283,623.7275874146268,578.0529627273279,513.6789272214701,416.02799720354267,301.39413295284635,205.03555088796972,156.22241011073422,213.26988754146174,327.2909401933335,461.69891783919627,565.3886456781536,673.370275103621,754.3759093877023,805.8229879131384,7.775199899206479,843.8629537933258,799.8927531713921,755.9049889830617,673.9632789112904,584.0098248941956,489.09865298595173,371.2940677852591,295.95829517106876,288.81105297925376,341.9844984448717,467.6020494461999,621.0994580979651,745.459509753787,850.2628600344949,923.6616846846599,1042.7375972795412,1025.9487566918503,1007.4255923114398,960.6200300263158,886.6810631511922,803.6066266150045,688.1502140739794,567.708225647992,489.22522455583567,468.15513237019815,533.3624935990547,15.969941395113551,12.255270219472717,11.638357658134964,12.34253990145266,11.206704820086145,9.303976675572235,8.58138178622626,7.889480795376003,13.215764530844037,12.462068965517204,13.94024101231365,726.3740461521677,596.4808908773089,465.34557873614415,377.40834034626647,352.0685891913582,407.3303436586947,554.743157137573,702.7251112166015,845.483003905444,960.1234642737919,1080.7297666777233,1174.841783935864,1214.45597419141,1232.976247430126,1220.7913843222973,1142.1751403927633,1056.5797113239491,935.1407865931893,844.7785428835566,690.6583161788036,601.0382390020965,702.5315773004978,716.8704831072837,850.2879020171597,987.4828045780984,1132.0253522415444,11.561566374109196,1355.3989690327148,1397.6409201270706,1427.7274663686708,1398.2077350422178,1353.934545952402,1262.4059848386182,1164.1257566729696,1022.6080095774502,890.6670428339912,756.4755885249674,666.5437341408763,603.4009748996224,606.9722086368248,652.0166495802534,728.5381197501393,837.4388158324111,900.7605805049469,994.3507518695134,1042.247845662437,1065.1903826306627,1070.9400858620643,1063.9517679646583,1011.7270326822022,948.5531248682715,867.965595015786,795.3665711116795,15.037026598395917,13.659447299317897,15.432771060409294,15.436864678269206,0.0,0.0,0.0,128.0,7.027586206896544,13.085116970777067,9.303976675572235,980.5100655232025,932.8981168212619,866.8135071807249,810.7848776207153,705.0231201964584,596.461891577759,538.8042272504222,507.55754654671864,476.38155637061374,490.0977509941671,530.4004885964881,593.4088892844024,634.5096651579702,704.8914981788458,719.516941604997,733.770319630625,743.2975461528551,716.4645297280415,706.5272251617956,642.9865377132962,630.7366852706805,566.9888040714567,494.2007899351168,471.0241771943906,450.5463602469485,454.23097342538614,16.110816230088137,507.63212280194085,513.6825427443355,533.4595269054457,550.5460691004812,558.8643867034091,446.736568305231,416.0085388111192,403.7397911934415,365.3836897990291,330.09607336869476,287.20275825284364,261.7900955299691,236.1280712769397,230.64650762986759,234.5283819992451,268.5571758617727,290.4530009370535,307.38216151588415,343.4545795022729,354.9115967883288,362.74856746293443,365.16066960060726,345.63030822891113,346.0288455580613,314.24695672951856,276.7203163130678,5.895216699262082,12.93719778150819,15.228231091716014,11.788755384073223,10.435920770615233,9.269752956869306,9.273848536058559,11.66468223230342,11.543569865693957,6.763743372749452,9.399597734707413,255.96512118539644,275.64749089917893,274.7410553825313,277.5396341949837,259.0300691989845,250.75393680921908,260.4718625616606,211.31507709556982,203.39723562046598,199.5290063683008,218.3753333542308,214.79059994960005,227.42875172127603,260.713800781152,276.39482563268746,261.1646074365581,275.84237828963546,264.78893694043444,259.50314841023464,235.93888197836347,223.01590795565735,205.79084020743977,190.27571901458964,168.53188473317834,151.9647478137433,162.49762412731334,2.235764539483627,183.7485579018937,194.12484165784764,198.59916095939573,199.52390316316288,199.70939165857246,189.40160780114616,179.3052644475421,165.61341999408398,149.94503723403452,125.54673811958864,93.42904625804238,77.2058645928982,55.98019843392182,62.94249028680539,67.58253282671349,91.5158872974115,104.20956194182422,138.79177794162155,154.6755270839119,169.19747637185054,178.29430456701232,189.35950978677909,177.44573859308193,172.46718897775656,167.48651573987743,140.39451765363748,0.0,0.0,0.0,0.0,0.0
2025-06-01 18:44:21.486,1,0.0,0.0,0.0,0.0,0.0,0.0,89.47929421284059,93.09153616177126,179.45196502551764,285.1094828604198,373.8813305208981,462.5658353843903,525.2611234421273,594.0321822235871,629.1467702466698,648.1867951066207,653.206892265544,633.0663266238847,598.6360117429365,539.4916039650444,465.92157858761936,377.85459613535073,267.70017210492273,166.4584026656397,164.67287164689702,230.54542060190917,362.64751681987724,481.480478292695,593.881307152363,682.8740834169585,771.8348889224595,814.0718998132156,8.960448388275156,828.7963131622383,796.3454271962486,727.688974928151,658.1556151825102,561.1132140973516,447.4807521074693,340.41510667379276,276.44805856957197,266.38740986835927,345.92174436213054,485.2930633392642,645.6399743860075,782.0533460381962,895.2095148057757,948.6181588073003,1032.1683993241684,1020.8813562783096,1026.9891633044133,975.4712280749313,899.25511316118,788.2794391162532,673.2349435103922,552.1981989010674,471.1674108185359,471.60840785746086,545.3658712741337,13.26063190884064,5.614516371275105,7.255064608846093,9.495225669305558,2.2903473455476475,9.303766871941336,12.572501292081363,7.265554578066131,9.580790082785168,12.199535589301114,9.20344578009676,708.2695087023365,590.5383317120427,455.2407108950005,373.47414056951385,356.84663985476004,430.9706650668199,574.3864446423808,724.1728598615696,870.5480385188674,1000.2648895880469,1111.4014106281493,1191.3665252366748,1243.0587331811332,1255.5825426446524,1224.7089183352434,1168.0531977092664,1060.904929999019,953.8612838291448,818.9984564940191,687.0937383773827,598.0727709390102,689.2461942598678,720.2609598376918,849.919464113882,995.4461439342377,1145.9313846868529,15.040187385273693,1360.9404241136774,1416.6239249779817,1422.9472027999507,1413.8612097412404,1345.7172268897707,1263.4164978681954,1158.0968709273677,1024.3866539061803,894.3365073941534,758.0421435760392,667.6574550808148,597.5510589962605,603.6327452395512,645.3880143412931,735.0113662901994,828.3479991711811,920.0891786013616,995.2757629601582,1044.0349320569007,1085.5760675668064,1067.276631465882,1071.691842554464,1025.6664965911643,964.4746601816295,876.4389536294711,795.0559005946577,4.990133635990446,7.604802983176078,12.279949288539314,12.569595835745098,0.0,0.0,0.0,128.0,11.769864063647752,12.134646863687205,10.803447580111419,982.1653556393201,926.1339023440814,871.9546140531548,793.6409780891796,727.1463315314036,595.0729626413979,551.0177083962943,508.09164172376524,484.92389319605394,489.7134299986347,529.8155959690979,580.8286909794813,620.2928921786635,673.7742681585979,699.5689898049894,721.7293201322838,724.7459992057475,715.9909473698117,682.2832687233739,641.3519312804498,620.2307675406095,580.9353971397786,517.9066294847388,483.62122742094493,460.6494077341843,464.4168399042094,14.404362236591119,502.97336030720004,533.9854761014819,564.0400503589888,566.8434733058988,563.7717458025684,464.3525070621433,434.7026534800643,429.15822481241133,398.2322227713476,361.912620150456,316.9597714773751,294.255935523381,267.2835643054034,253.62061809776662,259.64941864644766,267.9635127705483,316.32062615107316,325.91573096149983,357.452734296985,380.3259263498822,380.4005663846176,384.4963420150282,370.2882791211767,343.53663619096903,326.1619748555346,291.74260131876736,9.656250375355363,8.288824099640001,14.142135623730953,6.1020606568536815,10.696030733345324,5.442662161373243,4.427784280474109,9.910114188228636,6.6812094114293625,7.941627541719591,6.153910753573929,274.0795007968944,272.58863239578994,279.8849514671548,284.68320345978725,264.9031818372686,247.136779653096,240.66739899951722,197.1528004760276,208.27045300918581,196.00393440101772,196.60277678674282,181.13757928261762,215.249407105492,262.3490076887317,279.0146043508235,265.67020735493435,267.0730025382834,265.55025399286836,274.43575139432676,236.83445193006358,231.9159546246764,215.2128332384261,171.3509669912512,154.84029119845025,154.6815582173996,152.16491426393384,3.6552613148678383,180.23407950536404,193.53317404364404,196.41072691887737,199.97652212066586,206.42568729812342,201.501830864895,188.12646193483423,169.21108579601255,150.7007530158615,135.31862056007708,102.09639904773019,79.14246213796503,61.4877116865915,45.39824487456208,52.72332060864004,74.1173868514241,99.73239912480967,122.93798250916018,139.25331320691902,161.3581926651897,170.27606199042322,179.64534659724845,183.18613032625484,174.68115846926827,165.77458922342512,144.65873206120554,0.0,0.0,0.0,0.0,0.0
2025-06-01 18:44:21.487,1,0.0,0.0,0.0,0.0,0.0,0.0,83.25263060100289,99.20950462583167,196.474665141637,301.56450055654597,388.72060758846396,469.5595080725327,537.6582745562665,592.7810597702477,631.5523036076847,641.7720550191026,645.7126448874006,622.6075561887981,580.6264846572607,522.0921819477767,434.75810716291664,352.83207938998515,241.96812463711746,163.93935046620166,176.89982467510887,257.0094448498313,374.4044578309481,496.7977999234363,602.653324111004,694.5877689281994,773.1887667817213,807.2111873016783,14.248473963171872,816.3737174523083,769.523351946985,712.5265343273886,625.4626018280142,531.9820892698565,423.5182000982592,315.6718651282901,255.36535827893726,267.2114258665231,360.0372515411278,526.7295679698383,633.5702516947662,771.0317269470004,887.443574031135,949.3609153065782,988.8971521058187,1028.4867110895846,977.4468553759378,939.521525469456,874.6150836128838,735.4587828810669,643.9310525970739,526.5183382250079,452.6216162841582,472.28467139833793,548.5792134689641,5.181843488450713,6.412954401309827,10.771276465360224,6.6540135080468765,7.046561439847693,9.176146016596615,17.62738331057684,4.425792782496312,7.211102550927978,8.626889580647978,6.579707021478251,680.4125949959878,550.9645113431187,427.4556503834845,342.15625918396404,351.3100195140343,414.61138557169284,569.5725137710403,704.2912880749345,854.0859932118105,986.2853385538584,1100.2530221419097,1159.2889149345624,1227.4211402545775,1227.264110554811,1197.757388801209,1142.596763081179,1034.7470570910468,932.1687760701298,809.1426142281368,670.5821811514319,580.5359643830803,665.6347872630441,715.4920722851359,833.0627825561871,990.3722707940441,1125.4164338908272,11.330549512077027,1346.1239682561948,1401.121763777399,1417.043538518592,1403.1599571611428,1346.2406323029002,1274.3445660269788,1134.589405773063,1028.5899517705964,897.8475228561771,764.0603781529513,671.3682787871253,604.7795239299546,612.3733243655655,665.7309766453433,745.5124769376242,843.2785077342206,933.7543213811637,1012.5428970485145,1067.9140927917242,1096.3875315831217,1104.5050524242765,1073.9898834127796,1035.7541790854284,976.9736999946944,889.7637964230936,810.5420556546135,5.866775618106824,8.790514855765792,13.85672960978308,6.578608404582461,0.0,0.0,0.0,128.0,14.780115173387603,14.528721858536894,14.587088145590341,970.1019014284863,919.1021143402317,873.7148462794834,800.9482021235066,735.3612558920913,592.2944197827524,547.9785047788986,489.22903071001303,467.85930200390106,473.1599757849348,521.1003448444724,560.7581595344507,614.977076447896,658.3246574593297,690.2066896171996,715.1780109921766,716.8465866882211,705.967472655951,686.9845931286527,652.0808903437992,624.705918043232,569.0990792969247,501.3824664234628,486.8374601040844,464.8533921235307,465.14114319156477,20.5137202698013,481.7367279356091,522.4839572426465,553.0793582073275,547.9576759088263,559.0473200674695,458.29582448386515,427.1395898392941,425.47642292683565,388.4244682485222,360.1686088312107,300.4861181202263,285.87838225480755,260.2108251802843,261.41108630356,254.49951449367114,275.7865416757784,298.26572138235747,320.16671751664956,351.55497200667344,358.77765394937387,365.66829775346525,363.65923142265746,350.00032543534417,318.3473651988752,318.55068713233936,271.53102771965433,15.052394753487713,10.250880631125824,4.4743576936299405,3.1622776601683795,7.2562674706075985,10.373880249736565,3.9425287356322087,4.340956875692532,7.052473927527043,10.10303395507621,13.58331099249708,244.65104995133825,250.3696657394223,264.1708729133008,267.25678240653434,240.93664497381604,238.96341658413334,227.11698373346812,196.6696294732452,195.87826473086713,176.92606486546146,190.15442452470225,193.03502929509725,192.0167066861593,232.78427440283855,269.83154507979003,235.2590442772777,246.3622705139204,257.2285332626673,259.4996757121191,238.0279276979105,228.37820567426272,212.08757046831593,188.6636330083968,166.72533367069482,144.36154335953418,144.84593788725982,10.156738851937877,161.33771059450092,175.83989531439155,183.15468583894437,199.85262914060743,191.73415370639574,185.96218340063098,174.3088919663035,169.77730729009693,146.6368423617485,133.00824870795597,105.97658450611965,74.42809250564083,66.46690393429031,54.1024550021582,53.69549878307697,70.77733444632817,76.59597247053688,114.48934271065488,133.5358870733508,156.24112695800417,166.22017131105432,172.11829032413846,177.82889200284563,179.56819186682208,163.952654125683,150.10240925151652,0.0,0.0,0.0,0.0,0.0
2025-06-01 18:44:21.490,1,0.0,0.0,0.0,0.0,0.0,0.0,193.77250990514,142.49221368657965,111.78256087844436,156.10079807642327,247.96122802420237,341.68181445395226,440.305719354026,509.60595761609574,570.7850302848802,614.3385797760775,647.3864458169968,654.6194611157493,633.466112544701,605.4763928866967,547.6015170048107,464.6769655782941,378.67930913613486,297.42746706796265,216.88667530027766,185.1815798861849,240.66628231718823,369.51619519864914,468.83753465885695,589.6242052539625,677.0970847806022,749.6418903720382,14.587542186364718,809.1246894211033,808.3673328093155,771.5885824132325,711.9367457056685,631.7729302495236,538.5822373868755,416.19682861725676,339.4968042961344,292.37160308774617,304.8328025662077,420.56118312521005,535.0447987918145,662.450683678307,820.2086480470336,924.8755873253272,937.8030376605598,986.2279623391281,979.1489115393176,1003.7412901577014,918.7485737274961,860.893344578639,727.6387928699738,601.6879625560822,507.7089681355579,467.4375093725213,502.3816050657088,5.0620689655172555,4.467171915945093,9.0721888543044,5.489694193218413,6.492243677528349,5.989410424468662,15.172787288719036,10.314364942734214,7.103903543783579,7.303484762477365,8.433475685558424,779.7079761361621,651.5800687446256,524.7260201784457,418.5150521000933,355.74131381335525,379.7348221349199,477.5195124443464,636.0704330299802,791.2102958375896,920.9694715879718,1054.141707885399,1137.2669677855583,1204.5639319332092,1236.9302116098427,1228.2580602562018,1195.6788440867624,1097.0795479052833,1001.8183329560615,877.6714484928708,736.9330750243917,635.0400006318115,694.7827972606811,688.5751691850076,786.0704986405922,935.2307654371413,1062.143809045222,14.623542053207098,1306.7482540632238,1389.1621975835685,1421.884595058409,1404.8475903966678,1363.6834581868898,1300.0707861953865,1188.4905728622475,1081.2814144115762,943.4470321374966,805.3179822556168,697.8175726621572,609.3521351268769,605.5429650657293,640.5131089637732,721.7282493397702,814.3785271314521,909.2376052019393,972.2796301257903,1042.911784926607,1073.4786357442972,1072.02022706599,1068.1105291154213,1040.0755956044209,983.4434881723673,902.629731819406,814.2319934503433,12.19792766944145,7.053662062395194,12.315135946527622,7.434525610370438,0.0,0.0,0.0,128.0,4.669501350412901,12.228978663154006,15.979672906051446,964.3011578497462,920.1030126609307,872.213519844882,812.5618022868787,720.2998337174008,598.0449052445769,549.6715229214974,497.8624815353344,472.7978519914904,483.76199887621993,522.1376992566334,565.587699791484,614.2290586068897,668.2486870402173,692.38299178221,724.1949558806292,717.2827458143784,712.4447735811812,696.1801022966306,631.8797499336365,634.1527650702583,576.3647621957689,515.2991647059107,499.10994191998066,493.3011937752791,467.62853032371675,15.646010746845453,494.6156287388665,519.1511369538507,534.5284925088177,542.821200256064,557.9325228197181,444.3076542315237,410.39786370742644,421.9396865003063,374.31323605050744,353.30045500252487,300.64839679275417,285.50555433242306,288.17772339596695,272.64230866369695,281.24561966836063,298.38803903368216,327.8226758925096,334.14933986266857,350.24673853231076,355.130705660521,356.93923866852333,355.81106338582657,336.8579773541826,315.82316855465797,286.93480664201724,249.54199449569103,11.089063936153664,15.406080437957815,1.946231348292947,10.054418773599547,5.605435686092271,6.830430676865032,3.3376235230815587,4.646755895358099,7.025706206548827,14.210570150894721,3.817102760464701,249.74263343454697,259.47419243830393,257.8444958507886,241.78022206016288,228.17543427799276,201.14348933900413,189.81614948826504,180.0351639194456,198.07005950958086,184.2367412730963,199.94523024257956,236.0287492491445,236.45469946656107,249.1062667011514,280.8504217232361,253.4757749410012,253.7896482711607,244.5611249674621,248.24222331854202,210.54585057086908,205.0738944276767,179.38213152200822,165.35756415539694,161.7201842544116,145.31597159423217,155.72860451634259,6.323888722882418,185.08037800129676,188.02228709860603,189.81877720668996,205.62042721654765,192.36167851589732,176.9609590811782,149.64140848446385,138.1710848429447,115.4563591890343,101.56960835288915,72.77926363409225,51.19112097872926,57.41001960878573,54.25978862889332,73.31310775874869,94.40300114985237,100.07862824699464,125.91218639481114,152.37671281017268,159.4449162900005,175.50008258739743,165.64958975849316,178.29229071716122,165.58616913731797,142.45641733501105,127.26082641578508,0.0,0.0,0.0,0.0,0.0
2025-06-01 18:44:21.493,1,0.0,0.0,0.0,0.0,0.0,0.0,110.06378896926007,110.40314061703069,163.741394390187,248.07004130952132,332.38691066023665,425.5652939148068,502.14377486957767,558.7683999794854,610.6107796399195,626.4146819374803,643.6077207326551,629.3745844569476,601.7677530518089,551.961378656374,486.77772074140313,383.5959144885175,295.61351541380975,209.42999674500214,182.8216469101493,232.42368509474687,339.9355510411986,453.56071842915026,545.547821497644,650.4762283859969,729.2149843811453,782.3792036483247,13.72652060215766,809.1221433266273,769.531234519642,735.5413740914424,633.1191445225498,577.3409064308498,463.4546536959497,346.49143780761165,286.96741508112854,294.3044595942926,325.92989724187487,507.10296971176956,620.866074517198,738.6461285074904,881.0399427968026,935.2983875344183,987.3652699803838,955.752756721031,998.8601426582757,959.1145004118437,875.3597333695631,795.2136896595387,672.2955821774069,553.6178207136105,485.93311066515764,485.32198418583084,537.298934038165,7.9767985183598755,7.150425849258838,21.598107569553605,7.660847725890559,4.0252431483111755,9.589733440315124,5.717579995356145,5.046016718294647,3.69646165613381,11.786954104036848,17.700989512008036,718.4617901252218,597.8613158443922,469.2561271967927,381.665634735385,361.73716212552523,418.5738814012921,550.6574945673751,715.1352900277315,856.4275699717,975.4676859760996,1104.8471965680733,1177.7411425529585,1216.6525298065285,1246.7019658614859,1235.6266354810596,1161.803426076196,1090.2074267390908,960.9937553280575,853.2932275244501,687.2736745488813,610.2681572873296,685.8359941501255,708.5856968306722,825.2897409184583,975.4058890966359,1109.046403865224,9.743347618308434,1345.6300197176813,1397.6467897662953,1454.4141711782222,1402.9199368745863,1367.8234731447478,1282.8685537101285,1176.727321971672,1052.9958813835653,920.6039096226149,781.6416068236107,684.7402221056012,611.1354718022396,590.8374838866758,655.0973283693041,717.0477195047424,827.6276557337305,900.0044339830716,991.6099640559711,1033.0683218645986,1072.464361149225,1055.6128301738302,1075.4408678882035,1023.6491681521524,983.8557194646664,899.1933261347855,803.6704079332789,15.608306292184025,5.5773619466172635,13.151413619219994,8.852193557227855,0.0,0.0,0.0,128.0,6.346948279724414,5.844619058430479,12.172818713338112,968.142200902652,935.5560117261122,878.10995429473,818.5020707781745,720.8079217948593,625.3858767043706,555.1243578073742,514.9071642530325,481.0453359853779,491.15086209656437,518.6168204150622,559.4541641722576,609.3726193751074,657.0282813779563,691.5583194471933,716.6676343806504,722.3110784919854,715.9956799100989,715.8551717047385,635.9630539056358,648.6218164287224,595.4549929757359,532.1893495719518,511.56274272435803,496.9062903645347,465.3833781792318,10.864124238151184,492.30606280575273,510.02485879099436,544.6698682820106,546.2812107519355,572.1844519272972,446.7249347031271,413.6713047217219,415.8737328788308,384.0493045653094,368.40571903552126,331.9745804006294,305.4910054321137,289.93844519913165,277.110000533781,273.18123222025514,287.4511433584698,301.25644044686453,329.12207154395304,335.4658173502962,339.95883713720735,346.88261219988635,351.93859766511844,330.49175953555925,322.7296139144621,287.68655203056977,256.29579235884154,3.5209754500069765,9.799432914267275,8.411517356316056,7.327281760635092,5.60126721415939,7.080591941675663,12.926653928754906,5.940035639811851,4.652010796450927,14.704280650304096,5.790616141818533,248.50840401731966,270.1074871435009,257.890343968157,256.06860269029966,238.20256332823544,223.91342013416497,193.4855552271665,196.3748586754409,188.37597960039542,175.45745969478483,190.70765450805456,177.69853128024926,232.40377434330318,236.11826534123966,270.4828291107232,251.58274858939447,263.3457651722826,257.85826907241903,257.4563127859778,218.26439946717178,219.17159364658553,194.35862961033246,167.22554195037947,151.06125067860606,144.63934263128613,148.10282909825537,8.029283174378559,178.0483309092739,179.98730605268932,180.37831378807354,196.92601738230127,196.50618668170887,173.7739446052584,155.94174954751853,152.32244881382076,128.110115157193,110.5792132206247,81.32936330503706,59.52578171924675,46.30525974247747,36.5477681369332,51.02521231282645,72.46126415749063,82.01408200999848,111.82616869337346,126.92655823987855,155.1957436021345,154.5016903081863,162.5885954775441,165.22467689168394,165.45455173457427,152.11742659229446,142.26300480506185,0.0,0.0,0.0,0.0,0.0
2025-06-01 18:44:21.499,1,0.0,0.0,0.0,0.0,0.0,0.0,84.89033187169278,82.24849019122996,176.0836735336068,285.20487716430694,370.1092482454312,462.54899928934094,532.55037301508,590.9087079570585,637.2786733037692,648.1074914871335,658.6125900784398,641.8663952103574,608.4613962400282,547.5042867339611,462.74005559386734,370.625986168932,278.14037667940545,178.69058740133795,173.91567511342282,243.49484756480263,375.1506233332324,480.0928533889308,570.6534186673915,674.455412167888,759.3431120835038,809.1308831165413,14.04767459214553,823.1925507539514,779.7252027867729,740.1300101041858,636.9082371623067,551.9055517329397,451.3799554256132,332.37170734054223,297.68411246494844,298.4345281757988,341.7231293792756,558.9476636047638,634.5740179560759,774.3557858392338,898.162617348196,971.4464590569949,1013.7895377744646,1034.0157682284782,1022.7345827402452,965.4862317348245,855.9750297885556,744.614092437523,661.2848033734887,539.736181507108,467.9451137269193,478.5641874795416,574.3076921717095,14.712848735580568,2.57571093738537,14.72259174696668,20.760199059748423,5.581659533184508,20.056781451805,9.856928543787078,8.381853200400313,10.568077994319776,9.076758251019504,6.782274189041447,689.2050674966629,563.735139708436,429.501585753535,340.37261240417786,344.84201969532495,422.0070122307702,582.2099560047368,729.0696258781364,875.2771676200815,977.4769033084007,1111.7458670662647,1187.7298985941409,1218.6923398394679,1236.7783053062112,1213.653633528327,1146.9174693984899,1059.948930001141,925.4831363690615,810.851879194013,661.8242706790444,582.6822574944262,668.1656414848277,701.8028469630225,817.9514567626969,969.1589622398905,1120.0591641652113,9.702613647938133,1352.8981544612843,1388.2240847028163,1428.8261345709059,1399.52118499787,1343.6918600017143,1255.3382918505893,1143.7258637114317,1014.7012963634925,896.104708724682,751.5572461056571,653.6018180362927,587.2604183744977,584.7807312296281,657.0098927227197,723.7264506187744,834.4065087997286,914.8963030465188,1002.6714182746514,1047.5653536674456,1085.0459077417995,1061.2385379120055,1066.6365934481846,1024.31484454317,954.8679060379015,892.0930025155874,798.97864958737,15.866095581019817,3.5506441502130395,8.661550123377108,8.38758416021132,0.0,0.0,0.0,128.0,14.56093464731281,11.510074327770026,11.068943532460107,952.2382323999842,929.3885148555414,862.914846691707,797.7643180423277,709.442806734353,608.5392805120815,551.5010377624158,490.8720158366151,472.65111894114676,441.4356277284517,491.2358628559557,547.9112977543842,581.3010657092417,633.3390558487586,685.2984720539392,702.7637757565442,711.9230744863343,700.5469489289842,694.3784408209651,629.1131438193017,616.5761685926304,564.622158210169,530.3439518545808,490.58579086685376,443.75836540353436,438.9312194962348,7.001301899004604,455.029181819944,480.0808174374089,498.2572927364029,521.3515371535218,529.5025389303253,420.373457168443,397.0588116468256,394.5477505885086,379.8282714372115,354.1342653434073,320.29335695328837,286.6248634156397,256.90987267847845,255.6377276677907,249.41305497669902,277.0200153189458,284.05146673490935,315.88794707305163,328.4006320017527,346.0055564190085,354.72479839757625,341.62742824325704,331.50435141837784,322.53821129052716,308.5924729058801,276.7590970745484,4.475862068965512,9.017351836870887,10.86272323027638,7.070918166791655,5.432632387868294,9.159935163326438,10.498014950170315,7.71641490561343,15.575531097809037,8.552037134304253,12.344319023264053,256.829996565795,275.89931818207157,280.8707393328243,278.13158790259985,271.100448369479,248.0491412657174,233.7627145780877,221.52730234939978,209.4118046190889,212.7059783974183,191.10778277502126,198.84422155401086,218.8317527834041,257.8472869279638,283.1585696321933,277.723121696339,273.83313712902594,281.32848920612514,268.0147385006297,249.26518128056827,238.19720864258434,215.24193673691775,187.24071026955855,160.66238307524108,155.73956296784144,154.37782533742185,9.690815209206292,172.7125281499268,191.9439559983651,198.04590717776048,201.99305729935483,205.86687363702404,189.39104298920395,188.28876012239127,169.46721661680172,153.07976607302817,129.99413641097993,101.18509805198974,77.00227419635722,57.483268591078875,44.598145297606806,53.8007236179686,68.5361776208263,89.7215135712056,112.30573506519974,128.14136238429194,146.57307022072388,165.5585358019784,181.91432609148507,179.89035927778554,176.6373945302262,172.9512322842433,160.799971661398,0.0,0.0,0.0,0.0,0.0
2025-06-01 18:44:21.501,1,0.0,0.0,0.0,0.0,0.0,0.0,204.04212727609513,139.7554395475471,99.65057332675666,162.23154931359505,248.48812757410514,342.52391377454126,439.33685550067503,501.5160691205828,577.7106305814107,616.5582576075929,655.0207609333679,654.2525713383449,647.5998320697337,622.875394700277,569.5151365181248,489.7792450110353,409.8867240759586,291.0869440243283,222.04519062402585,188.58119515296792,245.45529386859766,357.85707779537694,463.7193487229074,586.9834568242596,674.0364281452785,742.5814775874148,14.761223260454098,820.3012924964303,808.4556721928503,790.545566854019,717.2292269200682,660.4477593794442,563.5660353130286,461.01241278542307,369.8310027293261,338.2588852176412,309.6514330955705,422.7751683507801,537.7841453783733,655.2037903266978,800.6524718101316,872.2706943673865,946.0191313217431,979.7307553405449,1019.7994931293019,977.3811451074407,920.8304729136428,809.2998592986121,724.9508655610858,613.0376664309426,534.1535291125093,501.0131543719713,506.45884302789307,3.1769352439966845,2.770334377998855,9.171155716705265,8.866102080633853,8.517860116137198,18.124440874700017,3.3295664664654065,15.886712230357023,5.592293285174901,15.298143631602041,9.38384922401644,745.320452602566,633.0955491888717,506.07192909802603,413.30054562706937,355.9063575545425,375.68490053613857,485.9089430154994,638.9404650773918,771.1435038457846,889.4409684867626,1016.4354762074637,1119.134944648415,1153.6767217828683,1203.3605448431051,1212.4687757194429,1148.8929119505647,1094.6558099614886,972.7889341164397,865.9460837988148,738.1960181943874,643.4085343107892,705.6363608950874,718.4831829076728,798.9630170079334,925.2187343709952,1060.445172776796,4.538867215179845,1314.0297651359804,1345.5021090563937,1391.142954450758,1376.3420428199374,1330.6811584918953,1243.3540462165138,1136.2543165773081,1025.7896898892723,897.2554202056538,769.468456919457,660.1215668833494,602.4164861408517,583.733635210885,650.4366616385914,709.8288557072171,798.9288058215417,890.2076109696903,983.3720709949953,1019.3149531964597,1065.987712396752,1086.8461034825991,1050.5608235957804,1009.8876414679404,945.3040862778333,888.5366770224811,798.0760102704069,11.011006853025474,14.995916074920876,18.142163669133602,3.6130717223756745,0.0,0.0,0.0,128.0,10.206062917819532,6.1586206896552085,18.788425761371773,947.011280946755,913.1652394007974,839.396912900366,786.5217047888724,695.0604115670313,579.663178048527,529.1061526533704,480.5546467105285,455.5956710173678,433.70021975159943,487.3682477319594,554.6897311021102,582.1244371360497,622.2585045843724,665.512380327219,686.577041315393,686.5485844821989,673.6833340755824,667.1362006684842,628.1274226692339,596.9872131878193,537.7270377903988,499.92884805726595,454.702770017586,426.1097269962541,432.3808761515439,3.620262700606573,462.56609128536763,479.3247480703188,501.58110641082857,520.0269166878877,541.5406947884553,414.26478731457274,390.45259846517035,387.84282417435804,370.8110083235815,337.5068138364096,299.8207955572658,259.24156736682613,258.79110746331077,245.22154858164876,252.8333657937118,281.95576452526296,293.71511869268346,319.2212458498693,336.32073976958935,347.4462336471134,347.88273590628415,335.4859559548212,332.7878371163828,312.85772853067016,285.9914059775439,255.15095075883897,10.697076344287105,4.9634336469375535,8.112472044745237,7.22109671717214,8.664220507959588,7.599704268009611,15.701602592682551,2.377033754817501,10.491196639340165,16.471200679052117,9.299537229505258,249.93242552540747,262.4741509195333,259.25478094222416,259.8863658954196,234.60187324597112,229.51001098546064,225.9081044471294,221.55025905144225,190.13216371301564,196.59778106655241,217.9812094349972,215.0130289682917,243.75898156267175,267.7708468642059,294.71582094810157,263.7474564348496,273.8092951784179,271.9014939094168,248.92838146315606,224.8829716138618,223.25125744675287,183.37208585400083,178.6988566634545,168.24463881284726,164.45508320446282,177.5966480274143,7.16305725150098,191.52653519010323,202.6616268578815,215.66072851425608,198.01439746141546,197.82679096042426,190.22506647927605,165.7328639665479,145.21984926716857,122.82257243451618,98.78050378906485,83.77225201169482,64.96442599559016,59.13741168478452,64.79427977565435,86.84111480363083,104.67719174314377,129.6279127796301,146.74348594039571,157.19817085511622,164.0883741743809,171.565576699083,181.6101704083001,172.39520366347753,161.04864258304858,143.20359394559938,124.75513269932864,0.0,0.0,0.0,0.0,0.0
2025-06-01 18:44:21.504,1,0.0,0.0,0.0,0.0,0.0,0.0,159.07151854530537,87.3718641178828,109.44332218904133,186.4149209754081,286.18349556517813,379.464872961108,456.90520943955835,539.5892627312794,591.4893389505512,629.6437457508612,652.949999644568,644.3999528020264,639.9678691247099,584.8638701563909,520.0516145810117,438.5175253860118,351.61464355644864,251.06446393817725,175.9205793388116,183.04853194847854,293.0851803608572,396.5315413439146,507.2993530384617,609.4255704365073,707.3404365862966,768.8367167967862,18.80204249416018,821.6695575280198,811.4017468259764,769.9423579125505,698.4996018309331,624.7342821069714,503.91235942191145,414.4488415117525,333.5771307667139,277.7654627234212,310.5952339325928,482.9032937492524,602.4061127464611,687.0212657930064,814.250465351565,889.1865650868781,966.8419253418549,980.6490008597096,1000.5231050783597,955.2190187770052,903.981096685336,818.0409208715055,701.0229383643887,604.5792727096084,498.4345227581647,466.2156490667544,509.80527075580125,18.785250338495626,16.616411217648945,15.639080979062399,11.539494537768045,13.06616032497262,18.541623014603143,9.803245340599725,12.571329051549132,8.91043102355044,5.086800841786687,14.693221731498223,737.5047434715972,609.1947252506284,501.2574677993367,383.4322985019921,352.88374686303337,389.7552623322796,507.3918841175854,675.7870501457967,813.7854017128817,940.240090906053,1057.1589643445673,1148.477198642236,1207.5794375091837,1237.732670696457,1214.4694124203427,1169.4714825389872,1091.5784776979974,971.2096786533203,864.2558681273911,699.5958309690177,616.2932483276579,687.424724195673,691.5883599777818,791.7516267245721,918.9617442331884,1081.7400305104472,11.954168771906229,1305.9902621496942,1378.2819227282093,1404.620935676349,1388.583570089923,1344.401959800832,1260.719594258619,1152.4606765872832,1044.895789235146,910.2447481301687,768.9658941854854,665.7758096600109,595.4579681007759,576.8096153803904,627.3658367929846,710.6030716523119,802.0194531889073,877.0921411841638,970.3507858055153,1045.2485481488516,1079.9239172939838,1075.4162369454393,1073.2399960238893,1035.4886785447372,959.1066739895632,881.1537761621587,815.1795203922491,16.830453485854243,10.113849692086866,19.10630561438751,4.283203905545156,0.0,0.0,0.0,128.0,11.753907868272519,12.449004662125262,13.077505081475273,939.9947513991964,906.1976403647972,835.8767149509237,774.3861262277876,688.6916355350078,584.9550620218644,532.0493613799426,482.45303837695064,450.6374580224916,440.80336181397485,477.90760071112277,530.2247992660998,572.275985886939,616.431433962454,663.2434706996171,678.3362304673316,699.7732996040518,686.2817893664544,660.4835903592852,594.851359687257,598.015104309137,559.896433622409,516.8397100333896,465.02914968341406,430.59502163579896,447.28402820699966,9.21405490346758,464.25255518548886,489.6829729815412,510.761968044593,536.4469804164987,530.9396799017776,431.9561772094056,396.91928091893686,414.85721021514433,385.48743788052275,356.52865863482367,325.527970143386,281.32896118439874,274.7887261134439,259.14740600117284,283.40448430403546,303.45834729474575,296.6376538117474,337.9129740727176,364.38205810277975,354.2470798897143,368.51164934354017,351.8375060884369,342.4711481839232,324.74655793831266,300.294699990368,266.8158182252088,6.650793539044937,4.912947205416004,6.258970642432217,7.087163758884155,1.9447752249762535,7.577191126946275,7.8639338959179295,10.820056530927944,4.708903192476919,13.577903031875891,13.505375812617313,261.40506869065,253.02689440859587,260.8413410448719,270.5890806579577,251.32768016439127,197.43107041223732,213.54793842300637,197.08934083897208,157.13716513374288,171.12514541431943,192.55636533219507,211.10190510655602,226.92754500227562,254.19752241817423,276.746502526998,254.8408921843648,266.6218939234171,270.5681074330003,255.6340620483831,216.37835180002335,219.8993444199641,183.80430595726457,162.96262435715772,155.24546756895458,145.31799133126566,156.40343147394873,6.368652861964648,180.04777930306255,189.21012004777012,210.68153070770603,207.92417538134515,203.11698242965525,190.3238823143574,166.31847865441696,165.0744899006432,150.38406273504793,109.3761818225538,96.96004142309816,78.25144755320659,53.35606057643006,53.480582228143064,54.392812704060056,82.91477083773006,112.80290392482961,128.14913868290614,133.75609826777284,143.72609173345194,167.59488374439303,173.74146783802544,173.99302268857193,171.26121588738337,157.73381994230647,137.6763616003477,0.0,0.0,0.0,0.0,0.0
2025-06-01 18:44:21.505,1,0.0,0.0,0.0,0.0,0.0,0.0,152.18428451541936,84.70251927063246,110.78138451279544,188.45082864400956,301.48381387977923,383.7065432172763,471.3594123968089,536.0243975574242,586.7983608048016,614.64443792842,638.4897474268618,647.3273099881704,616.396933375987,578.951182138523,512.8574146945177,437.76350573102246,336.2380811508597,236.41246263209274,172.74512016170877,186.4260408919483,284.68455770895923,406.45309963239043,508.31454037387846,614.3598511689196,691.2564700049463,751.2594338851657,2.557675156059112,802.1537600790155,768.6449409535173,739.2117161391255,659.8814432515848,594.371608314166,505.6944670077577,399.26542488696737,320.58877357300594,297.96066709569754,321.5512350906989,480.5063604893465,603.6023693844946,715.4979292067227,811.9017600662285,944.5881098809874,936.5592162810134,1009.9992786264878,1008.6602332111836,932.5646516131993,907.2326771178942,816.18164682231,700.0767949637192,582.6477338179631,475.6040745895952,489.878514500416,525.9852430132531,16.115405150286,8.940265074308794,14.118739508090039,6.824863391439545,10.709187124987642,13.864246834214917,11.59000896522611,10.031828517505422,13.550600815167702,6.0932837119222665,3.8861942160472775,701.7524581996529,593.8610832156254,465.235872982592,371.8769197594239,328.82690955304275,366.49099672230744,477.8676902414597,650.2432890213809,769.4078786751878,908.6213471956361,1022.3857710595136,1097.3266686446495,1167.4888064070335,1176.7792584824556,1177.316875580097,1142.852791083429,1056.5873190633179,951.4792444371717,843.6683095758088,703.8351642256657,612.6148519751567,670.9517355941684,663.9161269150362,758.9456589960846,886.8922038224836,1037.6037081437878,14.304502548330255,1273.8553426555902,1332.6318310797424,1369.9210399971203,1383.278102934055,1328.7747836873498,1249.7424953087952,1148.8564891126603,1056.2902927440148,923.8214534305564,790.4242158088789,679.5240934191415,600.5256438990984,585.7775717026954,622.6803926881973,693.7487618038067,787.2985616886149,871.8203531715319,959.413989671604,1023.2731241508577,1062.5137496381876,1079.7170004639802,1051.4639896720232,1023.1278152117569,968.5001466538823,885.9752900741097,794.3698458553476,17.24608674723043,12.10140519978692,11.036001830144514,4.1527932628294595,0.0,0.0,0.0,128.0,10.358372951362904,15.374331188676674,5.700078606096613,920.1451134409858,888.4399740286743,820.3328617488762,780.4604646839065,690.6519245449775,583.6954539511541,526.1520479896858,473.94962211701727,432.9874281240767,413.9862542969749,457.8380488151564,496.45000460601005,525.8748516077856,579.0140369758932,618.5206704661093,651.7070411313516,663.0650928827833,661.3066234845452,645.1943926708904,600.3539508576604,582.8268606695115,546.9848519124181,523.4138356628144,476.59004138705643,439.41594853309095,438.4558580418564,3.743877031602401,446.2990876848373,451.76582745318024,459.68269032508977,479.77676853645335,480.008339245903,385.69694673464846,378.6834365317398,381.2214950362193,351.6197158991995,323.94086007352155,306.5444462982204,271.0343097398641,255.76352709061538,248.42751814534373,276.6417524770249,287.0013137719671,287.44187403161203,324.6614115120737,322.8958120636664,324.01851973509207,334.9780848646364,333.22751241939915,311.55102474364173,299.7059901839144,268.25287052306385,242.5276942337681,8.693839586619891,13.429063955433596,4.609131778645686,9.932066762893943,6.745939622835906,10.373750892839867,1.485525391959773,3.0701012746213188,10.247317542647881,2.9356321839081545,7.340515363707646,239.63787877314581,245.74705298723646,239.58080453784973,239.70700582897825,231.2739213026048,213.3643502073704,205.67990209810242,187.06884093212972,163.6681573710408,207.41648412816417,164.0347322000712,201.89214141554578,233.59999540989477,247.72286043905137,269.08279884482954,248.27374123711942,273.27829916645834,264.631554030016,243.77293671080233,230.509303164878,213.21991084372806,198.7886558583084,171.22110977740113,160.0415509803473,150.51159858807117,152.8839345322212,1.452893211155133,177.8908650220654,198.34467433220647,207.7719658523688,199.07727477455938,198.46831691610075,189.39914641994088,168.84300418353206,144.3508773287059,152.2433179927426,118.24349795456254,90.90322743155039,67.08496358378443,49.49516150283719,49.81674393761972,54.59846644963679,75.72549552659869,105.23460186912641,115.38810910144937,130.1680601356541,147.72782849128313,161.86455435624893,171.5847467455942,166.09191192902597,166.1076287926866,158.76650424401092,134.6951211585113,0.0,0.0,0.0,0.0,0.0
2025-06-01 18:44:21.509,1,0.0,0.0,0.0,0.0,0.0,0.0,99.14714367338132,89.63076125720383,171.23270003645422,274.0980141041681,364.45438584423897,451.05004658497705,524.2911044228493,583.9338846856107,636.4396075977753,658.3249754179272,655.2612877668721,639.736170440529,592.7360130641368,539.2129717747675,469.92137334292545,387.10061247735143,284.1985473192966,196.06534546070338,165.89027086677336,235.97198925287856,359.535841125606,462.98555969473426,577.7608188226222,667.706525813981,733.2172155536257,779.0119459389123,7.672615941495782,811.0257360516676,771.6018075777479,716.7598684987632,646.6002856373001,555.3816009237723,460.445972156993,374.20239168933506,293.2913595239476,335.0111736481035,378.84282662232806,535.2915853667655,677.2141736656883,764.9370793071743,896.1827471698506,919.4504501067194,983.4520134382469,1034.5344717592482,996.809642981444,935.8213297687341,846.0651393521474,770.7221281416246,677.1961299003603,543.3099961219359,491.33705791069747,509.34649869705254,574.3389652375822,14.391457189026557,6.42042855774157,12.866176503256556,2.2385961556048413,12.527245585127947,8.357659134047593,1.5882429677072007,8.16082878573292,6.818311218936461,9.984329581290412,4.973745450759841,678.3306920786182,551.7267150493296,426.12040830069844,358.82743793436003,360.5273594342351,425.902843884808,559.3876460535853,706.554242796722,839.1801405830935,964.5832822916768,1067.75946798209,1139.0127257944966,1185.678281686615,1202.7334032393203,1179.7905416960273,1141.516827594338,1051.595476844128,943.6419365626888,823.8723032177535,672.2197876529468,613.6021601296815,689.4971330017685,712.6244519116833,823.965656109695,970.8884318038131,1088.8018455716492,7.476647800278836,1317.9465619495897,1389.8414922369116,1382.2147170895114,1393.0942955289195,1329.900821994641,1250.6957403629292,1139.634142743813,1028.1459964759342,895.7395576184099,773.783289936576,663.7681137896625,598.563963006403,585.7673583607976,638.55219570424,719.7268301934873,830.7377303682102,902.9657504107175,977.0591833618466,1029.9080432914984,1068.3926495014005,1063.981400399403,1063.4374991294878,1041.7887893756874,958.4936367753824,864.0741537688049,787.2890345477873,6.924836435578193,6.732293486504379,12.887079311402875,8.783259371929368,0.0,0.0,0.0,128.0,8.180093956788895,3.8460885029787786,8.732120053645655,946.3977508003816,909.3700878293799,866.2401749620138,789.0222554937444,716.4830614826666,588.2766180957245,533.5084995455311,473.2176865125998,434.6740426449463,440.39796041449785,446.4613434033734,489.6220459173251,540.5029606839845,595.8829544567338,641.1548979856711,689.1669202442373,680.7729572418141,685.4735378106536,674.3867518714419,599.2576944434209,618.0405284661,582.8202202673532,511.82142016348973,474.71575129295724,457.1987056746973,423.2151127889866,12.493515036599,411.0957051036416,437.0296796922551,453.94708086073297,462.7573452603661,486.3780643160488,398.21700039344023,378.1169820103872,380.2170615413429,364.8841312815763,341.0930034845636,296.90715034995617,287.4298925262901,280.3379409368846,248.08055104058897,239.47351841723088,258.0327629449818,273.91674272169547,285.327246992016,309.52850702742404,310.389668979781,318.8108679958108,323.19407893775707,314.9745117076619,294.22399666802033,261.90833589283005,248.34068369745899,11.26616901838488,8.401590860312604,17.35829389992844,13.722575904770359,7.597253755983441,3.5742979720341985,4.063736373347146,3.1111764362969976,10.461070498840565,8.666122509826298,4.149418147999999,241.24516815447018,242.48619854499293,260.49848172371674,235.53352808502711,234.0978898377295,216.66261067900325,214.92596650197405,195.86895177823985,182.3574781317782,179.4566511017525,180.8434672460224,208.61835014827145,235.53337228610275,244.75601486689487,254.53961396782478,249.1479960070313,240.59760914584382,273.5020323044081,251.64710927858587,224.5372013349071,235.15906696215868,203.4003026729233,187.2689121163494,162.80974054779722,141.64860245360697,156.0716337476917,5.399924359865157,175.22300602877274,174.9811611857487,182.13254402952856,194.92991902660202,179.15652577329828,177.9430094883249,167.90390532766472,158.925477660785,142.11258378482745,117.68708242013989,87.61183723448204,82.19628325319951,63.654232823032714,41.3039517100032,55.14125811095011,74.84505669667571,87.12560073682764,105.86518710916738,133.07114717016387,155.9941359138567,160.6010435198793,171.69037065025364,170.80784768550225,175.12077080123007,166.07299087651364,149.20603577364565,0.0,0.0,0.0,0.0,0.0
2025-06-01 18:44:21.513,1,0.0,0.0,0.0,0.0,0.0,0.0,242.63153619380734,152.38196237069354,74.1983097110382,122.73734114057072,207.2538906905048,315.9548658297854,414.4630126155829,503.4970824437703,585.20763238707,633.0733340515009,670.1084968485475,690.7912199464408,690.0112622490835,650.4339387640733,614.5119534407887,534.9481549954616,444.9517801824015,337.73482363792914,212.95716522751462,172.55605149685368,202.31830660467827,314.4104814529452,421.54604164438433,553.2519258384461,662.8676142344235,742.9964256768536,11.570878257609367,833.7620388794586,826.4174659831363,817.5975870726024,746.3202331341648,673.5814861187927,598.4273053433958,488.7334055291179,405.71042302975343,300.7280697083113,297.5203953330094,418.2091236956264,488.9998714168193,652.3380982454416,750.3344921234234,880.3535042585324,930.7320744079229,996.0066855499671,1001.8712124863496,1019.4791459121144,942.1010583288241,836.1096556881156,763.1994940928915,635.1191157819655,538.7525472525998,484.4935317354004,483.7609596655574,5.3321386332400955,12.373045703558,6.565042321597915,2.8074783928560443,5.289941358185746,11.3173072129922,11.883178449868545,10.380171942550211,16.148394070250454,2.4374051764574824,6.370146876600091,742.160695908833,652.0508879710399,510.05781446604897,392.26743622474504,325.636344905721,335.6176149275911,426.8722857072778,573.4722699811002,726.7588728065905,856.9655276432283,985.3861637978782,1093.2402818466978,1155.5506040363487,1179.3085454699979,1199.000932214603,1154.576693977662,1097.3354564861397,982.9431631270936,865.2844876675266,722.8665470485294,616.8806073774485,668.4502256122172,658.5559544623939,720.1049988648507,864.8802463307322,1006.213524141334,15.895577739052023,1266.1864361917847,1335.3128152031015,1383.5174316012647,1376.3022022640557,1335.2499953227461,1262.6454129983322,1158.936374664984,1052.9653266886899,930.2793211593961,788.3676863937791,680.5677880237932,586.3438709002947,575.0165789579946,609.7069586382466,681.6535194471913,775.6830239237819,865.3415226543169,958.3811339608257,1012.4782573071861,1068.4816442979807,1059.984617604305,1057.2101837846203,1010.3413052034948,949.4645689727623,866.4678187412549,798.77951763983,2.3394550137554995,8.020302648023758,14.52173710120535,10.77211599749355,0.0,0.0,0.0,128.0,2.960776864652191,7.692714751370673,4.125027565540284,929.3281162589712,888.5791434418578,823.0326912102242,767.5608721694551,667.2207061751299,571.1648152505761,508.7028792372705,447.2093162556015,409.03876880842097,417.5514845164621,452.81505756059045,505.44989335496166,556.5502322861585,600.7967603991483,637.3833029787812,661.7010843505683,660.7612947752749,659.5076695778059,633.044510270194,586.4753100149687,560.4773651516522,525.2373964538507,479.4744232426762,429.97924154641345,408.9597569612495,398.4708551401694,5.203270006700026,419.3282610018547,427.06257558215805,439.48763719055955,465.80051961783107,472.1256520722004,371.97734298253647,351.75553591714566,349.9703217068831,322.5332776246956,308.8179570610867,291.8992562922142,254.82730398448362,238.20907792016638,237.71695980573426,219.18816349873367,271.68726984420596,282.653439839637,307.2393577536073,307.3692836326613,320.12164361171085,311.60614799757235,303.5308650544415,297.4787660265849,279.3316426947564,256.59554946409344,236.6152562969958,7.711510560108569,3.718249600064471,11.001102748113254,3.866588532978909,4.211425952704401,12.751230009797212,2.0567104541570735,9.875706477280605,3.7783841664248117,12.126870845035818,9.896890260586705,262.91646990219203,247.29000333410883,238.15395759286574,242.9879555712046,221.07597876943092,197.7985001993538,184.00022493123743,172.96002871259304,173.61176992531426,159.96335007058218,181.47601956640844,231.65709419201804,203.430122362882,256.17030189585347,295.5048571592087,260.2407550259079,259.02858113149125,259.5461823924701,260.1393913780737,229.37589478918477,208.34719884458812,182.3879635235245,151.20173946019844,163.25828084270051,169.8127077842041,162.43438769598248,1.521498729173877,200.85761738657288,212.56925346869937,216.02679700619777,202.57742891722992,207.37638114953964,193.16977472023606,181.11897277212177,163.39645408112426,130.55382715591543,105.17044094243272,72.56682038705908,54.592537720721694,51.303091570655035,55.10015081636617,73.94348649583625,96.72490418548044,121.72945351751748,142.83666236612,156.4767669733469,160.11084381087073,177.98819734720536,180.46577975664547,184.7440411127743,166.88072921588235,158.42783731364023,135.72392572642377,0.0,0.0,0.0,0.0,0.0
2025-06-01 18:44:21.516,1,0.0,0.0,0.0,0.0,0.0,0.0,66.81603881683671,101.13805549156912,193.8751941195789,296.2907402225735,384.45213585400734,466.39692185630037,533.0286997703874,591.4652938658191,632.9076250142714,639.9217855524296,650.3196866249726,644.7859468279873,580.1182891108826,521.1577735661451,450.20397547165805,340.231632434492,250.10894338631346,156.479018466962,175.10266246681155,253.0431075833678,360.5828637942574,485.2367000079725,581.5728343808152,678.2451477893526,741.1133884550353,795.0675936087571,4.041379310344922,811.3000503353073,763.8321380114701,712.3367521231407,625.4352294339293,547.2174581733466,434.9060000486527,348.3114344976521,290.49031851451156,297.84723858920023,374.3987744626342,506.5017945820004,605.0673948858325,786.4860943052674,838.9087876957099,909.8642878732009,1037.6485588374806,1021.3266252934766,1021.7925751712545,926.2315854555427,864.112473309417,764.3409607875144,653.9035649941552,529.8481738337215,524.5250436895549,502.4182369367145,574.2007769865266,13.608965109668759,15.270101863037045,9.475726014212517,18.82719002381834,7.249323572285914,8.06225774829855,14.301510757763637,9.53516938059488,14.09550511511599,12.197769751481973,6.729783474193635,639.3011560879798,534.6806760285743,420.1734825055106,351.3358543752958,350.4342952251035,439.20069340047485,558.2478420416487,716.0162893551274,833.691806028297,944.1344294961876,1046.7215830811394,1136.9355637534723,1158.063410056779,1187.8856357634636,1166.6086794961461,1099.1590455848818,1009.440842181463,876.3536862866882,788.3322908573494,658.5270784853988,580.0133664556984,679.1361921242441,709.7288213749919,830.935949290364,962.7257820878186,1102.8763838092477,3.6669996040756843,1328.267284255773,1355.318778012063,1377.5256805150289,1342.5079742209048,1295.1991608385222,1191.8357222713803,1097.9505892596512,975.9210205598562,832.8804729351184,717.977879090349,623.004463535487,569.8282336727787,566.0175917875786,619.8135633655402,720.8360651147926,813.3639805802344,884.2056460121825,977.9483106337074,1009.5396774392415,1054.529743291803,1041.3934519834042,1024.0591688947982,983.1296431546244,918.3311268930619,838.1148937534956,753.7548765966923,8.926137326504868,5.034620524534064,8.228859180907762,17.069212053896464,0.0,0.0,0.0,128.0,8.538192739082865,16.25284967755544,20.05507335245198,902.2438387077204,902.9062244896816,813.9375070465981,751.4934335763867,667.7647747516983,566.5698705037252,519.2571531742974,447.3603268029775,392.67046930160205,393.56828188721875,425.04338889494807,486.1780266754543,539.342301979911,569.8673115703272,622.5285272265035,637.362670640554,662.3835270347669,653.8865145222192,639.1928029541265,596.1688702913992,577.1234638937582,536.7748935379038,482.6258792360406,445.93168213132145,404.8774638292128,397.018719866743,8.261915584745497,411.33683862764553,420.2725812410117,445.5169932159272,478.94261307289185,484.31797681620947,388.1943831346324,386.8800769448995,378.6196129252844,358.6899911228784,325.6252157375593,304.2259482907367,279.50910095466907,232.5156959273236,219.61736302980563,218.4778576629147,249.38323243941164,248.9549170238602,285.4564070839904,296.70494776675247,311.71428317705664,310.81799375060814,326.79009534928394,310.0229378109898,293.89059283119576,278.4396205205946,273.77928776722035,2.8485773565907504,4.534842319695241,3.0480626392970005,7.2632153669181045,9.073697872262827,2.992709027872963,2.2650699810300527,11.059599061355309,12.163437783591132,8.579566121643047,14.460840592978668,247.90202353176971,249.2247870788013,244.63443746914865,245.04479689557104,226.36905855056074,230.69631154435726,198.8197018813229,195.33915415289752,176.54604292667977,178.4448737012933,195.6064693812055,190.23176816047948,209.0478419600334,227.06210852006137,262.1780957430264,253.43571130877285,243.58688399857417,254.50989332149484,260.66500788801756,249.747874606839,230.01781041857637,196.85135465902505,182.8396394100699,147.94488551361664,145.8607835606744,134.4353082136144,5.6719688134487685,157.58942689979645,183.92903672148196,196.27211147008995,183.11785309805663,200.4352640629898,204.06454245144946,187.13013083320496,178.07616522212888,150.44501158579482,131.1462975787697,117.43623043522,78.96764696674589,59.12821028730916,44.94683079366137,37.59010653567597,59.366722288412014,80.75827266337699,89.98657801285569,116.30954288568013,132.34044661597446,158.0609771255506,175.03169084160353,170.55568422280442,170.69774592341977,167.49528312793032,164.06683148764057,0.0,0.0,0.0,0.0,0.0
2025-06-01 18:44:21.521,1,0.0,0.0,0.0,0.0,0.0,0.0,221.88827368169353,139.80715288991587,74.17609039347867,116.56832964657539,212.35242762766308,318.113708446797,402.2874102501189,501.0187051891491,571.3433704900755,623.9248133871585,655.0254488062525,675.4899816916648,668.4252391453557,641.8813162111346,602.7497749303824,527.3626919270175,437.47255922450915,320.1679145455589,221.09542698840903,153.78311437653923,226.12913960743634,310.84844942356216,438.87758309360026,557.53705052327,659.6513926618338,739.5609004691823,12.923114814285121,836.9449139470404,829.8479355087576,818.7290753816962,747.9748664097522,693.0275098620891,590.833921220464,485.28551367370943,392.7138203288909,308.3212855099208,284.16894284899723,383.0700080124531,499.53974965547786,655.7719748985293,751.9150408081965,844.2100566687923,972.4580653371904,1030.1426380395153,1041.076869426723,1013.2747431462479,970.3596657568869,847.6241828652838,759.9862310357777,646.7133324030974,540.1989547372772,489.8323388885117,480.2175747548276,14.783426272616403,9.572589508436534,7.135661056628721,9.732278206120622,15.368168672251022,8.028078784973262,10.502387213776911,19.656892262797193,3.910834950426638,10.082784468043181,11.37514706346528,770.8767197045394,663.7483363237411,541.7654841597861,404.5573786356771,324.5933075498506,329.46260287970586,452.2838779192678,595.7048279502338,725.3825027657115,881.0715022120296,1007.9704572733382,1091.6451200387228,1162.665595058568,1197.6728628162625,1189.2102194736754,1155.614096031677,1098.663261708946,979.3157096376607,881.0903896596138,711.2246653734255,632.6615656505533,674.2198625909838,647.2179429368077,713.2193867289557,858.3323556546345,1004.5502500641902,17.20791302900395,1263.9402561144918,1345.2843890355805,1378.2970782024915,1377.5589372251486,1351.7857410591532,1270.3151670952911,1178.866914266847,1057.7177298628258,918.0636318921217,795.4437089023554,672.3067190534545,580.4794345060837,552.0671367350826,595.5348994777779,653.3034630344563,762.1325733382213,865.3561138026051,952.4723332055333,1016.6595776538746,1045.5807830459867,1041.3619492975058,1060.725320817534,1013.7549965356196,959.219759258791,874.9167756985375,779.1081948226822,5.43078812705306,12.415811685146856,5.015295005384431,13.034482758620697,0.0,0.0,0.0,128.0,7.238822049315602,10.507418985118443,4.86206896551721,907.4481991262076,867.8980921578813,825.1350960211366,757.1983710120977,658.8861472579521,556.8750709390563,500.7190933793827,439.6733072243345,408.62134408454534,425.76268707300244,449.9853705273753,494.18801991511424,538.9913901493604,588.1419447660832,629.4694269195674,653.3084513163766,672.3968541956575,654.2238254108223,630.1525428845572,565.2297107998062,581.2475591846504,520.8855315825799,471.56030879933786,427.04290320879954,408.8962080445574,396.0649649859787,11.777010555563363,409.7386802011904,451.77586212663056,472.6713229563465,477.86742989761916,497.202119462732,379.8677474536913,372.06665300771044,370.4691042254908,355.2037258955854,326.6397268051899,301.3379874539515,252.452113471927,252.23307255110694,245.7188584802653,258.91271677231174,269.230620352828,307.8271664325369,331.6886658688157,329.8237821557365,346.69861050526254,336.4085356812431,321.63037124459726,330.0108161914952,293.94828419568086,273.51617214786825,230.40516503993132,7.41204400815138,17.595305013650357,13.162119769588344,3.6669172593147104,12.82012202151194,1.5862449649614017,8.511995792232915,14.134765025574163,3.252713980804058,16.257222501147936,22.18051687635723,249.69287419787884,238.50644948406244,242.94697099653797,235.48542106563778,208.3865255715964,175.57624643065003,164.1249397068997,153.7540863148618,155.9912539483114,164.9093124759229,170.76343721377316,191.83100159273633,224.57782217843777,217.98221423838655,280.48602803020196,262.0668991768251,270.0279748421549,253.20314568566099,238.29464710273996,206.56872405781715,215.87104889416088,177.7015856225921,147.93820927223607,135.1356667727591,135.25914062866534,140.73212858625632,8.790060325343966,183.28152548188953,196.6267545541263,205.37859713696747,219.49282449637147,205.0599487781727,199.34568483348926,177.8228484053456,171.95231186789883,133.2024223982025,112.99064288007139,83.57122013447625,66.16573343065788,37.62039553157365,50.27124331547223,68.94388805382341,89.19976203947017,110.09060628192266,124.49553145052944,138.05205082422953,150.7044321865537,165.24864368232028,174.48641855378557,175.6470943689135,161.13845602174445,148.29452547417296,130.7187104887829,0.0,0.0,0.0,0.0,0.0
2025-06-01 18:44:21.524,1,0.0,0.0,0.0,0.0,0.0,0.0,215.97141432724575,147.2425942202186,70.65781232133229,115.80646100771688,223.66220010600586,314.27388068439745,408.8184535953816,498.1128061621921,561.1690322929929,622.1640247030192,668.3987666930806,671.9372222019024,674.6764340565578,646.1338653586274,606.5109034422708,519.2841787263752,436.35405091172504,329.11512322380037,214.076560390024,165.92524818534042,222.40460805754262,310.58235502559546,433.6112004660029,553.032922588982,652.7381481089747,728.6972066410314,10.860135298170551,817.7507650226149,816.3899899192218,812.5790739672068,748.2433364050431,682.5577030685957,584.7091192673095,490.6452322638097,379.1713310818355,317.9828826893089,294.99626988868823,402.04360176747576,521.4367739144412,648.7316679937353,800.7133896492436,847.802303272033,951.8154963329314,1011.6059200206438,983.6875182443744,1003.5969254046031,952.1073023908143,877.3227250300248,778.6517072897391,657.1370444297132,539.5321777516715,482.3569177518266,500.60276379430525,3.049033544292784,13.4631406009278,8.626019924987693,2.7485626657554674,11.106149650434165,7.401627946367364,3.153527849654647,9.858136267881445,1.5885790285129893,4.376660245008635,10.337440681911133,753.4897588390617,657.20305363219,528.383640792522,412.9593454407485,344.34674147106693,345.57205879983076,440.81543353785025,597.8888137921476,713.3292433802443,836.3142299670585,972.2979843872837,1057.875829380892,1121.1097985208144,1158.0540439227664,1158.250227669518,1122.535138284866,1071.976429521846,957.9298349702842,857.2831713261095,728.3116414958964,614.8352668231735,675.1164298588303,647.3254582150497,719.7168405808742,829.7425451582152,991.3202554020052,23.3798901833487,1247.0433188750887,1300.6979478716578,1367.481224144382,1351.7987971232835,1327.1790814090114,1274.6757943530952,1163.4351558401459,1049.6930261447642,925.8687643124478,791.9602079022978,682.2375355341635,585.1595035613957,557.9231027935266,582.38767848323,644.4693069329268,757.0954823638864,821.329223819591,928.7914930287037,985.2363657273639,1034.482641124198,1038.5952812244857,1021.0687595834985,994.6822657936614,935.8874963229193,860.5440143371451,777.6176330308787,16.857089449586848,9.219544457292889,19.334145020744504,13.280910251707743,0.0,0.0,0.0,128.0,6.334906551336515,7.3883324124810565,1.2087216994007983,886.3250342076032,845.1685551342856,795.9811255329873,748.964007699221,642.9398557076147,544.4190804471102,483.38034919508783,424.2471760832395,389.92835018250474,380.8987801352414,422.54011064476833,469.2915526614446,519.1187758218155,571.6325166301252,601.9533491103911,620.3259693592237,647.082968462822,650.5406738872055,608.8446985846169,573.2055893887812,537.9282873670995,514.3169818599529,462.2624249267106,419.58079723106454,372.68086095124784,376.81547962867603,14.668432226322482,385.72044728236614,401.6938545754303,414.5620174707887,434.46875735745795,438.8563119485868,350.9408735581958,340.05834379045916,335.9037430649115,321.04115831283383,291.933245135361,284.6618821194884,239.71967281137913,235.69837027252194,219.76301688855213,243.067425712675,251.81024322330617,267.6586989837304,292.84767256566397,298.03054576742875,306.3362691878976,321.4628051898909,300.8733136242695,290.5742393080111,268.712599872953,258.23755867558265,231.57215705619242,12.68936185011295,3.2241240579444304,5.133310112028133,5.311623024696736,6.9200896563844845,6.662988843413043,7.989147297256525,13.444003465429976,14.416155406486318,15.175750765359709,4.221829674970524,234.03500754026473,229.65252687713826,232.18907728242567,227.33321102177578,201.57467858657327,172.92706702998498,165.0442183937421,163.42319730011926,140.25917405534676,166.90556219092443,188.34634285562714,187.34330745650786,197.26716601239625,240.85566052449875,277.4825746349125,246.2365958208734,243.69211585833176,248.2992842916414,236.42835366667057,211.46305565033128,187.18713455928702,173.55586872968038,142.9427454521076,132.29833339317597,143.04148213595698,141.24852665828215,4.616066767344405,182.40868552219573,190.908254494267,201.21070101086286,192.82728209848509,194.405482272816,181.3267436190074,165.26761926724438,151.75824958308039,138.09865609460454,103.59264295374254,82.50205968226444,58.034870281044874,43.073041461555334,50.54684612329644,58.238355275358046,86.60204684284997,108.71796656079161,126.79786562936756,149.73561508118365,161.704688895606,169.91055123074204,175.1913459205971,171.39339718018627,165.02173985958274,158.74145426209222,139.40137229267333,0.0,0.0,0.0,0.0,0.0
2025-06-01 18:44:21.528,1,0.0,0.0,0.0,0.0,0.0,0.0,233.89108997616552,162.28272138265956,90.57131006686299,95.74411181238794,211.52066027840155,316.8629120964359,414.15308998564706,508.32932530088164,568.5471291420964,633.5530321947805,688.725207754043,689.785379321566,693.9083512099161,657.9237466336888,616.6830998495311,536.4889231107363,461.33390937659584,340.2260734813403,251.3292248331197,183.4495842987172,215.45161563676027,325.2810717688562,450.33383175320785,572.5885474311021,675.8344261638949,757.8603044445615,12.153844256564325,842.5881929310959,837.8437254800017,827.3861374447454,779.9382249183207,705.137482451963,611.9492261764395,493.1562530222332,404.66699427151053,328.5415216235408,303.5696801613745,420.95502066181075,534.4662820193823,694.0403063258361,798.9258552871612,907.2207915679713,977.744963678875,1037.5434196174133,1056.032743217005,1061.4748871207078,960.4453284930003,908.3309763457004,789.183598740162,663.9055753823201,571.3929144792838,504.36823187036333,512.5235356247143,13.731486433466833,13.037301328234893,4.433782381491385,10.80552499487803,11.878407279495034,12.237037793404339,6.479896400025304,7.927301124488623,4.869445963732991,7.809934045798023,7.685441241719455,782.5091555219834,656.566721608956,542.5047944519558,427.58002451867907,362.8219456189151,357.67012501134684,468.3860994395839,603.7360244733766,728.7009094163825,886.2445056225822,996.9219937136859,1079.7180012745748,1148.5902163576911,1168.9990571131582,1167.0389537050323,1131.9094003112245,1067.7271671276521,962.7038138866598,863.7009382200152,724.1116492582572,613.2856228480376,672.2215772618312,645.4413628593225,735.7568869357382,857.6533770638264,1015.923007064136,15.866247438728887,1250.039553578278,1323.5979128784936,1374.5710134329506,1367.0683010356788,1335.924301786918,1276.2493862204542,1171.4953519097282,1043.040238159932,907.5630256184355,770.4789393141598,669.683042299386,584.7437112335764,554.0046421509469,595.7854086814529,665.7318297374514,740.942704504309,859.0456826677243,948.8667275597755,1005.4860311613425,1044.3888721672909,1019.5759307749398,1016.1666406592153,974.505094401375,938.8494487305203,841.2417983236562,748.5758242411432,7.471282453914036,8.900159870947245,7.028518498333717,3.5813404460507545,0.0,0.0,0.0,128.0,9.817362224552273,11.418549488939426,5.9920558144972675,897.4612877255522,841.0910047327285,806.3935502316482,731.6610159063782,644.4025159002751,528.7131559849319,476.33390368154323,400.8425734044868,369.2712757801812,396.1049301277682,432.73784673406357,477.8631323786227,542.3738101507271,602.9009125211455,614.7997651823183,643.6715865105738,653.7129183162756,632.3553237453258,628.5763434168895,589.5258826543916,556.8145639831574,505.89805137031954,424.94664297067374,397.14646203264596,361.62313248059627,357.86008699901265,9.680465612845754,365.4585068949015,381.1060018106487,423.878779043274,427.10727929442226,433.4852291743449,354.55441539848925,346.53367615549405,336.201026302551,320.45126741223544,290.66206113979314,263.34942642090647,244.59263897693074,220.982428386333,210.94353985681346,211.80161695276453,224.57253918549515,252.99973081256422,264.7718615637289,291.5683063474026,295.7761818754332,296.09097473999225,313.4884559804743,285.3598685934252,281.2810646538296,240.97045028870883,223.61650134585324,7.9517437680410135,4.30780892008181,7.458378513247031,4.6480565155931535,9.324058648539278,9.856158695822163,12.747980383777708,6.732667222872699,4.476484576238252,7.657487891923471,6.017840750576351,237.51845466724504,221.03798003290615,224.54058811921576,218.00084193192185,213.03625693133563,198.3822549894834,186.57380209692423,186.74753218548489,171.74412880662726,169.71644806045532,174.64477590874048,194.12717414074703,223.84158503745815,233.69030905745475,238.3619070078776,266.8267116973777,239.27140878016175,240.26925464444713,233.6535213448151,223.28014195290746,205.03734947308692,179.6787235389041,149.26826787849248,150.2501015161388,150.2382372864164,158.43048767425967,6.875698587927666,178.59175370860493,183.21264928269804,193.16961042029337,201.26295365214264,201.63824666705233,187.5841724574105,167.61939493976786,156.68142006734897,119.0725809559228,90.59086378828891,81.77923323539088,69.95445867639614,51.75459220026591,59.332334919071265,75.23400895861182,93.6924325530899,105.09758098638359,120.59415991891902,148.8759253741256,169.42006724085743,174.78678228363881,177.93429851267558,168.39194374232343,170.73676475662427,153.273429756959,133.29888891259458,0.0,0.0,0.0,0.0,0.0
2025-06-01 18:44:21.531,1,0.0,0.0,0.0,0.0,0.0,0.0,89.16202204095347,65.16862140697384,160.75665601408056,269.73548053344535,379.14564822476666,469.6024506172298,545.3800697387816,603.9529561700542,654.023085049212,676.4231936410524,687.7916740149768,666.8420494527677,624.4610895409023,567.0975406407067,487.85825239811834,395.9236150687256,298.4367839453659,191.0805599497465,160.17640226348672,230.99410919824714,357.28068117948754,483.292320508653,590.1128529021083,696.3483111631083,764.4012314759163,830.1094217620258,11.812739406868703,845.5232836918586,811.8978743046596,772.6028359950467,677.9846805434787,598.9869362101555,480.95429958037846,363.08315792985707,312.99363570383196,273.61932802578093,350.01256414366384,505.39387848482164,639.205501431116,787.101538123973,873.1076754554822,989.2983080269785,1042.9948468997313,1018.2422209509976,1041.7024064387024,990.0124884653854,902.9169668084212,829.7781897098113,687.5585218794155,588.657674799254,509.7152669330929,498.0047572218674,544.8946291774498,4.4401050638477235,8.058271051170326,9.644795233892506,15.332351597491101,4.91780624658152,12.54475469291114,17.17190326617451,14.944855364083017,12.235234349405928,5.501778801876853,21.7156647109967,661.5921684154006,559.5944835426527,426.23333721285815,357.91309785639834,362.8917042627619,399.534643221165,551.4016095120983,686.5557359762568,816.7141187058086,924.1706851453445,1032.531979949976,1091.2630685119743,1135.6812937533643,1145.7473703049614,1129.6244003418103,1055.3480934563777,989.5884669545462,875.3807393747284,776.2904116568392,624.821761763724,558.1950762635087,640.7488623462856,658.488173124625,773.4804123059878,904.2323232459225,1065.7148297509816,10.115896143642104,1281.9238621670365,1328.907713451437,1358.0481824696726,1331.2490753182396,1295.6155792580803,1228.7987319657018,1116.2976838478264,994.1514145048815,845.9334423386072,719.8795331693428,615.6790575339373,561.8417294936003,552.510799044758,596.7313598511538,681.2266945163259,788.8898435368347,862.3131448371504,954.3297863022009,991.7532341114955,1018.5793406100534,974.398695542832,990.7069104628174,956.2295773417123,896.6054350217623,808.5134918610668,734.3364140010101,6.647265282600672,6.795567998638559,12.64246104381933,9.598034730701933,0.0,0.0,0.0,128.0,8.514422982254269,6.772594704933312,20.5934177913918,871.8278102592302,842.0584391078386,776.4602562856272,710.0945626564235,622.4911459817209,500.52764002420645,445.20308388281387,403.968257803835,362.73120565629057,388.7010245559455,417.0998315353222,468.10758015469463,509.82282124014205,567.9082888472287,601.4377267929982,630.5735804269159,630.2218882542162,620.8857048362424,601.1229785597739,532.1720441200162,544.1960476416773,483.80018847890796,415.10730612867513,378.86265538311864,362.7839278934812,343.7303456920965,8.404182778682559,365.6749164305998,374.5878954177507,410.56161488509133,423.45775223398385,434.5052592937599,352.0697415689623,347.66455556233154,337.6423183452393,294.99531772612823,279.10524696701464,239.5541994742646,227.25084349665622,193.50711398027693,188.4035120683691,181.50038002721854,214.08907191851208,224.63181261276185,238.78837847041711,281.7871745741603,287.6852125858703,287.4078526771908,299.41060969044656,301.5121151957575,292.1069494765388,254.62453777163475,237.93522745810577,11.327937031004964,7.527390717158082,10.537263211809424,8.779406847004939,3.232413588883683,4.893643868367183,7.157998705310783,10.085982299776042,8.726138957360297,3.0176876033747586,9.362502436278943,217.59944775482998,229.47396760415802,232.25796120298492,240.4790621556569,225.00033672607128,221.05364220627743,214.56655779875965,220.24603104711946,185.19970019211868,178.9732717122573,190.96344993869224,185.49709195901275,212.3352530516987,233.05711002826195,250.02085917833895,245.49660942072222,247.77309246131472,252.00927612326305,262.42804753325015,226.8970097298554,225.52054065710809,197.94419682077205,186.17029987816545,149.8744406327221,131.76448803040066,146.73511181439395,9.05049669734892,159.79056781115264,173.04682425376743,195.3966200698873,202.3040698272189,208.64186609098684,202.46466827680004,184.12294150222198,178.82176214698816,170.03919154582363,130.79561638659038,107.5276115019608,75.75992215806819,62.60550580669559,34.91652549081359,45.27652125475436,56.95303364741382,82.52562037567017,102.87708029719649,117.7501547346192,146.9612499014047,162.60152214454325,165.81364855242032,184.24050661018057,185.7387774911147,185.89489711743033,168.3610432128205,0.0,0.0,0.0,0.0,0.0
2025-06-01 18:44:21.533,1,0.0,0.0,0.0,0.0,0.0,0.0,138.1449514047445,56.768542295921314,94.71059014901009,190.80146574198204,289.36423433157336,390.7168965836077,471.6698437275115,537.7628056231124,598.2870344067018,635.8923480614902,655.3285418427037,662.82716159429,630.4619008077581,597.9651871455494,532.9473853957282,440.8075395552328,351.9825543987834,243.36943566276034,165.40951540359472,181.8741264024679,270.77980353121313,393.7920584068731,515.2079070596557,615.407442890764,706.8093460411052,774.2497485837265,10.95809733490236,835.1372605036908,811.1204820019966,782.1030615014115,709.4094370989396,637.4541954460099,547.9581873755075,432.9290988246834,346.3232023749693,278.88057358241593,318.99468919494734,438.0861533350044,574.3656309518939,692.7306713187562,828.0482486261685,926.2249234056123,1027.0633796081127,1032.5308058670614,1019.7582597587808,1006.4075550409368,913.7593310614214,846.5721048189938,741.0650502946955,632.539083488496,550.2613000559826,519.3297228204567,534.6329848572482,15.515826763225189,11.553249661344562,16.383908045977023,6.6937891442869875,8.368396593078076,11.045262690253686,17.426868647018058,6.051948956992355,12.709489368966429,6.135794632861254,10.494958172403626,726.9075800525974,601.1057962806619,482.5277858688404,407.5774760882416,370.97209934135003,419.82342193246944,534.0301958259762,655.3550986917033,784.8327371422127,908.946039765815,1001.3474426676408,1086.0375495067485,1122.4001440769448,1144.9948170430325,1120.710345799001,1090.4898648115768,1005.2730213158494,911.7188574122323,802.5639277026597,677.4867998916867,586.8173392791567,666.6873708795044,679.8791869750273,780.1928069108432,904.973190658467,1040.476804772164,11.421830238696026,1254.426836416979,1332.425342148875,1350.7108332815976,1340.8430199220877,1281.9898331756474,1229.236187716618,1107.2902325753626,1004.5353103822102,863.5768741597857,742.647649975995,649.3800363465228,587.1109373375521,575.4567499123256,615.6504267804611,705.6340079363819,789.7990737620402,878.7618379890216,934.7559182766576,992.3227547176598,1013.9686927247403,1015.5077901443985,997.9578944793318,955.7174794641411,895.7239283353072,806.0038813510934,704.1342204550547,9.762973928934157,12.776637473672222,10.26180980421254,1.0637984107563145,0.0,0.0,0.0,128.0,11.143680083404206,11.694378503016175,6.560675813053406,866.3929524430772,812.3270658953189,757.3942646602011,681.3044533141261,603.1986633146805,487.71616386911086,422.8381047103494,369.4476271451651,352.62136141798186,376.31809745252895,413.5813670015711,476.40729618992117,533.9921699716123,571.6758565953586,603.022592278893,632.9841085872964,627.0025250218613,597.2252181414248,602.265417053736,541.0252301420734,508.79084971674433,446.3422420013693,380.1172236322828,339.08411532489396,329.85695423123616,326.00695972923563,10.946841751773594,346.4982523030804,391.19436849174315,423.4323294189649,433.3366847840099,436.8019303161619,361.486180030485,338.1014435041232,340.4935221526147,308.9448139832756,287.84375565274763,239.28706097144112,215.12321173927603,189.05410439074276,167.1320469706543,163.64670677791426,172.66380197362562,221.5028532992108,239.3048981571705,272.12555797412887,290.37681360693665,302.79411083091475,307.72356689087815,318.6472342013427,298.3779337812549,266.3763354451682,255.43719541142715,12.18618708768811,17.04567380751906,6.528912036431697,10.07403233198871,5.915992209539646,8.811008837325547,12.450212526132823,10.1326854427497,6.246335083800693,10.635520653566529,9.955041891954524,221.37463263682835,223.50711407320009,232.78612528653144,234.51677728996134,233.56502339250386,207.2885812300385,198.67235559214146,199.46753750593447,181.84387521706827,174.55540329663646,173.2556458121446,191.6997747751478,204.63985777144316,219.82538627038187,245.05733802708335,239.1297678405083,252.28846362869646,250.9201020382823,241.20191627924152,222.23769530705795,200.21434689718586,183.43054568472732,157.0630180327328,147.86194078746635,133.40841997636485,140.31888431292046,11.719002480952028,167.74973707345347,171.7012600591621,182.28346444277588,196.27380212972406,185.35961574706295,179.97905676439143,168.16599188604974,150.08103883073895,127.36023042522466,99.47813102816238,83.63006278051971,52.28052976828932,39.72965659212827,32.48626307815148,48.70831727342901,65.03006068424537,76.41598651235476,103.78321296339901,123.26294943819018,145.75935530250317,154.356432100197,154.51798511805688,164.60454507650707,169.69930221251266,159.676698965728,152.78788770974597,0.0,0.0,0.0,0.0,0.0
2025-06-01 18:44:21.538,1,0.0,0.0,0.0,0.0,0.0,0.0,147.78205345962556,70.25878111654278,92.11094948689642,183.84003738329417,281.43820568324116,380.99964967102943,461.84937323147557,534.4257963367985,598.0661879514565,640.9467326085194,655.2002384820502,673.7425965540026,636.1143435355721,606.2614860675948,550.0703975915103,452.5263410786658,363.8145054410364,256.75093652892167,176.76325326683363,177.1541848804062,271.8039191127262,387.1722133862841,507.1917241084899,612.4247921664426,704.4029315272077,775.8772175941824,15.222447725390152,837.941437691964,815.9639223465507,785.4207903670878,732.2888718516348,640.3285180103045,531.0750747921479,435.2734401068289,335.599297674455,306.9075013701461,303.97836698985355,452.0048914394925,585.5821101692978,700.0095114044951,811.8734496642361,946.1643997910137,987.7092179898335,1023.376554672113,1061.2501492310414,993.9548873442156,952.1876409919648,832.8624319853501,738.5339517438392,656.1398155861865,532.904581760898,481.1649640621369,533.0123562654277,14.015253329976003,15.471494994119109,10.793103448275929,9.89717103926747,9.121162863213629,3.6639175448561074,11.091323729054462,4.355208463597763,8.98770636145057,5.487448577930279,2.750852879135282,730.9315418947778,606.9513855231646,488.36678416753875,389.35328033414487,355.15322735594447,384.32091703376574,518.1515665816617,636.7207162325071,774.2178390099407,891.8559097540575,990.3551740616737,1087.2859974541627,1140.1184656998585,1156.0308585014072,1140.5445605660223,1108.781177275152,1023.1180763164737,921.2325689108252,816.654009699005,677.068149462569,584.3234799090317,640.2832597789677,655.955797182827,752.8695614775929,880.2899763165109,1022.2662105246568,9.463656307986215,1267.531652741015,1344.5600839526396,1380.9428797816827,1386.7133731989354,1334.4235295474919,1264.5186509194573,1174.5590970744734,1059.3071462729408,915.951717871314,794.8837921807248,684.5647795096552,590.7805424286721,572.577685305936,622.951911232344,708.5999537089602,800.3626985970781,901.3865179928061,959.695766643259,1016.4148488302546,1048.36552036472,1040.436984953987,1034.83498130683,995.3142620859268,934.5745300622174,828.6347275114648,733.372714773749,4.264367816091976,8.540950846740744,11.921151280836163,3.621513664005331,0.0,0.0,0.0,128.0,10.112301879608832,3.002423151740329,16.839479795211545,880.8145765164818,816.265922148523,762.2330403767207,695.6943624414473,598.0389459415869,486.42373487368974,412.6220691756042,360.46530449007594,346.96449505780265,372.49920971354976,417.56506315716973,479.89494865803397,522.3170599900363,572.961992306105,608.314925157273,632.0784765589276,623.1838846097631,614.3396447386818,593.399078258816,529.6758810754006,503.33797591920114,451.3624160776485,388.8048819429001,335.97398565111234,324.43621573384974,302.4940068466872,10.275458150320906,336.69689970583363,374.5965385725907,385.33164094415423,416.02301950488095,437.3390796462073,350.27073127304703,326.32222305551807,314.92330993816915,283.60321723460424,260.16362387952364,216.6285248050124,195.82344322840441,173.6329131367936,149.66793759417476,155.00415454723642,184.0167590382335,210.75138987011778,239.07646764529895,260.69264663478964,285.08818953795685,297.56496195186577,307.29360077715825,296.5793040673114,289.51992188314995,258.9829022581785,233.59511498822397,10.972438413222529,11.878399832955466,9.270307129897699,7.651902648812906,4.340545022965187,7.84402454916199,8.075720189285036,4.063423423502636,5.866054038006305,13.221809690812263,16.051177712852983,222.16409654914693,227.66752432936215,226.65433095291283,226.1938871705095,232.86407097399646,215.8544686493581,223.25833944137722,190.6335760685114,179.31363244745657,177.90331746170872,170.44216217561026,190.75637904852752,178.86990897336773,216.8317087692982,222.4116967669568,246.74110974256934,245.25881109315762,254.21247660566598,235.6574734064984,216.00466257039875,201.88890561075996,183.1688323087389,170.27455241960777,141.10983764001222,126.93827568911038,141.37443782404986,4.169844675872529,157.9375695724811,171.4948667141487,176.43874569658922,194.86524136803644,186.10238795360382,177.79741110509514,163.33141765951984,153.62507447538687,134.584307918912,111.38957775214114,75.4050452275094,51.59638695498669,50.95682216598242,29.716095339181045,47.13360726996298,66.53764871603398,78.33886946365308,113.37023119459587,123.67517817228064,137.0557753028832,154.17606760726784,160.30403355184842,172.5063918905635,176.97304739875213,171.4685985380798,156.8659473428603,0.0,0.0,0.0,0.0,0.0
2025-06-01 18:44:21.542,1,0.0,0.0,0.0,0.0,0.0,0.0,163.23646198697116,80.899871048239,82.29880560261398,169.8312863881465,273.04511621818665,367.27352485854897,453.6706808635997,525.3176014160504,586.9971066771826,636.3417144789395,654.3923783698099,660.0783782699908,639.4942461037197,599.0557754743867,540.7468444218332,470.5940193760591,378.7099263838057,261.72095605682046,181.04908582883593,170.3251390607787,259.2049330166312,370.879578747364,493.5231958992209,606.4938880647907,690.8337404688012,756.2990215940135,13.527561619634021,828.7101436926006,823.0737379424352,770.719937196961,722.006234128949,631.5307772674531,553.1452150075746,453.2796184839792,361.7318987191276,312.7818039460083,303.1632787746492,431.3066365155135,548.0811245966753,694.4193114229611,791.0679343433869,949.0942442792159,984.0804306899482,1032.00571073118,1015.5095431509159,1004.7025053591921,947.7603762688569,844.4916051287836,746.9637071711569,667.2083866380557,546.7113979774355,509.34192587781826,522.5134837429654,15.647713231668934,19.165980504659267,2.1383532064167805,8.20458126025091,4.53573269563541,12.40737269234162,7.995900074855453,5.66802144772974,12.243065006930532,8.730469957016194,6.028927153063459,735.3433370665006,609.645266601818,516.9143924790467,416.33281938856425,376.7997717139945,399.81282252911666,510.09228538480727,638.5607182135344,756.4286628138613,903.3983034815736,994.649682207167,1069.9828928780141,1121.1196609318724,1134.7322027958048,1115.2386037324766,1099.874165536151,997.3542518644034,917.4377951293674,798.0025303247122,687.4628233492612,590.2688379576695,636.7531339873813,661.3260885201088,754.3554764572235,872.4186065503677,1009.9422204245441,12.75677129099532,1247.7720181627092,1336.335766429764,1342.033687186167,1384.6526968754215,1309.7292907485744,1251.9817721224015,1142.7274027031365,1046.022875404604,918.4393777887249,794.252255755011,688.1237687223062,594.4139529806158,582.7467150507811,619.3158272224729,706.9169698302937,780.4618325825345,886.2114284503466,939.516729124009,1014.1274556239296,1022.8673564801753,1033.969480213929,1001.9777342627292,978.3050019944732,924.9935878866784,816.8306909836027,730.4016785611176,2.3278908901983444,9.413017443847341,11.19061947919681,13.70468973432476,0.0,0.0,0.0,128.0,16.349158606498307,9.441638172676312,22.83452177745525,871.7344973084217,797.720770171044,760.5495525835215,680.9881051562627,595.3903124112691,480.16735955360684,414.51246225985096,364.4936136488524,349.94041560907044,371.85247888302064,421.69143111984937,476.15369623995855,531.9369928107897,572.7635113905745,595.1279042498105,620.7874506725472,612.7305700178277,602.3775501699373,568.9476797197386,519.7063624898923,488.90072373333754,420.096617629356,375.30069940775365,336.2652027411027,299.4690635303239,286.97078818528104,5.603036088642828,322.6024663032231,358.3600088428021,371.02805905086444,399.214563875076,410.10441473756737,333.3316011165118,310.0936554492139,297.5771790504339,262.28377633129486,247.08710894070785,204.31317117924343,182.83969253480976,156.28488772115978,140.86484703368723,145.41371979423457,179.09848410685893,198.64080433566664,230.6475318455329,268.8500482511776,273.8125364134554,285.03637171001196,298.7104582804895,290.8150302084247,277.40247028869004,273.2706990492576,231.49004685466096,12.287949249634124,5.48047101209336,9.107634230887328,9.520131666279212,2.180829973176059,17.095927144162385,3.5099317863528743,7.407568160731298,7.17114671995967,13.140557520580408,8.113952164761667,218.31161750468146,222.29670533307382,242.4297753270903,238.28195761732206,234.57917699528426,222.77460800676204,239.9937281364453,203.1246711024742,197.04626177348572,165.97469104832842,189.015200861605,214.63795472862245,203.31531551372154,229.40896420994915,253.27652740728462,242.38130928218456,243.8591511440819,246.61332022985172,235.1017476370976,207.16881462640376,203.76447809722671,183.40867516086297,161.61180160861574,150.65147626517484,129.3028626039355,146.22289042995104,4.424863631666578,165.15700961172615,177.7372914585749,181.51375108466638,198.67915595908448,187.3605978243864,186.251094865224,167.2815657455287,150.32208667665208,121.8620471607766,100.9554357129917,75.01089352547598,51.999525500465694,35.40054044468558,34.54299248026321,53.91371364573571,78.97960209883149,85.28937219117252,119.03930621046095,133.28248292932025,142.23033326759807,152.4175316779295,156.92097511792304,163.10744493919017,161.51720137200167,169.3947626662056,145.02063522480313,0.0,0.0,0.0,0.0,0.0
2025-06-01 18:44:21.543,1,0.0,0.0,0.0,0.0,0.0,0.0,155.65278844698648,70.10653747682873,66.21224064172296,169.7007901032083,276.40248759656174,373.9357535534085,459.6676909628568,538.7616787222873,604.240468242046,649.1113869604719,677.5669689892247,677.9011136297208,664.3694293928293,615.4136975327488,569.9911395955004,476.2576929164485,376.8481870059499,269.4804172313033,177.20253974027503,152.2082658478462,245.44072359059408,368.25485527782575,500.69609649907625,607.393907530768,703.374707072612,767.1292846711337,5.970377799016053,845.3591909173027,841.7449645790011,802.5849733043614,736.5362830216962,656.7380797697938,570.1166585251226,452.77522385906065,354.8104920261989,295.7973630111466,307.72678672891556,430.2753510680309,553.8606287132877,700.2754301254457,805.749115026782,919.8092451198711,979.3129472978228,1062.3846791996436,1026.067514432396,1029.6159026696016,953.2072425221793,865.2255922103243,766.9602510449722,674.9847977783519,548.9643170533556,506.6327895455478,528.8016076478326,15.73796056308753,3.8707107748443903,7.507803973484274,7.109933182798427,5.221513222880098,17.561859248255363,12.942607661334605,7.765074394515222,4.126222155428885,15.634965332619293,4.754689220725685,766.9894908291369,648.2318475709726,514.8773331431561,431.3411801847168,377.2305901191572,405.727144909875,530.6086905608108,668.7152415195359,802.7885336165593,919.0797577331638,1037.8316180341292,1108.3577222848717,1159.1470430203476,1171.9126838381223,1151.355583663525,1116.7776809824668,1028.4765233394862,932.1219128255676,809.0606597838633,686.5317721358776,590.677160760362,649.1835749742437,676.8629963475183,756.5242552827701,891.1100169503961,1033.9864651285304,6.0282108332713245,1262.4760378200015,1357.8114859084906,1382.6188610906072,1385.5176722309,1334.03148815663,1273.0114849447932,1153.9235089171666,1048.1858467822562,910.9960216876323,796.5132951789467,674.3823007118966,605.9841485364782,583.8504927689328,629.8532978650926,714.8755346107484,792.675370841456,895.8148021651662,968.1296509985616,1018.1486327309401,1039.1940604369747,1011.2187550788478,1023.8433690140196,994.8279383698123,923.9859542727751,821.3054908509075,733.3534819131245,6.76616139956683,6.451943331007571,15.580528436192436,13.61589333943822,0.0,0.0,0.0,128.0,7.344349882197834,17.447771731868247,17.086234077155826,882.6104098785097,825.3496690964996,777.8147057387702,693.2167932858675,608.0159362641402,483.568961216582,422.12250164870164,383.9477104039933,365.9390454282391,403.8130255140575,444.8624290548062,497.8642732508928,559.7490562760539,596.5399274339085,629.4133265134063,645.9610099736525,630.298177836404,628.1425401038695,582.8053496432638,518.0839668498087,495.48892952324456,444.98936160577733,358.7293323679157,345.009191625492,318.34635524185563,316.37730281013603,10.989630069545191,344.13707416074055,389.38707966164094,414.73471418513424,421.38072555369183,430.1700798691289,345.44196789185173,316.74339103502126,312.68225575698636,266.72487312382873,251.25620907359948,215.5521164337197,186.03071129148648,141.3399095566194,135.50498025434294,136.73113601666,164.915206969837,214.06805094014098,229.0010257896153,263.3576801074266,273.79312748840914,279.7814461270196,311.3576853181653,302.84206740827267,275.62006663182694,262.35742878042055,240.32183449788252,19.324801244204608,8.823275454457882,8.800548185284478,19.8609971159431,5.263845582095646,7.220180920438566,6.037513891648012,6.623360463694648,3.663275761938384,9.7606402591367,10.090578022602546,225.52922957752546,245.67375654353424,242.03377543424443,254.00729141563596,255.90905518285763,228.20011003519625,237.84306721845562,192.63368683125333,217.09317945186686,194.00248671604768,211.29744534836854,214.50771654679778,206.48652558966324,236.81612703256417,257.89045244337376,231.12964439989523,242.29361630585592,243.58524720665702,247.1839897288847,204.74895977710148,206.50444444680446,188.809867573513,158.88756410166496,151.68003610793292,147.00033739476166,146.4439158344411,10.954626014677496,179.48983509501267,190.60289067942486,189.59268549342363,208.65893479566193,201.78941191339945,182.26885454118298,174.52835528473148,153.9409619464723,129.07514754088692,99.48498034125464,60.91091757154683,44.460725300691,28.814589150243858,38.58610958421168,61.19242993814524,82.74048545745424,88.64609524301414,113.56290742762799,130.85038412173267,133.8493814214084,153.33395923963886,155.44813220635308,171.83588729453314,168.28591246404105,167.30321935984907,141.66522568892387,0.0,0.0,0.0,0.0,0.0
2025-06-01 18:44:21.548,1,0.0,0.0,0.0,0.0,0.0,0.0,132.3823178956935,43.78554204979528,79.73245729794861,183.1458154544902,282.9780695173607,367.81275259225845,459.57524846969227,530.0892823970929,594.9736743223647,638.2959222392836,656.6117822478553,657.5944344190275,632.2351226129699,594.5258218495745,539.0318920511653,450.808219114894,354.3682251116131,257.1627949044439,164.10851307931426,154.50148068000263,253.60669271306577,379.53034641901127,496.29814965332196,604.6548621527422,693.423293191586,753.3572376335379,5.425218590514018,828.6357454193054,814.8928329564257,772.4403071133307,713.8655075378399,634.6509497185787,546.1576573648865,444.9281624039931,360.72365516142156,282.29725752687017,317.9162718982296,447.9873798360431,547.8137880809734,660.9253721632134,796.5689615582882,875.2490447397694,980.9803619957543,1031.2974824826808,1014.7979870782627,991.7472749806293,920.5566363441023,855.4593389921251,765.0048084611651,653.4292311225848,544.3631144009079,524.8768837694288,531.8362360119118,4.6107753560252425,7.97063111634198,12.395004200725115,13.861622293791672,10.94043849817788,7.168018755143907,10.29557856235051,11.673545069108492,2.4222409375342933,17.06320506613315,5.709984770519596,739.9920775977223,623.6760427002577,504.8412667595612,420.9044818099203,389.61302304681703,436.38738148540074,549.3249323930821,684.1169782767414,825.0713572135618,942.5438224673467,1047.8932071478403,1123.9015942505926,1172.6780752196703,1184.0365400340609,1166.367428063875,1129.6886597852101,1036.0046865254674,939.1376844159892,814.7410044938996,688.8944551425989,602.0621249085273,675.2038262645106,693.7259097676208,792.4022269018125,921.7368243193129,1058.5936064621021,12.202769775647731,1303.1687498331319,1382.3071913023882,1401.6842318726312,1412.9759856818614,1347.8340623118238,1286.3608214590745,1176.5472432538368,1053.0500092153952,931.7998950080479,801.7091022892827,688.3546769489584,619.4635867284143,610.7544387966672,653.5328965858179,739.4149974693004,814.1340896311195,926.5049673160114,991.5674703537368,1033.3019767910434,1070.0038673102367,1050.648714472573,1053.5115265301972,1006.2344957093409,941.1803531794787,828.5198649730465,748.730402069098,4.732671446102339,5.94977629583917,7.453876315826483,10.419699889981993,0.0,0.0,0.0,128.0,9.875387255969917,7.284036978637957,15.06237141364054,882.6307123170595,826.2221806786207,770.4381606318692,689.6137360171541,594.9921762215818,484.21496777247734,422.6290827378392,382.8391609304962,380.02209835958666,433.5549415499237,457.29209909764876,513.4234393212148,559.116556183263,606.4845179735746,635.8645046245442,646.6407002553251,627.1170528728446,611.5772780551994,591.0055337466579,514.977492830618,486.2046998572645,425.43447861716317,345.28513897152,332.06028558811875,316.92074560227314,304.3505294617642,8.98554523813426,365.7911391610953,394.41301637298153,420.30296518775725,426.50754348741776,421.0556918918148,356.2115829197265,327.2422871951533,314.96729601227116,268.3843698499391,236.0703676287971,194.5870452644859,157.5699621261154,126.28435679834053,115.2351509826161,124.99222008597637,149.82444518873078,207.58990939097197,231.62418592222048,245.84960571032292,270.7180810215194,290.87974281102254,309.3317304301475,306.8887811524022,285.864999608568,275.18695410002766,244.6983131814868,12.121058903489374,15.603153481822533,2.778996022906615,11.221382175398716,5.579372876646995,8.038121443321469,9.195985210884201,11.288141573148714,6.035436379275646,8.114996322953111,5.738168929264043,232.4656532371888,262.69841834484106,254.38243330211318,266.9417810140406,260.6180431752693,239.53583284755072,242.8272003494219,215.65644753089225,210.9166934965067,208.82198987357583,178.7857656512031,206.79636837872792,206.8071830551203,215.05134264481552,250.10764008018577,240.06133386311117,253.64896063432323,249.94267525478497,248.14832237059318,221.3375438629704,211.79868801639114,189.32577076910283,159.27487288801245,143.05282147037556,140.13480206631812,138.899741821149,12.038926723402604,167.26027791641528,182.29283747890125,184.66793392227567,201.98780514395978,188.70178302394126,169.93972062152244,168.14554174029726,153.66241999127666,124.2997965527286,96.46593111637351,67.14818285570472,43.890232347041234,26.783952601514184,30.08284463458063,58.17275466142791,70.27731998255878,80.10891704420288,107.35956016401018,115.10973698107851,129.5657487203229,139.4999993351057,141.92858295618683,156.73386451537903,155.1686382313517,154.93521911309853,131.07785240687406,0.0,0.0,0.0,0.0,0.0
2025-06-01 18:44:21.553,1,0.0,0.0,0.0,0.0,0.0,0.0,151.55280327461273,66.11431532141171,64.38266578306427,150.7078622738092,257.32873293303714,344.4135398197473,435.99741549274484,508.8330706830711,575.71863957026,626.486550818781,650.4837721787158,650.4587653457146,637.0356169034208,603.942302977209,556.0073779869617,476.51756240411424,384.08453233338,273.8102981176381,185.36900368095974,159.14077307741852,243.52701688868808,354.697224126634,476.49014143447755,584.7855698722904,679.3215764959688,749.9843828093792,3.0642441084122902,822.0331966971148,817.7838661848799,784.5749120317778,717.585717125818,639.3284616459003,558.1329675427833,453.37583274115724,364.582068873458,295.366667642155,330.2877964565031,442.05062330372994,543.6207304300281,657.3486197197484,793.630300064261,895.104341345281,968.1652844260186,1025.304647054106,1018.3609792916975,986.6751964978708,917.3272437539555,870.3509867916957,777.3313532845153,651.2974894335216,524.7767256454289,507.05004186427936,513.5336247497931,7.280109889280518,7.143700693589992,12.13163504869173,7.9106030188496375,5.419694931228419,11.864904121213806,11.608185732135748,11.720745313632762,8.062813763826915,11.036703076275522,15.57704607653686,759.9574057127353,645.6019171980145,511.4572203120218,414.9052125537105,376.5150566409551,396.49319170035005,514.3411187777746,648.5647915897353,796.100396056826,928.8967138070091,1039.7910778584535,1135.2623524404096,1169.0785902017271,1205.8574501490764,1193.1621863661555,1153.3952887246987,1071.7070827673638,970.9662047611217,846.0171875926806,712.5836415209226,609.4919901626271,677.1551841791385,658.1535724223486,752.8478896619251,898.8104806253525,1038.4159819065637,17.477675714420098,1308.4013714407579,1391.0218807117792,1430.2793994629249,1432.7748622502752,1393.4238496456685,1334.9936132510225,1237.7645965237698,1114.8944093793975,975.0368546902405,841.3008947977619,722.0957923128205,641.9039963041292,627.6469569443082,655.90523648355,738.1411004403075,826.7336595647434,925.5073577112992,1007.3332873859531,1065.9292127181961,1096.7987304928117,1102.022756558138,1088.5380050431768,1048.272716585936,985.9089412233772,880.4063575359454,800.0179993612854,4.298791966402416,11.973037485740814,8.205374798976745,9.48920026171173,0.0,0.0,0.0,128.0,6.816783918533789,8.94046732848967,7.673038880784482,900.47615708178,861.4180359852511,791.3769080842864,716.9890765741917,623.5399524282187,516.7920662172018,449.57757143140464,391.3482468056951,391.0522739929698,426.9417914476283,464.1749708132493,513.7462860243734,557.6973265832125,620.6986430280276,646.9561645320866,658.3053906987857,641.905867470938,619.6121096230194,595.7600762104347,546.7154819477075,508.4251701746277,445.72136992476766,368.2679150757961,350.5949135801163,335.5764888839862,320.3139638335642,7.16336300435561,371.77001191406043,398.73984425324875,429.41938268000916,419.8995688494733,424.455581128835,345.4387246122626,326.68031527274064,312.36060262216716,261.761628552389,242.2773397945528,188.27687410236626,162.6481031217586,142.63867732494407,130.4218127013667,149.8765629013313,180.78652046975412,222.93044149928267,239.2001974975159,256.4466966874429,284.8366178414494,306.9222682401935,303.0741399801253,296.9589543258752,284.88080653117487,260.3073603581887,225.46625782618798,4.832871099378396,9.884149133632976,5.419694931228419,14.646392489126413,3.6337496579933446,3.81594959263788,14.882132020832962,13.194715219696477,15.222797989150354,7.626156940255104,3.7499786363799466,244.13011169436643,267.7785124185251,245.82030759014577,262.24641768026964,253.1786236107139,240.19330406817198,236.0041074795986,223.7244027071546,196.61534491473017,184.46700961117128,164.61797938220823,202.8954689556574,207.42110209989008,215.69045921592559,244.32642393667314,255.82733092869523,246.62346221926333,252.10574764922518,254.1386642864351,223.87554662938322,210.59554305661732,183.7374044658935,165.6903868717524,135.40030396937735,133.22063310832704,147.76486444669916,12.381567069037347,180.92349503157968,178.75286133623362,188.9450206578954,205.78175667420382,190.67588929857212,178.67273665199772,167.20377360425297,149.98090736482064,134.12963401201284,96.92639078206312,67.26163703384951,48.72072989256244,35.52561169453353,31.24912156017112,58.300284686894415,70.91030453298642,78.01607673716336,104.09304496070877,114.1243617661666,123.79863698139086,135.09176799865048,133.71433170027007,144.90611890239313,154.05769073703672,141.94260025361123,127.38040909944993,0.0,0.0,0.0,0.0,0.0
2025-06-01 18:44:21.555,1,0.0,0.0,0.0,0.0,0.0,0.0,208.46300233068274,124.5565829571283,45.10664269902079,91.13269599331039,192.40196877068277,289.61244162563617,381.46369937118135,463.7894869368905,541.8276982598354,599.0614918404639,641.9255963350465,650.4549812647866,652.2329150699333,640.4718892776725,590.8607213618103,525.5063882853543,436.5188706343247,333.00841830289403,238.34600456256598,162.95412195334123,194.01337185912234,297.01908592209907,410.83917564774595,534.8708995380214,629.5530691787378,707.4903104976678,6.526806475927069,801.7936931679329,805.6823393075354,784.645353220465,740.7203089377651,676.7195246449136,584.8746306543452,488.84398666416155,395.34538598828567,335.682029482483,318.95797132038325,396.55930793672115,484.48059424748965,644.5599610760747,746.5287818584991,838.9381708665812,938.9826116538435,979.1616562983608,1000.4493267439489,991.0111471816667,925.4204465756637,883.8062713374302,767.0679616191155,673.9964542547659,579.3226047334828,499.0584456242166,501.67221601505076,11.4193117940512,9.786893258332592,3.8028296371345576,2.4714045207910167,2.1081851067788895,12.71506720468691,9.4979441244834,10.603796100280706,15.117545615483447,10.434983894998936,12.765286520378849,781.6400722510591,677.7697297824031,542.3012225693724,451.6958747825089,382.1549190966252,374.6979008184938,472.63596520997936,608.8454208468802,747.6714983790205,873.0277350653761,1012.7729467684543,1092.3904611313878,1154.7091912624633,1189.02779971763,1200.0653030382098,1155.6065050321129,1091.6110270558768,981.6488055864883,875.8694835459388,728.4314054676456,632.320284739756,701.1748265610928,653.5245658294099,734.3588993885478,863.1225153010591,1007.8932924088996,10.204586059296437,1287.9198504712817,1363.1724103539427,1423.5174075073571,1422.7398193647034,1410.5928741879313,1360.9458632899543,1255.6275674732183,1133.8302713082362,998.0862110668584,866.6003972829153,749.7324086994672,657.9721873669155,625.6920995458088,662.0360105947896,732.5398970162347,829.148439605521,911.9153791091137,1011.8417488381158,1066.273299622874,1098.6448925415004,1078.6880189967494,1081.225925004862,1042.370730887506,984.6318094818063,895.4986562954684,811.3282245839365,7.3919976281416515,3.482553648651482,5.533760503038107,7.522451968012919,0.0,0.0,0.0,128.0,16.512401530626647,11.786866005103949,11.14185595842142,893.6126119002985,864.853987020893,788.8148609094171,717.4818381137818,623.8096937184406,509.838303621304,454.2555881652024,394.0176187993327,390.2521030229165,413.4608399435871,462.61785291582896,522.4347923997035,561.1104086132417,609.0412200359166,641.5296028711557,640.6238575389608,645.2487195377087,622.1347437942956,597.1849664702778,528.452949108591,498.8799748420028,449.13549525959917,380.5032576710898,349.54495453074435,329.9054822988384,326.24596649514217,16.069710030877783,373.1921866091581,393.6226961955855,415.8414560719422,417.16640127484305,427.80467061366556,339.7456570021663,312.2173821287372,294.081774621189,252.73527979383013,229.77698334299805,189.0393069178273,150.47582828486026,133.17789709057087,140.6045747621473,148.2939422191218,187.21652124380142,214.36348148965567,233.64435055402163,258.52637568304425,281.4678344449735,284.8897387642061,291.6398140395223,288.2457994219578,261.42740537141333,240.93929627426527,210.92449640218481,9.955987421371084,9.229580144349447,5.108185106778975,13.496942287731851,4.5638934707642225,7.199835397551046,17.697651033481417,13.899622160852637,14.44509308061944,12.778154253893153,8.743086189689093,243.4757539398098,253.3726826568141,253.50294999073046,252.4345853766208,256.69490202733607,237.62528648981004,222.31130888692053,198.57748449500542,193.74779241528043,177.55974697062055,178.09752054044742,194.338958589155,215.45571203048024,241.523536896648,253.87536834859606,241.50470466274234,242.01472223365366,249.93049315099327,233.66361441889822,213.40794152248358,199.0355072361732,186.0754389555871,169.7383583804734,147.51088533244535,140.14394207605775,161.28557699337745,14.920266371126637,186.2171353138737,187.84205587031855,190.40980027154046,201.39129417002988,191.7631760703587,176.9829910050194,157.4397613041313,150.70575902701898,112.64249532524514,87.98863066274862,63.54531265173623,49.655099385466436,46.48093946739602,53.87553269842724,78.34587397216772,91.73472942114135,96.09476824077186,109.85535843403265,114.34709219609054,130.7011469262728,134.4234492609349,140.6733427533157,139.54286031843478,134.888102431943,126.93878754070376,114.27496897484995,0.0,0.0,0.0,0.0,0.0
2025-06-01 18:44:21.560,1,0.0,0.0,0.0,0.0,0.0,0.0,146.56299338439567,94.30939494908208,80.6249826719067,158.37535740110764,245.42810469185912,345.91092971566667,424.5008802834865,504.7071668142265,568.0909025359449,612.1472138499329,645.72403336695,639.7328444004359,638.8699759408094,613.7617295665325,545.9300617239612,470.21113572942045,361.9093244086232,277.07701001244976,199.6922778773219,185.60796993559015,242.58304755046106,357.7197492411352,458.4025214048391,575.7798167352495,668.5422587521607,729.4473330891577,11.322345714501331,801.1800187618911,794.2679852554376,743.5021164898335,701.3265617963215,625.8518949941492,544.2931893399962,438.30147599444643,341.95831126929943,308.60980655501095,319.69190477756666,434.2709211360892,535.4280657984726,662.2842471589447,795.1337420191293,879.8930498710304,963.5542090733062,993.2321696984644,1011.0699465028779,980.5224672647836,904.2349695982336,840.4673849291103,747.9357655915547,627.6262676102721,551.9389636049679,498.35045906422397,515.5754964572559,14.040730829982955,10.800807754157614,6.506443628527446,5.274273793624279,1.0896551724138135,10.299380622849181,9.994462469594975,12.687606350298392,11.571208738717672,5.144968735972637,9.564035504916749,757.8189119978704,644.5286565218146,523.2602730783997,413.1785740623201,380.6828988840813,405.71331763500916,503.0110014146215,640.2250305285094,783.1447677356359,901.6746149907715,1031.5263269841948,1102.8876408411568,1159.143914891316,1178.2753847083952,1183.7694773807011,1138.7174415207255,1065.3328418426659,960.3300080484719,851.8592073782976,712.2270739245066,612.7624994516073,682.2074134740049,665.7386673433998,746.6117118047341,884.25018323052,1031.9421523378794,6.283025889079175,1292.1698326485352,1368.6844254370053,1415.3490339310129,1408.761553540851,1387.9198563733542,1326.1792039003092,1226.4911713975227,1106.7995063149017,977.218603001245,857.54321984199,741.8327547507929,650.4678282920322,617.2300559194003,658.8188652848942,726.9609626194865,815.254173696644,910.9191692277491,997.3993277307121,1054.5523735486065,1086.581163816766,1086.557227757525,1069.0783485955155,1030.607994793376,970.0817215905868,892.2810710397914,813.3339398028332,5.998181656622744,4.743426799268171,9.569763501918437,10.495758569965243,0.0,0.0,0.0,128.0,17.10596798008314,5.922414148641995,18.330946035560927,886.8555913443686,867.1717434460621,804.6329134759869,719.4646246080416,628.6156647425812,533.7910829361161,480.5125007430114,414.6281013308269,414.62460487565045,428.74809200308306,472.4435219540628,522.3643870863141,572.7492117351352,621.5381470316624,647.4776160811779,654.4924682226651,662.9256469073513,647.9432680578018,611.2994576158785,558.9704653363275,525.1631371040903,471.2801104345893,411.7365624277759,376.54364663082714,344.56019006930063,337.40849264492607,17.12142916643298,372.6059802976056,410.941188919054,428.10722320709317,432.79048763535906,419.1549319241683,348.5228854223795,315.86675850550597,303.54819167149265,274.319411881822,245.19377788586118,214.2658956593031,171.184171419788,154.13436204794627,151.47610539959396,157.6129681156778,168.84210968143535,209.48575503903353,242.16511539485603,251.19107805807937,264.439958255327,278.7398150186096,285.0886679800878,277.3118782074202,260.38728996374243,245.3850480376857,223.87800948680143,12.678250339279348,2.6591671340310743,7.3553965077929195,10.070104933727416,9.78281814649342,9.11072497779275,9.242853980570057,1.7872315927699938,14.494299704594697,11.566452248323644,12.776727649139922,241.87697686191635,250.05059226474097,269.8957711300837,272.7869364850027,258.5495663450421,240.03559110290945,229.627563817611,202.25417183836677,216.3249413521911,215.26611984465146,206.592272979333,196.89266942984767,232.50887685817955,264.22521725858024,265.75626734805553,253.28205521060286,259.0665068597846,255.07530292876098,252.5695011246648,236.85606202563451,211.23719818462598,197.0690006714952,166.9156219878935,153.4291121760464,161.9741545832722,159.5293521291987,9.472156821379336,182.25761635425403,198.53394934813073,199.29250963120919,204.7399667947366,201.62446682124312,186.52927981123577,174.32195599533352,157.98383648299313,126.39835807029809,98.64932619092123,82.43448406268104,57.60599086613917,49.18187641418967,58.73309155005582,66.5428772854425,83.89832032357847,91.71976316731856,100.77776664018835,109.39775667392449,123.47642484955907,134.7772410590064,140.97055653628135,145.8927718851125,138.56521497005284,131.2031096951792,119.08370323290889,0.0,0.0,0.0,0.0,0.0
2025-06-01 18:44:21.565,1,0.0,0.0,0.0,0.0,0.0,0.0,30.559207608972578,67.20543381300261,171.5378372960704,279.3480752168704,371.368360828686,460.5266607820718,530.2233037844792,588.6039336922298,629.490165376739,649.1083712100623,661.6381588637,633.2011785901757,598.2125549476938,539.2265295563137,464.1794505553613,363.99468063394215,249.93960331058906,165.16439989781364,141.79976361736016,230.494799679028,360.02292015358495,481.3705607414661,580.7555353677608,677.2704129733122,753.1884204298032,791.7201344464372,9.70816698405754,802.6151526614793,780.487154657349,707.0760201541826,628.5344331902967,544.0133169141418,449.5869731921885,332.55374788754744,271.1206104200612,261.155662990549,346.5290213397685,498.1274369076801,616.0728974542147,742.0499374625492,860.4114342721253,932.6895810143967,1003.9075485912931,1024.8986487667794,1008.8512433076974,937.0473333131836,868.4637327381436,788.7211026379322,682.3602607592225,552.2488790418591,490.7322183784092,482.4764033307217,535.9171990971186,5.8839023122468035,14.328299373704898,11.378515723209922,10.477303548874048,2.699695687706811,12.70261330441349,6.3734938768916,5.2553993048217045,6.645158372689423,9.734902539238895,4.867165641644241,687.9968066948811,564.4314063189778,458.76427408907415,361.1698669874196,384.2474802679555,446.84754200296,565.8735940117632,717.3301638251363,852.3825444073395,968.3402711511515,1071.245052970368,1142.131034961003,1172.096038495779,1186.0155383576252,1162.3904298989505,1097.9498468538038,1011.7662598341378,909.615721661629,788.7892344474651,651.9983745618631,560.4952798937493,654.5810692336747,694.6459710397501,803.2513237058292,945.755280977262,1099.2765683704295,6.512334567178176,1329.2134352000007,1394.2783053790795,1427.9609015492101,1408.124958019399,1363.9460391242571,1280.2227351473155,1177.0720055008098,1061.0760111498341,942.8626865170384,806.2412713070538,707.6223824556138,630.1127171259841,616.7424193901686,686.2727124291877,758.151624338654,838.9851663649706,941.6097539784932,1007.0194034021104,1068.9621492518563,1084.2340776147253,1064.3018474837556,1048.4735756639848,1002.9950537903112,941.1638633704066,858.7691143668301,790.2983923029705,6.153029117987279,6.897461932617154,12.272117358342994,8.307427755045957,0.0,0.0,0.0,128.0,5.159591637286842,8.275942197783523,9.466735646871665,899.0256485901355,852.881173052263,789.5405571235556,696.5758351032691,621.896565147413,523.7180048618266,472.625597860628,422.00577443026094,416.94033549582207,436.7797145799611,486.935665923603,539.13023424647,589.7581146244796,636.9144558407413,663.0012793246693,681.3389047442535,682.6952441191098,660.8187919687963,616.0069977041753,566.2559971836783,532.7966801028232,472.78231424084674,409.8397697073461,371.5104283416684,335.78447797738545,337.6013663259799,11.116647025598555,379.56625024774934,407.30569874410173,441.34176375278474,448.1283062191016,442.6056366560944,349.44414299982606,330.05723010171147,317.32034752876166,293.13245429459727,257.4223134031525,231.11449253443632,173.1862203642804,156.1097817206319,138.58645947510604,145.81974297389004,146.41046940488948,184.90892677954673,221.14776497331638,240.59658320781034,264.371756371871,267.4632746814939,281.6628669128725,272.09075002402625,276.1644954591963,257.67950802869996,232.04086167835882,14.342448309932339,2.3649086167929525,11.504184215274853,6.6730600937415865,11.137633799770288,7.302253266169707,7.315842322289241,4.962401824115442,12.21448936735567,11.931452106814532,8.470153646689925,231.5897743934876,244.44293035731602,274.7369076936949,275.1512552327167,276.6399859349008,260.93186334569634,268.04022429444456,231.2840410774895,230.2725253932665,226.35558153187944,211.20821406627078,194.83304521955057,221.5867656208046,234.84889671343385,274.7110407642367,258.3730677174733,255.0418617868476,247.81212570757833,254.54740811467263,247.24267804558795,237.4774802719378,215.50501757459514,188.19351853113616,173.6914168661342,166.28369587013142,159.45240496184968,11.206526448979218,177.62785732573167,193.46811776426887,193.46399122736898,199.6747728302013,209.2604166264764,198.4244674413459,184.60980139562795,172.6194631314595,146.26108623409735,118.68827575629034,101.877259680146,70.90525024898457,54.32269228462763,46.669037938752275,54.33032835167434,72.76681919964209,81.63868841283622,96.87847623370827,108.6430045815354,123.07704720167328,134.52353222874459,149.21268476001205,150.15824931015956,148.16017604501542,138.6296734525648,137.24005080789422,0.0,0.0,0.0,0.0,0.0
2025-06-01 18:44:21.568,1,0.0,0.0,0.0,0.0,0.0,0.0,54.028958804000794,52.480605890726956,157.490297891458,254.66788161242425,351.4233335218381,433.7490474313071,516.3494403744031,573.2277443731975,618.507490618237,643.9145990343671,654.2937483734279,637.3650816633686,603.8237060645039,548.5677114290264,470.4631894268968,372.6652943485875,279.3964041995981,171.7895414145328,136.02377440143115,195.09260662444206,330.68217012717565,448.6140379898473,558.9542440071946,656.3795164892226,733.8235142400952,779.4993382936049,11.780854564753659,800.1555037775357,779.5662765698451,726.5690084499644,653.0539987141391,548.3118916215547,461.73598975890053,347.26210954600214,278.96497043088254,239.94220029573003,330.8297956436394,450.9803447372321,582.8323850393842,732.6067784663246,843.4464766647903,895.9381581272452,987.5224465523106,1011.5246344273148,1006.1344475338776,930.5626917407861,876.4472374031498,773.0479765939178,678.9469458566796,556.4024442604457,486.0425469685428,472.0323908342769,529.0750819107636,8.57765593371523,9.464477256103919,9.912789214369706,10.215560550364748,3.0342632125657425,4.222664573496507,12.297235419840131,4.904252302277877,6.616091954022977,12.554933747452615,13.660934797747185,687.101725195963,569.7522606011894,460.4410318638644,361.3801786647593,368.44169387564506,430.6220021936832,557.4053371554113,698.6005122105623,834.583581765455,959.1735454954176,1066.7275601045117,1150.9130360959798,1181.7919655076253,1191.3968397438464,1174.3790482223155,1118.5764674699622,1027.6761877229924,915.0767642480312,795.782429721428,669.1267371238023,571.4616165480098,661.4433108047773,698.4402187428179,807.4606995267602,948.8383071901065,1107.5557627783753,9.055574390086532,1347.1928424168977,1416.4284169313435,1438.9479934120604,1446.6937514414656,1379.23764487984,1312.446292020158,1188.2149379360008,1093.0044977460566,963.0364534657031,813.5232030017288,721.2570228709033,639.7627262322465,631.0016987800618,687.74828767057,765.8532565101909,851.5976908385124,950.0363055909035,1031.1813430167604,1076.8155360619999,1097.429183169144,1101.5979145042638,1073.2612544565761,1022.8004412750984,951.3536392892563,871.2202479258481,797.2539601826214,11.037414977848126,4.929988367987804,6.870725602031003,11.413485489193672,0.0,0.0,0.0,128.0,6.162403548206623,9.80845533526426,11.87556270349606,903.3820075232882,849.8518923323264,782.2959959633162,698.5601177979535,621.8986944713447,521.4297488382065,475.0448290108065,429.1910360599688,415.05559664472344,452.6738422317428,496.16356734237576,548.1852405995619,603.4449372419424,648.8146888444086,673.2215437899954,695.610754831516,688.7155219902311,668.2770905808268,627.6422472975273,574.8302251999387,545.2179161631014,480.22188972828326,424.3942883339797,373.6847233388468,349.79589323989046,360.6207400469753,12.72088497107563,398.25849836632295,430.8043052802129,455.79040586612837,470.50019369448984,465.8409669138323,364.0150788332601,342.5744494760746,329.9775787082893,304.2322874393696,259.05367443826816,235.78065234760066,180.82981193583853,151.34897095098108,149.7519577507618,153.72581936599903,177.73718497227148,206.04231771167042,244.11395358420032,264.57862405956035,281.97101928126165,282.8432624897165,291.5818830959838,288.31935192844185,268.5921605477372,251.75122185981212,224.5718120574254,9.294064658830266,3.1786699314518208,18.417464617561013,10.848924569282383,8.497772672883382,7.930112985685467,9.332604430329795,12.080450596274481,12.59020766632307,11.473297922677183,12.292521927015242,237.1138169052735,239.10523309019538,274.2812701163407,273.6005693965575,279.49869355268373,257.7559033654057,263.6277476482974,234.94555637150143,212.24834424823942,192.6842962780352,209.1473864895066,188.19729096548477,218.64942676572483,219.9709430430792,258.51075340001074,254.49458341954085,252.79742854215664,244.47257292989255,244.0956834560078,249.45763309892385,233.65200408328113,207.90306045507216,190.76509865458632,169.352732504134,161.27958887957064,153.19421561600478,6.232607318610677,170.54450643324898,190.150329997026,194.00915141655886,199.94734290245944,202.2229769205909,199.54725752605657,177.79728575412256,171.7488783440103,136.13026765517296,113.43892496395236,83.26077575871892,70.58924294710341,56.1182228804599,49.141999991800716,60.57639625798376,69.8410850119983,88.95827943459679,100.44030707381206,106.74265625005182,124.45130913267352,131.78466993323812,140.4703256752753,141.31921253389217,139.38427960393008,127.90067073054547,122.77559303201878,0.0,0.0,0.0,0.0,0.0
2025-06-01 18:44:21.569,1,0.0,0.0,0.0,0.0,0.0,0.0,58.77124729806656,47.42119724660796,143.89239038673574,243.73247062245446,340.5097207056511,418.5436027210178,507.1740643898155,562.042432903967,609.0872802121725,634.2575942830406,652.1376124238225,624.6103050247847,594.265390830175,556.7448716390084,472.35376721200134,382.76501746259146,286.5350326355772,181.83930391484978,116.05523564034705,190.45813916362874,311.7649321044867,426.312284122073,543.9675969542005,642.1046734143404,722.2451882143288,774.2705530203061,11.186518575409565,797.2055024325408,774.8464879103389,720.7843381318843,648.025228732656,542.7796976388669,463.84593135657684,355.4488711209703,280.1498485485922,246.23243477027268,316.201312548055,449.2612490579696,581.8420654518856,724.6604667360089,855.5229148319454,886.8061462288643,972.6980683403073,989.2920799292975,986.3032322968787,916.0341838925881,847.9881008801411,756.3374046503043,669.3113348398092,556.0410071849304,484.03132513082465,462.25868263226374,523.2972432501274,8.54400374531753,6.593692433293439,7.392644173247131,14.948271442884483,5.155665778554651,5.780789998597484,16.60012357720123,13.0006294818921,1.5471264367816104,11.957071431639156,13.709980548039484,675.9573950067751,558.351216797644,440.9335753005828,349.57543094847705,340.16490337214555,392.7389834841167,529.3502319863305,667.1519851319314,825.9466332264592,938.4528349139833,1056.6693062045001,1139.211429029455,1176.8934304942436,1184.8148801269022,1164.4396073010532,1121.7146523990098,1028.9059971887998,915.9474081902889,798.3974956243402,660.0187343663249,557.3178681439134,641.6058423363316,672.6650575070933,776.8015859186404,921.9822163453674,1081.92709534814,8.505470549183691,1333.622876927097,1423.8512172006838,1443.004469554993,1459.5328712207624,1393.3561990955188,1334.050187074969,1208.708805971728,1100.2917804837614,971.952731636826,838.9620780685908,733.3863424272406,649.8123333578561,628.7898786620644,686.4563082384103,765.1024695654708,859.8961580224842,953.761284719961,1045.14637269521,1101.9851035570073,1128.6736345072898,1131.4423537524822,1102.5974807513005,1058.625782206194,990.770077227693,904.5433055870066,821.1722202767553,8.263513321542227,2.8642239036927313,6.728630543323242,7.75245068336109,0.0,0.0,0.0,128.0,9.956927982568025,4.436014146319003,6.69996247016205,922.332716014777,865.405356652458,815.0733770800573,729.7279117164132,649.1854570267287,539.8936966792927,484.2586249464807,433.65530565823605,415.6249024386528,435.2741144085889,484.6089000866019,540.0563062063928,597.6032375108148,643.134453452246,670.2949146889688,699.5580213496941,694.10540065877,686.0296752337139,642.736397484876,592.1182674418782,556.7597458308425,500.99872495629864,449.50209752147595,391.24048861364975,362.4165594778453,356.6782035898634,14.866438986515806,397.0569090356932,441.2727516346939,455.2698031186643,469.0167313654013,469.1779382510867,378.0411065953004,350.9576877802026,340.72837849817745,316.61631784439743,267.9656540181267,253.2026603967389,208.28133561735316,163.356462791592,161.065777321058,165.11524614862486,191.4660613808549,220.48842318990026,249.3342332735494,271.23132164990034,274.1415970299029,290.48387838723346,293.4682747832085,289.30498554821816,263.89124797349405,247.94125680081305,223.48598806283934,7.853088740396258,2.4066124807154052,9.997879868925992,13.378967351392536,3.536779959705755,6.6910747396228825,7.907738504276379,11.729424116476258,10.438789741317397,16.031410248063498,13.494307502521993,230.65858490132214,240.4875907300066,248.5535030189031,258.1779976515537,266.2988039844343,244.9903995364863,245.85583537764666,228.838114729425,196.6543328575087,204.48889752646738,202.50448672860216,187.03837887562906,195.56761448556637,224.19373256947543,241.90455294413712,241.52732056389323,237.77682368563882,246.84801960707966,244.27154033887044,238.15028575165192,220.0564534418294,212.89032504458262,184.596604708471,169.4804274910039,164.7831620102673,146.30045627851857,11.596412116977241,166.50989247806677,184.59516153878084,187.8195749996149,197.3143293837533,188.25806469053114,195.20921503887442,174.86228322090798,162.48148130832413,134.00795276917117,111.67299732140272,85.41734291740912,72.226764204557,52.819308655623836,48.32515846853775,57.37801297539236,71.87423930801403,93.10412008657525,89.42183520955341,107.48564210734168,123.33294918200346,130.36053022605054,135.42220480934995,138.2961918274737,140.571009652338,122.68118171801144,119.69087418030236,0.0,0.0,0.0,0.0,0.0
2025-06-01 18:44:21.574,1,0.0,0.0,0.0,0.0,0.0,0.0,15.30097175895753,92.86974911929637,189.470950381532,290.48493414816465,380.2351196863036,462.9247265669992,534.9550455049479,589.0140401624363,624.0186363477787,641.0205520159722,643.3997272407756,624.0336538051818,572.7175870083933,519.7084707340748,446.81328757699623,337.6076894380448,232.0995128193743,136.78112683294395,107.45320853145556,231.45144053797483,354.5977231320502,466.64034646937074,578.3076091078165,676.9573900733204,747.9862501432242,781.0204398643918,8.71825950691454,789.603228372407,753.8700951752077,697.3155774639694,611.8803527053581,519.5114721339778,423.9448535195486,310.85790209737183,242.84732614349795,237.28825944807141,343.78161286872023,487.1530744975998,606.3194855751449,751.0725294557216,845.6536686475607,897.5013319470074,984.9713390665873,1001.8647707964126,950.4529143066744,915.7106328369474,838.8429295624545,735.4215925731123,638.0033161287265,523.2133909319413,472.4242366058908,480.58931805824477,531.6121905786266,10.695174351026292,3.1622776601683795,6.086593751136846,16.030469103166023,13.755626575878143,6.152964341115357,12.443816465133125,15.32255064709815,9.392650632824184,11.665812355165524,7.223366921006657,628.015012746327,516.4395439226608,396.08443975597163,331.3927978326071,323.22576053917226,391.52707643327096,540.1745435531174,668.6075514063164,817.0514525947667,921.7983160115975,1031.6572084382888,1113.616089799144,1147.4161092992547,1154.0428528797743,1123.397637687061,1069.0319620828818,980.8174332087302,861.917357500062,751.6840296548158,629.0331248837043,524.9684700105921,616.2736816398548,660.4342863485347,771.7174339808018,924.2016648300374,1080.5408584575405,10.75326573732954,1313.0631294161642,1386.7834885176478,1410.7052827628577,1416.174706900529,1354.3040384650344,1285.6975789469416,1184.783817325356,1053.4762444143666,918.1535188439318,808.6800248596828,696.1432395094162,631.1310409400639,617.4034702584169,683.3392105588513,757.9876958055952,863.6978302877669,950.8271511733092,1039.4171979743737,1090.4025368653422,1108.9826971094453,1116.8810361809394,1080.6276972422097,1051.0393878515104,977.1788532486529,893.4923427348198,806.3147783279784,7.092240290950219,8.025942725179188,5.979192697486216,8.256450813321996,0.0,0.0,0.0,128.0,9.021377702326754,8.150325386613272,9.57062719386942,918.811637250529,864.0855967926664,808.3471112893179,738.7953743271775,651.316470205984,535.5248310333367,481.4582455875631,440.5310796324315,419.76121923996874,443.8074382547108,485.65269249443327,546.0080415329551,600.5218076589524,638.1164692530604,669.8904947955624,690.6889461665286,684.5431667170607,683.3460155786172,649.5628759775958,599.1008149951306,551.1214443987737,488.2852797487323,427.9138850216499,384.78651810375504,359.0623614753336,343.7557180655253,9.466854266788836,389.78345248670354,430.59867339898324,450.8273863923629,464.0780187560617,483.34650591864323,384.2769286909196,359.9650074636752,346.31887137064376,315.20541307249164,282.70484151444646,242.3773969010531,211.9772768717688,168.67551116152924,155.36806020630337,157.86682493302308,181.41244456435675,200.80177293320844,231.57568760595183,253.9729293066126,269.37099540314637,278.37867262992114,283.24291626963367,284.2960716205543,262.8491459529868,245.29917389940442,223.41597160551927,9.26415634570608,7.262345777825663,7.82565743633943,12.261447699427046,9.003910268847507,3.930860322969516,8.435691525538658,5.528959678987489,16.298737796046225,6.13793103448279,11.513205132267993,217.69425152859827,237.2751284224036,229.90014185241122,263.72659151017234,259.59371069326806,248.70394378597825,252.81635214582664,225.5449476225213,189.4892417128608,218.997595744651,201.05955547316825,196.68890541399952,194.92482902543645,235.08470573676587,233.22222930171822,239.17979247711807,239.19357585692165,238.98879720689177,250.75499130434437,242.0639522750551,227.03064434547875,218.79035218389865,203.59647939720634,177.676200294725,164.73645914239472,160.30753823937692,14.7171224079233,170.30826707194362,181.11094024306348,186.50973870398659,202.66417349781707,189.47093518839807,193.04687460043016,179.86881821504184,166.73875393164167,141.63209255206348,122.43037960395378,99.18757886455647,76.37284246851665,56.365014339115255,48.25742800187942,62.078839336148704,69.9944256573727,92.94961038195677,94.28495425607328,121.02257181412914,131.90525942684704,140.8433466598766,145.17464308961615,144.76139222501862,142.11642103578316,135.6996834957123,130.76940138211333,0.0,0.0,0.0,0.0,0.0
2025-06-01 18:44:21.577,1,0.0,0.0,0.0,0.0,0.0,0.0,102.22506608119414,90.99583721845913,106.40726606092367,199.49123458154526,293.0445890009911,385.0188158512855,467.3371696074124,537.3714288788713,587.0594819741591,627.0502265725625,636.4574302575043,648.6128378163226,615.5974689475842,568.8361771614435,516.5269504152487,415.1224142373816,319.6535629551914,215.77946264032016,135.8602967169382,162.1940421119516,254.50465400453317,392.1780923902588,500.94051144415283,610.3708674463218,700.293171059835,747.4706811984368,12.799445505891628,803.4593827561397,789.2408418861496,756.2191995788767,673.8401939963751,597.0038762270331,505.6629771320791,374.95259669775874,282.9538449573359,235.94266060658722,294.2260260661457,412.3370946681583,538.7082778404048,674.717493844662,785.6578204161844,876.2803089037446,964.0952181278585,1007.8592035305076,978.5490283762028,964.6583129664693,887.9178897128154,806.3275289862113,684.2295151408644,572.0899155167,491.0417888953329,477.7181678026736,493.24780083271554,11.061973365462816,6.590110698290134,9.004105778169398,11.65500025053344,13.661419003785614,2.266143651413567,9.288819325332735,11.220704372852929,16.155233864181888,12.536381818146602,9.255359353981744,693.4276015509076,569.3825911187924,441.11160019589863,343.72262567214506,313.3019264840431,359.13267693192415,494.10505212326086,633.3011754376333,777.9618613400172,907.5291850289655,1014.1911526399388,1106.733857771604,1145.190410984673,1160.5208671420132,1150.6690154045955,1095.3346807348019,1013.7890059217559,905.9881657704229,792.1105942893821,665.2922372408619,539.4892510973887,606.1714424909678,621.9295135733638,730.2052529703075,877.1032326414185,1043.080034566468,8.99232731608436,1279.2664548065088,1358.8864722692342,1398.6574811904602,1402.38741494061,1350.5324912427895,1299.708564384513,1182.6727750461237,1065.9128424821436,926.4526901782107,807.8855667844587,698.7199356904267,615.6302125572656,602.015701358503,655.1638039679292,739.1750246848962,842.7043725610971,934.3518121749789,1026.925864222287,1079.1952838033171,1095.0261086809044,1085.3075347767845,1077.506892851693,1045.2818257668705,983.3036165035035,882.5217449191475,804.1695740126279,10.486915938837766,8.238821450409523,8.603653406651423,16.940277387520492,0.0,0.0,0.0,128.0,10.976009944981612,16.480826338348418,13.89161434967842,910.4672002526657,871.854384594744,797.4849815803492,725.7921992694318,636.8234150007419,523.951016516689,487.8959499399784,459.8023698771814,445.84996041151214,469.7280072775115,523.6606211876929,575.3300481808751,620.9523583060586,654.6512673401049,689.2298364452396,695.6576339964081,684.4402102714514,681.5285778376164,639.489019741908,585.1675497862459,533.6068939505969,478.1112357375616,416.500657065393,389.1344430179944,357.6427877056163,364.0323382681769,11.077641468747458,421.1108988497826,460.3266120598839,477.60300114086726,495.65329263210305,505.9992363093068,404.80524613438683,369.2232347159646,355.4110610181052,316.93552675470386,286.6589106826353,243.1236327593476,207.21368664316574,173.27227698804606,167.70385434570866,171.08144221617047,200.4428337963961,227.25978616477255,266.4817948355765,281.91895039500963,302.6930588245598,294.04646062334524,302.20329958551383,296.6374203373712,276.44589442781114,251.89487632431758,226.92174344680657,10.654676612893725,12.570682909878334,11.937650797946235,10.20915593218517,11.237687320989533,6.060109718727994,12.632902941921133,4.71470007649642,10.954162896671502,8.73241918837694,6.6989635104447185,232.08585586370876,244.5115174720288,243.54287429898272,268.96417125139305,240.77567158051568,234.21865284058634,238.63360946174967,199.21457953575052,176.20317485036958,185.48432318361483,189.91294255037036,192.35405622120805,215.62084329605696,240.42053795675986,247.3757991823504,258.1195163080757,260.9322442947355,248.5811324664948,254.3831269431866,244.76028007709587,221.74043953671335,208.67311342216993,199.07645648546657,175.1967192355697,161.9290970652507,172.00036305935603,6.721539908077059,190.79886859098528,202.52560513185915,205.41320738821847,222.37055864168045,209.17934170839357,201.75582652270145,179.25389703240634,167.032233142144,142.72129028385845,113.06364556840494,89.97690952738427,75.2474228443614,73.18209378016408,68.31432076443062,76.79467735575895,93.72038572915704,104.62498000932291,115.20476838901145,134.2391491551194,138.60059997271517,142.17989171443895,137.34783194250068,137.67351057822535,129.85724089816276,123.44461495582826,110.34367140803278,0.0,0.0,0.0,0.0,0.0
2025-06-01 18:44:21.582,1,0.0,0.0,0.0,0.0,0.0,0.0,176.65338866799576,91.43346271622862,22.175364784544612,117.4752138041322,211.37218984364463,310.3646093730779,402.7710746411731,476.7384859883282,547.2260929000573,602.3107388148641,630.7591505510961,650.3211635796999,646.0018869515781,612.0503694632215,573.666956016923,490.07332616340136,402.9881522451128,296.48243731861265,169.51314684880836,103.06651711020226,162.43019338588536,298.7764326035339,407.8122734884052,538.4689297921798,635.6223827383014,709.9239309084655,10.952840210655152,802.4034230169381,805.9786482807796,780.3095202761565,716.3064060148538,654.9366345072857,571.5769183002539,453.4459774676338,341.1400055871576,267.426882072136,254.45164330617118,348.02714080114157,478.3861473617693,576.0576107115689,767.7045725589327,827.9998726661253,914.5409658844047,978.7651621399251,966.7224058852621,970.3357050934105,916.3513805232963,831.6088819296585,721.488746073394,612.8872526136003,504.87555773699523,456.57789196929326,457.73711251042766,14.352949853739833,9.418376080822663,13.476347593031646,9.053522471969742,6.422082463446424,5.020968568990061,12.359918792093769,5.989271351639501,9.13355885212887,12.027739793869797,7.043186488781161,725.1444748139925,595.8153779293916,462.8931869337442,359.66924156897244,295.7730845345542,323.3568129047586,452.92097225970326,595.5235004796692,734.7923057169048,869.8645527673569,996.5825476778025,1076.648527660811,1136.6700034946855,1166.0198989101364,1177.966990421228,1121.4336226500322,1045.6081189648296,942.7705598015472,827.2244285925528,689.2531420054112,562.7217854948445,603.6048711281807,597.1916422520259,701.8643417833297,841.5349251313829,1012.7223840182878,7.396227701346948,1272.2821316209481,1356.3566628567212,1399.3609398669496,1413.5018455166887,1367.7629861172982,1314.406402443985,1198.4828355346042,1085.8143867005797,971.2123298934199,824.6291175979912,707.6285491936479,623.3690036965753,607.0063249781062,656.6707440364318,732.2251940395072,842.8551050312134,942.1555884198217,1036.059534826646,1100.0699438707463,1124.1741494607325,1117.0498969704686,1107.8464403818155,1059.0895146992748,1009.0271003890269,895.5536285403202,819.8787245026903,8.69232866779341,10.016568327898055,16.37177252215065,14.942909870040602,0.0,0.0,0.0,128.0,9.047416044359203,12.304453255741807,8.284752946846455,915.0181026938695,878.9487262817365,800.0134287925259,722.237041778963,638.2277146415962,522.5030703667599,473.43009180236277,441.87883072592956,427.506352839598,451.8012425880184,513.360008944475,576.938754903524,621.2877440378621,647.0608369666573,693.5980843181532,691.9164653935987,693.9109733870321,673.5061260256585,639.7877990194513,581.3540446298128,519.457654692058,471.6627029286516,416.89455221067794,388.4806623758955,334.3616232991289,357.15445269318155,14.103846104583441,407.6502919933814,448.1910124822349,476.0051880050757,492.7619499172202,497.0383887251573,402.0907748141589,372.33826961639295,356.2370992971093,330.14816304782664,285.4001228431427,257.79907944113836,204.72854021836608,182.99220745696118,170.40087476249687,172.53075129152157,203.83913466902845,243.21913144383396,274.57925941513076,286.4088945815216,301.9387314698192,305.7491283466676,308.4160999083524,306.2158955612005,273.2672326355018,256.67523791011774,232.52001019274613,11.518716897836484,10.82920048090131,10.46222205427822,6.360498342180718,5.661072597565841,3.960241110816029,10.305878144190208,7.708616896213243,5.935743494535312,12.586962713188043,8.00463397876266,230.9341864314962,247.23890650698638,243.11184681747147,250.8272537851511,232.65642126301816,217.64139615800747,231.59452882550767,193.9446758904431,183.59077979614617,190.15471050251216,172.67962659450495,190.80328042091742,211.9535944062218,216.25529095820892,244.4347675100838,245.19854858423628,250.0474329610463,257.0904570204389,252.15542084298704,247.77168555046327,222.90827142439977,201.9607907055279,176.3957942151037,179.18585495634875,170.98917576002017,174.10132572250436,4.54909654672294,193.3544383545309,202.8055399318996,207.80569356340396,203.5457625472643,201.7924616584775,201.4779271325064,165.5607376216983,150.03874930100525,132.17354095553551,102.90974241824769,79.94043609802529,72.77656268425758,80.8647514139748,83.45847790027264,95.6618104830676,105.63037940722792,116.45980970685198,121.9613927085019,135.47439965108526,136.7867717912742,134.60536702463094,130.1705833720635,122.41854497114865,118.25409462802563,107.37056269566179,86.69551751580637,0.0,0.0,0.0,0.0,0.0
2025-06-01 18:44:21.585,1,0.0,0.0,0.0,0.0,0.0,0.0,180.25594389166253,97.35935111257747,19.706077706400773,110.56597114727873,199.17472866556892,303.06432851898455,393.26733154446794,469.8908940738241,538.0458136271328,586.9026701595153,622.9508877601298,649.1601189390467,647.4085414161556,619.9540469868695,569.5119448902434,501.9788087590471,411.8688752474445,307.6863825553614,194.88758044284128,107.36865153745232,152.87929959067287,269.54824993887377,387.9245789181343,514.6515212338336,616.1496082898419,699.6666839784242,7.947580700001343,793.1437761372017,798.5522641849072,781.0893180392438,727.7020495473345,666.6134927831974,582.0392734908056,479.0753301304182,363.2096849168193,278.45041365533456,257.1801279811381,334.2661280614715,450.789215480064,553.4227467312229,736.0500877636093,813.7716520587159,928.8001000962928,986.5846450040186,976.1859171473876,965.3487329267014,918.6488759604396,835.2993980353386,731.2837201942068,625.9086513411582,542.4193755498346,464.8487198338503,459.0633740904274,16.650162060728956,6.95450039694269,9.11579966218423,5.178667794396706,6.206052766118085,6.881792968238025,10.198995390151477,9.091640400688092,3.94806238478606,14.844929882843164,5.3766317416864755,730.2996565486802,609.4616259698718,485.539111934973,384.86546402214805,322.9462650268491,326.1783219374087,442.46158908273117,582.0445258583452,713.5898835329527,852.6999648688159,980.6612615897028,1057.4793959222395,1125.2150065011044,1152.849649591358,1160.9604815659068,1108.5835205773246,1039.5799355869192,929.388530659622,831.5305576266853,685.6846069757651,570.7729706975529,615.7871146950497,602.865120155926,702.9450894325133,838.5082450810622,994.685559515737,9.248453214771422,1252.768021337023,1339.050247552747,1375.6853601681012,1392.3730713887396,1359.7095173262219,1301.3819693063272,1199.290443989838,1079.8450402426408,965.2464433622113,827.6028044188782,697.948372292747,615.7168748786745,596.2758865120642,650.6501543182391,725.9049380216577,840.7304664493112,936.5076261334599,1035.676530466038,1095.2535826520943,1135.3837690516752,1154.9668633999536,1121.074411451772,1078.8371443182405,1012.8237261725974,911.2603052386628,816.8770238431506,4.932202756403292,8.558317823681723,12.685177548345857,7.917552121419051,0.0,0.0,0.0,128.0,9.173707581128442,15.116462112247213,5.959800397205544,929.0495644536958,877.8679460025215,818.5591092857647,743.0759071792003,654.2985342242317,526.6522948969941,465.2769227015896,422.3270302971743,407.549385485807,437.7325573642373,496.52683180600906,552.6680159052629,607.1025074789638,639.4401160359419,679.1239429715681,687.5609952316083,688.5948512808126,661.1146695103199,653.8533335716282,591.9982675697717,542.8331236692892,481.59429144996227,410.5565733730671,380.74877279908765,350.4003397908826,348.1408922159477,15.47219774815831,397.1602647447332,435.41726706004096,459.55769681090703,482.961200623786,491.0057512076533,390.87734558341737,378.2841530292577,355.1796626430013,326.84673043937244,287.90857203061233,243.24201030643476,209.21816063893877,188.95733035055954,172.69702727458628,174.96080313679653,201.52057999059693,243.39372180283786,258.876477983483,278.15274472830873,289.37953762840283,298.9671057166206,310.9014151852319,299.69610112069887,280.4536621549014,257.5233545607826,233.28615584734922,5.773680308905723,5.336097540486719,6.748604619754913,7.824117230281412,7.74972185149218,9.792301420878726,12.253386141746226,10.96734550052815,6.790706884087777,16.700940307905427,10.56634369876,235.8371141283367,243.055036150144,239.78213956712585,247.09066982768115,222.32967099787527,214.60322846134773,218.70365097219977,203.97033333765089,185.6723508942209,181.54637719802318,185.7304356608413,181.68892374589026,216.106182987919,215.3563277407352,252.55283968406968,235.29086279107491,240.07333907793694,252.9641283514138,253.54847080752643,237.56971316294982,225.87891655968724,195.42054555042498,178.32395724541288,171.53439486112939,169.7649128754858,175.16903519059676,9.806042642592349,188.72348064605563,202.6378730793515,195.03138652303636,202.79869128197538,193.80262706595596,191.4651180667927,161.86298110042895,152.22659132032058,123.46887140512992,105.60483178449115,85.41883724137566,72.9908645484057,79.97057501162111,82.51836662369564,104.36436490069876,106.36870708762865,113.31486674571508,127.10317127005665,141.92247247943646,133.893984167992,131.778735574719,128.2165134878909,114.98806808061175,113.35368504937342,96.6346587641069,84.67856578118669,0.0,0.0,0.0,0.0,0.0
2025-06-01 18:44:21.588,1,0.0,0.0,0.0,0.0,0.0,0.0,185.27531313538597,102.83011819664085,19.53297832872103,105.84834117335762,202.23811529107834,300.17595175962776,386.458461955908,463.9135014519347,525.5893692852362,591.931088428263,625.3354284038419,651.1886902270912,641.2451928784755,618.6225392420937,576.2450191221209,503.2561514329821,420.91102569285687,315.4997661603533,203.45979508753186,107.05443744348291,141.56287679060756,262.93187860615063,389.6882755550724,509.0338098742367,609.8231062017821,686.8803192654605,13.151590366910451,784.6058816918102,790.8491488371812,787.1091855651537,739.4837039692034,674.3229214455512,588.7358121097026,483.61379796076625,374.7863410180201,291.6272378467899,250.97566829245505,342.9624681473198,451.3244008484131,585.5913487993361,719.4249246991784,807.4886160658021,906.8623014193863,991.9243602040394,995.7763015732395,997.6720721134417,936.2988119857208,843.8284478429363,763.4640550216361,656.8931572498856,541.3069006100264,475.80047937276123,471.6891393923678,18.42040285816111,4.313305622542174,5.243204286398813,2.9670216877507007,3.6657574434786317,6.049847776869271,5.950958633476998,15.06060416089553,5.51653747567324,14.046722707221988,7.599412473409355,748.8755490877779,627.1045539307046,508.70073768894093,402.0724492043513,345.3859010749864,329.8510833186246,446.52591053878535,581.6695353368785,707.6425324487002,860.2165402394497,979.4137676797593,1062.4694912650712,1116.5828794377464,1148.9735507765445,1149.6623665823402,1119.9592866395883,1043.0031304555312,946.3227837052254,826.8008764541379,687.3220797226054,577.9089450046581,623.4425467788138,619.50029837293,701.1383436649772,839.7231366658501,988.2664478140096,9.394047685790937,1241.5593984003751,1333.336268639562,1363.448791322788,1387.5387307389085,1345.8792046281496,1292.143293591116,1180.5535378453922,1074.8140216756742,952.7470816298024,827.2628835949273,698.9457644318767,600.6880605490181,594.0286299159783,629.4803033256709,721.3205136900013,825.8278181534246,935.2567721333111,1024.204040713794,1083.715507206251,1132.4622865821477,1147.9026837996448,1123.2038672695971,1086.760474988261,1008.9882909732169,916.5888199505291,819.4695647833115,5.04772499001208,7.108369791857253,9.873811629774973,6.121812387489747,0.0,0.0,0.0,128.0,8.428867153263,12.90872309097027,10.665188027077878,933.8363333147441,876.3955311073015,828.4705972367115,746.6902616798,658.4019739964608,535.4643872912297,482.6806615911522,431.3499917430556,416.55898939474866,437.5917550310862,501.9803376227451,546.0680401615483,596.2217840739651,651.7589368119069,676.8035917713294,691.6205805066401,682.5927031582534,671.1436558202904,640.3479362741191,584.8912349543094,538.8116364374408,488.1584381452344,435.8568964539068,375.6750120614329,360.8426752682048,352.1800440296262,10.354284916888023,405.44921830044666,446.643418137296,466.78070109103095,489.2464195736771,489.62252898481694,395.6951067144682,377.63820787662297,355.5299999639666,341.8769523128145,289.92619026542366,256.3550594951796,215.47343264462285,187.78460875510154,175.03258407017125,188.2835601029239,200.8722360627191,235.60173695636868,262.99175889125837,283.55028615170073,292.9520993917917,298.8630777178938,309.7958379601477,300.4954206423307,287.9670528814092,264.9987475615775,241.06764003839157,4.705079072297588,8.510280034144033,3.75112757028945,7.900385997179301,9.201815478106452,8.605814973554155,18.829447242460702,8.241248534623816,4.721448266807921,9.848660690983435,8.253594815742584,231.8473225117302,248.22632252226165,249.2650143973629,252.00632690724882,230.59052785821336,217.83891720110026,195.23013440506108,202.59040174221678,167.76069495450272,176.98341439633046,195.1845836251334,190.78745565008765,208.85982620452754,219.19917521198187,256.52163856653794,243.9330320764887,235.67861124416845,248.52353474066135,249.7758890232184,225.54353797481363,228.1898575963655,193.49325033424776,174.83529565548474,176.39535730322672,169.14708497364694,164.78925055979832,11.51752298798853,198.4970842270356,208.8024508149768,199.31754922969643,211.8293010936764,197.53216732110096,183.2708380599711,162.00028287375454,154.58032741981418,120.86378838191314,106.04042251105055,82.56223581032832,81.2232736066409,78.76104820728523,82.86108085183726,99.63870654221229,108.71126028396097,122.44941641371389,127.24261655438453,131.908516573296,130.59692187756718,123.83641624265049,123.76564474907609,115.19600006329632,112.83591845519253,101.67519629398501,84.48076685123685,0.0,0.0,0.0,0.0,0.0
2025-06-01 18:44:21.596,1,0.0,0.0,0.0,0.0,0.0,0.0,93.53980622186147,97.85077268061595,125.4729335432409,214.8969288584118,310.06586735013815,397.8915320310365,472.14608659814087,535.2698802501538,577.9386314321067,617.9812663421186,633.6251274752108,628.879420837227,598.8929206665451,557.6958385493024,495.5499308763067,412.7388438165499,309.008330697979,194.1715032501022,120.09163740735939,156.36605940717178,246.05789932086515,374.8949933609195,487.7344522830431,600.0829346851712,679.6692317072051,745.8832401276546,12.200552218374114,793.104636557025,777.8943830333043,749.661825367657,674.4957304097176,592.7292511819217,487.7202510516113,382.5774055850608,282.1714323705178,251.04717107378323,274.97331882104794,431.3148801912613,552.867593629693,697.2780743814852,815.3170205820874,847.1974085419831,957.2262752691809,989.9706701606804,980.0126178571627,962.5552668059096,901.5122653814026,786.2065257483766,691.9944072229185,582.2551637428393,475.34356595867587,464.25903673162304,494.11635304057666,13.228221656012764,5.119283227756896,13.528600612845993,3.3253208290127367,5.381204776793528,11.442074583797794,17.406211711002474,11.39989579664337,7.203220849311769,5.695647025116353,8.236993853013045,673.0989038336644,550.1046273269208,430.51761008581997,334.1480365584192,326.28315496851786,363.6038080011169,497.17213081487915,628.1542341078293,769.1832817954258,894.9389961741689,995.2640322513788,1071.142516773685,1118.9431644809092,1139.7862789557637,1114.0051871782878,1070.887965088561,976.3568584631106,875.9720911566765,756.4729549876732,612.9058040088502,525.2480092497015,593.1046244780252,608.7060950125043,717.169396888162,868.1151519671365,1013.6942165753908,5.40039453018562,1242.416319841328,1331.3898418691194,1339.5855913719,1347.75465363894,1292.348523035092,1235.0752571661983,1120.335408955095,1009.6524933449265,878.6187998078909,749.1860942371077,642.9966922571045,558.3587409637281,569.3845460168012,625.4851644189946,724.1191380045206,821.9560424308526,933.6654960678799,1018.0076310648201,1077.4733084198526,1099.3765304436356,1096.4592815892731,1083.1848400781423,1042.4802534557487,967.4144986537134,871.7037065428017,779.404569059902,8.035344197139219,8.090560460224482,7.003411516541129,8.306784329651158,0.0,0.0,0.0,128.0,12.709266953960435,11.905858704031745,13.014125907275512,912.7567254641975,850.8108282580658,796.5672830726364,718.8842903951299,619.1192394000313,505.2044123096953,450.49584433813976,403.8083743080841,399.81116007862937,427.49638102720627,475.1651444326579,533.5308303444197,580.1874118432934,634.7321277126097,652.8062014001212,672.3868436964992,654.1051287548179,647.1116082073792,620.5389301147849,558.3853512142532,518.2065927956102,456.1223068692964,402.64226313848263,347.91816640288357,332.5036333209945,327.7226795907757,4.143858987865608,381.0857984657953,423.3346995134899,451.08920369741094,465.69351774334416,478.89904077793847,380.95436945391657,370.4111593506701,350.83168583863807,323.85137150524247,279.5677000265882,250.31121312455278,200.80714037585201,172.65839319301452,146.09305958396436,151.34716254616205,172.56265350917477,202.13953114705316,227.26212050720088,271.3672722599431,286.3649587850497,289.34251882850185,309.89720020127265,308.3838030749183,289.30651682459376,269.3880103860249,255.75663804698485,9.352723499305528,11.497123222227525,7.335825953909063,12.527387884821096,4.930708180588459,5.643205668718506,15.825392697369079,5.561735386798406,13.094261100633513,9.42109256621211,12.135287444833207,233.71862334440232,248.69911072110398,263.4000255679952,260.77522895466274,263.4347599705775,239.48186763903627,223.74264600488658,214.2298845095278,211.7026134622749,176.73895487030927,207.47528571243612,184.15422898614653,193.3237484066868,197.35234536131776,247.490920418683,243.35368556686547,232.74226524427402,259.7408545116365,254.45744051106874,241.3184598221801,243.14832790763933,217.9160401451851,191.3633731800246,197.36010500376094,179.22598527775293,171.16232500104263,6.788712933121598,192.5320526390744,190.14810712930756,199.46861980177974,211.32355088215118,206.02860095922486,192.19629591619585,177.9637487222823,156.7360499695346,143.17545962695905,119.14606151403642,94.98430954954986,87.77730627875856,70.400458329756,76.31437272784751,90.9837742046873,98.76399582997105,118.17070654894104,124.62276822110665,130.4086559830119,144.94027136199247,135.1529851918739,138.17047739850167,126.78192307429947,126.26873109868484,113.45291855050176,94.46836778506962,0.0,0.0,0.0,0.0,0.0
2025-06-01 18:44:21.602,0,0.0,0.0,0.0,0.0,0.0,0.0,37.186847892552755,137.50085950996188,261.47506041286357,371.3464678182387,488.59467600762787,587.6790938444003,666.2314649884075,728.7943357448717,776.4014519700168,811.241634712839,811.8523632332568,797.2093581134911,741.0257971564447,671.8535976344203,570.783459527063,454.13820885925935,314.93539196370443,169.68394755079566,104.24570997653862,231.36161773081207,387.1094160061687,566.3429159145539,719.679052885469,842.4706453729674,944.4448004811065,1010.2798608874149,11.39976315662919,1055.727440514664,1010.8132059656638,950.7882564645432,833.0244398829326,705.6428905866189,577.754890264675,432.6962912729427,326.83677072447637,294.80880125113754,417.63001755488074,604.2907765813429,767.6735489889215,984.9379039775072,1149.1990353248016,1198.7855253250032,1279.2788683824435,1329.6622247739228,1303.7657342875139,1240.8779961714922,1122.4456819831985,987.7993797386135,863.9821340854901,726.4129008555149,621.5661058846458,635.1348382387034,705.1971525366304,11.449309251588396,11.667455853392205,7.31229111852951,9.15021341005998,6.878148982864895,13.925461641297188,23.345961575048413,12.797878188774982,9.080864721205163,12.382071203098162,12.709802669519133,828.0037982698267,660.5378985878824,512.3646084469999,423.88150065665286,444.02224755093084,531.8985489114377,716.1140948080434,905.6485515418873,1089.592856832105,1233.375167372833,1378.116706240611,1458.1833870275063,1503.7655545956236,1529.9318155094481,1475.528444967036,1401.4750790615722,1258.8465797509823,1105.8474814205586,945.3779009355669,783.9285722516491,661.6582624082696,765.6135350862678,844.2411383991639,1019.8717628703808,1218.550332826365,1409.3344671668897,9.51412803287825,1697.5612614505023,1785.1083703838588,1790.0183501362767,1768.2264436518117,1690.1312958384046,1598.5172195458863,1439.8875840570286,1284.732444586616,1103.2400066118907,938.3469753312306,794.2601716879351,716.3909065651153,738.2334869253925,849.1444882755151,963.4825405154722,1108.3774506364714,1247.4610814216853,1345.1394839134664,1424.1648106922505,1444.6445527976766,1444.4132606099272,1431.9376395817374,1344.2808256800552,1245.5855816073129,1128.9356175404305,1004.8838577133777,21.186536128875588,17.640404973477832,3.445370037076989,14.585084458351552,0.0,0.0,0.0,128.0,23.56163229034451,10.77435599188967,15.97458031527898,1169.4080670157855,1095.7568814153701,1022.8088469266755,913.4377817253225,797.3308028413342,641.328057734687,563.3886554539881,512.3046790406906,512.2955658311016,563.6200301317024,619.7712637638385,702.6119252164425,772.7693129600677,814.2588771495871,849.9534723118438,864.0285225850885,834.0488821177652,830.313788104758,778.894996386875,715.3189982452986,653.1184302300668,578.990620041716,479.28242731616007,438.261916329737,422.9897894846325,422.09359675741564,2.004938671283211,497.2607237951719,559.9798567265904,598.4088061772261,623.5805002113107,615.2687584785397,495.5070448524408,458.69271450395775,436.6428922284317,392.45058078144916,332.04544170680356,278.0154082412292,225.4348115143647,179.67547233689916,146.67913240885716,150.28559912355576,189.31278150065506,242.23707658942544,274.6116344970963,335.47663347280235,365.53360944646107,383.75263921669705,410.0484046192636,419.24233875456684,412.8327344534001,388.01919546716994,354.36661134869763,6.240130212021455,15.71380183938049,9.223436169466945,14.476407525696766,14.213734006790757,6.109677315148281,7.97143211858457,9.131830415041758,17.375363748534244,9.277893550807686,15.665033224998343,314.0545203782181,332.67116958310356,359.7412813826304,361.5628708611862,361.8526081156146,347.4198116821166,306.0794317251548,282.1549240993361,304.90105603635857,242.44887424783605,249.31035863506983,218.48986743429458,240.02823690860117,253.9452927983186,309.22099230177673,319.1712196999402,322.05830549799106,351.54442004521684,348.8541308388977,320.3390446890728,332.1569769814038,308.4846105544419,279.18311655062314,265.69976502732135,233.38723653115642,227.28750536934115,4.887176104137155,236.02744605305844,235.35647839111823,245.45287607843568,267.55652933907174,253.4705168374278,245.06228583159785,240.0818350525402,221.9781740994532,206.64695945305445,177.6945418109558,138.31880573115802,122.53682912747149,95.47959568465569,92.80856189308005,113.70128044953091,123.68449089608441,145.83664156459824,153.41935352113904,172.3984002222289,178.9037218645273,163.95338616638503,167.71604315432907,142.29474725762196,146.20662004186622,136.3174510288509,115.5258418004999,0.0,0.0,0.0,0.0,0.0
2025-06-01 18:44:21.605,0,0.0,0.0,0.0,0.0,0.0,0.0,98.63687527513332,72.30936853478914,142.42334671137652,244.74135756557112,352.3190221718886,448.8210356963335,530.5495467301644,608.2608965148027,660.2439932519097,710.1992781611464,725.2250263666875,730.3247326677038,697.8008316373243,646.5681589348309,576.2140599732384,485.3842977046402,356.8681961630171,239.9102359180606,144.60073198511003,168.44643738503953,283.10426129498626,430.715077743573,571.967436112951,699.1110830087912,803.1867824254189,872.368792410513,12.608876204722986,935.2070762003382,923.2509213130224,874.7045350361017,788.5302736812506,682.3751359227308,578.911203103971,458.8191804827517,354.16567414571716,298.43802687674474,350.13313145053075,504.9549893772771,635.7467196421078,804.5967122613898,950.5207859957882,1059.7995362986742,1085.7377664745477,1180.715812980549,1146.9721470544857,1145.4874937550373,1029.2739288716375,923.4638027686842,855.1887955650154,716.3405362383086,609.1013686001108,578.1095684996452,609.0831619909782,10.977359318171958,8.636941265119901,9.062467219162919,8.190847926380664,4.023576762077033,10.569379149001605,20.11242940839011,9.44109816423624,14.344655171094315,17.890867973803203,8.788424675311315,807.0176072216761,673.6646311461909,544.7482729149034,446.2643238776934,432.76613119356716,479.82277619562126,620.9408834217396,769.5883821802819,922.770850089376,1069.2681753281445,1201.4921441048582,1271.1954518752225,1312.3485948692894,1347.367713170266,1314.7215366458843,1259.7603883463912,1136.6753218743543,1022.3076569861134,880.626614921863,746.2272512843329,636.6844966544354,729.6512866369665,789.6008603650624,915.5068064443232,1068.7888152294925,1229.0548771351807,9.438516712139851,1469.4019081524302,1541.6325765801819,1547.2190528996287,1547.1722727416895,1476.1297876082183,1393.3102770956648,1263.8646265131442,1124.5128678592464,975.6644560322056,837.0318524297297,712.3937601590177,626.9441436518276,641.2129461385462,712.5545210094888,820.5600768396007,935.9590601149462,1064.6644063351632,1142.8755337012412,1212.5145165683898,1252.453969236678,1257.0038703871387,1232.5990926611978,1174.1692513785038,1090.3822721542451,994.3179283725314,885.0492088081498,17.71730815473427,20.806202531086353,7.893667141293287,6.358362470379404,0.0,0.0,0.0,128.0,12.936160470028453,10.858976205074232,13.21716993085565,1019.5044958513197,954.0304404094513,888.027388873772,785.818203754659,693.0691917294232,568.0373216147882,511.20083536169295,457.28306597865077,444.39898569859446,482.17483493965926,546.2127733637857,615.3554426653228,672.3216314835083,723.5465377376585,759.2150145647397,770.2382571566018,738.5490037004662,745.0427049818853,690.3717948469462,636.4726913015137,584.7040540644753,515.7014874046084,444.294036625603,392.7056903241054,360.61358607941395,372.6786879156276,3.895412913466675,436.7607185250371,485.0098204556865,520.0858706680137,553.3100956140431,538.7497415001764,436.3264464618575,405.39534609576253,384.05186078358884,356.1777808341826,297.2629188990516,248.06836537267776,190.07067200346748,158.48827625252505,128.42087252003557,133.05931599173158,166.37093714000034,211.704434288245,250.69600308286851,300.08609117677554,328.0152264128426,346.8200777883187,366.86037879751103,381.32682973904554,377.83681409344354,351.9476888324627,333.23392421780557,5.319667569038954,9.081664892304065,8.838936622283816,9.683845165595773,7.552523928420829,3.9241379310344655,10.65428065323228,7.5410186996696,9.445773612918934,11.816018294764163,9.11881626791721,279.8589289665453,293.93656453964553,313.1399048191895,321.66888758004416,317.79122409506175,297.44134785303663,268.9092914810419,243.12470690077066,243.9108182721746,201.8833957866389,214.78486968879326,183.02517292175384,203.85164962521802,233.78739033365008,258.68917950729036,257.4976129907084,282.94740215018396,284.91141252408653,289.42424808421526,277.26042406446936,279.4852058595891,257.33006145648693,248.67171908899144,227.97347802790313,213.88430295316743,206.28616125970453,9.902962259857315,207.3046357103574,216.759290106275,218.75301122887888,216.42387133771422,221.29442147570353,209.40853931156028,200.34107147182095,187.94443269420466,175.9386900943353,154.68329144527678,124.14547294028607,115.11958926496679,105.06076646323397,106.01729710799538,111.78840937399345,112.47474602987238,147.62920815131238,134.35546674594383,152.84651451987247,152.26659268085464,147.17203604038923,143.82033953451028,131.64806147967738,119.13712877826404,111.96887822188228,98.25832934875173,0.0,0.0,0.0,0.0,0.0
2025-06-01 18:44:21.608,0,0.0,0.0,0.0,0.0,0.0,0.0,55.59073502641806,57.37315792034925,140.79579069452046,237.69340735325733,324.61136766088333,419.81423990588763,486.5729709216198,552.2898867349122,599.6190334194933,641.8491430757325,642.4478258847324,640.7991147688327,603.7865782779749,554.6998596364185,488.58900828622876,403.61875546077977,297.08970162397554,193.31352979066543,140.53977195194673,181.59107731831094,302.6731119368522,418.83034810807777,550.7448145012468,659.4427425097437,730.4384779605233,794.5483224666107,15.134158624389684,818.7004272417332,804.0644684230091,745.5913914293003,679.8376412807153,597.4326386939958,493.4970631534544,382.3281901467281,299.7497024857329,290.7720783440714,329.8949156609497,496.9851397374961,604.5104913886163,694.3797059170583,835.7520432156653,914.4417355174505,974.6510980748141,1025.4298466137334,1019.7340760984948,979.9984677428378,906.2681415499211,807.4015922325522,723.1566272879513,612.8527782181764,542.9723495633375,516.9303133376095,555.2724150145236,15.44307349428363,14.581615539033306,10.756729848367916,8.590915191253224,12.015938681680403,8.061879619709666,14.470219822304802,6.532205921428653,10.025494361768551,11.243356263282632,5.77532528852113,692.5078332078633,568.1960756537097,476.384450790275,396.08033861738085,392.4888202392083,438.2521735418416,552.0514512475631,686.9216195732173,816.1000649990168,942.8377616501639,1038.4815567115886,1110.9206704123126,1143.8423320055022,1154.7707661345444,1122.8584163764563,1093.7536258406774,995.387799511476,890.2298930974473,777.0194137663458,658.2154834511033,575.0624689753956,684.3214999937284,720.4581628137681,828.5044446305341,968.2659320564807,1087.5690698432963,10.05048848053151,1300.452320791301,1351.011855790635,1360.8151323546288,1355.664940116333,1294.8862660094046,1211.5343789372293,1096.1624896955552,969.7785431623055,846.4378487204738,721.5605341742806,628.5035475667714,557.2235915351745,570.0493756468384,624.642244275217,728.1067507198476,812.6294552569865,920.7039095112093,993.219713568342,1062.140302270299,1083.9070964740476,1088.2028525326598,1056.4862566292832,1024.150082721682,939.7512105718567,861.4434519518637,769.0629575213003,12.464287230815202,10.135479269701884,12.887356321839093,5.5986345793989365,0.0,0.0,0.0,128.0,10.587974969060062,16.034906976107465,14.422518447923082,886.5798119214604,821.186466944839,772.7648655010036,697.3267213436549,602.7522378658299,492.47299584920273,438.99501930467846,393.3022837332345,384.56369982007664,424.4356224229283,478.8393449432453,534.4041397020019,582.2552611681215,631.5983631659568,662.2562885964321,683.501828340655,656.7511533913489,651.6886368315193,599.836932113844,563.3054675233295,517.6047580708711,446.5647637258446,398.8744361863721,337.3732231421982,311.17895403851105,312.87264108334614,13.683281192875647,360.97017674270063,410.90984683165925,440.34150508855924,454.8993553879926,443.83019404665214,351.65272180799616,331.1809460680066,319.9776242526275,299.36483183620055,254.27036216045227,210.27837225240214,161.36354157979895,108.62290565004767,97.06748340208168,102.41486020256198,123.12719323505333,179.06024711499938,200.2772672481234,238.44486068432005,271.80398427366003,290.667419958469,307.1113679337372,317.1498677616897,321.3310514730399,307.72599857231233,294.63001251567,9.664960058765265,17.78357182474175,9.91973509282717,6.381515185669257,2.5979910739547236,4.515154315558936,12.660709708157432,8.501803084211177,9.228208068882767,12.655884713946111,8.778255976468923,238.96885879540443,244.19241777112035,269.53163010175376,279.2169399859609,283.2184193028362,260.6136074726961,241.46829353093537,245.07778635565575,207.3784018667023,191.90152977234683,181.88756027008165,146.77363020269866,154.68574123905768,191.89148784586197,211.57074892963482,222.67340732476703,224.9789769375629,235.05636045130535,245.27628560153033,248.66405289322523,252.22045716227132,231.0504842749154,220.5103712855943,206.22652464329946,195.85994711939014,178.05595682425525,11.322474260760151,170.36059629312032,179.64735474849562,182.30117979305794,184.08000928603684,193.37485288901374,190.90585401264764,176.3052150534133,173.88458912141093,150.54073006834065,140.1486896609827,116.88769001112581,112.49032945968547,96.78893818788485,94.74153471432854,90.64727536401631,104.20644224241966,107.93884358826423,111.78758957214785,128.33791478072592,130.13901340966248,133.1526490155933,140.57033794499114,129.7057231462548,123.73127242895998,109.54345428271964,104.76836572966015,0.0,0.0,0.0,0.0,0.0
2025-06-01 18:44:21.609,0,0.0,0.0,0.0,0.0,0.0,0.0,82.2791971367292,23.240968694420758,110.39111789703949,211.08912119417613,297.7511426866777,388.65576784791153,455.33974397644806,522.7150600178387,575.4607356897367,609.56964067198,620.3033767863977,630.2159247983196,598.8241203064538,564.9819290806212,499.2007958404038,417.45378546478315,321.83343994227226,222.12542673904485,140.2652349399491,150.87239895407586,254.98060376674897,388.85684273999505,499.484487130634,618.1984736815391,705.4814442185536,771.030317482322,9.705125324461351,813.3674780547459,803.3415695944749,762.7537252156972,700.5925320562035,622.5080856645739,524.4831469998139,406.6452541260927,323.8680541748746,286.92493448425864,327.15764481131424,464.55231597050465,572.6326848381989,675.4185575281797,823.551787232671,921.0683601111109,985.2887776980729,1017.361310474076,1003.2879339161486,984.5216917533226,909.5451639369835,836.6571858680702,721.6656171542239,629.2831883844356,547.7265327170268,526.8370126431488,563.9991765887684,9.808585855228987,14.068059732967587,7.286247826864738,5.441667820319741,6.961704026841861,7.311572481808623,10.696723759276999,8.377386010959324,13.36538359834993,9.252751239355112,20.33239051724701,721.8938266398895,595.50346657557,492.8823360094612,418.70989180491824,391.1170190689243,436.25524426053585,560.9927982845475,689.8769556170664,829.7754942216158,957.1818123037475,1040.109893651432,1122.1947954625005,1164.755700670823,1183.9278417321575,1158.6855195648807,1117.383651641263,1028.088608397922,917.4163766643521,804.1211701096286,664.5881833983443,601.4694861357943,710.8123219871611,737.4450739952379,849.5080336518298,981.7658371711075,1120.0549456530891,10.781830797968501,1328.8633014533461,1381.5856412400576,1388.3209682420522,1370.0163454381009,1328.0406580775998,1228.3146341875313,1109.7762045120703,978.8942241902939,852.5576304374752,722.9870186723225,623.3636139706018,563.3942658569295,565.2840607252098,628.7989688392072,726.1005885232901,808.6477157235589,903.4525729757714,982.973096196382,1032.418273941266,1061.068040982714,1044.9150480243095,1045.0373440589315,997.9587662012716,932.5675021498741,851.4512376578074,760.3461951384933,6.832984703662191,2.3219585622905035,7.3089181171145725,11.819593619470194,0.0,0.0,0.0,128.0,5.377089103501776,16.543934601469513,10.300926792447513,864.9069907503962,817.3506349157633,768.5370538738924,693.4656594111691,598.6722303078559,482.4355853774735,418.0088573105921,392.7015248018688,385.87711423804376,421.5701934809089,471.9818222213959,522.8346925343263,570.1735148279341,629.6128128034284,653.2096852244322,662.5297790655665,645.1686975461149,621.5971344828936,597.0951673699557,532.2904584820697,511.7315861887058,445.30262680037623,369.13725780175184,341.14504644144955,316.93052113575357,308.0163676970427,12.53105006928801,373.6415830352327,401.0319395918888,435.7305688437823,449.69645382919066,453.7544175272666,359.47034333182296,341.12458140338595,325.07740184323944,282.52192083613033,255.47718054786324,194.47806753216128,170.90319377154285,112.95982079403534,102.80573147088641,111.93539145773431,146.42845243831175,182.66041223851497,233.34613393032913,258.82068675948693,289.85480208132213,305.00209921493575,337.08744844046214,336.6022302765039,344.61449165941127,328.4204388647243,293.87768465320573,9.465921619369997,7.309709386605583,19.44905542060796,6.261067655824906,9.754187486753267,11.067247081541506,13.58119330561496,13.717880202413708,6.640234471023727,7.774727117918471,9.999967748736806,254.9582576964996,258.8786644057114,288.26596414370533,287.78504138107115,283.4997926289441,255.84096149939316,247.75667858609205,230.93800877118647,190.07361168410728,169.90114036408528,176.3987493375209,177.2957453964768,185.37141620288546,208.745278201567,244.18521506321508,229.3724422986471,235.54433606603402,235.77901241643195,249.8758630255728,239.3274120187175,254.86404586763877,229.2901285352219,219.78506162807366,195.02981173888458,184.12578273518727,166.6685242763237,7.125563814875026,169.18400189992883,171.4502038012564,183.80234577522324,193.99663696377127,187.6773594776505,198.22132846283824,181.29949897197176,180.10795158874032,164.9718585300551,141.01382701028186,124.73537957872195,110.62298207739167,94.55029608726933,89.98913131445399,95.11799894203173,103.17951159347368,103.20728762599136,108.89453669905572,129.2771723499763,127.96049442518007,128.52113512584006,126.57432332172412,124.23989278318597,110.72065863937134,110.65704989878697,84.78801988491236,0.0,0.0,0.0,0.0,0.0
2025-06-01 18:44:21.612,0,0.0,0.0,0.0,0.0,0.0,0.0,93.04540563191671,8.206220302183727,84.55546562693837,191.52981216892886,284.81876602834024,376.0713252993446,454.8098972719523,518.3344768232952,576.8636397830641,615.9031508305991,630.6319722690612,644.6754029395031,611.5544296764974,572.6839224273052,518.6270939525718,445.8212243429336,348.19471937904746,244.75103341381987,142.6232882896977,139.52225292367322,239.13782083745699,370.88139321813946,495.6683500433001,599.1052022178844,699.9390431939075,769.5852533159423,17.92744859983884,823.0193312577204,821.8079599444726,784.2749499424677,707.9305876898519,626.8452466367761,551.2071690039712,434.7674856035184,337.7983543813367,272.3509605681226,308.49131073005583,431.7704029277283,563.9437173008743,672.7754777156628,798.9858069718905,925.2678934486062,993.016874467028,1046.640309039383,1024.8247471043244,991.9073948069708,945.7967665886224,843.4830303045363,731.8807528223534,637.7376406008503,562.7383164356905,518.4617701007379,550.2937884671793,7.542467345920409,11.94526798794693,10.52972580477393,11.091385448210278,3.245275941226848,9.545719566853442,14.907583914192859,5.104049627869102,10.411363245061455,16.483998538177342,11.189140785374912,737.9732585703265,612.1858130569112,488.2640474524372,415.4826740772886,360.05870468186953,413.24647735662217,534.4188892020104,670.1162427882565,805.4151982775422,939.5510788688546,1050.418397518887,1127.0076824105804,1182.506164423753,1207.0120553115835,1175.8271140602988,1139.6712372341503,1063.9219377117995,953.2261565892819,830.5448160055856,710.6133185451303,623.1011070779474,716.3395007913294,741.041472674014,848.7981595694213,969.2595063287639,1120.2176580599178,14.561266880395577,1325.7513695944301,1395.0201919757078,1401.0038867540475,1395.5024562981032,1338.8714809936318,1249.948700353131,1143.1846612792444,1028.6691028716486,889.3059824171781,745.1961219188934,658.1761967649146,575.8303386544426,591.8036117958759,637.0229692356575,724.3368836522432,802.3691403785646,911.5676166472583,986.5570954523222,1028.4915959768923,1078.4268107940416,1073.7016515959435,1053.071057541005,986.7101847147956,941.2162016750465,856.5763448697621,767.8515396260949,7.7457529219136205,13.868608567436313,8.487265376300126,6.899137288996682,0.0,0.0,0.0,128.0,12.89973829271841,5.275942718122474,5.851372391785553,868.8913695903881,816.8543095863939,757.3305948402827,691.4001080665442,590.5423141232405,484.4268301398149,422.2281273916989,388.8572534172159,369.33393755106687,398.00230899799203,455.699391535725,513.3999834394722,566.9671426224548,624.2906580120815,650.9650215433356,664.2987025184212,662.4703544893229,642.3623661190004,614.4524602117298,555.7086767228093,514.2033934797896,469.5027176147217,392.85433637787054,358.59993078027196,326.7159119015467,312.3201618147885,13.520959158253865,369.70340167048874,395.65941859799534,429.2109780495445,440.79123972462287,462.123499162798,383.65636094093287,351.4878444126143,342.0676823279031,299.5343020653551,276.37174102372626,247.26933803106712,186.0198562716258,143.86516032258615,113.50038201155185,133.44192895598044,150.02828557382827,196.35421751226087,241.14442760023672,271.464702281735,292.3874512973483,311.0821032489656,324.6874814173046,346.5303418853645,337.0920623228182,326.78764860720514,298.18380882838085,16.044006895951014,6.592899649817785,15.538757363501752,3.1461147469104676,9.835854253942191,12.356153971474239,3.0418319226034605,9.557726127103574,5.0841164521328235,6.135567852260659,8.64011496419884,259.6031335902127,276.75797278873114,279.28051068165917,275.5003418094194,277.82228468310416,248.40424066055425,241.95545317835214,224.75362837393857,208.13906765681006,172.50787947806373,166.18089974216025,164.0893169473101,174.77048333520236,210.0919535514656,227.39141822847296,222.24415873564467,254.03270079008783,249.5091869733676,246.78251524082685,246.29585107671994,246.14429584467368,226.98138477015692,213.93059561028312,191.80908481650695,196.85174771053224,167.69729278916824,7.997082806447802,166.71679356783034,177.39269985095603,176.4724722998101,191.08121564594873,190.14665893591604,200.01296205901562,188.72685777327092,179.7439357078848,168.15807800063632,152.0060904855532,130.44695917665712,114.1051765610363,108.53881889997696,92.73647281209027,87.92803470369735,98.37566029240455,107.39316699034873,119.97330737976681,127.4739028925641,124.20397309800619,130.19885783173083,122.0057732851681,125.07813299553202,118.4942116551843,119.28717508609294,93.50192392011958,0.0,0.0,0.0,0.0,0.0
2025-06-01 18:44:21.618,0,0.0,0.0,0.0,0.0,0.0,0.0,105.36209789874218,23.31294336284209,82.65843192585008,194.70129934366545,294.01683056472933,381.3723677791375,467.59543986563045,536.4718187459371,592.273412830321,629.5499540619344,654.7285707336744,657.5282670384355,637.3670201950101,600.6812765230268,537.7553036272502,461.8083242011595,351.7887255587247,259.10620123847673,150.51458710055812,163.06026386627184,256.3202787540122,374.6913372319398,513.4955075965812,624.508702534816,721.084387054101,791.4347932231634,15.6260870546743,855.8186350911577,844.1504369027678,800.8801143489957,733.4513111635662,642.8523761904764,545.3618722662823,449.34243944366153,351.20272093166756,277.76665194981234,319.5359558123598,477.2055153029687,614.2034805355748,719.5139985851343,855.8066772503786,968.4745320668875,1004.3763532984165,1087.0495942783548,1081.2766814924473,1011.8622791866596,973.482719751841,869.8320491764996,778.7627056643798,649.9771010212262,556.7293376318244,530.1870600578296,571.3278920521989,4.8784955338711615,8.748879029490586,7.338743495995165,5.80369075930181,21.866275292816255,9.620899407695475,6.414527757984452,3.0492753449089833,4.002244497385487,5.910356990795556,8.35308006939551,748.4419139119383,621.5074926153594,495.9927190895774,414.32138847445447,359.33353234570296,420.4387758395702,543.6440059165027,671.7061854137212,814.987431719927,946.5353736956729,1052.315758887361,1134.272016054647,1169.5418115469136,1195.479103630104,1173.3908978197576,1157.3259615633356,1067.6650935121036,969.9022315773791,850.8066417271776,709.4125858502739,629.1851479001347,707.8696903820951,739.3803808846048,823.7299035882805,939.853183369268,1088.4059157342897,16.76380306671427,1295.9374196403628,1361.8850152849107,1381.5428917988684,1399.3314336813132,1323.6704061947378,1252.8371892586708,1135.2435178692087,1018.1634710788475,905.3481766054551,769.3092999234022,664.9636042269624,588.1395185936221,581.8189857479686,621.1671387984445,701.7977634702643,806.1242519769366,900.2612980828911,958.3678401969669,1014.3952293171576,1061.3897827826738,1036.3185325879006,1031.4972957596233,999.6690690947187,945.8385461845467,869.8058604277884,762.5807298230103,8.857749556131644,10.225521278657682,5.124236180854453,10.766516847801096,0.0,0.0,0.0,128.0,14.563383407322405,1.2330059175976678,9.236844544163453,886.4555389300036,839.135960820281,779.689145541148,705.26446135775,624.7128597966106,517.0187163013841,456.0401719701312,408.13834164545847,384.23985135090015,412.3178414298857,470.7807545433557,539.2559556079239,600.010760758833,659.8090270197588,685.529679695747,712.2323452671055,717.2437920409682,706.5450473596588,649.1283916664919,589.4014262507795,545.5268847280627,482.09713222832676,426.71492334313353,368.10606736970925,319.6871925265468,333.1125045923982,13.228595340439673,356.25311509528376,408.8152545640064,424.18974270384626,466.65359548794015,474.0532782358689,391.3140111633518,369.3307807419935,345.8148995879303,339.7201057917477,297.4607180858628,255.95594677700612,212.89250830401414,176.2961899576329,140.30544663256364,166.2971366027925,167.4776545578705,201.3006096187758,241.20157697248874,265.5958149987059,308.39106540308387,319.10727738715076,333.65871922653315,367.31453625710884,351.2260874451511,342.8241599647383,314.8540456491245,13.978926255203026,6.604617244835,5.4898394987473935,8.077133135105628,11.201505018985731,9.9488928611147,2.566170147217083,3.9425287356322087,7.12268484222978,12.962170366244784,15.445002344656183,267.47401868089185,290.2470321916361,310.3526942215531,281.8640458664361,292.6121765729265,263.576125211676,246.78447832834317,241.92057522422655,227.13408065308087,199.80481057658162,195.62178274368966,181.33114079658665,205.46254417996442,252.27156743007103,250.47044819621655,254.4805585353914,271.84928564139375,296.4997090863852,296.1427855589839,286.90188121886433,281.8641420988035,260.8776770828423,225.60273144931224,202.8842463364639,198.83631189013624,177.79103637852285,6.753928045922704,184.6813899600399,196.51712771353223,216.37132304773388,211.87680113241248,230.02228447500676,229.0205986028709,221.28295868419252,214.89677927107653,195.77808056517617,179.39404086808793,153.93817874525286,126.22544042403587,123.38692652430345,104.42357076862017,95.67353674524564,95.28348912762756,123.74502814431281,136.20905466109838,139.20462514732833,138.45876568250716,147.31013575066297,145.9937726916388,160.18990147630248,144.77603249144812,128.3481395507796,112.13034838744899,0.0,0.0,0.0,0.0,0.0
2025-06-01 18:44:21.629,0,0.0,0.0,0.0,0.0,0.0,0.0,103.5043521812171,17.431816410633623,98.91896593901419,197.04613968258576,295.9985068321912,382.05924097801903,465.5180426805055,530.0903652752194,580.461936773148,613.7730567238063,640.6788855605184,642.6854962000449,612.2800592960621,568.9979110102419,519.6555085439043,436.17159168342897,349.85939716721,236.4228577998311,151.3617985457001,160.98185932556785,262.2725792369047,369.6422715941125,498.4605151566245,605.3063739817237,695.6657460714019,765.2887792183906,8.354932610730401,833.0067226920484,812.6166975094217,779.5903696779186,716.3133094561732,630.973372430723,524.8613899915346,428.4978550269955,336.8827174734773,297.3063924478824,321.83661245689143,500.22643266263225,596.3372030776674,695.4075716944458,826.8508432801417,925.6096793638087,1017.8536950713053,1035.6244382808777,1045.412046229953,983.8142215104325,954.7420142479493,853.2871258901735,755.1397616960612,645.9152516456162,539.5502257161487,508.0472890907896,567.5743387973863,20.901101132176002,2.9615995049025745,11.16963021480191,16.168277772197623,7.926366930597798,5.795017511792709,8.411143815027124,7.386838596688728,2.8284271247461903,6.601195906842886,6.412782628565402,712.9978539955974,603.8692507152344,478.4171009125311,399.25698195667076,370.60507651818267,409.7588044454574,540.278383067817,668.3357575403351,798.0587980115616,903.781046283972,1022.7432724688119,1096.295522019756,1146.706010014936,1166.1254729405682,1149.1867424211678,1128.4786151062556,1038.6043796599981,943.7548767305981,836.6569080403524,714.9611312158144,615.2734493503664,692.391970925706,710.6519151156542,786.7713020104976,921.7502366155276,1055.392282238681,8.768485500893322,1279.9877199757095,1330.4782775424123,1361.3167166781598,1351.2383605447214,1301.9825343380573,1223.2979830669847,1112.5994958301517,1007.8799065328925,886.2191153090947,740.0154765487129,652.1315710999496,574.7489622407753,582.2167059306661,620.8774763531467,699.388108164766,794.6320445840936,868.2063768408285,946.1467676766919,1006.3599487692055,1048.4263663723386,1047.0982940597378,1021.4269959642926,983.868886361112,929.7425221642426,840.2738570430519,762.9110260274261,13.841563222609993,23.440460998300107,7.3850443406151856,4.440759016501278,0.0,0.0,0.0,128.0,4.93177764824766,11.384020798782062,7.5670701425714455,896.4367463671521,831.8090191860013,768.7357291518616,695.8182486811353,606.7599281364866,503.7431613750731,445.38189197598655,397.49963660115753,390.8697879337316,410.958606292611,476.7250820598498,528.242166636225,594.8232976682058,640.9801094712845,682.6737589305071,709.1492365906357,693.2798436776482,677.9924432529345,649.2725743060535,592.3743666573316,533.9185068131851,468.58184201585163,401.3425380859888,342.5826544254658,308.46594157734944,323.35417607826776,6.352278487298817,351.1503156893782,389.77371346722884,407.7145535313402,448.782984056457,454.5074590689176,374.8379687766591,351.44571986385085,337.07422014543226,298.3338764794011,264.2181946473851,215.5312213026835,190.29845395588686,156.24471382043228,127.86482595255579,137.2194646029925,166.20394570301454,177.33469210472305,221.07309698823448,257.32476246840616,300.57673304811857,317.0419022522508,329.3703147211027,338.53985097992006,333.63477788915145,317.5825752597597,298.2145389266477,10.73069095061889,11.645905313999364,4.141585125270509,9.825654815889132,7.79926938076191,5.786634115142251,18.664485723203082,7.259278933051155,14.904682028682927,11.410460839494677,9.653340388476302,253.82728428431838,284.99294788651764,300.8875675616658,295.67302578983265,281.09925743779206,274.836965582053,267.01038348714786,228.70932323704915,234.30807009332733,175.066619972571,169.42855649922433,197.50020728426964,205.24929551136393,225.69053129930694,253.92450486189495,253.43646830869807,281.9248134305598,293.668110851218,291.51903502563545,285.6506032574364,278.27778597709676,254.338716079088,242.83340272856438,199.3384055935305,180.85938371032358,180.1808989170328,9.28983051163356,188.57823207611375,197.86957142176016,207.47500203401498,222.54375506036882,226.904131271548,233.63380648205333,219.10440455771564,215.73448164187334,200.5854312116256,170.6990558070481,158.50234293934406,126.45912812673049,106.58791634500398,98.09307717528242,98.86988833914113,101.71979526589111,111.80140590000816,138.21242687876958,143.31953941211563,144.87235804062377,154.9759664555572,156.76323074423428,152.51128192597366,141.67527965516064,137.2964796544548,121.54847170470312,0.0,0.0,0.0,0.0,0.0
2025-06-01 18:44:21.632,0,0.0,0.0,0.0,0.0,0.0,0.0,85.28264773639775,16.928675072386874,108.24009579852462,205.13919272402958,307.30561846125505,385.06963144884105,451.542222914079,526.9870093362822,578.0341092417375,611.5005218472902,636.8055420052359,632.3364418453821,605.0193552916003,563.5941534985025,508.5834804783748,429.24256048698015,337.73846652415205,225.35764747276073,130.4829270652589,151.81279869631385,255.33152644662684,388.0235429349429,504.7859217039991,599.640923707758,705.6983869237414,760.0959947725102,8.960986418772327,832.0287876902439,817.5898473244919,769.000404749278,726.5519903384167,639.2196083620241,525.74946939318,427.2259679177944,339.0184613796101,318.9284382700022,338.54071018165536,514.4345158426627,598.6242114875597,727.7757594214343,824.8026695664465,952.1764867253362,1011.1058991571155,1048.1764084010586,1031.7500564429988,1028.7350227702736,952.8286537811078,843.7931973618339,719.1944448083611,625.7434141510191,560.6167678679575,543.9885082996396,599.036330564386,14.454912033385847,9.681636322304636,14.826222043140515,20.835528729367514,4.168038265722004,8.100511522382815,7.347653311046958,8.951215626260357,10.298061563474668,14.574654018635893,12.907722200121254,705.9784321613525,568.3922467277163,451.32264204944806,359.8732863572368,353.77190277643047,405.20326021330834,528.4856449057066,668.527147399788,799.5124594238104,936.0497254152327,1023.5719485648528,1111.4737701639483,1149.0310868465288,1186.4885313192742,1146.8932205013393,1135.9077062956683,1039.3622973939948,954.2201809332781,823.3338253437884,699.4976019487993,616.1722987375234,692.1041192320267,722.2621570988734,814.0098669989133,939.1189037489543,1074.8432599369908,19.120859946220925,1286.6454573808724,1360.5972148838366,1378.5731739264604,1371.8216182838871,1300.862974084364,1239.6074008338328,1137.5447492317821,1029.4752742258324,900.9834546261418,765.0232816274956,662.8554559267697,592.0200622270144,591.3398113363794,630.3163765038696,716.9493055139849,799.7230727616409,881.0855265515326,943.3719850449515,1024.6603129227035,1049.3959816612019,1030.2501395514878,1054.6016070542478,1007.8649436606702,950.8865731008594,874.799746583681,772.4756751242317,9.742138141087578,19.373444775474738,5.386206896551755,10.87761918474078,0.0,0.0,0.0,128.0,12.257574417885323,12.208959845869794,9.880514071031094,908.7166325481737,853.3636497323236,802.307709468081,717.8785131948588,633.8964237635705,517.8476421457385,436.2605007979756,382.9881932630912,371.34420654844195,399.5878773845601,455.52113700068605,520.9678916271981,569.5451791540763,640.1620704487219,674.7673090167167,709.6649482729072,690.5030099874871,689.7175722658008,671.8993793575653,617.477376640268,575.7633584133911,521.4031409859903,445.67261767782384,383.69241753127363,356.52787540853336,323.7737505073245,11.433370549628606,354.28139819928487,390.79224766034315,436.41289812098677,458.0371566343463,473.62987028843304,384.1897701555529,372.9252906089743,366.4756408937599,343.37762842753307,308.7600413362969,266.5973168656493,242.399288286946,202.62554779664248,186.0303112793486,181.6181014546968,193.09561230362436,239.3840555992128,262.33316111417474,286.20245642299835,316.2896976674269,327.68680049075834,342.8449214656249,357.30364861441564,339.3191556009941,313.91657078972275,287.44550508583234,3.2736208077419047,5.524803960511711,3.687567383631114,8.769317224504402,7.253198725291453,15.078416972776322,4.011174244264772,8.927534255767345,17.53450819303278,9.973447634847535,20.543644746651303,254.21087045583073,277.73634272466717,295.79050624061193,283.03826799916715,261.7580576585752,273.74819112597316,251.1115515978709,233.95482324255704,202.25300554492742,190.57260231180544,165.32497339990317,200.04345759746,208.97608116175738,199.80042298532928,267.24582142857196,246.4222113249575,290.30803685078536,310.78825507131216,293.91238720912077,285.2325583746778,262.36898971534754,259.7460723748735,235.21292295687311,211.00527264220833,179.02270426713386,174.83783661109328,10.891328419343788,170.55360355633997,195.08125622887064,196.32872703055844,223.7933102629917,215.1672425163163,224.75704830395142,223.13193616471483,218.7667625170062,207.60815586872704,179.54088051741488,162.22102799191032,137.95622897833675,115.88780304770071,109.13885423253261,108.95216042831704,113.00206331378648,106.91228427821746,133.85498204443024,130.38843285663103,141.9906837828681,148.68581785623488,151.23433777335313,155.475763909715,133.05165138852533,138.74914843184231,105.88102021486596,0.0,0.0,0.0,0.0,0.0
2025-06-01 18:44:21.635,0,0.0,0.0,0.0,0.0,0.0,0.0,80.6802920420297,25.087249075578278,120.9673676473272,224.61941139541108,308.3551047294166,398.62712768418237,473.3068670594853,539.4461859489232,592.8001740651578,618.2683746633808,634.366308794645,630.1640071677298,613.4040734144452,568.4002969921888,506.7078218611183,423.9252701131131,329.5226722774128,215.83875106726248,145.0680144320417,170.6873213016226,271.0440914697512,406.0468763727055,517.6967725440932,632.6211781935343,727.3379975201129,786.4930093508473,2.713656118766977,850.4936434082332,820.8245853411793,783.8722444660017,709.1626387470376,627.5753684864376,536.7700419775572,415.7330495751979,365.43583901786417,339.7313552276957,375.4484482119623,517.0475080465968,643.3440404110956,745.0616574879047,875.0688020775924,997.493341918089,1031.2093872521107,1039.7974248048727,1051.4022860754467,1044.5212437792077,940.7331775031929,849.1365561037887,746.2393196490632,654.7323112320558,563.3184967596771,554.3567012190076,612.2661379139421,13.545811140854525,3.772680723068733,9.665902209779766,13.057562041544346,9.282863908518621,10.122480865093214,5.293957621238157,12.6446810267098,7.49915865527338,4.796396692435376,10.785105396349133,683.6404800247697,567.8776407042775,431.1811469417883,358.61593364903695,362.424934401676,428.63430391745203,544.3054340261476,688.2367837495492,811.3460062843236,927.8244889579763,1020.9782124026251,1110.6450155090563,1154.7964561844658,1172.3276860253613,1145.4420475721188,1108.1985140771594,1026.3837459616598,932.674072031106,829.0247649339864,702.4910762528783,627.9256530383017,703.435663072789,720.6340302865921,819.9636465028815,943.1496573454363,1085.1402521212565,12.139217461301033,1294.9390605727742,1354.437242831153,1382.0377712780503,1386.8508655297637,1317.355330167444,1245.873206258441,1154.324955353546,1037.006056403173,921.073358687316,792.3948869868665,685.7835973774052,635.8054490188343,618.5859607934857,658.1761457109322,745.9423393857517,826.6864660144324,920.044329584751,999.8297130954527,1048.6138158721271,1082.0680350309162,1070.8288881547303,1069.7883384226584,1032.2305456024158,959.033395357488,885.9680719615134,803.9509400137094,13.146612504423604,15.331896710987378,7.054719716317127,22.22786370195896,0.0,0.0,0.0,128.0,11.091934555911015,11.143839277299953,7.578195799219359,933.8386919891865,883.7459701410901,809.7205463992661,725.1567377261874,637.5466970487512,531.3106479990829,450.35432984193005,404.9714114796866,391.7302614778201,402.28516747702304,465.685434674755,543.6165692836402,607.9580176988426,660.3335761675143,699.0460449978099,740.6177434465499,729.5689952560807,725.7529233975945,687.0196707597712,627.8308200704705,580.4378882803665,522.7932866686954,452.93025215124743,389.45979422234,340.15958918451383,309.8212135267074,5.728461208516597,347.81958183431493,395.26208173987277,437.14754888279407,479.93224025217165,484.6733907270472,400.7065879204804,395.35813707419453,387.1471526385031,368.9809235899781,328.54068820213143,286.1136221550421,257.05334999859764,220.68963428585417,186.74772251799916,165.221768410824,180.26507517680798,189.17228082127508,236.93169613883444,257.77615794723687,303.6510089463432,311.1069539807609,344.8071524921989,349.330171329668,344.48270624291973,324.0111690258836,298.38405034853656,4.044289821570665,11.442003787201262,4.17966403263381,18.066780392881725,5.817314002390999,6.23124666595414,11.538534607645975,10.848650757878858,13.466579175417952,5.826403424997663,7.9097354388437005,247.87986674024853,266.07033119265424,280.53547113613234,273.0161685483067,270.88793689728226,265.0109010003107,255.38109579386574,236.7920601267378,234.72895616607263,178.11846917928455,176.18638899542503,174.2553559790147,206.94521042799488,218.16219612711944,264.8004607019421,252.0602276366152,281.00855358017884,292.90693270878626,287.5669966802115,277.2211735298735,272.2388969458726,259.199356853865,247.90803254326923,214.0550953273111,194.23463999338094,186.7662023300652,8.357139220855403,176.58640239737997,192.2078150615889,197.43219589584157,208.95903772521223,224.6256031371056,222.88001733990902,213.83413757186597,206.0976128777714,209.20239688504805,183.28145709998145,169.38249614025935,141.660099466871,124.4648300228297,115.48421988619732,108.44362116533627,113.55588535764977,124.17418539257388,128.59191373831442,140.26915148981422,141.48179688377652,147.29682369401036,151.9060148475412,142.89695930404972,134.1388306237599,124.75870232353998,114.04048325493923,0.0,0.0,0.0,0.0,0.0
2025-06-01 18:44:21.638,0,0.0,0.0,0.0,0.0,0.0,0.0,101.0874550232752,30.78735314042924,108.57759511402145,216.83003896000173,295.0423205741781,386.4486280551249,470.45601993480966,539.1609380498056,605.3239187896177,632.8505167910747,654.2266623116257,661.591467041968,628.8954580565527,598.3916772495259,523.100279064063,426.0555038433032,331.4995437839767,242.17776778553016,156.1681863031253,176.5135246362628,275.20622099007426,406.6002172235015,509.51103480862685,624.8720055221332,713.7536329309505,784.3531868404251,14.621428552579413,839.3765785949121,827.7756667123823,791.4769436278881,714.1551450784012,638.2650752263052,540.918393114608,442.9863077084825,387.6344913980291,351.7678487452202,345.01052572678304,516.6862437246971,657.2764616306322,770.7719916155893,890.7176886638713,973.3074473199079,1050.1695970284206,1059.6725516640245,1032.5290181318765,1011.8483296281877,931.4815124433507,834.2702268690747,741.631513065475,652.520161585377,570.2119751444056,585.7158087265738,626.094315230839,14.684591849785248,12.34610103037719,11.951032652150943,2.701070693834396,15.720553964878762,14.706560775794495,4.190410031684926,8.853962439461585,16.77411169331709,19.419832074628218,11.335447510158204,715.8345836558481,590.1799820104351,453.37924591718905,378.596854438887,391.9630132680348,431.0335978376146,568.0365939683809,720.131374835405,845.9870242809916,947.4439655402039,1059.5232650309604,1131.265641413341,1179.5045555282086,1199.5579828258851,1172.9802289930533,1134.1713897248308,1045.3775720729302,947.7124935271803,839.6573952550253,715.8333096046703,634.2214851800446,726.9317594648858,723.422741361438,830.9299750882122,964.7068193795844,1094.3315605799617,20.34493699651609,1296.2997638811971,1362.8142981296296,1390.6479726135124,1369.3507805074782,1326.2019985032061,1254.9958245756497,1141.2699898159765,1030.1515294644023,920.0052484942042,781.6472729378552,681.1742984742775,624.111100852064,618.9584900726262,663.9354098835952,731.3769576562429,824.9975966639831,898.335638346758,978.5703789778846,1041.2497567399187,1067.1447768520563,1087.2429836489935,1052.2703236104996,1021.2023447041989,960.6043094013205,882.9121446372594,794.4784088369348,3.571395633986997,8.71198978563299,8.179583571100492,10.82678735890469,0.0,0.0,0.0,128.0,4.9096889116474305,5.509112031082152,14.4675937854675,940.2280863231596,898.2194552085564,834.3774670092757,742.0533852748069,665.9813987805275,534.9421543425432,477.33568711114,431.2559414678166,423.28051729294367,440.2869634542104,515.3531907979947,576.525681875293,629.0915088602553,695.910754614335,747.3114422917696,757.8862976777702,770.4982851356447,738.8377687232696,717.523429550829,649.9893302500042,615.8248767285696,550.1709937175688,476.24452619869226,403.5902684873066,350.11005748093993,330.1046888269468,14.798369544793651,388.29397812642645,417.49752537677404,471.99198942014505,513.1301107063509,541.826360429677,427.8794965207901,420.9220939217706,416.1675777692038,386.4034977937416,332.128200276484,288.46903289751106,261.2591692504971,216.14613159874767,197.11586700536552,178.120665163571,197.3642495365295,197.84916252753783,245.93482606594924,266.31728463715154,314.0957099049866,320.52885101929877,334.75596705719227,346.3309489810243,340.19617440326925,306.48760003256916,293.6667062482514,7.0706292546486615,12.168354754054183,8.24735801716586,7.2059634482132395,3.334317424949384,9.52128274743718,8.378592430531377,11.659228262889798,10.113322872017804,4.095528607388609,0.4361762289888409,231.06001205306666,253.8638025414698,270.61314893643225,265.4144686240196,282.23899225247345,272.615806112209,271.26359667508547,238.42886631918836,223.5394853689093,185.5911219241921,197.96424233508614,187.84898756376515,224.32020883890212,230.86237145374974,266.1874103909495,265.2499241498422,278.2647860092226,294.3242793454748,271.854698186894,275.79248853759634,257.86531516840046,268.1446896869693,245.67451808886685,201.37102783205836,186.99394934467665,176.4388893809606,12.659466051606719,169.45936112484156,184.71124428167968,202.69018332127143,207.22043693598633,215.81739025446512,214.10456229495733,207.87068880501465,211.48556842821841,194.02716323079161,174.22687238760042,162.5274115882393,131.9203267722492,114.10441910557371,104.99127773187239,112.48938120094283,105.40559114868,113.30848334387983,125.54352970062449,134.14953516345173,142.24259940336452,139.46232246294076,143.67866202402024,130.4470146440933,132.18126067145474,115.56712926937908,106.85002725323369,0.0,0.0,0.0,0.0,0.0
2025-06-01 18:44:21.647,0,0.0,0.0,0.0,0.0,0.0,0.0,97.2392782558773,29.47864553811126,110.3624274809998,216.06189496565352,320.96185089585083,400.13302012899464,485.9438619666713,543.2281167247588,610.9300554814863,647.7045540556597,655.1475805670674,658.82796449381,629.9836925420584,590.371797387015,532.6932892005733,434.65270391704854,334.0538805208954,228.84367896105303,160.02385208916544,182.94856594347212,280.8896930072461,407.23607173025886,525.906125594375,636.8512471590163,734.8357268810961,779.8943555944588,13.500037755708581,860.4384783069517,837.6842844900976,798.2923367124911,725.9686103126779,647.5360839348863,550.0808012239268,436.6344257473701,347.0605409831745,321.27360283405795,372.25509627254075,535.080731115072,667.7289554946063,804.5545349513629,913.3751787595054,1001.7487671900495,1063.9780041817892,1047.432187389875,1059.7610299684563,1046.3583924215343,906.6621860445125,860.2741673880272,741.3792844810432,634.9133770973694,575.1672331977139,562.1931736692522,632.2443217893618,22.51041241382332,7.438836202447723,13.114357556551475,9.687356321839161,14.916460095501126,15.780980110768404,7.090422211318181,8.600046035159117,8.370985164682917,9.014816069738467,6.598472996583362,675.89558259885,554.0912228795263,420.7157329037013,348.9387211742742,330.2078417469041,422.2226362857055,579.1862807201577,706.467546780489,847.6701522749663,941.3351132888129,1053.588450638154,1127.1339277318382,1159.407326340749,1184.9639663046087,1162.1611914246848,1119.8338021725665,1019.9916913979573,918.5552148382326,799.4999394867328,670.633690227104,570.6178561535047,651.9502081973197,684.1042654213975,780.3000008051131,917.2361467862894,1054.9759578937985,10.853914145821266,1283.5158457952252,1368.0450072974556,1358.2041357148646,1369.986862829531,1314.4538270043943,1233.874138390533,1131.373167644829,1037.3045136118749,893.5817989651586,767.2352282767857,667.0157978530428,600.3963695323048,605.5637297169081,647.4227424841322,717.3350265154746,814.8403712054745,899.6753335309805,973.1499882315646,1033.5771230311632,1066.3936812310712,1057.067164002406,1036.6876445473404,1001.3752508681281,926.2651879281956,869.4425256833421,779.6887925179691,10.459956413529115,2.244104807519478,9.387562539013025,9.502959999479412,0.0,0.0,0.0,128.0,1.135692669505696,12.239559355720292,6.02198868112132,929.0008108702411,881.6954100309711,804.8000260001492,714.656725677946,627.330392049944,509.37483851828034,438.3142330642631,390.03877731331846,388.6110204708448,417.84472106085315,510.1046906192848,574.6760423169476,630.9436265721286,693.1072328438606,720.9888474987407,760.4790668985154,755.9925257933694,736.6315983581437,678.7541655357019,623.8213708494734,563.269644852839,512.7316389191883,454.5525426990442,351.35219680766966,313.53955570337104,293.3318715885961,14.36496591789869,360.779083878847,386.94295584549434,419.5645047193318,472.3147746517714,487.97883051930563,392.87268436355174,378.1059448119243,365.7610689868949,342.9192675085478,309.8046301703579,278.1738868877019,224.64324641145572,204.79704862365494,154.76930589304627,156.79235061771203,176.42235527326486,183.51682482070362,220.1086158731082,257.6253957135988,289.67648840304935,298.01891124793246,314.2813687499426,308.8933958577014,319.2584971134271,296.4485217356436,284.8217842062547,7.280109889280518,9.334674733743803,6.1789489685863055,9.711126440451752,4.200419603307421,13.454816678809117,2.4637581524504872,14.903213298027872,7.7050220049965565,12.042240125343868,28.66698559123567,247.20813273630444,261.0699750277589,305.3426701796075,274.99868820975405,269.64836146860114,277.7814168834252,259.9289044690216,255.66638280819186,221.39170442602793,203.65541404289505,189.53454745261868,185.86391381578395,213.39432115465422,222.9772014041745,265.1678637078257,284.33172540572417,290.6032940785976,303.975325419456,293.4277870544874,295.3012639105266,291.59957708516026,262.1143346804247,253.19598962583808,227.60604001833244,208.4060115808163,198.06504837426957,3.546740372299631,182.04791279431367,207.12901690504796,216.66772503903078,225.97467693619282,230.62923820185517,237.34960851651172,238.00048014100906,224.5685374073513,208.3316788028403,193.5171342840835,165.33213208974425,138.64265285745392,128.90610295052738,112.91003413942285,109.1883701683976,111.87330897455287,149.8046333387886,137.38741988330762,145.61409804784157,161.70683900240462,157.18301446682523,178.3692623854978,159.78614265278503,156.61320586045176,150.67093022481993,129.74193428740767,0.0,0.0,0.0,0.0,0.0
2025-06-01 18:44:21.648,0,0.0,0.0,0.0,0.0,0.0,0.0,23.702178406666107,112.92627834668052,203.61058151837238,307.8117244374521,383.37104934550456,461.9295952876063,523.9376616447526,577.1990765748586,612.0631859200763,619.7587256916871,627.2546647273493,608.4084369709586,562.4320596933748,509.74832327005515,440.5040560320329,340.20405207067796,249.1455002430294,154.93318741062188,144.70135012249406,234.30221686038215,345.10683527258084,469.72659570229956,563.4962177908893,675.6777838865196,754.3503147209949,795.6225554814878,12.656166247333974,826.1671620418264,782.751818999983,740.4078506629068,653.5059935651714,558.0348385319692,467.73229617537095,378.55696920079504,338.18630417893525,359.24669140277587,397.1079083455488,593.3716886581142,686.8235659925349,839.8187078526483,910.9082110377875,983.1314158504968,1048.5117722145028,1031.9432660939387,1049.2801932191646,984.2015217209808,834.932292957843,769.5150362701044,669.6353236871257,588.739136276407,556.4950188416757,587.8549795651081,652.300308316264,21.598420650910057,13.098308793027668,12.809436502112591,21.110093518947345,12.551445508313392,18.334146679882675,8.589532414480663,8.067223886401939,9.208330255386755,10.036028523412364,10.730171403907327,626.0098793172521,485.707014108042,388.9067081853797,340.18856438180336,383.6491582895678,484.26722755632784,635.438297209347,758.5136196901283,885.0079096794806,991.1046665609204,1097.6731396229256,1149.6385469733675,1186.1670062892529,1181.140920433175,1156.838813944684,1054.1746812411368,994.1377319281117,855.1858828610575,774.2998341501822,640.0979866445774,564.0931403453264,679.2943754614236,731.0580179638818,845.616095907457,986.5845547636915,1131.5380180348775,8.084124863338642,1328.4453657542929,1352.904212793243,1388.193259075392,1339.1528625141714,1293.4750314246685,1192.172826928972,1061.0515866566366,935.5874865633001,815.2166291969245,694.7690479954158,622.9382579209986,581.6480869139392,582.7970705663043,658.941411995164,741.2294306033972,850.642867133546,890.4357817857259,1017.4758463530189,1036.1706795867951,1050.8815570452593,1049.0474613728838,1014.0748105106645,959.3924248005844,900.5071300126799,817.7343522130877,718.1072370933355,15.575900089858912,12.898850574712725,5.040772240294741,6.733754544435034,0.0,0.0,0.0,128.0,5.0613273801344905,20.15300097404166,16.18114734233788,896.5252604734991,846.9024308183092,764.3336059218336,692.9167367716345,593.5944294552229,489.8904185577383,415.16566255438033,376.0458202799753,361.41710940603446,388.5917259627898,472.93867937831703,560.7567453467888,599.6114705532634,660.918419998433,700.2335577046059,697.0090520718635,716.5674627506645,678.538054325414,644.9070836690122,594.400601301934,547.7155228138067,470.98489009968256,399.4623358615215,349.56336120556045,281.72383093648966,260.34167760730037,10.664055470210869,312.21632399309357,347.6078653614241,378.32754165726163,433.4769450685933,442.7831288998425,361.2847714407358,361.8411944114829,351.5125063388886,338.16921978516757,302.5698123705049,267.975037952956,233.92980722951833,202.01427584295618,176.35067732396283,145.18541784878613,161.60355113650564,174.34346638103113,226.2994055082988,249.63019316278488,268.6571194641732,300.5092506074092,310.8124551752858,319.30128412903133,327.3087196385819,308.9134081890556,292.90136704396446,8.928969270728196,2.300283853175997,6.082762530298219,12.184875635835443,9.438610522634962,12.2193824193475,7.233727894689468,9.273004245072892,6.01485768373207,8.2841248661835,11.571235754709505,238.1098896578499,258.52232014388426,274.12960781903297,308.78569205287306,285.74243539113417,283.52031063265713,287.42914520577534,234.61387862360064,244.08594769764574,212.81821255675948,219.3239631499516,207.59747275827104,217.54591396152048,214.21122451913888,256.3411152824986,262.75802071838353,287.7205246029681,290.2771830706703,308.1011910717095,295.47153206836816,289.393285020332,280.63336151020826,244.55197974521823,239.86729847798196,198.2640059526707,190.19986936061093,14.455411115403487,187.200316680169,187.30755911323467,216.78504228211185,208.63859487992607,223.28913470471474,231.48727755129843,229.62140484494546,224.09174566789576,204.39499675704437,193.9161882589433,177.49748836621677,152.51742264969587,129.14315641643338,105.22687196702051,100.70046788496893,99.10099870642651,114.39972013094427,119.10278636092256,135.54538650836417,150.5897348556554,150.69579531739043,155.88827888765007,151.2527416569555,156.85726502033745,148.76580789108826,137.24546294545638,0.0,0.0,0.0,0.0,0.0
2025-06-01 18:44:21.655,0,0.0,0.0,0.0,0.0,0.0,0.0,176.01872593251787,90.3609709825467,30.17216555481585,123.08561238026714,232.33053628421183,333.80520581926237,414.0383152933043,487.3360431664971,559.2029866599906,608.9301768541332,652.2994725497755,664.8680713405762,641.0589416940102,625.7842639444256,577.3558148993882,529.7804583640592,418.7157426806235,325.3143860919779,201.85677264586155,148.07118190862374,193.6899471208471,308.5834133701702,440.8137743371727,549.216854162882,671.8059643425047,747.1030887355058,3.750887714166174,834.2556775554002,853.643149449704,822.4273851167537,768.6806400076401,687.7345190783537,587.3633338453407,484.5337882712954,382.9369281273664,336.31416522679507,331.1735908699635,438.3025047528796,526.1095809641827,674.806935277238,808.548388159381,986.428245250214,1007.2563002245302,1045.8899306656087,1055.7328482293292,1018.2102093427294,952.4498778790221,853.9534478269477,764.9003211718895,637.8257460266358,566.9705835327695,494.5378598593761,530.2394775153492,20.67937413768912,13.690168577244352,17.10743740741961,13.466358728800172,9.50356671485994,5.941288503313816,12.114461653631977,11.098217735707806,3.819127213430661,8.680263024486997,19.93217018205743,757.6548923891677,615.2303413518022,481.65922539894274,356.4417639653029,325.90098834511605,350.6082326326256,489.37696832208195,643.6708175789021,772.6312136067563,898.4677192018938,1030.3394644036432,1101.2815239560334,1171.1387100221416,1193.2122515270453,1184.8479915691612,1155.435019250923,1073.8665165112975,966.0165523340083,853.7735054055436,716.8669832372626,617.7011137603414,665.3706071338635,675.5070396968932,765.1864116581536,892.2071139108532,1038.810388853714,22.60147187388111,1277.3182394630878,1354.9854446566321,1371.1017543963771,1376.5838772083257,1321.3300990596833,1271.631937202086,1141.1954338940723,1014.4080210856827,883.5835362693044,767.075460797744,641.9417450751855,578.6693836227382,583.3178011157987,622.3463684178279,710.7935418410556,806.9050586269021,902.9763792221767,985.0388394764777,1044.0914837598978,1067.5612519879066,1075.6921462775088,1046.4126632309512,1017.4495385379698,949.7140521168703,840.2850587569574,770.7088373069679,10.141136285478535,18.440018243020727,8.962987480174272,10.484809374032466,0.0,0.0,0.0,128.0,7.504468861828764,5.756309140353485,17.856705068383132,905.2353798023546,847.1608054873798,806.4243480917409,716.309830352418,600.8307546441799,481.82692142951106,438.8907754094285,382.0107143182021,388.73531663070486,451.14493765148137,506.6035942626516,563.181597088794,617.6074856689519,652.9257123545336,702.4714657155007,730.95557216367,697.5192395223118,676.4922283897357,670.582187857936,600.0260160751602,544.0161104815995,477.039457163368,397.3604490979385,347.9659511602906,313.84410974046364,306.91924956713467,11.673527616577534,359.7070772362845,406.4460192852639,428.57036846536096,473.6623700737482,465.88207174815165,388.5805378185053,368.4166160945717,361.0936226883807,323.7619377028497,301.8067453729103,262.6095648832732,233.9822356794972,199.89193291674695,193.36208156096512,205.1878185372795,219.86320881781,245.0400518047814,271.83235268418923,296.57634337457836,318.2876915384085,331.3776720937758,346.1709545423353,348.0110195679659,322.4981134524085,299.51013574959217,258.70623177937983,10.221121843843488,13.616291554691466,12.264022939179045,5.660456269741062,9.124826821621538,11.854527104748275,11.879315394364978,13.19147989446089,7.127333760084658,7.235803575310494,4.209837288766895,241.743366450656,268.73933514152895,270.1452878495337,272.82121514558816,260.5224598888401,252.9943895043419,202.47411887564695,238.31310080178875,186.68561846354334,197.44073898366818,188.64652399127732,193.1156088952868,194.4460528774398,243.21296971924963,272.7260415158521,284.01896213523133,272.1775335420275,280.87866402039197,281.68455550030916,272.5248112274049,262.6486115662692,237.27433660173398,204.7753535612002,204.92567474942487,174.38585216546537,181.79728570730185,14.894252267491346,194.62521552348062,213.52719758521803,217.4075417194472,250.34418792581707,229.40880410775864,229.56000878501794,223.75416407305698,208.2189176240987,200.2960057966267,166.32268917499584,136.81588459948188,110.85591094214479,96.34618551592034,100.97351962535862,99.19805695732461,117.07595697396518,120.57673514562164,149.39339006572297,160.5675598689502,162.06725930403414,163.1065858977811,159.43109954813238,152.3261051034583,130.06145711459638,135.66293866365902,100.28109587597446,0.0,0.0,0.0,0.0,0.0
2025-06-01 18:44:21.658,0,0.0,0.0,0.0,0.0,0.0,0.0,46.09891224294467,105.2369753952492,196.89228499289058,302.3286812771231,395.20858258979433,461.1918784076896,538.4181927033072,597.9787268799813,617.3918180016931,651.0632044889795,652.6389205453655,626.1440041835637,577.9518543178852,526.8127650037518,450.19079514198705,359.5110353087684,245.3652746057496,148.64873919720588,156.8620662302549,240.8347316539727,358.4717893047033,485.93082790583935,588.3876471495073,690.050227629317,762.666129217097,810.7090255703018,10.780419705405961,811.7814354511869,787.7049574906724,731.1066169585185,650.7829385958436,556.7341747956729,457.4508118748141,347.5343182873537,288.3123874110261,327.68612074125576,398.7065247431715,537.4040040674098,672.3181765009768,770.0300359613159,880.9700346037472,988.4045814331143,995.8935356677463,1047.5300806810703,1006.8769574223267,971.3651236664314,872.0018190495088,775.5970432157591,647.703561955538,551.5971613060537,536.5393909923042,533.0196056408482,581.6399663216085,14.131474814281061,17.542451816177977,15.914674498952852,7.098616125584938,10.094794173046061,3.5789868210835825,13.429342939553605,7.39110943689006,13.450141033303503,13.104568570601234,12.165092932171092,642.6349131919234,507.83867935631235,408.70094023954954,344.29483360026813,363.2194734574685,442.2919238157412,582.1698694339192,717.8746937834167,842.1065628916664,961.5486193430393,1056.7019450644211,1118.5460148746795,1156.737125182234,1159.7205122133967,1114.680546481753,1093.3186551809974,994.1947502323351,901.1113873789378,783.8877831881076,646.497892098828,581.9162080924774,670.4786723606098,710.2311054509087,808.9672342881413,945.219455986841,1072.1739870217116,13.249111490683374,1275.5691715640623,1351.6837152251032,1362.8149976157165,1357.2654487539182,1303.867313198043,1226.282114406907,1135.03972297676,997.211530709398,888.1511301439731,764.2795695262731,680.1011609617785,622.4021414703375,622.9536777248433,663.7087432648281,760.6073675499628,820.2739498554726,920.5696964211676,988.2181618398073,1024.1459249107047,1055.5936780938223,1035.4418586809202,1010.0870380498343,983.2473095732179,912.4817363108737,824.7275471301712,756.3249285598828,3.0429974583476342,10.727578168595183,10.102601803638626,4.015163390350497,0.0,0.0,0.0,128.0,2.4306134491355804,22.37038970412508,6.210804004556081,868.3677275335152,798.6182428305679,765.040493294674,681.1083328313854,602.7548461753527,495.2698649357091,434.87553150217457,396.3405162456306,383.91403036908036,430.5858565399978,479.7113753143163,537.4604187160525,593.0509293469985,633.1373435280465,658.9694772937326,687.2766275019674,685.7761689955898,666.6484838879954,628.3727263849701,569.0404434098001,523.8894342219345,467.4077339724845,408.26381441315,348.6011111159829,311.4395528163037,305.5797290984129,10.801795121594438,340.2063117686921,387.3363293315137,413.4627296565667,437.499668940352,461.7146520573768,393.15181844352577,354.99951225773805,359.04360338067704,320.6627632521019,321.4241520206004,270.13738379833467,239.819646327881,189.0874509300507,158.57528867264736,157.89161260675635,172.96019537939313,205.64043941262412,246.06654350670263,258.79601564003394,296.58816005756006,311.71651079606005,326.47255775555516,326.8719548878854,334.42267443133875,299.57423204656374,290.3930392598224,11.061383510639333,14.253114953935745,7.164793986834143,5.9042426439891535,15.146046637480273,3.328069713956595,2.527577183235444,6.340571040317577,3.2285233670334086,14.680738102828903,13.821902311427182,253.41093960195138,262.5210643466559,268.3067059217369,287.080336704193,274.47557804944387,270.719593208985,274.4508289862967,268.9212625258829,220.67654699049206,242.40941884521885,176.511026818802,189.3960664802195,203.8929820135896,198.17311814113873,225.38676379732462,237.71410363689697,239.08622889146702,267.7089344202451,278.6153728773993,274.7321719684994,284.3541715043023,278.7558817431234,244.63879187733366,234.9544201486842,212.1616909238117,184.33635117910455,3.79139102145012,173.88387346774743,179.39068950509505,185.18910432718974,207.82559533622307,190.89956746000442,205.2030756901352,191.36061072820232,202.68104712727717,189.48686850886685,179.31906746399122,148.2833107220664,140.8350904195897,132.2557612180437,119.55062644187416,100.00703883513027,92.05791007990034,116.70086990946609,109.86405279978948,129.75826426831995,139.72247646646278,151.18731328842998,157.78004386297837,161.28975674826648,166.72373562094685,139.04848866293509,129.79556904466006,0.0,0.0,0.0,0.0,0.0
2025-06-01 18:44:21.661,0,0.0,0.0,0.0,0.0,0.0,0.0,194.1913711181319,106.33702745828086,42.034923418365885,127.49956959713806,231.53536875091723,331.90846988196347,438.8033234805637,514.0899696811704,582.9667246977855,635.1484007054898,677.245020859063,682.1135830623309,683.1380257354037,645.597490014047,590.5303860754675,525.6990038348242,417.76982319162664,311.0099496688911,212.66582978678764,151.16434753807349,198.68441855116166,324.3810427729533,447.27575426774246,563.5458983901536,670.0488970367825,747.8897521346798,13.2489017459757,839.2794363934112,848.6734730316448,819.5231726805317,761.6992225238538,683.6864150129646,588.71774396567,490.7365333293913,374.957764282505,307.8860939659463,317.73794627663506,439.10170766200173,570.7281565757769,664.8981070248088,808.4108391236439,916.3360474272854,1012.674998659169,1064.5922612082938,1055.4849449319722,992.9494025734909,946.6656691568577,872.0806241551118,771.0159250668269,649.8364683586723,552.0712151597229,500.0774240504416,504.40548411822834,6.156563246251236,11.205720862618595,2.9735369880106015,7.8583088408994834,7.37792920114452,11.98748427500225,9.810796273848128,10.8211338953846,4.273228464367431,25.659679624008437,14.367916565255449,794.79364243409,642.9415957521956,547.9980249490094,440.95834615900753,376.5959321809592,380.86339064042994,504.4323337396303,633.2629612849622,775.3594752120721,906.2150740994051,1015.4799796809588,1106.0762078758728,1178.9009216462944,1200.9188871642652,1205.5850338765467,1163.6218163547326,1090.749798845204,1002.1952067735874,883.7201509316969,752.1787785159511,669.251784511662,731.8626412061266,731.3534868520825,783.0102570376347,905.7909334635524,1046.2638839303697,17.59231093730617,1283.351657367012,1366.8544779304,1395.4524985456103,1402.8311097501644,1362.7064145289596,1274.494500699118,1179.492324937666,1070.9262330784402,953.4316216389135,830.2345792872093,731.4903172947633,655.1189471285248,649.73495207406,684.6651661206195,761.0337883319688,827.1743721461646,919.4168799258363,974.202715934086,1028.844612913416,1056.1195029288172,1075.813541333706,1057.5816906600753,1011.8367594350779,962.5511629322964,853.6908075034482,773.074556354316,7.243933748853887,8.835663198774146,13.849861788827353,11.122769477500777,0.0,0.0,0.0,128.0,6.800241407170771,5.158285935631792,13.919093296906766,906.9236568146412,841.1872258981016,785.4678999203043,716.402357260172,618.0410453512496,524.5607376620806,467.5667579050717,443.38501965145844,433.19985378796986,492.5194494697359,533.000089351587,602.7402554943445,642.4688183958938,706.9495852388787,713.6218068275122,751.1951375184452,723.1829344951892,693.2032986732138,655.2310169537299,602.0553278212734,558.2077129790429,472.27259430511896,408.08931709163994,360.9318886894418,353.9090757064123,357.03042698812,21.22519616642571,432.8930753249693,453.8261275270484,486.7598348047705,497.9831776594153,510.4418842135367,410.6127226614901,373.5628391415079,355.73235995472174,299.5209408552367,278.9163384210905,217.98280024138666,189.74435953504997,160.97062833161203,154.3345636145853,175.36451452195084,198.12542229164865,230.70197943661697,279.9891211935075,293.20666440160323,314.3758928205414,322.9696320207842,338.07855780887337,340.9073435129118,328.27158625605557,281.87786656375056,259.42941262180966,6.725981438159009,12.681478870134741,5.967881661626254,8.142629783246447,17.37683806869484,9.292461070384707,7.865194106233993,10.714061432756985,4.675527314942141,7.993773996785975,7.541665813304937,244.0805731213447,278.5166713449995,285.2664915553427,291.1574380722422,294.5354205110677,271.58517421145376,279.5951368500831,258.3732441360533,221.2807369537227,179.30377211405383,187.23516967022283,182.58031560130215,203.56089304726697,231.28328896531477,259.30557711455435,266.06146724432244,264.66591004070506,293.6506225086046,288.2284827296508,281.07910977795495,274.8969898484211,255.23353413850157,242.28153194575765,212.51306521885502,191.27074752585818,186.446600866658,7.16351097018803,181.73946204108893,186.51878366775165,199.24309526344612,200.27258963759198,203.5396043052714,213.4560931403944,194.04442710056333,199.33928291134075,174.29722975762903,160.47523122160635,139.96095408568684,127.32900802775335,112.23248388568253,106.83028784180564,118.20743554781626,125.93003563730838,125.65814682536298,146.78487423879656,138.2177968275936,159.2435533011599,148.9451689594044,146.77070295865892,148.39057493108956,132.80912974708582,138.6333027462998,101.28273003448933,0.0,0.0,0.0,0.0,0.0
2025-06-01 18:44:21.665,0,0.0,0.0,0.0,0.0,0.0,0.0,148.58310540994685,87.74298683397576,54.72279585532918,158.46013533228023,251.99247905930054,349.3183724054126,432.87358399210314,511.60304845051127,574.7409772758252,622.0204116219404,647.5268455835145,655.5807002657823,634.2879469831023,619.2579686550541,561.4611119701191,491.9314267835544,389.1669757787608,293.41930505934937,186.0634334955244,129.40090854939552,190.45100404669915,319.49890598343956,439.76400666514405,562.4480643853528,667.7738567522952,751.4836293946303,9.861061910653424,824.2966892275678,838.5367071887716,800.1836191105266,737.0087188993579,658.702695854403,578.7307820197575,457.47183576954114,371.59858542316897,291.1445247967701,278.14751806648854,400.96671116767084,503.3922055577129,651.8328580690321,785.1035994637434,888.7084764388569,989.6085540599962,1009.5483651466307,1041.6367506050706,978.2074946739059,920.5553940196817,855.0214588209224,771.5963371888349,649.7258741286464,546.0176352688035,498.2516800792197,487.1322265363241,6.779310344827593,12.067837734732388,11.136733092261304,11.384253772330581,17.622919819220293,17.48195084908459,5.188793658812246,11.61581326485454,2.2727874157240833,11.75027458506802,4.777094038914549,757.2777235030582,640.505379874971,519.9326784384259,410.18263885684934,361.3209257862919,366.94348134455623,490.34400949621426,623.7899644894042,759.7671661103979,889.9232927211856,1006.9499651534722,1114.0573512094074,1179.9679969072538,1205.9418406513275,1192.6084127047584,1170.2309820225873,1086.1668197895851,1001.7524762876089,894.571450534342,764.2420546955088,654.7806202637794,732.1081248820242,722.2172484602286,794.8225933371548,914.1956412447076,1057.3034240020027,20.50254955444902,1297.7054800047745,1380.89247791859,1400.0527588474993,1415.8782683930806,1350.725062346727,1280.749563891282,1184.8407649511996,1068.68304354152,945.4265356779077,835.8396484615931,723.3025493229251,658.2115467332319,671.2453879666691,690.2579727302784,771.3860687089982,828.4293819955135,919.9656637182783,977.1113166459944,1035.7585388286188,1053.4839830938793,1060.4437177390091,1022.7993946451184,987.4108852149451,925.9386928206416,837.9521241990744,769.7566109383687,9.00553788427084,6.324555320336759,3.1777796063846404,4.868287325294626,0.0,0.0,0.0,128.0,14.92472508284429,12.368839711920629,19.619088098136437,887.6477249967293,825.9134948559617,781.4913609400832,694.1522708409642,615.1245816267699,508.65872437762886,457.1970243966645,449.4241808795908,453.04473765727676,498.6632729377329,551.8689299999526,599.6658497540844,648.655182782806,686.7335901510726,683.1802200815708,710.5187337221097,668.4126796123606,652.70317917146,601.5859879603589,543.4482983773968,496.8572323221259,429.9454533173847,365.563813194978,342.0512585599891,336.9120733491294,346.67121946801086,10.463453195161296,427.9485727679313,470.91976931549027,473.21294318971223,498.8294769173702,489.9417183603861,385.573455137487,361.6846451627978,345.03697735933105,299.54216971626715,256.51027915057193,211.6891813725212,162.78034619035364,148.13561033913666,147.11494038635414,175.8324255688992,218.74399139587197,250.918943855087,276.2091155140106,318.83673129657757,342.8408420033571,353.24799144642026,361.443891954614,352.3238782711624,346.9869213745907,295.8525000314326,262.1002708279785,11.238280892226129,8.670432212173688,16.338731827812502,16.411647037292624,17.63745923875479,7.0710678118654755,6.625888265749236,7.1108068743889765,8.335721177880544,7.551464216037929,6.475477311465168,294.04718782266474,279.3007771097253,298.79954072394133,301.527094747827,300.36572446961395,279.4011379045594,274.6256496792916,253.04198134131516,202.69378047506194,176.18133903246945,185.94076310932837,182.3988771569011,190.85390789235558,238.5988923234755,238.34866206493257,258.23522794172936,269.5339107318423,285.83053305114635,285.7825647127358,286.99481346779805,277.4579583587333,247.11305161888927,234.23557866087683,204.54956889878545,180.67911520305287,176.07546287871367,5.5853904471894396,184.00113990190545,202.46297126191553,205.7629003784661,226.09668715415214,222.59184359406154,226.3438150921543,216.40390917492672,206.6619991436325,203.00295338247295,161.13704792194508,134.51435204817378,114.13348956637176,97.84936785543164,90.96025906928622,111.83490161068771,112.88544923487107,120.88536994730309,144.38197790105352,149.1829476336891,161.58727289104607,152.47951303385813,160.6941786865352,154.52854360077774,143.03444349348,136.3869772168048,116.06532597142166,0.0,0.0,0.0,0.0,0.0
2025-06-01 18:44:21.668,0,0.0,0.0,0.0,0.0,0.0,0.0,33.23591427090027,105.42304402910868,193.9758038881536,280.79530433010615,375.3205754176542,454.418445092628,525.1164882226553,565.3762667506368,618.9989774765553,651.0412422640428,635.9671884039954,634.3140299611842,579.9742288713837,538.6641064622823,457.4613355179072,367.66213556656106,261.97672680540467,168.63263419083543,123.30201309842816,204.16008680446734,327.03828029462346,447.20426376890947,559.1120736595622,663.2295899219697,748.6830610854128,797.7576696351302,13.50336158315902,819.876821747313,797.2526663385398,751.1063218098465,662.3563303015923,561.5940466052841,465.1894343347183,352.01377673353096,272.908540024234,290.6620037994323,339.19726901937565,483.80423979068456,638.8534769767272,758.069712874403,842.2434665003138,928.759664979706,1001.39296859566,1015.8025218054491,977.2297166700256,947.1018452353701,867.1467716864938,763.0772052091315,663.7329094861477,578.0714976383194,508.4401270939494,509.84026877822333,532.191189808905,5.897717262782661,4.629304866626679,9.808400475113155,17.315180659762202,2.917146832661465,8.737443425292609,4.509238137728481,12.763619705466956,4.350614884995744,14.931047999450623,9.218765345889437,664.5771902348491,568.5067777242075,447.7246832285991,361.5555710815492,368.4120634205369,429.4755464120019,562.373731665998,710.379950071384,823.23598472255,948.6057595176907,1062.1373246068028,1134.0672943831855,1177.6911619297268,1198.4300799277987,1170.37212572605,1138.0076148442538,1055.5892182474524,953.0013500930299,818.1406208853482,710.5487466895091,624.9498856134168,719.7572025703997,753.7890820823862,833.2158386157864,963.8966605017016,1111.0372413971202,8.211685075774737,1318.1950120779634,1396.824504559564,1404.3906531300795,1420.785823252744,1340.5918150656241,1255.7930816959863,1163.0044770316802,1051.1638795965496,929.7448177911871,821.3888098027599,731.232497721088,664.8347575494073,668.1207128286396,709.205228972544,783.7008817940352,855.6793721764128,928.7106602701856,993.6185639102199,1041.769061375567,1063.0271952529351,1063.6111346938396,1013.4331602421698,992.311760873559,912.1345536230489,848.6153181792525,767.4574528800082,7.723263898010228,7.13206780274759,12.32267444936762,8.361758111544761,0.0,0.0,0.0,128.0,14.418152084473796,6.572784471766469,12.151587115753859,888.5460195107585,829.8688404490176,783.7422596132621,700.2462874943808,626.318170892337,524.9423947458706,481.9075808544775,457.5468904611988,460.72772100652384,481.7603044183667,543.874584671467,597.9898512671894,642.6671494409709,673.9755140650564,686.3636525005088,703.6031629343556,693.0030866580618,653.8728655293583,603.8597878601354,553.0825370065097,495.69153185239617,427.4262555081759,412.86081140890684,350.5449336755198,326.5695617821129,352.0979283407256,8.064632241386215,402.71481453579423,447.3989219820035,461.24589228020017,505.36853290741675,478.2799461987081,386.75588419426884,359.05746414621103,346.483251215162,323.1032957429915,279.3807023851199,238.7134009991659,183.43711908180538,160.70537358890752,134.28734762329765,143.4177513535566,192.678168457509,228.6402807954361,269.53035351077966,298.8432087099883,331.8343280688543,341.9556290372935,345.7871162249826,351.81442537063384,346.0790299431174,323.67680415166143,279.81266364677225,10.345784770695092,9.021919212087012,10.827825307756422,3.5206348897092723,10.572540977329703,7.285795868798354,8.983674184201757,19.08684362109369,17.27887007270628,9.050190115020506,20.015296453426778,246.12652848025112,268.8228193105456,292.3298723180595,295.34003449856476,314.79819765087035,291.3380835011233,303.926140695279,260.13829532309876,232.6436304155061,211.21533436954545,199.88851049070442,171.66708670725797,182.51825153043762,211.97605442346716,232.43411733889602,252.08153431093362,252.5937389856187,280.77267516931556,291.42592781502503,296.4372036028557,289.4397945054192,268.3822056638303,236.93662786417588,218.5270594004991,200.52467446313057,180.1639993570505,4.616763357318214,164.95390525195972,176.1284326095519,188.32894870680298,189.41737416184662,214.7439249800163,220.48788367198037,208.48101748157939,204.45718660645673,190.51334816220054,176.56045665193088,148.00733687045204,129.6704207405785,119.61882994657975,99.53185078388243,91.8698240947098,85.42348834451761,107.29659232574856,103.60396394961938,122.84129908770375,136.1439025429594,144.32880924035572,156.78014236680906,155.8155046184516,148.32509577130253,141.64628067736712,133.2110871914117,0.0,0.0,0.0,0.0,0.0
2025-06-01 18:44:21.671,0,0.0,0.0,0.0,0.0,0.0,0.0,189.59856818427008,100.29120462255638,30.397123291523442,118.994282838862,221.93377024050133,321.62070113493183,422.48933641254825,498.1180693825035,559.6470996231891,617.1332061562129,642.6113113877213,668.9904498120802,648.3411842915431,620.6854961616127,581.7909894229895,488.4719528735235,412.7095546396362,314.06274899876973,196.58866593004666,124.26340952537751,182.84789847425654,289.84260279641626,408.56707727717145,537.8255989663486,655.4740825179144,734.1074277416892,4.624598043508068,827.7764174402209,827.6530171887406,807.402543520667,752.1818102453736,669.613222181372,598.6549415782124,490.4460232262354,380.4114784982403,277.5248062097482,305.73861214011083,367.08122535960774,503.9873241446574,632.1334125090806,739.7330990020604,838.5625774893591,959.196864485382,997.5332959346421,1014.787128019437,991.5189876053192,946.506699199445,855.3245673664575,763.1993701710737,668.9848204270871,545.4670062263291,489.20700893583916,477.69819173126865,11.075997529115575,6.569972553264318,13.01388318486038,16.04680226716721,2.883268717194484,12.989462164988579,10.388696777138538,8.854056476231692,4.363703640957645,15.74126646566888,3.5918186916045682,762.6648363629955,669.291865588184,532.3132757027726,434.82666283408435,374.0996058520749,379.63379736073665,474.7420278502973,600.3743101010361,741.7734411950437,863.626139338108,971.926667803325,1067.1391888073922,1132.7133150890968,1177.0281815755795,1171.4628334689091,1152.2432804847215,1094.3039229145143,1006.1335462469308,904.2444925369448,789.479488849654,677.5974538814619,770.1310649766657,750.3571930494745,795.1508534462766,908.9009873864175,1030.8167009322513,9.002392770618997,1263.9623077881727,1335.470613592511,1374.9165672372915,1403.14406242951,1377.206378999301,1295.6893241115536,1218.0321387860765,1114.5714250084,994.9728135220989,877.818877670832,785.1964768883472,709.6621198224441,686.814617188035,711.918652546509,761.481921783313,831.4653419400645,919.0005232961383,984.2934332057914,1023.6794332152506,1063.9136018748172,1049.1438173172205,1032.0124849713568,998.3187343085597,954.2720535456921,880.9920692195329,817.8734657818925,10.44030650891055,10.878114014868201,19.82611266687551,10.16434962945745,0.0,0.0,0.0,128.0,13.919381182267353,3.3091421081170056,12.35326457743018,880.986147978933,834.8452202911651,764.6254894059052,699.0187050704676,608.4795889698772,545.3144536201102,514.5305774357931,479.0685060623202,491.7375074882471,524.2247826765697,562.6863143981261,618.778384935046,656.7065183419077,692.836788863676,703.0875805901001,705.5153992650675,684.0140491089838,665.9983519252455,603.6234163978783,540.0106750490901,492.3406943922173,436.86269188393464,385.6358079076008,349.789646067261,328.4945716606958,368.56472602298953,9.657039152477072,415.4392969198083,454.5232379125604,477.9078233044051,493.1914753269301,486.01995644774473,380.7430448698339,352.06953816129436,329.26835559026347,299.65599100450237,259.9275411887709,210.85103319331324,178.88498864549967,154.56398341795096,150.01274193218788,171.3289777443632,206.23951269951368,238.35486956518582,288.5088836451368,290.1615406732525,317.7956229948716,311.88127117665584,312.81427330421434,304.65315625102346,307.0098831297808,288.62247079413476,257.5177150964194,8.434498002842117,7.6227752276028955,10.681200763169068,4.85296748326263,17.64210404087816,8.890381728357287,10.58100783260262,6.664846025023016,7.705274081544381,3.3051688238876524,4.235637231558501,251.84658019151595,293.82844696616013,302.93385693511516,323.6970000065344,301.03753460892284,286.64629014836504,271.3194847631397,248.2700889465169,209.09764786358926,183.4734078438215,176.7334002933205,162.5640717842236,179.2193397865219,215.7969839692725,244.3249430652797,257.9808429433357,256.6127683010239,294.52912426563097,286.4870391758135,291.7838732032854,273.6600474504981,252.19065910344762,230.25621457819244,210.86545804199113,198.8255864951355,186.0656476562184,9.997269037534526,173.8764731203813,178.7831729104674,183.29954444715975,192.51293840363556,198.77106234980187,195.66495552100875,185.32525523866656,172.77526692819845,156.1833518902365,139.66579766153833,120.86732238015655,102.46168033029402,95.16725663907629,104.57561042006016,98.93010323635072,106.29568073371397,123.55153671166075,126.77585095295872,137.35762320333927,139.44315391195033,138.74649984739813,146.86217595512187,137.6281475739243,131.3004810176289,108.02649024200721,95.64668585912011,0.0,0.0,0.0,0.0,0.0
2025-06-01 18:44:21.676,0,0.0,0.0,0.0,0.0,0.0,0.0,200.10171689490252,105.58183354430746,15.52964531406196,108.71672392304133,219.87703303703296,319.8207167484619,415.9521284654654,490.36183599960236,568.4228814737168,619.2127277418483,660.2622647077818,666.0481445809131,679.5350292156882,649.7446460797705,595.3027406837443,513.2739704847403,429.6851800252872,323.2833368291036,214.04227368313272,143.58642560873318,167.3737435375984,289.8919808370727,422.5121295268188,536.9587402748477,646.4198166141866,733.684192569924,7.218904184673703,834.2671444373996,828.994575591004,815.8572392251904,766.4761605584017,696.1909387981653,615.0717531639026,495.685437072258,397.39349539830397,328.24458330233153,316.280487895836,406.42393753076414,534.8028503734502,668.8702552460416,752.417585066237,838.6397325208194,953.5588919024411,997.7203196579193,1031.1101031124101,1048.8506628456314,991.7003223548679,877.4046846732302,780.2435135943043,660.1704891903689,555.8383146287217,503.51189803983675,485.8039811603561,9.921847142342205,5.665770065781706,5.286509513063123,12.795897637121042,11.295664616116582,7.20831891575839,10.527702854033839,7.353910524340078,9.361850154350973,7.681860213634153,2.8880613017820025,786.1028803595824,671.4153871786815,541.712620838483,448.3748285696361,377.6749532390812,388.6006502991991,475.53341073276846,617.6954728042127,755.4150968074448,878.2630786959195,1013.0121148402086,1110.4824802589458,1165.2345535052038,1217.0367400593957,1220.33645384351,1184.1545738994112,1131.1677684656133,1035.7514136039565,935.5872314965296,808.8908962679277,693.569560195911,768.7321962081481,730.5028667776787,804.2506399648388,904.3701127543382,1055.1509989626156,11.713955191559966,1295.6167713797902,1360.4755253616893,1429.295112162965,1440.380262173573,1400.2777252144172,1344.714704811354,1224.887536826155,1137.3230474956192,1006.0624620147171,898.8336685598917,798.6861366384998,717.9587378543049,681.704756256084,709.5064555040254,771.4057129573865,841.897440757689,901.345214628005,988.6351459587704,1033.2706299239248,1070.2142305537886,1050.3381262438172,1056.890866729145,1019.1979191565592,974.2384835321361,915.7849267665267,827.0897218188119,10.24961180322948,5.399999999999977,8.824621125123599,9.166190378969107,0.0,0.0,0.0,128.0,9.196544015149275,8.63520299625402,16.773973784023458,903.8515038039228,864.3782542990814,799.9890504751129,742.6702752665375,659.76214593578,571.7436477226503,546.8826073432147,522.0480337103585,516.983341428829,539.8697498170337,594.9297270017904,651.2745889750943,685.812136965803,708.7091028626294,734.4911228873749,741.0810593704209,726.5918419965107,686.8420244970271,643.4483629467055,575.5512452703755,531.1017202463227,467.1677642379393,421.78572440611333,378.27414393778884,361.91065560991814,386.64198485326386,4.277032961426885,445.8790362508777,472.73304221480197,487.7346313605475,508.6622372600587,503.31558409707657,397.0706452340946,348.0947709016547,352.64785408022414,291.7924599660665,246.00793226646664,198.44436822249168,177.84318196930968,142.96614775231754,138.90006933523406,182.2396456871267,192.44938784482468,221.31408984774694,268.42965497740414,281.7111996344767,300.0805632253676,307.21261123734206,307.7101733736022,307.7403388183341,307.1095922453996,275.26096214917743,238.19456559030075,6.658303909640419,7.0158053962465425,8.440877892446824,12.1337590942785,10.546075537812188,10.516854962987864,17.135737878039542,3.4828427124746484,14.650465404304503,11.636422818573095,6.318106969931728,249.50590075284853,292.9055015906431,286.4512289346421,304.04443161128756,298.20427804356746,277.5494029095606,293.6369917707626,248.62110099903714,220.62547681014985,181.75729157390919,184.8095759778638,194.85838092068587,211.65271615309067,248.27356204089133,287.1451195489438,267.75512902981643,274.7463483960161,292.25031819957775,292.03622297243703,290.24989313491545,276.6404320866811,258.1667739886371,244.20965783008867,214.12576284860415,196.0470606573137,184.2972928940322,5.694427190999933,178.48286921327974,192.88816304282668,190.94519487733265,193.62772318936143,197.25672003722352,208.6510464730661,183.7484957159129,170.023081723779,159.9329223504073,136.7120045858408,117.22525637547862,102.61997716524868,94.52663270839483,95.03922641193714,89.94170452303216,96.59457767710802,113.88225191784377,121.05743664351144,132.25824650428993,148.21113726343776,136.02485039947393,135.28046514121792,132.9099338910662,124.88252347815863,106.51778464433922,100.48469468788227,0.0,0.0,0.0,0.0,0.0
2025-06-01 18:44:21.679,0,0.0,0.0,0.0,0.0,0.0,0.0,159.6278110906634,112.08802560774977,60.79953673770675,159.78912972784306,257.11295916666705,349.0622854102627,443.5738281664384,513.4560012116,570.319671885106,611.7592248429622,639.3361058038665,654.7616441235945,635.7153260080954,598.8999251671655,542.7471982801407,473.68681152199366,376.13038434207266,266.5819529056507,186.7269247490754,148.92555285682744,202.2024010989323,320.53234247411444,451.34560861870614,550.5782901026091,655.6027410427862,733.8281679386193,7.186978374225343,813.6105354069165,818.3240562048676,784.9626459026588,733.1474282434498,651.9398156880883,573.7710309332783,456.3352385185253,374.1565673978843,328.22358037923465,326.2557226998711,420.84709952586184,533.8211624364681,674.6379218888438,759.962535942545,855.7514347574371,956.9733918702425,1011.5001674459526,986.1826601296938,980.919787431188,916.1241552321397,864.2813358588817,757.1979898632965,641.7110422034484,556.5083079237198,502.9975197434998,519.2984148592075,9.210891424244634,9.582351893643665,9.830930613918238,7.2855235933714075,15.763153527483299,10.301489148035456,3.6739437814365066,8.978353658950281,11.940003199620357,5.249191064840522,9.582351893643665,743.9501972074919,620.9788591842644,508.6579225102051,407.9739548661691,372.34562400250843,393.5244189768727,518.1681858971194,647.5063538649739,777.6552383809441,898.4313169528461,1019.9812213594565,1116.110048017058,1159.0052386606903,1202.727106296009,1189.5987292499535,1158.4571928672215,1089.482400276677,992.0399525497347,879.5165802259402,755.46207106848,668.09698177803,751.3090871896123,727.3932132161086,797.7087716632327,928.4900227432464,1054.627760625691,5.536935367268397,1290.715425139471,1377.7321268410624,1407.018969964697,1415.6696413046286,1370.7591965424817,1304.478030117008,1211.6235257659037,1106.3744828854963,974.1574198461689,858.3022749830593,749.5837325954117,675.3337733148081,665.2321628892466,687.995948852685,758.9361809040294,823.7344577615918,907.5410836577332,958.0944992615613,1006.2551392806989,1045.565630189814,1030.411991565339,1042.9904111443636,1008.9818972603072,947.5294486126265,896.5542065540322,803.3236800144736,10.294457582687816,8.617395137383395,6.377193591494869,8.125305091625988,0.0,0.0,0.0,128.0,12.620588877589672,7.581247614884268,4.272921086140835,875.1900236744532,835.562408779321,784.0736322603823,725.6787156346631,646.1993529075628,554.4496668817744,533.6804065229018,507.98862087712047,504.8663989577141,548.4073631953593,586.50793918352,633.7928391952602,666.4388926699079,690.9411301573916,710.6230944296262,715.4849681123864,689.9020585589401,655.4261994710766,605.3166652967756,529.8098536643287,497.9484030428127,431.68442107928837,391.440496607146,346.5642564538817,359.30871260912573,366.45913349484033,6.828093308871449,429.10462808197315,453.3595570763057,471.8925358117414,486.96227643713445,481.52975269401486,376.08407428258664,343.58440412748394,326.6303411551516,265.8752292876225,233.6247114500469,179.72379435727814,149.9872729980572,136.32005433300503,120.22379103029786,150.38006926923404,180.79048892656607,215.8772264021296,237.66321600935203,274.9304609608383,286.0930920320405,298.2990766456471,317.15258389804495,299.9642607994291,282.8827807198289,263.87358651572936,227.07231885201017,6.4543232426751835,10.258576480836274,11.697810099294372,5.380751882959198,6.138347079732363,10.531413757858681,5.346881990874218,5.017384580364132,11.58584488990283,8.389746307426481,9.137895600242171,265.0941415186407,289.9119560528895,301.03260351290834,306.8216146571176,298.2558764283455,288.4385674196057,285.43561389534744,262.1405644471628,226.13957232170847,190.27053093809755,167.79005984053038,191.05284658847586,205.7700683305232,246.41208437344017,278.11825642735766,275.6298668167492,273.06684108261965,302.30255179827236,302.4017921879229,285.3905118991833,272.51313052797207,267.3612991279088,231.43849131305643,202.8483667596519,184.14805004190174,180.64108534420512,3.903828838907757,177.28473575804293,193.09260444302907,194.8840432522418,209.36872985593007,205.92158900523285,208.72435075380983,192.02513403099823,186.67718859133342,164.15885842026222,143.1539090824655,118.40506102764316,94.25313252967614,82.47379352164003,81.77133145564534,84.27170858434494,98.32387664412694,100.91716673754516,113.42712112024316,121.3168019727821,126.71071205658046,131.7108464090744,131.767373399523,122.98968540994082,118.69824626903629,104.48672651698611,90.37777166955625,0.0,0.0,0.0,0.0,0.0
2025-06-01 18:44:21.688,0,0.0,0.0,0.0,0.0,0.0,0.0,14.285174897684332,116.50381372372874,204.33399145920882,303.1198052664866,384.07923874010083,457.98976654856205,520.9467233867512,567.9764638806661,601.9390132747167,611.5193620076146,604.5247788665775,590.7849876453324,543.270396464788,479.68551402118675,414.9939140213481,321.99012997369357,223.96066616951083,122.94508071948243,103.74842357448101,202.14770355910662,324.6848115083144,456.1156813098464,549.7530923180074,642.0765360512324,711.5325033763859,756.543594379393,6.814977869627922,771.8272832393098,753.884667495692,694.595160697901,623.2280670024762,530.4366876208974,439.80640259519413,341.2927442347453,275.9087847170454,286.7226546533068,337.2975899430073,507.91227943351845,624.7938882513455,736.2174982741508,814.3131560938754,910.4737976046943,973.2395440508052,985.7231020071268,964.1541732418599,891.5143962744379,837.7184186111244,745.5147370003543,648.8591582307907,548.8372764563774,516.4909278204705,500.56925049117297,566.5364038562426,1.4749707243593246,6.708203932499369,12.863393550610343,11.705219685100142,12.84028790081722,5.1472607821853895,2.0648027701975975,8.970862872057662,7.0811721938970225,7.762625113844306,7.36057514928477,645.2497611655876,516.9503453129712,411.7027543413329,352.89651134307303,369.89759247694275,438.49356479545287,588.810008580175,730.2520495177829,840.8618718346987,948.4413370323812,1061.2282197436095,1133.9239644205895,1159.3459584025663,1170.6334906428947,1144.7339799231975,1111.0935059932747,1009.3139059659674,919.1922215708132,806.1273577207538,689.2917086140363,619.616857134307,703.1542521644537,731.2149072165424,842.2104703621628,957.1018530393734,1090.2486984366142,15.072693884069391,1301.5164396025386,1380.3871031525402,1386.9208113873672,1394.846869679658,1326.566576924425,1245.443650128194,1137.3861392362937,1043.916316301646,913.995920475665,805.5852812330472,709.1916487940708,653.2034768854788,658.2154383874291,692.8777034143142,766.7801526692344,827.3503193611865,912.5377540518326,966.8667522012107,1010.942349390378,1038.5883346364558,1039.9024814505917,1001.8184946266449,972.729741228282,915.3145504947666,854.0506420892985,775.9866309156332,11.827211023652854,13.038767308057604,13.449023494872383,12.284925780065898,0.0,0.0,0.0,128.0,12.076760387808559,4.122555741484343,5.573254983877542,856.6390508010259,803.8361366416201,760.9322751203713,701.5467362097805,632.49569276521,532.9013374449167,513.3990350407489,491.57242942143665,488.7160192294879,510.76205463248175,555.3577443581723,592.6012219183192,616.8437034463589,659.798311737382,666.4267789417207,671.0235893049258,656.0924102127188,627.8445400048251,580.2988879001703,537.0673951649721,484.49388364869077,431.70198293567523,405.239627461256,367.4378336093141,345.3334987345851,359.0164502235637,10.10197138039783,407.10729695851586,442.31926117957744,467.9681917373966,477.9459423158464,473.559701264516,387.22579601280034,347.0959982522175,333.3386339117768,298.0171724036039,269.38993732973984,222.57992080667944,168.43445379433913,150.6134493690971,125.2745964732346,138.67514635737584,177.58309887660658,199.91819001733307,229.29941902866932,259.42964544966554,280.2143417948678,291.4785469152895,307.0650126422529,302.12223041043654,289.2952720195945,285.7958321837411,261.26534831741253,15.32769247483176,14.420760144231888,16.946716945723395,7.0195558922952115,5.503090089074681,7.217542772441123,10.304891165866982,15.044015944042858,13.062874733728968,8.859289384973495,9.185714954926652,251.38058264202127,266.6809640444721,295.3525938588847,314.70514167540404,303.902164297519,289.8931019230428,264.6052081289006,244.64785857866516,231.12770947815014,196.36159478916733,153.6047847340944,171.57444696282178,169.8701018287223,199.42954140685742,227.0559816378563,272.0559680783781,242.80755586896095,279.9154235367104,291.83713440627685,288.0915185828447,278.3475321753304,263.87791968793056,228.18392816507858,210.32470764102248,186.93700514800477,165.03050821879953,2.301925001377054,150.45326176277916,170.13471413990308,176.62468961712247,193.46309436933362,198.4640645987319,200.382557853408,187.80639981711028,190.80575873132037,173.03426328735813,147.2407901522866,123.16206423955532,96.02766289267736,89.26316082060501,70.79825378692996,66.28996276257224,67.71420404200997,83.14021643895548,83.45753482236039,95.60055218838109,94.47994625835054,111.962576138841,115.79710790958026,111.787679847295,111.91444733263523,105.96203969389013,98.33732814755216,0.0,0.0,0.0,0.0,0.0
2025-06-01 18:44:21.688,0,0.0,0.0,0.0,0.0,0.0,0.0,56.512333652090426,100.24401566875908,147.58777723090088,248.9466745500817,334.4186890968624,421.56721897480173,505.99934522481533,545.7698383053831,605.2843051027434,621.2913376096787,629.2666567871796,622.9822686157896,582.1105656341967,532.277627076051,466.1958746030405,371.7770323721537,277.0254901626318,165.92702022778963,125.74292037769477,187.07890535553312,299.45960953341245,418.8270761453662,523.1460222647383,630.4431164989293,703.1143346998357,756.3709665516807,9.50865191089692,798.8106228623353,769.1387223788192,734.9703564001545,644.4037425782512,562.1531432950566,476.6471258765273,367.95514814178733,301.19862700504325,277.628666869978,330.15214766141247,478.07510149224805,602.6132776589571,711.9395953320502,809.293892806838,905.0547566824313,968.8201640567584,980.4825492228993,990.1542591075739,932.4819252212177,841.5098051307997,751.8200092025295,665.5980537834815,559.7259281774726,502.9879489205405,482.000303433552,536.873478624242,3.2034374491365587,5.174772239083435,8.937613459676205,16.83407777792434,10.0917065713935,8.887378450451436,5.0990195135927845,6.391668620277939,14.410852564566431,4.878944725387754,8.492121684594053,651.5809241958993,524.5885082907789,417.0747079725991,339.6371262642716,343.5730337520784,401.71469465265506,532.4769580915366,678.9311356281576,799.1494853643594,921.2103147567252,1025.5265267609238,1114.5322086423641,1145.3956700456058,1165.7138535077713,1143.4331132610475,1096.7952656552927,1031.7532123077137,918.9805661855248,819.4702680220184,679.6653119132243,598.2821633967509,674.4170546929365,696.4812539288384,803.6048028662832,927.6248374549257,1063.6577673547686,14.101300806716681,1291.547693249047,1346.9560134842839,1397.2925339711194,1382.963695240037,1340.1892397760143,1259.9782459962641,1148.0557094350618,1049.8653412950575,933.2617406722212,804.1974013282214,718.1319250420812,646.3729296723548,636.0959659200356,687.1657509627665,754.7198939701782,824.3451722328847,885.3292811546579,975.7283332254123,1011.5791786487925,1040.1076737015117,1031.8298829437508,998.7040683617163,967.9473534036583,912.5858979065487,844.3003274265482,782.2796612204311,6.94344581568026,8.539501585586816,11.66220592700065,1.9980135951872227,0.0,0.0,0.0,128.0,5.4947901045860394,7.753918531480478,9.136175480609133,837.8003606316273,788.3352102384246,741.4795413015073,694.8389759133952,610.0680555653589,526.1784413972701,501.57476668019825,478.9624539489653,466.56819366873117,480.0712764924315,518.6936682259621,566.1947280570587,593.6154083637578,630.80425184277,647.226909604315,660.7895271935594,649.3188484094861,609.0693557542079,574.836755079547,525.7997660070449,495.7434010192944,438.3553250433433,396.2468093126641,370.3793368226257,347.6811411442935,365.3369403533013,4.837585703014148,398.3816878232821,433.7914400881914,450.80369111643574,470.88450390757373,463.25096735315907,377.5686823353402,342.1603344664627,331.2381299746938,295.55408927355506,263.75553631920206,226.90028392913499,203.25654606311525,181.23127655890661,179.5351775601889,186.60626000361188,211.09768639772892,223.19184280786718,263.48324090309734,286.3741618221944,299.31957478118727,294.30042386365545,298.7811096469207,299.4701684586693,295.8382614753756,261.95943583756804,240.00805278062498,5.306435541858513,8.909028378979995,9.381460768429612,8.031640541232246,4.335040731974645,7.623435994223183,10.531386476206746,10.325697111297897,7.967825557593327,8.22224239547596,14.56782712507906,265.93220385573926,271.23960949555527,286.5364663714096,287.83518188919214,267.4085884194096,261.0285801220608,248.2723807938951,219.4752914301521,191.0137682196286,145.18350083995756,175.52749911778793,161.37574240174112,172.19101930090622,191.50802321244808,250.67044015491743,244.6122629101165,249.55799264837992,282.62204095334477,277.1669449388308,262.9860464479542,256.0778484118851,235.99162631555816,207.03662010106117,193.2851607097409,165.51861883995593,159.4915380886497,6.742965077519174,150.92563954983171,161.1251499527416,168.60317898277498,176.5007769040131,182.23172206071877,181.4153119479536,173.6360323607918,167.16626760887942,159.31250369503732,119.46704957143291,110.18764307260024,90.68666289478142,72.57954204885809,62.00829561297726,58.70781588772875,63.07388126771085,74.99773673657602,83.97218231259373,92.35342715316611,89.49693890397933,95.3214757862129,107.12845623445554,101.6922293209727,108.32152259451995,106.38375316020945,92.9908893989985,0.0,0.0,0.0,0.0,0.0
2025-06-01 18:44:21.693,0,0.0,0.0,0.0,0.0,0.0,0.0,128.4348180497923,107.44418379104016,96.02228189535224,193.970461134623,290.8094904394822,391.7877955587931,480.2173924920595,531.9799805766789,606.5985178215536,628.1782317509491,655.3936149483163,647.9387149863317,624.430455422497,578.8375093960369,525.1871931580259,431.46082268387374,339.4159113730325,238.492711505244,161.7111079196517,160.94483466355518,260.89950903853924,376.358392428712,477.94411398316646,597.0669418566878,686.7037605180635,751.0236750189482,3.444687965937521,803.7803470335829,798.8198517019799,766.6044890318217,691.305922385033,616.3625799478009,527.287815735323,412.49967056717117,339.66613238875783,309.1425746407528,310.7313001180707,454.3245697415297,552.9850890903216,693.9085323755835,804.3611229540578,893.6919820071399,993.9602579771898,980.6556417421415,979.2476185688911,985.8313727356888,890.5373393370269,813.6202457996754,699.8524273042735,600.9258604506861,528.6930559151714,497.80916230512736,540.0720109660539,4.123105625617661,5.308532448682061,12.351923546248322,8.832901138672394,15.20905549224558,13.552028880417003,6.616783932122151,10.239693738683664,4.554417533998829,8.084750056595185,8.079605434528334,681.6031687842382,565.2886856704397,443.89968746189226,358.64263226567823,344.580321506719,388.385225259562,497.0110169611953,632.0488320717237,764.4430382430696,878.9342224647403,994.7474639116408,1079.3701476071521,1127.5602877709416,1153.177675201265,1129.2601915197263,1083.073742609839,1027.1929665073,915.38482234585,815.1592930408141,695.7007422358527,597.8430298972288,676.8443089858289,677.5188941303693,770.5019948839301,887.8898415934519,1038.0547464214842,6.074533395333571,1264.1448813889504,1328.1759060572087,1371.675733551137,1364.8528991652004,1331.3769516772327,1260.3489868348931,1154.4647925331453,1048.6011435534692,937.6163542152649,809.7309529961816,717.3557753609858,647.3279218284541,626.4130401761498,670.1143424795125,726.0450042122263,805.229980588476,877.7554509848529,973.5007713635971,998.6666474544339,1024.1448420095421,1043.2037470935943,1023.8227338725992,979.3276370131156,932.29421418574,867.0682250352693,795.583038429616,8.446015301860237,7.110191745307219,12.35600615377238,1.6013958953159488,0.0,0.0,0.0,128.0,7.823346640916361,8.75479559470823,7.523562461046666,852.703822254614,811.3595774950155,765.1900111289685,708.8704541989111,633.7246988214249,554.6460415717247,520.4318795072656,482.87891438073757,477.94849708110263,500.326847901973,525.8679068346858,573.4356447682416,601.6975389199972,635.9869400257131,659.8042938097475,664.1796286883995,649.4908484647793,623.2517343123271,597.4169796304466,544.8251551347386,508.3391854190287,458.69584046273286,409.56895923827216,394.4460609212667,386.7466418352036,388.51604375747246,2.639144546660555,431.591393534767,448.9047198204368,466.1451599874783,476.29541388050495,466.95205880309805,373.9365790927496,340.6451991554418,326.15019344578906,289.48726735664803,258.78293890836943,226.27536743350538,200.59497638303088,178.9021297004767,197.65589444399612,199.9629657430286,235.87801212622315,257.92237953803385,281.48778226049205,302.2695057702638,314.54315331683404,307.55803613570777,300.90692819104726,301.0070750033825,288.0715396710856,248.76970203522905,228.1159775218629,6.656328120493397,11.366107420780711,12.853270220073483,6.405583581263795,7.800425032817902,9.675676455846974,13.13609989846929,11.448325634237822,4.204444426087731,11.68221868904315,6.465363180639697,282.7640133179753,287.61720556469686,271.49316150178544,287.51011587595707,270.91432393544096,247.84860615095872,226.97961356589343,204.48866561009143,172.3461554720959,160.41761000549891,178.27670317881112,170.11838724188857,209.00230890436666,229.23264341844043,268.9321813737584,247.9852990605388,260.5716376322345,286.64334754817963,281.1095102686013,269.1360378027345,253.5171147519366,220.0553701372752,194.12576567277782,173.54292238229672,155.63570400594506,152.39965726610643,14.411350244931233,159.25143731411578,167.09532983320895,174.99123020123042,185.92159848830335,183.7270170846646,181.97635015156334,171.91185649105793,157.0280226581251,144.2642463916073,121.35892034831113,96.94074906940727,74.3666863593601,66.3394862147208,56.860709481103825,60.56472850282483,63.48340652571661,71.79893238735126,85.96889706176455,86.72749724832278,94.59905477242712,100.76905513261735,98.90643777705782,104.23756088452748,102.58420303615658,90.98387306303371,82.40467929994549,0.0,0.0,0.0,0.0,0.0
2025-06-01 18:44:21.697,0,0.0,0.0,0.0,0.0,0.0,0.0,84.07075103070741,112.73786377180818,177.27912594815507,272.8126268544215,362.978796371158,459.21798808859444,542.6642227129125,587.7511065575277,635.4248961236258,654.9439929453483,662.3987762122396,658.6367390428155,602.3171578688048,546.5061617227478,465.2798255841999,378.3188025531979,261.29579692338666,167.82547466457044,161.3002875430118,227.92870224694573,349.7720849340857,458.7332879899885,562.0527179906114,668.4918642420087,742.5277746022911,795.2812226848033,7.282346898461666,798.5401563062198,796.4185425344433,741.6329530367767,653.0318465260867,555.795009140227,472.5935221720817,356.8732117462186,294.02920727285294,301.0809139416863,337.54955564707035,508.1605607809386,625.8913327637207,756.6839523130136,863.8405889997347,949.2460180375709,1007.7002516659064,1017.0369853281315,984.2273600320054,953.5100062065509,870.2738829471879,779.3667046866257,653.2474981965499,566.7827188785416,508.8014929768339,501.16931993370946,582.7547909479223,10.053522769491106,17.757404561615324,23.164839977539373,7.744233367855321,20.35126239531284,11.345459503654668,10.882244887558363,9.558292046079574,4.555640045166668,7.301354410338983,8.938048197853089,609.3998462481476,490.4193170818942,380.5851822182123,325.7639465864337,334.5699545018205,418.9349017197366,561.2248344822298,695.8592140803223,818.6584182351802,918.9567134578516,1030.048773690585,1102.736815828762,1132.3943428639298,1131.5706928919992,1103.9870419992803,1060.7239701205906,969.6983550011768,864.3867241489044,744.4978277556164,619.867735314058,531.4438855434806,626.3628905625857,665.065211699854,790.6594682193645,917.4535341779683,1068.3216484980405,12.112123525248197,1282.053304020067,1343.7046268641952,1371.3886885695467,1359.695547750582,1311.4271127661186,1217.2973587447013,1113.5093933437904,996.4965259265163,875.67061873678,750.9780150742137,653.9194418279284,593.789406605699,591.6528456106759,651.9662314089259,728.6233276141162,817.1105115266705,898.520975829903,980.923930208364,1029.0521314101888,1046.5118926740022,1056.4829553609645,1034.9782311259976,992.9443093572019,944.9529601645984,861.0081890656045,783.9999765111467,13.596174364129965,11.265955201500072,15.432514786138938,3.7719593273645065,0.0,0.0,0.0,128.0,10.232139830169057,12.907959870448204,12.401022818496648,861.4203181293841,824.7443795650041,761.8263698518648,694.3322018913403,613.9890255109023,534.3182270010883,498.23391092496126,460.73579189020387,455.27799954121315,465.4986670322909,528.2239285166281,572.6185576046132,607.3674451372115,636.6096879529005,653.4255610311403,674.1917951117807,657.0901409439017,640.4960711104521,598.7015185958597,536.0048454386775,490.7859869493988,448.9841027994286,408.03623815221874,373.70905866529887,344.15992958351495,365.3328717687441,3.692142808556874,410.7745538313965,438.5818466237787,472.0069686090344,499.8748426603005,494.9476732195534,387.9315255840279,365.54022782775,344.0574459218302,322.6051852518166,286.3826211279247,250.65140988689132,213.7883760980571,181.0671032979009,179.0237883353427,189.91940778348135,220.2213535856559,227.57887839117734,278.3124602952305,311.418740806525,310.26026952465173,321.284931174017,312.5188341666455,316.70837329308364,296.63575872390254,267.87013518457013,239.48910244974925,11.374131079737293,8.776144799968696,17.282934834962298,6.9517241379310235,8.708361314561532,7.218387616176521,6.472911281372635,8.230591981739666,6.445813777974017,13.038404810405298,6.298932790405329,238.37288782475076,273.53040596011846,268.43422022160473,276.4774344457777,266.26675237301146,260.205391299788,235.70492153083083,225.4345366764059,200.69558809781594,172.94811006861303,170.37326091838298,149.0882446496904,192.13842107817172,214.741877440179,237.11134676688155,225.58460959084607,255.58136331306017,273.1748917527334,271.1220547089698,262.442552565201,247.7748116593161,222.22909664611578,213.77130152793657,178.06404049717983,149.5973037821997,146.138911446899,11.055498904153412,153.25934214206978,167.29475610615626,177.18200208895135,174.6135874848043,180.39352828186637,186.53511461356754,168.39259973984346,166.6227164094734,149.33022894110442,138.605445765783,119.4010511441526,91.8846788934909,74.72774616413855,64.91971388352462,65.5133574166368,64.20095097526189,74.38206651776488,82.64149518231694,82.82314736975819,102.251204566427,105.63871497836408,111.56488172305171,120.45830520526017,115.74441465011476,106.97776954385604,95.75755002996952,0.0,0.0,0.0,0.0,0.0
2025-06-01 18:44:21.701,0,0.0,0.0,0.0,0.0,0.0,0.0,126.17593648834374,63.87655291169629,121.46657036889917,243.75010898921695,355.7414112444694,478.8888759323559,576.1542609680747,668.7998894588343,732.3739322822382,776.3193353308754,799.3751150432663,810.706934767661,770.0672813506645,719.0354479768629,624.1715219142374,517.3665439838566,384.69531679224735,247.13569260166022,165.59664769450535,218.81787640664993,334.40767510190597,496.49740953382036,629.9338367025343,751.9280707150515,868.5127527292148,935.42507570523,14.360269160516667,981.9681610378194,961.6743569711255,907.9238742389705,809.6390599307115,714.0971545750184,614.2118238867773,461.92184735380243,356.27277698503644,338.81963129636324,358.51231636038926,544.9412978344392,702.2754303563175,862.4642272409106,970.869725890585,1090.0279693318755,1163.8646287486333,1182.250965713303,1197.7681565485832,1129.3555082747807,1036.6446303030655,952.0322811688051,822.8223427478163,674.6925644665706,579.2073108686172,565.7892875608738,636.2964361969863,18.693912746127207,18.036283691953393,22.40896466621827,15.868432487901394,18.27798048810231,9.24390069509446,11.90882221191719,9.783137551355649,7.0534592941258705,10.039459412166135,9.162331812204528,753.3091988975602,588.7211156101076,439.4714037514078,355.9544375516666,344.2286781881341,442.44582286244395,603.9960043261271,753.2522695870076,919.0297290329497,1054.934367627754,1184.768918046606,1260.260942535715,1313.7729657662067,1331.6967675651058,1304.5469135750893,1249.269045193706,1154.256073574645,1037.8210574038656,890.0718506588863,732.9580528389573,628.3067300431007,704.3764084331049,745.103097897294,869.5538959101818,1038.7509306662873,1216.552255440378,13.514232635688721,1475.1658993109393,1553.5349129626948,1604.869757043554,1587.40088595188,1540.3849191836007,1454.6541211125427,1322.5635349669649,1187.6522228204708,1033.9237177576065,890.6492841113684,786.3160896801073,702.0918634191087,690.4639874053747,747.9392418607392,848.6112496652984,951.5381255438514,1052.2152516395768,1146.5130196422601,1204.8281326443216,1229.7719133939795,1217.1989579712292,1203.8240962705147,1154.4804288445223,1096.4120409839213,996.7610854655529,915.23963744456,11.102989311794557,13.682414130821918,17.368560574619014,10.936850418328676,0.0,0.0,0.0,128.0,11.821288766682965,18.19650494941034,11.589887626286313,997.6102774692172,954.4215397175817,875.2916594127587,799.6375174891214,707.8588861606199,619.9848953860374,563.3465916727778,533.9401417335663,529.8499106903993,547.452682277364,615.4284698437588,676.2383577850827,716.7341812535271,748.1640556519764,775.319521843827,782.9893584303429,790.4717251250422,751.495155879992,706.0478754998851,636.8823154802383,580.2201189402829,516.6219664661987,488.4863299874569,428.14149254218705,398.4378610788117,420.53574579938254,7.237303938319318,491.36775074766996,509.93985407566635,543.3928114694112,583.0399695947702,584.3307760444718,455.49113043455253,431.4124010727625,418.104369622012,383.755388950129,344.19653400282186,314.92323586403916,262.34633507155263,242.56887172339984,237.33223032578553,255.65803240071446,283.636806016693,290.13451112850777,350.0188927715222,370.9758878665722,367.57904633474885,382.90826009163203,375.08357902256523,362.2919339556373,325.4308688836045,297.87107544712575,259.3352162552988,8.60261387085967,12.488870287666458,20.091047838040456,5.410703028733808,9.328963318285489,8.570508261365953,7.9390948292293855,13.827114586634568,9.084001433811943,16.574440141802498,5.32029967060295,274.6867355420611,295.4872265064185,295.0704143640299,303.4758956071047,281.68379851492966,270.8989691275966,242.74809707978386,229.16388161115287,203.63593553337557,162.6160981918411,166.3175221697929,178.89395485645412,207.2282790128046,255.99397681621272,288.5506458390524,245.09398111676606,293.7895926277043,307.4229308496035,302.11799989676905,291.3447010601721,270.0268222043351,253.98211937358548,237.45217921917657,206.39036664179002,179.8709052183031,176.38721660147752,11.005657630355085,192.76362586887066,205.43717201476176,205.96747511255006,207.8137007256374,214.418477525049,204.86166519188964,186.93917153976315,183.8422997249347,160.25368063079185,140.29665193605905,123.24801519228248,97.8768164693621,88.77231124450464,76.562651325628,77.72928506355231,87.42155416003332,113.63803735922139,121.55943343256712,112.4747592065701,130.24657318209356,136.335296477182,140.6593741498482,132.77293475545417,138.93717276354593,130.52523204325655,107.68643183428223,0.0,0.0,0.0,0.0,0.0
2025-06-01 18:44:21.703,0,0.0,0.0,0.0,0.0,0.0,0.0,78.83966832577285,55.211560652869984,188.01467556424998,324.3643825504543,448.37410165339764,563.6034705342261,663.4604691728233,750.151459234944,808.5517140209606,845.689792292178,861.1553296132909,854.0410813259418,793.8725083288035,720.0682196918573,616.7018489683142,490.17260951327034,344.32861197829374,205.7141289025719,168.0096054924942,288.15071225029175,438.609233859609,607.0713445514285,742.2511470161841,862.1177347470541,974.6687396075363,1029.955792418277,7.648727942647191,1061.8559911076193,1017.8183898978158,947.933476017067,839.2967368091165,727.102338304823,602.5950053550531,451.19174906056224,350.3515332284512,369.55209965581696,428.6701933405825,668.8138346085575,801.2115057601771,995.1265193639495,1076.4183701805432,1209.5095609352722,1268.5908400552028,1288.2127388417991,1269.0117179528077,1187.26880830117,1106.028581913509,962.4534054160127,844.7522903754539,684.8844615474176,625.6256894651665,632.6190961148144,718.7277631276577,11.343254346535717,8.372318326437394,17.00766756133308,12.455565573575614,17.948895516349225,11.186707277196636,9.873603051444764,6.347357471206452,10.33124711490106,7.234460416025421,13.11403610738967,759.7261930107956,576.4974156019653,434.7505826463463,364.2226458182972,397.89113832145415,515.8213284452021,696.130104888687,855.7081039701199,1018.8842196612663,1168.0169965624966,1292.1190173193272,1363.5923829888086,1404.5281780632915,1411.4507283391092,1376.3992345461434,1318.093596694099,1211.896337899234,1081.5641329117113,922.2117945360985,755.8704948458262,662.2400602922348,764.9988126801568,816.5806079797286,962.2830632342448,1140.6079883895031,1332.649967702662,7.507779855678311,1595.0527144909474,1676.9684651627347,1716.654211280684,1701.4278785907247,1628.5102010305798,1541.5369812350905,1399.2147784360639,1248.8566912266542,1097.8392163249464,954.5780629041242,852.4687059481569,768.0512084280177,764.620226134194,830.2108335537058,941.2944596819584,1041.61170709968,1146.3799387397357,1228.184161466957,1288.6174022364582,1302.1287348345072,1295.721223255707,1283.8194921308086,1230.6946407640255,1165.3016459060802,1071.587581301945,968.4667542353016,20.45152118639305,17.163663042284547,18.155119276952416,14.718579590755812,0.0,0.0,0.0,128.0,11.352482951204788,15.647166870706327,10.896648408325698,1064.5588433568241,1014.3674720476703,946.0830371399747,862.6818514610641,778.331117437412,663.1529941830056,615.4793423467744,576.1295434927747,578.3763143251688,612.9886641153361,665.0769141402211,725.3064581757731,780.3850106741662,822.4362430823377,835.4472421933308,845.2420691683483,849.8522659560947,813.0421603215029,765.8770809872757,692.2921594242702,639.4260641147835,554.5646849050196,536.3275987420183,469.8035506612435,451.6197894403557,460.4194700195301,13.829891898240994,524.5635327570942,545.4988349873506,576.4184099527781,618.5950074863974,605.7113677500099,496.09994734440113,464.8272269789312,448.49464258002115,404.70889749157345,379.5629484402643,326.70116356352895,281.67345954365555,260.8855851867978,252.51217004631746,266.4272774840974,292.9979550378367,316.4985389404957,356.86031183850355,376.6899939097067,387.7486677832741,390.3468635336033,396.2420915230084,378.0023125809146,352.0224869321312,312.9713575647821,297.5923578093133,7.292020407700616,9.816798240361479,11.562313443521317,7.644551882766702,9.629657271303085,7.9502145771208275,6.211993588915202,15.662680772926997,10.206523758336546,16.682930544342376,6.708203932499369,295.94605606272336,308.81532909344736,332.6136480877379,330.517454141525,318.77901766656635,283.7016230203445,262.7685499720909,251.25881396560843,226.3733384129073,194.54720589162116,194.99303009929633,199.93200565023858,206.13382255471026,263.4914901703636,304.4832825053912,250.29094015920333,289.16310375456186,326.26805495155975,329.2001061844731,313.3173797474655,298.2948550367424,280.53369003536585,260.6618263797664,231.62657456438643,214.22184910238047,196.4525097932431,9.704330837399809,200.4809306718972,210.05120113112514,209.07721340419187,223.5004541560251,219.64639562323947,217.08605018660842,201.24641189093975,189.44971849418704,176.38438011418646,154.54527020393348,134.65899061223502,106.37263279464688,104.04019690031363,86.17611250276723,84.48118751040741,101.33306576882276,123.73604393682334,136.101268171264,124.39012503993706,141.8649275514581,146.0525520624654,148.40238465847676,149.53348731301537,151.162330570492,135.52001022347488,105.31135615158583,0.0,0.0,0.0,0.0,0.0
2025-06-01 18:44:21.708,0,0.0,0.0,0.0,0.0,0.0,0.0,76.15350843570425,95.41136438607288,194.0101233214206,293.1679332467975,388.55579371308994,470.8272536028587,542.8359840224696,592.8177123276927,634.0453878710389,649.8843907175551,662.255673582527,634.5031516414539,582.6446768463663,517.1443691911926,436.31839803997235,336.06510424878354,226.3844017950344,129.9401312420526,148.99011955577163,241.92688801746397,374.43330898391184,486.7390108977468,593.9315392822351,696.939871750159,759.4168345923107,794.7486607609699,5.068765482609994,807.3671699029621,772.0374704048484,714.6110711472114,616.767192203652,532.5098762439873,432.30603073932747,322.15354599323933,273.7147798679297,294.09795929615916,390.5037597705841,541.2078396610619,651.6034477311541,797.3603981233132,838.4485553535399,937.0334940813062,1015.0928548659534,979.5937761959258,973.1093799221663,937.7693521498429,830.8421764656225,745.3522857148689,630.5511954652541,517.6737107662025,491.8497568106525,501.34545742483374,588.4365234075223,8.320678782204569,11.503747030037214,16.982389202544844,15.106601379364102,9.635367457782106,8.249038878760743,9.47014706598972,8.942093277785546,9.066727184506819,7.131617342203758,11.287105766716374,567.9572910319196,441.28301642590736,346.14322956697924,291.0471660298918,352.0708979656378,436.8463083881845,577.9606053191108,724.4386696252601,852.0168584298553,952.5852303385917,1041.9925306488144,1095.3027936737878,1116.7940053853204,1120.5317435187255,1090.2075718912954,1025.8034986474238,925.9912844465181,830.3832337904388,707.7915255847983,570.7377867174339,500.6883184091425,610.0567291867005,669.4802633349082,796.3329410221818,932.0928432045342,1078.3290400193787,13.28060322366452,1263.0167382454624,1332.9782829979808,1336.6473834717392,1327.4931220016651,1262.0883462561117,1183.6854533856065,1051.4422484636427,949.3630048184383,824.6715630408548,708.060198803937,634.6456303642219,580.8054978132151,605.3485323093729,655.8629061205417,737.0046458534854,830.1422465135352,902.0106972924984,967.4025428622529,1003.5626964482517,1010.056908449393,1004.5085187448809,990.283524739114,948.9020235056762,902.3349495255059,827.578659672501,739.5528292824622,9.102329136765494,10.386552948033016,8.587991705862215,12.053622814808774,0.0,0.0,0.0,128.0,9.67434608297739,7.162854103328171,6.098689402702478,826.8478916002107,779.2304250053324,741.8279612493358,668.5839228597115,601.66241386209,502.99056863792595,480.30643326590433,452.94561828530425,464.46539705891,505.9134473707893,545.1032917263635,587.0561409560885,621.0158038516915,660.3630681360787,659.6037663617666,675.102016985167,657.2934528188134,627.183028243819,593.1596044535031,521.9472758699026,499.7707634485198,443.11768703636335,390.5048315384223,364.7898594791374,358.11361229455395,373.07536028574015,15.187644185062071,420.5672897093787,456.52304208687167,486.176218722609,495.62929380315205,496.39217641493497,407.0631398265182,380.48832873415773,371.85021030902305,332.38284235345935,309.9855218496462,263.8926743673014,220.4904961211373,202.26814609078775,195.5980648563228,198.37306684185745,220.0170102597373,253.14787117010417,271.6848382042873,292.6595807091918,311.42835665343716,322.3351324858474,314.65768712950074,311.46603906942454,301.08917899584725,263.66768913813877,246.1945304860722,6.7904901766508985,5.616084435286601,8.460268968794153,8.749374145714551,4.405380565736063,6.559916967061234,6.061156223926442,6.467248853321447,10.25741098505197,7.394042885779806,9.537964434899589,231.27868098151262,233.5348104121612,256.9505718352623,243.7579139516315,241.80887877129462,205.09819303796084,201.21995768732938,195.0311423458854,174.3459437781504,146.43484092675334,139.45000719341914,135.03535511568177,162.8396824104188,183.2758598630581,219.52959921287825,195.94595904079625,234.04865902724083,239.83541213866692,258.1143901668368,229.90959384792959,239.48472325068286,219.5116351767454,191.98863047584499,173.70171482127733,163.7593669479533,142.55673216791263,5.451752182325002,140.55722810653668,155.51036584088968,155.73468511765287,176.58158851298245,165.78494587214996,170.23078278747076,154.58823059950151,151.8888857947395,149.64441633262538,123.59137061896264,109.93523302401125,86.48747317243273,77.34197122611205,75.24611382783182,67.33913621539371,78.67923148181924,88.44835752625191,97.42399189944302,99.63125002853181,111.13422934287449,115.83086097059166,114.7926912006222,122.24505531286626,114.27076598759119,110.50642480738838,94.12247279012523,0.0,0.0,0.0,0.0,0.0
2025-06-01 18:44:21.713,0,0.0,0.0,0.0,0.0,0.0,0.0,98.76244750821029,107.40253570101916,174.50853786970964,280.30192806705816,366.9702463867543,455.92922092541664,528.7559917930082,586.9977399667396,631.1618295014964,648.4928864333922,657.8425904326091,634.4177106269264,596.1950477560212,539.1192487982601,468.4348759304146,362.06302039299146,259.1145288080389,161.16021618559193,153.04630375776335,199.74740235807346,325.0330443997859,444.2102591062407,558.900470814958,664.4314471286941,740.3824204327581,784.4085920898063,6.877357398533705,813.8262498043094,790.8614150642566,731.4042767756572,654.3151149929416,568.5841935470402,470.67250480517106,357.4211229226774,288.8581965395432,277.50190531794595,343.16590716126814,489.1609049019358,619.4281332108053,751.2206745162575,829.9405138784475,924.8725108180253,996.4243479006519,981.7016693022694,991.5063904517725,945.8310558695086,865.7296943857999,781.3544214980815,660.4676986367397,559.4423974255417,494.0102331371762,501.6408761111848,579.2311029087517,16.01531911383112,10.362790863133226,10.474983249646561,12.424949818203073,6.546196094429559,9.866130959213868,11.24234154183308,9.521989307950825,4.30593638024162,12.01571432266885,11.643117839562251,608.6860841199441,491.57629140804033,375.40780246117833,304.2579904896554,334.5495267836463,418.76065128398517,558.8952607767042,713.2442235858733,836.0722116385274,952.1701835743469,1048.0504844853742,1102.4719512482595,1135.7422528825718,1144.2095952110187,1116.9107771813299,1063.0241701069508,963.4561110126009,861.734380360201,742.7832490305287,614.8911495979281,530.5354383070832,624.3557407982771,668.8338413855661,789.847450872311,928.8950269451208,1073.8591826612646,15.299136432412665,1286.16053309907,1346.8516413784841,1357.3216230706848,1343.717033711876,1295.0452480387066,1214.4795111303933,1086.9086292382651,976.0946505098827,844.1567278497871,727.9486432697066,651.7174977170417,590.7442460972401,613.4120176289408,672.5035890254981,745.4524720999599,843.3683142247401,905.0461859045874,985.257224825012,1023.1175886513871,1036.19159168213,1024.0540270781066,1012.3006974983961,963.2162731342992,918.5093123569425,838.9416667273508,759.1601372038373,5.970432138323153,9.406753948923015,5.941235401190041,9.476147999048589,0.0,0.0,0.0,128.0,10.566186054907984,5.2728859412041675,10.423357204471571,820.5247037393267,791.3972129986932,733.0408592815676,666.1895446777627,600.6856486073303,510.9237906120083,488.36710152676517,463.99110293789215,480.9169218739596,526.5947849558354,567.0192953445013,607.1623154523704,634.1778905120367,669.1293783385829,664.0483722876093,676.1216312273668,649.6355657116445,608.2626467839534,579.1119041273116,503.36200169911484,479.78463253987576,426.4288854494562,368.44106512388595,355.0530452088906,366.468432529278,381.62968484072286,8.648518036711831,458.6465251815142,475.41266855987453,504.69727085826236,510.1939698567257,524.6479836237005,415.437042945204,383.67641420989514,377.44154816372196,337.21956482440675,305.15238401074504,263.94485154072885,218.66314545221044,200.20053341253515,208.17753104755133,206.81260588748472,250.09077245135165,283.278656567045,301.3081661480607,317.40241398312264,334.9363321285128,351.2608297875132,331.344901792614,326.5499556902765,318.35456656941733,278.0756831101832,238.11227079096508,9.449704298290959,7.06301754651021,8.91995854794593,6.257253713095941,3.8471214565989387,6.57542222371638,9.641825296036025,7.280109889280518,4.2047350808145465,9.062327985225012,8.860530177402648,238.9134719174059,236.92714719960188,241.32576666395946,235.26962390467492,226.59010565415937,191.48218228275107,180.04426453072608,177.79934729099406,155.9901024420432,119.95502069081226,112.12412629494885,128.78139615598903,169.2395443349043,185.38189934001096,217.5186144084565,219.09009428837976,238.8140286031364,246.50420085759905,260.1730104103789,232.030389176516,237.6122081853479,198.8222898395953,182.57349545452166,166.55169467829415,148.97832798330182,144.06380182753884,9.132683726281142,144.57979409023588,155.5706212747593,163.248446232772,183.1901305148369,180.47793149233252,179.21107591938033,164.46801904737907,170.36175564252406,150.60589671694146,135.6299819623234,111.01246767433813,91.21829894746305,82.65483897803604,80.40549189344947,77.89916927058584,82.99276489772726,92.0184894852305,111.38722715245173,118.34608230447628,122.9884938960111,131.14246864364492,128.1276388847185,125.3370550589732,121.61052506235869,119.88499186140123,98.89203057978003,0.0,0.0,0.0,0.0,0.0
2025-06-01 18:44:21.720,0,0.0,0.0,0.0,0.0,0.0,0.0,96.49962871034566,103.66823049483011,171.67231095568155,290.3815818314558,375.4119001945746,469.5062041993336,542.1990970555804,607.4343138204904,651.2981230425962,672.7588918464082,677.6243940743791,661.4285015625587,617.6797575244306,564.8015581667146,490.1419362383506,386.7692897082575,289.446141081419,178.891551092427,141.50108462567565,189.7805662245757,316.63103188911987,437.3025420229884,555.4963564179229,662.5486857903361,750.6577989314129,798.8366041939589,9.176376849938514,836.4724006032619,821.2826809183484,767.7997065518252,683.9779077897078,598.4154385932351,507.4939103425738,386.41741868454164,310.39923478687086,285.0157249680191,349.14878214921725,510.713762546063,603.113908769664,748.1729970329712,847.6220058471495,942.490595491057,1006.1008431922778,1012.2493336397582,992.5752974570106,935.8988489938481,876.1020351253978,778.2825772045684,666.2261634321509,590.803414152089,518.9257596904696,514.2978562141742,579.1546580544438,15.116111477563116,11.591246213119426,8.278495497811825,5.84476749043039,5.592740136827082,12.302102394174982,12.346050904056915,12.751259519171846,9.55707216987664,12.754823231123291,10.115420036094756,642.0801939733312,528.0124193858678,413.3535122355952,331.31545321067705,334.8625341192359,423.7284877093102,548.9707596440905,698.9765027388314,817.8289207334238,943.5021747994031,1038.3348380632572,1101.5027773909458,1138.3668568469236,1157.221628225066,1135.5395790812472,1094.3803730288757,1018.243947773046,899.4755683689361,787.7357551428858,683.1292561602221,604.4369843365065,692.5436464935582,720.8420733766138,835.2213462481134,961.2253862806847,1089.70325823271,9.447031376573483,1306.098536567557,1344.1772279838183,1367.1822157316549,1348.9236891442679,1307.8340751596133,1233.0123111953346,1114.648438411092,1011.0705266207912,890.8012094457602,793.1896072017884,711.7773331326182,652.7556544836913,659.1892806475219,713.3514204706506,774.3123487971303,856.1543724172394,913.5947054280115,985.958382863298,1028.898309128369,1048.9251157189792,1025.8334883324771,1014.2211806549295,977.6037269696544,932.9330227245777,856.11044438554,796.0840419238989,7.567802078859531,6.408355009994626,7.35558678931579,3.054221273478723,0.0,0.0,0.0,128.0,13.953276297482041,10.215499024497184,7.809228808400083,827.836005490549,799.1743356323137,735.2986706414342,677.6265114568274,610.9242512632858,536.3845521207122,529.1565921477272,500.8645940722617,500.53615387630884,540.7814141217924,572.0766984912999,613.1014686179587,630.7191779938589,646.9283470022466,653.2437601833417,667.4210413959976,634.9486417835478,596.9562596233548,560.8506897522531,497.68887238399515,470.59181593930657,421.9734348300013,380.27985282736364,366.78709353241993,378.36591435843854,397.83640167700054,11.595798868796418,448.51826231156446,476.45049362937544,501.81933451416535,509.9518654205396,503.06584800955454,402.22210958883426,367.01301427078397,355.1286782488944,316.1010621971894,297.8504581790694,247.59821451674028,210.59878968284943,191.0342475339375,202.9251012302508,213.30748219837838,251.0101830822478,277.94127296013545,305.50678165882397,317.41527069285564,331.7302986453635,342.78973660547246,332.545885437799,321.13654646953944,311.33994404077737,268.51932370703315,236.1718078497597,7.466058420065239,9.941736564638287,8.76755141633269,5.241763257727387,6.578051154164118,8.75955984854557,15.59595463745832,6.470347880466681,8.516319655903805,10.570659203970461,4.498850574712634,254.73916855981122,253.37077374007498,258.6425562567169,263.6408490375283,241.65795484864128,220.43868051114924,200.4610172255165,181.66435077726035,165.2096253926241,154.60918486066564,144.66214232255933,152.85379184548796,196.6177071264205,206.14982810485768,229.03879864040601,254.28561554589706,263.2055150848066,258.8361870112805,265.7683549815554,244.34505675104722,242.11839579712515,215.15289318938443,195.66140516208242,181.07758154894304,166.26621357671283,154.23214165692542,6.0327727131290905,156.0152615843691,168.44512864288458,181.63536697376904,178.5712899321136,195.0792546087975,192.5792869964589,183.68232259948047,172.64658237562548,156.4720969661618,140.34023556529502,118.55210770941184,101.20858135887251,91.5726846093337,88.04808724445776,87.79552288875425,93.9843252605921,105.93335055214055,129.1481031248184,137.21230373139548,137.57624806580804,143.3239066655581,143.2015683821894,138.71241561980105,133.89962227315158,126.07377574179125,105.08035030090413,0.0,0.0,0.0,0.0,0.0
2025-06-01 18:44:21.725,0,0.0,0.0,0.0,0.0,0.0,0.0,123.47321675411726,119.88669102401786,164.19657079785145,277.1448733338537,364.91993560565766,456.7229823779465,532.1168044805117,599.8995963809151,640.9801015544305,667.634811034309,683.539764241211,675.7208429159812,635.1158805165965,575.3621506043569,502.40623215524727,405.1637370505305,313.5892466915106,215.62394259981073,165.97277387171093,209.0950749525569,315.90961521105237,439.9460267523515,548.4719666480563,657.6684069554293,748.2641395217756,800.1738182043002,8.195981385240945,833.8506758049484,826.6371735699169,777.6210332611015,696.0512528643329,610.2572725716335,512.9640363432577,397.9527124826193,341.1430002320716,308.5665438419103,366.8888022698809,518.9534733455936,624.7328465614512,735.0661683644745,844.2295461118246,916.2601159254416,1008.0300555951939,998.7357645748236,976.8680853166227,934.8785439898995,863.0999610979604,787.9340352634495,672.5064007847868,587.6359107029556,528.0410052369111,524.5481407584117,571.455557468485,7.912876139889525,14.95936002419064,9.90977368467055,4.7512364845400255,4.01394175662445,8.419487769679172,10.161245068338646,8.390342328076471,10.16137705341753,10.081455250466801,12.460477917118215,653.322715243561,530.6211176574543,441.7892750295003,368.174899583379,375.9375992465078,440.7057077174841,547.14474712711,682.7849318245312,791.308040513358,907.4150172659122,1001.8970425397303,1069.0945363958147,1103.8231950096938,1130.6845889933377,1113.8118600475457,1077.0728894593556,1011.3978156436539,910.8464741043476,810.3489039667475,709.133880017928,649.6456331483917,756.8463306871527,782.0529361040778,868.5805941762623,971.5217430752379,1089.6916023548372,7.495641790580146,1282.7238458727218,1318.8700280177195,1338.3872639922267,1330.7977582224387,1277.9130548676499,1221.5768915753995,1131.2050276010698,1022.750644542326,929.6191812580819,834.6288274994284,764.6139012533117,709.3569650324339,704.4803136929429,742.4519875572809,793.1168224411607,857.819798014432,908.2416473600039,961.6124144639717,1010.0931128680824,1027.8853295686247,1027.835933215784,993.9161441448227,979.6198444083973,931.2518886198294,876.1389792675207,816.9246694179922,10.445752717837566,8.54501374589765,5.525915116809853,3.8152821233963814,0.0,0.0,0.0,128.0,14.2719172419742,13.750440419188333,11.792112417085917,834.7957511226442,798.6749106367627,755.3757841741402,700.0711644414562,644.9545306979915,583.7677243205098,570.7398822732217,536.8579413462321,526.8933219738473,537.6874900220078,568.7187806862954,595.1596614237759,608.0827165494333,627.5729572424516,629.9300205627753,642.1620270452605,632.2615536423551,599.0502455496722,571.2875358904942,525.4318124829965,496.7647173185751,471.8112526169261,460.28720578114246,430.92119221529424,418.75824626479374,430.2885878089224,6.655172413793252,444.10139320791683,466.4692437326656,473.04341714216054,484.2423423571138,468.8078335119776,366.2695326822905,337.3909940720884,327.4507286536251,304.942650405144,294.5734245339855,258.5088466283003,235.15674861554118,220.67221848659892,234.22559407910143,252.14077850777878,270.33435504148525,276.08747345857296,322.27893161286374,334.24574272641553,344.01467038952,342.73565809810754,328.60204801159085,313.3292145437172,295.0657790929635,259.2883119051377,229.5433437392924,5.095480093492065,12.588178232138162,11.253340539015417,5.923396230050857,10.381334509259831,6.676360057723865,10.71603420966912,9.857455949781718,8.881399658611855,13.058012744613254,10.444421757193027,278.44826258681513,279.48656312839074,289.4620042931757,282.93161032337036,265.5067147115383,243.80068679499627,221.70379488954808,209.0872196022847,180.80696547370002,166.89455977081744,180.03500992102536,175.6469079787897,221.76869495051352,225.05734115533545,245.63048898092305,262.5908798038208,275.8933421176177,274.66803311283087,274.8227184789415,255.66655928319213,247.7060580175877,230.0319451170975,202.15353711628725,193.85013983282283,179.27512540562319,157.2398449672333,4.367617885715987,173.04643400747455,184.14103830547458,191.95620597359704,189.39020439352197,199.08145465675253,198.090532206421,187.3617078121784,178.3485444942219,165.36120232013369,147.94497141746177,132.74470160539298,116.75701952191994,101.81742558421611,96.03675079488649,90.62755241861854,102.79030328363837,124.26269158283677,128.3808816482948,132.31542424471743,141.60576154792915,141.21610541677452,151.7717421667119,136.55565024861602,134.90805996815732,115.26371477760554,100.96648369610833,0.0,0.0,0.0,0.0,0.0
2025-06-01 18:44:21.729,0,0.0,0.0,0.0,0.0,0.0,0.0,182.36696824639625,81.64665763821851,67.44355075376856,166.39748066807388,277.05337359362636,384.0941385346374,480.5435916805937,564.0976577149038,635.5854595057464,678.9235892383664,715.7027669153409,724.2469248745168,713.170933465356,667.1096380262567,604.5079149107289,514.3145669619872,422.5329742438788,302.7757614267487,185.62645845027865,152.65097039370747,238.5780998400375,364.86558233285035,489.32980394125974,620.7609171131979,724.1964550963035,800.1163497634026,7.56438513015357,866.7960216100867,877.924162519075,836.0886760109814,772.6833935106865,687.7382872310002,597.1764990702177,474.6064671213067,395.8018331785061,323.219617941103,312.79095607494,440.6466677604531,581.454680330415,670.3172000700815,817.4625794343299,885.6614721866861,1000.5851143998614,1023.0448694635111,1024.956102462783,995.8818137535134,921.3613507736105,861.7833648380084,771.2939118268192,655.4092915300179,541.4463717659164,533.8357057036428,533.3108105647649,8.16688155452235,15.637069327772684,5.543809612865226,3.973410279128571,6.890956917590335,5.8995079162961925,7.492569148163595,8.619857539311905,8.462638162934049,11.601877696428678,12.75324714772574,715.9602146435617,596.2474522449593,496.9242730993129,412.7447045305584,382.6874257773615,417.7998812843077,513.4797662544876,629.9243439458138,751.6916445723343,877.1049278864995,968.4992462520948,1060.3197577680135,1108.618662826509,1131.4193271564538,1132.339455277453,1103.3480804867445,1029.479259479704,951.7424240799518,849.0623039268223,734.5003162059054,666.214363571752,777.3803584886728,772.0766438670358,848.5115145338394,949.0198211317244,1067.7094492716703,11.453714303013582,1272.6050700346339,1314.6506180191632,1344.7419309357704,1340.643015703059,1287.7276120264335,1249.532113701706,1154.089476935764,1059.2409365521548,977.3974675198396,862.1994549880116,783.474220470222,730.5057806214078,722.8645839948997,746.7571007578988,799.8981806396739,862.4031833562294,919.7924915619624,982.2505562453379,1019.7890000709453,1039.7152098254978,1047.475243499298,1021.4204753307571,1002.4690510991443,938.6321045996115,895.3331071983554,824.7913770531555,12.937648482690996,7.180347914473496,6.228236708240985,6.858347872643258,0.0,0.0,0.0,128.0,11.280382334369758,14.878251708614668,16.308886716806853,861.0653733713993,826.068050759658,784.5028073112392,732.8695032305153,680.9885089451617,614.8987443203082,581.927789731592,552.8936397645773,545.9420302166667,549.3228775737929,569.1480108984136,593.4929583099207,614.3346585595159,639.0266132402835,641.3751971837066,666.4656647442878,653.1277335358808,640.8233649632275,617.3686055540204,577.9133289104897,550.576655435091,524.7910049087644,511.89809181530876,480.89797962758036,462.80346375236377,454.0309487824251,3.6986696791893707,463.95771707703335,468.5955046157109,468.4724885146364,470.0544613357301,465.2026416139951,350.7694825030503,326.84764078742,316.095226950083,303.53292694865405,279.72120415669303,262.2857583340186,244.82292932332513,251.3584299855757,269.347798334277,289.38118465415505,304.2290098240262,303.69426473627215,336.7265276450154,339.66467053973037,343.91599784497816,335.40028509700767,314.6690842384103,300.8439502378982,269.16777460075866,230.60128508630615,198.46268277415888,11.129706370713304,13.038404810405298,6.283997355657183,5.324434231383949,14.113793672306178,6.7018726931141455,4.888387860002319,10.07022767993658,6.736551387556559,16.678479339549558,10.662149976619538,290.1533562909238,285.27823420736223,294.38746809602094,280.01133324480213,270.14861506017303,243.34673361174495,217.53240198544646,209.2262872401196,181.56630220908986,173.5709373122217,185.93182329834204,192.16202241335864,236.69670509724537,251.1294104963443,273.7492857841446,269.76274371993753,290.19258228915197,291.24432456757756,270.17683117363055,256.60188915901585,248.64631984489765,225.85810326689986,197.58759959788054,184.7589114408422,170.24576683573102,167.967762648978,13.762088463020277,194.53073782893608,203.0391928709711,207.4957254350912,221.8397340528538,214.54283863175726,218.62560794058487,198.8296073029084,187.61183217743542,177.51636914764393,162.5299894428813,141.44709281728709,112.16584839790406,102.06237516617222,106.40637932400554,107.23907268764931,124.75754493325564,140.5536553469398,138.3419674191908,140.32105391456753,150.83641565656436,147.70347421096415,152.9302292957579,139.37686496249296,123.52258375800339,111.33490991823767,97.01529723771681,0.0,0.0,0.0,0.0,0.0
2025-06-01 18:44:21.731,0,0.0,0.0,0.0,0.0,0.0,0.0,177.59844275106695,85.38068369065566,77.35017069387713,168.6661474474096,285.5583188097616,400.91791823839293,497.06963917464356,584.0007441196796,663.092049803961,692.7233880908904,721.8864757634724,736.0232960687409,722.9208105273759,679.7461841993785,621.0926622537326,521.7324179944662,415.8274872780058,296.7253920104313,185.67139723876943,165.13486440966878,249.4678393963748,373.5555425424959,517.5819585485388,638.3883361221503,739.043197764551,824.0739103086717,11.166383150372088,892.3753246600785,891.4954471614345,857.370159710275,786.0548504474432,701.8297998371385,605.401675894861,479.39232864334565,389.8535958799387,334.08779390924474,324.0381541697549,453.6279650014892,574.846727751727,705.104012648669,798.7642847652235,914.3169032207827,995.1576556279565,1040.973778669359,1052.2752960857438,1022.2246403462387,935.8378901872101,877.9060991725836,803.7057389752982,668.4793349630413,563.9160802588965,545.8813476834617,549.7502339399309,5.400825985755656,19.253063216987265,2.935963741758152,3.1622776601683795,5.219716105173178,10.596986798666261,9.871329363580742,8.853120392563214,9.848857801796104,10.380801863611005,12.034172940858456,726.9471363916075,616.7644971576183,520.8211074996096,438.44994761730777,414.2979433548752,442.9900224451698,553.9500485572971,673.2664546487381,790.6302572109386,900.6104857222305,1002.2275235755056,1083.8981554706336,1152.7519252946456,1160.7869625654216,1153.8206550149055,1110.2176129899735,1042.466468793119,957.8624906816286,854.643377682247,740.1596649124714,682.5847185139096,817.3358308768411,801.7618884556915,888.7304002027975,984.8254149681401,1107.6339597019678,13.521439786668862,1302.9186872107484,1339.1749237252593,1372.6760510737156,1350.1004110580886,1305.9789427266842,1258.686983401347,1146.8136554007397,1068.2931392987384,976.7552214205058,867.0930732415893,793.3199555928196,739.299606520837,745.4883187107874,772.7969047411084,824.1130113423083,888.6290538320403,937.9873784336945,1013.9632370553719,1040.9173662588555,1069.5801780579275,1049.35365959578,1035.4651571730292,1009.7173427071937,952.4660223428637,895.3804167875016,834.6180486986514,9.103824777331425,8.193661532326168,10.57792117232663,10.082270993912788,0.0,0.0,0.0,128.0,11.944922924740851,13.566834369199217,9.980642320858776,870.9082465786083,842.6066224933509,791.3775356109458,743.0415249799194,681.8004510579505,618.9092462384534,597.128493293143,567.0819213853315,544.8493695896999,538.4198438194549,569.4543421958491,604.717536820694,630.5378874019791,644.2996370979797,656.1979269469941,689.802774784209,672.1331365308048,657.3287337502283,635.3367177832816,584.7129399132906,573.3885610905147,542.7233027458861,508.69137444283444,489.5422515641922,461.4115413906629,463.0624229338033,6.643178487850293,478.47406061148325,479.618264640662,481.1905570527102,484.8333446580571,485.2198953353012,369.9891955355534,341.6239666905738,333.84779000516653,314.21455551471405,284.36993716817227,270.40395263767977,248.8465829561323,263.4829271128601,263.1107424038968,284.1488633456898,309.06335051510706,304.45930224572305,327.54761752482943,331.085903439866,342.052337352505,332.6055744590004,308.31584010262077,303.5179344367854,271.1285204191099,229.9252464121691,206.45930452117182,11.494277455128874,9.649615155674333,6.786434873118438,6.58494326323993,12.03149896961773,7.0418238157185336,7.323246943448231,14.239109891641895,5.512337481562944,17.342110999005428,18.461976034426293,295.9993303809172,286.34762994212826,296.31323199593595,284.6397239352147,270.73452486868547,252.86527958289716,225.88951699220712,199.26902586603688,180.0201216842072,182.2081351385033,185.95669742512422,199.49760722529638,234.0416252030926,252.57613515315168,292.8331076051617,257.75616456142853,291.91053694037686,298.1622356060128,274.45527923667566,259.6908037463672,247.9182158128855,232.83090209621074,203.39146665230462,184.28102654843528,166.00781499492953,178.79932059261392,14.724684065296369,194.40265541515558,209.5908714325678,219.96518252030683,226.5618003857607,219.9026803534571,229.27507929050037,202.66259892575405,201.3888372722023,182.66430786426608,167.18289786610026,150.9458024721101,114.13216087065175,105.57811238447772,109.5924498663138,118.26479149344546,123.37093247966126,144.5255416147845,147.2421985565163,144.86045590206496,153.40785866405002,156.34229852958717,154.85141971316577,148.35494488529338,124.06771494480725,122.1244900266107,107.08297082642486,0.0,0.0,0.0,0.0,0.0
2025-06-01 18:44:21.739,0,0.0,0.0,0.0,0.0,0.0,0.0,180.44346980918,85.81803559261333,81.1665974785036,175.91779991679272,287.7567894441911,404.3942897418705,491.3115156637535,583.9207852543976,656.9281388548275,697.7042020064538,727.2643533902203,728.9811639734171,715.2375229817529,671.6175690309946,621.9802527723476,524.1384798446269,408.8745010553539,293.35314228782426,194.67498621005723,170.2799911727522,265.9527709675205,391.5703561867524,528.7465161950423,644.1990915345538,741.1236415012651,827.4492453405237,9.4628725522217,899.2857576699096,881.2297414645168,856.1885861327899,776.0898243093458,696.6702527298004,598.1640946342967,472.3971064731879,379.005371948727,325.4837575482417,328.08310901153936,466.69544526571684,579.4597825310834,723.7565032544192,829.8323303050612,940.5245275931889,1002.8329979113815,1038.1779883255724,1056.0743519860873,1017.3087761742869,951.4219152428338,875.3911957930085,767.6046053021394,657.0362318052746,573.8043444537022,524.1464953039368,558.1008439875811,13.528103726296742,10.946662412999785,13.02917066425666,4.812561267359417,6.136837452311271,9.092928374596298,6.840641206244788,13.337582184916407,4.632951364083878,10.569002927419099,11.6300503299234,715.1778202188824,601.501873982791,491.7516971146788,422.3251581260864,387.5029329821756,427.7616922991402,537.6615833001655,670.0845223129439,785.5822281647793,901.5789934695065,1019.7832368951148,1092.2108174990362,1154.7776849585746,1173.647343607229,1157.3537484444673,1115.4478359236764,1058.4130276072901,952.8533042263325,865.1181454542274,732.8530250238133,679.8833853199794,774.6613388865987,777.6465112065137,856.7530745647301,970.105895163347,1105.6549419790138,14.322266377584379,1305.9648406729066,1360.8183778091993,1410.0513292297114,1400.3496658897448,1366.00079973156,1304.7513837288109,1206.436914138077,1110.9488710738476,999.4644010903517,893.3669515597358,813.7942016358076,752.7000515678508,742.4474531547218,779.1377647905952,823.8233248963622,910.0735538620282,967.5007421665663,1046.9606840117633,1081.9964414071578,1119.0165891282156,1103.112154968286,1097.5472319309547,1068.1142172717803,1017.3091529896833,943.5854731084639,872.9112427525821,10.006323665494348,13.810574604905655,10.07423691039532,8.35670763386143,0.0,0.0,0.0,128.0,10.35696360921373,8.8772915236899,5.385164807134504,904.6457416069196,880.7746465250951,837.4209795526693,792.7733495429801,715.349273529982,636.9401694131517,596.4496057454722,562.9824559218968,529.6975096250627,532.3886456364245,555.6268360737192,586.7703317441184,615.3751137200491,651.4070508433362,671.465688549477,701.6109259417037,699.5825684575996,673.3216286020455,679.8748706979811,625.3623360391576,621.5679575093247,576.400441770285,533.5068904522553,517.7483596206373,496.6958264437719,471.3504192294772,13.336968570606555,481.87151436675816,486.8112220718759,503.84676725175296,498.84773001199807,500.6516352057512,396.6466510407064,375.23237177811285,361.57173206712423,334.22155610573157,322.18703936721016,302.41657348267205,277.9766744375358,278.16416363984524,279.27361669139634,292.4016453258789,315.0761671444614,325.3431709589623,336.9707191825826,337.8403095818821,349.0664031051491,322.23075009563235,320.10773302336383,301.0272143296183,283.9110991068543,246.78515729829348,219.4625660438322,8.51151859767881,5.870110900277145,8.919692792542207,9.167074792875212,7.148515413595247,4.928024252573494,10.875284126647005,8.673397317060896,6.16588771202199,17.06772793830942,17.01745883134538,267.97776282169684,278.5470745061554,281.227601690126,268.10007688858633,254.11863151532796,235.25492361691036,227.51788971343956,203.8603316525373,178.00977247612408,171.61010663120356,181.1343674735474,184.1340351935882,218.07780775764925,240.53548712336533,273.7796465498697,253.07054152421892,276.8337226897345,278.0840423305672,268.3549865327431,253.27369411629414,244.11697402051198,222.0457000758612,195.33977982420035,181.56439806454014,163.27606967512773,176.67847714899506,6.6799294762952295,184.18374453946325,208.32326312173817,216.13656935692597,227.39656602452038,221.64314106331048,217.6049288995183,201.33098816478622,199.51275558053382,172.935388467757,160.32948149581205,143.06410998928652,117.47841426336915,106.20546193465987,101.11315760535051,111.22558517875517,112.08412778130766,130.62643352646532,137.2533693854188,145.44966326821972,149.11683007507045,153.25447330587835,141.98172542006304,142.6355959820115,124.6192118874747,111.41688043066277,94.6414623701814,0.0,0.0,0.0,0.0,0.0
2025-06-01 18:44:21.741,0,0.0,0.0,0.0,0.0,0.0,0.0,130.12044616840103,74.6183187049561,132.2624396605338,234.51558317784782,342.3879031168276,450.7148444575534,537.2478841143555,606.1499942869124,667.5845725062923,711.0249802459163,734.8345929000097,713.0774062607281,689.3873526921429,627.7233889215146,565.6778213052173,470.8053927364097,358.5793566190023,237.27813215493862,175.05192208405268,214.74968314649394,332.00178279744455,453.40948146919135,573.109881605231,691.7548490354575,776.4635839566685,838.5893403575413,4.610618651097454,882.1607485136493,860.5537679406731,819.2329334380528,737.4486764099079,647.5675230258154,550.6545615901833,426.35708789722383,351.71797345451546,319.76357731421723,361.0513863826942,518.0499712344773,650.9651068831943,739.4241026490726,891.1801068345886,955.9536527464295,1035.5750110242052,1062.653479835466,1056.1653787879156,1001.3806500964789,927.8394307538315,837.9161739225091,726.4947397665157,620.698637766554,550.6902649173289,514.810414975438,586.436805701804,13.490812421405018,2.856485447482613,11.605643494205996,15.352395119540288,8.83961511042203,7.024996264863029,8.159426354798109,6.699566739574728,3.1703228999247592,9.808627767865374,7.790337551144926,673.3380350561393,553.2243694229968,450.1157239262584,390.74547780897143,382.64066288415796,439.5594327650394,552.0958044034082,675.8634499364043,807.3941326157606,935.1418458782863,1045.7842663676186,1101.926921294321,1146.4182890973448,1143.4672776810912,1131.951927999192,1095.7866832500285,1031.4295954013255,925.7822914536426,835.429292113475,711.035293404694,638.7688216664752,725.3341901732365,760.8934496948983,848.9785705593858,965.0129263452466,1106.2910198201478,16.363020727990985,1303.9285976247165,1373.3497284186174,1411.6942171272324,1413.5317236239207,1378.5300940504162,1309.3481027742182,1212.3501084776276,1114.8511671454914,997.1371230103149,890.7063649181462,811.742840399821,745.3164569428999,720.6877839272657,759.04687811828,820.8385623656699,898.6228887971289,983.9122924539655,1058.2258101507646,1099.137200756274,1113.931104634569,1130.249179550548,1097.4386140532945,1089.5870961798853,1029.884428949392,951.2427327141958,880.4281479153483,8.335376025034883,8.871417085864358,14.024218403332796,9.945729513459927,0.0,0.0,0.0,128.0,12.185740747010572,9.318449276987776,5.385164807134504,920.809143291248,885.2391766962899,853.9066518516822,809.8729713711307,726.8456618523728,637.4042793513484,601.3848375543536,549.2959965990973,517.1552956204256,522.4465939910592,539.2808419456074,552.7689818391929,589.3395156493399,635.3019985476882,656.8151328262928,697.2077639671501,695.111914118131,693.1733641234034,690.057107617758,662.1066821037015,633.5284785013774,592.6789666871717,552.2611080837968,523.0541557374808,491.6952611162791,464.70605388020846,10.12060400904452,471.69263057155564,478.5795804976068,490.3501615882427,492.5672808984292,489.3865210150667,400.8671643561244,380.7351936609233,368.7653302339914,347.27621753009845,345.6256226180293,325.03516795490077,298.96928509870037,277.1803382795953,286.0150084396173,281.8824041160731,309.1697358915736,318.0702564070921,337.79357289046254,345.1201415561095,344.38196290185766,326.4411631280858,324.9076828654541,307.42693736756024,289.2406011718468,256.68389564983147,229.34527794585276,7.729918908450417,8.919061624935221,4.32219716289082,10.355347960611441,4.657798481172138,11.741376487314504,9.014751990812282,4.027858392086148,9.518463543714596,5.800783087075795,13.806639159757683,255.08867765782358,280.8844887576826,280.86009805297584,268.19979033816134,267.537395772833,245.1216025867753,243.4861833972628,220.17626587538987,187.5913123243562,189.1022756092396,182.37390280762986,184.25304529407663,225.72033339308098,230.8347762917814,274.0185585174293,251.98685084057982,253.18999810026767,271.569117418928,272.6918651620035,260.3388782657144,261.6015491335033,225.28789719695683,200.9688511326063,190.44812162917535,173.9530907043984,163.17820306930733,3.3181876903757983,175.20141117259314,191.95787280808412,202.58709615822082,219.056609971202,219.79747699609868,210.9492894785155,201.62509461332593,203.83261819709057,169.1987366098797,161.9031060961094,140.9926750389711,122.86979113944666,108.41028167589539,95.84247044366036,102.65718635858276,112.13462123816541,115.82347650104168,124.22503396627064,130.18759607494104,143.40365370919963,146.5329992906768,140.89556487579392,141.9256282563814,128.41877583554316,112.41012145845593,101.783526800249,0.0,0.0,0.0,0.0,0.0
2025-06-01 18:44:21.755,0,0.0,0.0,0.0,0.0,0.0,0.0,122.48921276445415,60.443878325853326,136.44258536452114,247.61529285806802,357.8800490926175,462.50329277250466,554.455612209856,628.5517529253149,689.5035270548565,724.4543272225916,740.5208297534546,725.1206658265537,701.9805388861183,641.9924857469324,562.3649545758208,470.3756220355086,348.27539117061775,234.41340636337938,164.79485916594737,225.340189038861,342.4265847729681,482.7082371794147,598.4984967463977,707.7959048336578,810.7045830816443,861.1746251847886,9.295753515092013,901.4110254482247,877.7927162074284,830.5615358772598,741.6150083789323,647.9559829919187,528.354262033299,433.3257758450255,357.3185374233678,352.6678791195397,388.4711078806996,541.6012299901929,666.1426960064729,776.2140547579017,921.6415409750675,980.3253013188746,1046.6636084374443,1085.7555929738717,1043.1709280522978,1013.1598764620909,911.8014155314174,835.7855772994162,718.627624829158,619.7294698072409,557.1281067164704,568.5330892544196,603.7856164245695,4.57471264367814,1.3978149812642968,10.004175757924544,11.398907674749303,7.833637741006324,5.710829325310044,12.866884955292345,4.2761627792629175,6.919234728048039,12.51709387689126,9.458697774920775,681.3531446636711,552.5041671324263,450.51460485433415,381.1580152009597,406.45410576026586,462.68913436976146,588.5667330911788,711.3432735217941,841.6341377801629,969.2953297654101,1048.8471568072707,1110.232659440852,1158.014898968761,1154.0374004613861,1133.7486631842926,1097.180705596621,1010.709893100402,914.9267559416477,813.1897928689665,692.9726794264179,623.0047604656434,725.0557368241537,760.741069603712,851.6831445640034,969.8847313506682,1102.6713195537393,16.030571722055743,1298.223164756551,1377.7331988991573,1403.1518495051744,1396.2795877829035,1352.7818699451138,1282.2866369779035,1203.4714445290344,1095.5587176376555,975.088066868766,873.8674626217559,792.8598018902669,716.3051121264816,713.1090959348387,745.2000804633557,808.1541737723492,885.7336700912477,972.2520982710272,1037.0639948792175,1093.25496812075,1113.4745405919846,1120.7793497262917,1095.4446165325264,1076.9447636331272,1015.0992388960913,943.3276909090895,863.0800339506376,13.879060362841809,7.029762591704129,15.562308900433685,9.172061828559492,0.0,0.0,0.0,128.0,6.2480307319320305,9.321839080459768,17.695168799088147,931.2537581947581,893.450714975115,873.6145191118939,804.594017048884,735.2993086765622,642.7399755877217,606.2025358663516,548.0123757922465,521.7632246054835,516.9363807045696,538.0656493008456,570.7205606100766,601.8949836310634,648.5077191529745,682.4070623976214,715.3368213686639,716.0579540021988,724.0647098958445,717.8190219502463,686.8283491170275,647.5180853181948,606.272206894678,580.3327755653924,531.4193080041599,505.16208168916677,482.6514549980512,6.830810918040143,472.00998135617203,492.058331077733,506.6731089582157,511.2864639801784,500.1374883448807,415.138272534571,404.2862054955997,397.0457255692434,370.0808603132851,359.01617592339704,340.6493439241607,312.35266888820206,300.2134714870658,288.8447304661073,283.2993769851106,292.1038094011351,317.2349658960272,335.66663721200894,334.05141297329743,346.87410182851056,337.94796415095846,345.74499914083356,326.6466853706829,298.0658385039916,275.0173656645364,261.14472706150326,9.948260921521094,8.35015068254374,4.598001859722685,10.236629246008075,9.689491785231954,10.089757405793645,9.576843623799919,8.944627307553189,8.26163482873097,3.3908045977011625,8.292911424464098,268.3120587537474,276.1798464755115,288.9645763465931,268.54037276421843,271.7494265677152,256.2678742888712,238.4275936869813,222.94640024119437,209.5559367802912,206.84721972625945,196.42620358239068,208.99254433934288,226.7717535471404,240.21877571545812,266.3984974782417,262.6093641008839,261.9786629486415,278.58603563104907,281.61559181462235,263.7634320086582,256.5216747262678,232.45095030645865,207.8115310656446,201.84244062385199,184.31784481624982,172.5205083564305,5.813066383733087,181.70620545191193,191.02051401636274,198.52752032413733,217.3311675365268,217.05093776709856,215.5854662121264,211.69863795393482,197.31349895576017,182.78794426061165,162.68920633043652,136.50490373338016,124.34365540765175,115.34583098106654,97.44050656505782,100.34499369784324,102.78306126252178,117.02764410727625,119.87755675658556,122.62423884725915,141.24405956174874,150.92514932855704,143.97856435609555,141.53611540694007,125.91355445546056,124.86841910220421,103.88193247647546,0.0,0.0,0.0,0.0,0.0
2025-06-01 18:44:21.764,0,0.0,0.0,0.0,0.0,0.0,0.0,122.97066050009194,61.97827783725689,142.17848196292516,254.70876293437587,361.6238402178483,469.1346130201586,559.1670166135706,639.0027788848905,691.3135125302051,730.1799936145416,746.5758374249217,734.6353785514049,710.1895343352872,640.091153471417,559.0786836048546,470.8909859242214,347.139613234696,242.1446610875757,160.77430288242596,231.0979691725899,344.9071999275761,487.23040111024744,615.8421678483379,721.4136993059739,817.1127032159666,881.2295852355983,10.091614381711242,913.7906376140639,890.0555977253379,833.9335646092435,746.5349155408971,658.1951498459318,536.108515032502,436.1085244317665,372.6927160157339,354.6420906136533,414.25328197427785,548.6265605161943,693.7986131960304,810.0368244214059,932.9487491115231,990.0055992231353,1056.588974008435,1099.9354168619718,1036.4575156716096,1004.5686185502252,910.5657651140287,836.032242139713,711.0329927280623,621.0537015300031,538.5849197007718,571.5107614764996,623.7443223015767,11.575737486087556,7.4077280259890435,13.750597754843406,6.193008725791421,7.280109889280518,7.8610930533937555,9.774898155582383,13.925138512983978,10.694980233123058,9.8138141178186,6.268129878954267,663.6996178104972,541.9364814010898,452.6438158178912,394.93101084728914,401.1242646740706,475.03475451288296,613.7722547483693,733.6980197049526,858.1461921713469,975.6970347647898,1043.6107350795376,1121.1590640360757,1156.2511296642203,1154.5944544004392,1129.9832884088335,1096.963005907304,1003.4390921106304,906.9775980918728,803.1097785222169,684.8118398763722,620.573878463683,731.3973987398219,768.2293457660392,849.7528752763291,977.95490484289,1115.7697324329802,16.71529338235062,1304.0770726738324,1382.992931861994,1394.3398687789602,1396.442782254607,1337.4390688209305,1271.539966929153,1173.4789153893053,1073.3022033527093,957.2338251214552,858.8659947511179,759.9110184792871,706.694698103129,717.5446129768924,745.75358412047,829.7433255802462,895.3806343063569,977.3559669232345,1041.8252476302944,1093.1627148545167,1125.4674695739716,1134.9604817202032,1107.5500742258776,1060.134999486909,1009.9607076840397,923.4544379385268,848.4987807621187,7.337795786888805,9.39600781642616,16.397797084171913,7.810249675906654,0.0,0.0,0.0,128.0,2.9499086088339452,11.153588805213856,19.398393644042727,927.8768954517077,896.0314566284345,864.8573111905637,811.4506912844853,737.7558891686459,636.1700176762936,593.1831944489337,543.4300834556084,521.7526239700958,514.8812547655518,538.9403870519154,585.9099777205726,616.2634322790742,661.9123615451219,705.5874784435658,744.6192284064736,742.6322812958955,725.120835838228,718.2512281735987,681.6650192526637,657.4470598330888,603.8888459647708,565.1799509645949,519.1299303948241,486.4257180807561,474.78383024477984,9.45664371689969,467.83674236458575,486.2590138518719,503.0285581312613,521.3176105526212,514.8342954519075,412.2879689788008,396.0055085367045,399.66450847176276,365.88583478049475,341.37572309131446,315.0063586020364,286.113244205283,281.631403886378,272.57949185777994,266.1151029729557,274.36418286306383,297.4937063197743,323.1638431019891,319.9914273196462,328.5511256066052,340.5604199729079,331.98908100611044,323.079186241539,307.0000282211954,272.59315776539535,254.54257578137648,9.352630190641067,10.075052482285566,5.242599748610007,12.564568093270964,13.182240458359228,5.715650653228577,12.073263352101112,17.265681747734558,8.476055711846527,5.0,10.691560187597315,255.83333707711682,275.53230042127,297.333943770877,259.6897248144234,271.2704360249988,254.77244334017257,257.7092327325337,230.61009205980793,227.64677472363275,188.10545652497285,198.02476835188523,209.13476165497678,226.06616666079927,235.54477866069254,264.0941452812523,263.35910337951645,280.91352519326176,275.42525688930533,273.82205411121805,269.60926556616977,261.7528837257965,240.26211308620364,220.55741909913178,205.8236794746659,178.5455225565865,181.66333433644436,6.542502645449741,182.98644172764563,201.07484787250593,198.90003892689356,217.0370649945492,215.78629703683023,220.9030189156243,213.77285012258332,201.20990716028237,190.07601714062667,166.56351714327258,155.3786171879395,121.3722721345539,112.35290079966559,96.7619739568989,99.86765269279749,102.4339772946448,105.7345106646952,129.16800593989163,130.48364070720498,147.33900402449657,145.70225168109886,144.3471578733664,149.3803042751802,128.5791714809659,124.85317161412024,114.42915061498735,0.0,0.0,0.0,0.0,0.0
2025-06-01 18:44:21.768,0,0.0,0.0,0.0,0.0,0.0,0.0,92.89503477744486,49.295365979131105,155.99740198947603,249.31304463588427,355.3249922121153,463.68235628774625,541.7937263256164,616.3097963421139,671.7117527716646,694.7260680531448,710.9575224922175,694.0994285971029,671.0610620453392,611.1144984690616,527.6059673236115,439.91742165265435,318.9128456389404,214.84668836022195,154.99156431735918,216.86891965444255,339.69808986771847,472.0683102912101,592.3089763624482,699.9596129988499,789.4504722510818,855.3811316567048,10.398101026214274,886.1881699566768,848.0506639239508,804.5871805786938,715.1780404969173,616.5672660841752,514.7604763554408,399.8385483729076,352.0283157058105,315.22684110164585,417.19639951698645,566.8993059559837,682.1883945472812,780.6266886005901,933.569184209064,990.5410398854452,1056.77018283323,1059.357551740578,1043.659366622245,987.1877224565795,901.9665237002085,815.9366118757694,686.8182128512502,596.8602184819833,519.098492892011,541.4741383990635,616.9485162571639,14.633968911920352,12.22686395587995,10.578184980543512,6.900330552807836,9.433340356562168,4.572413793103465,7.732782874226092,9.741972158149162,12.688882147039394,9.097180199407235,7.196999655122142,646.1752467262424,526.5077179476903,425.18896638258366,362.4469739678641,381.9286568815658,463.62725381144185,603.8426274946326,725.2567673272083,860.0044125466925,974.4602957431796,1061.612700679707,1133.3586621114368,1159.822564532087,1172.8471922229307,1148.7136264259843,1084.7303683762875,1010.4087174340957,890.6479449421956,801.7236474962324,690.2683482499689,605.1794912309078,705.7075397753583,741.4527506375239,843.7244328095828,973.7333210126787,1103.0838791148824,14.071339894097475,1311.9673449001984,1372.5627513266743,1387.5520029111467,1389.6225324134966,1339.1424594615858,1271.1607337253663,1168.9497305807054,1064.8808870237265,948.0401020290122,850.7715859064086,745.6822141026429,687.4458101736719,694.6538470077728,740.5871166085004,804.9105471850235,883.9058243478069,958.4653804882641,1034.1300905302483,1081.8799488295151,1104.9456886636474,1099.424174874153,1097.984777791029,1046.3740002844895,1015.2088639686947,921.5676412752016,841.7471524907695,12.727515236015744,7.300846157783645,13.379328283309135,6.997015920426799,0.0,0.0,0.0,128.0,12.593103448275826,12.072182849439493,10.941358822353354,942.9754017338641,912.2076350030393,864.8124938095666,825.6041784500887,744.6500092445593,633.9249757452833,591.3653719677295,534.202297438606,511.2666109925693,513.0348580971096,531.680804403831,560.993471358368,610.0032269185613,657.9342626439892,691.6271825878498,735.0514234952476,731.1629290251121,721.3314225537969,727.7084586749163,675.238210834311,661.0514407671583,604.0782858810054,545.544715457376,512.1469439180348,483.99091344691607,467.9555364705298,12.128409020026831,469.51486954950224,506.0891029335297,520.4381788144669,522.6071416393767,540.5404206004732,427.67208882441423,422.01574213649434,410.8674263076007,381.2207661206443,353.6693247542446,324.6509143478172,305.8978141478335,291.9237642157679,275.8848897967317,263.06572819597955,277.0425561091192,316.41486556757883,316.4834758081867,332.5501645736088,356.8717938903581,363.40777450457045,360.5674066410993,350.0298547876592,329.44369682625864,297.37329286775844,274.53769087215693,6.906203873090346,13.001919085490432,7.2597350280547825,12.419695719530672,11.546467853488886,8.861744258106064,9.3055104904334,6.697549214596659,16.471288033967568,14.049009556376735,15.519930108614275,288.0749271375625,281.38500755287447,304.7917147945547,269.2909952665176,295.24381279951854,256.3102961118528,260.086476633834,200.83928118099388,194.93579763738956,165.97646255380948,169.81564186752735,202.1782283876087,209.59807558697278,223.96779461148878,273.10937111991154,286.69960110259916,281.85088994236986,286.4473577366038,289.1989574405176,274.91157420735055,272.32753778884353,244.46887123790768,224.04474603490488,191.46336908704393,174.9206808375768,173.96980585041985,9.907789449208153,174.68672296281449,180.03079060859167,191.72020812277933,219.53782717970418,218.1790219600144,224.49925891387375,218.20541058600077,215.00470462992493,189.6477106619052,167.78172648183457,147.12856688341893,123.87969021888745,100.81603323377973,90.70844970386041,92.62990090850498,89.02617757782312,92.03083586171212,123.96985383404774,128.3209740985294,131.00400444324765,139.5523009238669,135.64850293751482,139.0035638965864,127.74126808121099,124.14097617950151,113.38679065722472,0.0,0.0,0.0,0.0,0.0
2025-06-01 18:44:21.772,0,0.0,0.0,0.0,0.0,0.0,0.0,89.15046760627737,47.20956068383135,145.06042682560724,256.5860255296747,365.34054824634023,457.2207436693669,534.212506226804,611.335060742015,666.6994612410493,695.9631611639046,703.7532029820106,688.355621895319,652.3374032621011,611.0310683698317,523.7787085943821,430.0588482084605,319.9273213195055,211.7986865582981,158.12440833997047,213.0493182660854,340.06586920547085,472.182213268768,579.3186845275682,693.7773568917938,784.9140170186668,839.7644641709309,10.073564464978137,875.7008617164515,844.3428844957498,802.5281893329833,714.2757841620027,604.2935441089501,503.0740151172345,408.00625096674935,327.6941241778336,312.45972752413326,400.5931802911966,544.9873114404121,657.7118387526072,795.2418383063596,918.9027028634864,995.424739968827,1014.2547937241692,1049.0093379691036,1057.5553857666032,971.711812726039,905.393255905613,812.0823067747109,685.4657914846431,580.0125507630137,528.9614481278221,540.4858606923596,605.5622862626533,10.234712476760745,9.349964500948525,18.2449236249559,4.856111213272731,6.502636752479719,7.649422152041109,10.352704841648034,5.075566110271906,9.16983651919758,9.764801463979119,10.07663456971985,653.0425507977554,513.0595036984964,400.5941159732144,330.36014192181915,360.076692678006,435.2019265650575,588.8457819047223,709.7939036971947,854.8541314059222,968.9568239176922,1065.2906977845078,1136.1714900197337,1159.3419305921316,1206.016788312844,1166.4166160147856,1116.562251499845,1024.7282929439905,915.0345908986375,805.6176028239493,683.1893944122567,599.8509845761087,688.6971195006684,728.0518541499216,815.6634795379946,938.5392868090855,1083.708314109838,8.16905773208001,1317.9859540646576,1395.3640771633127,1409.407167017246,1432.4793106717266,1354.5051147190875,1298.362573170743,1192.2285392243484,1094.7715385296988,982.6820479195285,865.8038990385134,762.4083932887844,681.7446261957928,677.0544182978027,721.0732284578651,797.056067895881,880.2228952051479,969.618470275374,1048.1977986669083,1101.8810891141381,1125.1826805677913,1121.9725453295305,1128.7426843198718,1082.9262357031682,1020.0640693580466,948.507720977593,863.3111579223972,11.422013942888096,6.138902925226709,11.559939225664769,11.88744604345986,0.0,0.0,0.0,128.0,12.02014339773547,9.758359263151622,7.1344471074295726,957.1087522723805,915.9094102469454,877.0380114565514,816.1394532844783,733.7177366911294,639.0237027081527,590.1031543988698,519.545111967826,485.8863292962426,479.49205559765034,514.0573744910013,544.7931387626386,611.8715246784675,656.4086691743256,696.8487986591119,731.1850940460471,753.4353518906472,741.0277647014705,724.7427617882382,684.8972453820147,654.0503752773382,610.4744587439302,570.3590929059934,509.77069492536475,462.377344270986,449.347681193087,11.224851078995394,447.15788280053357,476.11225012250486,503.180593256125,526.9403930090423,532.8930852434007,443.9922935791271,414.60335428557255,422.71910937024893,414.1033348252478,366.54091288114427,353.12555299866153,309.57858695806175,287.50939483256076,262.1391893342136,266.2490016367434,275.71673933393106,289.3748731581621,312.83744343188016,324.1932173165811,351.2573372012821,365.0405381516783,367.01891702267864,360.8301093257673,334.5917515822074,312.15705470790044,285.31695803643106,5.603276167671124,11.063193076947002,14.276375101900936,11.37065177568885,10.189613876932393,7.223915905145354,9.702144983122134,5.615034743574203,10.626198571403595,19.132338708654324,12.562549622950947,292.41401777025703,279.96477408828804,295.53874528189107,284.24161199036723,286.8843328708208,254.77532622330776,248.0977692098221,206.1958339314016,174.0297574569378,175.95002675790658,151.8855769690017,179.07942990974271,190.38693356087066,214.2887813603873,255.64852129295375,271.57365232872246,261.9097603279056,286.18045056766493,291.98299529342427,279.8550209655286,268.7283194831564,249.82312382646143,211.66799421155505,198.40140605519042,166.90122438562872,163.52093392790167,9.200898776619855,164.58380913583258,177.85879208033703,190.28311923715978,208.2207012361241,210.0211029122981,220.8151371716352,209.6279102649705,203.07619057188006,187.9612950859743,172.45681133833207,147.77690170120596,127.3370796223456,102.17227648134862,82.52458992421076,80.68045774458346,76.73852408882715,100.51616606379196,103.47508654282552,113.1157820015327,124.30405821667959,132.7813781335056,139.52692645262454,140.09386445207736,131.146477348668,125.86405240334696,110.71495900426564,0.0,0.0,0.0,0.0,0.0
2025-06-01 18:44:21.779,0,0.0,0.0,0.0,0.0,0.0,0.0,89.00176958367851,50.27004776187831,142.02022881242596,259.97104585337763,357.3461156796318,460.5604670672277,539.6450784007687,612.6459478487155,671.8192194059941,697.5217544496189,705.4024800025531,695.5657335655033,659.5967009489995,605.9731878934311,536.544190933031,430.4333313115118,329.1681754847683,222.94498237103025,159.10903519292032,206.79992443210847,325.02331432955975,454.329882321394,574.5844787972518,696.6709179801405,776.7042816631024,836.2618832452976,4.868565009526629,876.6414507907535,852.8910794678486,794.8389570132664,720.4231591331677,615.5715079245105,523.6232201825277,419.79067334626774,339.1538223886556,343.4150656237938,395.8797457364438,544.2736202882519,658.157633097947,788.5289023077179,893.0729913996867,973.6097429410615,1066.638759578035,1079.1967104075138,1032.4969975878716,1003.8016116369462,938.8333981407411,805.8329446371148,720.533232418111,597.3007569886663,537.4124645649773,544.6962893061327,596.177009243148,13.812767455851443,10.970913115244446,11.43240011876635,5.941879092973665,5.15690637757364,8.263166277737225,5.829197899965023,6.012487527423344,5.6858845315326585,8.06752357308699,4.6730188036761,681.1362277003088,526.2214873390934,418.61723867889896,346.5919731142243,364.1702831946881,424.43990397884335,569.5166092474007,701.5090608135848,844.4186551443919,955.2826795067245,1050.5272761855758,1133.2427866925382,1167.8935638799728,1192.8758197250859,1176.4706997945814,1127.1273002552928,1051.1247983013664,933.6202101551321,823.7733401834795,721.8348912316001,622.576288411316,713.5615972804138,723.4057407589387,801.5851667907906,934.0064985753729,1066.1718865692742,14.145184200213233,1303.9972835432716,1379.6397265578491,1396.3041471431327,1420.5590059422289,1374.8006717706712,1314.3281160154543,1208.5374350455143,1109.9012317797374,997.7032499453221,880.3560331356822,776.6560218034175,698.8400941042771,684.0096435801429,715.8176850608306,781.4507993688117,869.1151701407903,954.4119488789324,1034.4992368334251,1099.2677094902854,1136.4406635448217,1145.6964538693242,1136.5304601435737,1104.0117576668047,1034.5888525460796,963.5866728736295,881.0008315091524,14.406640504832664,11.097554158469439,8.884573973025077,12.058505253246443,0.0,0.0,0.0,128.0,10.085035125808606,5.399321996645892,13.322579186344633,976.3787930470037,952.7438551636233,913.899317872895,846.6104914164273,784.9794906135124,675.3714553910446,624.3979659468143,555.6295720885701,523.581285678619,490.5417840682454,511.63569747116856,562.6703714410686,618.2699360130713,672.5608542323812,712.0939046396418,756.0131480391824,772.3349244687032,775.7709594526215,742.8550909915347,735.07604726676,691.004633387002,647.1377613792441,617.6979585545155,550.2003475798952,503.7912376034409,490.89718520959013,5.746253292966779,486.08591489100127,494.27192585958795,518.8923990636687,557.2870740882414,554.2054816742021,457.26331809022616,442.97247719365896,444.16943334643577,423.8959806830966,409.88863014378836,370.91921136532915,326.63182247672324,300.60731936582,291.73967110765994,297.62168826025453,309.8943353638713,317.61560662664016,347.03693716708483,352.26710351199097,377.5490567437552,375.3208110263706,380.1936862079998,378.3415623981914,349.1270948995183,329.974763608259,296.0745057628828,13.081490451317705,13.279063316161743,7.91959498067785,11.036482551953812,15.977059592032026,5.575202428196117,16.017122659600602,5.424555671900336,14.040303102134136,5.768539221399086,5.182714176260398,300.4817640138354,295.1484326425377,305.28081152243686,302.671238460804,278.27235554648604,259.737591397535,243.89487948781414,210.05607583948594,186.40739751413997,169.01059420582354,151.5139724731885,194.01521153574296,197.56642862515145,234.13192224864474,280.28637293700405,262.49779644258933,263.27851040910616,300.1811377042832,295.55620621832486,280.27222740681174,256.6123905691425,255.8670790913973,217.22208878683577,186.58095469704386,164.90177117463776,155.4993511135046,5.307668505481885,162.00624208487284,183.6335027332647,190.9256499643661,195.19322562050746,205.84937006150898,211.1860526212538,200.88138644166344,195.23434334105522,186.73214539707112,157.0035380792221,141.32868950982274,114.18077772251856,97.57098769516014,90.06162933853855,70.96900213588123,76.16029449036517,91.42007546443904,103.87787427689068,115.61128063851012,124.44145601770418,135.8940524904485,145.4720756565961,140.93173342527191,139.89247811720318,144.34810763431298,123.45651122992768,0.0,0.0,0.0,0.0,0.0
2025-06-01 18:44:21.779,0,0.0,0.0,0.0,0.0,0.0,0.0,95.78579328085071,53.24920694021754,152.53540523696338,259.52230085791217,357.4813403493889,453.1747135385852,541.8595313957579,605.2543701457946,661.3969018854542,697.2524395364547,704.6534209471046,699.5213617939285,667.6685066517525,612.3993868903736,536.4542771797996,444.8975893191852,331.4757510213287,228.95041315202363,157.50666397079794,199.73974995675044,322.3108348083193,454.1057945744907,574.8025905795187,688.985124322441,769.9146278820165,835.840356234197,2.4721857874936317,873.9695263087726,851.4311339703164,792.9743178122366,723.5609749883506,624.3711882259569,537.3018329637489,411.46921957042935,353.30772161271557,314.9314362998008,402.076133088413,535.6136096575934,662.578672983633,768.7854262901229,934.0463028021288,992.9308498098075,1053.6764631925873,1065.8648790765328,1035.1294954157022,1019.2579605239904,948.584242039974,821.5995447095884,761.4871511595304,633.5829286863419,546.2727254268035,537.0857677060742,609.4358385276079,3.7623312892697616,14.313626513244694,7.576642666990792,6.338101685353327,3.36189991613671,6.689181739306263,7.073766700542439,11.17200767729231,7.5513546043837305,6.347074698499217,10.647197347532687,669.7908837630462,536.2098766464785,424.90888304234045,359.47685683183295,369.01525221215195,429.48645601902376,575.4445621682487,703.4902642399163,833.8648292139272,965.8010791270062,1054.6548809880596,1134.5848274715456,1180.5218351745718,1184.4047230219014,1179.1947009052803,1137.934994527589,1042.0138310209102,958.1976139909593,840.3316745641437,722.4611144898448,629.7358168250391,724.9289629278461,726.172194747205,812.5217110045193,937.8523313570637,1071.0178598667117,24.42400722303169,1300.8254780586121,1381.8468709392964,1405.7557211431124,1424.3465821128877,1378.4768321199972,1313.698690235405,1210.9284090745841,1116.1887198891561,997.9345746731178,866.013727954533,775.8444936244267,708.3216780268365,680.3152723246233,715.7547495334218,779.609697076715,864.5250666690278,965.2333329777127,1050.3138530117715,1105.4520668864423,1145.5083557505618,1149.739327952466,1142.9809952185044,1102.3672673737608,1040.2588621200061,954.3646081700176,867.2201248111342,25.76015538511728,9.534796904284338,16.815753860754896,9.088951360042063,0.0,0.0,0.0,128.0,7.005946771774061,12.29799994577289,9.049861800750412,974.683052742536,957.6785018043988,933.9165838833488,861.9344894902237,795.9917485801382,684.0524457398095,626.4118925490463,563.649924033911,526.2182317178972,506.2538792921566,526.3262798609666,571.231702857578,632.5749160977817,679.376107635678,732.6252541856131,758.2672894309098,783.4370728387809,789.913658684738,767.690513996038,747.431352421744,710.9699129281953,669.5711251643511,619.8641177721142,563.7670848090759,505.9116684653905,497.3272936389395,14.840023440517033,487.40273548845096,516.4464720852511,546.1464805857316,564.779510356599,569.0715193764674,472.5056929219954,446.9923860793011,437.9835743274497,446.97927770917914,414.34988188700953,391.667842117104,333.10629738115836,322.7952539478148,312.45961883931244,297.3161207759327,301.20250470124535,332.96929639347684,349.1769522168878,363.502676949491,378.33285590676263,384.5263519811054,387.9990829230278,383.17724093554887,377.00115804134816,343.61220281047304,301.68564037655386,5.07470627213339,5.9310938182398925,2.855875549455951,6.116429942283747,5.633066974714659,16.674378145042724,7.235887818927939,11.92051845196529,5.666033673850334,4.523459996120623,7.293860080568404,293.58496459587195,291.4947377188407,305.27199105623004,305.44670078298907,281.2504658919289,251.12592976962966,245.19297221251875,227.22235865547427,205.4660130344588,178.06227284577975,181.76318576890577,178.66319261422603,202.35531541129203,243.7766074977302,256.5624988309982,268.5492070521377,294.58475941059504,296.07563500839376,289.62858460994414,286.1742284890045,270.31092013922427,244.59294802339915,210.5327638649636,182.94868894082938,178.25738150379803,153.63593361094323,4.990936141421535,160.69886950754045,177.00836238770944,183.73076509322362,206.3825858141507,203.42031784849445,202.06609118637635,189.3267518098325,194.47763713807325,177.224449921122,166.07417311610286,139.04227733717775,115.92366306261198,94.44529578986763,81.5760503071481,71.18262090367521,79.74353343753833,92.5740016384503,93.8118770034075,119.15055712064627,128.01570445564818,139.5585904371402,147.4401071269942,141.0393974157567,140.23855069293734,134.7720255658889,123.30037698855871,0.0,0.0,0.0,0.0,0.0
2025-06-01 18:44:21.785,0,0.0,0.0,0.0,0.0,0.0,0.0,45.69765411324605,126.92467149182215,234.7260004618838,348.0356550695049,441.70019829520527,531.366747843574,603.4451187069845,656.1895317232013,685.3997925947117,718.5230323641698,709.3958903773118,677.6294357904968,618.5445387410931,552.2801520776777,466.53339589103496,365.7832219436342,255.36102943928242,163.08666760129177,178.80285137428433,279.72911102833575,403.93648421480646,538.5936058002884,643.6486382900391,761.8921208977546,825.73086705572,870.0922594040263,4.936328017623307,883.0403145623903,849.5138793102727,774.4940424154257,684.1147847894782,571.3610846993755,480.4136099137787,369.558351004571,310.8564971307203,363.8906767019167,429.0671295998844,612.2672381750797,733.1969603146601,823.7230356228864,977.0630686658775,1007.5036345999371,1057.9490912493725,1059.9872655317133,1044.6263898409322,958.9925960215938,874.143959109726,793.8124932987829,693.583874191946,600.651897145009,548.7594696748816,569.6304739629645,632.4246786719823,3.631451128430154,5.654286576297006,15.179403233464111,6.653522980880785,15.180079653364865,17.40641829361879,5.4577292209969785,9.451178284498845,13.51572984686608,4.504910926836767,11.326605117730121,634.3152161014795,523.6069634719698,403.81712295276196,359.8692822944334,389.19363267396363,473.71550386248884,629.8123495586185,759.9374463475443,881.9396728978584,991.2138711297538,1096.4487837151808,1159.4227173955787,1208.6753883232072,1202.4107730056494,1178.6950478815527,1129.427529312452,1045.120684269982,949.2709889294541,833.6083819525705,694.8991915760482,611.7374996288255,721.1960831845926,745.4062050095544,834.4944324346773,965.51075359054,1114.565784655057,11.635828439723781,1320.7719812423866,1406.463486344195,1431.1616141592938,1437.8961036496319,1384.6819416023257,1310.7651854032763,1197.1392970685417,1090.6717869291308,970.3002985361142,857.5039089933811,750.3492102930389,691.4387439118873,661.1291972603079,712.6877131188435,784.8874938268328,863.8326731033882,962.0903594611605,1049.8515185624028,1116.2155555213392,1142.9607680393876,1127.4640332682122,1126.6136761802547,1099.240342108218,1041.8311347779197,957.0985248679375,869.7396432477709,14.956494403601564,7.0269078741200595,8.40327984267151,4.309422661971917,0.0,0.0,0.0,128.0,9.864892024240111,10.813402564996753,9.247871681918665,965.9132065738278,950.3518454204454,904.7151091314862,853.1684659026014,779.0819166361272,666.4200305241048,613.3574201214897,553.6367521201635,503.934004498642,505.5701021092132,526.999260963713,567.4582097677472,618.3765974141837,676.5502041961064,719.2562485147473,747.0295848236957,765.1678564114733,765.6164059599594,739.8949096927702,682.5738944934869,677.8152219850429,627.180473522932,573.4336489719072,521.4433421023177,472.61725906420884,440.54321262017174,11.53803307620704,449.26796403153315,471.28721678512164,500.75765569928694,535.4161828366,561.7612352189434,447.53261350095204,419.5236030015167,431.48216009741617,417.7145630857434,387.2224015274823,343.8770142337299,308.28777783347056,292.9811444487132,274.8328283917291,276.1976214794333,283.0634231289242,291.1213506478412,327.46800586406664,360.09644472069783,369.9189082874859,375.05386737804713,384.29524993406574,380.1897629320245,383.47555388849486,348.19840630803856,315.16971584101316,17.27422356031451,11.348782360303883,6.849010535844123,16.18503985881153,3.880600494092953,3.569265403695203,9.301469447914307,13.405754725564051,6.004389700324605,10.183723354967384,11.893187550632934,275.7862275957721,278.6131746308179,290.24573335158374,281.31932488982426,294.6747663970009,288.5194607956729,264.2125761462854,257.929039138635,238.70917542021914,177.74749343905347,176.01037341390017,200.82850620510095,179.43685309734127,183.12670239503294,247.43452918025693,235.38894525075776,250.373068898775,280.9629450961384,274.3146836566908,266.52984740355595,266.0414590917938,246.78696450387525,229.33686844764946,205.2137370581204,182.0038582091291,163.74190627455016,15.479250250704554,157.9129123918796,164.62053502695207,178.70898861932827,181.20877935527278,197.5571773926846,192.22253337934774,186.28552460752394,186.60913247619226,165.76004975978765,166.52609364753667,146.90455600940723,125.66151295385887,97.60314378042347,76.79807743417896,82.57733038129037,72.67261908560755,74.25797940326001,105.14282574800195,114.99259628605479,137.78890006418962,146.7211044949171,164.26492042483446,166.2455466764908,170.2421292732976,161.12863141996027,153.29976441125888,0.0,0.0,0.0,0.0,0.0
2025-06-01 18:44:21.788,0,0.0,0.0,0.0,0.0,0.0,0.0,38.78839010790921,135.54243079390645,248.03225596683993,364.44641853645413,452.52286755521794,552.6758734951667,615.8177279866354,655.924206297533,691.9474441036865,705.8926530257747,712.5680056063313,668.2420014575572,608.2715900157051,543.921599515846,456.0337895349489,363.9022552063174,235.11667451994026,156.27708986128948,179.09466105806538,288.2550364018169,421.13465093507847,558.0455208616935,658.8080191729575,761.6892864486954,841.6091223540108,876.2271172752876,6.288457542985432,893.727700238714,821.9824223448875,773.0632388276747,673.80764493678,575.2307544808051,465.5550454152593,370.2813400965621,321.88952654718685,354.9693392543136,435.74976538709933,607.3712979576758,739.094010520665,854.2340378987475,960.4770199536921,1071.5587922156544,1049.8829236600984,1101.77715122677,1025.4367160653749,969.2910330191386,872.0717923203342,782.8871811262113,665.3091210519827,563.6381121217836,566.1896573258402,567.0102409821664,653.0667114987467,4.887356321839064,7.618537164364317,6.294548741657797,13.304750214833483,4.744062190793725,13.391012704188322,8.755393371680626,5.450574712643743,18.853913461665933,4.446284763905014,6.871528754339015,631.2509598696332,517.6100087248182,411.12031900285706,350.14205343224427,403.69700304380785,488.64521324236165,625.8442683481685,771.2634604490529,893.0644350618062,985.5212201103071,1100.0113476330446,1166.711427326772,1202.3296049024182,1199.3327484187553,1186.1368632219492,1130.750031261966,1043.11548023744,930.9422628962972,828.8852345464511,700.1796224554341,603.911877466313,717.5999299066654,745.1487944545534,847.3856223442315,975.4578845687703,1117.0890540331084,17.61570752097305,1339.6689496437198,1393.2243686904915,1442.0497992922674,1409.8444808171653,1390.9670681262335,1294.5830731530382,1202.4556181694002,1091.8836753596636,976.1069960316917,844.6430878042188,749.065529684646,683.0063562212124,658.0043911831806,719.515820861639,767.465531346214,876.3211886322273,950.9401318043009,1050.6160806804046,1098.6406674631455,1135.1516083770161,1121.7349207609677,1124.8475138767574,1081.278052829627,1038.16224603928,956.35960038426,880.7688822284484,5.101206774153786,12.594446715965947,3.9550454828082544,6.866194091402275,0.0,0.0,0.0,128.0,8.33012990753994,5.59651925726069,14.49676954691364,964.3182528887276,940.6503912047663,904.9771468469002,855.2394239765667,776.0202227366669,664.7939773892609,613.5690599805646,536.8660340272925,505.6650705966722,498.20490225686393,523.662347391743,573.0907798091546,620.7220217442274,662.1589100127026,717.2424114001785,743.6329234213908,758.1846771439683,764.1609087270772,750.7013302808048,676.5476969883355,672.3683903729249,623.1661417786061,566.3773658160268,511.18419816967304,463.7770861380457,433.7660430256511,16.464074140185883,440.58216567846705,469.44742306197134,505.895757253778,522.2985691543057,545.010483001961,438.9357794392902,430.7645928185256,426.85578150255037,409.9516130410707,384.7525005182761,368.31595425788953,310.0082163948115,288.3425067910627,280.60075221985767,253.20601597812254,277.6060012417969,300.741885200954,330.89689173390934,352.24714197753303,370.28128632213094,379.2708708745888,385.67506787120476,378.721716526084,371.2635490042063,352.58852002291377,319.58732141930534,14.282447974452783,13.480772084121416,15.193548801951785,7.2048448135610315,4.887356321839064,2.9187107513217914,5.094814893402015,6.035920730188073,6.333405612147584,12.607895634805338,5.379799353680083,281.19486293413036,279.1585385080459,296.6927957993491,296.71513163711575,299.09294781054916,278.9023581976,267.0638757882413,234.524701772901,220.17366149605797,237.90559473618646,171.39272732899812,152.98193408153085,191.77174168031868,200.99466675040551,229.62870635745128,229.5224280939643,252.9435187129729,262.78109889118963,288.6175715534713,275.6067114959897,269.8307195539964,249.4150928251375,229.1362945700327,211.64500862799304,196.559077933459,164.17255347424543,18.00870161566036,160.6572924536855,147.0048203793399,172.11636295605163,172.35060122148636,204.96667366057827,199.55393434277863,182.37030504336752,196.72170623306067,175.35738931599,166.913583711274,141.03002434808585,122.04203346811639,105.05671526396172,89.72291801632856,75.17192132831696,79.39481376431588,87.25325882353323,102.61102346846525,105.43422465141104,127.85223706244284,147.9835782794892,157.5858238027933,177.96443818701064,180.02225615662687,170.72710009998704,164.88761123107852,0.0,0.0,0.0,0.0,0.0
2025-06-01 18:44:21.792,0,0.0,0.0,0.0,0.0,0.0,0.0,65.39733809590268,67.06409182739208,165.25342966903585,273.220041831903,376.3383514737019,467.76295571445525,550.9398970662888,621.5285118264592,660.4116553974524,694.3901375028227,702.1358612228149,690.2427996459219,652.6253893095383,590.7259370031906,516.4047035191373,425.81002332927363,310.00501764186953,197.133553355345,137.6356767627562,205.15775766162287,330.77368238441824,464.6213587115335,582.6265665826529,682.7582797313128,783.8275618663479,830.7497201462224,8.093679912162031,879.605867317383,860.4040337605583,796.4598743577486,715.6862147708129,619.0348811298588,525.1430112783206,421.7942220745015,351.5829000489407,332.4254780994125,389.96907071687895,537.9562418436433,669.2088608163256,801.8794639863092,886.2447487796574,988.9992265196478,1004.0271802660654,1087.3880553180554,1034.9665271635088,1009.9718984349302,891.0563299268308,819.882862694451,709.4748170146715,615.6905180524512,532.1622294807742,522.5668174858846,579.1172528972697,3.720953928529025,10.756876503307495,18.689698113157245,18.813873846117705,14.262787740765834,14.179720890371305,9.79677669742343,1.3310344827585823,13.947102429849423,6.523150030913202,18.614239259621314,717.0679774882013,581.1270810133733,458.1074658323057,337.3457655391446,345.6120124621981,412.00868429873503,558.420123131949,690.9463029977913,823.0964063738021,960.2075827107712,1085.7529373147047,1180.382945627409,1232.1707708530869,1249.0736092980987,1253.792206730509,1226.5480648461448,1130.2465210548608,1044.2159510447625,913.3611931432159,777.6034889904415,659.3283639496672,768.838083105971,735.8723619777264,821.0749404408331,931.8443002301851,1090.6731743297473,13.148346313908982,1352.7191340401962,1467.4960030917077,1494.5286181143458,1520.2509781344102,1462.0513073957532,1416.101436649621,1282.6413848025927,1213.3418112209106,1077.9282374513075,942.0350372695087,822.4284881683251,704.9473876938126,688.9901346057081,693.9750370225722,764.369746970187,869.742460547729,979.6305400726033,1051.3249098641902,1138.7096349744836,1189.7364325113256,1202.5712403925602,1203.8009537347436,1176.135435478484,1112.7386490151946,1031.8091057053855,954.6908595351429,5.018254226312094,7.718459365813301,3.1989623731583565,2.653505928819526,0.0,0.0,0.0,128.0,5.855922125255626,9.067030969403685,9.507537595896897,985.2400594792717,967.507204798344,958.7278191788276,896.9993465988958,805.1430093176488,698.9240556010333,629.3538762798798,567.234379931201,513.8894207895594,490.8545711212123,500.95019206479816,554.1820572530005,586.9125922940408,649.4517146026835,690.2499440656987,739.0133531679666,755.9707206739375,771.2864032949057,737.4867850049291,700.0227303749398,681.9148982044313,635.332935904673,595.6424215537402,528.7950074593441,477.1527175579464,450.0661744256866,15.394837603922895,455.97497113322447,472.4944003708462,488.9081322108091,532.547295896366,532.2790316382298,452.484836560313,427.8795398941022,448.3835678661976,433.70630137120725,412.58667208513907,394.6954729310905,344.623810606522,334.35718387182044,296.7830017599747,305.67298733231075,312.0071560583277,342.80945327279863,373.27671760750263,397.5252219350627,405.7072339556305,412.0663844384359,423.19081521680744,430.543222564788,395.5193148336846,361.756400689512,334.67792881862647,14.097390924558916,5.227667090481081,7.822882427827157,8.265612727668117,8.196844294991273,7.825471919560863,11.415156623719867,12.096564609129095,5.109618371338202,20.5606466750746,16.204149008117778,317.88158619576217,303.595641388932,312.42081008730526,306.23278400599054,288.1322326660348,243.24052637751032,230.92626416621698,207.76005089538347,181.43872359463472,181.88774154277888,119.64330954738442,141.4946990335823,184.35925555274264,193.614216743827,240.4408134741583,242.64443519527597,248.5702928483168,273.6360511927079,266.06227521114124,254.31837405042398,255.50954444208853,227.2333630340779,185.8652322395336,164.81219439900775,159.80149208598982,133.7635478583561,10.852885751248051,142.98490970555966,152.29867247390658,164.65888821181673,178.26454770586145,183.09357603306023,197.17492623323875,178.44579106665293,182.44390424871966,163.78238203597516,149.77777108542256,118.97589691200551,106.46638858356847,84.78699942297865,71.43739872387532,55.51909788613008,58.34680548400556,85.65812860910638,83.36938978616367,103.9732875510272,121.81017948455089,148.64947287052198,163.64937403958552,169.8455337141613,172.9747947082698,161.72071874002543,155.25475705023175,0.0,0.0,0.0,0.0,0.0
2025-06-01 18:44:21.795,0,0.0,0.0,0.0,0.0,0.0,0.0,47.459294715292685,144.32097387620814,250.12715479779817,349.4598335716936,441.01760566438963,524.6032905776419,582.6097659376449,644.5591913178177,678.4238284355881,689.4570606015124,675.5586911804129,650.7115831327255,605.5192497658064,538.4552603201299,454.18237696750913,343.20833098550713,248.32096734398155,147.19229333770846,179.55216327360858,276.7330019748023,410.022055202906,537.8972094243366,648.5768123066306,736.9794248095545,821.4176276174766,848.5693699431278,12.893509864874435,867.3975392697209,835.3505684402248,750.2840208124298,665.8112642633253,566.8196137758097,460.5492718948726,369.48880033042855,326.57536128775644,337.80627741353027,436.9841192747149,581.8287942889427,706.8192794262542,839.021041404125,916.7604110649777,998.6115068356808,1035.2246072187281,1027.6060763205974,1019.6598838265364,963.839938234964,900.5538043075013,767.4922307363466,677.8452055243681,570.0048819773988,500.8168571849372,517.1386447336236,588.4043530928656,20.10283137583155,7.2114942528735355,4.95860062343303,3.134882391145524,5.907511870244326,3.5984135274834994,11.566041588031823,12.182010049757936,4.947019233431023,5.877335335916659,12.40834691318677,679.7308111078255,562.1473873163095,455.94772273468993,369.50213328525143,368.70808323904726,424.07647960476004,566.8091836558168,705.0771813575445,854.0066327916938,965.1339471287778,1071.8642352844824,1180.9067264500068,1212.9972739833042,1265.355428349364,1244.8496304021048,1218.975518947361,1130.3337256447385,1030.0471637141584,908.9955250630379,770.2118878993123,683.4223417793052,780.4423964297259,766.9302449897315,833.9332663758464,975.3346724587833,1112.1823788953627,22.77969284918808,1372.1267178530707,1464.5113138913312,1502.9471237054388,1529.9479632335604,1479.3178103052778,1404.8404932176834,1310.2169254636462,1225.0864013085109,1085.989011988802,948.3088544762704,834.3091537963599,735.4440741762933,699.0703810505433,714.9664118412032,777.6778169876559,861.4535125868995,957.7356157172773,1049.323527240701,1124.0805482216172,1196.6998307883416,1200.623814872669,1225.3277109388328,1188.6889730915289,1114.9628596063303,1053.1444469951914,959.6795243880151,18.364428498216803,1.720715738779405,5.689849578988838,18.410278677709584,0.0,0.0,0.0,128.0,7.935075494338699,10.15764056376496,17.41857483641226,983.7824198628499,1016.6189269403391,954.4395191424595,888.182533168991,842.4262735827187,741.1323540093875,660.5295603015496,593.5490859571152,538.873006849385,466.04986478196736,451.7108937324426,527.507643100279,634.0296604589258,660.2690892303838,676.2016198130135,762.8474845324002,794.7658369539506,780.1845156218424,764.897962983924,707.8652121548976,710.7019662136503,666.7177798379237,630.99653988675,524.2391035025564,497.87671805672625,526.5329536796644,26.21941527270974,470.7499390210117,491.05838860369164,548.0822720301722,561.7632739783808,536.1871439091572,449.60555442054624,434.86256015648104,457.8426430496632,443.2908028271091,389.109303165823,369.0357282032844,338.4291129376966,311.1414696773668,286.64642788259545,280.5231514321456,278.186437364746,325.99372684956217,361.87996274943595,363.0899057802893,402.2427476199501,393.05188191191155,422.0228789929564,405.70866490463067,396.1086038224785,383.69918777836307,335.05782251348586,15.931336943910239,19.1789864987702,2.491711646902999,8.084624514727558,9.91991142898274,6.426160116683106,6.990199300004476,10.741062717834254,5.0,14.518497895087183,10.571571583305678,312.215392253569,297.70769985841844,316.43890278102157,313.66069621949225,309.4492717134389,277.9265096226916,246.29018591454832,244.5401303850345,187.29352339560515,206.31768004199677,177.21991107225662,149.5271372461828,194.0689288120669,207.18942933181663,261.4656537414672,227.7082801276775,242.85351124600828,267.65341452874634,279.8244404961272,258.4750332826448,258.2737028677751,241.3079102062057,210.88025871588565,184.84041021984333,181.45472638606378,147.56935328973634,14.099993507345143,141.39771051124671,159.63947710106586,163.89313426516355,186.87504361645102,199.08430568982442,200.63734982253186,188.9834022712006,196.76971772040255,175.3350666651233,166.37256709347412,140.16051244770313,124.95606594828547,102.10153086137565,79.09594412922507,54.585058329326635,46.26870580117525,78.61784965564553,85.62321929848177,113.50559322275836,125.89179971121975,140.00297138519923,174.4588487282862,170.75158903017854,181.75151429068242,178.03790916551506,167.27623354284307,0.0,0.0,0.0,0.0,0.0
2025-06-01 18:44:21.799,0,0.0,0.0,0.0,0.0,0.0,0.0,162.3665503703877,83.68848634407259,89.6013483488556,184.74610646266194,280.3609864590644,390.9020107879554,487.0815323566069,552.7380579746956,631.9381410306032,672.7892338833955,694.9762283194609,703.7228795520816,681.1560773764164,658.3712359246069,586.530885044155,506.31796248310366,403.79322479627615,277.82042981518305,199.6495335478628,163.08994014873377,245.39474035416188,366.8239874715679,481.2794372867235,611.0387617304926,717.3182801304539,797.1703497846077,10.121210582427658,887.5064300372187,871.4705432135279,847.496870784834,783.4750949082015,714.2390276077075,624.6647991776139,501.72765217309245,413.19440268095036,310.6311370512019,346.8005593430529,451.0326359449571,566.7822635663165,695.0956009866335,829.0848987089437,929.7834489953714,988.2508175571849,1041.6907715580305,1050.2231647569226,992.7731095665139,932.0526997041777,841.4121822626996,747.3835371467566,667.290465757251,587.354625263676,503.6522053399127,546.7664565999653,2.6679697720773845,8.217562716724169,11.234428995235692,4.196512578852179,15.571705002136024,16.706871736824706,5.52945765730818,6.848388864507765,10.670802840842745,10.8811713079275,14.264537820442422,760.1285009432187,643.172628132065,531.7125695837847,426.97737231486275,357.8075106288512,361.92739150222934,467.0561688411479,577.49501292686,730.8720416341821,859.7297669241075,993.2305970015174,1104.8897411454761,1163.3463276628065,1210.6374092599553,1214.2665942381664,1226.5443142557378,1165.6211930818667,1078.4622773532628,977.080325567537,849.1021033348583,734.9411860583208,797.5599935322064,746.5639462371213,792.0437158379426,883.4529864736264,1029.7495849947245,5.798039985357946,1286.0738753443704,1386.1349663156766,1450.6120866736512,1495.9084881414385,1465.6272220862652,1433.7518728907914,1330.028637482916,1247.5510598848673,1125.9484234290105,980.4860628334754,869.4136923058013,761.9899759764279,713.6941876092422,700.8742462390239,734.5665498633163,819.3098695312166,910.7248560593438,1022.9485684024983,1092.5240969196298,1146.9514588281988,1181.1926793865507,1155.2746304288517,1151.3962569906437,1088.7150173118516,1019.43866262663,926.4793978896023,12.797521273636002,1.0095221508591499,9.952888868792733,4.8133100230645365,0.0,0.0,0.0,128.0,6.128268167493621,2.419101794733912,10.181345834942457,964.588802243169,933.9819900703856,894.2875121866166,837.4925591266751,772.5451468902165,664.4623883777072,628.506697892372,555.9162171178158,516.3799347651617,492.8158540070774,532.158371684313,585.8300537847364,615.3303239707869,679.6908640912027,707.3148269857692,753.5370330956681,768.5590644580689,748.6335984679828,728.3031574250898,683.9251146991568,641.7741334880743,587.6685435351766,540.7025899296101,488.6509389537646,422.8027171567712,431.88009356784164,18.63204815172164,461.699877344057,472.1355548515717,487.424864109121,514.729158707145,529.6007137778162,424.13373347944525,388.01008036480107,391.20326096170413,374.6895670361269,340.21082495522086,323.0912911948368,276.51731519783533,271.09153906544793,252.09263272019405,262.62200068169204,285.81564451720584,303.79083518721535,356.5449744732412,377.7188235862367,386.9389973148007,394.5645742294234,382.7889101899489,387.46288016163487,370.3919390848848,347.6694412580147,287.64019427875087,17.981858978804123,16.09195402298849,13.195749194899644,11.579153305980453,7.138399586305337,6.088320985241633,5.4155794996716216,4.272692756355955,9.383687394746419,16.078943545496735,19.204569475458854,291.6575519557061,302.2466269576473,306.63430836565107,317.20305177615097,272.97755136221264,255.03079486014872,239.03405049064673,184.92315987909626,199.19124964479218,189.52986215138313,163.33479468379826,154.91341966515742,201.61346269825188,190.99144341756954,271.61083596808373,256.31354076741223,255.33210844317858,277.48047338351137,275.88532959653526,268.5825499380413,239.01463196534155,226.52165898011813,184.27494095142129,179.39452121717946,156.1689655637723,159.7507230833889,5.214202783063785,175.9606777571319,188.35688139180868,213.9543928886876,216.3200270292548,229.23812064174788,236.10295619092244,218.98090982266064,205.09771745677006,182.24116961843743,171.6466510695649,135.4807560799008,108.74493099802831,84.58605567746088,68.29595049971763,62.58221429047767,89.39869269797094,119.95247184157259,139.35733606458842,149.47263228486239,178.40601918272498,192.55856829936093,196.5245983585146,205.1942767883026,199.59264377905416,181.40679866941002,159.72526107485334,0.0,0.0,0.0,0.0,0.0
2025-06-01 18:44:21.800,0,0.0,0.0,0.0,0.0,0.0,0.0,77.32376417196235,76.82939820094848,177.97966639088654,274.696621263779,369.3343200057435,453.2235232923466,533.2297639924581,591.7785682450033,635.3412040540043,665.1384940842098,666.3359941680332,646.5870785282442,616.1650556412689,550.0249145132681,476.9798857094724,394.24234855145903,273.6902771068832,206.1205846688517,135.2941708915217,191.1101410746091,309.90530589635324,433.8701489700821,560.9410651614289,649.613974419053,746.1326229406848,788.2132990413484,4.110091572872017,828.330905274094,824.2319944307878,765.4009802789606,697.4560223750859,603.649101688659,522.151781925824,409.6503831667151,338.52604209946116,312.13971376641206,366.41206159398985,521.0152344807786,647.0555610757312,764.5777888859709,845.6411590010543,948.4624480890682,993.437729760591,1026.4123599339591,1000.0027782156536,961.2856889565508,900.378027703178,787.1128223222715,688.7151240494043,582.315420005104,496.51240550410165,491.97299351960413,531.0575957977915,7.066461304455594,12.221116067096068,4.495157428936875,15.080904758390112,3.1840864716178214,2.311356794468539,10.776773547347979,16.4877257148732,13.36749853710451,7.651569487719102,21.350421515283283,693.3334627478307,573.5126149742772,448.8613825531847,373.9829014902878,339.2428082320804,376.01858074366754,488.1669151856789,647.6944775103125,754.6861394741435,900.5461708713333,1003.6885697405693,1095.2280849510284,1143.046508140351,1194.347913494396,1189.5175332328786,1177.0405445812387,1091.2706565106034,1030.0040571123131,901.8347687847266,797.122148575169,681.6896921196736,775.7604420772046,750.4930882503947,802.0039637567007,900.6001449516106,1055.0512054706141,6.3093729086490375,1272.245285300206,1381.3348000855985,1417.7970676091822,1465.8245597758066,1400.8236656050967,1355.9169386067028,1265.3026628409812,1177.135965931626,1058.8305250781698,946.6694453190125,819.7040742724342,726.9286807933779,691.3559865435151,686.4353954488683,765.3645848921847,814.6782364003635,915.0712026888943,991.5556176590534,1059.5138714020693,1112.2017143982134,1130.0076034273761,1112.3988409643569,1100.867486967398,1036.1733061228774,970.2798431666929,881.4526455249802,12.736941004711376,1.0206896551724185,3.2094343659603326,3.1840864716178214,0.0,0.0,0.0,128.0,7.215234600065763,7.958620689655163,13.56935189770967,930.7546465595113,907.1668328576642,865.6558178398699,814.1405977016208,747.5770051399099,645.2300226623194,604.3205453113097,533.3346960832672,493.4399381918703,475.95224545130253,497.221684785076,554.2245116640977,591.1018874501708,657.687870124297,692.5619638707312,730.8269367883956,723.5636271982647,731.9546687239299,706.5454770747425,668.3056508397302,618.3410927956674,581.2340337093132,536.2028741524447,487.76623126550356,436.93949642533926,440.03213710407493,7.375385152869839,436.4344535006863,466.3977572958918,477.1246478469437,524.947019801821,512.4634918484974,421.6169390812875,386.4304610010673,382.2858827001713,361.78327334316066,336.29748897866847,284.9531819077419,264.7274798190335,240.54605745230947,225.14624362702824,255.10964987294642,269.1048196270506,303.53143764722796,340.77547818219114,348.59074865201796,394.97976917688936,386.2399954014005,400.2585208935233,390.8382000239066,374.57383456740473,350.37116204882597,296.7417942833995,8.075621487965458,10.055163746674484,5.108013339274442,7.637848145315831,9.534518404548953,4.986206896551721,7.029198378680187,2.305952452667759,16.222154645425203,6.110121930924588,16.50911841703952,295.6369516661714,289.7102019099716,310.06507466775247,297.6765965450833,306.3183612232719,267.740029454696,253.96862529835127,227.1111857625158,210.95831632888004,174.9407798720159,158.6887472961119,180.27060424380363,195.9947218870786,197.71207014173916,242.2138307077578,263.44626908070774,262.39966254834064,280.8861724327269,271.9236304655913,266.76184771678896,241.55780106774048,241.81964088521462,213.95948035479617,165.0210784259399,157.00550933730545,133.2012566442113,10.73121713081606,152.53054240910285,180.7196116316108,194.22859102336804,218.49390840279742,214.208085354261,218.38693985374658,215.49929083410856,210.49135567156833,199.18528111905417,175.54906353881924,135.71244222188776,123.12405541558014,100.62412816842074,75.46121122510387,59.888814878192335,69.16100260988644,90.03158493474024,115.1234522222981,147.96348959631013,156.21829768512083,170.64633361407962,190.93638090374859,193.31988430084533,202.41213370433007,166.68023654325032,171.90962923303752,0.0,0.0,0.0,0.0,0.0
2025-06-01 18:44:21.804,0,0.0,0.0,0.0,0.0,0.0,0.0,57.42831337530261,84.81900365926768,165.59486951498937,273.78498703133914,358.2379941047178,454.2644018624919,541.5148388019603,584.1356442216521,614.3890871392738,651.4400560294193,659.5787639210698,633.326536839209,605.88898876811,544.9980192442094,470.9407220007393,379.2426944138109,275.2620643098009,179.68127186026516,131.79035831428786,205.80152799089385,315.0253608937993,435.1312608065986,552.4806495501881,662.1623879592901,723.9424456968962,782.3368464570412,2.3377298449940476,820.4192282104354,797.4539494640704,757.5368299614706,685.6634907239687,608.0498841578327,509.57018725322604,391.9751714650559,356.9862764674997,305.0788704884634,362.8709211715233,496.498747649176,612.7529953891155,742.6892305563982,835.1228573619993,952.2222363735449,970.706756680763,982.0756184629818,977.8879240944082,927.4480684071272,834.4573268588763,769.7522441174798,656.2095205173325,559.6950343341598,503.2412777729912,476.9103726698445,507.16585268431817,6.484014390246079,13.923806542345334,7.835078428029206,7.67476239695095,6.38847081193995,12.816286339098202,11.641998304808101,15.578760978714575,6.38847081193995,12.835498020939065,4.147126436781605,674.437939735954,561.5407691643613,462.3329438733225,362.0892504173989,327.3448884464591,353.36028209224673,461.8097003364164,603.7834204945691,724.0496505892464,854.1563506409661,982.8875946746482,1051.2545627892994,1134.7834580456856,1164.432415982939,1163.9803492325618,1154.214471730582,1103.4763368438826,1007.2199356607936,913.8591067780926,776.8640661075115,706.7213868074037,763.1682384917531,751.9327773213312,790.4716525565336,886.7848139654436,1018.1200046990622,4.726146688718903,1261.0569119703023,1357.6397428613939,1409.4758554081036,1423.7955556873017,1426.6689249595688,1393.4032092118728,1304.102492458424,1191.2434792033307,1083.6058976126114,961.5008546254161,862.6684880837887,764.1622752960378,724.1410802708691,716.4484035044468,782.1829819086659,838.6594898017314,917.0993614976691,999.6183334078094,1080.924123198438,1105.3411236279321,1097.8654154576627,1130.8788120266804,1082.0740318073763,1056.7663684259162,979.7277597161903,894.1551918695749,13.766152896717287,4.1919832444061695,9.981124891236972,6.29999620048961,0.0,0.0,0.0,128.0,7.885232963295689,2.1409085754425816,9.094860706335933,931.7851175149174,918.8777142474884,896.8723918848565,833.7511848503163,770.2558049054664,637.9656707062578,579.98759652825,522.5085260836679,479.75654119134805,476.8169434034249,496.1370008205611,525.1898842624985,590.8967760804202,631.5446418372073,668.889295527595,705.1195365622548,699.4090123528075,710.4798175463698,712.7378811595776,615.4616574710627,634.2294324627311,576.8245011643432,513.829737367758,490.9765852180094,452.70731798779065,409.17985436898704,20.872063046046932,425.81358067757355,440.02085049181636,452.6689219257938,461.26049308248895,499.59933276148763,403.1936756001442,376.31980535014185,367.0734878300395,350.36187690198597,330.9585003973195,287.3482859319815,248.14599945456902,240.02810606629853,217.28415877210315,230.19714567883602,248.05910551087845,285.0915324136545,298.5706565929322,326.6698014629908,337.1547660438032,354.04406473571447,361.9537121739452,355.31370879631214,339.48282783309264,319.27819249785034,270.1600844413358,9.764801885994085,10.633271686381063,6.612040898992814,10.715342706278191,15.908301049685,3.0877301998026456,1.2433387809053318,12.731037757195832,7.949622980545042,10.159798533830198,10.489082015657807,264.0297166142454,270.0394927680923,261.4205413566623,266.38291167436313,271.79264496195276,244.30871379266446,226.90641052288095,214.75695119604532,190.96386983551497,157.15961445074967,156.18247268286046,159.2836102104708,164.49793529980104,192.5799450700791,216.66914997887332,229.1416356202528,228.79907078246222,246.68994713032257,248.32541292911316,231.52279468371705,235.9378131833503,204.99022514488158,181.91291589773314,160.53737740314264,131.00522837316242,129.4927156879673,5.406315312525407,140.98890146926684,155.79470152196822,181.5592487976026,193.05350993096314,206.0516376745172,201.63592332719784,200.62771704454474,207.95402830310695,189.60601180827783,172.065451560098,140.88821750277413,117.470946318874,97.38184933869181,58.136380935938476,66.30721339254279,74.8614462879878,82.79950220423736,116.93433431949033,142.23269931175415,153.1935020131586,168.40451153642007,174.5519475078887,185.90961716873593,180.22693248673306,167.67973459067088,164.66845041771913,0.0,0.0,0.0,0.0,0.0
2025-06-01 18:44:21.805,0,0.0,0.0,0.0,0.0,0.0,0.0,73.4511954624832,150.43397443869884,254.38530058485225,342.31163849163846,434.0099038256339,499.0963955203109,554.2961915851705,607.6566498268041,635.9920323103618,657.0609788418137,639.0780003720513,607.5244819894014,561.9410678120806,490.72156818389544,397.67352851493206,302.8444677876717,209.01209785583222,142.71858862763378,171.99770241409382,262.6671919514327,389.7175109772654,508.33353240055607,607.7603119988564,683.7926983503482,762.8477185100701,799.0751035729766,5.472203064906278,810.3252247335776,772.3944147246573,717.7460688588798,627.8068822047901,534.7557705841388,443.8434258111353,356.24294102035395,315.2651967156618,332.10984990446156,386.08144970626336,546.35329941586,669.2803485716713,759.6485553681736,920.4193550882972,963.7345054952947,1026.88878448947,1005.0762714575271,950.732332814625,944.6955854035976,836.0478537242369,763.7779478533625,633.0941410919805,537.2920266744457,484.15046333427586,502.9635375722706,574.8693045965802,8.724857349833815,3.885864502160151,8.534232246442189,9.201192954139975,8.472285258648748,4.0314757303333035,9.57370341836429,9.335117618533337,8.834566078704501,13.244453224902124,8.450988204015534,662.7001712203836,538.8000081181285,447.4942702355937,364.3202639613773,353.44759798948735,415.16374196628016,520.2190110124767,659.7610266819937,784.0230962864651,914.2719812547278,1002.5066573946168,1077.594908322946,1144.048559012446,1173.9924469646596,1154.9916875925996,1138.9846008853285,1056.4973396053958,985.6538547199738,873.1703002471593,748.162923715787,671.3287714516082,760.4554393245777,751.5449442253812,805.3485235903172,918.0902587127434,1038.405928877184,20.044826084437588,1271.2618385993767,1344.4773928507864,1367.0850145971376,1401.3447811993378,1372.4306668107483,1331.4819620749875,1213.1974533441178,1146.2494161185398,1046.3010670448962,919.9099427341706,800.838372212706,737.8209392884409,699.2079718855764,696.4420604250529,756.5898902272376,804.3940860098231,893.236192736236,962.5891760568571,1036.8231973506272,1063.7431964238447,1049.8019051240274,1101.3803260130646,1059.4774839801357,1005.7295595107381,924.6590869678187,848.2921663098308,6.708203932499369,9.154655576889054,9.575487703564255,6.033977866125184,0.0,0.0,0.0,128.0,10.26723498144948,6.527476474928888,13.3083783224206,907.1943145405025,879.9197422774688,873.5952133644944,800.4108232210625,732.6857529339583,645.1496687952208,575.9508990782427,525.6969481544372,487.8517981177147,472.61748044368517,483.06409554531757,513.4385933271416,585.8178942713301,609.3754984780238,663.9415688642235,683.9997321832217,691.672967597182,693.5233284540167,690.7467203880663,626.269019692523,632.5313727077586,577.7524574813868,534.4563942760383,492.18709381002446,461.08212061465053,429.2838125595952,14.452713641170531,438.62583997462707,464.2378113812607,476.25161797311387,482.9035083770486,490.4727500229312,413.24910709834637,364.69732211650046,372.3675769840969,352.76958487098983,327.0100435652999,315.03503971434327,265.93204179624195,246.8992821777294,223.89276446550903,221.93902669128164,249.70752796656677,280.80251367316816,276.3264750722419,304.96673445097827,330.046315819027,346.7276545570812,362.03791306849024,358.23260249133284,342.22077353302706,306.986947517019,292.0149411291251,3.9026650403196097,6.18757776102219,12.083045973594572,8.270129890911898,3.9794537341968863,6.111408526398809,7.348424983837263,21.327055432972095,5.216414083415676,12.877854210560598,17.61206197870552,257.8394051850824,281.74056873481317,298.6599103708194,294.2585560076723,268.78478039977125,253.84806984069246,237.6317849099769,196.65505164362852,174.903993919366,172.65487850152854,170.49630110699093,148.40993813764823,176.5889530701337,208.788581843867,235.38638876280302,232.0443826146261,256.0350875806557,264.8017320907995,266.22118046238364,236.56541096536193,243.99253108259026,209.165293161269,182.30971601611245,157.07681034592136,147.86093759304225,108.82740603477943,13.12631602695665,139.30864664563353,153.07486971183306,162.32365959521306,200.9119059343098,201.6835830968849,218.5603225793933,203.33452714651045,205.08819593177645,184.9499209085684,170.04974324678423,150.44798576073524,126.74103535110173,99.92781719687262,66.99418795765725,52.97991893547224,52.445316780476674,65.34207990272195,89.53237394248971,127.47355748257435,142.47494934418626,160.83297086711133,171.52339809883347,189.68735048058417,179.35104550102173,178.68571926559608,162.9436044771055,0.0,0.0,0.0,0.0,0.0
2025-06-01 18:44:21.811,0,0.0,0.0,0.0,0.0,0.0,0.0,88.2553162284865,117.4005799181004,203.34041152831918,294.2537125002143,387.9955258932745,470.50476528426,550.4085747469933,598.5785330398571,651.4686044264247,679.1896757703489,673.2493904352823,653.8463550164564,608.020369409371,545.5292199274893,480.1751491787224,395.65230912599924,298.04005289754195,204.77963457739503,174.5220347078992,234.94861732699556,332.2753162865311,460.3312056317261,553.4238566493211,649.9803808969474,724.4231728931965,773.1996733960036,11.221730412298308,828.0152106060008,805.1580855752371,759.5752316836728,698.8377524051557,624.3128065397203,530.7771076433173,445.6564056760181,371.15779963172537,358.1646877935807,404.8756671098172,540.7824804570108,642.8476160982585,700.039870287259,841.1730578531917,885.9750610782164,959.9649872644292,930.8996983012763,983.3683074152071,916.6412144573902,867.276074700564,797.5476405432902,716.2276168208847,606.6216632754008,548.1009879449597,564.2216090238402,595.2680826170126,11.276895014557747,7.5389152244398225,10.194105067082416,8.991554179715047,13.332731696935213,4.438436474921327,4.639839392907872,6.862980358814237,18.77630121140129,8.976642138783493,13.8220125578661,668.1666371821752,552.9042256929683,456.68526136823493,396.88688317958196,386.6333305043694,452.47133290083406,554.3420692094103,671.9764691103443,789.5164156713026,921.4387789682303,1026.7426000973894,1094.9809984136298,1144.6473318933465,1159.3050249879936,1139.083801899685,1122.4508290802582,1046.6815800468787,952.0689990904722,843.0313618615817,717.0161887536195,637.8178868315912,720.797963943875,736.8404374614315,804.8766410505069,924.5384173562262,1048.4868623642274,13.409191222155888,1260.9543818034483,1355.9624353716642,1371.784347855793,1397.9805612869193,1347.0755983732827,1295.0942357524423,1171.5673184466857,1083.9575602850398,942.2293369221078,840.6009255726442,730.6292662728126,673.5440935353001,664.4871761589452,700.1963718763677,780.7898068736819,850.8190945465058,947.917682705757,1013.9993095770499,1057.4635831942123,1088.251260103109,1049.3827293386444,1059.0755582283446,1019.0358401290603,946.4122406006061,849.360639264211,750.1993618082304,7.186492194572973,8.029335682150545,11.39078907487383,11.351459393910883,0.0,0.0,0.0,128.0,15.594024630569034,15.617939544399038,17.31282628288591,844.4567833341791,801.333861618831,751.4422097352891,663.8469786306389,591.060928050352,491.6447678084976,413.13638322370986,375.581568746969,373.207641108924,403.4139274394697,453.57524004430604,508.90822277581753,563.9443647486138,587.6580634219823,623.1045558049856,639.7812727135615,621.4974946065686,596.3572829661845,557.576650367014,502.19495437060635,448.1593114381415,388.3210320639414,338.42058638400164,299.71013423533014,300.86411854520287,286.2620391915382,6.5882216475726665,343.46677495043195,394.13647310726265,420.83763253146105,431.60754047781234,437.67011876704845,352.3994017051516,324.12531168393815,327.36516563952847,280.12026278883945,265.4996079333185,221.56962964279464,177.98181623383334,139.09073916761707,134.55278447237467,135.7554166893526,188.72719703971984,233.39256036651744,262.1028981718762,286.30431988920526,327.5768590886058,324.41723864375916,357.1104836918664,358.9389896569732,323.85140053698376,307.1009974983134,263.58028007535705,8.06225774829855,11.085497045813524,11.779991926075036,11.094919636111593,16.977692480488386,15.189831021303945,4.0879984194784456,8.277623814455234,8.313610211391826,9.700338630815505,10.493949819795455,265.5855632979853,278.55067682324136,303.03939410596564,306.15516108039697,296.0151515767442,269.1941755131488,234.10974048089463,223.22923730320613,193.93328649755935,159.1094266538645,141.9971268783232,150.89427862855396,175.19990815293954,195.5529244067143,229.14438880086848,226.03415021944818,245.8219237548847,281.745055989574,278.9978118894303,254.51499082451383,245.17462258406235,208.029281242224,176.25101006240396,140.63172276641976,120.56992297573277,102.72924760409194,8.211384578116542,121.53313461221461,143.18287370926544,158.23260040362265,171.06202973274446,185.62839035356583,175.22454118553378,174.20038949293232,167.64190565787032,154.25576033642838,133.61777285589957,108.2358828340468,81.403045094542,63.9033809650138,37.05270718699083,14.616249076676825,33.29077395119897,38.86622774663233,56.31656901394876,95.6383168844783,114.50380112439139,130.12449490385205,152.29294408650955,170.50522860427725,173.96471450886298,169.40720308103164,168.78464541383244,0.0,0.0,0.0,0.0,0.0
2025-06-01 18:44:21.817,0,0.0,0.0,0.0,0.0,0.0,0.0,198.62877186052623,109.38936026133152,44.25689866037531,117.94174001736664,217.75716410033738,319.96548117513197,404.886108515934,483.3444787875903,552.3713229709582,607.4187485751843,640.9782162507921,667.2754235906289,653.2771612381516,621.8178659602378,585.2035474020464,515.8365338109479,430.6548897189983,335.52852349858017,229.14848260472368,153.82755623706296,162.8184195964841,264.9808826547546,377.7262512806674,501.1499640419488,606.3707599651144,677.4593381070065,3.6564925069346432,790.4195526340791,808.5905950165767,792.1122795904768,748.5013190242363,694.3108334158237,620.1202609033857,526.6695789220885,444.18210716118597,372.6981966107381,355.1276260340498,439.21714818479546,526.0256559337946,610.8827751190188,748.1778002640262,858.5628005242809,884.398329081614,957.5845104738038,961.0083304656765,958.8259505532817,907.7971645419788,831.8696102493412,758.6601478581383,699.9452252984904,577.7050323267467,551.6944998185937,553.5663768427557,17.855091382706693,5.04869899860321,17.670964484214256,8.598796142626611,4.73703713546611,5.481411307671692,13.875144745969163,3.7151194533362975,9.538977951354486,14.611903671122942,5.669562431618997,733.895908099985,610.8358717182801,521.8937803732108,408.48051032985404,369.2254732521811,362.2279345548538,462.1734537505355,595.3260139163151,719.6500887371302,856.0960087215255,961.4351743723631,1059.9101587423554,1119.3437457149546,1167.3658153106137,1150.81114988799,1151.1283016157145,1074.2075692952135,988.9657137575813,867.8882949696449,767.8419016404487,657.8300567399288,719.3551139611553,688.6889089920592,750.396821266532,871.1208516453853,991.7548308139134,13.129280581151717,1229.9978662944693,1318.28149543095,1331.2328623713122,1381.3168250655071,1317.3445123230777,1262.1187756868328,1164.7137921231388,1059.7324876611008,947.1608715772965,840.0769617643126,723.8452153884839,647.5611331725656,625.147954748673,672.4879577295654,750.9242701885098,827.9723935513946,934.4806606728843,991.8812795071551,1060.6393089981316,1078.4101927262045,1075.2449993210894,1049.2769939069603,1003.506456648287,932.6575616497012,829.3651110331723,725.0211768956876,11.907136363362918,6.51205323945203,16.057194131548837,10.869498940968016,0.0,0.0,0.0,128.0,10.870352720866554,9.763679383942701,18.87486530131791,854.585684197756,783.7721016915908,741.3871024256688,663.6038413343533,577.5327839642354,456.50474557003946,404.1773613929078,360.09575380646515,357.8712651384881,394.84830846879674,449.2640663537841,511.8212975380468,554.3665061021866,596.6175992688188,602.678897965927,633.6416896389768,605.324551983487,572.8134622020307,536.1431634921737,485.9781559414489,438.3138241007672,368.5307982272346,332.90979732219273,292.17169949276564,278.7991681118065,306.34204804836673,10.342511438814025,366.0142240560103,396.76075419198725,424.12804817458687,454.17484633430433,462.7199986689047,373.5753777156424,335.5787881000996,326.66014518024775,288.4748818051819,251.6882440698762,198.90735179299594,178.58804852179165,145.6273620992261,164.12464161459175,184.74018491244743,236.7919248991202,278.4920363474621,312.93425150425844,351.7068609716356,359.06174260463155,367.6821266436009,360.72701038328785,359.26611228589536,329.34768991688634,289.6482099949627,225.56115091744428,8.386933250698492,11.906010311160294,9.871628640425598,9.956797642293301,9.9813866339079,5.895557536891203,8.477588786893602,1.5544461250399546,8.096108194395851,2.401304663327948,10.290749941341934,280.32870056676956,270.6867690991633,276.21207868414376,258.11011357978504,233.49946466748057,192.89677080307555,197.98054896461468,156.07334271141153,119.85224104125663,122.54782810093623,107.17070572461846,146.63095035311446,188.62846840446554,243.56121428854613,255.0761535025475,240.8870126264221,255.7478118546368,257.7153534832587,221.20940272237115,220.0935808803212,194.3373147115824,159.73643288066344,133.59992397033537,90.28021241556074,79.27560857446291,91.2552789275037,5.774354650931763,136.9862809084452,171.9807113212084,183.10659004836648,191.60706301051667,177.15252905161756,177.5742076069281,157.7656289963866,155.18087743260205,128.40136355118622,99.73160327686666,76.01101413530856,45.19048127237821,15.390724072767888,11.877634044618405,25.631088284921365,37.879826395916446,70.58569229693242,86.35584203612832,107.65017814352501,119.72773132669826,134.2758363255434,156.7547687638577,162.9572920181962,161.18443419791566,144.31945027233687,144.8020543052023,0.0,0.0,0.0,0.0,0.0
2025-06-01 18:44:21.822,0,0.0,0.0,0.0,0.0,0.0,0.0,165.920015978373,100.86035543195078,60.4183972871638,146.77720256663605,248.1695006003346,345.7673600580675,436.7836673658039,511.73118013794544,575.9229659883936,621.1990799772607,640.6208523166432,647.0055258642057,631.3939889018233,615.4592291294019,554.5061843386072,489.2983276428415,411.25645147444993,304.1372270992461,216.475707766163,161.20950601636346,186.88711454780235,284.3551318710624,402.27956044827374,518.7009613645939,622.3405871846085,697.6173203508647,7.186618080267306,787.144814273036,790.8125706019513,779.3391574559184,739.5756431820139,682.001467635,594.7417111865694,495.4930755196856,421.3687368113517,367.1302333971353,346.55004785648424,426.56603363493093,494.5114374326827,609.0145083626763,745.9318838967705,813.5153907726502,908.8592715415216,961.6485634171767,965.9318166346012,929.200929989008,895.8037316221946,828.8543529711675,760.1046374678666,652.7218220575527,567.7296577338923,526.1803061438543,540.7352154137118,9.816515730882829,5.832408848970919,5.68543545984735,3.1833703027727576,3.518569632984593,14.105395931645786,9.770306061673306,4.436260832664272,3.4350876145974283,7.529970768279513,9.946505261210442,684.1089862502942,579.452637208642,480.9505499421205,366.74334434574615,341.9356294490417,331.5427116670628,438.3983117057211,557.2146637988227,686.1493203134852,821.7517219802832,952.6618611067307,1037.3424047943158,1086.7646039379051,1139.9034569065584,1139.438444715081,1123.79856660195,1052.8353072198022,978.0517158254355,860.0422700675076,726.4724244270441,627.1324963391287,676.0637877557178,646.8048726637612,719.3076766058275,828.4047249044124,979.0382186899417,12.440607460364976,1226.771188304679,1312.9419750564928,1356.8801274574662,1385.7926160911181,1335.9656886105365,1291.2397752114864,1176.2267614376344,1077.9215733318983,951.4705827724937,833.8466774970592,716.5047914122417,623.6676903148064,620.6145018963883,662.9977992385105,741.6977076212023,821.2220574302587,935.2097818953154,1015.6721072258881,1074.9449312474142,1104.1736433577516,1101.8936728425674,1077.3383852779957,1021.3768895681005,943.2908528199958,845.2631937720828,744.3021701980448,12.4261322500373,11.593551159593018,10.31689845443132,6.405026659056371,0.0,0.0,0.0,128.0,10.920803315135704,12.990339285525126,14.486707502999385,866.6936828399583,813.5189173864287,770.6307543338661,678.9850833100483,599.9296121768774,478.6964087100457,406.41670186252077,367.10644070417095,331.47649472287316,382.0904891814573,433.63351875592053,494.67423774686677,557.7076956174835,612.1466485159016,619.2867572342134,644.625525331746,614.4488794101621,616.5726353442844,569.3335868469474,519.2311265672553,462.8821141396206,406.9877352944167,353.9037081701091,307.6594861207804,287.08795647541723,304.6954628470496,16.54111712789304,362.4532274874718,411.16416690734576,427.4913135075195,470.8291466741195,461.7331715640778,380.72877813821043,344.8151557482516,344.6674241132655,311.2691447817974,259.19876879314137,227.77944336373406,181.012239487654,160.71168731757035,148.14038240394328,176.9436216929531,203.19480573598707,261.34763061457085,296.4826872860231,299.3213014645279,332.3303345510129,335.4526987512103,341.17110270044464,330.59799413229405,282.5706766378434,262.99467511961825,216.0720279534142,10.87015912044636,21.13872954565599,14.78272419811172,7.413927566976922,9.40746911428838,10.350523844389116,8.314105416221754,5.591984716386927,2.68360982682004,12.432390125544801,15.914856479395688,261.7201618171769,244.60714906218928,257.9233411929289,240.76543304478983,238.72432599606879,195.91946800565455,192.6562062484545,134.21167041468877,124.80440625099693,102.56264456488,76.99336657364682,127.80301605757191,155.77668803768555,191.55442571699388,217.12162901672062,210.79783780224562,244.88466684960198,241.70067727414892,217.67288181264135,224.4424498113649,195.0655548937636,159.15087210262368,118.64112032471037,97.11039094592435,95.43258982596986,99.79394732684206,10.555989887632407,133.31301845787485,144.179595435825,161.2828875966796,180.60364576541622,175.5451750980572,174.37917145883128,155.0760638652506,134.09736926353213,129.82512177539297,89.8408874341702,74.63333564494575,57.85316319815847,27.391571790017846,8.374717913607572,23.55512616108416,31.40660673760989,62.1829196724699,81.33935391542528,103.30059918145136,122.14269601822555,138.48173055527914,153.8719949209693,152.65411848598347,168.23960141662752,163.7629921543229,151.02620320307688,0.0,0.0,0.0,0.0,0.0
2025-06-01 18:44:21.823,0,0.0,0.0,0.0,0.0,0.0,0.0,66.27647702658876,100.01379992738015,169.2828867223104,270.9974201514497,352.8595942438448,437.17760658805736,514.4495580032254,565.0386421092013,609.86448170779,634.5259083221589,642.0376123529002,628.8327850620043,590.0152148319431,546.1481207520885,471.62332298886014,386.4380410990329,295.28913914845396,200.9459553373288,166.3926870207508,204.46766684195475,314.37496359401905,420.69194145287224,521.8944940226754,618.2487522827674,702.967703143265,757.8250086893006,6.619263640972911,811.5158911777654,788.6184145750029,747.9921818212831,682.6822055575051,609.2437908567227,510.7361244159878,420.93619916441617,366.9879745369441,346.60685663075174,379.4877134915788,529.3384995259158,629.1218651833746,755.1277028012698,804.4761965297328,891.5520473089213,979.1281952466144,987.773318720226,997.9653902762674,927.6339526577802,860.0979580185927,774.1987167682986,687.9434910033038,578.1903544878485,548.4700514831476,535.9428866595736,581.3522741979033,11.914012190536813,8.88223675839591,3.162453725655311,6.8156239400854535,9.054870124492831,8.72676894361766,6.3578509119377955,4.242640687119285,10.552805848099052,14.336729460457963,8.795492512408417,587.2175548063477,465.4343177833049,366.63897525768186,294.59748402025923,290.3855991910246,353.75639870510946,489.7235337698835,624.236191618786,742.8973803828806,888.2469124124219,971.3022439322348,1059.862211542579,1090.899262720635,1108.5193742155407,1105.538096103582,1067.968485536641,976.7599555681569,886.8301949679268,757.1763616752714,645.2276218453634,522.3380879295293,570.662610311967,591.8544028319274,685.4555613846768,830.8326092323274,982.2830414043701,15.209701688737901,1239.650632824452,1312.584974966898,1338.4614497138625,1349.2400559756175,1316.5303578989674,1240.7323820212257,1126.6216529484038,1020.038246921813,864.792954399512,750.5104073501843,629.3581593284645,547.0912531656875,546.8518653121776,597.4888814945062,695.0152286395627,796.3856178714991,907.4257689226862,980.1906227783767,1057.487255310198,1097.6363523126402,1106.8293613960968,1067.7648196979258,1019.2191916279423,938.8990640656888,838.8746149809035,729.4057966776903,6.266791789624522,21.13071584815295,7.052678312173549,12.140772358382065,0.0,0.0,0.0,128.0,2.750731181689444,18.32018111907279,10.037487594212648,910.4229824045708,859.8199419790868,817.4326104091125,741.8921735473571,654.0612616619761,544.0052443138999,461.6050901417617,413.62689092701925,379.9969017961437,415.94939302574494,473.68309394455514,541.5495964949508,588.9845571874902,645.7264096643418,676.4613246112464,693.4424839459735,675.1325724492178,667.7588589889443,624.7362125526467,571.7170044427896,504.08275151497685,442.77861523375043,396.50495533787,336.6078041786692,339.28136625669526,336.73992785139717,4.748982583341066,422.0619340949191,471.5969369313726,490.6079717234433,515.276926630786,527.2337796363945,417.3944239541042,384.04311817087074,376.9827960818343,346.59062633175586,285.0837655561384,250.34730698117744,202.93389040577097,173.07208963052187,162.61054453024263,169.7267082675338,201.96765226953255,250.76446895515878,278.8308653669867,314.81973611687357,330.720195465162,354.88599977697794,355.7876458463568,345.8730368187148,317.700943708959,301.68929506821195,266.8356258099349,12.023305668463095,8.590580245817572,6.461844922948689,5.9796220592050355,17.356377863957736,1.558620689655129,11.28742183540447,8.75868471031017,5.983472160361609,12.829419855970475,7.326375347511422,279.9420293939894,281.05118042658455,284.28421031535356,278.163365366129,270.94733030238575,250.8323561780402,223.7821032019092,190.23981066377058,137.9302833975372,111.27826103281386,114.61488787216807,133.57156129188502,124.58100377812235,183.12907884936075,222.8657907851038,224.69743437531076,240.5883158777355,253.04576034271983,248.87547456267814,239.465675298933,226.07215487324126,197.05611561585982,144.8226509313781,131.03636998000033,119.9804568936437,96.6111163838053,11.10399314696648,128.96850232391637,140.48401018607854,157.61333088829653,186.342747606432,171.74235960586697,179.2009119677539,165.27707233640717,151.28605363010098,129.10242410720426,111.50951870670661,88.14512529118277,65.24634352918343,43.37329014145793,28.659737489892258,14.036800662881316,19.181068572489394,31.867481134435252,66.70692859625393,82.01835685526758,105.73078772093562,120.74324714774073,140.12070563307768,151.08608673454145,153.1853624720457,153.38155660389916,157.02426723004106,0.0,0.0,0.0,0.0,0.0
2025-06-01 18:44:21.831,0,0.0,0.0,0.0,0.0,0.0,0.0,191.13469422635683,97.83336297943413,48.17380457199944,136.76823263244043,223.89297061527824,320.6638242011427,410.6535414076162,487.6633087859319,553.9934473487599,614.619743180062,654.42412644713,665.5265967540574,649.3253335852592,634.2421311981716,586.6595200046007,522.2158386358503,433.18416495377,334.0953344463355,229.367578339509,164.91691066535134,202.8634371110061,298.3272569003161,415.1368258366285,534.0527474678852,631.4227070514,709.9589247651264,2.272304176183651,820.2847205948951,834.4123736326459,821.1387020852851,781.2602561200656,721.1944215991615,637.2025359071423,540.2124545061265,435.75241912408745,373.5320220926703,366.5659357285903,451.08829028221567,543.8552989234779,668.7201411749131,761.8536883827682,911.5233614074157,933.3614753785599,1030.3002562103632,1023.2508632765436,993.4378456729315,949.4293254829951,878.1384574408727,773.5018244467799,653.769258348068,586.9931046204487,523.6781913794091,542.3983115944092,6.135632183908001,12.197861933138428,6.517209126129712,15.119508234586963,5.869446289732039,4.0069357619144625,15.251186450247081,8.29595511335119,9.821415999390439,14.799393227355457,10.487356321839002,683.63796847646,553.1653671254005,452.78575468468887,337.4575269677581,278.25093336501345,303.9569051997313,435.63600244961253,549.5088366110756,696.6389787302327,829.3262337088947,938.1851278931445,1037.613937312071,1116.3782287128329,1130.1493642618705,1134.4402784066176,1124.2293161363316,1037.5398822980596,953.3869747078912,828.3668554165064,692.6209011393779,581.168597576706,612.2856491576345,604.982729263165,670.5859804986295,810.0672131254838,969.3104689606191,10.25286602599941,1218.6537150867728,1315.776884692981,1354.1592367742599,1378.5951922998916,1319.7060390338431,1267.2285757587829,1162.1589243551196,1055.6749985000258,905.8250738371092,773.4948967257718,657.783258055556,556.8405979584442,554.2118580338042,592.1714355093577,686.1298114887509,815.6106489057224,911.7659245493219,994.5951894139389,1072.4080832122684,1103.9663898978738,1099.7095668822944,1086.0188704254356,1045.1712022727684,957.0963982209295,859.7707575740288,748.6855881736958,8.426093208905824,21.001366447103024,11.533101229422115,8.113426540029005,0.0,0.0,0.0,128.0,4.83634074618209,17.921018230341822,7.243839959922896,929.2624818360104,877.9344868163544,829.5397444193549,729.6496355730108,654.3615395197771,538.6594100026023,469.9020093288438,441.0992272451743,430.02930121455415,460.5696599650866,522.1372034210267,581.652142801441,641.7983302907993,686.8879013725158,698.4315600479484,717.0315193065114,697.2060907251944,656.0828600114952,596.5999196839915,532.4924741807416,480.8358119203531,419.46444321797605,377.27452470973077,342.9575964679755,332.8702445913493,372.4984647046924,15.527507032348245,461.89049392015096,505.52413156783905,528.5377062282877,550.5253036061494,532.1079856301963,412.92597778405735,383.1911746686685,345.79832179361586,321.5546393147704,263.61802966549664,222.59674128271152,167.44461038831048,149.41022985860891,159.22772271326718,193.40369826985088,235.8333358788404,288.3674151472911,334.39076197162734,359.04569427151756,374.36281262307676,378.138645116285,371.6438017715589,352.9318145813229,321.35073368587825,272.3359969829951,247.30561107462177,12.150364739852913,14.163023472180148,5.588159538723048,6.5997092887422575,12.469373405985012,6.712590490991414,6.770793424101484,14.67001658599493,9.278860115401583,7.897038142657476,9.82368429782839,302.89516977126533,280.4753632219226,287.1596557040135,285.3508094215442,278.31668172660795,224.71622629325284,188.5705504283029,161.84991916489608,127.45178544616655,102.97910330012871,99.3677235336982,121.43517596747603,162.0378787988522,220.81186069657332,253.24664696061797,251.3633328532644,270.07119365602654,268.5291458797053,252.78964710506898,231.41403175398892,209.80007161973134,167.94061040693887,139.84323302183674,114.37069597003854,105.10929329343129,101.55722132288469,12.571379027293784,152.8965603912125,180.34455270598454,181.34396026819027,189.59854374069718,189.1721115541867,188.52034293501313,171.07530657695796,154.35816248581855,120.77870626313803,99.35409161087885,76.42534771535527,39.4462769420258,7.593103448275997,14.663909031330764,39.57132935059565,50.59257592653835,82.52975036073832,88.35061784232575,108.00218509620994,122.06293454364472,136.08365460553395,153.42404426146894,159.28216352711596,149.1188209690589,139.87408038436567,126.82927046611391,0.0,0.0,0.0,0.0,0.0
2025-06-01 18:44:21.833,0,0.0,0.0,0.0,0.0,0.0,0.0,149.8942228538617,93.37076657813807,65.05563929576054,156.3541997754465,251.64748572701816,344.4586727903769,423.82493061281326,496.57425770268696,562.5950324765821,597.3548249759274,629.693068844012,650.6483205769925,634.7004765768418,603.5860537803464,559.1409879272358,481.142192313142,395.04322687797963,293.9290349617952,217.57727286532045,170.64902861919677,223.9137283579833,335.6525117773761,437.62992638255054,562.5997689743982,659.5094337043804,743.2236532445719,7.815214187689299,832.29744766754,819.9745542767843,825.2860783648858,752.7309218616758,682.4479997461646,593.4275818226032,500.48212664583997,421.250322656382,363.30248763564407,370.15678731379427,475.7326670988911,574.6113609260954,702.9469941001609,828.3282064805135,899.966003237693,960.7992936215489,1010.9921458178967,1009.0895828024784,963.6961409029853,910.7656858535104,830.6838597342481,719.0253500508495,604.4236966770789,547.1729531858841,503.3571452742034,522.9029655342498,8.185979861750873,16.074989619732833,5.216177228436617,16.893470651300664,14.595147440576401,8.303899221762101,10.901634109177051,18.22941146315994,14.136679604847185,10.599378261299574,5.26633469136072,674.109568113038,564.9325285254469,429.2403333972161,319.427441463908,274.7910118799188,307.5122025135757,419.16526916512385,541.9243517810024,707.8572690115199,829.5612067113649,941.6430204555745,1059.6505198657842,1121.510522103324,1156.3977172610655,1166.9222656873128,1124.3326965628419,1064.6378250396185,954.2089481003393,847.8948201870317,703.7461103876321,581.5365855310284,613.2718316484655,599.9562674778351,679.6165071070938,815.2130591301673,979.8523574391073,13.74539300739639,1248.4413663248547,1335.032211398255,1388.1266079021837,1371.2989714499654,1356.8675822293108,1289.5340803074153,1161.5946181038537,1055.7950179848162,917.2226579186049,785.5099624227831,651.1710132363224,582.7091940237448,558.4110407075052,611.1454829040197,696.1920478750147,823.4170635616077,914.4998877397386,1026.6886635789674,1083.3561591407206,1122.9016780927789,1143.0594921881057,1120.900775425014,1065.4123363107633,1000.4452083111094,904.6331237382047,800.0853236642074,11.314162990776632,4.723060699819553,4.613262172430819,12.569731682077956,0.0,0.0,0.0,128.0,4.523675355720739,14.297120160534881,13.33096491813899,943.8546529466955,907.3581125792072,845.107029666268,772.2611501016121,672.5016432950046,560.6136063919497,515.5043552160129,472.79537102144116,459.7827571202025,477.90867695176104,526.5306327002834,587.453845742935,637.5009035207188,674.4730015152551,692.9193817332516,691.2801040610638,673.5382174904319,639.3727576263145,611.5081966865574,527.6850559482996,496.72604991532495,429.7079330046941,371.6634079491238,361.75314463775265,365.7819959432177,400.93549337271423,11.300607661636883,480.7728565764832,505.0024727416359,546.043255760136,543.7629034489431,546.5422627004681,416.938756106507,374.24113853681797,350.406896881749,308.80207456051045,245.61562968243715,216.33214445387276,170.50920718122495,163.39416561328304,186.0894455407408,211.91748599172533,266.6700480151455,313.47123390452106,339.1733256174145,362.5474681713855,385.95308098770556,390.1721267425839,383.0064230229669,353.6468422281365,312.559218654508,273.0201927914208,215.23057635468513,12.223546784049471,13.217776889186197,6.203140224871039,11.041943238516307,5.074727261336097,16.777105152207536,3.5163105470216913,4.368732503746282,6.761963841535085,12.22363753302346,4.475862068965569,288.605790612567,296.71484388022594,279.1864124473879,265.5664445195666,247.05596290607895,219.24017340233607,193.8174738120783,144.02364965182358,131.46830789699294,56.091088121519306,97.61559366118006,129.74750873692022,171.20016225328354,221.4722349404941,244.19631931023966,246.67384873802433,262.07090765821215,263.8489775739597,239.84417189255336,226.08678910398356,210.01205433344862,174.0784373980043,145.93927830321834,106.6526017055369,76.77728889354147,94.32062408559946,17.28467607286669,135.05071251477202,157.6116512554118,177.7807582061322,184.90636866356257,183.93457179475038,182.36650350729687,172.52496509601113,160.0505545935024,140.10280863927238,113.68039345689738,90.96795867278604,65.6754213672331,32.256800981278204,17.962355611834564,22.542607395997095,38.582490447033194,66.05632468693028,79.00345803858295,94.9720934410891,118.89631913567293,127.66269952851776,136.77573244176943,151.48245885302507,143.2116185829239,146.10524505251368,135.03478898463507,0.0,0.0,0.0,0.0,0.0
2025-06-01 18:44:21.856,0,0.0,0.0,0.0,0.0,0.0,0.0,28.95711146478146,96.55978298701943,187.52261334868464,284.7364632104672,373.19626278457827,456.2296753449249,526.6812981305006,573.6400593410004,614.7954627487451,632.0231180324636,642.0792078244068,626.8722431260493,605.5461708038565,544.6543177045,462.09370550990656,367.74259020799286,269.38604057329576,177.50670198730808,148.60653495878927,210.57599616107984,327.520571484533,459.07451062230564,568.2755820280472,667.6597083333581,744.6530522914369,807.3657246910132,14.137717485239296,833.633125474523,791.4891927746924,774.5201337102901,679.9861774799143,596.9724618474703,508.8935808597963,394.55767000573326,343.49129493382156,335.3909194196983,374.5165092432015,541.6256576024462,635.0303873208243,738.8552464339441,900.2421645539499,958.4947192119937,996.7067829875346,992.9339556105695,976.3671387009025,927.9144754200343,824.5263163239421,779.3624510057202,657.8330773971401,547.7118931968957,505.27628027980614,506.28333862682535,559.3815034646113,22.511213199864734,19.38757629962523,14.419606582489422,16.545353779834986,10.932488060404747,11.352269465584083,10.097419074178614,5.9327356350028815,7.217490982180819,6.707395587122871,7.8613008905309325,616.7472159257821,502.7802865865769,385.5063460417337,293.8330891471956,294.2185939787928,355.11308911406,468.1312309664509,611.605338664919,763.8941843021785,892.4702933990307,997.269603088625,1088.1586447818688,1148.3790430676302,1168.4894485389266,1162.4728830552908,1112.9886693810247,1046.4271633191752,942.3353475241043,817.8955681287066,667.9656653341127,568.084089710309,630.8035747215355,633.8461801415042,725.3523322791666,878.2169525267253,1033.2194944157422,10.796998799054231,1279.4898613049975,1361.930096468411,1410.1720901163708,1402.436343709472,1370.3390700788914,1288.8899321703775,1175.4995644210612,1063.259768955426,932.4433287688463,781.4320446293066,675.8663282267681,596.056845295374,587.6488548481475,646.5822314660236,734.4052033272925,832.8704633119596,939.5442318302404,1044.6057400751674,1103.167436907125,1154.9966539604136,1105.7609965253334,1126.8034885037373,1083.0644228845874,1023.170247527722,921.7028803612868,833.8427638288182,6.837704958392434,14.361885592307955,3.5674082920061876,8.035085027136986,0.0,0.0,0.0,128.0,6.25656865215053,16.573368366312824,15.384912793149505,941.6407134238273,912.7926873637235,865.224395885398,784.5410804455113,705.6680188239742,585.9504871039268,536.4001841152956,473.62696289894393,472.4068441786486,476.9181432386042,527.8120100690551,569.6109472714932,620.4253297463238,664.745262271892,688.7432871600586,699.1853894558967,682.447397213288,662.8825469810886,619.624763102295,528.3896394540999,507.321849843596,465.642294626896,404.63922509186636,384.89782498485584,384.47233347549655,384.68171604861993,9.744426746524017,448.4967461323243,475.5508712694455,518.8191142271456,516.4686692268127,510.3497364737264,400.7274188031072,361.22487270249275,348.18370929950015,320.7476624708648,257.668766202357,222.99787657819073,172.18569760618144,158.0292298242594,167.4095817296073,178.67403378365202,217.31545991032715,264.52470654860997,296.0097573665175,313.3853327944434,343.04963641395597,333.04796628742616,329.56427935570616,327.75605133766453,286.9096066824291,261.38379054257473,211.90548166663797,5.468455797861093,12.792830021948479,7.634638786433665,2.825040856790083,3.8580496351488875,15.36345157042759,8.627164149842663,7.616285606292666,5.66598120169957,6.620689655172384,12.957306223409052,258.00141082329975,267.19617476985394,262.4196691130873,263.6684624288608,262.4033464924734,229.53202179659178,196.7994038816889,203.8751345420786,157.9516158946163,118.76113215667361,94.58653646142346,88.39270206627525,125.18510600375888,165.7499572947726,192.7910150929682,213.54621112571328,235.3222743716559,238.82170929068465,249.7395146042322,222.24050731251813,241.48776196379515,193.76506070742187,165.17690767267973,138.66106384543218,105.77499807832375,85.33167935927356,9.961379882144382,98.44888407479598,117.7605582882606,139.92239112274743,148.0230072088631,165.44732422829355,175.6080125629835,166.70082110599955,172.96760867184452,157.79546737406912,134.84855208371383,117.07874410281082,101.98005281006908,79.22684760764974,52.0700462308126,19.06816922330785,17.740249045984243,41.12492653716005,53.183423543441734,76.27192450584674,92.70012299702904,117.82756397316372,130.93034757041167,151.06368155251812,158.08631555523755,153.85460106865318,145.33229166812245,0.0,0.0,0.0,0.0,0.0
2025-06-01 18:44:21.862,0,0.0,0.0,0.0,0.0,0.0,0.0,22.936285079923504,91.71846292570144,191.91438465595098,293.1111613666949,377.39614817089836,464.3887554769591,536.2848858282591,596.7306576848933,635.474573483246,662.8434315967291,657.5726892840614,643.7848464363873,617.1013107622763,556.7439900005583,477.35873744367075,379.4188923925888,278.30816850577554,186.9862558004276,136.01322015965448,210.07313942384263,333.3931783376991,473.9286421557089,569.8191578586245,684.7885512996609,761.9424828390472,824.7165809509927,9.7197199301224,852.897572853127,830.6621793368754,782.8666797446687,702.8592372100209,634.017796439395,534.2254445181693,397.90598502235326,340.88529551268687,334.1585308549654,386.9879229823633,546.348267799495,667.62917034282,768.0935868332929,901.4642728211716,973.7030801234305,1023.7982738202853,1027.8690087583316,1018.666250430042,984.2930421268924,872.7484717216223,799.2885445889563,682.5881429693937,589.1659115741701,506.6797116859349,500.35604246773835,533.467511518225,16.43264930086612,12.431082875649116,22.151137398865313,20.857859116083933,14.00249388659669,8.483283125254893,15.336559040034334,11.845965237188794,14.258635952668085,5.9434400253518245,10.533446331068447,695.944117212371,561.3301778870108,442.2110855776428,335.31992647471026,314.64477219529374,373.8961329291144,493.64038410556594,644.0120541163974,792.3535433737629,929.3647144866109,1059.2993751628374,1149.10362811252,1206.403478828139,1238.872374614689,1226.9068070915973,1186.2318617309015,1105.0407040897408,992.8119497080675,872.1301562574838,716.8910346886087,603.9266518870138,654.0514845033371,642.6580183737763,738.8381014894868,898.9663774942047,1051.4109437661941,10.965953619001592,1310.6066142713712,1382.669094186384,1440.8210667402432,1437.3269784961735,1392.5557255179008,1325.35564537224,1200.5692398019833,1097.9606159726504,937.7413536796689,797.5293750686332,685.7054638416456,599.4816490910349,576.834106304833,628.1161356447329,723.0675131516109,815.6680927683484,922.7998749331134,1018.6698153425922,1088.397096052792,1131.9494944955156,1128.3975689170788,1122.7091800135,1088.852650453844,1029.7423514975255,927.188748468218,833.0216105495703,12.572702137837243,13.34331542408189,7.929430864603326,7.9972592786437495,0.0,0.0,0.0,128.0,9.762699665615498,11.196203229818234,12.344947336644081,943.1727413650946,897.8544870462792,854.6867422404624,775.1987969728057,710.0228269984026,578.1524943049761,532.4213524481968,465.14023734772246,468.5899770888001,483.77948413736794,526.6690424908562,572.9156258271026,613.6898201381738,663.632469584716,670.43844261071,684.4422144239265,664.7837620112238,642.5147741163829,625.0250234018492,541.0910992719412,523.44307099104,463.94248039804745,413.45258383898687,382.0944304875782,389.4904271072934,383.4084823288467,6.827081662405416,446.37893288068216,463.88234251768574,507.25341523126343,518.8986356472092,508.791039081994,401.91615649347267,363.7790853363164,343.07801599675366,303.94358173155325,257.58661073804586,216.11245578880778,170.81945884407963,168.18587975412967,171.2260550743267,199.78397432948543,241.84484993497205,268.49550455134414,304.19012886739955,324.0004951709585,339.29673069552035,328.7547336172416,332.26332316826813,313.5536032602384,288.91657136594335,242.89573908429628,195.24409501876502,11.76021057053693,13.442614551438124,10.5211484009526,9.261985006829674,5.558638743381291,9.30260996934742,13.386030258487049,10.0,10.06647992884556,4.695063214085607,20.531413852949818,272.2426002416787,273.4489585546524,268.19108654891266,254.1583728714046,256.0531307145206,233.81815416049523,214.2786649847514,194.739698771871,147.22469113906547,102.48655393191609,107.67176267800345,115.80382198385357,116.31418701684392,180.67050558582707,223.07245345518018,229.22383541027034,254.17720579410613,255.13899951802972,256.08364984224056,236.53195080816118,228.79955940327488,187.40211127575955,175.95249339344247,136.83201571304275,98.6236196135037,78.46498409782504,5.385164807134504,99.94797244570506,111.41322153422992,147.6641469869036,171.46302271089993,173.02917021819937,178.251536743168,172.34984634105408,173.74313165918855,162.01208788198338,148.44301486535576,122.77264263956428,101.93716417955157,78.92121603668949,50.41242989002798,31.53876947669358,22.863585212870788,29.743677239249383,62.771545083000916,90.5994868911363,107.00372419666174,126.32141789691751,133.18519479650618,156.84782871100492,154.65805006426265,155.00600621948362,149.89347472835203,0.0,0.0,0.0,0.0,0.0
2025-06-01 18:44:21.863,0,0.0,0.0,0.0,0.0,0.0,0.0,22.58037400442049,110.13291926611264,201.95600015803876,312.6322688084666,393.50784912644053,477.4718821765197,545.9528592645943,600.2695551940344,637.598696111436,651.8609761306848,648.330266495735,648.5258569760854,604.314859041903,549.5567234558424,472.20942177753057,370.3626709780563,266.80272815088205,165.35965387187278,129.25691123817492,203.47947500382736,335.6329932608222,478.27200148732265,567.589658254035,676.7678349582493,764.7132993897856,827.6651732916918,9.059551218060786,854.1319445277569,832.405624408168,786.4274818737077,704.320553244288,617.7046706061672,508.6292918398676,394.1432892948403,326.7161190266437,324.97095601977895,383.33909429132785,527.4711837314991,658.6486575993414,781.2887814626913,881.5248263855308,955.8406707075347,1031.641645656296,1012.5990288509205,1039.919117692242,962.9776947248287,877.2527632342376,795.7574047708523,689.431858276046,572.4373829990079,489.2749280103659,484.3977015414892,526.9949671739952,10.013984665341468,12.192784440906024,7.382847350871546,13.948174935530277,11.305641545593573,10.57000394916052,13.781783855203074,11.189827821194905,13.212398575123252,8.617620133018224,8.975738016341388,695.3417251181368,581.3527107529168,434.0668301974388,342.7915928161001,323.5408576083604,374.1113141457426,510.0677696382397,664.499798761719,815.8914665389333,940.7267189455952,1073.3228491822206,1176.41781847177,1215.1587594907362,1260.7633198984379,1242.1157385272713,1181.255750140412,1118.4057296289102,986.1492253792189,875.403692582027,720.7932949467606,605.0888869420186,672.9027564369744,662.8726495240278,778.7087336046327,922.9396626111413,1087.135499105674,7.291800549568349,1361.150597904535,1416.4433584825115,1462.6733357274286,1449.640249564984,1398.46433911494,1311.2314473897632,1189.3365076545554,1064.4624518402097,925.5270412959635,774.7520095178032,668.5189068797533,583.5087700695227,575.0434358562358,640.8735030644485,737.379236155632,839.3840760860576,932.9466199558914,1042.4114594438804,1094.8296434824142,1128.3239349438647,1145.2852763475478,1116.54345811262,1055.3382123309007,992.9708773622643,897.1834908526275,805.5017485453446,12.675447652058546,11.44757097409385,8.06839494497637,7.2465780988615816,0.0,0.0,0.0,128.0,8.660137059528596,8.717300226322038,11.57001250222245,939.3917795917514,878.0023753787895,807.9470996956626,738.0992527356661,654.6773772539892,534.5298719779801,490.54164607011865,446.8946029449938,442.1532756190533,461.84167542816743,505.60426347069756,564.8822411356689,611.700699026044,645.1989881261677,645.6240574362449,655.2348653702571,637.6792303168905,604.0390809302946,583.2606098406061,516.5393943790832,468.68134290620293,417.5287630317367,371.356086017914,340.45239493345116,340.0461453074478,351.05562123335744,16.379633089825816,423.3842014690623,452.09286692403543,482.8030718370476,495.28243703566324,506.8134470017697,393.4565338275231,361.54428773620015,333.8334156732389,298.8851812062116,257.2514708845617,211.63084861867716,169.1030188547952,151.85356426541367,163.73295370124126,183.68856914415335,237.39011585972332,265.4171443358668,312.5229231718297,324.4122053689416,335.79888310780973,340.22778050190755,333.279454626936,326.0514772851485,294.9571845147983,249.31945664046134,206.36870650652423,13.65522205297807,10.292525473735974,7.574892708645917,10.593836727925085,10.0139991523025,7.163739197930845,7.875349935092212,8.895167296884845,13.925648742115543,9.773274028261811,16.451842338703514,278.6175102681587,289.28724506647507,285.0410835397413,277.4099194224174,262.2773937515592,238.4164603364404,210.04876444341963,176.65704607866684,146.3557526863849,106.10177848359073,114.22852926207972,120.13294240662664,127.72719334469856,173.9005124207727,233.44057909253058,230.38328678897156,252.76906690096487,271.81866414021056,269.17560407374066,255.0707410964534,228.57326895471243,211.62093901987708,175.74892040359686,140.14712895314847,96.33555584194798,76.76912724725017,5.829219318176506,98.76230966301209,121.20006023452555,146.5279132629431,181.0237569794106,186.46441489357042,197.34011871525604,190.17975206720402,190.44275243388594,175.55039025345985,161.45779920162857,137.99700689870923,109.09026706041718,76.33479880285128,62.41851370755611,34.84951577269092,26.497807564101095,36.10982763283452,64.74396625687817,84.45707228987851,111.88299368903955,117.26674718240432,132.50946971959033,150.20054378009144,150.68718625819284,153.6059899455393,140.8973481390353,0.0,0.0,0.0,0.0,0.0
2025-06-01 18:44:21.873,0,0.0,0.0,0.0,0.0,0.0,0.0,75.50964925723514,105.65798317321843,128.38472646335265,238.99092027491707,320.96228404314513,408.445236510311,485.7472863339378,539.6544653989912,587.2253285564376,618.1948351081106,638.0776473760691,646.1942921913502,621.3225616519968,577.9875653103159,515.2994083029317,429.37535097781864,328.7677987899766,228.87850334935285,153.98509108111642,165.26641188994262,257.09596284010655,379.32710040254517,495.44960857677245,604.2421291250836,701.9515411058245,768.2936745952204,13.3626802282039,839.1481238339976,831.4301813816321,794.446672741193,733.2144778048763,650.0548393090406,566.0905023081748,452.99649819755854,359.9238066468345,330.10745512314253,331.71038357189843,486.19488301559903,584.3321074952948,715.2346648090919,826.3960139379839,917.0991820902166,995.2578495555222,1012.3847556030962,1041.788604821759,959.9680332473148,906.4448363666254,816.1941033576849,724.6253405101377,607.5997250691763,515.638566017323,471.8382960820768,500.44686456474443,4.59044243301681,12.105022797068086,15.052541177788614,13.855265041092208,8.807551157001672,18.088850843772615,13.758281267652682,8.901266205074803,6.899075884652283,11.32082348364587,10.528816032781423,742.9974436815025,624.5238356600129,490.97861766253993,393.1692851818109,355.72090414892153,372.468413966843,508.56303090673276,644.7699614350996,801.9794057785696,943.1856009978835,1065.3455577395603,1170.4079792735122,1225.7250383008193,1264.8356381598865,1264.9234464377141,1216.5487070038034,1151.5107563520035,1031.250372184289,903.5263787321188,754.5204780371233,642.3239879884952,712.3927073002932,705.9530100110227,810.1885098578308,937.5322601834382,1093.654517711584,8.90993615101455,1356.9983447249947,1428.04179160505,1450.0878138250062,1444.144424330518,1391.237504518321,1310.7733414342695,1193.9744102505938,1054.2027574642254,918.8841219680954,777.9618564184381,668.0450101403629,591.9818754680149,599.4155776634252,659.2280181689201,752.620903341733,850.6378368639415,943.9318022402017,1030.6380065797266,1087.380394337235,1105.5821340549378,1099.9011187566846,1083.049110653682,1016.9287017531118,952.7524835696959,852.6630388343438,760.8173887961782,10.782266326432836,6.324555320336759,13.55285913068108,13.586398465585285,0.0,0.0,0.0,128.0,4.450594792912112,12.703630259540173,14.250429493981022,894.7056007639208,834.9492037277416,758.7775098113874,681.7601635861978,598.9866360976113,486.52194113079065,439.13277533277306,417.3571132936901,425.0308703900319,467.47669227110134,507.32178037177084,556.1929199176327,594.8296243158189,623.4748054688979,629.661403284895,627.6929874896863,598.2975863480032,564.895162651403,532.4562262607467,461.74046293017693,420.47759842368663,368.3697442081008,329.08963500826763,312.27252479019455,314.3880926179832,344.866951428719,16.82116703403741,424.8801732742757,458.7019195906492,498.0511820230052,511.33553316832854,511.6185110648951,399.7926673360054,367.9016176192565,348.28700626809064,309.0676319149091,253.86167564989873,207.7224784837443,170.28419470684568,164.19277179809737,176.18661394101989,205.11571934632545,261.24478374179284,291.1636886081728,331.6941842865939,349.9921602022752,365.05220962048134,360.3434242183622,354.17575412206605,333.89161688292046,290.55284672178766,241.42571444486157,199.08609430090019,5.0,9.714730043010507,9.824755566497393,7.636379612979472,7.899059913477613,5.05143701980243,14.285956588774958,4.621756977861681,10.435094636144267,12.510610838613664,17.78594526925137,289.49980304604765,299.3228496037905,276.547923613943,273.80839401358867,261.96113454706017,212.17106037660977,177.58849422130768,150.64881918638028,107.84652146663676,70.73897251461715,94.32922837922236,108.1708800258727,135.92364122562338,189.52037017763425,235.03852272575585,247.79499136838967,249.53691356283397,263.59069831919055,254.66826776587243,248.2433562274578,212.9254566154566,198.13497360748124,143.7715415495722,113.68675971492524,71.76381353152152,63.499704005766105,4.256239736482373,100.90943746626684,126.54506625433555,154.84450557933752,179.5402135419811,188.50850700430368,203.9102304830218,194.35429985317586,190.51252634131282,169.91254381727083,153.50559754508654,131.83058209057245,93.63302392114628,69.76251489030945,52.005578316605536,33.54573062237262,38.11822398487964,46.75260345028699,63.70013683027272,85.20545131439243,100.59630815933957,107.69676410558334,130.8468210838465,129.8428406386812,135.47969065682068,128.00088146451432,119.07687132209712,0.0,0.0,0.0,0.0,0.0
2025-06-01 18:44:21.875,0,0.0,0.0,0.0,0.0,0.0,0.0,112.77917544021986,82.90854229314273,75.9353137521172,174.30146575106392,273.61396135392044,365.48618844211717,444.53237080463896,514.2395487871138,568.030876261571,605.8404138736776,641.4131696563448,656.5888751032077,635.2634426496528,595.3070650245351,552.8995669652691,467.7839903704662,383.9878832491498,273.92677784409807,184.5089261900384,155.90972989415047,216.04155613963306,330.6633385113725,449.8387440062789,563.9692535376261,664.4543708629521,740.7296237341291,9.053646152917874,832.467399294756,814.869074963028,800.2174120389581,735.2201513295021,661.7122099046034,576.2368361007824,458.5411268471232,366.20919099712194,319.70360025383917,302.4184339948066,436.81484705556466,527.4399975469354,671.8757474306598,801.4525697629075,875.9467064708581,954.6329845676613,983.1653622984284,977.4846954590491,962.4966890413396,880.5662025983984,826.2556712707759,720.0385773519309,616.7186337151041,520.2093125219192,470.85517091592976,481.31297156495117,2.9774882396779825,10.05108888193304,21.27996985080287,8.18620689655171,6.637322195888036,11.638158153016517,2.777564821752294,7.150338901908561,8.48615923112353,12.06448630618851,4.9019837798987,755.8486427823909,636.0925791105922,513.0610846252963,398.53991682822266,332.6667798819203,350.20996618735154,465.21088875546485,604.4775798801489,749.3811257064752,903.8793944625929,1034.2577100102387,1138.9730775755422,1203.8979179376365,1231.0086153219934,1247.391573725182,1198.7904775551767,1138.1407797312975,1032.2487776538026,904.7632584302208,762.5535854062092,641.7050297343569,706.9968635876735,696.6671117550255,780.9921915588452,915.3543392898692,1064.012773107736,8.046966775942872,1321.5081848223285,1390.5832752247031,1426.836540656598,1419.6783782930636,1380.7747457069736,1300.1358567786406,1188.7227330903697,1061.6730554933763,922.6341088274105,792.1824472289077,688.1334173525458,624.2582554315562,617.6479885957583,680.8943587175554,754.294471133733,845.8784364986608,937.1065312601379,1009.8236291437096,1064.307280225553,1081.5740934104385,1061.831318725967,1048.1183232587925,976.4133238606231,911.1453563828031,827.2805747400813,730.4044641619034,12.638053977965756,7.360397282226247,12.320415068173011,8.02298850574715,0.0,0.0,0.0,128.0,11.138685466091191,10.623692236148212,14.026187876973342,842.1700972305246,782.2772455466435,713.700431608482,631.7854537309561,535.0891326689044,442.35508471645693,406.3925534023236,379.961210326209,407.6131338320351,447.5497519832927,495.69356901512833,544.6408999303445,579.704599711348,593.0578942185284,611.6962600349622,589.4105336771539,566.5523723214286,529.5157211565316,498.4535525246865,417.40870513112066,379.5864734690407,327.5630220815659,292.74764039109357,281.14100580794303,298.88794083454763,323.33073194620397,8.357625674319255,418.9038749298245,452.2061978334917,491.35946008300084,497.57152462128556,490.27154368698507,389.6670091636864,357.76020141529824,330.05594001642373,289.4195206872332,246.33738178899193,192.14544219895853,154.1251567063618,151.772450521337,168.82260209102236,206.1290137027045,256.39247098755726,292.3121471572122,321.4691233670693,354.9958282788772,355.93345633212425,355.0496545845278,344.47179394647844,324.07490211740685,286.64319633054555,238.29375357096936,192.73339025669114,11.36400913763989,9.110701059282496,10.859178540507104,8.14200196818161,5.8548507687153535,8.081895824522682,13.452450376178085,2.3728905385285524,14.561632827895792,11.63410514432985,10.61581937045827,276.0404076476591,277.04475588846685,262.0043079640262,247.5660496694722,241.9691953158038,202.2708584679753,167.1568245568415,132.77168337621873,108.20144434047887,71.84162193355276,90.04839919123881,114.13496104971952,161.59387067313682,204.39476247001141,244.50865113916936,237.17589542664598,243.75460731431428,250.485548046731,247.87765017213772,226.29527982473712,201.90850879460072,180.65148952993945,130.71335368777488,105.06268745182255,65.62473686285642,69.26908727053399,0.5591832936279756,111.39090360874533,135.73173086204133,160.71050573859955,182.91156540784615,182.86366245850553,201.2391977894577,191.15027960166663,184.58013193995134,155.69160817489316,138.35659261290462,116.4548649587963,86.33211365149224,67.40802865496181,41.791992413866446,32.45913290201149,40.60963016806304,55.73131923294721,73.6530425817435,99.98988694002671,105.04952383068036,115.92018874627911,128.58559344165428,127.99930084802567,131.85924615714998,128.64284241569078,109.27888599755774,0.0,0.0,0.0,0.0,0.0
2025-06-01 18:44:21.879,0,0.0,0.0,0.0,0.0,0.0,0.0,22.71333560732895,71.09330624697051,174.54527324280448,273.0078999584024,368.8996820012748,451.0695685751683,516.2476493577559,577.1720405899322,618.2552255219009,637.1836704489808,649.8260299123427,643.7363467631741,606.8150330111176,542.3622657910088,479.88832774935184,380.78142925404364,287.8502878637707,173.7979725303862,123.76490902798787,192.91034241472767,313.2918654019133,435.15742280955544,541.8295935633355,645.3019881953946,729.6577031499331,785.2752866410001,5.726477534511213,827.5523231575576,782.9787542829488,754.6636968123759,666.0949044506325,584.7939860663913,472.24724189882744,375.5686626199643,304.1986361966354,283.0298863612347,342.5149365937106,480.74717137745876,607.850396825105,737.5824122737014,842.9531914962167,933.407046026578,981.1415713754342,974.9961771953589,977.0007676266995,935.2769361598849,820.2895987031122,750.8604236061573,656.4081215403448,542.4207457620643,465.49232097030614,468.2704519734354,518.3332885552375,4.6966298591951565,6.354074579968408,16.53919939606815,9.668082125515372,10.098075750304893,4.659843438446654,3.974098782852682,6.023275384030344,10.812646614468829,9.055455938806595,10.811000315472562,681.9195793861991,573.2193937773706,448.5861308990403,362.23934352169204,339.6666992701196,399.22563688077804,531.0965115102563,685.9818033085909,820.3773293712215,957.1206113502973,1077.52830129148,1163.904323670882,1218.660254180282,1225.9081987175355,1221.894027077217,1154.568271837372,1095.670301268074,963.7843726764829,863.227152405677,719.9903317114544,611.2349152164753,701.5269926832195,732.81442050575,840.8555771732998,974.3980273760127,1125.2431115175907,13.423692302560017,1363.0269282478243,1405.776840095442,1442.0712011223266,1409.357870409,1367.4002386175994,1267.2881357277931,1159.965331446863,1025.8812607253094,891.6270632181606,775.4499522045634,691.753118017764,647.2097902295085,649.1244116305835,715.5550985009753,797.8020054650121,889.3589254421782,958.8509797715112,1018.1137004098227,1064.678579945062,1074.8153851955744,1057.6513432437357,1004.2618419544755,938.9809628471114,875.8148104515525,796.5843443368483,710.779120374673,12.83135553255784,5.741833302388131,11.47703673250522,6.195163655270624,0.0,0.0,0.0,128.0,11.268135411341225,8.008750232458235,6.615131962223641,809.3789614909377,743.6304370092514,665.3775280398337,587.6769272241538,493.9533812119978,415.17981665624393,386.00669738127476,373.4696557736054,390.5850688171813,422.46968258259614,489.28547191695816,536.8511700528979,563.8180161869383,587.509416008169,593.9656603036275,577.4990954597038,565.4334410932828,522.5489451686401,483.93654274925444,417.6375704823914,363.41024592785607,312.6647267125451,289.95702859708535,269.49065395520313,265.15720660321784,306.57821705430115,5.574712643678168,386.4764186472104,420.0476363871024,462.6068626209846,472.9820334009572,481.77621403137147,382.90167256455726,354.9335378313845,323.2173332698894,291.0015591588072,246.82300169806152,195.67281055799302,146.0378492764262,126.42774395399051,126.67975972159229,161.93392405406843,215.8253366117026,249.1099459318798,286.2437456928411,327.75750194904316,327.5729221794328,339.48497490880794,337.9251963957907,333.24838396342955,302.8375531831015,265.00512476531355,231.95829909204565,15.445176936724188,12.579876503767593,13.46252859634641,4.070750359550381,5.475861125160835,8.242224430307822,11.451068301822723,4.6966298591951565,6.335119732577531,8.54834155090388,8.39766203956716,262.3231354199872,272.05293913130566,283.78079940032325,268.8213928477952,244.15485799369074,233.30081118128817,196.80269107276553,174.25554359427937,146.53179684588181,109.62889683833342,91.83915623651649,107.07532546939474,137.22651494987917,195.39466891486543,231.68340669826665,205.37579403517879,237.86222070334907,246.05818131862117,246.22279625577966,237.7352794280646,222.30324120740866,193.48263218662538,161.31868208913826,138.8840056102533,87.22485402963487,67.19161243397683,3.3644905530879514,82.86400425752066,110.38281828188495,141.48266444794356,159.25391839436628,168.28312352760292,189.61362574987393,178.99099714357254,178.13194901436896,162.4223529689798,148.7443837078929,124.6972550146897,102.36138504086942,77.50011386909003,56.157785675151246,41.0300304783746,31.31941322453914,48.04956394667503,54.538178896457886,75.19729227401709,96.46377322496735,103.59822649154654,120.40690118757443,123.79682586881358,132.3120559626379,128.6358099260684,116.94065529617049,0.0,0.0,0.0,0.0,0.0
2025-06-01 18:44:21.882,0,0.0,0.0,0.0,0.0,0.0,0.0,112.51192924715,81.7269397634482,95.72297745175294,189.0742708677841,294.82422012992777,382.6024734647715,461.94434493723827,535.2803446767022,598.8842502288895,638.0306823663153,652.4441514490885,656.5994448788804,641.0736591765253,597.8164336330746,543.6087839892521,458.0837484229107,363.75633765462175,259.2627005087688,173.6380109742155,165.28459689299154,239.81173350452792,355.1540628880009,473.0363353285587,581.9767722799457,671.587183450044,737.8495140734985,8.743796849947408,810.4806626973226,799.5380647441795,774.8755263178729,712.225646748707,632.4671863404881,528.26363978301,431.6894316201503,346.92766076085024,309.17132832662685,319.615531403287,432.68797168721665,557.5535226433078,676.4604447685517,779.6116824289462,888.3537959345807,940.9085140233624,997.1317403708861,998.8504952478432,960.8656485433265,859.2424893440206,795.2096922565258,717.785089377822,597.4745630285059,496.0779599906926,481.19918981312935,496.0323573774305,11.561987568072553,9.125000505794159,14.223003618159305,10.852113182532888,18.84750215718821,7.005172178093552,7.010969182337499,1.6808473891549907,10.520599517815985,2.63324093209175,9.117240810711495,737.6058253594152,615.7642150546332,489.8674111080745,395.4082220703872,353.21395741370765,382.09239032328003,503.6777136324687,662.7816410033864,816.8743018639658,948.3667578824102,1064.0433274219154,1155.7806350736294,1225.288756707948,1250.7829196057307,1229.612262183377,1184.0386150898503,1115.011989044514,996.2988471672337,872.2403919697746,737.3981303691705,622.5174022960858,703.8082473568537,722.794312045336,830.9941965322462,962.1811834694342,1113.3913168750557,14.530677930385968,1356.9206546055586,1415.592767861351,1445.4508009835365,1431.7086502776308,1368.731742404921,1274.4525985176704,1167.596744114117,1023.7992072275351,895.9448238110685,764.7700602410704,674.8309451176026,633.5157837066051,640.4488417230876,696.875499973806,797.7266336550983,879.551092048316,953.9679666559554,1010.1039651155859,1056.5745654066743,1056.5468357361951,1033.401698278939,990.0214030608614,932.3841266886781,858.1525750006621,769.9632852283471,684.9719748288776,17.701123922437315,3.989057565590259,8.746735797720582,6.13196341853377,0.0,0.0,0.0,128.0,6.358620689655254,4.331853285576215,3.459353101176276,804.2920176069622,727.8670959360121,654.8901916005946,568.7242600796392,479.9155352172013,390.1511658479675,361.1262389220521,358.44660530334465,394.9190629757674,437.07830427092756,491.9127122616185,548.9030544738662,567.4924166535317,596.2120308692629,601.1354316719846,595.3469800782606,567.2164698612584,523.1235902231449,475.524132366954,400.7556232668837,353.5087339451725,297.69713280477873,263.585092963928,243.20703974000946,256.6770306636319,292.572856124007,7.042282598022982,380.1687391852649,419.9311168790134,442.99538203497127,457.80414752812834,457.429968241782,360.9490960773638,338.6995181021823,316.0478450636048,271.8329332236476,219.58680018894142,179.5667503264285,130.68726438394503,113.21910491954411,118.54681179047189,154.20987489138403,208.1726063789976,244.31605231502445,267.2061120707934,317.76202124908485,315.8476582085679,333.56783201743536,323.52497741595033,321.2897312775301,293.00671438078,273.4203300390517,230.5968752447361,8.170780634630606,12.409353449797095,9.922881648012767,7.5069668559136815,12.026218750839757,5.119253730992865,6.191014162596684,4.365285408142244,5.107996448570027,10.793990905194136,5.597128938595706,288.362131297393,288.2101392074613,294.1521832447244,281.85090358616986,251.69001692489047,229.2682304919894,206.31106270526743,173.06890397138463,130.9995209204154,118.59779358140308,122.02212670525218,171.4909327061166,191.3607174775283,220.70045368782738,249.39593466844374,250.94759166299787,258.6794204883715,278.71055995246996,261.4511866471337,235.779156592713,220.24617126121964,181.51097891982766,152.44698361281195,129.25393915504932,94.19193739837888,87.40991898460229,3.2689655172414405,123.83339245858278,152.14088878539528,179.49347767292358,184.48033784860883,193.31767697240286,201.7431585326522,185.72290602705755,179.16739880873007,161.54830021329022,139.24609766838145,105.87182207484575,81.50233823925088,66.4135229264025,44.99889962827368,49.894854463816756,53.294306312620435,72.53111740275794,81.96281970876018,93.13615662617643,118.9718083393202,121.38321840889823,130.71246225754948,132.51520224421378,131.51869514240371,123.6343559964662,110.75139523242377,0.0,0.0,0.0,0.0,0.0
2025-06-01 18:44:21.888,0,0.0,0.0,0.0,0.0,0.0,0.0,106.2645797242127,104.6339642272105,100.40685756848941,189.550978518618,287.46285124695487,374.35578014230396,458.35534336498745,529.5696958283432,583.5477708511579,631.2713187066208,645.0984873390948,641.0936256531476,630.948891823134,590.4205303435622,529.7082376137668,444.96729689996056,345.81035026078587,250.04461996959506,159.26970842865074,156.9211671285873,226.36398765141672,342.38984783999604,455.2755169068331,562.0504655606053,655.8405440793978,720.379591635063,8.707721905040728,795.7656243549611,790.0380615135167,761.8276495494877,696.576240567552,624.1198733068494,539.4860923138405,420.27957290841437,337.88957996917435,280.3525516891811,289.49016640622267,414.2457809551553,520.3546461558158,667.6026612761888,775.5989827791674,862.2601573125834,917.5681503825303,1000.6098661320034,972.303106311967,948.1757505331805,856.7905074810692,788.4734177604195,695.5912694045038,569.9076594887696,494.8849098253534,479.2504460045403,505.32795202053023,19.20169377861479,11.475984538955318,8.320261745050079,13.191976863708252,16.62854902613,6.663710558211511,13.463774068172501,7.241651559072646,5.828577079901971,11.399229441096626,3.1513896872764797,736.5104228581006,596.9848039439489,466.38723281813157,373.76524540705555,340.1855257780902,383.8312850442551,514.8727215468487,670.0172890865796,822.9540016780655,952.237150597699,1072.4240859668,1157.4448037843902,1220.3593837064398,1256.3031236294678,1222.8809276088703,1177.981934009941,1094.2837937699128,979.1392515869918,850.4552994156406,707.3581501414164,586.6791450826472,673.9663455888451,697.0291958371463,829.2800046992004,962.9848240782871,1119.3422908920438,11.134476755111296,1358.6991098131834,1424.1744867020163,1439.6613828542625,1431.6925194102103,1346.245625955036,1256.6396968788513,1135.0964758886284,994.2205382852112,869.0173144092121,734.7029916395032,634.7159432541866,595.5614452498128,622.8567949612853,691.3276387239034,795.0608492103431,883.258212032566,971.7279688470877,1016.5949347082208,1057.0159002609157,1061.828496719382,1030.2267177968852,980.0202695237382,915.067595586733,838.4800543318481,743.4413095268663,648.9683232729815,15.155051708762654,9.482058956282788,5.0056820939732205,4.181087000277068,0.0,0.0,0.0,128.0,7.335632183907904,9.383144751467924,6.2075858142183,801.2864788413768,723.0233631371703,659.5695366008684,547.3836047636595,476.19009428772017,364.29964579308626,328.9398901962671,327.0199546915867,365.99399260555964,417.97523696541754,492.38181053755443,533.6678019997287,570.2089183234992,597.0015900705283,594.9034889168927,599.037160633084,563.1477332706506,514.8398117376813,463.3108412602787,380.4279772110984,341.1948939642262,270.17795009573314,225.06849540112188,200.09041532474737,215.09812472822492,258.2489294222611,5.96979524341528,349.77769584889313,393.8624560377045,414.99637408070305,441.4062896014099,433.5589991789812,349.9189767174108,317.6745588977091,310.4256242651633,271.0244697419911,225.49980435107486,183.91695470485777,138.04913814604836,102.26367581696357,107.56649855108823,124.65617044345852,177.73398858745873,224.46510998470904,245.81780739776343,285.68585919867223,302.28107181876044,314.174412210426,315.6638530082844,312.35923113337225,292.53218053664887,281.01688814721456,240.33419884862795,9.206965186198895,6.324555320336759,6.004586915640468,8.19649072760034,8.303198784454805,9.952370426000135,10.0717484288456,9.67796840341575,3.639888537735004,9.096087639819572,8.240782771687662,292.3347468822745,304.4942054583471,299.1344284118868,287.9040026000524,259.42911826526273,233.3785751789214,208.3190818240985,181.1543401322392,138.3691734946135,135.18460196289485,142.80618215590331,189.38191122927157,217.09062546073886,234.9831817483098,262.58765758242646,265.53501464376876,282.0136417271036,275.9965603758919,276.50986298368963,237.61876963273914,231.55893894782582,194.96547133046062,158.215317308225,125.99494628428651,108.6831479808937,106.35948591188107,1.7488995841905322,152.99529019080933,180.0770270451124,202.32573466865662,208.87496684323344,220.50291593407235,217.62059385793344,202.1758536971979,187.53303429075777,164.94331945223124,136.16330395199816,101.95081500900662,76.44574724507046,57.4026221544954,39.15803241474017,37.080377408330506,58.93084067162725,84.27708983660963,101.42253250467569,113.61127600717857,125.67711249648266,134.76262232511382,144.58291693130107,143.01358645930983,143.3690635756487,129.1000872378272,112.50169820132076,0.0,0.0,0.0,0.0,0.0
2025-06-01 18:44:21.889,0,0.0,0.0,0.0,0.0,0.0,0.0,57.977338592456306,50.270200252615595,140.22458628674858,232.93493605551416,328.78952095728545,411.3459262630521,496.77212796019364,541.9724707458497,591.0507622679148,630.2522441933814,640.8275945218295,633.6656196078276,606.7196775178542,555.9348224399297,486.43221719686017,393.2197158081756,296.71396030695445,189.06425162610924,100.50151428827405,142.22390618895471,253.53966163531447,388.5378645231733,499.6408458435897,592.8898111386779,684.6211989496935,741.7594408030376,6.591682951151228,799.762396305529,783.8216948702315,740.2714699855467,660.9202484048258,578.9106708657871,495.6101850715163,375.52296502977134,288.50890867046076,235.56332325772743,284.33909612304546,425.58267026009014,546.841048754609,691.7051339192942,779.4240104009764,876.2434657405711,898.2725543238807,964.4939865029103,959.4768677343291,902.6046716352854,845.7009270885144,750.8021686651623,662.545967845219,532.9651392871074,435.59899248141033,460.89086385558153,499.7844180641079,17.442398891432617,6.328660611937405,17.70743971800633,13.151643262269756,10.879977482637221,7.155595519041709,16.734351128965308,9.852960041504751,6.895057976126968,16.57007354603834,4.059713303460522,691.3730863211474,564.3613992639708,422.6418276418466,325.31016485399743,306.52474005132706,364.6587287816543,519.289002636441,674.4477988826987,824.3791483797071,954.0015822951561,1082.1025150868918,1166.2545846512073,1220.7773129920524,1246.47679002546,1219.71254083553,1164.671059048972,1066.8789884577745,950.6325449822323,815.6222988438305,665.1768957416666,557.0583953616336,632.394598465756,652.5296515102922,796.1985489739781,947.8559043172685,1112.8765624923037,12.135841649495799,1359.643839801701,1422.6557085329246,1430.6333160139047,1421.2288408478155,1338.2408148968614,1259.3551563499054,1133.1514226809254,975.8158516351356,842.5225657645482,712.3609896770488,600.409068408187,552.306256507351,597.5136663312105,675.0371741207985,777.6542452376395,870.4830826410721,972.2517792053403,1018.1741549636748,1061.859204279345,1076.7007320157304,1039.157909590585,997.7699875118365,926.5156949521169,843.4817507885019,741.8789591508679,649.7365056325327,9.959505708171445,14.610020694465874,3.605551275463989,4.683626565579188,0.0,0.0,0.0,128.0,10.019050508983693,8.959936960690472,5.823299659508725,808.2315328449962,733.8568964587987,654.9371479410962,570.4823584819272,485.80068914634813,361.560752779029,315.2182192836868,315.82971815421325,338.3916418035142,392.3605044790865,468.7144166749346,523.1073190853535,565.6953684185485,590.3920500049445,594.581660967174,598.4173989428791,570.4171515234201,533.807237666506,488.17626727695557,419.03055920415113,389.17705657996396,310.29103974145073,238.16452062564133,223.56763342908,223.79578995188348,254.97265198144086,5.236220870968486,336.5440421419017,379.12905465286644,413.29510187895346,430.7201125177454,447.59366696891766,361.22692556159757,324.84193984547585,314.07542675503794,279.47777021747225,247.48375125144062,189.50397841347925,158.48337787200077,130.344616797605,123.51799210636352,125.75938991305088,166.73078739401154,216.16354072186846,243.2822515584181,270.3658509577271,292.428407200531,304.21535876077087,314.8490405695563,299.6490037462839,288.6310510394314,264.7610174555273,224.26807032435528,7.080155057698667,7.815308347183089,7.829545166102832,13.031967501342741,8.859406252034438,7.779867173849086,5.642485454232333,16.203973754731773,2.4850574712643834,7.572678871197375,8.362344212975271,261.22471580791824,288.3785964309724,271.1347381465169,278.0010322666534,237.01118232046116,224.6535912663906,199.16685386749924,180.99266932927173,156.46562626678946,135.16805256046723,132.54912146633424,169.5307600222333,198.60390906774637,218.88463701132702,262.27032904339234,260.4213709683494,276.9848397696019,263.3764690262632,261.9521904393838,233.2094199737052,225.01051808826023,198.14346295943304,163.2318401448319,125.46489983129271,106.05000297716283,105.4666049042201,5.390093124093666,144.34941057695497,171.28929279104807,190.34484954793015,209.24327738669626,218.4423779116122,208.73437778039226,190.99850735539917,177.90446839931417,156.8326865119023,138.4849642215964,101.2880239605957,65.50345428977612,49.64592801486674,29.382929815460397,33.15950838911843,56.18287222371621,66.0258071290094,89.98145399587472,110.11320045895907,118.7887594965585,125.64463458860646,135.63499516019155,136.60881584637667,141.3184767896993,132.57107157704957,116.36172478612941,0.0,0.0,0.0,0.0,0.0
2025-06-01 18:44:21.895,0,0.0,0.0,0.0,0.0,0.0,0.0,122.36064521592814,9.720412451447622,120.98254087503818,240.13685831058007,357.2320140798573,476.8820483609107,573.173077371147,653.6853761207212,731.2097303943723,774.6113622106963,806.6414989808775,811.984779215142,773.3957922207487,717.0693624453367,650.2173962815901,530.3234377105472,421.99699796898415,268.16584919568675,130.23887386895996,139.20432827896855,268.6408819838421,441.81676800520916,589.8377130399263,719.3822309583397,839.8376093109476,922.3274082895914,12.087705535689736,1005.4393067762708,986.6330379954147,956.2564618036743,861.1447630640866,767.4257214166518,640.0865238424318,512.3835335322963,390.62665915553055,304.3059785749491,320.1618175552189,474.0644270780905,656.4000945725566,848.7964104916108,972.503463029762,1117.6354837986069,1164.2742140013495,1182.6656087570339,1190.8499991964172,1166.5546539113855,1074.3938471181962,976.2461791033229,828.3911727005758,702.1123920566472,550.315036397951,547.154927980224,596.5254466227912,16.92174258636813,5.607552175405446,25.425413732242625,9.448213563565929,16.645304564190987,18.224385097342285,17.931178821269885,6.53261183087365,9.236372385799454,24.037160607011693,8.647359743484168,839.6114691903912,702.8594767308768,514.4200480940685,364.9408196484658,329.4830225893334,395.7854655955963,577.0883824474594,774.1516118986395,978.6524300066931,1136.3530420929144,1304.4250572116596,1424.779585609664,1488.5180922449217,1520.5753311103729,1508.298823747603,1436.477215763617,1324.7491506304982,1181.5268768215212,1024.342815437264,820.0798893552592,679.2341334786422,725.7654232492595,741.9314650702053,906.9911123835373,1097.6048221009685,1331.2338162382562,10.029958704318176,1649.7884894625524,1738.2281840204946,1776.0146750569866,1752.4716230491,1670.7112248092385,1581.9897656118715,1411.9962563753272,1237.0612311372017,1071.119725080235,906.2151009548452,755.3963570689338,668.3067848304662,691.2722673447961,780.5197164533342,911.0520807615436,1041.8382156261778,1147.38848846985,1253.0662924375288,1305.519117928492,1335.3030600845877,1299.1562027857353,1257.4996258250667,1181.6982457751924,1068.4713918450102,949.319864504224,843.1562969380709,8.85392138486323,17.573325889375308,8.380292534151874,10.253742416575584,0.0,0.0,0.0,128.0,10.259492399142378,7.953340113458913,9.678526624058804,1016.0467503870574,934.5030177478911,827.4841089587153,740.4679851406449,607.8232807144208,502.90350858079347,433.02959315404604,403.02310570855724,421.28661024199613,494.28527617450516,560.3847925532882,644.8099198779028,705.1227842869893,739.0905520809829,768.4187828997304,760.6809751078996,740.618693741127,701.4691173435983,646.7924074081739,578.4183054528648,529.3044745229977,452.95277155224676,380.3049908251931,335.86136684340227,330.8725767863712,363.02178171676917,7.1583160423785985,429.18803656502564,473.5684737285154,504.07577250499554,521.67714304069,531.701582281917,432.5863352264005,391.9041884146829,363.11872566227737,332.31424019289017,292.3520954994274,244.14936208181734,207.8190321992706,189.72737261445496,187.02925584350345,207.8630789487852,249.22077998976562,272.9840619014392,321.45881149355375,338.6326252488586,354.64982674899426,360.7048793700425,366.1068684739039,340.3787812874912,313.47900712538194,278.5002607042654,241.29015890998693,13.796804079164877,7.130468647896212,10.44958771665899,12.778736034033582,16.96405689499726,8.522061135083096,8.836454977411046,19.653147300881958,11.724863628007475,10.649689983863404,7.645910112428411,299.134760018942,326.8408304625041,319.40931293295637,319.0661783751548,278.2059046904046,270.5351384338611,223.91108322899413,207.40533636925727,184.12714064024846,156.60248874821252,177.41922099565713,208.78703716479143,236.93100071730822,276.84464354516786,329.47760552292766,315.1093026334156,345.0744885976345,330.7273155685632,316.3692883550725,279.90149224883413,255.63707205766136,222.88134333835927,185.98070372939122,144.2852852972393,138.00697232238366,152.47936679615546,9.111766399090293,203.59826266945018,232.86751394379743,253.44718145785123,254.67921502391482,258.5575553794828,244.20683649749438,217.78063035115676,195.62586512700176,168.1202975767993,131.87105794552164,97.88504027876286,50.22781713571151,30.599490358174812,36.40070439093141,60.45143317439419,88.89511250838758,109.76943409684233,124.76225927726321,137.40895021886107,147.16565753609797,156.22127403319263,167.32504858576584,176.47091289984832,162.46722270326524,156.70791039401792,144.0053893260724,0.0,0.0,0.0,0.0,0.0
2025-06-01 18:44:21.896,0,0.0,0.0,0.0,0.0,0.0,0.0,142.6460065269207,41.10248183446144,82.51935888065657,192.15451839894698,304.42772400488377,417.0465168635809,510.0673052772287,598.7522125516097,672.941797693787,707.4215025449598,752.4963052381545,766.8653195222746,741.514881876913,698.1170616666496,639.4034585617449,529.4713744054382,425.5360553030248,280.27093610660427,165.40222429859455,119.178312703046,227.47329217672961,378.83923196520493,513.3773937496647,649.6729172445408,767.4695361993481,861.4058934050715,14.12430536049161,947.364362121949,927.2720586315647,912.8317381172606,831.3779586854882,748.1349217359536,623.4349902777766,504.6625847940706,392.45370468143403,320.4615192311212,302.17944832761384,443.4743611996677,582.5529205157653,745.3050448313436,898.1251681201073,1007.1494791543386,1117.7775250592083,1115.1738472603965,1109.8972817771232,1085.9193005301272,1030.5991761258786,945.177484476223,776.7208231834217,668.5199824792078,570.5228726451946,513.6911699598646,554.0618335696388,15.017437505742123,9.312606404861839,13.679792912655433,7.993300471292368,10.475189447869377,15.341943477057068,13.46809210597338,6.221723903883589,21.453061279853628,27.950713131776375,14.32451107255368,797.8428222987746,666.3643586814319,494.1347116372725,355.908494966047,313.0705051180983,360.01750503303856,524.7218332512285,703.8981386371747,888.0603535083626,1033.1768417221076,1194.969363472531,1316.1917589736092,1369.975330777902,1424.0412597403201,1418.7836094998572,1350.1092079991392,1260.6067447846362,1133.999402232072,996.0478231343941,808.05330390924,679.7322851774983,732.1467079584662,743.2500315022602,878.308259518983,1042.2890043382558,1253.9347533996145,10.423087009989382,1557.795719379124,1624.0684574480722,1686.63176648749,1648.2288038349473,1587.3845350636416,1497.8231333608705,1355.7126642912838,1210.2248229598247,1067.1719526552847,917.3382633622446,789.8015860671344,699.4624780141282,694.1428271488518,774.0517443947926,870.0365470370555,994.0842923369789,1075.0102956059293,1174.7470455880423,1233.3214805105924,1249.0320013910646,1223.597992491674,1195.398120533404,1124.993144808802,1039.3317980159018,939.934304282317,848.3417456470189,8.541257861227024,14.014885480691913,18.49139273293909,10.047566993468065,0.0,0.0,0.0,128.0,9.93498479730299,11.706004786787116,10.45541569253873,953.6645216469352,896.393130057305,802.2775258208552,730.0292638470366,625.7459389633575,542.993985124682,484.480908963609,455.83847258559416,459.85952740101766,516.9595770757358,566.8962054100799,629.0819928488203,687.5864201238047,720.5886411346612,750.930948630814,741.5877680198587,729.5588690634787,692.3761579982863,651.0549203797486,597.2585391151717,547.7498927302089,498.307414700746,446.84812493846266,398.6473761230339,407.1317539917038,411.5695026182839,6.4031242374328485,449.9690289700507,477.31333511649814,499.9174100438558,488.1540615601432,489.90847962493086,390.01046809544243,347.626106829617,329.9630972115474,305.32327152920664,275.6403435270594,235.3712684041741,211.37162755826455,206.1967880935884,216.73459539388296,231.76897834813408,267.83194950852624,288.0299761253584,320.2474867130958,310.2575888438725,322.39640944686863,316.5926884239494,316.08336032261275,283.40964625782937,248.10232154533452,229.9972615661614,204.71933526690685,15.370536862937826,5.925044412423163,13.66485559518669,8.696297832515837,11.19294725655351,8.076325543021394,5.933904339470836,13.237101136536419,12.93036222669719,7.129552421096697,8.669684525942245,293.19432302669964,310.35652820939913,296.88497195959894,311.66083369823104,259.98396195171495,256.37067885871727,215.53968255129513,205.09468866386015,180.0476460615261,173.60894230296864,202.22338414787666,232.96694336516995,268.38383746078813,289.8114880984446,317.64482283468925,311.58205622855246,312.33457505178006,302.61382444926767,293.0912441144586,256.72970597366015,230.24207071547124,200.91058830738223,167.72696513312923,161.03890310068485,165.03537954826217,176.79365316022208,11.152918438230715,221.06318038813598,235.57646005824714,253.3010718032191,246.05492698259556,243.23939993108738,221.58995412410917,195.75999719900386,165.9580856311699,141.26990568458984,107.03876868433912,73.36757445096123,60.45655586159692,43.649375457484595,64.54846898886856,88.0711072509904,104.85907452619463,124.34098505495979,138.53998824548626,144.00228976364795,145.05990464576993,148.23741761865242,155.4107358129097,155.9283658579998,142.3911760865455,129.46190630079906,112.44380490923494,0.0,0.0,0.0,0.0,0.0
2025-06-01 18:44:21.900,0,0.0,0.0,0.0,0.0,0.0,0.0,95.1820803744521,59.74661755771819,107.21959666936591,188.7701686864795,292.16657107296896,373.1655915898386,456.9148875642392,519.376185350177,573.9363811457999,604.1408279946354,636.0604107148864,636.9144994336033,609.7930498626403,580.0125705189303,518.6331123536161,430.06762275879794,334.59766729720286,219.1797487242555,116.96268210699662,108.27913779648908,206.82417910058484,340.27702446633015,441.4340113525589,552.2391523053909,653.2387999329536,712.1565858491452,7.658219721795953,779.0072780966234,769.5728678567635,745.6673614468975,675.5019778127496,602.7614206264025,501.6720940695903,404.30191056101455,309.6577111432757,252.91153343560637,261.3759650718582,405.6593103284351,495.89755333574413,603.1416661188425,746.08559498489,833.3520922745101,898.5726854593559,942.5181962439204,938.1034720413204,901.3493992066424,847.0030884085357,750.1933394519015,669.0168273443267,581.947293214264,495.49436914613386,440.608413266941,478.61311336158656,10.029837736074068,9.262570154515638,7.90094656907811,14.233010919371978,2.9321596907042418,4.539756806413294,5.8253370852905615,8.23646112407076,19.927198617913163,14.838687413875478,14.8455466311527,674.0932927114222,557.9558151810863,436.4260417963082,328.0841336702216,290.2152015544769,322.48722529239456,463.6909119800647,597.2432209711861,735.4235393663073,858.8685416441273,978.3764537005679,1091.4190662207986,1140.8588550052987,1181.2438550422291,1183.5170476074381,1140.1299917759666,1071.9196271841367,979.748001007617,868.0743807756292,756.6308461679891,643.8486203637573,727.0904234778866,741.8640403609768,809.5360795748453,937.4172434715517,1079.4791957423602,11.366940758243935,1320.5274311912342,1378.0207710422367,1415.9999103690873,1400.0535419839653,1347.9749409974088,1286.0613629772881,1177.7083108242066,1060.3460638404645,965.205536528283,848.757821602238,751.3911821742628,690.908613799678,691.3294960331887,752.8580424012735,804.8343020498419,893.73979614766,953.8882956842918,1029.1541151609583,1071.0187365267254,1084.2808115513287,1080.6720279943447,1045.384620822273,987.4925750139621,912.3167547552412,839.5830684339356,775.1459231789274,3.943099647878459,7.994947344726892,12.522965592286436,7.638079621758124,0.0,0.0,0.0,128.0,11.744712376776182,12.011110769354515,6.461174198320713,845.4364495710117,816.6767621731681,743.9972919644609,687.1127908157098,619.0721674825439,538.3376838025104,503.3919265025292,469.3767429371925,475.37028488534656,493.60617530309196,526.4230817733396,584.2704723594185,619.5296125993083,656.4811230439415,675.6009178206581,683.5286720504924,671.2464280418139,648.6951048451142,614.7355596151546,583.912483594162,527.970790402959,489.6405644669704,454.5869507009452,410.72437495429205,399.3889781016501,392.389577275753,10.391580158249342,418.1480828669395,420.41602230880716,434.62506362361904,434.05437102821435,428.64307972026165,327.951291950615,302.6852169674842,288.84259597550795,263.8760617696784,233.35125503681897,210.95272218037155,188.44428073332742,185.3013643673415,186.0900860246608,201.09254386278084,232.29209989787498,252.1768305207221,266.64937749963735,278.2885609293778,274.0919181068638,274.75882864464364,270.86496544841066,250.88914349174934,226.12055007062241,226.2698050363776,188.2433345513237,10.334744786227729,10.38373328789547,10.714859366755789,17.35637786395774,8.750513254053432,6.764954312885872,4.4304974877540735,5.554798549053901,7.32037458449642,7.70342192895442,7.6060843688356545,266.5318941544126,265.02783924955895,262.3314273987306,290.79196453486975,247.18812495614725,235.93357031967213,227.03026503221867,209.02586061383101,195.85240889145965,181.80590120303157,192.66785031717006,210.4274675282346,226.3067398795503,256.98641843346434,268.0219539055077,274.14491409004296,257.4838525863071,274.1061316435319,260.46722530455895,248.47838365385735,231.67601546979986,206.33347828170326,183.3560349312364,184.32316874664565,180.83764512274777,175.11137562695512,11.348521991732204,194.2527918711919,200.16345023752731,209.45056326741206,202.0863247239134,207.7002573277765,192.90582827405348,169.9045321391888,160.28902095741776,143.70149441693846,122.18215693947218,104.0397558065821,93.34675426823493,88.72166833267151,96.54805799669458,114.03410906712652,111.00488671628746,123.2840532249967,128.65819309264302,134.51415626272978,129.488046303318,128.4190485876588,129.37625308824295,118.74801631330061,111.89660469987098,94.34786518766167,72.95911383510897,0.0,0.0,0.0,0.0,0.0
2025-06-01 18:44:21.904,0,0.0,0.0,0.0,0.0,0.0,0.0,44.710032668637915,95.15098775650765,197.3838486634966,280.15891651708625,368.9412759248101,445.163864105653,516.9040093521952,563.1314033774337,598.9779361987634,630.5263615320109,644.9643083599809,625.5184069944496,591.8034675468963,542.7413616195533,468.86510889897073,375.1903583837171,268.17261167882776,144.03777542756868,79.43330485284223,154.38596964826155,272.68461593031304,412.0948606842858,512.9383973886023,621.5638137210467,704.8003456978556,747.4976153732065,5.223819286677773,785.5650440568362,783.818885222411,734.5022553329627,660.7678775923805,579.2122219755556,472.7272715324685,369.5820018471576,301.6186693697056,264.6411538095403,315.23286854381536,478.54174115054025,579.8870868856203,703.2179986582627,805.7548298194216,898.286360700438,954.2788434871499,1003.2588970869507,939.3892211420045,916.1687496877161,859.0415686291733,752.7165046887295,657.5151133602365,567.0190776365216,502.06731387710727,468.59445428582626,549.6777052811035,10.040627105584326,10.862250682661706,13.452953963815888,9.63907392197631,8.19028461827521,9.790262622005105,6.433254692710754,8.699679883313252,8.77756624666624,10.114546696607665,6.6521570364387825,661.6939454355946,538.7049087583566,425.8526394370986,334.9214421392299,334.18282713675256,379.23264141634996,518.0582982590198,652.6441069336471,783.8782036748117,918.034498195553,1018.3953908239015,1113.8474691728472,1164.7915938618798,1188.3937976903399,1187.3996299779117,1153.2071374729567,1075.7263017199327,987.90522665736,874.5962506754863,776.3780183011748,671.1908601786412,774.451317386326,792.8194710896696,874.0414193539759,995.5563576656273,1134.4722359588172,15.51751039132683,1369.1730667907586,1428.4365387606558,1455.3185448680404,1460.97600285899,1407.0447946742092,1351.3018469613603,1234.9200245808256,1130.3957395445918,1012.4186077987305,907.7367249044302,806.8252817461226,744.8234687259758,761.4729078954003,804.332166759949,868.9592834389905,946.010172865262,1016.3666442049015,1085.6683372384816,1136.188258008582,1145.9676561587041,1149.1040088226403,1104.1042263198779,1054.0652441208183,972.3390721504805,890.381867778743,818.1850440145453,10.180962329802952,10.441379310344843,10.340320812278524,10.62792549183085,0.0,0.0,0.0,128.0,8.650204680069091,7.603254915940962,11.548738526124176,882.6535990448173,858.4252184772042,801.7932623415978,742.2252834848838,669.8990923965099,577.4498085708873,534.0022124266153,495.66362187643654,480.2987625266952,484.82500617466235,511.16117069751976,563.152366215332,604.2490489458092,647.0659719005449,679.0845934035539,696.3797286111933,684.3834941472102,668.5633906803844,648.0583882104233,607.6814649814764,561.5955252636936,514.9231986190567,465.31996820622976,425.5395697598818,400.3262035654657,383.9086815986296,12.827371238930501,410.49376611747596,407.88921234768276,419.7396366078915,433.60879220678345,442.2285901383583,348.11774786219524,328.79565794912554,315.4995381024429,297.84151298496215,269.77370765673646,249.9801714833192,218.5635168994014,208.98814105592493,201.27442972752402,223.82499020404666,234.97792774586117,257.18788390203105,267.2138517842561,292.8900125440625,301.3905693776943,308.1907691442865,308.4175282425666,310.3121632707618,285.59184757824045,263.01379251587434,241.17704301509457,12.303301342917718,8.465400201912043,5.462068965517233,12.482667174364954,7.299565778075586,6.442678863442637,6.596692043957814,10.075862068965534,7.390697418892964,8.201979186041395,11.958814387466502,261.8763708479145,268.2250876718404,288.1138186734335,298.78677695999556,273.62846990997167,263.78022278461395,249.19740041091782,224.12061317171353,203.85973778996666,182.38809635210993,182.62766226929097,184.21817262542743,211.5940320851057,223.7872460916099,250.16657899377924,255.00898866701397,261.93057317247076,276.5669454162895,271.82387535811864,263.61992998154,255.86566068158697,234.07677554071023,224.5912321455713,202.228832769247,183.57391866419934,172.4616841158848,7.552149742776308,175.94010327242123,182.05706346077702,194.21450652587217,188.451793842145,198.15795357452927,193.69257662177822,180.92861445403878,179.29269490261376,161.18330686541245,140.75821952530004,120.15041620769986,104.84545958460357,93.37742577968245,90.65656350995673,98.79644285351893,100.78417110899099,99.26784169988397,120.1629370914533,120.86860986916017,126.3324208455286,127.14890801799393,128.495660709557,132.98474835138944,124.80306714145432,104.81970055762696,96.52790830118963,0.0,0.0,0.0,0.0,0.0
2025-06-01 18:44:21.910,0,0.0,0.0,0.0,0.0,0.0,0.0,34.73281777252652,108.12091033140226,206.06490668066513,299.52908367412783,393.1330426984471,460.50701160535954,527.2734365567527,577.1779675785303,612.0311490604206,640.7362657351036,646.0487663603719,624.4589582920657,581.9416782532111,541.5572957118585,453.665553936583,382.5612413591465,260.72572006027724,134.1375813093699,74.58701155691418,172.43061229397338,305.26192091972564,433.2328607713994,549.7390772958036,654.0749010297976,731.6742612877742,783.9575510914188,6.5964122254138156,817.2757545417461,801.8618139586713,756.3617150678713,672.6001017738514,583.1419603820509,484.59077435787276,370.7372234007226,304.1431836158104,294.27786604513136,348.32832757627233,528.7424762685562,617.1464254123177,783.0986058334,858.7741934458286,976.4986783073896,1004.8983124746328,1025.2147102250349,961.917842255024,954.8008804022764,866.5873598463901,778.3245892451963,643.8501452474404,565.4108568945512,510.0816691779756,495.182327570659,577.4353346984199,7.140106351731408,11.307001201251216,15.152404495157349,11.48743417105161,8.006511559064231,17.15797091984041,8.648239570669759,4.8686093941816555,5.278894199189458,15.189509382735938,10.804205757211026,674.5752414329736,534.1181492431288,425.61378554316934,339.2664129602328,355.5936372560475,415.63986731657735,559.9289742130202,686.8528122692292,824.3842363683427,946.6482077355747,1063.8197585029886,1140.556428414967,1190.325738728741,1209.7642301038768,1192.906364441023,1165.9039286521643,1084.9954245438696,987.750732332782,877.2838740646092,758.8111076444384,675.3406453246981,794.5209630602693,814.6669653819127,913.41075348521,1026.5554912241523,1168.823336870543,12.647649190160358,1396.116084875239,1459.714068916256,1489.9152418166334,1501.757194955655,1438.194648153513,1375.2045576154032,1268.1107494319083,1158.4749397919275,1033.4046127001036,918.6441870096644,838.4546354981283,773.8205248031932,788.0831554382996,815.1040029341663,895.5975015836252,970.3839693745058,1048.8960385717,1108.8112827792309,1158.0957142149275,1162.352319536423,1152.5516709883798,1119.6932296257185,1079.1588719899255,997.2345143473333,908.1034564923114,823.1784503540268,14.682059179800909,7.685057471264372,9.732412854201048,5.513157805741245,0.0,0.0,0.0,128.0,11.108584050210656,8.56331951565575,18.175959493906763,886.0192008783134,848.4907508323141,808.6309336230211,728.3300606501733,666.1433697179209,579.0700762737191,542.7614648046069,494.05534228536374,476.9882435591888,482.25971273060804,523.4935270897713,566.7210906124991,606.9978858126985,648.0090689808763,677.1023375495672,698.5709202956281,684.2440888647304,676.4623186630462,642.7791368999222,604.3323718594607,551.7226412565964,512.2114106451778,472.38613309894623,426.8605897876973,388.42849330054065,382.296529120433,8.145797054180552,397.80412385938183,404.5344568073628,428.88256608898195,446.3741028261945,455.77395039256646,362.38131253280795,347.4884131704473,340.7490559320193,326.39164880732875,297.54702525271796,280.4171176250349,244.03150543380397,222.90253383657276,217.92058979154373,229.6104504917781,239.3738125037568,259.2772658597246,276.14320695757414,297.97381055644996,312.58862884209447,319.94412722891485,323.59320255947284,323.0724413008884,303.3072316765208,275.9380884656466,255.56552042295698,8.606282909267957,8.633869037129541,7.885792884411662,7.77658267056038,7.313359691737228,5.772025007134019,3.737060734809996,5.848789989649291,9.618425318014813,6.429995335784881,7.633894513688626,259.0844865492959,267.4472336002386,289.50099966443474,289.45065788021196,286.2898064092265,261.23162294502964,235.85557780600186,208.72594897848762,210.51221813275316,216.286890313681,192.57652704287582,186.5648323831772,215.78518161221163,225.96567818528317,242.30487747706974,239.11388039898117,243.11382978906934,254.81029320020716,260.65836703230036,249.5786670047322,248.49033749255958,232.14855971688274,199.94919927261233,189.7201037885865,178.51844961921725,164.61643230814522,7.823541073019195,164.47093224482987,169.1163240614445,182.82835084967707,186.8642416809974,188.99242924170423,187.71211234181646,175.91705923281242,162.17310983535194,157.7504727536691,130.4184718581686,109.36151241328685,92.37011000051832,80.50999273533044,77.74779200947472,74.75824702559558,80.61678875362726,88.92044519048903,108.02758620689656,113.75325634943643,123.70751480920218,136.05827867093114,143.97754797937242,145.18316413713117,153.5706862711563,133.05071026169162,122.21745296490083,0.0,0.0,0.0,0.0,0.0
2025-06-01 18:44:21.912,0,0.0,0.0,0.0,0.0,0.0,0.0,68.4604851121509,40.41579864940753,147.18922942490386,238.51134245663957,345.52062257754415,418.08410443156555,497.2868967108528,561.3982533919743,609.1667132522823,640.0868468781343,653.3462637404133,640.6674508389344,618.5433827550203,564.3636458158096,505.6486686872001,431.3047290076613,311.9222334513772,194.0349622113222,111.8426649265142,137.99378590622666,258.3211166146165,397.2031840944487,511.8312067434862,626.636128322313,718.2720017571486,776.8142321079299,14.306423990133187,845.5194653688499,827.1850719037825,781.0479427408673,727.1399655540135,626.7229536340182,517.1627179878923,424.51169797537113,323.9328054246261,303.2426883750862,354.6588883486123,497.01468521621996,598.7628745605406,748.6107855374927,879.9422965420183,929.7551717867938,1016.7755023358214,1014.6027060700131,1002.7194585334357,999.9164991389849,920.224256883673,815.121584695891,725.2182659132668,599.0461325733895,522.856589462855,500.7907707965134,565.5081744257462,5.0990195135927845,15.961923427926333,17.867836289479346,12.84533670577252,7.011974046301803,16.125620793268588,8.706874470521292,12.604656143225101,7.50092466815372,7.312034017739412,14.947604535853463,705.2600722620673,563.8042424023228,461.0768580115879,374.7114660544787,361.1970919560763,416.5245465830436,536.775743173091,666.8088723326923,810.1815893516151,938.1191148704199,1046.3780852406126,1133.2053763875967,1182.133812128599,1203.8700604355765,1181.4989238632274,1167.7616566792897,1096.380321772507,1002.2773419300594,893.6602020072493,774.9741389319041,685.4942323809271,802.4676264738656,816.014667517427,902.1739349344573,1024.5253010469205,1161.92865077042,19.515804213890384,1388.6824311694345,1471.0023036385546,1490.3742785936934,1506.792781342334,1441.1238013993816,1380.1024095742293,1278.891840711632,1162.510892019985,1037.1963421130956,937.0793706116734,840.5755440146286,787.3574118397066,793.6238909149522,821.5232879958193,907.500994960755,968.2696087316073,1046.9026393713484,1103.7335016043246,1153.9662987705633,1161.2728078081489,1164.9611950135934,1137.3683990612285,1085.9171295346493,1008.3177616606723,925.5531225158624,832.6719488620588,12.307240895213905,5.91957633733724,10.853701527699453,2.879091711214532,0.0,0.0,0.0,128.0,11.257614799031067,11.346446753058087,21.343525181758096,888.352320997159,838.2690308012329,804.3633964986528,731.8824624780478,668.7933188698684,566.758816718825,536.789510722341,499.8303128202786,508.7253095341823,520.4521575536542,554.494587106371,594.4294200490223,634.9076798152606,675.0465848391117,695.0698788971508,695.9274789776273,686.7378199632489,663.6648338293196,634.0598892214051,594.8524172452491,539.9519075474856,499.2652980888259,441.6018522318105,411.8999446420773,385.60707605796875,377.7204882934434,10.673571589480126,421.1055018217285,443.9146474161322,453.3674044036894,477.5504505861451,480.9693111884827,386.4439242796157,365.37846666119043,361.31614893292004,332.67772389826996,300.08912501296965,258.53564288166444,232.2800725299883,214.25177602286809,210.82339623716857,219.38161622113702,227.22170735642229,266.68196017997224,264.38737283083054,290.9531947445128,310.81497999554625,326.32161192909854,332.9025033461661,309.04615858854424,301.6544297150087,274.13687435761756,245.14492116697681,8.802315900068178,4.46122633933124,8.433548252328032,14.102810974768364,4.968176472905375,7.939153406901674,7.931884153329763,7.269932416367848,9.79970504591909,11.427665946731619,8.876835718586918,251.84491160139527,263.98831872773474,268.8040083785521,273.6597563540067,280.57031346391045,246.47057941668416,237.06000879001982,212.75479742827866,193.09339663783433,217.61511046390464,173.16211811568542,178.11775689971486,203.88330406224165,219.8815957950269,245.56146330138324,228.12751705241425,228.91690266846632,246.75002722209246,245.3028617771516,225.20783273903976,231.35443233221895,214.0528082610119,182.49115424894342,179.61152335203508,174.6549000198217,159.2889777201063,10.016870779455772,168.92889960717736,181.62157853279356,185.09190527022645,193.49617145206346,183.5277714040679,185.92362292499445,177.24326314283073,156.34930656723927,152.09859367933302,121.94168856872298,98.51751105782841,85.4995498700088,73.02103078009254,74.7440366235999,82.32963143970832,94.28226953003653,96.37421808915443,114.71660914519218,129.96675206846862,133.3496129869338,149.35908632173124,156.3068249671786,164.87186152013808,160.03483739197833,150.37057418149826,134.673675904833,0.0,0.0,0.0,0.0,0.0
2025-06-01 18:44:21.916,0,0.0,0.0,0.0,0.0,0.0,0.0,127.32565759179806,45.07535939364565,67.34419122190079,170.2542389344725,266.4403126333219,353.8623859236423,430.6740679691795,507.74731874345997,564.7932991953644,600.1494966559335,640.1746682098424,648.1844877756341,630.1481785366427,599.2431345336228,553.4493917713024,475.4832294314761,375.3828719630183,259.9975532150579,168.88577268207678,109.1239157084172,172.74011609229595,310.72084762378506,432.86053255761504,552.2660961184054,651.620398128027,733.795175276195,12.921723555647109,832.421163268539,823.1181512501328,804.3608759751005,742.3766894254314,673.5405985976031,583.8030159535751,474.69618174955485,369.55411097315266,303.1486567503639,318.88727330209827,416.01732653982486,530.6777398468237,703.1519280394241,832.1083266989193,889.7360890686593,997.8760781311353,1004.5767860522604,1026.52184639679,1009.3469946818655,957.5236203980916,860.0127573398382,778.0932439049051,636.6231163648697,548.1955388265521,500.58668269307736,547.1743304544013,8.276401679287911,9.670755507353418,8.862068965517324,16.264117938619435,7.280109889280518,18.40179405777364,10.17225944951689,8.846704369161202,10.817882128270451,8.021635068895458,18.601835250450474,756.0305981616139,622.2661427585457,513.9604614772558,415.68544598867913,349.7251860159353,394.0841380768692,516.317744113772,652.6405805578738,797.6602011230158,918.0286536990511,1027.4503895957384,1130.067856297558,1189.2666155940249,1223.152716142239,1230.0058659642089,1178.881040509336,1140.736011198463,1031.7333687285554,938.2254571710847,799.2160480974161,728.2336081214738,825.6454118337176,808.2264812750574,894.4077675667932,1003.3258172086535,1147.5068570015287,13.215956795214767,1382.0780644896022,1449.7932335785476,1507.2453766811518,1492.6492636588223,1462.6599321609697,1391.8565880044346,1287.2964698934506,1177.4464140460889,1047.4573712223757,944.1296768497094,850.6235628738605,788.9362507150005,780.2727037672332,822.8419073222316,879.6097959389778,955.7370739007924,1019.8475237531138,1103.9975742632625,1144.782896203413,1173.2078327253516,1168.520827270023,1142.2418582795683,1081.6723462704044,1029.1564751018861,941.6723850813894,853.2469014772458,11.340674426579673,5.437098356832509,10.574633372026101,4.77195455969556,0.0,0.0,0.0,128.0,12.514658964052222,8.438909789207347,16.15403793287736,889.6048640719422,852.5620010714076,803.5937047210427,760.5675756045567,675.8477794737904,583.4539936122338,558.9358589703075,526.9672798898845,526.7129172012958,548.6051779487111,583.6421786601809,622.3795079473753,657.7440511909285,708.9077204565283,715.4921696982597,718.0070898478084,708.7762990082645,672.2054678611514,661.6392503385547,600.8104573627428,544.3519422117987,508.27294287602757,442.5134959221927,416.45645387691707,411.8787736251612,400.3358981544724,7.15344785513541,454.56866452335873,483.630840612523,494.7267280030467,512.9051082099,528.4995155107013,424.7113221249177,388.1156391054454,383.37919749618084,347.2107744398772,309.7346217597652,267.2994993778827,241.07787270261696,233.8795963392461,231.14622689584593,243.32717220207337,235.8019705292197,288.1828410147022,297.2610707699937,310.1883243986063,333.66793047937705,333.9693688806831,331.71307724423343,323.7223658375308,307.71615486261754,277.9921019804516,240.06075247853724,11.832042958930158,7.227945986315498,9.286483146378313,8.846704369161202,6.266438547538005,2.4673853544825795,12.72942526740442,4.906982576123385,4.7748913467742735,11.797915583296515,9.660126352216782,253.84006864714155,269.9119600768508,259.92231990734473,265.44705884383393,248.54826036954918,221.01369865111158,210.55318487671752,178.87805874393058,171.64806341074885,182.68791497945483,175.30049237436313,179.24417060309324,203.4194646209105,214.19937854084657,242.24073360760926,238.35670224507714,247.06059228038035,232.0066074518205,232.14655541392128,211.61485098471397,215.86295291255516,186.46603992898952,171.3367751632316,161.19113647964875,155.91260368769574,153.45559623475933,4.928255920377782,175.85888248137408,187.5372036864856,193.52715243203497,199.36719143019684,195.54732897546734,184.6093288271604,174.5509837822807,161.1659245821054,133.05437432544463,106.68790173195326,89.69249155348912,78.10208831668764,64.82883615174522,70.20154724365733,90.00706820662693,108.1371795843096,109.01835884204716,133.66818214157868,141.75516676667775,146.48489149253987,154.36584616789327,162.24887467166144,166.16298056340577,159.68651345078692,149.46839076647305,129.0110512572448,0.0,0.0,0.0,0.0,0.0
2025-06-01 18:44:21.917,0,0.0,0.0,0.0,0.0,0.0,0.0,162.78225405903203,64.19337451386487,46.747653417205534,143.49175590152385,245.5024521597843,346.5449008807005,434.5425040715336,513.3194582643832,575.9415456336372,604.8195273207647,646.1724710610457,664.6252968795957,643.0498996289375,619.2503564002141,577.2042434730506,489.95413128531663,399.9128885589468,285.2851686643415,181.70480175647413,113.16596209815798,185.57520625672072,309.0115010554891,430.33459555036103,550.1257773485905,662.1532158020073,745.8117879841926,5.468775140953113,839.355039197942,826.7740163766379,819.0916935355644,749.4877969064306,676.4987091528782,590.9252850485732,470.5840627441176,376.4516475864545,294.8797762018782,321.39400215423063,415.37655594610294,532.124496481242,708.956059963733,808.9229781077205,883.9373295202885,993.2611732350326,1003.5560525723081,1070.7666205217186,996.8093360353513,960.4828545478778,849.7123807453329,782.3009772312148,632.4862327248402,533.5946575979349,484.589592452027,538.5651445396169,17.186073211246566,2.3290443526559423,13.00810066067753,8.986713330293517,7.679847475518152,9.431727998901684,6.494031423414341,6.262382994543493,9.086393094027798,11.539409245618081,9.694545920188718,766.9284705802804,651.1346879129338,516.5345342918823,396.3330638295456,332.08300754692607,358.0355037042701,471.7608339129879,608.9581823597067,779.8821244380523,900.1102871109722,1034.2253786007268,1142.0097529134264,1212.4646896318761,1255.739189225413,1267.9944900415148,1226.4356146431182,1177.6470486877681,1072.1078394872993,974.9615722777929,827.5306561505847,728.8088132206232,812.9079769283352,794.3445255561119,849.266565217249,978.4559848811031,1116.9359729971573,14.44941017735785,1388.9650985515727,1455.949009147849,1522.6372998425456,1532.902649592759,1500.3118784041476,1433.269328490591,1336.728969219357,1235.995004328418,1122.5234062376276,989.5146475856595,877.6455287323006,802.6612147222149,789.906601385244,812.2359822587538,870.6167388782071,957.0772209961689,1022.0497258436202,1115.4535378414357,1159.4846842638178,1193.8944997214128,1173.5488529550116,1159.7426800757935,1112.164030356779,1041.2262170305014,985.1221384354907,890.3904830615901,10.960575080258955,11.085498541993877,13.592786123578247,3.586695711180232,0.0,0.0,0.0,128.0,14.105248463888568,3.4598121139522835,4.483571391562187,923.9248976338752,898.0771624718614,829.9220274273137,775.0170780954936,696.3936827762819,617.3431256808203,593.0407639370634,548.0545213316485,525.431806851368,542.7424670988804,586.4400663075596,650.2852977358638,686.0531507408732,716.3805607089198,747.7957512136072,766.3337828943618,761.4330406731856,732.5328657167818,707.5869099164964,647.8373352023004,607.4308001483591,563.2917112685423,515.4336696335195,463.4758187565895,430.6010873252858,449.91959072234454,8.919440921647924,468.58359396295754,509.2290259000724,520.875559193508,547.1050847830758,554.5430920175071,434.13315313588333,414.6316960344391,403.0229288366643,372.5222253494251,344.32519821666665,317.13043253224174,283.2756307873515,265.3976393633982,251.7607585725911,256.9920078304401,268.11401413046156,282.00145257134886,301.47017379322136,304.4686744494719,326.30779577792464,318.41198930076763,311.7767060432108,290.3880939028115,281.14242925861697,253.14004479785686,218.8398799426615,16.27209844079291,6.8543387744095785,4.8070226605228425,10.607365684193233,7.533207670980175,6.827968563928824,8.835019283031553,10.609104568852684,1.4919540229885229,10.132012319515233,25.691104765260242,234.69349483701328,226.94323183238674,246.25318924243138,235.27542824118103,221.58298616806042,206.67208382502957,176.49651118978844,179.53972683444624,171.53102131554684,165.24939476141276,175.5892118083449,174.5940845828968,189.68160769860097,203.38313209705268,254.95939695071397,247.77215593907016,248.60772785430666,233.33762355163503,220.02032222771453,221.793777325917,206.67532073792626,183.51822841977622,171.40410579206088,153.78576156205642,151.11503398246217,149.39386667556673,12.006072878960452,177.38145670661524,196.45536364704833,205.34739623125094,199.69553835308764,204.11846075349092,196.61333437703,189.65772036179948,176.37110016888883,142.608281501073,123.5995302393946,99.29555622392782,92.50459719583976,78.06106795426122,80.2083497964272,86.95721392629977,98.53471446397317,124.45221494913032,136.6268947962028,137.1129005549725,157.52191192574054,160.0816737150428,175.57803686730387,174.70833470851957,169.23626447833803,152.12797707367696,136.79988417021335,0.0,0.0,0.0,0.0,0.0
2025-06-01 18:44:21.945,0,0.0,0.0,0.0,0.0,0.0,0.0,59.23304909786923,114.81427004709808,194.84456993835818,287.9266179348746,386.46985255554694,465.5926393493502,539.9061480990242,589.8517741139259,623.8549829003882,640.7327814425894,647.7291820198375,630.7277486641956,595.1699220545304,520.3273444873471,451.1117761449897,357.48778343209204,261.6883597831452,161.4410275068626,166.83431879554087,226.1476195993328,351.6291036528695,457.1189684150421,576.2686403532257,664.2161538613251,755.7988264063173,799.4609538414463,8.006405700759684,813.4031081174271,791.332021112269,729.932915393004,661.6424072454404,576.2239292948641,463.7843148107129,364.69439414722444,324.1272492480342,347.53487093836054,411.5623699759784,547.7374125546739,685.798959047951,787.1320693162089,892.0558773795387,959.6265083920457,1014.2411692310042,1030.3338313101333,1012.4033104260786,956.8139039991381,902.3382045989454,780.5852222649944,670.7470056232397,562.181442116552,530.0126460983658,552.4953820159986,615.187064385497,23.90119718042818,25.12907938614269,23.952117189617837,6.573051077770838,15.81983538896845,15.271521996971934,4.333992764628388,12.957927222662612,6.352870008639953,6.521631931968989,6.1350120067663205,665.8039657099298,543.9359401686337,439.52760176608297,360.3446272843593,359.1757013540898,434.27390359337187,559.3080576986134,694.9401033404416,843.418751772551,952.1473986095361,1067.2082749031845,1143.0725604530755,1196.2729579980173,1231.1750662244883,1200.7816106947337,1184.5798619691816,1102.100997896172,999.4285268084697,886.4466223930351,764.3299747280145,674.7891593495991,794.7386953609556,796.3978617058477,878.9790099089143,999.8485229368162,1126.7204631819668,18.21936737328504,1359.0027302695937,1439.1728601703169,1455.0245355940165,1491.5205150923562,1439.771060677006,1396.9072488994486,1284.3200491047287,1197.7649126549486,1080.1154687379417,966.435225973957,873.33992679497,805.8236808187104,789.8559394470292,799.7012133083504,864.6324203555182,921.149487479059,1003.1867981158132,1075.2628012915745,1124.7562229971004,1145.861398218266,1123.514119296034,1114.5764435753038,1079.5731469535485,1023.3926101531282,956.5313778635364,886.3732086885097,6.77184542243166,14.231367808430814,9.510628183521327,8.487356321839002,0.0,0.0,0.0,128.0,8.352580967655861,11.02960043663692,6.576864539915031,925.4297775824406,891.1179757269895,864.4616304752907,797.4750681773106,749.4002938987874,658.8738531408759,620.5782128251534,568.6833308744056,544.8647354823878,558.6496722535044,594.2871740867072,644.0097610102177,679.9860814513762,717.6670349192284,750.2796924055726,786.6225769473241,798.4943731688461,774.771867506464,730.4912147081595,697.3289083704192,666.6886753988017,629.4132725340304,588.3025519924515,531.6798307595235,470.93081883177445,481.3892179910991,3.9565858595009438,485.78295024418,500.2902931419637,506.6356060566756,543.3910155051382,533.7222469936229,443.9884625988307,416.48888293974534,415.9020998139335,395.3597706536131,366.25183400583325,342.8657204105297,314.50906010006076,281.0934938821176,268.5630779467349,277.08308378585616,276.20460737352016,277.35963826323325,285.58064794386,294.0198895465797,300.9503757982553,287.08297427386765,276.95743268890584,268.6144651878269,275.2491026802941,233.15161509193396,212.3287148674161,11.500664240825019,8.751240745287973,6.3902794765527915,14.56900371010399,4.971547462664137,13.262478489006373,9.757413446277818,11.755421268427968,7.443367034337552,10.99716604947731,18.497499502581483,230.4713410600221,229.48550289050635,249.36073701385519,233.6680287921352,246.26817288914654,222.36192279045923,201.63874280583556,196.77614777428553,174.0949882834739,174.01346597740883,187.35548532176412,197.78293821918567,220.6935047624317,245.08554920381272,265.8713006744207,236.3758588093566,250.45814567257133,258.8725350311083,272.9320262020289,242.55036150060008,217.20944778976383,215.41485790710732,197.60344222326904,167.2415175580546,157.2755539731603,148.92421985317495,15.0,183.24093444085818,178.20701399762103,206.16559682255448,206.0336642113631,208.37509947699408,219.11291139950177,207.27958400075568,201.21128236243896,174.70575447587694,152.64652846418417,125.6317996319888,117.0362158227671,91.44338527500588,74.43017749174433,82.32521565082936,89.72165378831494,115.94161651129934,119.02134143030423,132.0140732551528,157.81012920110328,167.43427482900003,179.6266366430515,186.29142796537494,185.54166070561544,175.26241538603105,166.36002150148258,0.0,0.0,0.0,0.0,0.0
2025-06-01 18:44:21.963,0,0.0,0.0,0.0,0.0,0.0,0.0,33.06896551724131,121.16957908770519,231.96041416196454,342.4309018871379,436.77682220538463,519.0042331362736,593.0531729895556,632.1032127356002,667.0842870067894,677.9122193055795,687.5802353571004,654.9871096376382,600.4012788774726,528.734672685205,441.5142298429533,333.08269567489793,216.04558357917608,131.5244496376848,154.97860253787525,260.6282270701176,393.69673324614183,510.64675267143764,623.6596234744424,722.4110984133431,787.3455355961296,834.6482971540862,17.433698168376466,832.564538429099,794.7729735917555,731.6098232547971,659.0129711615735,554.4648675633089,432.62457310915477,336.115591991031,296.7459429368632,311.5966386011049,400.98145524434403,570.1254299038264,686.4064477308007,824.3918257183958,923.5319060664546,971.0799840127446,1005.7538485494728,1059.042908334083,1008.6185518780527,990.6974441996699,911.8703304975612,749.4313106046109,656.9027487192416,565.3278763117354,513.4288920786377,530.4391128680685,603.7415345627284,11.176676280356444,11.84225096804806,7.821882116681085,3.6904931460516583,13.553690926568045,9.876329291709652,11.471527803942312,7.494500318745278,5.689272431730513,13.798233237926357,12.64142477185026,663.2321662205926,554.9127815254922,432.56256448598475,363.5373394297098,393.0649420630653,475.6611251769117,601.2713700955123,744.7624873685947,871.3168085020951,993.1361671815333,1114.8538960567753,1184.0325086104142,1229.0875790319922,1234.743101986773,1224.952163912968,1172.7759346436617,1090.6337149280591,986.0678217416804,889.6859153744737,742.5229751933571,667.3795640664582,785.3725080641351,820.5375535249296,918.8676781892484,1028.3079014777975,1170.4055700433316,5.800264447431674,1368.7843134470843,1440.4729174387812,1458.8160714021649,1476.2838395013284,1419.940102810628,1357.2170049349238,1233.4232838225287,1139.4107493751674,1039.452726995437,927.2267486509934,856.9733309727284,786.4891407455632,789.1918397935498,804.3330815756792,868.5896759429278,926.8066798348484,1000.1444675615452,1072.5443740073717,1107.287270955581,1122.5567440086659,1108.6833392473377,1087.2832225488871,1045.1502273148953,996.5254558626108,914.7534433165454,853.4286199632019,4.308517687836535,13.00497234221122,12.111811909185352,5.217423888433764,0.0,0.0,0.0,128.0,13.882580140249296,24.417207486071174,7.41415839265588,965.4449041569363,919.8784646609071,890.5144904585705,830.2767969564985,776.5477507703463,674.709981957213,645.979464214896,594.4334051150906,574.4422681353952,584.1316047544321,631.015181382424,683.3464395139652,732.7532975506332,775.7245396028026,805.0363313506379,836.4365514445901,852.9787032415845,850.4884700830138,817.5545491875675,767.1186598383573,730.0664198464044,689.1001709964133,629.6815810770123,587.1715019074109,534.3164279920929,513.2017852742096,6.170757497880073,524.0081107206506,533.1357207424844,552.4870504622603,608.1332830622626,586.8652949912798,486.15380318133884,456.6074271490359,448.16044419646175,426.0060239989141,407.41661032307485,378.49352884749675,343.85435866611823,297.3354008327565,292.80542769888615,294.8292832808141,282.97114517305187,275.8491316986744,298.47085130648105,304.983403532503,293.84835633773133,285.4011133031196,272.5321216914585,276.23719710955885,255.4861071180737,223.21371761151698,211.74161683141722,10.932408740505986,9.269315423684139,7.7115339915004,8.532770673908052,3.7241817176342944,6.0408689763656245,10.122576545054143,11.111723895205962,9.394051544341977,8.61703537567307,18.7878011126476,221.4247092821079,218.36515363040596,245.4868661314361,242.19528978035777,235.28292193801622,235.1239953650697,246.38053464931232,206.97645159985765,209.893195239213,185.6692508819472,191.54518429211652,214.55776084168406,244.42642918929224,292.2614741411539,267.87830823497904,270.0830430934243,274.4176036370057,287.1804693871382,285.95721423812716,273.8579711673878,249.44728172031478,242.22629575549047,225.01338820116518,209.41960956250315,179.19314150868462,183.5947994893288,9.354113202063743,200.08646825947514,215.90400204440868,233.60684790778384,228.57195496353992,239.61474024388949,244.65944304883877,229.09674080012007,226.9565094957988,199.76287165040395,190.6402670263923,155.91886852864891,144.41837784577666,110.22825514052192,98.2629534763238,103.0834660209343,111.19652557157679,123.96808105398442,138.1269437975639,159.19607110124568,175.83415740623718,183.38967193116576,189.40418842884716,191.96202566867882,194.74244280328318,184.14812847693358,168.4395504627217,0.0,0.0,0.0,0.0,0.0
2025-06-01 18:44:21.972,0,0.0,0.0,0.0,0.0,0.0,0.0,152.96103117900674,82.21427109045828,85.91615410749651,181.8186325962332,299.9558577016618,394.7320391073009,493.8416018978319,560.052926357918,629.0814399540594,648.569588669854,685.7278986156257,688.9869617559873,669.8175098121974,629.226168369923,569.451332453972,467.93391463030764,365.3034971251361,262.2615522209133,168.16187939598086,138.83423977840803,232.95073150115007,363.0122477496893,488.64490866778306,596.6434340918966,692.4663890395348,767.4459659592642,12.144850787499347,841.5303437088565,835.0399686233409,813.1531118179403,738.0406415457412,674.2874265146089,579.1169502502485,464.2172735186351,364.41194866268455,301.1860424805348,323.0913395745871,440.20815497522176,554.3044192625046,705.7645250763229,813.6420948429925,896.6104662048317,991.4403292025046,1040.5930320149469,1029.6411408151162,1023.114595198062,952.9906968887504,840.7215556289376,752.5227106185134,644.3279194093467,556.8421371188375,547.9285731606843,569.5116725290162,3.781609195402382,13.422179611960743,11.819697007507692,4.687356321839047,11.503835809161032,20.219615590326047,14.739356617573621,9.220771361169245,3.270572054591619,12.31055883970972,17.16073974998007,768.3295782049711,648.4492238618964,522.8200316281217,430.2984230738651,402.31332021866035,445.3903794511838,565.9859279259438,701.718777172541,850.5423146541364,968.9259018614772,1083.8991495185005,1177.3215826416342,1240.146944455785,1260.7499764212682,1262.861404255453,1208.79270021332,1148.8996706386577,1040.7236592703243,954.7619959575201,785.4747189469489,731.2393887625859,847.2671585579534,832.6893073987925,910.9468667265454,1032.5464322370995,1159.1535131718501,19.401453561816627,1385.7588129321193,1437.2100679838404,1470.3083029262855,1467.9127928366338,1429.4066561147579,1357.4473149487442,1249.4048865753268,1156.5601147538302,1045.979475395241,940.3566725412217,854.9486392285683,806.5551474869806,800.8653729033044,820.0320283876925,873.5355896076081,933.8192419303354,1003.9534732525561,1053.540922915097,1075.0761004883934,1099.8624371872318,1072.0613259378429,1074.4038942743236,1030.8620820246588,967.2573665178567,910.0886529407367,843.7405353407197,10.464180898428495,13.788826490955838,7.374076619933792,11.080253968613759,0.0,0.0,0.0,128.0,6.970113479457741,17.306501489547685,13.988563062471554,953.9527885594316,922.3970141119258,876.4351524246439,816.1894739089867,758.02025702977,655.5326793720734,617.6015778559554,595.0766326564142,590.3562044612939,610.5794663808845,661.554975394541,720.9732909429295,768.9238644622235,822.9051041347811,840.1784220270551,851.7796199267715,852.1893199209179,829.2990932358999,819.008755925865,721.0455221670891,714.0662193847824,661.9432563079441,584.7010904506275,547.4001758530716,542.4160821454828,501.45349792104935,13.647539865454455,558.8277580527075,580.9731960159221,601.3773553478286,633.7362234615562,637.7290495148004,512.6649438821537,484.07168552045266,489.02655460801395,437.3022160024011,418.26501038194374,378.58900183984855,347.6774143089328,320.6287825751013,297.0163221929936,296.3867778439088,298.7683121155086,317.5595588687662,325.28334005839594,316.5373331015764,325.6597771973327,308.57579540582515,313.4601087891181,301.70855794647406,289.57389423328164,244.0584207996613,221.4053171206344,14.926405458541105,16.19955645820812,3.888857193663176,9.403519110940573,6.223191563123672,4.946462859840335,14.776667072260093,6.499195537316037,16.233077593573487,13.933838553707602,7.614582777280193,251.64531223976314,236.13616505266765,263.33660042492505,248.0937829776034,237.9034405328028,230.19599760102287,237.36752015027602,204.1152303565725,197.86945970991403,196.12047814076476,201.301876334495,215.77217109767227,240.70870805520764,253.97370462743825,286.0454376246412,264.50638199999,290.14044844154984,287.19628014646406,284.2118115093604,262.1603887009082,261.06917434482745,236.83150211835374,225.88852497892216,223.03638440023195,199.00656375402917,214.64295791919744,4.302231827539352,227.3011442484387,236.44020755794043,241.61836492730515,248.0932600412795,243.13112241202526,235.72789047771482,218.9032810701305,207.76385257069407,189.35698280670005,162.31171277812462,142.73192456496432,124.07300228079448,123.09468695051498,128.70316919160982,136.68635150010806,147.1481777719443,146.30989277573576,170.6719808477884,179.62472282003452,200.96759810810576,188.03828564298402,190.30986904830706,184.82639834304004,175.40835834395563,157.80356953368891,120.37292908874181,0.0,0.0,0.0,0.0,0.0
2025-06-01 18:44:21.975,0,0.0,0.0,0.0,0.0,0.0,0.0,63.93024375830359,47.577466203907136,147.44099980395686,253.33553024630908,343.90105450899244,438.00520477147603,521.018125098584,583.307371488485,631.285914137865,640.5988449154362,668.0594146651028,669.6915668506994,624.858984292081,569.494220902154,509.2716452741157,411.7920322767265,297.82850712135837,188.1953858732701,98.09873050145737,146.7711491453504,278.16036197610396,401.3130473870833,515.3751678449821,632.9804752190273,714.551061988093,775.8633734582953,13.78328899724435,820.8000668022983,805.1086807665324,762.0347854721942,703.4706572413197,607.5539676923959,528.0148492642861,404.07915692105786,315.61371765732946,301.7377594744045,343.7606409520987,475.3115923606391,592.8984516344948,713.347997817128,842.077917197863,960.1990311540875,956.8217103708246,1015.2824597065113,1046.7862893939282,1007.9958085539419,909.3160243041044,830.2732599625664,703.5903423785719,607.8901012271585,520.5188855857745,523.9968387422327,567.0008641040505,9.49957809973802,11.289978257125954,9.928055985536648,14.717967560245842,14.328475242144524,7.295629179652002,5.050438587325932,5.6130739749396925,11.847547444340517,8.517385408704408,9.28335730441431,720.7813011059345,614.3538914455632,489.40897969246544,403.52567805942175,403.5931984636548,459.25246238716625,607.0491075607205,741.4153235548501,881.6279919787041,1006.7147599720333,1148.472435701673,1207.2313884719206,1273.676734566102,1287.2566667627548,1274.7970175946323,1228.4272433285864,1151.0277570712492,1030.517347283548,926.9493778305157,806.0458268357826,714.1075577839588,824.0838974010969,837.1832187930952,939.4714121673552,1043.8444534933426,1200.1341340008505,5.46200293789277,1413.5405238166195,1472.1326083982442,1500.0669622877876,1498.9962636978228,1462.7796662737323,1379.9356686702622,1270.3632729795079,1177.22011737595,1059.4225318198537,945.6950920606977,879.0137627698165,820.6943106840404,799.7396785488365,833.5938777089777,884.9762763529367,964.4520222933384,1006.381818061259,1071.8409258978784,1101.9461836325531,1129.4833857226429,1107.4420769105107,1076.4810640636556,1048.2434478746848,993.0891202177097,924.2492409767291,858.2794763525337,9.287880538465869,8.069468895063459,12.68140077227131,15.23736378937096,0.0,0.0,0.0,128.0,12.03720474572972,5.112503662001311,15.145237937483266,969.0307344564823,942.0710987934285,885.8008475030408,831.5034871668486,757.5289505355141,669.0713628872526,653.9211860049458,620.2181759336245,602.6563554349757,619.1799093500956,666.6420347142373,719.9233827504031,759.5715134941861,802.6181199835908,830.2634979829255,844.7257656596225,848.6586396832565,830.1043406757532,792.5803235251146,736.3564801438852,700.6840499646465,649.0320645136945,613.8951632795593,557.8667544671118,523.9354706460323,522.4689131718706,9.343345297294608,564.2412865140058,585.6590819791504,604.5088561831591,643.9848895302736,645.8715854830481,519.5612129362765,493.31572602377094,481.41487305350853,472.1457582247358,427.33628481820637,402.7860519146884,369.1697139597167,337.5549740266647,331.18892568006885,330.092330302519,342.0201832977635,343.8590704051464,377.6373703728143,378.75358757514795,381.0877888450765,382.95979963742013,358.53662440454605,356.4202072948898,329.3739473835422,308.84796725591644,268.2629508935267,14.694278115409015,8.07178059080274,8.453683138116281,5.6130739749396925,8.902018643813271,14.20605162718725,11.265153057877164,18.18649881315434,10.499088724692863,16.980800853863688,11.199977021456313,259.1744219043379,262.88339335454543,270.53739517023075,278.21491378012684,264.29430833013345,242.4494543418072,256.4077759301832,214.73509740750663,203.78864161440947,182.84235437008297,239.2368374966267,214.20247492731102,239.70273965561336,235.60308972822497,274.38772746286025,265.42185835647274,286.89900674066627,292.6959204606777,295.1195761911516,276.66674819115144,256.84244908903247,241.41178484498835,229.3848683842719,210.36905965631627,199.1449908042736,206.72920229176336,5.549579402739639,214.52352348029035,229.52349694460182,235.6639492671446,243.5494961828988,249.34620260843715,238.8386528283582,229.52561039839802,213.4808327975825,194.89755627749835,163.08203625205888,151.61748805250159,124.87299198814019,109.44782938153818,116.0772032851099,112.14415236039271,126.18888408454731,132.65212353945012,138.5951919804516,146.1407578417244,161.8520560747649,169.12838583071942,174.73298728757297,174.99727021871243,162.68882028191905,154.63170096308437,132.6070065077098,0.0,0.0,0.0,0.0,0.0
2025-06-01 18:44:21.978,0,0.0,0.0,0.0,0.0,0.0,0.0,128.4850834118387,38.22693259343452,71.92074400696865,184.9647375405674,290.607607635943,389.78750575834505,478.26938718677064,553.7329559580626,617.6660911002156,656.7120494071173,673.2223762932545,684.1444304935121,661.5901703663543,630.0276604099128,565.2391944340607,478.3041283170706,380.6752865074303,256.9541577832764,136.58096696630975,99.0516356809467,200.67123710378885,337.30348101613527,462.463192487578,586.806995249378,676.1903427247905,751.1414646371791,7.157149384506361,839.0237664692918,825.5133754641133,795.566024866829,734.5337932933771,658.1912884979782,569.6197979284069,447.5774519124577,357.49860796874856,282.0144424574784,304.77088123834017,418.654074858338,519.1151550524095,666.4344346560846,825.9589596172975,895.4568028358186,959.3138878630609,1011.4387768965927,1029.046883638188,992.4305046227873,937.4694767316427,849.5141616986388,739.7552365283539,610.0458803808701,537.6600797586528,477.4818339654314,534.9385573042823,11.998952234916434,11.923324437181238,5.428108523095092,17.021393238910782,11.726464342918174,5.357536985689098,11.376113817362889,10.086545527367203,7.6582836792130635,12.831928281908514,2.7985966450251496,754.4475689709164,630.2565297925368,512.1870445763528,408.3059783589443,378.82923013327127,413.2399928343352,550.2957490630404,692.517571874824,844.8148384494589,989.009013732015,1118.021924089845,1214.5864656532774,1268.1678309616775,1323.1313014343864,1307.7854376633593,1269.6036917398765,1187.1236107867526,1077.1518705929693,971.4064039314484,810.4982243849668,731.8019603470983,831.3262647341982,816.5260399011297,890.9728938434365,1023.3760123570064,1180.6010321852987,6.866857899970703,1428.3620994302566,1502.5074478563533,1541.8670009130487,1548.963500348944,1517.866528534849,1446.4428791086546,1334.827606283843,1215.533208050929,1094.6290855175957,990.3652906046694,878.3359231320328,822.4742053145221,803.5172515844037,845.9787102162096,903.6124356834987,960.1647906840218,1027.8407187278008,1099.6542451112807,1130.901306791328,1172.647554091611,1138.7388250984006,1128.334511988209,1102.1630086318112,1033.140406788036,957.4664483608816,876.7750705110284,9.434447773697668,5.964207820260171,8.36940203217974,7.835411460654974,0.0,0.0,0.0,128.0,10.289655172413774,3.0584670196999673,4.318047012330679,973.1995184814982,935.3058632615581,892.9087276876757,824.9630811817175,745.3910142180085,657.4456498636731,616.0060056583127,579.74144968548,560.6698979177477,597.022282648993,640.868960271932,667.0614821450625,717.2144104239144,772.0293143349226,798.054650394547,807.0063806637893,807.5269235706731,787.5672326784426,765.6415395061634,677.1517408926086,682.6692953829208,626.1790620810549,556.1361697727755,528.7863430217188,505.87865869582384,481.7792666482788,9.859421051272047,552.5914358943862,567.6771496102075,610.6820299041068,633.477998509145,639.123693492801,527.0145835498217,493.40709188374416,502.48629672075776,468.4108237765502,436.7654814520961,382.3870140585046,355.0283512334983,352.92319765398065,336.64021782647467,317.22973608721753,347.6331191430845,342.16335441665893,392.7674073758588,384.2368559008116,393.44571763564454,390.8781087252275,380.64589778066795,379.209147787838,359.38037470278095,314.126830080012,273.66132539536716,11.506673118360093,2.6678604145342026,9.461025812746716,7.059961348246552,6.158126349150564,9.217951285408486,3.8833132059333506,10.965517241379246,13.467074650655174,6.5319590397066065,5.679878097262659,268.03217225709426,251.40498980428833,266.3547966270148,248.32302024998205,250.14411749737573,238.1736632082216,218.93003800688604,200.43379236477358,212.91447613110924,167.54376947476985,173.30665493223745,217.3403074593062,221.97998327085614,218.94201885561085,264.74696777505415,256.1671099743651,260.03219429832404,276.5238635887468,264.31307464020887,244.87984435914157,246.49865011518528,224.8199823572726,214.80186073870848,187.628174344961,181.72332078649828,194.41703167186063,11.590980084061759,205.31777264090445,219.9105958164748,215.15392450764975,232.66452638716532,227.82349640323702,222.65589103741462,203.3840237897361,205.8876213549983,182.65618373327644,165.37982482679587,140.47201708104586,120.74303863443552,111.54335858407435,108.6071808428251,106.58434215354549,120.05181253678136,108.42079560331516,136.75419762012268,152.3639247093219,158.87628657812348,160.71519248646226,162.3611709897683,160.00664221432842,156.31274877527034,142.085198452616,119.97037789285208,0.0,0.0,0.0,0.0,0.0
2025-06-01 18:44:21.980,0,0.0,0.0,0.0,0.0,0.0,0.0,200.3983400754812,116.43827513134993,23.406626080032467,97.04569536957392,215.52126424662333,324.9504766861416,418.12237611751067,521.1029249658062,586.7952660175185,649.978206045096,672.4266648996918,686.8090662354437,677.9996442256792,642.0713036678113,598.0928165706177,523.8250991116096,400.31388994050224,298.50730705669014,183.25779424791517,87.61934092890306,149.2197614064487,271.2114273028593,397.5787463979517,524.7588840856868,635.5079984454323,707.3980316639066,7.951648847574175,808.1709017466494,820.6248630427727,799.7379492700478,760.4847073117755,689.7031656426032,602.4935527207555,473.4857313030193,392.49455726946474,292.1283772799047,264.3268368880553,349.3432904635156,468.53322137872874,557.0275991866404,685.8434801541807,820.5648689254323,963.1815584748782,997.0253781410437,997.995378455902,978.1898379897424,983.4887528555469,926.0026602050064,800.184870937533,694.3261079254953,579.3321120432948,511.57432354712324,513.0959043516003,8.507498838526047,2.6694396385861143,14.364409953148085,7.04406781688918,4.71991492471073,13.81973574887456,9.418678534522265,14.071976046573585,6.148649549069366,7.684213500936883,5.59129296702228,792.1651839960858,639.3844161397941,551.102313269598,437.96102912894503,403.7919183109659,437.651960754475,553.4110249192014,695.7641283997292,817.4833138786856,956.5465019158913,1066.2048498367135,1131.6013210872543,1202.2327649400752,1212.194156288016,1201.3055169804095,1162.1521428539656,1078.349895793432,985.9038930604183,876.1965436790766,752.111119505828,690.5614405937316,796.3714629985224,824.6606696009628,912.2490277149609,1030.9640112756483,1157.516976123814,20.676427801883765,1345.222246730681,1423.3992130372253,1426.3092141340735,1413.0715320867685,1340.0002755529506,1263.8280038329904,1174.8904887241804,1063.0286064850357,946.1905386787007,860.9584194111554,791.8346952232794,758.3634365438625,778.4334365894559,833.6485745558407,896.4666484307018,937.9980967278982,978.4175845470764,1005.6617550703611,1038.5078912270596,1007.5007075183254,976.6112103509828,946.3116816396038,915.325750220069,850.4254213972301,779.716401892979,730.9423966219515,14.663532151848411,4.562723684322623,17.552418396562167,10.075921464921214,0.0,0.0,0.0,128.0,8.191440565078638,5.800000000000011,7.3188734094842225,784.8138099209916,745.7047703580779,706.8702437224961,658.1462714748783,619.6981538415733,564.0378116486052,573.6505584675931,581.7571826171427,589.3184307659672,633.8674191509734,639.2854082073138,679.7060238053085,698.6221014996391,707.9369784888773,685.2384460802341,702.4649370217652,643.4108661222539,632.3223267199726,587.9210629139678,520.9999421033758,543.869156110243,513.6974996207078,529.6240462144171,519.2892774283731,525.340727203926,555.0075241882754,9.271574826806694,573.9807656552648,567.9196050923158,548.9469319178233,534.9952035066738,494.4175345549779,363.72228151130696,316.143882085435,319.61258841962757,276.68753135933605,259.209948530243,258.8892012784563,262.50782094497856,289.0864738416881,294.3923536951793,324.9234158230957,320.896736856051,310.4599417798052,299.9831905313522,281.43467251707807,241.6383474566143,225.0439068529264,189.89163713684283,175.6692474496425,131.5695380555875,84.80079502123073,61.39205043645413,6.34535599249991,3.997303115743143,5.658609352025864,6.38825895826634,17.214636078488347,8.0362669163545,18.877485177344624,11.308303967591959,9.780540381101432,2.4460077661420923,9.187710781804814,209.13617027127341,214.12069395452258,212.3765810347981,178.75727380688193,162.69897962834813,147.14228367410655,139.5947531221177,110.35560674799882,89.06172431976421,100.07108065604764,106.21473772869479,171.63502763180838,188.85572702989055,238.7693097698383,253.3773550378984,243.8005514144499,237.58211458160156,238.8643083385245,215.65460167836713,182.71643581198495,171.38251525908527,146.8564941234274,127.3340448020715,103.08127876947898,105.62504042358933,139.7403830583528,4.662002291625367,171.74840367508807,198.5532958857388,199.90206594659173,204.16129612860232,204.88948327951746,180.03858736953737,161.73842884753242,166.75357403993831,137.73523614823608,116.16570980228018,80.85391135732081,54.28743771777707,39.25515216284535,46.44935585696324,81.11901002371175,97.76204143595123,97.62103253027142,142.3081833789928,139.64977041164857,158.16717007405785,160.5228580905444,161.93157809072503,155.31084311619003,158.80514763999992,144.53727433118908,126.01854530229575,0.0,0.0,0.0,0.0,0.0
2025-06-01 18:44:21.985,0,0.0,0.0,0.0,0.0,0.0,0.0,63.70206984278897,59.62928828524045,146.78675492527398,252.90234318708184,345.61230202718065,436.4387205679935,509.5172513922977,577.2875926200602,627.8369084607583,643.721810328143,637.6521044491435,636.749049254292,602.9195021945843,548.3309360214322,471.18309037135435,368.809999555794,264.3579150473081,135.94998240198643,58.98788876393323,148.84460924092826,292.0647164591353,413.5317954516317,496.3277342832184,610.3440445874108,689.2490480949066,751.4310983170174,7.819518938339459,786.5746318941077,765.7657173827022,739.1516139198759,647.4394395929911,578.6302346680296,478.0055178593247,356.63716309604905,232.6975661978215,210.61181324979805,269.0347796095254,448.75979211426284,565.6823072737313,663.151885556749,797.4944782272546,917.6160395542881,999.0169618585587,993.1894711080073,1014.1295752007703,963.5573868959461,857.4649500123924,772.7639441142367,662.0898790644803,532.345074437764,468.5701162751661,439.2963257698046,528.6752738718221,10.722108812133335,9.70574712643679,3.4426040047217494,4.085500885345717,7.491703867473305,17.15819939267479,10.395404916207374,14.974908360948096,8.396912865036168,8.93673967408848,27.594282824124193,640.8154142223308,501.03694131041055,363.4985601310302,288.51761971476026,315.03175033464123,405.7017004033699,550.4579310588412,708.8552267027104,843.505982560855,952.1503903307288,1051.585346197319,1131.622348060197,1178.7099460166728,1174.6799553276687,1159.375641935149,1065.490642570486,999.3712656540177,862.0039468311276,757.3413629051804,609.9160358380417,540.0993506551517,628.3656051239166,683.1602602968292,820.4615942380213,963.6842259688374,1122.406228232097,10.475932891251013,1341.48778014051,1366.2382065660242,1396.047318649426,1346.9363824882369,1307.7455851572745,1214.362423706733,1076.7839462219247,954.2321201983773,831.801234811125,717.6004763437334,644.4888565799374,606.3021158081369,647.0981624129499,724.3139623658112,800.1459584693506,883.613375919316,923.1115400198436,986.8683196182998,1018.6514136548436,1016.2102197206472,972.0283760412915,944.2655934125311,883.9100800986943,825.9872725543901,757.9454944659401,698.921925682404,17.124784634105033,5.351582136711151,6.287681483665493,7.714342560029353,0.0,0.0,0.0,128.0,7.819518938339459,2.3745114541894483,13.381306926101095,810.5640218347462,773.3400768819059,718.397765921482,679.3134344589577,636.6422390543316,570.4586222742514,556.2496498956469,542.4874506876162,562.0294812417786,580.8509210680569,626.3140255972082,649.471111722298,676.9149593435252,692.304199224127,708.3432848671906,690.1529113765963,677.3989535488548,650.9670272336771,632.037765340775,570.284480112706,559.4215799759055,537.3723840366683,532.0969675378212,536.3908716434415,556.8818391274725,548.3685054859263,9.971293589233762,576.2142634899822,560.170438108923,560.8594017049993,548.0012984554601,514.2049919050526,376.6372226512678,334.5403124554533,298.5099537624299,275.6531023337601,250.8811599695356,255.0141500466276,250.56257724854353,280.99565081889864,316.4460065911982,333.5528966527906,365.65900467127085,331.0574705356564,369.2513088522095,344.3955643123621,322.77731312349624,291.9542957963894,270.57974476379053,215.08933353890444,185.80996889740192,152.513924488273,107.27315361437557,11.45364985719624,11.79026655849658,8.483992928287389,12.754466402587106,12.846945886159357,10.713052766110888,10.222233147017386,7.365241464033754,3.394904982295702,10.677648477333335,6.207969719271343,199.45752623136815,165.88180652888303,160.1062668168967,148.26002827245344,104.11167940484677,97.66876214629278,77.81820750123106,75.03341291247291,24.785941600475553,69.30284190427561,76.22264483869056,121.6657724742042,149.50203013838478,168.63136683590244,209.0848023432523,192.447795847643,177.9532808331357,162.58069666250833,163.12768564722182,134.9932431034365,110.20798112752111,79.76874524653121,51.69501583265517,48.61016926910499,59.15657378401431,79.24202180492965,2.30547625880987,119.45308854221346,146.83626626835164,146.7953697981367,136.08011160200334,141.1892973831184,131.51082694447217,117.68039837195644,107.84770070960724,92.83730672592665,69.03001594665854,48.25585664124751,28.534430738381104,25.081443463246984,16.24946872470943,33.16280275872098,46.668172226542815,68.28347243447558,91.88405144404358,103.90378700609128,127.97663375162145,128.79029164470694,140.93562310223652,139.26190826221116,141.74824344108822,151.10683909929276,128.08278566044086,0.0,0.0,0.0,0.0,0.0
2025-06-01 18:44:21.988,0,0.0,0.0,0.0,0.0,0.0,0.0,60.42535960713876,39.93228625858643,144.44157230804092,259.25342369212717,350.12585507634725,447.1697499141332,519.2074406823,573.3507308183179,631.6934496833101,653.8653659728996,659.8879063712648,645.4162584544915,615.2905801641572,558.4333268249203,476.0830699568476,381.8727111484346,265.161882836627,141.9183477243731,39.92326970284128,139.09841641507478,263.7085521757861,392.07811827943385,526.9955056908661,626.0916921284787,702.9263521753704,751.1898691737716,2.8627845216507524,789.2569584872487,781.6527324918815,724.2346163068424,669.0734342367805,553.2125882226187,464.11572808432453,326.2014664872615,235.95352104806898,187.0880277495386,255.1473809090237,439.6926037980893,553.1964367285829,713.8767068664251,853.9294832209471,937.5754421937414,997.0611399272627,1030.1377388382307,996.3262325214661,945.5866541921617,877.7429529769761,763.7125111273776,632.0145193175986,521.8834622945501,419.79519225083754,415.4145353139834,486.5939451385922,5.138451474370719,3.209434365960333,2.0068965517241395,8.454348399243813,4.024936366247343,16.557840054794333,3.6526875184532868,4.544741913930633,22.70476210799829,14.958620689655163,5.161554074531786,608.0028643552863,455.8960239036763,314.5394686942301,204.5454208878365,229.54340596973805,356.4230550194329,525.3107867760843,685.1068991259833,818.9749764897268,959.6607442569564,1045.3545978282543,1118.6070537447356,1172.3365670476196,1164.7435820788467,1129.7075048329086,1103.3732292132236,977.5842797330968,861.1554499770231,731.0000812493781,591.8766460877912,478.9251907168975,546.3771275386476,598.8661328062632,754.7819720277994,916.9146358565586,1072.8074210999416,14.008180618469938,1296.4874801068977,1364.538047212697,1363.468442211516,1362.0304464388369,1288.220567328519,1207.4855335443856,1085.0762244734126,958.9600473501823,810.4785653707768,700.8759304216053,615.259837696096,581.0023175089458,610.3202305943187,686.4216948431093,781.3382364374812,871.6480995911928,953.7260172488966,981.9277897891413,1034.4788112769531,1018.8746411266904,1007.6616908885824,954.2923260898724,907.6328614012083,832.358955607268,735.5685808640031,664.9347715734025,10.246360485853852,11.360260530688908,10.408517856399747,2.038729469695622,0.0,0.0,0.0,128.0,25.950833345328473,11.338542621519009,20.83041203499981,805.0363637264967,760.2622277303415,721.5193894095887,663.8405450741345,611.528125746677,518.3862918373396,520.0340902674405,517.6376301639714,533.0172174367585,574.7915752150489,597.3326231801414,638.7475609104013,657.9197061694512,682.90414826082,679.5702166690694,673.1080926392099,641.9806805266595,646.1526749591305,613.0327933277079,576.2538913890867,552.0515593226172,511.1620042012774,517.7770137585775,509.5367956251063,529.6543134504226,529.7166971184392,10.0,541.838367944926,553.8477351801903,517.4306734884022,508.26939550045586,465.43588728776245,336.28822132269624,289.6588132029133,260.7100253635515,221.8112048773901,220.01994363836008,208.0412091790659,247.47503747981676,276.76839693365264,305.2727081702546,320.71874247302094,335.4978342961994,339.8537795631161,355.153255322956,345.8997921387695,302.44034102155143,276.0749878271205,246.0570898972352,213.07526994128156,171.2629854457488,127.61965728795249,78.85828173023516,20.95923126747733,6.442296111475352,18.04519479345253,12.04820427135235,10.067801379876428,12.792527132462425,19.04113789611005,5.84047017523208,5.085662673224338,6.1166745128478945,8.527029667972567,183.46718466332067,173.74067341144314,153.41225446745412,134.80482464730432,123.8850539873093,109.01980173256784,95.98897262973848,44.61078201331981,45.022215165445374,24.817320820728042,73.25312875322639,115.69240772187943,128.9428650763476,164.2792906300129,181.29192429585498,200.75964999057993,197.29894254853568,168.7981623442907,160.6435255900145,143.19697008663934,133.780432382431,76.92543452678612,75.82060777076575,51.963825371794776,41.882242134942885,84.04678898391909,5.363446897964604,128.17593550363523,143.40159877305828,150.96055262650538,159.48520561110524,157.73562431901183,146.54298370010443,134.40911744810856,133.4969223562282,108.91851908045251,80.36467856845894,54.728890747216745,27.20658176388643,15.067162991404883,11.428392756311954,38.27976407721663,63.937218418123365,88.69320392672505,107.32694971635996,132.0263479817817,140.33411563094128,152.66556223823335,161.74493842778074,168.19912773398627,159.89750530162468,145.9177925365693,125.68724016889972,0.0,0.0,0.0,0.0,0.0
2025-06-01 18:44:21.994,0,0.0,0.0,0.0,0.0,0.0,0.0,55.33070197809611,47.495310933976455,167.2196008196819,274.14549546350645,366.12032434864824,447.90154758451655,521.209183839363,585.7193025271882,619.3799431901227,641.6451846395094,651.3896931146891,627.132764001203,573.9476576382714,529.1638914637416,442.15413396787,359.14872518881407,245.89295951555854,118.33581604084598,50.28602207170184,164.1175397289023,300.82829131909534,422.3801299995252,514.9077044758001,610.9674520600968,693.0348596288466,745.3362735564957,10.225710641525925,759.561065051251,748.1092792162215,707.1236505039461,621.1688288662225,524.8177588992592,426.9241682328651,291.657689894193,212.35616421238376,184.85175920153262,260.1142773325892,417.0885744128159,602.0239513745303,670.5539733920384,817.6219879422467,867.5893101455924,955.0079680431847,1006.453961556594,983.9831212008305,888.1037420689862,831.070830829524,702.5396042665617,583.5316302280613,478.9560478611618,403.55494735886646,393.6072372901963,505.6588837082113,22.124412331287516,14.786429333609851,1.1851812675433546,14.00326748560301,15.477988070218101,12.361783030920552,8.697740353740727,6.49260713176741,7.298090299832653,15.33479992923557,11.130217131464498,559.3095614159009,415.08157168814046,294.51950959947527,184.07995103805916,242.39985816755026,367.72330452187265,532.4540696632251,691.8853546630661,819.4958853247713,967.2912373954814,1070.524487419899,1124.071808611363,1151.226954324841,1157.279451456278,1117.857149140821,1086.2312043479458,978.4476761078981,853.4160146849284,721.3309740221588,576.4197351239726,485.77428935006964,572.6248391613767,659.3700490812463,806.2226237837142,985.0690118591864,1121.7324109938772,6.657523061172285,1335.3289917052634,1403.4124872183552,1398.5737468470697,1364.7387526877344,1305.4827110907531,1206.7983186152587,1082.5760737804198,939.3229157846356,813.4972737933755,700.0531004196665,667.5128263978539,652.3438107121931,704.3964560501455,767.9382905466557,863.446282022759,938.2586022063291,1003.2810887012309,1028.2673174303934,1052.3644520134123,1030.6884420187182,963.1495477656007,919.8942956883568,860.021489815608,785.9065792311206,688.2725167124023,640.8504728890766,6.097140493567209,16.099658774907528,3.3586551831695215,8.624408132293947,0.0,0.0,0.0,128.0,15.910279543545505,8.00071538183502,8.843765448824195,794.1982658377575,743.4547297859908,691.4636579233202,632.1137660683345,568.9250809320935,517.1218977447824,503.0432639898082,528.2847486873708,545.4155103929014,575.7975881388131,643.3768163318515,676.3305840222907,697.8165535553093,697.4132726937298,685.5496271326688,707.4937280487704,659.1480290962613,614.5700195412884,580.2446570832516,537.2739937029872,506.0386503865154,504.2133051002232,500.41375643065857,504.79542348958023,494.60570655790315,525.618253603347,24.862045052358376,543.5012079380613,544.0881626772637,529.7543188522556,523.6903163551265,471.16312030041,333.87373495248255,288.7770122406915,272.53520659587275,247.08010147312538,222.27420150852382,240.53076584477168,268.46747185861847,291.8958171330779,300.018588620868,346.67650601347157,369.415561604623,354.09143826042276,345.0330334209237,330.661311968318,288.6110490168806,262.07112126323807,221.24364742789592,187.08020792234927,144.55964716744288,88.91613647732555,28.495923764619494,10.590983623486448,10.81558890197535,3.154602935216147,3.6698632975782037,10.368227702046452,10.176167827713593,5.71418896337485,5.178214553402534,7.221192011793493,9.842810980693555,7.991861018452618,168.28769493161795,145.18961929907135,150.4802831951391,131.49210182654056,125.3011795935925,94.51215933214607,83.06651994085807,80.55565010265221,39.582347052425064,28.023502633564593,53.6630383672353,78.58007271248677,110.64535253772155,136.38689380033503,181.14170786427997,167.07059114249884,167.9369666320871,185.0964305184262,179.06966184851348,142.14171922831486,129.07282686704048,111.32284820960565,82.9725544044501,62.96034509500003,65.25379521335789,70.38180031468265,14.964281960319502,115.28876249899284,138.62284815222426,169.44062796393908,157.12001235241732,172.39527611128153,170.21995814167352,144.26738532355859,138.4571255966806,105.64801256774037,82.45741863025042,69.20882042264893,39.188330975285275,12.733632020793465,37.727484208562814,56.128435822605844,74.60235047630648,107.87697658680665,104.30247066057493,132.56505474330726,130.12444514702955,152.68947141418616,152.22615216768978,156.28158706117364,140.83292383015407,122.64985651862645,104.28722164478445,0.0,0.0,0.0,0.0,0.0
2025-06-01 18:44:21.997,0,0.0,0.0,0.0,0.0,0.0,0.0,57.747001752790055,57.04054239228583,161.2634429207582,255.4991481691061,336.7898072964212,418.2466762009264,493.5617313086768,536.2308409452049,594.9057585715381,603.9996284121933,605.0838405793195,588.8527975200141,545.9155029435902,499.15230602098035,425.4235898702192,327.1992371862972,219.6278608955523,104.92910013699249,37.62996277559621,158.07979007123265,289.5311771440724,405.98934855623764,518.902761497226,600.7000253674216,666.9713728927559,726.8379574992597,11.225183171538678,757.8770083818303,726.7378915610261,673.4032792424805,601.5093199821066,517.9167456950029,389.6573500175951,282.6421532620041,181.5752131724608,149.7368788560003,261.6773176286117,414.71853134738814,560.164596819396,671.5302103680104,786.3773542721639,889.6834998250449,947.0975467362765,935.945204568994,940.3246642536152,900.3394087738451,794.589991316412,679.1888537556712,600.0436449228051,447.87659255233837,359.2393952159855,375.06397426914447,462.1224139567449,11.728905130310523,11.035360639938988,9.501504270475667,13.663993852390377,7.872435216698858,11.669280382672293,14.970566741320864,10.794093161661802,8.038650514330744,18.949856582112364,9.06850458216712,580.5321761482555,440.42587730326966,316.24076294992517,205.2789804105462,260.3822819781801,367.3631607374275,543.7352600244325,695.761297280571,844.2457602058246,967.7824863647344,1051.9165873324487,1128.0101765553063,1168.9775662896247,1180.0380584838883,1138.2485586872692,1078.1606830632575,972.3303054020492,869.0757443812807,746.4110512905545,620.5646541606475,542.6424159163071,657.19524957761,747.5997630668277,889.3625750304146,1040.7015461028245,1195.5489088993882,20.160176389371227,1385.07974683625,1441.0406637350966,1425.3590085893586,1395.860548564565,1302.9751206965384,1211.7672962213876,1082.3552749207931,949.569898120723,826.8387154465418,740.2040634792307,707.6707897522972,720.6024609278861,781.4353110236111,848.4464869736966,927.5012765160303,968.4022163572528,1027.6815983772594,1046.668540369556,1042.864562962783,1018.1288222291988,975.9834990626169,907.938362714066,830.1378545338913,755.8897835309089,695.472845455549,639.3410554572747,7.228730490589398,9.095426591401779,11.253031607816975,11.572113454359368,0.0,0.0,0.0,128.0,10.844098568902403,5.32475548584635,18.253445857268233,776.2033047113431,726.5007167112819,675.0020954131193,635.2122729468953,587.8354240422287,523.181159477976,526.3634821694201,553.5611007772063,580.8927424719285,633.3012493270754,656.4667960402908,695.2035576068287,717.1014816239559,716.9733811775936,710.2105723194288,686.5959589862371,655.1974278533431,624.466493156656,597.8454535925275,558.1701983690444,546.0809063328923,528.6925579468251,512.651174193422,521.2802038463868,549.2579909611205,553.9739850993419,6.635557634805982,572.6005561550458,571.0706109993005,554.6313071110366,538.1744881160323,490.8560497505105,376.3753699962617,333.8038592175804,323.2650871791379,299.7370450015569,287.97953395760373,280.6427168685351,306.1703558840209,338.6601165088744,352.52529168191853,384.2350879640517,383.9291178721592,378.7540372702523,372.5565785905013,339.19046999428656,316.6660219095107,279.2128540066357,250.6168284808359,191.0282068920072,142.0307308255473,112.77535715855534,68.90029771250349,2.0786701031211274,10.522481239714264,3.471981552633089,6.139342753464207,13.431669926514234,4.935163309425831,19.010913837074746,8.505207553141789,13.854380930456422,3.1008238988261514,5.505482884843391,145.22291659841144,119.29755723210594,129.8587428022441,118.59439499694305,100.59587872245898,77.60570776503711,62.7819801181787,58.589186243728804,21.941816252329893,22.991465126009636,49.064148114797234,94.07190420979322,106.94085264145653,136.0763350693699,160.97248644628655,160.25191148272506,151.94221639980444,179.26019533354278,169.93416719519644,147.35434664168446,146.5597230475434,104.23742853697814,85.14272952904798,80.0813460371798,79.51171763468962,95.56434591396774,3.753468926326691,143.66903390231894,143.75892818565194,171.9932129202154,184.14526289142535,174.48611695131353,165.26665371853102,154.02179816791798,136.05775396570618,122.71128429976613,95.91255694175733,72.27059769158691,54.865574833084644,44.99512368158612,55.07786252847675,71.89713203065101,91.40008866237558,101.18637929879073,114.2777859424221,133.25170144676983,132.8130711603238,141.10049224372196,131.300391606936,123.6867689937634,121.83648049082805,106.87453136864094,83.10408881276804,0.0,0.0,0.0,0.0,0.0
2025-06-01 18:44:21.999,0,0.0,0.0,0.0,0.0,0.0,0.0,93.05320344865022,168.4442425940869,274.49313703289613,362.2383611635314,442.0772729992892,517.0335195686861,575.2372030984732,603.6667506424498,628.3032647619492,622.9345962145692,607.0844904891128,571.5336994354002,509.44066310312576,433.0396685659984,328.3166900794311,230.58601645229183,114.12508548513252,64.82613664693432,184.62237211191908,308.0883314851541,442.3348318944058,550.1519431842388,638.010746183545,720.7529022832684,766.281965539603,795.273702227722,8.565420055230828,767.4562804554417,698.35683961126,639.8897199531251,532.6584009401981,430.3919468887445,331.7071764884044,228.73958988061867,228.13190500550397,285.9469068205715,415.69185636361584,601.9397780775681,701.7875233541556,856.9282694801902,931.0303592241003,1006.9233813161202,1019.0743993327887,979.0287966518385,931.2117116433728,862.1357352654695,770.0415906438199,654.4131829395643,569.4177821722024,503.1906241402392,492.86501173443776,575.3159781595016,693.0758138412706,6.2867087344970365,4.219066515609831,16.38639361069452,5.620625147032608,5.471927077944065,5.171398715464709,9.691853853457111,18.79791774996453,7.326724762671149,5.587376519364359,9.78480052592201,527.522607235439,419.06196427765155,376.4762250594137,428.0310985804459,508.74865043288224,633.5567192527187,785.3923258143878,880.6220743646029,998.7600237480522,1062.2016454168513,1129.698391994449,1161.276789155174,1163.3929536084281,1124.0873053740402,1076.8453450267114,981.7928099837986,889.3472256179153,790.668861455722,723.5544640161512,629.8041585603476,620.0710527504082,824.6623463680047,909.636549616318,1044.4577286922226,1154.8182299340906,1275.2396169091226,8.780507235442235,1409.031846039445,1420.2324420532864,1405.953140603163,1353.5934547909765,1299.8046810066471,1203.8245100979304,1113.538087012364,1012.9455673986516,922.126237196362,861.8008789428061,846.1251538083742,816.6910615053947,839.0753388426288,880.6569211909388,920.2737528383449,968.7648916390735,995.604217086663,1023.3114932840207,1031.5229037158085,1015.9297457384348,994.130143968035,959.2299812208669,911.4175975778509,891.1802044538452,841.8997473650852,801.2117984391441,16.062782636321757,19.187012853158336,4.187993924383626,3.910769628904733,0.0,0.0,0.0,128.0,12.343646109094067,4.786696946921099,3.1218319411033995,828.6706482070915,814.2791304073806,777.4130503091536,757.6910023940181,715.570086947616,646.4242979925571,647.6315787302839,640.1892265259148,611.3693585794996,614.5622684358121,643.4067938124114,678.0305446931062,698.8147725117728,731.349307392178,752.3321521677742,746.2327309514142,765.5809662497632,750.0298223643626,747.1644594645321,696.4396175092309,679.4763151752693,652.5721141152164,631.6387436104501,601.629116301135,583.4031173723807,577.5823654790576,13.58348151266967,584.1918660553602,590.9609360999572,591.2115240163891,620.8961935359936,636.2748586477326,499.741062264314,482.4554863627867,474.02022259776237,459.9922582694321,431.53567159551415,410.33335130979117,388.1516579644538,368.9153566842699,355.49745906982963,353.6713933901776,365.61907260852587,358.8806794979118,370.38016222899114,379.8985036247996,401.6459353121149,393.60014446245594,392.5829511121456,366.7686415577667,356.14130185265014,332.70147434377395,305.4409194630717,20.410565999558926,5.662120113997726,14.282032164441747,2.060171981262934,12.042123032992562,2.204590561793045,7.089349138001564,7.412160047555805,17.38668905646303,2.389644463379213,14.53145707166373,295.47330136282386,276.60284085514456,307.98200810079925,320.1600263779955,305.15051006365815,288.85505960668803,271.157145805923,266.6206830651604,257.34770241473035,248.42882517238976,227.28356761823142,238.62855956580304,239.66681035783375,262.23801763065603,273.1675724543627,278.5844747632169,269.7012165294919,283.41431056296204,311.9846469621517,296.1668561109423,298.8825273317385,287.69898944546446,283.4990308404241,263.37981684714384,249.67331039751895,252.22335743003438,6.4283722121969715,253.30014382664416,277.4924519692924,277.68655472455373,275.61752261818026,283.4462778154241,286.9995564509363,277.5444615430975,283.25425201178444,256.7564762402897,237.92314055423046,235.16421903529553,200.18567268690046,186.82557149330358,176.5925984075784,178.20313462379139,181.21859966610688,190.89288060227898,196.50461292782896,211.97469586585697,217.6251460942893,213.31016236396096,224.8162101882953,220.25051473712725,214.0456411462186,203.4043934492055,189.38620471851874,0.0,0.0,0.0,0.0,0.0
2025-06-01 18:44:22.002,0,0.0,0.0,0.0,0.0,0.0,0.0,117.99086646298984,182.47310363937015,277.02158322690906,362.411603691967,438.14415888661847,507.1779705873465,559.1823690260729,591.9181170881714,614.9785303490737,609.8711908111892,590.4862721730161,563.1313242147668,496.2112460618038,427.87370498075205,335.9089856109552,220.10825866256275,111.06925640224622,97.17616133782685,194.5611969633253,306.5700905372275,425.43935595911825,546.8716147523666,628.2386900611424,699.92008027842,775.1149883953873,789.4804665396123,14.081233116524569,772.79761634845,705.2607501039614,649.8210949299511,544.8232175112319,460.0125597419258,357.5150094896844,269.9053141848272,262.7568560033419,321.7514211667268,412.14684830828475,604.4798015220271,683.8017185658101,845.0486060642409,925.8091580062007,941.940591264972,1009.1656032967821,960.8244723882787,956.5537346119696,886.8128582800844,818.4823991342805,717.2836583014167,630.6116207606862,553.2394043224332,564.622587526973,613.8770289049695,729.6473894299371,15.806193109886536,2.819807334618364,4.470948957434187,11.046302280903953,15.251579098614586,6.630767312019184,4.0231477073703115,9.194387765041556,4.014874429509592,11.361887010974772,4.666179528915747,587.730130510888,479.1887420585562,417.2941483201927,454.76799430091125,544.0232881447923,649.7525852796836,775.2516272847267,904.7626099395065,1022.9475664117002,1099.9914100068181,1180.8126599814204,1217.9889640476133,1227.944515632223,1204.809844659572,1167.1792322365345,1065.0406674426438,970.2190108705735,849.8650951112531,766.7458938462323,648.5793791693596,615.6037597252582,784.5139518101945,846.7586678346123,996.0102433796859,1130.7521853672818,1272.703199338536,10.621176557879744,1457.1650943172651,1486.511749858609,1518.3050841581228,1472.671918867845,1436.3053215837417,1361.2864681348958,1228.971982901426,1127.1884478988172,1023.9282580884334,901.2226762322873,831.306742645401,804.6597147116381,802.7034126678221,867.7699722737306,909.3237540779426,996.5155296446006,1058.3308209866386,1133.5013478303617,1177.958854827503,1196.3495879216382,1188.129629187633,1194.5380799136922,1151.9452521953365,1121.916466074956,1043.3282247990253,965.7460249687291,10.24501220393348,9.190521972482463,14.624083150370002,11.150168728243269,0.0,0.0,0.0,128.0,14.061418539736795,12.285197012163525,4.764889198646511,1057.6195733063546,1032.5558404522576,984.5950312587613,949.3109192160413,874.7495853147072,780.9774167788247,744.3898172262216,694.8820257335533,668.0003093992519,687.7648274602597,715.3282632906931,735.4216639891889,802.2352782009876,835.978408083285,886.0107640375945,896.1959726549601,899.9864865610269,883.6514236359951,890.8413036771435,822.7089053994142,827.0202198943475,762.2777713897912,700.5746428796734,672.8994968316771,656.8402942503668,631.0197383048617,26.280454488775938,637.2542434158113,665.7420807803362,694.2064858575966,691.2836230064975,724.7845976118897,591.9748405591471,549.2528821092991,544.5324560178533,515.0465704209603,471.8119991405506,438.1326142003684,405.12255525625346,389.19634515788664,370.16701653307626,359.48334089908093,380.77820347238287,408.2459757512506,403.36996302601136,413.7585243166824,404.6778676560301,404.792337259668,404.2929597517427,379.3732225926351,357.53218470063655,317.34622837112505,295.20564560181526,8.596590153962962,1.9258797204765692,6.871528754338877,10.83950732228313,1.901149425287258,5.286838561505887,10.645895531397102,3.5632183908045363,6.809552870055089,6.589776037172158,13.968112437084748,303.01188629994203,292.0771470462774,309.8303329694213,310.53080183272846,302.297109429324,265.26868432224524,280.5772699119419,265.4577720521097,220.641912130648,207.58759679939186,197.82400361223665,211.6447317901478,219.5493995747888,255.55958618209382,297.3195852431959,282.4222755050678,279.02034463610164,304.0220729059691,302.62011200354453,287.80399574468686,298.2659160054112,269.5657219712137,239.5149674588428,235.6107738173384,214.9102797390156,212.30464964335312,7.101311793739841,221.99771032052348,234.46016856279934,249.90696745650604,271.6591921465255,270.0555060256578,280.93759264555524,262.04186249528055,262.9685199126933,244.50542654331156,220.85333332669921,200.27010125683907,176.25279980818934,148.19173199506045,143.24643918007152,144.1829477792611,143.6778036630271,154.3215515614453,182.56436086455437,201.7863468320724,213.17791788636413,221.81637579193412,231.7925382761772,215.1030184378673,211.74342278543253,205.77904246323928,189.15382711786023,0.0,0.0,0.0,0.0,0.0
2025-06-01 18:44:22.047,0,0.0,0.0,0.0,0.0,0.0,0.0,103.60505180867492,39.347193405839896,97.76616509558043,195.46587218808563,295.6335248531501,382.6228948036118,468.5833926971036,531.9431547424697,587.1209963409665,610.6563728880603,629.0812116505878,625.9659331903961,592.3083602075862,548.2935505519491,482.73281519564074,397.799292786901,291.86956990691726,163.50716491220314,79.21580527872415,109.18415548574578,242.80974061876375,371.72240252698015,480.0370027125083,582.869078376924,672.5125270973401,733.8444725704695,12.937685880869653,797.3161819283615,782.5847453339737,751.9516767659794,673.5979380900388,591.4138296793415,499.88773644052384,392.55253637913773,313.94780595803763,279.18726886185067,306.1947126171617,416.6660185762271,542.8070471605298,689.0870952232243,832.920679530985,909.2321256347083,955.6511776780915,956.5139775353474,989.5756746415019,966.2016235548246,891.3694301808399,805.0585934155087,707.4325651413716,613.6516455898814,528.690403536323,523.4553761689825,599.4557141781049,12.93033803113695,13.256984915522564,6.7880114347070135,7.708297071082238,4.801250986387991,5.434569894400816,11.705478111122533,12.847235072648612,5.031761940691728,13.336059864182545,11.583161309034638,700.455392677663,571.2159433744192,455.44098451580555,390.536802145987,449.44683829649216,518.7459038894895,662.8632732176679,806.6471884447782,947.054728714031,1062.6779128017781,1149.5333454033,1217.0274553060376,1245.4395001668624,1252.7646448958671,1198.8872622120052,1147.4194988701147,1056.128514453752,947.2535060624854,826.940951719072,721.2102946911646,654.1304759392154,805.760569019173,853.8947335805462,990.5273477295023,1129.361486092662,1276.0978181181076,4.8425584265528405,1478.6634234863154,1525.1065260863797,1531.239579312315,1507.8991112488627,1436.1094599456624,1342.873626320097,1223.376250984883,1108.5256248511919,987.0673886885794,889.4761986472829,811.2860056545622,779.8005279794171,794.9719143957055,855.3036251876586,923.7606992832146,988.1602362863324,1067.583303781429,1120.3023007516097,1135.7207274196148,1170.72388347268,1147.8168037543792,1126.6928319265805,1087.1109213791237,1022.241374526564,961.1572802415628,897.8010082849775,8.720965213819513,4.87753654962941,7.048749315333727,3.6346914085818014,0.0,0.0,0.0,128.0,11.15639952958615,21.091288089310382,8.949224393488196,1011.9005736935264,971.061742820037,935.7273162508816,877.113274161488,817.0373624534283,747.3255227655482,726.9842694217052,700.1712969709502,703.8006320254455,725.8762209609296,742.4782060639386,788.964732889456,830.6367797393857,849.4061053645215,869.8542367290887,879.0059840006237,852.5899401761591,857.0309649381079,820.4317468296196,805.6941122994019,771.5202158049759,739.766687360125,705.5075706413697,681.0383388051854,658.8344439227736,666.4650241201251,7.5879450031745925,675.242068731031,713.3365838333939,708.802665734875,710.861232042121,708.1621790464976,544.8483121571371,527.591242354504,523.9817615648184,498.07351303233924,466.77542568155445,452.0894856734611,441.24790546514174,433.09520630627566,420.82487577071095,429.2409488151533,431.62833579463415,456.95599570944796,445.57828965666334,428.7555420481656,430.826150297643,408.9661189353919,392.7924724201708,369.740000830979,344.13640204518015,318.71376138947693,281.03993596529074,2.8902645921299985,9.69137438140462,11.154636271349675,21.551098511199747,9.531336017940603,11.04427418628531,5.187739018531445,7.586526919178785,11.341414593017051,5.618130696788503,11.729066578392871,284.90334363652426,277.1581580643239,259.54218909558443,247.8781226153875,246.18774370541158,205.06683885604778,210.06271939663586,204.21395965320437,242.75041159788418,219.70110557816653,231.3856167564431,251.75327899987667,265.4098186545961,296.30855051190935,297.11324333848836,261.1663246801333,257.2313678363842,238.77376415752073,239.03656225363358,220.86626625905015,217.25353348203873,207.10370926756042,189.3406915537155,214.28448793243314,221.0271436005897,229.4139964358598,10.019341185195799,265.28099958777256,260.0046368757084,261.63784708372697,260.5874182632285,253.69568686225338,225.18570514566025,210.55456737359867,190.86663121469172,165.0609208904282,160.46667051656863,146.16032620224067,146.9194930832457,151.76852466584458,172.43650363158594,182.1436705664559,195.1922401473152,202.24272835894664,201.83613812911383,211.48464890462992,201.40319657424104,192.93453411359076,181.56252739758952,157.11863109837202,136.78401864574377,118.67578675148472,89.74075743179999,0.0,0.0,0.0,0.0,0.0
2025-06-01 18:44:22.076,0,0.0,0.0,0.0,0.0,0.0,0.0,20.193647110066824,98.32836814459428,199.93177865321408,289.429924688047,382.7861292947495,452.6998823264476,519.894026413751,566.1250905265478,609.064324087072,621.8151619030367,615.6349347496582,603.5762496255256,561.320387066755,491.0488024832582,413.5334935089312,316.91767558051043,193.207471761448,91.33388680462309,73.07319197024448,199.16548606480154,328.68680234994366,456.934569950453,551.3633324941471,642.2697402189862,715.4325996317486,758.4005528492268,9.499660384240013,788.2745611766532,752.920672047096,698.171816529641,620.6355901542676,538.8977130368295,427.1971270816232,328.8248485847084,240.86287625225333,254.61666056839104,290.73413403109527,443.975151611879,585.1553337340138,752.3658204760623,876.6303156305493,931.915849614613,984.5606850873966,991.7026662300358,984.4730150791074,933.3539760834097,868.914643787115,766.9375298927351,680.38580014869,560.587515719183,544.2625704277442,537.3613546264995,635.0950419006349,16.023509456649958,8.735909351897693,5.476970611924692,4.7355607903444525,3.5291247900682023,16.859764442776722,9.02658228374783,4.6569395992941836,13.644541182979337,8.920214138316867,26.279141072146626,701.4660971635556,586.2593377184519,461.35122449165135,447.31654609010457,480.0662025987961,570.3045274051477,736.7142219165634,865.1288919729423,1014.0702013906523,1102.0668408710098,1184.6775354673632,1257.742243014096,1275.1625048799235,1273.698302717187,1215.453530238511,1164.1237175578058,1068.2550516715758,950.5138370819813,851.1806225562099,737.0474697441535,699.0948107940571,869.936892528538,947.2023785884402,1065.1510574411877,1195.3996178746756,1341.7218830296124,8.099919018510167,1513.4241027590356,1567.270761629524,1556.9839089826887,1542.1360464256197,1458.8911184149024,1378.5801227430186,1253.7571032076976,1136.8488239396465,1059.562776834389,936.9378293824618,894.2932788243925,865.5948977600505,876.4545862888052,929.7965103592396,993.4560575836487,1050.319023734964,1099.3944171147643,1154.0835845457007,1185.5567281127028,1196.7666828003578,1148.4701825466084,1133.658503288154,1091.967296878409,1044.7808130166968,993.6603681542972,952.5256677672634,15.61389479732162,11.588775073335524,7.407635982483497,8.505461355756509,0.0,0.0,0.0,128.0,5.370835647487258,5.174182125743982,18.383891972823676,998.5696543447797,960.9655924137627,929.649658465354,877.1257551381793,838.0496506868102,769.6539476746406,779.385118189952,755.8677533457056,746.1038247790124,727.525191155772,755.2375739147604,791.4247080726104,797.2381936773878,811.0545872112455,816.5294314438364,826.3897126106646,832.3359588351836,819.5531846573326,805.0006523537461,784.5449004006234,770.7727361863089,761.3966877642276,751.9069684054501,712.7352965099044,703.2871072407094,707.1095307187118,16.399908224444054,709.825535134087,717.8708814319879,698.5431677771521,720.3495916628493,706.580090815384,570.9820154469367,553.1118485388812,552.110057412041,547.0173711832562,530.4396230727472,525.6087932444254,513.3846872776787,509.210176298243,497.2498853413153,504.8233376394101,511.75195362249343,487.61041568181236,497.2526102190288,470.31041569943636,464.77156699782887,423.9043565892491,399.96945943193,393.5648657010649,364.3848306814536,354.0256177609672,338.76857907775656,8.21449513003933,10.857285299694343,11.649107424178107,10.221915478168652,11.304510663710023,6.827237887318415,5.610631735194031,6.4678790475258365,15.707398687120849,5.9297922102694525,10.71389417171367,271.83570341300145,269.3451714678009,236.49736856085917,223.01050990062436,225.72747224149884,218.11966206974913,226.19009140351716,211.16021053658292,244.34760468923372,253.4041066392302,255.65981351405858,270.2033196566507,283.6126202216213,281.88269380934526,274.42948149235286,226.01580764007358,234.86912642076163,216.26075946647404,207.7098009038379,183.27152739672164,185.59050286855404,181.24291057977982,175.3236107687768,196.35022493470993,235.65252278690187,237.25187622935138,8.26422502896489,267.2319431662152,276.82470511429653,265.35933140397583,251.13776680542145,239.05565304292367,211.89720032747348,188.17427847671988,164.9126757070145,130.17091573318856,113.35565993460035,113.140202226979,115.09267143587336,130.12968683864688,139.454353763244,160.7025649905029,180.69795511745497,201.79175178501185,196.81271393452644,202.0676990089746,196.0952030358617,201.16003111448558,183.99951159769992,177.40711701001993,149.04122479797044,118.50166059163094,95.17812983415999,0.0,0.0,0.0,0.0,0.0
2025-06-01 18:44:22.080,0,0.0,0.0,0.0,0.0,0.0,0.0,27.607134208802243,83.01060120915109,196.506790423739,296.5791050791175,389.63811124306386,474.8674562054873,556.4964377287217,598.3697645287106,647.4718485790313,658.3841853089591,662.7546610480414,637.5880097587467,597.5345300708619,544.673315300344,450.4490952411991,349.7294877291301,229.73771504252562,120.93607723910947,98.60378325968263,210.91823595659565,351.981131914611,477.88133145442396,589.0809739633282,683.2616511227709,764.0483193592535,816.4640033664039,11.163251081628987,830.6652619432092,816.5756433900716,752.0733394081806,680.4465178822802,580.4789859533494,478.89044120413365,362.444765691325,287.1320102716095,257.96462243219446,335.8687449897906,510.8598885660322,614.8317012088908,743.8921537478464,865.7462139761072,1007.5305873517112,1018.8568927284659,1036.4422429476817,1029.833743736211,982.3195770019621,948.1895995315207,833.6417010471976,755.6421805623133,641.1098062687606,574.7180775846887,576.3597301073224,660.8040323797248,7.947179239033625,6.318740662242964,10.511284425503433,7.48521020147849,5.913699204900262,9.321154338019532,8.339602226115998,8.380711423127053,1.4374262852754598,12.635214341892208,18.557092490185596,763.7320178754545,654.1734718483185,538.2080873360652,511.0788950310427,521.3314755663928,590.2043388997917,748.1459291227364,882.4606135276736,1003.0947947122912,1108.436221024285,1202.4991443950357,1268.3746108462058,1286.378744586288,1285.3059132786543,1242.286923918787,1198.1511187798505,1108.7759376596107,995.6286083476014,901.5243889798222,789.8808423498222,732.3073738699652,895.6138083199985,964.3264046962776,1067.505060794929,1207.731005810688,1355.543784761404,14.130956996998174,1521.9047342308297,1582.884681141191,1593.0690415326746,1572.2513307462618,1509.4242803844104,1425.0397159147133,1292.378082664254,1188.6443294303397,1092.3140951693972,991.5857189121283,901.0483713437777,870.5130238194247,874.0547087443671,923.5134943670085,994.1983732556512,1055.0748727847542,1113.9585170962837,1176.53889494413,1204.2127076368292,1221.4465201365101,1219.526864334491,1191.8218424804984,1150.3165990321502,1108.2556434277435,1043.4761358106573,986.8171821236159,4.353587505070151,6.652093174062788,15.949160737033464,9.050281389393776,0.0,0.0,0.0,128.0,3.3566520531788164,9.625987059073069,10.421976336533282,1006.2911875731296,982.5319185800711,947.8157226264758,911.5605425745822,875.3836537895669,795.7129671837341,790.9917781713358,784.8329448209707,759.9218608399502,742.8946112144265,771.55263630476,797.0671352141912,809.6611582971865,824.2990826207487,840.3650308778194,875.6476155371665,853.0480347682671,847.7807892013047,829.659474261384,805.7269951209452,798.5314779380813,764.8676761240607,757.6435178663343,717.7383378531276,702.7781064676919,702.3342218305581,14.411991828895276,681.0229907331787,703.7714936393718,686.4419251826305,707.0348615332783,695.8999207866191,552.6025064324998,538.3231587054732,547.5764225242519,539.3873902028057,513.856758225329,507.0352864235649,492.3823940446114,474.90443676697595,471.5747147615146,473.1747118364623,467.7830268089797,465.23119554306686,462.49883810534624,461.20239019473735,433.5035661650747,405.98863899121676,380.58568666588275,381.715780958771,347.58304992949013,326.4868914744363,306.7830774036136,7.1606711514952,4.481526924797602,12.35010388247957,14.85301558203154,5.399321996645892,5.346578665811965,11.372059637914102,11.305458467242692,15.723482326913816,8.446547083851618,13.47707093176896,271.60526707434,253.75624799291396,231.68560170009349,214.51077906489354,214.42937237813527,201.90084961321938,196.44915389790944,189.17371647596428,206.48162695652022,191.20252220940426,213.74168439980795,244.00951961521613,250.4870833101823,244.46562108666896,252.47741256923368,235.0400057962746,223.8291472358431,226.9021722697689,225.18392991283835,200.12350395727748,195.48819417282127,186.61826563789725,187.24896705146,185.20327676291683,208.52189930117044,208.72202280970708,4.440859728781544,233.21768860201888,248.39102685499262,258.8060909514268,239.71191936469842,234.17949444679388,233.37063512572067,201.05623712528032,187.4541328053891,160.5175847092237,139.94953562522088,136.14401039451357,125.60300871075265,129.21528647127343,139.51562064581984,157.42134989799706,169.44832639296786,199.21166613833293,219.06610740662433,214.0864336296384,220.3504899368633,216.63670610117927,213.31034795749454,200.42157725767314,168.1541319793533,144.44713045261244,121.02385170543826,0.0,0.0,0.0,0.0,0.0
2025-06-01 18:44:22.084,0,0.0,0.0,0.0,0.0,0.0,0.0,12.423752922362736,94.1797728425399,197.51881624461743,286.1756543098276,376.5418887420262,453.0113577913164,513.3491059316417,559.5177005274746,597.65288495872,614.104514964066,607.6808995503957,595.7779746342976,545.904049347205,494.8929097400325,421.06324891734204,325.5891643639272,211.52164788321537,105.94720483027412,89.0539629364197,190.45252927646254,311.4725975367913,434.40147326384164,544.4337707984807,629.79335625223,708.2431749417356,747.0126209982695,8.332665067742479,771.7150128520638,762.977695258734,703.5660032888846,630.4190403583609,541.9702980750743,446.4083995765383,346.37808575000486,258.1635579078386,225.94299192369357,299.15805680311405,452.8431776750107,584.3329623920904,704.088205780795,832.9278473747731,902.9800787562548,957.5635375221219,1008.8805571822762,1005.0439261185161,928.815655031219,861.5197550022256,777.4076351989992,673.3955400517659,578.5876369621609,517.496366783209,556.6287569996482,612.6182768581479,13.110231799626849,13.87360032403117,8.69908029285271,11.885732520497918,15.073633039510879,21.634222875927342,11.918246333475649,10.586068181272042,4.5686775372019195,9.409541562621904,8.75046532793819,664.9103891144698,535.5733061422721,418.48609362908,376.34282946719355,418.8306722477597,506.8213865383186,669.5093899330832,806.85907340238,931.0598131154507,1050.8188716828784,1152.6567837286025,1198.6615814137328,1228.0437353502998,1225.599312508926,1182.8883697968313,1119.4758124195832,1013.238472888267,900.2048577177004,792.1811063624069,663.2222015104119,589.0853895111065,728.0652138656287,792.853308975875,946.8187806565325,1086.35457511845,1229.4279696871165,16.444575483800083,1434.0709665181128,1495.9334410044357,1487.3243250320777,1465.5885489411428,1385.6989683679326,1294.562436022655,1159.9562790157006,1026.8737252767758,895.2048978269148,781.9554286889714,699.9545392489485,678.2767369079918,705.4689177532626,779.3878812927016,875.128002775953,948.8934811612913,1034.612589447359,1095.7061570020762,1125.687139439968,1152.8659736351801,1116.8907624049905,1065.3593224060082,1013.4875551620408,946.5131973969319,851.7669486556979,776.9276037623384,3.226485793147618,8.978690358020884,14.803777255199446,10.495619476672715,0.0,0.0,0.0,128.0,5.589858014612136,12.308630210286509,13.417524580538524,927.603492425599,895.1653541386522,838.4555901161331,768.7046051837689,692.5400464526888,593.08306265772,561.3715797684864,523.3431157161929,536.6852659950314,560.6052580735353,617.3167832499674,678.0286018660554,740.4656644734174,791.3835023804487,824.8764669969679,855.2831586273916,852.3458545766135,844.8746064603538,818.9019177685191,767.5315559503972,735.0994939973497,672.9513835287385,594.5872933201533,560.5165509675955,553.3499059590224,524.8771736592055,11.292151276283679,572.6871331541668,637.5181717938344,648.3795280187746,698.4330470751227,701.0386898539743,575.3613070601468,563.2060425037961,551.4670665534045,523.3503102712058,484.7286745811168,433.03974145168917,401.18639287605686,368.0692777312022,351.78939698345374,342.71788830525435,350.71086133832654,372.7893206958785,381.48378949228186,395.90723364441055,411.9090770338069,402.84822553362363,404.1960514076468,383.1396383148659,372.7224983001146,343.42327147857895,313.24484345910724,6.4395502169885805,11.04187201985608,4.169033360084015,12.270878882497103,10.579699013036912,5.368476804568576,4.683037844551151,5.9452309090470425,11.18691693822021,7.027482222421995,10.42378846062802,245.36946696817478,250.85972303465698,252.68548058209652,259.4642403605197,265.5937036138828,244.410132339291,238.88975775293827,243.85921779558322,227.46140707253124,218.76376028277144,214.8786294372871,224.32308404075076,219.84739673874523,229.37649885334005,234.32042299394865,225.51485155271308,210.7977870892661,210.87205577212683,208.45466914942287,202.63450678522452,211.0720663151816,210.70282115794936,205.39488726082698,207.5237386895018,208.07206836970093,214.454659361069,3.7006691557747478,230.76146499164673,229.6566127983282,219.19540501869608,221.8199320743609,214.51692973893876,206.55291908682835,182.00341416408196,171.97190876404161,150.44772289872566,136.54828309595428,124.74510465538138,122.56108277167131,124.21138912650318,132.4896968231048,159.7621351994872,173.29348921093802,181.86647045383083,208.79033517601928,230.06357899284788,224.59663034843933,229.51268859090757,217.9785323408133,204.4321510354532,181.7096338805767,165.44172666875573,141.14714774231643,0.0,0.0,0.0,0.0,0.0
2025-06-01 18:44:22.088,0,0.0,0.0,0.0,0.0,0.0,0.0,31.235903805463543,131.9421139296096,223.9302117192427,315.1867310480364,392.7956821352883,467.9791696143903,524.3890073859252,553.3226461807996,593.6776395650679,602.1631619274943,587.2553086311405,563.1327985548811,516.4797385190983,470.8382862407161,383.11682011095724,288.51582112457913,177.472929623776,89.58294285954364,114.04521143785827,215.35288299939148,327.47331029833606,456.9936756332187,549.4017989082056,636.3758056510409,703.8644851456173,730.4664087262416,12.755268249790662,745.6574464838567,726.1478753118603,666.3418594000835,603.519142726655,514.5528346986008,428.50998279499044,328.4059121105722,257.2693255340374,237.5482011735345,318.97546199844044,482.8713044949061,593.2213456529744,716.2564983836547,818.3577527919844,879.5050891802659,951.794528924913,966.2257949078355,943.6082227408052,895.8957118792275,833.3979288223028,760.3548283295019,670.5483548995304,586.6617250600125,558.9582675326401,599.4859594486593,653.3857824227089,10.04987562112089,19.952524894641556,11.394299343841128,8.05266966394829,9.930648583717314,17.471265257464093,9.898134085648765,8.290230204127019,11.289286083710637,5.585484645535146,5.069623151562899,661.8136085590356,547.065361980979,469.86874447705156,441.2254435225875,499.9855461231154,575.8457582397743,712.5001627806369,834.8278118513689,960.6454718590785,1046.1010328171908,1135.6368148889132,1179.3514878267981,1202.1377701826787,1178.9528036927,1133.3220449938974,1084.8589145713634,986.983070403658,887.6805973099221,792.2214220505771,693.0414042128593,660.9396274574176,833.8867582999712,900.1665196971139,1026.816052725292,1134.9575435726927,1268.0105510297183,10.832301131890562,1431.2832547149878,1472.005663465951,1464.414848551225,1446.3875761704007,1364.4922260919702,1284.4114922261335,1167.5335534564051,1049.3274780616498,964.4511738198462,862.5711968617466,803.2513305815797,784.8359909268192,805.3990381012717,873.8604189961302,949.6612666695877,1008.3927309587738,1072.738656216668,1136.402516890848,1165.0522320109312,1165.3767950744677,1153.0056704954566,1088.481138243053,1038.2252318858198,974.698864025284,904.0886534042352,828.9908749753054,8.899939702967853,17.12100667218006,10.880224317257209,10.602405880890696,0.0,0.0,0.0,128.0,13.680318065715715,8.285398982599679,11.797874288429908,971.9839931063837,923.9910150212111,863.1748603300247,798.8478787488638,724.5260567336948,627.7828330530175,593.2763327295285,566.7358275691769,549.2091973398691,566.5349393365074,620.5618728488214,670.3368033037242,714.1793376901711,769.032207296344,799.2661207236104,828.4425643836772,841.9915310397885,823.7990452960377,796.5030313954239,759.0353714924164,725.9157347537198,667.560484528661,631.6278977300337,579.4001316681454,536.065580079852,530.6963577501875,9.346923698187902,571.0765087581498,598.0482357829223,629.5173566471801,689.1501890869491,679.751136716045,561.6436388027439,538.7131892210582,548.1738250052906,529.9628456710574,494.66325775953317,448.09004406387277,408.844997846375,388.11003082583113,366.7643669923196,368.8544606942525,379.8202658547675,372.63793176377095,407.43643539268834,433.6505843392062,444.5445598937673,439.2564715873806,435.16675745720437,430.57800964505117,413.2594606364481,381.2732682682376,348.04901048541126,13.575604992984408,9.661604349196526,6.718544268577489,5.824954015575413,18.208325091218324,10.417589735927258,9.791350052303159,9.97780232721909,4.540028176625701,6.077609443241737,18.331291422060936,272.2410944142209,289.1527299182164,301.84064991955455,301.2307552403951,294.4870756704129,273.8021850748799,258.8861039616501,236.91327621007503,238.03350461636973,212.44051136650157,209.29987910096872,213.6045017618041,227.4579129504904,227.4269507288563,236.99282950055456,202.61595620831548,227.7989586095954,218.53055611624512,238.76607019991843,234.64273229977684,251.23371859349945,243.30512712693843,238.07566821474617,221.90611628393583,219.60742695037254,206.04995777592,7.1336203574853245,213.5659856974589,209.34126722529632,211.5750635113593,200.80921502379692,204.58709858208758,212.02250391520056,181.66659433048227,181.43748457052675,161.74274638222593,158.9250560992237,159.27928657126364,138.31464142201145,147.51497700451174,155.68588186032747,160.94292301496844,171.27936581471377,184.5404854179675,194.69871668011567,208.07953073608547,206.3365228629779,202.30902116318592,215.47230023887315,191.5272482754089,183.10255569928597,153.13619129646682,132.56620450870787,0.0,0.0,0.0,0.0,0.0
2025-06-01 18:44:22.115,0,0.0,0.0,0.0,0.0,0.0,0.0,57.972337298339404,125.57290980132322,224.61035301576845,336.5826360131493,416.9459675348689,494.6770920864354,559.509277488061,607.3840156080818,640.0589823477433,657.5165952370311,648.0375814835489,621.7643749381858,575.9967153126892,520.3743688541504,426.08265386316026,336.489164668389,219.89875754705938,130.272303107044,129.42603527495748,226.96317253581407,355.95464941269023,476.18546084847134,585.8820735713009,688.5971205646975,760.5765878840464,807.576420210138,15.313256916420066,837.9912407420093,810.8403599373055,758.4365232412244,698.4175139935924,602.9100591885812,516.5445447150875,403.12317952105167,332.75967555431447,323.40605675108975,375.87249517536026,512.9511159905663,677.391589484262,762.8999971139841,867.6517750865013,960.1555527333923,1049.821230986294,1065.9563879822056,1027.6602743922815,987.7313784916993,956.0269552976125,847.0118327217688,777.1956768375998,687.2773832440583,638.0938762360869,637.9219653506942,689.4780225243071,8.421432086414208,3.3997290714395336,3.4427952500811583,11.162136502364888,8.792056747930289,11.459770114942529,14.645725198585339,6.0492767166638775,15.91519717870367,10.04987562112089,14.602949470557427,768.423184710648,660.927666863326,574.6834380616285,526.3073853477509,550.8566993526363,603.5343117854754,728.1967555855917,847.1880367412016,965.903938200919,1073.7598107499564,1175.464865754835,1239.123844269945,1265.552181889263,1274.1656824399897,1239.6365243553955,1194.835070319954,1109.9405791227257,1005.0157382994256,899.098682581994,783.1607935883992,724.1047944805578,872.1681150146504,902.5291166392759,1003.8594186059103,1120.8399417063836,1247.461043955414,14.41886848041683,1468.9437222542429,1527.9671510212902,1562.3092551816897,1560.7358320425224,1503.4050358273596,1443.0636803694254,1321.4476894370937,1220.3913020735647,1105.891210964193,986.8870532714583,889.9199333782022,818.2808541196994,814.8974799054198,840.2620213307791,910.0110099925578,994.4402097222608,1071.9602049606374,1160.812914762211,1228.5543940368975,1241.0473033636792,1253.2840525580982,1225.5686492816446,1190.554538659425,1123.1530394342278,1048.6715332126123,970.3209075275709,9.069107543197026,8.02854264103885,14.672783881057557,11.705906958401176,0.0,0.0,0.0,128.0,19.563166683384097,12.819810940061306,12.8117558628931,1059.6292450538483,1019.2105051733712,972.0220448370092,894.4095037658839,811.4801580371579,713.0396799003299,648.3488542941448,592.177115953767,561.5325617518619,548.6767407401491,612.7524423996631,679.3171456383169,724.1656524106328,793.8412617300517,823.3719876764827,882.2839373384246,907.6107982602977,892.0420152366139,860.1391237317514,818.926196103283,773.5211498346621,713.1256888751567,667.5066378472336,592.1595450054887,531.239878899603,529.148517280542,5.0085070858096,559.9278073526907,606.0765556422647,659.3693818496212,704.3034006297801,710.0401569191005,589.8061962963764,562.3693273476235,565.045177896917,544.8327226694685,494.486640042276,452.8143403075645,401.34466081372403,370.95571232227826,332.37696295781063,330.32639817631235,350.25189887758,363.57129272425124,404.8669966580546,438.6039218781864,457.84547299318757,456.77863467473446,462.4148713521383,462.0779158265233,439.7655427788702,408.11972265691185,368.7604355044089,9.907319681846122,6.456700398025009,4.972332257058195,6.0178548025137095,20.01018839163289,13.62082142909929,14.069237146595997,8.656462717973449,13.104684990094029,13.3606434616521,17.929674316918888,351.2345875351849,356.67483744748074,376.80389241750436,375.2614745064141,362.7293464904757,336.93200301537826,301.71364435537805,276.06651479813206,269.1282982768629,240.964141682108,219.44265926541823,230.36020168716732,246.23860210147728,285.046954948274,303.24835792992167,307.8285751822872,308.8399654191218,313.2896898864631,320.2788722124952,319.4012300426414,299.287746700204,274.8009614352633,250.5801103678181,229.26564239534312,211.82893279454888,198.73602638603194,5.216396496056157,220.02535273990995,231.712584741193,252.04485252094946,245.38475703764496,262.40828836074706,267.95408300262864,242.35763588156794,234.33215161401134,218.6551635955406,204.58564737946273,180.1306272445983,160.8568732557875,135.40336224492663,128.1395069344473,122.93829610451672,137.42822318848997,164.20925646983613,169.0470793100645,184.87170123310648,195.95031353380605,203.221480891632,215.87084321093346,207.96503234436602,198.57461481655085,181.07583645363965,163.4685563061729,0.0,0.0,0.0,0.0,0.0
2025-06-01 18:44:22.149,0,0.0,0.0,0.0,0.0,0.0,0.0,67.23170680604122,67.48341820080798,174.14280203097732,288.84253488780763,391.13239725044957,485.17922771002907,565.157020585899,639.6200004596311,686.5306241923344,726.7377851777609,724.4658191417526,721.2198366105115,682.5611493251021,636.6236594562373,562.1090829941594,453.19896458703744,340.25864371934495,228.1056131936489,162.71119956307479,206.53660874172178,328.67569432849854,461.61594791201884,581.0264263081183,716.9504758606448,802.7780973561368,874.5298763742868,15.215393780333859,951.9227254109514,928.5892104576072,893.6360090519067,837.4680549581149,760.4955522925292,664.2858235446313,541.5744601196476,459.18605936137993,396.73509420149577,399.9825029927493,536.1714425697588,710.8455215517586,776.5594112875682,899.7580904827727,1024.0655050976616,1119.7346678679037,1182.4774712088592,1144.6666462197747,1158.613568185183,1103.0986687605791,1002.8185108647265,916.7355091300872,784.9629205448355,724.4749095078538,690.4341758886713,722.3775848167995,8.121550503086732,7.270079281206856,7.62371530932689,10.651574608337786,3.6755465101218103,12.448159755542932,7.455568287223852,14.127123678359316,10.975054139195215,8.85092196109842,18.076315674416765,938.1196841128451,811.8842673723956,691.2309450726761,593.4584501660551,555.3212744240809,566.102973184827,690.6696105235555,808.1508506126876,971.3483660057746,1083.0216065014715,1219.199830356626,1307.6830478055244,1374.069543194386,1406.1650691137918,1382.7133949289198,1350.137844654651,1267.612657394586,1160.9441211044289,1031.0963265299952,878.5444182647974,769.135704869499,874.2871827558455,842.0678391851617,931.3991236313116,1053.5647551906275,1214.0672798063965,13.71741569536676,1471.0493564982942,1561.0686000311769,1627.5747684903934,1610.516703594411,1586.2623105492582,1511.5113571609381,1390.7311879397278,1274.4144210989616,1133.6844694321778,977.198882214449,851.2198061865464,754.7500316803805,714.1499146631885,731.4536312632596,805.2691734584058,902.4247777682307,995.004689511319,1105.9921332599033,1181.584320375454,1221.0204991917,1240.2891374202677,1234.904051311247,1188.0466904589691,1133.4305566604385,1049.5599041586197,952.007407077071,9.235623920793582,15.59158401849329,9.784688288302991,7.576791349424393,0.0,0.0,0.0,128.0,12.17080224132762,19.365287347966824,8.981625869301872,1120.0010944985943,1088.6961376637223,1023.7572595874068,934.965434146531,834.9647779269524,702.2012213943783,634.5524466858659,570.0775732805995,567.7220798989123,593.0029792290061,663.7476456451462,746.1744882701798,812.4003020704718,864.2624036024939,902.2227951698472,917.1120703024363,922.9363731028975,892.90751794232,833.4455089717102,756.7750586661473,705.2771942603163,611.0757137754804,541.3274107533472,480.8058677571884,453.50195599616586,467.23758629289284,13.809331890976212,573.2063548207126,650.1538551255669,715.1011300499567,749.7147732939584,773.944607850768,638.8553746282578,601.4031916839757,593.7631924162312,544.9262607301723,470.1436282841564,421.81980820103536,342.6293404637877,302.19159900814935,263.3310129797166,266.951003552643,301.69617280276117,367.9303602765936,408.1394190915008,461.9489984884842,493.54696645714336,513.2177825783375,518.562513185741,517.2018556120915,501.34653810333515,460.23667462319116,401.0269894733317,11.94995832945723,8.484032184482327,14.126092574066318,7.523292687619362,5.8762182705144586,15.434154747296471,14.58078554655422,12.133561503757516,12.6812400124409,16.887240327935444,15.167638772581453,383.7955943079043,407.8308191712378,413.49549599022527,409.97541532742224,399.2463191078957,369.70914820935127,332.87763893144086,299.5346699538185,294.6688146245922,279.77252864563195,239.03296172880673,271.79861299592295,304.1861684330604,341.83914736477846,369.6924344945577,373.68631076312107,376.24788938732803,373.6442065207926,363.15381557319466,355.7463974246218,327.7383588456217,285.7719581181464,246.20135179602096,233.31924047901632,210.08953379007698,210.0760021198419,8.355219647631472,249.69183160594773,273.0187966654209,292.73495752507125,298.69028537559996,295.41958177681875,299.5434014179835,265.55902186615316,257.99867124484274,217.64043201239855,192.0774539539104,159.907547252353,128.2654159883772,98.2168795717981,91.62309920239133,104.08978496513632,128.3922160715118,170.7330522111876,191.4820361127887,205.49247396367477,220.6382315847915,227.30436124189248,228.01571824123272,224.6541342720345,201.65543184397163,187.8539649945819,147.82039736462883,0.0,0.0,0.0,0.0,0.0
2025-06-01 18:44:22.165,0,0.0,0.0,0.0,0.0,0.0,0.0,89.29605042308924,58.13700756420388,151.69347174005938,261.9236270346075,367.066665330852,461.0726257593932,542.400723182116,621.0830038367844,665.3629516112866,698.9061279669447,712.8388569739321,709.1436033490241,682.1181942221519,632.7256936418744,564.1479740017572,457.06938235939316,359.5466985101744,243.11716481497078,162.5816946376873,177.72914232248917,284.5283475885334,420.8731786359176,545.1236568364698,652.2034355912523,759.4818784917504,839.0290420119177,10.74890602098067,918.6411401473358,909.7178771640085,885.1284583597808,828.8216647089785,761.7458405940428,668.6211907413605,549.0702972519034,455.5858741421309,409.45353692907867,383.9380162030736,489.16402417785827,640.5049669752972,751.9125839136777,846.9231098720518,984.9435434155481,1105.982784277853,1113.4171513107326,1117.2002390023172,1118.3068716552625,1087.5030382421194,985.4118739690365,905.7211085633608,784.7821614140807,718.4634146081563,670.1019246269105,693.538656300998,16.716510980224125,3.456924827971221,19.672398852555496,12.77710890832925,6.331216709633745,6.156960744967829,11.809962378416188,14.879035935254034,5.7989624590444375,7.6172979318045,4.723796382380477,907.6752218206559,799.1019197524511,661.9024255500268,566.4077174787612,520.6025424810001,505.53981548529873,641.9271715158343,769.6775365963213,927.6582435420456,1071.6849740509956,1192.3203608855938,1300.8326530619236,1372.289819767582,1396.8391234650194,1391.6838016612917,1359.5066712145535,1266.2427993815759,1156.8365486697212,1038.6671133544805,880.0772904929657,754.5959321160577,827.7918007798559,790.9191399881727,886.9383153261836,1024.9543367496265,1190.7855045499696,8.392084333379744,1475.7098272679063,1569.4182878292054,1620.4746545478101,1635.001237339653,1596.1111142818027,1527.2707611733215,1391.9945219959166,1278.7471394153658,1124.053306199088,973.3027837170981,831.1706960234294,733.6178117932983,703.7426436517255,741.1450932239557,815.7103980508615,941.5297743484357,1044.6370240381464,1145.6358577737071,1212.7735435644843,1253.7959566525547,1288.137651772158,1261.15321096097,1202.5988364239597,1150.541843117692,1035.5940464815467,927.2039956771674,6.966250104899812,7.790337551144926,7.529786973989797,14.54334450936354,0.0,0.0,0.0,128.0,11.013802921199579,24.63029352222468,12.795893109831304,1087.6897753316728,1037.1555464913947,966.4695625446708,884.470312675992,762.6850006352902,618.8988250738219,560.202139951788,500.6330256531573,497.1556536683953,559.7334451543526,616.2750595629154,680.77574035665,733.1596837275067,790.7114960637934,827.9070332565037,822.986774029919,810.9516523448749,771.7577362729093,745.1409276031515,659.0469083331226,615.5452816636634,517.8044974787152,433.07184540858134,401.21235460037315,400.28702905504264,411.4289144575044,16.111444989679608,549.3907605436482,609.0048868637851,686.8883203772028,705.6859639664282,740.740544945169,605.2990029276938,569.3546997771958,550.7740708549849,479.6541389506529,419.1130004477536,356.82480227538076,296.4717136274331,250.0493320134455,241.99358058814465,255.59651583397255,292.0706781300695,366.1094668793474,414.1355867862685,456.55276805873694,485.2574471331047,496.7430294379021,490.51345069352396,477.57277921750597,458.880130375977,403.3125173032284,337.7106600702246,4.085734385070444,11.060316585073638,11.92513027958298,5.7837476218197255,3.0246339917797416,17.481328495286707,16.733449739173565,12.632086182912511,10.652084974739171,20.36881166546433,8.636910134330426,363.80797724395865,396.61951839188424,394.82995963540037,381.59809874704206,360.2832850808259,331.85709299130536,307.2431224207995,282.4451712548707,266.14986001633116,220.37749599011033,208.29808739993283,245.23652646776242,278.8476010129115,307.7557419979506,326.406853996616,337.505633728174,344.64028539144357,354.2007149901746,339.1720255426242,316.1979192468512,290.0117767478572,246.99157482688432,218.23559107763847,191.9666840066602,165.237989770734,175.71946571828045,4.47213595499958,222.6400758429385,232.07293332480245,249.63146027409093,267.36412574143054,257.7435886584709,253.71663558447068,242.9392447605233,227.32148985108236,198.31732919240866,174.8334139821562,137.53543032816003,106.05345864919401,78.17699794717967,69.90546534141119,95.84515313426716,117.85376281973765,129.3567026803878,166.19838338402315,184.44613023446638,200.21638680804867,203.2007186508261,202.6586941693259,204.0940955819409,187.83203196770924,168.3041101254063,135.30553938860743,0.0,0.0,0.0,0.0,0.0
2025-06-01 18:44:22.174,0,0.0,0.0,0.0,0.0,0.0,0.0,98.35174125470006,44.559042801692634,132.50608173865112,240.12726592613194,355.58769186008806,450.1709782351803,531.9079344124746,614.3331094380983,664.0699051447191,702.3013905466958,722.0148687587903,721.0198167296095,696.5394561780614,637.8241584588005,573.6757650179072,471.6914338955837,356.9731467180597,238.2860486714952,146.3943767867583,178.61458122443779,296.1901475522401,424.57090761928106,546.376482623603,664.9767022572456,767.747841860913,841.552716612464,10.958754768154114,921.4336470553709,910.2082759747645,869.7788956243132,810.3738620264978,732.0396955478483,640.3862705015688,517.5187341319265,407.35749865532193,374.3431871027478,355.54037541630476,458.2072286169291,629.3155358302665,788.9082296692774,857.0477673599531,986.9275738586955,1112.5127058457292,1161.6880244025017,1133.5163376435698,1107.2454682684408,1065.2890600451633,966.4431570007121,891.3427578978643,749.2454421593638,655.0111392458731,619.6175692009109,649.2047802365861,13.277022592227034,4.887071685461825,20.903949661211907,25.042401736115362,9.637014040611326,8.229339927353395,13.971354042391884,19.366449511039104,6.308105306642032,11.275209734816,12.181407123489358,902.2796686611206,754.3067993770646,625.5382134104772,512.4251344426359,466.01257297648834,486.4075455390765,628.5760692271599,788.8268692488123,947.1737286342897,1116.5413869357299,1223.3718852589243,1332.453105361604,1382.742950000014,1402.189113482013,1396.2377654932147,1350.5553949795699,1244.9008459892127,1103.3365115688023,974.7939714296194,818.976207632615,678.5390477579082,742.106162063719,722.8328834035382,844.989858164257,1011.3804922352632,1189.7729205011383,13.651671118779758,1483.4535163996898,1562.5543777459307,1596.2951067431497,1605.3183702302981,1545.3757380468771,1463.3467065077175,1332.4323107129158,1186.5161666338522,1018.3716021514089,866.4949113383618,713.4265849116063,629.2343398138892,605.7226757599688,671.5840386348505,762.2524824217439,896.5049709749212,988.282977332906,1101.1020264186907,1155.415582347128,1201.44467599672,1216.8606784904948,1187.9503032472387,1142.2144798846616,1063.6265086516203,956.1478358822011,839.8664280499565,18.103210575549816,11.501029707138667,11.431351594168653,18.043939707264496,0.0,0.0,0.0,128.0,8.570384462969653,15.462595773810921,5.639058110198296,1054.005026657898,984.3386774844622,914.3292640822325,837.8577947828039,710.8370355017535,575.9906390410796,499.67177258583143,460.27928507609096,458.78047881111917,511.7649162196858,568.1302359689942,651.5967220800634,700.2962535347885,776.6461856711585,810.3129924600154,813.1167812220784,810.1942056882132,765.3472535878899,734.9638026631776,659.4637767862586,602.5079447412699,503.043243121549,421.4659569946398,369.5385268472404,362.25028583253203,367.73115918864534,9.504431923096382,496.39672273736585,551.7628254395652,622.1066980896543,648.8596854213876,686.3603662423078,560.3711393826948,535.8684986836857,529.5718234280895,465.16401936525295,413.38736673358096,347.20541501880325,301.43319540384306,244.006402014025,223.02079717885428,216.89989478082438,258.77947623055,307.207330632188,365.1736936176035,402.67130338602556,429.64489264286516,448.5393819065598,442.59027521536274,430.6666107840679,418.6326772446124,383.2217262165563,331.00962261973285,8.226153657917804,18.153612377271056,7.733541597458473,9.64689255729223,5.213574023171224,14.126718934764959,14.054447818557493,9.608706042744307,6.324555320336759,17.603436019734726,7.036264841579286,328.27418696541406,351.09204555878404,361.0982925067946,357.43795136524403,344.3860856475352,328.45927616440986,325.88604632937347,301.8733150407285,268.25936788319564,225.48521909603213,230.12413650541143,259.10479160665534,284.83790291555596,306.42710139235965,324.7544376145814,320.2723180642764,327.8058149031803,326.7842237768583,316.5627956933633,298.21482653322346,275.5358415887124,233.86791868976633,227.73650830218662,200.41760262369343,182.68630679107463,192.00590030982912,10.34025399987858,226.4040319522196,240.4416473897601,247.19654292107637,257.99167522978075,248.60829190743945,241.2739448762877,231.5045762924132,206.01287152961385,179.21752218619494,153.57775628580242,119.30575675931411,100.09976099216166,78.64660040593513,74.04103287738073,109.88306617313799,125.79531369891636,143.78622249303086,165.41390205165013,183.5761129410811,200.7652598846809,200.62599797300564,193.31276288381002,193.44860198935564,184.10865211832092,161.98282083829753,135.9440430733166,0.0,0.0,0.0,0.0,0.0
2025-06-01 18:44:22.185,0,0.0,0.0,0.0,0.0,0.0,0.0,65.86460311800678,67.22333448040325,165.5523622150154,272.31744190779244,375.3828197465663,470.96935339144335,542.5947576045731,605.0887616158293,669.8226384249518,681.6791386278069,685.6876439441057,680.9030779674449,648.5487260197209,579.636034517981,500.93254951214226,399.94156368083975,299.78863891730055,179.92439039591775,106.35033618221571,185.5576619094362,315.7410228642824,446.591255752366,562.4122412067353,669.7282543616805,778.0825398005614,827.8951313756091,14.301474796865108,881.747395175244,857.5799851316422,806.9852944121827,737.5606325690062,645.1379229069546,537.7664363151705,426.6945651023373,328.9973074936655,270.5701754651207,310.4860399362299,441.7503447715304,627.2080135631123,769.7682062541717,871.8237704180144,949.9510950634527,1037.0989711061836,1101.015821563695,1090.4699414488312,1023.009203151297,977.9877154523289,874.2691415954159,773.3159720757997,639.3929295027098,549.7318522511954,525.0411870361612,582.7998502847773,5.445550558444543,8.728080799661946,10.468791755495005,21.021719362457702,11.258828081844621,11.941928419794507,7.3073856151777346,19.15854690201695,9.589898977276397,16.18376955246432,18.82194877000048,771.7304669712456,612.732339716132,482.3268304275488,382.61232532262926,354.78089922191504,447.3604441884856,607.296847686991,787.2375617116334,962.53116144272,1114.1762171262124,1229.3624505470236,1321.2973299820467,1361.995752029158,1380.5664490343145,1340.6033124518344,1281.12610528476,1159.1058397966171,1016.631260382881,850.5921230024452,674.8608499075611,555.2954452779079,608.3188386175823,660.6367255718517,823.8018201296261,1017.9817551891948,1202.5281282511216,12.8817074613951,1488.7091952348671,1557.9093978723918,1564.5548437126674,1565.5927350035022,1479.8822481885898,1375.4318076084066,1235.6077312092589,1071.9348392105342,893.9675660894868,717.6581341560504,577.0356524110501,503.3995595517504,505.9342475878263,596.3272524771465,727.6212309886389,838.8604970502399,940.1161095546602,1038.226850097983,1080.417229273474,1117.6333294104088,1109.21341330882,1077.4367648436153,1025.2139627474542,936.6399570223808,835.6445932597467,709.3218555368288,22.125696886061583,6.863097402668615,5.72743892263364,6.979166630034878,0.0,0.0,0.0,128.0,9.46928659811777,14.164302492999166,1.4142135623730951,943.0835321439057,878.0552061136299,800.8649700736885,698.3022740673745,601.8048050003514,474.5212820830246,387.7548153482216,354.3502742491594,373.08507876707245,411.6545500664688,499.79194584091726,571.6228125991777,616.2305604730919,677.6646201281903,678.4840051302982,707.0585015916364,682.9349448867466,638.5893441430395,596.8467866496663,517.5386194648304,457.2506233641595,366.5144302546183,305.2201859222186,233.99836302288713,206.53813530551986,215.24471062020896,15.446509956728292,340.78403534113147,372.66210399244943,435.8526674178056,481.74991769278756,515.2857565077678,431.0608347001473,417.6976472239894,416.2470985702395,377.12500693685763,353.93505083850846,283.17131049843624,247.79963751397796,191.66840080999603,156.34638244427592,131.21549341116187,160.94632966541852,186.35760231353967,248.4405193635725,280.6827588069907,309.2615737284686,332.01234278635064,332.1488770125541,352.0069980411169,335.45826446741074,331.7390308976148,300.45537584600027,12.752108071723477,16.07322706477369,7.188651447256057,12.244525297422122,8.387806697335652,10.990575445175418,5.645807748116669,6.345884020780401,13.666245104719504,15.26175946204312,11.132793687804456,249.82764656095117,291.2605565240446,314.1184416942904,332.3614584494823,349.94101496261123,342.626065066336,351.30735959677673,317.16472515344515,306.9124376564221,271.34200815707044,274.9726245898331,265.86480447626786,286.4366506808202,271.9260205450621,303.25602753342844,291.6036758066337,314.2408615001618,304.77554169779154,311.8872470657781,297.92825114595604,286.00872794633614,265.58052355488627,254.7790234564246,226.4114810065844,220.80665905967203,218.7554017776967,17.90854352848956,222.96183163441458,235.2792642273754,238.16287982114585,249.35892346051335,245.56260188628667,236.99762548569157,226.84222908092474,220.34780745098936,190.65146778720188,173.041811090292,150.89262382319038,124.9244562872163,117.42669264255007,96.9071560293647,122.11126956688004,136.35030973484882,147.24534312239714,167.03145144008073,186.60166914202708,207.5006489243199,205.69017079401448,204.30491508259803,206.67200091207715,193.0852200355097,176.0012488530592,154.8457384383614,0.0,0.0,0.0,0.0,0.0
2025-06-01 18:44:22.219,0,0.0,0.0,0.0,0.0,0.0,0.0,128.92255759996343,121.29907308183313,153.51709857648174,270.9118886583194,386.99625632314866,501.51254148769664,597.8157891954218,668.9282272051306,745.2248530434026,779.6786895605512,793.2238925113847,798.242494104386,774.2727908706146,699.2645831689337,630.5509264737608,527.8858628035849,403.02554283644565,279.7317298867324,189.2352681483893,194.458466160709,306.96630713399776,458.7654851611362,599.666340945056,742.673819489435,867.9209343749227,950.3618644632609,16.828522693080707,1031.1073103136205,1022.7485250093051,983.0429847073153,927.8300011614867,821.4710797485973,703.9236753267069,566.3476558642589,450.5175403167766,369.2829166566683,408.07372922010734,551.6893621905836,659.8604445305759,861.9701245061904,1023.7894885495751,1108.9493064714118,1198.7366326507263,1274.555021724085,1292.4555731386374,1262.2957126200433,1171.032372990045,1091.5712239884197,940.2379185253282,832.0982132278383,729.2262915953298,648.1285515213299,720.1782050295568,7.3948166468616865,13.533276767907761,12.52561546215963,7.00056241089448,13.551696784491053,11.624906785733435,15.112459678050502,21.50265978208821,8.597510898612086,15.812410296389926,15.555141512800267,949.0183498749643,767.640903014785,602.5944449254422,486.0512904522834,448.11738029016567,541.0635831294722,728.0589311422472,920.9979172363993,1124.4473573320238,1288.287585882089,1451.7482903136552,1547.6402436176297,1609.2682497206858,1625.6468698169585,1589.94763923384,1522.2390801098975,1377.1521664008114,1207.9446309511513,1036.2513537244122,814.8190306531038,673.2278241189834,742.2798297295318,823.8808235399486,1000.0945633246068,1232.2011614688597,1453.0579412410589,7.537440353474847,1775.88653304013,1864.334456986514,1853.373975286992,1869.5345600424425,1762.8808676955905,1654.4265488839144,1457.5283250047796,1275.8078247007356,1070.0674693881463,872.4832572953604,707.6769973754081,609.2251448134606,624.6267160089952,719.1503668174846,888.3585493725561,1015.1404448972255,1138.7314540680609,1242.1460918290725,1301.2117869383678,1327.013063679297,1303.9289003839222,1251.8289108330468,1189.6628389706339,1087.9353416728156,969.4633704173314,831.6772725319029,11.736380136403051,10.629821421278395,8.765940689119828,5.02026031639857,0.0,0.0,0.0,128.0,9.400026505805279,25.094958489905,12.299773201958974,1100.2055209647963,1009.9604681054209,917.7663061522512,793.687248800139,656.8473172607498,512.5165144061289,436.9635945936537,393.7537551561407,439.0193089259754,497.86641117903787,616.6200335403123,704.7314961803868,761.3731635020893,809.9779605837404,811.7456493152164,830.5124433840931,792.1464249973028,750.9744520715448,665.9984994453299,575.0273965538696,510.29825959109905,403.99508243432456,326.49568009502786,235.05136408704544,195.38865127571663,267.2619023084008,17.85853799287105,430.5317285772073,491.150135546382,566.4210314958564,633.8066545454667,680.1442328073008,556.9179326239408,538.2925649456721,531.8716581533857,486.52005286403056,457.7248392279231,364.5255534638906,299.98786757804066,224.9773949465741,178.23861289756059,170.73491677427248,208.71243192057514,258.28833946813285,340.83325519299547,409.3389415488862,428.4641290368004,451.5918976442527,464.7687336899503,475.80974770383,450.0568248425196,433.5038895973138,385.1016693168431,14.896197764516815,11.567628458373289,7.840130741727963,12.582465489254865,2.2078930377492614,19.7727959557847,7.16307364212088,5.662906939154952,24.95855231653762,12.046181339152461,11.632987600531301,341.52739530259277,380.5989173471603,401.71144396834075,416.1426306671857,438.20966291011734,409.72727045254476,387.58015546786595,397.1550844143145,374.2863253507126,311.17319214522996,324.06812897039634,289.05968151488383,310.29934510174866,322.99034301456584,341.50536066670134,335.147753245339,362.44746657175494,364.5816310413361,367.196846092296,344.829998666194,347.4319602256454,330.2944680705659,306.16858487413634,261.8755223772026,259.2926908158984,243.9331705010747,13.841186078559371,238.58965058529932,265.4995429663962,263.7943123041563,276.7547819873081,270.740332615683,276.1006982294626,253.98915384733786,238.5924578329046,214.47357428113725,208.72600534706692,177.99832382372122,144.3881668438283,144.61524077427805,124.17021909003451,141.43165740546766,150.90603270415187,160.12798958209143,186.54617840440648,199.99218249509457,219.0170456788373,223.14263779003596,226.50375847469414,234.8614138729678,209.86314526794968,197.48469710976255,168.0391598872263,0.0,0.0,0.0,0.0,0.0
2025-06-01 18:44:22.229,0,0.0,0.0,0.0,0.0,0.0,0.0,219.39080760833204,102.99889682593044,52.25801974491423,169.06157013468678,303.4907462559861,430.8637327722966,546.5018936976994,647.9416911815724,732.7626280406312,796.2860192545523,834.1756236613007,860.0162889969312,852.4917485767413,805.814808009963,744.1546143253486,664.301496463717,525.3866524744598,394.33237060284534,234.7212945060397,120.23053214328473,200.41515785010574,367.5737640104175,525.870968610707,687.2550034715888,829.8023148858083,936.0652020481008,17.255096055009993,1069.4862503164886,1089.3708813827577,1065.6670941485963,1039.2250810426253,931.0896894645355,829.9573855625678,676.2917664004669,534.3210206925082,416.9666375849192,381.9915462779813,492.13235406249663,597.1594082280152,790.4101810831421,977.4592479625596,1090.4275169225687,1234.3682256411407,1334.7214724112566,1329.1472140060937,1328.5699699673457,1247.1155525585611,1203.3579375826266,1059.0150134591242,912.8654963214544,750.632289205432,664.2683246265046,699.7409374424677,10.986419773688823,20.9424430954151,7.482627314197999,7.017464931433004,16.887416356324948,12.262153700881624,11.025918230665562,16.935292889213184,5.543350403352884,9.072758988077084,12.359503371916142,1080.0510329724466,884.07724036334,705.2985029030659,544.3620817740932,448.92084882509477,502.01392432527587,679.2697089013463,882.0599634089087,1088.9444173921047,1288.1587059300361,1451.2610705870447,1582.0250987154368,1661.4260048610777,1692.9404796075696,1671.4949035884244,1608.4476485571595,1477.6227721120642,1300.4859568693282,1122.9646333354717,900.5740934457529,724.3652952808516,769.0449643457987,799.5703259884497,959.4422016090012,1199.4729676792654,1432.1397372137785,16.79027768343288,1786.0796728567707,1897.7939867556627,1899.7193639560737,1917.0426407680866,1828.3102232687402,1723.3428811302188,1519.901503035983,1332.3236925081321,1124.6094298642324,924.5244933620631,736.8046214417507,627.2632424968987,641.3416501646677,735.805313964128,892.6370380921069,1034.0516434066033,1152.9608382287179,1257.1129130738725,1327.5690674046568,1338.5588004608644,1317.8110955300892,1270.9261029623215,1204.6565269808646,1101.3517340297408,976.2880125271529,835.1220243584153,8.347810689243687,16.948756891480926,12.432942708331106,5.850456142519471,0.0,0.0,0.0,128.0,12.515173733164957,26.46087038332862,15.278007202576623,1105.37106207908,1008.378603154107,913.2888278058422,801.867871994159,648.0942058485413,498.7899275095135,432.8928710554053,396.2793866603538,444.8031641684511,531.8498046299213,648.3042831241337,743.1553100783094,801.6159908347028,855.6968345080263,863.3844270874728,872.9713396198405,835.1811921107967,794.4945487790062,708.3821058024977,611.6845537960183,544.7826201577116,438.9642492665746,342.6377097658403,268.8134643519445,250.93477347767552,327.2659121325918,16.028970930994145,492.41758243703475,573.8726977476148,642.8966936533272,703.2707088494653,749.2211504306186,612.6412675667183,571.6883155639026,554.4110094250046,494.56718007453713,444.443335951279,355.42408940856956,277.30673842883004,214.0276929408878,176.60280773381265,203.13055354829453,258.0282290349206,325.39918087253955,377.3492210460654,454.57891213159735,471.8326204361907,495.5380138078651,500.62082909916614,484.1627507638441,466.4554929297936,428.926319236625,357.8097192751185,12.542836336053883,12.356321839080522,17.348247420637257,15.473082141933332,7.193420236471072,17.10290480461326,7.3545039715892715,9.3413257005603,23.668108117099113,16.86007078541208,9.834317327863884,416.01321599298666,400.3968135234164,428.7843415981833,424.5460315600201,429.6093766734418,386.59493165681135,360.30882675124144,360.0530938503722,341.8434036820237,265.89523288592295,288.0346116324875,279.14428450447025,304.9114614074639,353.86987470494586,362.60076424432606,357.1820551015874,383.3649670903412,385.60696228414963,361.40121241941677,345.5658001483077,334.4068488184836,318.60149502593725,282.4917666603441,247.1454501595868,232.5385643718489,223.19836988243935,8.153208742732925,235.22622847918575,275.6487159018606,271.5062404067793,278.5072866654294,279.9123304805963,281.5031861109265,259.00850170265863,232.59562825430345,212.34245937315364,193.37834825778395,168.685602587362,132.49160664877132,131.21260460308883,127.94410767011944,140.89662592354165,157.4079465895898,172.02745088776445,203.67269890220126,220.60659355048102,235.4290447579439,240.67692043354975,240.32721610505706,241.86407690432134,213.01392645494946,191.64510876546257,164.18458013371455,0.0,0.0,0.0,0.0,0.0
2025-06-01 18:44:22.246,0,0.0,0.0,0.0,0.0,0.0,0.0,113.9751351054383,119.1467017762204,145.38816479036117,243.93946215151513,353.05247522860714,435.37323929498586,514.9419577157755,591.7798072355464,640.9443188574606,663.3099807418802,690.8872424510695,677.3283092004175,650.8550708491747,607.1047057219513,535.4755569769956,442.8180225058204,324.09098843521383,206.77274966981741,130.401368529994,145.17324304691056,253.9899806157344,396.28890191756045,517.7832671555619,634.8103772677736,737.1588167779609,804.1250772267019,7.692369361988941,875.1753381723942,879.0966041409387,829.4479737226316,786.8339574711163,696.1018427375884,587.560215056037,478.23445499501406,359.65065963381926,304.3173163065116,321.13159556227424,429.1020435899898,577.1591720505444,692.10970137032,829.2582581521358,954.6590315745524,1044.9777864377838,1076.7505513937322,1089.0634631100716,1057.6337615389562,991.0223228845441,917.3550930204766,817.1716955377184,685.3763974692101,557.5643464673806,553.4010917046149,608.8341769357553,23.703302660199526,25.82889202696269,9.962534604044837,22.037097185645564,17.17514122715541,8.602325267042627,5.520697241598094,9.557951675584649,8.458742045287284,9.055796667602046,12.5675497748281,817.9713613017618,659.2871356915548,502.4219602807475,398.8107793520461,369.29787084552873,444.2716810118714,601.633272948683,790.0412825213801,946.9063635964399,1115.0489280948116,1210.4938335251004,1330.9907756695416,1364.5601448726977,1378.8074489449286,1342.3041769442548,1277.3946434901686,1165.1582642263247,1012.5589530003602,856.2938241227994,690.5253764764558,552.2096286023503,603.7579453671152,666.7940719135569,829.6563844992943,1015.4027682450596,1200.3898377115693,15.341554428644592,1469.077328461536,1538.7154630999273,1544.5504000612113,1527.7709347567911,1447.2885808638998,1337.336969382685,1168.302445759954,1030.4579851883252,846.112603431311,681.640710043829,545.6491988582385,482.81023225350367,514.9927474952698,617.6411916998733,737.6053840736647,851.7238582190257,946.9107457510326,1029.7403438708568,1072.9069617547755,1081.1124940399993,1078.616973902562,1026.6605751739824,961.5191102718729,865.6410566621605,768.4844426381693,655.0851816860395,8.332912274933502,10.327658816107295,13.465413466796527,7.013983405849714,0.0,0.0,0.0,128.0,11.644706599391236,13.903145498661035,10.199604755602321,884.0391243123614,801.737811789863,742.2267789757145,639.3328609277461,528.0898299389213,397.63476945622335,341.8117748699307,308.99489687600743,338.82345523649906,423.59623621026276,512.7468386789452,588.7396027962699,640.7058920671562,693.9323296160416,718.9740247733125,714.4387178908956,691.4965275122466,657.9595647060593,612.2825234810041,541.713466559287,474.54721127499903,385.68497095206,304.4991474987512,256.2800377531075,255.04590633901051,278.12574524643,9.74115572025241,409.2652175488183,469.3169987408866,533.1085020563106,561.8377044610093,596.4143126085138,484.04382537305617,451.79512006363666,442.278523055758,378.5975450737115,351.2382639018462,274.25595612193075,214.83818098508036,174.7026619341896,132.00926626052396,162.11753918250255,201.36703185890565,258.90969780421443,288.48339973520353,323.1341647027811,350.8021309885606,367.962176607534,368.7177507327656,363.8246707058534,342.254901005171,312.13472935033724,263.86950268530796,6.598159861379301,11.13118150773153,11.965068193452197,8.094324630010345,10.224359747547343,11.79659563309338,8.33876187860118,12.82554209360951,15.484390599983044,18.901848062912194,9.35426903418575,324.0997371334399,332.2734210674037,345.0832125643397,350.59546950150343,338.7060990157136,311.65624073270425,308.1361020313093,274.2526302311315,236.69668767707998,197.7230114537008,198.94898128408644,209.54333921750495,235.853373472819,257.63664093194376,281.58754735230445,286.95246819181494,309.33270310936024,312.8308097707715,296.6128784820599,288.5476298553486,275.6672909459066,254.55170140493595,214.24892645944206,188.06101901633403,176.6161273072282,152.1417125107043,9.026311124092405,171.14102878586934,194.11046787051836,202.58958924665478,207.16232904175695,217.88107824016885,213.9607605320584,211.00466071531432,197.02832523770496,192.5899234008291,160.42234710053157,137.30660977419586,118.16586458092863,99.22993127327493,87.4591150896456,87.99602733049176,108.94496634339276,125.0369636114089,154.2922528735659,173.95273983689953,191.85333119023718,199.15981682581864,201.50337513190496,213.06292048622876,200.99808163398612,187.86352605637364,173.52671704121695,0.0,0.0,0.0,0.0,0.0
2025-06-01 18:44:22.271,0,0.0,0.0,0.0,0.0,0.0,0.0,50.11158875191665,92.80901005950264,194.8983185965837,304.5722608135569,401.0077989466883,474.8948613692862,545.0524621173637,604.6648290840224,652.8177497016154,673.6330816361942,687.6308159119725,657.5805088003495,628.7831925363362,562.1530746303177,487.562326901076,390.3502001728733,264.42335599896035,146.87150317419216,76.11982670504477,162.1111514073433,297.94158866036446,440.0292760676282,548.3272774134551,670.8385471609386,759.9408700172123,823.7672892304104,6.88563135978182,875.1974218642899,870.7477223698636,811.3814205341594,755.5855634678031,663.5849053101074,535.3297943943429,434.88588202091756,313.1783716129376,274.06734046696073,326.29636327507893,466.552878374038,608.5394619127956,741.0665921053351,862.7759687516042,996.6283200783237,1074.660282924492,1109.0963334887256,1098.520436403814,1058.9022206167265,982.8386982416898,873.6795521106778,760.9879412388127,652.1428798435618,558.1890644428187,550.2649991824004,613.5615405506373,23.26393859568862,20.694175159673087,17.947730894895763,23.433967174457315,10.38854467515958,8.181705815198,6.806793472442326,11.261022150845061,7.577146146776376,8.694284903873882,12.5218612322162,771.8106017219425,605.0892295873269,451.1611804053055,348.824799872319,357.5339861433009,454.62337356364594,626.6847165219018,815.6561689375874,970.733488765563,1127.5470761360205,1232.9832739080682,1322.8272066006277,1361.9087442022926,1364.710737241097,1313.3096020472285,1280.9811247031369,1134.097619966738,992.721954963466,817.9083658339332,659.0759851347266,531.0331036573426,591.3467865489713,679.3083204701319,846.0194827776883,1044.6201846218328,1222.130199595061,18.23102082073768,1478.9100345555682,1552.5091318274006,1533.9405923105014,1537.424871983019,1427.9745728679964,1321.322417557426,1152.176619587045,1008.7956070210635,828.0607607641907,652.1446766757376,517.2208085643084,462.0179302648986,491.07085010783743,588.3235346218111,724.988577417697,834.2030591928067,941.5707429611231,1016.3330587376437,1068.8940629647864,1092.7917098646794,1077.1329469699922,1035.559074828606,976.1455105889282,883.4265464485974,778.4386885359465,673.1083303714792,15.729015277006177,17.422616435212078,16.693239365832447,11.458793141209242,0.0,0.0,0.0,128.0,9.838064805210163,6.62616445944132,22.35706441080799,891.3446192003878,809.3198347648264,762.4154879378483,648.9927118353087,559.893864164763,426.7369125884028,364.3852892931053,325.04635995445335,332.57974082974846,403.6427291886649,484.28088561172575,553.5072722174825,603.2376494788316,656.7185869381763,682.651515721202,699.187600103653,671.3726897508037,639.8961443088165,611.533434610811,543.0305512675695,481.4765796825428,405.03288687828,340.49170570497347,286.96007698336643,270.643785583636,290.2876818216398,5.227464279967206,409.70142796844715,479.982525990912,539.0133632983266,579.2374069072806,594.6514056174547,497.86448681838044,462.19940839322794,461.62246638174116,406.6120910204024,387.71338390537136,310.4782937131643,252.72052404551636,216.94453987926582,167.7509114864561,182.91977540394822,223.17584374158858,271.33183553114793,322.20899110346653,345.4270767402933,379.1591835208962,377.5834595075213,380.1329917889383,384.38449511638225,363.179350378536,334.37314808134886,289.6808333188501,10.526190559088255,7.982251848505923,6.885548206452889,8.456261154551452,9.360500305861464,10.744379843629915,10.501626910782157,13.024030430219884,9.538417785525137,23.26807285753508,9.093990388985056,320.1752839592638,355.3578266124876,352.68868800429254,364.0586636264652,348.3873857529788,333.3123012621272,315.3938699918433,291.6251429639932,223.68655150845183,211.16949304899782,195.15186754425008,202.0647725460791,235.77788267069533,239.11309670437356,284.57826356528483,285.21102116294475,312.05968133883124,321.7674112418337,313.2653444022858,297.367176779608,287.048326174208,260.30771843848675,218.02008567163372,183.05597238529114,165.86729563573806,147.90439301692072,18.165310755532218,158.34957161068104,174.25024444325277,192.18901954714642,210.95653705410243,221.40658603371386,214.78660737949818,204.19581863962483,204.46884571228418,191.1072863666445,175.16223466569372,141.6232443130187,127.00104159465495,105.58671914345899,82.67124748208045,73.82939555306352,93.10789177743334,109.32488925197252,139.28900508379854,157.71590119248359,183.18131533511786,189.83515642363412,209.558063902896,222.21779158187306,215.69150866415922,206.05673885298881,186.43301023711922,0.0,0.0,0.0,0.0,0.0
2025-06-01 18:44:22.280,0,0.0,0.0,0.0,0.0,0.0,0.0,62.97868912856692,43.64904333266107,155.752188333577,265.21275527052796,352.41073137260776,455.10068602648147,529.6118610694306,585.015901218949,643.1822887732078,690.822927602906,698.2156271943778,683.0589458494418,647.0102519397892,590.4346214574002,516.2281704048003,425.38822180761775,306.0241758309407,186.5604892099698,87.34773171136601,132.86137149915385,265.1042232838646,399.9813553235816,529.2997141972638,652.0404463492123,749.1929759761416,814.9980062256968,13.186832591706743,885.7864966002941,888.8406125890116,841.4828716851262,788.637949554095,693.5154669066688,572.1073867315095,460.926459716372,349.1933778518539,279.0680680164506,343.3629480350708,465.346948087252,589.5915878099448,754.0469028913578,881.7722074383946,1002.4480210766086,1063.7924144803471,1152.7611930362525,1100.1425103827423,1096.9363213949061,1002.1448911676761,919.3257345183179,798.1309652304963,681.032637093006,575.827674812354,547.3827025388567,596.7192084268828,10.989156811973134,9.441993897992353,16.772364931966543,8.643617635954584,10.544046554838449,9.82479477089662,6.4001195200958465,15.989764601481985,10.280885806607948,9.46782510667191,5.966085434593592,786.9136628846037,631.8810822974307,480.05038292084464,365.13467968342223,339.78105753154875,420.6006517153148,593.7782406083918,761.8656073690748,927.2409685414333,1082.5028238037667,1202.517623321003,1288.9680813131897,1342.208901510085,1343.9097210781758,1315.6342189749168,1284.2016152973413,1143.8760385515507,1022.4828384129477,848.5755058717818,673.4088006272366,550.3702628964667,610.073910216804,658.435199366836,810.592402225876,995.5133800978525,1180.7031458710296,20.220512113923377,1445.7866851123633,1533.2025553151216,1529.693407092589,1544.9990252468099,1446.5581907096862,1335.9372888917105,1201.5258300449957,1034.3605659582224,871.4314002219361,702.6787592038977,548.6361541305008,475.50752894796017,479.7962110877765,560.4429523840087,696.5694470095852,804.5723094980839,910.2782172301255,993.0055196754898,1047.415764949972,1086.3643460053147,1057.5503108773069,1051.111887548758,999.2932646699181,919.0344500971427,809.1046681542508,707.0158634385763,14.749086535413348,13.279046489088701,8.964895808446308,8.159949185950191,0.0,0.0,0.0,128.0,10.537743525206178,5.313763170129101,20.153115311098848,877.4023570582751,818.3677008117231,763.787115766133,671.0015259042732,592.049407313984,458.8497395326558,392.6366483102164,364.3288996287768,349.7294999598102,381.9512066286276,468.633858582878,529.7452757282214,569.1837423991683,619.9194443062811,622.8453077530663,680.4251096197439,645.3238390539551,607.1982885343069,594.7851979725862,512.9975846715141,481.6909753219228,427.1952449675787,366.1392446535604,315.9292722864776,300.23328182570475,318.665496168468,7.926284013131287,416.09243740462927,477.3709721066194,524.9385986854222,569.1196467994599,579.0331458949948,481.0408925342103,444.26116778719717,440.0561407320995,401.96031106283897,366.4352727453008,297.82280281358453,253.5466486950399,228.50074234545298,197.09313649958398,225.36201164174048,247.64143469997327,294.9482698176759,348.3542110735151,370.6879120921269,381.5404234163902,383.15265583889004,392.3955156715634,393.1595226981417,366.09402532318734,328.0344815107487,275.68497629017446,18.368358226655477,11.090608964928709,9.219544457292889,6.41322876140984,13.099934032602837,16.678267037541033,5.637128339082697,7.928245652428406,12.773982052304051,17.600595447860634,8.70182019729021,344.4797599572908,368.0789079383163,370.48955176249297,379.53147057011756,349.65038506448803,342.1308827885156,328.97956462065235,285.681268256459,244.56118882632546,220.03900392432013,208.52533009183432,216.0588521843396,255.5757015544813,269.02602223488884,317.4468495712285,315.9251430980026,336.2885059961694,337.0873322337343,322.04578979757457,299.05390625661556,294.86432582477613,267.058349535021,234.9107513893456,192.67536635826366,166.6082958890115,170.18397257231484,12.839397639373445,182.31018451813205,200.58341963744488,217.37140219545708,229.63646218373316,232.98548549399686,234.9990478803963,208.88994775049707,213.73393394515756,193.12219522837896,172.61954614021747,138.35250841467484,117.76710870950338,96.5928865164841,81.90503668935156,92.33597981912632,112.5426901582288,125.0257957849962,150.22901271115282,173.55167434370495,194.03990229155298,199.6649826973912,208.0990964873161,222.34755728926763,212.82867405141258,198.92573080450597,166.90735774064123,0.0,0.0,0.0,0.0,0.0
2025-06-01 18:44:22.285,0,0.0,0.0,0.0,0.0,0.0,0.0,70.92994225067054,39.61041035840126,149.75053979526515,250.28348265859486,339.79219681466174,446.7121920602433,523.0940617380172,587.7113165536554,634.820569406808,676.0341054365066,685.1276232670269,682.3366175504203,641.1458272946862,594.715041976815,522.1018725826083,420.7595216067196,314.95664879934105,192.02083493801243,97.40076180387064,126.82852497872244,250.8702193472361,389.94061564719675,518.1011934125622,642.9712775748952,733.9355429507651,812.9689453701237,11.680370924193639,888.1070071203491,894.9800017788959,870.7288362461492,784.5561325608073,701.2407768217904,602.3896819597726,478.5923318207653,384.51722849854434,300.60669926849096,299.5622350009356,451.16264189554744,595.6579670968569,741.2911077554065,884.223212374232,978.1383211091455,1051.4331516754432,1126.2154119412858,1121.3096485400758,1145.1702888289137,1041.1251332007312,963.407741988907,844.3662063707186,723.4750569963526,602.2155911848832,573.8666572874747,580.2493480820443,10.549861319380083,7.46217056620687,12.860476209040437,6.463937221283755,12.342191647108512,9.42876436319354,12.980393849351886,10.838837916678546,14.895176188689113,13.822498371257328,5.797308749325482,846.7887403987825,704.208530539921,547.0307505331215,425.83349802215685,378.1152902022573,416.60514596645555,569.8399940187115,737.7883049279404,918.5387471270218,1083.8577297365355,1217.4917517021681,1322.0513150787192,1380.798170599468,1404.6058778355052,1403.0819045029502,1345.3541347338191,1235.1573767463544,1109.2783181050881,954.5108923570435,782.426810712565,642.7610808116683,697.2077769457441,700.7193804614268,847.0801196221438,1005.4936475205918,1199.1382689042282,12.424711718872524,1497.150568829445,1585.7106576659655,1620.0281354724805,1610.3459870001761,1546.992940032145,1446.9605914600284,1294.6157535774046,1142.8187612188199,977.8192322678696,803.5617990632772,648.2351659788269,558.5690612062986,537.2476681919088,602.4620193068278,714.7258307266989,825.2397830177978,927.8526673567883,1013.4447556574568,1081.4522801239332,1117.0103654132458,1106.4692082774206,1077.8246606464431,1037.969749149286,965.3096489626231,853.2700543976235,757.4380093228347,8.006544358927705,6.790160855030292,5.2119513663428485,10.724289762866505,0.0,0.0,0.0,128.0,9.747838736336593,8.20918000129867,10.582560747654513,863.1871610225257,814.8428836176827,749.5112742466489,679.7666521917429,587.568301861009,465.63092905501173,408.717169015372,365.8185785290034,346.20496574941313,390.64426463686436,442.65984310129306,493.69819283706306,552.762566758045,582.2251489953366,591.9619254736465,619.4609180279957,604.4072953716425,571.2906231038487,549.8725135630908,498.3599276874834,465.16246505189145,408.9077189757668,353.72412178224596,325.3793184315176,315.76539919640055,335.9112448945577,12.052956301013635,417.25389464726294,453.86570353970336,506.3267403176956,523.1368879096465,549.5070233744517,439.42827765903417,409.49552591508285,407.11952859376436,376.08404950765186,331.818435815605,282.17023611225017,236.39653002596268,202.9080158033606,187.2767039311683,224.06171391118718,240.53760274986368,289.3994762065094,324.78785528249415,345.16311408223146,357.16562832622543,373.6749725560115,377.01111742362355,352.5532566108367,331.13371745486984,303.2293008139764,255.27857270903394,11.126717679922368,14.275751185081575,3.7725952032140864,5.776497399029163,13.37989221457189,12.478042471177528,11.104736130333968,11.03730389384545,16.42662632452783,11.020046313108098,8.991394915792407,323.3451284237359,350.1761588218302,374.64257008816804,372.4796270490153,369.5516683265403,336.7431079989015,322.43838585412215,265.2229760388596,264.5311895253783,241.7434604851531,226.8740116826749,239.7897239881816,278.2338534893893,311.4708675737182,332.30443117489324,323.9318830544024,331.6176407521152,342.07562262737366,324.98015822408024,309.0191307419043,292.6264843598189,276.44666322095156,228.28239722622308,204.6701423907531,185.89895562924926,190.77192903623506,12.321986651738055,204.5000087869148,222.03642515135218,233.18815328506304,244.08101586879133,238.8778494940461,245.15822650357472,220.79972813003076,220.60684599946214,199.32127617117152,174.30063329881003,134.497128649782,113.93581356744384,91.23193306503954,84.02662843368363,96.12024899642563,106.02237132137695,133.4264175290641,150.28861102499334,181.4966534937145,196.02139156905776,214.4294740648421,210.62558162470356,219.1934555202419,213.80803380290885,198.5245175147741,166.91157596628062,0.0,0.0,0.0,0.0,0.0
2025-06-01 18:44:22.322,0,0.0,0.0,0.0,0.0,0.0,0.0,84.61065305544408,62.35839752080215,145.94111812530065,246.55357044089055,332.329632464385,426.35368791181395,500.8542890629613,565.5453532100225,613.219543903517,645.8439811478877,665.3365343299516,656.5951699952162,628.8878624257164,570.9746788896033,506.9718932008316,407.47819772943615,289.79076221352324,163.64840882390433,43.92563764443438,130.5006895877124,276.3743230401008,408.8921441627907,533.831285160432,662.6523581673748,739.4324076901435,816.7527340861844,8.26711094506356,873.4755622349624,865.4950253697127,823.7732811870471,738.1185265517723,647.0721951584796,546.4688837670059,401.38719797298745,302.16122788119765,226.39568388847255,269.53762791315626,413.98921537591696,586.852867688891,736.7214148972179,882.6145293650454,962.1618851673152,1055.7315127494182,1094.4859620924722,1109.8336983324689,1104.9129672907766,1022.5649254278079,882.3929316216895,762.3752542143203,622.768883953255,506.14158348152216,477.1708318820696,524.2946946734444,10.14595661785761,10.673901395623144,8.028454753668179,16.889147623996003,6.143167396869466,15.378435640493095,28.504414562148767,6.845841955707213,12.936397556780717,17.126787898594507,8.992286927245466,812.4026495299951,653.4624147377934,500.47234379789336,379.9030028436294,372.5619794454397,449.8045644565341,624.1452666834208,819.8448723273827,987.795920437648,1145.923779773412,1276.6902921255353,1366.1079724111146,1410.191096728512,1413.3420576316257,1395.0851611435312,1309.415346829739,1191.0639767515142,1053.6020382735967,891.3828552448169,734.5326552460324,627.3211308292308,738.2425578772757,783.9652606871172,954.0833794084982,1124.463305076711,1309.2987433877556,12.735554997672327,1563.6156435846437,1627.1491874428318,1647.1575423251525,1617.8142034653408,1531.98404513985,1428.9749894748527,1266.906798091713,1103.2412684825235,944.3291150996347,788.9533457273928,681.2601916243747,626.1974771672704,650.2429775421361,726.0412432851081,836.5423038502651,927.0455225102871,1014.8211964076116,1080.5240043219621,1133.1953204583606,1153.0852249087304,1123.7182980887899,1086.3061784806823,1028.5796389320733,958.1566007860462,854.6813796313239,777.6249446096087,8.999274826284806,14.748929354033754,4.881727880127805,11.192967460403171,0.0,0.0,0.0,128.0,13.796403703794837,16.362772684113217,7.40743041970871,903.0796379303532,844.4425940769788,786.3347205576399,706.8916778072685,631.1596134632084,529.3453873611461,487.1015271521303,453.7471611186283,454.9741456779969,492.258785876788,532.3033915486972,568.4983189399538,636.3922310470676,640.2590041356287,664.3768507225117,672.7241292424467,656.1022555013667,639.18703782692,596.7548325300022,546.4587997729568,526.9603932607251,478.4620001523706,442.2522466874659,422.1725655046713,415.47689097343687,440.61310244151315,10.284976128318252,483.8799323126084,518.2362580285754,553.3628744620362,544.6441913714474,549.9238566668625,432.087308137942,407.05626258412826,402.08587679390996,367.7362450404068,336.3537417365635,297.9219506945888,267.9420498461281,238.72129551384182,256.42879171661707,268.46313259366804,296.6427617615608,337.5674453096004,359.7441295224978,370.43421552718775,375.16480526007916,375.0474607537404,378.0123965539399,327.41361004578846,310.66335272565016,279.61257979027647,251.4747209092701,13.232290609318197,8.515815608435815,5.004159981702311,13.166075580634532,16.526474153822225,17.034637046031516,20.266767212967792,8.488783054085445,8.942181035351776,9.723452571613333,9.792435625602593,279.075963859882,292.6839523551105,286.24521754974955,305.3686040558675,293.09772563960064,251.06364382967638,225.29662546766156,202.45084258168202,189.74347437853976,201.8007681656239,174.59383910848823,197.18560835628932,226.28684985226056,256.6049718645485,283.3353839533429,271.7317186575566,279.4819637995452,282.52138593875526,283.8071713387361,253.546342786902,253.72573922750234,226.04766038612024,185.52955718679905,186.53192612712178,179.89983770618406,177.7955507146187,11.431320319664433,190.679226691873,213.60547341480915,219.46815543754738,221.38140019903375,223.61845663637416,213.4496064298586,199.0452801125893,194.4916702230462,177.44857001583185,152.11975960350588,123.67516023609168,106.42824114481918,89.77469536897539,86.21179809107973,86.29569267767607,106.11135516257616,138.0273862044547,154.6705462927472,162.24701600463732,190.43013136285097,193.7866274149624,197.35398057863168,202.8786655693052,193.69449511745,180.97670125953715,147.51017438573825,0.0,0.0,0.0,0.0,0.0
2025-06-01 18:44:22.324,0,0.0,0.0,0.0,0.0,0.0,0.0,58.84461761616625,107.14460237161418,204.84159172566717,292.67718787035835,391.9869739557057,468.74581528991325,541.0183705782651,587.6176081855117,629.1539449952239,647.8919736850672,663.3339449175825,630.3734642547495,589.5649373557055,534.784276794163,450.5926769824471,345.97203329383973,229.59709208998814,89.1753271796809,67.53637225665415,192.54388440923213,348.3805668286815,477.97979650788767,593.0518265529405,713.4601690192092,775.1724211008967,835.560656287904,4.65725989435531,847.8107399276729,838.3258056918946,769.2405429105766,681.9920467840703,590.2421161474659,479.5519277286828,326.43415895639015,215.0713859397797,166.01467096942935,266.8997631324365,440.6956531752141,623.9007262706243,772.7139267412643,895.5856245605016,1023.2107319864319,1057.7657991785431,1070.8398028949778,1081.9863873090228,1059.771550237206,964.735766378535,835.7273441162429,718.8174135115268,570.5368530959491,484.4098780392364,448.0413768546673,540.1762712012221,4.676271253197634,11.586508923245006,13.346004855659022,13.332899026209192,16.123758990227483,10.729363767622257,17.35459051016603,10.573207607012645,7.060674558950218,22.77059008601394,11.67800849084524,792.2298858536772,633.3527414656644,504.86758098411406,392.76225140505716,422.7920966409647,523.4623280592217,696.6779274643712,880.6022896398554,1032.2115780426682,1183.3271009588723,1294.9090684555301,1370.9035296114516,1407.3489575756203,1394.410863390035,1364.0367880550648,1298.4919313670675,1174.9266610921202,1039.7098053682755,878.281376212746,753.1626726019422,659.5537456363536,800.1017412710387,868.6567286968044,1027.0865513619613,1200.7256518776105,1369.0275517640298,15.125461547765157,1583.4897074513858,1657.4395901581343,1668.0196396426877,1640.9070070734967,1551.3809080650658,1451.443947349511,1303.825153246607,1141.616039100842,992.4407654397438,851.2492034486427,762.0515222012484,709.4139311878879,724.9370976695338,814.2296630000999,900.6803100416549,1002.9525729497855,1074.372866819271,1156.6089818441542,1207.1327878502216,1220.361983784617,1201.49754798812,1155.1279524243557,1099.4716434672348,1041.1611012751705,936.4429094043376,852.4233023396628,7.6773913875951205,10.251975272701007,8.313405206905507,6.474415534502358,0.0,0.0,0.0,128.0,19.73071749435013,12.308695868603355,6.908042335788417,1025.3118534258228,956.4078014171862,913.7421258617941,833.9258458995132,750.7467664779982,643.856052862215,596.5955165579772,552.9353809643255,539.0765685094349,577.0520862340572,615.7755273416329,674.2272503428487,726.2436469052464,744.0382730287637,778.044825438285,798.4089045199365,792.2197929811773,763.7247193459089,726.1686774886762,672.8029074898743,639.8564266329493,579.5792708156024,534.6659975877023,500.9641383573128,488.7500210958435,502.6619813482642,8.86104239216202,541.6766485924247,580.2769543715425,606.5661471723297,612.9661212636832,617.8961396200516,499.4967417852579,461.4876959090183,454.8692652215781,408.75387617289925,373.4672091363319,331.1227852967803,293.27113821607173,259.8770174420447,267.3028594132341,265.5716941959387,303.0142993104016,346.7802308670183,379.54184001867355,411.66168194411296,415.34598034233244,419.8209465545496,430.7543327722708,400.25141205886285,379.64188152270435,339.54463707940437,294.37986683607664,9.616647107354964,11.3212980808274,12.063560694130015,7.809159313481688,8.585100954143968,15.431061878759913,20.110598731118547,12.898751921645532,8.583533719227548,13.75476958550136,6.628806829284925,299.5350216340024,326.2748316870058,320.951112828709,329.6144617778534,314.8806548321369,288.34363459080953,267.7467905710817,262.50725255432167,206.7836510106764,210.4491846267209,193.15927245551487,187.21909293045,224.25349632192578,265.490837867759,302.22625519266313,296.77186477005677,315.27122451325505,309.505354103271,322.62374365784007,293.69290558100727,307.4106012477453,275.01906086956143,235.87694950925288,227.20408555621094,226.33738999148875,203.07234668555085,6.9960304961909765,216.6378689221488,233.27313276269962,249.4836741857501,254.59080993054664,265.8776100066329,250.65468927095017,245.85968824073453,232.9835364171303,208.50719150108534,195.90830220694463,154.993194277939,128.2460024956236,117.3493367713408,115.61576554167611,119.18119336586128,133.20321753774655,166.3898935712074,188.54830244724664,201.98172762202438,222.13297847015193,231.5313421616118,232.07094181234302,248.38593294578885,231.07137927501662,212.05413952792333,186.45452191439546,0.0,0.0,0.0,0.0,0.0
2025-06-01 18:44:22.329,0,0.0,0.0,0.0,0.0,0.0,0.0,35.31751611902466,134.05897228833626,237.87244545611486,326.8494756251863,421.9943695882175,496.8195611769612,566.967370389301,606.3787962115586,641.5596712456803,647.7041563009037,656.6017979313376,632.0899136814246,575.7248725204415,514.5234720786605,417.1261067536444,297.36122660595805,200.16874009419817,45.67360787607167,102.25231535984318,227.9783766390728,376.11277073246026,513.0871062147024,619.6248945730541,730.6092437979567,801.5378649769407,842.5277749718174,5.857618155325969,855.7020504560163,836.5601107742946,758.616306790279,673.2286181241599,582.6922864708398,456.11798090998815,308.26188451918324,229.84090282083133,200.14237593782644,287.2669913063262,477.4550954918686,657.7137533118237,796.2150570249216,900.0586186744131,1055.5195891484304,1089.6201403002883,1113.5766575401287,1113.70255679484,1065.73134757923,966.8733830848226,864.5971192771846,743.8034143776551,612.5102565289986,523.0780655590314,529.0050654041454,600.7345209656319,22.01627390260202,19.544116453619086,12.27424539043362,11.051818757402831,11.268365852917922,7.177784407935369,13.48481565841487,5.563454023893004,3.7709307114900934,16.61624892879005,10.725910729367055,841.0017033231038,702.2581239795896,565.382767844738,479.9506412192226,475.4998256011575,550.2152109741279,720.0876813911053,897.3326424438268,1052.5241708888993,1211.023431388956,1320.4023839834115,1412.723811630242,1456.9270411679,1451.479863092081,1432.0546870606636,1360.7860895101119,1239.6980204123254,1102.6562692706143,965.9376363664454,802.5873958560202,729.9182523910088,856.1537828631751,912.4725533881336,1047.6795743780724,1218.7582521889242,1384.7319711716655,22.36435180167308,1624.5153555000516,1698.1489335856147,1717.7045266217008,1700.8364160431074,1620.8377767890663,1511.4895072183701,1360.982381831875,1221.4755365531914,1071.0156875192063,929.1299587522446,810.3111558453174,746.8620104484249,740.7926259166692,811.438740063998,903.9650723873517,997.8286797634099,1093.3585503263457,1180.6406349359654,1242.930191255902,1268.4655065849322,1229.3402098415795,1235.6037572858365,1178.1218593388157,1096.6454303806695,1015.0793771444457,905.4548515388241,15.134960807489671,6.532353978169869,7.364487422630527,1.597701149425177,0.0,0.0,0.0,128.0,14.107247915796389,15.960927844706939,6.282616219737194,1092.5324016361044,1029.4045812307147,971.7127810820596,902.3215294938736,794.890188004669,676.1271983363212,610.8460817677121,570.2653218550337,527.3973507263468,558.4642868759854,612.1916086312626,689.6901021777613,736.2733771701369,786.4154499002726,823.0410853851364,854.5834670368067,855.2427334538223,813.4763436475968,793.6535698445116,707.8669707576921,701.3642967947518,623.5109823859589,560.8156677708782,510.21380004848004,479.473855948221,489.3373864842382,18.58549576396398,562.2433409943096,606.2438434553317,644.56620286089,678.1335755965091,713.8597780819637,581.1874099863562,535.0391398562986,536.5401232358092,480.0183196132885,442.6574137817327,374.585940953966,327.962272109403,292.66055515984567,273.7387368697671,272.47380940200924,320.0811314652556,359.9382088516166,415.9113681438563,453.2174065774059,467.5144713966179,487.56445304638896,490.87122448504437,482.2673380101154,464.64576897218245,431.0256658582319,379.26860525480583,4.43494937372923,16.53966033214509,8.011197614062276,11.188174087352865,17.84411996749558,16.357246749119504,16.76203197059347,11.879750474222885,15.946662777687166,11.055274349200925,9.914597479343172,352.63211509990316,408.2404405076268,412.6778844359229,392.80935512137654,375.9702103862799,355.63204182705755,350.3200491497852,319.5998616594066,252.8174024059482,236.1469205590203,238.3122278656951,232.01162644088487,256.9160311034737,292.96638529731484,338.20908214569994,365.47367084032715,362.432771342486,377.8129470579407,385.3999382912976,340.57148835536657,354.68239177000066,331.6235914142464,290.1681527018253,266.33800870737724,235.43505634706204,233.7517963352728,8.96030515304316,235.62751894030717,259.8517836068949,277.2642535911684,280.1364862097024,297.6249045964789,298.97703279830705,288.3843478077606,279.0522467125251,255.00690052029103,231.9718721132806,182.53507794307095,160.47298580271217,130.26394546611272,126.29178719630382,121.7088457229893,149.9004630330628,167.28012617376552,192.53338082862356,219.52057527842388,245.8256636742395,258.64917766734794,270.0327861405353,281.27972143484646,262.31725429755886,232.1560074790823,224.89744858567562,0.0,0.0,0.0,0.0,0.0
2025-06-01 18:44:22.341,0,0.0,0.0,0.0,0.0,0.0,0.0,74.55404137278558,55.017956277152095,164.07245267571219,276.3681472828404,365.52170777027914,470.09779563165523,543.2360213160231,615.2604850325222,664.5265678627054,677.9948710318525,698.0345828885455,687.2493453687331,648.0448243573932,581.1911943642883,502.2561523692955,391.96158579185374,285.863260352456,148.90252944161608,93.91974626239924,179.84131019265098,317.7161588230397,458.8630420647857,581.7166945902738,698.3082907251132,799.5925303179998,857.8954067166795,8.501824933446755,907.8838348216198,880.157913394473,838.9415702188456,745.2941179024084,662.73792058005,539.0707219612627,394.95769449591984,295.9254805617024,262.68749604423,296.0404610585027,485.1186612066618,649.4765690751981,778.9409650023872,917.6494919363375,1030.0203518642643,1107.0253907684892,1168.4810685572809,1155.1159374219674,1104.9275217335996,1048.0432183173193,936.4723015504723,799.2156578892096,672.6111113256326,573.5910509008927,546.5587048998841,596.6757553140474,10.072220466857548,9.616035692484967,7.389166882722007,12.106974543640177,10.359829020717694,10.576652256497901,6.774560143165765,8.684322968623514,11.699538990134295,6.558195662459173,12.956791347112828,898.0539826380881,766.2603737121739,624.465801006456,518.3028628757689,455.85397071195507,495.9931176497646,663.4623212006958,821.9956224794566,982.5812644817454,1138.1552985869741,1268.6465196144138,1379.399769309965,1439.238014315658,1471.5364384404998,1466.8500708323302,1394.0411559663155,1310.8037842613082,1167.3459194314503,1043.6547864426436,857.9252527597603,773.7103060256618,877.2150848653746,877.1462798107433,998.1950573392735,1159.827870981902,1326.541289148845,14.024179743093518,1613.041483688224,1684.1189238644063,1742.954670052591,1720.9464052369317,1685.6330965364975,1592.24228595774,1455.2056321314885,1314.994025232862,1151.0208273301766,998.4634527643452,856.2175335442204,754.7111067136701,727.2295064654224,779.4296844250101,871.5274302596354,984.420690388949,1091.3397372316128,1189.5936907892556,1249.1631249291352,1306.7554497427645,1266.9691716276989,1304.3488992052296,1237.689437382766,1170.554313284028,1068.3821461752593,967.9014240865404,16.43781489855429,6.596597548647822,10.24264980137311,5.726983090170621,0.0,0.0,0.0,128.0,20.19752959665221,18.683616891402583,11.42363785291218,1132.04733089899,1094.0919101061522,1008.2209383336061,945.8098454156341,822.1843914013162,693.2181748425248,623.0558214569623,552.8672147449954,515.3472347092807,520.4194063805361,573.2129676801411,664.5999887043815,726.4823248119669,808.6372774882606,852.2983549369549,891.7125042438514,892.5926845491115,872.6907455147817,859.5215049424901,755.3826620186977,763.1840806703376,682.4584411937559,593.5046425696996,540.4419554481386,509.38740012818135,492.76605619956445,19.25449182969627,573.5444718638332,635.0174570659277,680.8537126036834,706.8408142547088,748.9308465362568,616.4060538025925,572.4687852057003,581.3469658344252,522.2321510871961,487.081024727876,420.6846126856428,367.6295855859091,316.99729956216544,306.7313377909672,296.3188997608654,344.0954328003223,393.02883657149533,440.3237660720801,468.3220934064041,496.8123335246598,501.60069239578337,517.6346040412129,502.9890782363533,475.2766256815974,448.92493487368444,404.9294960000582,14.70951095235371,21.104854669737893,7.587574635008847,6.485506537183985,13.193148960015476,16.829820485463014,9.805871162730377,9.281657149293414,21.868877861950978,13.723245904844802,7.506227310393103,378.29002702261835,423.39289342012086,434.95939396266704,425.54889300976276,398.1306938862742,375.9842908000301,343.16851892880817,303.4401122262044,262.8174643073866,246.32514780600044,231.25997170664576,257.34144558992426,276.904219027332,290.00745477053863,345.81409415936196,353.1619605388099,376.2344247427054,386.77146509378036,402.75764530240207,351.87752261542266,358.8921393258182,341.7328637743871,301.2068977208889,276.9866968319121,249.5701550355953,242.82197623308096,9.502970470641122,259.80269858655157,272.32035023827797,291.4475769796385,285.19617929815456,297.08627107983455,304.6084218497285,284.5246941211982,279.9995303873936,244.46897278324352,224.10776032434006,183.76173438762953,166.1356354592178,150.14063539589088,134.65129327678048,141.32115166032432,173.94249177036062,199.28598080015274,220.5696650826513,238.8721793097273,265.15845918244395,276.99479140548334,283.6442474111419,286.27925323444725,261.7420058847007,235.02592885763988,203.0728619151999,0.0,0.0,0.0,0.0,0.0
2025-06-01 18:44:22.345,0,0.0,0.0,0.0,0.0,0.0,0.0,100.29946267888536,152.00047238320957,265.1664645486186,368.29412713584685,461.22339427660995,541.2747579286395,610.7896921697364,661.095162731792,695.9731530170475,702.4160098959411,699.2691987593088,664.5929540626979,604.935223382077,537.9954829516178,439.312176256164,334.010971242785,210.16827328550903,140.0148399929547,166.90107999833583,277.07275246486506,412.4891267121435,547.7836142828521,661.6350105767627,760.8639730278582,848.3314598222936,894.6953108940635,12.648140287938672,921.0460257368652,885.8553003544695,826.9212678325068,735.3325047474598,633.6522983974949,518.7250319011748,395.90197091849643,324.45107881416624,316.5379390997558,392.36870303221366,583.0694102403369,729.9213215724797,888.0661129000479,1017.9545457139416,1096.7104489503895,1187.594165478743,1228.665568783484,1213.6520856226243,1121.2678170082024,1087.0514062018642,964.2350232785375,845.5338118672913,732.4133026766267,642.3727012278405,623.6539202704508,686.4468557928341,1.1076003047084062,17.950898099616964,12.647238822608449,11.491986521087558,6.872047780638749,11.480450479840322,12.829379843549889,19.573561121498855,8.862164750033877,15.443724183531113,9.641628322836059,936.7263671896418,793.3931041712857,658.2974324963559,564.5238976354714,517.7753654829828,585.1609086326262,732.989928105054,908.0669950030556,1071.0544260778197,1229.6771076282557,1365.0850118966941,1468.1777879725241,1530.6814362510768,1564.2807303567624,1527.7508546156882,1466.7130551889998,1367.6001684853518,1219.101069402905,1079.1417758462994,909.2466259159684,790.0548190704599,886.5598732137144,886.9597029279095,1026.6368813778247,1199.0131147668358,1372.4141918729672,20.31403033803305,1677.3144799814593,1779.4640946899995,1813.6188714786563,1808.2342912175282,1756.0044383810116,1687.6979807283726,1526.0348958092463,1384.352279147801,1197.0739252433748,1027.759483318514,855.9126775584053,738.7609679222961,699.3358405324079,761.2576151983953,872.7289757731446,976.9111947446273,1130.1011069409471,1221.3414426175675,1303.0588534456167,1365.0924143509278,1372.5639692843656,1364.037799502099,1309.7763854181997,1237.6674573671817,1117.3902595267814,998.4124332784704,11.946238507821935,8.325409284666508,9.95262874172832,14.144403120694026,0.0,0.0,0.0,128.0,11.634252040613609,13.658574076151794,11.505775409843,1162.8190966860623,1124.3810406699065,1077.2673238186144,982.2407551628904,863.1411403911297,728.6697817505864,643.2312180903884,556.4384828602416,514.8485415458831,538.4969315382539,569.3374927475222,653.2893523126962,731.7052922208305,818.8164207216907,866.1156436385651,908.988693185962,909.6105867942532,910.5320512660445,874.8242469515255,812.5378913101829,772.7852930290438,691.1717985635881,597.2855043011419,529.9369387204185,490.1255187457876,474.2829709595182,19.566025447048936,547.425157252033,624.0580676652842,691.1407673158524,703.9344007189821,744.7275476635318,629.0545066368555,589.1210495190742,590.5060293169621,550.6163282851135,506.38608315424756,434.1636375328082,377.83191877241666,309.23635516518914,274.68434902269433,266.2596313590322,298.61932549427326,352.4750004075721,402.6944465551046,446.87889040402416,482.93676041719215,517.0242982439426,520.8369254783178,517.4415880847215,497.61342933873226,472.3476241521247,437.23139004475036,11.925778281015923,12.872710619633741,14.284696522114892,3.448247151033124,13.405933313390225,12.44045345289017,7.995246989394205,5.705370807319371,19.833466180035835,5.762530498275789,3.810294107509975,422.68034162671927,434.50375694442454,458.4632991953989,465.8030312927477,476.9781428301766,431.10002768698376,410.1782431302777,390.52071733969984,358.45274617045663,320.5490641749086,292.9606253505923,276.20973332440735,301.4999621726963,306.8581128271783,378.5230438775505,376.84648128351546,384.99818074331745,409.3051156708165,410.9744420229681,413.7756694869135,401.32176655021954,380.7174431313108,331.5899082359039,299.3410248161931,288.725014475416,255.5506807249784,13.498410399250893,275.2006421166205,296.1816062730363,314.61946795113,329.11818705477936,332.3604856109243,336.7506840297962,324.449529672919,303.9766611395689,284.784258298432,243.6888250261471,215.3561643699153,179.78691423380542,158.39142951510752,123.79230227388466,144.76530507511492,158.00595988045166,189.85076926884344,225.6538345177595,252.25023408495218,284.02834450286696,303.7889558248012,311.14252971755747,326.5800394202608,298.13724747273585,285.12342504203184,257.8434733906291,0.0,0.0,0.0,0.0,0.0
2025-06-01 18:44:22.346,0,0.0,0.0,0.0,0.0,0.0,0.0,83.82177720108449,190.91626493439563,286.99782153838004,390.39938729115545,474.43797822801923,556.0484881651606,618.8043416347007,646.2116336897903,685.3891936436852,679.6445574612048,672.7194382729326,638.3861981561422,577.4758383833039,508.26609951888634,409.02467646391165,303.333987069417,188.05629172659764,125.45930103115704,190.6790050831749,301.25983162045696,436.9708477760787,567.8247486103775,681.6921030985751,781.2889577022476,848.5291433108061,890.8529788558052,13.213422592456133,907.4037199109932,876.1325667439454,808.7388767249658,719.778910673462,612.9788311922852,506.18984088503214,397.825562745427,323.7555505417477,332.9126486817651,401.1054843698597,595.851766398448,766.9087112702899,908.6160455353678,1035.411984892186,1099.0811594494494,1222.873008434174,1235.6538022653297,1206.2662067559706,1178.329352677358,1078.5081448564472,975.6300380616416,856.5199868386404,724.7427990598164,650.2128840831242,645.9233507741995,710.3507901916411,7.203572462703411,11.256975842820916,7.907990251735822,4.322881890484971,8.773174261528453,16.09260248142213,8.61289216533988,20.296382095159974,3.9774331250721064,14.592841012904316,4.933852355930759,937.1182718550554,797.6355345069854,660.6151837225714,554.1798348480046,535.5177996931917,582.3781657169352,771.1409778901775,936.4992024622641,1091.290000731826,1257.166389755086,1393.4922866590045,1484.7318376271694,1544.0107934471932,1574.6983335351629,1520.1400121465333,1458.7688793929256,1345.227857381911,1189.1948324405537,1032.5390751121315,871.8033228409744,743.7775881675019,821.9928777279431,840.5514694439172,985.9986123741844,1182.2465199388757,1375.8716322459763,10.73101610291825,1675.0042567063524,1766.8910490599405,1798.860671381166,1796.8851119298242,1729.7849963878211,1637.4151237442506,1492.2438502089453,1323.8354080652175,1140.0495251243551,958.4463782280407,782.7917873630852,667.053101375242,632.5575537367966,688.2947088628454,816.7021219662336,942.2552027114809,1090.419590587345,1197.7055579740418,1285.8994650198613,1344.377393784585,1333.5018879233533,1348.3388449372192,1300.8286726439244,1221.666372655403,1091.5123277851496,974.2388252081117,7.866742440061895,7.51450049879298,8.46996601124857,9.607278276033181,0.0,0.0,0.0,128.0,10.454249800023305,14.488662025123674,9.406972325119337,1166.7639183194888,1131.2860005105192,1091.890306155234,990.7274459414498,884.412247739112,726.0935804556547,642.696645115221,541.0266955310636,508.22490025538247,534.0787335692773,581.0455532573806,645.117366101893,725.9086920005351,815.6101654689675,861.9011321656504,918.0019583652409,905.0790046202607,909.631337494308,861.5251713001982,797.4238077915132,745.8617169606558,673.3762698603615,580.0405869104965,515.0179587965647,472.3113075145523,465.5669949934001,17.89869602421666,553.8281668577451,638.4433821220597,735.7055539585524,752.5563244868139,798.6671181287403,657.9611673497997,633.3260865686757,632.5846152028059,580.0182953773572,533.2576959995854,455.0372580685614,385.8336979648915,307.1355946306714,273.5546101929091,256.31772568902136,272.134639591489,356.37104976288947,401.38261802012164,449.57079541145197,495.94529253799755,525.1931768057354,538.0237079017679,534.1848240343572,521.572663727358,490.8637905088801,449.1668746602805,9.268840244594895,6.789420949898119,19.33589670023219,6.382240188752297,16.01535516031161,6.717388963540206,4.672369660698845,11.069147602265929,8.632537235296219,12.690625008119378,10.252756137385123,397.75136483204096,446.2605737347213,465.26932613877295,471.0180548799875,453.75280403160343,443.5322135750457,407.5559193361573,400.7032744136555,341.34428754338654,318.35871172489493,265.4599061489963,287.3873682773514,288.41575194735776,293.1223730333153,335.2207987615174,365.8021017932562,369.918584549242,397.98766905363595,404.31844194043083,375.2515404121854,384.58426412650334,365.60733086364263,318.82173300889167,288.3363824489219,278.8606344492093,237.59389203904772,9.313296529803345,258.38378497216695,275.6792996961253,283.8034370191488,304.0701071861114,307.7026733743205,310.2607247815719,301.3114382414562,283.2091532706087,273.26186965072026,236.22100036970448,205.07207060455397,170.06187955750468,139.23658748686643,117.6998234691734,125.23146341450037,136.58982479116958,163.67647208901033,209.28832532887085,233.83529354822196,277.1437376118083,294.77344704010386,313.83894378840466,316.8272327394392,315.51682252149647,287.9196604400559,279.0496758851139,0.0,0.0,0.0,0.0,0.0
2025-06-01 18:44:22.353,0,0.0,0.0,0.0,0.0,0.0,0.0,81.21950929411165,179.14534797732074,268.7973872506198,377.9532739151864,459.08890839491585,547.9346919526254,620.9115854489517,658.7923424567236,695.7563503981564,705.7925231884747,697.3148688448438,657.4513468566641,607.4995574771209,531.6753203653126,423.988571901032,319.25604183011575,203.44971292803535,137.0497345050176,184.7257293045553,305.7710288995585,442.2453599940333,574.0114914783516,694.5270658156777,795.4653845423136,856.9553188073123,923.770549555274,5.898484500494028,917.8270964664323,879.9439902796479,815.8710810637602,730.8953789253703,623.3035402910086,506.65200201449727,384.4192026521761,293.4535696863799,328.86809871459377,383.4320223658255,603.7532989623597,764.6843100294736,886.0737202329635,1006.7349735789579,1116.2906721577478,1177.8328664769986,1197.2871095953672,1221.4805305529092,1157.7060611257982,1066.1944530338935,937.0723010345516,834.9892640899453,695.6333225836969,606.2043898333136,599.5560686625975,652.7468336985322,11.444352690661354,11.74438758426767,2.955044760968851,14.047213595500125,12.86107539431073,9.746770877632393,6.324555320336759,13.824830042360002,3.516896552404872,7.753088677539383,12.254256850621198,905.0955789594263,763.8968644424799,615.4950411772352,478.8165607010157,451.89951030467387,510.63835594822103,686.9615154362955,867.2577008591545,1042.0488015125475,1218.0511365789464,1361.9230565606624,1471.1721223422135,1532.4630353101454,1564.7229515637007,1518.8170375347013,1474.832829214961,1350.9842989890951,1183.1119798136272,1037.2465991684892,850.9229726836599,698.4496484417266,736.9278544608477,768.2795008382318,915.1151311003965,1108.716288807171,1336.88804348508,8.585948897009834,1655.4294699679256,1748.3216129673337,1806.7708436764105,1790.5206066920161,1747.1327183986275,1646.4677901932994,1472.784492658153,1320.9780874003338,1105.6999424640474,930.0728704742484,747.81022834375,615.0494343330973,565.0691738337133,622.8149166956034,772.5137250651889,914.7436711737826,1047.9279575450414,1169.0676350619715,1285.4372051382543,1307.622831203895,1352.066419838845,1325.6867770150316,1270.1078597727935,1202.9893161973694,1083.375964561327,961.734652919884,11.000000000000057,25.70577588347572,16.74361206153775,26.36183413518909,0.0,0.0,0.0,128.0,7.9372050996906065,8.412872388344962,9.958431221748468,1164.0759462360695,1117.7828978266386,1064.5101028830372,983.5510894519306,871.792477415928,702.235902318576,618.6517619954387,511.0559097487059,447.76858385262534,471.96862087183035,519.2813298245405,615.1275791979069,701.5766557151635,783.4440456658019,853.0909178364969,897.0482163984743,898.2022947629526,888.9861243946735,856.2372996412992,810.5816392654035,742.2214837041275,652.8495105873443,554.5768655321563,501.8611121273492,464.4716663985127,442.9921431558677,16.09004074749055,538.2035239164738,608.544732906619,688.8960335117599,723.5157618395504,769.0141784745924,639.2204851640895,613.1071645787557,609.3205888203242,554.4333849553609,511.67717158554376,440.734113256302,371.15528948379597,295.30603134519026,254.20790455946442,239.8763822698239,253.72407397163343,331.85535140884053,382.8919431900612,435.8622859044079,476.2551460494929,493.8580986438935,506.73958836001054,501.9536527484394,508.95752916273864,455.9791297919822,415.84474268578384,4.373731019593213,7.024087911424429,24.617627557755284,13.62745747956794,14.484299197314476,13.103670064125337,4.721110255092814,6.915812807788575,11.026824351380938,8.028487684406844,6.05157213937017,388.24377270687796,418.9654415487008,443.38772596085266,455.9004035894086,459.08483986617955,421.39568524518376,404.3735776253012,360.1260425735406,342.5764618985353,290.42482993859613,264.62633164177464,269.9937438869336,261.4130051348669,278.24705583740234,313.7343649579105,310.7225391824005,344.72514130213165,365.9584532194643,367.25641920479916,363.0878964287275,361.6388235964993,332.09401379448946,312.7593736686569,287.7253097263961,244.70120880670325,239.81062304677332,7.180008870665156,227.53435509719068,244.88334955894467,252.19085007907546,271.4462704017497,271.8489156435165,281.1855536950219,281.85552933524235,270.4126263525816,256.7843521628024,230.80917902400168,204.1409433837371,173.61323326417036,143.28043216904962,133.80273887016807,126.17419068604482,142.40026313619578,167.75739122341403,208.27718015491507,243.39719887744147,265.2051628133557,282.0692026658628,307.05209128569487,306.25633446180933,306.4912314142405,278.95694783897295,263.7777946053143,0.0,0.0,0.0,0.0,0.0
2025-06-01 18:44:22.369,0,0.0,0.0,0.0,0.0,0.0,0.0,59.10420235475757,144.8335343868071,258.4588904643986,352.378092487335,448.16387651773914,545.0141244071492,618.505237655049,669.3793383905659,706.1698342409186,716.0878130949704,722.8256939520837,688.5457197282774,638.9822004145481,539.8701757317272,457.0723917831037,350.1911900853459,233.4000112151644,127.30056584853172,156.3521334017856,253.69725189232224,406.65916196638904,536.214394119122,655.2306285944208,762.6912863196045,838.3486961987314,894.024713667335,13.66462087885106,910.1520967110038,891.660053781405,837.0187923850594,761.3161542532442,651.4186255015551,556.6105316624667,436.9376404143485,327.94887939947205,315.3308342998105,372.7291309570579,541.936556257581,681.509486702948,874.5886407173707,978.7575596121512,1072.0816467550394,1138.831431038036,1214.016155009959,1191.4169792795626,1155.1065961228526,1051.2300024244564,977.5172145942817,841.592603325525,723.4869501202828,632.7922237520181,575.8287716156557,626.740838084464,19.156973915104444,13.901556764844466,9.769466203375643,14.628301057854939,14.981458995998693,11.287260864407026,16.378225728437428,11.042341240547692,8.082323665251238,20.176623433493994,18.54912843343101,900.1606753344964,754.842395791445,618.4023005002474,491.20979604927805,430.4518466589683,457.4525684710474,609.1647670880374,786.9773271594411,939.2308318771695,1112.9299530515866,1271.7306192320248,1377.8291969282284,1444.7894163746075,1458.9157113067783,1448.1135714018585,1428.3137503819103,1309.1058298471387,1179.7218898466406,1035.5458515427422,847.4050150552654,727.4830529542552,761.3635560364694,776.9312991409248,911.005684938122,1079.3446386368842,1266.5775271648758,10.478591933271876,1565.997794598252,1658.7773769041846,1697.4894255295674,1700.2469848532728,1649.2136241937906,1555.9911006985274,1439.6905787799788,1250.1436132713122,1055.019440708571,875.821002691673,716.188142572318,589.4622674666414,570.0592190533777,602.2776554530335,742.0164421586439,847.1078988843478,977.8451284743268,1089.4604233770715,1163.402533023487,1205.2918276730618,1244.1846669143754,1202.824470504007,1148.8478693370123,1083.5575497614714,982.6173638094538,858.4383055007893,13.329036445180417,22.273965905613633,13.339760424883451,11.26617442742917,0.0,0.0,0.0,128.0,12.939241329298525,9.685355337703976,14.07196713975557,1054.0990863090396,1001.513213696081,971.2114709258639,878.4494701400912,790.7865682911319,653.8245586493857,557.3710226408647,464.2685608254293,389.10023105325945,401.23812938423424,470.16298792636,554.6961502855671,632.4566331730091,702.1160385418276,757.1951964377794,805.1267568512967,823.7680015475037,818.4626518688439,810.2354936094158,713.9441105236098,711.5532870510854,626.985164576021,540.9402045150489,490.101834325983,439.778430057908,395.5754899793411,16.822186695084415,479.11472546240464,540.9287515595707,593.4226902981734,654.0402980924025,670.6786129558413,558.0670914690213,581.297276588611,532.394484468007,479.8360476387988,452.1072389975222,377.49308055170115,321.63776995884865,270.0632819785583,239.6483584480084,220.74174664916282,248.5898156186625,304.3923874599727,346.77181403432365,386.3101733651489,422.66084721734325,436.1566242355975,441.5578876910066,454.6585845589073,443.13441239184647,387.5747851595717,361.4624099214135,11.100663013798997,6.805493681469048,12.24662254143792,6.302472412466205,21.3483259043087,10.208550531223857,10.94656217672472,6.725292403972275,5.096398757079761,12.168845210359887,6.628950668398582,340.57428678450333,395.9453877058182,414.52942211763644,413.81049445500014,432.4668506451183,422.80346544242656,406.7582807930182,386.56369756432105,335.8158237189943,315.32174784400763,289.8214046431629,278.857066367291,235.34763123858835,246.77199327641574,302.4549964496368,289.98734125480263,314.990474474253,327.77426261054865,324.560763047505,301.6104308420192,311.0940988150262,294.97220434155463,270.4818787950093,242.8568879764345,211.315716028129,208.82202977527234,10.880933991163936,193.73054436026106,195.52049818270365,209.30152556534284,225.80659030740642,224.40524431623308,225.57025367747104,226.2251433818086,215.64996748044962,208.47738756208798,186.78120937297624,169.49918664022118,135.82104673569833,118.26748147265519,111.8496027547296,110.18884164120084,126.68603970299789,139.0568862929652,171.38530528749573,201.4335758734499,219.00441624624068,236.2471666576347,238.07779156513175,259.4580144390013,253.44639420291273,220.74868504183215,205.17087504702113,0.0,0.0,0.0,0.0,0.0
2025-06-01 18:44:22.400,0,0.0,0.0,0.0,0.0,0.0,0.0,84.38518420378699,58.187430760344256,171.797810138588,288.4124131550058,386.35903231320503,487.4213832175683,568.3276265330744,633.2797380302676,680.8493272403389,721.9148237259321,726.4252210389262,724.3883112930247,681.670959831355,634.8789160926997,556.608819828478,450.54127399757914,341.50316450209266,209.34936698897485,119.49427164600674,167.50685698493587,322.99683138187555,447.33531391136205,572.8216024180042,701.4880003905736,802.7631109732473,875.0658638283265,11.802982938816566,934.7817301852351,925.5492217426065,906.4328101011216,829.4308592000841,730.0478681221189,626.9324956751948,494.20591230862897,396.3718479148777,312.26136874924407,342.97504531062725,457.50114601734117,618.7037387246116,785.3287777227578,944.047107531317,1048.6372549556725,1121.052641915536,1161.0574249569158,1195.4555168441757,1157.789283722452,1095.9937570578766,1014.3415483595923,876.5265676577817,756.1389687699301,665.1261959234263,571.5323662396011,589.1665286509292,10.81760193756528,9.909838850747391,27.105910652921104,6.28200062769555,10.908485482846638,9.839254102779115,13.894221589859693,10.362197193562176,7.2804597701149305,20.291236855720495,14.031282128678242,927.8515448847322,796.7462090641048,652.8068185016834,525.5129998730777,425.4283851371989,419.6306980002403,552.130574839388,741.4807330985157,886.81369320878,1040.9673990489805,1191.0667673571866,1318.272739236212,1382.2525872995802,1418.0905889392336,1432.9543595703226,1379.040359735516,1297.9003124805201,1150.596579154154,1013.0303015870247,839.6522198250406,693.3900608085318,727.2688188839022,717.7390470421892,833.8925754789642,986.1938670671176,1162.2458137348067,10.108023233265305,1488.7084111026018,1561.951758739309,1628.9241167637797,1582.6642348164821,1542.4694022814738,1458.0656592843106,1320.830738855981,1176.1050988203638,999.7707856893895,802.1785511731439,675.8214609026045,530.1025673230183,511.131031591088,562.430795119825,664.9442049257299,792.79395170078,903.4168100572208,1016.1477457621748,1083.4300821662591,1129.7887407962303,1100.8280800343723,1102.0085222585108,1047.7216004457086,975.9017879157636,883.0228221084097,779.5925794250413,16.599090810414676,7.520916905015291,9.63841268870641,8.79676160291955,0.0,0.0,0.0,128.0,15.766313521175256,7.643645500338535,26.55415355796145,971.7148710494807,950.2244765611094,892.4982178152233,809.1300842918988,681.5430194530223,569.6518260993471,499.57616806012095,390.884188847049,326.72492182538565,342.06420500166735,408.85688532573715,490.9961571215613,569.5726273458748,649.5694358610698,719.9124345700504,729.5875184397645,783.3782500474842,744.8260973679036,728.0177481089929,654.2279167961451,627.782779469819,569.5050930507562,489.57904816849526,413.2024649807617,369.94875539694783,347.2536645739921,8.467521678067063,404.443415113158,451.7755402973507,523.2439243205865,558.5635726591456,584.2949865538566,494.97309729879123,469.25491421432025,465.81604370056544,436.002094445661,406.61037694816554,361.35975950155205,303.290508094515,250.41005466938864,231.05132901534245,203.39488362732362,238.11602460449674,278.58489405273093,314.5898205243987,342.3145873280077,378.3206996140948,390.4299198890455,393.70832669667266,424.68245353135063,382.8239780830467,379.8928680968619,340.80101156878374,8.044055963985583,13.250725327696177,24.400390562827397,8.553815908695466,17.819968915800185,7.84066977813325,10.303671330336499,13.140594766150333,8.195623729064375,14.662782968418501,6.221352466334081,322.0629425381295,377.94724062106627,380.1831102912174,411.89980220807945,426.1656650988312,382.6229640949849,369.1598648921356,355.477317201348,334.0031160774249,311.999443530156,298.6665184764137,274.2279760167474,248.23494243193903,296.5570308574181,321.62755974168897,292.17812234373224,296.1014147905321,304.9439026933393,310.1626576407257,282.0212422920178,280.1083030562709,271.24151884927863,238.58048886025577,226.30210539171284,221.6266633717701,200.31797089716292,2.495117542922065,220.6656648224329,203.87500908169307,227.61448125786197,227.04602174254183,222.14967070765476,220.14020063857785,204.90160733541404,192.2332070082626,167.75240681967045,142.9960669781953,135.2547909370215,106.20361752526497,93.35624265752031,91.59095878707735,102.62914472672885,130.32285092707303,153.92316765019714,176.198118436804,194.58515262284604,205.3787776482766,223.92378267922672,234.7890589179827,246.05178798066575,225.04801756530955,206.56258161504783,178.85585249426947,0.0,0.0,0.0,0.0,0.0
2025-06-01 18:44:22.410,0,0.0,0.0,0.0,0.0,0.0,0.0,63.89345143960155,58.157746759535534,150.53220588447402,251.36905436524694,338.1952877627587,436.8399581719933,501.5127282891539,570.6237702351256,616.5370372219694,644.2964735321812,671.0707970459499,663.2422200141075,622.9974244014949,571.5590418229542,511.33512032292623,413.88674026955954,307.2783731609662,201.16268449018452,98.26057425061154,149.33620043392042,283.8891271280119,412.09516971853145,527.7929305819754,645.8280874752429,731.5136619084967,812.7646734353434,20.92704941608269,871.6788939105337,882.5286310608572,852.2120230199248,767.7655075347263,683.2510570943635,590.7493235177011,474.52474874328726,370.9009056037689,300.4770245504463,276.7385280129061,428.3782207177081,603.7785219124415,728.0296337919456,877.1830801830498,968.6010351630262,1068.5042886082736,1117.5234940622654,1164.6963712000725,1162.2306678561893,1079.6776393089735,961.2658898821676,867.752751721285,748.4434072001101,595.066334969369,562.9996504775266,561.7396960916257,11.767073392485349,1.906984215977353,28.32813303002623,8.100698601908709,10.021852582310137,9.004140717779142,7.928147025687329,8.084498554812134,1.662068965517392,15.14385712617145,25.389532049327045,903.6220885735199,745.4688325866174,609.6062650043407,477.3163617104175,408.50105003151225,429.25685832912336,553.8680631510617,718.94229452089,872.6567134858465,1030.1526411116104,1192.167505985098,1288.915790788411,1335.0494904917507,1374.6104707947306,1371.085657647592,1320.387945307657,1206.6538120774612,1089.9529277188933,942.5458667321856,777.364077806088,635.3585654986704,695.5781784656781,692.0296951323534,806.2271529158221,976.2492110151358,1162.833999617619,14.239049481173044,1443.0961247186272,1533.9244223561159,1555.1198018091704,1568.5495439573283,1492.7614361149547,1399.3220439495406,1251.0710795810508,1098.4969419823428,932.544321798105,762.4053070834666,633.7745765704086,504.48757933102524,491.8462825974659,549.4842086147391,666.1791905907583,784.9116522337324,898.1861920347408,996.1095230730836,1044.4731215353142,1086.4013469430345,1089.896246612032,1059.3254142382302,1014.4696952494711,949.9053135398751,842.7869684238192,727.9343076651953,24.126952550690568,6.885037135481326,8.670432212173706,13.486120300365023,0.0,0.0,0.0,128.0,11.350841606281541,4.003405209308381,4.398631259382583,932.1632569411566,880.9953537590342,824.2382585926351,747.8965401735755,655.9990712591343,523.2761919257848,434.78547943415555,357.7703035393735,323.05499697128187,341.4317174120926,400.253768417726,488.9618644789977,558.8374617782133,621.9469231901447,669.6427924874779,704.0911562013506,717.805928816796,685.7338567716567,660.7664480503844,601.9600786933762,565.0327816695046,485.91830952611497,410.46921796376034,369.86860415986183,321.81163893502105,328.38351422891884,6.4069291125054635,406.12350293179674,455.1751682820896,497.9037264725805,548.9088253631121,564.9684715183546,464.60441735081764,448.8937803675837,440.27331202685434,400.03460881344785,371.2880862949011,303.149700901472,251.31783829174353,210.93269230039414,171.53914348647032,190.20856811173303,223.10482593587054,253.0578026181413,317.88930171137895,340.7449066795197,374.16799199241734,381.5224925231702,386.8697201536523,401.2653587190496,376.9590412884467,354.8993554712924,315.0345039468832,15.285859414657363,5.138518186292822,6.939521309482668,5.465604905632425,20.91531419389794,12.541948001320026,15.028754370222687,9.567408068825614,2.766264486620771,9.189368256785482,7.147988801392787,294.8525640034869,322.2442314897619,353.32859073630686,368.02750777283217,396.063597091062,364.4817607391114,349.2772536774925,302.9383187936369,300.38848379592207,277.8493272867307,234.44014073427516,246.59023087509385,232.17758959596964,274.0759926754461,264.6809538906619,265.7223320826463,274.3321805714497,293.57419362595556,272.0971744073009,271.0046616586284,259.85062809411596,253.23021968871967,218.08453504121852,207.34622693864875,187.27259282322737,177.7198162204004,10.823211728718386,187.36030984126552,190.9625468863955,198.26064249295234,196.7091891468992,189.57358641977441,193.2295449277351,184.86090642613948,174.04333158564543,162.29497654744333,131.45612709530297,120.63494496834954,94.08985640453344,74.21918883148219,82.14133189417763,78.51470524697007,101.73980595251018,116.91262076603556,143.18919755658612,150.5172413793116,177.6887699451525,187.12465135787946,183.65777258591078,202.66550578212164,197.57964263805562,182.39356093865976,160.96476795498856,0.0,0.0,0.0,0.0,0.0
2025-06-01 18:44:22.415,0,0.0,0.0,0.0,0.0,0.0,0.0,105.18491006357365,38.570478113314095,177.37642830584156,325.20709269692577,458.6576369901184,576.1613005258861,685.8034043461744,758.7507150860054,825.5530473346269,891.5388695668277,903.8152697279253,899.7126485599838,866.0515949361225,804.1705576032834,699.2144861604229,577.4797739023423,421.82782336700694,296.16048068305935,146.08315931049563,177.9734577599413,345.4421321624047,556.4101267967646,703.4545650927281,859.6134755804992,1017.2262710395084,1125.864276596496,25.3327742681237,1216.732707384015,1185.6396940631337,1159.2693218413028,1062.344834411797,942.9344071888977,792.6362389570617,631.9709524523806,480.05164068649293,380.1449737129624,401.3777009531882,599.3210474797185,805.1734005551303,927.495451506549,1217.826380359371,1365.1864186182825,1539.5832200124396,1521.4580850486618,1582.0881618691433,1535.1618589553125,1484.6040201752094,1322.153327363141,1142.9993184415941,916.5438154716512,747.7210441827469,728.8802413007907,757.6956184702793,5.084508025461241,13.65730856113417,18.00576104890226,15.395367466892765,24.356319034235774,10.834596590459704,9.963263119538036,16.687490614450407,26.762975868592033,10.94635866055976,23.964067485514747,1174.9494710623903,974.5422560417676,747.6406940282454,546.9842582238758,477.30233441626115,520.9047932639511,718.2116193960014,924.1099812842367,1187.4198902403286,1401.1721517080048,1614.8414374480576,1745.5209302857336,1836.0587031540763,1898.3589334168287,1876.2289947662102,1802.16739272493,1684.7918185097376,1508.176016492564,1302.8919883866959,1069.3720514997315,866.9131310719265,900.6277700260353,900.0132934302844,1063.280247990609,1324.1992040912621,1587.6748839296113,35.3968482696524,1979.1457258654336,2107.600420160812,2137.860176339803,2166.54205167559,2070.795015333608,1956.9619006339244,1753.261288693231,1542.7730697845632,1318.4407808012531,1090.7733430817202,841.747455921286,671.9581664517099,665.3145330212926,729.9193465207301,892.4821356778785,1039.0281203545871,1202.6845388819631,1330.9041445352423,1414.983832634616,1468.961048283435,1476.855223662685,1444.7634981878884,1386.9985394613107,1251.1271816572496,1140.1298806579046,998.0100329222292,11.389001404308559,14.605108925068489,9.169883143134822,17.2146912263931,0.0,0.0,0.0,128.0,15.141681413800981,5.241977511482855,34.54439920956854,1238.171469866874,1178.6683278914,1084.2732123921633,961.3199588208131,839.0232731396927,677.9573432710871,586.3212231671773,470.70644833130405,441.2692526575269,459.9359550377469,562.3801918403208,637.5652186129879,730.779941584163,826.4270554954708,867.9701050209582,925.4567848754215,919.3593683544913,876.9881833444188,840.3237681949862,775.3686667743398,704.0645895973529,626.4415478966162,541.7876964248678,503.061582613185,421.6684895639282,434.16362992571476,3.8243217158560494,514.2093700342131,595.0133894156916,661.0803627987856,700.4504279475918,739.4340058193078,618.3301682813706,577.7053651172778,576.8642575652286,520.1492963734905,464.7535571918994,402.97688112028834,315.41039010479426,288.40375901184746,224.28320557453284,266.7753762218823,282.7427476447722,360.19005131770405,410.85197404565,473.02436211576264,509.7803419119855,545.2620943105026,518.7487535722939,524.0978978084053,492.0169301799572,446.30515882920605,399.39775515806775,22.157209103142986,9.045363660234614,18.750631628563195,8.626916698849804,16.434557953025617,26.624147459528935,21.676501101051166,13.88995040301274,15.575222633784112,16.341929642457274,17.163003211615628,400.882367293556,446.3052949747903,466.35211979642355,485.27239224617887,497.5566018651853,437.6262217203975,468.434285003991,414.9947838122798,406.64132818505806,354.1981803149392,332.7312209144314,251.52166784300286,227.61695012763167,303.8425392346707,320.2320696383946,336.4313229511205,355.66599400038024,358.07611684020424,372.324532013917,356.56634669024106,370.2826867693313,332.738618150271,309.54090696578004,287.55931783495265,281.8318675275683,237.969019189862,32.421979106775616,255.8406521039477,256.2974483257241,260.29212840243906,260.9572730117105,263.49324101499826,264.92854395167177,248.31362960906978,228.11867215906565,211.3706534228651,170.4708338053273,152.37287979468843,117.8944312118698,106.5594421667532,106.2784463787249,102.96703776701274,138.27229264163887,162.29880311253999,171.4615618854423,216.84780560345993,240.50008486294402,260.54872875707156,266.1448456934559,286.46394402044257,274.76383668568445,248.15705048858604,239.25248612205655,0.0,0.0,0.0,0.0,0.0
2025-06-01 18:44:22.418,0,0.0,0.0,0.0,0.0,0.0,0.0,106.99832662006817,44.52821610077196,163.64884820939494,323.0357416480635,452.7585083869592,581.6566782321215,673.3374759786898,763.8974955011021,851.123727965631,895.7176125419611,914.8324179821053,901.4689932639156,865.4808160590144,790.3252431464041,697.2999742092844,570.6342407500466,411.7312045569448,246.14252127625548,142.59069601684735,202.7974106563622,377.64374185843127,553.764858980228,719.8644193201493,885.7728616242035,1026.345095882127,1119.8882606253196,10.048613318979932,1211.202821931164,1215.960387109689,1134.9635293490558,1046.0438988747942,926.1852676206724,783.8935099557075,629.3613012615633,471.19753600921155,377.22451718725887,384.3003637358084,601.3019202900505,763.607677575971,1007.2002538683687,1224.5359390955198,1347.976791702772,1539.4255781628774,1640.4706718644293,1544.828091128173,1511.9789989895792,1475.9345904429476,1300.4696592246632,1145.2784764076712,930.5868107346772,778.3359688932718,704.7888077357895,756.3799967124299,13.450141033303234,19.94766483493741,23.030256139381123,10.584127007420015,14.621163602208187,13.882140767968451,15.854197826753225,14.57605560779576,22.803218126572457,3.9608181256250186,30.93582442885006,1133.5456113370642,936.5103290666952,739.1352444544875,543.5877438039361,457.4833292573832,502.0289121255493,693.9827141667696,924.9686832859007,1148.902455831585,1347.3133252763087,1525.1936916790896,1689.1188223566294,1761.717175086967,1823.885868894256,1814.0145668649168,1753.52585490101,1620.0428361169038,1487.542078713287,1254.5456579459649,1039.3658347080066,862.3606963626515,930.63372438363,915.5650446241914,1069.644970276614,1289.8488524879288,1525.2473119228785,17.337011992298713,1909.939023618781,2052.2781292049967,2098.20722618312,2126.395156000611,2029.6536314007346,1929.0963892470918,1757.3595369320012,1545.2244975919004,1344.4651714097176,1143.9009425388444,899.1606788382132,770.8677161096438,741.184160401711,820.9958133019134,937.3909026051426,1075.859120857985,1239.5422503964435,1350.1294682107828,1440.0628872496652,1493.5583068140425,1498.771747824831,1476.7267544794795,1399.5563751517598,1311.0344840308949,1163.3705263896495,1055.437911020318,13.739726935804768,8.883882694967015,29.9137690491445,11.15430081691899,0.0,0.0,0.0,128.0,16.240654596567563,19.260858909785668,10.646952300790105,1267.0560140683178,1179.4373364849887,1094.590571085277,979.8551042670049,867.6584956252613,692.043095860726,594.0546521564237,533.2843149923842,501.22437826315405,522.3700353931193,607.7865184962629,717.450119170338,809.6274257646375,868.7091827021067,909.7294959679571,944.0591502815474,931.0600114335458,917.3725379786017,825.163010415272,775.0120650468111,676.1632839201609,619.0753216832339,526.5920894051619,457.3051925741702,421.6090414372733,445.2350444866882,10.66909477737574,538.4354090955867,591.0421947757538,644.3147772555025,678.6251041961325,702.340118080473,570.3020722832645,560.4360966180838,539.8561410675828,476.7072708832332,439.22548577999953,368.4134638152173,283.13947070701107,240.09103337866384,202.0174140523968,242.14552778548006,280.0859334139531,324.8948938839049,404.39876825125504,433.0515255669672,458.7285546977277,472.25733047536784,468.5922659569414,479.15549168485353,427.016581612666,408.36932890901005,357.868477821364,4.148954417919548,1.4292191392441964,16.231939473096713,23.278085984922484,7.721115825914872,24.389275252790856,19.55744540306031,15.185334824909553,27.038849541718612,25.619238789528822,11.137371887343068,373.1788739365555,421.1506393811354,456.9879227536215,473.1040649294915,483.15788622859395,466.0557399405071,428.94606303999706,387.6493415598507,395.241256326865,326.2534916858081,333.0347720423579,202.7013510357113,259.7960551407468,316.41772567516125,352.2277113654475,356.45237611245045,360.18441005342316,370.79906131212357,369.14784976522145,350.7894055718455,345.8230035398651,336.57505837464987,296.97841398294645,271.2545493336256,268.13904468382543,225.8060367311137,21.69044493277755,241.1332894941351,271.4093500562196,270.5901961309401,279.05545671626845,287.832068933446,276.83166011132613,267.55018072909985,243.27760322449853,231.99304424651862,196.0749811428996,167.99024609513384,142.21165813225207,103.75500996411837,97.26126151842153,112.88220183763204,136.2964243474098,183.71534438242549,210.28437567828942,226.1573364652264,258.72158744622976,276.97169154873626,293.9749275173948,294.2536359956022,280.20207831811985,255.13849397021573,235.49118994280124,0.0,0.0,0.0,0.0,0.0
2025-06-01 18:44:22.427,0,0.0,0.0,0.0,0.0,0.0,0.0,125.85303858528881,27.298622368213625,182.52027302028074,317.3373864525839,462.81077298956734,592.579054165154,710.1107356740092,809.5333870926954,874.3034383316276,910.8377666977939,942.7052989872359,954.873161232815,886.1677214393274,811.6491955647399,721.3187948893382,567.7623895579231,430.57968789159315,240.2277377908575,131.3357701998854,204.46475606523313,388.87482876576036,582.8221666506395,747.5089667976779,913.8007163326661,1039.5522833083885,1136.3155760707405,6.384451647308278,1223.1732814115512,1197.6515337051767,1153.601580348348,1029.3943807760893,917.802918136097,766.0803419357821,602.9363799596282,421.60360082308716,341.76140570862975,431.88393881214944,539.5326763791549,824.5922284581981,988.3270576949901,1208.8970469818103,1370.6394361456005,1538.9918690354555,1526.1689642998922,1575.149696471931,1492.2678772064232,1360.7361562430299,1314.1003212993865,1107.4032306320366,879.0960499019404,739.1750547619896,691.9650437871769,742.3198035716895,26.747682022660218,14.337037534847195,29.151886599848496,20.04253618117179,3.38724437439153,18.0264578329233,22.078470023799916,20.103716485515953,27.622049712686554,28.117778177909376,37.09362947106107,1166.034701628232,980.5063486202581,767.1990801425267,598.5687134823876,505.64929416407733,534.481452508216,771.3075147886007,966.8543938530859,1188.6755402394979,1394.1147638095774,1585.606815237924,1719.073545122883,1808.0057734104116,1853.5452028867082,1807.8301020526767,1745.318968629217,1615.1555552777636,1460.2357513712393,1251.2068248970436,1009.9389286560113,836.226868938088,909.3937959225578,933.0805894303875,1104.05379941923,1326.7133736546425,1560.1456843548813,4.716412188953431,1949.4565319054113,2077.839059486582,2141.5475244530317,2111.712025302609,2032.0316255443959,1934.3491669439732,1728.4725156909687,1519.234687058361,1309.7211484661257,1066.6221844613824,871.2160571759798,752.4576336433805,724.8908485701637,849.0869580625312,976.6192092908713,1154.5379914450043,1303.6603929905493,1407.0282632542703,1498.7361292346088,1533.963954458365,1523.739016521146,1533.231466207956,1440.2425379292968,1347.5284513789215,1194.2147689156502,1046.2844377453848,8.183625966137589,24.737750987362247,8.717312911662454,3.3206440636075243,0.0,0.0,0.0,128.0,25.130960756697846,17.148255611518486,12.023801114636592,1361.4281957671806,1280.5886127589513,1180.5751612165716,1085.6699130016818,916.0014709544646,727.6845832745258,583.856545529166,549.7627096046361,509.4591946946945,582.0104686167216,702.5068573765406,813.6849110751406,895.2030748944221,958.8236249811592,1009.5813183073868,1046.6041591952899,1012.2308480674335,985.0365558172123,940.3985230828296,815.4798729022045,762.5954008552875,624.8932421266911,513.5753783787193,437.95550658710306,416.5306008751988,421.6707166010857,4.26632470268465,554.3065602729661,613.9928118895756,681.4679963221641,729.395981865564,734.1198964126912,626.192966964152,576.1775590349113,561.4014263965355,498.44361148281723,409.49206451065004,343.0659972429401,272.5712885449027,215.53766138260545,197.37896618752276,183.69603318105942,245.91685306095528,301.81067806489216,336.4680807550555,405.22487268470076,450.69954785148053,477.46210726252974,479.0201693499605,474.52928893395557,482.41649747543164,409.3237252797073,365.75616349714,9.76010423434039,37.5168957256396,6.602326209249071,3.5942642718962183,2.3404274653297596,14.350383235801816,9.640515753578534,10.53943560621024,13.451566065765313,11.705376086229087,19.060245004138842,375.07660662234326,414.5343650286081,437.5813811703084,475.12103641184723,458.45707050624435,446.9701410373324,448.0683723365686,416.5813321224247,365.5273346084505,320.82598230793474,331.78280361292724,293.03577566008425,278.1183706927503,274.8882191400795,365.24889042565314,346.9789879441013,351.37659686458716,340.463409795547,381.72176794226726,355.9173433111422,361.7221680505563,314.38390923856485,310.111814576221,287.3095092956803,262.1696353629046,250.44950924182686,20.11886941050496,243.74476804026173,232.73264745663218,260.07713425898174,278.63692266371385,282.93926538847614,270.06922360581285,242.08373607836032,226.31242716598635,203.77216147254043,180.0193305718135,159.49232101147481,135.2062480692365,113.78592902572035,109.38971562057786,144.1849781151968,167.49240919540534,164.49828709455122,219.09172253521487,244.7093965781132,250.04916849481745,269.4538729260501,283.034520813781,256.36646437339596,242.79066816706816,236.60442503087592,207.99349177852736,0.0,0.0,0.0,0.0,0.0
2025-06-01 18:44:22.430,0,0.0,0.0,0.0,0.0,0.0,0.0,97.39817555598732,56.11039374584124,174.57325978711856,315.71208113111726,446.96438587381385,551.5695260210053,667.4888439275381,772.6214955853673,813.3752228720768,860.5780420660203,881.0539576357359,856.8276958766157,840.2173258301486,752.1814601858824,682.3254770433742,542.3378834373887,405.68158712818087,254.9261775270822,67.7989954923002,176.08818329339528,377.8647035444732,538.5832784224602,703.7916661970245,856.1400476063907,989.6444667721482,1066.1858646563362,9.420159279327924,1157.5875958912713,1125.4353414386828,1095.4058692101466,995.7602688805977,860.6734152113113,746.2377767095508,585.8728062430455,427.39248360337587,298.6133981781201,364.5783050087175,610.3859425272744,841.1680938664562,1001.5897352171717,1169.8044983431153,1357.2833974235173,1519.6122429232826,1489.9809251568458,1535.392118168411,1415.7291746841706,1366.8176242286022,1208.7327347624187,1063.078403507744,840.2359390261952,746.7534723810012,673.6234764329377,748.6648373140882,9.413980397009059,18.97384362686342,25.431704259180094,19.791160509189023,20.33223939683262,32.22993550448827,1.4803111412667593,28.091131521910153,20.182157403308054,17.52943549942378,18.07427625211463,1088.8418982984024,912.438125209332,662.8104620635365,515.3721523320121,472.2235460886354,524.2770571771671,730.7398581968471,950.2244525288938,1206.515983276169,1410.5884469678824,1577.6955624374098,1732.312357487074,1799.9717013735906,1817.9098265404823,1793.9950603354644,1725.4363146573794,1599.3917133074774,1441.7633266321534,1264.0329825169142,1025.1455244251954,863.8229696614911,983.6744154127412,1002.1973761201782,1173.291998915742,1396.8063699700067,1638.2007123761773,9.961663925469754,1994.8131956539526,2094.2160390203,2113.142507425596,2108.781276586839,2022.4910341984962,1894.4358516174798,1717.3889509093208,1516.5533402322444,1308.2472477812855,1088.14225068917,922.339161792025,838.3863121498171,858.870955728009,924.1664535616978,1070.904281879403,1219.3608951971214,1337.3993555192144,1478.1163049988472,1523.6894873679958,1548.1698539460526,1503.1081689890273,1482.2903600302163,1408.6154398164392,1319.1620979306708,1181.5959707143745,1054.6284102565971,13.92101921713309,5.127959207732093,12.100545699244535,6.492516340965598,0.0,0.0,0.0,128.0,13.214523328111454,41.48794206822227,24.385876104396925,1245.8909162976588,1175.170217093225,1051.4609438613907,952.491836329444,792.7421338067654,662.9625093491193,586.6274493976883,550.6356908875186,560.5386687636382,599.0601241290278,673.6556457329182,791.5219949711758,854.7727282951205,923.8984993893115,934.1960901377641,964.4239856937692,936.2617211128918,893.3454834835195,828.2322563587986,729.0430272322764,686.033935471075,593.5129295463163,529.6351747603766,467.88252084325535,463.72430978865845,505.20313562404414,6.312375501299152,657.0786269135683,688.7584186701675,729.4735121502038,754.8004900267998,769.0435057568021,599.2860048481516,552.6595816037166,525.9682549021676,454.5976735208391,383.5948780973244,302.3013469046061,235.3177252933876,198.80771534641653,203.79893966020435,278.2105614020756,327.2101307080516,391.0642010100094,447.60891405988616,508.52008105767277,516.8908261429781,518.4999906889485,498.54400542221134,473.32126026865035,440.6301047258618,397.4228228993408,309.3793115862519,6.028095495523167,15.174847840951111,22.007482335763118,11.383659785529868,22.50421699734788,9.217525657685593,12.309193980466565,8.159906336289309,19.274766886260924,8.232968517614712,8.080076067854465,373.35198860503994,466.411245847221,493.1011790889476,496.46235498719324,509.6344417300697,497.43107705901843,432.2280860491183,421.4185175888221,372.8420152014108,271.48332152651994,208.65055802021277,206.55449665852805,194.84547974156985,283.9472432849828,321.43127456557147,355.99293024575803,362.9605097533313,412.2741185487008,447.51947429119116,426.0121378050255,433.1458570350271,413.1375620094706,377.18725939507584,331.4436078172017,302.29569086175684,265.04667592258954,15.604609187561653,242.50148643531367,252.31844667137878,277.86381650946595,270.310604580749,294.1527778632956,271.92769755530173,264.6336687322848,252.91340000767596,226.68453991593327,219.28419294088664,193.2635509513687,165.03635819411983,130.49660386305754,136.23421881385235,151.6905190172254,152.11280845751673,168.50663211997966,189.06831084241182,197.29677903675963,192.57177644946646,206.6241105290522,211.85808173475908,204.26958716910949,208.31300029862396,181.23694675311935,142.42433026449348,0.0,0.0,0.0,0.0,0.0
2025-06-01 18:44:22.434,0,0.0,0.0,0.0,0.0,0.0,0.0,39.43453891876119,127.33576733227324,220.4640768190273,324.7502445566069,403.62283641227094,484.5912382514722,544.6548591093509,585.9562685587896,615.1982736115622,637.9910294847489,630.1031790472832,599.9877272880676,549.4125201341072,475.38298334160214,394.97669133007577,297.659863660463,195.4675519085663,108.2302050611132,137.34677767120442,250.0927110856181,367.66889324756414,479.51288387157115,607.7753279852182,678.8974749964698,739.6700224344439,786.3929330868599,2.831192301003646,797.5396876988689,793.6718374895071,707.4014847026724,658.3104910897069,546.2889831187096,486.10880591977,355.67077405352165,306.96464184713204,297.8501612533272,400.96715627662957,551.8578543261796,693.6877035281683,785.370796509946,895.6233286867534,1031.4381970958611,1037.6136337384976,1057.7425469166694,1060.723067249108,1022.911443623603,924.9739126116534,807.1664581818787,735.8162897553749,623.6323183168553,531.3001391386736,578.2646290715186,681.1138439179852,30.272048994887342,16.636379655522703,18.383683519888535,5.496975817593587,14.045578711823673,26.57453034072101,8.461544739365134,12.69122604995658,12.927402009681797,20.842272214067638,22.85006653428754,750.3341447076058,602.8432456372551,480.1777291334493,395.2447750451852,395.44701377284446,466.1951106958214,621.0160654750422,775.9705740919679,920.9294966117086,1068.4798468293225,1181.1095709015617,1243.5319356064997,1310.806660408906,1290.9981192607725,1273.517044849869,1242.9101005506918,1151.8524540644225,1032.941642474519,898.2354639794241,767.4322415480372,661.3221381192101,755.469956547873,773.160544943903,882.787561250551,1029.4274366161878,1195.2448128658032,6.408739931546602,1432.104979529979,1512.2290080114171,1538.3682190899865,1550.7812295091726,1483.9642993812874,1413.335807886633,1291.0980220036195,1159.3094309130615,999.9461124507984,888.366507405167,749.4278351857624,672.8611648083235,677.1668552755011,700.8063980517333,818.3637936933519,895.2259650125338,993.3146702673927,1069.8588393487632,1139.5196996474322,1171.6050261346986,1166.1095597687952,1163.7542409407815,1118.0449476062363,1052.6475281108349,968.411183505686,854.8245593140125,16.476538785478038,8.424419602503589,5.357172540606871,15.770702598573195,0.0,0.0,0.0,128.0,19.975950739760027,12.356511046099437,10.227696829252032,1023.7868025543137,957.1594271393597,915.2655577867926,814.4986609024935,692.2066227693768,577.7993692329989,544.2003021672285,479.57668194797395,489.9228694393701,553.3902099795389,589.829050646204,669.4293369423947,729.6976025473402,771.394638988008,806.2645204696213,838.207631512264,827.8877020209479,812.287494647152,753.5612474384806,677.8998581110696,629.0754897028022,552.6327024423963,478.9932702559026,441.24411349266694,415.67757572144313,414.3079286107698,5.658127826099386,509.90220891101296,577.1571326790056,601.2934337353983,611.6051443924447,621.2618150652792,504.2643690972959,442.11462076595416,440.21111213129257,381.46505781404466,341.8125115120627,288.7223981360145,225.04694788156468,177.69130673249464,170.36214565702488,175.69170342414296,212.2833515488587,293.2909062122969,333.9475351233869,376.85386851957315,409.45739461105535,409.074308355263,437.3120869021613,427.9577880635883,382.7616980954426,367.24439596167906,351.44706484726373,8.911951240144235,33.86040875145213,12.949767388947121,9.579320006080607,4.866382909023719,9.79833086198856,6.1126224685567685,18.483010174752042,15.37221325266474,26.112230215542038,9.871355096212652,345.84996727996065,342.29499487872926,364.9843954673143,409.2897840167646,399.02231626329007,384.3890006158809,365.046762367917,359.474296625526,330.56937739975297,303.50888592042895,274.7700243374258,250.52423699389743,260.3749094923346,270.7134875844407,305.372258415104,315.41952958369313,301.9870651521035,338.08605990476394,368.2298190789691,359.97111676548576,357.89839805982325,327.0017666324333,292.48306498103665,282.1008728148661,255.2178217929298,236.08005364000275,13.88107261204258,231.6982883749938,261.7677489418945,264.91310120303916,295.90609940501406,295.5262225695568,301.28625707031466,292.21019514389445,285.0909649161162,259.74878262076874,250.89206692263392,222.07381116695208,200.62537781986418,162.35375153600276,144.87854942561248,146.47891186260756,151.68186793927714,162.61011426500957,192.26256621030467,209.43800501607953,225.70247863228278,241.88525798579082,238.60625991288012,256.14733129051876,239.32161509967588,225.51719203156122,190.34613361693437,0.0,0.0,0.0,0.0,0.0
2025-06-01 18:44:22.439,0,0.0,0.0,0.0,0.0,0.0,0.0,56.458351582545745,181.55301301348442,315.97000361402064,469.00536757887056,591.3906192255095,686.7309296617194,780.9059929395758,833.9011411322715,879.6521773665033,902.6674752834107,907.5613078210663,846.8792440844412,773.5921754997047,678.8370707765223,557.8211921570118,423.343838208722,277.6905766992429,142.90341455941498,202.58475528336155,359.90508077241174,557.3459768410653,717.2932166582318,848.6837582660404,984.6967938867132,1071.7380558168734,1111.2786702770636,17.401400655929784,1122.2467574540951,1055.4152354088208,992.119280706044,855.5792880983273,754.9712164599401,546.9411799939355,449.3722074142819,363.36132274255897,348.84185258103884,462.29325974694905,744.0872065263181,907.6710336185226,1102.926326340055,1214.4226384479236,1330.7918714572545,1438.3093986152346,1469.474771629855,1433.3521107926515,1372.4467876686906,1281.8242762760235,1131.880144904385,986.9407885746378,818.937408162035,735.0669422310467,692.9849853229034,842.8144339402861,26.47110013067864,27.75620850354141,13.212056146660423,9.07395231882732,27.89427587549731,20.532329771625736,5.157248957881451,5.969435074494815,10.738019534091508,6.532582099438953,16.103604635549473,1014.4978411952261,824.1462613178182,652.87083506796,509.338012294376,447.0961061187725,597.6160791506016,791.2200508950118,1006.255393017282,1227.3596988477177,1387.1944617500667,1583.3794954979544,1701.9077419757728,1769.9079153044186,1766.903188572224,1765.422266423234,1690.530693900769,1611.2219633224715,1412.6570753060207,1248.345708779666,1022.6565158698703,883.1201964607299,987.8897141119082,1018.9273498631591,1181.8199541175468,1370.219623503002,1626.0180209791595,19.681427416624448,1978.8559232876985,2082.7235754701705,2176.9949081651757,2116.825368946109,2094.6450801506508,1970.1546998081474,1791.5075474437638,1589.0703855558631,1391.8425067847304,1183.2346231177762,1037.5796506020122,880.8865328413124,881.312342548765,977.7073917958733,1080.4807594786166,1208.7877100137316,1337.638076129209,1493.710987054283,1550.4893623356998,1603.6200754033885,1600.674692569061,1601.3029982893015,1528.373876435138,1453.1684895412448,1323.257734518933,1201.974617626997,4.127950490087208,13.079131656891587,11.385139076315818,7.455760420748876,0.0,0.0,0.0,128.0,21.74325886565999,20.72777968988183,5.554372745545319,1382.9414277254123,1322.1955122664526,1227.3640774810822,1130.5240691303238,969.2257355995539,852.4421708533158,761.5886049166088,677.151149045897,660.856998682986,713.857183810521,773.5506231396788,869.3661386046725,932.398121662952,1008.5972716682091,1065.008047966206,1083.4294520794147,1073.4344443585906,1037.847309597048,998.940275217385,899.1497401124128,854.8236988394249,760.3638816141407,682.502188123707,642.7666646630116,620.5313350491388,661.5872566661744,21.080076161534514,771.7163502139208,802.776293415147,843.2940582390198,871.3444789925877,869.8083488440615,716.3941012588814,648.47955938463,614.3196618575237,556.5706947498692,509.1004296338923,454.5115076526578,344.4113443047477,321.8021002862678,291.3332266948646,360.80906062946667,387.7532639145598,463.3368695011953,546.597100521801,593.2993929305599,622.5363422993099,641.376627784882,655.3231438405012,617.903308751965,597.5401254064784,556.2192206466954,484.01797441548314,6.577330551298552,29.167475074620135,11.540080137385893,14.13957498951965,14.678743972874075,28.890321367652447,14.11166649880174,13.681701719183597,20.580392496194808,14.486156237420847,7.249722266710642,473.16715406176894,526.9033683515987,535.1986566627825,589.7101597794863,530.8797126357892,498.80345574150397,508.77265730722763,426.63213314415987,404.6268662799138,392.41931457567983,335.59320403677975,311.5652997821242,313.75852517228475,356.53242221005,414.78332406322795,411.54779805002585,401.9314421071995,452.3314845304218,470.0994960335979,444.03370110148165,455.5985517523366,435.0832351324741,364.7835192999247,353.0251448639626,328.07919221153674,317.03608085146186,13.37348151785619,283.513964448896,321.7632095847707,308.76126241414227,361.271436699711,347.05785942060913,343.48919487860707,333.6752774924613,305.73372045708766,279.0734872820786,275.261446137611,238.02493047741962,214.29605867502676,178.72026153722575,173.2614293043138,156.59738947592427,164.68899800864432,224.55006215922967,248.0469435602537,258.60089351094774,276.3061343054625,284.43841902019744,279.93619972480104,303.09008439453356,276.33328787239714,248.25246294030293,226.9683339968672,0.0,0.0,0.0,0.0,0.0
2025-06-01 18:44:22.444,0,0.0,0.0,0.0,0.0,0.0,0.0,23.102563387524444,141.43113018637646,277.2067035396611,414.7962173620582,532.1803669833109,631.8032299699802,715.8034543101221,777.726111330862,834.0408457234931,848.0659360192237,851.6989967725897,813.5585020038309,765.6086651761375,669.8540416893185,570.3808268619371,434.7598796619912,309.1376888129082,157.93190960891647,177.05057078478413,261.29277417048877,452.7623813700915,603.3240561339809,735.5475857654986,866.3101162862588,980.1035737710491,1044.8752517696892,15.493070141423413,1074.9900447163739,1066.861577817231,1004.0151504063559,909.7103099163796,778.6815698194358,663.4792727927893,522.5725781230861,452.8361244895322,384.5445269551552,451.73976562704786,654.8668575477378,855.1884843143557,1008.3648589907035,1159.2895994706257,1330.0361175324356,1385.737517878273,1437.817218017073,1406.3120250807974,1397.6222272764671,1269.729112651938,1145.575535013665,980.5973642279367,846.1017177333767,754.2136419478375,755.4140784204799,827.5958641690248,6.093333889359997,17.294778671525528,14.11744570333996,19.334241468221066,17.612136866215508,22.664320334530615,8.28964568053549,17.26858481454471,16.944681415677486,21.09612931356956,5.000777106410508,1026.169276305976,867.2808023623847,701.9783581641536,584.2116645012786,548.8938046899566,641.4076892735283,808.943947428299,1019.4312945890506,1212.204704202799,1413.4060059170429,1589.3898936568555,1723.5852490081552,1762.5309454300136,1803.1716156747764,1753.630509296745,1685.5728580602456,1572.8779411467556,1414.0419925510512,1228.0271448394763,1035.125230467014,878.160009564709,1026.7885543572545,1089.844941844866,1259.2697776203752,1447.4977200743306,1644.4785220056685,7.716601871555969,1966.2934869309818,2070.648227932858,2108.801970943774,2092.619890631358,2001.4404646097657,1867.359104341203,1705.7530997924177,1523.4910797978785,1354.259078759181,1123.7647986836982,969.3522653495246,857.9020008557794,886.7399505119715,929.9016338136771,1052.9927158166513,1197.9787950985067,1307.418039096976,1411.9701968423249,1511.3336902120773,1545.6191784551706,1542.5782183535068,1532.244878765809,1453.324690592835,1353.0427426349509,1231.8856346474001,1123.5652193687013,11.897871400521211,15.738969542509988,7.4991586552732565,11.975131730166467,0.0,0.0,0.0,128.0,4.133286878417958,27.369913685728132,12.73805674868712,1316.8747927545337,1227.0139715476646,1159.4989547966495,1039.9847379899031,910.605684824725,771.1801427754373,699.1888906941585,658.0558693480714,687.6495601614497,722.9479306901516,817.2543891578105,888.5935428550965,991.081477536164,1010.1354586493361,1035.0487166008957,1056.9653905589748,1028.0163180997008,973.7348260824073,901.4945112682408,802.9774186892663,712.7297116743292,635.2417386944993,570.5953775560939,512.9738069995587,530.9183744656814,577.416029069325,12.138297814887528,716.746605764899,799.3574683478121,848.7186790097377,854.8627492497059,846.8031600973662,685.6364178111339,658.1199830264802,618.9586756507266,533.1043097665349,456.5078804210412,394.1828918093597,300.9215126747401,242.14157852493943,228.78622087534794,265.54653618152673,338.9471117043328,417.3977598053506,470.62648068758506,523.0767403547611,582.5809022865657,574.8325114767752,575.0199184668384,586.0924269659671,537.5962970065382,504.1082777349153,412.46355427696903,21.34182782962602,16.354103755430287,20.868932867474392,25.457538161845722,15.908243975575177,20.207664389842076,26.57046254183873,13.864495108826958,11.540589312201922,26.647509830501058,13.965513366079588,468.19716804087005,487.18873845216535,523.9076377609412,515.7643206543487,521.0855914137621,494.79479445388455,462.21133664741353,398.72110713151267,371.19896252242904,318.89571739790364,315.4215174330557,287.6295804551557,305.45382215687255,361.2778198995353,375.54211916310487,404.04105510890577,430.4323147364364,465.2784872001338,427.0810432258995,426.9988247388716,426.1231176575527,398.9878867890115,327.55707882032186,308.39948233501764,298.8680741639064,277.28291726591624,9.590494148630327,286.2295172446989,300.8421765230451,322.76795125947655,339.28983890890794,327.8199317099375,346.1563578262581,315.0420838808142,306.0043778882201,280.03577485693637,263.46997761956465,213.72463851373766,181.459199683113,156.6825566799681,144.6445917227566,137.0721361555584,163.50844764241882,202.46602721082505,207.1221036576433,243.84682329204043,263.2646800096077,281.02620587989884,300.18413137173764,280.053706105532,292.41368164281766,253.89923295836576,232.9956176219618,0.0,0.0,0.0,0.0,0.0
2025-06-01 18:44:22.448,0,0.0,0.0,0.0,0.0,0.0,0.0,134.5267568933369,69.78133978832702,75.98425074449298,181.18377828176398,261.2287124322198,351.8938218250713,438.31455332183305,512.1698504003681,558.9575504392466,598.4692814649785,622.9639794341695,637.3804606356615,611.4430052315224,573.6227389815167,518.3195594690054,438.822654233434,344.34077368116033,243.50599152032152,169.21335400559465,137.33547411235966,218.67669957402634,329.58359634127044,426.4846462347629,541.7607208761306,637.8381362478168,713.8365159162468,6.8074703645662815,790.7268441682489,789.8952956420726,773.6091803295377,726.1471327809204,661.514997267078,589.1753361701741,487.91385248375667,417.5936106935774,329.7535142542287,327.96679591613827,380.4015068275597,508.067642411608,606.6346597310975,737.4300594024003,872.2346658666228,945.2302625952527,1071.1793854935534,1038.228353261686,1008.1900535864277,1011.1452647672039,937.4049315828144,807.662840768705,733.2742064095415,641.5660449332398,577.3276079094773,567.400931526934,7.800021125990398,8.42322533117498,1.159125992505733,10.896759047177904,9.88832798075519,5.607346389170259,15.422961526280293,12.369991948169003,9.166133020802548,12.308075707621267,16.339993357672725,862.7817242320648,737.7671496636533,620.520822405043,519.8270641197961,442.4433948735688,417.7527328817677,522.222247398001,635.9753092381254,792.5721340121075,941.8774916469353,1054.7538111149468,1174.6506736557083,1236.061746496236,1287.4454820437802,1281.8028776140013,1282.8589894011302,1192.5056334184055,1103.830345825856,990.5712832697576,844.9275602290772,737.5870666145657,801.0069970654353,752.9766130481571,793.5332071632477,898.6647925499675,1058.3476215594326,13.993064536845903,1318.4851025676846,1419.3852512338792,1461.7196258959086,1497.580788568458,1462.8634732580442,1403.0777357254724,1327.1086631232708,1207.875105365095,1082.8553226874383,936.6845513651446,811.0520360730443,699.8304127295036,650.4888085318015,660.7354078164361,692.4191296856134,760.3153934088118,878.5246393793931,967.040010950339,1025.1498406106818,1098.9202862490686,1095.2639891904241,1115.1950262646662,1099.8750614317348,1042.4587988269557,1004.3364326893034,926.4578319993677,16.879516773716812,6.793303515821226,10.590367710084829,5.595243145164048,0.0,0.0,0.0,128.0,9.385197239065434,12.25598169697275,10.151951801609073,975.5690937800028,924.8111348300786,885.7981771213931,814.0675879810285,740.4147683871416,645.7903683421795,623.8519060139688,604.3017592687938,596.4778589038347,630.3998075557859,674.7694266812921,707.9822064594882,739.3393487838318,782.4236441771575,805.5285438844877,797.551271781209,774.9965712141321,753.6660247958847,686.2056647311779,631.2641084870822,580.9151723739133,534.2848922477114,497.2675352296038,490.9007642315405,498.73473681867677,538.8513179536466,21.480171514447782,627.380881591883,661.3558146967601,666.3673332060225,704.9143668629463,670.8979814532848,522.6077415788858,480.3829391753328,452.7634279048668,401.89449365068674,334.85295086621574,296.986815288134,241.38402417568193,234.5259141297611,266.45102323253013,299.70490438362964,336.05036114150056,388.10655396663094,427.05892183704316,443.7960780238558,479.364563479768,444.5473405659746,431.713861683026,413.7315812293544,366.6420097690136,310.33903422943405,267.78172237443624,10.720739490372504,10.944958140927255,10.892478262809297,7.838295267409245,11.381074161088817,6.926454866210791,9.059846968855933,5.186086805879531,11.62179090436791,9.92057729695016,9.264682791734028,307.29935220199326,319.2660842457126,322.0992803708607,319.4333590652491,284.08267083984504,280.18334450730526,249.49793362149967,219.35626101597992,191.63570602288397,192.16786567673876,199.67143950727254,194.835735556001,256.8999787138449,282.7072991109101,292.9615941942786,305.6783394101642,307.0057398912385,288.3414439539665,286.29518083930776,274.0770484049967,244.27424307265943,239.66369985426402,206.96981152716953,197.37132540743602,204.79449193968097,202.53606244719882,4.4336871323828895,241.78332958014155,253.84665488406796,265.9865273947751,269.009036503019,265.2970003382896,246.3046857712688,233.1974388581678,214.49358267269065,184.57914736480058,149.31439343813878,128.27010837673683,98.87396273955174,90.57897936070255,91.60387448364155,120.5326659667696,133.50240067254134,177.14809732896586,195.24801849082758,202.07477425063288,223.65117369724368,233.4011446870274,235.69259648147866,217.10913746616734,205.31564087561526,183.23066114770288,149.91257495889286,0.0,0.0,0.0,0.0,0.0
2025-06-01 18:44:22.452,0,0.0,0.0,0.0,0.0,0.0,0.0,46.99718977736824,124.8903496288063,220.74855976124584,324.8856021530081,401.56545830667346,485.74962212242525,556.8902361590002,603.1620353279369,647.0899338951019,645.5872942874958,655.6233181800113,614.9464054952607,575.1287535968019,510.510819843777,427.17197807678974,335.35064457238343,219.48489658443796,132.1706464980511,148.13139414893516,238.72454369517715,358.05511788549956,498.8695833745854,571.6880592319142,665.0212212526584,731.7314235741036,794.1341885237774,12.253139984322258,808.8990221414133,786.1727302579362,742.5684275898209,663.8737663236252,578.5030551725575,479.52693489697634,378.25414585353343,293.0981136718273,301.20139620795044,358.853849644729,516.1999337812841,619.9769731053096,796.0798929234226,883.2355701438174,957.2279806961357,1059.171901272863,1076.493890313979,1065.8493779761534,1013.0026490273523,966.7563598992872,880.7864705533804,722.7530683357066,666.3595450417918,604.1241219622186,589.9846982961988,644.2798491169925,4.570721033467161,8.135433254155295,3.3778059261534796,10.696682998562313,5.839922716582823,14.674477319561774,2.608636610617073,7.228291043161736,23.475439945434232,10.445129068426914,8.316085147847428,784.7307960478868,656.3232990729063,520.3192170183413,435.82010272411696,399.43074013772025,428.5410689635988,580.7390285028162,729.7052768274251,887.0020851261836,1049.0562145398765,1147.5053597238184,1260.3975084802864,1328.8050142521633,1353.528431296491,1340.5447116375863,1293.6046385097745,1213.730435337678,1094.871144262038,951.6603977076326,800.9894393718807,694.5482931563745,752.6376779286669,736.80342994879,822.6859963211471,975.7513372933665,1139.383365261378,15.211361742346705,1418.298537687771,1504.4223075168734,1546.2084111352597,1544.9681364467087,1510.2957399366423,1433.8897179836035,1332.1982891827492,1204.0254490524064,1076.8257478548924,918.6026202778055,768.2524907886005,683.1713870339064,639.2887418759673,658.5648580366975,712.05759446649,809.3227671398377,918.9223793037719,1002.1234099286032,1073.408803813199,1131.6251105916292,1156.9636019610996,1146.793475401984,1120.9279831233198,1067.0092423624378,1014.4074119176363,932.5910509264094,6.7837604937849125,8.64692982810973,6.098763644352431,5.32754681494892,0.0,0.0,0.0,128.0,13.896942475696791,20.573188894299108,11.115303775193517,1035.1662611103568,989.2126526260091,942.6504973750018,884.7044295145668,793.8093718373161,679.2608704453137,639.4292501525786,602.4428023359783,609.8568523638531,653.0018495902825,690.3826743201519,743.415094353171,785.1909057084379,833.7546134059289,860.1458615589864,865.3457603808964,841.5533351065783,816.4234009943821,764.085030791309,690.3099263747258,647.3466911255772,567.4093809284873,517.0094076355728,512.5461741372557,521.4772693949983,545.5175694430143,3.45377844510715,641.6299026716312,696.3454476803286,727.5345201687809,723.0667718045697,722.0796018088562,569.4701932210764,512.9831147560033,512.5495146885748,439.3522562961159,370.4889516227632,321.5039593622258,251.141083401326,221.87877003830076,216.4374085174626,256.62561783069145,312.17170962738,379.11032669326556,417.8780405917883,437.372047408546,482.89394808374436,499.7183782076814,479.4288221473491,445.21226770202423,420.47233854682617,379.1768685654963,348.0899242273368,19.254676840462775,14.270878957328737,8.19849592292176,11.752631784679615,3.3883228902696962,6.275057314753777,14.319042966646174,4.3083982290802325,4.452382824390146,6.196266246754797,12.86375230546248,323.9894147604521,340.7506265611948,364.18266604798697,356.6183603104287,355.8902257989814,314.84885171589855,297.44049525547877,283.21008517306046,263.09856396509,228.75376862256272,204.64358005225105,224.76692375113973,231.8530600908517,250.9248660390311,309.16235943579676,312.2138043120828,329.73897946797325,321.35368848314533,326.1914897339985,307.1482078030569,316.3498906468185,289.2737070891765,241.33867786123156,227.07078051857545,219.100851544503,209.39483395187162,11.895153658282139,218.89088025528204,242.47153643154212,249.47787624484064,269.57679074411993,280.6084103996095,287.52463383247544,262.59677132916585,265.6529351803255,237.4169745892912,207.57703906494962,169.22416166730227,147.41658372927128,114.56748550815226,98.79643684956758,113.39865581069066,124.70863168727715,143.74173217407304,175.9919090743873,198.1054598423735,215.91435487590408,236.63156665897117,249.08014780346932,242.72642437874921,231.30433544341085,227.87526546557157,195.55826310820697,0.0,0.0,0.0,0.0,0.0
2025-06-01 18:44:22.455,0,0.0,0.0,0.0,0.0,0.0,0.0,54.64273483265872,154.0618893092604,252.0720856820265,356.7947458175,439.28555410210873,519.402661479806,583.9655807124052,626.6927354574045,667.6934603808284,670.9858907785119,667.8923900315681,617.8517714893335,572.9599889558835,498.5229155202076,422.37558238513066,315.3796956996236,227.90091458710913,124.55860217674075,169.0416339007696,266.2241169461761,391.16807864610763,506.0227917296398,599.0183285139793,700.7884435619642,763.4573287179703,797.1092503440053,6.269063755789063,815.6825350563062,784.1395831245022,744.7946335696105,663.292412158668,576.3707689830286,465.33165360566755,368.5202828197922,311.8991719841742,321.7874399292542,382.6425059950621,503.41516127807546,655.4229241955495,757.8318729137704,903.5068223173334,974.906809879693,1074.1174344308763,1075.9801786575647,1063.1808191523617,1002.394540515757,923.7637229666315,845.7552778620113,738.9200487602193,658.4557155997961,592.1095812146864,567.4738339917175,641.9361438372244,10.918320491489935,11.002102235006966,9.694622881333622,12.975979915443414,15.50343459783273,11.299907683749067,8.32457478778867,8.740811714721897,20.38787383599626,12.396040616716844,16.421162248697136,761.015129349758,643.0592295386275,513.0701634775544,394.8584509848062,380.1033244978757,449.5434397071435,565.9510060236179,750.8577860204153,879.3063064421552,1027.4082301651335,1166.9517599219137,1259.7769426957088,1332.9878082172213,1354.5140696314465,1332.9509164116141,1303.231282551095,1205.5393267263669,1088.6194786376313,956.1068445582287,809.008189445802,684.110521523277,745.184546721702,749.8846947930111,855.8996811917744,1000.0289779992997,1171.804642314768,6.745673347976896,1436.9566004724318,1528.7033798294472,1573.3743334903565,1577.766121956213,1524.2492111344918,1458.6806604180108,1356.3290209592615,1205.3982284271165,1048.329688302947,904.7630346697398,778.3230065136781,666.9709954728143,644.2735635283663,668.1057248400336,734.9087418347963,840.633307193811,944.243025787202,1025.4899015746917,1107.9836886895973,1137.4808152812766,1138.336415962826,1153.9192032508438,1111.524843961274,1060.8803536976147,983.7243145828862,906.2511329939922,9.555170559596307,4.194629866930686,13.915832685985919,12.186925761173319,0.0,0.0,0.0,128.0,19.185810484075716,6.396875288606495,10.528383122387076,998.8246892447388,959.1203142166045,912.6107015709922,830.4907923361611,744.5860617920604,645.1867717908482,606.6420050044082,570.3887194366995,578.6837109596275,636.6855393465185,680.3668161117831,727.2337722278771,780.5210913458449,828.2619224954152,842.1519067159434,850.5525606926967,832.3387568618077,787.7693748862746,738.804583245893,663.2273093176848,600.0168858456535,517.4768812083713,468.81399835652206,449.20051222751846,469.74282271770176,491.60850100762576,5.493088263634129,603.4577753071585,671.6188647536015,710.3849756398613,724.4220504544601,721.6383038932526,570.4433886136721,529.2155774302216,505.29161612711056,444.0176096986445,368.8398765989734,313.2565591370518,232.76113213500997,196.86407508589608,188.8076101291371,219.6823678617714,290.16001430139596,342.4909371015871,383.3552383905676,438.9056512119694,467.7978840195777,477.1239841302674,480.143252460561,477.21392434065933,447.5731330794364,404.9134706443539,355.57869370495104,10.919573624975271,6.469512349885547,4.404073017626938,9.852879644823023,3.1474932336331154,11.423613899731075,6.4031242374328485,14.9048969759367,10.718730767324047,7.064221180210569,7.738466230977949,338.79554294130486,364.36788308458125,392.26520698272634,378.32237102130347,382.59785306598957,350.1790151536966,316.53372322446154,304.2766346422267,271.3126823103602,249.55423512595695,233.58428022166123,193.79963792816886,219.34922246402851,248.76921643163695,329.36780525629354,292.802846386191,312.67906981234074,342.08317181773094,344.540137047816,331.4361273138687,320.8448773462756,299.8411735350435,251.7645425526106,235.81280240104277,218.03558425048004,199.07253896216875,6.353371702937684,215.25308988580704,235.17712282058335,241.03786967266785,271.1713160699587,275.50685124168456,270.05192281230995,264.60771226417427,254.8555181664648,226.7656818365509,210.45712520500607,178.2100812747388,159.70355498376009,121.90317379933795,103.6576995930536,109.76042615328097,115.83399849809061,140.838535525383,159.1750365308707,183.11373347723008,201.14925904473986,221.2449966949844,233.14256566501066,233.9196808240906,220.16526600036747,206.243812354973,174.94146285194253,0.0,0.0,0.0,0.0,0.0
2025-06-01 18:44:22.459,0,0.0,0.0,0.0,0.0,0.0,0.0,56.03398141796667,155.91539391931536,258.23141576420386,354.24910256852485,446.20084282909363,511.77354602068255,579.6514880302262,615.2622868443584,649.1017185334755,667.0758974658632,649.054638073316,615.5326616062002,564.1718663729205,487.49374731343613,411.17868944653037,313.807791774614,202.30754596349874,120.6405519532499,168.4399818211503,268.3210159539863,387.04453651869807,510.05644885797676,612.1005624952456,697.4037612723134,766.51682616832,807.6765147349457,7.0710678118654755,819.8388418592199,783.1483234149988,734.8755418412817,648.2690828704867,559.7466387891433,470.270814232864,363.1512932844635,301.9476789401447,285.94166577121706,366.52269715306323,512.9236092092606,644.4844349102166,803.0099257351618,919.9976296510766,977.0756575489356,1047.8506967246612,1087.774758285258,1072.4656417484323,1058.3158938076754,928.1872748708087,845.9589548228379,786.6364310059269,646.1799610228762,579.0750638197769,563.5866673827161,626.1984025792547,7.516792577391504,4.449076357818038,9.546350117180081,10.087786441413598,9.86674078928259,18.651684101396743,10.297744859244077,11.894712377755834,5.95908620895027,10.322083447753153,21.22419850134211,796.2216086461023,653.6862562004102,545.495712447674,433.8967319934529,408.93006543398155,456.46318561290224,591.2116392309449,759.0083643292734,914.8917740407882,1048.7061932563274,1192.9439105238364,1285.3151883042729,1354.354136868121,1379.5694940270494,1354.616921422148,1322.3033208624786,1244.9892367518908,1114.8913007246374,966.9697666693477,839.1004107505748,710.855407847522,793.0676519208795,790.5193781223813,882.9788049078586,1024.8651963040904,1197.3048186740298,5.899972314090393,1445.684321631279,1540.7866513064773,1591.3375020611008,1618.1088812666546,1539.5677196183226,1488.1210654071535,1348.2643347677154,1236.6172460456928,1089.3522671150467,943.3220899506402,812.9248303193289,692.7390550129744,664.5710820366528,694.8055560815931,765.6103642158726,865.8441318383533,969.1820950395972,1051.9077854374218,1128.6196055990295,1176.1763282728011,1195.461189310423,1177.5993387983513,1154.215406252265,1089.1494748261744,1008.6222929206675,940.1322070944013,9.215403624944784,4.707085318407238,19.82428030832819,10.22206079387846,0.0,0.0,0.0,128.0,8.083010454143848,6.33514790126392,7.903332577550136,1042.6427365797765,978.0333084408697,930.4502046731271,840.3344233726713,768.8077523742735,662.8082348523843,629.3854439411746,596.7968750024005,590.7605363915602,607.6704287285214,667.0933198028052,723.4137359286246,757.6015012879988,807.226073226949,828.4984710453848,847.3006737639703,828.0589799058454,783.1870882210584,732.465697865838,674.2269041230402,610.0973310526197,523.8974695550285,494.20344310154775,455.05842416644253,460.14662866686893,500.37793906553406,7.831227026121304,593.1840268600328,668.5061758773064,707.2218074182214,751.0507691707504,734.2404970961941,598.3656960155012,531.5600892554874,514.6074539980756,475.25344441543626,403.1289191249682,356.0583017866305,277.8681688912488,225.94988284495693,200.85749712651617,248.34281633254844,296.2068574382789,362.80499131242817,423.90710251332865,471.2195687084722,498.3403748992793,505.45922042278687,508.69348938925543,519.6738532181122,483.46861352728354,434.80538325615464,393.43428059684464,10.485359623742156,11.818871791495798,7.135117515627027,10.761225453124078,7.101650111200961,7.575339506816757,9.013863027683184,7.280633440197857,18.105774979244348,13.723746749908393,15.030829454047236,400.78504366100435,406.84390193859866,433.7387641424443,437.5123070433513,406.7660712392544,359.1770897381742,340.61582587404433,330.4693696220269,257.1894685704135,237.73089954377036,209.36608841368738,198.01213044467528,220.77443757580585,280.9911780861008,315.0789817251755,319.81677597714804,332.2406696162002,341.62098736370405,343.0515640784647,343.2919303275442,314.67294937469455,293.17190454397763,265.90555122349616,247.1404302765087,211.25854758061908,192.20205744699598,7.211993215303552,204.40174539554783,237.8139725691252,247.54717361883536,259.3560081942925,269.5483773485669,272.1945757772065,253.0592212825244,247.16694517690604,236.49768369288282,206.8110688277422,175.3615046516716,150.78258341644573,117.25140326225501,102.38048216215917,98.96591944634798,102.90080575366342,138.20554123519463,147.12717307522217,163.59792253229097,196.19539856599178,210.2794226774733,213.15550230190962,219.43375945294622,211.53100821074983,191.72919401738298,172.05283114135105,0.0,0.0,0.0,0.0,0.0
2025-06-01 18:44:22.470,0,0.0,0.0,0.0,0.0,0.0,0.0,83.37616621016892,132.95923668045955,241.9196535475924,334.7476996683755,430.18351637422666,507.0513808193807,572.2654382605632,624.0791170273483,666.6619518344573,686.0088839053399,672.9127638054745,652.9860479222572,606.0799514451106,533.6632422845992,453.1921063172939,349.94261363467797,250.63613010719712,183.5949300781451,192.65059602584995,274.6628433731837,405.5407233874456,515.6086436684674,618.9922645800202,706.1930743468179,783.365469836405,817.2098184077603,10.34269540566023,840.2050554203746,823.6254321532458,767.9970326122044,683.5001798237521,588.4858983121744,520.5357512367075,404.2552247954845,349.03439655492997,316.3977542438754,387.3728192711531,569.85718353856,679.4936385773572,821.8699850158662,901.503247697022,1005.8246110372795,1071.8567827867437,1096.6415174775332,1074.62773047997,1066.2391718473875,973.0493172122135,875.7265814641509,776.3263090916956,701.1810654618625,640.1778786894232,630.1162269727412,667.459300195529,15.087947874387622,12.204308526640562,4.313782394413742,7.602927739693856,21.354506446565896,18.269109472590387,21.982403334408463,11.323461695966646,10.866761059337055,11.896071350654651,18.63344658558912,819.2692081478557,693.8839680568569,585.2080780513425,479.72880147905727,454.6567426115932,498.29632383749134,622.5364296011962,782.6859316217231,910.150733326912,1070.1771481824512,1193.7790359470034,1289.993103079493,1342.6161522087577,1371.2809313734401,1349.843805769696,1315.2018248114791,1220.0426149928323,1121.1986642277611,972.6525540944306,839.7082316133705,733.2191145478251,825.3745335281802,849.1344513075844,916.8265135521772,1049.1669843714167,1214.0111295596719,15.464768586033573,1469.9850347439342,1576.5392699454037,1599.777626217377,1621.869120240858,1553.5152708210098,1502.0546870772812,1357.0462379711344,1255.4132150427781,1121.4850899748044,969.0873574552301,845.6855803633779,729.8910187349098,709.1280138646435,719.5381402192934,818.9398330430271,901.6904532402837,1002.9569052836382,1087.3471840272775,1174.6755705585463,1208.7256666892706,1218.4905037801263,1211.0965543232182,1169.9520288557233,1113.704198138121,1026.211144921478,946.6729275756971,4.173532149253835,15.682155327795883,4.751909083546096,7.184357697335752,0.0,0.0,0.0,128.0,11.437914065702667,6.567541420437593,4.670543547475857,1054.9700836862312,997.7677400466603,944.1911151227424,860.6183314605528,797.515966072073,674.0945150914962,643.1106867896876,592.3554472662144,599.93006173411,612.056480943258,681.1002753577114,731.9983425746193,779.8355967496561,822.9412384888155,836.6193175927465,859.0360564436378,834.853862591641,808.0255775097534,751.1316079465912,679.6869142408425,619.1722376246761,531.5603917658367,498.36267195229215,460.8512865481026,467.15511323131466,495.5975466861216,9.806785653808962,615.5280978010007,660.3968125016826,696.7683985353713,738.0216358041431,732.3467110386918,587.1842799972138,530.42717858364,531.7461666180383,476.32020454584966,407.60794111598887,351.2789433946086,283.9814625127453,230.65370959875966,212.21605562160028,237.5579602060841,294.90686575013933,364.0053832572995,421.9635852125872,468.4816731954743,500.2808448188313,519.5077480713383,523.9537552434791,525.6326090150397,475.45619166034834,434.72405541990435,399.2107383240688,8.327329786861746,12.281470881060418,14.21843651321914,14.457829198171297,7.542029744017798,15.79894128058292,17.490706811918763,6.337148720277273,16.598900264715137,12.226467962486396,13.99053996083171,395.5509937475999,432.99740477037517,459.45772531101215,445.9379540933576,415.26338692619373,386.1984610578819,364.8974218366816,315.4460777316651,293.43143706032265,231.24260418474663,205.58783838417045,209.8320995637782,237.64398413601896,293.1063524091621,316.32931094187535,318.35396649690387,305.13625984465017,361.4783951200153,363.9512979847933,343.7728399094738,329.7589584331723,310.68939452392544,268.3209995200555,240.69035378307603,222.231323647635,210.39166011393212,4.45671479653406,207.82124185098704,234.0434602940693,258.58486742707504,246.46265272358679,265.2599639080985,272.8338866322867,251.79956504577638,248.1925062080495,226.42120693344583,209.6795631230023,180.15926092885272,152.79392065363214,127.65475368062235,113.13813820530953,110.88886446302332,111.45871158202014,153.06313803973003,167.57336579529752,185.96905978660243,216.5272272705219,216.5900016719517,230.25691524326555,229.31974128376078,219.14811530431098,202.51271949244435,176.1102833783787,0.0,0.0,0.0,0.0,0.0
2025-06-01 18:44:22.497,0,0.0,0.0,0.0,0.0,0.0,0.0,95.07533880959092,68.48186184489242,159.42591549861737,260.25373212503445,366.3188203489155,456.4436985482285,538.868815870323,598.1478519462688,659.547060874024,680.4607164267767,702.7705474522272,693.6415098713256,663.4781910199627,609.4579865169219,532.7980690009032,434.0233790472162,336.19836462868835,228.59488198665431,147.35688908320756,185.73519084675848,307.3034954209185,432.9297888018786,546.7001461987535,671.8803396464624,768.7918965866675,827.1034348326282,15.009506332599566,878.3750210520292,880.1743861492431,846.6868530178289,772.4689661905416,672.8690803041076,577.7252870839457,464.36838796258814,368.30140507000397,316.10917602825384,345.0325125841465,484.40722083555374,599.9444440194055,718.2424966773538,852.1664801870756,948.9540185238699,1068.1618775746738,1114.0833176292824,1097.284623910775,1113.78461074244,1045.919830773355,951.5015303794503,852.7524039095083,735.8850049262713,682.2374496930402,628.9451884534404,625.6707185323475,19.570816853026894,14.942641871743819,4.367733867275495,10.957149515279113,13.880298555800742,19.52363141002384,7.34677811602269,10.952171526350881,7.464799044088319,16.44262852566083,11.632604115249187,876.9718090077247,744.1926657850963,622.778690630171,516.3688924097298,480.4598159398378,493.14155826517697,604.5215130189732,760.3700086456935,910.2371911067659,1059.335335808844,1182.483230652261,1279.6626527208596,1344.195734974081,1388.8630620119036,1365.2668504325793,1343.2232149316749,1248.0461138672422,1134.021772940362,1025.1227661290184,893.3161487935517,789.7436610025559,872.7925950389536,872.2657037265016,956.8408773682245,1118.8328557995535,1282.1005144660628,14.784816157500165,1530.897272419834,1615.5758856103535,1661.7775317730766,1676.4683005965826,1617.7025815901918,1536.4498615059358,1403.8613953885213,1284.2793230956738,1135.9223446541869,971.9648767725632,855.4998517730824,765.647074605078,756.4283151204921,791.6477285765318,884.9950340989883,966.2777686291398,1085.4449120330096,1147.7276162304777,1209.981274049724,1231.875502573598,1216.0655092621264,1231.1150924263497,1171.5228718511082,1126.463103966386,1030.7859477460368,926.8241568768951,7.919332271548574,25.06381218150768,13.413866377977088,9.721571261794299,0.0,0.0,0.0,128.0,8.917228128169457,11.950074483306143,9.838980410208336,1029.2301851194118,972.3918852632681,918.3787120658698,844.506069151173,770.895480695588,629.0257334188505,610.170662037373,581.8695598809707,604.6253218870127,667.8709738946608,722.3979574596358,765.7092797280259,823.3877712152582,850.0408384921947,866.3852667567306,847.8917650147454,815.9657901436643,783.8775673300178,728.7421494593541,653.4236182429677,585.2244377771706,517.9920245049543,452.15232091774493,474.1299369190906,515.0004588620491,549.0657444203068,15.27457000179553,691.6441650753857,723.319655010865,775.7186692386291,774.380694321598,772.8768194447059,601.2085790834519,555.9203276369549,521.3361857983364,446.1584758100399,390.1136543679298,304.7311684464575,246.70194998861103,209.78623588548024,202.98492800933948,257.76002024494403,343.1218980696097,419.6444439949993,469.54861029202294,527.9277808858546,538.0366078366376,552.5072279095398,561.98211583612,542.8183037427873,508.1311046607575,446.03907046665665,384.25395731765195,15.680755058747499,16.558495683589797,12.98959541175383,7.0126468499766235,8.731912770947437,5.938655845806472,12.422896213389002,9.663797868007755,16.290155644603495,21.661187991009367,10.16330555272215,449.39277227132317,477.32773528862344,477.90354969482524,465.96705514435513,441.40178045064266,394.9542276514301,374.90721689326523,331.80807390098255,283.2038514976327,223.4372542493273,199.97327672922427,234.29520409265507,271.9925298238451,328.60707022510053,346.6246038956999,365.8393573470314,382.86256392429294,390.9701477329332,406.0129127334015,373.6586824690064,352.0368596192059,317.8097331116466,291.2686774458503,257.0093020821683,224.73846513434324,221.17714429618152,11.511066820169802,242.36125533424268,260.91034408684624,272.78543947828,281.223300466988,289.99331198665567,291.4350698243801,277.9442404461546,269.54937226710047,237.4020330804912,229.3118173603549,181.4231182262997,165.6259184873232,139.7080840488019,129.581542570095,135.55098758273155,158.0557075190728,173.98004036733315,208.7165256028593,228.83745957919464,243.07735050989115,248.95019522440074,251.25850256412104,238.11412338619525,244.03824582511865,215.02554507331305,183.88727565628758,0.0,0.0,0.0,0.0,0.0
2025-06-01 18:44:22.506,0,0.0,0.0,0.0,0.0,0.0,0.0,102.68639712377541,54.62797188796359,141.37976986607467,247.56576373126276,348.7920269148134,442.73755287477985,532.6628729664308,589.4266897217694,659.0084144669565,676.8723007367561,709.0619586910544,688.1551867281013,654.0788065639898,613.1959609607043,546.7897300409613,439.6056253419396,332.7828535016113,217.49259594987083,149.52523991246878,194.4870193839546,306.5344875322186,433.5343290245614,556.8093538434864,673.5414188597103,765.0814646813654,835.4554239972268,2.3561942534350293,881.3971306646386,866.90822027944,848.2126392401375,749.3044526233234,676.3707185846059,577.5213385466722,458.7625481155475,360.22952288292663,311.8266212535071,342.0181086843237,458.10155988522826,593.9804924034864,724.4947638799525,869.9510164562344,951.3755017461767,1068.1245224370964,1097.689802311698,1110.1416389564054,1071.9085567025102,1040.0821354323696,939.3135787547225,823.3715539417765,702.7712299844677,647.233817971774,613.6197254493537,603.3620051818677,8.948321766014956,19.746231863990065,11.480941817521995,5.443763878339453,11.407284396139206,11.088411896291785,10.44934624034634,16.42127077606947,10.749025882552477,7.529963621827246,15.953086112730729,862.2135298872364,730.6323897148914,603.2144888461557,520.1256721031572,451.78404864634507,488.2926466959564,589.6679860686376,734.9434430139412,888.9009940550102,1016.3887281108941,1175.690545050444,1250.7442943232186,1322.339533706125,1362.084345046995,1372.1908409529567,1314.8133073272709,1240.3419306067285,1127.752794060385,1024.9552642276155,870.1933743840865,767.7072739086597,864.5365707230121,854.5010599119387,951.957884671166,1086.4868789358197,1249.7323744143616,17.24563517476217,1517.5277052059052,1580.3372563995752,1642.3202497137197,1631.5553780729333,1609.9572682521768,1516.7013637699292,1381.1406603228565,1279.66602120427,1117.5210963741174,966.0106239698681,848.0048036015975,758.5495637150307,728.0611140678841,783.2472640965962,857.1211240970136,931.3995959249644,1046.74257210102,1129.262221945533,1174.6803672630338,1206.3114841125666,1228.9900613306606,1211.3443549350873,1148.7780094537104,1104.085831467486,1027.07678845392,941.0747151391386,7.376399884237957,12.816705566593646,14.206922956279781,8.11825181357801,0.0,0.0,0.0,128.0,4.634742350470971,11.154163431175558,8.951998704190352,984.2437152203602,939.3020517433172,890.3114228016865,827.1391973110482,741.6473792626532,644.4380558966533,614.4008779835744,589.2648417063916,611.6056048406944,668.6313736744656,716.1246949561439,770.4802153840691,807.0855835424492,847.181372278484,874.5903288739203,862.7153706903987,838.90339354997,794.3839675116076,747.4835288603049,698.3216308526025,619.9583693932999,551.4366020011322,474.9175915725428,502.80171639381877,531.448903122489,567.48761967926,16.185088726863896,683.5788238401185,726.3250803786304,779.0371742395226,775.2821798820079,768.0688854575172,612.1357328284801,552.4461233842105,532.2154840164163,452.282307081358,400.2609016862266,323.47617461385977,262.47462927631733,234.14158357023575,255.0865355307913,294.0621841509277,354.972861926091,425.502697864678,470.31626267181144,500.5119794716964,535.076133545352,547.9438934663317,541.1594033737857,502.1542755556288,465.82239606829364,426.8245641484417,361.9331736804247,9.570808257547288,9.928485912493967,9.000165288415172,5.3885057471263735,8.785416869463575,8.42639257279032,6.998466965816483,10.580450884998124,17.70755281868118,10.547995284030309,12.117800416464831,417.4598767922452,431.3717636647525,459.77162871680366,444.9365340817202,419.4695146997009,390.47646615444756,352.6519488840404,310.60484977560475,262.31854848784894,245.9805342389858,233.21842273045704,225.83215745634573,255.2379113830069,299.8714106140992,336.6978069571903,341.43969086842844,378.0436278917521,390.5094323684362,382.0197977683854,371.6070795258952,357.330429003119,312.7216924252647,286.77854565403663,252.841369176483,230.44366837211092,227.65757090919692,8.867044551569599,247.4999380794748,254.15254716367988,271.37408852774564,283.38023568152744,292.53695473422874,285.97441705184224,270.9694486182989,266.5641861414657,244.76463911892162,217.02717349142833,177.70470041962253,163.14508373540295,140.76004919255246,136.99890496952702,144.6305650194442,163.19964087427297,174.12593032883422,214.8349385050795,235.4163055985641,245.672387666788,260.2906899582967,255.1158512348723,259.935646286092,244.2070934962578,217.13577516918178,194.58802894441902,0.0,0.0,0.0,0.0,0.0
2025-06-01 18:44:22.518,0,0.0,0.0,0.0,0.0,0.0,0.0,83.43534928560656,76.1268022333991,170.9707507950291,276.4014621407037,369.62032080225856,468.4472427608721,539.8650456535469,601.3543503487608,651.2902672166456,676.8919231922844,678.1687432370948,662.7085710384384,628.1854618358968,578.0085033917836,490.4201154460469,385.67536172172044,285.1618943478304,172.4471058848148,151.66513345150182,211.13153093946926,338.7779293463748,459.02461641087933,580.0264310593894,679.0567400759169,760.9301872476333,829.7553224468444,5.747513124072423,870.9425250504268,842.8236353337535,809.4069584611657,719.4981568519814,631.0076980880266,538.1392950028358,420.7069435651302,339.04320040987545,281.17437777965387,337.77964976417525,459.768962409428,624.3913399536433,734.8798144973006,902.657341657162,983.536852096001,1062.7831380736698,1095.7195763540371,1097.0904090003207,1066.393538931589,1011.196104948473,919.1832960923782,803.4228228245653,669.5650797560714,612.408426216044,572.2815767160246,593.895244391668,9.490610382154017,17.573282607223774,15.854790779006084,12.883145935495518,13.487224162810664,7.786640202854622,12.605493017774453,6.464063640717954,10.86468340782242,7.896415897338336,18.26451927426493,825.8901712962463,698.796549050288,573.0121138228852,456.879366413368,419.4789257770511,451.2743752789653,571.4119967474822,715.6837005268438,857.3996427039981,998.2948047923973,1143.3959164263865,1224.7699901721883,1282.7915748422633,1326.4665889134615,1315.7882164515015,1285.8920692760098,1208.8141451508156,1116.5607907282829,985.1959053696673,836.5289268549789,722.4082122488442,821.2213376104985,802.2492961760186,899.5690913004041,1036.6025972746975,1191.4896728184806,14.897080337935098,1453.0779871163195,1545.6162904647706,1595.1208133828975,1603.2199146966889,1564.1049711058283,1491.81138763356,1369.7608604221327,1246.6595218767654,1095.394461249095,958.377001968426,822.7012194509309,722.5476560704434,677.600581246423,705.1473584166823,787.8137085935584,863.0508658832468,964.7444733921236,1047.6290587813164,1115.5982275325225,1162.8354946341544,1173.1192254689238,1166.6122083021482,1127.3728021449006,1086.7479942417526,1006.2230643065134,937.0119993598986,8.205210559823117,15.312224553359805,11.634365768655222,8.54916317115509,0.0,0.0,0.0,128.0,4.378976588608588,8.825445037872884,13.446227778133691,953.6628290383696,922.0130812129364,884.6918851451555,829.6173887000058,752.8530861166013,671.6647357620205,655.840998121357,609.3593274086796,634.4528210453431,660.4609677531022,695.257304905622,742.7389229361078,776.7504828017404,804.4516054039279,813.1202262425625,835.3761168120145,789.6201367120472,763.8282281063534,717.6136723274348,668.1226810041741,634.8173589360897,568.3756250666909,505.8363276928187,525.2603244108832,539.8045447765186,572.2966094605467,8.89517363076913,674.8169504900853,715.5031226422471,740.6707008531488,743.8015006512666,746.6193202174269,595.1570343425392,530.8137976561144,509.0555558580877,417.2634517949737,384.66863050127586,314.15269496490043,266.92734551496875,245.292558807726,268.1555754285744,311.3593819558081,365.66606459337316,420.3295662905918,455.94601203169367,484.47700974841223,520.1510424323363,523.9239381439731,517.594045800162,481.10421926881827,447.32900335571503,391.78177826800334,338.2190098304452,19.165303311124653,9.308185253785357,4.5509380005431765,10.296551724137771,7.895411024508058,15.000625519285716,7.063921231789141,8.047036105398991,16.17398603355073,18.94000142565412,9.090566100848745,402.0380636021628,426.564939598872,445.635146128547,420.1761385221879,416.2457117771376,375.7082292366477,339.9554787969886,313.719796423453,247.73694094779518,229.4278275253419,221.4698256481584,227.8893827754855,260.0946965245354,302.50773365498,332.2444209177494,341.04977705635997,356.3127495816459,373.8221715394452,350.5870441668811,353.2192780126454,340.4156372166516,306.9989780646353,271.52991473757214,242.29233071026502,224.99591297088986,215.19932159720304,2.013793103448336,228.42870553336957,251.70984051740714,274.7458111378217,282.2097165462962,290.1275877975686,287.7027448531325,273.18313684849255,270.5202649073651,248.163904827271,210.24623975953526,182.24288686672202,158.4706375626056,135.3468466457891,126.28026497875898,129.29044522384083,139.56256627376249,160.742376024721,209.17832775062809,230.2167302004049,236.20709206269038,250.24814595341127,249.07350475017077,263.7843499454112,239.51822045532853,215.28934991585746,196.0306976067179,0.0,0.0,0.0,0.0,0.0
2025-06-01 18:44:22.526,0,0.0,0.0,0.0,0.0,0.0,0.0,70.96786779256983,137.95261359732325,246.35465378642618,350.8330150777008,439.0795586868972,532.9724544439086,599.5255877543896,640.5986964029843,676.7202239141758,681.4160879714037,673.6842083584048,650.6568972379642,597.7873443389389,533.7951755293466,440.26757388170444,327.91690670984315,230.71167338668846,136.4005768893135,171.51362748925075,281.4645427516937,403.5542834269477,529.3626342259462,635.7725760691147,731.9237035257025,801.3365308924889,847.9811314233667,9.123060745120105,872.0030209865537,826.9670793024794,773.0349044607699,673.9578579603815,570.5597836871558,486.82642020787887,361.82840974076635,300.5536631253132,306.45949106714426,388.1016314132674,517.5038646920411,678.9316927065212,773.2091642873529,943.6909435218973,993.8892996540183,1043.87950807352,1075.378623707627,1090.1356436804217,1042.6722047525216,944.0904080376873,852.5290769690472,751.5611887408344,623.4459599367555,571.8858377547947,571.5366846825207,627.8371557380293,21.034646943165104,25.978125011498026,14.431714120056256,17.451507661417683,11.813166079703695,11.726280706066998,9.108146554952967,10.088231315045567,10.833690860554132,6.913915125274606,10.436033966091378,776.5368457962288,649.9212181014474,520.3766677542184,418.0620503118347,400.5108678588565,467.1561334407544,584.1249804797512,737.7134338980429,881.3351345320029,1015.887832944214,1137.170563500923,1228.8436144846853,1286.8872209755511,1308.7023333809439,1301.6895841900389,1254.4530236589223,1177.2135967546915,1061.133498736096,945.1172335883521,800.9835624622716,693.4472394585556,790.1169671973586,789.473693742479,905.4294506954038,1045.7083075194066,1198.2553414462564,15.49102101460193,1459.031365505248,1544.7100910237295,1589.0429855147793,1579.4109756432676,1554.710167254874,1471.4542200514916,1359.1318929220963,1216.4072925476664,1075.9830308893866,940.0013182760508,792.1436968431752,691.1432575990011,651.9936504354321,676.6366514977965,745.5325415469027,854.1124948564582,939.6757665021178,1035.3590939849064,1090.4015771712861,1140.7945737419666,1157.5730183143805,1152.2497995808308,1110.1878890115502,1069.73532446692,989.1947769610933,915.4709645072455,6.099890523943995,11.18381894190297,13.793243931961062,9.609406009100095,0.0,0.0,0.0,128.0,6.794876152209435,10.829987834774354,7.473958708133423,917.9091905713293,893.0092676076524,853.2937140908572,819.0329825900554,727.4332872514251,666.9904433404032,641.3713255576067,588.0976944732464,593.603924070314,594.4100465443099,630.7195850327099,664.6411901125363,689.4110432188905,719.4871034514566,730.7814223531129,756.6958732319849,729.6165225629036,703.2917677996105,677.121625203956,622.2932145810419,598.8374254216943,538.8636413291678,501.8083770935555,490.5106996386325,497.40333325306557,511.60949752829356,9.860365119933624,594.1913386147196,630.7217320320377,656.5773349966735,667.7624673285268,688.2837708021207,529.0688451834009,503.0703712124138,466.39112530064995,407.6585185558654,363.8863658800332,302.43674442585814,264.74662402516515,235.47892131325298,241.69988130371667,268.4296875381423,312.20789844872223,361.3520925895832,404.1307024337701,438.2504727939502,476.51022023037086,471.2726938165651,477.68636003909864,451.3933038606446,430.0701274929198,369.4619882564905,311.8591624230472,15.282112738028669,3.139869246378921,7.888064843033797,8.516402677171769,8.56679968255437,8.47098645384943,5.960641597308756,5.727584061891969,16.865948538016905,17.76562965176422,6.703460930299882,369.09827186446216,396.80517602741844,399.866675328228,391.1667890169072,399.96998050331763,362.40694591696797,354.01551801206637,311.0135294458789,269.93418547392827,216.48618372433305,225.7558635188104,240.51452796278585,260.0149062686645,284.29038991545235,325.38110035370323,345.90185210847847,336.1419359679864,361.1383875850009,352.4577800123522,335.4304341944974,320.9571711381177,296.23458900801904,263.08960883303376,235.69125766578722,196.8268028658526,196.39682133774056,5.103448275862036,212.43415205850917,239.78380114507692,258.5959984588876,277.6161721357609,280.07477408243614,291.7124272847365,288.60597453406956,275.3213406503474,258.6696881305173,228.92214225407585,197.95301403070823,163.94084483466688,128.77335242896183,121.41719508516772,100.807183994441,120.18008768999724,142.9563448880543,194.1018673373216,210.33623001735174,233.60436942196557,249.33025162398343,260.34838900073095,275.0373507809153,260.95749659400616,238.47367724044005,222.52359469939174,0.0,0.0,0.0,0.0,0.0
2025-06-01 18:44:22.528,0,0.0,0.0,0.0,0.0,0.0,0.0,117.55393239949365,120.01472367636771,185.25912631920102,285.9099390236238,370.10000429272645,474.3772212965476,546.5821195783761,601.8835183283466,658.9957949254874,668.0415848168662,677.8931839601709,680.3322638670461,636.255062318272,583.8659432940475,508.2049894178142,407.7847852781882,314.831911520146,225.23188369921323,206.26375927800447,257.380271000237,355.68794678857756,481.59864283097903,583.2503127693392,694.7295600280321,772.0656343512017,828.7747177526603,7.660166064702437,869.9041771383636,844.5670431934261,796.0317999726421,720.4565878068062,632.216852888123,536.5461434870916,440.91930650867533,372.57692202575686,378.0028033866867,383.0800034152659,520.1596585651906,643.8331429354847,772.0949602224105,937.3506150548619,977.1500544707158,1024.3567956827978,1089.3436055731527,1105.0374051672989,1039.1128647661585,971.2739607652476,902.033999856948,800.2634689996003,701.13370742205,603.8561397684055,619.2784763815122,659.3363180513082,12.802074364316876,13.247425992235273,11.841128330704429,17.871683094548338,9.35907701067141,13.105938018020565,10.355908793645499,16.366183799794975,5.821538268218124,14.565025536503178,12.635326329728402,819.3979782869925,715.8982345651046,586.8451132407895,511.8254551803832,479.25943875890636,517.0259838959801,621.4315163276224,751.2583068778108,889.3151416988105,1003.8802241616725,1120.0717727691617,1218.701766398994,1281.884887786343,1298.9443557470745,1288.294035141708,1245.2230411479563,1163.6038468413067,1060.3255414907314,953.5397810329873,822.2557589306195,734.021465805178,855.7806625242904,858.095703015042,946.4476130047644,1073.5734273054331,1209.2152068184398,12.861398795391228,1440.7420345087057,1510.7771041511076,1543.523602070018,1539.1176933687361,1511.144870300651,1421.4917812875904,1309.5889056944893,1197.716091540501,1062.0296770722232,930.6727524282009,805.2221512906759,725.7027529319336,691.6444682886605,721.1710410863365,770.0206874039619,865.4540114352872,934.7015463190645,1027.0454868271504,1077.673509655241,1111.2259763213592,1112.1677103591337,1118.4425680018496,1080.6253446226256,1044.2679145290006,965.2659347075489,895.4833433952955,7.617336048072156,12.505822925800995,9.836123044486518,16.630883001830483,0.0,0.0,0.0,128.0,13.547230124765528,7.341734331429023,12.981979844832793,872.3605854378646,840.6043657291532,787.3289943088524,748.6092835176484,680.5545136776572,600.7086971396196,577.7795746727757,554.2888774101194,557.804808179466,578.3497182378227,602.9834281646467,638.856249768505,670.0995130247893,681.6166890806758,696.5314203348012,692.9541568505696,670.5410208391783,625.4796629223341,593.6949366029812,535.6426943932407,507.61765530824067,456.555733301346,439.368498057044,427.30244401493724,448.0592718630902,479.4852621251029,7.549607951261574,545.9987221275587,591.8183561603432,613.3279603876929,604.4663721681216,626.3711734541943,479.87963112407505,448.784061548796,419.0815596359377,363.7605664245983,324.5136101438272,257.3942980384128,233.00535364865868,204.7768741012641,225.54756024782037,249.86798827564942,295.7387205595495,354.97437681876494,392.78863696635284,418.76674026470624,448.60737656808556,443.4809622033174,451.74352251343896,426.87275917841276,405.9702327886713,347.39441460093883,292.19319039869447,11.73772416505149,6.737757019937944,8.707306259945122,14.505331182997864,11.207116935111895,14.176869744701163,9.668566342387269,12.280334651326244,5.98850574712651,10.773149063265704,5.653661857663759,383.690389776792,392.63339807919704,385.4623418575969,388.8257566756508,368.7573059779413,330.2528929605964,315.63477673403173,252.36587844905492,241.97097475511242,217.34847388182632,224.3110080875161,253.36504808958423,294.46191632323223,316.560879407646,359.65169600618896,358.426342662592,364.64686644459607,357.8743758767554,362.02036225661834,318.47252737585796,301.2355277462939,269.0560441863843,226.6148255262872,193.73943904178395,172.31713443067017,182.58340301779754,5.855855800532959,228.44927043736246,259.6605272345018,274.117802349793,305.8393600749707,295.27382922760125,303.70523011858444,289.292539383418,276.5313176082001,255.3573164752977,216.45982832626078,176.19449283215883,128.15091749296397,99.00576866643485,97.35925609768668,93.72413339279204,116.6230351222718,147.25452978702722,188.00912715410647,218.29948736019708,251.28813088469852,254.68983423848155,263.9222936113948,276.3096766934139,266.2480460001489,230.72748763188747,216.42282132887817,0.0,0.0,0.0,0.0,0.0
2025-06-01 18:44:22.533,0,0.0,0.0,0.0,0.0,0.0,0.0,172.740394434022,91.20628450451835,97.3461221118703,174.00866791456775,259.0533474677727,356.9998393040061,445.6605509311158,515.377193563076,584.2348534388643,623.6311475066286,648.7960694434117,663.1786755180414,651.237250376673,613.8361724751086,554.9805927517339,476.642204441111,380.02257031196933,280.9106833723915,193.6421282287948,170.1420026799421,244.7844328379071,351.4012063203807,464.18221744559423,579.4035092319946,662.499083411807,736.3100753838679,2.2377175571998666,812.5583401065686,819.4201941492083,801.5176091533118,744.8744109880495,677.1137660452989,588.6700372086898,492.92899146231997,403.86271263302683,360.90443989831664,320.1142377485016,433.449968467288,529.4004069428752,659.1078839347301,776.3426645246694,864.9748795019867,935.8735807420483,1000.3026589769308,1024.626492465375,987.8979034406774,965.9882979209497,912.4839155252982,825.5429365129769,718.3694913132955,613.1382820068657,569.4275851834412,583.0860384928201,8.113491631899073,9.448979165200662,10.761001579102796,6.284789280701079,9.437819278003987,11.931762161551605,5.042339378225878,16.098741600315247,7.451716690693004,20.987755125558486,9.054433212471492,837.0162431375023,746.4740860935171,622.145893649652,534.224227531564,477.64331724930975,468.48655428271417,554.9925130145775,659.9883187300848,797.6097103980994,915.1352217104672,1045.9763366600025,1139.38723248431,1201.9459157841522,1241.902709030799,1231.67991360171,1226.6052088463,1151.2525398698058,1060.060390226028,959.1376789788152,828.451918776108,750.4983727828367,854.3352637249208,824.870184527389,878.1474918182228,986.8006431235189,1123.0504244509495,13.286697369248575,1344.8539986521196,1424.2148455751458,1457.3925064214543,1487.4172533879996,1432.5332715057195,1368.0102961205018,1274.8667413098665,1166.0508414453104,1040.2453412689717,920.8300490546824,795.8947173092229,710.987960693184,689.8465190787957,697.7572765799006,743.1321018769247,814.3001223334769,890.177085251449,978.9549839138326,1027.5266423947162,1066.3585561618597,1064.6184849685098,1064.4148346497752,1031.5584458176993,999.8522506017491,926.8570347324422,854.8411815774122,13.263735285552308,14.123473725890635,5.399723057346781,9.715209654570014,0.0,0.0,0.0,128.0,11.219209328190441,15.149799278578099,4.270257132861836,839.8595086118642,795.8181941634828,741.9975355935832,691.7181523118873,650.0912829031224,563.9340653959005,550.0088627187662,538.248780626357,533.0386426772886,568.8765671680434,597.2273746982532,626.0908673493161,659.5131220766352,681.5847241009176,679.5386275313614,685.9634022048007,656.6118499028543,613.0608468715179,555.9207602472019,513.4670958409765,478.33659041115124,436.1972694005868,419.70354815550974,433.5880851830027,436.44632846272117,484.53707713819244,6.3252923662675125,570.8543937843478,591.9997180931064,611.5215627825964,615.0921290528893,614.959853824306,471.58420593473824,436.5108533426347,398.891322838269,344.915189289476,294.5308726063871,245.1794087738518,223.47395833711042,215.3801655069932,233.44819978073116,278.00016165500307,329.3659062411118,368.5064131193707,414.36349503803757,430.0841037863769,431.31669780316236,442.9970056377891,421.81638421576963,396.9312006467442,356.5390716216218,308.3356532170968,249.42621866275132,5.717241379310394,10.152627265632898,7.7790453691326755,11.93370475869449,11.776673858926161,9.739335797025056,8.232608497997832,11.528732834840381,13.756730561688663,6.206848256307251,4.845525708830771,351.4797615312671,352.365644962983,333.12225912044585,314.7852337737153,300.34576441209606,254.45503909007374,239.74714159097067,177.60303495971584,176.11627116159914,179.94217561582275,189.98396900739277,230.2854148786986,264.21846753309967,316.4855056367656,342.9453313125101,328.11104005163054,325.1804364838402,319.6312141620329,307.0229851375246,266.35919624322025,238.6191770297412,205.41635428363847,166.74353077698856,139.3327437898477,150.0992573692291,166.59931562428946,8.315709242149364,229.10322428753682,253.81756305636156,276.06922152450977,294.313762765243,290.8276575239783,279.4170404560838,260.11703851492257,235.24336004255903,202.50989112046187,162.86216405087748,127.93526273955221,80.1765228604546,52.420902604099055,64.93962242152875,88.8630782223174,126.94622545389815,167.50551955429023,191.18443690687238,209.78455106746105,240.82458893033694,241.96165886438678,249.0326432866004,249.0909092301039,235.89185027052662,202.3384420094554,173.22513312883285,0.0,0.0,0.0,0.0,0.0
2025-06-01 18:44:22.536,0,0.0,0.0,0.0,0.0,0.0,0.0,127.13822066847845,114.78959195872044,151.07415042520634,235.9860976827693,320.4883132012695,395.4579178047414,469.14971387791815,521.7360880029496,575.6229962212649,598.6484737780823,609.3144488243908,607.1052756264011,579.7966109279446,528.1485247221859,466.711921177425,381.56004801665546,295.95617131284973,216.35110157292203,192.00154490553115,215.2076135956438,303.8484230233089,405.23753583871996,499.2086815314293,595.6070254883925,670.4108734488558,722.8526927462739,3.287356321839127,757.6407511777629,754.0151622504037,723.1352124598247,649.1789740187282,592.9404476280876,497.1589555691193,413.5378442273035,348.4106404747694,335.3811781558255,348.62067493289607,469.6338027924577,563.9147459066021,662.7822318507746,762.4486703640259,835.0961059693108,910.1194083112171,957.719875620879,948.0636352703101,918.5812835628919,870.6491196393772,803.8472445526296,714.2682057645881,611.2471714187004,567.5581948185651,522.6943369536938,568.3721994867692,16.483499891917152,15.873680437636182,5.858366188302132,3.595678620654339,5.303763954101477,15.003643521929433,5.433857545476126,10.002954617252323,7.011709425785261,12.408695148055344,3.735580523040108,739.7688432391196,646.2041383217696,536.7938965089888,467.1762041681146,423.95397709993205,438.5094581319283,532.3708550506158,647.7554371836753,764.7277981877618,889.5806083302468,997.2296785752313,1073.9489951930987,1120.5344595111121,1152.0800582711784,1144.989038028434,1136.9693631349985,1064.3448455574603,972.3641928772225,875.133163963327,744.6173672482317,683.5095300288235,769.1520217208264,756.5926605242429,823.3688391312289,931.0149268424543,1061.763984000916,10.605468262075007,1274.0245609656215,1350.4573285547945,1395.6206140364648,1405.4552937036385,1360.7339786975488,1301.4734057850148,1226.1977433998927,1108.5073405013115,1002.7781665790492,883.6714212754811,763.9106556217298,680.2283707837308,662.9090301340696,673.5685311253707,720.5343025334992,775.9513820694929,872.2295450764168,940.0110757820489,1001.4545270096227,1031.7171907490306,1021.8963940217233,1036.5730843743697,1000.0458167917388,960.7091104360373,890.9553725219944,827.7193957841034,11.779088007124196,9.284654685100342,6.290339144367276,2.883865348409202,0.0,0.0,0.0,128.0,4.859194324419979,13.264573225550304,7.033101187894763,810.3529705421324,772.4695702584459,733.3255622079031,669.2651442647674,621.0030452577254,546.4516254318116,516.5210489065717,500.1015130687894,495.74469666332055,530.6282905721143,552.0862752293415,582.8291886871824,612.6557515673193,635.9567010549329,644.3031914066447,651.5707832255524,634.8457325881367,599.5754353084292,560.31593478684,511.93000882707423,479.2689120493876,439.7853652387224,403.3049794108351,405.6325548268329,408.7979604467686,437.21449065224704,4.111001141923537,516.5014420092912,543.5781174269733,564.221567682132,588.6076949548388,587.4043781070147,457.96122984763065,429.36672523819857,402.4483817627959,358.524428850489,307.86129468297736,266.4284092154678,229.06521333987516,224.9944220113692,226.7007366391871,253.91506461686157,303.5397230234009,346.9407080055431,387.3011724910826,402.0682900346703,416.32500403341555,417.85084719427306,399.35766028308745,379.45092581216045,328.4553081421091,296.08924785662265,255.2296370499237,9.032183908046079,9.420589650103857,12.206828587519531,8.758756030142285,7.781769871284892,10.459566792534131,6.521569892857089,5.7521796515894525,13.381738346733933,4.958027282682392,8.340331210130909,314.4105190584613,309.3606406219757,298.3834369830366,287.98063296515124,270.9133040858145,235.52419230952503,232.1159705201283,177.991704211955,167.5985172983919,156.29380387915845,164.48054413491127,177.7114816453475,213.97103263966258,265.30534863208476,281.1795684532955,283.24007012319504,264.1968962724581,268.7901091504143,278.11412181568494,244.62777152515116,224.52810121704252,195.50530121846526,151.61088760813396,130.39146653597479,135.57765461023249,141.55843705749047,8.579487726293937,191.55643883068765,198.76681723903405,233.18419878791272,247.8774070758597,249.09422979768138,247.04116819805944,235.88761135558326,216.4281536170678,191.44231008793545,163.90059795075416,129.19122588793624,92.36895005224925,55.167497970362845,46.10326057448715,49.424838745900374,90.73333333333306,126.90394031633811,149.74000390619798,168.91395154858412,206.78044079081184,209.1700707066744,215.92649201286864,222.67591757412646,215.36724163740126,204.98935363263988,175.31622234060467,0.0,0.0,0.0,0.0,0.0
2025-06-01 18:44:22.541,0,0.0,0.0,0.0,0.0,0.0,0.0,77.19620516251688,134.08468835481563,218.78206654896215,322.9051326362428,411.7383144061442,475.819397712141,539.4921872908071,582.9140563860828,613.8123091296555,618.8515587041778,619.0804343408514,596.7822837548905,540.9872273223427,486.84247463457746,402.779653966708,311.5507947733109,233.29109892382374,164.5192724159135,184.41847339302043,279.7233322423596,386.85045688158453,488.07633979299516,580.025394116574,661.0044200901233,730.7010144232192,774.2302919716537,8.964610911268945,771.2615258970714,747.2080859159113,699.9620389123046,616.0011590630834,550.9559202979523,461.311595177844,370.2666097257249,314.1559230164599,338.0029240161408,400.09195890972507,551.9423152865965,648.9982638969813,755.396180991119,847.3692958533071,916.8734049673743,958.5613623412283,982.2602212650946,976.7266740850076,934.7499572451294,842.0507713274759,758.2686849748909,673.8407387259798,588.9081451878333,560.8254335514082,536.671747079611,609.0213862305102,18.033776911754508,17.97069473177125,9.689782480645327,7.006692298916073,14.234482758620231,14.699583477554457,8.857747869550368,6.4031242374328485,7.287411296715181,13.401591590775325,5.639509388341332,707.0260522362948,602.5715414521717,503.1815910098977,445.7812108863668,423.053343537995,461.36848009460954,571.3118738550437,684.9011825886935,799.1577392138008,919.316499318049,1016.0315756489402,1082.9421978201497,1128.346864444643,1149.4162661494852,1142.9375922713361,1110.8575740553501,1030.8336879251349,944.4345184380265,843.5776433379865,729.6118645696088,654.2556759686177,744.9296193775795,754.2616031926304,829.8817259083869,946.5941961576257,1078.2457653040867,14.050392707928077,1296.2398207305373,1363.9161961639247,1413.8138920581719,1419.7523477259533,1375.3843984057075,1317.6087736115128,1230.6694096702658,1115.3523091028924,1008.6586193619726,877.3313808875339,764.1888342147436,680.273240126321,658.5400273468355,684.7300772651307,740.8331851041713,807.0945269233788,895.0402752306098,977.1526928368847,1038.2311929989496,1066.8476175634326,1082.9950800730528,1082.1633789302796,1042.9550889789577,998.3706972552566,932.5264665323772,868.2247163542323,8.553966487009617,8.820152521398306,11.055382328382585,9.236299894442574,0.0,0.0,0.0,128.0,8.038565313134029,7.615773105863909,7.934516443957586,868.4794069694169,833.0427471660904,789.3957020089614,730.8251048308482,676.797263159236,594.2393959573644,550.2669895265333,514.8517835880007,506.38861176428935,530.4742989840428,561.6033007657367,595.3853132880278,632.5197491172836,658.2318498586843,686.72270870443,685.1451386936444,674.0663197446879,645.1854250064083,614.5696656684681,559.3101877516726,522.4226437821834,475.25414477861045,414.4549618009946,405.44958394995234,402.9793066992083,427.77220500298284,11.934265666348548,492.9073345849945,534.3961185696426,556.1620218299777,578.6259237756066,583.2243304278525,466.3862764887137,443.7984588399806,418.70406106971353,382.77019489502135,339.8269575736072,282.7340518746111,243.327413585769,222.72854552830373,218.78153941170396,228.55541931314556,273.273195402616,319.46239227097,360.3023674402539,383.3103489568906,400.1320709040168,406.04628740420503,396.34124476865054,383.89206617705435,354.94188154107667,314.61750958593177,282.6649931089821,10.771967190601092,10.39550861565355,9.578514793248491,9.555303240673886,7.695720354557775,10.684303038830366,6.737152060643165,8.65553346348418,7.253873969970231,12.718508862532493,14.545299784088808,333.26403446795905,323.7411540193979,324.2758178896036,319.26921919956044,313.011300326009,283.2283221235267,264.68963228996955,234.2946325871581,210.4410268098426,190.92959258971783,173.75727488821278,190.67603224032578,213.62749189235643,251.95756828903453,283.87375062103195,287.94912268985064,285.54224228290207,288.77428371843365,293.520138352475,278.290346159334,256.00154921893693,224.96292338045515,185.8735866665461,150.4747307169543,148.7513510451762,146.25526636922393,5.769774139883847,180.5289665661696,196.11689487051711,225.5382944563799,250.30436388559832,246.48784487050784,250.59984855735502,236.49942954619377,229.71450188560522,202.37727773383511,177.64769673579494,142.57252372392188,103.2968573051005,66.75815182113696,40.70647465728131,37.67435244542802,76.28985452850094,109.39376920613059,129.8215562790709,156.28809927962132,190.4083752906344,205.98719157956373,215.75992511504649,225.65557755500504,220.6668361467785,211.4673959085179,189.05085836324812,0.0,0.0,0.0,0.0,0.0
2025-06-01 18:44:22.552,0,0.0,0.0,0.0,0.0,0.0,0.0,75.16401142485388,107.4957068475581,188.80571788254665,276.68022696284584,371.08112272008043,442.4864825076105,510.5564549933531,566.240855836906,599.6271609631274,612.4839232357716,624.5889010554565,599.6754207012718,551.5274754224878,505.38765402512604,428.95582323817416,346.00842982113215,257.5099138482213,181.16462549972562,159.35393063134737,227.1711616286372,332.0146125116303,440.82864568481136,533.6324297713336,621.7343538703036,694.4445214049376,747.959087109725,10.601924499645415,766.6074506291359,750.7598568082556,714.7849828409715,650.0776270128681,574.0123069995706,493.1262248393678,385.44442838284937,333.37625258333327,318.8564423833286,352.88054993052356,497.10336584581006,603.4181585905761,709.9564196073188,782.2783111020984,901.0510375023822,915.4334649425668,946.695618099586,978.0381175521238,942.9485807263168,863.2281801107091,817.4950191218463,720.9569592208026,642.6567152896102,573.6214357814388,538.1969031938776,591.108475898882,11.053707403465253,15.951630517310818,9.92360743771179,17.961117133712058,19.89624790539042,9.565724039680166,10.46835600355489,7.859893316670812,3.1470516696946165,17.813719765742768,8.620947883675122,754.9119061353309,654.303825027593,553.8971790776526,478.1137257246794,451.5179327120328,459.7909539666291,565.1970302405068,670.7425374017301,780.6136782049526,903.3407760069456,1010.4710049825396,1082.9509726975516,1145.9626229196776,1175.5879492289466,1173.0895642878247,1135.335215672677,1064.818220452072,993.8887361252636,868.3713953902296,756.7784508156458,686.193185586046,770.8566227851057,760.5058444298123,824.3788590807744,930.7365510125766,1050.5578919212476,12.633904349172164,1275.7265089704629,1356.4864136074443,1402.0003943578017,1423.7156122525003,1374.3954490921246,1338.9766554382898,1237.895818980655,1146.238648252963,1033.512948734832,892.0124458139043,781.6220322419825,687.9960616696195,649.0206871203386,662.5465755857985,720.5307266366214,797.5517731940274,891.2658567482225,971.677537052788,1036.9834640217373,1080.1780111405308,1092.6215082406038,1100.6326208743214,1079.1567106839807,1036.83410944287,966.4219859660236,904.4297499359006,14.266600524291675,10.346090455387957,12.496933723149505,13.831175392609627,0.0,0.0,0.0,128.0,8.692178202213515,11.435200809727434,9.185733558286202,905.3760494044737,868.9020642449613,814.5732105253823,772.6567307041748,717.3251634941564,632.5823819015737,594.329130326794,568.1111028347062,562.0971850795298,574.594646405025,612.4176867871149,644.5785592213068,665.7006086614824,693.1244303911477,703.2845677477245,706.1459638656913,685.6063004767046,651.3007507785874,602.7415326591434,535.9892439828151,516.091069638052,461.24883203237084,431.05244249031614,408.59397423701597,410.95460718030427,443.6231897999477,16.56809456844501,520.4546747198419,555.9576825517073,567.2423173922007,594.597928805149,575.158925083363,468.35942328508787,420.7081216824758,396.3503290517753,359.9793453226146,308.06240013713625,261.9876168174434,222.8950161787376,200.87479225581768,213.64851384214415,244.86495343749297,284.52270193674985,325.3802440909755,366.93042603593284,393.6638393887479,407.94650844515587,415.0035899265848,400.72759753303296,389.71163520395214,362.9326022693757,315.02966581019166,266.15947914874386,8.836168027489634,12.205048380804023,5.261786502196514,8.653071884293698,6.504206079937523,7.442154200734567,7.5058094989468005,7.204085242678353,9.134634464626265,11.487836027731014,11.102844662044003,353.38907581658464,342.00321511229066,345.7892986642362,329.3673048574927,331.5436333725648,285.4910543144746,253.1714972232011,240.40547462990574,209.73700240825508,194.62477144038454,199.9482772230388,224.57691237541863,252.55707837240763,293.497656689754,321.4224821984184,315.4076400573615,317.55295012158075,314.6726211852291,297.07370186329996,278.6905740924674,250.66215942182762,216.94154740342606,192.95299971265447,149.960202492186,147.8081017442884,158.4085692551285,7.166057300933497,206.06778554201728,230.59102677710615,248.94649058332254,267.8990335670657,262.70596879590306,258.3359499232048,230.75235706862807,214.47526477918635,191.20027968998144,159.53283524114943,120.21549734220048,75.36352172785996,42.51868196638186,40.916905043335504,55.82916937284503,90.92089943461133,126.06231347554508,150.87789750340383,177.35087929899444,195.85115038774657,209.23696567907405,228.0152682766655,229.8839735680866,225.5439641027923,205.8775946636943,175.86635998316356,0.0,0.0,0.0,0.0,0.0
2025-06-01 18:44:22.556,0,0.0,0.0,0.0,0.0,0.0,0.0,78.71467269963435,93.39614750431923,163.47550429564382,241.38545269155975,327.2177284787376,404.4816365416943,469.48409839627146,521.9469258416874,561.434081827031,583.4656891701978,599.520721760285,575.6386495897444,544.9347000797645,500.13368232155534,436.3995510765667,355.7755201113943,270.3093328380982,192.93113327003607,150.40450624775963,193.19571329227617,287.8000021225964,390.05479223420394,494.9743773320514,575.3736352675456,640.5426291292646,691.0602264069594,7.845523664417422,734.5322364113333,719.7825025409139,696.0522188347305,633.8306560816725,570.655721392339,486.5170796523366,395.70289295433633,335.0048095741037,298.70922373059597,312.10824658035006,441.0694283315035,545.6728327928463,625.9023431727634,727.0819923728614,819.1041493662085,851.3510308580726,890.7366730996015,910.5807801278683,906.1500521700658,840.5250826267153,797.0491443385179,703.5643764377431,630.3956488114303,550.1251745197368,513.4857014402464,544.096459918588,13.04872404057685,10.847134750559315,8.575912991686662,13.16249977687679,12.669254380836659,9.870861000285748,10.192921593620055,12.826116491234465,8.846314493395603,14.203057514525756,8.605623998371282,730.5756490631205,646.0708958159935,539.9836985896163,454.9294403162085,412.4789908716189,419.87500637323205,507.00724426353815,614.738047706819,719.6263080425765,849.7353639477544,951.9763295276616,1044.9904654223951,1113.1698104887237,1137.9845665013297,1151.3507079523267,1128.7591417229435,1072.1537468277031,992.0825667691303,892.4324030354235,770.9451416482606,695.7669655829883,764.8432161567491,729.2370868153964,783.4010459587986,886.757717189313,1008.0388931806068,16.922387062775158,1245.925721574411,1331.5875307866272,1389.0347920258127,1402.0741769535082,1386.8688947178566,1348.2638290538532,1251.7889073729025,1167.8645918786062,1050.50799212261,919.397050673226,810.2038298979365,707.8983413952812,648.1784078888345,649.8090425191242,699.4845379197702,782.124877352179,879.4271681058003,948.7360935829499,1030.929081423574,1071.1760073891555,1097.0557312710312,1114.718554412654,1101.3286966402843,1068.6842154593685,989.2200827850875,924.343352685862,17.4387877450232,15.959234655882602,10.31133155710943,13.27452696088939,0.0,0.0,0.0,128.0,5.093190270129936,15.849657459826968,17.89924280281317,883.0101484079788,849.9183590564231,808.3329118560971,768.9153573775613,712.9746021400858,626.853231289896,598.4774461261022,581.2986534140834,558.5972709433436,582.8949280292807,597.0315169583426,618.9323921054713,639.7055284159708,658.5336302971449,657.5049469795147,654.0915901770838,632.6312124379956,596.9056067276175,561.7865175843067,503.39918266917323,488.8202190331841,443.848031051683,423.23350607290155,411.06359108620995,427.582660502692,453.3248947528217,17.878241475851418,518.9927903047203,538.1641697764088,546.4037784403253,551.8747631251633,541.421612789296,422.58530056282234,370.96282140151374,352.67173340042615,296.46225549903227,254.8297487961557,212.05715159159365,193.74525144704825,185.89483812853666,217.35400934870077,252.34319553560297,292.6923119721314,325.448842422231,361.954083767217,389.3101230041365,397.8761126829205,391.7567010644366,374.0896737509957,359.51181985981117,325.2289372502594,274.7605436132832,225.02581685750164,18.38667975378123,11.947767976977376,7.908480411360953,10.033297975227034,6.140439611752688,9.113003107170274,4.203219050919611,8.943014705436285,5.831110242145321,9.185030649379787,8.509232585522614,342.48940514853194,331.69994716092054,324.558688348766,315.8068908588176,315.2658421210565,263.0849116739655,226.11388277771917,198.7122560479407,163.6138425443209,153.64649973280274,196.2795643938037,213.95970138434427,251.158492698754,291.0336292276875,313.6875562278141,304.1107976106386,314.7257146991967,304.57386714002774,292.343964445854,265.6147119569166,232.32658951411545,197.2378915423765,177.06858441989118,138.18446496846326,125.77039420354461,154.08848800385337,6.7760879949286625,210.2877558189834,231.67301131442179,246.59802036242388,262.27278220464814,258.2449529803755,253.13626426557738,228.64344214648582,204.8962824497248,173.64843879868457,136.22987663370952,100.06446459936335,59.28592462869171,26.373676652709666,38.43923633443343,63.45536894726435,102.78078532374857,130.49107021139798,167.07688164307388,188.816572460456,205.32541151745258,214.6514516885293,220.91611144234267,226.8595429084009,219.38715902815292,199.34646765887223,170.08302546262524,0.0,0.0,0.0,0.0,0.0
2025-06-01 18:44:22.560,0,0.0,0.0,0.0,0.0,0.0,0.0,128.17293474961494,90.0628225813052,121.82994321040343,193.90217061538644,275.60430502491766,358.3742052162776,424.2610805615357,483.1378197688181,532.9179366285327,567.3381239914983,587.5063621524874,580.6841800029479,563.6558101815327,535.8035323424008,473.59283237117006,398.2981306164474,321.01120631414295,232.52510684401034,178.97438589926685,179.8931288101464,253.86431052029238,342.2008964036743,443.2710263061778,539.9272023528615,613.6232944691873,660.686072050575,8.15727628128827,724.9947862061331,723.5636484909393,704.1051306488748,644.9673417006028,601.1877693949563,529.134038333296,444.8343700402751,379.9737275104742,309.0140433717462,307.3344937636169,409.87959318759255,512.1289650563413,601.7499444437883,715.7345558368293,762.5414752514987,823.9513369109542,888.3896854043699,906.1940348410754,886.0176575303573,853.7079259090073,802.7739614459359,718.9709069896362,632.1054921864682,563.4743924126153,523.0461683517623,529.6805189577119,11.099800063508303,8.383908045977023,9.112696384465822,4.192078730070322,6.227463975961334,15.243047579822557,5.883178251263936,12.628732443086552,11.281335046701939,5.189998258607686,10.778462309641721,754.9935060357703,653.1093134392315,554.1758549226466,453.8094093412436,408.12171526619215,406.097241202058,465.442374494309,573.3155197346508,692.8678160654011,806.7336318534043,914.7177269061972,1027.1996955135203,1073.63392907016,1118.9646644460142,1137.6376655667264,1124.8305145357806,1075.3175047098055,998.5730812466052,910.6036421750046,784.924979630402,699.2789846075725,762.3217217880725,709.037355772017,750.9251105102296,844.7493202873762,969.6841513572492,13.412686852646779,1223.0358136806685,1316.0359689015,1373.1355432438145,1401.6306066891755,1387.7881873689762,1347.8014732379197,1258.93636707046,1170.8786490480836,1055.4928186371146,917.5348559657351,808.9211804240358,704.3856523245785,634.7117272909783,628.5443700095292,676.9858803811446,759.8115531269295,857.2880406151726,935.4580885434796,1023.476605406373,1056.6458954917134,1087.0778549003119,1107.5193811655483,1084.7891958514858,1056.0637251486498,985.9468913216842,914.222913826339,7.13619947983999,13.69158156595172,9.939237199975938,10.117115576640247,0.0,0.0,0.0,128.0,5.617407073227019,8.155728610881447,25.545533593168553,867.8837729981216,845.8051301676151,813.2673573245977,770.114077844593,710.3879640788896,620.8906230887787,594.066822624627,560.3556960854236,532.9632983953632,562.7868174123457,564.4813078697787,586.6275605739295,612.7236673322417,636.7053720286528,639.1443191042713,635.0102295210386,610.6667698483351,589.0909458763631,558.3268309943173,520.1162298436248,494.9229108147139,460.3860210465638,436.5669365341653,442.300885796399,444.5099461378751,463.27848249041585,19.472535878004194,512.7326770659594,532.5887678762456,543.6629972355332,534.1701258305222,522.3771372826948,405.0927261503524,364.27042448421025,330.86933397513116,287.0313586741657,251.6786287256811,221.435195857203,200.64667187956402,198.52711124929255,240.35772676351044,262.4598638248523,308.6197004290743,341.79512712663916,365.5461442862254,383.8477989450825,393.0051766027177,367.0528210700396,341.04815406422,322.8659456108233,287.914528596655,224.32097026128574,195.07384316229377,12.031477709365591,17.069741535940846,10.273061598749178,9.84817081687575,8.528707149515666,8.65731855132437,4.918306633113849,15.07428339740174,7.107722044760868,12.649110640673518,12.430759244348328,322.52848929245556,295.13193391445316,294.59029039931085,297.60434454466883,276.23542085867194,233.54634099782567,199.7880557127946,146.0612875535972,129.36809960874413,150.77094199666698,170.60306658441877,210.2450158984978,243.58754715192333,296.2642775530989,309.9918782756712,285.9818351238335,296.2708908104025,279.30373469537716,292.16499589969305,241.95320235553524,207.07974046696248,174.71210173636166,147.29696308395847,135.67241496178252,132.350008209871,162.1679325424273,5.312723133171415,211.0076754088206,230.11839500746407,235.62715841226944,249.9934427421542,235.70788399678094,230.04969093602114,209.2103097235648,183.21407671556105,143.93775198386902,113.61552103368078,78.40179445294447,40.21294811040836,30.655564767257598,53.66201337692261,80.12208736378842,114.33715993244492,135.52241420250917,174.90132324715964,190.9109816317043,206.13227119466194,216.7953186692071,214.1122124895552,207.46891277772664,209.32163837083775,174.74044332081968,147.30684621108043,0.0,0.0,0.0,0.0,0.0
2025-06-01 18:44:22.574,0,0.0,0.0,0.0,0.0,0.0,0.0,165.68037490006103,87.79086685573027,99.81933909162434,173.92229211408548,256.39691131584283,337.47714273864176,410.5191028788762,481.28718345959396,537.7021695350771,568.3493899464058,596.5986446195885,595.1544527407884,585.7205640987313,560.646268428536,504.9710861567725,432.34917132800854,351.4696226104639,262.9807360931292,185.07541966526605,161.7104887262682,226.22916602383282,322.46535468488764,408.4429834936115,510.7163315501981,598.6606940654284,656.9941819001604,5.812431353837972,740.5009478895486,747.3725143616034,730.0806833198313,684.5981935895309,637.8669395790807,565.5982047368614,472.22306217138845,402.1058705245262,342.9821305922553,301.29664965906676,386.4997549839134,496.65729927913617,589.8768403105199,672.120162116572,765.638159094191,830.9385296502127,894.2868351970393,925.8433555599369,913.6943911042812,895.7374026967252,845.0073926676835,763.9989589172897,676.7875180468715,602.4414219149459,554.3573247031406,544.6913965504918,4.478516515188598,7.461199256249013,4.943099861301838,3.8559933200457106,6.904760962903474,13.370172571432992,6.2818889114214995,5.9664231181451814,5.747899759411341,2.5955687013458957,8.27237694991397,783.4217942634997,672.4789959414745,586.4707911130874,468.26078739446,428.5277212343667,402.89800693095106,443.48195779649996,559.9605972973234,688.1357313485182,799.2520568792215,916.42275756041,1022.2170497177034,1081.3904085978006,1135.021497736855,1144.7182959257498,1137.531975821867,1079.8778895773755,1015.2372459918492,913.543091552779,781.9290858361016,700.5471249166798,756.7711651065679,708.4149577051892,737.1610251697778,829.3655237558565,952.5639647175335,15.671760048253685,1209.9979625270862,1312.3184384979777,1364.1426119154166,1402.5539958135648,1374.6550671396744,1338.1353984158945,1248.880198440886,1156.4726277634306,1040.9171862004791,903.9327938411317,784.5603800318007,681.5656365210627,611.2978738392891,611.1449302892563,658.9507254991514,743.5975072261733,839.9308840194307,922.1292891612759,1004.6124560602507,1049.5115608330702,1048.2896012284452,1087.8135413998975,1060.315221930129,1024.625301064573,958.6493737759206,878.7067973238695,12.128664886971764,5.253311497077504,7.933814760922811,3.2494362601090647,0.0,0.0,0.0,128.0,8.25282458401147,8.675862068965785,21.394112549041193,848.9918958763244,828.7377141054726,790.5905532664601,745.1553446068917,687.2470010565785,591.451058150117,560.5184096266904,526.6589736855416,519.3294434622868,545.6321421881169,551.5363196978308,570.4299394220466,611.6254591166892,630.1777799712795,622.0597033310137,634.1976761515332,599.9728651095605,584.7528320451439,541.9794817535826,485.20985021965237,462.4210757501817,435.22829207381795,404.74025419452994,418.4995322947567,416.70965073789785,430.1014183404428,21.200190917292304,496.94690176065023,529.7424818333137,538.0661883199532,539.0631001644929,516.964635603914,415.5705610883593,355.6109181656311,334.25335352186914,297.6670962696279,261.39098444816926,227.2383165166031,198.21527286170257,201.92427975787334,230.30428040127848,250.28099926168568,300.8952130824594,338.1696442699564,361.8972480654871,376.36100838688594,384.26569676371594,370.7370611059655,355.3231271263934,321.3472505221755,287.2293229295332,225.79205882341137,195.40801529399107,11.65596918719774,12.248283689435599,13.625701583228855,10.82152921640887,9.628668640509215,8.055430820018282,11.322751681190315,11.979729623154991,7.572413793103351,13.114780680264017,10.005323332821511,299.303462307259,292.63015244410985,289.1088880048163,280.03053809330936,277.14989068173946,226.5156833309305,191.07005177138774,160.55000877694252,150.88842385421185,157.12485696845485,176.51917401905237,221.39250032899042,262.33506933811714,297.230892639552,309.55062994616384,298.08679713533104,284.3833866629494,282.2652679533073,271.35352659209093,220.83995443177935,209.61594030191648,167.08139714647126,138.0896939987724,135.06830886695732,155.5874758236395,175.0811296003809,5.081453067718921,222.0281105707534,237.0852185939578,245.89125840337206,253.46165608081168,232.22991338165002,220.50308565051833,196.00661847326083,171.89602619512326,138.3046722710477,104.91500216414576,61.60491954694889,32.8028371882599,45.041851731142714,67.00715396633316,98.57053070320339,131.7091946226668,158.20002942161386,187.7427518212001,208.9538586907092,209.002100052376,215.18826911577145,213.44826545863415,205.05741520545683,193.98186435285092,165.60507572599067,132.31722978079605,0.0,0.0,0.0,0.0,0.0
2025-06-01 18:44:22.599,0,0.0,0.0,0.0,0.0,0.0,0.0,154.26005348464832,93.6365090620647,120.04044401333053,195.64806099465292,274.7468108867152,349.2162670714708,424.9539044512039,493.5018348311562,544.7221409198747,575.0699693323185,599.7436503925563,594.6433992880119,576.9842091014127,547.4568553488184,497.85977812018666,425.0712252262024,339.14686409911496,250.4986203179139,179.4687264590459,167.84052887000365,225.16487213118083,327.8691083135911,414.27641552382363,509.6064272722014,597.3413959246642,662.1609057911363,11.85021371374862,749.1811433825669,755.6304335662519,736.3770091240651,689.4898780850785,642.0620611770996,570.4522700892528,473.8846255104644,408.7587559161147,353.3827013271846,317.62980748828613,395.31287866815046,481.8160841291381,583.8090026356294,702.931693238884,785.2884832778508,848.3646725732717,943.2904608995065,943.9499326052422,928.4934004539655,897.7736539137843,863.3118137801226,786.675621787207,697.0171146950674,609.6670630761772,562.7051510947034,558.82417146437,4.634879285752433,11.950248695966474,9.66409257652921,12.302157453966329,8.867259899581384,8.498128238820112,8.984630277920642,8.842858862051205,5.812328472206981,5.298997643706235,6.709806450557709,790.2405758061282,694.6202299529308,586.451807790508,483.8958204542256,427.0481701201854,417.05245932873606,470.6859715294275,597.9271439539947,704.4628480257962,840.2566774218623,952.5856818622068,1050.8154485481712,1121.9727782303648,1175.411769037157,1176.2945172097845,1160.7415477277766,1108.5461085874442,1028.3477849584224,920.2361222468,800.2078679370916,697.3956092728336,755.4737976857582,718.1861161255305,754.7511351149832,849.9279591575386,978.8401532906452,18.721999744382384,1246.3238519103481,1334.4024568513528,1395.285992204794,1428.5525540593908,1395.1705820410718,1360.9593491948629,1261.7034928209046,1163.2313045438748,1047.3127411673129,917.1878551112186,778.4417723922465,673.8917936961748,626.8982541963028,620.1900195825591,666.4681880971115,759.7038342786902,861.9052603845989,944.3769571158816,1022.9227603442232,1068.2211835044127,1089.7190635600418,1101.7221501332313,1068.3543189646327,1033.1961876209118,973.6181116937483,883.7906238013322,8.502627326031964,5.764704044706006,12.483962539092289,2.3147587503669875,0.0,0.0,0.0,128.0,6.286688648910264,12.389705053621768,8.470661386904746,843.6127002986594,824.6050790725595,780.8453446642437,708.6571918074436,656.1821465724124,575.6422901765796,550.2961532988188,531.0957567667384,524.8339862891677,539.3237052221684,561.8117122266632,595.1807173344026,632.7901296885062,645.3871249606682,641.3711181291894,637.0739237569936,622.4955622723937,576.3894298675206,523.5909944303069,467.7648942140244,424.3307737577318,391.3463103100368,378.65688792262193,374.0264202577586,385.51728384394136,421.7156393773977,13.329002965015713,504.15468816608677,546.7805384491113,552.7321736179782,566.5858492075829,557.153742215938,432.6488399341863,388.9864320526828,371.0737024928451,326.26688184541007,282.2879364090842,237.990532502019,203.97528274532084,209.32658292463887,221.8223344171753,266.28516114882103,310.1881295159256,348.33275012401884,385.0770172196876,407.59070340696996,412.05693792792334,406.2228333200236,383.5243600746911,357.1899281737806,310.72807720714474,264.61209114654844,229.14300913323538,12.140957935466714,3.255986673670434,14.099494777121004,14.230643929869379,5.645864165210716,11.500077139101785,12.322022360398908,6.5305410375645225,6.682036284797089,7.169034818329552,4.9402185420916265,300.7627994956867,316.2339901990026,300.0774703759772,284.8261740174262,273.6143814463063,225.71636647328964,192.0286770886528,158.28293220043764,141.50909991289205,176.8352290059379,181.20455715439422,222.9549832744275,270.9249125377809,287.6618743734985,309.1319993855417,300.9900601317656,290.2356375447377,281.2791443102058,259.12795724676374,227.11051425557162,206.9178656745454,169.84269502997583,136.23369001100082,136.010061969234,158.6477415628989,173.3948140034387,4.593143549233887,222.64726368330471,238.10571904606985,243.82221897018675,241.1871663854183,234.9102863628433,214.67837490009373,189.7631020601468,166.75370410572975,134.8016502336639,95.55899754906068,60.02271547162508,32.31760775756599,48.02076228975113,68.0937279096049,93.2845813212894,127.88088462914395,161.8345501330372,178.4759068907361,192.73915233859444,195.6245400137449,202.64860297468573,211.5457803458338,201.48898139383357,177.56550626854164,161.30856368940033,129.95090680109894,0.0,0.0,0.0,0.0,0.0
2025-06-01 18:44:22.603,0,0.0,0.0,0.0,0.0,0.0,0.0,169.87557053280847,123.04416302820135,132.8933100164205,195.80665309634773,268.1177915643455,345.66140892100435,419.4971206846845,490.0489384179284,551.1098981574241,575.7817603435643,604.8728996926496,604.6074283926055,587.274008107356,553.0972459518033,512.6151793987781,430.1854473902713,356.1380263259005,264.266510684682,203.28263584600097,184.7528210956744,249.69986372285607,333.1071786732592,420.11075189138626,526.6028956449729,603.3975766070674,669.8116565585572,13.655352196238002,745.3055179321491,754.6035573680193,735.6606464973418,690.0948972029646,629.6976023903333,566.9032939922289,466.2288991649912,403.1039504926171,356.630678878029,336.80773622524407,410.2167807261433,482.0457722907381,594.9098674043902,678.9272941987283,806.0784896814936,871.3369025801665,948.1779006779446,912.050016748582,915.3066006238321,901.0641409943347,852.2232952196578,757.778584934389,675.4528897228683,600.8942194955155,548.3201378457364,560.1339522783412,21.58089214889609,16.772196670035783,13.44718724118332,10.468270708454146,7.320137203438722,4.760723454264419,14.392919149082335,11.238784542126146,8.503385575483792,6.291242997698591,5.23212797505546,769.2912130233758,673.7161595611988,565.0797304588959,465.511910780242,400.03545428722845,376.449651986364,460.27308977898076,576.3421107324508,694.6054980791679,826.4271729502583,937.1356450144177,1042.5455271458188,1126.9402399871815,1178.5165192764996,1174.2220506479302,1153.2016967027328,1107.7494058178713,1011.4960869278646,917.9169327841156,791.5589144037986,693.3839225983853,747.3751279832412,707.6701792332861,742.638130901778,844.4530136964544,990.7817689563248,15.48537133536213,1250.1545952433291,1357.1031677046435,1419.8848526120155,1440.9106716006936,1419.6839815718572,1384.7288402709307,1299.1340634249075,1181.6843759621809,1067.3586679144014,932.7310646020964,784.6428843281019,686.2617592164444,636.4454889754518,621.7899181684128,686.6893524653456,775.5593565880143,876.6888427941348,959.1924156232205,1032.3533383522608,1089.2124290623935,1087.1470650186805,1115.070484088366,1094.5469422276733,1049.2668591308586,983.4101656978772,888.9882619838651,6.009252125773384,7.955570201016202,10.923747699523297,5.21155853320403,0.0,0.0,0.0,128.0,5.549703546891217,6.417565709906598,11.742775959049492,869.7623616859116,841.1908230531193,789.5166277027399,720.3756813631346,668.6152674417973,574.5781945814231,554.485524562752,542.8431248477063,528.1913441348054,543.7178296376273,589.7950684865676,617.3828225592553,641.6387991374115,660.5619067378142,668.881327316574,666.3937252149879,631.862564119898,577.2769780047851,548.6080493409813,472.158848762494,452.5438375709164,404.95074560054496,398.7362040219739,393.9436921730708,421.28219749915365,447.74342721289213,10.648941075685682,521.6508932895662,557.2536624887756,571.41658834398,579.2295062990408,574.4918316080709,438.6763200311595,393.63017596803104,379.4003588127886,316.20909579807295,274.78985836012856,225.81255286251601,210.95800008420795,210.48960786656957,237.17730250327062,290.5903757965769,336.6681708644569,376.1302964277992,406.6913483622845,437.2014982841479,422.05586868213925,424.64903586284703,406.1838514369419,372.6969351786194,316.93850424678675,265.22453499403434,218.482748797852,3.739848152430807,8.13646660714662,6.875836805308721,8.634358521563335,4.453438895784686,11.985484979982854,9.828149977257645,3.376330068163922,7.023689270621824,7.801513716229225,9.312200465552452,304.5453213529176,304.81911783107176,276.34289897289455,279.8860828667361,239.666157495657,211.83290484883247,190.53215285015585,155.2000321345885,138.2133984385082,140.57344376272806,169.57237231779087,211.14576704176383,239.41588271591468,274.49658934856564,294.14172041386405,281.1189588832223,283.026994269795,264.1200975371994,247.8254519610369,213.26915368420083,182.39892302706386,156.05137467918885,137.634822827922,124.20726876500457,136.88335905863167,156.89907692478153,5.4705999167766155,210.52150227630432,220.57175532641207,226.9827794902193,220.42505589269422,215.8940779946123,203.70812230957608,175.19982384014492,156.70909575427743,135.9481453754615,91.11967716585158,63.00426277509056,37.697563285966005,35.1588262876004,69.01442957018082,95.1509743053393,128.4223208508958,148.83767470956164,168.83259019958933,179.34635822371533,190.49969428317104,197.7068615826293,194.8991390896314,191.87030030527256,174.10398829007866,153.69537451628094,122.37723936845991,0.0,0.0,0.0,0.0,0.0
2025-06-01 18:44:22.606,0,0.0,0.0,0.0,0.0,0.0,0.0,200.24689519840996,137.10668527975255,119.69472431010622,170.45913178228963,238.13020668935135,323.9294545594982,403.9303230321588,475.0472602087724,536.8975514206358,580.2702678626808,611.4983620405329,624.7101037225563,607.9126677234232,577.7792707019245,538.5886754381937,467.87557006265274,385.7278311123514,304.7684395263966,237.13305471097814,197.15492048918148,236.56543185814385,314.3501717752256,412.1610886521393,507.8800812197255,601.291259403134,672.5767055993324,8.775031351100854,754.1259174571987,758.2710066598893,748.7055248641036,706.101714785138,653.9548831422338,591.1544983996279,496.4079231056161,426.43543331869495,354.5989556968517,337.07877190870073,402.39682639010283,480.2339536881768,603.7462983351037,675.5548055337949,789.4501257611369,867.697773000421,910.0820416433551,930.0276574523241,938.1446395295126,915.2365194849152,839.6863388574984,779.3418007932497,703.2574230917455,607.1873564040487,545.16185477743,551.8449839954343,15.90869197970968,14.18643885236095,6.502691876499169,7.761482871036087,11.886321869150244,5.155657913791634,15.665666317483515,6.834025787821572,8.789619366153058,7.150583689830164,8.25293924298785,781.4312182586395,694.6414355560595,580.2623002647566,494.3435339778996,424.32804637874654,398.31197919638623,468.242534113838,582.3758614196367,690.4403387851211,822.0128866409509,942.0258260595339,1037.9876691752531,1124.533538045538,1172.4872073689232,1180.7021190249316,1155.1129851572591,1110.602886243102,1015.0834135590954,928.4444002298837,804.6125034927754,688.2021820901612,749.2790964692699,697.6462323245362,745.3090380205897,842.893110516281,992.4629586756099,8.719206739834014,1237.4301019821035,1337.9668207378616,1407.4586368772004,1418.4862991891637,1420.6550037620816,1373.8018996811063,1285.5535777816594,1169.0129522711777,1057.3537183352682,909.3822210965402,794.9563216557399,667.2519997063669,618.3603702876042,620.1489233769071,668.319714101534,765.1076443193787,845.831574540555,952.0654608018084,1022.4101576030224,1068.5440419982685,1083.184335537809,1093.8590487377592,1078.9204957575012,1028.6737154245018,956.1732796359042,892.6215501326369,9.460410135453731,6.431566393926011,7.807078474114552,4.814973342306435,0.0,0.0,0.0,128.0,11.001098758246489,6.165071413363734,9.2580457463295,890.9430813153252,859.0439475445409,814.8306114017928,767.3613417021111,705.9202694999341,613.3500943518466,590.2473994790266,551.408596310353,552.3540339695037,566.6522192443801,612.2475593609327,639.7631006321717,668.6664979113159,694.6190534951347,706.3389867337128,687.4089305410071,670.1794840047376,625.4364428306772,597.9687752576943,529.7828127273922,506.7970251327986,471.3313511988112,453.3852818429818,460.20503190494406,465.7251386200055,488.76137834911276,7.442653435771311,549.0376344730865,569.1302682861293,584.0379648447149,576.1263540174624,566.3718782016534,430.07309442491476,385.646507762997,358.4378711906402,305.59507193809515,263.9370484844635,235.96866257949125,214.67238135859,227.75582100925254,268.49828315314954,306.43686878065114,356.47567843534745,382.24560238876944,408.1321273774192,428.435781412565,428.14661648441245,409.25760049966914,385.2630086997614,351.60286376757443,297.1399594263974,247.88069410732916,195.52909192437968,7.474887201652901,8.477135483241963,3.9660546503986094,7.249898510979772,2.243840404124757,6.4150613547771105,8.370068662902685,11.691980754448265,5.87518376221095,6.119058680454347,6.646826290105553,300.16614636153173,286.1539317284179,264.3795946014585,273.7105563142864,223.73205735975395,206.23251047803726,174.1285807680711,137.68042601682768,133.81907126325848,144.11352390138853,178.54607846944657,195.23378938095982,230.96497031705263,249.95913610582187,281.97154560184254,282.3693173162012,259.77796774767603,256.94504994175213,232.80091444065602,204.33288262388035,185.89305325316843,156.8628695096063,126.20354018250094,128.71440705683446,143.2524901072155,156.95203600181372,4.814973342306435,213.26642468299477,221.7872405426262,227.16719656586415,216.12241363525013,216.2718795256223,201.232580440032,178.27340104133154,152.11639374742356,129.64105994141815,88.8630276120328,68.57363304505895,36.11149462911032,41.874040928845815,67.68821513598884,97.373181019688,131.45185492652914,142.44895025702328,163.86540965862372,179.74383088253668,182.29876180435116,193.23967399453002,191.2661423152182,180.6960839241084,165.46063844602563,141.74344066949354,117.4257494174043,0.0,0.0,0.0,0.0,0.0
2025-06-01 18:44:22.611,0,0.0,0.0,0.0,0.0,0.0,0.0,128.9383632983183,135.90256992694805,178.52820629447865,256.62357491623425,331.2607953810998,413.27766799055985,485.79599591682177,535.0140574003198,585.2516564693497,613.3343005835004,608.2428243554725,607.5300289223682,575.6075718000252,520.1645523732534,463.7398835123755,382.66609298063133,286.44366198391367,225.51853324427037,202.10838762191273,230.6758577385093,316.2724364987039,403.0852919248084,502.4470085816763,589.6743122864626,663.9736911302272,714.2044587958666,6.864656366653285,758.8763959911893,743.590925867568,713.3031011186549,650.9871611551698,590.0273680145638,517.9057542609006,429.4628749817973,345.5703851431259,318.28604076024,354.2534762440832,431.439091261205,526.4173405538338,668.9011437031689,717.6070032487675,831.8362815628187,867.3355744320854,916.2912952706956,920.9208622234514,915.7577357424223,875.2196776733769,805.4502792600347,722.7430692415816,653.8000994218756,568.2594613633889,530.2809085717681,554.0709665874541,10.198039027185567,11.602484124194673,6.274885808719265,5.287547423395859,6.774515262583732,11.287009470690936,7.361280990359036,12.194163324759188,9.617647601788692,14.62363856118068,8.592352755085816,731.7964452620096,640.3231479860727,540.6271553111516,462.74973501107036,425.99675888915647,440.8362771714216,526.0926447620648,643.4162497092359,763.2145642449932,884.8091178364849,995.2829995129907,1078.5280616465966,1144.5307904528468,1169.8920597942426,1171.4134049420784,1128.5963095442316,1061.9756545215282,966.8392930636331,867.0700034607285,744.0748977046843,632.4046798200139,714.9500557122503,691.6955433655843,771.8453537098752,889.5474831147799,1027.9841574671002,7.915679766698642,1262.6310890365294,1334.421899528845,1397.7254891957937,1400.5884399012664,1395.7614758412672,1327.7618478121578,1231.523668158867,1118.3705395771813,987.2070788818503,851.5087542509835,735.9024993230855,630.8795215566813,594.4260924160916,607.7160859314935,677.1279165925363,767.7281100905496,847.3408053866251,950.7419676334077,1016.9685861896684,1053.8346223311883,1060.4140038876285,1075.5852032362955,1060.216554446869,997.8151783586742,931.8992274058688,856.786447278297,14.770532933533602,14.950511700495033,15.078291601649045,8.019514462731395,0.0,0.0,0.0,128.0,6.562003563524962,8.56973512753061,7.4253119122782065,893.6692714801776,844.5861356476832,828.777880197104,778.8704846221833,710.6031462853573,629.3251085254216,593.818179010695,548.4183318349345,554.2733080172414,565.3610925083417,597.3868432986161,623.6923779800715,653.5873849474589,684.8559321961009,691.7942310556701,682.1155686950658,673.320798609978,640.9659105011957,606.9629057294005,550.354609634419,514.9700797734931,477.7614411422663,445.4555985820658,451.0715051343349,461.8290949409125,470.6944501954081,6.6098667599965655,519.7327238700419,553.2703510752516,556.9310570755948,548.4323658520007,538.5395220925984,420.9611070556963,380.7372138367315,347.9330066818893,302.09658846664877,270.3504217903353,225.83631408878006,206.44616688575942,204.79751530822966,226.86170633753628,265.1555737494703,306.7380362095063,351.9660504566496,370.17650986204865,387.48844850573,395.34670294250947,381.2976525654291,365.0896759585327,339.80935508076027,296.4430547643123,255.5845308687157,204.88802350028422,14.642039758954013,8.47231510255633,8.428529346489054,8.017031429994315,5.562102816121105,7.017351012021974,11.961713100862815,12.149377852664742,10.944759843993392,4.855595812976904,1.8870672224532776,291.7580448284984,295.8552992375193,304.286919982504,274.19791067800617,257.5834749819683,238.94184118326345,213.7791018730354,166.94831668270365,146.84597345251578,158.86175675768598,169.25222546153927,197.77469230505616,233.2143100085425,249.70696168325395,289.95099555267467,286.2407085106045,289.9813565593729,271.3899431236505,253.15771058209026,244.5652868414976,215.91177715696475,196.59379382940514,158.6999273648861,150.25987900459737,139.29597235574676,153.92422051662356,3.4251248507165606,208.2907686135173,219.45545586646656,230.86906603898333,249.39277078434753,242.79691783572818,229.79366950632624,215.5395501238838,190.32709906748212,161.41211166244554,128.5045926134054,102.93978365119364,68.94681474085705,50.07210088836048,40.20473457511849,70.1546710618792,104.50209143879952,115.00841354389513,151.7981791541349,183.01092622243056,181.58786224210377,194.35091638551216,203.76252234333725,198.12369715711202,188.8540698068216,170.49886055322048,149.81976851416474,0.0,0.0,0.0,0.0,0.0
2025-06-01 18:44:22.615,0,0.0,0.0,0.0,0.0,0.0,0.0,109.82419583670708,98.54717630447485,162.6850188909641,243.86914658228358,314.0506669195623,396.9305809427266,469.2555492640841,514.9042921991877,561.0829417670786,585.952081826243,596.0362255525439,583.4022415591733,567.2643940558955,514.6423345382447,465.55768729172723,373.1925643930714,293.80908412592424,202.2825124382871,175.5092507272056,200.4104816691988,290.5857497960315,393.7721357673555,476.1035836234748,571.5940564722217,640.4525246032425,699.7494250936056,12.250125672899461,739.6932213768721,733.7985620555103,711.2880981498632,655.2224683859348,597.2820133690741,512.7985594375705,428.40728850616824,356.860632417558,314.64096393864725,333.3107479825245,424.1278105098249,483.8920522486192,628.1900600147418,696.2019198030445,810.3077318232498,832.2663525732742,930.169588780051,896.1558022523907,900.1898752594127,880.5858820141716,811.1489938216931,729.5444906651579,656.8634632522368,589.4603980633531,539.4583773396351,564.486767892994,15.693632465641667,6.613403496240133,6.557403100355255,10.141159837372989,2.4873563218391155,8.599075174485472,5.627692899379181,12.72985724974356,14.00628105727825,21.202756717285773,14.48395021575585,742.7481632045234,654.3972494598523,558.5378973590912,475.830645761921,423.5104789828974,444.91646382981367,532.0463515388407,649.4464222272202,769.8721995290522,881.7524516420044,983.9243323371971,1078.503398399989,1135.4947436454374,1175.4712127575674,1166.1546481840771,1141.200095701584,1071.7239464988863,976.570922706842,864.5109139959649,750.1914545345339,646.4198686587926,721.166645315533,708.8953287835486,770.097700000107,881.9380828447484,1017.9758272294625,20.97572373717049,1265.2930555270268,1326.0131953097873,1380.0454838455905,1393.3211275202416,1378.0402800875154,1316.4720951688807,1215.8170209697519,1116.5703226804649,989.3500773961183,849.5382193882816,738.6767539504408,639.3369430327323,607.0289720416481,618.8019259614872,677.5693531246378,769.539037613915,854.0042817829165,946.8577445524224,1017.471006581163,1064.0511570013512,1074.7494712556104,1077.8415565948978,1039.8133182816787,995.3186763429727,929.8395740191529,863.0427628929243,10.502745462859533,11.286865032069418,16.671074990888822,3.068055852720941,0.0,0.0,0.0,128.0,12.248243250995813,7.500852470442717,5.684796472749717,890.1802871820098,845.0607700493325,805.4768430650714,760.5419609205485,695.809606555012,617.6230951477446,591.8222324319356,566.6287437226788,553.7021229458542,556.5867798565534,593.2890133569192,627.5378131864184,649.6958711035466,677.4694478738853,679.8236324148698,665.2611177128247,654.1452456651681,626.8006666311121,583.6581353911723,534.9208076100593,488.9291319266314,462.89516454512625,444.3323413219408,433.27685497678897,437.7680088377241,448.02471955537544,7.483040321579224,512.6635318773994,537.7019844692661,548.036441160899,536.4908299022078,516.1155278014193,410.29133579203875,362.07291450769424,333.49454777577563,305.04217202693076,258.72559237519187,226.27859108096283,198.7005320298996,198.897959017,221.31483090025193,252.74488284239212,294.77625315381283,326.64927847458404,363.9321974459386,376.82952491845555,389.23265378033886,384.2563632833741,362.9444395755715,336.0873187227835,300.10044017762465,273.1492433023494,213.87251708672568,6.235758582038322,11.819508869394726,8.355997607384186,5.3317993774595145,12.061092978477351,6.747995452207938,13.13958467037508,8.53155651146167,3.9334963446047198,9.674326029855418,12.763032235710563,316.5299289997808,309.4931686802037,309.9241379310347,302.73989640618777,278.9775699564084,246.23582159490155,213.31606017004756,192.1123272392281,168.24391281728705,177.40508293556348,159.45456132699826,203.58668834257236,264.70778500083196,272.22132252253255,309.4951581098847,300.3186261611711,304.9573022729263,296.9496223278633,282.9512980288056,266.77493744095153,237.03678422593904,216.7389296578838,171.49199108223695,157.02494361996247,158.85954265154086,175.5201386168801,6.530553525993195,215.22259840261668,240.4987775320491,246.607158965456,259.01983453114497,262.42813123365227,244.67896266043562,224.71657811733138,199.5986025506141,164.55512713139726,134.9176943587641,98.09081520981238,66.21026441036591,53.887147598979446,57.2478645948871,86.82274153859316,112.8922840934197,133.86857157036138,156.2977567491547,175.43697552626395,185.16020375011928,201.68093720036825,196.50395990116849,200.79745963015736,180.47657109987938,177.14011557977017,140.00407609391317,0.0,0.0,0.0,0.0,0.0
2025-06-01 18:44:22.622,0,0.0,0.0,0.0,0.0,0.0,0.0,162.2859997731914,105.01505712871328,100.91119483294119,160.62630236460723,241.53808884187853,332.65729520887743,404.96065792404346,477.75647506067384,529.6957799212292,566.2495939374888,595.7613607375845,598.0261190630897,587.1466115232789,559.1464582599511,507.72736653058854,446.32096778163765,365.5524669936483,285.20934871451186,195.9063447811597,170.084874282648,224.49438008419344,308.9907952970202,406.5570857432139,516.6724421535822,583.2169210813659,647.1358058858574,10.743969128833896,730.6169567517846,750.4173017347586,725.2327461642855,677.4391130575141,641.7878665546702,572.9787879819613,472.27221299545914,415.0886605898128,339.60247285680146,303.05172722924146,374.06588394288093,454.3668861284326,565.4118922089335,679.3464210975203,761.5122265152652,822.1426099780372,879.3779252530305,899.2911018799201,955.9113441531246,880.1563916541195,821.1938042958379,770.0112960754474,705.8859676216034,600.9313693367591,540.9620198853637,536.2029219954468,8.706145045600964,17.970713158827305,13.783168836044325,9.337617326795975,16.17136704119387,8.928806560153692,5.867093213878373,8.133732155139445,8.052715470469758,8.735436942631381,5.111319352238862,783.1401989911402,681.6140253339613,580.7495183804722,477.0300546632016,417.58550872325895,391.5624343030889,451.1171100468775,571.7049136019086,696.8082453377981,824.4102500309191,941.2008387093157,1043.3929017511284,1099.6721226284085,1167.0796024217432,1175.9285042679364,1168.8136410627512,1111.5672477952771,1036.8399827185356,934.0468475956591,812.41722955638,701.0165120120818,754.7912207712587,697.6237615015642,730.9944907575843,836.4234273681377,965.2362666414349,23.012630180578203,1227.166426942206,1325.54243484955,1372.3886206106413,1433.2193290967177,1395.13114953567,1363.1615846678972,1273.2554500660926,1191.1926962762136,1056.7399863206838,919.1783600830656,791.207809073914,676.3005218833343,631.5859423378351,634.3912947795868,679.5189968417596,773.2816843598009,878.4615649313959,948.6092269878784,1026.3517284315403,1090.3566493646026,1111.4584814886534,1111.3736062575636,1091.876434509532,1049.533757627515,958.3384911870467,886.3543631687176,13.840045247174736,18.11312877341414,4.592164031652455,4.447646813885094,0.0,0.0,0.0,128.0,8.737585253238128,9.854045673460375,10.033103342158793,875.5851620256067,828.9071902228751,805.2015835721253,750.2285323892877,701.2977547153329,593.5764479128409,561.4424515636628,521.5527668879379,506.5291869612301,518.9124476670429,544.1969886524241,569.7705438862893,599.6813789775547,616.5766986446371,622.2335321175633,627.9940927858103,586.6568625289588,579.0343714715247,544.4131881361864,512.1241262592848,478.5475030740791,444.54259598537243,395.9711888838506,402.4854171669683,413.65932441528975,418.98523612937475,5.862053477897324,465.4401211540209,500.8275116970505,501.30201233159437,497.99225879097787,478.3916491093802,381.05919300521253,338.9962305504455,314.6518315468067,281.20845186712774,259.16707397556945,217.96799555058925,199.82281996640762,198.94829116459155,224.47494419128995,262.60311516762886,294.59096505840284,343.1125047030293,369.9007422254821,373.6399995253306,384.9997572377183,384.92425904977875,364.39375110793594,343.0261129818926,304.40034615281957,263.31204574163087,202.882011975406,9.605517135262257,9.059744601435328,13.357583290671892,6.515434104535547,7.690210442929564,3.838350815100904,12.51236326264692,6.452087368324836,6.931147772180741,10.747773511477357,12.00661298000905,310.76850370592757,302.7885427899626,296.1594080167788,298.3734926065892,279.7141569422135,240.53415648308868,210.57090181096567,189.7796913203717,170.7899072481084,157.69608710652932,184.55111080828485,214.16455751069088,273.4819367519475,277.6665606586448,293.0815966050888,304.42381569508143,296.52467383529313,288.95891468164325,267.6543413363014,259.4625819007293,226.374615686324,208.05939475843695,172.05183972132792,157.9335029043622,162.97018835065316,188.20890059527017,2.740064223395218,232.3581208614245,248.8641493670711,249.48323737691746,261.39520779776484,247.26254913108903,244.35520034642087,204.5082109476431,188.04662342989084,157.53390499624243,117.1984482102261,89.392151637699,65.49492853097063,65.09672681302523,84.51867316428005,117.04863245992172,144.03700138227725,158.0133571226867,184.32381440165577,194.82946746463548,203.0846221167273,201.98556140145587,201.77048537852536,184.81554995723465,169.60796737783488,147.6066484300893,113.34386744573801,0.0,0.0,0.0,0.0,0.0
2025-06-01 18:44:22.628,0,0.0,0.0,0.0,0.0,0.0,0.0,84.68362355407213,114.67820638176822,181.12011015479857,263.7617150136602,351.73128464985473,424.8099679008468,488.64019499978883,539.5047633726952,574.9432790502948,595.8071092090701,607.9412150592225,589.0449988777328,548.589943074607,507.130773323822,437.29682261874416,351.6594715816992,267.135438340394,211.6774292309673,176.63432330306787,219.09736816579567,305.3530067170674,405.6204779538795,497.71324552361,583.575147559876,658.6744181072074,702.1492207389896,10.6008635338142,737.0469779508833,719.963919622657,696.3789376808755,622.848587208409,552.9345664678655,491.9516637847537,395.1124396380686,367.0806505543705,320.75513368090327,335.40150363624787,450.38665636274953,543.4460521376928,650.5747352543865,730.5353523916189,822.0413869274305,881.8365610955018,936.5061434472245,880.8218453497781,887.7177881111769,803.1237656786852,778.6193775515862,656.3357023998933,602.9570717796232,561.1838791602603,553.0016917670582,572.2039998872916,10.468016516618,9.42318446051525,19.16835851517957,9.324164895270632,5.9910123697589235,7.505626583394932,12.40987073067178,14.585440773711591,12.067691481605372,7.939828666207118,4.529084890403237,657.0598282068539,570.3570637947112,490.63089293237005,406.87219167119304,389.8909601454965,399.4689700806387,510.00600701835447,628.7358770513762,752.0291406686051,866.6796621122742,969.3536178598209,1053.1028788730534,1113.3931824504675,1143.1911348963774,1139.2925525284995,1118.1018125822864,1043.6953618851644,954.6674319751651,859.0750580042721,719.0340848704918,629.7479651771371,711.9146497916302,703.7083174785196,773.8867125743465,893.9995880426932,1028.2822811104847,13.437699226302502,1254.6463711416077,1341.3251400038916,1389.4749655173173,1399.444493657995,1375.9861245466232,1313.5026215962962,1226.7320986899738,1113.07783863216,978.8621422906898,858.009398476776,731.9436075050994,643.8223866918288,611.4806930788063,634.1039862338332,691.62472037693,776.7965308668793,890.533464801051,964.4333530590769,1028.992301788767,1077.032547062009,1053.1476710498714,1084.3184983447106,1058.4657386983733,1025.3272499610946,934.7540010402066,862.2994000406534,9.536901140198871,21.232951789520126,6.2013243578951105,10.114560562374319,0.0,0.0,0.0,128.0,3.125263349337268,13.724814887764595,6.258143143459336,867.9031310907532,842.052604733901,785.2907187239775,726.9306872848089,667.9246566079867,564.6027127817831,527.4680961630033,504.2644426649441,508.56814345954893,532.1695881399554,550.1328611352858,588.6385694940382,609.175964375505,634.7367008786847,633.1456699708975,636.0648696455879,622.4817660780705,580.3747338529275,562.646397355042,498.9476696800004,472.99597681639165,426.45263038345644,387.27693828642646,392.095101868166,407.92924285153646,429.687129189493,4.640049307116368,473.20438730508573,506.61701778832656,515.6864119052001,514.3901170183073,511.4640447045723,404.4152414352859,368.4872862870945,337.0543032769295,286.40245238947,252.92147427077748,203.48312019284066,185.17638984225908,160.75996043377708,201.17170748295803,226.81655824841147,281.38509431669013,329.8523094057598,347.8356060910524,377.06252341947305,389.18936216406576,387.6943788443728,382.04009894390987,366.0335613113315,317.7457526403155,275.5120718054109,226.2610599575767,9.486901296823255,5.13238823882476,5.676451040403009,3.125263349337268,11.441506390489405,4.2312424754903635,3.9070008049387166,14.627394492520423,7.3419525812360025,11.815845944011105,4.289006892934476,301.60208923877434,309.18341890386864,321.9452558730056,304.5931331101245,289.09347480312556,249.6892326262229,219.92091382878056,194.28703202140514,167.35400300542386,157.50487741479054,164.48470301995607,169.58920563610187,241.1375105479287,242.20152664153187,289.6445674451036,284.96129145075173,280.438485657757,293.2035627464353,278.6275398902606,258.91683719298334,247.05754968155546,206.10489205750608,173.72963397502724,151.56543079543243,128.54644006024353,128.92129937400568,16.105724753600153,179.1674470985894,205.03637240432406,225.85526529133415,242.66545768181476,240.05957288573032,248.35624366972593,229.49859830239834,220.80840893774337,195.2818591298249,166.1601918837813,131.51170907597626,106.28893213662387,84.86448988031613,48.255492192100036,63.066120110032166,89.79264436182726,104.42441128419466,151.52267894762315,176.3037884750403,198.64952224577956,214.8242680562415,225.1927799848654,222.23149480760208,220.81323759227294,206.56244721988554,182.32463739479215,0.0,0.0,0.0,0.0,0.0
2025-06-01 18:44:22.631,0,0.0,0.0,0.0,0.0,0.0,0.0,113.22144441682397,98.12645848636372,131.35571446087033,212.9618276777867,296.8998811410032,383.3456973263227,452.8870472508333,509.6561857738039,557.6618620121332,592.3314905475524,606.9874175472199,594.1690588020641,577.0562050825051,534.7842913809565,486.4076657566752,395.85677008635196,328.51953453752594,251.09932401856946,193.62557221373828,202.27847163847898,273.5038626045571,358.17486644473485,451.2008929699906,540.8451025585472,617.9810168895857,673.0997552044449,12.426407822380957,731.2208563105543,727.6521222954955,711.4570309168346,656.9486680432769,598.9206886959132,540.1771565399656,437.84628865059494,402.5237816204506,351.5868972023759,334.84021846560046,469.3904755500689,523.0608160866457,601.6805506122457,680.5619536577176,797.0617247092888,822.7999062609647,892.4256444154821,882.3497194762084,914.2042108537945,849.0805837105889,791.8829004770286,708.1988831895695,649.8028301604553,596.3352358054644,564.5187393184108,596.30896849651,19.114129290509997,11.359683057626361,10.296917059547845,16.235543710420025,12.309495984555188,12.216197316244706,14.163348174253413,4.900096923782209,8.048396049934258,14.965925277332408,8.01339697859212,706.8506172275459,604.034012293156,505.7102988533352,428.00306351230677,394.962448339731,399.8561515925829,497.03053534935395,619.5431701464018,735.5368405714929,849.6384712265005,963.9859547636214,1050.4536256959943,1100.1432250110809,1135.9279654188754,1129.4341608283823,1104.4026129727051,1039.3606009605546,955.6905548582102,860.1237804738464,736.0789176602683,631.9264584981361,707.2550788930898,656.1427309850129,741.4600450893547,868.9004136844961,991.8690741597009,10.383438843266,1235.7560498985454,1318.9277364000316,1357.2904507033236,1389.6106690533854,1360.8935085628752,1302.0995789504673,1209.056917425462,1100.4328016823931,979.0306596732581,832.6179938717773,715.6806718960985,613.6365785229791,574.9933040253347,585.549232692838,646.6168398270962,736.6541585349254,833.9570084234531,912.9586244863088,983.8549585672288,1021.0152554967171,1025.8172963178624,1040.0634167215485,1021.0238869219932,973.7885822358382,896.782276938485,821.2319443995377,6.4159833677758815,10.906428523841207,4.171517774603536,6.65488062015056,0.0,0.0,0.0,128.0,8.005053529487501,15.756983314538738,6.707205304392457,831.6651905965755,800.4605657890501,742.9797511093211,690.2482156438131,638.044470099626,542.3263699645432,511.73707833970036,495.0171050644229,494.9574801829027,507.3267962738007,540.5094391992677,568.5052609992186,602.8300402116029,638.2128772048513,635.7000533607766,648.6560609073745,612.4215014664255,585.6639338626268,567.6569624825268,514.4851117209379,480.83517269544814,437.51042633907656,393.52193889783223,393.56367719182765,402.72211093081535,438.6455262358291,6.670772560348206,493.93918582123075,522.7243970532551,532.7114731815939,542.4435971251598,525.9452685254512,414.3748587445316,386.90614544760575,358.7195344563891,306.1415067002652,280.4884018148187,218.14444435921104,207.13975158286598,188.97289685028866,220.21127862580067,254.42162481381962,300.85446531247385,330.78247004701745,357.8883153623271,389.87357269346023,380.3072511878545,371.7138000525761,369.2014917515301,350.82384428285036,307.8589322804835,258.4630356108733,202.93346880893708,10.104603899168792,6.039240153721613,4.338661992864215,3.9335823617296213,8.555545502663836,7.296103424640517,6.750814949328564,9.156825792342936,7.0710678118654755,3.752728956208614,8.002291218937225,280.38922768792605,286.0867613151565,287.4593749632463,276.78528286217,241.72146751003896,235.79780671859686,189.4692001311812,182.73287914733487,162.70015574839877,169.66479717478128,190.1354409691092,231.92030216424857,252.0023190706236,269.01977211910224,288.7794598408365,284.2062943247117,281.46465759616507,274.82947111101464,259.3600465244144,227.91986303750278,185.73935474076285,163.84298916670008,144.1776937459494,127.92528658281456,131.07600592495507,163.85162955055563,4.882247588343427,203.79087476024017,221.96188425249505,230.19838326704453,245.36234151754454,231.443213008002,220.36094894992215,204.26802962447147,178.7511797412233,156.8613144056652,127.761112542463,78.6236401440352,39.31302494079402,38.769491979592296,47.31351673266724,89.32883534205973,99.86206562770363,133.95293219814306,160.87091990255482,186.71660867855832,195.51458407590997,207.70703241923863,213.74022283187944,205.97872878558357,193.9403062435183,182.8654824353509,156.94017325093517,0.0,0.0,0.0,0.0,0.0
2025-06-01 18:44:22.634,0,0.0,0.0,0.0,0.0,0.0,0.0,160.55887352022512,98.48922017868232,146.18987076892472,268.4207528988206,377.3889979131902,480.0699430801243,576.6991548569318,660.6044979739563,739.5742190727523,778.5196583293214,809.233281241873,803.5280457916294,773.0279057674031,717.4119567210539,669.9883826405037,588.182425546561,486.18461151440175,366.8697243471143,276.1614213296422,256.56247865050557,336.47912258675905,463.3342340380015,566.1740466494955,703.0242507759851,808.7529048872032,884.2849317275759,9.413966411547243,992.8458609879376,1006.1009881294824,992.0986070313668,935.6147816169364,853.855224359321,778.4019415840589,650.4304927074022,553.974265309387,497.81838542987066,471.4800620411789,601.957579517326,681.9235818784759,872.5766513353506,960.1417212126711,1058.5454147480737,1142.0112553342417,1247.6184719552066,1212.4771480819086,1259.8123379720405,1187.1222856136453,1103.8802404322337,1042.5606485339024,900.5340554812701,847.862268764973,814.4406791742967,819.3124480644635,7.874758364580899,14.913409901807208,17.908178229296084,12.859234818872519,9.225727689051562,27.09311218438258,13.18417571162353,15.470838647949275,13.41822410792859,17.07056480529359,15.74275864430475,998.3649499557389,859.9805982352877,719.9649902155893,569.1399641315676,529.3801334431682,538.1312753718191,655.9796081929383,842.7397447190942,1028.6801812060403,1205.2504298713502,1371.6589854830904,1476.9196550390861,1546.8976073130598,1607.6110513947249,1597.676413037866,1582.9771021679494,1486.2070104565423,1367.2142169971298,1189.4741818416896,1033.592487231746,863.7005293506223,948.4962192614435,890.833267181584,999.3543268696119,1160.7232301989711,1354.3587403507654,18.181669708961756,1705.1803415527315,1851.9922101899829,1931.819343604699,1946.0174662745978,1915.951284640879,1824.6705688815973,1703.5512341510935,1522.611454742667,1373.428950774034,1161.208503762638,998.2860635519414,829.9701404456287,748.9055374108821,748.099544643933,861.2624633988459,991.2482659692973,1128.621997631847,1230.5073152271611,1354.1912261189036,1442.699302610608,1435.2024515490648,1436.209521606298,1402.405587956151,1320.4410195564778,1210.0828397696291,1098.4979929499864,6.6305629308467955,14.486695623132002,11.664092960456948,9.526147158548628,0.0,0.0,0.0,128.0,17.76549608611333,17.77603489599741,9.495206488469611,1119.6286300537954,1075.3354364650959,1036.4433566786845,959.7309353822245,888.7436073789229,767.3154769641084,729.3621056610793,672.4187233243273,649.8982496875278,622.4144256976961,681.1443421488862,730.0971872830355,763.3798159599733,816.6100142222955,832.982575790245,851.3046098165537,854.9422851989699,820.6310478867277,736.8377424614861,705.1977026413831,647.8061153148302,605.1091605728695,589.2358964398065,553.0558510588285,551.7247828247728,590.2926171756144,16.740324453106467,679.0078638478681,723.824945673834,744.7889822562959,783.0611193788809,762.3576100844998,598.3177782913313,562.7989223428442,536.0228211610297,499.5943835067762,433.9136213529672,380.72062188817176,322.0664849802639,322.19081136302395,334.49157022323266,396.2391571655952,442.38308262060946,486.1113490411901,536.6991887019601,582.5957517223131,586.3315122109227,570.9371109958397,538.0976633344128,507.70040243393214,440.27308660153926,353.2348953393166,311.82324884431785,16.872359013881876,15.043118699797816,6.8710929045367894,5.781845050814758,19.836194594417872,6.297209210442763,20.530277567794638,16.4898636399537,16.398103132693393,13.902797036070035,14.248254443999723,397.4565927543991,379.34303083319713,405.8856931276903,390.1576886617232,355.67504295154,320.4975779238115,268.56283293304523,219.83238945564287,230.38820950664447,211.75979864616656,237.42977114578377,289.4633849280775,303.6121441991046,355.7977561106822,391.8531204614726,392.8608453442787,354.7891568282668,359.07775275470334,339.57597359741874,298.30735989275786,281.5827166054367,232.2639783384133,193.89980744188426,188.97933331098045,194.73222959045054,225.35643669658324,2.0293049903103255,291.958492201633,290.2250234322452,313.05205928586474,307.76453006144715,295.62017659648103,288.61912987912916,247.66036923527557,207.8044818174187,177.44026720436682,138.10383633261077,83.33320861690973,51.623120431611994,27.05553287693594,68.76463922323983,106.32074015549043,132.95725604607873,181.28202193546736,212.23736699509848,225.98455126330038,252.5256306983831,259.34375151418135,276.6701750750607,266.60310546484743,251.8072240086894,230.19507199402793,179.15725363760862,0.0,0.0,0.0,0.0,0.0
2025-06-01 18:44:22.639,0,0.0,0.0,0.0,0.0,0.0,0.0,183.34895526231907,111.6118296205541,157.28307710655017,272.8282923097713,404.242283643772,522.1501485821357,612.4995277283622,706.8254362807751,779.2927690643523,837.1063201755958,866.4975427910435,861.1994467696568,824.8369529087702,770.8577326430725,698.3964610181336,600.621829194953,467.1306416650548,340.8534963793343,239.3246395175212,229.72613040838408,315.0173082389712,464.9240352903338,603.646171548477,744.158318677648,866.6036671786613,971.4344027443173,8.089000340942452,1055.357146822816,1062.7394056600344,1050.1774850058828,989.6287962747425,927.494716984157,798.6423842419107,657.708463271207,578.7456778497534,452.07206067144045,461.79489925894177,562.8615883576592,700.0484386172582,859.747288783788,982.543051867661,1082.449470853146,1252.2799333028443,1264.0280299279539,1265.5324384699545,1306.4962357789868,1260.2115983667354,1148.9157354934646,1057.7063737245544,938.6691336376508,846.1544133335632,782.1420666789965,788.3370495708507,6.372929225955791,13.761284553134896,20.919746785659182,10.387347487255626,16.855176876656856,7.358248092788436,13.811948342689286,26.3491422045158,25.055166662750825,12.490553268729887,31.15229765615555,1041.0443721743509,899.6088631217868,713.8828001865284,568.2280794169477,479.550480086243,512.3424447312683,640.3096250426119,817.4815899060866,1001.0996387628081,1202.2444241377018,1368.2588676319378,1496.2048750685271,1583.9473570625419,1631.4530407749821,1625.1866653732072,1592.878417827393,1509.1860979906096,1355.7021299519254,1190.1230919797174,1019.1957774340839,834.3719599354539,910.142984460225,842.7921127162945,974.3027211594817,1133.0139526291216,1373.3096044081142,23.57711792718809,1715.5346528567266,1880.3629225975862,1944.3852303019414,1963.6434371208472,1940.0750291656495,1837.1603526155081,1728.201067760117,1544.1547728906748,1351.6076720319804,1156.587868337009,970.7977556338762,802.4248286793434,720.8776091638308,781.4035448474406,855.0187701833618,1013.5570492599566,1155.8533531606356,1296.0534719054258,1390.0095840887047,1446.5542660657218,1461.2276573275049,1457.505149608242,1417.0504169041244,1358.9935930481997,1229.320961202853,1135.2870628667501,5.509865046536713,19.0251357401535,18.699908290357943,7.023166091656808,0.0,0.0,0.0,128.0,18.63867504291697,10.665606934471544,4.662774221533344,1121.854545793343,1071.7775613261922,1011.1235869390789,944.227770658257,843.502183501543,745.9885637324271,704.3790541539269,671.3722080772699,674.6486659590867,727.640855084471,768.1181076697926,798.166959413813,841.3451600980696,872.4496783633488,895.0379551559947,874.8233682410993,854.6142900656454,776.7828755395153,729.7113316945347,654.413645815196,609.0480334902379,555.4317229219937,527.8720763918114,556.2434264309419,565.4107027664999,602.259895820504,23.595360479355826,708.2763575095327,748.5713317735554,766.1171664011569,768.827494537177,731.2628683570417,557.1726270926395,502.4899868554909,440.95698066517633,397.61249455583413,327.5573212774424,276.72073414082774,210.3739469852635,231.6121639715705,272.1546875923858,334.9902265271601,403.6611290346748,455.1417393933167,502.73240200609854,537.2296238078725,551.2071908405537,522.682368316666,514.0190273225323,467.837417901061,394.1670064634731,354.96514883166094,279.9966953752563,18.00671323924004,9.635574199953481,5.20840276916793,18.770809171133898,16.351388549199477,14.634294469123372,9.181669524326784,10.262836885821786,11.29838919823196,23.392046999805743,16.40657579483967,413.8443580614826,397.412964048288,435.196282760236,419.1423411112505,411.003340518841,343.598818239192,291.68362035210697,270.4326975082201,250.05966012122627,246.08462276940347,224.04140655136072,296.50858376396764,329.65461536786745,360.9716194351981,422.4924605705727,407.77598664521133,378.31909048814896,368.9877147067187,349.2511650123791,310.3016113235795,288.1642279315583,249.43440527580668,201.0653850470922,211.17977287832414,205.9506185802906,241.01492681822796,4.717241379310337,311.48787940442725,333.6958361330941,341.46683589224136,349.59891589237947,334.13145644533785,313.3506500361054,275.1275411612171,236.98034570877545,195.18013229201472,151.05806389837758,98.79805827501968,57.966172107508896,32.003970305712464,67.45956757049433,124.63792524961701,151.35586162696106,212.47717846985057,241.7166442803239,268.04876610397775,301.01874175305716,297.7701092563412,295.243193863718,296.36375045769756,284.58801572275627,240.48984338341734,204.5297809868561,0.0,0.0,0.0,0.0,0.0
2025-06-01 18:44:22.645,0,0.0,0.0,0.0,0.0,0.0,0.0,140.13029593088692,114.9680720621456,205.5376836299405,340.90443512741626,470.72364659372465,572.9090939595521,670.3868237931342,741.6914425873736,796.7517718387317,856.8340623522469,851.8855442250696,851.0507479384012,804.7060078616478,732.0811696422392,650.901731511332,545.7137207727089,402.42370641464976,277.79383919511474,175.52478882522647,237.00695310361817,366.07746192873446,500.8126135172961,649.1808699885444,768.4951821745686,877.1090774306635,982.5055359453332,17.71633093911759,1032.8135470174632,1035.651322205131,990.1681894701295,882.6313610581182,811.5583565511546,693.7595669532625,598.9727123057861,461.41775922872364,408.7454786320231,429.8053013500531,503.29896924106913,658.8993359238267,861.2722501331992,965.736956101254,1078.887503972057,1176.6804255838615,1246.211027013828,1261.1804365359512,1225.3287534134347,1195.4852370212946,1045.2304324106308,971.3393178843891,850.8870140909963,768.6908668352002,716.3787351395474,712.4536563184952,37.425840001743396,36.882143995007915,20.163814718769668,5.694959009804346,15.755642529413189,20.86954803499202,41.16990445340237,5.130369279758963,13.666605194609511,12.038917226594172,17.332575482257532,948.8827919325756,779.590086967578,645.9348794742859,516.4858447789168,462.24570785263785,483.32690102682005,609.0400580706597,791.8272594210795,974.5303457349252,1162.356734425687,1308.6022967373199,1417.6321639623231,1520.3577458250852,1572.8614271796905,1569.8258838539216,1553.9349657175653,1460.3077367281405,1338.1345623003588,1160.2352878711272,992.4261606490428,872.9209747034703,919.9398109970233,925.6429067089236,1013.8792178980959,1212.5261931489788,1424.5965583804202,10.902489839930713,1760.4765780162893,1906.8803188939416,1949.4450289261506,1981.3536224772633,1916.7032922977542,1841.4227666055951,1718.98870889878,1558.0202889003974,1392.5576367499386,1208.9968881212847,1012.8166191029505,890.1453994163018,841.5731829634228,882.2278765648837,971.7171830041985,1097.5369691985845,1223.2456973616802,1352.6961581381902,1429.1662592147013,1477.0303137168708,1505.599701477103,1474.002057687284,1443.1690562325873,1367.786832924468,1264.1566716908605,1158.0819679068704,6.9625499173081185,13.975770474817931,21.954250288420514,12.984615427964455,0.0,0.0,0.0,128.0,6.2358440992190385,11.903712302973823,25.178523906787866,1141.2445843861183,1075.9336552319533,1016.3772920401382,921.3133078758885,831.7236751058376,737.9373625854599,732.6946979008846,688.1635485852258,691.5907706481552,736.2772863161618,779.303265815166,809.9632639800709,832.9749396312518,877.0155564314668,854.4449220158168,871.1563661735407,819.5747556000143,787.4173272480759,708.9418078868483,659.9906029657031,625.9834841711805,610.5979583767224,584.452697443368,575.6509736154735,624.4879731897985,665.5097361346411,15.806643408492935,735.2986279327242,730.6595625293048,711.2196015024836,704.6300518208669,669.1434973872888,508.13359946021166,447.2768981949095,399.79337527193053,343.25847060170054,294.6889417331069,255.0083349128375,238.73611366703847,243.9511564484707,309.56790094564485,363.0509479509807,408.6780175227693,456.8579265179406,485.05173786655956,496.13110266636323,494.9912519338801,477.44363865992227,445.92786821587634,387.3457355141982,326.12278195803367,276.0532611328735,215.67083780253327,19.15765170497749,8.119031073649372,5.360372589663786,6.74940334709118,15.268869380682272,10.540870748413225,16.43597067093684,15.404290487119217,11.950742704195514,19.433407619553652,25.409900001486818,334.5985726117507,350.2407762172708,341.16993442589535,332.45243582529804,315.1526609120166,241.0321791708023,238.10280158540172,214.60308892347575,202.43801895182378,204.59584830812437,223.4094306060252,269.0919820869651,291.82471799598943,339.1724445418038,344.48273791078765,352.5339215655372,335.4897914599132,304.1645149163133,321.78854223293496,276.7899683018098,242.32329705030324,198.04684859252689,164.45530745398395,195.7417098048527,206.96698431370137,226.96340382268457,3.280567833766694,295.0359945083651,304.14879980811196,301.31277751945737,328.6997344207509,306.9249995456535,281.5465861527268,236.65055089160307,215.98785314620923,153.28591934925095,123.46602490371427,82.61989785833782,46.05969387604456,44.76705718159927,98.25594985967473,142.3071927225046,185.0440986400221,220.2159430694312,229.14143287573503,252.70964621448852,272.54591688837525,257.87339590514307,257.29238451991216,248.09958371246302,230.47696366926309,200.22231269520543,149.9602697723148,0.0,0.0,0.0,0.0,0.0
2025-06-01 18:44:22.648,0,0.0,0.0,0.0,0.0,0.0,0.0,179.37984034122746,136.5407932099198,223.58165113318617,329.2929558041703,465.8923671097794,576.7392798248025,693.8112547564633,774.3393104083993,830.47100121805,872.282926406739,905.5154229497626,885.5045212823861,842.4046121827564,783.3276390542767,675.4556222255574,559.2156480072098,437.16361828159415,314.61788548889905,223.3281671476631,263.65413392610844,386.56215112328823,538.9387142410144,676.9585081803519,795.1076206666447,914.0408073668793,1004.3496258436261,7.461195691140901,1079.5318712485844,1088.2007972832675,1024.676215968796,967.3271100955997,881.9907698610424,738.5782889837062,611.5152850435943,501.6205487511262,449.9869463280844,461.2107692595458,604.1585909577861,742.6316484302961,932.4330702730039,1042.803787571061,1157.9510918548408,1233.2864751335517,1323.796439458656,1322.796523819301,1300.7353968456443,1244.30482564343,1185.5260785807845,1047.8466301992241,907.9644503273647,830.0238091289981,810.9906460312835,794.8951482536813,10.523841529098473,4.223578027923992,6.8754217203574015,11.971335243023331,22.598118629116556,18.16316127465722,19.103397898107513,12.488983054196598,8.747288136277938,24.39817814095675,4.042560562382562,1047.31481580997,882.3574681447574,739.5336400300046,641.9338462803006,564.136215830563,605.5791110682858,721.6921875434467,923.6514583129962,1088.9260607413003,1269.1341803108796,1423.9545993529164,1567.10533441261,1627.3681248216885,1679.49392869284,1665.3925195936788,1633.8898012226523,1530.2273138553185,1397.7110892831643,1256.6112660241106,1052.3828507095604,968.7795427037757,1063.5000031700074,1042.6023823236656,1145.663204733824,1340.1769251000992,1520.265415162776,21.075361913805043,1850.2123236281832,1972.7355409688578,2026.1155937583924,2024.4299082444522,1981.5231391414181,1876.1410485847791,1754.4359926265372,1595.9239538622721,1390.6176226528987,1242.4459907194891,1068.7078802916321,952.2236155513417,938.6755962972015,972.7382737253304,1037.0483353241239,1154.4959064859834,1271.9456114305008,1387.0513936893133,1446.3341988668124,1460.3300870265145,1448.942738968657,1471.9599037797345,1434.102858283947,1397.0116086185033,1270.7524151575626,1194.3178398910784,11.830036821098771,4.33108518995647,15.1167540877965,15.451493081388929,0.0,0.0,0.0,128.0,27.220178096797564,3.3117791234067013,22.356136090492285,1168.8863327743725,1112.5017164054111,1055.0889012272357,986.0840755511011,877.4124447675819,796.4896597425197,768.0626063227387,760.1183456888965,773.5176668344513,841.4147631424773,868.132403758944,930.5737310726912,914.664918616271,952.2312910653159,928.4379837327199,950.1743877834388,884.4791959845677,847.4169735851588,807.9747203467738,715.9351772321479,714.1862972346556,658.3466343513804,617.9461846006676,646.6286490287014,690.0553493495535,714.5387429158992,12.19161494732333,791.5190440657268,805.0583935786908,769.5514487409954,761.2205786150538,744.0028682953352,563.0418520247042,471.95501757485926,438.69686831875265,365.1991526569262,332.6412687715982,286.11869772246416,289.0043821694678,306.29385179585813,332.35941726612333,379.3113571513074,437.45691455268206,484.03873857244895,484.4276028580391,504.6231494126683,483.0191323393684,469.4590629004108,448.6283577050898,374.06907774177006,334.02936245629013,275.341468426686,191.6518308620908,17.934986586952572,15.266867215295777,20.55330385791526,10.141675718706217,19.85969342268099,18.92375147427521,26.566632172484546,24.971089109605405,13.004032043797945,3.555343902570568,12.15698378530536,344.7682091208547,313.7637635740982,351.6693641610946,311.7173051004607,315.0029167055285,258.6316431315176,271.5093757824987,265.4760111235644,234.50213044343857,237.48383942286335,279.4036518966901,292.3475159516824,324.09558325016457,383.09987305135235,360.2534654954527,351.8353382937687,360.9863168001094,327.5455362987642,301.95202775616485,269.08112206854753,246.78099875116493,219.6323754992741,206.20974590885234,212.10878900140568,238.94519186163097,285.05752964464426,25.59943067162179,331.121759187726,327.21960380330256,334.6081772451563,334.78117838233425,307.5163356919332,273.50557895319844,228.66939920869882,198.52558887043068,137.46236352566748,107.50433428009521,66.92523427335175,56.39870759271122,81.76291702768007,135.56882529593122,183.42982424728436,218.66902925723022,226.07090773419165,252.86397881561845,276.15872540002675,272.66799203019673,272.7648815253803,250.06644413589342,231.8125567571472,205.2444541607152,190.93601333497776,142.73686886578145,0.0,0.0,0.0,0.0,0.0
2025-06-01 18:44:22.651,0,0.0,0.0,0.0,0.0,0.0,0.0,172.69071315775201,129.0111796700511,202.1336798973564,342.35193981961925,456.7506628311851,581.1175417065673,693.5460871633974,781.7106964524679,844.8119115608619,889.3240103822809,925.7976460016569,906.5337596389685,866.339228896879,794.0406748661316,718.0529235668743,591.550196647332,440.0759138846116,325.9268978168681,240.75992852518732,266.7277734101289,418.23072146501,541.309057334849,698.979623161102,825.4643054127262,926.8905588347131,992.9048343151637,24.25169388069053,1099.4834794666015,1102.992802812683,1028.4373691140556,960.9857003094172,852.4708669377287,744.9790053182413,623.3044953451263,525.8854344819033,443.439085562418,497.6564133121486,635.4864207933355,780.9830833929843,916.6705221707618,1059.8069787818597,1235.3839387027626,1293.6976179664239,1363.474802181959,1385.9343037547092,1313.3461416861135,1258.7874281856966,1138.4027784841564,1042.3068730169955,942.6043620819657,819.1879782588375,806.6076563432063,813.3821304569699,46.155568683891744,9.190948850592804,14.28143165258296,9.06987327826424,17.715509522400648,17.69335061233052,22.826174344135733,13.037337424954545,14.291542921684574,21.2298759931189,4.46815165762242,1032.182141266076,863.3119440088808,752.5541946448611,571.1206234785651,518.7792184248596,585.830024680014,721.1772868442779,910.9243200503234,1088.861890913738,1266.6792542482558,1439.6391680097786,1549.2744103346913,1635.073574907516,1674.7520224804975,1643.4563438265493,1647.879164004922,1512.7964242693165,1380.158049204984,1215.8524217923175,1061.0272211750573,931.543829716978,1052.9917722253022,1026.0212538969986,1159.219142254643,1328.472043736106,1515.071164551093,13.637651842274837,1844.797486323862,1962.761089176799,2023.650588413317,2019.7770705751147,1973.1214172691875,1885.6300934195056,1753.7357362263458,1596.2791355362865,1417.7946086176667,1249.9880260466482,1073.8735314258483,981.7445025614044,961.4456824808501,979.0032456379839,1090.3045708741013,1179.3013291438701,1289.4572870257937,1370.6079044975486,1455.6987866974125,1502.840729909013,1507.0801956485752,1487.550023838917,1453.9285949083367,1419.447834510766,1288.5939300060807,1190.3053077148359,23.94482758620711,12.49074586045841,17.874647382882603,17.877673157360483,0.0,0.0,0.0,128.0,26.085651875427526,30.287772133553702,7.682843589566225,1196.216220985403,1123.494211315311,1069.3337360935707,974.4183953388928,902.537081529355,810.0243279459613,792.310634752597,818.7414819512062,806.6378856984927,874.0747087041657,901.6518854940753,923.6453418697545,958.0875600577741,980.8846310308486,964.687229849898,959.4145010949545,932.3674804849013,861.6544322356056,806.3768166421158,761.925899924062,745.0328625287262,681.9669749589671,657.9869840286415,678.735759583143,712.3012361242778,714.3108685058598,17.094097036232842,771.2556000271273,778.3248757403231,757.2335593485128,731.0556242233491,692.9421185336685,514.3133964576172,437.29168880741895,382.7959904493076,330.42068484487015,275.4523932843593,234.51267002042252,272.61425729243047,326.64830637196314,338.57312480193343,383.1983545393068,413.69989527479765,469.0777700655083,469.0550412756235,457.71707193261324,468.435460074699,435.19415294294794,409.982057266567,372.31442250385476,320.7283701180023,260.0885232018269,175.1756405155025,5.886389099098661,18.016245656947298,17.048078948656457,10.814258315194714,10.340362804221373,18.869651559734155,17.074801822147933,13.655248673207012,3.648920717003781,6.387477689214828,24.45620526355208,354.7998680167986,336.3659782836812,352.138403304748,320.5577423481747,325.163340934413,295.4991425446675,259.40352189274483,257.3035082893463,229.05067134833206,219.69909631048176,308.0085624867597,329.91093849230015,372.01153588828896,400.8556420897322,411.69067093716956,413.7784047780359,404.4580875978589,397.5805868921768,351.72452441527065,319.1952491274078,283.6355266972077,211.47738826755514,225.93609844121687,232.92604934989004,257.9195630967344,287.27117622092504,10.272534284829888,355.00987739082757,379.8793523699519,379.82998475921625,382.19566389849814,360.21368981897473,323.9665305964105,277.7741311372251,240.9197977492737,185.08844946609207,134.07629912103675,85.06077504358133,74.2430386379515,94.79302470786442,143.9704663559526,193.1790660411988,229.32466255140062,242.6833164454366,267.17756213257275,300.4248622050743,299.41814966635695,299.0869805232006,281.47979134100535,257.1375916163302,238.27420050578948,193.56879147653024,139.10612185014756,0.0,0.0,0.0,0.0,0.0
2025-06-01 18:44:22.655,0,0.0,0.0,0.0,0.0,0.0,0.0,97.78665767681461,66.6693829460297,143.1636908600251,211.43271593822448,308.2970494401799,374.96438982667144,443.56335078169263,500.84227196900906,542.0307803387611,581.1357271822509,592.7385515119653,572.0261270753039,543.4141519559307,487.25228561992884,437.5971868967048,373.0280867926769,279.24822888245103,202.6876146335763,135.97902215978405,166.78669423267843,243.75527974329722,346.65037627353246,433.61735305537536,528.8321591503334,602.4429304818268,644.1350086158345,3.2422433021496073,696.1182071262102,708.9660381659813,674.7286977087399,614.1608665980195,539.8471741267635,482.0083077050453,392.36824828495696,335.4056758801476,278.3273081421867,310.4999525562463,402.7349484723821,474.0605592273161,585.499695039201,640.8517445559223,752.4493115122605,842.2883992971389,902.6622049409121,890.5154051866571,847.4533738416,793.7531093671004,792.4218109827692,706.8550236006977,600.076639336747,549.3841364539508,531.4335199825557,546.8119218479756,7.495028642882395,1.4935658156675933,9.228288092299925,5.026623037967482,5.043195961511456,6.546754442255254,5.248239709800705,7.096132384970667,5.2279602369249485,12.981051184755906,3.3950993415097077,687.852057064063,586.1548160989045,504.0870057894597,413.26145867327426,394.5647632461435,414.85664248739204,526.0314536187165,650.0999116850834,756.9721464494388,875.4036266409521,992.2331408813988,1062.726443043988,1109.0955782585763,1124.5231714131535,1105.208126724869,1080.8616292175138,1000.6835240163291,927.7392501071995,785.2722057521922,682.5655875569577,617.0687669229463,710.333598712812,735.1944141668639,805.5282795357812,917.623218163246,1023.4503079001692,13.04890460719461,1244.2596401791886,1328.4237985228503,1334.043405895505,1347.007171482004,1294.808250735199,1237.2959513794065,1140.390386208851,1037.0491196161747,921.845053391078,808.7511729780063,714.6773985559214,651.4279310112363,634.709421334103,664.7640785365401,740.7005777150525,775.9942136914228,877.5049755660705,929.5015118180863,982.4279402148259,1000.7617568942118,970.7974612318669,978.3659113551158,948.0030128306065,893.3384135346856,831.7854199777869,790.2604911837504,13.859552499587764,11.117356218784666,6.326542120539188,16.22918972156527,0.0,0.0,0.0,128.0,13.158105634535374,10.289387253524374,13.075862068965478,800.8879243521159,758.7029460048758,711.0038652062809,649.2463241865987,612.7240861942023,541.8981797990218,549.5013594212861,540.9799563679356,542.7068568098373,550.5394729348219,588.4439507081782,626.7224936806184,636.4526448585724,631.9471317449543,618.8865605444139,637.4179470710083,606.1091593968046,572.000497748336,523.1854819150614,465.46181161193806,458.42846818023656,452.2726334794471,474.9434352150963,465.5476980220388,462.5260024582788,500.82906323471053,4.6278557445054425,517.1424079099928,529.2582081845597,524.3658594529729,505.4541395296421,476.81301217669017,351.7529179642891,300.5700091618502,287.27127109559433,255.30440501822122,221.44008577906777,203.09241382041154,193.07364748347922,208.01867647765405,241.6526472878178,282.6289737592741,301.00810742166294,339.15959273231516,336.480510772944,360.03610500219906,352.40700157822107,337.19823913389695,307.87214488559005,293.40704824657644,248.74310712830876,200.2897835757129,167.96841941714703,11.899012570160291,7.141310777128052,3.2124581534732344,7.888876009264664,12.16656261486428,12.933431690120893,4.046299932973075,3.4012588158739177,8.568889935650958,13.239060462922454,10.624413233218602,240.78904808681543,246.310201220525,254.47733924695507,245.7483952152807,217.6503416157398,200.2678068468573,172.24614872975647,177.091659631039,139.85083855691417,171.7136890788751,207.0191171887,213.84707949011963,247.09987290596752,261.9169184140962,311.6762434427995,271.96148597487877,266.0937433821553,253.54638791659883,235.03716794489063,206.70925382430573,187.34151459040248,175.49652719096585,161.27766931389755,166.55179480650327,184.9477502463627,206.8935684520977,6.332381013107236,236.79036145846027,265.15896660873386,253.03251051753412,238.71156801379405,232.7422395620884,211.82516019259364,185.8605867735111,150.02192022433198,110.20914333936146,89.43608082258204,62.23264511281477,59.627459187965634,83.13453217020756,90.14390599193796,127.02669272489187,145.85854791625476,173.3886981495813,175.22854475758493,178.8602445546231,188.6433051451319,181.94145027821762,173.9311798241127,156.43151174065403,139.8440075090246,111.9213902034072,83.76725632539419,0.0,0.0,0.0,0.0,0.0
2025-06-01 18:44:22.660,0,0.0,0.0,0.0,0.0,0.0,0.0,165.25326156980452,89.93256700218178,76.49754316306971,154.98861961002677,239.61804150878794,329.95445391094705,411.50806852902446,479.5042437601074,534.9201226254401,583.1738989870333,591.763647932047,600.6085373457761,596.6887564451929,550.9365170467069,513.51755887713,440.4726529204187,350.6827531135964,258.6149664907968,172.4479175016095,146.5289277677247,201.4355643009498,291.25165243113764,396.3178403889546,494.13816009204095,570.3657704573518,645.465746630976,6.365742216421111,707.5763912758124,726.0101843417232,706.9917962118101,660.075510714811,603.9198862806405,531.862638118018,453.3600067221204,377.0925080139423,318.4569104730076,272.9803584345673,361.4377796919128,442.27272855061807,555.4735865349725,632.956762472591,747.0050367026304,799.4388134037911,851.4006290020767,869.5072645416533,882.8460463689408,855.8243212706059,773.4606331667482,692.5410149927906,638.8062194831595,571.9400714215251,511.7150703369164,494.5161676370544,18.14112013642403,19.509610512065947,17.823070291027836,2.6331942205099113,6.739757364597647,12.135755426660003,10.837917668871608,8.140855002489275,10.158800072885949,10.511705223429182,11.968197022328189,694.0763871355973,598.0662578619078,506.96501278114255,417.3654862489279,371.3705514829704,373.8954052642663,464.60221871552415,566.2262032233399,672.0205802696712,797.6130358810676,900.256945240175,989.0384036400142,1059.1100680405411,1083.4059365241408,1086.9405284239372,1074.6018421262588,1014.7436553342471,940.8275481472303,856.5000572163275,743.7728986320136,651.727750315262,728.2319123199704,717.9688070395258,770.57146157741,875.9642063012263,1005.7269102289896,13.945047811373087,1205.4675529894096,1298.4720820078437,1325.3337131736832,1350.9494775364697,1334.49647797032,1276.0240125992361,1183.8290256380578,1085.9667204170742,967.9574232384075,873.4963999690424,776.4261912885333,680.581521254074,676.8552252555768,683.9921653984804,744.1191210360583,795.9784759442603,864.0227187980215,951.3298264263511,992.1562137002644,1017.1965680338398,1026.9013535004997,1008.0655930055077,984.4074015053837,945.6028655174663,888.7154880854051,827.3142714469884,7.6632568327152315,13.181136734859308,6.371556108186632,6.691561439999074,0.0,0.0,0.0,128.0,6.371366445812025,4.967666332493438,15.668965517241304,802.6262849227722,778.4965467451234,749.671972533245,698.1988615382185,649.7087353616388,577.4757394588083,568.7169796122063,558.0813794825806,552.8343177078024,561.5641448638108,593.8410680441406,610.1404844528462,635.6883443001288,646.1621174892682,653.8594123933689,663.7130165657887,622.8389585304219,610.0592886881458,599.9595819220815,554.0596367559172,535.9842542427192,516.4535140621718,518.451513518713,507.8824821661553,517.788374705222,519.9425149108591,10.271136698962597,550.3512245015145,541.7210554938925,536.4951236399662,524.2631700610534,487.2066902054039,369.8247494900031,327.6040558399145,295.3580558998187,270.2646734396694,231.70156755266376,229.352794641497,221.81498113417294,252.3658305967581,258.13082817490493,284.73860061546577,286.6554121238709,333.37112578573146,340.3438112068063,354.3796975489436,333.60721735213707,319.0859962783865,290.8279667129743,262.0260034294753,233.3977824911913,194.08858374451145,163.28230965430862,6.714212256266544,9.58133461273143,12.01253774358478,3.581094800137329,11.830203019397109,4.718874490447888,6.017908725876934,18.389621671730882,7.4218339120400305,6.714212256266544,5.059738622361294,242.01247408356326,219.6195322877935,233.95671095337588,206.5764923086119,207.43098727736705,201.0749100969166,182.10571173805747,177.90489004707825,182.65454958639646,182.96592925570064,204.49701135465094,246.84637223059116,239.36603976367425,273.4402606568345,291.41332849418177,261.2055331805249,253.0882729463201,219.51319526811704,232.48284563598838,203.31801295274303,194.20427201243538,179.66164249545895,164.32777500105132,183.0982919029716,207.4405834391234,226.43316566897792,3.6533628439901014,250.47902643593943,245.09771112444008,245.36921921353044,230.01367643276933,219.88694274672474,189.9211360000753,163.18320240416787,137.7799983401872,92.73992726532764,67.79034422966193,56.07864895852243,83.5781344642453,97.60558752513919,115.47102938452214,155.29341211941093,174.57875881250004,177.81589720823544,198.5655433917341,191.1723763003156,187.28039751090182,178.267567605998,172.4181457965633,147.54839246823184,125.24692801549264,98.93682371034127,69.32438372066945,0.0,0.0,0.0,0.0,0.0
2025-06-01 18:44:22.671,0,0.0,0.0,0.0,0.0,0.0,0.0,161.3753945847581,96.30180948805213,96.12707932749932,168.1067120059727,253.50853855412706,336.5999513605007,416.4112546610388,476.9990043065873,542.4727588138478,564.9792036657192,596.7919716033936,608.3553124378391,585.1174640457261,564.1579451226011,495.7920471697626,438.2933143847407,353.1272258077565,258.27089255644006,189.278653721581,162.48635033985465,217.60748925866451,309.217406387247,403.2017746279237,493.5791046310752,588.7158104431795,659.1719532194436,6.850009240132103,724.9331206980629,727.895055785858,699.7162096903257,672.0755074059226,609.32350461998,535.7564499654304,458.284380068767,382.59399952464474,335.8060184225529,323.2505522092674,393.53643902535435,483.87299206163823,578.02263393507,635.8652962557288,732.8602467641218,865.3207282301754,880.721697009553,927.0021319466695,896.7350611187779,851.1781893283456,782.2983850042881,713.8235883319877,652.8279360833172,583.9350171744594,545.0176900178019,552.0654285464876,12.736317091540293,3.1548874322524716,13.355155823411677,9.849388206666008,7.611853590278335,12.57716947001912,8.652364560512106,9.440684107841422,9.981036074137466,6.1846058688783,5.0990195135927845,731.0582030276048,644.2958926330342,533.9049157974681,468.87861701808055,421.8277162013213,419.1695718984998,499.34748201203126,619.5567340377585,715.8911577434991,818.2573704813213,917.8190399403214,1016.5112768731759,1083.112416771246,1119.4225556590306,1120.8861560304726,1093.5172277072097,1050.8175355998737,948.4608654381359,869.0085300547033,752.3814783090767,685.9701219959521,774.4006862686587,754.133453278367,804.6091673345251,894.2052079007423,1012.7646569020602,20.6993157564711,1222.9265544870684,1289.9362013759414,1328.82472292227,1338.3710353327765,1327.597247718515,1275.4631274532508,1194.288887123135,1104.2457542531556,1004.3668090453115,883.2578912761728,789.8451884067531,716.1444617715345,671.7579625733068,696.8718599875524,728.7048744168397,786.0820477093345,844.9584622195634,927.8440258510041,978.3295112091754,1010.4050912279583,1017.7743088232329,1006.1332931338742,978.1503793928975,951.1925453527567,898.5059329007672,843.2292821220602,16.885490892589655,1.4252873563217463,5.76027322792744,15.916465797499638,0.0,0.0,0.0,128.0,11.158319087068136,13.197318877161038,9.956351310985504,809.7613245960134,780.5630933606726,734.5558832137637,720.7686837118856,653.1362039748568,592.4844003272127,576.3392660757781,563.1841805715073,564.6991250770926,577.8008928191043,602.327155986755,630.3661414267432,643.1046446500958,660.7891169779734,656.1385209673832,665.5819925929978,667.666723205683,630.564885462369,609.5110196340678,565.772015424765,539.000803221659,530.0726612453325,528.982167847352,512.8451049901319,524.2450011241222,531.8989149728429,4.881418429840812,568.9327269783047,564.4247530923006,570.9574898529188,556.4908295132599,529.5462389623893,394.47543679876065,354.87193963607126,336.6673137583538,293.8336968575186,254.08283214807983,238.84181137981696,235.70594852551577,251.4254953058911,268.46864977426816,300.20668845083696,321.1568002510081,330.12779250006207,370.35331945864345,369.86404339409546,350.0622013099312,339.6215111023091,316.21709596732757,306.6361028071241,269.58054987552464,223.97613260376454,188.32049669814194,11.66514539603755,5.032761144514882,20.750970406337608,3.8442737576653134,5.831289628300396,9.470647862862558,9.311073584411679,9.932066762894031,9.630366600041953,11.187481936458425,6.910254837217845,257.152420456646,273.1906186590739,257.6931564162154,254.210039258922,232.99953263121415,209.58699747154165,218.57064506522647,201.565750963991,192.9014552025122,178.28813708738363,237.7302853561541,240.4480319827742,249.47833331407372,291.89972326177065,303.9594563297769,279.0682637992687,264.1284533723399,262.38572570153775,236.46119299026358,218.6204708575993,204.59353837113093,202.28547866770268,190.7919733183895,199.73454180876524,204.76054912841428,215.81386643281172,4.609131778645641,248.50402678903006,264.22403962599367,254.94043870078863,225.29738367534569,224.5634366385591,197.71661310645587,171.71462860385554,138.7760597737248,110.4395872656548,88.84981332613752,81.36003479655433,85.87639017079546,95.99219058464053,120.58290455765989,127.65262908793915,160.92141810848878,178.8354013111558,177.99128370357968,189.26223111767135,179.64711116323903,173.3404486248578,176.37136220247322,155.27207009436205,134.10012695190233,113.1180593002096,79.92052080272867,0.0,0.0,0.0,0.0,0.0
2025-06-01 18:44:22.688,0,0.0,0.0,0.0,0.0,0.0,0.0,90.04522108062527,142.46080950595587,219.12143186827177,296.27954799492954,385.15207038467366,453.43166435904516,512.2170224175713,564.8520096309032,593.2815809530858,604.3839437782306,596.6662473311552,578.0554002584802,531.2038257898857,471.5752981277714,409.0599508485561,311.9234682730268,239.48352572592714,180.28987526253675,183.1861153841925,245.23974555541966,332.81739498846673,443.30008663762396,512.7932927904088,602.6799132566987,656.4620630696253,713.337321362926,6.014251801551255,730.9986933630775,699.5561652556983,668.4897350591328,589.6431005042492,525.8326587974981,450.93544154027416,375.27286138824286,327.85132505825055,315.01895034118877,344.68338874838827,499.4241555690192,555.1269942297722,667.7838242689294,786.4622258130718,800.5179503444815,869.5881154736182,852.885289266501,936.2245425407393,865.2361926171388,813.217362912266,736.7956795918694,676.5385776783049,586.2698150430183,560.4906113246647,551.6147104218613,588.7965126657238,8.884052257127417,12.630178163290312,4.540370053661789,13.80996748549877,10.792973196511303,7.476388178458031,14.046919992241246,8.74505704114039,14.808357675997739,7.841651862995027,6.585081222067263,656.4464095039157,555.3328470422194,442.08855282531107,401.07512758706537,386.5384060261599,422.67667241166254,536.335179350984,653.6616744494022,768.8753356416296,885.9635353306426,984.5948515852883,1048.0892009729782,1106.193015829132,1125.6359443743004,1130.2743877747769,1076.6998549746625,1025.2510289833394,909.2333595662886,824.014047901035,692.940775179256,642.1745228890182,725.5220016792313,749.7991690914389,808.651474435661,932.1236650802874,1050.4666328626013,3.1735449144127763,1259.911603484657,1328.4739356843693,1372.245613415857,1363.6662776741034,1336.576099666568,1263.8587807782942,1188.995733859927,1080.2611038030334,973.0322804887497,864.6448441672443,774.9714885272064,688.5447082450835,664.0021126833686,695.494308993492,739.1926165052774,823.54871240421,856.1211518316776,932.9804134110723,989.9641816022545,1036.558870877035,1008.0511935717676,1014.1046546062992,986.2551826828942,944.9658702742071,883.3673891741321,832.1500098748468,7.54077010468045,7.0190883617608115,6.183569947215977,4.10909317708898,0.0,0.0,0.0,128.0,9.634361329213638,10.48356482126474,9.294122255838634,838.3249282866091,807.3708327375285,751.5055507063362,706.0112109597803,639.6751782942637,568.7630331315265,565.9299582471147,553.1741797663043,539.8478393713672,559.3113983490006,599.5263973542276,619.9220324802064,636.611949475463,672.9502163020524,668.5916766474019,678.013535208775,662.1958490239584,637.4381412556455,613.9679378647536,533.6640625511701,529.4062004737301,502.034632831817,475.642525505216,473.40777082996493,478.99519341529293,492.67503895913546,12.67761057203819,549.1693800053437,544.5024161811391,551.1489206406374,554.008991341423,526.870694228084,416.38514897751105,370.73672145217023,341.806079450192,303.99987806704763,269.278049393934,224.25636605331994,203.3004339645466,200.84716221940897,215.74735752727125,258.70778980349496,284.33366495036415,285.7552601644558,336.4514380575546,337.126767315256,359.3507754923551,343.76301777963204,340.02370562411727,323.33453510298983,309.38158243368315,273.17418853206635,231.6396597946194,7.200167001741594,6.187940907102195,2.3238762559480954,10.469955992384081,10.468007725902254,14.477715511528991,10.17194213136698,7.247074415908838,7.783764360592054,2.71795531623399,15.215843187266314,293.1826910284031,295.4345837229757,304.00941370849307,300.74163456234874,281.7407427789259,276.11663439852293,268.3215050881518,232.02849280246508,220.16627106611946,233.420256340995,232.46343073870113,229.0772897851463,291.2906290336964,300.6374054590248,327.20248302050805,300.48797420781005,298.91958920582584,295.47183503282247,272.0167245898295,263.09372318089925,256.9930207423458,222.33591173938754,208.1126918691961,198.94083007899087,197.13577461740806,212.16890133880736,5.708700989430147,237.42583591408874,263.3768687561233,273.88901284915494,263.8689214326339,264.3185579560266,246.7250005795431,227.4705947917181,195.30826880699598,174.15744581545823,138.07707684322457,112.12362215203154,92.23785031561344,81.60952725454486,92.69270566346879,114.56590344971809,138.76662556122713,166.33335149611347,186.33804636969978,185.24915140569806,202.76257136638665,203.49906859617462,210.63518844743174,189.32196357760085,183.81275714811423,163.16864818630305,140.41849289935763,0.0,0.0,0.0,0.0,0.0
2025-06-01 18:44:22.694,0,0.0,0.0,0.0,0.0,0.0,0.0,143.6195191132764,103.60901330093077,115.84073106719477,197.54685361752726,279.3757452634548,357.12082867411,434.18143565433894,489.0055548916548,547.6959923844196,568.6650450540384,592.9059175366347,599.0478042946563,573.2375107118054,538.012881587261,480.3702607747034,412.9272236323797,329.93197843815517,248.54107340675884,181.82567015492424,165.06830186548518,225.38851885865913,323.3388830004201,417.2136632126424,512.3800976821492,584.9101060588291,658.9622327192296,16.178741012524792,721.2973560349662,704.5407536802826,697.2575309775829,652.0319220514629,593.0113923982839,547.527257849544,458.4596460606455,370.3957436756404,327.49696497263136,332.1698946122921,395.095940624389,494.9353318388568,594.0445780001247,707.0921356268594,769.2090281635099,840.9068365458867,884.4322437884645,909.9601595416941,896.5337750446633,857.9773862724674,779.7381455876529,734.89933355386,636.0716205233724,567.2520211316174,540.5540874769899,557.299262421542,4.4474578237388025,9.167238601776107,16.517578449007047,8.923760020713143,11.473756309080724,5.997958498113287,6.060515276947813,8.524358267814701,10.169825973318904,11.698998742234153,16.72830950819717,734.1690987423467,638.7606053891857,513.6273885902398,438.67979850235434,398.9597431971703,397.8769722754472,481.45883076346604,585.0848223814962,710.3370334636336,828.8508786004758,941.7237035768953,1040.3322610678265,1091.9867913531464,1140.62058236082,1161.6783043798707,1125.2693942213107,1074.3032740197057,998.0686080362392,916.3861381618801,780.5731798698557,706.9985367705445,786.6878827193174,770.376449494196,816.3780108296163,909.4778585596292,1033.1499298872366,5.6341578621780215,1256.6589981458628,1311.5739948875985,1385.583975000784,1392.1673529158652,1365.0098165399222,1330.5452353267242,1215.9316067531374,1120.0229048722495,1011.7549707236468,889.2296787088709,794.3309822600297,703.5344958899566,669.7279168915243,676.6025512628962,729.8803215258333,779.6777139706437,868.3806303092052,931.4447263613898,977.6591778636814,1013.8865531180152,1019.5476763085137,1020.8459009377265,995.1804790932185,963.3741310864459,905.3430662898197,844.2723772675421,11.033622158471895,14.450982928741412,14.184596512273687,12.436392117799995,0.0,0.0,0.0,128.0,11.425924838108184,11.403120814939854,7.974487378775197,832.0602298197166,796.352043259574,749.6328986347055,693.303662108799,654.5003756993549,553.7418412950574,547.0583746821396,534.6156599069183,539.832596390988,563.9747731676952,592.6881539317452,626.3776191881249,647.6625361280857,670.0847918093141,690.3246079025628,686.5636960394086,643.5802481611072,626.2790780400245,603.1081154795963,544.6075157640943,514.0209191850635,483.17208014318027,445.1454233074401,450.4577889300978,470.90555087164637,489.9606433590434,9.310257668493874,552.158078245435,567.9236874432747,585.7425045386651,583.5228995282234,579.7594312085533,450.44706758419596,406.0546743731417,366.35906636132813,332.3047222043084,281.554879630747,241.34753310196527,219.28658213671326,225.40970978646888,242.9009878359716,278.4313910964111,297.3887140921291,353.81690998315435,373.20078715177675,412.5635748558125,405.5459196473308,392.1691396554923,391.24960669630514,369.9585486933122,328.5379720534772,295.52350523336776,245.3992234514027,4.3922226384998435,11.944199286227368,3.7597961122477486,5.191832149841844,8.60843801865057,8.272497552999184,8.406483375786769,8.410832005435733,10.55224875808042,8.387176750043634,10.258244782712932,324.12327279100407,311.3708682008123,307.30370678510525,287.9466614394725,281.2618924439454,252.67053506490012,229.88995052618844,210.64333271486382,197.34209122891588,179.38040988993956,208.16035987585727,258.9137732637183,266.45359093999195,306.9899987046385,333.7626402722458,301.9014776027697,310.17001834523865,298.4529211177459,263.8898748480009,252.4073791104291,221.66969831360848,204.0732800239489,191.80951293872144,181.15272465167496,186.75247624772896,202.52016368514757,3.8525128078437794,238.4767248783079,255.45495372920726,260.8348836088178,261.398435894925,261.65218505990447,239.56138529152315,214.47307165376523,193.1249536171661,151.99816651131601,120.41409229137234,100.91148065136707,80.6688319326435,79.06495037411788,92.89146889405725,127.05528462255207,162.7079182234438,164.12525723988375,188.13638032616743,184.1346044508376,194.20128884153715,186.48034932578972,192.76120511739995,170.41355718370573,151.77511207219158,131.76760688127888,104.94193703081739,0.0,0.0,0.0,0.0,0.0
2025-06-01 18:44:22.704,0,0.0,0.0,0.0,0.0,0.0,0.0,104.27808442714904,145.4568269433977,206.36794695511972,298.4909175795986,373.3869425106926,435.2147172684865,502.2256607852397,543.1547387864506,580.5045344054353,578.2694950417955,584.0885751721746,560.4195085276971,523.3648864633014,474.055242826148,409.8934797652645,326.97161897879835,252.7907752895012,195.44679704612264,181.69596893906066,237.1841110720446,324.1808157515909,422.4288741552708,500.26155348062315,592.1107303284957,657.9518231323916,673.8994281467426,7.291291375579463,712.3486957148231,687.6712433321361,659.9512479687826,603.2205168659779,546.808073886893,460.34420427350403,391.28253156728067,341.68662081946445,324.2397394422234,366.18199906335303,480.6754281710204,580.0651318672286,669.3239946152358,732.6379170790916,786.8883138062419,865.8127943898701,911.6292037642463,880.5865630833315,874.8680618215375,827.3769392873387,754.5191145219703,683.844904911823,614.1546269448966,568.9963359029384,552.6229114764791,593.7717776324268,7.289219943833959,7.755309081038409,16.022834106698397,4.887761943887951,30.03414262854939,3.605551275463989,4.346902999382614,15.19054515219535,5.856003713063196,9.50706556389662,8.19365354514545,703.240745336919,608.2819635977083,508.517650444969,443.2942012265674,432.6765797417618,446.32478436779087,548.728003553283,647.7695758529542,756.2215860578729,872.2173006615856,971.9462684062196,1075.0754129666939,1114.7215445224772,1151.640851490798,1147.147923993888,1125.3902660005845,1073.4697586091577,990.0605444202411,906.2090338522718,776.0100835472624,702.9812681877645,795.1059572417843,803.799399625703,839.4349374568906,932.9252828290777,1054.4701174806748,6.136774270907717,1281.2400255338368,1341.9094250475348,1403.3606680153769,1424.4070503942141,1380.0819657335155,1323.3522251302559,1235.8460939041415,1148.6807974684261,1037.4229564953082,924.0642853288175,807.2070867886381,712.328408128973,665.6514069672892,680.1661801962505,711.9802789899134,770.647117837558,847.6934325753982,950.3246282210458,980.2218183797291,1028.9208994612106,1029.4098030402638,1036.0077148286732,1012.7662700906994,971.2688142449348,902.7346257617622,860.7775257085743,8.570348295378393,12.349425287356325,8.032327689667,10.399001191912806,0.0,0.0,0.0,128.0,13.859873953657928,13.528649365880147,10.919255924758087,818.3104269223332,783.2853165268345,750.0637256005928,697.0781069338359,625.9652654649833,564.2568514726659,545.9827617240603,523.0340037487455,510.8921973428572,528.5773834795692,576.8078732608449,606.510747743438,632.6608367610673,665.4334620689237,678.4599977711466,691.1866749196487,687.1012067211124,664.536871669702,626.8187925223706,560.9414176492827,537.1490993389203,485.1822350270223,462.647324260232,442.5532457974615,425.1536246718519,455.9068528239028,6.741975097829193,524.8569067419661,539.2688761023904,568.6034036713515,593.0160587874246,571.7632209702418,450.93806872106074,417.54633991677446,397.23486536182793,359.5697036681779,302.32926419893374,271.3113989297931,232.47878860433056,206.2254857580648,206.37214772915786,248.9531830094483,279.23673338897083,292.7958479009077,346.3294918084529,367.77500137494764,385.70105128604405,383.14561682398477,368.3024787586013,367.15846963355403,350.4303968320931,302.62665885203387,271.26262049665536,8.587421036107653,10.256555250142245,8.727332963663178,6.093138758622748,6.163918823026416,1.5165578595217049,3.528105770262916,6.707033218969433,4.419856188608962,9.46599434927812,7.876667888825697,298.2938517310877,317.88319784332094,313.4828055157081,332.6504409423305,312.37791363385327,289.0751950076411,259.68316649529777,227.295294542361,213.18314091728016,181.31579504663483,202.15794384430768,217.64665883072234,264.86707547153907,318.88345537684904,314.4819346737594,314.10176890654395,295.9789502090187,298.130382153377,293.76368429788465,266.8222719326099,264.12578506301094,232.10766529551984,204.82718391195402,179.44972852283294,182.25658049607037,168.80474827415102,8.9111709757808,215.8796374594221,228.32737022029352,249.6122704106442,242.23580512573352,248.23044208412432,238.634234679441,216.43470058499116,210.85718285416397,173.7934965862635,143.1874964628448,129.8747494501794,79.1904240033908,69.17051070810787,73.02862137209027,85.97341329962185,110.18773617842339,137.5860129087765,145.0472298400988,178.08931360149464,187.94997160027975,195.77694007180466,197.75984270913938,200.27342357164045,194.43037740962578,166.7695545990678,149.34293758064652,0.0,0.0,0.0,0.0,0.0
2025-06-01 18:44:22.713,0,0.0,0.0,0.0,0.0,0.0,0.0,153.03669958046007,127.54422993539411,132.385286039642,202.5552970423424,291.7222828232053,368.0542133678149,441.09986172188326,509.6066923212055,558.1007651131093,575.3672812241372,604.6076755309284,602.0389342258885,578.8604816774629,534.509321831216,489.97271473269024,412.4135104339073,342.4185242460467,261.06693760824106,209.3398373601481,194.7091753346854,259.4655270718568,351.37978560848103,429.59515195788737,526.8730943374859,605.7087395259407,664.738241438233,11.634219364390935,730.1130308121569,720.1059037909852,715.8773607530854,661.8733967826862,609.777173024106,526.3395673429213,464.8498878008025,410.94816128882894,380.37406534400185,371.30074992108064,434.05441939216263,547.5049255885192,604.9960692795356,720.8954259115923,783.6673273269296,855.4481031990412,904.9900458679349,940.9799181452837,858.6205652729025,874.2054249769851,795.3375996324801,758.7913315191196,664.2921215457666,576.0451123060743,546.9913701669929,562.9622543609229,13.420528230220837,8.363218390804832,9.862413467827528,13.30017043455589,12.805458608973836,4.177928272280525,13.025209397456777,9.28768365153528,10.048984426209218,10.833865975106376,4.436907068203478,761.7349242041066,669.6213598160501,565.6556648053022,470.3723794862766,420.4381417726312,416.0590832590838,485.83069203525133,590.3021625567111,712.0508878865295,837.8084644999067,945.489041350327,1057.857257041424,1107.0824819718603,1145.6201533049987,1167.1358667010938,1151.5587056668207,1096.7639948760286,1013.3190899109381,923.4852811587141,822.6295711759778,717.5611580198666,796.1881998467964,760.2387504206314,791.6354169035244,869.6923029290632,1001.8186468179465,13.795402298850604,1251.0004630425237,1340.8588268310384,1391.3374425253664,1417.9802021924704,1390.7801798282583,1334.756238983715,1245.0486661990305,1166.111325574457,1055.7697958922615,914.107752565541,804.3772365569498,691.9477842928659,657.4292794573996,661.6963195860575,690.4001925315305,767.2909102014712,847.4335779509202,934.943590516764,985.8248923045635,1030.3905992728626,1043.270532249828,1036.288486975248,1007.4798106274552,965.6893656763408,905.2800299742844,844.6560315573375,14.27999273906782,11.593126551718692,12.270016222449975,6.35870933481564,0.0,0.0,0.0,128.0,6.539332328506782,6.928726899453632,19.492363599610474,827.7920857068975,786.5554388943569,736.5208700219379,680.5471088143813,606.7467305915217,525.3014641646178,493.66637557604474,473.3905782144274,484.2622245700735,496.63369457725827,545.4978340067846,598.6517001312866,632.8988404235839,670.6161425662569,688.3218557077009,697.1030805708596,689.6264225200958,667.5480087421872,602.0139458758716,569.9065714547766,503.9882092796341,458.38935418855584,425.520136369196,414.5987157169902,406.0133545767517,423.6570463973907,12.116114816091033,499.7286313854759,520.5277804444444,550.9635972198046,565.701202773782,542.0124803162801,436.74030138649266,389.47473193468653,377.97455443246764,334.14611804704344,290.98906937774814,252.1860996041635,206.9936471624997,190.35715383973888,189.7898351154106,225.74446340481916,277.0720367003846,297.1734932015662,333.0077715954734,365.11239896214676,375.91988039602967,380.9373533588771,378.29486871908256,374.2098205131533,330.22379457814156,310.05022111587084,257.6664368046671,16.285858653030736,13.178858038078177,10.924328683525031,5.863309095859801,11.128616065579795,7.095965702020237,3.1290760239500264,5.394671702411031,7.108113403474885,10.591305127584437,6.482804827574701,322.550491472416,345.98158215603553,351.31492167041364,362.9331160115298,332.8718000712912,287.03671356088125,253.41306827753348,229.80389981586475,210.9252262565711,217.36025136175252,210.94634328444988,240.36072012884162,296.7264012459669,332.2943772091948,352.0759682312031,330.7321530458409,325.90586194314767,328.4814571701054,325.49260870010033,292.2589947689483,261.0934170309025,234.87648044638533,208.20663068023592,192.55277323753066,197.07899183679027,203.98528622735046,5.13462212990807,255.8492268880675,264.46682150302746,269.57706480083425,267.2196668187616,266.0038484996136,249.32811903011932,226.20295262123753,206.69481291253524,173.83710887108265,143.4564314740591,110.66579958415286,80.65229055136174,90.14857761720799,109.99594551069231,124.79319074973775,161.70189448934835,195.6242892052276,180.85371431408547,200.68671003916435,209.12816016267763,214.36027133249507,211.64341816597815,205.11583612668625,178.37084948622075,151.61067094078825,125.11886159587426,0.0,0.0,0.0,0.0,0.0
2025-06-01 18:44:22.718,0,0.0,0.0,0.0,0.0,0.0,0.0,104.29904831871238,159.92565548814866,242.08883110645493,313.6784899611354,393.45437472853814,462.8080182884714,510.9255101904742,549.4369272231871,564.4141326023139,579.6967136398566,573.52469985419,545.9410419666939,511.0305737432764,453.3864464131177,390.4444737386726,300.0198771733964,230.89632964604775,169.64034674245755,197.47910967403922,257.29059484201275,344.02961857317325,441.84487507857415,521.9938657809431,600.8567074405242,647.6365654034406,699.0873508597151,7.053662062395194,715.4981708951756,678.4293664630267,662.3115718400393,593.7130213329176,538.7433502163025,454.56380925103326,382.33500470967584,355.35303786023826,323.78278167631134,370.2240459032282,488.275736362169,583.9792328811177,669.7069991722815,758.8199841618572,789.74172131289,837.1005506533228,926.7348093411327,886.7777808721437,833.1220722658327,822.8729674791116,753.7791121534937,698.2319832937657,619.5711207857422,578.2253481067441,559.981809543148,613.7555822376816,14.159730141482484,2.9379310344827445,8.663271571400738,16.597886738450477,3.6022090272043057,7.985841167212989,10.676969562235948,6.414514305257645,11.519318335701012,6.983289039028505,7.901954433740656,693.8159535366439,603.9442905209529,508.5021978360976,446.76939628586115,421.1649696246469,453.62436877887694,552.2783999169285,686.344125369054,779.068217789219,903.9703143513664,1006.3162489301054,1088.4942958057936,1139.1089678529975,1154.8303044702818,1158.5726672473056,1124.9149532734154,1064.555996585306,960.3802389793946,884.4118595977794,753.0906667910825,674.202477917337,762.3312388233859,746.6896920291562,822.2430632365347,930.4413195883616,1066.346907701011,11.378027076069952,1296.2498188179252,1372.595000286337,1425.8365962435166,1404.9772900275464,1400.0768631399553,1331.543716441262,1219.0822709835336,1123.7168691910836,993.0730152500518,872.7106440409832,756.9216853939582,656.981707700972,630.2747619437617,639.1853944731616,700.0521245684952,781.895405138202,859.5141702380739,943.3765274941863,1005.0589053052755,1038.974657493765,1049.8687790028223,1034.3400546537302,1004.2465873481206,948.9686480811097,888.4849833452397,808.7780912613539,8.41995252217163,3.2847067531548477,19.505886078147014,7.673389392228433,0.0,0.0,0.0,128.0,6.247043494371638,6.354154646689503,13.720203842237186,809.5981052305876,776.445598128629,734.768234031581,671.2933728346487,590.6659544618125,513.8930243855008,468.6277952483325,445.1395592445418,445.1702544190541,447.25244743051496,499.46834591427654,547.6846321178969,589.6278270749696,622.7632281834888,649.3182270553426,667.2421400461425,660.561352780629,628.6446407405995,613.0074406488125,543.1797639746778,506.17573644617016,442.94049901211923,389.73709004173014,379.81534524690903,378.98535381878196,388.07271885680007,14.686216603477556,456.9812207780721,493.71576084292633,529.7540325152196,529.3538417845476,547.792218221306,438.9069159418041,401.53221954437885,399.38860812426566,340.213287993524,299.97117361528706,272.0975321191215,219.94124331369517,191.78573970704142,185.57267704970945,199.55763091220683,241.33245116746937,286.79675166151185,318.7580760005644,364.1565760270416,370.8211222557109,385.66913328441376,396.21047536239877,377.94537000658124,361.51614245096613,327.5700853897026,290.41324714048193,10.13256337993022,9.843472150574112,10.55170765522141,11.152785568572329,9.055385138137416,21.443401943559664,3.4689655172413723,9.543063297738513,9.197513942088243,11.87361492852042,6.507636344108894,333.8535814999956,359.3697092193523,367.94822380272575,370.19008084476695,351.73478509034095,320.18729039461374,299.0349352768339,279.78917141562107,229.9043588283384,188.45228386718264,184.0871145097062,208.7070464158859,253.1609998457951,264.0852243272231,328.9296294718515,313.06814088558053,344.0391460929367,343.64889436929354,334.8025772583825,307.2436633832005,293.5861553229939,258.1643371813292,222.6393430578291,194.91978391055818,183.9393930836968,180.08130698266444,8.51882267023264,202.59809800322566,226.3432289116055,244.24739620295418,263.50313803946824,260.9438116847811,250.4020939713841,237.5179088904421,223.81834383874627,192.28909898114105,159.1453640756472,137.00724564675966,99.68900794124232,76.7429161758816,68.28635835109779,91.14679934602987,114.66791814727526,147.50060891936434,166.03230842790353,191.8001645366224,199.69155482658857,212.12842729459106,216.79489336052958,208.60921466503768,194.66865612960748,182.19682432925342,158.37036338150963,0.0,0.0,0.0,0.0,0.0
2025-06-01 18:44:22.722,0,0.0,0.0,0.0,0.0,0.0,0.0,101.47925827883299,140.57826946591302,237.20276300978733,302.5002415998087,385.1056771046144,451.60007437056277,505.7656665603625,548.7190646838811,577.2095172789915,591.4502857157194,585.0452908136507,565.3257640510984,522.0636442631188,472.9535118189532,396.4865127246516,322.47698400886486,244.4895320622542,196.6766740286568,198.78335638666263,253.64894383444715,350.50092975467516,452.7213849285414,526.6860304773309,616.4491568639124,663.2373157350946,702.3419914110387,9.63597344915968,716.6411241381307,701.0174062921704,668.7001257595864,596.485099150404,541.1406530961739,461.82716811307466,386.20276070313986,346.54375487061355,321.21768639036685,351.9821425911928,489.5198601810881,584.9505303757006,684.5838542122934,782.5252498853013,827.6506988681498,898.0853641311355,918.9146574679111,926.3577245354713,870.224183484054,847.9088084810824,768.0549064240257,703.5044113718263,614.5734819850205,559.512824657627,568.3645609288883,597.8839081051215,29.11863835631297,6.2831558583092875,10.430193515994052,20.78014314722362,10.060413574515263,10.797348365902806,16.189776785792716,7.794345858471067,13.879487525130987,10.173302803850762,15.231546211727816,722.5277897321969,624.886817192996,520.9008238991393,435.75025275100387,407.40112780427864,425.1585273869292,537.1425338489065,656.9052550567441,767.1501155471619,907.0345914916945,1012.0840881925905,1092.2722784283328,1155.3335044987448,1180.2490428077442,1175.4854478224488,1165.1248054000903,1090.2109433837954,1008.0840595288413,882.8777224008297,758.5505837689014,676.2375211424587,744.7721168991061,724.3160794787356,784.6760677813584,889.6827755830278,1035.6880322821435,7.921610489407142,1277.9714173535817,1366.092994231229,1420.135823582051,1435.278906344012,1420.969926692193,1362.881955190301,1252.50440932241,1156.5910227049108,1029.3509977517697,895.0392914645545,771.4184498085347,667.3773674854718,605.9505325787262,632.2358211505696,691.7849244586132,770.3195497979856,857.4650045935201,945.4095838415227,998.0143238552488,1042.3484591260021,1049.567811674908,1042.828126834376,1015.3739145635589,953.6277363823212,899.6739710167561,824.4713205303237,7.782099227679939,6.256609789424785,12.402012732443431,13.122736159526513,0.0,0.0,0.0,128.0,9.81137623423405,8.690937305701775,5.421248612998237,822.6709533533441,784.4194136971815,738.6202603388273,666.3784302118048,594.6901453401846,517.8855706251026,472.69056769948986,426.1655981256395,406.39964816505477,411.4533910684706,472.07112855610484,527.7425863686249,575.3480361383938,604.6301486883532,636.8682453804876,663.6178332404353,665.9334513928736,628.6448567916296,606.6838011091774,539.5832070280547,515.9065863555411,456.3659243281347,421.7889309774871,375.3976576249857,349.03711737718976,373.70025259777873,7.507555296003614,447.446313297989,480.2584055889249,486.39217219730745,533.7678683767191,520.8050277277013,428.3197365352068,402.94976191908387,388.5927639534121,355.9196362793485,314.32626309303777,283.96476982032806,226.62691660923218,205.43893437662777,202.80583327959687,225.01270838620255,253.73145996017206,292.60574339161207,329.25451212039894,368.53568296267827,385.79450882523,386.8243423336906,381.08272085236194,372.7938880586208,351.6751581934808,317.60456624588323,263.59832018892115,4.860449735229762,9.998051071809304,11.877393134867503,12.84726377678893,8.776375274032098,3.9741986394218163,8.965517241379644,7.86484457519534,6.625369316361848,16.439682290638284,10.997569793446,320.6832929717526,330.48997630452715,353.99387899089794,336.9575208928031,337.19701986463565,302.44340886049076,296.6222725092377,263.99543956677405,217.89148422043098,196.11988618383106,190.76009621809254,206.1848208178805,223.31525149415302,260.59882931151054,303.1686009513846,288.0061099217747,305.3476623688164,315.45274143884444,311.33999693907526,289.6302151772133,273.42355847986846,256.90442548349745,209.41434380011526,184.6986613030832,170.69571110155036,170.2719405385538,6.859281839989086,195.44975785136882,219.41925380779094,234.55383585956463,250.97899466067372,253.26624313714626,243.34024886216602,225.27295912326284,214.54862599176454,182.5479094773286,152.24679315491375,131.50948543425886,95.86751308157567,69.62906824913381,71.30121852524358,76.81029774232262,99.87655126451503,143.3093856985799,148.4230951204434,174.29520537580743,193.05621166610896,204.39921471657362,213.9677496039202,209.06761804323972,203.61048215136688,185.66166949076495,160.28792583349693,0.0,0.0,0.0,0.0,0.0
2025-06-01 18:44:22.726,0,0.0,0.0,0.0,0.0,0.0,0.0,113.23656681913049,134.82127997948132,210.8062274788197,282.0276801681412,368.9709261797908,429.33231650286143,491.22093269722785,543.2728501176067,569.496717109501,598.4973600909644,597.0416054231429,591.4326574294535,552.10931725549,509.4323608519634,426.08254126495814,363.7548552981125,286.32773521335105,239.68764878104605,212.62281082070234,251.3201994608835,341.72250388877603,434.8727757905315,513.72907887053,606.5282552130648,667.1116056617989,701.3868417000954,12.234034610873046,731.7751333337178,721.48060330025,675.4183213277485,632.5016267635192,570.0903022557071,498.43447832141584,425.9902452519341,377.0993704883219,346.9238533007569,370.59828636610933,483.96649938339783,584.5502952496895,692.1743569554616,767.3501778909241,853.628405063394,917.4290555378712,950.6690001277465,921.8897220709574,892.2282396743361,876.3042921773664,781.6016657491718,735.3216105117382,654.4272653768011,588.6169572629501,576.6589184310936,612.5640260444492,11.402795625605787,7.344408777569419,8.823223521189583,9.473794006137965,12.340061386773964,6.762506886731945,8.118733657887848,9.423692709380516,10.045548697549062,6.256168740781508,16.956891138036156,742.2728166557546,631.6302591981813,539.1157997468625,433.22739797112973,404.03174043125614,412.921102242505,517.3981580969619,639.685766587051,744.4048346794862,887.542786485844,1001.6774373477159,1083.616610346848,1143.791999559607,1182.3925380932933,1165.8005655508898,1163.855047367597,1103.137945521523,1017.2664113276113,892.4226299335771,779.2336094221355,671.6513650947525,728.1003805595388,698.2323859506375,747.6773489588295,850.8208150182109,997.7390082148956,12.43859833745847,1251.0350139946247,1357.7530456077304,1394.2077225734272,1449.2560317368395,1403.2585936688083,1362.8829967619884,1266.2439648052537,1173.8329482428535,1048.6530896839233,913.0876213757351,773.723986870376,669.3433829935082,618.7831825480421,616.2275932115815,674.9868651320149,754.1680633883645,845.113885124107,932.1814571760099,989.79831773023,1035.754854562677,1068.455597005515,1044.238250586765,1018.1501283350551,964.599616886536,900.2514144039218,807.0793867497449,13.25354229598797,4.459244920693241,8.582199855302518,3.7057471264367905,0.0,0.0,0.0,128.0,5.075866381031911,10.016492179851827,10.994634356378318,861.5067125966434,796.603263680205,754.0118394375338,674.3429566391063,610.8530644317494,520.0853934788659,469.4386278287889,417.911713071281,397.4012568843096,424.5497196286832,476.04463234140184,540.0546790767763,588.6760527277293,634.0443326915813,648.2215640998587,689.0086125874855,671.3764378033741,656.8180059107576,612.7878752687743,562.8243886120961,517.4488168249906,454.8459192278843,405.5842596507144,352.19854446774315,339.7382776911795,361.03244434399545,3.2956319595204313,427.88617075491163,453.71884017160096,460.00326997118515,497.0154273692963,488.8765669263843,408.6339321894923,383.5008242909758,370.2203421958906,330.3220913766481,300.2256887175917,256.2456977343186,219.4161611844178,204.4623822709051,195.7082970672601,219.90585197960917,238.7544859811188,266.0994143416154,313.0941506052423,349.3165845895274,354.82645791054983,362.76372064029164,366.38068331530707,355.50906341828147,339.21464831148023,302.26804998583617,248.38592024014469,8.05354094540864,6.524166002656278,14.843729809493162,1.715774350667071,7.886940132300188,6.9728772151082445,18.596868770347537,13.133108896609574,6.872654779151318,15.101867630946053,7.658771522977229,321.97782049519367,321.9425287356321,353.80281298827623,326.62080134945455,324.6373474733068,294.81518336306874,289.36445174992167,270.6997942700824,221.14412752162826,212.30491731440242,224.20233799335148,220.3112485431398,244.74702010691786,282.8492707445053,291.7951387614739,283.70001432769084,284.4919150048972,320.42787880022604,300.0518967851163,289.09299137441445,263.40693785619345,233.76073452824136,206.02776321997783,183.05043155951748,174.7432366522235,181.6993969903282,5.548790080644514,205.93088599532916,236.8107370078501,240.12292699045503,243.74547635856936,241.14846670411023,235.51437556678385,208.2154718644722,193.21912146308233,166.0660473534007,133.95862397560128,104.78575326380387,74.2934233936193,49.59767097112317,64.75609379669896,88.72881597930461,111.73393927463677,152.1961704792215,165.21670639208116,172.80741826228635,189.08960008949248,207.2727660990508,215.783644258716,208.85566928126565,199.13690624481276,176.60591151971076,156.09035055349713,0.0,0.0,0.0,0.0,0.0
2025-06-01 18:44:22.730,0,0.0,0.0,0.0,0.0,0.0,0.0,116.85238126737826,115.04048632533345,164.22432115067588,238.83383458576392,320.9893319146353,391.3780295251516,451.9143886363149,515.6559767599218,557.5848685114773,591.0870673958871,595.2327261063859,594.8416362392738,567.1019696076878,536.6065959419644,465.03089400705085,398.6925146152814,313.4051995470311,246.05285568201808,203.63752655634292,213.78996395227307,285.5426676109961,378.4871258948244,467.7937472459766,557.0983227886985,635.9794716583027,672.4265549080858,14.777696919626568,740.4912882748288,736.1431977172554,709.1413142519384,667.0995569943176,613.1380917399067,554.3966991350902,459.2529542244206,391.8651504848336,346.0490136970293,364.42720499235577,426.2429874954571,521.9185232147679,667.0867643487177,740.5257877340821,799.1697201263787,856.549211644658,954.578440173566,900.8370810339495,893.7593086694254,884.8899670956395,825.0775914730674,758.6335941658108,686.3353266042344,602.9772570655483,584.9179226678341,587.0836164780441,15.416684580544691,8.852530022058861,14.379310344827502,5.3182488695045,5.314548349983742,15.329666095100933,9.857603679908161,6.161136745000371,4.994201120786062,7.083983694059565,17.881298203212875,757.7969586330088,643.9799864744798,551.2210798841746,450.0368683947024,385.1736293703238,380.73665367916834,471.6863084443941,576.8677256833016,705.9145350055848,848.8937009164291,958.2524654070544,1061.3099210448986,1108.6169511409173,1167.9849781978603,1163.7007994740352,1154.149316880279,1103.5707926623127,1019.006084879664,902.4763037083742,783.1035342724223,670.3795879974559,721.8061333334869,671.3565416758452,694.3368422987784,811.6517855059961,948.0597069005676,13.99777563015105,1219.7010631690373,1324.0892880444255,1375.2750501430344,1432.45323422745,1393.6640648325388,1339.0830247358795,1248.864564707269,1164.8892689531604,1039.3028692001672,898.1584693645499,759.5075076291082,637.1107626676155,585.9796506543722,585.24164289853,648.5145271372343,725.7558277827702,825.031592388351,916.9718419436437,968.8231995788634,1023.5885577438589,1028.7796789513636,1030.5166181994055,1012.3206668520845,947.7441590786631,878.54389735647,793.322816452728,17.801543151235975,5.761235761441181,11.873920172788626,4.797021903654741,0.0,0.0,0.0,128.0,8.71316314441475,12.974025561359221,16.59302923370972,843.8687865838953,791.0169730412664,751.0227015847784,665.6466248829712,592.63018496016,497.3819561515651,454.5418078076563,401.72207398253875,389.7773632266402,417.398308351424,470.48617311745346,526.3810130754379,571.7340921436153,624.7523678969311,644.7492751268596,662.3747644316721,655.2990595402665,641.9984195510159,593.5168207622013,542.0681822369485,485.1842957919099,426.6853101741277,387.20798271788567,328.03725978098424,312.4392052373421,322.50657982597573,5.496324725622205,392.53015365591335,433.28709602093716,460.26096850810177,485.3340462403272,475.8474776198584,396.7885735284765,369.94990220888417,366.5184799154647,340.6084101249459,300.8140352193077,270.12416930179455,219.4782374851754,196.21545928312736,194.52217993474179,204.3927180051005,237.37161478749866,277.7381572253441,322.8766167594934,344.6515261633582,362.2515694816396,366.4896523797743,362.5427292431345,359.38288311560433,329.53693557661734,299.0101886687337,250.44093875041457,13.422969990224713,6.285491812391016,11.715377998684467,5.561608866860948,7.484604029436394,17.00974802018396,12.654184093417179,6.555278322859882,9.001034743953262,10.169743743351628,15.32965584000435,329.84983040584143,328.84619450431313,331.53342359923107,346.1685655744408,320.232089745345,273.180939942391,257.8480130838484,241.11045927966038,208.15630734737888,215.31019036218802,207.31923039027674,224.83863107680548,254.99006268339082,287.7338105281602,301.30278090110676,308.9714879426898,312.5441097535318,301.0052532091461,290.2826547386018,265.8439120723438,251.49358522585896,213.2737248836312,182.36700682285613,175.12996328123927,177.52142630312588,189.66449488211342,10.632239972268163,216.63158564100533,234.6088202987488,241.94384091962908,245.5806511214178,238.57846506462755,224.11717122833184,196.43888052145192,175.44241891145893,148.2793112773337,118.92547228586561,78.75232643239124,56.08227947996116,46.828750861950134,71.60969564555725,93.68772685960128,121.06911600974246,154.40240026075168,162.25755286198537,174.94347311109397,178.83703123458673,201.64087288137674,202.91512024833273,199.26590170770507,182.24075782545808,160.83286684182167,144.9800000673074,0.0,0.0,0.0,0.0,0.0
2025-06-01 18:44:22.734,0,0.0,0.0,0.0,0.0,0.0,0.0,140.7574318055581,125.1290769208947,177.21175037132068,262.19201065168556,351.96753441595814,440.9146403404844,516.6985186743487,584.8921808726706,638.3019379401667,675.3561581792363,673.1175629338729,681.1528786806356,654.9007163299242,613.8192973196906,549.8010428236302,468.7142353271838,367.1899376339309,278.7669420280078,227.28659218091536,227.10743345078342,314.82458386157407,418.62038946487854,525.2193118089535,629.7442742844546,714.9999099827373,776.5346570766404,10.900823160084988,857.1666720055034,844.9572607332124,826.4657258439833,771.3822478098419,718.5998086784277,637.0936483953042,531.1966694927378,450.4411834399092,395.68168724778064,397.02514423791126,502.54894487295337,591.6139628621951,716.6567548953262,825.5190394316553,926.6084806126585,1012.6851827276644,1073.328052419499,1068.5632995790945,1086.7546350058806,1026.2528838209416,972.8792298216987,885.4983998704763,782.1516745801421,687.587040527597,634.6425080155498,665.273338450209,9.430817391112617,11.245852350376516,11.484769652954828,10.937358559544997,10.330823969962061,16.220829130862093,9.388134291715708,6.93974192701746,9.768021462975206,16.50909912643492,11.365975389972467,872.1481883708335,759.0692751454488,635.205927225263,507.21793141379777,431.9948841863689,407.15397151514696,505.5225784635141,643.6580580981272,792.6800088642838,956.3481819766454,1091.5777791247153,1202.067674058099,1283.2088829901722,1335.7117970654429,1358.8370690676418,1333.3649662670787,1272.91416570754,1179.529562628518,1055.3203480126795,913.1684252597947,776.9028622623007,819.1839515101959,748.3197123250604,785.7459421467523,918.3784883452582,1081.8328328142675,25.02273954454538,1391.2133162261496,1514.073823247436,1584.3601644609353,1637.3083168176365,1607.3114853338925,1555.4473930736922,1451.3969501512013,1344.6574072489186,1194.562308295631,1030.953388655953,862.8897310479616,733.5601625624745,669.9545758866668,666.8211917221976,743.8398708432999,825.613424920272,949.2923064963493,1036.638258106147,1112.676245517543,1168.7308598610139,1188.1742682672166,1196.022725645029,1170.2126697130923,1111.2292626032827,1012.6405531247831,915.8473248026382,18.814541981663908,11.258725662160632,11.985134739394349,16.13991966076803,0.0,0.0,0.0,128.0,10.434239444037901,19.916405340296862,15.285235435770682,962.4176270605585,918.6125888713223,881.3476529258841,797.995757997959,703.7170872802122,573.2410393853985,539.1716776070064,470.8051988960281,464.16712469190713,490.2973477819319,537.9914283999423,587.7642207140103,644.0408037831817,705.1382103454596,737.0186955022525,758.5678707845947,729.0993884789689,720.4322667063027,677.515915684039,622.6302157213092,568.0770421422789,510.35598125365425,429.97366861415696,402.24997720364513,413.368985857914,389.67919719548433,5.094111168953976,484.07867873795556,537.1391520253363,573.8117253440123,585.3699804894655,582.8490482520339,480.054322559708,439.95902991270447,433.0015257635981,397.0343120873985,366.3951150514359,317.26788545727464,266.1336983050194,248.1998625376021,246.32260415728433,254.02678441799154,292.55883418267433,355.95016467566,392.10437552440595,410.99227338234505,422.30515407554077,433.5152792221841,427.66743531675917,409.84069774471845,378.62492954810523,340.7620244196006,282.6602700079674,8.867051885428971,8.935644379384561,17.1812656965649,6.770114942528664,9.576451014220668,19.938608959666347,10.594900444506038,6.409053728274161,10.831310198794814,7.0428293347066475,17.243111127256483,367.6326455324089,374.37983637136614,353.73174965080835,379.99451817417474,335.8718010801819,297.59598578486015,279.24321081937035,245.881529043105,238.32736510202437,201.792776247,204.91618886933279,257.96576528546046,289.0772581123647,297.2524885402216,360.40542005848,340.6516463870243,337.0704677394748,326.52888216613314,314.98685669051605,291.7696071950463,265.263881500065,232.28955985691786,195.60513901661108,190.23122197511512,184.0992092850103,201.71469249338384,10.88522309108495,247.52163950379298,258.4901502824055,257.39497723739476,278.17708090472354,258.4768187596942,236.34344418444783,206.90737751093565,184.88940153916823,149.9607495848243,114.34096818016491,69.89800164523828,46.26062479709339,53.6758417630482,76.12318557242924,110.15304403697618,139.3265163106616,159.91199712946573,185.21376251786117,203.4204045836624,209.83926158205227,215.18025035018195,214.8648362365608,222.94109778890396,185.7383148593544,178.01893633672714,151.71301062309539,0.0,0.0,0.0,0.0,0.0
2025-06-01 18:44:22.737,0,0.0,0.0,0.0,0.0,0.0,0.0,176.14054945953256,133.55500035134708,180.13063593208324,276.7730506827663,372.2331550814046,472.06580789976056,557.8421146312287,630.3131026476581,697.6945954307064,741.1154085416684,745.1730431475415,764.8675622002953,732.1159995158611,697.9454046784006,621.7997273975709,544.1107384860939,421.549277972489,326.2433131324316,262.4741218042764,251.12527459365663,345.8195560981684,457.090972943183,567.6704765266132,688.467887354773,787.1222737400501,859.8313385787543,11.69979848545076,948.4153320674069,937.0072918068217,910.546665363407,868.3993696479126,805.1569989515202,705.8057616626369,607.0070023983847,522.7235421633054,456.7501758808959,440.28621759620677,558.8413415794357,662.317465553292,796.1849482989822,892.9879761110741,1035.613728026158,1121.2479366563302,1164.9120485805615,1193.137628450646,1189.169136847985,1148.1947172903701,1051.0343831016648,967.4533097404222,850.0860426695479,761.0810030022617,689.0196632902569,718.0951293096318,17.66267389548185,12.114165076061548,13.39204004180434,14.09289413761139,13.124416008552961,12.79688062709311,7.9998187672888115,5.734908221940186,13.999929265889884,18.07811652100301,10.20958913091782,939.1910907574461,813.1078492433385,680.9921243261132,532.5387224318856,443.41161583366926,412.56742455671633,513.4604391106922,675.5348037434283,842.6878986950389,1015.9894283362926,1175.694841079684,1292.3413692945046,1382.97730611023,1442.9155537839229,1485.9200620061258,1460.197463114065,1383.970026294999,1286.486383953705,1157.906196196435,1018.4270237195989,843.5034924274681,893.2571284956291,810.3554937685317,834.7456506316098,986.3741240655729,1161.9433266938593,25.593757470495724,1513.2394109410886,1640.9617290391157,1723.150781055226,1778.4113398363693,1762.236639545706,1704.250609634848,1596.8430231919242,1485.265059114378,1314.1674215372022,1143.2446967221558,956.3332211796618,823.033452491751,756.3800432738021,746.2033281009119,820.7689156989186,906.7453582309265,1038.3482318254144,1131.7631933787857,1217.5076578289045,1276.4190810470398,1323.2665153124626,1315.483835285974,1280.3622459209794,1220.8973057646738,1105.9548619254977,1002.0799928795675,20.70067730269806,13.179043224735416,10.864002991593368,21.277651382780995,0.0,0.0,0.0,128.0,10.022964702011084,18.830787870421975,14.952016369949686,1059.5584069294553,999.1488626273999,950.8533075532971,877.5982095914267,770.8319521313184,625.6625149956396,577.0381292673729,506.45745331514445,509.8052507920354,543.210226762068,588.2283743403225,648.4853249697708,706.8505036151814,767.2398263744487,803.4397154575809,820.367402884155,801.5349385503287,769.2960186840144,735.2566307182933,676.7508011480109,615.4683426068543,557.3050497503654,445.91094533401065,432.8433994757381,458.88229706132444,432.23076921773776,11.002163220861473,530.8159872534934,578.5646896491173,603.7866767223609,624.1568660589896,625.0111101245461,509.6868087289972,461.71035608557315,440.0162832731053,407.95141345118327,376.5378881338291,309.5498804458799,267.31326366401754,249.17042460010086,258.95832737471403,257.69626285461754,307.7871000142133,365.48418019439356,399.7516254589776,422.39663614286343,434.373410009456,446.87038499278594,454.1184480012596,413.4628244399079,395.07327385163967,340.9671883913498,279.8978497183045,9.518610542558354,11.311697286427808,20.805031436197872,9.463421424358877,10.275911939442368,6.421576678415887,17.49737620222507,11.413450535073896,16.597814827278746,10.436009174800546,14.732073711783022,383.8839185074312,388.1617824410794,371.5957460991367,389.0311177594382,342.3169687112449,320.48235198645494,313.3856686733911,281.090070009912,265.3969259363469,205.83837435054807,230.78783834617593,255.42496806038454,295.5797143920342,311.2035291145085,383.40236619868756,350.956203114917,337.0487854085932,344.5969505060183,319.691419106133,304.8737445374702,268.55121280728116,246.85958202159205,217.7138423789113,200.3565020985102,205.4339139329919,217.36011350142155,12.880670745038808,257.5626783711733,261.51796412764287,262.5217698959543,273.5354463385199,253.74943976238598,234.49250508899084,205.56854840389224,188.2681722752968,138.82196595795693,105.08489089144997,70.65367016607766,41.040711714384734,55.38829069311502,81.39418523941347,125.08491444544688,152.71167120562157,176.93896746345254,197.61118116406257,215.86283600563786,227.4653751070017,235.02880454523338,232.29366830131173,231.0863506006102,193.69819300087477,191.57368013227625,159.81586355442445,0.0,0.0,0.0,0.0,0.0
2025-06-01 18:44:22.745,0,0.0,0.0,0.0,0.0,0.0,0.0,134.07712692173837,138.30227893286633,195.0076515456039,294.82192039935535,381.3993108926047,481.55478290122096,557.1480103069756,621.05239645755,663.379498658152,697.158654691431,697.4923605677657,699.1815505120433,658.75014451443,615.8423317967975,538.6433596851756,456.99056778373233,357.66025095351887,255.54773281829068,225.64036825616796,257.4706019107251,341.5365445646856,462.0082379991477,566.6889314716561,670.9296521875939,755.0564596245504,815.508608022329,9.816892459486796,886.4384073441455,873.6652087398425,843.0314684887231,783.5105364670491,709.7618488785481,624.46818530945,528.6067186321966,442.0119153726943,424.34691313532466,399.1083439215133,544.1440278488603,612.9573760373116,783.8470643285694,853.2294812391913,997.3686029584924,1026.3039783469644,1081.1337758233321,1119.8708224947209,1078.9597119303749,1025.8938668441456,944.7602818781158,860.5426318679292,767.5095432461392,694.0727417290188,653.9625259309171,666.5213357867865,18.978057626203054,14.591668923774572,16.408853635881634,15.38830159990706,15.58772743733881,16.18129382313557,11.534973171635839,5.648270548851676,17.307020705604618,8.579300532743751,14.543879806255827,828.2347700313476,707.3217070640892,573.2817055510858,454.78829347167687,381.8188971778927,395.086984756433,514.6072316752497,663.4358673036397,815.1213434819872,978.4507356298446,1113.5180685556677,1219.0768206292607,1289.143013309613,1347.7251621472283,1353.8965860674552,1336.3017327639427,1257.1290307731922,1156.3062298991179,1048.2650505040608,886.7898121973114,741.3405045679439,801.7470731583238,752.619525567919,805.5229371993281,956.7303670057781,1122.2474093927387,9.414116878083194,1434.0045204086657,1546.5807546045362,1621.8420655263903,1643.1190822470107,1624.666598526648,1557.4504680333062,1442.6641972146722,1341.4599714180633,1173.1114427233456,1007.4262987730463,871.4757561982269,729.983004227495,673.5499672932294,687.3846972205099,749.6504922763578,831.6632697545527,950.7065253866374,1046.816323372215,1125.900065464968,1169.7859334004224,1182.2820231509293,1178.840738878497,1145.4027699690457,1091.0405002677828,992.8490675238461,912.7239614647398,11.269445725177267,19.465632195389432,9.484012456292081,10.570359402017175,0.0,0.0,0.0,128.0,9.247312078264798,18.586120141818927,8.573706184136373,976.7304207938291,916.1028510437042,869.231573986531,785.2206920587305,702.9648100243907,579.5687322269904,528.4986435648158,470.94837870001373,469.27908298671804,514.2276811221667,550.7616134753853,618.9705519828024,663.3719478115772,709.2034861092748,724.8205808741387,748.2854810169874,745.2487072208735,712.12890927842,657.2339890951677,598.7144182338089,542.8333343343512,494.14306174058083,413.35467380200487,388.57513500416303,390.6665776416654,396.3531926979944,14.719028557877477,468.0154947298576,519.2700378149996,553.2590270302878,563.9424032461977,556.6813672440946,459.1423477752465,409.6940120936982,399.7600930976582,362.5255783341495,330.45537768647137,274.68727344361,220.63231511149905,199.08889254762352,200.93932760012677,206.36708205377053,253.41020144615752,293.77418526933207,323.0755304512696,355.44684414530326,381.2268658968702,386.7133190616256,391.96409736518314,375.853579822999,338.9032216580922,302.0455714788833,260.7431352882036,10.338237352177337,10.276857145786364,14.583574402718494,9.201311620454293,8.473515128267543,7.077519436910346,21.890531529971653,4.730656397480255,11.979713827740312,8.03149626234534,14.50757943879713,327.05650393067253,338.3284923101224,353.65554249733975,354.49420603185223,357.7451105768101,317.62290669296624,299.57255210520276,275.91725834185905,228.29641122228549,231.254110964627,225.8038062404851,244.26573415113145,257.6031869018532,303.1184538161218,340.44733580314943,308.2475698447908,326.1012859479665,308.2531574953219,301.94777310431914,280.42606966408795,259.1859420419732,232.56068735355854,202.86788982264233,185.13848011241015,196.60697418757422,197.83158818050558,7.418268327981094,234.7238117575086,233.16515262340104,236.2993555950219,241.51969777667352,230.18147492051543,212.83963785798716,186.65019605526376,162.70671289353132,132.99597542745803,101.40034654004177,66.50614840370145,39.32652453925069,52.66412856626811,67.27399898767288,89.77069972011485,125.58690208751489,148.67417515860166,164.5865444593785,193.58889181566573,204.5101164999711,209.09372890683352,207.59613492546737,207.35984093656202,201.6407576637556,182.62564758659596,155.71323808498784,0.0,0.0,0.0,0.0,0.0
2025-06-01 18:44:22.750,0,0.0,0.0,0.0,0.0,0.0,0.0,120.19913076790937,141.93668534563218,218.86383994230602,329.40305965435107,421.99085638874965,521.4981212536259,604.4224778401543,665.8656579283941,713.2939526548564,732.7616602617535,738.5416415043958,730.2621785634776,684.4853201836155,634.2036788857484,553.4318191418062,452.47957027074307,352.60333488098627,247.44701872789582,219.80090743194685,265.4961380947494,371.1776171322128,499.5320170150636,613.6396923344424,720.0565440835998,812.0090628264707,873.8427087451299,9.647455487422741,945.2111604123749,917.6796264087925,889.3179566101587,812.0465756295383,745.6139440807991,640.7791785102502,529.1496429222175,446.8478847797711,427.9384107705534,414.9420859816924,553.332401416856,641.4797201345525,838.4642803295944,925.6177945001225,1026.1160278975403,1099.420682132818,1129.2557689830683,1166.3205345829701,1123.6996019063479,1072.4399016880554,973.540208196961,903.2260314125042,797.484496292015,712.7709601416917,670.0982060925289,708.9765818929925,10.519885478791274,14.96089587756245,12.91150029428389,19.15999505952055,15.933820455698333,7.897971324130316,14.78960623018656,7.009635277343202,20.999235930217438,16.131233581547768,19.43267950418709,845.4418337092101,734.1339683338238,581.8156422165824,463.66297079898715,392.0008765146478,432.2882467975165,562.653770500242,709.905875197235,864.8545668854708,1039.2895795802124,1181.7445192345408,1294.844874815053,1370.7082483040258,1435.956494074747,1419.6849836223953,1398.2393316275432,1324.0026871315897,1209.181777911677,1100.3240324719607,925.714405732332,780.3415729015845,841.5578459279412,801.2743533394779,868.6012717787717,1026.1238948212101,1207.4383695922295,8.549425287356371,1544.201408752433,1637.8505892473581,1728.1167941840076,1738.5612850989453,1718.7773576147467,1640.2243725553144,1523.1186219900194,1404.5910306816727,1227.907994970526,1042.9197918353623,900.2791287843673,765.5029056162866,714.7310642954099,737.126965327302,791.489519470348,901.2867490005038,1019.5817070996911,1124.6817675022799,1206.291485276891,1239.3115862317022,1251.6060152885739,1239.2439278530437,1209.5668206363514,1140.4657860384073,1054.0816862415413,965.8210662624149,8.369285463965483,18.87848708743806,13.738397422321313,14.872459236543285,0.0,0.0,0.0,128.0,11.19067321560041,13.977948479603107,8.067760746819337,1012.3218513158355,955.1174083476609,903.486787933965,816.5049110429661,711.2507252738197,605.9591045678341,556.3218355232302,506.1590863409409,500.97564318081885,544.5347196636958,587.1703056457836,642.4419470377976,693.3495407761466,743.4547742434002,758.4876067810097,776.0387056282852,770.8122931174739,731.211164895031,681.2059489473064,622.5845447998521,558.524095827727,497.982600333051,444.5879911990439,402.9045854273455,404.3431621789994,431.9348068933101,10.546058221376027,505.440220954334,550.6708712965574,601.5743706292217,591.5804717765058,592.2522737375988,480.51196131488376,437.81202756549465,434.6251687380932,385.85541318850125,347.5791761014349,308.36911124905157,235.3564388643175,212.17106884607503,223.22908115756613,229.04399931298377,269.889838299005,323.55889919549975,357.6746935225073,388.1805251884927,424.7507735069633,424.04991967930835,423.1282179892202,409.8596927842484,367.48797903589013,331.89422045616004,284.10653656180995,16.340320209132628,15.325568555519549,13.390321487692137,8.567248871916378,14.755316177749608,10.337176019824891,16.3896678451552,10.114238289089633,13.280138549095692,5.214275593854135,18.405700315350845,355.5181256791327,365.9364095667173,379.3859152613472,370.24497734875007,379.7264297892074,332.5378188711976,301.7046196296118,278.2490911548302,238.70269624079737,244.39947299870607,242.4211416748441,272.95207570310697,281.651306752206,319.257149802487,356.0470879151654,323.35763207827443,349.0423988845972,326.1648906499174,336.7061920145377,299.610636628208,279.2606498589894,246.5306120309165,203.64798971049666,192.9858285493969,196.5906837500407,199.2654634866573,7.895405270645533,242.63823831093322,239.90648818391907,257.13214921629134,259.3241154054717,262.0860203121991,230.97173617994196,205.84201049396495,178.29250781013926,147.15955379600348,114.8888593932017,77.04511091443766,51.24947426356609,49.261498841606965,63.794166572211495,80.90625233183019,116.63874734875911,139.74149586999863,165.3892115249359,196.07748282196223,204.9218386808975,218.45088583984293,219.4337516944927,224.16204805613808,219.53787645858432,197.58071790532117,176.84088591984684,0.0,0.0,0.0,0.0,0.0
2025-06-01 18:44:22.755,0,0.0,0.0,0.0,0.0,0.0,0.0,144.53311570653366,108.9204165397876,168.28837827182457,257.4910181183067,356.0392852551764,449.9914633879013,544.7555822932179,611.1440516048256,668.6575040183068,706.1003026788574,720.157988640639,730.4574282148719,690.8993889918916,645.5124737847568,578.7743619130329,494.3344469297598,390.85303256780617,286.82859258069533,208.48504150875098,227.23358159172506,319.12914974967066,435.86776225601284,554.1095041329335,663.8669843123212,761.9410368631785,838.1686203480183,18.926296794419372,909.0916644823839,900.0160128115083,872.4323935074191,814.1787245149123,755.5822984675035,648.5249020832474,527.5174523925534,459.37777975711685,406.4856521673729,420.9698894008535,494.04787681045866,608.2164507359875,764.9692147291939,873.0647317379041,970.4116519545299,1077.7895677202987,1092.2266808238262,1145.675589575586,1094.9437187717717,1040.9169977015888,958.963775991019,880.4188195418795,749.1018574597342,667.031293217794,623.3065726760257,651.581916007224,19.233854817243348,25.80523108344458,5.154741099575981,12.936879078608138,3.0,5.702894489515319,5.036935014029263,4.057721030089295,10.705083007470556,21.170016924597572,13.99014022409824,839.1733889432658,728.3272886120978,596.7303183499894,473.98443317928354,387.02572490647947,389.0639931253687,499.37318393963994,635.8951191790953,808.4730513853813,960.7925898279404,1107.1975907709134,1237.943075488612,1313.0082352356164,1388.2355654372707,1388.6500550988153,1373.1451190562807,1313.4869613803878,1207.964804226797,1094.9123285559617,945.0808375284507,801.2405110385657,837.9123261204577,779.445276058433,843.7460636272433,953.863411246994,1158.1727173355364,15.114104217227553,1477.6831248222575,1592.9838738621768,1685.637490870294,1704.4428955566755,1697.4766431751234,1634.7679794715075,1526.533488587661,1385.7193851022585,1233.4891172799487,1066.053228952235,915.8215515850666,780.5065385853225,707.5559595811882,723.2169523723106,796.1534788632512,903.1299768096635,1001.3238663600788,1107.8657300679624,1188.2255459386706,1232.458898202642,1238.72369789379,1221.188771523546,1193.448793003693,1127.4157687704833,1032.6261341318486,953.1335324595311,15.309785637504369,10.627435625286841,14.437017490212556,12.328011421436925,0.0,0.0,0.0,128.0,10.0973744685558,10.414222693967798,12.87318438383876,976.6552771769135,913.4231598910216,857.7685480047799,780.067032840496,679.2175798362651,582.9903895817971,541.0059456544426,497.2948545568004,492.26769200204376,523.7241083919789,571.1902992214186,624.9604241190484,673.8572861546224,713.1921503237024,742.8691078519751,741.1958074787137,734.7384578980744,685.2348110516705,657.5607381637662,586.7903103353145,536.5602973870714,471.9649447415572,436.1078422794794,410.4976465930586,397.3286995420877,425.01837140023923,6.992175303503622,507.71293703090686,540.8520677446613,577.3500111598656,580.080776416585,577.7972851434723,453.3834382557583,414.833286197052,421.949817172358,354.7452326151346,326.9752253398747,267.1851098328529,229.57967625189178,207.82205136542956,214.52933418877961,239.39083033175967,297.9856684238439,328.4177533183411,381.7913704611065,399.02476092151437,426.7471847371057,420.077460894485,409.1302496948946,384.2905686218574,361.89501775399725,304.35190048463465,250.66554748837234,15.76134094841902,13.183248314423238,18.00896710039846,5.540603866871161,20.457788908334358,11.726219696862987,12.126650972050022,11.731147726185025,13.821130884013803,5.947126436781559,14.300364548331386,360.7185643157087,344.2550440682761,358.48452585320695,353.210177402447,323.1110271952506,302.59178791060657,265.771422243752,244.50084199753988,238.83944339831356,203.0364407298158,227.94662862846099,243.59973740691566,261.50616548270096,296.0200822965406,333.6770793899003,315.0676238025129,326.0715067653071,312.96329511415445,308.2724659206854,269.83830331696026,260.77715271009595,223.98358361981562,188.62774968169234,180.24688208987956,175.51873127088356,185.2931532773806,6.672022338680441,216.73558965351893,231.14580304578726,243.30612351203376,239.8785834536966,236.9932613642989,216.2765542253404,187.117893131696,163.93263076384466,135.9392273357981,112.40777903254914,89.22543355242223,58.81559172080095,40.34554852872073,68.61132076848298,88.67069704607562,121.7286835361499,142.05944071338388,161.2768369537946,181.37614029432495,187.68570789496357,207.18268380622212,202.40988616198695,210.7115925663947,198.14120533169944,175.3711643655509,156.9480776860647,0.0,0.0,0.0,0.0,0.0
2025-06-01 18:44:22.759,0,0.0,0.0,0.0,0.0,0.0,0.0,158.50980742187954,113.07031627156798,172.17477165122475,262.6348139929641,345.1917589263063,452.84637773273636,553.5183190919009,623.4188505730659,677.6206836381804,724.6569709869975,728.6612866529169,739.944474218391,704.090774827023,653.8920543564085,584.7219399797461,505.81418484430577,404.30309481448853,299.737324446112,215.1147918451944,232.83663327113283,325.38651964995097,441.5760140952029,559.1018820332027,677.5861670354307,766.4358051358472,846.2074733187009,15.832525452532579,912.828342281053,915.6612191240605,871.981909750998,830.2878371320719,743.7927593170908,654.2264184358812,534.7419044044186,466.14274552588404,391.6317452724051,413.8519672236441,498.95632898585745,631.3867173493609,755.2796397743284,890.7082828617303,1003.305714407153,1083.2415851667433,1106.4501340271281,1145.4191392074958,1113.1597355942158,1053.264290195003,969.7415023479286,873.3142086393126,757.2269122721978,662.7874291100902,618.7853139821063,648.5015044544871,25.874552539039854,32.054557784848164,8.669163413903334,8.178802110837093,7.635024551369388,8.04218539623665,5.722399435686851,6.2044926935590015,7.466181648244551,15.572669178021332,8.753414045006341,852.4680762072161,719.5396324649269,595.735755137678,481.93862054266253,384.5602551771255,385.0768603771621,506.5755341949038,647.0981857534252,820.5629779117858,970.4248267659117,1121.3095246113032,1241.6409234814723,1328.9807572768113,1396.9368250541104,1400.3223871366117,1389.0658993935542,1321.1793252003768,1217.0034819363134,1097.5559422451674,958.876363619209,813.0512682876341,859.3633859953904,811.8525905495767,878.7274746275945,988.7989232509375,1187.7006726955617,19.44616665491477,1502.6273023517351,1619.2915500520355,1701.9878610893843,1741.9118574640936,1726.3193754161182,1665.5915419048579,1541.751658765749,1389.4397567785231,1244.0608933463102,1081.4855203369268,939.5972469823593,795.3060656860039,727.233758388583,737.4320088173224,819.9086777788409,927.7361504298674,1024.4609643217498,1128.061299969325,1196.6028789794289,1243.204648283371,1229.6955434603738,1210.5770701588415,1193.5922602249789,1129.5240978491763,1030.4046090219924,963.1662878411731,16.71341623170457,7.873700807023087,10.51558481876819,7.482758620689651,0.0,0.0,0.0,128.0,7.733350510733745,9.5412590198448,10.009941236833821,973.2610145899677,915.3507329273662,859.8687785390209,768.7552237320731,684.4540056584278,575.5793018785723,549.797880840541,504.2586632344154,498.7338796802692,521.8568176872241,582.2985912481092,648.0105657670773,688.3515409034248,721.0066797052775,744.2700887926294,755.4593516928235,736.6806213488259,702.8778538325511,656.9343065588623,594.9487751977824,531.8207525558956,483.16878754741856,438.6771004170581,417.2869247152478,388.6770596906628,411.72656220860057,10.884519688716168,502.60781708487013,538.6987543520178,564.9156190964724,579.0015160599895,572.5396848060789,448.5817344625279,404.8515330279243,402.16482920869066,337.5235922770351,314.83509122551163,242.15067876270498,206.25250595554263,193.16684075473074,197.33801097253766,235.4717992370437,288.0878671475304,313.5781220059125,365.20781094155546,388.2823629123476,397.3255824209501,393.40206180108413,384.1105908406423,379.7778048242185,351.72694191328793,294.56770338884337,243.2375483401932,14.890127852928941,8.15271467473583,17.515432922040564,6.038747281474308,27.307018325455676,6.954298979687283,16.88668588732729,11.302952742814604,11.034096503196436,9.347027425154582,8.145985600194466,346.01421581213907,338.44617398556255,352.0561011716968,337.3236655209614,323.9344001728741,308.51543919931214,279.6178381357816,267.14879560423407,249.38678358880318,212.34278212194295,213.79056083129427,231.23424408441102,246.7109625812872,282.02100161522384,319.92650506785674,320.708117049714,309.66759616482693,314.0985849409384,303.53191052362655,271.3198651626984,257.814791066617,227.186038211531,200.7864229635557,175.58466294590485,174.74933859393317,185.26075563195337,3.7645864910526443,209.00822128288362,225.73393838922752,235.83685020037734,234.22052024001601,222.44360853496602,213.88155008964654,181.65508191575373,159.61086462075227,139.3220251495266,123.15234144849235,101.99127049003067,71.35120835723367,48.151670421907006,71.23326470102576,89.1476895619682,123.81116639940936,153.65746284387023,162.89786095631717,181.95874519213712,194.69862817253855,209.86431714546023,203.21725403111373,205.9507763175454,194.00287035548814,172.48605155471452,150.4296034375558,0.0,0.0,0.0,0.0,0.0
2025-06-01 18:44:22.764,0,0.0,0.0,0.0,0.0,0.0,0.0,163.83958894329518,102.32562869090778,169.78894237595125,269.5595881634995,367.3728551998263,473.5957816276112,588.0105866796671,653.1415502356024,712.8166630051523,753.1030298386154,770.0863905063641,759.9462314463162,731.7353567876496,678.6134195580956,612.6953429643783,518.3822021115482,412.65706768108,286.29383488176285,212.78248927372246,221.44233249935183,322.1343477443196,446.7793359805477,570.243388696193,695.233854771212,786.737269577272,867.4871989277665,16.489492821763864,946.5808063524918,932.4532269777465,906.9512803946096,849.7809590005229,757.4405367541946,665.7887535373648,551.7279217200935,480.99519402178544,385.3026104647169,405.81486780436995,509.55793399995576,639.1905294157101,765.3221293653444,934.393700279103,1020.6032792389685,1109.9810057366026,1146.865563472781,1153.5133409484165,1145.2071126092496,1065.6399961620582,977.2543024330797,891.9473707962727,783.2864489821357,692.7074258940349,625.4440243174428,656.1291161401035,26.962099604255506,19.07530855479059,17.58919396629524,11.662856365085435,12.650208519558529,11.214904766915023,9.725718782618399,14.164150371691981,10.624295877882478,11.84636836168244,11.090532975982095,896.5846542787048,747.941059980485,601.881345578101,501.3350986365705,402.37747339120875,419.04897274289925,550.8405804276844,698.127147241782,870.9049229882447,1030.2780610579869,1178.6679798176117,1280.6221177756042,1385.1751592155626,1437.280942697342,1439.4875583930368,1421.4849254521569,1340.7669196155498,1221.7174764606611,1098.34814232239,939.3982172880343,803.3942644346046,870.3982852351919,852.4750804755702,922.8139945339294,1072.3510380801024,1255.5090588706107,20.865011089879893,1576.7865151831088,1676.729336540626,1746.4693362304056,1775.491721417024,1742.5052774579315,1661.7687618010573,1530.3720781866205,1386.9915687259254,1218.8662856983558,1061.339115819614,914.3168427500557,792.7471687960527,739.5546018531363,759.9324893411003,845.5448633756774,943.474802479618,1058.910551156533,1142.9816020521955,1202.4143227292764,1245.3686427604307,1228.1160404563802,1209.846237261096,1167.6861893917003,1118.2572868795855,1015.4581916293434,934.440813344961,8.90787617351252,10.3846127731584,15.042962134828269,10.261903331902904,0.0,0.0,0.0,128.0,4.632133160483342,7.800000000000182,9.999741598184722,976.9002547187104,922.8311614671399,870.7852182114249,775.584737870325,685.2635942619056,576.0530775268147,542.3018817970435,502.2610634977329,514.7606726515226,543.9074064759452,597.3870829248447,674.7995500305922,728.5082558110898,755.9525094741236,778.5474090667708,783.8103077389026,753.8963939305279,730.6825632519659,663.698363559518,600.6118003344827,533.4113612555423,493.6192068423595,432.9980179274023,391.9069878281143,398.22173494690605,413.36350367683417,17.09478039663292,495.88572467316646,545.92770124013,564.4336925822712,579.8247776634106,561.6978883185134,455.60817685736663,410.83989804069813,384.3351784815347,335.36822104437454,293.08710710999816,247.0258588066451,189.52485089117545,190.32145509660108,190.40301697529569,213.1465422196132,247.1776893837223,307.01082321569265,351.85886829525236,380.7098489474029,375.56876074344666,396.0750048836832,378.59437150762346,378.718130553668,345.8706826985961,306.6091346246624,254.30080952782964,11.837149320629566,11.882544961964207,10.531550031384594,15.157867526048237,23.726905710540443,11.90336696119177,10.53305128577347,8.60461050977675,11.349259716438784,14.75648800669436,7.400000000000091,334.1384759440217,338.663759571821,336.1279091361646,348.29800828943866,346.9916538846413,309.8793048425003,308.36892161615043,274.1329235572544,234.92856484428216,226.22505513938216,211.84966407300246,238.18573258433415,247.09699633135452,278.0796743131352,321.3528980100963,311.21506565189617,314.6282559593511,313.9360564644557,304.3523261774405,281.68525913111773,266.72790689098395,233.49562374773214,211.49679795782288,190.0309453653511,187.59202253769544,196.03187699803647,10.474793747886308,209.69263981226572,228.08300436120663,235.50082291137426,241.5123031805577,236.3584742258006,218.58594209407565,195.27081237546363,168.06430353399145,148.002008076447,128.40907267622777,104.96808342267286,75.70911592444884,61.46205030509177,60.64974107680875,82.83082323941382,123.21496834265442,144.04940585855667,165.990208778212,187.96390306945972,194.6100504197719,209.00785454983463,205.18616180806353,193.0347508813984,195.58186639913987,176.96858861774848,153.45788552099128,0.0,0.0,0.0,0.0,0.0
2025-06-01 18:44:22.771,0,0.0,0.0,0.0,0.0,0.0,0.0,141.23244200493258,160.25257420587394,269.3383351603282,393.42185199593007,519.4770321368997,622.3952618028807,730.2210555404176,800.5595202145687,842.6117086692221,875.5668190538831,883.9212084102743,852.9999517636575,801.6893200182515,725.0169309174703,640.6172896803844,520.6617612110499,387.05597119807277,262.4326759897424,228.7228499688383,306.52172045795476,442.20120604209757,590.2932586745833,737.2996354054377,867.04121193351,961.815986015586,1042.6175470718574,15.295208250792822,1106.1047496336328,1062.4577670027365,1036.8813706920778,936.2317149811877,833.1190984048325,709.7914834425218,586.6004863106855,509.3232217527456,447.1030992232197,477.6897412856419,661.3804592286302,817.7514282974303,910.4534315307775,1120.1329021670358,1201.8795510429147,1292.0757894830415,1344.717833939189,1298.721241134778,1294.2583314412802,1227.1277355471016,1079.100605352039,979.2554814580909,867.0058630625679,801.0943847406413,754.2913135269688,820.2091703692035,18.901004701188445,26.514428092547895,20.138371110215928,13.272741563360542,12.569892045590265,9.029064453909506,13.885341244585328,22.43939396073551,9.679684648150774,15.219309965359162,32.25575980328341,1007.8333605729994,834.1671413943959,666.4173783713262,564.9115008240846,515.4150402812336,561.824768324899,728.0556581427488,906.7962721053757,1106.5151306918299,1297.443762913521,1444.6935461979126,1564.6198373183734,1642.0526128018123,1701.80399343161,1691.3821818074573,1656.0649420667198,1548.2458860058005,1395.589224320298,1250.6538630893147,1045.617588367799,909.2479444193993,1023.7644081892012,1043.5835966423356,1143.2439615465346,1334.3146462161994,1552.088200399192,17.81389646905009,1902.7194856256372,2006.3249517081397,2068.624545479445,2077.7240816297867,2019.8869294554213,1907.5615531811313,1747.662600942276,1588.0392418308863,1386.827597585004,1194.4951628632396,1019.9034580488552,901.8923845550452,852.6633096012481,920.1389765974483,1022.7396004518616,1118.5301868085076,1245.075490712749,1353.6280527167803,1418.8562204255034,1463.6262960663712,1446.0490839130434,1413.1306370243515,1353.8571014952079,1287.9186253805606,1166.2125451190448,1055.899352526569,17.531222494386796,13.06508391637873,27.713053346986833,11.137643261018813,0.0,0.0,0.0,128.0,15.776550681486833,3.964960981014383,15.047729179824522,1158.0849371561067,1106.0881918237656,1012.7076442834123,925.0751332521949,805.8153422809036,686.3818026208696,628.7363860743692,575.7088282585385,581.511105403781,628.0716802594575,690.500939290313,769.9003673137726,851.240438743093,882.5491562092486,905.137331769983,922.9134677396896,897.9542496447007,849.0518561636634,803.7759643665095,707.493082537545,663.978982337346,595.4178226922579,518.9968499610625,475.7869982467086,478.04047653514857,496.93139943274394,16.627287797856596,590.1009108502108,641.5413456275666,688.5147982151249,699.0536492887081,702.1461359114178,550.2576780360919,514.6496239969154,490.6791921697613,435.4514813080625,375.8643090558046,334.27786974665304,278.15291728957357,253.24445412759596,250.10983705168144,253.6347941926083,307.79724409996885,365.9568565460902,421.30334893832827,448.19347809848375,482.97908351641513,501.76509883488063,493.19638901873327,486.9474343918341,465.4692863072203,409.10897889806307,357.161013611668,6.26936896355942,7.9888859848646785,11.400450043015237,20.707258561351836,11.296856757241546,22.316141802529636,9.392138479965393,6.219256319289201,8.198504476368623,13.720201229459567,8.500862286627761,393.9483157174392,405.30766503466623,412.09399124934157,435.67355313898116,401.13676811304435,380.1540713996373,345.4596496402078,333.89719817114343,264.65478558777704,280.0769165715038,242.58924314810048,285.14690885168017,298.6200320521176,332.06663174397323,378.8639975718366,368.7088224315146,378.7668786399055,368.0316865425357,370.4575483787827,347.08592580712144,326.11289483102036,283.6960570948689,250.17303406197723,228.9390312047273,216.1999179421065,215.47652698611353,10.031944748241074,241.51029350784268,262.27938254149484,273.18913592663216,283.9610653869882,277.8160635461527,271.635007470787,241.9375171018798,212.68239720802066,200.74528351007345,168.40090530496101,132.61939293582253,100.40907125410322,72.92061695448116,71.26423738504307,83.9277577075406,121.28405797162164,152.57455634457204,171.69520784014458,201.53779354238395,208.7836770328146,227.44218991736935,229.34477252810902,222.98564134568556,226.21308967949358,198.75177106800786,187.21321760796633,0.0,0.0,0.0,0.0,0.0
2025-06-01 18:44:22.775,0,0.0,0.0,0.0,0.0,0.0,0.0,113.44061118982847,195.76440111680984,322.471978602135,448.1375550169275,571.0396965617908,662.5782568675215,753.4576284100301,809.5784380534961,841.3051959218836,862.2083375904721,857.5603503064244,807.492635988675,746.7907941740722,659.1046466184432,569.1582945399542,450.57009561388116,307.6721913563742,215.38512875921012,240.9912104039957,359.4913391071085,515.8038274919454,643.6239241322086,789.5241219571271,902.5857532575155,984.3360242393643,1041.9021834936577,13.483346073143126,1074.2099806299698,1023.0252675152528,971.5652526703791,877.0243837472964,766.2500273200915,643.1626126029067,512.7893397627192,446.55580814056793,432.4862710824371,471.78285769685056,680.466457895021,820.9058120620834,956.7463027832725,1121.9308123773098,1228.0204300629955,1265.2716483582333,1303.5944051592187,1292.217035092836,1257.2093332338657,1154.1952469106575,1029.6892622214261,900.4809005650628,829.8738720161923,759.1567645435217,743.9344341780397,816.6195055984284,32.11657900235363,18.003282062102198,16.161497109923253,12.826032987448876,13.723872858678405,2.9656976675576407,18.13142787003353,17.81686382078312,26.09517187991005,20.220325600280614,30.0696108757635,947.7706550707882,773.3004195329585,624.3126688546524,538.1348033351175,528.6249307295855,592.3014340849767,763.4961167309012,941.2387661063423,1137.1492753165708,1312.1866433325915,1464.9481544071562,1587.333300106617,1650.6488734874329,1695.4263415696298,1668.495475887234,1615.447132481435,1507.374215125746,1376.9914652021134,1222.3999637572433,1024.6842988268156,903.1093774923164,1008.049353592463,1034.9553816350817,1164.6690481030585,1349.5041267980728,1574.267148697596,13.575510645005501,1902.7425464467424,2011.1369371154456,2057.9353276548813,2065.240453087241,2011.3072615188216,1912.343977854946,1737.9927194725833,1567.513868402083,1359.7619718413307,1171.445006608543,1004.2028850779519,895.4982668078943,860.6685024640337,925.1774985793006,1020.826802897949,1125.491816971216,1233.6720681945733,1368.2864366210488,1430.7953553735747,1457.6609972400026,1466.2470484537182,1422.8957008540478,1365.7801076041753,1301.0637402056946,1167.6272877084343,1061.6649964060925,19.253700072229204,15.212178787370929,17.185057034326853,13.082974744638534,0.0,0.0,0.0,128.0,11.071674588246589,14.308008581783483,14.086534853859042,1158.6301526396628,1111.767608707304,1029.0494064659308,938.4191922178361,823.3895355961679,707.2289113406644,625.056223414012,581.5975742194846,556.4910866038881,607.6908529791389,659.1491096884495,742.3669293933925,808.7226975960705,856.6101893150442,884.2490976517864,915.3512611637572,905.1555152527418,875.7033157840942,839.2761784315029,750.9695353475685,709.677915414241,624.6595619023423,554.9993834869167,526.4793586900972,505.56359294885897,525.1043759176168,12.515782439455977,602.6658509421817,648.7177133796373,696.6541619949937,719.2213036695063,738.0555540106941,586.876712112822,533.8016730804079,516.0448323978933,454.9917177605777,409.37704349878453,351.61333422673533,307.79163954925775,274.5945423812798,286.2678622792903,285.7255135461211,329.9080404773503,372.37726784738874,436.10006246614154,464.40750859047677,497.99827137428343,517.0355164285065,508.47810539935796,501.76980733562215,486.49124756305554,418.6916631270242,355.67178118233306,12.030168834077744,11.15792856537927,13.406425477550876,10.66442191977763,11.068365339369818,12.144350049097119,7.444359497258371,11.3126726911227,5.032777223226148,9.869402752305584,25.00674540707447,362.3928422752265,384.045422499302,408.14528431176734,401.60170252175817,377.28914716196255,366.01809063898787,361.13589229322224,330.0338247528628,264.7085447941374,231.56416726754242,247.28111293782908,260.1540234875253,276.0678707216665,307.79920335650274,350.0182513703195,352.2174127978347,365.5617190984386,358.9173687658505,368.68665139651887,354.35741456225526,340.4049025839408,293.53211641905153,265.6038843956183,222.03793538692864,200.93987307025125,204.6007752860222,9.144939731635757,223.38448432978916,234.79225437048981,258.30115285854333,264.0680895016633,251.74649827557542,258.3554421780949,237.28174065042327,221.6516994067867,207.61440774097346,169.30674695399358,139.00992892834068,109.63784382236612,89.04757269291997,73.79741181222161,81.22062140104009,94.89159257293437,138.80197491383854,156.16196483573378,181.87308213142157,196.57322193268456,206.2067297412708,213.83978625745343,228.28805214492837,222.00597941573267,198.63754974809953,189.44968646620606,0.0,0.0,0.0,0.0,0.0
2025-06-01 18:44:22.778,0,0.0,0.0,0.0,0.0,0.0,0.0,198.99736886962972,168.01902673554704,206.03698260769806,313.65306002521766,435.00278233628126,550.1317485972102,652.7485032951902,730.9590452875193,800.162252327764,852.3725059378946,862.7541424009028,860.5611544834668,815.8939712858898,756.5400963279185,694.4797765676453,575.1463361931925,445.94972326696876,327.109833976558,275.7837524289099,287.6732419962767,392.44964928909184,525.2093237729276,658.9599178578972,793.2192302956139,909.4139806244174,992.6676924681905,13.387686092875597,1081.4707442311237,1047.3076697780798,1012.1593920843427,944.7685807678815,866.81671284917,732.2260013305448,618.1978699834373,500.4549070752193,459.464262187966,448.3613934026686,607.1129412825417,753.8601942556559,903.1764825654775,1068.9962794307162,1192.775895630505,1248.6968311353696,1323.4785612996686,1359.520708617232,1306.8903936137988,1223.0516708873365,1130.3085389476516,968.8744081284722,881.6055807842022,777.8712218190528,738.7035718860009,778.1213475727577,24.74447014674241,11.37350147009898,21.884963771999228,15.87880269814291,7.812725005813947,5.663244258433609,17.50051629338895,13.336461641999476,18.80382893857849,23.152549893626738,17.28281222652663,1035.8216823952052,874.839618821338,688.8431033320201,586.0918486649156,531.2614832801266,551.2867764241308,698.0213296572134,875.992080977794,1059.5052746388833,1224.1917175482747,1404.6311131970103,1552.9165838217793,1635.84633722784,1685.5610322192772,1672.0044849408955,1630.0888059500955,1535.9838131641827,1422.18852835167,1274.5445125242888,1063.3577565637904,938.3413842143445,1036.9480792277639,1014.7738947301815,1118.0143740020749,1293.035065316886,1509.653199248654,17.503370610513755,1847.361639302756,1960.4081612489988,2033.0666148211044,2062.5853394975043,2019.8062213507644,1916.4312874028171,1766.3549362300769,1594.3307565665275,1399.340007503975,1204.2712326075377,1047.1370603027863,928.174294691771,873.8578752942071,902.1740866191967,1002.8229472823051,1107.991090512375,1221.861610814455,1353.04636334718,1424.0194823571655,1455.9091123284231,1446.0539118058985,1417.514153016876,1366.1424024579667,1306.0484228346252,1193.0407697289502,1084.8723184524567,12.444068187304575,9.18418651621883,13.766476899660988,22.066600996511923,0.0,0.0,0.0,128.0,12.59041928144767,11.453728794942856,14.476475975455743,1175.4477134233116,1117.5393738023693,1034.7855346244187,956.2652343335461,827.6719889912778,712.0987448701563,652.6507903807667,606.1506689078834,592.6054360870312,616.0073878017647,673.3733136697357,757.8679730797618,815.7176869155716,874.2505700096903,884.0234881235822,917.3130134253107,916.3849491261989,903.2490500445092,847.4920646041691,750.2545282943967,704.6498942511885,631.6419638282864,596.512865992668,535.0618283868839,518.4743665144587,558.0028170844341,14.887713667953403,637.5053886489177,662.375089865022,705.9625784063518,727.0590086672569,734.1948556437887,582.3520652661656,525.8060822896007,505.2176774307355,447.99082235375414,408.3388353538659,340.2472098764201,299.627950500215,285.5984716866697,287.8149460589995,334.20180385867224,375.9882955469994,397.136611001396,469.53203031078687,499.7249080773643,503.4819159734154,508.38180409589046,486.94436864270386,491.17229041514094,459.054347800685,373.0761873100033,333.8368946221523,20.289683278219076,25.836957687258703,11.002998252715154,6.091958308020763,16.622494508033633,6.443362671140333,13.277056257784466,8.998265245220887,14.65461306566485,7.881068202325487,28.198952325759706,376.98734535500154,399.7144580838648,414.651244359581,395.17048202417203,362.5282843088247,356.3651201026444,351.17527000052917,301.53260455038514,268.6162702297466,198.7415276499866,233.9461508871125,246.6260876973383,277.1623703172996,332.70635356433735,348.73036945879625,344.42807417118496,367.3588632638751,360.30488021207725,370.38756494038716,334.3511583182252,312.4755531891889,291.81906751365653,255.6270398301075,231.50541763140825,218.3767500695633,222.11536084168077,9.65018141411049,242.78754708753212,252.1866294121038,276.05312945266496,269.9182449501089,265.86100828682794,260.68152568467275,229.70523601441548,215.82041253409307,184.2788977601242,145.672595283323,129.22761857812395,106.97025722249852,99.85505405934263,98.47794619844395,110.64410956535856,133.63576858920493,173.6612646808444,181.52756452955407,195.9438890460122,203.77784759765245,211.45714948226757,221.586725382292,212.06759296331018,208.86990347308722,180.05286595386102,160.92976670864905,0.0,0.0,0.0,0.0,0.0
2025-06-01 18:44:22.782,0,0.0,0.0,0.0,0.0,0.0,0.0,196.2033185873978,125.53211812391032,171.90675086994122,295.8038899819094,411.23102588852146,547.975016632203,656.6442623278718,743.0859490427486,816.5955954074904,881.1417852898352,902.2818981323474,906.3317592893206,858.5552726383293,813.4684767249009,725.5866756807359,612.9138661385585,484.05852279253344,340.80532486443667,249.84418099046047,263.4464728147665,365.832092899954,515.5041677482517,652.596515866059,809.0734894303504,932.5153937571669,1006.9454733096836,13.233640688572766,1105.1178737554646,1087.8085487413243,1046.9897390447302,967.1763685898427,892.3738615639137,765.9775847745526,637.1404993627965,531.8109558573484,466.9546824528686,435.45600643909677,641.8799083687514,763.6263812430465,883.5025754001186,1095.2941091080388,1167.8796829921728,1279.1458697856613,1364.057242715164,1403.138005035884,1349.6266576100456,1229.9664379705048,1155.3711026226786,1014.4076286283855,865.9060756780067,784.715057875939,745.0273915412455,759.7617445549354,17.999660019582798,6.128181706682388,17.0578614647977,25.60233917693757,29.14235301366948,14.06350164467398,13.221747894032251,15.933266699789026,11.991257452861644,16.12206484432519,19.596503374871737,1051.2961090139731,893.7517800982044,728.7098497213648,596.2472333357632,553.2547763100663,557.9175422476161,703.0861054146206,889.3859395528478,1090.0637694836669,1259.2406320932432,1434.6655317493858,1579.9121203220675,1658.4949717054462,1691.6966841784158,1686.035125471067,1641.6176491776985,1550.2389345318543,1400.0833640905098,1271.4903236338273,1060.49776477488,927.8859546504555,1036.668341960235,1023.3424981667489,1134.673461042834,1309.8372186965844,1529.0895392200048,15.111934518506219,1853.5683006264073,1974.8478617948776,2042.3052513180169,2051.6945701807654,1993.6452415517836,1889.5800059278843,1736.8415197917247,1563.4648898705732,1378.4951135189108,1192.0142788688217,1032.6413369607685,921.9213855000286,869.617923729828,909.8972893911507,1012.103187176241,1141.5955453135898,1247.7885417563311,1359.183583067108,1435.4691188326578,1457.4273670632779,1455.8857222649747,1411.3660699888167,1379.778004953777,1289.2736610510558,1200.314883476841,1083.147428922324,6.2318756109894125,4.47213595499958,14.00293234099551,10.91458985804648,0.0,0.0,0.0,128.0,22.474953716900956,18.555331727890295,8.389628234701554,1206.6292202464433,1131.6133941415937,1050.9130199626552,962.641378209574,836.5298968278889,716.6212227957648,661.629873013393,622.9573245880883,612.4782337612118,638.6339011593598,720.9659089134431,795.3215311230188,843.7504693312684,906.7274146366907,924.3166248918926,969.4229386926108,945.1722136947225,925.8554411837673,850.5554240069915,771.0701767966826,696.6456960185936,646.7770814297686,614.2762386421667,537.9230493405652,514.6065068338551,551.9818808355816,14.772722351481312,630.0014472922808,661.2818224970102,713.6945755214628,736.7520521319003,736.6315608840322,581.386883521876,530.3265069436552,505.8254244054246,448.9173441487842,409.0957737603202,347.1225462236706,293.45658015544853,275.05938885244063,263.79850329898755,319.4326522219458,377.2836750704647,401.57403111484336,458.26980194341445,496.5163135163311,503.0890686164952,523.8004113740424,514.9557545190409,497.6490135058101,454.2822979157027,394.96308106783374,334.87331106735877,17.876224402260394,18.199339552685174,9.239879772556137,8.6623612107913,12.25600504631247,11.653991602110704,19.26705773981554,4.887287013899428,20.703035662990917,7.718189517490762,15.8038155633948,401.55700643229443,419.3173275569319,441.8425162678104,413.55840389428863,382.3086035779162,378.2429936268219,356.33155286017586,319.50854718812684,302.01077216109246,243.24713556103265,263.26061736650655,289.34054321056465,320.7707854234136,320.0781406131601,383.54316203975645,368.15695626951566,384.5142507372969,381.257043280476,378.0759942494078,352.7966773639877,325.03051632644065,315.38957192625173,271.7484413717381,251.67263424550774,227.58943026162075,234.7837105331737,10.718541918809246,267.1749635066022,280.98205086803256,290.9852438126863,279.882757101953,286.58858154908063,281.7456004395822,251.52471506665813,234.17823823992384,197.72847181498065,166.97608794345496,150.7515595228727,123.15304460429073,103.01069526557536,107.93247519326155,126.93923440108509,154.00303450087853,186.0632256920568,197.97956531323595,227.57277897556946,227.50869571086284,227.1063713238645,238.30502938138787,216.08553463909627,210.21126992783286,189.31448545251797,163.81758931223052,0.0,0.0,0.0,0.0,0.0
2025-06-01 18:44:22.788,0,0.0,0.0,0.0,0.0,0.0,0.0,145.78860182522408,114.96255053325406,220.86011479510677,347.3583739549067,469.539502543313,598.3617993359921,691.0223581689854,773.8678230537056,843.372431885272,896.7823605588069,906.099563512362,893.397473355843,829.9889873433247,782.1713782279941,670.5992067532627,559.8615153454622,431.86550189782025,289.549953408433,226.64976655724604,268.2811082327844,402.19669463925885,570.5389835980412,701.8522980247532,844.5407288954766,958.8027394498247,1018.9493753594791,13.645045747621781,1102.5601646018633,1077.8719743036258,1034.2495278872877,945.3192207964632,849.1024905536237,731.0277596909798,585.0329551979647,498.01098030810874,449.18306011509696,477.38839753667054,670.4506059623247,808.5578396234943,970.1100784200398,1117.1045785491526,1203.3856933207428,1261.3807968460706,1326.7945288536337,1388.744680232831,1288.745709248322,1218.585713820081,1168.244822907187,981.577864052068,857.5686361494606,779.1947607878806,754.1909377909362,800.637540102793,19.83758912508101,8.855985264140793,16.79726525140406,18.284809209622814,17.705616220156116,13.36469136559997,8.27972250788425,16.809801305056876,23.436416816432335,18.228780806136676,13.848155873007418,1010.7140509344889,870.0334720710792,699.1267387688027,600.5402714114141,579.4965591514754,611.4432787974894,771.3210637665395,957.426074297036,1156.2550690877592,1315.4752633369026,1466.1402310842773,1604.2587809947556,1668.703585646,1699.476494573155,1677.510465312004,1617.74814109083,1522.806083989906,1367.929070438401,1237.6891322163146,1026.6851910248931,925.4854348968679,1065.574008307675,1069.1624019221424,1209.6299055305467,1381.5880026772916,1578.1638357717377,19.59594895273886,1903.3219953196005,1995.5867490917253,2040.1779851990987,2037.950347986407,1960.2682887201615,1861.8786992614305,1686.1967635046447,1525.057971561453,1345.1597610687202,1177.7453077785524,1039.3231862107211,909.8182271920197,901.0172148160297,962.7046787473771,1058.6979032852266,1171.0443478755092,1277.838666063769,1381.0978283935644,1439.0274135109048,1474.3127212931765,1438.434693326725,1426.716474178966,1366.0512081111385,1287.2692983319237,1182.620772407832,1081.3279639100024,25.73513472508972,11.194362339271155,8.647924579304405,20.708806696005016,0.0,0.0,0.0,128.0,15.513585826985203,18.30618715962304,13.21316724294267,1225.904244676414,1153.7679235868584,1069.4741762040635,968.6029286032231,864.3427105280571,729.8672550158503,684.3371718047483,640.662105905908,626.657169435946,657.7855537585627,746.432926862071,824.3485049491502,883.714278952464,942.2921218755357,962.6766245436362,1010.1590915644715,989.24535042089,952.18307184766,880.4365290206925,792.9375703283031,721.0467827885423,667.175021191176,610.060468096638,563.2249530966504,535.5230094419138,564.8770690121831,11.26195814418987,657.173969871955,716.85211648653,763.944924560836,783.3217660026683,785.504335043109,616.3189673712213,557.5250311073304,533.0381848055275,493.75355109506654,435.44854762417094,386.33162347630696,314.79770506404924,263.4149695579729,272.0561727688111,308.75523389595577,354.0461500037853,411.1346601623527,451.77004569448326,484.4200831879456,516.2296352311595,530.6865252878132,510.6636501810861,488.4875634635519,460.57030670251356,422.3474920764304,372.84407748159396,11.346957766180736,13.250689688114361,13.616612383014107,20.061814703962547,22.9503760460153,10.890258136853987,16.191712448853462,9.092665721562364,16.445233815029596,11.433543837391188,17.22097738770718,390.21036575991553,425.5925033248406,427.325773421244,425.12018930805016,406.59774120149024,374.42687023639934,379.50414784156237,306.22867135087506,279.83376730434804,253.6989022617053,245.01869498998673,298.7255755319611,317.6598266842199,334.6066715738258,395.24266986507007,399.9762070069885,395.1253312045842,389.6422475891401,379.54602974881453,367.5995936283254,361.1481958791811,337.3964114197401,280.7707244123892,249.9443166649035,234.91783648818782,232.60183794190414,17.775067993148205,263.1371684165522,279.636684251182,288.233225688313,300.32518206245294,297.3101081346808,288.1618678017469,255.88207769533716,240.27677733320783,198.6161318914305,168.90289316842055,147.7595619656532,125.22630918677314,99.00661235496746,106.74601197921739,135.76259291880243,152.93673573023239,183.33077012206653,199.59944005019702,223.06691641046996,226.02067918091166,231.82865814160724,246.82165369130468,226.64547546197946,219.4446839966131,189.87910161310785,153.24759545648456,0.0,0.0,0.0,0.0,0.0
2025-06-01 18:44:22.793,0,0.0,0.0,0.0,0.0,0.0,0.0,121.56222627794523,119.01892931839832,242.93461600659617,378.1597426037123,489.44351570346544,605.7439451200031,707.7747815251627,773.3425320891687,841.7369359699917,881.5680766156796,872.8268936319073,860.8010916161734,798.6224614723106,726.5980388912777,629.8713649520063,500.5872047404449,383.6028075650031,248.89241320166585,215.747734604537,295.9455923755004,438.8113309624564,597.9230968997042,730.7785999363514,860.796083267784,959.9587870884681,1026.647110928042,15.336630769634308,1069.9546412066131,1036.0368128656328,997.9887991619137,896.7144011205473,792.013563578341,670.031718696401,534.233552336533,457.8240973780598,428.79274300950186,481.06206118388116,681.4841209761364,827.2490121446634,998.5777978845414,1108.4961133270203,1230.6940342544556,1274.9324136009363,1327.9914754936228,1374.3426424730544,1246.021004907922,1197.2372985172663,1082.9792348146825,954.6151263051363,813.8940725755484,747.2938554933984,744.8766872123274,800.2593590541682,12.64637146905121,9.87402143068741,16.156982066218475,16.242755618620674,13.946415113932579,11.476509865560118,14.77501142191185,11.499933417851473,16.154083197225425,20.579628520890168,12.58089726516808,975.3311921819097,819.3640510372409,651.4060691280018,543.0940930308296,539.5733222666522,596.6379959111819,744.8439527580365,939.3612264756534,1139.9911911255388,1298.8381371459477,1430.6741543776652,1558.23432437704,1654.6701003471974,1690.2186323028018,1657.8505103519997,1609.9365770490388,1498.83216663346,1356.7878140683615,1238.4343589027178,1052.2906202026056,907.604625649767,1067.2321818730363,1058.3292939755565,1178.3046059150224,1356.4599729506795,1561.5964199234536,15.215502102481288,1912.284170681837,1997.4874463100375,2047.5070189793735,2035.4625768572027,2003.9927208842066,1903.2884817450818,1753.9314875742414,1603.0065871639317,1416.9828547663042,1240.655360848444,1082.7588246973312,975.5216846771727,955.3554374627466,1003.0323799929847,1097.8350012348642,1199.1055963132053,1306.4803448186353,1414.3997110159041,1488.5869517785177,1527.1276188940906,1536.51745212425,1503.007601038282,1435.5511541104615,1369.8259045893567,1266.944437854314,1153.0954151401293,15.319924084316657,15.867537031437823,12.909949674597893,24.371577493048463,0.0,0.0,0.0,128.0,13.806951258864649,16.470353682041765,14.819479681995087,1272.623094812641,1201.215830732056,1127.1115649772648,1038.4495280519611,934.5436035078117,788.5137043477343,715.5928819479789,659.8835916924046,639.1050936751928,659.8925922416541,725.5034916161,813.5904202951816,869.544012080649,936.0785471609618,981.7476890159878,1012.7908252183634,978.4519588593943,956.3746963641853,920.1846237539983,839.3738567649311,794.3502598070168,713.3830822686298,657.9568628743864,600.2911314676569,582.8803524964693,589.4492584755001,21.00121123298893,673.4215839370004,730.4940979862188,782.5213366664669,801.0298905278942,802.4377284961381,644.0726425089548,597.5993398917249,587.407195391927,522.5194562710359,465.9436098618143,397.6740630453188,347.32041925409953,304.351995205339,301.456280870052,326.9257858577166,367.48326320657054,426.04562210444357,473.73053319864107,525.1373314542533,539.2918596046096,558.7297110226331,520.8171609925802,501.79598367804743,479.96676218872415,417.88197415940596,361.9339615103854,17.9032308365017,17.643071387311604,10.141223493263935,15.309296132890266,23.42581064515749,14.298110478122439,16.991678424600444,11.946050690020282,22.14293386236132,7.573335839567038,23.541626104934327,409.26823427190476,401.9442417752688,403.0306395160656,422.4026090194968,396.2055719172863,353.30381838706626,342.05662009336083,302.0493879828072,251.35306458355933,236.1149804300955,220.34948113109738,255.50298967652475,264.2080518803982,302.0102053170658,344.16247418332546,356.80537583811065,390.0972029290213,392.0736427802767,376.71920299534315,371.2675684348052,349.25421463033933,320.55353261297876,283.62739701756624,236.73562727911835,226.9930148448457,231.7608220515655,10.258844598628551,235.93257720033296,274.471169912051,274.3384153077545,284.7291588464765,302.9339782023738,284.45112998014065,258.18602150714327,255.50014557673111,220.44893718052316,198.5703794313604,174.07435045676488,136.7877076304573,121.70842229340593,105.18286211124975,120.85844943741722,143.5261644210102,167.75777881233103,197.8405481306182,218.2994001335056,235.02772337440996,231.59682416093275,237.55239723558032,229.04403398443205,222.4958009753225,192.63667356760575,160.8390369583282,0.0,0.0,0.0,0.0,0.0
2025-06-01 18:44:22.797,0,0.0,0.0,0.0,0.0,0.0,0.0,94.02406650093987,95.06408443387956,174.59283118904227,288.74087009858533,369.3626939367604,463.06428508750616,542.0274100191302,593.0380398441629,646.3319109522321,665.5187597288641,668.1420560530778,656.8089638597338,608.061095474,559.0635053785405,494.13082781423657,386.0098039206604,275.6275306161984,186.9273791633762,166.67485323776268,220.0382261924716,338.91334932442777,450.97295997850154,546.5300311094876,648.1097539433792,718.5141547852331,782.3051255514174,6.291516938060477,813.2363333752569,791.4335035071649,760.6228075173602,678.8896668471695,596.8995492609711,505.34942647564174,411.57796669585275,337.64912822746976,314.5155623821808,371.5926868500218,494.859332742341,631.5938336360493,772.0038416722873,838.3762923478928,942.6689317295381,982.7726674396135,1042.0787081108178,1003.6499537045311,969.038625555483,908.9780706291498,834.8578046011595,738.6286157754138,617.7959318725639,553.0017554520458,567.2402819871782,632.7835017456792,12.22758620689649,6.029885057471347,8.378694936290586,13.246207688766335,11.252974827106959,7.9166582673755705,9.096801641976878,11.50630519011158,6.788773626059484,9.730021726882551,9.88946151317973,769.561092906323,630.5926477276832,510.8582550168641,432.5686057764209,413.01363565034876,455.19739732933704,580.8684393955813,724.7960206937353,863.1735388527115,986.4202163647986,1089.026452213913,1177.561733599428,1249.0449097983937,1274.9796577095594,1270.5202291438063,1212.1471104940213,1139.8444214199212,1034.4650683914783,939.2570526070409,793.8733766591614,696.0877704772057,819.3005938178479,811.9994371525286,880.0248281852846,1015.8912657690543,1172.3366269113376,12.866805269626928,1426.5851470110565,1509.4459472241067,1539.9459218267198,1546.40712888102,1524.5584973470773,1437.5417479380603,1349.5744990025053,1238.522811226486,1091.2547274431374,954.4692267629289,832.8354414934985,767.3527377869551,734.6744850600265,750.1309754875573,820.4759532117428,907.1155845584359,980.7612876182504,1057.9454092861383,1113.4903279912867,1158.3968583918233,1150.9087745343074,1141.2874084398807,1094.4768039014812,1043.2659067526909,972.9557117560871,889.0614464431671,5.819236385364122,7.307849281267419,18.873230834733114,12.532700170801116,0.0,0.0,0.0,128.0,9.95063433068676,11.048577050610701,7.298803418493566,977.2720603493253,934.975402892034,880.8719254241043,818.7363465730522,725.7887897055055,621.4945980187144,558.8397329608135,529.5376786157599,516.2657612031935,525.7300944268729,574.6864254491372,634.2298106841624,672.5438818986736,721.3762295118231,751.0324869290743,773.0082947138287,756.0574861089752,738.7536371684048,705.870448276255,638.0661846051374,604.0960936919195,560.4512636961518,511.71848369850295,460.73645585824374,445.4898215702152,465.36957053627145,8.746237962902907,523.5273578323747,559.9908086562651,601.1415596922515,618.7769277919122,620.0700777802977,497.332950513579,462.7713994749083,456.5071862775234,410.75329241647796,369.26342318017623,315.3944890733011,278.06660889343766,245.34908169934454,241.1862598400963,256.9623490748398,299.8845329822284,338.96212925164065,388.93187543175395,414.4904625554039,419.9642187699065,426.3049619171393,416.10189759192224,403.67344763053313,366.4824165922886,323.0471812281875,275.327281075933,15.517844940704082,14.998207596438913,5.137324103181557,12.444631571247452,15.337931220695452,7.913746877198355,9.158255198956931,7.828437184495694,14.265792611239332,10.045823867744993,13.862068965517551,293.68183614481086,316.54436361574557,326.57949528669064,318.8198139399996,315.1888477068744,269.13962035058205,264.777243858209,251.13875850731108,218.21037154665322,187.95890317262499,172.8369148059009,182.928589939701,192.79343596545317,232.31537012590303,254.22944959896137,269.6312605610989,273.63601653966464,316.09768067812934,306.84796560808087,276.5186340655415,273.8805316325244,250.66913478426886,223.92067080536947,200.96200499320602,193.81182078697606,179.75131173142034,2.3086652951573474,187.55234112169765,208.36614341455294,215.11435456760978,211.685732318012,233.37387551902918,216.65560840894915,211.3276082459116,203.09888131946303,183.2904719315026,161.27268361782632,140.3588784633038,120.18659674559805,102.15941286241967,97.30759453412462,99.96865875603798,108.89219457662759,143.44972356109116,157.58478653520666,162.89236442971728,187.41986264242985,183.7650815164816,186.65816926793545,183.62000264231338,177.33399517916575,151.69279477374593,138.35677366819348,0.0,0.0,0.0,0.0,0.0
2025-06-01 18:44:22.799,0,0.0,0.0,0.0,0.0,0.0,0.0,78.67546923340639,79.90319026712243,176.32647378096564,261.9066134561759,349.2165825641344,423.8493995118297,490.6640053317687,549.6373627436544,586.3888156854964,607.3075234279188,601.1853120132387,592.9301749702797,547.2692559686138,497.35813829303515,431.66365558658873,347.93455255222864,245.050943878805,163.91486296532983,147.90997825516519,203.56374693726235,308.1829158489764,396.0152764506093,497.59512933229576,584.5466719494328,646.5327193326997,699.9896877976909,2.370880748942071,723.9569043275695,714.1623912236702,667.1968175430675,609.3821174210117,537.5256105580376,462.9649700256011,369.25468884736364,296.31278471100734,288.73384649360736,321.8869921446593,445.04325259803323,558.7828439996123,688.4140874109241,696.2107282311035,835.467752899315,875.9884402662511,874.8555593665958,876.5120422805883,860.8005623564916,800.4072643624262,729.0728539560612,653.6512132683688,564.4422194938181,521.2652708622645,511.89403154480823,562.0041448222685,14.441377239308096,15.062818719033402,6.269526616396955,9.658332638104387,4.54082803468634,5.465247691688758,11.436560957002749,14.389969170324,9.371337758447218,10.653318368964452,7.840298770132163,670.1603633394095,561.2251385817932,452.66029988766434,388.95853419868496,384.0005156077914,419.8495774270047,536.3537793108918,651.6396560985867,763.3248206834629,872.8952664378114,972.6389872201347,1054.3943492169412,1105.1466994405841,1125.4223879159695,1110.044624635199,1082.8134559627315,1024.0557431605982,930.2519294008617,832.0442992163082,717.6089265503601,634.0257809333162,741.8098591948149,749.08471944942,823.8652716858893,916.8774029077094,1061.6709466498862,10.600822801751972,1274.0462306177822,1339.2393107427608,1369.8101815905802,1391.835889197516,1351.3716532180206,1273.1615116848404,1182.287749037034,1088.639681895085,969.8227208651472,843.4562342347324,750.8452085407948,680.1373434253304,656.4996720004287,679.1600201696108,743.7327135759175,819.3209482329551,884.8881541966298,963.7586461772866,998.7157714595695,1040.1563535521182,1039.1367114228203,1014.0505767094631,987.1138094059905,915.2185867142553,856.7369089473023,803.6869390081157,5.5950214798523135,4.800430935485403,14.134315031206661,11.831228284923942,0.0,0.0,0.0,128.0,3.421551526143179,10.671441658136938,7.17067561173481,866.7302289782439,827.0183141314978,784.6082979321351,707.6546114941477,645.6501133793298,550.7240447157726,506.44871992044307,479.80440504705734,463.60355600839796,498.91737000536534,536.3720814325322,590.5394104740727,628.6091861427441,677.5548101586766,688.1397956230117,700.5669843973867,707.6676734834441,681.8803662257615,624.346998650523,569.2802364803111,524.2635066189929,479.99023994353126,435.7166573484719,394.6702904709299,378.1546744642145,395.47488739164265,9.31860736137854,472.47570163852447,510.25730319345075,540.7824591928471,571.2827082117477,559.213133871328,451.68175012636493,417.3790457763294,404.4965431329248,370.9712485763129,323.65633941317265,286.0106194270476,241.44648066849481,207.2821019886215,194.14701377380172,223.84416260091993,259.61240296867254,299.01137415704653,338.2169898851961,354.6714667351322,374.9669214324448,376.83580858688015,372.169725471344,369.4570118996208,346.6868853950595,292.9851182031806,257.23864184827505,12.394970638593266,6.957576046815609,8.66249990100267,6.853078518572097,16.85373670314472,9.037572517195512,11.455396567346481,14.593114472792262,12.535587005836078,9.941025598966398,10.0,245.37586421619446,280.68701283014946,290.47708342375796,289.21403674276064,292.03558190354306,262.40287143970653,245.29402000390687,218.20947731640663,185.25781048562988,172.99425284725038,165.22007847577473,178.7869479947523,189.18097502608185,199.39517948031408,252.2681347141014,243.29649517654696,248.02223892832006,261.5369908352723,274.0920217284879,255.3507828462334,256.7075080314938,223.38011274417377,197.81516660720575,184.83009156448864,176.2692354006968,165.3600754377077,1.0,171.27594780752983,190.04894807645275,195.49512590841343,202.1399553628516,212.85652694120913,201.73585607600924,187.9184161427069,182.45173179564247,156.1261850315998,144.99057247030254,128.23348949626805,109.56172872821548,98.64409644256001,93.15413733816008,100.55134378102616,106.16094996236852,149.44854326168132,145.59307317129338,156.52411159367003,171.31679020340576,179.31565130472012,184.70455890983868,184.5447211447535,166.59690376319864,152.82102163705662,125.25903519523743,0.0,0.0,0.0,0.0,0.0
2025-06-01 18:44:22.804,0,0.0,0.0,0.0,0.0,0.0,0.0,112.21629452151456,61.17733147720341,113.46966630591842,210.3382651509831,294.04861079485374,374.88965280537536,449.1284985972504,506.3399676810785,556.4061863299063,578.5527675465008,598.3147050697254,584.7530811104443,563.3572730649274,505.5194955385253,453.1726552106395,379.70450760651414,284.2581726233691,197.85507695259096,129.24279340226474,152.6654481140547,247.01797692711222,350.4325011863682,444.2551322485649,540.9965601010426,617.03014474568,673.0037686300078,3.845938956022045,721.901156305441,716.1605409742137,685.8527573620189,632.5190145258523,566.1897127119574,484.30627227267155,394.35964150646697,315.32987073472384,285.3886715475202,298.2200164800836,379.663728106191,534.4170302887642,610.7483233709365,708.5821756378682,807.001371359066,875.4711638317265,913.6735052946615,880.115370546754,867.5879797901459,841.8988451204191,765.5612429815953,699.0075100022835,593.6723364450054,542.3293792831653,501.6371970305701,526.9517033546119,19.863551672562615,15.245755749810014,6.632356160899395,4.197156602022727,9.001431839963633,7.118208027851621,9.046047742186449,18.856806791482665,11.457924051717672,12.833110985819395,8.770772184630431,712.3031951754183,606.5764487649491,499.15242996426366,413.347251696501,383.25975596254005,399.0018214073907,486.76733414358995,615.245073213239,723.1574284801018,872.1844247733032,968.8609371783795,1054.3496369872394,1111.014110044323,1136.7545264034482,1133.3517644942417,1119.7380051128896,1052.514164338385,963.7713462780557,855.7238724542451,748.0620755195804,665.2505922593549,761.6139449643728,741.3958970269392,811.0111335557435,913.1835916739676,1037.553425484191,7.62024008573689,1264.31883425716,1351.8414910365702,1379.7005951781523,1399.3355448822476,1374.0627140978763,1316.340633707567,1229.1442101016107,1128.5145610576428,1020.664170500281,883.339511663801,782.0992582023748,693.107269470776,669.5313218420978,685.795265095182,741.0235754669001,806.7641068197906,878.3908762555747,938.7161094271352,992.6579148802364,1028.8971491965813,1022.2676109758046,1033.0825255719913,996.348253904461,949.9874513995352,879.3346705133529,813.5137460862782,10.77932407690755,7.604431555588714,6.765939699079028,7.574927176771317,0.0,0.0,0.0,128.0,6.863742423347414,12.671063239439857,14.702774864507752,874.0463995062868,842.0625587763766,803.4528571540028,734.1721879301241,664.0858625464543,564.3115882405004,527.5501746312035,509.93136153786514,492.3531063366726,519.1727230054465,559.7052933022936,598.3000575394119,638.3261236489539,691.833973740707,697.4510548549604,706.9533775112848,705.8616976613534,697.3482643270311,650.478531066565,574.1539930476214,558.2830689779696,500.28204662105946,445.12093674098963,439.29871855563107,426.82284497202244,447.4608076823247,10.738919813722548,522.8921480280289,576.4461229782813,602.2658742214505,599.3720803141431,604.3689799905933,472.95920640346486,443.1745260769947,423.53088556896716,378.76180904820836,336.70950481404736,301.67044935754546,269.6932000661169,234.91107801515753,246.8099470222112,272.13261367820365,313.7641372554523,369.0925884579364,383.7154307058342,403.2507071029107,437.46173752342014,423.94082798554786,420.4972671221687,391.50835403032016,365.0722906950156,306.81879093013885,257.655375492864,7.066998080529228,11.200102987158171,6.655177497243809,5.686248021770072,11.147860870612053,9.236853692730971,7.2558736206803385,8.246922644928443,7.737571844894732,10.726789361736099,11.053986818725669,286.84267228607257,305.4828812537158,305.3416059606481,288.32677058019027,285.0336985697373,238.00525204532266,206.91957541964447,187.8810417221337,157.81694196687218,148.8307189088277,145.65127981530932,171.98516751477976,177.46041244574303,229.0757895963285,257.88686216788585,266.23003894324614,273.05288635889974,270.47360045711974,270.77077817139264,252.59446585311176,252.67748262988124,218.94469371320687,192.1867597424532,172.00014679309714,157.45798485565933,166.81814609795364,5.983160437411021,183.57960242112497,204.47715595197616,204.72668645820391,226.56481186163856,222.37959655386067,211.6977077133987,199.01296776476082,195.02607269857978,161.10427593917916,158.58709949974119,124.20190103990377,106.78684427581113,104.29422970545242,86.19177846281642,106.4431044989748,120.4644180722584,138.6832288133957,156.16865849066852,164.42687075989954,170.51609147097892,176.5800845890582,185.0416000742402,176.26999492770076,160.56816268919033,150.65599923130586,117.50595821493674,0.0,0.0,0.0,0.0,0.0
2025-06-01 18:44:22.809,0,0.0,0.0,0.0,0.0,0.0,0.0,73.41549365589862,103.74065229057459,185.8612887150594,264.2277740645005,348.22273462092244,422.94719975481195,494.4027028072803,539.8002402094965,569.021334219539,585.1225101259843,601.0128325314677,564.047493800872,530.9765328908228,468.3631796014257,392.6784244927785,328.92374626307543,230.28397498819342,160.23719892674228,135.13703077644504,202.3301178866083,303.78441281564164,406.30501248032067,498.47399200172316,585.6480575541224,639.7695930560434,683.9900370540201,6.712946881829048,710.3127455508031,687.0176152538319,648.4815978071724,584.9639684560615,509.7508277956658,423.19726068593775,338.95712491023164,286.6667117225619,290.72231772811716,338.2356071360766,447.890634026745,555.2303756851899,666.7542611232028,739.3614574156293,843.1193329716012,851.9851958124883,929.1905204753456,871.2996549961922,835.6531331565197,792.2676109198306,706.1619701830191,656.2840045366792,561.5690309217961,511.8632487317785,493.1524197424452,548.1645682640749,16.022842958644176,13.261829985827484,4.126226319058433,5.832025227472853,8.614415742753234,9.474110255122424,8.06225774829855,5.18340889333386,16.1774199730053,15.3460370484238,17.06611771881737,657.0569621537638,549.334080223233,457.7985362987652,380.7856425867791,378.78681898290307,401.12032209929276,504.660383622048,634.2772459538694,742.3770633281043,881.1321662049256,976.1896923567122,1054.7197174547148,1109.8937912180534,1131.089174947886,1127.684992958908,1107.8493768286917,1025.7765917690394,957.7059345187977,863.1121857086774,760.7605922742916,664.0488596767834,754.2938738820458,749.9441209901447,826.2465359216317,929.4926042496662,1044.2512600308703,4.717296273570945,1284.9900736889615,1373.6074299875888,1397.0265937316015,1427.7031776393148,1399.0982709128996,1352.9159521202932,1240.6195404624495,1154.6530168366207,1031.6125520955175,907.8313268824248,791.486096462123,716.7136905497331,679.1238069329785,695.4482722030024,758.7831167509412,832.1151183071177,905.6510020693804,974.0600105705101,1024.2150542720274,1071.7674379365174,1077.1337718257491,1060.651802999654,1031.783064697821,1005.419142258041,926.8445743924619,840.398206212959,8.520337441218498,14.724769874715502,5.064636852691537,11.116678576611076,0.0,0.0,0.0,128.0,5.513896127875389,8.072482986333078,12.240744965377978,887.9417092271317,857.8408286444901,824.5331797640038,747.5203482833917,675.0533635981423,580.9009188671416,534.0126225898415,493.110990548946,478.22706900493904,491.5951508237305,537.8007592316425,572.0568102433707,616.3803146719616,648.2606877129074,670.2438235881868,699.0492770676871,706.5269754187677,682.4748633276522,656.9491729830444,617.1444316345162,575.9286958214648,528.5386119217915,467.8046098786612,436.9074828053404,431.0503270825322,441.74582391262516,4.4155061087599625,499.2132306256115,551.2970961445892,568.0323195493265,599.8646864637177,604.4857789268109,492.6751982418376,452.12865215780005,438.1540032285479,405.1731943503706,358.5012449517426,297.6970885826669,270.4776435015574,242.42578261757563,237.08533577983405,250.81037690136577,310.51743897606514,332.1624789921709,366.148516099673,412.93408045036955,418.62087732808067,420.8104503945367,421.21276714859755,409.8235937205061,379.5458627458891,323.34931923872233,258.38863305051257,8.421806712053797,9.671695932149122,3.4750792835027755,17.808405551660748,9.830243619839763,2.342528735632186,11.796918363962543,2.8816052242912513,8.610293078938717,7.182166271736463,13.48960293509549,282.9580622271147,286.9480276592324,311.6188930066123,295.49029682691327,280.00500597943335,261.32672689713615,244.57558909790424,224.65931318120928,198.27312812055595,141.02613958652228,157.95323814829692,184.4421129337364,162.5570031561258,207.79846115440375,249.13743853761622,247.48198950875928,265.1435232177636,272.23360501336936,267.01760450039257,266.33934734651496,262.34058128559906,232.26979080425957,221.1477474348135,190.524863782466,160.54237177654008,165.5030125747705,7.919420209429465,174.45149509930442,189.09037388432859,187.3284779797337,217.1729764533414,221.27567995334746,218.35181973660258,208.93859940342503,208.45221114975013,183.75650963008854,163.05456478670664,152.6434664930914,128.1937102593384,117.51816202264581,98.21057171720535,102.58665267510887,114.9696609052425,139.8525785500071,158.22973038777022,174.37432549518738,181.5475674756821,186.4940947084821,188.39596520975053,185.75081868349275,168.25709805179392,163.30701658280057,133.51239316908104,0.0,0.0,0.0,0.0,0.0
2025-06-01 18:44:22.813,0,0.0,0.0,0.0,0.0,0.0,0.0,92.31565999597731,169.58825627690385,253.20521420084762,349.03646124814907,425.0602016855905,475.80261874744536,530.9647767595978,557.0504706221564,578.2269278304117,589.2727995955402,565.4114394980622,529.3966980238897,475.9629510308146,409.4097717611438,335.3324474793117,247.15045427145756,158.47137570423462,142.3139401803929,182.8566534480577,262.9834179278148,372.0031724966168,465.3223254617412,548.6876448404596,618.5118763461036,676.286660553291,698.6213570040153,5.390341311845981,700.6735599323509,667.6757264125903,608.6474642115227,546.4573894653245,453.7758315532842,384.3194784779163,314.13395238158876,288.99353902112404,308.89830329083236,359.4162027616951,520.2519101662059,634.4934909749758,726.9637111698212,828.5565684113502,845.6945642915817,867.4524257148711,919.3247574452713,854.8742900491476,842.1259162283104,782.5981692293466,696.8724759307125,621.7664518508742,560.249490591497,512.7770739842141,562.7039126690108,610.9152298719406,15.451874738155176,4.519204879455808,3.083524313857121,5.909872217960842,1.99947741396372,16.089504085277735,4.220269409648207,3.0345246004899242,9.089940408972932,10.31362350016512,6.9724708485830895,649.8686367457851,551.4283924010062,477.45341328580787,404.07486632750994,430.4618705318699,472.75454061775804,585.1128706014097,702.5952081610577,815.2912800392099,932.4657102809185,1021.5893765737603,1089.1742513174404,1144.167069573304,1151.101472833298,1139.5656280851865,1105.2451526561565,1030.0716991017216,941.0937696942101,842.0205751900181,737.2337791195496,674.212121361989,773.6384376032561,796.7260206715277,863.722556766486,984.4194938653585,1104.517114033873,6.861148620016804,1318.2781143674201,1415.29143380806,1434.0599741830479,1455.085427968517,1404.9292679729374,1351.0875548489387,1244.421428642057,1144.3587864113067,1027.932634222612,909.8318171253409,779.2854265995087,703.4881544498392,664.7969067461764,682.4524441490149,745.848450567494,843.7116464214907,914.9418157989874,974.0440299159737,1037.7869269704297,1065.8291853495452,1067.3042502159524,1078.6659475988997,1055.1902910268886,999.1016410201808,926.8436526888763,842.1547676807461,7.11175857598715,6.853586149858549,9.56519839740242,6.83904082394427,0.0,0.0,0.0,128.0,5.933415974394983,10.497182644039302,20.479304206568575,898.9752539986605,865.3455876289132,835.7578260410831,793.4857891078266,706.1538761022305,607.9363871904906,562.3125164961957,509.94040072703683,487.60619100377795,495.1584518993563,537.0687944130962,575.5202099149288,610.8017814040727,650.4439015051316,684.7838049053414,720.6588557454137,706.5627229289465,703.0629392709444,689.7065299671959,617.7053708353043,610.9194578061307,551.1261656256487,492.59636639914567,451.5893467616946,452.4237251810429,444.379518918639,10.07440026993586,509.03943728950964,568.2126544991137,580.8581138057563,619.4666464673193,621.8184760080451,506.9764270684221,479.21738676743246,460.71838842378963,420.9382956967214,387.15593415741364,331.46168924259604,278.91982255575937,244.40851992917067,247.59184054870937,242.6418061751653,284.22621762338093,338.4933134483012,360.08619651491813,396.36538942899875,406.4207132584664,426.65595988426605,433.3276628019263,418.80034910395455,389.99107469753943,333.0517547312911,287.07389715530354,8.183914874050386,15.878814112567962,4.2690827198271775,6.343883941554584,8.730968047565039,5.01452952542432,13.892817972084623,16.573907879752213,13.440514867097203,3.9914234081494366,14.020871527558324,293.8225586905716,296.8495201897336,337.2293950035151,334.9201998536086,333.02096431658117,292.20414125668236,279.56555847011487,239.84692826589597,208.5235255100057,187.77147174909277,156.98830880703585,175.90739381059802,193.2334225874007,209.47814996966474,239.95188500472506,270.9458220507262,268.74423091490416,288.3489600039018,281.345349963414,260.11872600831606,285.47641282142513,254.18097956286732,224.39716479966634,198.34622177003695,183.9643881775064,171.54535097083485,9.290339845028322,162.17656871107715,180.02540032406696,186.96600367706307,216.26214328676517,211.55961161591028,217.89871618204927,215.86881168751214,215.8399328111891,194.24510745114526,177.03751461141815,161.63820905626565,139.34936969153162,128.98208932491312,106.84456583399275,105.97573657921359,117.35057353917826,125.4273102750991,145.16436750588542,177.24712275840457,178.1683953345956,192.36801598451243,183.3804563546214,193.74472477321885,184.86690785134567,170.62103846053776,143.9200163727284,0.0,0.0,0.0,0.0,0.0
2025-06-01 18:44:22.817,0,0.0,0.0,0.0,0.0,0.0,0.0,137.17479695369934,77.7337410962745,128.42976745278565,220.81962048108616,314.2445816884303,390.2030281737271,467.91184323911585,530.8127172247071,580.3363730348409,596.6395090399235,615.2842098532602,607.5787269303108,581.5974714387426,527.4032713112006,459.49111309397665,396.64476311196887,293.4410138979638,204.78064837070696,145.56290332071126,168.94924107970104,255.30240658185795,357.1903040585564,469.2645362494726,557.5779166356284,628.1852443905367,687.4819089626949,5.97647305493004,737.9173641111997,728.3332658076579,701.1591426125703,647.4771421518792,574.0477787972383,511.49993614849734,405.77958964291656,342.12261985005017,330.1937189028108,296.39178177172437,425.57966027388136,515.0460517573193,634.4910911180896,735.2430607315491,838.5821378555204,884.6475903739413,919.1644468783,891.0158944463399,921.8029268031212,865.5828271363199,807.3766046333469,718.1675182169627,625.6821951116134,554.4028394655727,536.2476178290266,544.936697657061,14.937174447548973,8.014550008368827,8.351724137931,4.61895055079901,10.548100150251008,8.089968625424994,2.3840351384292626,8.803490221756073,16.724655942290468,20.581382635856592,8.528807857973622,749.9861494241748,648.8845983678814,540.9125914582103,450.6878025424938,415.41156521850917,409.971359495768,516.2111077294634,624.2564752617395,752.0318266998513,878.2782403504256,981.4567782771129,1068.8214476743076,1124.7742981567167,1174.4759454307527,1165.774404966608,1163.4017530671397,1085.6036209696813,1002.1482687391041,900.2055144812582,783.218670663492,716.7819071185544,790.6398307975768,763.5717512781863,810.4544103254156,925.5092175576658,1043.1911692574683,7.218558516221242,1288.8670865743636,1382.9829391196688,1411.807697652707,1457.6965811004081,1419.7769334309305,1368.466511183202,1288.3288182782899,1167.2465325845099,1041.4676859714273,902.5302288602367,777.7764368712003,683.088828612534,650.303974669083,662.9529744933538,720.7905524539284,803.461127588004,899.7825510803293,949.976202916239,1009.3982438097967,1063.7473464670697,1041.379169851151,1059.9467964971304,1050.6169332935417,996.4179493991799,923.9837162161688,832.1805606778306,14.689089077019638,19.312879875713296,4.7900220675081755,8.871685630872719,0.0,0.0,0.0,128.0,3.873203985756437,5.996726236726443,20.670999702307505,908.7741464455232,865.9396967928191,836.8925197592325,758.5738221198184,682.9715596716854,572.3549913175336,539.9785296179804,501.36810999039227,485.40969120243795,515.7445155840509,552.2356801786163,596.0747923413367,643.6234026322101,673.8556505927811,713.3465550663396,736.881406271304,715.1282822306516,704.1783484848913,672.2148024934087,590.9662271800244,583.4661667003173,518.5118686283492,460.2116224289585,421.7773829988547,416.257685384126,430.98597829516524,4.0285970272593135,521.4246702863135,565.310738154591,587.9751413257296,625.8680256572932,621.7785507353124,487.26035419902803,462.2326176648942,436.42359408447436,387.79932162280426,341.0522805644335,279.81027623649356,244.49393771385428,226.43287396190536,217.4412821723262,245.91065623451968,280.83490795954106,329.93566426840744,385.27040419279166,397.76844910104074,417.0725896711995,425.8890536426405,420.5933173708603,393.1985665056892,370.39641012119273,321.34351599588535,258.4809505287925,4.860034171746845,8.626520492537114,5.031287267032136,10.297439170282,12.205570355428137,6.252412905785754,13.111899852501283,18.867962264113206,9.94267828403064,6.696632691840468,12.692649428186268,314.8478878274698,319.680682329187,326.6316010415593,305.396497436623,307.2180563680706,284.6287688814937,282.8043275746375,238.50240461133427,210.76981967767463,167.49437241401557,158.8275962573376,200.82728570887383,238.90227071080665,245.92027843056405,291.8877343645512,304.2867219120431,296.13102763919596,297.79160110156465,293.92843217751476,272.8855147023796,268.5661856183482,250.0043901892232,234.33665163820277,194.53964981800783,179.9262674637227,184.58112829189827,14.871864212029003,211.53325359090564,226.5691959778517,238.54630103772803,262.77074065070707,247.70359225117508,244.55765189367324,230.9772168524816,227.50615999839724,197.95563788239403,178.68613178204265,151.3567816265473,123.661564056056,117.65393820716345,133.7491937571257,131.45985381915258,162.13021430471105,170.9628255579325,195.3828630116501,203.85759333503054,222.80309586696046,218.64487801837603,215.94371555511907,201.5216514759092,183.44582228237067,157.34121218460356,136.17441342384876,0.0,0.0,0.0,0.0,0.0
2025-06-01 18:44:22.820,0,0.0,0.0,0.0,0.0,0.0,0.0,93.3331593029828,174.12162220063323,256.96248318939354,358.060333817077,433.63046340719836,488.93943991618346,553.0831703440946,577.3590252696032,603.108948066187,610.551717283274,583.261179262213,558.5536882644386,508.03977387393354,438.3591083431784,362.75851083531785,257.49179777628524,165.34427265490922,136.8457774653316,181.21354558838755,272.42480181793246,377.96182089750795,479.02783640949144,554.758418418212,640.232689671328,706.846217402038,721.9021677779693,13.381181439149906,731.7328895371155,692.9124014705402,647.7458504046139,568.9161903004631,489.5774682851179,395.9147206143463,319.7076239123952,275.01430154528936,321.6305035286553,361.50349749576947,504.59754465195283,608.7369757218224,725.0862048941542,785.0641527176555,915.8556102448205,917.3214368070101,918.3889549440605,896.9832413473761,862.7108512189669,804.1657602431634,735.5472942777028,643.8928576823446,570.6780476574453,512.6885030484706,560.7487052678702,598.1022511455134,14.866068747318506,6.27969387064141,11.214030930224286,8.848482643320633,4.602206429803218,3.1544810966050245,15.294058201022217,13.279866655954308,7.294265767614892,14.553935434327464,4.821682213551181,672.5646929549013,559.1131269087668,480.42198201066896,403.4905115867375,414.49803803627384,456.5309317292482,591.4132360058946,700.4836670249867,816.7389447461039,923.4718433370458,1044.8602443117084,1107.8870290741784,1157.218893294246,1186.2109122470172,1149.026138305603,1121.9638235499474,1043.2692416315683,950.0579508975471,840.5141715143318,733.1668354389251,657.7227529849907,760.0958423508533,779.7916969819316,836.7107025462253,968.8577371648297,1107.9224392721342,19.365528244906876,1328.7590231062563,1407.8599896692342,1432.462598457232,1463.6734067500772,1396.6641795605149,1352.7885312358603,1262.7587669635277,1128.0554842282081,1009.9595887569334,876.94548962002,763.5143918048905,678.8945863619036,646.797721658126,672.9806612773463,737.342752460705,813.3238523175219,906.2773789533082,975.300133792118,1037.5607154738059,1079.198341309569,1046.1028616385988,1064.7227053209385,1052.540727650999,970.4714268492816,913.6548673738008,843.4869967611018,5.921388052671878,7.248707527929781,9.54065653165759,8.322287869639801,0.0,0.0,0.0,128.0,2.8891678629631983,12.404817479178483,11.910202227269481,902.2309569442126,874.9298489274005,823.6430941115789,754.445866696671,681.0200870270169,572.8836696788346,532.2839870740652,512.4679292781442,482.71797099079885,483.80748264189174,531.6630782148159,584.8035739642569,627.814098434804,676.9669952514297,719.2330638045186,738.398520252126,733.1868934696757,715.4986130942339,657.3920371000687,587.3774220228551,573.0861544097734,532.2838436275423,477.1969764731388,427.9535599441397,383.0103199659989,414.7639834557926,11.46182296493098,496.33005645654305,544.6442723300672,570.4025994404349,618.9768027192265,604.8778932131023,488.87889690631073,470.7171739456765,447.28232384302703,400.57825201071563,361.271964860442,310.09288589360796,261.3090882775806,218.2510549927609,204.33008766166242,225.5355864637387,269.77481422305146,303.70499208171657,347.12095448116963,373.8444429669858,401.70242162423074,412.24293312983065,400.61923002832293,405.9545367915689,376.9212069626522,348.309607935497,300.2254043330289,2.4108411067755906,8.417319808434591,2.4598389021598743,6.394350056515684,8.86486267506941,17.31631771227658,18.555276629348672,4.240254521792437,9.033920364344645,9.051617547075617,17.314383638490277,312.75659915472954,303.8819543734917,341.4852706647367,338.8021527719451,330.2714944285194,308.501993313819,306.1574174765798,270.8612327972679,233.28265678134568,184.4041791522174,184.97998002257805,179.43068765099676,182.44991563878867,235.88861421668176,266.1934219935149,270.84207277870115,272.4288019070634,307.3935129395979,307.7452450568348,287.9153251394131,284.67434381036065,269.4112303021635,243.0273698476187,207.84823915575794,198.10581369638254,178.0211777536778,13.232694870449066,181.2816898491078,203.4839156211883,224.1350252872749,230.26564466009145,237.39568420243725,251.50085933079163,243.54324580481833,236.07040285983135,225.38595381104537,198.70876398412477,177.47999684752565,156.4468670714565,125.77059215318616,121.41644319104344,113.0495018613611,129.26004217899896,152.1696897229839,170.96975498208332,175.31812784426455,200.6815045970534,211.19324745255346,217.3365889803178,218.15548709265397,217.5780401372788,198.12355970372096,159.4104363407352,0.0,0.0,0.0,0.0,0.0
2025-06-01 18:44:22.824,0,0.0,0.0,0.0,0.0,0.0,0.0,108.60589110516656,189.37220249702742,275.9209909954699,359.5909222719702,429.826491505399,487.92729248182536,534.1585416140018,562.5500750899507,572.2833488596112,571.8641030234307,560.510306892388,522.0181549937702,465.4158725087776,407.0753626974705,326.468708767295,232.6572663640212,136.65963610996192,126.17609208353339,185.66556998113094,278.6939288460454,398.5676328620096,489.6259572145625,560.2496241938863,628.9926104700945,685.6438310136695,716.7837077206996,5.801053402652244,708.8566654479063,668.029870552907,631.2336795777763,537.8974631906223,468.5270951216232,369.98286613983794,308.01965387509574,240.57167334651027,308.0585607886339,382.61861932820864,534.6003535327102,618.5109275796761,699.3555263600953,814.7925883116585,890.6848698971112,907.0645801320318,931.1720419553188,924.9174509026292,889.7726138405997,796.568626043293,706.4292878361751,610.8704841976399,527.8853242751583,552.0347208597871,558.2295366775245,630.6003368757098,20.884345207508815,13.062369814357945,10.80081218293837,4.701321193041378,6.212335408320476,14.69512461034908,11.43238234995076,16.863900772820596,7.172096701310963,6.221862616751402,4.47213595499958,663.1359090654134,554.9555170454285,459.6994585595301,422.0816420020592,427.4372184301666,478.905873908955,605.8894188651774,725.7202195787573,853.7855566250927,962.156578342538,1062.0960122568995,1127.7184074373329,1180.2694790053404,1191.3837789336346,1189.3890151777023,1132.3394459568492,1070.7618993151227,964.567969273557,867.0492618593465,769.2000205680546,680.6923647074314,788.2065361570257,803.4294717769241,895.4691263573726,1021.2753843180077,1144.395254017825,14.611254159398236,1389.193428889826,1433.8822744052145,1497.5435303445472,1478.9106522153095,1438.0469935433327,1385.3079927424442,1260.7685837394704,1166.4368805369104,1012.7891415791036,896.1444415787172,763.4300618516025,694.3585292935784,676.982702296493,697.0093911609972,756.3781190160126,837.882487369277,917.5596613073764,1006.895461094583,1049.6888696649014,1084.079250224727,1089.061847754559,1081.970001899441,1061.255873882745,1004.9168122973391,924.6103564973386,845.4688301048195,6.265391522769795,11.06118007291018,5.866523354689348,11.897819469756497,0.0,0.0,0.0,128.0,12.508958550849705,2.5310344827587414,7.40272090510731,926.0976646545809,880.5148263125556,830.2011853109057,792.2886266279622,711.790297995217,593.6284611539983,560.1253941949017,518.1489153440517,498.14314653234334,541.9685899224172,576.7943355649724,615.2288557188367,656.674271321871,708.0520100018739,736.1770659674663,761.5977877768782,738.3355230298948,722.0244309318753,705.1450882878395,664.5338003825686,598.9955857379127,551.0566520174443,490.6805564199803,459.45024061004636,465.10466886785173,467.4614769437218,21.48192727336538,541.5072078505042,599.2289873642643,631.0467442372493,636.2503091577197,648.4660017548591,531.0836890870387,503.009378368385,482.03870175129657,434.0363931987621,396.81248435796755,336.17942362034364,285.75521785606577,259.82905299996924,249.69141176542976,252.0418686949735,289.17177704737816,351.19050128633324,381.4805043089627,421.06222143639354,442.48598490927844,448.0135342455596,453.54111635226485,437.2630228253416,423.2575822961317,353.84337667395243,314.17175925961504,18.414727423124944,5.2624942241067565,12.48036190236194,5.0482758620689765,8.085514451602918,6.264716548732627,5.67713160781452,11.243742917084752,9.951724137931024,7.174787374058546,9.629913456090467,313.4124444690338,325.36062410203476,349.35911444439483,340.4113073632201,326.8747271267195,298.60563312167005,295.26661169582314,250.29408803050836,226.72466044469184,186.74380700541994,155.29822598538834,177.65781258475803,191.92123946710635,197.15928270493316,266.7564628515797,267.3638114827178,292.49221519603907,315.06124699576065,309.1002559139088,315.18615369858367,302.2462520430645,278.3761027860673,252.0896126417796,223.76283163074422,202.8231333167753,170.16395927686335,8.477558526505648,185.16716269477294,183.88128780051665,203.99931672606084,234.42912173328298,243.29441590722323,254.27071628126626,245.71871213382647,237.93853814853472,227.15247684948716,206.75551175387488,183.90609152616918,159.23159871396018,129.83537395228998,116.63211647160281,120.72893293470229,119.83366432927612,141.13780087960288,156.79191745835263,174.19058157773983,189.1963279252284,196.08956935234536,205.97655069247537,205.11391085615594,207.10205053586824,195.80234570688677,164.2546807429415,0.0,0.0,0.0,0.0,0.0
2025-06-01 18:44:22.828,0,0.0,0.0,0.0,0.0,0.0,0.0,63.26188670558214,108.79538526314364,194.20289685859063,285.4571702897104,360.248757144044,439.732508390793,494.7294104483732,545.0464769650013,577.6885214180261,588.8885041474635,594.6205216755338,574.111433256198,516.4132358831705,467.2663890641314,401.319057254216,320.6037851623528,221.36827405682521,140.52834107558604,135.90359871436542,219.39189094751163,333.0255210818118,427.4928979984116,531.6916514725367,604.0664585797907,665.3649573310029,708.1553049471661,9.964087836036152,739.7681468743666,708.8494632006331,669.158128551609,584.589217033578,538.2555605822644,436.8608035673396,352.7127901334619,312.2666800137433,315.76292313501443,324.3215022635238,471.27145121074517,568.5040902910247,677.726906387481,795.5750437219549,875.3535956976103,903.124148427464,939.3383375406887,922.5713453240529,864.5302032101496,850.7723025478965,764.9615411493348,654.1307313844648,585.2554690299979,504.627658988092,533.4482915199964,586.7099286252547,19.245791055068512,7.722451446261705,8.112061368822104,22.14116930069517,7.592026571877222,2.2445436053474523,10.021707400229849,14.090725721518078,14.289587123907962,3.646478183406601,20.789314840216967,713.0497848781027,600.8388423702801,496.4135807125789,428.9663106853741,396.14363159780277,440.1627292903266,555.0585137141543,682.4795130064306,811.1235666166749,919.6995541715515,1038.2915612126926,1125.8078754831738,1172.851507185234,1202.8235024898831,1203.0320230473333,1178.9610412889017,1097.81506818547,1021.392723187232,915.0548049019128,778.0282337807431,702.7726028117324,791.5802735446089,803.468231642437,847.1754195694974,977.6842500861418,1106.0729363103785,12.405151436603267,1360.8802686706754,1445.8048553962412,1483.933784708263,1507.1014920424648,1469.736033669211,1407.5938630084281,1321.8175122391729,1194.3413326503,1070.6237308078782,930.9353760359284,801.2923341544781,700.4890423709926,672.1447888717942,667.2583404555696,743.6789701209271,819.2874944603207,906.0561267955883,1003.5313734451815,1046.3769028115873,1092.196501129378,1068.7741974262944,1097.9370330750207,1079.8126924775172,1021.0075621309193,958.3882932248958,875.0454048397713,2.892723735239758,9.520430691189794,5.390161394580161,3.7614592239352316,0.0,0.0,0.0,128.0,12.380915646933836,2.0,24.75125135312704,921.4256443281224,898.5733618964122,865.2858840065904,784.249007973522,705.4117035051939,604.6597004675572,573.8301549616854,537.6437901060553,522.0616866627207,511.1046907558959,562.5377246621915,627.4545239600493,652.5155522589439,708.1248812183007,733.8556611606203,761.2802538044695,749.5585514221644,760.0968002185153,710.0813254327594,624.1383001477249,610.7918569675228,561.518691628145,520.3741557806737,471.77282409748256,454.488410110778,479.54252903730946,14.996430671967259,547.5843672442502,589.0480870465149,624.421151009097,662.0055980179129,673.4915428082251,531.2771440915487,491.3790434437819,480.51950440519687,440.3706046018622,393.9008844645391,336.05098273813877,279.2878185654908,257.58542727560666,267.1379952762117,287.49626448856895,324.57745222853276,363.1696386718076,419.51851009095475,454.84555965844066,466.37409028819735,460.3301037906095,451.7021967818298,439.83145682872765,409.93902267833795,348.9274013891234,289.1477613749234,10.788403067887382,6.379140702281786,3.7783227462599154,9.141943639687565,5.05631738387671,4.493923877656901,14.68462380483923,7.1554969792736856,7.124933231417332,7.796655526682919,5.174799282672266,331.1101958096127,339.81720529299565,347.479129520384,338.13578424693196,300.6148724824064,284.52339229643485,263.896585665378,228.36455713729842,185.7064038479837,150.826763290981,158.43228407135464,167.61896471578547,190.10325987069882,252.91965502340622,294.7347617613962,284.53925204869,295.53486400587894,317.93697798820847,321.8544730529908,277.8400372005787,277.22395565348177,263.02814051070453,229.74091918982288,201.55199108620627,159.66986417428373,157.65997087477024,8.00452802301122,181.54081836095486,212.17409142088158,238.35763532156665,245.40673176058013,260.89346422338775,266.7755433327604,253.78896362155692,240.60248080951823,228.3818044232779,191.35733576186735,175.11151442646047,136.54973656268152,121.97804155340835,106.25709732688863,110.31766017128075,126.45986572552113,155.63335670638855,170.4291409959203,178.92397711650193,191.86064900354756,216.60897154204486,221.69714013618923,211.27571442485757,198.84030755679223,176.04883662765872,142.45334822885582,0.0,0.0,0.0,0.0,0.0
2025-06-01 18:44:22.833,0,0.0,0.0,0.0,0.0,0.0,0.0,58.3317237343696,110.89220173298509,190.39087143381687,280.0820355027566,360.9322437395573,420.4800531988367,484.3574870505881,525.91473193108,563.8930882987993,562.6511087363498,557.9852191944109,541.6503958617435,507.735556766891,457.840674817103,384.04594793205183,322.7769665531596,202.52850101637216,142.64868510017416,146.21190027299522,205.47668691337338,311.3175776895856,410.39562392706415,493.12883349341456,580.3218739195862,657.7656568578559,684.445731705759,2.1039696668640735,713.115975350573,689.2173212405585,648.2264966158768,588.1301320715503,536.0381085228613,440.07885325539496,360.30930990258946,307.57600108501407,312.47185608547835,368.32362336320875,471.0889079344058,559.5917710879006,655.9315924827289,748.1564280435753,862.3151655823091,878.9197356932192,936.4103748087431,885.4227640924396,882.080734958966,820.7819287185886,743.4107540253701,682.7882783281935,611.9155935316902,547.3184817800244,549.8180498963568,587.382361826146,5.404543002591154,15.0,4.968230666408089,11.1289360259473,8.618390493858206,6.105515348895892,8.602325267042627,7.7696147943020355,10.762241282758785,20.442125442025446,1.5324950146527723,708.4103120170013,610.2618465259229,514.4502200367986,434.93114772174636,418.68496122097645,450.0638190444896,550.6653851155542,662.0865013542007,777.0462422701733,878.721407362134,992.0103300082183,1072.5486105349046,1136.1827982648215,1167.8185265807585,1179.0211255491329,1139.2725929899054,1069.4444196720474,990.6079957818788,915.9503102380149,817.6022487594271,721.5058024192191,802.5458314706664,785.3021298003939,850.1953988146662,955.5086060033868,1069.6895927533924,3.130089897278854,1306.7057447233688,1397.9551336164568,1459.9634813173614,1450.3404622811636,1428.7967431025404,1377.8996613838617,1271.3097758342246,1188.114010177859,1060.5392361575202,928.9474104499125,794.1305059375071,700.3999783921075,649.8444227182365,650.428886965848,700.2706265324277,776.1443024108366,870.4955902345271,948.182326208371,1019.3079002867174,1067.2387182343846,1076.894190565262,1083.2436991061336,1055.3593994780767,1017.6860501824929,948.3384969051355,882.487589544934,14.423791477450266,12.693532975154756,5.63922495496511,8.997277262986493,0.0,0.0,0.0,128.0,5.869901234643494,6.127788248340704,4.412265506807328,904.7844214524117,885.48122515462,844.4543829444414,793.4974969005364,732.8954191739313,621.697117660421,588.6191015454369,535.7543024750474,480.3009297894053,494.2307445504936,527.3222123076472,573.0966884870321,613.6819590704324,675.9772361308895,710.2497788528985,718.665488510636,728.5105774694622,723.9983792559065,705.0642971937805,691.3101924357888,635.8884843454696,570.2619244680941,510.95793953494234,482.7373258357802,479.08882013891565,447.1693998652443,2.853387732507693,536.9442649161756,573.2965893190226,606.6926761913089,629.5953972680948,645.2532593231473,514.9688823524484,483.8225113645946,477.33262374098405,434.64039256702364,391.6424776247103,329.8057894071195,295.5763388068187,281.8171608623974,273.4063124603521,270.5221350629016,298.1423812557711,372.19787401778655,377.0158837673763,413.99385190585497,437.4790852941028,436.14101402246513,444.51699314567145,411.1253268337408,380.61261238766747,338.8521609770693,291.07459142253606,6.045356376211467,5.426714636937496,7.1135880624677545,16.24591930033997,15.749651728520934,3.0229885057470938,1.0459770114941875,4.21025038751526,6.075057058461292,10.505642244401107,16.960083074364128,337.92396866229456,323.13439529502733,355.9531652530896,361.84735351919903,335.30045374017106,296.25083112163753,279.2216363003799,237.62206616842414,215.30265749204105,177.9574414570285,155.03730144951172,187.25741233419882,215.4142807996148,259.96294176350347,281.63882557878185,286.7983587762245,318.9528880811652,313.2885739051732,320.92928496279137,307.84844790993685,287.39052746571696,264.1208578985087,226.34999437921087,211.23566543475454,189.7828610045624,178.12238840112298,5.0809378687216356,199.09675537740642,225.18722134497045,237.92849362969824,252.35893362510035,249.84645612595676,248.26637448188222,229.47733924615738,226.67828422175407,214.90057079027247,192.06152543711454,159.06277610434034,138.5454681844622,112.78088196798339,113.28308234246764,128.38186400166205,126.24362552464953,156.01734270981166,176.6135396118321,199.7974441723367,209.8473154618266,221.4359869772766,222.71175883253193,210.62311402885322,186.58637650027552,169.25518857593664,141.61609629552737,0.0,0.0,0.0,0.0,0.0
2025-06-01 18:44:22.840,0,0.0,0.0,0.0,0.0,0.0,0.0,70.37616076959753,95.42883102300297,172.92939029329375,274.7601726256296,353.4603954416284,424.55110309541783,483.0383219469185,530.5724836047675,574.0821209057352,593.1498002734236,592.9338137557925,566.5927233389677,547.8712996151254,477.4337989603148,414.98614942651056,321.14506452244217,237.97917231268593,168.03979928794524,136.9765240069394,216.12611019362868,315.48433295002155,418.80817609065275,500.9066858436736,592.0302569167177,648.3968272855211,700.9937952122247,11.234677086206311,725.3864399588596,709.1588217099943,670.4439158052539,608.1122411336885,527.1450438679767,453.9399177321513,379.84004025914226,324.3244491046813,326.2238939958778,335.79691493876277,454.69448893109814,552.6060752349628,666.9283680425234,767.6564772910989,844.4303814237983,867.3383314811813,952.6117798852915,902.8298644784654,912.6086437417472,842.8310665488763,797.0838068933418,704.2970729926468,607.969484593156,572.6947056410929,562.1566013485794,570.4543896821707,7.574418829098936,14.70249309003745,2.484763561240627,6.554761011154533,9.809041302364143,8.25531971987346,8.602325267042627,20.34202839366576,6.053896417615576,13.441722169196606,11.636224422874145,747.2862944447123,636.9261627425407,552.0914288973563,468.13270989579223,467.95963841653776,462.7852417815165,567.3955244031587,672.6154171645262,772.1287818061081,908.7004346482474,1003.3227649135217,1094.5241979807781,1158.1607060836618,1188.204724711412,1183.8786829644782,1151.1785779908669,1097.3299424971592,1009.3271093373301,911.8370072010964,812.2359995258295,714.2941141478052,805.9127515757875,800.7803969469113,840.9693213917942,944.1763106172641,1094.1609404923117,14.209691912136048,1320.1704743890893,1394.3479825664112,1444.2988091821774,1468.8609108684796,1445.7823725684514,1377.3788995743014,1299.058170672481,1173.5002341181869,1067.7454936333208,922.3860375899292,807.9273919394881,683.991358105021,641.7812992168431,642.441972044687,717.7085458997616,775.8479158485388,873.6727044346293,948.0161461765975,1025.7890354288174,1075.0308377095823,1067.5878143534694,1082.7512393756763,1058.2398011959028,1002.774858365681,949.9192927007613,872.7888124396908,14.457716034907229,3.432563753672114,4.253740284803739,4.244117031859848,0.0,0.0,0.0,128.0,9.086321928025567,10.124137931034511,18.653661206044113,939.1564209032566,906.0339668988547,850.937047373782,797.2000829591005,721.209502163541,624.5691801010328,572.9156772116389,521.0543688112826,502.72086168720443,511.1413900916968,551.2676758464313,591.6059457480671,645.6223401987547,711.7517098227422,756.1275839984089,775.990957154707,774.3957528592966,763.7418714386286,731.5997788615606,682.6762044793612,626.1002277271471,575.9423074363443,509.84824044212127,464.0040780595796,431.03014909994295,450.5354770897537,4.875862068965489,528.041687648458,578.5756161165826,625.9713869503654,644.4773124459683,666.1936439827628,534.1799753169217,505.8332992026233,478.88847691410234,447.0705301344721,397.83779489515666,350.39875005948636,289.53704832388945,255.8657086383498,232.952079336643,261.05487204760266,286.2183127915057,330.2918607122938,382.6823333741959,412.90233553180497,448.83290100678175,429.8633532841799,424.26845217708365,412.08075898737354,389.11176758351394,352.23664976011815,298.40613221954345,3.0010439333774217,8.942721645759873,11.057904050092535,12.953773111033161,10.341904491230032,5.085699357732384,5.09434937472887,11.351220369317424,12.234317219424062,16.321319531958135,11.048228623197105,327.6979679811455,325.14568026718626,362.16677829757964,341.7230962948263,329.9636791680251,317.19890399856445,271.6516507485765,250.13714570242448,208.096441010599,197.2483621386383,160.22220486242585,190.5635871250719,230.1271789101603,266.3102738755657,276.0892049056949,289.38895435026836,302.02864399904496,312.2710579582428,312.62344323743514,304.7143013755687,284.985645342324,263.7879349032902,223.96700148717562,201.8834835388725,200.46367950653408,183.05317078950662,12.106141168996855,204.2822075500321,223.41314137915322,244.37916239757604,253.17234059705137,254.15009467275488,276.6914190805917,242.55532711509878,231.94223977443826,211.61217175838405,193.91696379171606,162.59334716372462,138.77148497324742,127.82422997394055,118.65870242006974,125.70891298316688,152.8243028272411,176.90630194913237,185.62303953157712,207.79396782272826,215.20918794475926,223.2498985247532,221.39065702506923,209.42853850938377,203.2899642774274,186.91876784981648,151.12834970983795,0.0,0.0,0.0,0.0,0.0
2025-06-01 18:44:22.844,0,0.0,0.0,0.0,0.0,0.0,0.0,65.79473801847769,96.5883500900024,188.73505732288388,272.62019934756836,357.1683993182859,428.6490864751746,484.4168989752457,532.227776111103,571.758838531136,578.4062190196172,578.3581365631667,558.330614846184,516.8694839918047,460.50737803027783,397.59567102172605,321.07036663601036,229.63716325903528,145.89068850648968,142.90199896731906,217.87831853927563,321.1288905752649,422.97422706108983,508.87715761398306,583.6936221678105,663.6938911323474,699.451943216939,15.152640637735399,725.6912493923966,698.002389873383,663.4191320418626,612.0087407772343,522.6307024305427,449.485604603412,356.38590215552273,314.82186239064015,297.654595043643,348.44484069437885,439.7316703484257,591.0230687801412,682.6108695857847,736.9240326058241,832.0046025299155,867.8918049814918,928.5785981995476,949.8655539228401,927.8594288325188,843.307716878559,791.8672562664818,706.2729851342208,596.8333308333845,540.8354034561744,540.4403911191987,574.491382585349,18.864829644118245,7.910682177568631,8.014872058618622,3.715380572695332,5.658419448869846,13.038640793099354,8.901915196795445,5.448284789635491,5.9706946387426685,3.0712643678160703,10.139941872187023,730.3884581358501,623.3391371877698,535.879739799967,467.1061330095395,439.0266679500792,449.49671125766827,553.7663629969514,690.9396842431004,800.9419487834638,915.2745809438187,1024.2664109970344,1113.6808487454755,1167.8050905626917,1204.5424165440986,1212.8057964068612,1184.963636488349,1129.8435080130398,1036.4330485451328,933.599449500359,793.3492522555822,718.8016510846496,812.1400202479813,794.4214081373912,859.1236708862508,948.0100916961042,1101.7198628592078,11.479454896633568,1336.8734001018388,1421.7502728404713,1485.3640366789998,1492.3397250788487,1468.7326661681348,1405.454927281809,1319.4766535849615,1215.460840825025,1066.6655990303689,931.3518040083756,807.797426439649,705.1937343344772,651.4201815763832,666.1929071437845,722.3319331181673,794.9930631059843,884.9970797758359,980.3195602131254,1060.9837745684592,1089.7604421878034,1068.6833885656854,1118.026591216795,1079.0249545455513,1040.31046919907,963.7981903978877,898.9793441932813,12.312090547347829,13.54706581582759,8.99222505173336,9.353365659065926,0.0,0.0,0.0,128.0,6.339954524235159,13.073806285692308,10.880425546391782,943.0566473076152,908.2995958692389,860.7340991091918,799.8150396991952,727.9220718859682,638.4238593993313,589.3911858495779,540.7929823350489,493.9603099319981,515.507981748882,568.6815979598485,616.6865233714434,674.7016150177269,714.5746928170886,745.2794904649097,780.4039832730384,787.5811240660963,768.7119062628253,723.9315800827744,649.4041481789187,627.9426035014232,567.3322341878828,538.5528370845318,479.0078616433999,457.7884133809731,482.66267299069955,2.9999259903406688,551.6724948624965,598.2455194902748,634.9317465305637,679.8832337060621,664.6612102990872,553.0200399001435,506.581642331019,489.77049531748844,443.1890940943099,409.09830021027796,346.86318216433443,299.70827835236565,259.80385404162143,259.9170030004329,297.49917206474305,317.45669097087256,362.008089232084,417.58993073756517,457.4030312758602,458.9170263856105,464.7969767319097,468.42373594746715,437.2974768998728,407.2117961522481,379.91734676415876,305.6117776767759,6.643678160919649,7.660700881740938,17.516658322807626,2.595528435580606,7.921190272992821,7.311174477631833,7.018244792663788,3.0081843096736685,5.404526583486438,20.321743007637618,12.441011333975284,347.465987385469,362.219512817566,359.04110290439354,347.3784924924771,347.1317440532202,316.349285732474,260.3919936580723,246.8511971900705,221.2033799303966,180.40249460962707,179.04561963261625,186.57402739196283,229.62303061549753,277.7512609105754,300.2906824763676,300.26079224749145,316.9884567090733,336.14351337979195,319.57960865322707,300.30228657045967,283.88320256789154,256.9486057303764,217.88709062904013,195.2360905910236,187.07655041875276,171.97173740063855,13.569506724381762,210.89063051710994,230.03056176197248,258.3948441854785,259.1296582938145,275.9920317315683,275.84908461736063,258.83808501505274,260.5087483101612,226.89917230764047,202.20778399767093,175.0178840924463,131.95955312779446,126.7156412511421,110.88469870423957,126.95576419819398,134.84316324090761,166.05263513158164,179.10430194421133,199.43531822081752,208.5554692769548,225.6491984254519,224.9492993473272,219.4949024661035,217.99121725073945,182.29699257524956,159.0173221771178,0.0,0.0,0.0,0.0,0.0
2025-06-01 18:44:22.848,0,0.0,0.0,0.0,0.0,0.0,0.0,73.11084556443838,107.68069191206884,185.49502561952357,265.4606148194008,355.4976974133536,433.4330607942733,498.20512980527326,534.3654791656983,581.7145210384933,600.723209844396,603.2116248348652,598.446843595611,546.1110355153797,489.2141031959564,419.2431005215779,338.3140343858868,258.0487159781386,183.30333066533169,163.11173661902046,223.29824357609567,323.444911163169,417.9929768790853,523.6276945038014,594.0827119493472,662.4137547091136,726.3331602474171,8.854672580997256,748.6265237231113,726.4026804447249,691.5560247719777,621.6942747984995,560.5104001536761,475.5453920752291,391.25448806449054,335.59991974512326,332.414851412109,337.61154229864223,452.33012025041035,574.0846966779794,693.0866245442896,781.7624793160016,864.1178249573647,923.0836386791503,916.6183998546679,949.7573506667025,889.5963585959838,817.5890706833986,785.2698702914951,714.2234295311054,626.7782878351078,575.5809380315445,568.3737681426909,610.1674066441736,13.57021077983724,9.617405807062129,5.084050306605045,14.00161270819355,8.792739960463246,15.999290489501396,13.084419581289815,10.307332900362848,13.859808559671995,4.365733371627629,10.534032825801019,757.7282415237567,652.4738974536963,560.2050128603288,476.84250269659,461.52587787864786,461.6393569482732,567.9109946477629,680.2046265224716,786.9219795022351,909.4918757735443,1028.7334016955333,1114.615192413631,1177.372519756814,1206.6873477492265,1214.274507912904,1203.8518400424946,1131.5207616714085,1044.943621403891,949.4642363084055,807.2663923720756,758.9782115396706,850.1963658483137,825.7745108867782,879.2418835652901,976.0979279560136,1115.8388546454983,9.58826621618426,1371.3927623816244,1470.8651065689444,1499.1245362168736,1531.3052419688659,1504.457796298376,1456.2918468533705,1348.4670317628284,1250.3473788749077,1126.265284335256,982.9081015665131,849.5023463650899,732.2378648150495,671.7709913456102,685.5017158947999,743.3076570056842,842.975890859697,930.6337398304426,1020.3276939546708,1097.39599894789,1136.7102547238176,1136.8616078480504,1152.6370166789943,1140.12970131733,1084.0218154151562,1009.3325441553121,923.2428573159256,14.880654814929388,14.493562849171072,28.364650804238597,2.525653880001162,0.0,0.0,0.0,128.0,10.186664090067062,13.405971276226662,13.627613735532965,978.5711102880858,951.1570700136459,913.6465084719341,838.0722276094018,764.473081231257,649.5283033672455,595.3552358965754,551.9450568072446,506.63550078144544,515.0556053509008,554.6338594261076,609.954268168208,671.779465237813,719.1775384807439,759.6865828806827,796.3130046693016,793.9303885770553,780.1029463835448,752.5190101899225,668.7893049510925,673.4941713735371,603.3641554112351,538.0804481442575,507.21952325889316,480.1070592052227,481.34765839975705,15.67706956474909,553.8887079740521,600.0138061158815,629.2109299268609,659.1644948437632,679.2620362597888,548.2579909521976,509.01843839267065,502.29046769754257,445.1611239014777,405.29052603272333,340.0127984477327,298.0677855436057,270.036735869416,255.2797674199112,283.41730386918107,313.53942894388734,366.40146433573756,400.30449669439423,424.8198352724949,457.1100633788121,463.9018592177412,454.11870124577143,448.2681091951525,428.785409123458,370.7181893837967,303.4174336599482,2.713648151903583,9.13462436628457,13.50542132631248,6.863593525876055,6.057292029240911,10.316827128976806,3.605551275463989,2.078445440796334,5.227713582289493,12.731071910042452,15.540555852702465,336.95878939563926,353.34553499828684,363.33207199059626,346.56061740390425,336.79502833392735,316.66421422815864,291.4908659713882,263.7561050074201,229.451768086491,184.3588667476678,166.1811189075628,201.39548473886714,207.16222724757895,247.90800347618455,287.2537540646716,267.9015961698105,329.08549030397353,320.8022135736757,313.8356922432312,291.57952012194494,287.55388990317005,259.33202796884115,243.03958291023463,199.82007364527448,178.70471783483015,186.83927816560893,12.274887446585367,203.2414020047457,234.63139208357802,238.6839292277492,250.08341374115545,262.84572079568676,272.46236319234634,249.27061675433313,246.89239426208897,225.23166535436766,196.1231847471377,164.19359449117528,147.1897208123858,123.63897001688164,114.27530969322403,133.97428077334192,160.08038479713713,165.9359113119553,193.56067975235294,213.79645973678504,229.23108406577072,230.93814140576853,233.7048172685843,223.48129271135832,203.46087076055485,184.15497549773602,149.9516900349983,0.0,0.0,0.0,0.0,0.0
2025-06-01 18:44:22.852,0,0.0,0.0,0.0,0.0,0.0,0.0,127.04746874677761,85.11876671720835,127.15032246274413,208.57839251744082,300.6719268062283,376.5901697310288,461.39669812532225,512.910528795627,573.2175943133212,597.4684192198247,616.8099159684801,620.9288488204568,595.2206629454008,551.9882611355436,490.46842156503664,412.4155604244052,332.02171364276666,236.45141503116346,183.14333125287055,190.16420606784453,269.37264772589344,382.20722396323686,476.3074230604662,569.4950046503002,645.1066893752292,711.2360379732561,6.730518120276222,769.8956926263335,771.4628302530285,733.592352573561,684.3571581724452,615.8481511116453,546.4278548741003,464.71859596081765,400.56906186714616,345.9388689919733,328.78671914338656,487.3218461232953,543.8905662482033,642.9790057658327,765.544391744817,836.3413798190882,875.5060110430344,935.8371603184089,959.649261950344,970.5745886280189,923.7265633212444,864.8201398910699,825.938971630841,699.8840152865826,646.9791560052345,576.2893646300462,597.8224633469301,8.852976707856202,12.38340233848315,6.0648250190476904,21.262225335778016,5.655172413792968,7.073684602479054,15.051650315536534,13.510772611557414,14.96512127946429,7.4568742886212505,3.8743426996469643,845.3830056681876,741.90175488612,653.1060924734999,562.9553088846291,517.6905658576443,488.75971530746887,563.8593784878829,654.96459139294,782.2613304473097,913.8127693683972,1023.9800018991581,1117.9615493214217,1192.0877702424566,1256.6023323193433,1242.0004533248734,1240.5399814006935,1165.1158948126872,1117.676438325441,1010.8265032559726,924.0790917300218,806.75889390669,897.5222880810934,840.4306887258476,898.5344052057551,961.1943880674623,1105.362148874037,17.476146614150185,1355.7504582423871,1469.2415680874074,1511.0359234270177,1556.7779644777622,1526.6120518516652,1489.9485412716745,1397.7451554989689,1290.2098393729696,1153.4426546677275,1015.5936740746876,872.0021466228692,750.3987354705336,686.2148831175763,667.8293376090869,721.9763332400541,790.8136742746781,919.3454487296003,998.5354248744117,1086.4918345799758,1138.2703452700293,1166.9531480827195,1177.4225906319787,1162.4875495353795,1113.2816081501242,1021.9462026082041,932.1181993841516,11.680847074654155,11.964760348519997,2.3136874519665436,5.479147991121927,0.0,0.0,0.0,128.0,6.220955863463546,8.639945075966219,9.33382748460542,999.043383068673,964.6415303026747,944.8761672246567,882.6368821955874,800.0087385190943,668.4545754850151,612.3867255791481,549.6523027415865,523.0682873613088,542.4114170811707,573.5406785086503,634.29661362263,692.7395699981168,772.7927249740799,804.5049463205592,836.0496177332449,822.2539835924154,829.9643574896483,802.1575191369665,748.9780695949527,694.3239625463235,633.1731097420535,546.2054460559657,523.1903008677443,497.8187759384067,491.237547215572,11.814660436409072,559.5402924828994,627.0668141427157,670.0911259611062,679.7533837532875,699.3018683641671,576.9447401276243,532.3889425540003,521.0181697968934,470.21450961714834,417.7447385658028,346.9728512311145,314.11988005664784,272.8008947980824,266.46486060892227,280.2231106811516,301.9896724699074,372.5209783775685,394.17083572431574,433.8834173807102,468.94201290686334,462.65650940355846,468.4564707109947,457.24271344655676,422.187472765213,373.6320670118446,323.34419730311913,8.949355456405439,15.270401078211002,2.285336593632113,3.796186104697909,6.186455240769175,9.092004244085372,4.50113989226025,10.68972448659525,2.7626221183630517,8.95172413793125,12.124369487799955,346.6234534190042,362.94681820975234,366.2228788355849,354.31238152016806,321.56673444010545,306.09577995299435,272.2068708812265,260.55405801088375,224.13283956904485,184.33449797131217,198.24961037344525,214.02451799030368,258.8097357759791,271.5672520135874,324.3823419871488,318.14839868627837,324.0880887446298,314.8667787124617,318.9197096190589,309.09092676470544,294.2879864727263,257.8774281857087,222.36137543059382,214.89013895291416,190.3015461491526,199.94054042609707,5.998999481139629,230.3830393049255,239.64249566629047,245.72717444207493,278.35702809681777,274.5821628777208,256.97603604620394,253.7373393459956,231.5319661913036,219.51515991109497,181.50026498296452,151.13574850319537,140.91996070057783,119.90182804422398,126.90822377599682,153.08324999740046,165.40205550966076,178.24228733486453,196.35160819835025,227.01174408719868,232.1250972511767,233.1136491620204,228.43930496726838,221.27090617733674,211.04194274710434,173.25396878045987,138.4766775751545,0.0,0.0,0.0,0.0,0.0
2025-06-01 18:44:22.854,0,0.0,0.0,0.0,0.0,0.0,0.0,93.31749473058028,113.17089401417199,190.11019060447248,287.35726969256274,359.8578324156534,440.37563990348065,514.4265239745685,553.501638089007,598.9244324251117,616.9053656058488,616.8317931339332,602.5703111556982,566.8524774272878,511.0939534864925,446.6441098854791,347.9824743551377,278.63595812912234,193.68900031318904,193.6249297889029,236.07545439074133,343.4882819513086,441.54509747657124,535.4116361990621,615.108097663359,704.3436402161335,740.6109033505305,5.361677295574353,775.3810366295208,753.2536233515095,718.8357690628553,655.0893415472895,595.319581725216,514.0175468236473,420.1253805630126,358.69474727219466,337.83794295489565,353.0518080732979,501.06985057796004,595.4313355549847,682.4730915139263,813.9304776348207,871.32077820763,902.3525997955281,966.2296295636564,935.8322737053608,987.6647557402695,868.2719463135356,860.2812726839883,776.6265656489874,685.8171941637976,631.9775930806762,595.9434919045988,621.8414631221513,4.555229329712613,7.4059727631454875,7.072970187905008,11.870443358986902,11.205746891764388,11.47876386995728,11.108541304396931,16.932291771632265,6.2930218615077855,5.881608696263858,6.1214530189355045,785.2943083357519,711.5011726694927,603.5439396607903,527.0898998935598,482.8741420688889,485.5917256599033,572.3086808768758,674.1345780311975,801.0420382539324,932.2014280278238,1030.4921999155624,1135.7522158535926,1195.7982348042494,1237.7654273805001,1251.4513588626712,1210.049909282762,1167.4643389900918,1068.4750931050646,986.7754627239862,858.0877430499212,771.2564365307495,867.6532818360448,827.1541984991968,869.4207446985025,975.4448718263012,1108.307456215386,7.829533113023817,1364.4886982519527,1457.0803292353205,1538.1594106607915,1545.5261883065682,1540.8853067778407,1490.6965796559048,1396.843478932718,1279.0992486648456,1138.0467387959088,1000.0817084682171,858.3222342244295,749.7829798917813,675.6802697149324,672.8469470898141,721.1606851877324,819.7641525116228,925.6465519910946,1030.0345091912695,1104.348061683623,1161.2785572392959,1161.0477963403787,1192.2354548431185,1177.7398756747705,1124.1801797942007,1046.5134627847465,960.8026964890443,15.609610565434284,14.047871399855415,4.249906128300451,7.743031486483449,0.0,0.0,0.0,128.0,12.924102265655954,15.104832939049798,11.975954353330827,1000.3851945182911,983.7657813054861,939.3948022761435,885.8893455308839,788.5361621881499,669.0469609537295,611.1750975774137,554.3003315239912,529.735083222203,540.3321586762545,587.948752420368,653.2838287166649,688.7276610758606,765.8838399556669,813.0519867941777,822.7560885556368,835.0833066804208,816.236113787027,785.8374443663971,707.693399799806,678.9726746227277,596.0656765100523,522.7260916825539,480.41854037071585,482.7972691953303,451.908823673174,7.0710678118654755,553.8694026604602,595.9591592121056,650.2306143975233,666.3740283227623,690.2885847962491,550.150750208656,528.6440655770641,511.3402380362111,447.1171327582052,405.01846961831075,336.82558006774684,285.56501525259125,239.06608541136774,241.40699815575195,243.07405947836122,278.2760162962714,338.54271793020894,378.1689773984134,411.9068387862965,451.7284139671077,439.4504728541732,459.6139251165637,446.3114431538764,423.9942280706004,371.48870965969775,329.6944341719831,8.795862924090189,4.860112673824708,7.703197036248604,7.691479027864084,8.394633297589362,7.936979262355095,10.144539412518014,5.086533699848036,11.837501042396735,2.816033900759955,16.564179540898678,339.05911255107463,359.30730254327375,370.2444023046634,377.33961773991797,357.1717246378589,319.6603378532851,304.21977866534763,284.8656938953471,254.53994251092035,208.9416741269264,195.98239603610344,208.74112700786392,241.60641424447041,270.4145360830381,317.7707169464806,298.547245762159,326.96582170884625,334.07652645642446,329.95082245033024,304.82625240832124,311.76516666085627,279.2945260438803,235.5992633153335,223.00432694015592,195.63243946785016,194.04574327129913,15.467493739708974,219.13039415237895,246.7440090773118,256.2436352562276,288.10752417456524,288.1153873883632,282.82557638008575,271.8274306305276,251.84778205168442,242.60871886349847,206.47583238574626,181.12756988086002,148.63903727934908,119.83433983787641,113.43335522979746,132.30180270076542,151.99338588693675,173.5589284370723,200.31710641677785,219.31673084601783,239.4323281291148,242.00553646302282,249.50745793024802,246.49241700622616,231.4526880945325,215.79887835859034,183.9622210706624,0.0,0.0,0.0,0.0,0.0
2025-06-01 18:44:22.858,0,0.0,0.0,0.0,0.0,0.0,0.0,86.34821843557627,124.41584873381292,210.15001565219302,283.1605624363028,360.0295981536681,434.7435243860355,497.0752167730146,535.4195376816672,571.5278714013739,587.7040130301472,596.764428540887,571.8437021610471,539.2132288898217,475.1058206783391,406.70865659617056,327.20604091840875,256.4402351640175,194.38632149815007,188.3373105020926,239.28416134415062,325.3990718066648,426.40100733812216,524.0015979237799,596.2116194671688,689.3101932858679,721.4344575919295,9.313699567142477,750.714552644725,735.8044718865394,698.5113062401775,626.9601443801839,576.9789333704299,494.67044016004786,398.7101376515214,359.54360179599496,331.5788824703016,393.0799007057342,476.33976544303323,608.3741430441145,686.5705741303208,808.8151045536695,846.2126171077585,907.2389169754771,954.0856953165126,979.1017486558981,936.0637714252159,869.8383169542274,813.9006349837646,763.8261727152893,696.859697731069,625.5089533339469,594.8515729929978,621.8863534793894,3.619547276923564,7.0636188017358545,3.972802237287223,7.52677236208532,16.219005674821297,8.8782221150659,7.8227554675513735,17.096333105210523,3.0161701601559066,4.734407676348133,10.157446708854371,787.2112703533836,695.7891213248184,594.5439549195819,524.7405733530903,495.2413758354318,501.5034348925795,581.1995125018625,699.4810612088697,826.8149475907366,934.368037521059,1047.8843696628294,1138.5051123382523,1209.84572776189,1250.1813489826845,1259.9459292300355,1218.1909331760874,1166.6728855546587,1087.0909384396743,992.1264655645228,881.971135439465,770.19372159332,877.2715061482281,845.3473260232414,877.6510525613245,981.40949145325,1128.0305439657363,6.207735647546281,1379.8086740846434,1470.757344334044,1539.6028690560079,1556.8939401722728,1532.8983964487495,1483.8085415866421,1356.0978188438332,1268.1646482926124,1146.060793987305,1004.7804085268898,869.3173852721392,753.2952927878418,686.9388173290888,693.7204664793575,736.7967180366948,839.6318664758903,930.2198662520452,1046.3115829345895,1114.229939280848,1177.481763825607,1174.6149233625613,1192.5966298303492,1164.6773517716067,1126.2072874869255,1042.369230301581,975.2379278609781,17.082608657068718,26.596094748848934,11.734350537955969,6.154295060240419,0.0,0.0,0.0,128.0,6.115816296390951,16.55458178941739,14.269629348297109,1016.8719814531928,1003.9942384706078,950.555966333254,880.6058015460696,782.9191456518303,680.5560694898063,631.3677115189818,561.5992659259971,534.9616016937607,525.88976607456,573.0273514122321,650.1229007368345,699.3880110131273,749.9265234688353,807.2776037605835,821.2289678925907,831.821495572187,819.4857885590741,782.2381637391042,742.4264570072958,686.6098051681582,614.4466455463325,551.2865415340506,491.35220265782596,468.60713858293957,488.23473644882205,7.175000086352515,555.3186082349577,604.2760882090937,646.8438439559072,690.4174779410595,686.8025394837455,572.6291574447241,513.2933803278391,511.96203794280484,469.2533144833089,419.0893993341835,359.9559436069575,309.73836944362375,267.422237164581,253.22687873554452,266.31181827090484,310.2515922047478,351.74433534002276,407.791830676376,443.4542868464428,477.52281620588434,459.32550103269443,476.55077137273025,477.4440568628602,431.0972363080165,388.84958557464796,350.8092310667697,11.236805903291541,11.359507372439957,6.893886597282188,5.348795523672437,7.511840831376869,6.876932557962777,8.591197252552552,9.4358331013635,10.56584138035516,8.58394452822192,7.439116942015219,354.81009467363606,380.12631683185,395.8123600373489,375.8305310104528,359.9256957978861,327.27907607284413,281.28593661264233,260.11692036425353,226.80357381188043,216.1149396918748,192.50801242766516,201.58017743907837,238.23802200553143,289.07138869805493,304.9233020660042,323.47373817276787,331.4040540700362,347.1218722127898,343.05758373197506,325.82980114404376,307.62386951562894,278.33001566479606,236.15166149179893,207.21853487432708,181.54687854329484,184.93606738117842,11.119914490717191,220.8019576636498,247.01915178564676,256.9711517549271,268.5591243872938,292.4077200880866,290.319207725766,267.65539847710966,265.59212948253867,237.68850339963245,201.5493491035268,179.33377742099165,156.7778768582737,126.69671053146565,116.14355036311427,120.59940565624946,136.73580658134412,163.9547565980393,190.11791053035475,215.9967069987243,224.42399581366294,234.05685134376287,256.4501060648036,237.6961765929342,231.4893400009001,207.33974539777515,175.74078260144924,0.0,0.0,0.0,0.0,0.0
2025-06-01 18:44:22.859,0,0.0,0.0,0.0,0.0,0.0,0.0,79.90167964601405,130.46055151408092,212.27425632474086,299.804302776818,370.39347501007444,445.52616126589845,517.6516907164955,551.5094443517215,592.4411355574347,596.0120256500402,599.4308799436385,577.8374711040453,547.9055472340256,478.73563306063966,412.86176452101785,320.92885615725976,242.52544987338229,200.8308242454611,189.5598863152865,253.92830545297332,351.29856208262163,453.89981837772183,544.4094226958432,622.0360198190582,697.2353748863644,737.7209957993975,5.210710612620118,763.9353167888831,731.0008793576806,709.8129034025125,631.3694153525449,574.4606792086549,484.9910629740546,403.98590289747654,348.3797145281185,324.32807959351567,406.18985340640626,517.7999512547318,593.0510012184878,696.664689180009,823.452434511231,881.8030063169606,948.1357410670171,943.5116990881887,922.0221343125816,923.0751675627478,867.3785939233761,831.1903937427919,762.4758227792117,663.8495816214377,630.6705454419484,598.2194625404034,628.4316808707429,10.606476963524337,4.238880605032316,3.8849448585100688,8.049814421775425,9.77193298863338,10.41061467845568,8.30208416029204,9.681212904668145,5.8387181463298,12.225145522589738,15.246705685657965,774.8793234379418,691.5508218390293,597.9374845200477,515.7977987092409,493.9699770455524,499.6172421069915,583.8951923501944,695.1382152082384,817.9367578439209,940.4758005105031,1064.0059773084297,1141.3239217982914,1214.590493886206,1252.8279359983026,1264.0569598179593,1227.2285356898497,1170.6153206304207,1094.4361217908154,990.6594443970554,867.1628310357396,776.3733661086401,878.3169431545507,829.7371127413379,889.4394185321066,985.3007975404256,1129.020323409516,8.382071812757893,1389.8788422933712,1489.8027233362006,1548.2753255495822,1565.2603613662031,1561.5477584331427,1498.775524864035,1401.682520986487,1289.8546988173362,1157.9631703216605,1012.5434430761331,877.8730620505479,742.2013357430992,691.5887237821289,693.7957931882855,751.9190355390175,833.7347708116838,938.0576325274693,1043.9157603726294,1127.3180145235974,1178.0506585230964,1188.7483194010606,1209.0705507413388,1185.586660349562,1158.1300154494913,1053.6518444585,972.6605619976417,8.662270911468632,13.691566757066118,13.976393468258172,4.960672797213599,0.0,0.0,0.0,128.0,9.64444554712427,3.8673447124460854,5.7857288251362915,1022.2394228794084,1002.3871058623731,960.8455108831253,893.2675646725598,805.8286432897695,696.0602103853565,632.320459065052,569.3997478496269,529.4105577701065,538.2724329566928,586.9969935535205,627.2928103869754,692.6878404094148,745.9534918940016,796.2530107972519,817.1218211645952,833.7903889205827,817.4475635980092,802.9532903283064,730.6974804471945,703.3634444875465,641.8302340295246,563.9428630367036,522.7944386321354,505.8184792913463,494.0774592958398,7.969708852386155,556.5722851628558,609.2261025674152,647.4399243106656,683.6242523994138,688.7370547686626,572.0225154864833,525.6451172740265,518.601050276616,466.841995830375,421.84001801107513,385.3832919416286,323.73690115575954,282.4917832907498,275.51668734067744,285.0575568521741,330.0152879782877,378.1824831610956,424.08587032046114,444.14093309047325,479.64355523441486,488.71585525104786,494.3119987167051,479.42849495872883,435.60578227473,399.75881287101896,346.57069066505454,8.049881055502002,9.699908674809476,10.227907802286717,3.084993671910452,8.886458869280677,9.993807100948581,10.250997808938372,8.471717133166548,5.539479300332344,13.907558757764644,10.874285392449245,374.92320326389034,380.63863468537846,389.93164409611643,392.8591830171314,349.4827947566741,325.309480582448,277.22802073715627,254.3602090331685,248.4679521469105,206.10355343903407,162.5412186426863,203.6535436016487,225.93292165361007,276.4682300097109,296.88587930660043,290.14371479459646,326.51770479967297,316.46126245772456,338.76001013954544,313.64320783924904,292.13090185603915,272.35847422538615,233.42587766090057,210.24795524440165,188.83244508203998,173.47380850297745,6.502445436240446,195.0242051735992,222.40675250017222,236.44854543795753,268.77581541916953,272.0505830992559,283.1807054605749,266.5074058046628,258.38978204272655,228.95219333257634,212.77136204516378,186.97424875626535,159.26099800629325,130.1730611650741,115.79581241075458,130.31124628207826,136.30767529636077,160.5449642297877,188.31685880199356,209.76612394453744,222.44316252584778,233.38612271154807,238.57244255906463,244.0562872542236,219.8688966979914,212.17163851639955,183.60216068065097,0.0,0.0,0.0,0.0,0.0
2025-06-01 18:44:22.864,0,0.0,0.0,0.0,0.0,0.0,0.0,98.32205220410384,177.7251190579652,269.58889014128715,354.8537394312371,421.6077416097817,486.53148312838016,543.5106202686044,574.2303463964722,598.4125323466985,595.2645958974093,593.0514274604373,554.6212206334454,513.244283592041,440.35789526595875,365.9865424748419,274.3627708873811,211.1094159353766,177.0630202088929,225.68427169186467,311.5090244029519,402.99844268206726,510.0488429772444,585.9712840335762,661.1325114622374,715.4427032790999,753.1018051104933,5.009195402299156,756.1471339078943,704.2496380280215,671.9416814293065,587.4386554585222,513.4956471833834,436.06006512875894,378.0338508734718,342.793861925637,323.0408744579105,409.58583432649215,545.5619222097765,640.9001559271252,725.0245505704532,829.515225239274,883.3098856627972,927.0068780642199,956.8899962646277,953.7836768099044,898.3754551847195,858.2990771580161,797.0201622837106,733.803757837146,628.2876692672352,624.8488193986292,598.8683244799724,659.078262844724,15.287896115488222,8.370448849691014,6.9851382976855785,12.753999235503198,8.102237627273471,10.907784356646369,12.281073831257332,3.82269548252005,3.6502617091926868,14.857846170638625,9.955881873255725,741.7042332346738,653.5912005369074,562.0101430827898,500.350409424382,477.77387534998303,503.1124859285468,601.73067675769,712.7996375581994,829.0307769186657,927.6561083104889,1038.5087527420058,1119.186029954004,1188.7593304941095,1221.9239622546843,1225.044435426574,1195.1350053108172,1130.9586090119508,1045.4240065181175,974.1089172298374,863.1363923537224,764.2593451397835,881.2295187985574,830.5390913023872,911.0352866346047,988.968107223809,1135.7404881805533,9.414534409960412,1387.124484298458,1469.0928251091095,1542.9086209126065,1561.4776271452004,1546.7085288196772,1482.4560563465068,1382.4507195144804,1288.5520652741718,1160.165221748439,1013.8919120370163,888.5209802266681,763.4370274868089,711.4930222061472,713.9530777018493,740.6641820965208,845.2628722433595,943.4827750560739,1064.8992955084004,1133.0550351898669,1187.4115150201496,1221.4149779467436,1222.2983960024194,1195.1708144644008,1156.6485195891596,1093.7641645382437,1001.5904655632909,3.602106485815711,4.21056380010647,21.30851262973652,5.417823787849527,0.0,0.0,0.0,128.0,13.541102838655668,11.631480299476005,7.085358587162733,1031.8225187875973,1010.6154836819286,957.1757521467603,896.8126482333187,813.4183744147125,714.6902604396646,652.780104511978,586.0620654424807,541.2405143515884,531.341162837154,569.9259683280793,613.4620712708248,679.4199264255889,736.6276889489042,790.9726970289962,819.8754659541099,834.5136571509638,818.3055896948579,805.0079307988699,754.5238667065435,707.2312489083633,651.1201881622324,590.7396645571753,537.9595723330314,495.18158196301056,494.741526645342,7.942505761539689,548.3123884470781,592.8671574058873,638.9584286730776,676.4830682487033,682.9732783327075,554.7489086881168,523.3228996229054,517.7219408300674,484.64323679027046,431.464879893166,396.7004444681688,321.41496113238134,283.3472667187349,268.12886701281445,278.2964981052175,303.1490509354857,347.49211669799735,400.5708733469752,413.5243748213534,457.1651627109083,471.25602228228934,468.0841948812908,460.2189588516463,429.3532840222424,397.48403811362374,346.4945818984005,3.89407731728143,6.609003037540077,8.825709652329397,6.515627125404734,16.500491884363534,12.638064670298006,13.804220818870352,6.1416935843975065,13.453902261285393,8.564776932592382,16.697272296679998,335.2597299090191,372.04373727305926,377.6946563761884,385.5564765511809,359.513039597824,334.58263179329816,310.32693409102677,282.9642886427896,252.71071527728145,229.27256413756237,178.1345424332769,193.83096121831002,219.53536858376745,234.54332554153558,284.2684653497952,283.2964275057048,302.73292953871925,305.5751545367355,323.46321947261333,324.100285497988,309.349957567126,280.6881701377574,229.8696486054035,222.3509033271756,201.59629006834092,182.6780999764836,3.790087965421486,200.5962024188467,210.7537750440515,230.65046166638973,245.4689737058487,266.4743089103843,277.7172786941928,262.87835501351566,249.27329563979256,239.57971618823296,224.3475142556303,187.22062301232853,165.50773629899058,143.07760600747235,121.26150780676139,120.92714630297777,127.35871754736822,151.54412245982076,171.58134803289224,186.33579230168226,214.21431214091047,240.52452877142105,246.2949267725615,252.79704656356984,242.15651327235585,229.18547460495543,206.4977138960971,0.0,0.0,0.0,0.0,0.0
2025-06-01 18:44:22.866,0,0.0,0.0,0.0,0.0,0.0,0.0,104.27216890566756,170.1315354202456,259.6158055204593,351.9353087187246,427.2047375850502,502.4790249745183,551.6424908473759,592.2717271076799,619.7263612304666,621.0410430211414,608.5329014724006,570.0700653839403,526.5126206616752,467.0212780799015,382.56678055609376,292.1493383629256,218.60604286360223,171.4917479293049,236.12455954943331,309.78886592328587,409.0811166466657,513.1387170996177,601.321141434197,676.5368310791912,729.8813528925956,757.2531479293677,15.973983944421683,763.2705183423692,736.8606718694498,691.4205878300025,616.6554339706457,543.3489853605204,465.05631793920054,379.7325763876288,329.11854673179573,326.6393287033819,413.37607415824414,551.5135083705533,629.5956056744087,743.568462283261,842.2802984545979,906.1746872891049,986.4309896495104,991.2588004883977,997.6105120687613,951.8555010675849,887.2374383066758,830.761786438518,758.5252610066134,669.879408598429,630.5594525092293,632.6127568409678,660.6695309680424,18.133197365433087,8.16190457283152,4.9232038948609045,10.096071674484545,12.057216850558046,10.305843287539332,10.553212776568,3.7788012733675433,3.799401695213832,11.501527239780561,9.894803999425053,780.2584677046866,696.4996697091701,606.9875618200783,528.8210542792004,505.680884302682,521.6563959884605,614.2980562393915,724.2701378345193,845.2473110909216,967.1353373456317,1060.171238466251,1156.5889245043545,1218.0268795487739,1244.7611887418836,1255.167244457003,1219.567480753096,1173.845534746915,1085.1967226419677,994.9578782230323,866.1417752803802,779.9917377766959,891.5622532152664,849.716303308952,912.3678647481779,1009.6860443789348,1131.557622196523,14.516797651233786,1393.3996869194682,1494.3538347155975,1564.6489246346662,1587.8326962428282,1574.6686150693765,1522.686217282463,1426.9683736767568,1299.6415668931295,1174.9729437676056,1035.395150646625,888.9068938748072,765.9933030181934,695.7378694799987,698.5594211738395,733.8492289240738,825.3154986117491,938.0554676251237,1045.3194601122398,1119.4918137165341,1195.4172522536785,1191.039912861213,1230.1630030497975,1211.6668027810279,1171.1027091595904,1093.7615420215616,1000.4686117555765,3.8551757845398122,6.1459676965561485,18.80429107597567,8.177158900314154,0.0,0.0,0.0,128.0,9.69713881395463,10.250428758380314,15.568141651525057,1034.2198676926107,1026.0431736287812,977.8192569040053,926.0302704636881,835.4878233384524,724.5818291838539,658.1140356219496,597.8542938631051,549.8872236771966,546.6164849691089,575.6964707905375,624.0951454816965,690.0994712762123,755.0336925614366,806.5164922291631,840.7706772877501,853.1849454076329,845.4692523581084,829.1704796449711,765.3740847399073,742.3981947201737,676.9680194755471,599.5868066131253,545.7962160297453,515.9140456874904,490.42246183002425,4.602087797676886,551.2051338493413,610.7528091304838,662.5824469710219,694.0238187557899,710.0544447379805,580.9337510414174,555.8758875930982,544.6964380613492,509.7213836762823,445.0157292645406,405.0295120606013,337.1623324465731,281.58973978708525,264.48274252232653,267.2243017320453,290.36131096432314,349.06410561454044,396.16442238872065,413.9520139515119,447.7910485830523,454.0097673246908,468.73742643536576,470.6430956007565,433.1765902142116,419.27804797191646,369.8434996225672,7.1953781557702765,12.731205835891185,13.655627431115004,7.206308889647964,15.303958939820152,10.090111140881788,5.763670741705398,9.65347204100692,5.692496758486934,6.237435225656418,13.95899627511483,340.68441759695855,371.4731270736189,384.883491134329,402.85706271212007,377.6278710303825,359.9974455151738,315.64668887821915,301.8744211508486,267.56179396632723,234.17839917859058,213.82147549157932,207.6349844727623,228.55790503052737,252.00977706836701,297.3509734463202,310.20379475191163,319.79849007251784,335.9605260354759,334.89086899086413,324.47124575887455,317.30644307060976,287.03232337484485,252.58090832655026,225.72220284392836,206.19698256788976,183.43669164913084,5.135525675745529,205.26294844302467,218.93992139897134,233.7007495466075,251.50379795506922,279.9379366971545,276.59614354766325,269.7594727041417,260.13276824460326,251.68032754578024,232.68850559449933,199.27281988413876,166.52613576890326,149.62958404543315,123.95873772854382,113.44287970704727,125.81709583210707,158.91034208556826,175.31772760385297,205.16610246663814,220.62537482762193,244.54590797192907,253.20730304961464,259.3158513885419,256.89380284695716,240.24271420180878,212.89897646067203,0.0,0.0,0.0,0.0,0.0
2025-06-01 18:44:22.872,0,0.0,0.0,0.0,0.0,0.0,0.0,104.39917601563795,164.101568488144,255.42034697184226,340.1786967372975,423.1891592295619,490.99299503453784,549.4888929604787,583.4577201230103,624.1563162543895,626.3591890801596,612.1786825902287,591.8127957182065,536.6640077555613,487.1579058028137,413.0454106384853,317.01712092924805,235.14536334999815,190.2706525455247,223.53845145955628,302.2400593512829,403.60438506264643,497.8874562627728,595.580760403742,667.4855432829695,732.6902958590233,762.4429359326514,11.976956154224737,779.264168542941,750.1573006840842,711.8132174973023,637.0649886980912,554.1509422091032,495.0819460470639,404.8929329639508,349.7510396361297,347.42524954848705,411.5079427383048,529.1633781783385,620.3121155193334,729.6926525048498,806.3718793762066,913.9399110238418,974.7065569451199,980.551668883803,989.6079179903867,953.9279027021115,885.577628059755,841.4087517428158,774.0125521265807,697.1334705140944,651.1673491423064,644.1052178620711,663.2904155373488,23.404594137605592,11.740373469362469,6.553992347844304,14.695818646392894,9.23995508192611,7.75464707837103,10.343726021505116,2.0,7.057637130425609,6.567202778968621,5.05408767223885,794.7699936307753,696.8059869508844,612.4669780272055,531.5025459477206,513.1481164078514,514.4915156774557,604.047576748139,704.1486549807731,829.9935444925324,943.50163923465,1045.2017956301968,1151.2154233871327,1199.4528741409558,1246.9729807860222,1257.8138637361728,1225.9982378686113,1163.1885016341027,1086.084744181169,994.1471231157868,861.9774558070905,779.5892879040543,880.4880725214591,828.8639678756488,891.2686571710349,979.3651122603793,1116.319466617755,14.182188621104906,1382.931293810545,1491.3225044610301,1548.4078428478606,1580.1289413126635,1560.4435637051204,1511.701450773678,1414.6827930896682,1312.8065779031513,1180.4688658364867,1021.5416545070059,882.2898312876702,766.7837391714678,693.3526978853898,684.2259338267532,739.6863030515805,816.5950665872639,937.7730687896631,1038.0290964196543,1112.7015519458334,1190.5877566472666,1212.624075039706,1234.8995927577005,1214.4525938821487,1164.0957053114967,1092.6257345832698,1003.5302884661886,13.139396514165675,9.163004415904835,7.70202213655025,6.833922971864554,0.0,0.0,0.0,128.0,12.071990623362343,12.483772764645085,9.833215034116515,1037.2172771577698,1011.7192643371121,956.3429085739584,904.2354690356876,823.5221628787946,706.9632767514172,633.3252794249113,581.438190496699,544.5473237256787,543.937399919045,567.1375279678786,636.591460275481,687.2284073673685,755.0404431035116,793.4222500391163,838.2233450040413,851.3260123784358,840.3700857630342,801.5622034021553,748.529616231773,719.2878448829059,654.45705392752,572.6297506292593,515.1331630887055,491.0181539197846,470.78082546946746,4.715298265324231,538.8295310711219,602.926520886471,643.5920181304956,684.8402334946358,694.6238451886082,558.2895330043883,527.6109272580674,506.71877655940636,475.18286211410197,428.0642962347407,376.9146140426624,312.5306944234256,264.03676731008403,241.6176570953228,242.46333687364614,278.6481710327951,341.9365042326173,386.64400615594855,410.77835834701585,444.30896524727734,456.5534969299395,464.7113245183939,468.1122095488308,434.73239941718214,403.0724857751965,358.2438828556402,8.602206747814707,10.386404378218556,4.5672400510060465,7.24379487994037,2.9467532456108843,4.4776832324960685,6.889922614000154,12.506357329398215,12.711218033606965,9.322276773254067,11.551172326524895,366.49233095195973,377.11854037813606,388.8313383390288,404.7702337009176,395.0023373806383,374.7726491875184,323.0819110878749,310.49385877678947,271.5375673570671,241.3220316553724,226.85673387898575,221.38219068993402,227.4126062091765,279.5353642029187,331.5241793575606,330.18506600211157,338.2025350530715,352.8615901326601,353.31040912649996,337.3333838603962,337.46171295718074,297.75780381552414,270.5248876274494,236.00595274822354,215.36731718849492,198.2021578085521,8.895199329093437,212.71620025716703,238.45110351809052,261.49238534952735,284.0487421737616,289.22920471197557,303.18000705038395,289.3873155261281,275.93778079957633,263.3484330460631,248.64303662866405,215.63939548679446,172.60260890989335,148.97293184505645,139.24878683795325,130.00549065415564,147.96698135989243,177.8302467435284,192.1526503831423,224.75660112526708,243.59754121851228,261.4157064865895,273.43835731985746,273.0329798797468,263.3594777766314,243.64338651008438,215.51501695141994,0.0,0.0,0.0,0.0,0.0
2025-06-01 18:44:22.875,0,0.0,0.0,0.0,0.0,0.0,0.0,103.71393795262802,121.69951773052071,206.10191672613718,282.5454725149304,370.6021984437166,450.51701032598123,512.7592209204181,553.8067035161748,588.4722746905373,600.1942004697618,620.6951307686624,594.243413173459,555.8541368343703,505.7008388481405,447.4354699574802,359.1012921066515,281.6640747373817,212.81911091276615,199.24681121091626,251.20146984944068,351.5918727874966,440.2451598234109,536.7337118281081,619.4697461655657,685.422489767302,739.7027295418051,7.602312731424801,763.5504599548268,749.8013504083999,724.0661866860106,664.523302476681,586.5292170678196,525.2455578590141,440.94641654356303,362.5268939126997,346.6213164204633,370.1706319578956,486.2875825697898,564.9136090800541,717.0218325942495,760.7123783914583,868.7152090461202,929.8162495969598,940.08582599367,958.8789968033558,961.2060439771744,913.5494641171321,850.9360835310583,785.6967673667841,721.3517809173494,661.3856135601513,635.3087013285746,649.5550818233296,23.790836122468207,7.57546577197477,13.079746277286683,13.542873533305618,11.877725482677274,9.10133419297777,11.054833307242,7.113446395763204,10.657179370770134,9.436215099872499,8.29885057471273,807.1719963266729,712.353582957958,620.8280361983326,556.8232118435175,510.84139266928514,499.17075276990636,570.250355618651,686.159556757749,793.3128728044513,911.7598783843193,1033.2425763416181,1133.030485145924,1198.4193103678651,1244.2616399796011,1260.8430928333808,1249.386563507873,1203.0235027942574,1108.1877530311483,1023.8634472694616,899.6755526145397,805.5669086520115,891.2948496481307,838.0796757632081,891.64909050175,977.6419942958629,1110.335028307877,10.465432232470679,1369.5387065576926,1476.7322645472466,1544.8828110235654,1580.8989938509249,1582.5792916898865,1527.987705494418,1424.4365049559237,1331.0250677042002,1177.5390142002002,1026.1098696765334,896.1548418165355,769.770652650343,689.5286444786148,683.6888298502023,735.4213272360206,821.8959530058945,930.2724675181843,1046.1694162514598,1130.3895212180528,1196.0040874621766,1225.0864062900414,1230.9798986927085,1213.6244375204803,1181.520396817681,1076.5642729997433,1002.117986558111,14.468031542492366,6.242290187174226,5.07380409790641,4.723798404892175,0.0,0.0,0.0,128.0,11.663556224148953,10.708714492165473,10.154811939051305,1045.4977901337722,1010.4399159117244,966.6195264822456,909.4327384570176,819.0017698956209,704.1288063515847,637.3554520066501,565.9470320231231,525.8444655541025,529.4913806536982,572.3591340265409,636.6626703305096,691.1415657203961,752.586564451164,797.3994153347807,831.8580177413327,839.6388279626765,829.925919967562,802.7394811294034,754.0264299856876,707.990266699858,628.9835686461385,552.7172619452563,510.5054913003196,482.7637370167055,479.7564735689403,4.556203471233852,557.9122943619728,599.2498043240678,637.0939644508135,677.1864414547314,699.7180189073342,566.783369889893,520.323965126308,501.46449196093823,444.8773150381763,410.4390457241131,345.074813973011,298.88570277354745,255.80200525520937,238.7425387147617,259.20178186611037,299.4898602846425,347.0348194320414,398.8937602566349,445.41524024545447,459.8976280982349,469.6921190379447,465.449325773996,451.66195964329074,427.2015826829024,375.24871725234027,327.9199662557127,7.02264844981846,7.653576574119675,5.121856006451302,8.80709103286264,4.773037101400249,10.783908045976716,12.755384854517045,4.421451297821292,8.266670738641608,3.7962032373728642,10.75516444407552,393.4693407637374,376.0380774478926,390.74481464263584,391.3468554104454,380.91353199789773,351.7933689366158,310.4318564875137,276.3523666926586,250.39119196083286,223.85540236025543,195.75415976382038,220.2319918289831,234.4464209487689,273.04650120062036,324.2756976017117,331.98323345563534,350.47676958288434,355.2792337417669,359.6117430415796,334.85124056205376,334.28571505588695,276.94933746184506,251.81726557952956,228.29337784248227,202.28174995815854,197.24548175916877,7.0953852406421225,213.01877256123348,241.31141397973732,267.1025596090006,282.18608727902654,285.73023191317327,303.673361936283,283.10112601740764,269.92653119356953,245.8147340286196,228.7037366325679,189.64278237261652,157.88890482523863,141.48238060646182,127.12695101434709,143.56034017224957,160.5205073471338,183.37304382021827,208.74439221152645,240.0263444700889,255.19505001615354,265.49114399617537,266.8197497799669,265.09307564392145,249.89098209819812,226.9191462303737,193.68368037947454,0.0,0.0,0.0,0.0,0.0
2025-06-01 18:44:22.883,0,0.0,0.0,0.0,0.0,0.0,0.0,97.98178429115295,110.41178995572125,199.95639921997613,282.8302343050123,358.0764512224121,437.82453104386417,503.80342933993103,553.8773034256392,588.1986573621452,603.333999313869,611.6399726387876,589.4246624778738,556.5299002313768,501.3499308332768,440.76312197449266,355.5686863657239,277.08309987098806,203.64467798487047,192.5249623077238,246.53429301528675,343.5209446876945,436.6628108364456,528.2692187434888,614.3589818931573,686.2933545328684,722.9101783480355,6.311688742519851,764.3822266961008,741.1121101060401,710.9360213814055,655.3488446545241,579.9961676347469,515.2114675631781,422.40160983217015,353.4332839002407,355.43238320923774,350.8055497741617,459.98803679004493,582.448504126252,694.3084310686403,739.9052744575723,823.0048407340643,902.0412113764944,952.3812345864063,936.9130067170794,963.6216804658367,910.6358412537497,846.2296980455618,747.9428690754198,692.6521999074167,638.9149987445767,606.9706563953612,624.7585014000337,14.542279585118665,8.054223075154287,14.493173425636952,5.866682630752748,5.001847440434047,17.472969266851646,8.844726531164653,15.552264456871432,16.871995268697482,9.058278691432378,6.959991845284888,797.5332926769967,701.8621510780821,609.6596128312857,529.8205217502563,497.62546927892623,484.27638867972325,554.5701989146137,670.0187910061704,784.8185332745122,901.4771212202916,1009.8111311062597,1112.1663563528298,1175.4385030945143,1221.7004023179798,1243.4118987300285,1227.0745107708374,1175.3383686782818,1107.31863139565,1002.8358644176149,878.2053472188927,795.1698571843289,881.1174504913502,843.0782079892202,876.1077097969932,962.5470854123072,1085.478065200682,8.77944511042255,1351.2295731160202,1454.3037633836816,1517.3179890436481,1558.8639175273468,1555.940646764538,1499.40762152391,1404.7128501080072,1313.4066833167522,1171.6583741028453,1030.4940586996565,894.6456936900129,754.0235932791028,690.0533319795992,680.5641731595791,726.6351328096779,809.996573938772,916.1650199540452,1029.119699352769,1115.0182446775668,1188.756332518941,1200.1621460073723,1225.62013153965,1207.7903888576843,1175.3117153092412,1086.6111835228908,1002.0885978479705,8.83076731216974,7.243732392933055,9.61765471568539,4.610011106770203,0.0,0.0,0.0,128.0,12.542007504016947,11.748940962418942,12.88672452051376,1035.35700020905,1005.0716839357777,968.7633240499948,885.6422131275209,806.01653610289,708.0233872045652,635.8618344871218,554.4549835310704,513.1736968112444,524.0127156531214,543.4000656228496,606.7127906704266,664.0908353182849,731.2839168494711,773.6816473672025,808.9243648803732,826.0337344340032,818.8578875343115,784.4439668513645,729.7393481462134,687.5471870991071,640.6133361703152,582.1564482552247,520.1171277856889,474.57991390282143,477.49502245284856,7.696981751260445,534.1224421345745,583.0732585970785,620.5782721679918,654.9308769076237,664.2485779808177,549.8392883057218,491.5958107786661,495.8680787320841,459.4293297451178,410.1493416545978,363.3574721911834,312.5649757969694,271.53099021543454,249.88838132278934,270.44741123784524,303.43944903689584,357.1317962791276,398.7671766899442,441.41610224059036,461.8044506546317,469.0669637525844,459.8276941131495,451.2465847126979,407.31593754110787,373.1385817810974,321.63488937170854,10.64355201806543,11.17042510603438,8.490586852087269,5.968136712745054,7.998848146959401,20.16030162049226,11.333936424828043,6.500958637333652,7.414169537280576,7.291110965686595,14.341761740581289,380.9619506266205,359.4981713643969,388.741700334027,388.6440831255707,366.75008379830376,337.4227841584829,300.67073434675547,267.9655340844978,254.57582650275572,218.8577053214006,179.5011073392626,195.69208308819788,210.4518437866383,259.778022611625,317.7930691169277,304.7428192423813,326.86389815631946,338.0025169852775,329.0278339278245,313.33537916775634,314.2578769116861,285.75198540119527,236.73899171738296,222.05643437023608,201.62570605444233,181.85476084666226,6.330674861701819,196.85956579806384,228.66512017191968,251.96140935374495,269.44163245166646,286.66325539641474,288.9004881229053,276.17166562096315,271.08050700617724,243.2731547654233,230.1007563377632,194.16641346771488,163.5911089692363,145.20100348489675,129.86685469582076,134.70927423089856,152.9061708237991,181.08832109935986,199.62560534529868,224.11326413512847,242.15817149137422,263.4982651136993,272.87425959787697,265.0782375898946,264.7094125029367,226.48581818528777,199.11796401867252,0.0,0.0,0.0,0.0,0.0
2025-06-01 18:44:22.885,0,0.0,0.0,0.0,0.0,0.0,0.0,111.70945333887259,149.4009981762261,233.28408208431847,321.35920194093876,396.38211379928657,465.7745161128111,528.2442730999348,563.7551419835158,601.0682149719521,610.710305620219,600.4292041365242,573.8808948903471,539.5116231757249,483.95550858286634,417.8250758091629,330.85478560057226,255.24288023616515,209.87040339775172,215.7894297465794,289.06211381538,385.23811150098373,482.3285292924877,555.7753290961085,640.1654562701447,701.6358709213458,742.2627023138078,11.032331471283737,764.1625030515178,728.4525266352655,697.6992389768955,624.1977420509925,570.9079172932312,487.4118602006419,409.487150293486,361.93841998590017,372.5318123867055,364.58302161764965,484.97997577865453,593.918553378632,711.9626051937803,790.5853964504528,848.7599584421397,933.8694467207725,993.9843695141188,933.1271139810018,940.6554468389999,919.2637237891903,838.9802577431082,764.7360069992857,698.6609935902324,650.5241100242221,634.8438123401513,641.7034881046895,19.76050846544736,6.394112549695349,12.284016711734056,6.464140176445912,4.330471608220249,17.01199520383662,11.024903099319532,15.122357922600925,9.607634136672223,13.475286456274135,12.627184283230907,777.1271810954164,700.3409436513786,600.6343044812664,529.6304426893626,506.0729047966108,508.8998000158567,571.7322561498096,673.2030200097239,786.5620697547237,889.7565520307221,1007.0817534945238,1093.79024752879,1155.2670881919073,1211.514452083304,1217.3295722841617,1195.2833798494667,1156.4389423697487,1086.3779589113776,997.4628128464268,893.4031187306402,791.2729691179593,901.7385450286155,859.7904238070463,883.7735153813811,967.0198759847987,1102.6212643598333,14.246211251235081,1348.9633583282039,1438.3767530085968,1516.0810780268255,1544.8323903341184,1542.955002794949,1483.3695609518998,1395.670597551347,1310.6574652624029,1187.07902057729,1045.3919729502431,903.7957455914335,779.9761967115196,707.1946573964502,709.0734649854807,736.7293383225964,830.503742373573,924.4838971638254,1030.237181116388,1110.0111125412718,1186.7411949042448,1213.8558509507434,1237.2491987404053,1209.094201963403,1182.643632825963,1095.6835989511035,1019.4569339870021,13.004343351283282,10.348364505892587,15.704393136969816,5.717006523295906,0.0,0.0,0.0,128.0,10.947726750741138,9.238026060634182,10.000241542895791,1030.0273560369508,1005.9856583700115,966.8694759756653,903.1543929861227,816.5648420252097,714.0510641343949,643.5256103722719,565.2647303985246,523.6851398641235,526.3579404021071,548.5893890164481,610.3145819327374,671.9551833361725,737.0000493159557,779.4961416356156,798.4521653136193,827.057728611174,810.799971887418,788.7194233647682,739.1836112200377,686.2197480063503,635.3781143990885,576.5909892074869,511.7908080835299,474.9315619843784,474.2590666151467,4.831098884280734,529.2273476968085,578.7928883344962,609.4674486271822,642.4664785072224,656.4198073865133,535.9798070164734,493.7823587537784,477.79787106782635,449.27802407052116,399.5154849241345,348.21933076462926,302.090053225682,257.2804521224929,243.36330010154037,244.24282441789055,288.56899924437226,325.05166596941405,372.1893717297925,407.0391785492522,433.0967255044072,443.84021634881805,442.08185924249074,428.02636092874144,398.10922355745515,375.12543276423594,334.1435101837976,11.313188505594411,10.07064355881821,8.443770630087984,8.364197055720357,8.41876329068343,12.550012577494217,10.74253307051544,8.233231082882495,7.864794742374206,13.927358263616366,13.810843274797653,359.7776100540426,364.6473529762843,385.7545591696309,396.92682100451793,367.9550156858313,357.1218994584891,331.91795242070225,303.7571820905159,268.20761288108406,238.21909905391632,203.42723884911123,232.5585369416873,220.20676855165738,269.44743060393625,318.46786341765056,301.9075193047327,330.62235506671726,342.6684823975016,328.9762654995982,333.0583200817814,321.30356652249145,300.276565717434,255.82254314457487,236.1780131232786,209.00038608018758,202.27171090436903,6.575656562734104,213.28476810199436,232.2368628234164,250.00391361063222,264.0362878609818,292.692515419666,289.45714801511417,284.25263347582865,276.8462092313459,258.7231940276179,237.2192710137133,204.4635842365699,176.30181750382374,156.88704339008828,142.38605799849842,136.57268369839247,146.05201932966057,182.7041717841597,196.631799166897,217.26494707543674,249.65927243236675,271.69873011845726,287.03658760514713,286.6969641713701,278.63392828431404,245.71940517169344,221.17423816688552,0.0,0.0,0.0,0.0,0.0
2025-06-01 18:44:22.891,0,0.0,0.0,0.0,0.0,0.0,0.0,145.44201987236815,160.80950938016503,230.115636407288,307.91205565569305,386.2812458796931,459.9379597879772,519.7058659750865,563.5663159218035,607.1343353387089,622.4267125040496,623.7341836615368,599.3653237489876,560.0338006722911,511.38758914268885,441.4820120856938,356.4675766322492,296.0551350645601,247.74891617835587,234.95042605642595,289.65179001523376,379.0684152228986,475.5233651346415,557.4914014127645,630.3942449918002,700.8638845635634,747.2498214035537,13.430924431287405,770.3865706997876,745.0016970473625,716.9758412208046,650.4227849473973,594.9620780746168,506.3315709008885,442.7047273890014,394.4899107003008,369.55906846985295,415.8251474260127,503.3690569305819,586.3631477895535,706.2696078059075,794.0621737126145,845.851123887115,929.5271409332647,996.2895994957014,943.6440238317758,917.5935331222404,915.6951224607845,851.0249339477409,797.9595382982228,739.920905350491,672.1565848045481,642.3035215246781,671.7670215975616,14.0,9.850863883869682,14.201158197104977,8.660449526938315,7.893811365238007,9.728735632183941,8.141336610480565,12.227469266742904,8.797274157739682,21.161713633594815,12.29277246018299,824.6563827722102,741.1880628117284,643.2976500544156,571.5777687930358,542.8666574799746,530.0554542563746,586.4455302574645,675.3403846933189,793.2889597188283,890.7021403616685,1017.5938110980298,1103.569878258551,1176.4040742325735,1226.6694160497996,1242.691912042791,1230.6882002881314,1197.6894940157235,1129.7303537021933,1038.0166472618075,935.5046482334466,839.6509669145898,951.7467759444471,899.8591380433775,911.0856189653136,989.8356522560592,1110.8331053707575,14.636977266996007,1366.1596598215222,1452.1793963371617,1522.2195827261164,1568.4366578805348,1554.2595816149403,1498.1587911085676,1427.4448154465986,1343.8122320703558,1219.0208820518922,1067.7676998061588,943.5691507701627,811.5797212221205,736.9047153422677,726.0186724962134,757.5436869828959,837.8408960875674,926.3476514238542,1042.3984764650256,1118.751486105202,1199.6872670307487,1234.5171585931057,1244.947925798528,1225.7285937099848,1190.752606241999,1114.9933697659574,1044.6264457172924,14.495634912304928,7.294978058713736,8.127417066823549,12.177860124225258,0.0,0.0,0.0,128.0,11.107459901503724,10.913769469985127,8.60169083737489,1036.9387501244578,1009.1441440146418,969.3264802831893,917.0788995977192,826.7261925859721,714.3636211059211,659.6248113654907,592.6602270158651,542.7153427344499,537.1374481280521,572.4111182404615,622.987300170629,686.3298329179861,743.9112141086714,790.1523588508567,812.4455359456348,830.2801253128357,817.9600407534427,785.5357360883232,730.6178721836002,695.2602938097664,632.2301731852428,567.3449383090099,513.9794909134318,477.6494705576071,482.3619776270838,7.086720825200718,537.3819863245442,575.8325350029705,608.8792661472868,650.8598803272573,650.1901661587495,524.2079087322367,494.9352490002529,472.8404331589703,441.8672659685751,386.37125606874474,345.79473756984555,298.67381917185014,258.4300032885634,249.90120939230113,263.79648076079803,296.9712164415221,327.4437655673049,370.62468521840503,409.1008516177776,433.599761048149,446.1119136371764,435.9545691525954,430.6531299380865,410.46137172743494,374.98806164093503,335.5174927869205,10.04701837350371,8.798919988857918,4.580384488601288,11.143967262429664,8.991921137996911,8.482933494072743,9.607556888171082,8.31109595666577,10.175888558460287,11.304293132966198,9.280798868580934,370.1797142057061,392.2168945674747,402.4150429846563,413.40264553118595,399.6100982682904,372.9697260911139,346.2552218187381,313.62521276135067,284.18024688075974,249.44679807643715,238.66496843799035,263.3728667768616,257.2446717506682,300.8806232429656,331.04427381049635,326.0854551713502,350.0918027972764,364.6381330054768,364.1279067151752,349.715908477697,336.6178498065123,302.5224507002263,265.7859980907533,244.50619228670598,224.35023852873633,218.69644828749304,11.810499403850898,241.78095242284942,264.69924474671785,280.0088699712621,282.92662791759983,303.33551401152033,308.0624848772909,297.5480462977589,278.6892514160188,267.02520407221095,240.21071361815706,207.38485423622657,177.83615525208813,163.05581287349068,149.37272439877162,153.7483230174341,166.08608182911425,198.9599259784733,212.12418637346968,236.97774304474197,272.17396383125197,284.6386957839316,297.57591005413417,299.8764187160329,278.53612274000375,258.43533696333543,226.130585225154,0.0,0.0,0.0,0.0,0.0
2025-06-01 18:44:22.896,0,0.0,0.0,0.0,0.0,0.0,0.0,146.36772762289806,149.48861646495772,214.80894864086304,290.5852133749603,367.77827488898447,452.61846258161125,512.2457236264249,561.1260844362621,607.3294931021694,628.4997385518076,632.891302834742,623.0459210861296,578.8327379460736,536.9560108007258,468.0219380482976,386.5623653195399,323.4320439990189,252.16779641222044,243.2215105367904,284.25868593594373,364.12001326745826,458.78284194940335,546.3560490715013,623.8224802306125,692.8352074386787,746.9372007585987,7.328186174890492,781.3264605746982,766.919970774443,737.534145582817,669.7538508950813,614.8763638096686,536.9317374967433,464.7258410817334,409.47282698421435,391.95549740711556,419.90918534481443,512.3282653058089,605.2509417950864,695.7249082913866,786.6162255026876,863.0970066866455,940.9660261827394,959.7721234764691,965.4866587980379,950.7014656264176,937.9453867013021,864.3372401812196,829.1161032626704,761.3874904935565,707.6471008667992,665.6370015072978,691.6904932462658,10.35989081852814,13.784624160453276,11.79626025614158,5.820665821009955,6.590084318694257,13.17188864450413,10.010273192549812,6.889702440167728,8.325394109781666,16.0219050259074,12.619177681999968,865.5290275454029,771.4509262405317,693.3603558880518,615.8058034258426,573.4527670051023,546.4182403569517,608.324423923388,693.5965570578475,797.2327441695726,902.9411155462776,1023.6279785365723,1122.9724099606153,1191.0789090416326,1236.1523922835406,1267.9183270897893,1262.170856640067,1219.866819670463,1161.656135457169,1075.2821580302207,987.0036129142322,887.9096136040741,1002.6462815290868,944.5241015237413,953.7764820994773,1016.5519983360432,1128.0231606014638,10.893576055874988,1364.1166157076364,1463.0349878150444,1532.9010058540653,1575.5795929932312,1559.9310609206184,1522.9683430245327,1452.706594603968,1352.8527086573288,1228.2233493292945,1101.7872057716545,977.2857144923422,838.0157971280221,769.8354101318832,750.2205831981788,774.4723323542612,853.2343511709265,946.4145607700398,1049.7115826681659,1123.3842443015778,1200.2515623440468,1254.3681017943682,1250.3523460869064,1234.87567383861,1192.8630644327427,1130.5501128037984,1053.5125908736477,10.213434209180905,6.793779544245827,7.554644828227829,12.342319290709536,0.0,0.0,0.0,128.0,9.830141595932623,12.091749572568926,10.575388739648323,1048.1837187725098,1019.6888464358414,981.4211211791834,930.4852088726801,849.2870736900317,720.7958436937006,673.8822720868599,605.0401362954061,561.1936039380721,557.7063818700998,591.2123431206466,636.4294249799374,690.0243414663157,757.9589010006554,795.6577703691783,827.6481897716586,840.9733330407827,832.2570438988455,798.6883163013375,766.870672816794,715.116894247684,648.4125774677544,588.9935952170025,543.6592232693572,504.85836596051956,501.6133209107541,11.118280636780934,552.3810301993642,600.1506225413797,630.6818470027453,670.0873320173791,661.6500622320194,541.5830300493247,506.293846710945,491.218429522462,455.052626884617,400.33373588808723,367.2958176296263,314.1895376431251,277.3092787325473,275.2014425645142,289.75554448501043,310.9379275990824,356.04898517835807,398.6237812505943,432.8361416115352,450.0161526790356,462.0120223661721,443.81477146828854,445.3543298059634,417.9048095305048,380.97908906077816,336.2484552858039,11.198632397252458,14.098117154209387,1.9941506483532172,12.44975150636319,10.83808836846675,12.094968099187904,6.213386221468472,7.3249238990506065,11.18753230603272,11.03456376010325,1.379310344827502,380.0465221474755,412.56774619609695,420.7525120396917,438.2327577020855,414.53563772785117,381.30006488589873,344.9802101987373,303.7801791886169,293.4428104237126,253.1761698319504,248.75511118290413,250.36669161092433,284.7110647052934,310.3024900429259,360.7019462898628,345.7972081784524,362.79491510399765,381.2988827514083,381.63278940642505,363.24057524365315,345.70748248697515,303.5695894566399,273.51714231660515,254.56746102190138,232.04645082682157,228.0292296489896,8.945764871372596,252.1498518548194,272.5402865986951,290.68952182798745,300.0731665359261,310.60130532848575,314.7690946724394,295.0442442810179,279.5627546149024,261.8250747411581,230.01388135342256,199.06456755880794,177.83815429058396,157.47966911985054,147.98999612113695,159.2288115880367,184.9773454738806,211.20922788884332,228.34150421355582,255.87689668658945,280.30711016229725,295.6353424489746,305.68954517882617,304.75989721115553,285.42922585659403,259.47386819680446,223.41553846032681,0.0,0.0,0.0,0.0,0.0
2025-06-01 18:44:22.899,0,0.0,0.0,0.0,0.0,0.0,0.0,133.35751209641904,152.43855570947198,222.22170975099186,302.1142850206496,376.709423996045,454.5266363698846,514.3982907777792,563.8577623042239,598.8094961977957,617.1481883738625,623.2321931041098,611.3788211059151,565.6743980449119,521.0635544497416,453.9624482574184,379.88358919447137,303.7803290312973,242.20894941179793,240.99053953256885,280.65888035106053,375.37508086149717,465.96993876945476,541.8483635485849,625.4932091890073,701.1281281322833,737.4578608042164,5.5207747306546375,776.7001639391483,754.8914852697734,718.8006768901251,663.3455613423456,612.9534119770005,528.5246187768189,457.728404680751,409.4811623373424,392.14532900293716,425.71218204644646,514.0517841306521,603.925864151592,700.8860220052928,789.7258570998442,884.5673120961976,951.2310858890874,949.05186928934,978.1582790194379,962.9792303023102,945.7685228549915,866.5682417960112,826.3594206413591,749.8955338161672,694.6622336620278,685.532554834982,694.5422073854083,9.06121866582354,13.349120442216947,8.123164862598777,10.621362893768953,4.60355065501677,12.037108778107111,14.505047131219111,10.999677345477602,5.848235452123757,14.445436857885865,16.60788214068731,860.9361776591442,771.480376000243,687.5344056234939,612.2503135935823,557.8666110130921,567.190246057595,626.2954957349266,721.5697484066435,808.8861752036996,926.1279510907561,1034.5440107501836,1131.7611077816725,1200.8573111543087,1257.2148200937645,1270.3571694501902,1269.4298039188507,1224.4624060504723,1151.2619389129545,1074.2985379035233,979.3211231446473,880.9641976581964,1000.2758835997649,945.5132443966922,971.4799645180133,1026.1818936347534,1148.3124899425854,12.714537075021843,1380.0396515209434,1472.4980070459123,1547.2759926240722,1581.7207001445054,1561.8772889545362,1525.4824407101837,1434.72902610826,1337.6315402549196,1227.9367188117646,1097.0590169110183,968.4846980873725,832.5088590309922,770.9331095903544,742.8920119103144,789.0943518384639,861.9828543854707,956.072804090711,1057.298282143894,1128.8395777914197,1201.4765626518808,1250.9602848358043,1247.0729183712133,1230.5064875389482,1177.467137917327,1117.1133217504655,1036.491186015407,10.35304206209099,11.76398428671688,10.509629407760094,6.090100797907969,0.0,0.0,0.0,128.0,8.23277772471871,9.88773448155265,10.226146874854347,1061.1904351720643,1037.7237627181996,994.6135202140542,921.0447338034685,842.0599409056566,734.6968229293861,669.1165358879697,606.0049658839084,555.3076288494356,550.1060743718681,589.7943160544022,644.1155276056261,698.2773799817526,756.4561783162874,790.7695854592911,822.0356625892639,838.8197366794661,829.5317352305407,794.3567897371281,757.5052213558228,703.6945119100674,647.3815133527473,599.7901974315525,546.1646453844977,499.1564667181028,500.091226966776,14.202410130164855,555.8275782527122,604.3949595257451,634.0308447258691,682.5864938115285,671.3345565936343,539.98050229406,504.6786802247167,495.25392181295655,463.2817531637162,407.4155257401816,371.32104634488934,316.2749788083893,272.96351212873384,271.8483353501142,289.6087738924628,323.57353941896497,353.8121875811715,409.1663159906565,440.1622657880549,455.7642549050833,472.57715489075656,453.102186353818,448.96952743745,421.577662036054,387.8415381337429,338.74158890107844,11.22426730125829,9.290956257079618,6.128249678070711,7.83772630339461,11.074782454279417,11.05209668615047,4.57327191201427,5.5317918365221095,9.939437562828687,16.092137746825177,4.8157412359134755,392.08378678455233,410.4412243029522,435.6693430143354,441.51181122413215,425.21516858853994,379.7223977337711,361.81890241789,298.03772339179403,288.82209599781135,259.30848370476684,236.5030024507783,252.43951107010886,291.79664257242393,320.6295725853902,380.84195132039486,363.1607648975769,361.21134249408806,384.5190164767782,381.0019203610781,366.98138030991316,343.6723461385798,316.6453682448727,274.05040678774446,250.3822607289461,229.7623558483464,223.32120112105278,8.665885293425884,252.69808634930797,274.89015564392776,292.3652256477429,305.8781165931058,314.5008178458043,318.6663136671456,296.7147687225665,286.49462727220947,260.76195766087585,236.71876010247144,205.61743454886462,183.78679941971802,150.38773914164915,143.1812989333574,147.86840525667486,171.48917284900492,198.34172463163344,223.09267335864737,252.1669927293251,271.9122077712792,291.1317880325351,302.0528958247875,298.00357018818625,288.5626351965142,258.6369637359227,221.52643736715328,0.0,0.0,0.0,0.0,0.0
2025-06-01 18:44:22.902,0,0.0,0.0,0.0,0.0,0.0,0.0,155.12258621328604,124.15202888885386,168.3334120988838,237.659105961613,312.13043947124623,394.25186207916533,465.3602212749783,525.7667374737485,572.4668382978615,605.5165418664182,621.0600006255585,621.9963553231357,594.807531166577,558.0112966279825,496.52768280865365,429.24520446188984,358.6231506519007,270.97390476656494,225.13985873296235,234.9832319501898,303.42535385977766,394.81092887544264,478.1275064683227,567.5139706862742,649.9922311634361,696.2182926647407,8.973224894689249,765.5859991201938,746.3065084338183,732.457056864152,693.1206298286497,656.7277953706548,558.0182196392899,497.6173126565477,429.87261069784955,396.5230751690011,399.5679473000862,461.3590992688576,557.1414308432971,617.3798246311411,742.8775733605195,799.7643603704312,917.1355076057054,914.6236331211635,953.1365535974791,968.8858342478512,920.2400320847039,871.8875828394836,848.5473970199799,764.456978481646,698.3091158730091,657.4703620970987,653.9759775125283,6.884125833712193,11.720611923259405,8.777203797320999,13.381643189799311,4.559090886425074,14.602657791077544,15.85285462549747,10.575426009921435,5.888644176027379,18.394747345597587,10.541185107746191,873.7568791918676,792.874958982613,699.4497235331614,620.878436124943,546.2457741768188,557.9130332863538,587.3901274144096,659.4734037564292,761.9591851760224,872.5034464477524,991.3264784729188,1079.1637184470399,1154.6282704828327,1220.2443521704172,1245.348406768411,1250.2075588319688,1231.493702198307,1150.8777389229515,1085.4654876083773,986.4339768289984,897.4011619690891,1017.87553313572,953.840705891382,967.624258679071,1003.4636774042277,1122.2629119614453,8.714363432012863,1350.8455635453524,1440.5580138753803,1522.4708404989756,1551.669565392749,1554.3101420459511,1514.3415940716413,1418.9560058661057,1343.8210235340769,1229.4063993472046,1094.8110381507088,973.0166302701359,848.6772269641089,782.373344781939,744.2105409457138,791.9199853767808,859.7547300588582,951.4122132920585,1064.3122847731051,1135.6022607775553,1201.971313162957,1236.3710396908414,1248.3171867098113,1224.674664775035,1183.0548373954266,1113.7773689414958,1026.7219985627373,8.254063335896753,10.54061631068995,16.26096293038097,3.2321743846593196,0.0,0.0,0.0,128.0,8.271516737230641,12.791052209500664,8.151813506865492,1060.4588982764503,1028.5036162017766,982.1363070864028,912.2154740301745,821.7946082385665,716.6547673532368,645.1731154828592,579.1189396393714,526.5797310889553,527.5245654108871,566.5009733059528,625.277015272439,677.2094705225056,733.5536757420044,769.3705927130331,795.4868303307987,816.7448883622274,805.889299139073,767.86739886908,714.2680698774128,677.4071975463636,626.2053608331369,576.9074992289515,529.0869965357792,479.02330473304215,493.1952648929477,10.277842359363373,559.0513041430307,587.9215199779499,627.7995802533469,658.7086330275191,651.8941989987246,518.2559301213486,493.0486035150658,481.6579218641321,442.54106501815846,396.91673175676476,358.4925251620424,308.1517687901876,276.44268537841623,269.0859571483871,286.48741468710745,340.03746836825104,369.7912857367678,422.46993603196586,459.09262933923094,470.5890304877987,474.06209419415825,460.9549903992093,455.6437413934374,416.89942498423505,383.0539995531218,325.50673829423465,10.814041787332497,11.155832023561643,7.546861589825887,4.123105625617661,4.2621025790630735,7.381125725626262,11.202654012736579,10.636781609195168,7.546861589825887,16.898578690396565,6.383261962620172,409.8354855269026,423.24739774440155,437.550006415398,437.3476754630225,403.91742715919025,344.65586106235156,325.4886045204216,278.3232120793307,257.1432752389862,242.9359512201161,220.59574586854572,240.7204017627835,294.7024678552122,327.6454243922585,383.86197542443705,366.769417480509,360.97979308534985,379.1550958878057,373.6874716078,348.9369516098011,321.3236943574548,288.53164209828753,248.35555706080433,230.4853050924083,222.64309081996458,221.90093370850545,4.914238034895458,267.90961648636426,291.76163912172274,310.68731257865664,311.42920250870924,321.9169648138857,319.2806921501469,300.4046143661766,281.9201102834369,242.14073899886714,221.74551973341045,187.26350252252854,159.03977880241712,137.7332040401807,140.9577396759275,158.31278951465606,188.8438767903231,223.39265713928356,245.60369959608528,267.38229848212336,282.2334679183228,295.43442618812,295.41113553686824,278.8404508156405,267.7605512386509,228.9695795200802,189.81059187558088,0.0,0.0,0.0,0.0,0.0
2025-06-01 18:44:22.903,0,0.0,0.0,0.0,0.0,0.0,0.0,145.25991787940444,142.5540598832679,197.6820679909205,269.21547851195834,351.5872406213718,421.98574699383266,495.9891928122958,554.5433676789089,591.4989874306551,621.4897186142988,618.0587884051132,618.9682711678614,594.9882939162713,548.3353214734292,478.7159819771987,406.931641196513,335.6679625121399,263.4770499309506,230.90003038294685,264.5070491738905,331.9884415249685,427.36394539620056,524.7032435601764,605.6459874997859,678.5775027588692,723.525059408945,5.792607725931638,769.8081204131943,749.7963630715819,729.1399380053954,685.347337322531,631.589646605695,558.1478930852082,477.30594173565225,427.62997088818037,402.097918366687,401.5717390835552,503.2383755603083,593.0830075079368,661.2731954111641,785.0892424343368,819.5825431749482,922.9322682541194,948.5549632310962,947.0650447529904,960.5107849403797,893.2380418395365,877.7969926735101,833.3135022566694,754.7954707766155,702.7614403280537,663.6843789497112,666.3403777443111,8.374141268017775,18.523495498664836,7.433864948537067,10.336271575719627,3.7546421231952865,9.901947074350538,8.91799440075495,14.578705467381218,6.351724137931058,18.03682268574967,8.193968045935351,862.7850616008212,769.2253285383301,682.7092420018727,613.6205949622148,556.9490469869107,555.89483851443,599.1772355598634,676.5319665113497,782.5963379053991,890.134547936832,1003.7890572202006,1097.2147884350875,1168.8571190501843,1216.5052713819723,1234.350849319392,1248.6793997241766,1216.993555366057,1150.9331541349861,1086.2999073911744,985.2469283738963,895.7594009107996,1017.2878391532972,966.5576789156929,970.5003080539109,1017.1373864662291,1132.653533401843,6.901149425287372,1348.778982136218,1449.2523051763835,1504.803602097059,1555.7606121745866,1545.6290959764397,1513.9500230472322,1418.188309911366,1331.2805726727556,1217.088476620921,1087.2536939009137,962.5844717694367,846.9084532975769,792.7361845486058,761.4147101468335,809.6847639969777,867.8760184806002,968.8326963243089,1061.6416818362673,1133.1045553368874,1190.5897046526206,1229.4111171944703,1228.2397305308748,1216.5982228096366,1178.182198888981,1104.3036976180003,1018.6031755650781,6.3902205003551265,13.7247549927609,9.844645870613476,5.808868556994028,0.0,0.0,0.0,128.0,11.27768159844264,9.310661481561276,11.666288302137035,1042.842556533312,1014.7943155311189,964.9075542338428,907.5589577900348,816.0071712861624,693.6160188263995,631.6792943320011,562.3491109989403,517.7414774598177,530.5538632343731,562.6610914694277,625.5998488436541,679.3385985468229,730.436665970225,768.4667509677421,803.336441911106,810.7559201915531,810.2302333350922,778.1592249615081,734.1114408743523,689.154326637616,627.9582926309305,555.4512857476286,518.9315569777663,471.8003232966761,476.8798097942026,13.421231430568808,542.8288120617026,572.2369141385531,612.9348625130027,635.830722282794,644.8553250120647,526.1520483409238,489.57351464615334,484.7755148531912,431.50939195404715,405.04518186613706,356.7071382792383,300.7924639611566,279.2456487711908,266.1385890972946,270.09964962531166,322.1906094851376,366.72248935015807,402.3340555479008,431.11123294309,446.20279696586823,459.36641831540663,454.5766797435608,455.8086834643065,428.8534638703862,391.6104020521864,334.22778835953966,11.64815464146463,9.888173112021118,11.64744395969608,7.800710269261424,7.697164904753627,7.023824283878993,15.458572508881634,10.83872296332244,10.570021227869013,8.732235864936204,8.1519505070522,418.2060701863551,431.10469687671116,453.9545859460097,444.6925036347992,424.8205084251283,371.73342050757066,343.1620746022108,311.58346576031016,287.1134949778843,263.1125146333426,257.91301809246744,255.06889412488835,286.824809962265,329.72704622456627,380.7608636743417,365.2919774386522,369.164238676138,393.00331029921756,384.34578593052726,360.38087920775774,343.931717280797,302.30357789741777,260.95391370891855,247.3384131999328,236.73478744794778,232.23075890578593,5.007392154317209,275.2260866377092,290.48300581365436,300.0191801252577,321.73956377547626,324.5369959024434,322.24440073682985,296.77160685943903,290.91851563818733,255.34845750490854,227.2700528671216,187.99685980897047,162.06319992984282,147.7839955717,146.28620903331438,163.36611784534796,187.58078823611552,213.16253942520288,244.73866996675423,274.79193487648683,288.95097268316937,302.5061228113969,306.95321991375374,292.1469714502046,280.8021850130792,248.47723771254186,206.9535555302357,0.0,0.0,0.0,0.0,0.0
2025-06-01 18:44:22.907,0,0.0,0.0,0.0,0.0,0.0,0.0,131.45105525389627,163.01497426282592,232.2146146109224,316.4026509862151,391.80622386584196,465.20036868629654,525.4567315677288,578.4053244481216,616.6482489501269,631.9593003385089,623.7163994686798,619.8103362821314,576.6496595275981,518.5138759319366,460.99604063820254,388.94121864778816,307.351127150552,245.9573409410608,243.89894825798535,282.7677684015695,369.2634000528602,455.39983178575625,549.6957865311728,632.7181312922338,702.153849582268,747.8474944667593,4.226889222553627,779.843526713791,760.9122176721476,727.2367489095622,678.7439462067803,610.5060412361075,558.7039797467813,471.7121533035624,427.53127746726807,415.6011893749883,430.6966101227435,567.6881014221565,634.4697304911147,731.3668333795353,815.0395375610377,870.0313391774878,932.0790531122548,963.6368350016235,980.1943295299064,967.9392189457247,934.8821634101898,905.7484798482478,818.457647141914,771.7109449075659,725.8489636857597,692.9100749140147,715.8884215636853,16.372489042374443,18.752644356019726,7.127259619713994,7.152191384839617,9.079268583576354,10.747482999315856,7.527651332156501,13.163534234907104,3.3988255869653456,11.903117111115975,14.808337914462232,859.3551750347713,780.5910136261,696.7545779536636,631.6935794748532,593.8995919356394,579.6916642171018,649.1136224636338,741.6588215552599,830.5061118978412,945.8280306611728,1044.568985730625,1143.122454796062,1215.854751488897,1257.099880313635,1266.074926624319,1278.1381066224174,1227.3038566173734,1174.6739788431098,1104.7766278425097,992.8798512697077,905.8557075900248,1039.4528001099625,1004.1042198030794,1015.8434420118112,1076.0700427795314,1190.3764455438318,9.897554849338466,1395.5366884203431,1487.3293565772108,1538.0288411643644,1578.5067093518633,1570.195403624047,1529.836416790439,1446.6956289422117,1333.1701342129184,1212.148504766617,1090.4035414209677,970.2870912134078,854.8628541634471,801.0575831376733,781.9586638159615,828.5501403540262,894.4919593585485,984.8649060048634,1080.9841957917886,1143.172486781917,1199.9454992838203,1203.6899859779512,1222.727705255197,1214.2806838542388,1171.0701105332673,1092.9193081577616,1020.3930160211515,5.97487923572115,15.006620102808638,3.1856996381015965,4.49925427288046,0.0,0.0,0.0,128.0,7.471770185800907,7.7518405629487175,9.545932394492592,1058.0311464806955,1030.9248487229945,965.0514644760312,911.4124019296618,825.461161470273,701.192579302748,637.1745063174875,567.9248682818335,527.3368727618973,535.3839345562529,578.1646189043406,646.977951550307,696.4200914187534,750.1796619368346,780.9220746533216,830.3730660478006,827.1663978414527,821.2174968247198,790.712536827032,729.0140137718372,698.590598891887,629.3634688634314,555.9637619746442,509.96579826075754,474.3870200329035,475.09872447130823,12.918721890334659,538.9380598624963,580.0962684255418,623.3830660403252,653.8743637889909,669.69246408407,539.9573460671907,519.0466567537503,497.5106289098542,449.578228287934,417.5794443099808,360.00913026648124,303.9376943255594,275.06436594858195,272.04479880397844,279.784295250564,310.65051776168485,358.54947371689036,401.7838529366544,438.02024892924754,448.66240639740795,463.61517464600394,475.19103336999495,473.9193399222908,454.18586317546243,400.6198847110279,356.5768450398957,10.083312970057372,12.325047096206102,12.029840667599947,10.92286816144766,13.083116222219395,6.996840003148954,12.11036664880577,10.468929297291783,15.07247607180813,5.854895931354774,12.022785163057582,428.0730636375388,457.580139194484,477.80820405710693,458.653387730648,447.8427727647622,412.0528572630347,392.91862239276594,343.5666602889056,321.0772055594256,268.9524680145494,285.8191341045767,268.9201412381781,307.3719309406529,362.685071550367,402.1638215211807,387.2808108665589,398.39301560690154,414.922295513542,401.6069716890247,369.89367771542766,364.4656271173944,329.5649595784427,290.47732365263084,262.5398875556746,243.47514457769097,238.51914182246858,9.539553474455403,271.0118182780312,287.82291958023245,309.22907465964863,326.58078653638904,331.14206563407237,324.14191291746977,306.02038265026493,295.39591654488174,271.06442652739224,233.65661662855015,196.28124174979337,170.06959316802102,144.8581921967636,149.06452347738846,163.23920931140867,183.3261703107407,204.29698159963135,244.90078533403187,273.14335306513595,297.11001438364605,302.48326664850913,311.5867791003603,306.0326651944997,291.18102358635485,262.79206580970344,220.98512497353371,0.0,0.0,0.0,0.0,0.0
2025-06-01 18:44:22.911,0,0.0,0.0,0.0,0.0,0.0,0.0,122.49994425011207,167.68974807600637,243.40232026525274,326.68965812299314,401.9674996810865,477.4147573753291,528.646887268083,576.2444276297554,613.0872628667671,627.4491951428342,622.2575071396404,608.7523615576082,568.0652057165988,507.3365541503506,448.72077078853977,377.0612010126772,295.2315498727607,233.1685185362548,231.06424510503848,278.0023136903827,362.0470858473527,464.3624175049875,549.0432873464247,632.5446830289201,707.6038116432131,749.9178536695845,6.346993508036555,789.1772687619404,764.698349457722,732.2543262418903,680.5242905985979,612.0688705685625,542.5298671360025,468.51048992287315,418.84550780073755,406.7921105421437,423.69613011472035,569.9010263707492,644.4907202127927,739.4694372382015,819.0850958298925,894.3038852802614,933.4196387679882,970.2594027736383,994.5792698422416,970.8465949478903,944.4450199208692,891.5392306792086,819.0511164190792,773.8267039663208,726.659717001803,684.8609038043788,717.0377785553829,18.417863299332808,12.928071180257463,10.10012142819457,3.6796644314635847,9.013572525377171,10.5069606530026,13.955153938286628,6.007239575835781,3.5982703086203225,4.259508283077266,12.075058536618107,874.0083085070687,800.7093300074769,728.2064419460708,646.4682479714423,609.9950632072592,596.0988840528142,664.4521880583384,753.4379335252437,851.8990973838045,960.8232244831165,1064.6195166473015,1162.3189968761435,1235.970916821082,1292.4373344058185,1306.4894310846473,1311.1509296020547,1247.4949507895815,1197.873991160068,1123.646394790937,1020.2283490229828,930.8936580914855,1065.0764758439802,1021.5698133594271,1045.6574482358028,1119.6986223844492,1213.5207590803434,7.698535123001772,1427.1464173190186,1524.9274955469782,1578.1150105243241,1625.281123195127,1592.0859308829035,1561.885050958873,1467.8700698286862,1358.257003920159,1239.1880278074939,1115.4208857802928,977.7121955177785,868.3381899722831,796.6337818644237,785.2271128922654,841.1507540954855,909.2945534181227,994.9958164147143,1101.7085744942528,1164.5401776112162,1228.1029981270171,1254.7776324562667,1256.4549126877569,1238.5117426415236,1197.7383937003717,1125.432199524586,1030.7582662352193,3.1115657939393446,12.76671343369248,7.364235387431074,2.23606797749979,0.0,0.0,0.0,128.0,9.047506194308937,8.463154272359308,5.133373929456523,1087.4999562665555,1054.3522205392924,1003.3619049726046,938.0330009257142,850.0531866367982,725.7979815560615,657.012231558665,593.1955832292281,541.5745016093305,535.1196547478946,586.4875897878284,647.5336065884002,705.2885661426492,757.3681025271834,787.1494505995418,839.5960801923869,855.3656351651038,836.4679911742833,814.4744095484269,742.8626276995335,716.6066882961798,647.578979042221,596.3472452140209,534.1755956595064,496.6412537211083,506.3344679326971,6.929258939469522,556.0797950635754,604.5777517493374,645.0324369797979,687.8826518223474,699.6333987543868,568.9817172101099,549.976826365198,524.6572285647512,489.33707118952987,443.11586196083437,391.4438084880229,333.5952656197483,297.2250303372471,287.7786355767755,315.9419029820184,340.44664466963235,373.056627457405,434.9607840400204,474.2910960171303,493.40180876590097,500.440197056976,513.8006035711359,510.9708762101009,473.63294460880905,420.63997098452325,374.3855736597377,11.038495347909635,12.661834173165644,5.4219075968839325,11.191109775243586,12.261413478155756,5.933935223272874,14.474508280951259,8.808716914076875,14.6550278952347,18.294345578386988,13.258453474120534,432.9746117684156,461.3816664832666,478.66067940551,449.65139329527204,432.992541347611,402.45553110971065,384.1343812668094,342.6138862650172,312.36951364082574,266.36136660482646,279.2104914669155,272.3468915981911,312.0509148731742,362.22701766758814,388.6256563492928,393.29996131152666,423.0355286976446,409.193861667972,388.1500406208145,370.0885115543422,357.8719529542335,322.39437457521876,299.2713805775696,255.49360146520004,237.4656195661009,228.44579707223747,10.930563514151977,263.5927548682969,280.12404245629625,312.6669938930031,322.9295197816151,328.559312177768,322.8420260331209,310.8441542907975,296.44676294004023,265.1259923088838,235.4525559084976,205.91631484281473,165.76745281908427,140.41060002398532,143.1157798115402,157.6251640365169,175.71236310323192,204.2641546238785,243.92702326203045,273.55428672898074,287.269808122859,298.92570080690604,301.60137675302934,303.53935480026144,290.99828178186897,259.8717989888171,215.13414092932433,0.0,0.0,0.0,0.0,0.0
2025-06-01 18:44:22.914,0,0.0,0.0,0.0,0.0,0.0,0.0,146.33868025052948,148.4786363114331,196.18015387330314,276.15278510188756,360.56517351791064,431.8365655897944,498.91012681941834,546.4054949399697,596.9873149468799,619.4454794010092,629.3776315146367,620.5498525832985,592.3296566007659,549.4736218658231,482.8058442667034,414.82878371163326,334.52199492159264,278.01223568698117,237.3671505807802,259.05724214486975,330.0582946160295,431.46979005028084,519.339713831152,608.6585824042868,677.7745026415839,722.7638211172535,5.798030116082024,781.262290523838,775.2428726919271,748.3978268552714,698.348487503952,629.2352902295994,568.6327189678397,506.4492965601624,429.6893270071701,423.2402036020982,434.43486476710876,527.5853790598234,594.6581752499537,692.3735817711963,764.6687068031825,887.508184574054,916.9749493436013,963.9486871601327,987.7934375141141,968.4806587163515,932.2206990239696,902.7764646160114,844.9858943395523,787.0093652167383,718.96744909985,687.3542019264703,690.7093154370137,17.05850364438086,11.321841480719401,8.539798387724595,10.011031358729184,5.410141245868387,11.947788896276116,9.786920305489271,16.82604042120019,4.8094835515745675,4.929662987598555,3.387761787633557,880.3981176962241,812.3560897969426,748.2579239961223,652.8427236178446,611.3685242444899,587.8842570361545,623.8801383816659,708.1332297768469,804.2880526802332,911.1762214395826,1028.0998826284308,1117.3147957398587,1195.9050771975687,1261.0190253629773,1286.5287810211482,1298.3475178200474,1253.1470342683376,1207.2932954087257,1131.8801701529228,1041.1242762305053,946.0944443360136,1086.977224141434,1036.642250705714,1035.4156595665124,1088.9307871269668,1168.3778599663133,5.50145592725942,1392.036735827479,1507.9078677307298,1560.8300455540782,1616.7776836951628,1577.4475572605675,1546.0856715198931,1476.4356771157627,1387.2862830245174,1264.2890444134546,1134.8604169761577,1015.3807552583166,892.5284754082538,815.4711835031824,800.7394560810083,844.7233460644271,904.9507129046466,987.4719800068619,1088.0414731116834,1171.4257593100363,1230.3523574600388,1260.4818591295716,1261.4073744058783,1258.185795890661,1207.458650035271,1136.2034365882957,1049.4541533746171,5.513350928797783,7.950902328160787,11.66010348755788,8.502588426142022,0.0,0.0,0.0,128.0,15.344879819189895,8.096125234086754,8.281627860143082,1085.5916406143187,1051.5704437472018,1008.3323021988056,927.7360100977634,839.3138303139993,729.7083728598768,671.2407758150663,606.8805050599914,549.2623736124857,543.4901545882819,591.8112222824561,651.3295576094861,707.6901867819691,754.9640411678693,794.9524577107466,848.0534282836722,846.4032434001984,846.4883805286959,807.5089730022755,747.304838873118,716.5841045715508,648.1174841185857,602.0749262509436,540.5309117881852,509.15465541399533,515.7095422333781,8.444117254230608,576.3096109521284,624.080554866569,659.125173825466,718.5247239381017,717.5143076253713,576.2921141451459,558.2759782803125,529.8613864349846,505.24281007126814,451.38859313651216,408.0391119056578,348.5308324953066,309.3207079792504,294.6826872969731,326.0639379417161,358.59453904260374,385.33954740107026,449.1273405420111,479.20360096949,497.6425559405267,512.553502743393,501.1286219465411,500.93448952645684,459.4769512484886,416.10730883481597,370.5212660534021,7.082509612581206,11.102263095726,7.170400798524611,12.415928210651241,11.810663701861857,6.052891915914725,13.16198279393846,13.41627785259347,11.359959719483566,17.435995068409774,5.344895529272565,445.43874952900154,456.5457241534277,474.1679458054777,449.40915677919975,430.44068075726364,383.3352715537173,365.06629213842973,308.517574251309,294.098521588597,247.30133321130654,259.1574945952095,261.340692818041,318.9206776939332,356.0714889811309,383.58672690361624,394.2057992161905,400.7814871093566,387.67718729407864,392.5840795804304,364.7367810506192,347.2487816463619,314.1811032388065,280.33213241127663,253.36586092973315,241.9251488687397,228.26466552973994,11.173860761415726,275.2224456733322,287.5577450843312,312.35830483777863,318.9398653046962,320.4140814268201,313.9682991710056,299.680877176973,283.1595379491507,243.2708526820899,223.40868573132374,189.81500585400636,152.53830618744144,142.64258580720994,143.98604246647096,165.22439836790753,189.84956026769234,228.66156825060852,249.36931066108644,277.3276827375692,295.148680966538,302.74718988685265,301.0305423125174,292.74474055875515,267.4791573790105,240.11597877418373,200.59596347174582,0.0,0.0,0.0,0.0,0.0
2025-06-01 18:44:22.919,0,0.0,0.0,0.0,0.0,0.0,0.0,167.34113746296967,136.03577118870683,170.50123846093217,243.2011019939495,318.97452615579397,403.4997421492842,483.5576228188199,531.1299990838122,576.0223848612118,608.9263652695204,639.0204669699935,627.2154907506654,609.6426590439446,565.7617993287491,515.978789268716,453.02141331372025,371.38831098929643,307.69397569022374,251.11689012776026,259.0743542209822,307.15708609347746,404.42667360237806,489.34043501365727,584.1425743664557,658.4438649533407,713.9037145145152,7.822729740395855,777.1839723423437,786.447448631285,770.045707763801,717.7394675179066,662.7799502068517,597.3429650132713,523.3840447484589,454.1585142480698,417.37683552120416,437.28343714062345,514.163352838339,588.7336555187717,671.7092089347568,759.5268529586876,874.768422241125,924.696992701239,981.8279027044451,1015.849164825393,977.7658054769134,985.51175620715,933.2932292382696,873.0846311940735,785.3156088843556,735.2085653121399,694.5674189269283,698.3687098625248,12.777816601930787,14.007578500021216,7.803339836347738,12.032382370390074,7.463840697309561,11.568956093895414,9.465468752326787,13.039517181164435,13.490380574182876,13.617883406889476,9.129902099880415,916.7433893294885,851.514215246871,762.5310307915322,685.5308308326426,627.7675812822723,587.9356410399142,623.8111087110276,691.9030145839203,789.011810816739,887.8060363379224,1007.1929700947109,1112.580053672845,1195.2861029329306,1249.5836838402563,1304.1987071221827,1298.053261963559,1277.8665867658447,1217.2960299591978,1161.8301820746633,1050.514975719818,972.8300679608358,1098.1462589091618,1038.1200095773765,1028.4414544417025,1065.370026219072,1163.3259355296289,5.358431734167707,1384.5673498501974,1481.1586316345024,1547.5751857136424,1594.3653049712511,1596.9243281019885,1554.2238203086672,1482.8722267144349,1396.4865104598794,1273.1956025530214,1139.0463089681007,1039.093755536028,910.7459474848041,832.573773014758,798.2822447464193,832.1414627114117,898.5245514930805,965.7848599041798,1086.4179587949816,1158.598549383938,1212.1731961905107,1242.6291365129566,1247.4192916539812,1233.8363200879148,1211.7074713962436,1128.9164396767121,1062.8481424759373,9.257431577189983,8.276610276286641,15.102906441857687,6.101637743575081,0.0,0.0,0.0,128.0,14.233336241075317,9.472883504270703,9.86530895255355,1090.4856355742618,1044.2482030529134,998.7025894540905,923.3306943235148,833.7680716933166,732.1668656730584,673.2592335122065,616.4384869768071,559.7475896184983,559.8316601584586,605.5102111466974,674.2337514014001,735.7316131504907,779.9169145154779,823.2342396770499,869.2911135665041,871.542687618413,864.6275101917062,822.7358858765718,758.6741098778213,721.0452337937897,659.9345569324782,606.7795306230145,549.6321231052041,530.4303077903703,522.1048716331569,6.654476691324936,599.5992480136454,640.8078156609826,677.6836717330132,726.590324610437,742.8678546664297,580.823249221034,553.9853037271109,538.9120252819996,499.05888524197917,449.6697548805399,404.84063735913384,347.08164245184184,322.46490480239464,309.1359136109233,342.8041877401932,376.82088722656096,401.0888459086072,465.93851262832203,494.3329005814855,506.61375591965873,515.3973249639101,496.3934893469459,471.0963123369705,454.0421812069859,402.38200570086974,345.121102551052,6.832155350620486,14.834676977825925,8.516345489128827,4.98512710965163,11.613563462953074,9.124805139928023,9.941931147620705,12.006340658245541,5.152431762666291,7.698906407050932,12.390981852413717,450.08635456579174,463.83561747750025,460.63527206484605,458.5586192835125,423.7403334294116,381.7382742646965,361.99386611167324,310.0368148384387,269.8538282413839,256.0699722653835,239.68191287338772,269.0798576632244,328.7588018970329,366.2717708971859,384.3715061172112,398.8595615942282,419.5367120278289,404.9893909064666,392.7109250882042,366.0433963626067,344.0376640259777,305.3558200478698,284.0935264861736,252.29946721374898,232.46495228543156,247.3052926457479,11.010342242811095,280.2693350086401,298.40098567254756,313.9603170747833,314.29397829921254,312.08685552954313,310.67389660639066,281.59916123785825,265.4838776309556,239.33348499856766,205.93294044455303,170.76206843527603,150.20205634991825,142.24735560322324,144.82974115408638,172.77832434160538,201.43475959185503,239.387066113593,256.5974131411347,277.97773364620485,296.120383461956,304.8805940643078,294.0859175161441,286.1085172447725,260.23964895515894,231.34629837273314,183.82560336969445,0.0,0.0,0.0,0.0,0.0
2025-06-01 18:44:22.921,0,0.0,0.0,0.0,0.0,0.0,0.0,168.7020297406077,146.86078545590217,173.47398898391427,244.94841375137227,324.20302947928775,408.24619408723265,473.0137172758063,539.8175376130455,592.8768023928204,624.8500244640494,656.1161304422999,646.6180644137197,627.2399204696605,586.0670863671737,532.4192528085562,462.30371875922816,394.93959654808725,313.9516805734728,260.470384093464,262.4590922713898,309.9202783188836,414.51342757204833,491.920587976373,594.9331467754811,678.404163514104,723.3376568971171,9.799821868335911,800.4639103684838,799.9976972451549,791.6694950849383,745.0726293661173,682.6300603782039,617.0458678632472,539.2346127962325,492.7597986999546,444.38057668898955,426.14221859771175,540.9756216407817,605.5011653448142,699.070478158111,794.6197823460808,857.9359138933573,954.641534596556,986.8074641219685,1023.2795174890049,1001.5930656131573,1009.6191344379068,931.3881593413067,887.9615912204704,794.8144412767906,751.2183773318043,715.0467855451769,709.5847865123219,4.314628083248095,10.935061496174066,12.910702908108348,13.280228626281522,12.772528669365789,10.396737303857712,10.355458678764043,11.243139800522666,14.277531319669304,18.157068395185018,11.929124771666453,940.8285731863897,854.9269785720941,761.8909934891323,694.7899880443979,624.4218317105382,592.2613109284587,625.8543516781044,696.7180659104713,803.5624359179862,889.8060863962479,1025.957817540868,1145.4647146995774,1219.4658551102098,1275.1963892044625,1309.0765314378089,1312.8557300568245,1303.2932975025299,1236.1617681129062,1161.7713399827685,1040.9370739854432,973.1390269470197,1095.9462920217834,1021.5703296980073,1004.980231268518,1057.923227194101,1160.7399508274493,7.140060587316709,1381.4792413578477,1477.419659366741,1552.020298154354,1600.7100228962097,1600.4536048452449,1555.3250738914721,1480.2141084908917,1391.652051371922,1282.0469444293628,1145.0877539087714,1008.0038684786404,897.5337613114572,813.2401680570036,789.9746516430309,821.965956313526,886.731923706132,968.9704763454381,1069.4057621814104,1138.822127158496,1200.9372195738697,1216.1692322312254,1234.9340448874916,1216.5147615449423,1175.5491898128557,1119.1905992710012,1042.4375573635843,7.65401004026457,7.10789639001568,15.905686375885415,5.145421548234636,0.0,0.0,0.0,128.0,13.739833976601425,7.520442220348642,15.358373429254456,1060.7073580209935,1034.7571518896725,976.2307588085158,913.7592917923756,820.2625892573672,715.3998975483149,646.2324627264858,592.7470927537955,555.4108463527962,564.5548858171253,608.3541588763763,677.0563562829108,727.6190238172869,787.7553170178289,813.1175300365718,861.1168842795065,875.7508148712558,857.2737877306461,814.0528679947738,743.9077900057706,699.8016748313137,643.832419624202,588.2712491330132,520.5387003271173,496.3023399405193,500.96927065749867,7.592721214508412,576.0741045421723,622.2713527916186,669.5698152954725,700.418830275826,715.5576349576322,568.5564301855647,531.9465383396407,526.1576946237997,488.3146589430585,437.004379167132,394.85986322810925,326.9636713857256,309.9093754421437,302.7623874975186,325.35796353116064,370.5285386527648,398.569077648624,456.35059230338635,488.8816562085343,504.01310874535363,501.23606109553504,503.39760414114085,467.2752714757441,446.98772925071194,397.39947752025256,339.565470793207,5.290630138362658,11.85372360736515,10.39606679845632,5.759346899944011,16.090353956017108,9.64434624479373,6.5398860351132075,8.475351456970504,6.822761130846663,4.387181862500611,7.405696393911967,454.4578907719605,474.89787677914813,475.3816519435095,479.5825229490174,426.19892342723995,397.0252074642586,365.85419114946546,325.2130447013283,285.16536764307256,278.99611954597657,249.2856873251582,291.32837947928596,339.5834011444228,377.73824575810994,409.5453084172064,387.48377607291627,420.24036885209154,424.55686487583137,395.89911378921846,376.90112086471044,357.2718405533328,318.82424561472357,287.82992857284523,257.11212329129967,252.37824838320364,260.5634596873821,6.138863819414013,284.87006879335394,310.0714662947125,326.4111244335575,321.21437930407615,329.3753240542046,326.1809402747704,288.09367060234763,276.10725676128624,249.17629168501617,209.2727915696653,184.57163732783434,161.19276671261235,147.61083505291435,157.73280538880618,182.86231331569036,198.15425148591848,251.24654042639773,267.5073601972833,288.4915472660057,303.44551598864166,309.18663532801645,311.3095977014019,294.66531754162315,275.858596140843,241.86696321043797,183.9414659324689,0.0,0.0,0.0,0.0,0.0
2025-06-01 18:44:22.929,0,0.0,0.0,0.0,0.0,0.0,0.0,159.49847277174118,208.21953802931486,274.8453179892896,354.49601294569015,428.25510253431725,498.6346382641035,552.7402232665582,588.5359813349144,616.9966500799352,633.1122586059598,621.3983671577748,599.0796703431818,557.8711882398579,503.7251013285517,437.3698978288225,355.72153590858187,291.61985283070703,259.5516613109721,277.4072176052296,320.73306510999635,407.9283274788582,504.7831049877238,587.8093774926772,661.9348678695134,727.3853478805362,767.0583364001533,2.7261731569939514,790.1074680118031,773.4057354344114,737.9608236125612,678.3900845570531,610.823590808413,548.424596080567,476.44221163696363,443.11927152356395,439.72903290825985,458.3618362490451,637.3368768351932,679.9151011501092,766.3926125698289,887.536639333782,934.287934800811,990.7477407134314,988.2359779283267,1026.6529931868142,982.6895552932663,958.0618207656602,902.6099253967761,837.5217142430471,777.9970279520076,725.1648078539172,718.7245184382832,735.3301959812521,7.5977404488869755,6.889129122769612,8.735150306359316,8.034581607145238,16.04080846840813,16.269304262011616,7.378828467278736,15.947823626868544,5.5350545254684995,7.894694369151898,20.41473789203642,872.8627584254593,788.8687771124221,716.1120006909675,655.951950031745,628.0846268740546,612.9476629542081,685.8424189188013,751.4246290318714,872.8317535293776,974.1255462208437,1082.619065431659,1175.496071708881,1246.1410282537215,1296.483329201183,1305.709210404944,1312.6985700487514,1262.52389876389,1191.0895875000078,1100.251196358518,1020.1629425030978,937.5645887889698,1088.987105428353,1038.9193731386442,1057.8963293459976,1125.1678413051752,1221.3812398123343,7.288152676549976,1423.6225167942732,1516.902943072765,1559.2909820732114,1607.8980153814114,1578.198364765569,1533.119157901213,1441.7943520132485,1355.4778836752769,1233.8647940482456,1116.8436255862418,983.1624998543949,879.0707087612993,825.9954469723157,800.5281253336725,846.1878278307802,917.6888007215049,1003.7755265264482,1086.711942820673,1152.9044632849238,1202.9888428225524,1233.5999084957043,1238.7528236383794,1218.9410855713793,1168.429545084789,1101.6956582831347,1025.7780092352573,12.579349365813403,11.561912942170686,11.720740669235003,3.257088618086143,0.0,0.0,0.0,128.0,18.592029396385165,4.02009091051298,21.755421454636636,1068.2283218131467,1039.2086413431095,989.992360817346,921.9649093996908,848.7429695977995,713.527260174329,655.7507839374252,595.1705121986265,552.7743363793214,568.8131477080045,614.9824780794213,677.5513427819864,719.2362359492728,788.9436475849986,826.5586527282247,867.9695772990582,860.7716524141889,855.4912181755847,817.693694447666,769.944729655866,731.5052350530317,658.3064138134405,586.8423163427349,527.1518213753318,512.675448471612,493.4761330816976,5.961361935511507,565.788936635425,607.9443812402606,650.0852340685449,699.5215355317742,706.6059265986758,589.3577520336886,540.2779318811578,547.4522651538782,500.0556308990528,447.77120234537574,400.229467902112,356.2278079795458,313.96694650298235,290.0388256928048,311.8352269357489,334.02259084395615,371.78585858945655,425.06197022667004,458.9848323996167,480.49041752454764,509.6251959992654,512.2492604296394,491.4164997505361,471.5255058310847,431.49565455611406,379.27668863790257,10.013803664391688,7.86558275025606,4.123477473308868,7.668527669691601,13.411251480304408,6.7501563140840375,3.521978955830897,6.436225666586695,8.326991743882916,9.427316233073737,7.36623330921735,457.8796215149086,472.35458842246356,486.39539038774603,490.2521168114963,470.15328470332656,424.5171684766248,409.7469404157258,371.87629729187375,329.0896592493274,290.327544890851,276.6152211889055,303.77584536586403,331.0775254513574,378.2756463491562,391.0508993982802,387.34878519753534,389.87118905718927,425.7700995611583,406.2370349416457,389.0026410002191,373.537310189685,342.2467930512337,312.92335760750905,265.82550611598316,253.82679088469789,250.25531955995814,6.219601066259434,263.9773602795496,279.4677300623542,299.5111510141159,314.0581038822202,317.23884014194607,327.6539309090897,297.19241044316186,293.7586506013908,269.27239948593143,233.67114637937664,209.55920221531187,173.10592939768205,145.72353928667815,152.4512908535296,155.1425436681987,168.00040449444887,207.23991587586156,232.4786533267874,263.6634527657932,292.09406183203066,298.3766985891641,315.4446939419757,305.5363115695153,295.68650244438385,278.5555211116409,231.22452826223187,0.0,0.0,0.0,0.0,0.0
2025-06-01 18:44:22.940,0,0.0,0.0,0.0,0.0,0.0,0.0,150.13360367116627,155.13188447345155,208.01726041873587,279.06271655678074,366.0163933248623,438.8994898181573,515.3412395613472,557.1122901754325,595.6480796187794,618.0287926011317,615.7286032760192,620.2101694585407,581.2197313262317,532.7945410417957,490.7434722359957,412.839610372134,337.2189608211092,271.7688569438714,248.2811878661784,273.53731490446705,340.792825304797,432.14169203168456,528.227341935673,615.8406128215661,686.7438363281957,738.2623594213458,5.7774830458278075,785.2450073112732,785.3624041184629,764.7916720015138,712.9737895778026,645.4855629464865,594.3807653703673,506.5989584847555,456.6818988288518,416.12176091350653,459.8987280633942,547.8084531386528,638.0533162290072,715.6351987767096,799.6613908240462,899.2510767724622,947.4866635054956,1020.6912404731079,1030.1828251473346,1005.5968416723987,965.036155336815,925.8641253423425,884.794440377047,800.0442132999792,718.2991684193202,708.3157410874513,708.7998334551647,13.171559083945642,10.69727203604171,7.614547229725174,11.683804515125065,13.277498013303237,12.795642151796553,9.609830260075602,11.942226292485499,3.717206547352531,10.194536252866282,16.05587764580156,911.2240050410408,835.0170582276384,760.0219595168525,684.026925075682,634.5955036185027,605.7164990160628,643.4225281862502,724.6031605925198,823.4727743639633,949.0431830481938,1056.1363904243974,1152.2653260504999,1230.518462339169,1281.8675384966484,1300.5237893663555,1330.4081599380477,1290.099959331563,1231.1575248164552,1154.250580499332,1060.192063264889,967.4025432014366,1095.5305114177447,1040.3366926459762,1039.069760089124,1090.149020983686,1174.957945567727,1.6896551724137794,1402.5210422617142,1488.8244275619807,1549.6006743108865,1611.5862635017702,1580.951875388916,1543.9665837115958,1455.6338087252893,1372.283373240295,1259.3403896165426,1133.2290548359588,1022.0127184459666,887.9867288667609,831.9038106494514,807.1952712353791,846.498136849184,899.1302952239365,992.3462184053574,1076.8712302791891,1160.1835145173925,1205.207848919902,1254.707607200948,1254.8604731183045,1238.8312944882707,1196.1405625754114,1122.101548870959,1048.6692678824406,8.874267635228737,7.897623076817535,9.933142925165974,13.097147369032069,0.0,0.0,0.0,128.0,13.537165194518135,1.8361600687374706,13.10871302316761,1090.2241222757652,1057.161448759477,1016.449613909323,938.9382292511759,863.6176320323182,740.2867087475362,685.1319313906945,618.2408638639131,572.5792328113686,580.8217207057326,622.1500924755015,687.6317085667174,750.7521671085095,801.5915395856788,846.8112830030287,896.6539755835829,887.2102574955045,878.9123205978599,845.2992200599331,799.6962466258855,744.763347493466,676.344933010723,613.8644133670749,562.530185193344,540.4805573025834,542.1364688911281,8.2010337262222,617.4310234649365,654.3244950917981,693.5798872406427,750.9298100150144,750.9819210159641,620.2833439757367,568.4719693121256,569.1671361383162,530.6394295503119,483.64930307227627,439.81168501099523,372.6632395862841,337.3116225835947,328.3918642125806,359.6623371960522,402.01634951391304,430.1041734445987,482.1047428381519,518.2965238988638,532.8957985623829,548.993929370141,533.5466308064134,515.2116224961359,478.0945997867743,434.67654247639337,377.9727204644546,8.469251961183001,7.775774989070978,14.01759087026384,12.883974029978985,11.981390963686717,14.459275000475632,7.676860963229906,7.332488142547021,4.389434044219011,11.233784733859189,14.180628916740828,475.0554282159608,473.70597670127034,482.8955194871122,473.88147648365026,432.0309153752808,396.3935349828377,367.5694191637818,330.11857516430183,277.5992659028926,261.3091179123728,250.6265326230351,287.9920721853385,335.7995742529308,389.7914939863655,402.71604726864115,380.54566849904813,400.6918661906887,414.4303463859166,383.2625232971043,375.99497446677003,349.1333454020625,303.52074587065204,281.80351201776006,241.42918981867012,236.35523783647227,232.86584998880926,7.0,270.5647182718439,290.74013171625114,306.6641338213937,307.4574801023264,320.5381200725241,322.74185115594696,294.0526735806608,274.11192693274177,247.18942245515132,210.3956609831722,191.79923879101324,155.55249188845528,135.37098648861422,136.09098375382237,152.5992199682582,179.33870215402143,225.3975727595407,244.6231509890103,269.3049757635657,290.9630555857692,300.4878423505507,306.2881583014901,285.53909440442715,273.3917002771939,246.15036145138683,199.84833408375795,0.0,0.0,0.0,0.0,0.0
2025-06-01 18:44:22.943,0,0.0,0.0,0.0,0.0,0.0,0.0,139.6049793786539,161.94469782365468,226.7577711700514,310.87589991552653,380.1111978746507,463.0000356340793,528.2760162826146,570.4726533451178,597.4283872832974,612.8924380136111,619.7407141814458,604.1553848898061,573.6365686339583,521.4368828141941,469.9579911983323,391.3835199324478,327.9998604759241,264.34873738152356,247.49870779406118,285.4815503609397,366.7674091882745,460.7982604170963,550.3401916644592,628.0320175334222,700.5417762868882,744.2041969604844,16.488188924896935,792.4904628651526,773.7848438810674,747.0760244800883,702.1738245987154,626.0330437085701,561.251175509452,488.70322906714426,439.6218990757288,433.3968801701168,485.22287786639595,556.1012031245191,663.9018693227357,744.2113623190302,819.3943118762162,903.3325907005303,926.2370358266943,1010.3018255363882,1025.827025389879,1022.753031302966,948.2233270299986,902.3312611928269,837.768268077187,769.2058426018733,709.0076926153968,691.9056600854368,694.4904025290006,10.146121332202238,9.71316185737022,5.7125602141663485,14.704219050123317,14.409202567005668,17.390817928432362,5.774519649049475,6.77520568483402,10.075200159486744,10.457996104769885,6.897239034404813,896.6353585080365,806.4433241657109,719.3732293444625,658.192206433525,608.7104356271766,573.4010281872762,643.2483943358059,705.8046902686986,804.2554981095801,910.1126081852294,1037.6580473174117,1132.7125270527201,1209.2195849416491,1262.9163435452106,1284.5127545952457,1309.2987292849652,1268.061452241518,1209.9846741600763,1145.7015341417255,1037.325838454816,950.7149719355051,1086.133247077473,1034.677297981589,1020.0207536687316,1068.3569555910917,1162.3584398810835,3.251092481808748,1392.9963175610712,1468.0343561125915,1548.45317249401,1606.598328722453,1586.1299213318696,1550.7461070048437,1489.9173971231842,1392.9093107848887,1279.3824425146925,1148.0099521305438,1032.9312628169444,909.8624673579311,836.773807233067,803.9106863684185,849.407853719202,909.3932690542537,1004.330721013232,1090.1616243141345,1182.3612770463599,1224.8389467593117,1257.006697724028,1268.883617865107,1251.493221914212,1215.5912601188384,1153.1878251667,1075.6057987016416,3.710690813305738,9.327681699108123,14.015233974160388,5.264005262412228,0.0,0.0,0.0,128.0,9.464015301657355,11.67108964982702,19.314911747673044,1092.4980366904538,1063.6654327123338,1019.1310164986692,941.4178903333728,874.9099650906418,740.1401116198884,695.0147019487275,618.3361966073354,581.9828388431923,566.5122512040017,619.8468724244198,679.8316863595913,728.672135076153,800.4559576476561,841.5974830615621,891.4767580302836,895.0565933507193,880.1349434220341,854.7874472517674,785.5466649230885,759.6128020975907,687.6973462615296,633.9974553712539,570.302469370572,547.7352910220189,543.0774199824558,8.686876723482454,608.0712554463759,638.2538867196796,700.1380586123361,754.0103451560261,763.5638482229393,612.7522921719035,597.2971693778455,568.0080392890218,531.6897357262133,481.9219941210067,433.6817411303248,383.63288175041913,341.4474065578083,324.5219485215574,358.05724294588185,387.72595732185596,418.28431035477644,456.54638633094817,497.49779647472513,527.6294468711517,518.2852313391608,513.5094146517542,499.6728395997604,469.3751024795842,437.9960179023628,372.9559041635793,5.482230137503072,15.642044741248608,13.008245026614691,13.360259930107246,19.132878785860253,14.845457005871681,6.547619747133165,5.898056319610523,6.409212038525647,10.1304586107264,18.07452074511684,449.18298666969275,460.3123926578879,470.84250940000135,465.0681572085305,413.62634432126964,393.9814363184353,363.743329183248,322.10802544430436,276.72004803385545,256.40742861893983,240.73381619412547,253.92500798830926,298.6467570188929,355.01764361583946,386.98379995367395,360.32350118949944,386.66112537714963,401.4804811798033,390.82155283991716,360.9816347440792,352.54615902246144,315.23521290727865,282.3954055539233,252.41052714404287,240.1977212891492,232.20504267782087,11.105399025739295,254.74012160703157,286.2652204389335,300.5684427866181,307.42830196810974,303.9300484374355,314.858932228741,292.3586648744832,270.70951562010936,250.77775553773202,211.2412730042334,197.86289208894814,158.95970913042945,131.2285860062717,136.72556503856086,151.12406781794934,188.21544550488076,224.74440753370706,250.7099729211355,262.66115155395664,293.08168617567003,302.4021648622629,305.84961712104877,296.8321264905129,284.939252892591,261.53871478041106,210.52515781112487,0.0,0.0,0.0,0.0,0.0
2025-06-01 18:44:22.953,0,0.0,0.0,0.0,0.0,0.0,0.0,144.2536724639793,181.98083579121945,237.5549828156944,326.33232788306003,396.38167062594596,466.3564289335793,526.4645447151753,576.1133107448956,618.19577036555,636.1432379726688,636.2863851898309,619.3000916405957,586.7070697822662,541.7784111037764,480.4125973678748,410.99408436040676,330.12204588085905,267.13169332952754,270.54220019246713,306.67670406093475,385.83833916076213,475.38625301761834,566.6581311424371,656.7285099436461,720.1479672223304,772.5073342624542,15.918788912334719,824.6964668197902,799.6973962979821,773.8674746193559,705.797213740887,659.9859117446047,588.8806504752962,506.66588887639836,470.47687078888833,443.74587590400205,469.9926065483497,602.2820095665639,681.5065829559296,750.5640031301276,857.0845332300853,885.1181616004005,981.3619695474702,1060.46858631459,1025.547493276854,1039.6583197713303,978.2609327403642,913.7267676497275,841.3948776443016,786.6550673550543,728.0972766327396,699.9616524043979,695.6887388637178,17.279875577126617,14.840696420003248,7.870305082305185,8.625637949724993,6.897128613423094,15.988610853576969,4.98517169490574,19.358729194464377,8.723758738715263,7.056349950634711,13.092282794526906,902.7728556995486,825.93786596344,729.2877906432243,655.0942385383888,603.4786993274396,582.0965511350073,639.3868755303112,714.7885986386221,821.2157640371389,932.3847923585588,1061.585843927758,1161.6527980856615,1243.2147304656312,1298.48735600881,1329.7955621125016,1323.303472944263,1297.837280203478,1230.8257378801125,1154.0727657658567,1039.5178620256183,940.4682931956497,1076.1492648861995,1009.8602046636514,1000.7962694326728,1051.0884553071628,1161.4725867222671,2.578771366468329,1396.1254723473482,1489.2218955639282,1567.6925845731869,1607.8028600421658,1594.2237441412633,1566.2808115175603,1494.3695518804004,1413.702666882114,1294.0664052981717,1158.270372995739,1031.195815048897,907.6933507312649,823.4464765515756,816.4958117335013,824.8233206721144,896.0378876876658,988.7744630621893,1084.08744989534,1152.4487331226812,1212.1561297496746,1256.0979742406216,1260.2809864676003,1244.6884600773094,1203.0048332337924,1141.3231939827401,1055.5644899125537,7.111745979883276,11.431076439916884,21.64226471972715,11.076601109716675,0.0,0.0,0.0,128.0,12.26344248480443,20.735057775140714,11.37724862744005,1087.015502629046,1068.1476603742697,1010.5292923211289,943.8147625606904,872.2351185421877,742.8311694464529,689.7779820846471,606.4980827965121,583.785603926192,582.2682043601101,633.0642548510639,697.4783032610358,757.2601530751518,808.5680777107274,861.9513033211656,908.4021045312272,924.474909214209,905.515996618261,873.301192279424,820.5319643442738,759.6713724514368,702.9209237312479,642.1586159471576,577.6635756501629,520.8935965730013,524.8533525670939,6.791927642313063,586.973206248684,652.1478351962284,693.9314081287985,740.977926678854,747.4884412561051,611.6952932368264,599.3536507554295,581.5724261434068,548.711435056921,489.3269295057712,450.0141962989067,392.3168727004424,354.18255370015737,330.60892587850907,340.600071484976,368.8540607287193,415.58177293204994,457.0133013273471,478.6874086629355,519.5555851296044,512.7738622209939,510.72015778384224,500.1096289051376,463.6124268660068,426.0320720642017,382.19721191780707,5.0,3.212994655226213,9.838592373328073,4.197871678188413,7.290252808972763,11.433401664542863,4.332517700443176,3.5659744063990164,22.187088311375383,17.316516893015027,6.343489764952841,455.78783944437566,469.1384640944431,469.07112657291674,478.4574428727069,446.1976085750172,402.8503430958174,373.105704013613,345.3002826386031,287.48939428595105,276.02281366469975,273.60860507968454,247.4999198460652,298.8215917885456,348.6944204490456,399.39531610510494,373.14692263292653,396.897973299301,399.33461810269966,379.811252856005,383.85170325308155,360.64841371109594,323.5042685870003,290.16175431620866,268.40761703154806,260.0346766175856,241.309059400288,12.568738578672953,260.2386091806169,292.42632452955024,298.70257609939546,306.23410579364423,307.74106629014165,308.91198546487084,287.36813381000405,270.98255082196835,251.06613758306054,219.24519352711326,189.9387079134902,166.6005366300981,150.11117176407834,144.20906356032856,151.1175277551173,182.46615801680946,233.09634442897718,249.2246426220308,267.5662743333816,301.0912644612505,309.918845646882,319.40773547603277,315.2889382862068,298.47537972334203,256.10554087698586,221.59648955506958,0.0,0.0,0.0,0.0,0.0
2025-06-01 18:44:22.956,0,0.0,0.0,0.0,0.0,0.0,0.0,150.880269103092,181.7952786233965,235.68831292260072,319.92344844353573,401.71244835575163,473.9754267146771,534.83955597617,588.8041312950162,630.6526944870819,644.8692812125421,640.7569345376328,629.7586636876733,592.810904374721,540.8030397475571,488.3938186847047,406.5734827954484,336.7083538128804,284.96347379621125,265.8076118060919,299.0942971552521,387.8086653476511,475.1165245814854,568.7953191440927,660.0121611626046,730.5229195377187,784.3647847655503,17.888243274681297,832.5223439321676,801.9656630882531,791.199377601402,712.6381243361558,675.0996754266566,582.398843446424,515.7776222922097,477.31051385163266,462.71023197455065,464.6097954227554,579.0563628809888,709.8501429080651,748.2044296821291,865.3028082785811,938.020758357789,1006.6572168601842,1046.5926772625128,1072.6283768620326,1060.4133107478706,987.1446287000604,969.3396429260305,887.808497637154,800.9901984123638,766.082735328931,704.9622106566359,729.6606871766379,17.713186627713192,7.014583532432038,9.7701806222983,2.990900809330163,5.0990195135927845,16.741622675152616,6.138611956554942,8.552515491562634,9.043956129031704,12.128835483402419,19.4108590870917,904.9470464388362,836.5017168653833,732.4991695077838,665.915009563692,602.915866531288,585.5686933512765,649.8113628187572,721.5280719781571,829.3582043342067,939.6853735245503,1063.41404550074,1174.11849189492,1253.988710155945,1319.3749648776197,1345.4250156360185,1327.6863983067396,1304.0648084791585,1232.4786357470648,1160.1289295934157,1034.1578408093458,971.8866101889076,1100.0793285945736,1008.5291411248908,1017.860625978072,1068.8654140541307,1167.0683395916617,22.750450480388334,1416.722490686447,1517.1426914021456,1601.2805102163904,1624.2132308255927,1633.2876764305433,1609.7877968649145,1519.9652691826047,1426.1645535084876,1287.9676175720354,1152.241638009159,1030.0876578036884,914.3280758785494,837.4282145166604,814.1386212108815,836.3399473769464,902.175872808936,989.7876973202292,1103.3103969968015,1173.935370112841,1229.7706403507605,1227.27012927682,1278.0081915946273,1253.5070217007326,1231.6225366022902,1140.0719613253148,1054.5413221095744,10.895072022996679,15.81734949639455,10.497885687234241,5.0367428462824595,0.0,0.0,0.0,128.0,2.8206896551721456,9.356773107071277,4.432422620145353,1104.5125861863603,1076.6691650669013,1023.4288687112736,959.5994941102736,849.9861824484907,728.2830659701401,675.3477820428365,606.3126737235059,577.6436752528944,591.6764702187569,643.1375531813197,686.6585694837097,760.9297569767231,821.0052814146413,883.548914718066,905.3860852978912,916.4000307314899,894.2274663599179,885.0455576780131,776.8374385625248,757.8700469752472,681.6128632212212,591.9181765135536,537.1506411283383,516.2171172391784,505.72047044081745,15.979040502185638,555.1085579338359,616.7366981187265,671.1161257460392,695.1077048805361,721.4317614999044,602.3924994981734,569.1576291254194,556.0262244521181,516.3073304049566,468.45333028031456,424.3610474905997,368.22132555149483,325.40956546881614,316.9108297523368,309.63435893569164,345.5381350487764,396.2613657854929,435.20205585107425,469.5959357196083,491.67301073238303,490.5758692817619,498.32942797838564,477.624380889971,442.36744527844917,411.93391500674517,375.1179007329396,11.488555922778396,1.1996432287716916,10.287622658629285,7.178284127901626,3.7022131172323647,8.266393753911256,10.278729468082508,2.879080309430929,8.436327019121968,15.631145556428145,10.866770417335156,451.38204296449345,461.05853907017337,442.9381558587661,460.2346120678719,439.90975241100404,398.96749928652076,393.3651719128004,350.00362722685514,302.6177251373432,279.06508037386317,273.0393738201155,256.8878086984467,274.4578006271665,333.83269846576434,375.55383841072404,354.22092878890976,394.6631269829664,395.9130169612504,404.3580036986386,364.8782681201138,367.2491441896918,315.1473029319524,300.1401857022906,285.39633641164943,252.49747234896526,231.9588802663073,14.064637412950441,264.54516010901136,282.35394105238555,289.9214799775934,306.73638735110006,307.5340061614556,304.933411048577,286.41087593533615,278.14397619779805,246.30730569929432,221.90183029217113,192.41006386362312,165.4104287094803,150.9050707681621,139.5890581542361,156.78070840602004,188.26627616259535,215.9857959571509,248.1595272121338,274.5070567664987,294.98966371582526,308.63054532140814,320.81754875572955,302.8097752518571,293.04668900818075,262.13693222919375,226.00589477315242,0.0,0.0,0.0,0.0,0.0
2025-06-01 18:44:22.962,0,0.0,0.0,0.0,0.0,0.0,0.0,145.96037401532755,177.36382339444003,247.52878729248076,326.3330382137409,395.04065739490716,462.52947664612464,524.9274060481022,567.4658535203804,607.3072173390249,620.678391978597,618.2731525079355,599.7754957499986,575.1710903639284,518.466379231046,451.1592721914934,374.19812090038175,319.2815718037641,256.1623141611408,240.9206707039922,284.56173255807994,376.07161376015574,467.68321756960256,565.7546912386524,637.9385347478573,712.650991238805,763.7610492636869,5.857418427062871,807.9923624331403,791.4356276737116,772.4250121088771,709.5354679146205,658.4519064362851,593.8190975674481,520.638609124933,463.58909570712547,464.3731849389181,469.92066741440016,605.9857543810897,665.2058800736913,707.9323270692383,864.2348149814571,910.618732871168,966.4380006865701,1024.24663729809,1074.885352784459,1052.430752717954,990.1788347419368,950.9460720714491,884.1289036807927,816.0732977678786,748.2502870013819,713.4329897242932,721.1388406607393,13.909593130684833,11.764078159805482,11.15364746347626,11.134691148885722,6.512142382609587,9.625490234506472,7.629234041779734,7.073626640368481,7.01418335276159,4.379531557233452,11.962805581007062,922.3466518496397,837.6008715420357,765.5128536013294,686.0502531790801,625.2915265846248,618.3758273360081,671.3296154076961,734.4645256125049,843.0226298042942,952.3371283482345,1082.1493113771699,1179.5699019776491,1261.4437808933708,1315.225233461844,1348.4360218838824,1335.4560872966238,1311.5272042658667,1230.2182093132956,1168.272634882418,1077.7517538353732,984.4722081589671,1091.7265039894037,1022.0373306361122,1043.0306803194585,1101.5240458020094,1204.582400324183,20.78216908102081,1416.0007264850271,1516.930639888334,1602.7599099036966,1618.9770878227293,1619.3353748665909,1583.7267160618455,1484.215811215905,1390.4600052594365,1284.6457737753453,1147.9246013238928,1025.0640201664448,903.0357271687386,828.7536207868567,813.6020871326501,843.105406771422,911.5961015732921,992.561376710228,1099.4344066477934,1167.5485730866214,1222.0627017281968,1242.9406666426385,1267.6015320142533,1249.1651739173064,1240.7695712396228,1123.9834744369061,1056.5764088652857,11.048949368511597,4.651278399848586,23.39350912017845,10.680325207497402,0.0,0.0,0.0,128.0,12.908055069908654,8.957776038424702,12.383576901003432,1105.0083069328325,1080.9127398867408,1040.2015212916149,982.9971055674813,898.8942474545495,746.4192554371909,695.9391476230734,621.562284729576,578.0073904744155,596.8427050081518,630.1028582760479,693.236672062092,766.5355321231532,825.4474201456221,881.5530701198185,911.4349346098833,918.0803896094284,893.4281416237214,917.220037823835,845.7274106711277,788.4149800769966,703.7600586856979,617.1752702802474,571.1461220971657,538.2447210516051,517.9781231952987,10.98096139299949,594.1290495516678,643.6345894976589,704.771472465876,730.0135318168636,769.2247991586669,633.4602713441374,606.9692250674407,590.2516241389383,542.7527300738898,519.8670018186494,443.89107812254565,402.01903553573624,352.9529581499223,323.9292966540888,331.1292440128946,344.58104856433283,400.6807567704691,447.6952855506104,471.19964820825066,502.800710768484,502.8318967471498,524.8734330630601,507.55542138801815,485.7739682812745,435.82221458463124,386.0558842325635,12.11561377713645,16.003577597567652,18.592077980871135,5.711339349391296,12.858367875551208,12.197540575222366,3.352806764844823,6.677121407048319,1.5342844477658515,8.911602684836406,1.4822363866934651,440.6601557858775,460.2597094767936,467.3853909957595,452.23493938071795,442.17935554673545,387.4960607163898,380.5843937346383,344.1080234443613,285.68528329441557,249.60631020165692,246.36130099662358,259.1856048456447,269.96586667888465,334.42909301098234,361.7585588704464,367.82380372755586,386.2068578312259,386.71920968732474,391.45610447507454,368.46983186142853,367.9958813837369,319.8630297855341,283.6654671223634,267.1261419660148,243.00227349978658,231.16020809781253,2.622631072077466,256.09838523816205,277.70883572250114,292.8983623786138,306.0931996141339,306.15799675990047,304.5374883580489,282.74890761195473,283.2130920947171,240.579082370185,217.72943832732926,176.32534416010552,149.57486750578528,138.03045099624657,126.81846176132127,143.7886186334786,173.69369106869243,194.51362281765083,239.40488592411765,259.738334612368,281.51104818013533,294.8935922994547,291.76161766732554,308.5783966669442,278.7137135056721,252.66490023933804,218.44852263465873,0.0,0.0,0.0,0.0,0.0
2025-06-01 18:44:22.966,0,0.0,0.0,0.0,0.0,0.0,0.0,159.4157240258457,222.9628869594476,307.6305045973481,393.75767611975687,456.0315071854004,516.2624361185386,562.7005011157534,616.4181004151742,618.0944901480857,633.231923848059,611.7276539238825,581.5317389668116,552.3000694910703,487.24717645909385,415.8858381220767,338.7872063355634,284.5214319140702,244.7457237469371,271.67715689859864,338.3579212911846,436.0654199010912,528.0421342085851,626.957642856199,700.0877089812518,759.547851785808,800.1615979201227,3.2506296569912854,813.4957695863561,781.7660280813271,753.4994442310013,686.1747768488076,611.2794361008238,552.2313582281882,466.5185273143221,452.6986345195517,461.3917553784924,493.5714211637702,634.325011265386,709.1700094932587,800.6670830618658,907.8758758512713,966.9096312373107,996.3433400067504,1065.5742794247315,1040.2492363207525,1004.1460467646589,966.2596464787032,925.5903411665574,845.9505525880434,776.2273817425219,708.4704265354361,699.7480501593606,732.931450755417,13.073163711977102,7.711149271824027,15.16622130682878,4.98992125629006,11.663702428127838,16.201069646736176,7.074505717324736,14.876257608791034,7.881214154712607,13.196542335194978,11.268002322194626,893.3650798982734,801.6031404071088,721.792327826847,648.1089660003873,619.4620103997469,588.2518428162937,675.2950936438942,764.0120169261698,866.6752396830117,982.7078940079961,1100.8695345181948,1198.5907779322088,1286.5842372410625,1331.2628766435223,1373.028964510275,1374.6559241602172,1311.2893859374985,1248.1309418350388,1162.777856696331,1038.6978516130957,962.0036177485065,1081.0352047820104,1022.6712402801484,1019.6628245755234,1096.2101169376983,1219.5701960789775,17.06070476465485,1451.5931990915562,1565.9395853649448,1614.5953399831503,1654.4262958163963,1644.45050459164,1602.9840691605782,1535.999132550465,1427.4011880343912,1299.1249572019954,1163.743607362377,1038.418254561381,903.7732374530876,833.1001519040678,807.9117949134674,861.6592003323053,904.7052437845127,996.9404487975685,1105.454856197816,1188.6716254932746,1260.9992640142325,1248.1406162769674,1280.7463958229775,1278.3117179945402,1227.310062247089,1147.680761963868,1073.157159745077,3.041946784166327,4.8160919540230225,15.965066443030986,4.9248717770107735,0.0,0.0,0.0,128.0,2.246916761246762,7.395786864156902,15.807794343431237,1103.8661944666546,1092.859863011019,1037.7446522964378,953.9306131212545,872.6151529764271,766.6448739055767,698.0881082867439,626.712165795214,590.3841473104412,576.3624785301913,611.9045707399395,688.0142496925666,751.4771488812878,804.6152969603507,867.5310222700614,932.7220166541829,937.8292607235873,935.2253920478743,888.9673114287643,831.9023068306493,804.4670460041301,723.3601907066251,667.220221097183,572.9021349512449,518.203555101979,512.5455366071884,12.728724195045649,587.1604704302865,637.4298965043796,692.3146569852255,760.4975250363597,771.3118067126265,637.2331498686614,620.8174885419259,618.0905273148406,592.0613780559645,557.5022355791749,503.04492291380103,425.3069029318414,379.53518111904134,340.68479202861465,332.0955086183919,338.7762425927165,374.0273681243356,430.32579961241476,459.937618473021,500.8299290643833,502.4246874287839,516.0370694583502,513.735785733147,481.59735783349055,457.1917856714669,422.5651695300821,13.9489824241964,5.401694200486601,9.986030613638073,3.7691938990658453,6.190403502913338,14.019295426134171,6.296973040085691,7.211102550927978,10.445271101475107,11.675678548402134,7.758348228506868,416.9613153234584,441.52458791453796,442.19626641137796,454.39801976573915,433.94181930015424,416.1898397923345,402.45867082356125,348.95811283323536,307.04150115803634,288.82833377429364,243.4662216977811,258.5060917196111,258.55090559650233,312.2386630417497,331.49132834669547,335.48826205314214,357.47788853348084,381.894152213659,381.51262240660304,369.0545169202022,359.78235039961504,326.4583391245524,303.99418273718055,264.93424946369413,243.1666181496369,225.3293662564288,8.706434545516304,239.67427313636853,251.66672554032058,275.71861833992523,282.0160806575538,291.53754944816967,289.0382142581441,289.22044258779516,280.94746491836804,262.3391284816557,236.68132676024376,217.4953394596906,182.52454209953734,151.06300678416642,136.9837140775081,132.42342358808443,160.28867338041968,184.4068122289376,205.36580608288477,240.3493839908915,268.1921940643102,290.6163353204548,308.62413468347575,298.2362612456126,306.8248746745017,278.8921324581039,241.445532397183,0.0,0.0,0.0,0.0,0.0
2025-06-01 18:44:22.971,0,0.0,0.0,0.0,0.0,0.0,0.0,178.86411089380346,246.9647047030527,330.76990463249393,406.75665083361395,470.7882436109249,524.0283035191176,575.9707481440682,605.9285250742328,621.9948275213956,634.4078265557438,603.0854023414835,569.4535462457821,521.4589980813863,461.256318368783,398.78934553837746,336.3799119641108,275.85855253043115,265.3285555098215,289.1539101711299,364.4707232941201,466.43041942375163,551.7960766939348,641.8402262084597,692.1631080631837,767.5719955043786,793.1013056038655,6.8284532507256,798.5129713108087,790.1367600022522,726.4782606963179,671.8717919182714,600.907230651991,543.748033369752,474.07037904121574,459.80496387498124,457.5178313043453,503.6901917463783,609.4829256519031,738.9076744146384,806.2851361981371,896.3363670509467,1006.2573404850879,1036.5814484300627,1041.7128133180186,1046.456412593326,1023.6428231724291,938.8839322932433,885.6866043269813,834.9016221005154,785.9921318900704,723.9898195770759,719.9994855563091,725.595251282939,7.101112952507413,22.996977097689054,3.7793596046549105,3.6450947561874303,13.37367307549924,9.70064214433202,13.49835038411742,12.265718243436183,8.45516046135479,16.150576791044987,16.42481933812083,861.1974798906512,781.9007664113601,708.5534091162659,624.014753056785,592.1061040812201,587.6141927890998,637.1553268549332,733.8936044114267,842.5721693271898,974.7802260346169,1071.385454213559,1169.0057313091397,1256.5026687950324,1308.3485488617882,1310.145047099225,1352.0828803380416,1286.0549892393503,1237.91379242415,1139.2320537002015,1061.8908654930276,948.4181764312302,1088.1400072415463,1038.3764324507545,1024.643624265914,1082.2893548189754,1175.6751535923074,12.334650718923612,1435.9593169906977,1537.6207340821632,1593.3399427801298,1679.8284373009276,1624.5061160949247,1623.198141127729,1557.0385063542506,1451.710623006141,1337.0643187820212,1200.419340911,1071.1986852307057,938.2145987170541,851.8293544780881,811.8562144635226,869.8748914951103,899.0308092050418,1015.2435406488316,1086.0669590397458,1181.5158514283178,1247.2930738416942,1275.0557992044169,1280.4591535756085,1305.5554703011571,1235.3677457075717,1178.4661444567867,1090.9443328223992,4.333345528809906,8.95764169787465,3.8970328398822343,3.0771294219591456,0.0,0.0,0.0,128.0,15.214808560764459,6.73941832950529,14.843426979783983,1113.258518728223,1075.8647971751373,1039.2909613765448,954.251028813466,881.9403486831275,776.1105607592684,700.0898584087881,622.7007949120799,574.7240169119199,588.3370597205786,620.8830286101884,684.6632925846181,736.5812573165933,807.213158449831,855.5557409720992,926.2761229137185,931.5462721066264,945.7589987445399,867.1653500411501,862.4651217892006,798.2897952583899,737.242903887636,672.7522492028864,575.3981002702665,518.4521786931159,508.412953324482,13.32045732911159,579.9496154857135,636.8430727347804,663.7960294583477,747.527402203744,753.3374413248783,620.2245137903075,608.9075324616393,605.2900123034377,589.327839083297,550.8762563711906,488.0145580610545,418.07924990711155,352.7475600728927,332.8447346233027,332.0255972401272,344.1271711724592,369.7824554259236,415.29811937774923,450.92368318216,490.00604769653734,493.1379135550456,508.1410588511107,513.7124495977223,468.06464325572983,456.4951800334268,403.2662535280529,8.020857675938508,5.724947643651837,12.569998569529151,9.461342224299539,9.182675291199313,12.171972988478172,9.842461516309852,3.1004552546471915,8.442072540875397,10.032452845436698,4.397506198564612,416.6441751203729,440.20282661549976,452.0794033463915,472.2748903425051,453.12862812946514,426.90496187364795,394.03451539573024,348.8556326560898,325.9252711967772,286.68363073415406,265.34633472574245,252.72999718753005,271.4808557226323,316.21711593602066,352.744743194153,359.77414808204384,348.4923432891472,384.9061538881526,379.41456449472355,371.4834278069109,370.45324669095714,336.89893078730023,301.9783527605923,282.25570089039934,264.25861338395913,219.5627721594564,5.63975110755067,236.9833296312446,258.3253496003698,273.9142201493015,273.2216602696038,296.90287612682636,293.6088293557002,289.4969742060506,291.7986977160839,257.57469175826924,247.8983879585094,218.78579907788696,179.7717211232146,152.53338799132197,129.6023472025992,125.4015010132913,150.95844346176673,195.56960785961118,212.22280030985291,236.6718824400704,267.870490403979,291.3360545802599,307.5876087315779,313.022284736779,320.5988184254623,293.6400548625732,252.08020379828315,0.0,0.0,0.0,0.0,0.0
2025-06-01 18:44:22.974,0,0.0,0.0,0.0,0.0,0.0,0.0,169.8390050233,184.83517315888386,245.31917563985198,323.05494880125127,397.6972543347538,468.57045440582215,538.671240207856,590.134453622634,627.4065199361763,639.8221005174853,651.1209072145526,617.5335463688264,606.8352061068139,553.6825235612571,499.572866567921,415.66291007551774,346.57351259101563,292.9184220849134,278.390610683245,317.89748913921545,403.7841866131703,486.7998227139956,571.0768540493339,658.091174137778,730.8575618214945,781.0678399773611,12.04127554848283,841.0652781394894,820.0080515710653,793.5923158873665,731.8463614493603,683.1219539905114,630.5735413696441,515.0477860536732,477.4780615200189,492.20460178541725,487.0676201378642,570.6010723519848,693.229099740605,783.3006317647742,894.1872888342833,957.6495371629336,1034.9544659254523,1028.0595104916786,1072.4561742566486,1031.1869552919381,1022.4869294870966,984.9994664492245,915.8137353121948,828.5050047618711,774.6787631068673,728.730099943501,730.4359826265659,3.705406763276586,11.59426648386618,15.214322361180383,8.879988186235344,10.721016376598403,7.071433614717447,4.319534335357535,3.87705611741009,14.790330894803155,14.38093369191892,17.852321178893472,944.7627255119496,865.8479406438158,771.1690933251618,696.4894090780522,632.6785497900055,600.3312955392939,646.871593899034,739.8601669750144,835.7246960322337,960.3946533535477,1097.4852135649824,1181.2675114842054,1283.1881988666844,1348.684822987314,1383.8014252709459,1400.3071464809143,1353.621923628225,1302.9872851032028,1207.5540958744778,1064.9304776059498,996.2683671237488,1124.3553981574398,1038.3110391523599,1017.685202990607,1075.2303670986141,1189.0207557955143,15.993111145219519,1432.3275806849056,1550.2266161208095,1639.113530334192,1675.7264599687626,1680.8345744427556,1661.65420389722,1602.3291419026577,1482.0386155699907,1355.6669640494313,1216.6650358452057,1077.914780770525,936.4630178206321,850.1828672055292,826.6720357497409,844.5848713531922,897.5247414116467,1009.5689356954457,1107.8773881271807,1184.2938304178767,1263.060236485658,1241.4835608902767,1309.7359750937856,1289.2149086984812,1257.724442527931,1188.6171530191607,1093.2656597835487,9.066754298598447,5.135801430809377,3.5912849981901127,3.9678160919540346,0.0,0.0,0.0,128.0,5.731796105064877,11.869945224658792,5.314270167455675,1125.961151072882,1104.0236283427523,1066.5948964791755,1019.068319612098,911.9278344754216,770.7596387966596,698.8727004602891,625.5923389513989,583.0287539784005,599.52563385887,650.0800978294443,702.4529925298876,791.060737913032,854.6671770204186,914.5485494890522,950.963371908679,953.2182445429569,953.0246513238342,946.0713193542523,849.104699428111,827.8890970156323,741.7791122771382,646.8457817532213,585.6682728809327,551.518087113418,511.16612650922826,21.85290933658397,607.6224789793688,667.1403269925609,727.6028657394882,768.5352213616778,794.376359505119,664.2239963945806,611.5420123136494,628.7584966093413,564.1205844295588,524.2567370455326,451.18911172517375,402.9866407065176,349.3415581719598,335.7459098468636,317.03642077673743,354.35596534152376,399.29653456703653,440.34691391881233,452.01719125858233,499.1807767844681,492.07741631431975,509.08663845421586,500.79892013465275,471.80684586633,444.3815665238067,388.1283040758538,7.019817985016303,9.110486305857833,10.138586471586208,11.137487590487837,5.5154715394308,5.226626032420819,10.193270549749005,5.565824410994836,11.085908161274405,2.254236618649479,8.401721966752529,432.4017603238945,467.3392267826394,434.8031850303237,456.2151851123507,430.5000836764921,399.4107672143097,382.5136228766742,336.41374299892976,283.587678239183,260.64006660872104,249.6172516975192,266.36724690678045,301.3696780075606,340.33493313778393,356.47512340086365,363.3124910929645,390.647073401681,388.8368780500268,378.87767138762104,361.19117858750593,347.6956250671346,324.4421136240362,282.30581180680974,260.9651005574358,237.19391412245093,233.47059132079784,15.229000723332728,258.8935888521038,262.7146728011504,274.8242448623945,296.03861705885356,292.51849189397007,286.2325829060989,268.6801055469341,268.8221464945047,231.88218015973786,213.33245820065554,186.84028283873758,149.46938801830487,136.36828653200948,127.91983853719286,162.53519237013893,180.94361928340086,201.54517466929457,239.0167874378994,272.03223575903,290.974893139519,301.3333956455926,295.8491573812351,300.6675389332161,293.1636288165497,265.7864266866872,222.68234219445404,0.0,0.0,0.0,0.0,0.0
2025-06-01 18:44:22.977,0,0.0,0.0,0.0,0.0,0.0,0.0,183.16785053459992,232.00925774523378,315.51500936137404,405.5742893225323,466.5112750666141,535.8742430223285,583.110783165306,627.9007042248709,647.4139533656139,654.8063298134007,650.8882729416003,616.9629120912759,560.991094031079,515.06607919706,439.8872877191549,353.76571577905383,293.14731828457036,294.2929096264327,284.9856625280932,367.36703599101435,453.27931316965805,554.794116124987,648.8038832541343,722.9110379409915,784.1097670063176,821.2961182233553,3.183069103744568,840.7614377523299,810.7005655911516,779.6968295301534,716.0410739176801,637.0207098292642,571.5427241393479,497.06061481420744,454.7415068442115,478.5995889613819,528.237998720262,653.5132380906955,717.448757751983,843.3934371017308,918.8163903186581,998.8805844892944,1031.1292530199303,1107.8738560061986,1043.0868723133613,1038.4311622299188,1002.3234144942684,941.9360967707387,867.4492157237551,790.3776942953453,742.2893030521036,735.2704674698966,750.532553336947,9.2066387258403,5.014207677902417,4.497764376601667,10.995529621007174,10.63014581273465,3.6133546058652874,14.974712643677947,9.042856784430013,10.780052994466173,8.07663835362046,14.150748056366123,893.2992445621358,798.502466892091,704.9304767092418,658.5791479955406,617.4595597088329,589.8428951313733,666.852941748921,753.989288480355,876.9405585187977,1014.0237944276925,1111.7184345285,1227.9476928690403,1302.3179132890243,1360.9939569478588,1384.0300146202487,1365.5041023178949,1323.9535685975206,1250.049022320511,1176.1750129730137,1010.0181963706738,953.7640734849927,1077.6223630108746,997.2874995984531,1015.8432264941506,1085.7312871064853,1214.062572386069,4.498923034405777,1467.80397149561,1566.8737513628253,1634.8595932428054,1681.8819410754556,1682.9982577231087,1631.2213466301364,1532.0742106422217,1444.5998227208017,1317.9788186287017,1154.4429243270745,1015.2747284394914,894.6674014598107,818.783313431729,813.7985548142152,835.688320034582,916.9600348073999,1020.351520999167,1110.9986317141115,1189.5699631385648,1277.2645415872234,1254.2191187383708,1298.865242401146,1284.7691578067029,1228.8635099026585,1150.8183664871065,1057.8081305939033,27.742209028274864,13.134204032361225,18.077424945238203,15.625688541710948,0.0,0.0,0.0,128.0,7.206904992896233,4.141309048498676,15.240741344260964,1112.1572748492758,1096.432072963981,1045.0536301126433,982.4604096002904,887.4576244960512,740.0702637424731,672.4542540429754,609.0981798267877,566.1227087842639,577.5805704579419,614.1371162800211,697.3115812561506,761.0582599826079,837.4595254279418,884.0307727602125,942.3222219080466,946.4685211846364,929.146496955472,924.0158324578085,817.9977420386354,798.0566325891206,723.8351098201915,619.4680669198672,554.3040388047874,516.4600996708995,496.6662988134182,13.473583402416649,560.6253802659015,619.6679949054394,685.5637769035405,723.1898447543958,760.210891731503,641.7817447383999,600.1099350330771,611.6229138134355,556.2760118128951,532.8318893365764,451.6874012626495,391.45489198991305,344.33829397296137,305.8615411883735,307.6047173203788,310.5288626480964,378.90674278599255,406.15588275849876,461.2693859512351,485.4651551182133,495.13431485301174,515.0833667748499,527.2491697330878,501.3114649540802,448.9262477384919,411.05802923903985,4.248979444160444,9.055762515882604,3.1781112186994394,11.045671313440852,2.2433072805564827,8.594044059532113,8.06716759031902,2.2439318539871955,15.024439007129445,3.1596057575013035,2.015043686770972,442.39426702073615,468.2573685674592,471.7820321957283,486.4728962942682,470.3974674848999,431.15550659077894,431.5619620141972,376.10435411304763,344.2114549991831,300.41429527995155,269.6948920978196,284.3414442440153,269.6397925787687,329.5914353914211,365.4845340604248,365.99122565913166,390.35889201749393,418.1670869632811,394.18924085373277,381.97878700362475,374.29102865041114,342.0840537874176,319.4204304390489,278.78691423353723,252.96346081717667,242.9771297240273,3.0288651705430123,256.4230552766093,274.7542798928965,282.8031835526198,320.6225435835398,315.31988691338074,317.7317964767698,302.4037602465643,311.9564821310467,292.6276345135492,261.4395127870637,233.10545981795465,189.95966967988636,155.66236526022516,138.81644358430634,144.29468821304351,158.67269505985684,172.8005286473389,224.96326043343353,252.05074363064352,284.87543456845754,299.84747729570955,313.5090593872202,321.17593883387394,306.9205394250066,294.7530420927693,273.0044394538406,0.0,0.0,0.0,0.0,0.0
2025-06-01 18:44:22.980,0,0.0,0.0,0.0,0.0,0.0,0.0,191.35264555038725,248.29664362805204,319.6617456511292,413.51066027503055,473.61325616361137,537.1421898263604,586.6356602640968,607.0969309102438,632.4650111508719,632.8319027471072,622.3241005035325,591.027447109193,542.7553764932699,482.29971549648826,397.6005730113363,341.67974528655776,276.8768727610027,261.886493677846,290.728766829021,372.23786277049584,454.56153144263146,554.6259894615481,639.224051382397,705.9522006286153,761.8362513403216,799.359035518831,10.834482758620652,810.0354100204208,816.886458829851,752.3271680226228,707.7605916863018,633.410998581048,556.139929056963,493.90652693911113,458.81977447514174,471.8082533796076,497.43302703502246,652.251675354151,738.7419425569087,791.1539386862929,901.4530721106684,998.0004808101746,1033.910381471187,1052.9061147148363,1063.202900290148,998.0223776438188,984.1910601944802,907.4806103541197,840.8407946153293,825.1236801612359,759.7893300368869,750.2297667307894,752.6961273538784,14.013713481848832,15.526321593576608,8.710673924121245,11.453936943785092,3.5677724258649683,7.5304733558143395,7.130336133118659,6.448893437732602,5.958106504888509,9.334587222064545,13.657897721278776,905.4045565649418,811.9157254022612,726.9664234428183,667.1160672104352,629.9857238778652,629.000788365782,690.1899172681451,794.0118430007702,894.2047530162794,1037.06625617899,1132.9245552745456,1220.3060013328807,1318.6335499739746,1368.2811851060894,1366.9307434398854,1401.3211095726092,1337.7435505768922,1258.5170862089674,1177.6683624043087,1065.4595982992012,977.8720910618914,1105.5851539147468,1041.5767417838313,1066.5233750292743,1143.871202914033,1261.4167404397672,7.714361447271297,1492.2402739866288,1612.0465232134106,1653.6141416419011,1700.4212465377523,1684.7747166608242,1644.5570928829482,1513.3100288898543,1422.2069398455146,1279.594633093133,1142.513488021264,1023.9842505821352,903.0444352245567,837.8231013571937,819.3663985358069,870.1327206179823,937.6286872560974,1045.167442686178,1142.6346550300266,1208.9623086290744,1268.0826090250735,1323.9947133413002,1288.558720383051,1280.956815387597,1222.1295167796402,1149.4649010139738,1026.6943402707968,2.2616185894354808,3.3871447177909513,18.199317758542342,4.384577760324418,0.0,0.0,0.0,128.0,9.555582804927166,14.491883949458497,25.821017075018972,1146.5993167802903,1092.4848943419631,1061.815991013983,990.8288200471721,883.1460553584351,744.7706142681847,673.6168905870995,616.0184433645162,564.3397716152563,587.8731417946174,636.2439108703377,693.4793024056862,777.2705599240451,857.9027364163954,898.0969438486925,945.2589983003759,947.3030398643546,960.3432756196461,939.3385122698222,858.6647174460495,804.2211053620972,711.9113688121962,646.1063366830538,579.2448827139641,509.9183182271606,491.41145641141514,20.845273357151367,573.1799149031865,642.246192594421,706.518267996248,771.2744239764593,802.5007347825443,672.4371711129784,636.3588197276729,636.5337613223317,585.417629040659,558.5256954296502,472.1112889732858,431.87688106363777,371.2095164914848,321.8445588537098,305.57734568742734,326.3613005620792,382.6359997922048,407.33791787775135,444.9087120412401,488.3656299869856,507.09828694146535,534.361472230322,551.7151682230169,520.9721484400955,483.966660126968,429.3274251337276,6.963239118025531,6.559811733602863,6.443330230471901,9.08504954409918,12.929184420431692,7.830491167476614,17.15027715060671,21.268141837121473,15.555461613970415,4.096600026570778,8.57320545788385,423.0955974069067,445.58139482578326,481.0916594366017,472.7025097737507,463.9469391023834,436.9056653530906,420.25267827212883,397.2969288900008,336.84521842308845,273.6019497325234,262.70135840726476,290.50242827749105,291.05466037619397,304.06577447779523,358.3029190416472,366.31963164772685,381.74273464041477,419.3356101176577,392.9421059771473,385.5470336318851,371.3445618396252,336.00132452373,307.4067016432307,275.33638682964704,251.34907218737723,240.67778554312966,4.13793103448279,234.15027657817836,241.68627824818498,274.7470558134458,303.0702409182893,312.5501444002773,303.8009294993521,293.0102253841213,291.97961513815204,266.0908550796255,247.81426974205965,221.35300666408924,172.12612801685503,140.48505223160018,127.7324273532927,125.15291657513292,143.94463331232677,166.84778356694716,202.94502114761377,225.7084128422941,263.6226126061762,283.95876798939537,289.52942687531777,299.67990302460265,302.2207421796791,283.7049215284466,255.0965612592309,0.0,0.0,0.0,0.0,0.0
2025-06-01 18:44:22.983,0,0.0,0.0,0.0,0.0,0.0,0.0,189.74280250063657,252.66868770594672,332.1900117150994,413.3814292616994,489.6504741569025,548.0741580476273,599.1723253812969,634.6516880554624,653.3257167134175,662.3029169154128,650.6805406952941,610.6154857493487,560.8589829255043,494.6184069602925,421.87327558833783,364.03191693038224,291.82003430483945,275.7134932014785,317.28592950320314,394.94520600190697,485.0803937356283,578.6523733900519,656.5404018659764,740.1298716850022,799.8646953725387,828.6399159521027,5.287356321838956,843.4448745850343,814.3682160290614,768.5166403008175,695.3814741596111,636.503176669829,564.5317091518116,505.7938627224746,481.8158451033142,476.95280231975977,536.7251706801554,655.5774841305254,762.7023392561854,822.1680527983114,922.0500578225922,1015.8150015516936,1010.0516302853355,1055.406929662559,1046.863594018924,1046.926185173087,981.011584743475,907.4563697722035,856.3949991722201,774.6945012032651,748.9181589629449,714.484051475373,745.2534046737568,9.178572787695646,11.978949617774123,11.991591303039987,4.235729585656724,2.513941531198847,18.50692352468789,9.300613500709048,8.11615098115493,10.818989259313597,6.117486488612227,4.254141178020776,864.4331036748295,776.4764411434968,707.1806249381616,646.4134423026096,588.0578169126209,593.9693004587716,668.7571737634547,768.3656867692872,867.3948592722711,982.0320905932194,1129.1742701894486,1231.3934952419504,1296.0781609245414,1358.361459234528,1358.6968907029825,1367.7526827572103,1345.8191714531713,1274.2887757724106,1184.0125474401586,1053.339753561145,982.2075166609673,1103.9943902005257,1057.3752910912638,1079.7853028189174,1133.333333789232,1238.0392303409567,21.955660308314222,1481.6083839925225,1594.741388799717,1674.7014942691233,1716.9267885592747,1686.6554611977065,1661.4330711498117,1584.7481346970242,1486.1245816232065,1345.9272948441742,1215.198644387645,1080.6214805293023,969.0757158305622,883.2179782676748,870.0514433406507,887.8146521776321,981.316668224859,1049.0622885751864,1155.5134013942807,1223.782754397625,1291.0811211239263,1317.7182927792187,1315.8330291984025,1301.3855596341632,1258.2552116101576,1171.5950099845688,1084.0167212013048,3.793303979913082,11.590191659766958,11.24869874172003,13.063606725884172,0.0,0.0,0.0,128.0,20.906987082931355,11.752098234901737,6.011236978913843,1119.9754447958508,1087.5432129219857,1053.2252387179158,983.0355913220249,888.9010644001858,770.8740576217741,678.8961025323704,617.6626776859074,578.9426549282309,600.2156803553847,645.9744421447022,700.6562570844214,769.8923044358651,861.7774267750608,898.0197352680012,941.5954466263648,962.1581116769897,957.7460498020256,928.9253657643148,872.4898726327827,822.3398868868761,742.8309062987448,649.1205699314185,597.5046444052758,544.2739032704037,519.932190052028,11.55676450388858,581.156808040257,652.8700831868307,723.3387583873747,782.5036166447883,807.2818132774711,663.178949614676,650.5518963600646,641.2740224195811,596.3462652087082,560.1228586160016,504.2424561253528,427.33121029831204,363.2914348180837,323.68923636340344,325.1810658588426,335.57371544175317,391.8365967582981,427.6046989658142,461.4788319691268,498.96533369768616,515.4398139120342,516.1573878531535,518.4202912357282,487.18697188438705,460.696006827738,399.7189970060329,4.003784335719538,11.625578137504142,10.842081171961093,11.57035813948984,16.5275879644696,8.800095484092274,5.970138570259156,11.35967507979086,15.242908668471332,3.4294024886589694,19.948285607433295,432.0469708415774,435.789643395173,462.1268955834052,470.7198253347753,465.6482751458202,430.07893244600996,380.2188124024435,337.2385128534498,322.9859533220668,269.54449547253586,263.354946223367,241.65299126515532,261.50323456935405,289.13165664889567,346.63121467057124,346.3646015042647,362.13300816395963,384.87963816532863,390.7692217023386,379.78878347175635,369.64652635002363,339.2572038986254,302.1304720382798,269.0825718797244,255.1147305439064,224.58991884204667,8.970418469783839,239.11194448827447,244.1043336885734,267.6920141092136,295.15508195766114,307.7509465579325,307.3799581555601,301.7983673288938,283.91189626976103,262.9170519170447,246.4785520879309,219.68778773276145,182.0960095432048,155.81597485238134,137.34024233171138,137.6771480097106,143.7481930337802,171.83277203149413,204.77582067953898,238.26840586911177,261.96820412393635,282.1889411016233,296.3768909211939,309.40248688001924,309.27342135089634,285.8615128433482,263.34002406857576,0.0,0.0,0.0,0.0,0.0
2025-06-01 18:44:22.986,0,0.0,0.0,0.0,0.0,0.0,0.0,175.3158281941987,194.3423983425825,259.57508004152373,332.49211209854604,422.91254585358496,484.64847516611275,544.6998868817979,597.5545494974242,635.5094372338641,663.101506624289,667.9003249854688,647.7032326453309,617.3817546027033,567.3638908824353,506.20924639398663,427.27166931401797,350.1689449707374,288.8118388280414,293.6133288219623,332.08505709566776,416.1631372473687,509.43071149009063,588.6419757238201,683.9532741724508,761.5927575500472,811.3004421685994,9.657804542876622,852.2516964379398,845.0433061882358,798.5111070619417,759.5171454855891,687.5643324561051,628.764175374372,540.7922573835427,513.0945600619837,500.25878886023395,510.00046171848106,618.9919407057852,724.6355296620164,821.6525729451969,864.3536734758001,1003.1282062293442,1016.4023485421458,1130.3623286241955,1037.546342889445,1036.1198118947666,1009.7117492648217,971.5413371272579,896.7424077037841,838.1101162976184,773.3480546915293,744.6537891955054,738.9692845084603,5.227285077497343,9.29468327018496,3.1622776601683795,6.786799720069362,7.173724020362153,13.149279371224551,10.331470769174524,9.569927904500881,16.073129571089908,10.067085407408277,6.120015800798249,927.8566185408705,842.229693460281,765.3415875366668,674.3450563646089,648.631868930033,600.3472908408044,644.0173644875839,726.3168686235999,846.4641470423355,962.8039859663697,1071.5999128952337,1198.336175045521,1267.0023038706643,1345.207566756045,1365.1064435901267,1393.9779179043207,1351.9368361572524,1300.9204656556547,1205.4073406538964,1103.4712253852651,1002.2690263338923,1152.3116820200055,1074.8653196603648,1050.160292106882,1095.6310388472484,1199.4105148750662,4.667470628896115,1432.476064480737,1567.0237976389078,1624.909759677767,1696.2601829442835,1665.1715864785513,1660.4792048501604,1599.4739481865467,1489.1804923683808,1373.128598795329,1230.6569093294377,1096.5339671065597,972.4157544847687,879.5243273667601,831.4639388009422,866.8715153731148,927.976236576455,1013.3422969598662,1102.4429821468464,1189.7062253205538,1253.6277685091316,1280.8188008336883,1300.4196896636652,1300.1895437634432,1228.138354844954,1176.377360847983,1098.4920948953531,13.49273469438198,15.161368721070275,5.713417375726612,4.8680345156874285,0.0,0.0,0.0,128.0,12.826528798430074,7.8039216476880195,15.409252594998566,1108.4537608623325,1071.2706110577965,1033.74934239608,968.0753716714756,890.4250401955053,755.4277646329725,695.3979074329195,632.8441847830354,597.7606252638873,584.9504037451532,641.5587732746347,698.4510305348423,776.5314652997836,842.9723258209302,892.1381562732332,931.0582030965252,942.4191632083109,952.9845590732992,911.5142819992824,865.1125176107191,810.0336173048723,748.0147790648795,677.8646242095921,591.9817461811243,562.2413530652897,547.8976309243509,3.9265472003491144,608.6959927243248,686.4520605982768,739.4992672235883,774.9148638257199,787.8534360513024,653.8012212561497,639.051484876897,636.1108665485095,583.8299211941677,544.5365678540774,491.64586228129457,426.9645368122931,380.0683745424311,346.667235424747,337.87673940809407,377.31671614021025,412.8198925501289,466.6395361372359,491.08235794161067,525.5100858586738,518.9644387982564,535.5597261672035,509.74031802015764,492.6591902516555,463.17969178864763,402.659107464683,17.05454421572132,5.357029567411986,13.34331382346461,3.2767020629352444,4.612834368473945,12.30979940578511,4.707829376489905,6.193196143128367,10.319237849440327,7.573406581267739,16.76737145815785,476.60266553547564,475.21401835191404,504.23900792635646,486.4440366203439,468.3117769031395,425.6150933263196,390.9000060101574,332.2091177144123,296.15117896490887,299.33163445981756,282.85783130369686,250.74220349527047,349.60014108517385,362.1554349005634,408.64912553556593,389.8872984613824,410.6923844829526,405.7768727764475,412.2205284644934,379.5125382231889,364.40282552209106,326.15430260531616,284.4438912052944,274.9532678734067,258.4079767544202,235.97618769602298,8.766517936046114,266.62877961086383,292.3412631351713,300.65429110163603,312.432219388709,320.0540983778614,321.9437289788965,298.15092091138365,292.1254347604222,245.40692611126346,233.09562683757213,183.03271633189334,164.54141424695234,136.74793181197919,137.1815286471705,155.32650553442775,176.08110547322656,211.6113131505287,241.11809771924257,267.6450836449037,280.3946270840273,302.26139041897335,302.9626606999375,310.5469629689232,296.29152119548667,253.72828092032833,226.47271144577027,0.0,0.0,0.0,0.0,0.0
2025-06-01 18:44:22.989,0,0.0,0.0,0.0,0.0,0.0,0.0,216.15632112823727,197.05453051160472,221.50452539211986,281.1356623786833,366.2212540259542,449.2249610996455,521.2016522024282,579.569259654397,634.312371533696,662.4855261287943,679.2209879719097,681.1964540905628,648.1743589616063,628.9349934609036,566.4355442990664,497.749037167478,433.0287927827739,360.92185198164617,305.29431074799453,317.40529259950773,386.46815924852194,484.07516673601907,567.2306814513796,656.3561631502923,736.2927878533977,815.4048086192137,6.632339360832584,873.6457734506336,872.961105524431,844.7062046492257,811.164751567198,739.7231261256712,672.8178676214607,604.1799547675786,551.7923778523565,518.7408395011971,517.2853851771314,630.064866982976,707.552071403069,752.9201169612129,870.9631573966697,927.355470481062,983.6472148784381,1065.3021493993228,1109.9947929216078,1098.1134087065354,1056.3573977922877,989.9923287113257,911.5740626747521,867.193410952061,798.3100506106737,761.1202321973109,758.939373523863,16.591179212524036,19.366738873459582,4.128285260471517,12.81570083419515,8.124853679475182,5.720597838511755,8.256123379040641,14.301915123120041,6.741886223175042,4.39090123653375,3.3893439464318718,958.0530430158011,905.3025244167758,810.587032051242,734.7870127880486,669.1292340306783,632.6432857397315,673.7726836755137,754.346571273739,845.1944800104037,950.3244628046858,1098.2107292094329,1199.810622565273,1278.8401583561558,1351.4035715591885,1370.4040653213372,1402.2153376486638,1362.9746023132607,1305.0470455241687,1226.1663321432356,1112.8547980983851,1027.3594381132916,1141.3913156054928,1075.2073891865946,1060.2414150430088,1089.3650746456835,1186.7683975197956,6.292474645398602,1419.5528378740264,1543.0968846273456,1606.7733095265362,1684.1159683901112,1681.0944679827696,1649.6699853469374,1565.983302650986,1469.5620877660647,1352.1157908497144,1209.3467637777005,1104.7728792777991,949.377672541514,858.9843699338772,829.5568540897212,861.5080517895059,925.1295275997979,1001.2369093072527,1125.3175542226268,1203.70069009823,1260.088357406197,1287.8910593784756,1280.9767128886992,1277.9602722191225,1243.9227565860574,1142.4189228790533,1082.783077775091,7.033974234679272,5.502914216622479,17.493002760558117,11.491299794186432,0.0,0.0,0.0,128.0,12.877021932114651,21.163805925671,6.845784030659716,1128.1579831806,1078.042263179805,1048.6524025800654,962.6195377679853,873.7447942983009,759.1673186224237,709.3544381294824,633.6831115430357,589.2219026120706,584.3529084748427,656.3019445751955,699.8399467694755,782.1643897642609,853.4326175683198,900.4213539077435,960.3224991892463,980.4632808438573,942.3117471474545,925.1336605868823,849.6239192946967,799.2107356745794,733.9762517760907,653.9571355307872,578.8605477194335,527.0823190260055,531.3580244975086,7.3718099830964015,606.0060871545234,673.1466115635147,714.7313367233176,802.2511768673111,804.4280277412968,663.2130992131458,627.5793118391839,630.9018368983799,584.9110367597766,528.5036987236681,479.47407503531144,395.3267474897275,367.8106719922875,332.60856230379324,346.78294646042576,363.8338617743105,395.8448436810246,453.7165189133176,497.36560830109204,512.780964122997,529.0354255045648,518.5628372737484,523.9310488444956,500.79026225726864,453.4991587380224,394.594910171164,8.967654091966981,16.954272793105794,3.8724399743138287,5.580800020358861,6.032828455996858,6.753336785164758,9.810654106177282,3.7655172413793707,6.992757185897532,5.812001902257461,9.290268041345367,484.44411553626526,481.1527421882805,503.19563911293733,478.891567476815,456.84154251417806,424.8522014114276,380.5154743252484,323.5257585251443,305.25516096131787,311.87863060580713,313.6788394307514,313.759212510601,361.2515558820795,384.23986361609445,430.06848898202264,416.4330746714535,436.96728039638054,432.4790027581831,413.89757599720366,380.32464941444243,372.10614706290914,327.39645880352384,307.7189661651638,271.43357482029,264.02540986094556,261.40749397264625,11.07392433805421,285.86597444735185,309.07223802428,324.3184027562304,321.335501832917,331.0171793792044,321.5069471122569,303.40120762205083,277.01691003408615,242.6770888253132,219.10021668629238,201.21294958081668,162.94798840064257,154.71320386011521,157.75522086445952,176.89875512525657,205.8811843129886,239.05216950272154,267.30753334079014,282.18377384454794,305.1774016184478,309.77359829543633,299.4581895865298,303.60808511499596,278.9306647828745,241.90801457169462,205.88738332759053,0.0,0.0,0.0,0.0,0.0
2025-06-01 18:44:22.996,0,0.0,0.0,0.0,0.0,0.0,0.0,198.7399137638553,245.01606719592795,321.83573386147134,403.1414088994802,473.58892154559953,551.4239244625762,608.2227432639831,645.1622432109588,664.3488665541648,674.629330326444,667.4241680681542,645.2527420528356,589.1657226444731,525.5815400202442,467.62502394268085,394.7925742154692,327.4023920297643,296.97359145594646,314.5615151354337,375.5635942414571,464.80331735881316,572.1496946700252,653.3435215426985,738.5604924032853,798.0457486545536,846.1294188568163,9.921361579066236,855.1118280396229,838.5565438607458,794.9416408683659,748.270481626897,666.4769132475624,592.344069925783,521.130546797807,505.9094095558146,497.6815359859729,523.1522288098291,650.0470991137021,736.842397555355,837.4855171001732,915.6011305416564,989.557281811853,1044.0576584031355,1048.2689796327818,1070.4450063869315,1015.9755088009816,1014.1173719573092,969.2938788563188,901.5373971102986,858.3568564698049,759.5307010241931,771.0560269829738,758.5582562544924,15.11147476983066,11.785817529345584,11.173282129730472,5.064650279147779,7.299252932534033,9.697548671011205,14.410142414614986,6.980696652925956,10.447883763512124,19.354075835778126,4.764955346038353,885.7895392972204,815.0767257028657,727.5524049640376,673.4057759713263,635.0645685664429,621.3739254535601,705.9535338023674,784.0369144742316,874.5043739713325,998.977713999077,1120.4550596798915,1227.991284447623,1299.0594097634767,1339.8633842991194,1350.273232046467,1382.3454863469515,1309.7979998390874,1249.4596092682013,1157.7874030330047,1027.5582595622525,964.0910298519137,1105.3620529303757,1046.318806199034,1061.8087855075185,1118.3953255750291,1225.9733085620035,4.23306811147754,1458.7446896836584,1576.6918410268984,1629.8040617277659,1672.3091962153571,1672.5212272731492,1627.8493979911257,1529.319071085823,1445.0741047014908,1300.1603824909707,1177.1914963666397,1033.5053688122666,905.6096240891894,826.0554044695617,817.4700120498255,863.6516994421588,921.2763586111759,1017.6334255364935,1121.524884466398,1192.0139748125882,1249.0292869371676,1227.1390712418554,1282.1402480273966,1272.4471426076373,1218.8511816008574,1130.0185026497156,1049.6333373203076,9.735992617396175,9.493851470144348,9.889887297337587,11.552666201106408,0.0,0.0,0.0,128.0,10.841064615894965,6.838652287092417,10.963464894721499,1099.0493703759023,1063.290360582702,1027.8060689302956,950.6976842329202,868.5266181561763,750.3435716975312,695.4684472607453,614.7826210340104,576.7103873392607,572.362475467241,612.3077486216184,684.5275721030846,746.6247809962726,812.4457743591021,873.6295705714053,927.5810649446479,930.052560679267,936.7769518190815,897.6003054686255,792.3120629916278,799.4993361932301,710.611793720109,644.1969521829977,566.8201429201981,517.5124724171405,498.73385677078295,8.925320630709274,574.495559464615,628.8631956215834,681.6706089279619,756.9191461457232,769.924652655398,628.3868754501663,613.1832511233788,603.148556105589,573.3751647110786,520.6403679056424,453.266628612181,395.6048511708389,344.4784843232675,310.20889871217366,316.0547312090114,315.9702551148448,367.5267750183049,413.9693569513713,436.9915538970158,460.93522537941317,477.3781626147043,508.13243530394607,503.4508457555249,495.9642379878396,456.5286401577013,418.5973190418369,6.561198712256997,7.664918104407913,8.469723571713107,12.208138853782339,6.873815577704462,16.913638064120658,4.049276518345527,3.6686586209288814,5.669123586389596,11.212915793851856,9.592628955982315,431.2935930421238,467.8984432935233,483.98726795948346,491.0711877997129,499.56339452941785,458.76226136362897,419.0938522482703,384.31612319164094,340.6619823559334,305.31203410812157,288.58680736039395,329.3208800530685,332.54395207477336,355.3189206675714,392.40933816157803,407.9775256813662,412.33608225286594,443.09767745620985,421.61012260247065,376.587671714215,377.40251094276755,358.8807046658521,320.6549152961446,285.5641428070651,259.2957073343742,246.8686275943425,7.312340072898538,268.2152946773549,303.3094052923493,314.05951228306463,327.30306638473354,339.99592322501184,345.35974736807555,321.9959850558932,308.2921598786063,290.0573000039596,270.2996462017412,226.87904646695765,188.32350220139423,159.19683240103393,143.81341082950388,150.09460481772373,159.93858199912208,188.31189593009333,231.67123642455786,249.5323811584328,284.2018359395079,301.89341841034917,317.9742524937466,323.38416059817297,300.45760653642617,287.81725597860316,263.0942762079036,0.0,0.0,0.0,0.0,0.0
2025-06-01 18:44:22.998,0,0.0,0.0,0.0,0.0,0.0,0.0,211.15121676231362,185.4354597737878,234.43745205765208,301.9460378538055,388.4984857701217,460.47625641346025,523.2025214035335,589.3477050125214,647.0939742020039,669.499001563695,679.7138600100199,681.8762902283731,648.4673324258508,609.224277812467,556.8254231566432,479.4199045402642,400.9335384556201,343.3298716204825,298.72882177483206,320.1523870040929,385.1102295368721,475.3743992093269,566.4115982021658,654.3565738863593,735.1281126522977,795.9454423219614,4.64597701149421,861.0786605345344,855.9968395951237,826.0745183578659,802.610302083319,717.8006534724537,664.7217161021325,580.7131877678049,541.9062901928093,509.96381023737337,516.5515392076392,612.379992496343,704.0914977619901,780.700651730809,849.9229005758915,921.351384593082,976.0919246909125,1028.0051450031942,1029.3909358418773,1025.8253438714507,1046.704960752141,981.676141245605,922.7463306027076,863.4855084116404,798.321494010662,759.5862240250682,760.6638920239411,13.373639007593749,6.837001673315262,10.621302791072509,16.743108421561345,7.5044645949598365,17.312572386388457,6.214935387959126,15.117875682360314,3.6645871318167957,12.742277837259032,4.481200782356663,945.2239978232102,879.0489990943363,795.580419612856,702.8186433472472,660.0126459306705,628.7258983453181,675.3894670056062,750.9825558855979,834.8817861006663,949.0818228517595,1080.8947262396732,1186.3112570643443,1272.4572919857446,1324.4495476423845,1354.8345142914814,1372.561109133438,1334.6259885364134,1287.580440396563,1203.1311346909115,1087.6789563069467,1004.8224933271097,1147.8126716616669,1073.5035821387787,1062.4602817298469,1111.6828125148545,1187.575852386956,10.362367195839019,1425.664642787025,1540.4522973612006,1596.0196358557434,1649.1917603892355,1629.3993712521353,1592.7154540122767,1523.563433354249,1435.9057196082824,1333.111652008346,1182.391908871507,1047.068503380248,919.9778234926,839.5807207998273,811.6652589748613,843.2512203271089,903.3367584260386,993.2013324162953,1078.0468315772885,1166.0778622839296,1221.4488555629653,1222.0453706878855,1268.3795040154198,1254.6944439070262,1190.3181950998942,1130.9412407546179,1047.6143422175332,10.278010102431123,15.65167519610294,15.799233454339035,9.161234305630485,0.0,0.0,0.0,128.0,5.9086287089503395,12.958184062788424,11.923256620423603,1086.9005705987183,1054.8236806127738,1028.1827970149786,939.1627100487531,860.645889223902,721.7539671917629,676.3929698959081,606.4068685337573,573.4270282917067,581.220998189751,628.5000135084306,706.689383642045,768.508548916733,838.4708451047777,905.8183288689213,938.2613664903527,948.7588195074493,947.0449761929996,893.4698850390236,810.3583758375654,770.8024006527895,712.9782454120216,649.1175615622726,564.8449846672033,527.8541264443624,534.2312457780033,14.210860815733222,609.564527128441,687.724278021374,732.2193734830311,789.4482262838551,808.1258807488904,649.8613919147989,613.8870322075547,610.2412185114075,588.3828986509981,526.4270632367211,471.9397841844358,404.92068133799006,352.78901787498864,316.64706804875823,331.6434896823612,341.0209545431141,392.1583256712199,444.3879642417187,476.4862508661018,504.1199289963051,501.04673916748703,519.3736850304869,516.241351271595,479.0309477093625,441.47772699388486,407.2281696997967,4.315406633948658,10.379657404073711,4.775772503484986,2.017269737804398,13.65241471896455,3.8699123199144054,12.867950990171867,12.05675505698879,2.6865919560733724,11.650365872228932,18.950825883710746,481.4430860021992,487.10513124985766,500.65733976891147,491.50030958731077,463.8157086356941,411.5106516128537,394.4462707663053,331.2216003227639,310.2612942161434,310.4313168067476,292.58790736854945,330.85892333917207,337.3799980290417,405.72615354044717,448.76563135198876,414.660036356199,424.4240764994834,428.29781480125104,428.1898585591264,371.86586751857516,363.30893744423844,332.62868954624753,284.53962548330344,258.175482776264,258.5788832344123,247.07384146968712,12.509400792991674,294.94016612586705,312.7298328449082,327.960094786079,341.5408805754026,342.97106059291485,337.91520916982194,317.88477676067197,294.91622230696817,264.535146781766,233.96382825836173,184.35787209367493,166.44287617925622,154.1505124075334,143.5892547870524,171.83249723822524,198.99802323316018,235.23320265492157,250.6551147789114,282.05508340193006,296.09066443649436,306.6449487549108,318.96749762418074,299.4306959597352,279.4512706835315,258.16448763351923,205.3674577173611,0.0,0.0,0.0,0.0,0.0
2025-06-01 18:44:23.003,0,0.0,0.0,0.0,0.0,0.0,0.0,182.84908755288708,211.41610415885467,278.54064219035877,358.8467992702564,439.65346114169773,510.30948471483816,572.502609672438,621.6799902974903,661.0247017268197,680.5702278294666,672.5703263954401,662.5308270198419,614.8818883708591,571.7287712173325,494.09483271577955,424.63401036423375,349.49736391941553,310.002905743255,302.8859503461955,359.55887978251315,432.09701843162304,537.0822484560657,624.6967864926906,712.957291824215,777.8564083368219,827.4099537762021,4.664557451831768,854.6988813020125,843.2286355564731,803.5492645697918,756.3608511928245,687.4926599210088,619.012289285652,545.6431665276458,506.3607885252818,512.2848825002652,545.8326489582088,614.2744956855186,752.1945729885342,768.5839822533422,886.8880045200418,944.7323388587083,1008.309367924434,1038.664435173085,1065.6629454283798,1028.445137256118,1012.0636595736083,948.3740069425762,883.5340018401986,838.0476419494121,803.1749579573216,763.69501712209,779.0846833995716,9.27967179605205,10.295957004443817,12.125174242600083,10.900969194280526,8.628006760757136,12.750166192549903,15.33524789053044,2.1872263269825942,7.720928495850198,16.909533390559503,10.889899185990341,910.406669003954,846.4017397864305,758.7326578099052,697.9306069389669,641.6246885700767,634.7256667654215,680.6253264174345,781.2601078208639,889.6573776906057,993.7555411876264,1118.283529936923,1210.7312766994878,1300.4723634415311,1339.5370824997165,1368.2217473930307,1375.5026262101123,1350.3430991468263,1272.3610009844704,1199.2903297144346,1091.6580286786134,997.3243553619748,1132.2744765651394,1067.509097670379,1069.2187870498692,1115.6049128345844,1219.3413541960515,9.045206511820977,1444.4630522820435,1539.7448291375595,1623.5973236646116,1671.8689266379545,1672.2074715034328,1629.344749248868,1551.9306015884802,1444.321511859027,1322.5008627130312,1191.134830736975,1063.3050300008579,924.8231340545526,835.4272350500777,810.3726475089637,834.1923168171419,897.1883857477574,980.995434229517,1089.4358886398943,1165.1338801561092,1240.4436769155873,1265.7457400564338,1276.7759829628,1277.1763268341645,1225.9789757008432,1152.8628214742748,1078.2243304218737,7.545559200850085,16.0227989755611,8.51403194412607,14.531665017863435,0.0,0.0,0.0,128.0,5.55027959132126,5.704467706292773,11.627510406801145,1082.5625125056956,1059.533434068162,1011.4361565103118,953.5133748177828,868.4170513233112,751.2942777490738,687.244528141449,634.5886814722713,584.303418594738,570.8995519568125,625.6752274787447,691.634111448613,748.9642580446965,812.7321339329687,872.1531755291562,923.469757820514,949.9517704834941,943.3182552731663,916.8518803117382,859.8535030664855,813.9369277888446,737.8775309011792,678.9846320514771,610.4455390794473,549.0842458584418,542.4435377951552,14.381242000482143,602.8604122660219,672.9343603492454,735.3105265176297,784.977830133167,821.4706768611271,663.4653780526936,644.2482950426414,637.0159379846492,593.3050301597472,553.4360519418019,501.2174235113878,413.67865057182917,378.6113456725372,344.4705470519202,355.3704939526021,365.16271586853173,403.8796256251953,456.03304004627853,494.59286633116403,519.2277188865684,523.736471842149,528.7881174943805,513.625312322598,505.24422193084234,450.7210522974935,413.5358178726143,11.411442802201059,10.504778586593737,7.519120274843122,3.6896551724136657,11.258423729917935,5.25045379936916,5.873009198060556,6.872431304018205,9.472102482454254,13.581427140185896,12.058990253196216,476.46863964113896,466.7418748122136,492.7996921849269,496.6559481601111,451.83027766510077,418.8739137164288,402.3448153023983,327.3093626098633,291.99424419959325,287.13371954624927,271.9648137833287,287.8266238198355,331.840015048682,357.16071204252887,394.2995893176045,400.2513125002705,407.0675363733304,421.52302360276263,412.5298264173106,397.44663949023385,358.53728201032334,335.66706613853734,287.84861589353676,258.4222031308224,234.97316922525306,230.16461284887833,9.140974647680551,256.5934053386834,276.5234380812909,300.628867809704,325.3197449623301,325.9818848945426,325.8097563890223,316.44956774280803,301.3937786309288,286.602561083514,249.33019380801667,218.8617319104964,185.78468666905147,142.75219359217323,134.71019063966398,137.5807014141864,148.7615704023974,191.44124067464293,224.50231012808726,256.384873244903,279.22960668951924,295.49272176617984,307.8139781926763,312.7940433130262,302.059152838206,281.1640675929106,239.72165358460728,0.0,0.0,0.0,0.0,0.0
2025-06-01 18:44:23.005,0,0.0,0.0,0.0,0.0,0.0,0.0,194.64533888201828,225.3291946846722,291.0835051014017,369.9723487653894,454.1997230303698,522.5166066328849,584.8096362094574,633.7906479790945,662.4076395343712,679.4315756683574,676.8362319484131,656.7948973213871,620.3651070255835,559.0799353967011,494.5712629163411,432.288269588864,362.4501696809315,319.06400951804056,325.56457889165597,372.6871282659621,455.5077050992975,539.8236677190658,630.480069450259,718.2769110465629,775.8182660572462,824.8313320940638,8.764882424438005,853.8281238306743,835.8253443387678,802.6246277405397,751.2584369912648,691.279927126448,634.9214331998728,555.6415181651871,532.2905933397514,510.7578945152404,560.7944111710032,649.9480518771044,764.2482988247942,792.4068914472348,918.9096994070298,974.208425055933,1037.2201210163844,1065.055156729,1077.2864095917275,1045.0037341307434,1002.9624660005431,968.1398635290913,916.4925166543492,858.5768642694596,828.277137412087,791.496175815217,799.8973945367226,11.10213394569403,14.397488881226762,4.123105625617661,12.891122829111396,17.614755328955578,12.53512314104041,16.40459500476022,6.453542898410727,12.880175521574586,17.60353429093454,9.947520721939242,938.5702446427322,845.6701080768049,787.2131624395709,705.6834041715928,673.0211035521664,650.2358550167753,705.1628336655048,774.1853368941352,874.506747410536,990.5740427196343,1091.5610863845707,1209.2734626562126,1267.1777927419616,1326.1443475760716,1351.5391571351709,1371.2858901067623,1336.5571587671106,1278.7485291137427,1206.0315959785746,1101.5103970964446,1012.6988250586096,1143.9667841321307,1081.6717607633461,1067.8102342473126,1108.5613053727213,1200.1269412530141,10.325292170438109,1410.1352465895582,1540.3365110332334,1602.981840498577,1666.516651136739,1667.224346764956,1640.7077130264297,1569.6316289715949,1476.5358771953067,1350.6521978836943,1226.4293888318937,1079.1449963981518,944.9524466043123,865.9524530709664,812.266270107801,835.8882061288967,891.0658677774755,994.0430480014553,1079.9293636372536,1158.9837886282514,1229.1671765884303,1264.4538324165187,1279.255959015631,1294.0193790271962,1241.569800428926,1171.190980637758,1084.1081130009434,12.919143215278405,8.002013859974031,13.110642924388232,11.677011695781506,0.0,0.0,0.0,128.0,8.741884505953488,15.685057471264145,11.241522925643306,1083.4366867221966,1036.9493026335883,1024.2554019984584,958.1703652781644,891.4433171153833,764.1197505552053,706.6986444831865,621.149637322891,584.0620767791211,589.218611900874,619.8254187362307,662.2340675948409,727.913755372209,791.1254610733773,852.771981653068,894.4902496952798,912.7499321770028,925.1471916924878,908.7084180665315,845.0889255377598,821.299217210524,749.893896671849,680.6638480504483,604.0870265857227,574.9709274474794,539.2121902948753,10.236781609195418,597.1658705553838,656.4861570107955,719.3004097056396,773.193137075115,794.385353983757,652.5559804687316,645.1126660731582,629.8049112443556,584.9835502267387,554.7882420424579,494.93765276581524,427.59344493988937,385.2122094861535,345.11073669406676,358.9374604536171,363.6770078504775,414.23130944555413,436.69836277950833,481.29753589218865,498.3678351335258,514.7809359350059,525.0220098625135,521.3265234380457,495.2773602576529,454.2779768036104,395.4238787935654,21.94533634605978,10.327779873562015,8.301895108779137,12.57931034482749,8.757441667795897,6.922362297715996,8.220433930623471,8.830584584114701,14.568426521795566,15.105584894307352,5.131034482758764,483.210298127951,483.75777504633123,507.080739793852,493.72531194380156,475.03284852873236,419.03372021449337,382.35078234860197,327.99257245282934,305.11240974031324,286.71136878172996,271.7884686722175,299.01226152427944,340.73060001209933,376.99580048813147,424.4814744075741,403.0320621749176,405.12274276546054,417.4117981443546,411.0307581807919,384.49191419354844,368.17353769798984,322.96310342300643,289.91070204213383,254.37088648755912,238.10518094827017,226.7177758036037,6.226409560703995,257.284282727891,283.1334908846302,298.6953723239235,328.18331917202426,325.8290067744527,330.7227986527695,310.2307702795788,306.50910163963016,285.3726809164851,254.67748811017896,201.03849830258932,170.17437450842849,133.82389759718913,120.28359107484789,140.36053519538356,159.1112078419664,196.1665171852133,231.0770403766182,266.7047146403097,287.0553876707964,310.17676502798986,302.3088949291605,323.08399242281854,307.6545270225327,283.1303926437176,235.23067117519585,0.0,0.0,0.0,0.0,0.0
2025-06-01 18:44:23.009,0,0.0,0.0,0.0,0.0,0.0,0.0,198.31454459872774,218.28391692242792,293.7291686898772,373.9828161065687,451.6935927964407,527.214402561233,584.8707048587057,641.2923374924168,667.2294133334601,694.9080319256411,684.9856245020497,656.9092216652075,625.841578899176,579.3330678367361,509.39529868704136,437.42304669477943,368.84032803556386,327.69447470170684,316.30778912569116,371.6986318421672,449.4161352123232,535.442348891952,623.16702538638,717.4140956771216,779.9911371997031,821.0286100037416,1.6333747397402012,860.5618011236603,856.0461024809205,818.9612653019884,763.0421341817914,701.9827907256457,658.6888458878049,568.9479101143113,547.752421074058,520.395950146571,537.5686812534764,660.8208654949086,752.7242687198036,826.7115854144278,891.8018894609011,963.550352114234,1008.9836177445402,1083.9000155615959,1044.9719256595333,1048.6423048392746,995.1942479281398,947.7987743492062,899.0817650715061,861.4555229010401,817.6042999653215,797.7185990278452,808.3967259794022,27.054662283360216,14.508614480635423,4.71015887754272,15.600353156645443,16.41064272235474,19.652913332527596,6.672080585472415,15.855962961569087,8.562949886120979,9.14307741256047,18.511434688004492,951.1434583251156,851.0550363233706,788.1684987718469,724.7570397669695,698.542288068536,641.8070177141378,717.7325470208149,784.2175592959309,881.0127005539302,1001.2620137345352,1083.5314231874665,1204.8013497242846,1274.6978975982588,1330.3060203821117,1349.6296050296949,1383.242988688849,1331.6676805192697,1279.7841674485342,1183.0977661830605,1099.3785174986065,1003.1090409238104,1129.198016639795,1091.8257183882188,1064.080690457898,1103.6272172845722,1203.8609001636548,21.448116631326165,1429.0505739580867,1539.8477664647835,1589.902464599206,1677.257391378033,1636.7930093977657,1612.063880797901,1531.9785019764058,1456.6118094935025,1345.5584089962967,1212.9216462056806,1071.2203385949317,932.9666543329129,855.2280114035875,808.4620982310711,839.8678635137758,903.0413457979811,996.4037640749706,1079.7341808324131,1174.6311692232027,1250.8180138389143,1310.0286619577487,1294.472204960455,1293.023309826429,1248.3657314188777,1170.3878107092878,1092.9763591682502,11.071320443983732,13.458545188611524,8.843732515589915,5.701238693809828,0.0,0.0,0.0,128.0,12.987244277379315,7.224443750433563,6.063648102709081,1106.718093943137,1074.0008971270065,1047.4511521544641,957.3925510999244,901.9467610327705,755.9389901933321,716.5146919730646,647.1001892611043,598.4218119456458,588.8650327058298,637.2156898886303,686.4921288425351,756.5134929313485,831.6312106219843,874.4655329998787,934.4463221532611,943.3917536619157,949.9369879202795,906.6364424221679,850.012047365467,812.1370546180397,746.4891902113677,691.6701262685255,596.6836969346955,539.4435795180705,536.8445635872595,12.066666666666606,599.2175084127176,662.9567432696524,727.2407981382413,787.1269783719989,801.0779774807758,658.6475646468442,638.3377754390316,634.9308847088482,610.0102917490253,561.406929480111,500.506832893348,439.48977305642774,384.4174488257977,337.36330681407236,342.2034497422356,353.63789185909405,404.8782785228065,436.7302543762391,468.1595763415452,501.21201717845304,531.9850705056091,504.51154689356565,521.087917935451,489.2844226843013,457.9757125369681,418.6999090376365,11.966563145999327,9.828163527630736,12.262831826784293,7.7896273469141395,11.419557784072774,8.499498815912748,5.2666666666666515,7.34323340826062,16.790230906773832,10.296090089630855,10.6856180831642,475.33507282221507,472.8729901690611,500.7808018460762,502.0690593243379,464.4601183591779,420.56792492815214,392.63157873855846,339.8960109013896,323.69370981092175,324.31334671870866,294.11879024038643,313.84155509800456,357.7223733416162,399.03651567257214,435.2993306043343,430.4974603459087,406.0589367321959,418.78084392370795,423.35928648320487,387.3601844611755,380.6958865697209,326.004898128436,279.38875478987546,246.32003604682973,231.94868783315314,233.86325826771017,7.2456556820856495,258.8524748898827,300.934609498741,318.4931226430179,330.03950356602894,341.6425771130822,351.1084390331174,321.52952189150074,323.6814379063117,291.6848176478879,251.18248066038583,202.41208220303358,174.58153038244325,142.7347350935286,124.88356198923553,127.15835227319897,156.95599381835382,209.9310406951898,221.28976537416452,266.91647569686864,292.73482105059037,315.9156483501775,325.95670141997334,327.8664795325698,314.46677686826945,285.9923825645248,251.57076684938602,0.0,0.0,0.0,0.0,0.0
2025-06-01 18:44:23.012,0,0.0,0.0,0.0,0.0,0.0,0.0,201.05320133944326,226.21923505092698,293.51337221573664,366.9112882974947,440.8407236398294,523.6407502311591,575.4866572366869,623.2556540658638,659.2359028168116,661.3376922265991,675.8554089311585,644.2778976274136,606.9762953838868,561.7394760754837,493.2090404318663,425.70395077202363,368.602203413609,312.85855018801243,320.2094669418589,361.8822052396342,449.726053491149,534.6007491877966,616.027206073976,700.4092445988521,771.1687095775186,811.5272200240911,2.510737055808416,836.3469574041036,838.5683468876911,800.9979898085713,731.3523526976841,697.2213393327481,625.6659831568586,558.3708234413591,521.5210191768065,514.0115060575137,521.4906298626215,618.6030309013804,724.4491847639027,799.1418532860087,853.7657529095089,951.1039412016955,1000.5738516508704,1015.9818330595067,1010.8185244542742,1020.9558510928807,975.5318038589913,929.2267338109291,872.5250120824288,833.3299776359404,791.335300286926,772.0478887193351,779.8295454550429,20.357312386910962,13.260536493337492,7.764546605771114,10.596304286123342,15.891665386082275,11.384343872298395,7.71111608152031,6.40047047818819,11.390403557039198,10.398453506042522,9.500796070873532,922.3332970254964,832.9462956751246,759.3011370857572,706.401018129289,654.7076415224348,643.4287742226039,699.9508570943443,779.0725457103715,876.878437301083,980.4339077726738,1070.2264403471272,1177.2954107861501,1256.0013497901987,1321.1743875553873,1338.9609038865578,1345.666567110349,1309.0613747032446,1233.5827292836675,1167.6267757124579,1070.3773475805274,965.2478264556548,1087.934776097642,1033.0025344032267,1031.3046262572027,1067.0026794190571,1171.9199016383552,10.628295401781397,1415.7811277271433,1502.7161465283698,1575.2076801509093,1617.921205587767,1631.0913436277456,1592.9607332375524,1515.9522601262386,1422.3005674087242,1303.202703710226,1170.5478985294733,1042.764955217994,902.2879026118662,831.4116257307827,801.5289903857205,830.4539534145495,889.7309033227343,965.563223519611,1072.8906773589893,1160.4824888569797,1219.721626346101,1269.0247995848042,1274.1978014138776,1253.0990497592911,1219.9768306694607,1147.509456907881,1073.6978286509916,8.592077074508188,10.386001596389066,8.84920643033675,13.342418210547597,0.0,0.0,0.0,128.0,12.134179915351297,14.640080523087413,10.397402482560807,1089.2624675645498,1059.6684138227072,1013.9412705118704,957.0154938223648,875.0927231123108,762.7567387622026,697.1324039478216,633.3488937631823,578.905722474725,568.8337227804398,634.3631466716072,685.7732427023078,761.5886630871453,826.9004359145164,879.0234972183523,925.910096628351,935.1442819933965,926.3453550919683,906.801114124157,861.372170097022,815.1054064465808,735.7934102025578,658.4014474667547,588.6073216462079,549.2484299404288,535.7701517518425,11.80988654859388,619.785592292568,668.6726989317839,738.8167566391908,780.9874561300511,820.2647040627044,673.7457125540379,656.4808689196736,654.9157959790491,614.05199999193,555.3125993771114,489.17313143932114,431.484236736763,380.35732827970287,337.5344666506715,349.45961468691746,371.7824126986106,398.5329492982961,446.36645230147934,478.1902869573388,501.32030670338554,529.7154256068034,519.1737211288041,521.3532204679916,504.63831661511324,453.05057780887984,411.9697799560258,19.19800278168829,5.530960590567661,5.518229982891702,6.010416548840606,3.114153940256376,5.807746884150035,7.244935711510247,10.139641725920606,6.9967385343523585,8.862640177544806,5.911909353086296,464.05273308692585,478.5705964784363,490.99146076648964,482.6483825854167,460.7584129661966,408.55736076323745,396.2217921096309,327.00131418251084,312.8628790615385,291.87705898332354,290.87487322781084,303.9365951916484,346.0320843501895,398.8613365735752,411.2151301476247,413.0827671049022,423.27110255118123,425.3099869647418,410.87701259441735,385.59467324178786,370.70342311549433,311.3460275497867,272.8745809142822,233.0400086801906,209.49050835418484,217.45155443475642,5.5065708213619,258.71334498058667,299.0663140696523,316.1670398535834,328.18733164162757,340.86577892793076,348.7874616648978,326.0129882675927,313.77476726570353,296.70640692503883,251.19106942093674,205.35449926585594,174.01931336912423,136.91346764577438,119.28656571303932,127.19595297892627,146.71969708141603,189.25385630182075,226.9055371545237,263.63710428957586,286.7721733364808,307.1455429539714,321.482609617015,316.33730817982405,304.55006904388176,285.648842904787,256.11368297572795,0.0,0.0,0.0,0.0,0.0
2025-06-01 18:44:23.015,0,0.0,0.0,0.0,0.0,0.0,0.0,185.91929943219913,219.5701426044879,279.7323503700271,362.26897308687853,443.50207106689624,522.0564309695801,575.2604402892497,626.3737608015523,652.1855566467588,664.1948417745531,672.7706898447577,650.504175318906,606.4657073370864,564.9526155419106,493.65138235705075,411.326238425877,361.0466676729162,308.33969807186253,320.283444210106,359.3917007289397,462.6572874094997,549.1495857625368,623.1878391084794,709.1071160830558,781.0349987151066,821.4117957543359,3.589863586297158,842.5028264323762,825.3237627920316,792.8691604600406,725.2783842517201,675.2418435680793,600.358843814082,540.8757320103022,502.53781422732425,496.3941214148048,536.4371768518936,622.7408335630066,700.5183152999233,779.3071573419062,864.5810888825099,931.4748141849734,968.1682035561462,1022.8729868471606,1034.1841451456787,1018.0893723511573,974.1975786897083,924.3864159889168,840.0369507479994,804.1805283816147,767.4405239391491,748.5641726139903,745.5025337574858,15.270815446209099,8.085011781095716,8.707650271616426,13.605264489096983,6.636483478474702,8.708351802125005,13.3324967261822,12.424684460384505,12.783677253042956,9.89819617454312,17.011162961547814,904.2142921018054,828.6488219994671,735.3283324494902,679.5782064078087,626.5056504497935,629.1368337880541,690.5333336963434,764.5195932890546,869.729161394578,980.4530410622741,1097.5828412066046,1190.0836918225045,1266.804342406587,1315.8557849918075,1337.949069199463,1335.7415788330786,1308.432065183337,1238.9686291369571,1160.957033386163,1056.798841745261,949.8045892899369,1074.3745648733911,1001.881486151705,1003.4988594392573,1058.2673452767904,1164.6935992585168,11.694749626350136,1399.2112943763523,1504.7029753549366,1584.8617715299754,1627.2791645336813,1642.0523798984473,1619.8277665416442,1534.4053177692647,1435.3071453325138,1311.9547920941409,1177.9907917200348,1056.9160245105757,923.1104952935342,840.8006359043077,801.2170545759076,820.7927977341586,896.1219360233193,971.479720287168,1077.5009964719077,1162.1389800913287,1234.4174505174205,1277.332583251273,1283.2561664012267,1277.3158379791917,1233.3637324642518,1168.953590316515,1082.261319184427,7.666112100391329,9.512214497296803,9.25268181655768,13.119798389282726,0.0,0.0,0.0,128.0,12.844009663811963,20.44800044627391,9.288726881703429,1090.9571576335175,1072.895794767705,1022.7283428789949,983.4929970347215,881.6877741814253,780.6259027388646,711.5991971775926,652.1369518146829,586.2446626015358,592.8110233089418,633.0433046927911,685.2950319230149,760.7909195428169,828.1780944331331,881.3013020776657,926.9549485139329,943.521618038061,939.2362499622991,938.0720372773768,878.947908015054,843.1455942748426,759.7867033438719,685.518178336745,622.1692888539135,583.4088187639713,576.4966032139762,7.237295719898137,637.457935466407,705.3464326157213,769.325333228132,808.2849889452764,852.1904255292251,711.8140506893442,674.5768319447391,672.8420157660355,619.679018216385,575.5178577855794,516.8071650419436,450.19883519749607,391.6123575370477,358.4416696203103,360.9622205666404,396.96376394450994,441.04435218658057,477.95825407856034,508.9421144277319,542.4952101460693,555.194133768349,553.3246071434982,540.2947980697321,517.7472226730187,470.78677279775076,415.8341051630563,13.409195402299076,13.029382276195683,5.3845775018998,4.4839630268070625,6.110930805131107,10.446951952984257,7.195460770035525,4.3587603929429095,10.598243636756582,5.945092877167442,7.393628861944844,464.48734299319005,484.50528673635097,490.81823137152884,493.83079891975825,462.63898904526025,408.78447203235726,382.13029476475475,325.64393224504215,299.8690353819856,279.33251219554916,278.3327657452202,281.89619457469655,318.679669068848,350.2145374500923,417.72327500914986,395.4838814799971,409.91662947106715,416.1351792920862,411.57025269215353,376.5558599008813,366.0236162255573,311.34974209303294,265.11465895117914,242.01184430106537,211.18269940427757,200.77639626629812,6.276315298472245,247.90736513956043,280.89889565712406,299.61923881368045,325.4007529562717,337.8443859079493,335.5835665822497,324.4292653183943,309.13588259561857,285.06647708029544,256.506626582496,213.08417079752127,179.71480179097327,140.18089738933952,118.07746857467728,117.7447770290741,142.12503206947608,172.45539364114228,211.54736053756272,253.31445407313404,283.09013687791725,300.04148532867373,310.06508588496035,320.88959471670154,309.4309181813433,287.4857630692099,250.30898117433057,0.0,0.0,0.0,0.0,0.0
2025-06-01 18:44:23.019,0,0.0,0.0,0.0,0.0,0.0,0.0,205.83673628108102,222.36612498044332,274.1814452972396,349.2005726580254,439.76735924774823,503.69526110693147,576.2227478133517,621.8924949501308,663.6016886899425,683.6421081614691,687.6218847574366,669.2561362492918,629.9848429893449,589.1429866208983,514.3695443074236,447.43099067805935,386.24473103130055,339.5219449714433,327.7257581839824,366.053901403916,447.432219632919,528.4911844423799,620.2249072480437,701.023905414709,772.7164779409509,817.2619827070587,5.132193430004791,846.9871135786202,825.1149590158781,800.104283463426,738.3625030212461,677.2892829990838,624.5766333892647,550.094583482418,516.4141393268527,496.9494678589354,549.9305065146873,650.6812821212917,727.5389086858098,818.3389396385794,880.5965319379229,936.6651559173206,997.223098979728,1022.3560269945655,1030.1789162636853,994.218873183252,968.5315066551722,928.9549071219576,841.0779108807654,804.9289643802606,763.4543547894322,759.1296366554271,767.3849451737334,9.538414332063374,10.33902470567384,3.605551275463989,14.119048153733576,9.221284341400057,6.923202232326261,13.21878641403447,4.303903603218118,6.50940354326893,10.105339475524104,15.660044794027806,903.7711538830781,831.3946247908207,748.7086691809601,683.3101756496199,651.6758490814926,634.4952488334444,694.7940963836691,757.0123544430033,862.9105971513006,967.5077778556777,1089.8944932426614,1180.2174837888497,1251.7240619940412,1304.4673587103346,1328.6215144337343,1323.5360565457017,1276.027178544102,1237.0090300092813,1167.6043348721428,1069.1791938189913,966.0231351289095,1098.0226760828114,1032.4241972246155,1036.0008050229094,1085.8934393962716,1189.3232073474535,7.672394631731128,1404.73594873243,1512.0540569129678,1581.6172642388126,1637.1663488552174,1635.1557523051758,1638.7956128008507,1540.2710717121802,1451.7064657317699,1323.8995042026056,1201.8705028189834,1070.946744655741,946.9731306519078,859.1454981623557,815.1486669756258,838.5734543594544,908.451899421126,1002.9235070197518,1094.446283540167,1187.357743971851,1245.6389005404938,1300.1609231605316,1303.7750892363729,1293.6475410725923,1256.3537430288336,1185.1265408639583,1082.9783537606445,9.661109428729324,5.125059977498198,8.257542578570847,12.250524387337794,0.0,0.0,0.0,128.0,9.934788772658491,18.069809520744446,8.704323271640247,1104.0914435537459,1080.6371055490006,1045.721224376194,986.4648687364343,898.2227331945613,771.4569399933048,704.9149812004288,634.1017484563205,590.2780010921974,597.7078684889553,617.0176496982295,678.8776756668104,753.9006339524128,822.3734423300175,892.532902947762,940.227031773845,941.451498270464,953.96991943336,946.2683234253711,903.3455765846322,857.0298022393339,765.5090358181477,683.8725312765018,629.6710656036254,579.3044807082468,557.424130300968,13.637064077196483,621.0440284592562,696.9542296681828,759.1532422803607,805.2887462211332,839.5534709610848,701.6744596996787,661.1663564369709,673.710932222612,619.039301458672,572.3943206384071,498.7582823987871,449.5093369503282,383.28551921380006,363.0234099012585,355.6209414518712,378.83157571246534,425.957215204835,460.6688753174059,501.94884800833535,534.5587008365659,552.9486774659978,557.2538940779633,546.684933761299,523.9062071119497,463.9857340268318,426.0374080382684,6.143641969659982,7.356103173734935,8.893950011655361,6.1107818074265845,10.938022747369958,7.0710678118654755,4.579381511871375,7.927995883721422,16.166527050019063,4.22622115939231,16.682975335758808,474.26992980686157,492.09351272835744,494.91553786310277,484.7569363419973,455.70718961513825,420.56758017229924,390.0903490905176,336.0230581998788,294.51587978964767,269.9781203240563,284.9138244838076,317.45519388965744,336.2364105502991,365.4401287773674,419.516619935941,406.4878898515867,390.4302888459554,411.1712585986701,395.8217525369927,377.16684668053404,350.725518818868,303.7698262692571,266.31506666575837,240.52604634677039,209.92592228147694,212.76883471187674,8.246872103614907,252.13286539172128,275.919909620213,302.702473283386,323.3985820152377,327.51970385921123,326.95883316671905,307.85733718818,304.54132244708876,274.7992381366929,247.3068450240461,212.60872206050502,172.98657347319084,136.09351271496712,130.56214209133964,136.63171459092715,154.96319578100173,196.48767312053388,232.46137662700306,276.12315394479924,296.4029054096726,312.8770780244146,318.8626170994227,322.36667024165456,303.21432831206164,281.8661731247758,248.8776743911274,0.0,0.0,0.0,0.0,0.0
2025-06-01 18:44:23.025,0,0.0,0.0,0.0,0.0,0.0,0.0,228.16199062819103,208.59573064399746,250.78261942375258,311.8182466242091,401.18501749462763,474.69500981318146,553.4073841485908,615.2187571785165,669.3596405411082,700.0244483764191,712.0885961716122,705.7931546442372,680.1744843965363,643.3359884384412,576.9427519348752,510.71396413000576,439.4054604969761,371.09888547836556,347.4388932866995,366.4917731202051,423.97134041390007,511.3005313604151,598.2212390266716,685.4166724493202,762.3641610129271,822.1017048529786,9.411609676230464,875.5052030617254,852.5364738916043,844.5361473977953,786.2980242547998,733.2895026150817,677.2380600232588,608.7574740589181,556.5495710753099,531.2071659765065,551.756341629916,657.1760706953855,732.3587659122119,820.4499827042372,874.539064158648,933.5033992756111,1033.823297936804,1026.5677473459527,1041.1067525816497,1058.5564797750696,1011.8810607896303,986.2348385947663,919.5626663078867,845.8935327972837,808.2598421234976,784.5855917251756,789.417203855879,16.979482489817343,14.179012079215386,6.582494754892501,9.139083287982885,9.539480530626598,10.507059956023188,11.432223822497091,5.6399160694424975,9.353655007059745,10.496853081557182,7.571788806568196,956.4181455605664,888.6168412329386,808.5894141524341,739.5488054310262,698.8887309507323,671.163853522868,723.422084624909,786.9170048091061,882.6179762199107,983.3864455209897,1091.4972561063428,1196.9159522695788,1273.3780864851356,1325.7144349166726,1354.601392062953,1358.13497144662,1312.003742755964,1273.3389120430018,1199.3864042809162,1093.4925144144186,1007.5998687750372,1155.889427757068,1073.198455081657,1071.8834899062074,1104.1476224030196,1198.2091314431707,16.198784488638903,1419.532517369911,1520.6927388645172,1601.8762571497589,1641.6595715309552,1648.5049587192502,1639.6969554675625,1550.216930345703,1468.0753568638065,1347.813430801812,1212.7208348499855,1085.491401213584,956.4894985040951,868.999412713888,837.5283556929705,850.815409591904,918.1087814142054,1003.2377784585368,1101.1732469116691,1192.5394661692765,1252.2198773379957,1283.5497006144935,1308.5323073048562,1304.2402786283226,1272.0611994882997,1181.463873577907,1088.0354303886102,15.387699874933139,10.108006230383747,10.611379796635097,11.451996253096866,0.0,0.0,0.0,128.0,6.692697603765119,8.319529712851002,9.589072748677346,1126.652453066573,1101.2615066629498,1078.3539345356153,1002.9660556674914,915.5710136222098,792.0065761007581,719.8716089590663,647.0494042789564,604.0716678957916,611.5081386996765,641.6863917103043,710.943903126548,781.3462807721899,860.3738851687427,930.0481136537464,984.8477074501654,993.991257673019,989.6852510502355,974.5027633895794,917.2692174983033,859.3461008200002,778.0956729913111,694.7570351166522,633.385792300574,584.3368140977063,567.3932881544828,9.77361743060732,639.8086399400586,721.8338430683423,785.0910751004809,822.5316790173558,861.5318805089336,709.060749796488,677.2626208643027,686.4681940694609,637.0974525728619,583.3953638399162,526.8939313291974,458.69243534022473,387.815323605644,361.04634165770346,360.7917362354296,380.8757461663515,441.20685846699337,479.1437322802074,523.6114603473367,543.8479923229487,567.9127357261681,570.9009884226424,551.8342974680921,521.367282750647,479.1890084262783,445.3062886677362,5.657363245596602,8.389787959748563,8.065025459439765,5.644433341963281,9.053993828356562,13.147044905979328,10.443446740951446,9.595254780418578,9.022835052054175,7.731612393744308,13.176349897606631,495.9285113942165,504.35992204678814,512.4896894704899,497.9805288339888,454.71407834848526,426.41573885373316,398.06175633527346,330.14400655982774,296.71383051582376,287.2662449290511,326.3410529859385,345.9222028171526,378.2087161046895,410.5105793197145,431.40290328378194,419.2247110988627,415.6869284440432,408.9396640651923,402.14143113233814,372.13061533466873,354.9549857817131,304.23771870965453,253.5825734379736,235.5400963436995,220.96590745361556,238.75818592232466,10.965793775512953,285.3914784145464,304.7381976930633,327.731355525752,343.79863236691807,349.4564008767664,347.5855985615973,319.45910594123563,306.95713807423226,265.0388818752944,237.51459154091825,202.77891125684818,157.27840219523995,133.47332283978255,140.97798152846292,150.8634890086334,182.64230209635178,217.62371980111683,253.6255855107845,299.4922894711018,314.75581108986336,328.59835363760925,330.75095750962384,325.3702892314296,315.7268586937495,277.2975302766182,236.1033013721572,0.0,0.0,0.0,0.0,0.0
2025-06-01 18:44:23.028,0,0.0,0.0,0.0,0.0,0.0,0.0,235.8039658616287,211.8409943428562,253.3238994529205,319.88619908489034,406.9075215594543,486.54512077246,559.7080749494235,629.3537006050409,678.1704251822076,705.1943403297233,715.266161669817,715.9572567946526,689.6783828146318,644.4523767690637,591.6401124177199,516.6360013835513,447.3540703738534,370.6719754191613,350.60970631161405,368.87071856507225,439.4123008749394,525.9657528587409,604.2173614755575,692.6138412848052,767.707366527463,818.2894450490569,14.361254421857751,871.4092308571489,851.6971318231462,852.2526133325963,781.667804634667,726.0669983894213,685.0741742613621,599.5205167063092,555.3217117260959,534.8427909103995,556.0215189812958,667.8960148809487,718.4513123515826,819.3554636626588,906.6170443490573,960.8522654109561,1003.3842308716833,1031.6988836814742,1053.2229127408714,1056.455556818565,1014.7248976948988,963.8111301749944,933.6978849257184,843.7283807318252,808.1805730978406,777.3171845003818,777.4733424771362,17.246107008030855,7.371905643777419,10.327804998740177,5.305739158144577,6.379189063385667,16.665766959124923,4.938503096300836,9.559207304007382,16.69001641840389,15.210961216063776,6.1530422277408015,942.6493446677747,875.0344269212529,792.3304409887497,726.9926459846657,689.6653891995026,652.0211382163573,707.8126888334737,777.5377218201586,867.9675731113182,961.1142539638482,1071.9010294245718,1172.442319865888,1256.8683923311148,1308.1073647098845,1329.7832046856554,1338.823116635557,1305.8660099503418,1249.0269854774942,1166.8650335942702,1080.946884602071,985.7682138140739,1134.2805807872364,1053.641280447649,1058.4755871701236,1077.8233624640186,1175.030274137958,13.001884983579544,1399.4161709506436,1499.1212428615693,1578.2201269080879,1618.0358815796212,1625.8449465026845,1603.7088256568086,1514.3820614061497,1445.237009708618,1343.058639592233,1202.8127214948831,1076.578262851451,952.0859029513949,866.0932625598654,825.9035692059247,846.9485812568195,920.3347516170742,994.9209229992518,1101.032454567235,1190.0229581517026,1250.2970668004748,1283.384405163232,1301.2339304282038,1299.4094127709561,1245.5172904471851,1168.154712847074,1086.3470089726866,8.397843175380933,9.469184626459274,8.066313459104343,13.240068184328024,0.0,0.0,0.0,128.0,10.132792502876299,10.54819513771108,13.26747796246677,1107.7289696116684,1086.3829300265406,1063.5978191247116,992.1065718587755,904.03686520384,790.0825160333125,717.8536907608044,640.9659880065743,603.1131559159688,600.7010243828843,635.745601568685,708.6779741205509,787.0975974218475,868.3847512287527,917.9384078109767,980.2308122626897,1001.8022360270123,995.8077240282192,962.3986002947161,900.535067341212,847.8449891293396,767.6125224184456,695.5054648856068,612.3058109517475,559.8566141085379,553.5425416539547,3.8321839080459768,635.8669917914428,705.1396408285584,767.2528453151472,825.8158397271743,867.5780137052466,693.4409103977777,668.3573388119848,677.1623692644316,636.5630733474459,580.6260716349005,522.3271486904601,443.12780881520933,386.0171547630544,352.3336129683742,350.2406983377784,374.1643493941461,425.6587617828747,476.194161538507,520.1759402798814,548.5931363900182,565.2229235717311,571.0205849587578,553.4707814682315,524.3998852207613,496.3369765946059,457.7056660815467,4.376644820548239,8.310525773877497,9.063045135332654,6.829278160984197,9.974900566522928,16.257366513681085,11.496968251727182,2.8236065032342204,10.328735632183907,11.977334190459878,4.433858169948189,482.4533689883204,496.5362013408861,511.2470753940992,503.6284536464317,473.818735316411,431.0983095887937,404.87792955504864,352.2331063974193,318.08696813755756,324.00058379452526,321.5171992911545,339.5005528386225,368.3553977318232,419.1955490054251,430.5186296430477,429.9772322257071,432.35647248711257,418.094721236179,425.83020431029905,383.41626738882644,367.03139249545694,317.1260861606139,264.30493622244677,244.2001666805605,235.9359084144443,248.60595723349525,5.059263283083432,297.87476420475605,330.00745169795135,340.7061208712987,357.984897796743,373.67680427240185,363.796083717818,333.8661830918488,329.1761933798361,292.1000802080928,261.6348028529196,215.60070119615307,172.24187288465365,146.50512162246616,142.79071669560594,156.97294584504493,197.68149981528495,231.28400285481894,264.57496167763554,306.92328430777485,331.1290253006974,337.7332107079732,351.17271236325143,334.04419154283323,320.02019795069526,276.40513810274865,236.78655103860874,0.0,0.0,0.0,0.0,0.0
2025-06-01 18:44:23.030,0,0.0,0.0,0.0,0.0,0.0,0.0,207.77673401527485,219.19324742709162,276.4519703531015,347.5621382452089,430.27324627874367,506.46243623688315,579.1142613140747,638.2772728984431,674.6492224483841,695.6477137427519,698.734732123471,680.4228674677324,645.7568095548395,595.2838463950932,541.7331413623203,465.0403909635652,392.05352687528637,339.4826399171985,337.93586629163104,367.1248503361345,451.53068705741765,530.9933317998575,609.826071164502,707.7466718858955,763.6588060464909,812.8592502680261,13.415777681156381,834.7553833346964,829.5009055997439,818.7395045471304,732.8426308579378,676.3975589313251,630.9611646138371,549.834818078871,520.3395694303913,495.9981506997027,545.365413002807,646.7094167975072,720.9506066670681,822.0537146489494,906.7193152077579,957.860862195297,995.7689143170824,1023.5552275367974,1027.5644611189941,1050.6941281433967,986.1980359403475,918.9119270670905,878.4299106748001,816.405893889503,776.4911088114198,750.230733741473,768.0018656325973,17.374505204481473,5.949137732886032,6.94980208179259,5.6055072502584045,9.409255705378277,17.47089414119427,8.29596737272674,11.140812912204535,17.758604997839857,14.664265031760081,3.0776433883844825,923.3586577083504,849.0683462260138,767.8969943201453,708.8444185675805,677.6896476298201,646.179599357474,709.0198236274755,787.2548438652958,878.1565303373269,980.9881828496926,1085.849481134447,1182.1171219325347,1255.2124218319138,1309.860117707054,1323.6595964930689,1330.5694282748611,1298.055078310315,1237.931885206392,1154.3719882297432,1078.8690551761356,970.2493899411891,1113.2966427319034,1056.6300648731249,1060.2456889828525,1084.0605638821567,1187.9250556936838,9.912415580825026,1406.4093047297993,1503.9747763681987,1579.5399684055972,1633.5207874156642,1624.368361282895,1605.3821342345664,1510.474446315741,1433.3647199035638,1335.7672258173789,1191.5734949105513,1083.9887534019017,938.296527459404,852.9032122588093,811.8472989286911,842.3843287301984,913.7667160204292,993.5995770934896,1112.3412604121784,1199.9832786532397,1264.8383667261949,1304.7741470960914,1302.459505935727,1289.9568801280889,1253.8766843068167,1178.026348208413,1084.0003902993785,11.06322302920159,9.245482775700715,8.847355730095618,10.449023695485732,0.0,0.0,0.0,128.0,10.819157614891179,4.5725808005652135,15.050588702696723,1116.750781542211,1102.7928809360187,1074.2084221010132,1003.7090823724342,924.1116229396928,798.1105763025582,750.6669064636641,664.1912950571809,614.6257611575013,597.5860822708723,642.1238107440736,711.0877558570714,784.187064614065,876.4172427495668,925.8958869519332,1001.2509288879212,1020.5287393440766,1022.7364396360742,988.0233862554874,950.4464027485517,880.7130258850289,809.8396157745664,734.1673194710202,653.8164015457678,571.487428664812,568.721849792859,5.482887197420322,637.740512526262,711.6998999433031,776.4040658661302,837.3240705006235,866.1811113752038,709.8646141471663,685.2767849509978,693.5936914165419,661.3540268121837,605.2621058832469,546.7542299140675,456.70815654804863,402.18508691782074,370.68424667885256,360.8654536268218,383.2414151814803,413.2227354338647,480.4089884462499,513.6125002713484,565.8557510949339,571.5405292212581,572.3487731620966,570.5669459666177,556.4144534090128,507.4679117477388,472.17620572814405,5.063292727525464,6.5650970398280455,8.690847846702356,4.819443857576524,7.729663791193131,9.628826544329762,11.768841328864248,3.374629269299446,10.540229885057784,10.508085832137203,8.429996296361145,485.68609890206363,484.18494420902505,496.88472874648403,502.932048150759,487.00996622648813,436.0503749028785,412.6680987207068,364.36452780856706,332.48119550218104,311.88968496061807,308.65830246023063,331.91514918138046,357.2958053185135,414.048299453861,440.3310659298352,433.22119957426565,431.8806623674941,432.4573249307729,445.24211691727567,405.4247785619495,379.73418881643227,334.35662026168217,278.97708718705803,260.29585137924096,249.46165642826432,238.61069892048337,3.468718120867613,286.1384355362426,312.61813051098187,335.1800136370349,350.8026876793422,374.7311695664244,370.74647251641255,344.7382250235322,339.3076308145147,308.7981854401135,282.35258138524176,235.93879860208617,195.44988881217932,165.9725602590559,153.89279027020186,153.45970700102296,187.81525324537844,233.04279180387428,257.5270518085936,288.28096382591207,313.3143647591043,332.5398676487622,345.0889022120204,332.1858549494354,319.4843140438553,285.45907794973374,246.5383215569596,0.0,0.0,0.0,0.0,0.0
2025-06-01 18:44:23.033,0,0.0,0.0,0.0,0.0,0.0,0.0,204.7917760958188,211.8518008204809,271.14374369736595,343.77656195963505,432.3445974207653,509.1350693092647,576.0385931057314,638.7496662183107,681.3521644244641,698.9092169054283,695.3632595121624,681.7416411196677,640.2676494506089,589.5520635553642,531.8801680671527,458.64248045077136,374.5475625704635,332.7800642991229,319.76571068789076,350.5668466878809,435.4475348450502,520.1328158298675,604.3164868103868,701.8915639362192,764.3959729527327,809.4740300659793,8.39532491045908,845.6095573802346,828.7107172399367,795.7228049671284,722.245434179381,671.7471529445666,591.885682242455,539.6200231109862,513.6905540645846,474.69027112617107,509.2504355962538,618.543865091862,694.4799000201723,799.2879917576493,887.1464523542664,952.1619012233211,999.1915137923532,1024.9319125595855,1018.1779768502471,1041.2715538937034,971.243446623939,928.1309175462638,882.6733784700523,824.6937723831403,755.6475695211691,748.1068682163266,768.5092344520397,11.094522975516691,7.7218690004849755,8.306550720853357,6.251078821034941,7.124189524856049,11.975670685744022,10.17652417144443,8.048728902108927,12.041594578792296,9.51942162940382,15.43413083808517,955.1193183846556,877.039527801308,797.712115382005,733.8300314252203,694.6604183122599,680.3593881970025,708.438040636208,804.2916259362394,886.0632532451626,984.9386750064211,1115.4833680526926,1196.5664143077654,1263.8807832254936,1331.9211728469302,1354.9031829286519,1359.1004350424496,1317.7444612328816,1260.610735989171,1196.6918869923925,1078.4252135927866,1004.4478613954593,1150.0438729967834,1085.064794590952,1081.8905133622638,1117.968960171628,1213.5579302401934,9.372970364770575,1438.7642161546917,1537.685877224653,1608.568763050698,1655.0184183759916,1645.6534520960358,1626.267572770378,1549.8549146034852,1452.4842795730412,1336.2876272660521,1193.7775482178722,1070.5137358224863,925.5774554259302,845.5846110686881,816.3434156793237,851.5299919320798,918.2108613580212,1006.9183531285249,1118.5314575983691,1215.6883499780517,1286.490315583624,1314.6210340466255,1328.1760054882252,1313.9739101883029,1276.5756505511577,1200.8709953825007,1104.5829863265974,10.938564050762139,13.475541761028953,4.723326431585984,9.756794795290302,0.0,0.0,0.0,128.0,8.481974832142283,7.624053647428091,11.67445167635308,1158.3512526161207,1143.324625265163,1104.1777522181821,1045.7263866434334,948.7326330822465,832.6172940240249,755.3455154009739,670.4351916161744,604.8451518333763,585.5023512102292,636.9117225554187,700.3247918097773,778.3668664316643,881.6966427762068,955.7700966245366,1022.2345444198236,1041.3449173116267,1057.0955273259701,1036.203511198854,970.5959772179253,926.8548117295329,854.4808142961182,746.4996512823465,660.6465795141623,576.8545402493984,552.8162274357212,9.15074120169955,623.2601221550497,694.5097086450919,762.3954073428018,833.9486860324412,873.6550694376456,722.2249453881001,712.7409572702685,702.7547626457274,662.1094268152923,621.1492895370901,552.1580580721358,471.3897245838575,409.7876007033972,360.3396912866262,340.154488223598,359.26582216502106,380.928907842544,432.32045652286666,484.13346433203816,522.6139931487091,542.3175665415945,555.4328868577243,552.4170527907812,550.9276882517491,497.6607633254254,467.08261367945914,10.71224651766033,3.5984380188129923,9.005049259895905,5.035898453758216,6.553059526354357,13.850171614412352,9.219599109803058,9.045077450222466,7.007921155539352,10.838874463303998,12.760584498433564,451.3832067131222,469.4786034242447,477.8859972547865,480.641293116247,475.0806377923215,444.4819335917004,408.0448522564782,390.4073834179672,362.37275053311765,320.1913548482838,333.87563590034506,343.0457204716647,371.56202574859003,402.66350755263346,437.8374901989194,426.9836227988433,433.72000409216855,443.61921908227487,422.20195825176626,402.09403055433324,381.58243912230864,338.8294562074592,305.939437997267,276.5598881359646,257.46437618934397,254.44678623348858,5.0,293.2968032018767,320.67364694982524,341.96083677950884,356.371653919813,373.7792444272067,374.3399935986798,352.3445279942536,340.1325288472526,312.42711835733814,279.93224736684897,247.53584178496305,209.43792630368253,179.51519189891448,165.30196316547887,166.8916964295753,195.6944435548396,233.53942328200188,264.31450639674387,289.1736454695865,305.64940900649935,334.49648890035235,336.08668763375385,325.34422394135004,312.8948340114973,283.93223397438214,245.1663695225896,0.0,0.0,0.0,0.0,0.0
2025-06-01 18:44:23.035,0,0.0,0.0,0.0,0.0,0.0,0.0,224.7185941805189,240.36617812361857,308.2866437175986,384.1275353011575,462.1216043320161,532.8373971372267,590.1663628648042,641.7551031728502,670.2777657163538,681.9059569136672,670.734675661702,640.9163079275105,598.4727897702039,536.4312893829426,476.9659975810276,404.95723626511455,345.21035842515425,316.1492246749427,322.6343721488836,378.69003006676064,468.759804155758,546.245406337952,623.8328527189333,713.2820387318353,767.1023341374912,795.3715975682302,5.33529903440435,814.8134235733796,787.3672948833168,736.7606678878896,677.5193628102128,611.7502644196759,548.315151480588,494.81765429008806,473.55581944883835,461.9208064774398,494.8135564313248,629.6486076606121,689.522073045911,818.1628507732851,885.8510156559471,925.9950067928836,970.6719888306163,1007.5929401603163,989.2960132309764,976.9317543524487,929.9295709577859,883.5112382057275,834.2638459047496,786.6728741911875,722.2708110574547,734.0789075217639,761.5293053669037,8.675143292494681,12.276661997916452,8.01646795200565,8.441869445650784,3.1687417576039865,5.430511665879727,12.075257891328947,9.71246122740432,8.67512434944799,6.444269044223044,23.44830837062372,919.3979568370833,852.7055885095644,779.9168650306563,716.0847703120955,687.5453073090637,691.0245173602028,720.0331460711262,817.1353728224293,911.7786882511701,1000.1914328444666,1132.8480831502334,1199.9063937334088,1266.7934751291032,1329.1002333836834,1345.5590480993126,1352.0465504152323,1300.9059912021246,1243.6006078139098,1171.2483822041766,1053.3613525423614,994.1788114090505,1134.6737506683253,1076.131376976341,1078.8715409478068,1140.31525472835,1237.7075178437922,14.00315857878515,1456.9436408796025,1561.3524883176672,1612.8236583180937,1662.6276939004679,1647.8992544600183,1617.3873082270836,1528.6506515423202,1445.1278699763463,1329.353028587405,1181.194067910359,1057.4139203113075,919.7087711424545,840.0866985577198,811.8808078509926,845.9689604138167,917.9673416949109,1023.3820784903716,1119.518289766313,1209.761642816257,1294.7895675949937,1322.5349931930525,1339.0274175609786,1323.3120754801403,1280.301108606959,1199.0450888346318,1114.627820671545,9.170705873096251,12.456131011782038,7.242473216212625,8.309766677232886,0.0,0.0,0.0,128.0,13.253225939990688,12.128992905269747,12.189661934791294,1156.6448594154183,1136.140309075664,1101.666808758182,1052.2776664492867,952.6562987425447,850.445010314013,763.0110944823406,678.1570897884856,608.462142252948,574.4548175823255,613.5212220170656,680.3960443145311,750.6902610108033,837.3929155976294,907.4606263665394,981.4467895179127,1008.4530906564553,1026.54100631785,1017.1178617188339,941.8233492210347,910.2607967789999,848.2288359958118,752.1007887705566,660.4702949072848,588.0623113824104,548.8193937060078,9.269310425714966,599.814624204633,665.7472927582319,726.1281779010216,809.9542054556724,843.9735547457108,704.6791020921851,703.9860548610726,702.9333322254145,660.7392248915673,618.2925208134687,555.7043457026793,481.70575500755956,426.48978210616315,373.2547107636647,346.2984673396102,350.72676191224156,373.05783238564084,414.4173578251945,461.0351432237101,493.5610918669205,520.4024254110564,535.7678241140592,545.0124854356761,526.6509752944663,487.36237228224786,462.0119368887808,11.390996329405368,10.038676597316336,8.230410979796972,5.057686376415537,7.786302257203621,11.06078749702089,6.978102641396189,8.812530504203703,6.380283537747125,3.1647625541333473,7.004385757929905,424.7971047436214,459.07719995065315,474.14147470475086,471.1332090754242,459.50479791860283,437.0438872603827,408.0929807374646,397.4720908154149,356.68638051043644,340.6089375765132,329.02566246631545,334.53377900881424,366.6749065637144,386.00639776148563,411.7222110960581,408.7960265741093,421.7446199227602,436.0618099376606,417.24376837822666,400.50960272437595,385.15527462712123,352.07599916044694,318.6203209867931,281.46200496877265,267.08468901168686,254.9234649202646,10.467828565943247,276.7621335975246,309.9991948614798,328.0924451428587,342.3231202520609,360.581773385089,365.29062570640383,351.7324248102129,339.1112683256271,311.74359140985007,285.41879304780286,251.2354737639384,214.56892832561135,188.92654127866297,165.3143189854549,170.26819886221608,183.49559300723112,218.49720840514686,244.51938460285726,269.8261592376826,289.8052081811363,312.2461200370718,319.78015636689514,308.27718579834334,308.76453691893624,277.0097578370614,241.81920403972586,0.0,0.0,0.0,0.0,0.0
2025-06-01 18:44:23.040,0,0.0,0.0,0.0,0.0,0.0,0.0,199.27733391710765,221.0769057617273,294.8600474013231,378.28232614228216,446.4484831957772,521.7339213815496,574.3907251283292,627.2510069649805,645.8067828631864,662.1909346183827,652.9111781756494,621.8401572135532,579.2200449551344,524.115461887388,459.6415967739655,379.939008065207,330.9447698883653,288.4808149704001,302.0167167761404,355.81429312652574,449.2203744261154,519.9626070932827,603.1265035493585,689.199124215824,744.7527852738064,768.0957983657308,10.93614968755542,788.4391817373256,758.058732305564,726.8477910084446,667.0837664835055,602.4625355700124,543.9819519165306,472.71256276369905,446.4272254905077,437.0953638983853,473.23374082069233,585.5572163521131,676.665982501999,771.2405778065419,841.8160883183633,891.2699945632876,932.1300652835645,977.4037458566248,980.6259507694358,956.166070883299,915.0601297956582,891.6707358461332,818.6700261729682,787.9173503654732,730.1648016872738,723.0115735916969,729.2073195315394,6.722830105658466,7.671171083948368,4.558769557944958,8.458613891412885,9.823379005132203,7.400131481298544,10.161447256362909,11.70187921505985,5.888332599263518,3.5931299224651068,15.916876094951101,918.4988396912186,862.5718496777407,783.7304106019096,718.765775876083,693.1061201457774,677.8478611756025,729.917361790656,799.7478307572923,904.9724969250228,988.9656249925579,1108.9376248090111,1187.6688151139138,1266.579715177686,1312.4104968740946,1332.3407951800352,1340.4174933077811,1296.6969539373417,1245.8038276858308,1176.1916311385248,1071.1160498238316,1001.4303940765594,1137.9862368800195,1079.9531295874926,1082.2103585817263,1129.684013961738,1226.3129139725156,9.642514331221342,1428.8090183804302,1533.409567430872,1597.097207993332,1643.7958973644706,1631.7345053141196,1614.977520652783,1521.808521071826,1446.6447355072985,1339.1893361824957,1196.0864250706934,1078.5884884321306,937.7547798727536,855.9287350709642,812.7939548063763,834.2173315861036,908.6022609189466,1005.0389438695345,1113.6925579733686,1197.8239845883581,1285.9840440279224,1300.406666426655,1333.6694884069705,1325.8512204863578,1289.595480977739,1208.5710197566293,1132.4838661627018,9.47514398430793,5.103126345456688,8.564258306118832,4.419868311005692,0.0,0.0,0.0,128.0,12.428239984049075,7.784658487398047,6.231528196599821,1125.0216918742087,1113.6077017001815,1089.423500761557,1033.86805158394,957.5671612134411,849.2676839749731,786.9603906607316,700.0450589637995,627.1206962974387,583.3937787980146,611.2416632558435,665.0576783134122,719.5006091245107,799.8616043735632,865.436427473969,934.346087143003,971.3652286519962,985.2473445979069,970.9432627714866,909.8154016503557,876.2883508341476,820.480503016606,761.6445186968053,670.3160696075993,603.2748363904002,576.3130858809881,9.071130147397986,605.0045367873674,661.2452531655846,713.0600495214466,787.0347192868094,806.1787570923262,678.8080788267724,658.6260264734435,684.5257671082575,638.4631516390215,595.36075251902,547.1392772405487,478.49144125477176,423.1985958538857,378.85242639605013,366.31307131353543,364.26859237487133,381.90250852837767,440.16586906963437,466.45458235280984,502.41543497178645,516.0121704420409,518.0526699530947,532.5585998533442,497.7322484579069,473.1098125928625,446.1109097302463,10.26736556050858,11.753679595734216,12.314185070691257,4.007965310558687,7.727783075312307,7.136095437820938,5.9938907357265325,7.902226267163066,2.8720119457498465,4.318404724950629,9.607224433414522,437.76517698635666,447.0575749269303,466.66625876308467,466.8619515845658,447.3812495051292,411.91718045190913,382.1425712036216,371.8743626474007,334.00820525761884,318.02087234872795,323.7900000755764,317.27589269097575,351.3352671830259,373.8875359618424,394.84495593487026,392.42878655687156,419.6568092236898,412.6261890745624,417.8216965234431,383.6747802962114,371.5627404376269,338.30740868731056,287.7339898881539,262.3743088086369,261.58584681721527,237.88731671633485,13.33084972541917,259.48971016147755,293.07304698261316,316.2167323077029,333.2919283902034,350.9309806025809,358.56409802917597,339.882149479764,321.7103242464135,299.09663254005096,281.6609986689053,239.09129695574657,208.44635608351638,183.81158986852935,155.0075864403066,163.85829873606906,182.0788413040964,213.84756389974777,232.2932608513233,249.06610081612274,276.5354057110364,293.6895461442667,309.17501627930795,293.18434914434795,295.2433297912131,258.9720305123592,229.02973257290165,0.0,0.0,0.0,0.0,0.0
2025-06-01 18:44:23.044,0,0.0,0.0,0.0,0.0,0.0,0.0,173.05038933058074,179.6996781533923,251.94422033810437,339.18774563019826,413.8504043311261,496.3488841515741,555.6305271325851,614.9835294603745,651.7854260970806,677.6111463804084,669.9963026079633,650.2051548525188,610.2188150790056,563.7700153553857,488.0955732292567,405.38603752972205,341.12294114098125,278.09215053529624,272.93882444227023,315.3625075880852,403.24091199738933,485.2966196946027,577.4255118302714,666.5329843168088,729.8376401613689,766.1954099835465,13.454112517124171,809.5037900034222,783.4157959364494,758.443118757682,695.5829777907835,634.4314550547368,575.1497101780756,486.88397486997326,441.37702862098087,439.4316587073287,442.9378498863458,542.9150322883817,649.9315725120908,730.1073632338836,799.0893950560819,889.4985492993254,925.7634621203584,975.2258956727192,1022.5689108939437,1001.6089414925619,931.805331002914,905.9698955614001,827.2518729772156,800.4910276728136,743.5812940766808,704.0276848263992,707.7068006671182,5.924962759411064,7.19164048810299,11.458452783244544,13.82730884667212,8.914369617556913,9.592866301821708,9.452584792205304,13.21759366924512,5.0795975619438565,13.109606004742897,17.165579845240188,941.6085571463133,869.7927937220935,798.2012773089886,723.7170893935903,689.2390712458947,656.8504193423747,700.7197341188728,770.497647613123,873.4335092661546,969.3698444346282,1082.4371754827414,1180.539604255588,1262.5442809550946,1312.1837589683153,1342.177180073751,1363.7942041079627,1329.275709446695,1266.755335511792,1213.0178521407654,1109.0351559330188,1028.9668054789279,1155.0310913743267,1101.3442570630414,1088.8266534847173,1122.0368867424231,1204.504408839995,6.709034106339744,1429.8854381225347,1529.4793274607016,1593.3161146538694,1658.5976098195335,1651.9458912361222,1641.8726486023252,1567.9898598186958,1475.3194976880973,1358.9013547776017,1229.0928901895618,1093.0696708754006,952.5396578380605,865.7896874661064,813.8767447701392,836.9144362761913,904.0714581837359,995.087097319241,1111.3193467863093,1197.2669186504413,1276.5691873885892,1318.120611841543,1341.8277286881519,1332.3183227831894,1299.4826262187694,1224.0776567428022,1138.7477707039516,10.95871037097392,11.705407160681592,8.056793463333907,12.95834332943077,0.0,0.0,0.0,128.0,9.74925407967014,11.477682874744994,11.58446813846789,1102.080206485749,1094.568372762357,1065.3116796824934,1013.0881845732665,942.7462434953757,825.1393354350482,770.4472305863952,685.1978027294913,607.1282954785524,566.2667360134648,587.2899081475722,646.3268316672057,703.1163333915687,784.570452605356,843.9355378052403,917.7861351015233,944.1376873252004,957.3181521386821,946.1937510906283,905.6498207045212,856.2237733750053,795.9433727031436,737.7475891577785,652.2376659123419,579.1875095167,566.5659941871797,11.078426864791357,583.2923252027808,632.8288024731567,678.4253285785896,745.217527821536,774.3518481164128,649.4650536018896,622.4345410752527,629.8157569845507,600.7483597024438,560.5977803566815,508.5209559599812,444.88552267339446,385.4578415201109,357.0494164557065,360.62576664805636,361.96962739256776,375.99860534571724,430.0239729762319,460.2837385954024,488.94734040714445,497.58106916180145,502.97999802516483,497.80402551036497,463.55387361998976,451.675777753629,419.3345300184197,10.754617262451898,6.4634787035352605,18.41139844188233,9.258415945314201,5.601327037637827,9.163064141500632,11.18566582343819,7.7190659930868994,4.592610138289581,6.896015435467615,9.349511514032901,434.884564519227,433.17350589658906,447.5540251387945,455.433956514721,431.72107278583667,402.3665798401549,382.107198768663,355.715317411449,323.14844272730903,318.10332544202686,317.9207441454615,321.88643212136043,361.3365138266072,378.1677388342327,395.1067158010673,401.0361120666686,416.4505149675018,412.552003071558,413.79521257919293,382.10989420103726,355.52761858416903,333.20721494335504,287.2936955714637,258.9970179909844,240.7553749987164,239.29144261708367,8.434309994345085,271.22919289742885,302.16146845087917,323.09912224798524,339.2397471284401,346.5674983682846,353.37109130839536,333.05199791467436,317.4059909917941,303.9057023187905,267.039222554308,225.6782268055469,196.54970457717306,171.52142422227715,158.91523809409347,169.75136296490865,190.81392179429878,220.66990335331383,250.1906032024348,267.79747102604153,290.7996999018924,295.79313247354486,312.2360294586196,295.6364910184903,285.1358433992684,248.94938589310894,211.75767175070771,0.0,0.0,0.0,0.0,0.0
2025-06-01 18:44:23.049,0,0.0,0.0,0.0,0.0,0.0,0.0,160.33710296459333,198.25616104459525,276.20020383922736,370.85460409658054,441.5689457880542,517.3652019747964,576.0418283685875,618.6086704255252,649.6838357060785,662.7187344365116,649.5221142598718,618.5678235229112,575.1447136672443,511.13710032162237,449.7343962230775,362.76277963309263,296.00250509061834,250.05833954928045,260.36888778364647,324.5208190331029,420.01101386688987,511.90569408005007,588.1504264739756,669.4955353770166,734.8201128250199,777.2508951797208,8.998677215732187,793.3145698847154,764.8426201991672,735.9460529955404,660.8395646174162,603.1830559143929,540.091229595885,477.86347061177656,432.1005444449434,449.7283438855737,456.26189731252464,571.6393725938325,664.4352395266675,740.7460987348276,847.6785033097609,908.3755163093258,944.1054311178891,976.5201292408111,997.1311827432446,968.811911391443,913.1273340146275,859.1282874686574,788.2912512268564,765.7375741321769,725.8916134485186,677.5691817117878,696.7099918888127,17.50912301565039,18.726100066877667,13.984311323475417,18.06344789740256,7.173632314418409,14.774647391626072,13.940899114264198,19.307771404090296,2.510225063823814,9.176816175613851,19.057551427019426,909.0523682279589,833.1260680556529,760.5621155286799,688.7860101078606,658.686495848937,652.790834096121,703.804597336,805.8241793260868,897.8975299913907,1014.4899217729662,1120.4428135631117,1223.6692832479773,1284.5251532671498,1326.6685125555473,1360.9452623317895,1356.8782216399034,1325.1725169769686,1253.5969505157332,1170.2314058225004,1068.4123747309718,990.8130423888556,1105.7943654307403,1070.011676001068,1075.6288340084498,1124.4341874713064,1225.834665627799,11.915313887366466,1468.4086539068435,1553.924941131862,1618.2708305770846,1665.5285122911164,1657.1008309348126,1633.759046910146,1553.5250298269991,1457.6879237696587,1333.4687242045493,1189.1512610638983,1062.2567532541295,915.4365003573873,840.5615346415403,800.472068353138,827.8241648614663,899.6231279217907,996.7897004108306,1109.6983526677127,1211.466417413481,1280.9404976396406,1319.9607073952707,1338.7728535903657,1330.114705237065,1287.6009570301449,1223.1502069076078,1122.8558239872273,16.320509850976542,20.364441777784972,6.704502139852785,12.942817991132113,0.0,0.0,0.0,128.0,10.90918823002409,9.918821557953626,10.565067450455714,1103.7578930782008,1099.4232401873667,1062.8556256756585,1011.2124380977496,930.7199262085607,831.9912244371877,751.4229539594145,679.0273317235858,596.5596416927141,558.2178810991868,574.270116405465,631.7809753255711,699.100067062207,778.5124523200737,835.2951242177766,901.980863798179,936.4596900331662,953.4576432039487,941.503151952664,916.4338140458757,868.440053754268,806.9539912491426,749.3105127115585,664.5418002431943,587.7158418235982,570.1313150729839,10.713611570429817,574.7948208598102,632.6043997595998,674.8877366831127,743.2399036238032,757.2258276321253,654.1353998743832,631.5792629105322,635.524076435124,620.9518102368062,568.1565882325776,523.6464317528107,459.61987974753526,400.895779162732,370.0314664351505,356.849010409425,381.60160476714833,397.70148988255676,437.0211569187537,473.9656272049014,504.20230464152985,512.1485402791295,519.0083763571838,521.8034327335973,483.40289058705514,473.002376679422,435.9255839257089,9.032976438569174,8.778421160818983,10.24626494395082,10.555279736701756,8.24967648072506,7.563990108412,7.518221266133543,3.303097742499198,7.390976143902285,9.958895760768723,9.117871807344088,438.3905379181795,442.1021851459917,452.19145542794644,459.5224883262772,445.7633325401699,413.05064135881815,383.4939395844734,355.3369833689578,329.2097498873808,313.3365092224958,284.39482963909757,307.7545040622725,342.29664560232123,369.2457403954541,397.1439094150357,408.20413861171403,406.36668854492706,434.6833259659257,413.88327305795184,399.2334651739467,372.17740829809236,338.51693790480056,297.51746601499826,269.53949463954103,234.8459125937388,223.0535621207775,3.4009265495033008,256.8108374076627,284.43086077695267,311.62244318235906,328.89170311592454,337.14240748517943,346.38050747822,335.0344109466076,333.8153762349222,307.23535669394,272.08138715446177,244.36870115962748,208.02595395297377,173.7619218769064,163.42899166667442,156.9208115193622,166.26550163679056,201.60672077486964,229.2049794303028,256.7144314695575,279.0418989583112,292.2362727215396,306.91199608477405,299.4863790778215,293.4065940605042,260.44801343592457,224.3449249093594,0.0,0.0,0.0,0.0,0.0
2025-06-01 18:44:23.053,0,0.0,0.0,0.0,0.0,0.0,0.0,153.54627233958314,197.00412679005382,272.17991902523613,363.92234357235156,444.167784478791,511.57272474807195,572.1926064343183,614.9293773341606,645.0026980865042,650.6512369541437,644.3439849728179,615.5102861649362,570.8919580562499,513.8984940923068,449.29460696191563,370.0962229904298,290.61354801915724,247.65534344666656,256.6847387115394,314.76309811502557,399.40753263597406,505.1415368222699,579.0800946484699,659.7459847022448,712.0107896024673,769.0358962796905,8.766522393097496,785.2230364732369,773.7798945391766,727.7790995981409,662.4704123234171,599.1706399369774,543.0929838251947,480.7294564913337,434.7131882634458,434.3024660581804,461.3039076759404,572.495078193047,662.0719998194365,732.5623191859133,837.3466952269081,915.4925122126579,946.7824206452875,995.2724232769926,944.5214384179413,942.5544144332495,938.3870000397804,856.6022420060686,803.1611938705385,774.8524426755189,730.9104059513116,694.8088314159046,708.4375358234884,12.299012477098072,11.19279643902961,5.579425827601213,13.557332001188003,9.302206055603376,18.490173155211593,14.72547544877345,13.97741836995752,12.278006530340463,6.2261732555049925,15.342691622280118,906.3970389223431,830.6531121927882,759.4292943622045,688.6432829145505,665.1159817156193,655.4416294546722,716.1739675783758,804.7116863482845,896.581864843936,1014.1705320797398,1122.4061162585535,1220.5660454266376,1277.2106601078478,1332.3217837901434,1342.4388211141822,1346.8657214263333,1306.1102416868805,1240.7174673885158,1148.9059078480223,1049.5817866748132,974.4049702151004,1104.7607268541187,1069.7604721302089,1082.6537905946384,1125.4893054123881,1240.7651660029317,16.016817182509755,1469.78462099866,1559.954466934842,1631.2286500201067,1674.5545707720682,1659.4054692279308,1642.3789247392074,1555.0780937202687,1461.3111571533823,1339.1653455623195,1192.9758562893915,1072.009066021399,917.3398734852952,849.1183246869725,797.6242157018964,838.5300628359254,912.7004343606671,1017.0423635451397,1120.8156621045796,1233.7773374379142,1302.325539187725,1336.2856686736452,1346.9524475478968,1352.9363345655936,1312.158833318263,1230.1887497556013,1128.6792565994508,12.727197896272049,19.105534393780516,10.462068662321041,5.828528082301727,0.0,0.0,0.0,128.0,12.277508057077302,10.751175799581858,13.543162716018147,1114.4118539861192,1102.2104965379945,1085.0240156839832,1021.6456383907511,942.5504299481024,838.7626302974488,765.2249759475249,685.6761651274215,604.7873552704872,566.242474647828,580.2774862691932,633.5220546732334,696.7767308226981,772.0409256094151,834.997892783593,893.4363311405829,930.4626531976509,959.6184892542403,932.7501149992585,899.0529119055927,865.1201824487808,825.615629295785,763.8767295541064,683.3112846473277,605.6879694566945,581.2972649383389,6.613904499526033,600.9929140628016,654.3611574546254,688.1951248116549,762.2855609754783,765.0716078017136,657.6032152075388,638.6270892652726,640.3046374244168,621.4207644463057,568.9784397773399,533.8879806211744,455.1542185349117,407.3060098295027,363.37898022213295,359.3592900655572,390.8414318425883,406.97581388660575,447.2196448960966,483.43056764678425,503.82797534597466,515.1893872792691,523.7742976629563,529.8582932369242,499.21041724634955,475.6762519774721,432.64657498910105,12.772477649463042,14.487725443836947,6.881741442441952,5.975912284507485,9.645877087865872,8.30194950001799,5.737106088486813,6.782797265900804,10.313070905214992,10.504646268536632,13.754472010928868,451.4512089733665,442.7986331669812,465.09934359087595,463.76109710468955,464.2335837903318,415.54777828769664,384.9897877863929,358.89285786958357,318.7554994977349,307.1809098704649,284.11401188070363,287.05294798890174,339.3837291376904,354.38097466961926,398.2961744484915,412.6549930875494,399.7504061199109,442.2756093575529,412.2447124941306,391.97080276555323,381.47689285866136,339.61115400342277,297.57567136826594,271.9896493000207,247.4555434360658,227.44914018954847,4.1759441978500105,256.1141218130255,286.6828952120945,310.18715013402806,322.61241514064585,337.0002996794006,348.083636244247,338.4791497181055,333.06088388594407,299.7970020803108,280.9224736736634,251.08679644940275,213.28974453942135,181.6852088237771,164.76889457811706,168.3627121074833,173.62849375055586,210.69822626756923,224.97077524108926,252.4056169200897,275.52947203899384,301.44952079350816,308.6369409315131,306.5435484381106,296.0629586450819,266.38827976989427,230.23516397966563,0.0,0.0,0.0,0.0,0.0
2025-06-01 18:44:23.056,0,0.0,0.0,0.0,0.0,0.0,0.0,146.82635977626182,182.45570750787633,268.8792984498864,354.434845126592,438.79129102573023,503.34790682532855,571.8929597130984,616.1071440289678,639.6105494077002,652.4581539297413,643.0527461721236,614.3961397845079,580.6507488445366,515.7336543035473,450.5315346088966,377.7482663987521,295.6004879093763,244.62938294002257,239.07627127895128,299.02960934995656,385.8715345950703,491.99393979465464,564.3424102209111,658.5864222328046,708.635615702268,760.0581856136527,8.172791326470115,781.9892871733297,773.5976080304453,731.7233184018882,678.8871677981418,603.1436020884988,542.3142686029962,477.8156831764682,440.79829737512983,410.0319124578255,441.50640158852576,569.0889614314102,661.2414293520758,741.8867307924038,859.7213279910737,913.0157202862137,940.4139504952499,1014.6721096928188,974.3807129920735,983.8387017466032,947.7218006870321,877.0621517166084,833.2742478280202,780.1680273380316,731.1501725188392,713.9252037131963,724.1178605694203,11.401049457896487,4.584030465962133,15.456593195102084,5.674167163097906,9.63595583103417,11.31243724872645,15.718800720304694,9.452205907383686,12.114728357047436,7.366295775275384,10.092852374511342,928.1152393255396,862.6130309623767,767.3131168468236,723.9778826158283,691.5846261226151,669.6743618851132,733.0148107339555,798.2651573604309,895.4798421045108,1005.537880621818,1115.3279247203764,1211.6273106243164,1283.178340701235,1327.152409011153,1338.4868102509736,1360.4354614454542,1320.238888126224,1248.5842212570933,1174.8256947062544,1047.562767871918,982.6589190145693,1127.1935043630253,1085.478201894349,1078.9162630522153,1121.3674465180895,1231.0556403061466,15.333904470110959,1459.2729276686266,1554.6677928892736,1613.744154641151,1679.4205581521096,1653.0682583778707,1633.729518601364,1543.5835139212763,1461.4975075071043,1346.01990573978,1201.5822524749399,1066.97200908457,930.3515666761841,845.5817765243468,803.150076796856,841.4804846562745,911.5517080510358,1005.2790111801065,1115.597321071641,1214.4051535806348,1294.567942829503,1317.7927760566636,1334.4945618601957,1346.258307918733,1291.6292185118757,1220.9806093186157,1131.2959236805802,12.498458834449908,15.34144730488329,13.702519877269285,7.656976469814081,0.0,0.0,0.0,128.0,10.395538988608472,13.726298454532103,14.539396274680435,1099.1637796297262,1096.314992480068,1068.172881278345,1007.4551617841844,942.9858401091461,825.7898349700753,772.9177240256009,694.0858616666502,612.8334464579732,575.55430043482,590.246245571598,648.3082948304298,691.9277336919225,757.3823386823116,830.041719978708,909.7156324519763,921.3494063786667,956.132385570141,932.806697203143,878.2090629194624,866.1249631714503,828.6650859540675,765.4253751483731,691.773129131126,623.5332151859612,599.487814971691,6.824450690677418,621.1251182927545,667.5381485757805,698.6754072518901,768.0732440183051,760.991121126494,644.5850763965184,627.5312495948856,624.8541593138916,615.6302674340692,566.0558848156147,530.1744298240162,448.00064709472593,399.095540891532,373.0215366362505,379.2155970819147,396.2140184129215,406.7789420203541,452.0634733939412,490.17831289464937,508.52333039577707,508.900520384912,520.9847830743629,532.3305393162057,506.246950796811,480.05467508329264,433.9862695716504,7.244250880800228,11.611251341469114,8.80701284716253,8.954545552782825,7.717000259497821,12.376782616454486,3.975392774665667,10.412854153170963,8.745861598777253,11.149669680146877,12.239426063784304,449.2557083300925,462.195823097941,474.79919469789655,476.87333156626613,460.23347956272323,412.5994877283655,398.3885250642499,351.3959108249866,329.7546202620947,314.3386451743314,292.90916866061735,288.65763422024156,344.15432693252757,370.2954561456145,413.09688827822623,411.9886144027116,408.91015998224293,422.27631778912695,416.58362885118845,385.0634391437423,379.8596176575846,341.7499525790725,290.96108930360003,263.7549169443231,245.95280091272,228.48955869926195,4.082510154884616,255.62223515882357,291.7293087735299,311.040034172112,325.1204148440047,332.6230861836468,348.0496700008791,336.1944950967646,330.86776592120765,303.80933443215565,276.7906784545109,248.05500086683364,213.7444443030207,185.35965716583505,162.85060899636008,166.7326975639455,175.3426709632483,211.83218212344036,232.42785256541956,252.72123003065786,273.662070760334,302.7412607324473,311.69751210506007,304.70399828662755,295.1961402754967,269.1778378109283,231.8012946269706,0.0,0.0,0.0,0.0,0.0
2025-06-01 18:44:23.059,0,0.0,0.0,0.0,0.0,0.0,0.0,142.29445121748415,166.98676569376755,247.73855422757006,343.1798937368447,424.0996324957477,501.1267193724014,570.4058077466583,621.2970267688098,647.8040321055337,656.0892956360386,655.4289027900593,634.9815808305818,587.6235458280864,529.3666558020232,464.686307921505,378.22211713975287,305.0156423099814,238.00057894387265,236.09667956986723,284.1251147554607,375.9052228765565,474.0131432535611,557.2660592694759,652.8905556154075,717.8645086217921,766.3750062663062,11.410889518590327,802.1660795697048,772.1581014114216,754.4430920107102,692.9994041689458,624.1878113721114,544.283502299131,477.91187384972915,442.77015036203693,413.45613846591107,439.7079770678581,583.9491045848313,648.7793179736229,740.5514494124499,856.3418757220791,889.5951365130621,951.4252288650206,1005.385501606386,1050.9972149593086,1020.1531050676015,958.0332277796842,901.7028056151329,848.234360415236,770.9636924850824,729.680698520821,727.5702370322377,725.5131219532032,9.129745555096664,3.7722400369939884,16.12764914945018,4.197354317168106,5.619435126639672,5.696370228683055,14.853617201910785,10.630337244980332,8.83657836957377,5.029162014790937,7.441170458287698,957.0299539774771,882.2420773440264,789.4619110254221,755.4808733891115,687.1954892506205,675.3288560171063,727.0961356307149,809.5101814603653,902.5223294499449,1003.9799776760736,1117.7765410336103,1221.6849695365468,1290.6525365853852,1348.8044245883743,1374.776775672392,1354.8788961012497,1330.148290633204,1238.7373693478248,1193.3790335089714,1052.3393059211437,992.9265666694035,1135.6684365142685,1060.5315736152706,1068.9849674401385,1124.8449782878831,1223.4545894739733,19.64056791815601,1456.5132169628157,1538.5739013129082,1624.6541350235273,1649.4109850116306,1660.9162290857046,1628.9428687982668,1539.3500532728124,1454.5091448638993,1332.6278371523897,1190.9107441647748,1062.334236210903,938.400604912127,837.5208522059609,809.0285796149578,832.942755584983,918.8072265819593,985.5989696328032,1094.56598575442,1182.4288016159915,1254.5036252759808,1289.2903287655474,1330.7566228741912,1315.8185458793664,1275.261749029557,1213.308453919915,1120.6812489666163,12.671031603932018,9.759408010348732,11.753616210590302,9.702500606723742,0.0,0.0,0.0,128.0,14.156650501447032,15.832643227759524,11.66095996119954,1071.3527482036754,1076.5739736562912,1045.8753794834631,1011.7662200226915,927.9163681588817,810.7683987199043,746.3108227046256,684.5091605183868,618.2234633051796,596.3222841948616,600.3810357774154,658.5472096563612,711.7390436178739,771.0404748692525,849.7093932974956,888.5074724788556,923.5871756501646,924.4153301429603,936.1344738918347,874.0945314002483,864.7337449009299,802.6841416382173,732.0062561898528,675.5727096265858,634.466241917014,603.5774056146166,15.00400111206703,631.8904109376147,671.4389022572568,708.2498973955743,762.2978295261821,781.3191001219623,638.7417849772405,636.3648018795768,628.9610975821598,588.8098795215433,551.6124990220301,498.8464572036661,437.70614654023075,389.4793850518609,382.11601623354085,359.18459778075004,388.4020046607188,420.23387397878264,444.2948460046276,486.98985659338865,507.7595758848545,521.6211043728006,543.828213774341,534.0803469851777,517.5035795367877,487.34802968035524,433.36363990616275,4.421223079179475,8.120868910796707,6.965699033921029,10.413742676691747,5.652267333851877,11.06540448461385,4.871274820566317,7.0370323882085515,5.334753020843684,5.363276300222141,11.59706933522932,440.53465189633994,476.7078553981165,470.40941009874246,475.0189766022976,451.12384688851085,412.6536722933173,398.02458396893496,362.6989231514722,336.1516761546149,295.6696410339787,276.18681934380766,326.18292065890546,326.8430434662142,378.72175777880074,418.1086257198187,405.7868079646245,418.5336364384672,421.16061695082465,419.1738907803734,389.56503888778894,387.49044739829077,351.61241657790464,301.5155781014841,273.8622352777307,242.33235049807058,239.65331042863727,5.591440945581349,272.15211223378265,289.6751689533126,321.00560012203886,342.7542398318293,340.29919392817726,350.40475453407765,332.4117359304762,327.0553081835475,305.83543039677846,267.8150063591776,240.51249851187683,206.61285598038327,177.44271173339808,162.40043588523062,168.4471744375988,185.17849985685876,212.19785699055205,246.06423411671227,263.75787172694936,282.30457015476003,299.6270082922227,310.7748936076282,304.23958273134497,296.0921062896433,263.41659991381516,236.04453435514748,0.0,0.0,0.0,0.0,0.0
2025-06-01 18:44:23.063,0,0.0,0.0,0.0,0.0,0.0,0.0,141.5499849240747,179.36381300097474,257.50502832682014,360.172863432643,433.3615989861502,515.402713024682,586.0793592766794,618.4631710526182,653.0957357395937,655.6036669262802,654.8562807047405,635.1360181894116,585.622088585862,525.728329402136,456.441861921126,361.21933998885874,288.7239615292206,226.49828484652252,239.5410045469484,288.0547576500035,385.32621099719097,476.228395666732,556.0216453319973,655.3890087468352,715.2538842345128,766.9412320562825,9.247981103161859,801.0314013280656,756.0240207397949,764.8353393517259,681.7301455288971,624.42440111412,535.865024844212,464.36163322548595,437.51159791418445,419.5956634778168,438.979976733177,573.9193706941548,662.3257076369844,757.7345925714204,853.384277438463,904.4026714723417,967.1594270616505,999.085857031153,1020.4724619134003,1000.5878412452752,950.6577498402409,875.3510618803256,819.592748884576,757.430366499495,708.7184820094392,704.7607894476067,713.0996780008161,9.891513110128644,6.620971103128327,21.475498706158355,17.247110281323636,10.752059049135955,9.76287834159471,11.216404909221339,9.581679793240538,12.273901253003597,10.218709211094147,12.644045492154675,905.133658883627,835.3102990499492,767.9941024171973,710.4661895659111,654.5048299407702,654.4192181075985,707.4499991453168,801.5195659782914,907.1743765497556,1001.7633674457721,1110.3129148665869,1210.8092312848619,1277.8810737628255,1336.879634830969,1365.3692904843388,1333.3108535674214,1299.3045294470735,1222.5386441819896,1172.5836192325182,1065.081240751758,981.1474218231716,1122.923716420137,1051.2818879651663,1068.194182281722,1135.114077809748,1237.885130816681,9.884728756382422,1459.9225129537435,1534.2047434822646,1627.950667561805,1627.3219103005533,1658.8021721725827,1619.3429316525758,1494.6428028662613,1426.1898888924704,1316.884568344752,1183.7262984327524,1062.2986988271348,935.3101014899224,851.7763437259072,820.3073773254597,839.7568728666283,905.8148826005437,985.8797622494928,1103.7729812957837,1180.3339347605845,1258.0412567769652,1280.7088843699319,1307.2677687692208,1298.4628961165145,1268.9060519186578,1182.0357931980266,1104.2156115011471,9.915757232505175,5.3682532117977715,11.797148663592003,4.280459770115158,0.0,0.0,0.0,128.0,7.9158609340313095,13.247585690903918,9.543203057795363,1046.9250088925546,1052.865581411113,1007.8233529551123,986.5785250454388,889.6355601162811,778.0535710484612,722.8148041066918,656.0052927230663,598.8866416642711,594.3703519828078,607.2938929620317,656.3157636816964,716.9461255536252,776.7854617664506,839.9778595175428,868.7567774526606,906.991276307793,898.8048588043722,913.472362364882,873.9294051878928,838.6177179799956,774.6753118477288,690.1309920893267,659.560552287288,612.8486687417465,585.6470803340703,18.765319689390914,613.228182537363,659.3556325369838,707.1172210494593,744.6489693487024,765.0991579775706,633.8963104144239,592.0542430499689,608.8813627068803,556.6474038318046,522.0135534519063,481.01153767254027,411.43037991252737,369.21762292858193,357.3026077940827,339.7338239684823,366.2421683250071,405.62720137975225,441.10332220163235,469.50878709153557,496.2956493194139,500.93676877050166,524.8389375688254,507.0509423887338,493.584998250602,461.1766754110052,422.5801937491627,5.594082848958342,7.175530724430188,6.666754103358169,11.489258155834225,15.813228204647666,15.965983459342919,4.311698851554733,6.331061745039005,18.268805673449776,19.512432257218187,17.909029359102547,452.20430234475685,472.6094928648671,447.7566678330337,474.55925618590265,445.8833088001635,406.5383209070261,393.73537892618344,347.8936006438506,337.38443486258916,303.39946740870204,287.7016995450768,323.5867198700113,339.4392031796943,374.3563065365742,414.42422022003393,392.5420074635166,413.4772622874119,420.1984948428309,409.6019063244892,395.09440429050954,379.7890603911323,340.57190953762245,296.9677137665663,272.3399865716578,243.1749762487645,243.82007579307668,8.020695292927936,267.0778802408081,289.0239113628676,311.8883762545723,336.1624140803838,348.2666301917928,341.91543402080487,323.52023934075856,322.50811415200025,296.1995857263385,268.626328389338,232.57394598943952,201.591123936754,175.47976153715882,158.9837583264717,169.8410913270185,186.86893062339993,207.9973037805019,244.75980141994745,267.54730718830956,293.630601808047,298.0594694094094,306.44762278054895,293.909059580653,288.4229136209386,263.8019603877724,232.61406162664827,0.0,0.0,0.0,0.0,0.0
2025-06-01 18:44:23.068,0,0.0,0.0,0.0,0.0,0.0,0.0,134.59011785049785,184.0014571367259,258.3968637210287,355.76098045797045,437.12301560623314,512.12138352513,576.4972285777616,617.0443358814327,651.0694295190633,639.6749211588225,641.2653237966498,608.5200323108119,570.9991497816319,520.9515919532148,435.97252194076225,340.73573508682585,278.81857101146176,215.7798193034697,227.85874815057213,280.4002019600641,388.09091822379656,467.63831371682744,560.2632455784939,637.6574360137171,707.8530415425183,757.389776217198,6.939790549151011,797.6963719253883,759.49626254294,744.6507800353959,649.2132136437084,600.1784251446063,519.4658558933905,462.71356620129495,419.3853849226683,418.5659016295388,456.62857860463276,577.4962906550651,667.0153538177246,782.4869428775343,855.0881101976497,923.1994460427512,966.3458755707936,1006.329085986924,1003.9523663276647,968.9464110989587,931.1126364263897,896.3364835058667,805.6683685283086,734.705779346994,699.1169241612176,694.2362779244373,721.5530151661819,13.472935296869244,5.112382121149711,12.480356889055932,13.554568710670354,19.462846542139793,14.56259415391578,10.891876591940408,4.389022000983162,14.315573413157264,12.288922760340247,7.59130104219867,902.8969423162375,826.689227286587,739.7519802516703,679.5244485624901,635.1692995708792,649.2064342844436,715.5822921056367,806.4257618481786,921.8489217259391,1025.468392464005,1122.114750138628,1219.132454004367,1277.5143263623938,1342.4885265475446,1362.5860378507211,1340.992355033884,1296.7143009209633,1225.7201681618503,1143.1549977689576,1022.7130800812079,957.1496328145886,1101.7272987576239,1035.2303765929998,1068.669691627923,1126.8443568496862,1235.1029067548675,8.341916978583132,1456.4325318486074,1545.3698806189277,1619.2031626984485,1630.2620606014816,1645.9394028274692,1601.2899492456345,1491.0587474298352,1419.4608073596332,1295.002743032336,1169.923894899003,1038.7400837097575,913.8869712910322,843.5844894144409,822.2959588942531,842.1670567605478,894.0710824467644,995.8908229268867,1101.0709001133762,1170.7098057457115,1230.467098837511,1230.3787557493715,1290.0437741441167,1274.8249510268124,1252.6510054771038,1170.047991155554,1101.625251118547,7.063276686318671,5.85186899952658,6.445746489117951,8.532383436834838,0.0,0.0,0.0,128.0,12.338379580684528,6.784606925273435,7.549057823113383,1048.885855249892,1058.0062094350492,1019.9676148025791,973.3781291925202,874.2634539519679,774.5453117083613,716.0250995654634,654.8802138793501,596.8920477107629,590.3917627482324,608.3308443632699,640.4980605666512,701.471420168909,773.5401983244847,820.3425824641259,876.083182802341,891.5975774506111,887.069965924823,899.1112693536702,825.4679808898409,831.5469372400996,773.2885857672051,695.5445596903177,649.7938265618906,617.129889569166,591.3545787122075,22.24316136076487,640.252346644731,676.645038630714,717.9520177815941,749.5813901363496,773.9100764583428,643.1490241139127,613.33295906587,609.005200017722,573.3635228121324,527.4533147896504,468.8515446902163,420.6200483375224,392.78806473145823,371.38143362564125,367.4730595925367,392.0724910853285,427.532937658471,468.8922237437933,499.5238603594105,522.1044632170251,519.3963162631879,542.7492556330527,539.1099384862629,509.69671850454205,475.7145015004319,433.6081004145885,5.830951894845301,13.562965079247746,8.812896291462847,9.041880696710344,14.846609351939334,7.046639384825147,9.247462793393465,9.76829075001937,21.420393088344042,24.920303744133395,16.511723378795303,441.74464674916885,454.1086796909136,448.837997142242,448.62563791062826,443.44962555641274,398.8546217045406,371.94757295782165,344.6477064472488,321.14259120714263,268.307248706781,297.5587269317064,321.3801528950308,333.20314646102,375.86358018868555,399.04770341613465,391.6913553984183,410.3502107210687,419.0006914291803,410.93913346091705,370.28568996117383,363.40747314070796,323.0158816429665,290.26302267575824,251.67990753313524,233.96911435133467,226.2876618485094,6.191213363774314,246.25018624662786,271.5560660919098,295.10814370964886,320.625435156162,335.92195664542646,337.43374449512964,320.7110943411986,319.68376656034957,290.07035478135714,270.4052758005673,243.45457343190716,197.16428072738114,173.3466372680011,156.4149654114163,160.9519101171366,174.65775071545886,189.34661894880642,231.57457439255808,254.09633975004044,273.9575010032067,283.7336819236624,290.20319216157026,289.1938702115266,278.22205472425384,261.00749436086716,229.20553866433534,0.0,0.0,0.0,0.0,0.0
2025-06-01 18:44:23.078,0,0.0,0.0,0.0,0.0,0.0,0.0,128.07824055906275,175.27534253728479,248.86946789918397,347.86733924924494,430.1867923048242,493.111679153765,562.4988306825309,605.261078031547,632.9401329951096,642.5969005619328,645.2923128161689,623.5191131795643,569.2441410416684,517.1384771730867,444.96022121688856,358.946898882497,286.0436050314125,227.0619362337165,230.42002013773094,272.7086704796646,376.5379543579576,469.6378708871241,562.4187313414575,640.5435252395057,696.2997528536729,742.8595444032236,16.312137805070545,779.7092048061393,764.8493802180133,723.8145733730948,661.5657480144702,603.7914259534349,539.652475623179,465.6444209098991,419.9402816734905,420.7694255696364,459.97100844847546,569.7329263347823,651.5034376340438,747.3197607495244,845.0129806985482,894.1368950156664,965.7577762347745,1003.2445437293447,1018.024680155177,971.7585201016102,950.2970739050422,889.8081515376017,805.042393845608,772.813846881339,684.7929428962236,694.1262636294182,708.1067649858919,19.173045238422425,17.93731106240007,8.476914861593253,16.425480167247148,10.315170314597905,8.021960939772871,10.898587697629875,7.609622662586299,11.027359858158725,14.866909919219324,3.9420107865827085,902.5530139720307,819.7973140769438,746.2188891356284,678.0652054029379,644.7875842484202,649.1309546174209,696.9728880926214,775.0627093610842,877.1504257757272,990.0378737186604,1083.6538923570486,1175.305797391087,1221.0802689635782,1281.3136897816157,1283.2332230662894,1289.6984683983433,1245.3556689589657,1186.7596858133923,1109.8797216271907,1005.5945648477073,938.9873955569623,1081.954243307025,1019.6588864425538,1031.7060228541236,1094.9659363472347,1199.3392042875544,14.629129550442833,1396.9202974791956,1491.657030379213,1542.9969969117758,1588.4474868619516,1565.243996333999,1533.906689834674,1424.686571749373,1363.469711730853,1257.7136328493473,1134.1978014899341,993.8349086683604,880.750659683018,798.0818155774685,761.668156686696,806.547218493907,863.0735896510294,954.6862870800468,1029.0685210003203,1127.7004278029706,1184.953452473992,1221.4214619068755,1242.382420824448,1225.1771755560017,1191.5512978238253,1120.3013243664082,1043.5147304008503,20.27441451088448,15.646675993963115,8.316140149638999,11.755194655750227,0.0,0.0,0.0,128.0,10.529309257904206,14.85481043378726,8.522262710879327,1012.693604534234,998.9745177096545,971.7805456431043,926.3122549432327,854.9336875176451,750.1678217437218,704.9830473041296,632.2776650830475,583.6882634973422,565.0551933919559,575.0722446786613,619.3710626003759,669.1364556307946,734.0892073447856,776.9859135467831,845.103035193697,860.2505190618589,878.9205377821386,867.5187325392191,813.0234668452346,824.2282137187282,772.8873836386622,709.476229627747,664.2961555976074,613.051545773561,588.742437552881,19.544381609382786,631.1365578859169,662.3419830178582,707.82499570805,750.8197298317823,765.5166035624721,645.5327480931647,605.6889719637395,605.2243481089007,572.6115666691362,533.7903745132818,471.56132224717015,431.2700635504802,393.06342502686863,369.60452809916325,373.5348908638054,383.3506104431703,418.3827048241449,459.6944002421649,494.59168954380374,521.8667620716178,527.0697332694,542.2855979862303,546.3335994260729,510.027290488518,478.342746536639,431.86546670044055,6.791685375387328,16.823050267836024,9.14067802872152,13.240793957008187,6.131609809777002,20.869842724054855,9.183119365444364,5.631077404183123,16.26510748632812,13.169229182349747,16.624355710497696,420.5522072650312,448.89866671396874,449.75844312450323,440.8024071836644,423.92849771863183,387.77738971843524,379.7840926132356,343.21191365843464,321.6310677975697,263.50855378248775,289.84775585758155,318.44384199617775,310.2506055792834,357.89810949402863,381.1222047998745,375.7563954757362,379.1524246924678,418.5911474238492,381.17443865142366,358.29688089225635,345.7397135933859,317.534395572004,285.53338256271957,250.40050722357253,221.18143702574395,227.77786456896115,17.84699541990052,252.02024323481479,275.2521982484666,291.0268242327565,315.47265242028806,326.4196014218125,328.08931462416894,309.8287603360543,300.2944021328222,285.1659578236277,258.5387223236064,229.06422624284178,192.71060966137642,166.47894495894298,154.14659911596124,158.36754828728328,179.76282703016784,202.16925881022706,228.49758144564763,256.4665666733363,275.2826574632065,284.3861565120185,289.24724096586317,291.08953668410425,273.92717312031704,254.63183221566027,221.42188881540335,0.0,0.0,0.0,0.0,0.0
2025-06-01 18:44:23.087,0,0.0,0.0,0.0,0.0,0.0,0.0,179.23440478498938,271.8734540325688,357.0245553256738,438.623057798741,506.9063352318107,566.2029915932553,623.5968810487719,637.8997935150227,651.7447309326732,635.2670657988301,614.5021864776003,571.1882443309844,509.7407216739893,424.3205675784956,364.4442075354765,273.38979962140456,228.90744400455125,241.8452491743404,296.03654823009595,375.9672554809621,483.7391427795029,575.6324538732736,654.839741342979,720.7029276024141,761.6761040405873,779.4113997021288,12.620227760578626,781.8575740966784,735.9824673976236,683.8141570529576,611.9051363203106,537.4384348985174,476.86689377142295,408.8335041313408,388.0071327944207,453.6267459260316,483.93212896069764,630.2494244147101,730.386495933486,791.4413116456917,931.8488075163978,950.6235329175025,1023.1556665349153,1022.4865879144721,1011.4477544305405,989.340796595175,945.7708592266342,862.6943269713408,779.9659857361886,740.267620327766,705.3853189775605,715.6126127506705,757.2136980563895,13.71696090451686,10.14751913852123,2.47411567437244,8.090378070817769,8.972262437306597,11.59915151968237,7.202321695083208,11.176195330464049,12.688695224009672,9.186163295781071,8.750510019343496,845.1551804586082,775.9083999526965,699.6702544290549,655.2857940125734,626.2352947762832,671.0731643952531,730.9676984230238,823.7359582988797,937.7547109161767,1037.7324358997714,1136.6587663202647,1211.5894630945886,1256.1355279222707,1298.1303979326947,1286.6740065080523,1263.4120459545231,1201.324925696688,1130.4302287856717,1059.25936043062,947.7632703795925,879.3103013286,1031.0166830922835,993.9522582698123,1039.201335344618,1124.1264005709186,1209.3455411669952,15.111972135108584,1434.7780255575867,1500.2600729919427,1542.133506150067,1558.2015721059543,1541.8575414577103,1509.802264327908,1416.0571159860756,1308.6446720783053,1184.9816838951383,1068.8955316051913,942.8081536500957,828.8872767622626,767.7851157346743,753.9303392559343,792.0768846373164,864.2343032026128,951.111238861241,1020.673632004196,1099.7693981434147,1161.3998546865282,1174.4224649628345,1201.463697361444,1163.3327443445019,1153.692848876352,1069.357979360159,1002.3702700101375,18.45614824913944,8.984514839501395,14.565228279355074,8.637064197160198,0.0,0.0,0.0,128.0,10.006838938815728,12.452695337300579,16.778856792285502,987.3873943182319,968.2605294308327,953.4443618485052,914.2909803047785,855.9036516378187,745.7832456811127,706.0302549405202,626.165623422758,593.0573817256272,569.8185862541458,581.9514211199631,631.0663679106863,665.3572169331131,746.3826735927813,781.1393431514244,830.4456184941844,857.8760918382242,879.2776017756487,882.8829541234445,825.430622013652,843.5929188652213,784.424276522914,713.2055476688452,678.3235998213115,631.5442920648895,593.6205074241551,12.986181342831081,618.71347677496,662.668085536111,710.3769544015448,741.0262859897451,777.7021416944273,647.8629919982736,628.6033826857896,625.3681622901024,592.4710222617035,536.8660106041347,479.33548098345625,438.0399113758337,389.4004375582319,371.2993272721403,341.78469623311184,351.91666438754953,400.18466071557623,428.8738176122795,449.0682729419835,494.6820626717461,519.5479519331082,541.0599306135128,538.6614385682761,523.8035935078814,482.8841632932286,446.44962553580626,5.404691411513957,10.76277286295528,9.010822383314208,12.837404291996297,8.223688593632179,16.027928021543097,5.703902638387664,5.95760335926205,5.344827586206975,5.53265437669393,5.741374347365021,422.5650557129911,425.9779608405021,446.6283593232226,464.2033731585896,424.8185569009197,410.6926859306878,412.98371470317335,364.0751419380289,341.26270317228386,315.8684934721356,297.25917734302675,305.613630850074,307.7857709828941,331.1607530003525,371.29119252547406,358.5797981069038,385.8500409718885,404.0605732242912,392.0947516748319,371.3471695126792,377.302273548252,354.82883377725557,311.5919102582792,288.91226009776716,250.21591669659148,236.56753943464597,7.609084224244665,239.18190617660423,241.0288989082477,261.4300201727556,291.7640554516299,294.8355390363542,300.94018184513817,297.5546972873943,308.4898876077644,293.10706300348005,272.92477969686166,244.88573416816533,221.6874457568258,189.09818499147286,162.61121520314484,147.61927898412185,151.53479022563994,170.88760349557637,201.12739600498577,232.17265247142834,257.465368292561,275.1050567948225,278.80476956161374,290.8717183499605,283.93209714387575,275.0091888987371,249.11525896409464,0.0,0.0,0.0,0.0,0.0
2025-06-01 18:44:23.099,0,0.0,0.0,0.0,0.0,0.0,0.0,147.0626970542465,195.2754984971483,271.58690424429426,368.5260911879308,443.84362845293987,528.2184714298777,590.2202320431273,632.8691727685468,650.7552847540773,669.0190887769015,660.4829488356564,636.1856552953989,588.1714327991019,510.0849954295166,451.3895780217366,361.4090496538022,291.3392828391314,228.46099225230287,244.15091194322065,303.750310112914,405.80465317373796,507.72716247817925,600.3713471528914,669.730825633737,738.7145195829427,787.0939965907086,9.521748577551232,808.2609515988906,771.2272374536476,740.8793980484018,673.1966122213547,603.6938379479703,530.5992659081506,451.12974031114254,409.20175114164226,419.43420940212644,463.88207661820866,563.620485099465,656.6947982165183,780.5366616573586,871.5810365840157,909.8671066812122,1001.5112542137886,1008.8833219798495,1044.5317128499642,1023.157781338248,973.8826443807774,877.0944829138797,830.8632577953002,761.5803552067074,710.0937709089551,681.5025037947591,703.0708123250342,12.006884619938035,4.936904054466716,7.046838354479269,5.108720703364243,9.255037424150327,10.538172070038755,18.22987463315156,5.669249989049655,7.284235887621354,9.770629495380653,14.3929988980644,849.8340972609037,785.0463307527281,706.0724150147572,644.550308605167,604.7621158486922,597.9456945177575,670.2625790704351,777.848108321959,872.076191525008,978.5763794205682,1080.548577875558,1179.5862174748295,1236.4205409458843,1281.385537159929,1294.4135133754157,1278.6980978539664,1230.9915294138416,1146.5457753443652,1095.2666550556944,955.5124361267585,886.3464328058649,1019.531581249734,967.205030682613,990.1341921403153,1074.3174358345439,1174.405181944107,15.83836699657446,1399.6293841052263,1483.2019571687704,1551.0868391761064,1571.2647939829255,1559.0584167437619,1512.953197512664,1412.8966717434935,1330.6101435840594,1212.9936260029385,1083.2432188587957,952.3035414680428,829.6137917085975,761.2591822340912,762.2455407381858,781.3639145616124,849.0602867189414,940.6276990412466,1022.4458996745446,1100.148163883206,1147.0951840956616,1194.794208902415,1187.0935176017006,1162.2896797006204,1128.0872832831033,1057.0919390078404,982.9980751876723,9.89947806251777,4.650733913940769,8.21493789691451,3.158691155167026,0.0,0.0,0.0,128.0,6.763911743576046,15.537073881307954,14.442309877044416,960.0327343782135,956.0728174286711,921.4573801881469,870.5178286854693,808.8448617660349,706.1443662312099,669.7561706570125,596.6047104362607,570.4681531140471,553.7722995342632,584.2959671543875,617.5189329376252,672.0502897759582,729.7287866484795,782.266179189439,829.754771679173,857.1699541608579,838.0921265069665,846.7357733196168,788.1094780083763,777.9414837596961,717.3525309408926,662.6014754337003,592.2248474497601,576.9495441743983,552.6045349661101,15.308022451863696,605.9346257745044,644.9178135842449,678.5915068350736,730.1336849832363,752.415659097407,613.5775336652123,585.1244506431902,578.664379038997,543.3836195981739,488.6920993424124,430.2089711212537,384.42389055605895,341.5156663324393,336.64161133294465,335.1394139963919,360.959490813959,389.08138601102803,444.2431740779562,476.713968908494,499.9975426575448,517.4421218414922,526.4715610733292,526.7696507432374,503.1022813614374,466.81667379485185,407.76712745607347,4.268246763446445,5.25791391399976,5.6620689655171645,10.557422947130476,15.712200461896902,9.71511857461749,2.6935463812239093,7.415058810399481,2.165517241379291,3.3790817917266223,2.8568253937537142,401.54621957008686,441.56188531178066,454.3653538624482,454.329811403398,436.87241511852085,418.91925446989427,402.99452879363827,361.7810680335383,336.3771449174883,305.5670899757995,306.1818957831804,312.6940843577624,343.8118411635014,348.07705515369685,401.3496651862138,372.5923994439356,385.503509206635,395.8394144826373,398.4398868429639,376.82064409820345,354.7878355577283,335.6398747106692,306.7303717324226,270.6836779179255,240.65692357180646,243.94285650359373,4.04016121717836,254.8671841637407,283.0799795104117,302.1449203365252,305.1507507302428,319.8448797120636,327.4811097929028,310.83459024613677,308.3756882178163,280.05657777967116,254.9897683510621,226.98428412206985,198.76860799726236,175.84012634181428,158.35844160231744,150.1808573099991,175.24653782668315,196.41818445676134,228.4490122642761,247.95735907414476,271.4639637544795,282.17681226118935,292.33178150966097,281.3172349497025,278.6454986048564,265.4865846591247,221.0995269755746,0.0,0.0,0.0,0.0,0.0
2025-06-01 18:44:23.107,0,0.0,0.0,0.0,0.0,0.0,0.0,157.3075536734769,237.86979622200695,329.8122334740484,409.4158944555939,484.2948187501109,547.7618534259161,597.3099761885185,622.2411253308065,640.5082901470917,640.0161136195316,621.0458089206206,581.6748414550837,520.1525349454923,451.712959349333,377.79422254220674,290.6248687097811,234.91727505989957,206.11398598793753,253.80969207069336,338.1237598963248,429.6190865905165,526.3461871931214,608.7986251536938,679.6441856621708,733.1644155103697,762.6079226360982,8.58487107975629,769.2990470687973,735.6656374255356,697.9523346723147,617.1734928472899,547.7594613043084,476.8387805089443,417.8328080050111,409.77455154773685,409.7548046257171,470.9112213837664,589.1877064346797,702.597708323542,775.0313478344625,910.9378468047705,944.0295735298606,989.5716854412702,1040.5018628062514,1018.6120103291516,969.9868722978655,902.121699250038,844.2529764941437,783.6008881106197,751.3744476931261,709.0065587500268,698.4573922018757,740.6610628279445,10.140621916035279,12.83057245027072,13.880689504530135,9.493017641889072,11.1057763709265,14.443345147137038,7.447600745101422,9.916091853586412,8.556159143556929,18.009629217913396,10.969546774338136,810.1053415427592,744.2124256206362,677.3288281888434,611.684315229652,605.6143950404714,631.4058524622186,705.0465435059634,821.0941663497077,915.6031433505543,999.3045669480107,1104.7004480875594,1190.4566964512585,1250.243253285521,1269.5744221693467,1280.1178599339903,1240.5893925901412,1190.4040024120163,1112.137133327418,1031.229246829881,920.7290476041669,855.4358918189781,1006.7817868553464,985.0299581554559,1021.5413839234091,1113.3636070644293,1216.5877617048147,17.29461078242872,1429.212553924078,1491.5899281558388,1544.3692438422559,1542.7239514992668,1527.7766818518,1461.2092685881062,1375.762198962686,1273.100040669592,1162.825137441703,1030.069533964805,901.4377327530027,794.8360075247467,762.3394472420118,765.6871459249702,785.7941240766837,886.5334322978266,934.0901674450408,1036.194826652578,1112.0679195176517,1151.5655705828772,1179.1083635334337,1168.591954569668,1139.5215770018838,1088.9714068986048,1038.7524269620894,949.0101144145053,7.733706411229678,6.808483585491821,17.149845199463062,10.994922198549784,0.0,0.0,0.0,128.0,10.372272946551675,5.6820044794129,9.575937926839309,956.2605584043126,957.3569730545339,909.8448251138665,850.3234056140719,781.8438784204296,715.7253095985966,649.3404966560406,591.8123355656099,552.2131772062344,515.1191545204002,559.2222881898725,613.758291536337,667.5784764842456,718.9507814182526,784.5578019860728,814.6548150463476,853.3698801201501,842.307763856886,846.2345791060599,805.7620630459732,778.8033658219933,725.4700366539163,688.0784781015007,617.2209932981947,582.6205506366883,571.3404564810992,9.089291845910445,616.2627864626564,646.5499307490468,697.7052338762627,730.1475170765052,746.0936760302927,626.8194822063922,604.1765877221799,595.993650556826,575.8686523059578,510.7659010893762,470.0710634541647,415.6112905137317,372.6132541766396,346.1250890513049,358.259374927021,373.7292825019258,391.03708155219005,448.59975649264993,493.0264531668646,530.3238355620708,539.8091879053611,543.0395497800134,535.9725309813116,497.7618097285605,495.4026744474647,447.7300574009129,5.745432717037775,5.646652721394945,5.0,5.790610666011177,15.499749214827903,9.182208640533506,13.268800024534302,6.290688102616342,9.935190339539211,11.797890212931177,8.210809223677382,424.1287768426833,454.76714231259336,457.7326535825259,464.4919087687885,457.9197485778705,409.200837564307,399.2401780428266,371.9230496881051,355.63469413993613,311.79216806139846,311.3267214126077,301.4390808370345,313.2196309101218,348.44656872440265,382.4277383995948,379.0936068127804,399.35585237418366,389.0392631008448,399.30863264444355,386.71470842509336,349.5903724713625,330.9928413689735,301.0373152753705,258.2302560486676,237.62996423182526,222.2432352892398,8.27366951301071,238.45848203045324,269.6524614525234,284.3164259396918,280.57982786938794,305.0555131458271,314.68111493525066,303.35977042422127,318.67653033037243,285.15896859788734,261.25976915196367,237.45893776586018,205.74680477951824,170.27638943971155,152.79127642787302,141.13992661677824,151.8931199670335,179.18876021979756,204.2301319666885,219.67990724179796,251.2405593972957,265.1708926131273,285.72346043124685,271.84243166500426,272.36714002808213,255.17432184527448,229.79815730385366,0.0,0.0,0.0,0.0,0.0
2025-06-01 18:44:23.115,0,0.0,0.0,0.0,0.0,0.0,0.0,143.77892543791094,191.747174397193,263.1780659508873,362.69267838542726,439.1881918984405,519.9715486127898,586.9093557184871,626.8455825590124,648.0122287662355,657.049515649048,652.3542712087029,623.6603606915428,575.1123200314547,523.5704959304466,437.92265819047685,339.72598760812616,268.05212290274096,213.4779331749345,223.43830666612885,282.54228955870815,380.8472757035784,488.5261542269419,572.7457641030263,652.8447311218332,722.3150416751457,753.0508397549606,9.83982285796548,794.2554984667,761.0047659787854,738.9423011574871,667.7520871235935,593.9569174682034,526.666493132774,448.5269152478509,396.45817926840516,398.0333764138248,436.5366572197172,573.8441108852528,672.6770373504005,728.7116064261448,847.9218232314978,912.5656073628502,998.6675781348112,1032.1692721995655,985.479751240732,1000.9271275697082,916.9773181640735,901.8262111160955,810.5366810803736,744.0139777090108,692.569938484208,679.3277738479044,704.9151822464056,8.025826627150108,12.877471081746714,14.581855987657422,8.771067411793352,9.30350692938171,12.067205928711047,7.079724892088092,5.61019577530193,19.618379245499867,9.243783749252758,6.3030787898395335,822.5625796640115,751.1142506439096,679.0493043905041,614.7419164761922,594.096262980776,570.9520607589888,638.4246015448091,741.8640804259458,842.8380276332737,955.828967669521,1049.3283995237498,1132.4962485527021,1201.9330939752067,1243.0157271738963,1258.0875852376541,1234.7222818878836,1197.3734357329033,1108.3577584644522,1036.2188784512405,923.4360668302216,864.0338750994321,1004.8348899337236,949.2696393986264,978.0538389254815,1066.729340811414,1174.7193808684883,18.65130532460326,1386.3354229635117,1481.0060224517683,1531.0502139945315,1531.143471529926,1533.2568701568773,1484.6616668575282,1396.0364531861842,1295.8644609087416,1176.7584029153566,1048.1359525769635,910.628424581329,809.2535366942526,762.8299739650458,745.0320785955023,778.9232959004202,851.4582705564056,932.9969655798554,1015.5815716043367,1085.8425337113322,1134.770792632383,1141.6424835114503,1181.3457175385904,1154.5430420243501,1111.4587409791845,1038.0130661901685,949.3462825219707,7.615773105863909,19.435101566149832,5.563819619518354,14.511505164979411,0.0,0.0,0.0,128.0,8.542213295450889,4.982801358132413,17.386470098346575,958.3082861854627,953.1968861760118,928.5011734688871,880.0760748521374,804.6548911904611,699.2730088917583,650.70796706691,596.5008988898907,547.4155087850437,546.6909277736195,550.8084672746215,585.1823253923171,652.0177771187772,714.4584263425771,779.7234431858375,829.1938260537842,835.4892809247777,864.7491552751743,869.2780745244917,803.8988496450935,819.2539379762591,766.250607723337,700.0478086054269,654.2082982982588,638.5804156986678,613.6539329834451,19.646567034927862,654.3626435831713,689.1639379231474,728.9184212313189,758.661065280168,792.4471650800706,645.8333843044121,612.7136624281659,615.3774713467641,567.1281817406091,529.8324810083362,473.73358885224997,423.0448049114795,398.6210117164491,377.9753713076319,371.30886718685446,387.52720238127176,431.4159774836082,483.74872909921896,499.5260472716804,521.4144150377899,534.1228111332625,533.5455753139539,529.7158734766149,505.90365509853814,466.10899315122384,417.64832654798647,12.259770114942626,8.861210531149053,2.5283458465457507,9.346576051779266,6.6728179978994735,2.9745505477766647,8.795904055374928,6.369246907482984,7.505611525610567,4.967897784244544,13.380938915517987,410.69129926784103,440.02555138969365,420.5811955352136,430.2709771191996,410.86666396159836,375.5075354201516,384.5055022069358,323.20432040174666,297.0190111457895,264.84404163497925,274.56653702475796,268.6054200827897,305.53241565209083,315.284124176645,369.9100839993009,354.6387594017676,366.88601401246666,377.6251304008231,361.7152506569052,341.1860397616251,329.8751268143593,312.5374669341084,276.78447982530406,249.24776737848276,230.4009733656759,216.74437151477608,10.823176881714524,249.49910036429372,253.3711789338809,283.46980154411943,306.74291654641286,304.97050278129154,307.30501397020987,295.8908700602339,289.4625163009771,275.71444100619505,243.20845511581797,215.485331861248,184.57880979529642,155.9269304505352,159.13300238670203,156.65433471957743,171.7466898713113,189.19957248024446,224.0862455670464,241.91715246356935,267.04960030773356,279.709553671562,281.98599823888105,280.54567572664877,267.7369646059934,247.16206858695278,217.0310379746378,0.0,0.0,0.0,0.0,0.0
2025-06-01 18:44:23.121,0,0.0,0.0,0.0,0.0,0.0,0.0,144.76223614978892,193.87188913832327,269.83873840637835,339.5975884849996,442.2419539370614,505.13342716012244,579.6139730264961,612.5538853121316,639.8676488932499,647.1256315291948,659.1844623087253,619.9193802612448,583.2857993633571,507.0074283572406,437.62561873194375,365.0836208110052,283.24685671693067,228.1635500051689,254.17784506639424,300.50908525144814,391.257838193401,490.28904486450506,566.6715073872931,655.2986912398032,712.3372743901684,755.1551770495606,7.486446380438595,774.3389477495496,755.4019249081251,717.8106197310252,660.8649795275217,599.4445836663565,532.5588662640982,458.6843167585411,419.96780249327554,398.13256865144837,457.7859714862278,555.0360387963306,674.7711377854629,730.1867102633922,795.5526461218298,884.6596320105957,930.5771483812929,988.3642830303827,1035.1243192929132,1007.9860936032243,965.9503642368218,867.3457914586407,824.5768286895615,745.1659571536354,699.8720074578209,690.3385545049784,700.577602608222,2.658936933930751,8.416204696185886,5.237438865752692,2.7190254270514256,10.201542589046666,10.129322062192553,16.928050058177604,6.913952322689438,8.80179448115556,12.766756261508291,5.830951894845301,842.1718727049506,752.4911920712971,668.8232051295275,613.1524143459212,596.0356695204084,585.5434286733641,621.321351043856,713.9143821703188,803.009461645944,912.6574900193526,1001.9081708618307,1083.8527770816652,1138.5017838832405,1163.1959367995607,1180.4808892727551,1171.4052124555874,1144.672395140198,1071.1606708114057,1013.8705549816185,919.1437802503245,852.996487102093,975.6890033430554,952.5043446902514,984.2901954592819,1043.247017700462,1140.166569958428,13.580455580662486,1303.8801778889926,1417.3893671449935,1459.636469290038,1492.1683080311086,1481.3820877204705,1436.6669984333585,1335.711029145886,1257.5656121404118,1147.8691992274796,1033.2668867094235,923.890817965584,799.1834208322957,749.720733927617,733.0589255424377,780.0283977342755,828.8473572167879,897.3593453411955,988.5961130614942,1069.1360727694844,1105.5153222886431,1153.6148630750552,1129.2924741937356,1121.5569029199348,1079.037682667547,1011.8839217322213,944.0830213584757,10.09233064177072,14.81568803913848,10.840241859536732,13.518701431533806,0.0,0.0,0.0,128.0,8.467145020079698,9.674293433653155,2.7016355639819984,940.0643644569267,912.6852245043033,905.0690435805037,860.5612133512533,807.0122281697978,713.0041424220253,661.4426319750854,615.6620756487823,557.0051516212087,527.4783883791217,572.5548803652188,609.9307778707603,644.3071721640498,716.2542502463731,772.5912503838659,833.5566861390837,854.2721648751537,862.085627176885,856.0707730227639,823.4646473921655,805.6116909153014,762.5002456851901,707.4644712425661,666.3784504567271,609.8091658990405,606.7633232683128,13.28443160212543,642.4589154470608,683.8178331481504,728.5298496642599,781.7568067021691,787.7599053740939,642.600656666385,620.7231675439677,623.5282187304801,591.3333466622464,542.4983052782297,495.00788828393473,441.8981086879909,400.15707804820465,379.33580420671524,395.27074049902075,400.0891497612839,425.4991637219527,478.12833786401296,518.3015336710639,529.1742674723781,544.4659726950379,527.5732233103707,543.3443972434485,502.4287131597471,474.4074798990875,425.91032534469053,8.60684350114169,9.067838603728523,4.090417929837772,11.283948313466194,9.196282869876518,12.499170567899302,2.678054787698417,11.613848552895965,14.274723848766762,18.530297322236603,4.750461268165328,414.73821847075044,413.5199324968246,437.70780217731505,435.87091779868814,422.612628550563,386.30667851019274,347.4418132728987,331.97960530186435,315.1443418537027,282.74114304890145,290.22989444175494,290.9365023512799,328.4426952621378,322.76443546744474,376.3374864865027,347.5633648228763,352.84490598352556,365.83197226908055,366.22451409365004,334.28519304891654,314.88624621304194,292.8731251851982,266.7686070500988,247.84692685967389,224.5892559904544,221.76927668182668,16.62959982713202,250.54383833500927,276.15994471890184,288.305782417545,300.83079825271534,309.52230355760577,309.3447836499247,288.9776946319393,282.6504557178061,250.93044053475495,231.92712723948318,208.24732806553305,177.1996387418549,151.23527916545154,151.49618895148578,153.47888834231335,171.10599924941894,205.02403257305292,231.20868382449356,258.3345840527463,274.7001133714795,282.0947116753946,292.23466872599704,286.95312067895173,266.1819798460536,234.25268794114612,209.08977139536788,0.0,0.0,0.0,0.0,0.0
2025-06-01 18:44:23.125,0,0.0,0.0,0.0,0.0,0.0,0.0,162.1754987559866,177.92724148241044,251.11188750167167,327.91356143781525,412.94064993684725,487.40816121618604,566.7533626180586,616.6918713839361,650.7472137985073,676.7917559902885,670.2745017871632,643.9451537155669,603.8560276173271,553.7382290533659,478.8799252622699,402.31818404341305,322.95195863023145,268.2615177603864,243.66081281552601,301.82558430415,403.12395586936145,490.76702769069254,580.0206812520728,664.8637081970448,722.8754880455488,771.8549126679321,4.268255246935466,803.2597083173317,784.6001381131045,742.2404860779222,700.7594790049545,621.8599460333069,557.7795692852618,484.5820534676092,450.7872170395375,407.4875276450696,447.4588898141606,560.1711938876381,640.378476040643,763.9348423775161,846.7387684839589,904.248116255247,997.8743067048425,1041.2029363997167,1020.5678033674467,1013.3557741082427,931.7297204241906,908.6297469560637,835.1401251419352,780.7136046173739,720.1057761630238,683.4458022145593,693.3150638187051,6.780968642643709,7.821836253947659,6.60539620939595,13.76233816278098,6.873143068521759,10.047582489115332,3.6767836849042137,8.016685797198186,11.484816244229302,1.9539254187220916,2.4013499966880585,851.5385225412487,744.0777270112613,687.1723466628631,615.017913592707,592.0282498541578,569.1313735445212,633.2442079442566,727.2972610941596,796.6363927581621,934.9345215397792,1010.9719144820397,1086.3280724262424,1155.5768110488473,1175.9052231211945,1188.4401633752445,1198.9356545723665,1139.9312072615783,1072.1353607234935,986.7817814941068,899.1649641223042,830.3861288611128,956.8121806296344,925.5725360623737,946.8568777913425,1027.1033608705422,1124.0382170539344,18.19604788117801,1313.479161286344,1420.2426407785804,1432.2414980475223,1477.6720658559943,1451.8345429981239,1414.0805262853391,1341.0442855515957,1234.8987933429273,1121.2786631861334,1014.2872238711108,883.0503911737155,785.577730059952,730.9257160964736,716.632574171755,748.8396980825737,804.9147903157597,905.1640586806029,959.2059940528133,1032.0752277545434,1068.1925820502295,1084.4836949831713,1105.5318743647626,1098.5594962108785,1055.6099011042322,981.561081423205,887.8036629550871,7.418754498554353,5.522872458405743,11.649942891359604,14.1760606316644,0.0,0.0,0.0,128.0,16.692479853099663,9.257720602756239,2.763405811533646,962.6818444278124,943.3109387671633,928.4554769137148,872.4693100809053,816.7151814805802,703.5257894885397,671.329248167508,597.0847471343266,564.6115799161734,588.4607778512627,604.4432660831844,645.7585423334014,712.0013497530932,777.840938171322,804.2334190397517,872.4228419675247,876.7708979936214,890.4005920377772,878.3527696821998,829.693805798059,823.7231714223528,750.7912767899751,696.1751878532347,642.3867292484292,626.1267272213236,599.1610285495758,17.780462320462682,660.5604310100641,730.996624078715,746.1378415870792,785.4120279196267,799.8995204893115,673.7482821318985,640.4555157417826,615.0631336583656,562.2513899521931,531.964387913835,471.584993932099,409.60710545815215,366.9478487047501,371.178562050814,373.4663194780079,410.26047990698476,470.3239233273729,488.3627734210249,514.4574938771822,544.9094360865635,543.633855143146,556.5704551215834,544.232651834888,518.8560108661,473.89426308892587,426.17934384975615,5.516707172380494,8.567515533493152,6.228835107315284,5.388800421059333,9.231833584796899,7.558802035250389,9.925075558757772,8.420711634111472,10.958639459466651,12.394766456701367,11.061443710715977,414.4877965625324,451.21096916784376,459.5228058855044,440.70631826747916,439.93127968384493,381.8007782655004,380.63848236301834,355.9200141193841,305.2228728938199,292.8405266399157,269.75557212272304,305.29473672137533,319.7964301835705,356.46669395049247,379.72534939539594,368.83036310133576,376.6103160897444,376.4467012330067,357.61959129583727,336.5429810092407,330.2042283133537,300.7521296590865,275.51032554537903,249.03906469712823,230.40555581349605,246.90803913127013,4.719193067687318,270.2048949401965,283.42530175226466,288.7321469521256,324.05087672034443,318.44985452968234,300.6236732631733,298.3289896139822,283.20284839399733,259.73081115978545,230.36570459956602,202.95202962048955,171.29264952802882,157.93395396290737,149.01556778653108,159.01128116960737,181.29959213116132,205.93458754232086,236.44546063938333,258.0725289001689,277.2465470212811,291.21395340410163,277.1470484232848,293.8531082338102,270.79547035179905,241.84439738870157,196.77568200529817,0.0,0.0,0.0,0.0,0.0
2025-06-01 18:44:23.129,0,0.0,0.0,0.0,0.0,0.0,0.0,172.45480117804635,187.7045770135435,249.99841307598606,342.16496423440503,412.45484432269234,500.03810830291457,574.6317720397988,620.0032956882111,657.2490122456262,676.5675903037921,678.8709483978993,649.4221174838668,602.6249264649607,564.9716287398619,493.1285623649188,422.69027790148317,331.791191984618,279.0971375098731,267.8621671755056,315.84757588482313,392.49447476973984,500.7360750459614,583.2788465012686,658.8803839239426,720.0823258471119,773.2081544146243,6.366434282759909,798.9169855620999,794.6485600986695,755.0368494050587,703.348392851517,630.5108671175032,577.1765292459645,494.87692144978627,443.60047285793183,452.1455256539666,435.3627197713592,563.7200585979562,663.4393934982584,763.5106588386149,856.6115428339117,938.6271836164441,1014.1507253627326,1028.3987216952182,1007.8536986254286,1016.8761991245013,968.8134009736405,883.206403447121,821.6161221116305,765.2211558355458,741.3550812881646,711.3808805444064,735.9234479580252,11.62899209606426,9.459853479051791,7.065228623002104,5.247368044277556,8.040468376550026,10.000802596201947,6.271056728974942,3.6772683911188997,6.787918642845088,7.185716155284174,2.8188949085835913,816.2578491441678,732.6319467054726,657.1199678061826,621.2989399989041,591.6529947535328,576.0529228596679,668.0541058864327,734.2279580884492,837.3812513802619,926.4231823486972,1023.7831233411912,1092.500585484887,1155.703633946472,1173.2003089144994,1192.1930288829587,1182.8704707483173,1104.6532960436853,1063.037219467726,999.0089463194911,894.3788158956039,832.208563784449,969.3438076580419,938.4963526723873,992.711075092594,1071.3399719225843,1182.7705161147298,5.595227953691486,1347.8509051734802,1419.3381509248024,1470.170875961618,1470.6379659123384,1451.1891760219944,1400.7720208911487,1288.6967437529809,1210.2751834074966,1079.1162998478035,967.7885840201111,861.3841572345626,770.5820145914983,731.4338081072244,730.0840359636471,783.1952528729306,840.44809620201,914.1056165875065,981.7827698587716,1037.6288677758114,1075.5055589394779,1111.3738310974006,1071.7358902603191,1060.0106783175204,1016.1202271480073,934.489073902048,860.9148215312945,11.335428939423526,5.001593417460116,16.05270335418701,3.776240548789781,0.0,0.0,0.0,128.0,4.675149979711241,12.748531398720765,16.771951700857667,921.6226867696934,905.8009649247336,883.0885510967258,838.0562574290793,756.2879825353347,660.5966293091955,628.35634921415,571.7478212762921,539.810643029578,557.2361246542272,585.3530102627168,637.4456744467894,690.8523873317567,753.4427867396771,800.821447210246,840.7039953070033,842.6025293544928,846.439572158478,853.080725934668,794.3399654488416,774.6278191550557,709.4668555754446,639.0873391364581,612.3194912907138,590.4628097826076,581.6764420947186,2.4901871011754135,632.8295138682751,688.7298573285135,737.2256757793411,748.1542684242032,789.2459356835983,652.076344047777,606.9717989054573,586.5421390733237,536.8697758070666,492.63823517649547,450.56933238646604,405.1353500587126,361.8540889191343,334.22217305781794,358.7331081328396,390.54633228599414,414.00077263707215,467.5892897643493,501.6874515102017,523.6209045505301,555.0425956096341,560.3513515682548,530.8354917504523,518.4112883965057,448.09583816514225,405.31592124690366,3.6341887345943595,3.24888014889504,5.021314683315794,5.3805601702269295,10.420662062102883,11.117577565688448,8.572190836742136,8.065217919610179,6.473401105565943,16.21063534984409,4.240233304646828,438.82343224664226,446.3506366907003,439.51721940509196,439.0877262335154,416.7378495184988,389.59233358061897,383.95596397124405,357.02229557753606,320.71227885377107,261.38295580774053,282.23901112694097,312.0355777357401,313.95659982122004,350.3107497395653,356.77341828011544,340.4647758649958,373.4146457916634,363.81568630425886,352.4812724531912,346.5541543439902,317.63460011414173,288.3831946667546,271.8791800357856,239.30037395246958,233.50295634906894,236.68820698675222,6.666604649400066,274.7233693544494,278.0931622004594,288.7658399628425,316.08900403667707,303.44355581803967,312.6241201851564,292.1111789907166,277.1270839164736,261.181967629813,231.60379555941915,202.60727494192662,175.71019712116538,148.4873175452466,147.27514736122953,167.0438939477831,178.75907501208064,195.21612261102246,228.83985542063678,259.36174071186264,273.21589507951916,284.93955973549936,280.52091490953376,276.7339954984459,265.73659174016905,238.27719900539685,196.12627268471087,0.0,0.0,0.0,0.0,0.0
2025-06-01 18:44:23.132,0,0.0,0.0,0.0,0.0,0.0,0.0,191.16894682087025,151.4321780030569,163.45790588066106,245.31587616638265,325.07360869841824,418.78931339156736,499.9157885935757,564.7595278681376,619.0881460511839,642.2916871975406,666.4907518438727,675.5332678523607,649.5481723152616,605.9095842305799,553.6081801428263,471.95672174506444,386.202614397351,306.3747724053906,231.82694927196476,239.62043387101687,302.3214198639753,393.68790914689856,491.79053793531625,599.517176475134,681.384218322938,740.068673742191,12.91822162499123,805.5356580254806,807.2198665241482,784.4510836597198,736.479048920588,691.0122024113567,602.3890011961137,535.5423872645989,497.4725257365323,427.8331644747124,419.26594407425733,516.1081612905147,582.3677194845268,685.247568573116,798.7447248045618,835.1413779332496,920.0185963568318,950.8452316052679,1029.6028103725337,1037.759921939995,962.4365672562298,973.6968578307298,892.5581877786049,821.517786228173,737.3203688993392,710.323112076682,694.8344638058715,3.7915161887767357,1.2235124211598474,5.019353437757699,7.0710678118654755,3.265282738134834,12.09525668475186,9.230309361330232,1.5218732988547718,4.358591996823508,15.645307154331949,3.3260158493850307,868.7201974026707,789.7696001273391,718.5414685179513,649.6910642837047,614.2205084099827,581.3603626729498,643.6982006907225,731.7953506230009,808.1409625838801,897.7160541823376,1019.2079187465007,1115.6266972228934,1173.3609277141907,1210.2683240894085,1211.431917990289,1211.5142705381834,1182.3516700456346,1121.348525435052,1027.0406571298188,919.5700870110212,880.9707402203662,1005.7109769524803,975.6497738181115,1004.651347227032,1058.7386788403317,1167.6589428864504,8.870634384005553,1350.3106473674154,1401.4184883322005,1456.1598910137218,1488.0473841765279,1458.0580008923991,1406.2755523882774,1328.7220244986659,1228.0993216249763,1129.8152719746922,998.6609088031825,891.5664331741183,787.1139712960846,755.1340081567322,744.7385169848827,790.5501904725617,852.5554722172559,906.6110482403748,979.6194056549648,1041.0464412553044,1077.8599241896036,1064.447552924695,1073.0039898317953,1061.9988526490326,1010.4327170315834,955.2302353699625,867.7117735039144,14.806896551724094,10.10874383411615,4.220446787850528,4.14426077905042,0.0,0.0,0.0,128.0,7.19206599015442,11.125591786304852,12.20911428453169,950.0498039518868,902.6831609073027,902.4657262444357,837.8393869767508,782.1838292171518,694.8847077122508,658.4734464791115,608.8218050031462,585.3714681755005,567.8598463097029,615.8892262075826,654.7225813542254,718.8464801684729,770.1619021946265,810.8526201291799,853.6851740941179,861.2387782693817,863.3448483839725,833.2577712000843,786.2721978477038,773.6209352561709,718.2787056150246,693.024071639174,655.4666402374665,631.4204734848905,643.3057179899001,18.485549888996676,697.9679713608301,747.596573974684,766.3775114153981,809.9340833709523,804.0095014262024,647.6620593980971,604.1640704196813,598.6114766064471,545.6843809104404,494.141782458183,452.34507636730683,410.02248257774414,388.16801134404625,379.12633914360947,413.6365233540824,453.92359123072293,484.38809919004154,544.2348279403876,578.2149497773154,566.9092722075164,567.9437401871852,560.1486435056986,538.4599386421214,510.45393027341686,452.094081918997,388.6504840133291,5.11144683064668,3.669560378578091,8.504089324963505,4.107614513540172,7.649346933660564,14.165189840941085,10.127707723549788,5.838843927156855,13.33906106238619,9.17627849967916,3.516752994225774,421.96884094412917,429.82616710909934,425.5968809855086,408.68703643180527,404.7959506676421,351.15592416990665,334.11730744899984,297.60049467969475,250.37664030214012,258.6562125155975,274.32458076521687,280.85780368846616,323.28884158964735,336.5666662561402,353.71234231210445,359.7749830430234,360.711014633205,347.64449500739244,348.14403872290865,328.40755229910366,295.453583906575,271.78979622873715,238.00148263099928,222.18939921990813,210.35334165956272,229.52353279894922,3.2069789922685894,265.85461428757685,289.29121872278694,297.69007028538385,314.15024835510275,302.5191091292186,311.18697331832203,288.6935913178895,270.43788489596653,238.9499618511257,222.22103674147527,188.7795647011443,157.8530449436406,147.1647178035531,140.935832557225,158.63210740013682,189.51346377737391,224.98655150056396,247.29421275894117,257.3605148742094,260.86412818714774,266.33578859231204,268.96638044203905,253.62958116868165,229.63409579676386,199.27160444423168,170.24861832708092,0.0,0.0,0.0,0.0,0.0
2025-06-01 18:44:23.135,0,0.0,0.0,0.0,0.0,0.0,0.0,195.39559368608016,171.9389331585665,191.21727805987592,279.22394014055726,351.9124428108332,446.65659567240095,515.5911334544725,569.1165710380076,623.473926375275,662.1855153923912,660.5628039651268,662.8187974664895,626.3107318636297,596.0627872385155,522.3699930025392,452.1777244502177,370.07367962635664,294.4629008639688,252.1464961107153,263.65716870550045,330.3187387489672,427.9500550239289,520.726356472011,606.94490403119,683.8587456891048,731.4294337480978,7.1033539162718515,800.6856617635723,785.7722939106501,768.4201082094478,720.11777793684,675.5408442102997,573.4762217850272,502.7177916533884,443.42842187671084,419.9885066216979,414.35699836307765,495.6543069134996,579.3598696538247,687.6457643099557,801.8941871334979,880.3535209145331,913.3974302395325,936.89575261101,945.1244228320064,944.2294599242472,937.2712468230311,888.4093562150373,838.8726677598632,785.5310912347246,700.8681174766355,661.2200494080236,689.8295808389211,16.73473819794088,16.732859730323725,6.303537217606502,7.539884120037792,10.498483556572564,7.536195557523278,10.122571772465319,9.187473196193984,12.254104599434735,14.737459318278491,14.51479211252063,829.3277146608774,751.7752836634207,688.0097321335168,611.7682125509558,597.4014799717288,564.3202683312478,621.3376616809124,699.4177400218537,786.6342032680503,891.526126970841,991.3003902330582,1084.1333540341277,1125.9613016673866,1164.6509100325786,1189.33723844851,1193.8165655210591,1138.2089949752137,1099.7095692415855,1027.2081414364682,947.3703559476705,863.8886254396335,1014.7467413103494,989.269395522239,998.9440840367879,1063.9799923994165,1151.894020841935,4.065769902169608,1348.033539132444,1400.5643830150498,1459.9799531727153,1479.247683742422,1456.3479793451816,1405.5485911910039,1336.5940607392472,1240.55154913032,1146.6853589039836,1031.9330720417372,924.3573564574954,818.0838868113123,775.8558638266496,782.6883790875977,820.0577540694354,870.2291600088953,946.0670853031261,1021.1289087961836,1070.607249826798,1113.268917273447,1144.3504924349174,1114.092985751901,1090.697319669851,1014.8874839435169,960.216190106231,890.9332566976843,1.6988505747121962,13.972121661688007,11.352973715534537,5.7855070065806995,0.0,0.0,0.0,128.0,6.046694829716543,7.204986091060884,23.628347127920875,926.5631036271869,904.4250520559888,883.0663789894121,826.4189065530127,762.578870592395,669.7960511948837,636.3660315734421,591.361847722006,540.0479186042224,540.8363822107676,565.8620872322297,622.9887052988302,678.0976024199279,733.988685651334,785.2093708723714,834.6218977820423,856.7318571894688,845.7433376487473,820.485226832232,806.0523451284364,765.2369470642999,729.9899689391286,690.5779995368806,622.463013699353,618.1507105106703,623.9564628720294,4.523882271310726,673.4064249187651,709.4248432726952,738.0394065397255,791.4961454499107,771.4054995404257,616.836250355637,573.8500770965595,577.9460899468553,531.0605479460261,485.0804420214334,426.70637017621993,399.2176449253446,376.46426059805685,361.7110460632561,387.02033265073857,431.6084928586355,448.3137146321152,500.55222847022185,520.393567177801,547.2082088083205,549.5568717953385,522.2502863384042,502.3760999515917,463.3205198392872,424.8034433804321,367.85506722556704,6.014175979508953,8.151715789861118,9.770822397160629,3.0070879897544764,9.791005207524362,10.825856129960794,5.313085327941469,6.611784231343648,12.96911927467552,6.466401192650584,28.212605935169673,397.56779223882353,406.91440696564825,402.66111108776414,412.98903023914875,377.1355949470545,337.441525640784,326.3141321526061,290.5894771398233,257.1982471524823,230.72609698189686,251.00979496485616,257.68410007273064,305.32623829459345,306.99752393338974,358.34138237595414,339.7764266415487,347.0398536966829,336.1375134996544,324.38416643046014,310.2806027262763,284.331996395372,270.0151550373949,243.645521712136,225.3306322276959,217.67432815996577,216.09345143520432,6.496633917087522,252.68032761153347,279.05606513725627,293.63755556683736,293.5242326437754,308.94124236616796,301.89678256953636,277.0695210257245,272.45967225568677,250.19878333623362,226.61442953036436,179.1449295909553,173.93485793881177,155.30979135093742,163.10120821599568,167.16106088034226,194.37484616399485,229.48698534829478,238.77692584843388,251.65531352130662,268.7948433384604,273.8006700332966,280.7347187295527,260.72976226868394,246.9492446090918,212.2614064336642,173.0024259262807,0.0,0.0,0.0,0.0,0.0
2025-06-01 18:44:23.139,0,0.0,0.0,0.0,0.0,0.0,0.0,170.21922396333795,225.68033229009075,312.3923583231101,396.9159770925123,473.38071261802406,545.6884928761704,595.6873657156524,620.1204956617103,661.6858903005578,648.4501816229374,631.1648556383001,597.8867772615142,548.3214596993461,486.2065678702715,403.47511453449056,326.7518074654105,264.84315254416447,230.1226904799203,267.6546579934781,348.2088319894036,438.71929735825375,544.1570774383227,620.5424640349801,694.3907458818306,745.2210543161993,777.6298496404273,8.384796778502068,785.9563215945225,747.9321064770091,692.8377224815763,626.4397129204957,571.177240748881,507.112795756461,434.15615588436435,411.3862605899903,412.4180911163064,456.7907334402665,600.2349294919713,646.8597202938123,765.2517195542601,845.1244662847201,899.1249382452456,932.4777025039203,1008.8895610612847,958.4552525115665,952.3556187760375,937.9388936057674,853.1256518387,804.7951719754009,721.3601522057247,687.8895218582315,698.6938355967336,732.5771990550273,9.441379310344814,6.307190096828525,3.9842890629974996,17.453884968467154,7.526566752324155,16.8454451833168,12.357656692438761,8.454162394859075,3.444349420707882,6.832817376518076,3.449820843741491,788.3233466822356,714.1065979926809,636.2421203936244,591.8027018878794,595.057654151154,599.4508971920285,678.9476466433442,784.3584883474708,840.2853789991697,946.0300226024672,1031.7631325053483,1088.7447816822419,1151.299298165361,1172.8772561115827,1172.704931296289,1157.2117929321694,1110.3734463588414,1036.9695924791904,987.7171602965723,870.2851921658275,824.124964657836,961.6664359622798,946.9959253122067,991.269961072966,1062.7726701898955,1170.6978141931772,13.767937886859716,1359.7303959910694,1432.096702932985,1473.374601283499,1485.726131263295,1464.4825457903905,1400.440991691963,1319.422240229921,1233.8527862787373,1117.8313640807,1012.8389997325478,903.8488594970122,829.9654919386552,762.4499845635023,765.425817386617,815.918147815897,853.1916406527735,929.2313542323263,1011.1017413459699,1051.6078233598837,1096.3119628465315,1065.5963354118462,1099.8577374865943,1077.3173649841399,1048.3762215359855,979.1613493132137,905.2027737088405,16.70574712643679,7.120539975104232,14.539702960918598,8.043073753145254,0.0,0.0,0.0,128.0,10.967721388636244,7.2791360141456485,10.891989226918435,929.417111200797,911.1821344544917,877.3814533420493,829.5173827547835,776.0805309227355,701.1489943118462,663.4253871296446,614.1888474173224,564.1576122982915,552.2376373764426,589.8560003291198,632.9934023305532,685.1754850389437,727.469790909119,769.8590382221457,823.8766750488325,849.7325682843344,839.6585364142327,828.9638158662868,782.6761401911454,773.8805921638125,744.5353045091105,686.6989331254493,655.5380784359176,623.0973451731455,635.6017773279701,6.101753240663107,673.237107779242,704.3530869277716,737.6813020053546,763.0247556552263,775.3732988747789,620.5531168729249,590.1814018615135,586.6865976809645,554.7506909825429,526.7244960893179,465.3964500753789,411.5747796012734,396.7376704511881,377.49928720295577,387.9172044733374,418.8174202683908,441.9403619932805,475.10150632374905,503.4860259583093,519.6669522709502,510.29473168457287,526.6302493516148,502.0554330362686,489.339560531427,432.9572611361324,395.0624014643111,7.1854804555630825,6.922125704862805,8.208473315954441,3.5624650703292318,4.996808200284841,11.2293393454099,9.428860173057473,10.91811888287293,9.196229240894146,14.168622940224532,13.900624231038055,389.69606219609824,417.41439081511123,426.5193229176584,414.578398554016,392.5325589010851,364.3347644488655,364.24744556805985,312.58915522507624,293.73768706703726,267.3067109943512,252.52879476503517,273.24200485337434,309.7323260582968,346.39464741446994,345.3724231280722,312.9342218323082,346.59422106667154,354.89358275628683,362.1517378765349,310.32759310635447,316.9118850942045,288.7886088327181,246.06524086549862,223.40307474709417,203.38382221848008,209.01220932509415,8.362946920304621,232.14669245782488,251.1886723226777,274.63714628806184,280.097256731799,297.0810294972173,299.90930537218634,287.3048246405865,283.573934158361,269.65641093000886,247.49948249848987,215.77176762104875,180.66864807734984,161.668149569702,148.31631979092185,138.56996718323552,141.67927262045887,180.83229460265716,199.98644607844346,226.6261777481408,249.5459957578807,269.23906272335546,270.3474908729158,275.15389678836704,262.8727705115878,244.10354483366578,215.86978491680654,0.0,0.0,0.0,0.0,0.0
2025-06-01 18:44:23.143,0,0.0,0.0,0.0,0.0,0.0,0.0,163.00536759402692,180.23000456528703,248.55672063004621,326.5742892472769,422.4126574420968,500.24944228522224,571.1005384633405,608.8550417158038,652.6394544511458,678.994757175923,668.1911770182822,662.280098844832,615.7735637245873,556.8753912327643,487.52041432844163,404.78704938254907,311.1940244004516,275.4199721098636,253.84384727526333,299.15588227588137,388.54509090632524,481.5686581906474,576.152301967317,664.7825492208794,726.3673538800085,779.4699296214642,14.521827005074353,807.7129528279986,799.036888352483,763.0027164092694,698.4333357471485,639.9325358833668,569.2339468398944,484.17731882098576,434.6976638476614,434.3704623751675,438.6961804263705,579.0886206152782,624.1670811868986,761.7559071864412,821.4242708098926,905.2347376298094,957.8474592207413,1007.2535933214591,974.5943319269172,986.3892557593841,926.0178025146522,864.7995470105768,828.2736207723453,741.4457625294734,692.137363762765,687.527996798022,708.88788706334,14.52830756988745,5.225799079807637,3.5838199993932136,12.310293967949812,6.624594531351883,6.58839960620236,6.9956483167757355,7.654759252848933,2.322885162180989,16.075958575462874,7.477509072706847,806.4385995541838,708.6491876708039,624.8713537024789,565.1267530657586,548.3883711216837,568.7170548232201,639.953118320003,717.5962556406822,811.9482191481787,926.074290604512,1023.9307001711605,1085.0842720259855,1151.5796252650307,1187.2799957821878,1182.9147606454624,1164.7253016259342,1113.924891369831,1047.110888719676,982.4322113328983,854.8502974999377,795.6650021830188,914.3573500329678,898.2830585827389,941.8097372417202,1008.2706012472294,1126.3376746632932,9.094550240956629,1325.6310956975428,1425.2068462376922,1453.8040022692342,1501.9554853193454,1470.0113988821631,1433.317733524087,1334.605245100584,1234.396134426809,1114.094189328871,1008.9435857684169,895.5416915540433,797.6057527015311,756.78105103196,760.7054227165933,804.9659353818125,863.1563855630637,948.6356161017645,1006.3168890219046,1077.695595553101,1108.3984175539742,1094.9334047741656,1111.4279234711978,1093.3110946280967,1061.3717437673147,965.6074402610222,891.186161438634,12.401148539751363,15.549301564808895,6.339578038224455,1.7241379310342495,0.0,0.0,0.0,128.0,13.126935022306224,9.289202356962377,4.797339798192336,954.4657506872315,910.7828774839303,906.0284479429927,840.8131975088827,789.3146161877038,702.6607208537782,651.23574780486,584.3326283945402,551.487325605415,576.7574034130761,601.7027598867359,653.1163746616395,704.583962765071,759.0452346966526,804.5266968140877,845.9185638656286,838.2539691192738,856.7477904015243,830.1023991378313,785.4300213839019,752.55383969782,705.3467314432997,658.0185532256843,601.8957879130897,592.0537949532073,600.0709846840889,10.821001057214609,624.9840223831972,678.1659918777735,694.480274332597,730.8156365639862,735.5214549915663,601.7989699762454,577.8526414838963,559.9827696701565,519.7760411286105,478.7951165439401,438.2341515818735,383.339113279777,359.57934502804204,353.35088657861127,357.9089128469218,388.8032377916425,438.8454797598775,458.64035244523865,481.84081187507604,494.21199461177486,489.8416975833103,502.3597065164011,476.5946942514588,444.49343701207886,411.2024836758197,365.8863729596406,16.970772925449943,17.1894795563317,9.302829224944437,8.022774377348748,15.234723303487415,1.5258030203755086,3.1237147894538673,8.188584140219103,13.122168514183999,6.38324738346919,12.777731331926196,422.99477452717315,415.4237905093396,441.16004489316606,429.14304461643565,414.7818285742047,371.17871925961185,323.3850133017531,303.8113115924002,268.0904981464113,276.50695624000554,268.1807665514245,270.16560604039637,309.549282490868,334.9707968199306,366.20332558914197,365.4120932302773,350.0041166728067,352.4978339098096,347.37526161040836,313.37057507862306,315.1299489327342,276.6663493592392,240.92502184504926,225.9534562670998,229.6636486517611,218.6119770747001,5.7806434058021265,257.49153618621136,282.7560842044919,301.8067074323598,319.6480001873732,323.9842678181859,312.2755564937206,308.36451768181627,289.4485365549102,263.2510728739686,237.5565814990263,189.24027399456546,179.62207459796542,168.6661809586382,146.78772181140064,170.78519823495245,185.7946374487378,210.34438029287625,243.3761399516333,274.011558580128,281.34743697398847,291.1436906711989,299.45224813738804,285.3382413813147,274.66640474116696,238.91033175832376,203.79978239063917,0.0,0.0,0.0,0.0,0.0
2025-06-01 18:44:23.148,0,0.0,0.0,0.0,0.0,0.0,0.0,178.0689771095339,179.7240630173864,235.33911205824984,325.5967040059912,413.02138030505415,485.19278923373616,562.7616315071195,614.163748592483,653.4432561856107,672.146605190895,678.2719788126066,657.5632842275005,621.5441536008278,564.9647669696502,476.72561686148765,412.8673312279267,314.4290285110747,268.30080537526624,264.5013239060504,297.47052301168594,387.3983621836386,483.2436792555739,584.000122726301,653.2791022471406,722.0362054882544,773.2699771093356,5.01320260181237,802.7151815656384,792.5445370688448,767.0186356157135,702.801783117177,638.351845030539,571.4895342470915,492.857187930281,440.14330122147925,424.86655429839846,432.32672974243764,557.1968650192833,659.2594158916936,705.1832369922923,837.6967423120817,914.9411260469038,983.5193002606766,974.4868988840477,962.9266121505184,942.7806464528793,942.3135550625674,883.8040770915276,825.9681991678227,772.7673325244738,709.1942739297929,700.8243271237452,723.8317239063117,13.190192192258072,6.292316281664956,15.379027919023521,5.333333333333371,9.010349189780806,12.606604931322137,9.594672601902714,4.6728530423666506,11.484891589064645,14.675444921506152,13.023000620880525,786.0410691656607,701.6198822829775,625.9238517667706,552.3205485640619,555.9789492352785,575.8714767533342,636.0723173722964,736.2131992175074,832.1050649204026,935.4758472394617,1019.2021458463109,1093.3082164590812,1153.4564677035398,1182.8337039204334,1179.2535225534045,1158.376821770715,1095.3112892988545,1022.5989645679057,946.4641903951297,840.6740396635332,771.7690415218236,906.8661595474862,893.3344232801737,945.3613125852296,1038.6707959231926,1148.9697311523853,10.158259480758149,1344.6762250824959,1441.4921360825879,1466.373908325972,1488.385260881952,1457.7687303589912,1392.9547365493129,1310.4140680708595,1189.877262946762,1092.0749804612603,969.0177807750152,841.7344672446175,768.1303117102608,724.1277723876121,745.9134422604541,803.6282647862272,863.106837589589,943.3052509177762,1009.0311353739216,1074.7192208550773,1107.6545252918613,1126.4302868856091,1120.7195987315813,1065.9498937831193,1037.2032598038047,963.7634045887391,869.3655067646245,7.265058624919432,9.938315869637275,1.8950227204734782,7.948769747448524,0.0,0.0,0.0,128.0,10.572121705769115,3.843790283299501,8.708521798527578,962.8430102444712,941.0149988443188,908.5810710875534,858.903145038302,789.0380260638707,674.0065693011725,632.0825773354951,585.6466769977972,543.6241911371596,568.7478004593817,598.5793554159138,644.0646878915306,703.1666801101745,760.8555545300767,809.4312406487658,841.6207515125355,829.6898624490547,834.4910565659077,815.0489221090797,755.0312972775489,752.9890980957899,681.4483401854887,614.7182359933275,588.9183633852563,568.5103977021885,552.933056471387,5.74877775152671,607.0795266940502,649.8209807182333,687.3979690742277,715.5862829728085,735.9154870988691,594.8539242153513,573.040341575335,547.0213948727375,498.5311126305338,468.5922268704064,401.41390185421983,379.48503577231986,354.97764015944665,333.564415029954,361.1799527115354,389.79033934414144,427.7159286383082,447.2816401575798,466.5589781547144,480.2650051677659,500.79636021714765,486.63528531697614,475.5252440899142,451.137329941041,406.0343905294274,359.99993555177036,8.235549719119076,13.561666183001686,3.3050534064377177,3.1333333333333258,8.788681898103599,7.010181500979111,11.807538328325604,12.176680498883211,20.37128133153251,15.764628131747571,13.482338634375449,390.52491146199014,421.3327463072078,399.66027587673506,398.06894668697146,376.08732288905895,353.0004081990392,344.24975047186297,283.8357486210724,255.3173262552007,232.7887184588484,242.5954724244163,285.3552211578723,307.2112223160416,328.0555624014093,359.46654486677494,335.7034820849842,332.60819540759525,339.44572663882434,323.28810179696575,306.05944741954113,278.4833327487198,260.9136171604188,239.61726280882226,220.90089606407983,201.08131291825202,213.55482241643105,4.346186582651501,250.42559053261118,273.5091740177018,279.52044358268296,303.7626389712465,304.933671995323,302.409441181376,291.4195182600093,277.3456559705967,255.90903525812934,221.70132345882004,200.64855814166043,176.19094073427476,148.89318193458303,149.09688611252645,165.19426711609796,189.92019746546902,215.58181331972995,237.52411181223673,258.58746891884215,285.25016822499697,288.19726261944885,285.166270597487,278.59483257396704,255.93734603260538,234.78474547885185,199.1515784447843,0.0,0.0,0.0,0.0,0.0
2025-06-01 18:44:23.151,0,0.0,0.0,0.0,0.0,0.0,0.0,162.73414217036867,178.4287559423666,236.26495424002596,321.6691359257115,398.6106639718114,479.3504672090675,546.9438341906069,596.5797133089916,640.0766083679429,643.0617997954524,664.2956792002667,636.2922169638081,601.8564226150688,546.1334410101109,469.8303071666793,380.972267486327,304.74991605673074,235.0137478697439,248.25630884178028,292.08191764177525,375.29012913652934,476.34375458687964,560.8628617725853,646.9409598903719,708.837138382864,773.6196229912221,5.361668004954578,797.8908562287328,781.4344159075816,758.3728643601283,682.9316503280013,604.19459743135,531.4564986667006,451.5798522785408,416.93184065350056,383.29448525540226,413.94024802953334,535.3719931162364,633.084764257748,708.4315777155657,811.1253150173274,871.1076612230905,958.8198256284206,965.7476959113509,991.5220005348333,966.94244291435,891.3660293457433,882.2828274557166,811.6711442848174,717.4534807420035,694.971470465648,686.0557018171053,686.2160585235473,27.310068471061186,7.357446170757585,14.444416609874205,3.7747126436784697,11.108468630860369,8.307314581809088,9.431285911078682,8.088525741582911,18.57505037912603,15.61024132774913,23.440469782482836,761.4306766018595,683.7104401266041,597.1828199794884,556.993854366798,535.0316227992539,569.736613032842,643.435442936629,729.3543404485841,835.4884619664581,931.1582515662641,1031.192485323208,1100.421776034821,1159.8964144402937,1192.3782770214018,1187.0201199442365,1133.429465991163,1095.7663308654467,1001.7862719530715,939.6663055924896,823.7116578308628,752.8356344489818,869.0964526724172,843.6822239272122,923.6481822250565,1023.9112720177274,1144.7277774971183,13.432471640632277,1350.0982604486228,1429.7726033262525,1487.9806151345485,1470.776889207099,1457.2957676210008,1390.520933544313,1332.16275145213,1185.122466637928,1068.360143672733,944.5926090379286,832.0091626589401,748.9995184395113,705.0423379295086,740.4429574960535,775.0943669795863,869.4671240352302,934.6085324324654,1036.546035868744,1079.3762900905958,1118.7889611312703,1129.3199988342305,1119.0747118278348,1069.8064983796594,1029.2700814527577,958.5061276944944,888.0272519197723,7.4178465089475525,8.358376298475507,13.16767759513152,7.405022616731868,0.0,0.0,0.0,128.0,11.16650883488374,4.640144922040859,15.67895480806079,984.1978688309564,972.7809302634662,921.3368449297121,887.2442398057766,793.3993585062082,710.2257943477001,644.4221100559797,594.8502476561823,574.6926039253665,571.2920779953454,613.1672134339589,641.41328760582,720.6381925277196,772.2209470136346,809.1347672358589,835.1730426489116,850.367506178817,849.7644252379231,835.7561104644817,784.7999357144578,761.6250545451886,700.8978355984802,631.0726381515052,614.3477004953704,589.32566063431,587.1769579027379,21.79839294006845,647.7204209084088,685.8703151730048,739.3799460634114,740.3177018217427,784.0127045783152,627.484636180685,603.3545146390934,575.7229616045092,526.5114587163617,479.773912811489,446.02777788703264,399.00036883142957,370.5992596025217,361.9497069649897,382.2817040464429,415.2446945614325,434.8375403122059,480.05697663048545,499.54790477544935,502.4646725794567,511.0331227192669,493.3421599697372,487.8589594817407,445.84207879435985,414.7995716740819,362.0591867540301,11.836415173007895,7.105187323351613,6.1902703629669755,3.5103448275861524,9.097750925988336,13.526887214853176,16.42395976489199,5.552199975040298,22.593890713627783,17.985415099863356,11.542597602074363,381.6420191891644,404.17992225832194,390.4003811948843,387.26574167212317,349.8631256514067,326.28322725878905,306.9294507186607,268.87493618365,241.25246169112404,235.71900839454239,243.47086327511923,267.30482344885746,285.88175160796584,310.62098853913756,332.9379696295037,312.1122601548293,334.8038678558758,308.5616291600053,319.0723099206739,292.0154321895449,258.68645470568714,238.39065291819583,221.70149883047245,196.85917879695745,182.93966172817977,201.5988912042347,10.441152305937479,238.8493911298829,252.27412642626152,275.8836962576651,293.3648736645611,299.3616441932017,297.6161326308389,268.49556322515036,270.0883463544284,241.71099796900623,209.9018917922321,181.80425006546804,152.71709147969347,129.73427519318307,120.47668198237903,149.7349359343035,173.1389102061595,190.9466925854059,216.0239227996181,246.72741194506216,270.12067914518093,281.94111011267745,276.5196994865119,264.71702388185486,253.82532665035654,226.0914049584834,204.96961922570176,0.0,0.0,0.0,0.0,0.0
2025-06-01 18:44:23.154,0,0.0,0.0,0.0,0.0,0.0,0.0,156.03982408023003,204.5637462065691,279.9733414281408,373.0849259212193,441.36712520343815,518.4719869365721,577.7664586524729,621.646939186418,650.4583536498875,648.7018046154769,657.2104157799666,622.9581916684718,563.8494646778873,496.7258591365772,426.83610805828147,346.9496461401465,267.5856018337776,226.77668118903017,271.22696608826317,346.6495561065014,434.82936450908505,543.4409389324853,605.2106391788479,683.837103549459,741.5417150122432,780.2116388281945,6.397464872296739,782.3020094053023,750.7063603254596,719.0133096608008,633.8956823513826,580.4350382696781,498.04750957320994,428.97791775163427,395.201816738964,381.00297474311435,451.44729723360047,559.1916317686866,656.0379979447796,750.189286528853,828.0100298814016,890.0577263918121,958.6057754222585,993.5495030015818,989.3121665080907,930.1171906667909,877.5919226773127,820.3251299734268,780.6702754561455,713.463467061273,678.9353947954023,654.7770522326741,678.4840834040656,10.066059628684915,13.9745857692232,7.758208580141066,16.425986334140042,6.883587705404112,4.574068322309999,5.505114806649549,6.693564112311492,12.342811999746814,7.666012827760418,9.581523346288392,729.0661515333672,630.0767022376546,563.775755018543,513.067643065997,521.055180829592,546.8114220888738,651.1587655206855,735.5665803152465,838.5800358392834,937.1941941565128,1032.0861797522055,1107.920395848757,1147.9955846078192,1165.4297454237915,1148.3813456959638,1120.8579822450968,1059.3370154736383,1000.0021687931385,906.019762981424,810.9761254294975,724.507246069966,850.7208765960847,854.8079536458428,931.5030990915313,1022.7123212091942,1149.0476842224323,6.635329858792157,1365.4376040278396,1440.2688130064428,1485.2738922423268,1499.9368919703209,1450.8201152115744,1390.7084370693954,1280.4578863474,1180.2311374425044,1066.8199065797899,933.7836519011454,827.9662421453928,744.3495812463301,707.383499230168,742.4607623327954,799.0856758086888,878.5367272913985,964.6369502552045,1049.3934886731784,1101.0339592814153,1137.1949593606641,1143.4035202130824,1118.0729644027442,1109.866697666722,1040.0614881176944,947.3752266536337,890.3933839564003,8.488936211958691,12.173448202278118,7.0982494455060685,6.229238796793587,0.0,0.0,0.0,128.0,6.819460295530684,13.815089808455728,13.925182563431692,983.4831708303705,962.665348313342,921.2093291140059,866.4879815961859,804.7273271814294,711.8795057556079,666.5890902974891,604.7156007566824,561.4794338634011,568.5175022993558,609.4495883270406,655.7350725542311,711.120874172855,760.8223104849139,793.3007690966824,840.8418246030695,869.730662953042,863.8563216128098,835.31413026667,802.9053087348859,754.449620083494,703.4370749324132,664.5593649720607,618.0121222383,574.7347806648094,586.96757218828,17.456751382963905,625.6412557654352,669.7389120070569,707.7265077896149,730.092137431561,756.9395523405477,616.5230058855859,579.5894164361365,569.2675125748626,534.759686467968,499.7625068193993,462.00814874190354,404.9398481072186,373.1812176275883,345.5835814431017,368.3256548031401,378.40548492645166,419.02262575902733,451.4438585736484,488.4416548550432,488.08989452652077,496.9856556260192,481.57066777290004,486.3685264274847,441.3594454307441,413.60970055830666,362.6283909869696,15.521160780012872,6.484942286417538,6.447659105868901,2.1022738628273903,4.648444974722174,14.300983345740509,7.366758906658285,4.563385081692288,10.389596281027568,5.814808584856503,14.4757034964097,351.8213726292742,361.12108151251067,372.95260624546233,366.5643633121214,353.28279028111456,322.0786295463122,285.67728114686304,280.5949907268595,244.66524598269626,251.8292868797304,242.56357976235327,236.95304743540854,243.3057000401847,276.41098503136703,281.911475830748,302.81286230146463,282.59959425637913,285.0472134357269,288.4290170227019,276.8033992779502,258.52366735527096,231.33087377549776,208.53270395026473,193.67369489464636,185.13211768896062,188.77729756982674,2.769792781844622,227.99131000164616,235.61266172279497,252.0040410176689,263.18409010360676,273.05487580658587,279.37456958753535,272.305974682369,267.14312965551187,236.24386531505755,214.0208017845337,190.674476572932,168.43771146580357,139.93262887608705,120.22777830450057,132.3929340755425,152.05139013522813,192.87732261331445,197.50574033721796,227.1440145699434,252.9865413864978,270.6693393479745,278.8823895422396,280.5933175156673,264.5105165915649,251.85285059139952,212.32569088562602,0.0,0.0,0.0,0.0,0.0
2025-06-01 18:44:23.158,0,0.0,0.0,0.0,0.0,0.0,0.0,148.41801878858607,166.13305822252772,233.27503407677233,314.14182007510647,390.0155318973283,473.40623471358964,543.8490256914922,598.1144448168612,632.0459738860693,658.0336635941227,652.9062873894993,629.3430468804411,594.372401273677,530.0912570719884,465.20413278218916,388.46637819762657,321.038781826666,249.31945668464718,234.75936519244533,297.5111121787372,389.4924206446952,476.03932503220176,563.666046451318,649.5058024850197,728.0475186807677,764.3260662438927,5.076939300216921,801.8142793110691,779.9344393920601,742.2017104897337,674.4008322748907,605.4072905527195,539.1245148520774,451.67266324905705,422.6443322967456,399.408097694124,423.9284959645219,553.7720995201104,641.4433524902013,733.0005671031156,830.4018030023482,899.4389716797886,951.2785987076165,1009.2244128705752,991.6571570839983,963.1116383838037,948.9557371519517,882.2972539201331,791.4227174904282,723.5123651157907,679.6785417490025,666.3687681340729,687.6205107754881,16.937397573493698,14.46993912502853,14.19084507811568,9.893682464955887,9.437737499314947,7.905039927816338,9.071076931687218,3.7951980369282454,11.924885051474632,4.7244036856949805,9.038936071698144,773.4876712193915,686.5479667336435,579.061449418059,516.2462514303852,512.6061547088341,525.1213355570605,613.0940129575004,715.3472752411944,824.8918322018137,931.9438117280465,1022.2508985746367,1109.0691178751958,1165.77299238996,1186.6017801194532,1189.4608359010588,1172.9896217835544,1108.0484811946267,1036.1208066529753,927.9305392549036,824.0088162751043,747.0581152841844,859.5081081957452,843.3816401028563,893.239115728795,1007.7110889332286,1132.9173233309205,10.353573897148745,1362.459598674562,1438.2890621541676,1475.0443447286755,1512.0463503324877,1463.8965124708063,1393.1670247682116,1309.274840957707,1191.5211647419696,1064.9625059422199,946.5035395844175,825.8705934896681,733.8793421382712,677.856398255327,699.6003679309225,775.1323693703557,837.8043434719907,933.0670429005905,1010.2287110447912,1069.3072755826868,1119.9671806374054,1102.0411826275465,1121.8920718421873,1086.329032606489,1029.549027960848,953.4280099943034,876.9400143504772,14.172207710898268,11.182863883647736,6.396409987578465,8.26868514491741,0.0,0.0,0.0,128.0,12.702071507769446,11.170622821596904,8.249716938666701,979.3936498243646,971.6973562864214,923.6074688106738,877.8893578791572,813.3985552397414,712.9090233117237,664.0689419013247,620.9221474748234,574.0450284748996,573.4820178880987,606.34524907253,668.8786124148809,717.768736983565,778.644221779325,803.955636456629,861.6795994956776,871.1306053859827,868.712268999012,835.4500656754971,785.3975368338195,764.701400402998,708.5755329735314,672.6742240030957,608.9852196411764,575.9620879161309,601.5918868023672,16.92910343086996,630.5579806363994,671.5694440653631,707.1522866570648,734.2613467713147,744.4997609522835,606.6375926054387,566.7235887287183,560.8912800778901,517.7236658005854,485.0722662907918,441.049575638771,394.10188741324544,369.0303648049077,354.8299102775274,383.2513006472669,403.1924871514347,421.66074432415627,467.33008578015904,485.1043551053744,494.14254319944433,493.9713156761053,477.96895416528963,495.6812550210348,443.9868688393328,395.9940821657438,366.41136697085983,12.120396226205305,4.5129785321709335,12.73349319327582,5.917503131542759,6.414220011060892,5.717289472208039,10.795810494196052,6.773091939855796,13.180756655746746,9.858072381617669,11.879962126695329,377.2662858767493,384.70140012476674,408.4439930201055,375.12123206543066,365.4949794520772,320.58396037945187,299.88234100292385,266.5099745550397,267.03914665134965,246.05182192517992,248.79518490020817,250.84438307607678,276.3401501945208,297.6071730370457,325.20986600163064,305.05466159528515,298.9195678082593,308.9155874904075,307.90842734176704,267.21214176872286,255.21032534662962,222.80597532615994,209.56482682035644,187.7025854713977,175.27108486896802,200.4136015043306,5.146470947587964,231.55903372655092,248.57380126447586,262.6089125561557,264.3440204643087,275.65526510660703,273.90151663070577,260.1132444682662,252.28016845764503,211.44924310258557,193.4035651056836,171.81827753968133,146.6891351811416,118.85626277497434,122.8614878310751,130.54400029999303,155.52220373489746,192.15531253610638,209.89936511697368,237.56249979633358,260.2116718055629,264.90695835298266,284.4539031724324,268.95186003637974,237.96639942663717,224.88989137067486,192.62268520081446,0.0,0.0,0.0,0.0,0.0
2025-06-01 18:44:23.161,0,0.0,0.0,0.0,0.0,0.0,0.0,151.10982503989186,186.04240239120665,262.08071586779977,351.5306436868166,431.13225848929187,493.0167285441958,564.2399397632812,616.2796203885276,649.3100787254605,650.5926116226478,650.6964633695737,629.5850921597827,580.1395065823939,523.6008988599195,456.4783470874903,375.00754340504864,294.4260292504086,257.57775338160053,253.5356271067305,323.0056445881571,416.2696684140524,509.11472327955374,593.14419691941,677.2053411165502,740.6647374250666,783.2301327992969,5.6614598658505955,801.9621305761335,778.4485302661042,736.6542801039544,661.9051803418655,597.1678640481481,531.6724326358673,440.2158123623369,406.20124934110714,397.0098259994809,428.6252821370035,567.0131939134887,654.4825749623666,767.7850055831053,874.2038376329306,899.6541949682913,964.1732467331559,1001.4840743861961,993.1078074698496,959.6671389691812,937.9019601886292,836.5116438878223,782.890513319969,729.3567278075714,667.1870985964058,686.9746883164969,714.7109522380308,11.913387403355069,12.118645150117539,6.889198200524712,8.938996653582727,9.794525202781635,15.309960713677985,13.449165621429042,5.317619894003425,6.705145366280069,7.115322453949129,4.808483851915235,756.0157594819391,657.7504962294985,559.1205479220978,510.5622558476998,496.1588184212772,540.0450465848327,625.028577237777,738.2208779316242,843.8729424488945,952.6845443520721,1056.7856972629493,1134.8566177234395,1183.7640183702222,1211.9162206764438,1199.8052371639283,1167.6816664736027,1098.5262593450652,1001.8982095166233,913.1635101370722,805.0471971588809,724.5564401891929,838.6804509572744,832.6975165143718,900.8351592483705,1016.1804597184649,1144.1411245198324,13.10071753420452,1381.885199876338,1463.2667691033778,1494.4189672076461,1504.9784467700813,1461.052715170497,1391.066176052726,1288.3885825017605,1168.4882729532014,1033.5052677372908,908.7764443206133,769.8760307172604,706.1611370396924,673.1735221891714,697.2678474701866,766.8361256423566,857.7717276308905,934.8576564825156,1028.4823193392501,1063.5749945115035,1123.9368981317293,1130.7176078918226,1121.2112540730102,1069.2633570528706,1022.1502161954186,940.5971713483316,846.8131403192435,5.821675910297826,9.129397736474992,15.199508425721657,14.499126928684763,0.0,0.0,0.0,128.0,6.550046336540469,4.46391761959947,6.602602388082563,991.2583304029415,973.5336327066011,925.3027315249029,883.7526508828752,798.2897629964873,688.3959618302445,637.5233334577061,589.0979974806966,562.9967190791727,536.5069695038028,589.5191955648114,654.2160470280976,704.1709994374769,770.0722792232121,807.8240887867601,845.5030221282362,861.2124199728328,847.0447751374063,832.224136813783,780.6628612473702,746.4546167770507,688.0344019175619,620.0690238219051,576.6691758157111,545.737309937301,555.1092401489286,17.590919821168082,601.6788954877045,640.6170793296772,670.4495663457536,705.2044731449851,713.5983272423861,590.6213693757282,552.442021333942,559.2559311784017,502.1281836631291,466.7998160955025,414.8866382395362,367.9172500112409,351.7307740434553,332.7171860645913,347.4490169175572,367.67934735679546,396.2616241560991,437.69221688905947,451.8740089214379,489.26405174112756,483.53597417731095,489.33470540927703,469.5124464424685,440.85364669122214,410.351887588237,361.2518378941786,7.677266230335039,7.141038962345412,12.806209391349684,2.7202384630247765,9.556513189967585,2.588073765105303,15.815062642651267,7.949353585843821,13.76050878843962,9.93931168211343,12.296535473107866,372.41167787392345,385.94861454172354,401.33549915162234,391.1995357649891,362.8292875145998,343.2513914551716,320.64693198203963,305.1974496801962,302.3718609580054,261.245413992911,259.9325679957302,271.7648601493767,292.87898339234675,292.39224741789957,326.7450924313364,301.80497904281935,317.6936023334635,318.7688830273025,304.0234442898324,278.51050735889436,265.8430250555821,246.4600667011448,221.61718907113112,215.23748825854102,186.83692504427242,206.3988995547095,5.922712790022865,240.96129311893986,267.822369393982,280.0116021300871,275.3880253815559,296.4663918741632,292.4270778813354,273.9787927775284,254.76480868473186,238.37970606304958,211.2490870746433,187.9120578714582,158.8766837953323,127.33937368494769,133.14361267179675,138.90738898323713,160.60340864418563,193.43255749763358,222.00393827193676,249.29415296017186,270.9215126519304,274.33225427566305,276.62351166341153,273.6130918636395,256.8325928018557,231.5468274195312,202.09095543958964,0.0,0.0,0.0,0.0,0.0
2025-06-01 18:44:23.164,0,0.0,0.0,0.0,0.0,0.0,0.0,170.6488546646816,151.0903008514558,201.9940642976654,273.4106564900953,362.0562794485678,430.8205285376891,512.3893400520266,572.3017214401868,618.3392456336095,639.882194708427,657.5131252366385,641.7871550953734,614.7808681411245,559.8263325314839,502.2048370324106,437.46848203660056,346.86248436546117,282.3917499475782,232.13312042831126,258.44751756108604,332.553934317381,436.55554837028814,534.6680791607552,621.7668841828083,685.5955798342486,755.7546721959974,7.44165795179204,786.2835908801053,792.3870879556513,762.943630822903,707.7708847036316,640.7566313989676,572.0781152224056,476.4444047968288,433.2677868732544,393.2388670361463,414.39625126472487,506.2349524184686,597.3862232536408,658.1526004367882,759.8648124223263,868.185814449919,929.1416667561468,972.5853057084098,1017.8892828366983,993.2595211219492,928.7412677775533,897.1696806954152,811.8563339116367,752.3082831841185,678.3289976317394,661.7749800900802,667.2821784032884,10.986414105139394,5.6314541160916685,4.557653804859913,5.867868521944518,9.479548442151318,8.897458127484,10.177215326824712,14.030923640135414,9.625644010096549,9.735809829400965,6.266941763800413,802.6826539028515,696.263582220539,600.9338660503936,526.3486057699546,493.516395893968,514.352484777666,603.6722311386942,689.8291405576028,810.6882246840369,925.709744909006,1038.1089107027728,1129.231495859379,1192.4162896252144,1228.6567587880709,1212.0375759207086,1202.3430665694034,1131.3766138600502,1067.0170904764434,965.4828003990192,831.9586275641423,752.0840613883096,856.1962792000509,835.8481195863548,893.0449390645446,998.5551967951147,1126.685273353064,7.869903557669032,1378.845889347306,1463.4928563184262,1494.8818909130578,1517.6924394286355,1469.5490718583546,1416.7351216829718,1325.5182866435891,1191.385016808287,1050.8082561020183,917.4494781115143,788.4089145216324,704.45445647807,673.1050591479493,689.5592518649776,771.148219796412,839.7249481110749,944.3906583712298,1028.3688557331075,1077.598328959594,1119.9365490303342,1104.7157574210619,1120.4842033180507,1090.5883151594535,1033.4295208248768,938.245615103601,845.8749640978558,12.033123383311487,12.362443142465448,13.789620407100369,9.006698924308832,0.0,0.0,0.0,128.0,8.440811809152539,8.707411015356026,12.269689300050914,997.6557925880456,961.9128856191921,931.01005067845,865.5330617207687,805.0414664398417,677.3797365673207,621.6437342092617,568.8578119086789,535.1330328334399,557.2843279239816,590.675773937887,645.2456006996179,704.4219192024901,770.9280466789144,804.9382026180103,840.7963622732718,843.982490705721,834.9029565215754,814.9031391297199,747.0754618793468,721.4817256123894,661.6944858721263,593.5942611585981,570.1823908178623,538.532633272336,537.148390922602,5.486746929378733,599.8032230435307,645.5413326617866,666.6447953352405,689.6043034751713,703.2400155934199,584.5167036274783,543.2178279124486,529.0250794277846,477.3069231311067,464.00554525973746,396.8582342027444,357.387086203306,332.3371711857143,337.1401682991454,350.60185333107484,372.86469501539955,420.54685831791824,446.9326022984196,456.87653088181935,493.41102339928216,474.0194679553128,464.3536627491565,448.7540125915279,421.5810738597272,380.7819311977161,325.89813591704797,8.047026601360127,2.925656804911587,8.739741875552351,5.821229037840129,7.1790589260927735,8.626460732521815,7.936010366644613,8.144831415245235,8.982952370584433,4.108752343039803,7.363818988379496,376.6170098881538,381.9489980214534,387.83320798311337,380.86510411540314,340.0524345323111,314.76664338593883,310.2463703407674,260.91682344264586,276.8091434280668,242.10233532281381,260.5674904810177,259.6283311379102,302.32015603289983,299.3004231989207,330.3496220384074,305.0421089000862,312.49332252359267,308.14220089182487,295.5701465173567,262.3565016339224,252.8460939168957,232.58869000302468,210.67839576982064,201.17880613040964,197.2282271699964,214.64279968979315,7.073470406758178,262.97319339554787,274.2008411902299,287.8056322168669,289.9621573773431,293.5839400039502,287.8947228512275,261.1028030209282,245.3218133966328,219.6849668102548,192.5778458441881,149.13995330695388,132.1249281625362,115.21168275995984,131.83562191302363,154.38460785587648,181.5784631380634,209.6424951619257,230.8516185499562,260.96998618902535,277.0546957674251,274.50040363135923,266.0105554876107,262.32657422660304,232.8661442368061,200.34728991801302,177.2017304084019,0.0,0.0,0.0,0.0,0.0
2025-06-01 18:44:23.170,0,0.0,0.0,0.0,0.0,0.0,0.0,188.59413557208666,136.4654254452622,154.5286480336751,213.75666667207616,294.52780517668583,382.1623612599634,460.01576924418436,532.486779951622,578.4478171093594,621.9106756001914,653.8726249542192,648.4673447470026,626.0285373560572,586.203585685575,535.1685898893746,479.20380291038725,391.0985082621999,300.0675932339045,225.59632474410216,217.9132307885213,276.8071695134153,367.4124804664576,475.04837804570855,565.5444191913357,656.9402214402833,716.2732798712011,6.713231503725442,785.1613153357586,796.8473005604393,775.8651359138797,731.3375228450273,672.1815682809025,600.7829874141108,498.4138190618695,438.3176220368636,388.21707350488396,398.9467901826541,449.72956935867364,526.3824177645137,614.2845732131924,739.2828523025034,846.8673954792412,906.5839856163063,1003.5711441174468,1003.7756088095911,979.9558927601564,938.0549913510708,901.92809364738,807.4482439694829,752.4395101998695,671.9635907305224,633.9294630380954,625.3176265412638,11.573087611574799,12.708793306802898,11.763285647954364,6.611952573347401,11.171736260471691,12.500318570424929,9.281792461092216,10.963926286441655,10.09630436787985,9.569430960241007,11.374227303237587,845.8016029182817,734.6941418492206,639.0219710713939,529.531306350986,495.6076741988148,468.3565493226584,549.6255941374187,651.6997898813281,775.2944650714603,902.100011430906,1029.9055372432626,1133.9576952292814,1198.9386881057467,1239.5232374905704,1248.7548153784605,1246.0412453715603,1179.5661348463054,1106.4347195035518,1013.7310593761787,884.4249512363936,791.6536204153552,862.7801837626351,838.6145742037163,870.7643708688578,975.1165448327503,1096.2885302907678,8.423561507756729,1355.5068225929504,1454.2395794911229,1492.963372457926,1540.0311219631874,1492.734259203855,1444.888933848047,1353.600959631188,1227.6952310022352,1084.104859021819,945.7900850101697,811.3915356810654,712.0322986562866,660.7080723374712,675.8941091317022,754.5702952550868,833.2557472902979,939.8946964771897,1017.4166344991069,1085.076034639225,1121.695464638022,1120.6707162278713,1128.0173583172802,1113.3016024320777,1041.7696491316653,955.6478964982578,853.1147648554243,10.826907381229052,8.778937353227342,7.857223687354454,11.841552545272943,0.0,0.0,0.0,128.0,11.507370067364702,11.63325873028601,11.415685245417846,999.9201795476379,970.1022283924488,941.4218015814946,868.559904255982,805.0199682448664,669.4263334159529,622.2184079830715,564.3359104870119,531.9456788628435,557.7716022479059,590.2525314642552,657.3738765818701,711.1260787404487,754.309653016718,802.2724272165335,846.8861733332526,853.2686130426076,833.3670618272174,820.0432741006315,741.2495064622603,726.2964273276207,668.9988400042006,620.1665405477708,582.6910407116746,559.4722803681999,562.0384855065424,10.326361215678968,627.663969651871,664.133314005754,687.5228609084702,720.3721468169041,726.0981326199466,591.0883081642888,557.4235073730438,539.1624979183717,491.61192185600714,456.4580024969082,402.89852558342875,378.9354544771074,345.2546152972144,341.6299769476527,367.73661047619964,413.8130578456337,437.1009893505055,477.234376131131,494.1447345443193,500.6263161656574,482.5997962595781,483.12698828202895,460.6939229210609,417.98858393606645,373.26353329721377,308.04122253164184,13.97414807304071,9.323088966040547,14.606449468331764,17.723209831155355,5.594564837502161,10.374143710066358,7.445474439234526,7.219927140485247,5.389894043161735,7.907717581000363,9.839561575514262,368.8169833290508,364.1445052775694,351.4900664225484,339.36518010675536,308.3064791211337,286.27097160209877,287.98263289556775,242.2798638141792,228.26952564297451,213.71503003745505,230.83437187775337,259.7459267979872,282.34663902966844,317.7888444174774,329.33977998185685,307.4603836598679,296.9146087920843,316.19654528144287,276.6609620117231,240.62061551355728,236.4355992646826,213.77730335279503,208.20489129387843,189.41636251544526,194.3465302568154,217.52832378763065,7.182488307517976,263.03799331836444,278.6850032651421,296.2468285448473,294.17917715328696,286.3544867603939,273.27168462921486,249.65685351540586,236.45632688345162,205.13374426458378,170.76809294495126,133.11885222342983,115.39291492265944,109.80589903748371,133.32514839073738,166.28373249850054,183.44796865805753,211.81815918144838,241.06667821856038,254.01677072906705,269.9115026983258,257.9671303011482,249.45833730009997,238.73059083922587,204.6250741652076,177.8124528746322,148.21627914417664,0.0,0.0,0.0,0.0,0.0
2025-06-01 18:44:23.173,0,0.0,0.0,0.0,0.0,0.0,0.0,175.53044299057527,159.13882379395932,192.4666060828772,260.59422026645933,341.25189090586423,421.2542642172372,489.31467392903613,551.9231331500272,595.7011932518717,626.4277268401256,639.2599177662237,632.3651701738521,601.4625155387477,553.603891370645,500.66200932739,423.0610284332211,344.47718569147247,269.6801044507156,239.3240385497465,251.52061156787903,319.0573079957651,412.4397490115407,506.61899171855555,596.9137022536636,682.4901414716151,727.6512786032812,11.825104970083848,780.9399981986154,765.4438282042853,752.1091413342092,692.4725056574295,646.6526352514352,569.7843071728381,472.68360645630815,424.7036785022643,380.46955248588523,380.8599711472908,492.1338816395756,558.8686862962986,663.9894262822761,772.5175456010165,836.4194339485567,902.9571062258009,968.9348431715268,982.5045531581976,936.8141766050156,925.9111823642563,863.2262939428119,796.9078819685957,681.376749469762,642.8405961078581,607.9343356495285,618.9956284223911,15.569733059093677,14.925473439228636,14.08923667145489,12.129964401613634,11.233607139773758,14.432004066091297,12.122612103037035,5.95643089524395,5.774502723805734,11.976577150228273,14.323180611042929,787.0062314346243,701.3249944286499,597.5871478894754,512.5466113762254,463.98694497247385,466.66799786436655,538.4309326146982,650.9345562416669,777.7543528936724,895.1910357820299,1018.0160667597305,1120.2273270335218,1186.3328734028794,1222.2111283594686,1253.4694653354954,1238.4244648808321,1185.0566064143607,1086.3905082124222,1003.4946169871823,879.8066136854505,771.7758864057703,852.5027805524827,818.233694328116,870.3434974250026,977.0711778155814,1110.267580829114,6.531980254731415,1357.2038836843249,1457.7422944177288,1521.011511997287,1545.4807147591218,1514.2201272473633,1461.2857944300013,1356.6014714436335,1242.4163012456734,1098.8338147442814,948.6176564285274,830.0079462245236,720.1309296382935,674.5018934175542,683.3406994597178,748.9905426025788,846.4525717291386,947.1345105067186,1036.8059132102235,1090.972191018302,1132.5903664546815,1138.6188265131855,1136.0011148895417,1110.4939173591092,1049.7137919208421,958.8078618710747,878.6411012992278,9.077514270641013,10.710978565811878,13.609315951013285,13.114214750218832,0.0,0.0,0.0,128.0,7.5893052771003155,6.700607913852638,16.491554021355363,990.4382806517405,968.2439910710766,938.3417066827917,879.2786618221962,800.257330844596,691.7535611828063,629.8240021505428,562.679234250639,539.4223852234035,549.4314786328823,572.9944446393419,638.5624214555703,704.0392315028789,742.3547670143041,793.7305504124183,827.6129648418706,844.3893126367458,832.0733914254121,830.2333661627408,760.6652447966948,735.3338744030184,679.9565446161814,615.1490935066333,583.2909250726877,566.3826658914218,557.0287073301366,22.04901813788505,606.133655506746,634.8895574387541,664.2133285934806,693.1782725548479,712.1980505853842,568.4442889135013,543.6975113325072,534.6299216507105,487.45618082428024,453.86039413782765,413.5270546049987,383.29153417049764,351.9746136596777,352.7289752152517,354.9908287827453,403.35950555288855,419.3588361685957,460.1975129740707,469.7559756547507,467.44853660895234,463.60125392765036,453.49564584717297,440.2877465273796,402.7234477089877,359.6037450649233,303.04012784398157,4.078771573192339,12.769300329270406,12.80415393160109,14.781400186071773,6.832537869674297,6.255025013696229,9.798359895565738,4.231705393244664,9.14051747561685,14.206793972403135,8.635021223964293,352.424105742393,348.15422059498707,347.94698598329364,330.2671034322649,319.09027663373035,285.3959273400536,284.2776769910651,239.41229034136188,218.6580130277493,222.2984685876738,225.0658971368773,248.93047970437047,270.5541663686896,304.9646347534348,308.61151467293706,299.2462356975117,285.93056775722175,313.1895443068728,282.5932606171613,254.38890974478343,240.169408548138,217.25666015303534,210.07513114370954,188.89973927486517,197.4613168871273,213.29948064596115,7.927099212863134,253.88325208979396,261.18494706223953,276.60924921246595,278.18111016762174,282.69980267569895,274.0307168574396,252.2547073857899,238.36231988129606,209.66646503724067,180.65459881686553,147.3581854972507,135.92346155167132,119.31085543150557,131.12975984351888,150.67350946308972,180.59827757970868,200.0292459038724,228.57699643696247,245.70266806491696,259.3694885983155,258.0214326005614,258.2563732738099,245.22659602152518,221.28938744418613,193.00170897341954,160.1168655661376,0.0,0.0,0.0,0.0,0.0
2025-06-01 18:44:23.178,0,0.0,0.0,0.0,0.0,0.0,0.0,157.77844670047133,174.19845221026986,225.48496857918968,308.2667401295573,379.48290923101604,450.8456312244956,511.18745758785775,572.1762328120476,602.9203932067711,621.6963928314116,628.1954399472121,611.3508390248779,569.0616177041585,525.9834496788246,451.8709496362368,377.26194663381887,299.8725149977342,243.5024262299546,241.88351857097922,283.2485530344802,350.1905981436291,451.4131390547488,538.9404026259195,627.2399530087864,694.9281895054646,741.2469460769402,18.45210726088972,776.9394207523143,753.8851778219696,730.3744574385256,670.9291416737314,604.9473308634467,533.3763458931037,442.89668830786684,405.46254289214875,368.39249012359375,401.7803727857707,498.81540308195616,591.4359168076245,709.5217049485211,806.5574532180891,872.7820163650895,940.4464157109383,939.0324570660052,967.7224208418911,944.7168181709644,896.760968429741,843.1511227589568,767.5648819128347,681.2663807299498,631.7247119140935,594.5613200360449,619.3005868466911,4.897105534674811,12.196442770977853,14.349262129032665,15.941172412232056,14.072424335518065,18.306259082634263,12.29016396750124,5.434557074047859,6.609231539320067,20.73217069761416,16.047812163709406,766.1648158417312,688.0941591253552,573.2189007634458,484.9041121252626,445.43066472822744,467.88651800911634,532.08716143057,664.662602042873,771.9520247576219,884.5930175384543,1008.2820378815674,1109.9685204230027,1172.3273348317223,1208.7414232307144,1229.53979677665,1200.7274682008535,1177.5566151086525,1071.7624877298465,982.8118094589581,839.4201235625846,751.6513550159056,844.6885107044317,818.815492570149,863.6995151706287,951.3747316075296,1101.3835728724605,10.020689655172646,1348.793456183427,1437.2126596853384,1510.6819114817274,1525.2416257865596,1501.1206093974672,1441.911688995904,1331.7220043694076,1242.0407730256356,1107.8190858812202,953.5293390641791,846.0634118431016,723.9527173155967,683.6503485269234,687.1718693528396,745.4473406489856,846.3081061334534,922.3400028675422,1026.8801976875498,1088.7704812275583,1130.1142490443794,1136.8763483202931,1135.8041461352345,1099.0187781091245,1055.019183010816,975.3613840881148,907.3273274069353,10.024212257841503,12.078432236173246,9.423769364533875,10.665592906786394,0.0,0.0,0.0,128.0,11.926525446334962,7.801891255677164,10.268667043774052,1007.9998249363755,990.0081626924864,950.0105360599522,895.727202855226,818.2850262850224,725.49687350157,659.2529106544242,596.0286559819294,563.2195262020174,556.2592393313856,583.9856177959247,647.366269019848,691.685132693539,758.3075461134526,801.8990442404407,833.7984754107861,856.807557041285,849.959080279176,831.2724068900864,768.0679887824081,743.2454442442671,685.6876528264789,643.6562596667438,591.748574631474,558.95387132636,559.2474791299833,11.61903019723389,593.9130420834937,616.9801147196195,656.6910744858521,677.0675143081444,681.4705241945994,557.2277180267662,516.5645783196339,519.7365701424657,496.0088594541257,462.4971465464577,432.03009154455896,382.7673983439997,346.5681483197419,357.26406358658676,358.6405265246418,395.48131150130337,408.53313922492146,447.10100735088014,448.72787206824063,456.09023286112244,459.810898073432,436.11468772855744,425.8512376140039,391.9267079801406,353.92636361092195,318.02074565435123,6.785063808406126,10.330147602218458,10.79836290940959,7.250943385868557,3.551478426930842,5.735006791361523,13.53124117539277,9.901141069621705,18.474350151801787,13.919829666671625,10.455560773719622,346.1228291969971,349.6326396226137,353.9966219673531,351.77912641055696,334.72823203395,300.62834276830154,294.4947559699144,262.22547479119805,249.1626334503021,241.62422651147705,240.4477627963866,229.56388038765536,265.1523859968544,292.096509568568,309.21400094074494,290.6028503645654,297.1243109206492,293.8003737657881,290.0518149670214,267.40506987223574,259.58125280429806,226.7326020558207,202.5322080765571,198.751371673167,205.9402198832056,207.77065146082853,12.283195453560818,247.16694712046984,260.63166388487537,284.0101862083056,277.57861153327696,283.8678533875617,269.30329211513885,258.74145227961225,241.06401025120334,212.85124224859382,192.35531008531512,159.78972092307887,152.11719134047524,126.20043664556462,131.7830073739253,134.43152522758834,165.5645570451518,196.52137103049986,216.08981774720013,232.92285454552436,247.19775879972804,253.36520014510307,261.4098032391972,244.20358470915838,226.58325270489465,202.49262124458062,167.9516768982136,0.0,0.0,0.0,0.0,0.0
2025-06-01 18:44:23.179,0,0.0,0.0,0.0,0.0,0.0,0.0,180.73079663261933,147.78417486940552,169.87295020944214,241.67412020863836,329.14566067527767,406.90261432752084,487.33165221373616,552.152913903414,602.8280749001693,637.9596131185008,658.0167069228038,650.8706391804063,629.187713948627,595.382328622538,520.1719250452568,458.11516595626387,366.05926883809985,293.48679132473603,238.8313456293589,234.30578197082923,295.80593647856705,390.56474337506216,492.65069254720913,585.4882593253737,662.8009094205145,730.5830962707556,8.61331922866367,788.7832928021768,796.0474250657812,769.5276741061888,734.0146463007161,655.4945015667125,595.4076903061015,501.6807500605985,446.0863701055355,382.54311728806084,392.986883449252,461.01360508126766,555.908751443543,627.462738774649,740.1397172592995,840.3364014393018,925.9322581514226,952.9755294090563,999.8811627160019,952.8184805141088,918.359514753049,874.8221353907287,803.6036910500864,733.2477816836514,650.8394790752453,596.9097816487397,591.6671643801086,9.526078242622603,16.48033361413183,9.668900877340118,6.487225164166424,12.128903402885213,10.996912777878093,15.401619860432602,7.6091954022988375,7.983004535568014,16.410872933136865,10.740417376772749,815.7653276030637,731.998094909448,621.520551329692,514.388279083658,458.0543975585715,439.5712885833964,487.5310989042284,614.4451692458101,724.991652650018,856.4373847554845,989.2250400573937,1092.9272195515239,1174.178163000085,1221.567828689712,1241.831122354714,1243.8853990210198,1195.8714526239198,1119.1200717859363,1007.737720227834,876.0921783999581,776.2120553786385,854.0721490852361,811.2389456681752,835.5066003713349,918.2890600541756,1063.299321874532,9.116139280580121,1329.4737208951765,1432.8532400613126,1498.9139726106544,1544.0127839635727,1512.8676232170042,1466.0529231346945,1361.4763094574364,1271.5309455615916,1131.5571892191278,984.1234073338171,849.3498052059568,730.0678990049947,665.4465674538292,666.1092993898777,723.2819617621595,814.4887915274463,910.5276857904485,1008.5950947560635,1079.6616182857413,1131.8400917504498,1161.5501516577297,1158.6818193150723,1128.7430084218004,1073.7172059064865,994.1592376459087,916.5517918476856,14.237329204364563,4.439014880933794,13.780193582156093,2.6091954022988375,0.0,0.0,0.0,128.0,8.133011135530886,10.786899550983161,10.746865892508648,1020.3332248296236,1005.1526677327456,971.9133503087412,905.1295199123053,839.7662096085057,708.5967781472707,663.1659224225053,606.0362639697745,562.1581177099566,570.2935982780955,603.7900065005275,665.6450759122066,718.5664528286198,781.5525160329371,817.117385467332,866.4671113032623,870.0767716681573,859.3072521265326,827.7553795036167,771.1266520901847,745.8946646307638,682.147544407966,635.2494422301849,581.5857864076212,551.8689048996911,551.2645425454978,14.219281501186153,576.8648018829252,617.2166502570443,643.7113303991529,683.9238422577296,675.0824988853217,561.2747870992916,515.6734110723969,511.8847019955966,486.7870118735291,454.92959773459876,418.05047425854247,378.62652905784404,356.8902583244487,356.3568996429472,369.27042521411425,389.9094538522333,413.8537840164869,432.1132521794259,447.0067340085282,458.08841763790576,441.62066150634325,432.17466530875555,414.895849223657,374.9860908691432,326.88463052052845,294.84327125600817,5.0178543493790775,6.386184917407293,9.513544352747482,8.411550586916206,4.0964205664652615,8.131721385991138,7.712585624897919,10.46881767399402,11.461435898513958,9.273415375143438,14.08139718299891,350.94452724636693,345.0880248353866,344.7026317002936,342.49318355363886,327.8018097116166,286.28893952690345,262.70616920553607,242.82770133081263,246.82111202004424,251.14656043112672,245.62868940679996,255.3950522089383,290.4813822687122,311.98088609099216,305.46827079365954,300.43561915879866,296.53114557099207,287.0137464072389,283.9322855757827,262.5777267330164,246.67323523285458,218.1782402907839,205.34349576582036,206.72993673095888,212.18109016518522,224.37168839917706,8.521651093111824,260.63149398485444,278.2460288809231,289.9651200207622,296.826692758467,286.1102159997843,265.20932258878014,256.8171215711967,235.20017618703224,207.67733791578527,180.87380575238353,144.56008088612273,128.75767525778926,116.31400032197769,135.05756534066984,154.92768238215493,192.49183876487888,222.75105218560424,238.27285145343143,243.81135519974163,256.05470182673093,260.93756510225296,256.0937934610518,234.51666023191262,204.00959387092098,180.83093295818438,146.89250092055727,0.0,0.0,0.0,0.0,0.0
2025-06-01 18:44:23.183,0,0.0,0.0,0.0,0.0,0.0,0.0,149.6988145971735,147.85918371065264,204.6957500662619,285.6870190010656,376.8126376964194,453.5632684015131,531.8257565368747,581.3056225975781,629.2468013627346,658.6572452563339,660.8198551591194,642.8900053321388,618.3242535103212,564.5273785790823,496.45612509983505,421.03609946492105,327.44993797846263,257.5772970198476,224.76303400691364,241.84336363919985,328.11589765421957,419.78577917100574,527.7632261108344,618.7447861586567,692.2223216469214,758.4817366936616,7.433258420216481,804.3712643718999,787.3901566056247,760.281669406773,709.6335535813568,628.4889936024251,551.9251270290093,459.1103224551513,403.7238797781826,364.8858746507174,368.4021161466667,488.8472489728211,571.8114428321098,646.6171447009492,772.6266280910144,867.0951363705702,925.120403391417,951.204561149443,968.0923885735741,973.9529047978781,892.988238734138,879.3983529658963,789.2737709885857,687.6664872440492,626.6003293812208,583.4889530127058,591.6045927563435,11.439705849444332,12.637513128063118,4.9939927752660305,13.087744631853077,8.443450075654235,4.3973417006602675,9.964487048537494,9.778217472034394,9.464899383417611,13.480680030221915,10.010481277462063,784.4595200152745,682.4698785427372,575.5564648021702,488.3716331773867,438.2337977976246,420.92546045086385,491.525866977002,608.5067900986913,726.6933769981115,864.3692053664923,993.5169587047459,1090.531744229505,1174.892066346642,1224.0005698078967,1241.591865220209,1234.022524432315,1172.4055464216747,1105.0165463049075,993.0878009084385,854.2229839965667,767.2753160206415,839.205963793307,795.7333695570846,836.9651758426472,933.8366735902043,1073.1962706963016,17.335506086984534,1342.9291907054019,1452.6218454153627,1505.7711558730286,1533.124115605081,1511.6274288518628,1472.7147582679668,1375.0661420699093,1259.5851856911952,1114.6991154911977,970.8680729768951,835.1888288044923,719.8248830987936,654.664109011963,667.0372527957203,729.1340521487433,816.8822041713998,928.7801341306086,1013.0563906705449,1083.804159073234,1138.4910314043834,1132.0018766032267,1171.4463951178814,1142.0964599833446,1084.2666139058852,999.1251711464779,912.9252220411163,10.083985605819995,3.9800752289184707,12.5668389398013,6.3234585211038095,0.0,0.0,0.0,128.0,3.8292299371396106,5.7398709635847105,12.777638400274995,1017.1751709645517,1005.789645722055,968.5771412105162,898.9635540710616,833.1854234044628,708.8251484744773,660.9458981607726,597.6497417907902,559.5365121570968,571.4194990337982,601.8629608991962,645.9261259352368,712.2181678912616,765.6990696332326,801.5868816976222,853.0409902990401,845.3040126455209,844.5909415096689,824.3894179018756,750.5827361352734,745.6946283242562,681.8987492591286,613.1152917375072,580.9589076560513,555.94517747606,532.0265823105572,17.58863718799271,563.0833968917733,619.085748610465,628.4904807080736,659.5816492527669,665.6355214098731,554.7810917722716,516.5819090423993,506.01801454244594,478.4173720057164,443.78633996940647,403.5587627985749,375.3563508185823,352.2447451110469,337.12722985943503,357.297991096346,372.167145633459,413.46948406001,411.72381000805245,430.6911966561545,437.8260438201844,430.4805351463168,428.6436885495575,400.0763933344298,365.47519155552646,325.47132639276174,287.4251511678849,5.13245420893083,12.133665459250846,7.674596529671742,9.972916748785142,7.960150457836941,9.626248165054982,12.851116203138911,7.526812693175579,11.937778750708425,6.865027861972545,9.626248165054982,353.52279352677414,337.4656024117294,341.7339096187425,337.3248972618214,329.7876366777416,292.1236719062626,265.52588287729117,244.70746147385987,239.02715416359322,242.75452785257616,256.01082701508903,257.0551985299082,290.03029241430124,307.2238881874371,309.1436171046099,309.39166314020514,307.50885850078527,296.90333025402396,287.20767846805376,265.51819204317195,252.9512304571977,231.09173957511592,214.02881744711027,211.57020784302736,206.80449727452125,220.20365615028132,4.341824848869854,255.9190312853962,277.3039545676444,284.1841759186189,300.2576900702859,291.84283461581015,285.3274478304858,264.12973283377414,254.64764702150126,223.6502458042634,190.3124006631012,152.0526224699857,133.82811542440513,111.98292333507106,122.78605520146753,146.49034765958467,181.8352158184599,202.9509700395944,229.92603928901275,243.64366720934913,264.939782719838,262.0573359144323,254.45989718602027,241.96827859642167,218.182947016149,188.38741877387963,157.60478374456653,0.0,0.0,0.0,0.0,0.0
2025-06-01 18:44:23.188,0,0.0,0.0,0.0,0.0,0.0,0.0,166.675561846808,195.5813865532547,263.3658672302204,342.8364801220555,418.96074069127303,487.7052576679243,551.0603539997708,587.0479871015098,629.2500767746652,633.0946143459391,629.7023226287736,594.644120907471,551.7808343529344,492.73766533079686,431.03219283693016,331.7892048951637,261.00112274809317,224.42007051122528,237.41351472882945,283.8519109583689,374.9892610631521,476.6268448835641,573.2632006672414,651.5359830111277,713.1136174783801,758.9859167237724,7.179475700859266,786.3200007377883,748.19667533854,712.421526293367,648.1422307584605,571.2801155806009,487.62153494870375,408.3272925705762,363.04936752317565,346.37050935528976,390.8736676578408,515.8274487948811,608.9757340821266,700.6389215386502,793.1940979595238,877.1304581954726,912.8898193825027,942.7141816732603,945.3786270628817,940.8362490832372,850.4975148228821,814.1040142193108,734.8216187359923,636.7656920059726,599.3970040835122,559.398023050853,607.1448002131622,17.44847985790865,2.1631562585733537,7.1298069534578685,13.88792163169703,10.88896979533548,8.50677183809762,9.216458291587573,13.29114480900853,10.748224862363536,12.88340080893278,4.93812008840932,757.7509555654019,641.7529916788382,541.6660494928846,460.3752730619023,433.1269639949182,431.5904640578921,526.5722759680546,652.1456987021811,782.2601735064286,913.3057378670708,1034.1886293239982,1128.9552991017558,1178.8279671181003,1238.6152183343188,1243.8878260660258,1220.7519361210966,1155.066643308284,1072.9667459439904,982.0321465725673,827.0711040116901,744.8627244886924,826.178555423735,785.9518288104985,846.6334241830918,956.6714156566218,1096.8421529601235,18.432916583175146,1358.0558516553333,1470.4394264739733,1513.447885719081,1529.5899202072214,1496.8379809538965,1446.8504439693024,1352.6977397863304,1228.764609535721,1078.3192571761847,934.9348910291308,805.5588009850762,700.6687137041235,637.6968039181297,652.1390147584099,726.83065426628,818.4051770614873,924.1226851767833,1010.2207396560103,1086.1127980832282,1130.4601196254112,1140.2122067177336,1160.0229544431634,1136.009784884906,1080.3528326676897,988.4678259697664,907.0785388654482,9.865363975834704,5.737727416566472,14.399098396670391,9.958250230532713,0.0,0.0,0.0,128.0,4.284381708849303,10.236355299233937,6.501243924490732,1021.5582158634082,1007.7212318201096,975.9516300655171,911.0918471179657,848.5398681490041,718.908767179584,671.4893952310996,602.4031767647405,569.2097858174658,571.783049511415,602.8660295802486,643.2385941927622,707.2968087980382,757.485341489264,795.7652410700529,845.6891786358481,854.8028581235936,851.3682961407798,823.3466457416088,771.4668580762594,753.1566444572626,692.7231383985725,621.2429144956644,601.7340954123106,569.6315825841114,542.5547749641919,14.596534663558359,584.205380690438,633.5141958741233,658.6349337003675,674.7800002557609,685.5317212971064,567.3847536037522,543.3840833078389,528.5055183409019,491.9298733242592,465.890288734803,431.96967245323987,398.40672762543517,365.07001554723433,351.17714002440243,368.1016084230405,383.232984063396,416.82380323779245,428.18537555986626,442.5692946714931,464.34706830056894,448.4011994762588,448.55066363037724,408.0404989565627,384.89005911085167,347.5970182781397,301.5551124202324,11.297273766692243,12.700397555160253,6.659677303309936,14.767291296230118,8.53672053873061,5.26107658184341,20.432423863776208,5.934386125429841,13.14397352475368,10.223014045645762,10.126646194060504,347.4853572705227,345.7899567189904,345.780676228302,343.13680880804554,329.9030895750502,289.2544753015859,285.6748666095229,250.44689320911124,235.8911681123665,240.24240235535657,248.0277176456289,249.75640755803607,277.8832334285642,306.6810354856473,330.66564590397934,311.9267584138194,318.81668792287763,308.98876964006536,300.88956258556215,278.9619825981917,261.56306562320077,238.04038127895265,216.06250791675393,203.9622395355369,198.30719025705994,203.60814088391706,6.102252444758364,242.5380248430606,263.20886086327164,273.794969575329,291.7000680424749,289.52431919021996,286.9938657230099,270.84556160271876,257.3985495140231,230.6603553305631,203.57988240054203,165.16366680885648,147.66995912958396,119.75301659227883,119.94167867607665,138.59151282701876,153.84189116071857,176.28275642275878,208.84216183717726,226.47473889420107,245.2273323676627,246.9469958691045,244.52770237360792,241.8056050003767,232.10790743913594,201.53873067540667,173.97664186429785,0.0,0.0,0.0,0.0,0.0
2025-06-01 18:44:23.191,0,0.0,0.0,0.0,0.0,0.0,0.0,156.74852154882743,196.49248847348753,269.6674862108973,347.4862386872314,424.5730590402502,489.3428864418642,545.9828317048416,583.7330956195308,615.0550634654153,621.21974557472,617.5855751310769,581.9593594692396,530.8952906583569,471.15454833113216,403.92584245193325,309.02007197797616,242.9807874920422,205.21852253664673,224.40701043285137,283.61920533212157,378.2219334436916,484.14132689825755,579.1067602635577,652.7877655914168,713.7140806891264,761.159570766629,9.615013725201486,771.7698366243446,740.2749123101731,687.329829274213,622.0210535138926,541.7232816976947,473.14687648751806,380.3805587436676,345.5447466525061,319.41107255775603,398.24208432818625,500.2484755981548,608.3654474619645,694.503379755979,784.8209671790871,845.7510721967212,897.8026883862774,935.847531615803,935.5677140512103,897.4011514633737,825.3127378887104,759.4770661646123,686.956720041559,600.7678030511764,566.8505649444628,532.4593798727047,576.1524453631027,25.380199397942768,10.850787018180869,11.344905891870361,6.80467540093069,9.79369195710915,10.172414159045765,8.125086635685067,16.495818084422208,12.496723163395918,17.391726880821672,5.578396038005627,738.5555359707716,642.5461536322912,544.2676615062445,449.7477187775253,417.50083003888597,422.2002679059597,517.1750854790182,644.1477180875835,787.0740298911625,913.0206384373334,1033.1470858209727,1137.2978913215563,1181.4153376647587,1251.1291976888479,1244.8292528493594,1225.0163753936756,1148.6525316444163,1072.2301548035693,974.2102200889094,841.0315308591493,728.2262042386112,812.5408269487548,779.3964469694143,831.7787362643479,946.3019992109129,1088.0022700023683,17.777677315857908,1348.5734062881709,1450.3687448535777,1497.8578594563935,1530.0498357500862,1496.914164162074,1432.9419853504749,1326.410450749053,1221.436508207758,1078.7675454271853,934.1571019378723,803.4755314481815,695.7348696873877,643.157467562656,643.98838700884,721.9493539743696,805.5425373156943,903.0208392510963,1010.7908542326469,1082.0760589216466,1130.127376995873,1154.4789513367998,1154.2385446030037,1132.527228579784,1088.4467703839728,997.9686101830504,913.359175852667,10.612599390491,10.077867340647956,14.105169048361569,10.580816614095653,0.0,0.0,0.0,128.0,9.535664783781453,14.665388518095241,4.9632874684101385,1017.2679830285622,1001.5336869495075,976.5153703304395,906.3771958218688,839.2744803759141,714.7105031235651,672.8941811967327,610.35284885203,573.4529033341954,561.2528531571978,602.5181640800577,646.4777098721597,690.4407708970609,744.3631963142416,787.630066726194,835.0264327106303,843.9396673232305,844.9148465359604,813.0653908083303,783.2682677766404,752.8941805978759,699.2319236539903,640.7326147874338,612.2503207479956,573.0353978305752,568.412373739367,17.97174947273308,604.5628223944656,640.5307164298418,664.138211812393,682.3548798203742,694.3211995851275,562.6258367665089,535.3144972652639,532.7665456868024,491.2490640480874,462.71706088732117,430.9112188939462,399.8094953168007,375.08504191178224,368.63360337716114,378.94663580474077,397.09899478293164,417.4798223048824,440.3886100906534,446.82559295559963,461.10264940077593,447.1607778764062,436.35785024430254,395.91059380133754,382.0859356262424,340.97289481197686,290.2570446587903,9.568369597219199,8.46260483835776,6.567775893932684,16.1245154965971,5.869763069708597,5.861277171458448,9.276346904890874,3.8967411369400557,11.098754314393839,14.990520546988972,9.015051337388595,331.0940854109738,330.3980843897575,342.6114483371335,336.1413316477443,287.21316067525186,276.990681750825,277.8007174991807,243.02249422705685,227.10339511335837,211.13711570777943,217.03309532426397,258.3031957524669,260.9041341403683,282.5592424218042,326.6055327343914,296.43733371335423,298.5756948673268,306.7773093044282,295.0438687017024,279.25103419437454,250.6394682739013,231.9474115464541,207.53321778291973,187.92580653877707,182.38482286104835,188.9136732591983,7.645847163921898,224.79140115575714,254.9218832596812,266.2049584199618,283.5482728419923,280.6364577530282,290.3769495009368,268.26342734505965,257.2495508266161,235.79898391037415,213.36817931721095,165.38133936517085,141.87461116179182,120.77650545189044,115.51615271397964,127.96862312709206,135.85438023261017,165.9878446166788,196.07825912031987,215.21294749035263,229.1459430526474,239.49437098700017,242.01200380834035,235.51065426351028,229.76351991540614,209.46524450938193,180.816600617774,0.0,0.0,0.0,0.0,0.0
2025-06-01 18:44:23.194,0,0.0,0.0,0.0,0.0,0.0,0.0,137.18948570984313,134.95577850426395,191.0329180587759,271.00414754925185,357.11463171327176,439.44300444986465,506.93152640787105,562.4933914398106,600.779122922625,627.0618566496127,639.7563039526307,623.5502279318694,591.3489154944492,543.5421702034157,475.68376230647686,392.7709922641542,310.55246238538786,228.99026663538152,191.02790332034755,216.11877113714183,307.31343231268335,416.5572255768907,507.3039610407204,604.1195627124035,677.385206117558,741.0581902744328,13.733776779227153,788.1432806935038,771.4137092519439,743.6790911760819,674.5270731707449,604.5513128182142,533.691859812531,432.9951888667328,381.1835364866419,320.25217485435,359.74324212428365,420.94876967483003,526.5246084731235,640.7294732861965,738.512467026619,820.9140330319252,896.0577747632194,924.7262212673962,941.6843165211276,927.6059515087634,862.7411444314641,802.786474430286,735.9989867072262,628.3319401335818,587.6589925012395,535.8419219521547,523.714403782168,14.897934249722269,20.949077544147467,16.785847835439302,8.952946971467979,16.328493458753425,14.768727425172377,15.090244882522796,10.583530275300882,6.455657834600941,18.201192174931162,12.574011297694742,778.9045308783046,703.3200088604739,590.4696204917872,486.8242953953415,417.1075613663485,389.7636502772136,452.0571440907171,570.0698903815911,720.3056674550043,847.5260576840578,966.3024885740917,1089.728127219832,1154.4963050441768,1236.2341958460859,1251.097373916227,1231.8876652005235,1170.9700670619566,1107.4113512839917,1004.9531689428402,879.0843687069398,763.7833835264621,831.2157791232751,764.3692745012033,786.5033562145209,886.0859071250616,1024.333306401777,18.54283935162422,1299.2248069396455,1403.2387337471948,1468.0407794961266,1503.8365832543543,1499.8417713159622,1450.176670857667,1345.0731505476508,1256.9651789156596,1123.3577799168017,980.1144772935801,842.3086845162029,728.4178758504398,653.0664419708023,640.6795745943938,693.8947346857893,781.3485235480617,872.7567257642366,979.6856597466053,1055.7867577107452,1118.99341652416,1122.356056065267,1146.8577259499466,1124.0133917676428,1093.5394495706555,1020.3056907175371,926.1189695777226,7.513184694824616,12.184336587446793,10.826184672711802,9.087919882954735,0.0,0.0,0.0,128.0,13.863910548254163,16.054177726643093,3.831811480753669,996.9674012670016,979.7593738470798,956.7884079564425,895.2815087218341,818.6374001202327,701.1161852707742,662.3113366643357,616.8933268291291,577.1031792447602,566.5506572910607,605.4623417993088,647.1147243086866,684.9875423901423,751.7378719317984,782.5068996763786,816.6249922816725,828.2324833452515,825.1000228011139,801.3951335372017,745.1993839610162,730.9228910590061,691.3428331220862,636.1483398137082,605.80020603916,578.354703678324,571.0983335380593,8.655289293867217,602.5560270111625,632.3383787466902,655.8248837255534,665.885287540505,669.6902538264593,538.4256308145272,497.3919273371456,497.1904615697316,465.9868785193312,435.91641254626165,410.51898353477384,387.7032595578687,371.8523812768088,376.4236761604922,385.93068600678305,405.9662438519917,421.8750699726643,443.87564620920665,445.12363037560317,444.1224393460432,419.65471568962215,403.1980739867693,369.82437982352474,334.0902992354986,300.81624196342347,256.1801136653704,3.7190402324217473,7.559977316266439,8.484119364477563,8.876980814217777,8.007808355591516,8.399298427740389,5.312623846017468,10.6418049294047,12.087091121883232,11.210716128665771,5.91637582018673,329.09071419945985,318.19851603547437,324.95519502213824,321.9823286471501,283.5965349976894,263.00831255577384,238.9297990550906,223.49611459135008,207.34536240560186,199.99394896095293,234.35103655757814,272.2225687597947,267.30965043863534,294.12368142023865,326.396575816845,300.10502698112055,296.0898013273053,291.72528384707164,272.9341313303417,249.36577843006407,222.04304040851508,207.02845613815077,189.652511663447,179.90118185754432,181.57918473424053,201.33140467290434,10.264972084989225,239.33513975917768,268.46335168490106,281.91030897926714,287.7874076965707,285.86459094285374,281.7577054894468,259.4836013614797,242.47165632552523,209.15434218590607,175.7151243834948,142.04139105693935,121.99881784047487,109.49738463446333,114.78234867801191,138.5087736866771,158.7947719640192,189.88879249512516,214.18823693372542,234.4783635895143,240.1593145534796,244.35565166235418,242.06046252235382,232.2849324969336,206.88051203993916,183.30167187920816,153.6822925076587,0.0,0.0,0.0,0.0,0.0
2025-06-01 18:44:23.197,0,0.0,0.0,0.0,0.0,0.0,0.0,170.4155672370859,134.92324401921,158.41982284134846,235.81670268102437,317.34583115113645,402.7622716518664,478.5547751011459,537.5297540839621,587.5472407730038,618.2412043322906,639.2971532186035,634.1994667214072,615.1572560363609,576.2938012454309,516.8323466021986,441.6660800599054,354.73856319680783,271.07451449339396,212.29964402237556,201.24957973588465,275.4406372258627,375.90310432697845,458.19354260092086,575.1149945110195,648.5186167583738,717.6723381144343,8.328208123462442,786.4467020995559,780.0692902487601,763.553859590243,703.6921269353369,652.9510400649912,575.1895110638303,474.6284404534365,404.36444823874467,352.3603924252361,354.7402959906339,418.0330212731647,514.5234301562324,593.1527073771873,707.418225819313,817.2215279999333,867.1681598233235,928.6679681819517,939.330471763999,957.6879914141309,893.3574747504563,863.8485649623992,755.9120918063686,672.8513893290142,618.239173720805,549.1267701479636,524.0833527329855,7.104024650308907,23.28516248564285,11.923775024360843,10.163106284682486,16.14276994167606,11.455955109164327,15.619196714217178,6.052222395927672,6.099107295517513,9.40955551902167,13.641055766013011,828.1292254309453,737.2608664769375,635.9863812770761,528.0542048891572,452.32301176761166,403.5608339754577,461.96902616472295,558.9875400606904,713.1034251958391,832.1522281959478,953.4444357848001,1082.8003260058654,1163.1616238199697,1236.208975772155,1262.0898512854349,1258.3005641403668,1201.7787016347038,1134.6266389042644,1031.9190400653588,880.1179177846448,788.8785994778542,846.560886660505,769.7140929718645,785.7753570233529,873.1217188745121,1015.8366763173924,10.894660176642738,1292.2024635781615,1405.9353470378117,1465.5032075428303,1512.0946228593962,1507.9253282839534,1463.3794495415978,1367.7337132653624,1275.1462275560912,1133.73436315511,993.0476437134607,847.9165504276416,728.4122401126065,649.5065725774464,634.3772743975277,677.4027948498111,765.9981415934304,875.1332249331014,960.7787589897873,1034.3514130573783,1099.5704194206614,1098.9399851474668,1125.5679195000048,1108.6824275521174,1072.5511068814048,1003.3392642831768,918.2121309521282,5.511387188674215,12.835269146996167,11.40175425099138,7.443244067062292,0.0,0.0,0.0,128.0,9.200809069656483,10.625416723787755,3.1713686210304584,991.9670507330476,958.7221230061996,949.4661213333142,890.7427889319806,823.9921407755745,716.3174092047898,664.8353010354141,614.5085702831577,581.07312486894,577.1776585569158,617.3596263977853,658.8632861081568,710.1258161106962,762.4323833337739,792.8295115214552,819.1075793477005,822.9967266149132,822.6823146796238,798.4414439899934,729.5248005857384,719.2363684080985,676.9196288699758,618.5887556158619,590.4710847576486,570.1235868310523,561.9373629023817,7.082403476590125,601.1837806249064,629.373946727858,659.0542019476464,666.9425069532318,659.2872870679771,531.9906140162733,493.26295134952807,485.7164294874489,465.77909307592574,430.33072684711505,403.68956359508513,376.8947568808474,359.2585217915891,366.6310512581944,385.3396208622465,401.447390130261,421.98742861648077,443.41270368440536,443.2944296683451,435.85170645863565,412.4886770801167,393.40884625361673,363.96138791063464,314.3550787479749,276.7650886936014,247.04430633994878,4.358579903299382,10.746684193195073,8.587791624257697,4.1233983344612595,5.9496803284240025,7.883722119976971,2.7267556170301646,14.260277514170472,4.476833216000909,13.504393536880798,10.042779830573423,328.72961613019555,332.08495575221065,317.1721411692145,319.13381309564534,296.32980356378846,261.22619229795004,223.8371225826854,209.8151260112364,211.86758172301202,206.3997869059788,260.8149351787037,257.4381510963502,284.90853543557427,316.8272021855338,329.53658245968165,303.08887915802774,304.2686139361805,292.0255691843051,268.20565295526603,241.12389255098154,229.3146866168823,200.9251348413449,174.8981997933174,181.2554940779226,196.47232061787162,206.11811508885748,6.379310344827445,247.92894951112336,273.46013761035647,283.3592733916478,288.43757662642724,283.48819073768993,265.4034109106656,246.7396783587895,228.975122992343,189.388922321297,152.22754880298174,129.83947178971272,113.91521669478175,107.68195047792005,124.66950177253318,141.85369706384108,170.06587424195118,201.23554486057148,216.44806598407573,235.0749828866432,236.54449317963676,241.06980804777825,240.53640307039686,222.90447583180213,198.3510190165103,165.36408051328453,139.2383714819038,0.0,0.0,0.0,0.0,0.0
2025-06-01 18:44:23.201,0,0.0,0.0,0.0,0.0,0.0,0.0,185.65694409737418,133.34921976438108,135.3848824325663,210.79504781554644,296.8601206500633,376.747104299555,459.3849621066984,531.1289890393186,589.0177239860024,619.3181104826767,646.9715823495114,651.8173310314129,634.6215984550669,603.1044507523218,554.9977469658486,484.58972366325787,386.8300437254024,301.17202067873603,225.6714648868367,196.2276112385208,247.82753406099152,339.864670450451,444.2452870443592,551.6003901692865,630.9115782470758,714.1205928765761,6.6737955099995485,790.3564227204147,797.5860049622088,783.5914708323353,740.8903130115216,688.5705019421767,604.2619591416463,512.8299715787954,427.8796598106644,374.4881064874786,341.4481791588399,414.727044294623,490.36313978065726,582.0434807014203,705.5401622069057,806.3576279926733,847.5752954928001,902.7939848323957,959.8942499171974,981.3782874610325,899.5003688226446,882.5412488607737,786.6574108149439,696.507905374629,620.3268224805394,551.0914697552344,527.0642095692589,8.098203510441438,17.587317140829104,5.983698621176705,10.490187531681604,9.562765763948246,3.8435962572527322,8.700250425705214,5.97740727592481,9.366255655428521,5.046320120229597,10.789711238651488,840.6879439123526,757.4076325339744,660.4001088480665,544.708428949672,466.7273088153071,401.6182189250872,451.563351825369,549.7852478158612,687.0146566405357,817.8218587970429,947.6578437779833,1064.6907201318456,1161.034032779732,1219.2547857903244,1245.3849746949993,1259.6073696938483,1206.5725914105908,1137.0476714480787,1036.037227163692,890.5886408298826,788.7870437266099,849.0066008872454,768.6896620541274,788.8163387612009,861.174085171428,1005.6094621396909,7.3354536659853835,1280.7898035248995,1394.6244153357404,1465.0227288202218,1513.6123170034184,1515.9854611624007,1451.9584513302093,1374.7975300026112,1270.5222303581997,1131.3630243914524,992.9922964624818,842.9930802195679,714.7958312859841,640.7406261879219,631.8601882035979,676.4524940689478,757.1409151992074,873.6760398641002,963.7303049139708,1033.6337298085623,1098.3599221503239,1107.4640113632825,1122.9572263372604,1118.6121884024947,1062.6617357337152,986.935133600413,907.3416426676675,12.959831689119259,8.255507409842188,7.6784351119091605,9.913021336835588,0.0,0.0,0.0,128.0,11.629997969018305,12.426381500167047,7.087241313925224,975.096147176577,949.3894181737264,920.4181768518105,868.358801827365,798.1625022345454,689.0329269083802,644.2508320642827,591.12309665447,571.5326629216968,584.2569425922048,617.0199958552402,652.7494240558043,726.3073502573901,756.3411916794228,788.4798490625341,809.5256783861847,809.5176425233125,792.0960703366231,765.8219191104157,718.8955783317864,689.4833350643714,640.7224528468896,581.4254325584933,553.7471627001056,539.8458478014467,538.1045035723527,9.78529563782053,578.4463647914521,616.9052089848966,645.0047557407274,645.6875349368697,639.9726003663194,512.5147630382085,481.9086371063893,463.2874002816682,433.0659527991254,396.8618033223107,356.99219453852794,327.9411429695332,322.0425200699805,340.1177459304227,359.95375265865215,371.0274330133404,400.49745662874983,421.8419429571073,414.4927154128427,411.72361431762914,388.7536662886627,369.8116981137528,338.9763097872064,291.06796526089175,249.64639044924658,217.17456912674726,8.906324025708281,17.240705371310185,11.93734579438636,4.967811195454062,5.107474046711434,8.8414278657392,4.796072290948199,8.729158908325594,4.3158098860284415,18.134433677351165,11.37035373305281,316.39636709507033,321.9835614281939,310.6773851733191,307.3036984181156,289.343311611446,244.41011645718163,228.62396701610086,198.60328116122542,228.48184847483816,207.29683494135014,246.490774862557,257.4338697920385,288.9959202872417,339.1120609532841,330.73728264298893,309.23443787767764,314.752468174112,284.14709581287275,272.70970877431716,251.46992232214834,234.3480045403338,204.89959126695356,176.11343185461675,183.17859100016665,197.09223869029069,218.3339544882108,5.780562638379383,259.1160507771024,278.517111769915,287.90853542166633,290.1543973813612,286.68260596725906,265.9146334790077,245.18767870007133,225.81967771621964,184.36933354100702,154.60982708203585,132.10784121893678,111.257591016223,104.6128902070245,129.13969397619536,155.6875464552673,182.5007155333196,208.94053774200268,227.79169468658648,243.13383247165424,251.05942744969144,250.36003855526542,242.39488599012796,225.04895625739985,195.16968803614373,170.38433977359503,132.33325700167475,0.0,0.0,0.0,0.0,0.0
2025-06-01 18:44:23.203,0,0.0,0.0,0.0,0.0,0.0,0.0,171.94953912387697,119.32508360102571,134.73028748152527,209.16248364732814,304.8447535546856,378.9958303360376,451.50856039209344,524.9538035284181,576.4140341572497,610.8507107600383,631.0776552358195,633.163079904766,612.0514806947264,575.0077219283309,534.3314378787514,458.8063127558737,371.96497038724766,282.1113112941171,206.31777466947463,185.97065169198706,241.1460117964577,329.6877378232626,443.99267480405047,535.3752377581823,630.7166259311768,700.2412452684877,10.563222992431214,774.7067879336976,786.78729761947,771.6194163517966,730.2146349958429,670.3956658327866,592.7171951219768,507.1118941954787,420.524806693397,360.89890061917583,322.8242436018205,384.88418995032237,461.004507126716,548.80721769316,681.1674374927899,744.4928698470403,839.7027463514557,925.4321931289084,953.3330222519908,936.4332831788117,892.738559085365,877.6486112078156,792.0930672067178,693.4850853440967,611.7588144597426,551.9860487242097,531.0931036429176,11.877344044913213,9.103880570308762,6.466724812102504,12.079298028395776,10.114854008797247,16.477581196254157,6.903582935980825,11.266678916592317,7.178054801604057,5.481209329278338,9.408944140381424,834.3606923321033,766.1398576233744,657.8292710350221,548.2345030192802,467.4656509859894,410.6692009840954,458.57397689457866,553.5838005992513,689.1476230583212,818.1913107595539,954.4429124408555,1073.3608758701089,1166.352277647578,1220.2372306539041,1245.5256345920186,1255.787813119799,1192.1126583762903,1115.4391526946445,1016.9731428394692,880.3217306706401,777.1662205158283,838.8963091820225,765.179171330341,776.3109327183438,867.8331207258904,1007.8949429349142,5.408615656079611,1272.805927801516,1392.8059683537417,1458.0909184307873,1492.3415015149435,1480.3866730801572,1423.8443341127245,1359.4279345277564,1241.9544952222657,1109.0561312086757,973.8078762934007,836.8244873752193,700.9417206370001,624.1785192655892,621.0769706458141,671.0543795351336,749.861033062569,851.6457447711799,948.8968363868195,1030.1019514522725,1088.5570212156867,1096.9276572004508,1110.300832411045,1099.5167673361937,1049.2648767732753,972.6898750531881,894.0766578407287,12.475528827441252,6.531874509831747,6.718451525956731,11.671307651424076,0.0,0.0,0.0,128.0,6.933437236891157,13.986416385412697,11.899067054266986,955.4406086683862,926.6135594666806,888.0116935986617,834.0253758353584,773.047653867595,662.3973259856597,633.5766775188613,582.9081731614939,564.1904678440684,583.5736910017602,610.8217390740101,653.5491276436823,708.1865899346164,735.0008845205444,771.9620891059151,786.7340607706252,788.7648073113227,762.8829067550398,727.3387253108374,680.4591626012642,649.4788082096376,610.2772512753289,559.6878634620292,532.7093470355833,528.8150125299103,531.9446268802755,9.354428340367296,580.0400880422353,622.2665023844576,643.4411795358047,652.2022912759713,634.0078023231633,509.298244504447,489.5732467686695,454.614421455965,425.39876476836906,387.3971347036512,347.7514552424133,324.27237082538255,313.0357220298854,323.60475309250097,350.89703364914607,362.3369246929192,388.6763106467637,405.44699170618117,413.1346688913631,419.3656537550205,397.3367484348143,367.9136473910006,346.12084137362285,297.8110989181543,255.0276830887566,217.19532367230457,8.980968873829,10.601731909699454,9.721211660168308,5.196584383356105,6.189704734396428,12.273334462475281,4.06848392885056,8.783715047263868,6.8971983325816,18.02161725142298,8.4137421290643,320.42023275293263,324.2313138115348,309.6075720818685,312.2976283969641,290.4504409423773,241.7757720102444,226.73410469629985,201.95618807360037,213.36637831745895,208.18891250385374,229.7178222617576,263.89616885933276,294.4855046831017,331.8961361890539,342.7942790528584,325.65243934998404,313.438746447056,283.84018305694815,278.20354289197127,250.5569693073449,226.63384427905228,207.45822064925778,171.23369111448358,180.2133526904967,194.03736803705422,218.80693544565395,6.027823019040192,266.404401729577,287.3117205551477,286.42546040900595,292.0989364992265,286.75032622134745,270.4277929928278,246.16892517599976,233.36674343819598,188.02804606454274,157.79139661116886,120.10305243727615,97.35537428483752,100.08826329709686,121.79311267205813,154.30095786551757,178.28369333034377,202.4432144923508,221.64186742910752,235.99441263626355,243.58786718693267,248.76269428965975,240.0252994712191,224.8859051893639,192.39550832893576,174.89827001743754,131.24680203430168,0.0,0.0,0.0,0.0,0.0
2025-06-01 18:44:23.207,0,0.0,0.0,0.0,0.0,0.0,0.0,161.27783954887718,117.02210943771719,128.54842520366245,210.09535662770426,288.2112473290231,372.16361370166925,447.72734340725526,516.8881974100849,568.7247965494068,605.7814325183157,621.8558567519647,627.8791421092388,610.6658396469843,572.5284443121681,534.7521710708212,442.83857802335166,371.36677053017723,276.1968564255654,202.5172294648922,180.46779595494135,235.41676525716977,329.06567824807837,421.91632371447446,530.8385093444106,628.3078750973494,696.8090606413372,13.259934556051144,786.6777914411069,783.335865208663,783.1018927050038,724.8114497338858,680.4298657638482,605.6664314224976,505.52120090302145,415.8619012156079,352.92980492018916,324.97092942000387,389.3484209410352,474.09017570123376,538.819463581513,687.4847650609145,749.3143584858303,860.5872360402387,912.0618261177534,930.6756463952831,942.8180179864873,900.829848804952,859.7409020278809,777.1539673481725,693.7732034035374,613.8929348970316,552.113308914181,519.869374838669,14.210630645804759,17.12712528080387,13.103700576597404,12.491101188022325,8.121443493127584,18.965215207819238,6.14555262559023,7.534122048988718,7.102196831467239,5.729971931203832,8.07338906631609,845.2069657637071,766.1340089053854,662.682537994108,558.126445422393,466.2675771196048,415.7657552717227,458.968299245251,556.8741919599162,708.7687670768439,821.048255464418,965.9440360409847,1094.2393137469685,1186.5597994803493,1246.2976175257725,1271.462987824125,1261.4310970451272,1215.6619328924262,1122.7537770788263,1018.1812316454358,876.3527147203405,760.067527520035,822.5405880052015,754.408105630096,764.1030774156346,858.5709661765954,1007.6320910406635,6.423007480645671,1288.8596604298289,1400.9836426856778,1474.2527161695932,1499.2812054720769,1485.39564171532,1424.7562049886615,1340.5141043499198,1251.3702393230615,1111.9194803975663,976.1714825614142,836.9495766947445,707.8833105860841,628.2223587122328,618.2837164991269,650.5665957638024,750.0552301840372,846.3528231146063,946.4983968913039,1033.8797498728436,1089.7453274234147,1111.2921705605695,1110.1211168904279,1088.8388176384367,1041.6892403502347,970.2005437182106,899.6014441538982,11.733361409195814,6.998123841329555,13.142847754004457,13.127981785411647,0.0,0.0,0.0,128.0,3.2283082010033404,10.578162756319692,15.397171564633853,940.4094356917057,921.8717262319342,868.6951879593533,805.8882456346331,748.2298628722832,656.6484675691271,620.3338937951008,580.3320355810471,571.2057800198608,567.4936962045197,617.1543239794855,658.3449795851251,705.48641081173,746.890148356718,767.2421407162757,787.7801770865632,785.2371824110176,743.5155189018477,704.9395598706781,665.9705600837096,621.264607504665,580.2894042430187,551.3140819081207,528.763809660129,518.4293992080256,550.7472356656459,7.742837557403119,608.8139052752199,648.7766179217683,660.4694520991236,672.4955613303508,646.094988586951,521.948314016124,482.70237526205426,460.3442909796761,429.1397518412175,383.99770567951344,346.7827763052753,327.5557561449118,320.52550416832617,337.1363722816594,366.2056654690942,390.78125169765536,410.4306193979397,427.5614240190418,434.9241199392661,437.9184763481232,414.4496005894967,384.2483548793396,346.65470851253446,303.4898981294141,267.19284503810763,212.0466334576695,16.76646963079067,6.975699292257191,3.177210525634665,2.670044282576693,4.4375780909134175,8.874518769041472,4.247018148027573,14.003560358070805,3.4930978893032654,12.025684654068172,18.64528078787947,323.6815504242581,333.80084772932713,315.41816781764396,306.91659683036096,268.3166256720797,233.67369944807695,197.33018922930407,199.5016324350126,178.97165475479497,217.98385257215966,210.8457814221535,249.92667040462538,281.60387539302536,318.4022118048466,344.5476455033915,321.0320237513411,309.4711383250889,286.45318214933116,279.7153529439314,247.8882072085932,215.83321176721458,192.7581972779255,164.88926612983954,159.33402040351166,188.43579473989286,204.43163655786597,6.103794618641906,264.47782949186393,273.2546019963263,282.7727395129282,290.62974915278414,281.4567733893552,270.46645769707834,243.69551554642547,232.90972549048547,190.4869832505278,156.74562738997034,125.2865454394539,98.91465181180374,102.49403607868456,115.54439236880157,139.8332577232463,172.2368454653456,202.44055449389745,212.52326562964365,237.85271801554669,235.13543252610435,244.8851190016183,235.89083237620562,228.60414604627243,195.9952647930082,169.80081156048269,133.4068625373547,0.0,0.0,0.0,0.0,0.0
2025-06-01 18:44:23.211,0,0.0,0.0,0.0,0.0,0.0,0.0,173.25394844526895,121.67731777740053,122.41772211046666,190.53284898331114,266.5096718861729,355.36175916217144,436.0631958710021,505.8009354726419,558.0193095618511,603.1947164764309,625.9982206093187,633.7319498870332,615.9743890815805,584.2008213779837,539.6357504066173,464.3554783795677,378.2267723244751,302.1481097568755,221.55124116906157,180.65240437541414,227.09468464354092,307.1312139472067,416.3178273191949,526.2820110885099,615.9105131375646,693.6363578702935,6.369910352126554,782.7995369997416,787.4146916169158,778.2053552444966,732.2981326219086,689.6084823387587,615.4454675928924,521.4084347353541,438.4328213392165,366.2145042239255,349.621413524761,393.6431847733265,480.83784474855446,554.6400166874597,668.6815694402808,762.4486414658912,855.1114091978724,894.182050002735,920.6558297517289,967.8383302699865,923.4023076232186,855.1891551289648,779.7523740717123,691.0762738656649,626.6742744467047,550.7034211239321,530.5561166604941,16.988396995503383,19.328831249945814,8.018444190259665,14.836542478290285,5.326497461969286,11.540180061544318,7.159583968569246,5.099383415370527,9.261538703749784,9.827841260740927,11.917138116304407,853.9868353439243,767.597774203978,665.1791030723566,560.3809813705097,484.7649374590561,417.4886935805976,479.13421297755934,564.8550261934765,687.3233026615193,838.4092577320346,960.2513690587,1083.4333932599147,1168.3321378100015,1232.6951589200442,1240.9760643586367,1247.563166633045,1196.8104749654472,1117.8689248231335,1014.3856950570495,868.1076808323805,760.1421248121227,814.4524073501999,748.71256247438,755.7424298499336,861.6776651990228,1003.9800250749831,10.364414828083069,1278.2728359978207,1398.6347885044108,1466.9664866565765,1494.7796651230403,1482.014664070392,1446.6556896460972,1353.6629927425804,1248.674106428761,1114.3039501849285,975.3853617886949,835.9006608929539,721.3225809296601,648.7618399738527,639.0729691088947,677.8409089778748,763.8018968106644,867.8859353163963,954.1392326938125,1032.9430310869436,1071.2432978285633,1091.7694611356264,1103.2644286834186,1081.993332026955,1029.2767443017724,956.2992622457253,883.2169516700419,14.0356688476182,10.831371875753794,12.046826200875131,11.552358179279775,0.0,0.0,0.0,128.0,10.887818897442529,13.209976226889946,14.52184775243968,923.2693840027829,892.2510643740497,850.2842007168166,785.5923993360237,723.4508851464778,629.4990553845411,599.5322918715584,564.0401343674497,556.6896393476667,576.3620788275863,627.468254013563,669.852047962462,705.6477853078832,752.812093910487,759.7275970676126,760.5479949829249,755.6969891060321,725.6705757759831,689.4484098187999,630.8783446970385,607.7066698244711,554.1932169546355,508.2655577751051,501.9127395319142,515.208261561339,529.1360349478231,11.153616222948987,594.5359765352563,638.7617409932153,645.6666479444714,643.2693826766016,634.7702804352301,506.2739537189428,461.4178711601204,441.4391505996543,388.4798187247737,347.1308497878826,305.2753461863025,297.5902096286004,302.12801877345186,312.10800235602,333.2703696525605,361.5485440089674,403.1420940910106,400.7811837714248,403.9051398720976,397.23985860586816,371.46018547187623,351.8502733800645,323.16557579255914,278.69403146753695,243.70817768517622,193.79776027749938,18.24042661699401,5.271269877744585,8.156956107102665,3.685057471264372,5.8583900063290635,10.083125146338027,6.757397852491605,14.690878457815698,7.6005404982479865,4.912138651230529,21.643678160919535,321.4668267776137,328.87366741924853,316.43560941188946,309.8874176538575,265.0062182884547,232.4516668042595,218.2317600217263,216.11633535167402,195.84738788958816,206.38484568970654,230.45579785038677,265.5929867567867,277.34028049622714,308.65687723859776,350.77941169235845,321.4726912085401,301.6285846492765,285.6324879523291,273.5092618445305,235.1800950980579,206.06826478609267,187.05626940130898,173.96781396910578,164.44544415327115,178.89629544902397,202.35504833805672,3.3425426997242647,254.59523896651925,256.56100045529615,271.0455314872964,281.41875935479334,270.0956306613454,249.60948596396787,233.58634284683862,212.8646450551014,181.8689696103085,150.5642862444901,125.14383210541584,103.10612839090484,101.17044340514406,110.11344302223534,153.64307051330377,176.22115847857722,197.48038792436358,220.04310346986134,243.52755750312446,242.05866722468156,240.8171328804386,227.26960255125914,212.2287673276901,190.4082517935702,160.8892281640402,124.76431457765271,0.0,0.0,0.0,0.0,0.0
2025-06-01 18:44:23.214,0,0.0,0.0,0.0,0.0,0.0,0.0,129.36233008052872,147.77876606483454,202.01196604957516,271.90371416669564,359.8188440410542,428.693043250993,511.40985514041665,550.2332581607205,599.0787570670022,619.0514784000258,616.4636933681347,605.11463319905,569.5214183269451,526.635665619621,472.8789424064826,382.0861583874129,292.42839849900616,219.0332030233002,185.75161999796705,222.2440680554903,308.9071624247294,402.1470935812289,506.6003924074649,595.2926748609781,678.5071348355175,741.1259739149914,7.459907520676282,787.342674783794,780.5840306534847,747.4906121331449,683.3024992645654,610.948149611773,533.8813085591461,457.67925307160766,379.56237786072614,330.3627131271029,330.101244677808,447.86614682399227,536.078013043972,614.0784822104051,737.5162870629131,844.4515020273896,904.6950299977882,931.1430180956456,930.776121938072,942.447775648673,900.4679632900849,823.45625570782,747.0366636944292,663.9353867879523,581.4872873473248,537.5871542899133,539.6951450546682,17.49132106218249,6.689505245251132,7.983042058294364,19.55964323506734,3.8645306049803985,8.786781576772608,7.810249675906654,13.723829956260772,12.684015933369267,7.060341251277387,7.7376814429421845,772.837693165145,690.1447263113113,584.798764960029,491.1486242751808,431.6767782304858,421.25161381205953,505.55984540068033,619.2799818718419,731.7304074694356,870.8834331032211,981.407874907511,1083.0754676951549,1148.9018369461924,1205.1548665355913,1218.4955956768501,1184.575722592088,1130.732282862934,1033.6193651687936,946.7104396982588,815.1450705311328,714.1767019396268,773.4653805489506,730.2593019760579,772.2392454925952,893.7425603862143,1032.6355349828923,21.691160889599814,1293.9429783701016,1400.2744291963043,1462.9144497219722,1472.7013842395538,1455.28973566379,1409.9646767998597,1306.8341719295015,1215.2053447902235,1073.041938460319,928.8377949714026,799.3958178115452,695.6827419021188,642.5611401943843,654.1728785368065,690.3592068830338,786.3531783761816,883.4819404671298,965.0537702087984,1019.156857579613,1068.1745742957,1091.537878451137,1093.5853308889969,1063.2966565157296,1005.5065681238548,941.4668690736552,864.3528941786989,9.670719773199947,12.32801458972796,15.893886449551559,11.916606480320723,0.0,0.0,0.0,128.0,19.71528241740034,12.964730002608876,7.570554404909702,901.7606459268384,856.7990134128434,811.9710955034457,760.5414160849261,681.6503235136639,594.4089973451328,569.988808525596,531.3644690169816,540.7212614653388,567.7287737170183,609.2704512421226,646.6895805752314,687.9440011719221,730.1311559941807,749.0981961275041,739.211829506049,729.8570445894758,708.5286635136532,662.870644300479,617.5051783724246,578.0769173552285,527.0870245139287,466.0374552374943,460.19586522570916,474.69244104068815,476.1687290636516,19.371979950176435,544.67710456236,598.6795084593489,615.3256303717357,611.0914312180773,611.6180331951311,482.04814432578723,443.3693138947843,424.5831485611527,374.36519195875934,322.53291282502437,286.39145374384975,261.87419418181366,250.81889918768434,258.14339304328956,271.54291778084536,306.69448083484264,343.87852152087476,360.0647965472134,364.29615970046154,368.7303194540333,352.32825565897923,339.62578711303814,309.9845347574084,285.9380144196174,252.05346904712934,208.0988249439405,8.59462593272135,6.571987422112052,12.270543767662012,7.276079153164898,8.276021709826741,11.219764769947368,12.267162960199101,8.002190568416463,14.504240814214949,4.080684050797113,8.505041698889036,319.3260809685472,325.88295769007505,323.12019617842026,332.8317772869935,287.2048144077019,268.0858442059126,250.71515847410987,222.70911993456227,213.16166429702042,194.13119746782124,210.66707960014548,267.717231240515,283.9494974502194,308.2229797373753,350.48114843195077,315.70627911189507,311.3201302102041,300.1794489241248,295.60100679234654,263.3096127208411,239.48940238556509,200.28923427048062,180.58078047009545,167.72003235156768,167.2922019507287,181.95379615159305,2.9506687405172194,225.36677874646904,247.35463107599068,268.22833999113834,276.8493768682309,271.1751301349472,265.3644606182073,249.80456646787337,239.76560182751047,218.04668626484693,174.2507186025184,143.55299795196257,120.21956183449372,107.71265916287146,95.44420079859354,131.84468789437364,150.0734074004871,172.68494595493686,211.028890774829,229.68100548569532,240.19716411840687,250.3470718155881,245.91958968582267,237.5277965857776,217.53602195002918,193.7575006000263,164.27964042405114,0.0,0.0,0.0,0.0,0.0
2025-06-01 18:44:23.217,0,0.0,0.0,0.0,0.0,0.0,0.0,115.54704647028151,171.80728310219456,250.87639494869288,324.7732713737466,405.50243175206674,467.10588211769715,530.9905462932195,564.5739187700143,593.0263481481205,606.3820033282288,586.016764735732,568.4766526840594,524.0748821637972,469.2347401851248,411.3650955739238,319.53354114323605,234.68715879410834,166.36627789018965,181.2123180352127,239.6700916947783,343.2437818348025,448.5834603775168,541.5206275172799,629.7493013830899,699.7600645141216,739.083911681818,12.693271220909544,765.3501516472279,736.7723389037617,707.6462379525603,641.3132950289457,572.9723319909799,496.8395169594363,410.4856452222295,338.96998694367056,305.52670228395795,328.9226053024925,443.8919619152209,565.7180286227124,636.7443117351349,752.2676577526659,848.2360387729348,911.2170128675059,906.7728115144434,917.7627992762086,908.8462296434634,844.6055764521248,783.1657061313778,732.8411268550169,642.3253748023769,559.0106373626271,538.4878072561055,556.2689761264992,14.174588230804241,8.579310344827547,5.663135521279473,9.591417346067477,8.280113791331665,6.25047003428222,7.994476266758659,13.63848193849094,5.804266143528588,16.37103393841743,6.488701800207706,733.9687181712296,646.9180246332488,548.6362711653574,462.0744178937758,425.3013000024398,435.04643884283314,541.0806909952605,653.2744874702595,772.030242633607,882.2363366330104,1003.1966293160311,1099.8885222738702,1155.4226723705403,1193.0453409448314,1185.875549300105,1163.4224587513688,1086.5392010286637,997.5923457827554,895.666411404818,784.6985695584488,684.7424488464177,759.3569967008189,738.9832250828205,809.0615678429176,934.9717158384086,1059.8447281016877,16.517210863528426,1313.4367736960369,1401.815750008008,1440.2558979525056,1455.2120056460258,1420.6140935869357,1366.132501622308,1271.926572051957,1167.6149060099144,1035.9035304138858,894.1083196660733,774.4625230741702,678.5227523608587,630.9549811445244,652.5648911740161,719.6754590645328,804.8395118264069,893.2116986065466,970.0456450838616,1031.8731850272243,1067.637739759247,1098.159101620751,1075.8971032534841,1035.38298171675,991.5158873431529,923.2649122251906,847.8576131637564,12.490640000943838,4.700842679813143,13.86828394062714,7.848883746192294,0.0,0.0,0.0,128.0,15.749499262279159,16.01689108832359,5.072386678902311,897.2111220937305,842.1539224973193,797.0415187045764,740.1258140922185,665.44844283451,561.899699889897,534.8929368902104,513.5212827617368,520.6300940361805,557.6505890717168,595.1916959270648,638.9636034135224,684.7102202600241,721.2169865030663,738.7989776221917,745.9386326590609,721.9237218243545,694.2175904339016,666.4775040291388,607.7039087692939,571.5165491615641,497.0416274305781,448.4591834796047,434.94508533396504,449.1809631176996,458.4955190136071,21.292470942682073,541.9712477161546,588.1490866587213,615.420418252909,617.5799173267159,625.6090456890038,508.4436273340946,466.0874069877168,435.84852917413093,386.9731483848822,345.1637382032793,288.2268297777447,258.5275359879338,235.13277930104553,240.0063416037297,252.28827777976548,278.54017324204733,329.0812466161554,336.0340368298092,350.5608646278243,371.3551203702797,366.71768426390383,353.77508544036687,329.6415836749348,310.43736904729656,276.2306236781222,230.82138349523564,3.5161013979402993,6.495089512691756,12.674678192161776,7.927508306512298,11.565536535317115,4.543949688581171,9.772864277876085,8.188228551388203,14.288414871453073,7.051126222379182,3.2815029773858213,328.5877988771518,346.3466746841905,338.30400772402953,338.8986383415518,315.9635069185939,273.7597126015497,254.02920215225834,228.2496454457494,227.48875799842665,222.86824367373873,223.37976669669115,263.29901835431497,275.27228449182036,297.6152971666828,323.23021593703976,315.20957036994605,320.23513774905825,307.26150638660425,303.53955565639586,272.5016868402254,250.5183840005376,214.14517644107252,178.32002288418437,170.75249239733685,158.12837052117567,177.2328147373425,4.906510133098978,220.15041178563877,237.6868052716838,253.11035419093284,274.6365546714616,262.64074829091044,268.2645892813871,262.74844074860886,246.7308228902261,217.4401420269313,184.34342346232967,149.8546819373857,116.1355527167695,105.77055035227382,88.3400347564839,115.23196307994101,144.4080061200856,151.5967596600607,196.17916623124574,214.52713959159644,231.81631632807196,243.37867053965547,242.33985028707758,237.17424757207172,212.97606112119337,209.86718320737126,172.79462661444208,0.0,0.0,0.0,0.0,0.0
2025-06-01 18:44:23.221,0,0.0,0.0,0.0,0.0,0.0,0.0,160.60692776817856,129.08850194426142,159.65111718742241,220.9295208266484,291.43548549582727,376.10576128657635,444.78571529095984,501.8307158070539,534.6787181478376,567.2193975023358,586.487084817996,595.8774615380869,569.0121552555094,526.8924992245006,488.539189279173,425.00822247807776,339.34160702894053,258.5735038493368,211.51689386744087,183.21923207532518,250.68876028707388,338.4443073551569,433.74485847601346,538.4810887488759,613.6173877262406,691.585701013362,14.760540864699363,754.8394043346158,755.4883905046133,746.5974009891231,706.2551270984278,648.581190351557,586.4220926379949,479.6945214143532,402.26102231302053,337.1701046457832,320.6657011967566,390.414935474187,472.8490042416212,582.5419215075814,659.0441125038957,795.1704096510616,848.4212814087716,898.6293721929711,911.4355194004919,923.1902563817613,879.5090214572593,848.2679609101907,775.6877733890427,686.5895780409745,602.9773637291571,568.9954282043508,527.9342240591876,21.027146713090595,8.764614516521362,9.661571591132072,11.03201237959219,3.4669073313687697,13.580519065348621,7.8704998817198835,7.769739692469243,10.597398651075524,13.100875157025293,5.478160919540187,806.4984404534388,704.6383234003204,611.4309471471975,504.7066459273788,442.36767259101777,408.30270514767074,477.7346417636669,577.6892602628012,702.5054630146739,834.2306702030675,957.5267196636598,1057.7100745977687,1137.9996893147356,1197.0203432849385,1199.454150366292,1206.3025089211958,1130.2594691327981,1056.7340412819474,964.2889462507586,817.0939636256971,718.5514555815741,769.3435024832925,723.7764535235706,749.5521152840328,862.6098070112396,994.6053082568262,16.825718071018272,1269.6054385843438,1366.6434113258954,1431.6205610473667,1465.1305940763955,1446.3254162164003,1402.9174250110805,1321.4484121466617,1199.0405254593065,1074.093937932221,935.7786217165843,809.8689221899032,699.0771500954653,642.8995429117173,644.6423151924761,707.436873140551,788.6318113043354,880.142546853924,952.7045161145389,1029.0316886701787,1072.9096954827255,1071.5308534256617,1080.7128034487494,1052.6130626929373,1012.8768198665288,934.8221514708424,854.3820925388412,10.203843044089815,12.290808791867113,13.489381021940703,11.606202547992872,0.0,0.0,0.0,128.0,19.349141965844503,12.851178329934896,16.626522316045012,897.8039115193637,843.0068403137592,799.8365343401802,730.3921715266055,658.1358557701753,553.1160370053901,534.7608935249631,513.0644987899548,524.6281485584166,573.5852154445112,628.9288500666747,665.1574996805274,704.8829345652726,734.4207480597873,752.2813737029346,748.7442682005607,732.1328748985395,690.6726463358189,652.637223366013,568.9806090435716,539.6200627971883,494.6280939399794,439.60364624385164,437.61997272336936,464.00745619418376,488.813098177252,11.482995225752248,567.4449344103024,627.6510214013483,647.2735198013754,650.0223003994225,648.3422001888288,504.01615978502895,459.0690873156695,433.70667471968585,387.96494786238424,346.49607486940914,295.42336475196413,268.8089978817436,261.63048504368305,269.85851538235295,305.8282103923241,328.23918070036547,376.37368915127826,386.66667624431756,399.9770556566942,399.87555600291387,389.7673167544679,363.97543896675046,332.510902954708,305.15446622834475,261.0135535163781,217.95292923283665,4.480819358560055,12.052652466434555,6.180349095311684,14.802910267343396,7.093346703724569,8.181746897128885,5.732125990397749,8.147184520192068,10.057717092225666,8.718514947608575,8.590184950170748,349.086650284595,329.42429999203216,316.64951966903277,317.37866427494646,276.3878662362562,242.3010501141961,206.77384861516668,187.53178718454024,202.81589269592237,226.6171382244848,233.78263356397096,268.5401648064413,276.80242112944444,309.00031558338253,328.6428733498937,304.0130407790351,299.79579604953994,288.9589901832168,262.6514658193515,231.82213651087125,214.22548987720126,176.05240166619285,164.39495286731727,163.93841722170052,157.58180340325086,187.67016655407804,5.915980545909668,236.61479555729716,256.4746362253021,261.8607048233746,280.19991335810766,264.297374559884,261.6332108436086,234.76516031540817,210.41876173572766,178.40651114037757,153.87765673370063,110.87379352612308,101.59459197081776,95.10111155379816,109.32699836013293,131.605270433307,161.57320349747744,185.05243764971456,213.4944997027354,233.8065133211037,238.68267003097424,236.7960437504511,230.36405631174642,223.56030179604886,192.01380483626613,168.69047900684396,138.8004811726974,0.0,0.0,0.0,0.0,0.0
2025-06-01 18:44:23.223,0,0.0,0.0,0.0,0.0,0.0,0.0,171.32189401281772,125.94688325951635,127.20813013409655,184.47301629604726,247.78071871223958,332.50338065859637,403.8133965624497,471.76299853580883,518.3149692422063,549.6608834115419,581.3148405488798,582.6169135695203,578.1373818622112,556.8862952411625,506.531206766915,446.9730175947831,376.4514558122225,303.8362805233667,223.37174821641736,180.78144188331203,217.93624793463036,308.08372939184056,384.7385633868433,492.5306135768481,577.0070444702282,658.7195532954534,6.681482158509965,746.8554494453048,751.7859284140054,742.4030973992504,714.5433056466679,663.6308943791046,608.657359128405,517.7473061285963,430.413995466594,371.09744204533155,337.27728421735344,391.9645313950432,429.46373051530793,542.9983226317265,651.1955672988081,728.7806881866306,803.4840163236963,891.4118534254573,905.3743985645414,919.8801479285744,884.5003946413933,864.9823351216511,802.383865034151,721.2582033762346,631.7663763036651,563.5168847761604,544.4116315939636,13.065706635311797,5.640610241598116,15.475339861455424,9.96986644717597,10.298821826592171,10.670513300359776,4.485154848889967,10.339627578141743,4.495867177027254,11.269663120090831,9.110633161728305,793.9973215419432,705.8796802692789,606.7622290885063,502.7539833918641,440.80175312746957,377.579565206837,428.352595063521,518.0815565744391,651.1680239714201,760.4983257936848,905.5214869390487,1005.4066346353716,1087.2368817388215,1143.35261009926,1176.254077132929,1170.5299259907865,1119.301442006697,1050.253319626553,962.9114720762217,820.2881000373088,721.1712684306667,765.5119055332203,692.1142748944587,725.6907134410104,810.2434099500551,943.5311034149297,6.622610273783421,1233.178752125524,1322.2559798343773,1400.3751470790046,1437.5236116625993,1420.775373459314,1390.5344280802894,1308.195580554301,1207.1410925029513,1070.6378068899273,942.9156804026156,816.4150734059114,710.9332930481266,647.738197112452,661.9210811245732,683.2086415321029,778.9084667249657,861.1204870389304,953.7720182956335,1015.4404548145326,1068.3383104925592,1075.3217898853102,1076.8006294490574,1064.2253367506323,1008.9824073331522,936.7087572056715,851.7122865464487,9.331536214338835,14.487031071681654,6.860258397793033,7.8546348678446565,0.0,0.0,0.0,128.0,8.696317715617496,11.40175425099138,15.419549924398352,871.3230172803868,812.4235103055387,775.3394889548368,699.3000370964131,617.6806765277544,527.8240177719747,494.52621660700026,484.73495890217515,504.0078691592117,540.2567302032113,584.4830571628671,633.7900088892093,666.59655638613,695.1288179526205,705.226511052505,705.5197278912865,685.9111113011544,639.095380470927,624.029042005805,560.859324639898,524.2739328522354,463.49799974689455,407.25717787370144,413.40440315885803,429.6541076747441,459.8959243712116,2.5658864484040027,542.0135465370829,579.7933666969526,598.1717899188355,606.9810515611863,609.7240280340319,473.2447432159615,434.10958364369327,407.7602787103319,365.37162985313626,331.412503467172,283.1067361828795,252.49080064087448,245.33037031868068,276.69141690422987,293.4411465501259,335.56671061109836,352.8290537431361,389.8409900890279,390.6975214903408,395.63369417137267,371.9736145225893,358.6228133550212,320.7195227117639,297.04222166824775,247.42988198377665,206.4273113432473,3.546720724363058,5.765041314904392,3.7138212659559118,11.464367816092022,8.287591919467806,9.219629152924151,6.803121383706871,8.924726468543112,5.903428635599672,4.107833734994571,18.779513060114997,359.36784903863855,333.4838230684812,322.9708097384778,306.2255193646133,275.06183170617555,240.3025202517539,226.47551828601866,188.05263525824495,193.98321569085184,201.1231340809931,242.2774545295217,271.4953523855855,297.58025171378625,338.2098368538498,337.43239105489874,303.65980366348043,314.37720503441295,289.98302002476277,256.3690904209316,230.13073980760993,206.63768940383054,166.8302875266982,176.28995536479923,163.040255505385,172.63752278709435,202.88884708301362,8.34565730413066,250.57454192877512,246.9809840188684,263.93201398839716,270.6620646358744,262.0590177208627,250.99870822525313,222.02884722322486,198.36617716314584,161.84499218673997,127.74959591724011,108.59356542928361,96.7378617555834,103.80382344372015,127.39996479874314,163.1728590279725,186.8286772087855,206.18151354120468,228.61029601155613,247.03286661343242,241.32369299467396,244.51926409194158,218.37852726967543,201.89314545226296,181.41999573564206,149.58042670894147,119.60863632061978,0.0,0.0,0.0,0.0,0.0
2025-06-01 18:44:23.224,0,0.0,0.0,0.0,0.0,0.0,0.0,187.95279137767037,133.8491559474748,113.287018742633,164.36453292991447,238.4264586747504,323.87973031146515,397.189280641359,471.76558826603434,520.5717323010783,557.9189464107784,594.9438879747536,605.0894325164809,595.223496395877,579.9893236256694,526.0672599987106,477.65616189527685,400.9815134446433,302.0946992503937,251.92692362365463,193.9967090705625,227.33501022915542,304.811020160202,392.63251971379657,495.5325218604024,584.7804194989778,659.9613916321082,3.397148802689815,749.4503813015642,759.092048815921,766.5110370292674,731.4787122934126,683.7732531789629,620.6955971812446,525.5640325727869,458.5246813879272,385.2488481909912,344.8829724649615,373.5887058648934,446.69678640591667,536.036517627157,666.2547805980136,766.8490721412882,893.8511503851712,938.0055459522179,922.3041070799853,948.215883289199,882.4737440312203,857.7443388258777,813.944748402222,730.72318531048,643.0873571465216,564.1688523125094,550.991804030461,14.586642569107704,5.3161007727517715,8.158611464885992,6.295681459166897,4.8633649532243215,5.135051018322748,2.481630499893348,10.921568385285648,12.151437751344197,15.277675549109253,13.579101525770485,806.8687034547289,713.3352728254939,616.7099227549362,520.2157034867178,449.7247880190473,385.27261987426584,437.5024373700501,539.9311294280996,646.7485376267596,778.3745294004123,907.9036587268297,1008.1548231682604,1100.563511169332,1146.9922765936994,1176.8967107016156,1165.5507874166449,1119.9288800117567,1044.5969904877488,956.887225247388,819.6465212068128,718.6418950208113,768.9752470095061,682.8073488209046,732.7636673528241,816.6316841212049,952.220883423639,3.241761204979999,1236.336767870454,1328.7324044136267,1400.9453145851076,1431.8816595417588,1438.5227434533488,1373.3631985799857,1287.92475459506,1207.3975335403973,1061.6124765345376,937.2070620235652,812.1864728678346,702.7316062053027,652.7761939662682,665.2863216138428,695.6211073462538,778.0818543461761,876.6568589811853,968.3742855307764,1026.4720993016495,1070.1106030505548,1090.7352794942183,1083.4119009295803,1042.117274567763,1004.0357860004872,923.972307811209,836.4966490712977,10.530708507113701,10.290849553152235,10.91434564325743,10.025262313889025,0.0,0.0,0.0,968.3862068965682,11.634581275762171,6.464001534998398,5.81858983597918,876.6671551100085,828.2543294484292,766.3999198013391,706.377369128921,605.5018280321951,522.2884341395619,482.47240047995666,487.78362666220636,495.65806201445,549.6503697825381,597.3201036271396,645.8620645628864,686.6753652578705,714.8138415478066,721.1918955127354,722.5463946065358,693.4899040994284,645.7093829536409,628.8019822308296,550.7424530739571,510.68525007414706,440.39704649876614,379.10294174396745,385.8997219231321,412.98952485354545,449.2544035028708,4.2827586206897195,533.3011087718819,566.1949581426279,609.0991867657325,601.3174863817155,603.329954306327,476.4075207517027,428.953739113951,401.63609854703503,345.1839938112028,309.92968640988653,260.9275868678793,245.09043256827755,234.3082855718849,261.2238770569094,278.4013359838346,318.834991384415,346.5238715513989,365.774563107194,380.44283753532164,378.6631223399535,357.83435315768,337.0690058463398,306.8075944756095,281.66718761903775,243.38774481705576,205.86118995188926,4.7517416640132675,6.621223517147959,8.43225832994613,11.944473850658692,5.808436797993827,17.09853454778962,2.1260886698019226,6.645219979276524,5.01775522312698,4.926715291671813,10.386395649171323,321.87966302450513,341.86063424286965,328.6307941193946,303.86895263398947,282.50375811455905,259.12708622300244,240.20658990550902,220.84256130341012,231.35244394360177,181.57753794075856,264.82562646645414,257.9702805451534,315.57415630501123,329.4345942883002,332.68050240208174,306.5909932204922,305.16683983696527,279.70642862158667,262.281252601752,230.72846750782094,206.10759767976398,177.08759804784543,177.9077099108789,179.57833827097636,180.21388690229452,215.77010239795572,8.567583125478391,261.355138687078,257.15150022247525,268.6332098866594,269.4916971989316,252.62517025069326,244.96734327613038,210.34847486400773,188.62589305524978,157.81865102158878,128.8448165766887,102.32672563249717,102.13289963333821,112.02458713761145,143.56329154990394,167.529345426891,197.27315741231476,211.08705816463976,242.91616406359665,252.67136548300132,253.2543274225977,245.9138262645117,221.22267923487644,199.2691738051829,174.22977508583978,145.56461542800977,106.5302809257025,0.0,0.0,0.0,0.0,0.0
2025-06-01 18:44:23.227,0,0.0,0.0,0.0,0.0,0.0,0.0,125.06885951495754,152.1709242108438,219.28734031851164,279.87107690546736,365.1499324419357,433.68113783422484,487.0750378620851,537.9675789525826,571.909918307476,581.9451419078974,582.0547240949468,576.1347839949534,535.0034479290678,485.727613515988,419.53155765595955,363.84041197284455,267.6431444900649,215.53940102491828,209.7701389027478,238.09473452247514,331.39561546429655,424.9763118199347,514.375572173378,598.5369186664004,666.3482766143109,713.7156901486177,10.170568093741842,754.8303443373617,734.2411361315127,705.6262896429224,661.2175899095243,593.0975089006317,508.4209176077359,417.8059663871383,352.64591674454164,321.0418313273309,354.9445049862996,460.40359899060206,519.854500603085,665.6455894932128,759.1944683899416,814.6866548313797,857.4449786469568,942.2905797263568,917.2757156127308,910.3444714087636,873.5037284771386,815.5177314983177,725.393579462111,657.4216212953888,566.2534092827525,546.3980437114369,558.7404080297268,8.511981642047695,5.385164807134504,6.391384054418489,5.09815063498163,5.4321844804682495,10.332001649493144,11.52168873697655,8.473834173760826,13.229581951638924,5.4762011016105046,8.331721903785748,717.6210528783248,608.8229577875946,526.7257505852601,441.8928623137275,389.41204384894354,397.1875110198455,484.31947526825985,604.1234870405585,723.4907917243821,839.1434846081469,956.550166043227,1041.8996541924873,1112.0649486864274,1139.3068597440972,1137.3892637602864,1120.542215997642,1052.713869649369,971.4576302495315,875.9967689553607,734.6081068439205,656.080291641338,713.8558975370299,698.2894678197549,760.794376400438,858.7670599438154,1020.5134690481733,13.758925995590316,1271.4670076752504,1343.8899703815664,1398.2619030401956,1430.4587144926686,1406.655812033455,1346.1966272656507,1233.725866821834,1131.4300600713136,1011.3919003739597,871.2878439720148,761.7692852208121,666.6038312550256,639.0374927068598,656.410080020556,732.4219871634851,805.8748120380303,900.5478227140602,993.1626181056922,1032.06648035176,1074.7464028053648,1060.3521644786138,1058.3782913896612,1024.2482568764003,962.6919285781823,883.2963263901519,811.9089355263072,5.4132453523617725,3.8154639304363505,13.640529634756568,15.357736631344235,0.0,0.0,0.0,281.01149425288895,6.523013743999577,4.311689181476519,9.477961858153705,863.3288246266195,810.2336210241544,736.5721933094225,664.4544998673339,575.1542157604412,490.81881486653936,477.44764061776675,458.73490186693357,476.0052786730238,525.461505974433,580.4187631065982,647.7372180333157,681.9354303707714,706.104438131079,719.8043534471435,724.4711013428794,699.2382187682313,660.2507316329345,627.2747787521354,525.3546248446326,497.2883124064185,431.4921292441014,386.43943392718506,351.09665437804705,349.07388604632354,385.82745506014913,10.70284819992234,479.0640102756899,522.994894243309,552.8073944521924,582.4169867449594,580.5810958876216,470.8961261569207,430.25929196779623,415.42836687950904,357.1744085467407,321.4216179324707,275.5889100629819,234.98983945332984,206.18495970624446,214.21869887841336,236.396762186003,278.7496509584257,295.3774012529646,326.391746528766,348.03330822555256,359.1129729507751,347.64228968613634,346.49188418380663,323.09971058302693,308.9708623781333,270.85965932826764,227.67067868471023,8.603833833521547,18.78714574730236,4.107326156310749,9.872594519210129,5.014796019272486,19.852096030189983,8.655172413792968,9.789179247738527,9.947498656931012,16.44230562638677,8.21872394619879,303.15822476447863,334.91480557505764,343.7896304477538,322.55822299994895,290.2885278552627,277.0360983593544,258.58164322896715,232.1922952419009,254.13236690870022,227.53419015465005,222.82981811513125,244.803856563221,296.0339938732045,324.0869198369314,326.1329322709988,313.25842844765015,305.4793562261172,303.6231926655118,271.6434592781891,251.06372707748275,229.8517556622835,200.4848256138299,171.36693314257226,166.2518172734903,171.9822317174506,195.0339516337912,10.777629994712873,243.58931893155523,261.82232956041435,273.4498299185366,272.13194302510885,267.72861842311806,266.9057375437361,242.33315165413933,226.74853866859124,198.00435004385858,161.9973003320282,131.44160042363848,115.92749698225231,93.57861147768759,101.61856484807481,129.60224729861585,148.94553629684583,194.45771348112177,208.5087239175939,237.74480836509784,247.16617590351834,251.93438621949232,248.43035559979282,234.70142229417996,220.97532769527228,192.4774852762938,156.4963959177142,0.0,0.0,0.0,0.0,0.0
2025-06-01 18:44:23.232,0,0.0,0.0,0.0,0.0,0.0,0.0,107.7106331938613,156.3840254320972,230.75394378035674,310.6477214462277,375.087035543736,435.12550932552307,482.5512287989497,532.429652634407,554.5372769527226,562.4798419520552,559.9812353120524,542.1561704969791,493.49474545195847,448.60333087281373,389.7951500583719,292.4939428617244,227.04619821048848,169.19649204630088,177.22394480431322,242.63166212534958,345.715297241664,436.5085238562548,516.894128548757,601.3387539767612,662.7715733627496,719.0841597864927,19.936287522017928,735.3929316606709,724.0437354910363,678.7535377180449,618.0764589896935,554.391784901425,471.5630200118837,394.8502039532854,340.71358208262274,316.7194549385331,336.70239890952473,456.88611050135455,549.6626664532827,657.4218574965158,753.4495530949085,807.6754021616463,908.7681573644982,906.5451963331035,920.6125070214385,882.9175917114986,857.9083279755358,778.615965964352,714.0658371385543,606.6951725816168,570.5468128271378,542.6127969827587,555.0611585388496,7.746876643942156,11.28237971921321,8.689568874359816,6.166217672848241,8.27103465703286,12.80894533575071,17.322449420307137,11.231601274397796,19.277524985248007,13.12917981686209,8.843168326779828,686.2960295718535,586.2167036896365,484.10897483022353,420.54850779114753,378.7399504066174,395.254980921637,498.04089222977944,621.6639882469348,754.9066101928356,866.9004883794416,978.912696998291,1068.4583574248302,1144.4697423386478,1165.4230092157054,1164.0435487634713,1134.230525184599,1063.1293493414387,974.8538822375217,868.0576618369664,733.0316085798187,630.7400322274231,687.8172720120233,678.0165896104886,745.8635900945166,861.0295686992039,1022.0286135203271,8.965771687109427,1282.9134921322932,1362.587574522908,1403.2323540548346,1438.1341366483107,1405.349875762767,1352.3949902122383,1245.5268855009376,1130.9582412453392,1005.3312528686946,879.0946723828102,758.440168414405,665.6636100833508,634.0674010535622,656.8750116465635,716.443834706623,804.7051931176595,899.9112113924933,978.6905287576769,1036.7320308036349,1067.4726230639105,1081.2625862149532,1064.6615103705496,1035.5135558437353,964.2934443035149,895.4805154905913,809.6833165998712,5.024081708887397,3.512653675837962,14.660538665565026,8.280317211306567,0.0,0.0,0.0,128.0,11.780776885859737,6.061393517749672,12.523423228360738,864.6101392518419,803.8362168938824,722.8719416057365,657.0932271992273,582.0010073722192,493.5067621316275,473.3928462948721,458.7922416925374,476.6401223048676,524.1786254003458,573.8539893923826,625.3783448261081,678.4283019857706,707.7222053702525,720.8012904673848,715.2659871598161,694.6903326417647,666.5667512301734,599.876349584949,544.2959654894256,488.39632122550506,426.80013291462495,385.65496479157156,374.99035193715076,360.82892838375295,412.0185409925346,7.809026397590433,496.3631141698169,542.129888933594,584.4070730661444,611.0398814279065,617.1426326231145,494.6304954969111,454.74582229837904,433.5309815988197,396.36018754406854,348.0284755648883,318.68405724301556,254.19535513855544,244.89070918787885,255.2291242427304,280.6414982462266,317.88170800514587,346.8747974288754,394.120320684469,412.7606787982089,419.2536944117387,407.81376974702397,388.928281651453,365.6865825689088,329.0569716742143,290.80804858900694,258.5614436887825,7.3278972039625225,20.118664205796343,7.083401236493456,7.03404396554986,5.0,8.031484532070708,13.646983779055113,15.445023847494399,19.94963332743029,7.8354136806918095,18.682776346765273,335.42740595939495,350.4097654956554,353.18392885039464,345.8063813554141,314.22059590678856,267.87541262448224,251.8405289147551,217.11923209937737,204.53212954405643,199.25534839683087,219.7309138343624,245.40952645897988,279.37864339131954,296.6388908100666,330.02148793033444,297.56557563065655,313.7926511745392,294.0933691394395,290.58801749576946,255.3269898115734,234.16904444487574,200.9289718883286,164.24155733239573,153.5266675628182,165.43115775380517,175.34781352582567,8.380178561264207,225.55483661637479,248.72516001785598,262.8142068921968,270.42716094483177,267.77710093511234,276.8178704103198,245.47407348306692,226.0836555915992,214.795111424394,170.8519432926645,140.41235623127812,120.30671920396553,94.58554679478249,91.28934733713348,108.88409631530011,140.9401193820745,169.36980754283556,190.47044442919602,215.33028302884344,220.7960617399489,239.1401162948094,251.9327746631246,231.50145805076124,218.77235109561315,192.73424269212407,156.80646510072071,0.0,0.0,0.0,0.0,0.0
2025-06-01 18:44:23.234,0,0.0,0.0,0.0,0.0,0.0,0.0,113.0474727601978,114.65999469742513,166.54852009524726,232.75680621479262,304.3924714161071,379.68037984178625,436.6965484612227,491.7179173155241,532.5166508041692,545.5874403089992,549.0530356029171,553.6948409916748,528.1340863751393,482.2118070291994,444.90519013591563,366.0847453333421,291.53856002505984,209.20544224532762,174.1736610807084,192.4414300236796,275.10928680925895,354.8170323549691,437.2286092619386,536.1702736912412,598.2826735650432,662.9470119320918,6.533143973936356,730.427732402473,708.2665063255682,699.2799196304256,652.7701949916351,593.5045982229791,531.824485805173,447.30515898736576,397.97079587435513,328.2695217403534,326.1649469507452,417.061427241269,508.95259718377343,628.1928832828578,711.6571365815989,771.9655760589919,852.1093143529458,892.6198465261427,921.3059733315189,906.3636352482246,849.7929977820255,796.8474740471261,737.1947398404903,657.5104309238511,566.66385178869,551.4969461382289,546.3746113521445,16.176091350253515,10.930192432692918,8.089655172413813,12.949057422878862,10.949207542216604,9.558481850777053,8.943235120244246,8.384984634768255,18.215750311542855,6.442713291428605,8.589851732260014,716.8519635269278,612.6013585047174,505.3834719156617,439.6648129872542,368.80461463344614,357.68416893222286,448.01012693513775,560.2236758426071,681.2990893035885,805.1971939490976,926.7829802759755,1031.7306860490012,1088.5512870029343,1134.5816148293648,1161.720445610514,1132.3785052395967,1078.822756176071,975.3363816868239,881.1244093230259,764.8249489732593,650.3281402208113,690.6128440628186,638.0598995912273,699.4006143577889,818.9179562272552,954.1299956725513,15.982983171086644,1241.2358882199574,1316.0194045032986,1386.1083821163043,1407.5175685219806,1398.500007835608,1335.4944610463913,1247.239985090204,1138.9835274766278,1008.4771058241488,881.4684307152141,747.9460422817818,642.7383646021088,601.5555950917852,642.1260517598191,699.6236251690794,786.0317004913804,867.0881264011073,962.8818366802445,1016.436267142315,1064.0245845524823,1072.3659892929138,1052.545904388005,1002.0959474066062,968.4482567452908,870.4024575105032,796.5302235258384,10.304038336278822,6.430035073592686,9.048274766776165,19.957842666625865,0.0,0.0,0.0,128.0,8.067037850364184,11.491167028719731,21.175732621884322,831.7036878307183,784.1397856118479,698.5157483475971,633.6377362693695,545.6529479872293,456.87282575347797,445.32515295788187,416.3966416106338,417.54571185312113,462.64069103378375,508.4982217291685,571.2379728495382,609.5039802939528,637.313619095134,657.0695645879395,648.0004984837199,638.3751035126445,589.0987393681024,559.8180732255686,501.01520487616983,462.6356342690568,406.446357046265,352.85756399437327,344.08793474154817,364.816897392201,406.1385599351206,12.62641626463537,491.93331366467646,522.4242020195916,550.3973451523448,572.7975577987213,578.2498242307267,461.3518551621845,435.6242057767068,404.302669638471,343.5219772445788,327.5794184789293,268.8418873790657,250.21670435234918,241.03778639334953,246.19945604978193,298.47184372718345,333.4454274220177,364.60264633725524,390.1756671040577,417.11289547532823,414.4736214316832,400.4814035080181,390.87400021482125,369.1615065007624,327.41957539653066,284.40367483679967,231.7594228140487,4.275337114167312,8.232453436515803,5.234517588801645,2.4221148353276254,7.787710501899307,14.735715225188509,5.130181612470878,13.315090596063936,9.677748659912922,11.190427002246693,15.93439880038262,377.39936286797456,354.50577329344134,361.93678826183907,338.04418704906374,289.44241814623456,268.04559751364343,258.5182247713209,211.84566720384873,202.1634124576625,202.0158366050101,231.48283004725658,286.76012722883087,292.442855308266,310.31199748348456,338.66287625171583,296.4475965960884,305.18706924382775,302.2929442138529,272.9301077581333,233.41688304587038,210.3495000094339,185.55908002362133,169.2329532065922,167.21078040388795,168.11244709278444,194.88412932954205,0.7172413793105079,239.43949077606243,264.828693552081,279.4670699496306,279.1162290653266,263.4774678303527,261.0541245770793,242.54320602354053,213.73683402234664,177.24292644749414,143.50584471660574,103.74789671224008,80.76126404075858,76.97979392700891,100.17158470576616,136.06217291091292,175.007500635423,194.12701408726275,224.61066472991007,235.65390150269914,246.25856230252379,245.59496744989508,227.5330997671869,215.9992679908803,189.80677777248832,157.60476522169967,120.65133151364392,0.0,0.0,0.0,0.0,0.0
2025-06-01 18:44:23.236,0,0.0,0.0,0.0,0.0,0.0,0.0,127.20096407447635,103.31791850288657,129.96528609696585,204.59923392576036,290.3779748636439,362.82400121545487,434.48559043037426,493.64138877425773,535.3971815216123,569.5188122090821,576.0329386840834,575.4070396568576,561.1140313570469,534.1428689305422,469.21753516700716,411.6785372903799,330.13844703807064,253.96996404208792,201.02110807429779,197.78490999340156,246.31201599617572,345.24991955665195,431.0587326085408,527.8539923215853,608.0926015682035,673.9521934804252,8.9732602077844,745.9384910667952,749.0229973374677,729.0690686067087,674.2810706621956,625.6107530845502,563.2727556811765,475.07453371187023,397.90960266940664,349.9070990858944,313.5018580054924,400.7352017870344,498.89520780425545,589.7279452801339,685.4773133572425,775.3321574057031,897.1565166382169,918.3429047032189,894.9130684616899,950.330684149226,871.9687989622839,837.052443854115,768.5526235280742,656.8958983990966,607.3085208527123,538.7938634891505,537.9533943080156,7.664521230006796,14.336466411304974,3.4514288804801287,14.10982000766226,3.6415181611122334,6.270248346624321,15.34822187701176,10.65202325620709,6.796716185522442,16.758519843414202,16.074249996533876,755.9927018510108,664.1401698468777,548.0569087764061,450.68218790185296,388.19192986915573,361.02984716425146,435.60897508661617,554.0230376775517,684.9793139498206,810.1088930665461,931.9291264429766,1033.7649506793068,1106.9215372751853,1161.77908702408,1182.1223819709394,1144.959691121516,1102.9871834449882,1013.5172477960105,896.5510738557365,738.8911905859551,649.2054366090492,688.6998631356041,638.8984607021941,693.5343106003812,813.317091174463,966.1150494280673,17.422338715789873,1233.5539002625524,1335.1389194303206,1385.8142220756417,1410.0223543350346,1394.9708123763128,1355.4164605646029,1234.115602537996,1141.223281170425,1007.8401944110662,880.4522189075487,740.6146318347951,633.2061233642507,601.7698938333286,627.2388358200051,681.456241800074,780.0649489679761,870.4359027487285,963.3518343819529,1016.1072716958412,1061.0888519897542,1077.5533365270674,1034.2101030077035,1011.2497581477647,946.7452211727838,846.6159292924384,794.8323989851502,1.58674252755441,15.590828782986302,13.295675296098876,11.438056791539765,0.0,0.0,0.0,128.0,9.85749448448843,12.0,8.159919413139534,835.0675361978414,780.5123418141173,702.2529561839079,618.9703157209503,532.6745824200624,448.3836324124612,433.1601437874668,408.02771433428427,440.14262993289867,479.3262875899971,540.2156437739737,575.5226640552285,636.9862050467603,673.8147700514216,662.2564247685291,660.9849256574087,644.4519671925757,606.1762987295156,559.8829599196425,487.7971356055375,455.31964629718186,391.67287693079066,346.4228338686475,343.80136284681595,348.07156662855425,399.4411694456246,12.10802020715669,487.4635395618735,532.8924162838022,573.3280376313271,591.7754305803835,579.9944536266747,450.22848391209516,421.612591055782,402.37497738105014,350.9740352138482,318.48631370460333,274.1545255079227,238.78092517539767,233.42097967465546,254.7503485484443,292.5811229650727,318.0618182374706,357.5366507725604,376.6011956443929,398.3846870804662,402.06427878936165,405.223226404769,375.99845114759466,336.7711652456749,291.0910409054042,261.9236691062633,221.46366747582292,12.46206896551729,3.3959064968215182,5.0,6.426794042281042,6.502290838082284,13.474036048428438,5.894962431873806,6.4985020688792945,7.1591053619108775,8.785196627016973,11.05446748123856,335.93570404588115,339.3988505559866,335.5314322127792,321.9849447760099,304.448160726583,252.34358259697197,226.95647558286953,206.98269003601982,196.39853916155585,239.35454994421758,230.9066799522869,252.66608329766024,261.91948232632063,321.8368492790291,338.08664003465657,299.27376712588506,294.058032409843,274.49340427985794,261.7536196108519,236.59289389977246,195.00405455002542,174.60576145178018,141.5832251936236,160.4076525354361,182.17101662368805,203.1997443001169,7.3434301550479075,252.42220396254555,269.14958582137393,281.6186808083767,275.75147426186095,277.865515794961,262.41587688369145,229.07275775906774,206.23382437039953,161.81214998548856,128.9137130191143,95.14077482786895,80.37884722627032,81.9473895700318,106.34249534337418,135.63808921827416,171.94732637551482,206.06664064113264,223.59296190978992,236.28389876246308,249.29079624913516,247.69483355742625,222.32342569781264,210.91846085518418,195.35505461281787,157.6003906055905,115.11569195314358,0.0,0.0,0.0,0.0,0.0
2025-06-01 18:44:23.241,0,0.0,0.0,0.0,0.0,0.0,0.0,126.35386251291919,97.66886357644422,152.6591705650762,228.10498343911632,309.4249109743167,375.65894186491556,436.42671306005167,503.7869179054366,553.6954522442563,585.6084651573559,582.3152004640965,593.2654770070578,556.0162765281043,523.372932960418,465.43279356374046,389.79421488575707,319.4180532029055,242.46655151792302,179.88240717737608,185.73945837306394,261.97232269319164,344.1202173323059,455.4976811494747,543.7140713770121,626.0999527256233,695.6657540887146,10.025061126569687,738.740852462356,759.3774564414587,723.4805907702995,684.322991973864,608.0119155318041,541.2615924729897,466.31507702772205,389.7055050631879,332.94808823708615,326.1584035141216,412.3556355190645,466.960586204147,630.5270671388118,676.0979563816909,799.7852858186914,874.1951778900756,904.7952144893138,930.6718277270476,900.2435323040013,874.4137040011674,795.9505783945576,756.2161676951422,663.0348994828375,549.5710619931313,522.8959151327272,522.9053145717016,15.55018332071134,18.270479219080574,7.1570482364563714,15.76150258865233,8.094277603686063,2.3510266652846696,8.4722970021433,17.67719998110875,13.197241452697156,9.465937932260093,2.663928680802943,728.7355723462999,619.8217372152814,531.0085288254313,430.33849038079813,367.43007045616747,376.8562565528573,443.5865884499386,569.4211567967715,691.1676274941193,829.6606241216899,951.8204648359755,1048.845855930861,1124.451123196954,1152.016877115726,1153.3700814466895,1162.7559005354349,1079.653854262481,998.2945196796885,868.8875377295852,746.7099343350244,636.105467622018,687.8640448890933,662.7350648901776,712.2132381541759,839.0224045471249,979.5529534363882,11.58293226085949,1259.665645086975,1362.3366667441642,1387.2635326004538,1437.5037570057027,1377.658930088033,1331.3277417681816,1231.796734787643,1124.0766720663128,999.017712523029,858.8985944854742,728.9752182077392,641.7242582450737,614.7214568316432,628.9828125987747,713.023360050055,783.144612919746,895.0599994472151,950.4840955735735,1026.2133652892342,1060.0388462463902,1066.5981508027774,1032.895401748124,1001.6486129426188,919.7192922914888,829.9450321239451,750.9768277944198,16.720373621571945,1.8547575880456488,6.063174290203137,11.678160602452339,0.0,0.0,0.0,128.0,2.4680935321953985,10.108155200259857,11.858945812782974,818.8363401014847,738.5050497220794,677.3081350316843,581.01821789765,501.7363429592775,424.93580249989134,393.28389456155537,392.4674515648099,418.2955299225276,490.1201232605079,537.226325766519,588.9664821196429,641.7316079200276,665.1738943332653,670.1233607136113,672.0982353647212,633.0269456960364,595.7730465230768,523.1074791809611,473.96794818516696,402.62255591199533,350.7051058012611,328.81935127447196,290.03884525629786,315.7098871016758,356.6889007624162,8.181180458175476,463.8508593034195,521.2818951411285,548.2668392532481,577.8141921685568,560.10481447725,464.2114013424436,411.23335819412284,397.54507232608967,360.4511327434871,312.40789877797215,253.84428139315185,214.53191375984878,206.61130098702859,223.08748159176133,260.1101821153256,308.0081781393363,342.7836622955346,355.0411859434064,395.8332720633697,395.38646596544845,394.26362868273935,377.0711009164735,355.1038189123882,304.488957296999,273.6422246631504,202.57021735185268,9.943029867489635,8.879269282473821,10.864695055753922,1.5724247688367754,18.597994599155914,15.458950240587008,14.502885819352636,6.002473362974432,6.34686488904913,16.519170748691568,6.222850742003214,355.735380542068,331.050462478079,326.5559290763854,311.42604184034957,299.00667197184714,252.50310433009005,249.6957274676663,213.88360317862129,194.05984635183796,190.7590218558551,238.7874360290047,247.81064234901564,284.419625270617,308.2840896325879,331.0450252275564,294.43320672104704,289.29793457459,285.6489009550369,254.90266288801536,234.37144655511216,204.3711106633066,176.91317111930184,141.0876014357379,143.8804993912251,172.5104309201191,189.01472395553282,9.787933880792458,237.59717340921242,274.3975237035182,277.2140021518605,284.21811738215774,275.3834324037573,259.1751826404864,243.11891191922774,215.18561614370492,171.02077119435054,138.09902543632174,106.2182840174698,71.06804969875037,85.60358389531785,94.87802716259202,139.99152717078124,159.8134346453886,201.1664935580467,214.81682959940466,237.60500299099635,235.89139148006882,237.05992323949295,231.9582963232676,219.86266969927533,192.48443727895844,159.13527518708355,116.84431684117315,0.0,0.0,0.0,0.0,0.0
2025-06-01 18:44:23.243,0,0.0,0.0,0.0,0.0,0.0,0.0,114.79111463872106,93.02150289046077,147.07821048680188,216.9331694324314,292.9607482240582,368.40195439221,431.6769625541766,476.22368693713673,524.0553405891404,557.5419266745776,564.0567347350797,555.3665456254995,548.1797150570239,500.97205510886533,448.2956613664692,378.4706065205064,305.6681206799296,225.94247055390008,158.48343762046557,178.76520914316637,243.28584011405184,337.6062795624513,431.7001274032705,516.2363799656123,613.5878095268843,657.6298350896194,7.0710678118654755,730.6770832590823,726.5789702434279,707.0954673875374,666.1080993352356,596.2365302461767,519.3572951254271,440.9104217411968,379.1384971220939,341.397129454833,320.3903868720159,394.5757215034904,497.68363445064176,555.7094564608379,718.4928670487968,790.7951694339059,819.8451073221088,901.0221972848394,891.4039488357678,880.2119063043854,873.3596052028054,807.2484128197466,732.7161797039834,642.1370570213185,562.2036997388046,511.414704520705,503.6268459881781,4.12310562561766,21.470910553583888,9.433981132056603,10.04987562112089,9.0,17.69180601295413,9.055385138137416,15.264337522473747,13.341664064126334,17.88854381999832,4.0,755.0794660166571,653.9480101659458,547.3910850571098,434.00460827046527,356.59080190044165,342.0321622303961,438.11528163258583,552.2934002864781,705.1482113711982,839.3902548874391,973.4644318104284,1069.4942730094444,1149.7277938712275,1181.7317800584024,1196.635700620703,1199.4415367161505,1113.0004492362075,1035.0483080513682,908.7133761533393,769.4062645962795,657.4655884531144,682.0117301044022,627.2304201806542,674.0712128551404,818.8687318490064,958.4664835037267,20.09975124224178,1246.7128779314023,1357.6663802274843,1405.8520548051988,1451.024810263422,1410.9096356606258,1368.1410745972069,1264.4081619477154,1145.2322908475817,1016.3468896001996,869.0207132168945,757.4760722293477,631.320045618702,579.2702305487483,611.5038838797346,688.447528864764,780.4524328874886,872.129004218986,968.029441701026,1009.8440473657306,1046.8357082178654,1035.0690798202795,1028.2280875370018,1001.1738110837698,925.0540524747728,844.0219191466534,778.740007961579,6.32455532033676,13.601470508735444,13.892443989449804,4.0,0.0,0.0,0.0,128.0,15.811388300841896,18.24828759089466,17.0,820.9275242066135,766.0939890117922,686.6855175405988,594.6511582432174,512.7465260730686,435.4365625438452,418.5271795236242,385.4062791392999,415.07710127155894,475.04210339716207,540.6375865586854,583.624879524511,617.8389757857625,648.6246988821811,657.4807981987002,659.9734843158474,625.9241168065023,601.898662567047,537.163848374032,470.9416099687943,418.2164511350552,373.4621801467988,359.2339070856202,343.0830803172899,344.3835071544513,401.9763674645563,12.206555615733702,522.5514328752721,571.2836423353989,603.2346143914489,629.3647591023825,617.3661798317106,476.3202704063727,439.072886887815,418.88423221696945,383.6000521376398,314.10189429546585,280.58510295452254,237.4721036248258,225.5681715136247,277.4833328328028,317.05046916855366,361.4540081393482,394.7112868920776,450.538566606678,462.31699081906993,457.43305521136097,446.9720349194119,428.533545944772,363.35244598048325,323.86725675807367,262.73941462978104,210.05951537600004,7.810249675906654,5.0,9.848857801796104,10.04987562112089,5.385164807134505,5.0,7.280109889280518,9.848857801796104,3.0,7.615773105863909,14.7648230602334,361.4484748895754,350.051424793558,359.5552808679077,290.11894112587686,276.6839352040519,234.09613409879285,208.3698634639856,201.6829194552677,181.46625030566975,183.50476833041697,171.04677722775136,240.23530131935232,280.7294070809113,284.6137733842127,332.74164151785993,296.73051747334654,299.18723234790616,272.5013761433142,259.42243542145695,228.1622229905731,191.2066944434739,154.85799947048264,136.12494260788506,140.1320805525987,151.15885683611134,172.41809649801846,10.0,225.656819085974,252.9268669002959,269.67016891009655,271.4884896270927,272.0680062043312,258.80494585691366,234.36723320464404,203.93136100168604,175.93464695732902,130.0,102.6498904042279,72.99315036357864,57.77542730261716,87.20665112249179,109.27488274987992,143.50261321662404,185.16209115258988,194.28072472584617,211.5892246783848,213.59073013593076,212.9530464679949,210.8743701828176,197.395541996267,172.4905794529081,151.21177202850313,117.88977903109328,0.0,0.0,0.0,0.0,0.0
2025-06-01 18:44:23.248,0,0.0,0.0,0.0,0.0,0.0,0.0,165.3148511174964,114.12712210513328,99.46356116689168,160.1030917877603,225.28426487440265,310.3626910567699,387.6132092692405,454.8021547882112,508.0482260573301,532.5579780643607,583.6103151932804,588.3961250722169,565.4891687733727,546.761373910045,511.02446125405777,455.4876507656382,383.59483833857826,297.9546945426435,210.44714300745449,171.2337583538947,183.3248482884958,266.54080363051355,357.0154058300566,470.8566660885242,544.2104372391253,625.3934761412211,5.656854249492381,713.3785811194502,731.4164340510814,723.077450899971,706.4085220324001,648.8451279003334,600.4331769647644,517.2320562378168,461.32201334859366,399.62607522532863,332.2228167961978,389.85253622363416,460.6256614649253,515.8158586162314,630.9714732061981,755.2271181571806,846.9864225594174,881.1923740024082,915.2409518809789,874.448397562715,907.8419465964326,859.6353878243962,801.4018966785642,689.7724262392634,594.821822061027,525.2980106568081,511.78608812667034,19.924858845171276,9.433981132056603,14.0356688476182,9.055385138137416,11.04536101718726,14.317821063276352,4.47213595499958,9.055385138137416,6.082762530298219,9.0,7.0710678118654755,787.2001016260097,710.6799560983833,611.5897317646856,503.0516872052016,403.06451096567656,345.70073763299956,374.8559723413781,492.89755527898495,627.37628262471,767.9094998761248,895.3256390833449,1010.6641380795106,1093.439527363082,1163.2867230395093,1192.7019745099778,1195.8494888571888,1141.6834062033136,1072.969710662887,948.6168878952136,846.8323328735152,703.8252624053786,741.081641926178,639.2949241156228,667.1686443471395,771.0337217009384,907.1460742350154,7.280109889280518,1212.020626887183,1321.1669084563086,1390.1115063188277,1445.7067475805734,1427.266268080347,1386.731769305081,1293.1705223983415,1178.1544890208584,1051.4038234665118,906.192584388109,760.5313931719058,651.3839113763864,587.9838433154434,599.497289401712,654.0,755.9371667010427,855.5916081869901,938.5590018746824,1004.6039020429891,1058.6392208868892,1059.3026007709034,1064.2654744000672,1019.9627444176576,950.8464649984244,867.2583236844717,782.5049520610078,21.93171219946131,7.280109889280518,8.0,9.486832980505138,0.0,0.0,0.0,128.0,2.23606797749979,5.385164807134504,7.810249675906654,803.3293222583127,751.3727437164592,694.6437936093578,606.2672677953182,529.5554739590556,433.0046189130088,394.44264475332784,383.83590243748694,396.2890359321085,434.0656632354142,483.4180385546241,534.1760009584856,564.923003603146,608.1652735893426,607.7145711598497,612.7315888706897,603.6928026736778,552.5803109051209,527.8531992893479,467.1241804916547,427.69147758635546,383.9192623456135,331.32008692501574,355.8258000763857,380.5916446797013,409.59003894137857,23.021728866442675,511.0479429564314,557.2593651074875,593.5419109043606,614.1416774653875,585.2110730326281,477.195976512795,431.8205645867274,398.42188694899784,331.1087434665536,288.4614358974177,233.00214591286493,227.75425352778817,228.0,258.08913189051566,319.3195891266303,366.3986899539899,398.4971769034255,440.55646630142655,442.3087157178796,434.0656632354142,413.2468995648969,399.4396074502377,370.7937432050331,302.67639485100256,254.03149411047443,186.5502613238588,8.602325267042627,18.439088914585778,4.47213595499958,10.816653826391969,25.632011235952593,4.123105625617661,2.23606797749979,5.0,2.8284271247461903,13.892443989449804,8.06225774829855,342.6149442158062,350.6165997211199,337.71733742880303,270.1184925176357,267.9253627411933,217.52471123989568,209.61393083476108,171.26587517658035,170.30854353202602,195.0,226.29184695874488,253.20742485164217,285.3909599128886,301.2507261402037,311.0,320.2577087284551,316.1803282938393,266.4132128855474,237.69938998659632,205.5723716845238,176.28386199536246,139.54210834009928,140.9432509913121,131.30879635424276,149.40214188558343,191.4001044931794,7.810249675906654,255.15877409957903,263.46916328101855,262.56046922566236,265.4976459405996,252.3014070511697,240.20407989873945,198.8793604173143,183.04371062672436,132.51792331605563,115.88356225108028,63.387695966961914,49.4064773081425,89.00561780022652,108.46197490365,143.58621103713267,175.64168070250295,190.646269305224,217.83020910791964,222.46348014898985,222.79138223908032,203.32486321156105,198.28514820833152,156.16017418023074,138.70832707519762,119.6202324023825,78.85429601486528,0.0,0.0,0.0,0.0,0.0
2025-06-01 18:44:23.254,0,0.0,0.0,0.0,0.0,0.0,0.0,122.155638429014,92.11405973031478,133.4541119636259,223.026904206645,292.35765767292634,379.0514476954283,449.67210275933286,511.0557699507951,560.357029044876,586.4818837781778,609.0032840633949,596.3027754421406,584.1104347638382,553.7237578432047,497.1217154782116,415.04337122763445,335.65011544761904,244.38698819699871,166.82026255823962,171.0263137648707,246.9817807045694,347.02161315975695,434.0011520722036,532.0761223734814,621.8199096201407,689.2873130995521,7.211102550927978,762.6860428774083,746.7697101516638,740.6571406528125,665.9204156654157,636.6160538346485,543.2421191328964,470.6006799825092,379.31649054582374,328.18439938546743,324.2360251421794,380.5640550551247,458.7559263922375,572.0157340493354,691.5497089869968,752.7901433998721,836.5434836277192,896.6833331784416,927.0868351993788,915.6467659528972,895.6617665168029,831.1774780394377,745.3059774347714,644.274010029894,542.2711498872128,503.71420468356854,482.254082408848,8.246211251235321,15.297058540778355,14.317821063276352,4.47213595499958,7.615773105863909,10.816653826391969,8.48528137423857,4.123105625617661,11.6619037896906,13.601470508735444,7.211102550927978,778.1548689046416,695.4775337852402,572.8944056281227,465.49113847634095,382.4238486287172,337.4151745253909,422.4807687930896,534.4389581607987,672.9375899739886,794.9402493269541,933.6723193926229,1043.181671618132,1137.6088958864557,1183.548055636103,1228.0052931482014,1185.2312010742885,1144.101394108057,1034.0232105712134,944.1234029511184,805.7449968817677,666.1906633990002,708.0112993448621,641.7180066041469,677.6201000560712,788.1148393476676,958.9895724146328,8.54400374531753,1251.0783348775567,1336.7019114222887,1430.0786691647422,1413.7680149161672,1416.0017655356226,1351.5272842232969,1244.3845868540802,1146.8831675458491,999.975999711993,845.5039917114525,722.8561405978371,606.3992084427551,572.2674200057172,596.5249366120414,659.6461172477254,774.0058139316526,853.9613574395506,960.725246883832,1014.1424949187368,1050.3794552446273,1061.5088318049925,1020.5415229181024,958.651657277032,898.5816601734091,837.3679000296106,737.2875965320453,8.246211251235321,23.194827009486403,17.11724276862369,7.615773105863909,0.0,0.0,0.0,128.0,22.09072203437452,8.94427190999916,1.4142135623730951,788.9518362992762,743.8904489237646,657.1240369975824,584.1104347638382,494.83835744614623,402.0572098594925,362.49827585796874,359.3007097126305,381.08398024582453,432.9618920875139,502.0766873695691,554.2571605311022,600.8102861968993,631.320045618702,646.5825546672288,629.9436482733992,622.3262809812871,573.4849605700223,525.2361373706116,442.3256718753729,377.8954881974644,358.35178247080063,309.40103425812913,296.08275870100914,305.3686296920494,368.41552627434146,14.422205101855956,499.2314092682871,528.2849609822335,578.2525399857748,584.27733141035,591.6561501412792,469.0682253148256,419.30537797648145,391.26078259902306,357.91200035762984,285.0070174574654,238.92467432226417,186.76188047886004,173.5655495770978,207.5885353289049,239.20075250717753,301.4962686336267,352.4556709715422,403.39558748206457,421.7487403656352,414.34285320251394,417.5547868244358,400.4060439104285,359.0891254271006,322.12109524214645,272.28110474287416,223.91292950609173,0.0,6.324555320336759,4.242640687119285,3.605551275463989,5.830951894845301,13.0,13.601470508735444,10.63014581273465,3.0,12.806248474865695,9.219544457292889,323.3032632065442,316.76647549890754,338.42724476613876,334.0014970026332,291.18550788114436,244.7549795203358,214.83249288690016,163.98170629676957,170.07351351694948,182.94534703019912,193.40372281835735,229.94129685639336,272.8094573140748,305.4995908344232,328.3245345690754,278.4097699435133,318.9890280244761,299.50626036862735,264.43335644354704,232.46720198772127,204.0,163.95426191471816,135.95955280891445,137.44089638822936,144.42298985964803,177.22866585290316,3.0,240.01041644062033,250.52943938786913,277.8380823429358,265.42418879973997,261.83964558485025,259.8557292037257,232.39836488237177,214.96511344867105,173.9798838946618,129.71121771072848,104.38869670610896,59.033888572581766,65.73431371817918,76.16429609731846,116.21101496846155,161.69724796668618,178.54971296532514,204.15925156602623,216.9446934128604,216.91011963483865,234.61031520374377,226.15260334561705,198.09088823063013,180.47991578012216,148.2767682410161,107.44766167767447,0.0,0.0,0.0,0.0,0.0
2025-06-01 18:44:23.257,0,0.0,0.0,0.0,0.0,0.0,0.0,86.45229898620394,114.73883387938018,192.50974001333023,283.0282671395209,343.43267171310305,425.2646234992983,476.9454895478098,525.594901040716,560.1615838309514,569.6613028809312,573.013961435496,551.5913342321469,515.6403785585454,469.4358316106686,415.2457103932562,319.3900436770063,250.5454050666266,176.77386684688437,152.0855022676389,209.3083849252103,295.0423698386386,403.6000495540108,483.3218389437829,581.7233019228299,634.6881123827671,682.0733098428643,3.0,740.689543601096,727.8358331382153,693.5546121251015,635.6099432828281,590.1609949835722,483.1407662369219,416.9436412754127,323.3032632065442,338.0428966862046,276.8483339303309,396.9886648255842,501.47083663957966,616.2353446533232,701.6273939919963,770.0474011383975,841.2015216343822,905.954193102499,877.108887197023,846.7898204395233,812.5915333056332,802.407627082395,759.7611466770329,639.2784995602465,541.5985598208326,517.6726765051445,507.3263249625432,16.401219466856727,8.246211251235321,7.810249675906654,9.219544457292889,6.0,12.0,14.866068747318506,15.652475842498529,10.295630140987,8.06225774829855,9.848857801796104,742.9468352446223,643.137621353315,531.4894166396919,432.6950427263987,372.1558813185679,372.0779488225552,462.8714724413246,583.6822765854724,716.6937979360503,853.5297300035893,996.393496566492,1070.441497700832,1143.5650396894791,1189.7302215208283,1186.497366200195,1182.4457704267031,1103.203063810104,1016.8195513462554,893.5977842407623,766.2754074091116,657.1917528393064,703.6199258122243,675.6663377733125,742.0330181332904,875.6814489299177,1008.8691689213224,8.54400374531753,1279.047301705453,1389.906471673544,1415.935026757937,1439.151486119512,1395.2383308954782,1323.6090812622888,1214.1931477322707,1116.6490048354497,957.6873184917926,831.0150419817923,690.342668534982,592.9797635670209,579.827560572969,610.3179499244635,702.652830350807,790.6263339909694,889.7668233868916,953.650355214111,1024.8029078803395,1055.682717486651,1022.2881198566284,1019.2472712742476,977.5730151758488,894.7066558375432,802.59890356267,719.3615224628018,3.605551275463989,1.4142135623730951,4.0,7.0710678118654755,0.0,0.0,0.0,128.0,12.206555615733702,10.0,8.0,804.0348251164249,741.2536677818194,703.6149515182292,606.5945927882971,519.8922965384272,425.17996189848833,384.0690042166902,367.02179771779225,401.1396265641179,464.2240838215958,514.3821536562092,555.1044946674455,616.0146102163487,649.8999923065087,656.0807877083431,652.9318494299386,626.3241972014174,582.2250424019908,528.8563131891308,461.7369380935426,425.62189793289537,336.8085509603341,299.13542083812143,295.9763504065823,350.0528531522061,386.4000517598309,14.212670403551895,505.44336972602576,564.797308775458,591.1429607125505,616.2207396704529,601.0074874741579,488.9590984939333,448.3079298874826,417.709229009846,347.15126386058284,294.16491973041246,205.84703058339215,167.72596698186004,152.27934856703322,192.80041493731284,246.6779276708802,293.492759706266,349.0128937446294,386.49838292029114,417.1953978653168,428.3643309147016,419.00477324250136,398.24615503479754,366.4669152870419,336.1621632486321,273.36605495196363,222.4275162833951,9.219544457292889,11.704699910719626,7.0,9.433981132056603,15.297058540778355,1.0,12.0,12.041594578792296,6.324555320336759,9.899494936611664,12.529964086141668,323.199628712658,321.9254572102057,315.6263613832026,289.67568071897233,314.1973901864877,259.18719104153274,226.25870149013053,184.95404834715023,159.52429282087414,150.37286989347513,152.7612516314265,207.52349264601347,248.74484919290288,242.2973379961076,311.4385974795032,280.2356151526783,315.2966856787429,293.027302482209,259.7864507629295,231.86634080866503,209.06697491473875,171.0263137648707,135.07405376311175,112.43220179290272,118.86967653695368,149.40214188558343,10.44030650891055,204.50183373260984,221.8828519737386,229.8695282111137,262.78698597913865,256.9124364447934,241.3503677229434,233.13729860320507,214.3571785595248,187.18172987767795,140.29255147726127,99.82484660644364,69.8927750200262,45.31004303683677,44.28317965096906,91.7877987534291,111.39569111954016,146.60491124106312,175.69291391516052,194.5507645834372,193.2097306038182,203.2732151563506,183.8396040030548,191.128229207514,170.07351351694948,156.0,126.0634760745554,0.0,0.0,0.0,0.0,0.0
2025-06-01 18:44:23.261,0,0.0,0.0,0.0,0.0,0.0,0.0,104.546640309481,82.00609733428362,117.7454882362802,212.25691979297164,299.2941696725815,367.16345134013545,441.4034435751493,495.24640331859047,539.0593659329184,566.4459374026792,578.4678037713076,580.7624299143325,563.0008880987667,532.8648984498791,470.00425529988553,395.6677899450497,315.4314505562183,248.12899870833317,157.7244432546839,166.3640586184408,232.8797973204202,336.1621632486321,420.0583292829699,539.9648136684464,605.0429736803825,666.4322921347674,15.556349186104043,744.3117626371358,734.5399921039017,712.068816899041,660.4619595404416,616.8257452473915,549.4224240054277,452.5881129680717,379.80652969637055,330.1529948372421,298.6452745315084,395.081004352272,468.50933822070186,589.8643911951289,636.9317074851903,765.5070215223371,820.0097560395242,904.1598310033464,877.1966712203142,910.4026581683512,847.880298155347,818.5871975544206,753.9210834032963,665.1345728497354,566.6621568447994,490.06224094496406,481.084192215874,7.810249675906654,14.317821063276352,11.180339887498947,16.55294535724685,16.76305461424021,12.649110640673518,11.180339887498947,10.44030650891055,2.23606797749979,5.385164807134504,8.602325267042627,817.2741278175885,679.9911764133415,586.1467393068053,458.9956426808429,387.489354692487,343.43267171310305,410.96593532797823,538.1644730005875,679.6190109171462,815.0680953147412,965.4475646041064,1080.4119584676948,1147.5626344561765,1220.4904751779095,1238.8417978095508,1227.1043150441612,1150.0626069914629,1072.9571286868827,951.7084637639828,815.7947045672704,682.2975890328207,718.2290720932981,660.1310475958543,693.4529544244511,805.7077633981195,960.1192634251228,7.280109889280518,1255.1386377607853,1357.328626383456,1425.5612929649851,1453.4871860460278,1432.427659604491,1373.2170258192984,1254.3942761349,1165.0429176644095,1017.5151104529112,855.2485018987171,734.1552969229331,621.0974158696846,575.6283523246575,589.7838587143599,667.1086867969866,771.2826978482015,861.335010318285,954.5307747788962,1009.3864473035092,1055.8939340672434,1057.001892145894,1023.269270524626,976.5659219940044,907.6574243622975,825.7971905982728,747.871646741605,5.385164807134504,5.0990195135927845,5.385164807134504,4.123105625617661,0.0,0.0,0.0,128.0,3.1622776601683795,10.0,1.0,818.4497541083387,749.4451280781002,679.0360815155555,606.3398387043359,516.1133596410773,432.2961947554015,404.0643513105307,386.0362677262332,408.4421623681865,456.4482446017292,521.9434835305448,585.0854638426766,625.7363662118416,652.5710689265959,649.8276694632201,668.2252614201292,642.9657844706824,596.2767813691893,536.3254608910526,467.00107066258425,407.52055162899455,362.5479278660961,338.19520990102745,304.473315743761,334.26486503968675,410.903881704712,8.06225774829855,532.2339711066929,583.781637258316,609.0131361473249,654.1016740538125,621.4885356947464,504.3857650647964,437.5488544151384,401.21440652100216,340.87241014784405,300.36144892445833,236.8564966387876,190.9397810829373,191.15700353374447,219.23731434224425,287.1167010119753,345.8236544830327,379.3006722904667,443.1895756896816,458.73739764706346,451.6159873166582,435.4595273960601,411.76813864115326,386.25639153287807,335.6724594005293,273.87953556262653,195.1665955024066,11.40175425099138,17.0,7.0710678118654755,8.48528137423857,12.649110640673518,8.94427190999916,3.1622776601683795,10.770329614269007,6.0,17.72004514666935,22.47220505424423,293.5745220553037,308.22394455979565,303.60006587614566,266.05638500137525,255.76551761330143,214.67184258770408,209.0598000573042,168.2676439485619,113.95174417269794,148.66068747318505,149.60280746028798,194.50963986394095,251.58895047279003,265.80067720004024,294.0,267.8077668776617,275.230812228573,276.69839175535515,247.0323865407125,214.448128926321,174.23260314877925,146.77874505527018,105.38026380684384,103.00485425454472,121.7579566188592,140.06427096158393,6.082762530298219,204.41379601191304,232.56181973832247,248.51559307214507,244.1823089414956,241.8532612970104,242.5633937757303,215.0279051658179,202.8003944769339,173.95401691251627,125.09996003196804,89.37561188601732,59.033888572581766,38.01315561749642,75.71657678474378,89.1852005660132,122.98373876248844,164.0762018087937,164.92422502470643,185.80096878111263,187.40864441108369,196.69773765857096,196.04081207748553,180.3607496103296,161.20794025109308,134.6291201783626,104.23531071570709,0.0,0.0,0.0,0.0,0.0
2025-06-01 18:44:23.263,0,0.0,0.0,0.0,0.0,0.0,0.0,117.38824472663352,85.492689745966,123.7618681177688,212.73457640919588,298.80428377116687,372.9235846658133,443.2617736733002,505.46612151557696,549.6225977887008,574.5963800790952,594.718420767341,594.4451194181007,569.4435880752368,534.8878387101356,489.0480548984936,408.1225306204008,323.82711436814554,241.61539686038225,171.56339936011994,173.80736463107655,234.98297810692583,329.31747600150226,422.35530066521005,522.1570644930508,590.9661580835234,668.6179776224985,6.708203932499369,723.6912325018177,726.9834936227919,709.2037788957416,667.2450824097544,623.3177359902412,542.4923962600766,455.3855509345899,395.4099138868422,324.237567225021,271.8308297452664,377.6413642597961,469.40174690769953,557.2189874726093,677.7093772407167,764.5004905165202,810.077156819028,835.4046923497617,904.4362885245152,869.3865653436335,817.017135683212,799.0919846926259,741.7957940026351,630.2705768160212,557.2019382593711,470.2180345329175,465.8594208556912,24.331050121192877,17.46424919657298,10.198039027185567,4.123105625617661,9.433981132056603,7.615773105863909,4.242640687119285,6.324555320336759,2.0,18.439088914585778,10.63014581273465,768.5375722760729,676.9231861888023,563.6399560002822,465.3396608929869,389.13365313218543,333.14261210478617,383.86065179958206,482.8426244647422,627.9140068512567,776.4560515573306,901.373396545516,1014.7167092346514,1123.6102527122116,1167.1011095873398,1202.37431775633,1173.6784056972335,1143.921763058995,1055.9592795179178,957.958245436616,813.7647080084022,709.4850245072125,743.3283258426252,659.2799102050661,697.9527204617802,811.3599694340361,966.2675612893148,5.0,1236.4081041468469,1339.4345822025052,1429.0475849320064,1434.0299857394891,1427.426005087479,1373.4926283020234,1285.746864666603,1172.5088485806834,1032.5047215388413,893.3784192602819,748.0594896129585,647.8556938084283,574.6250951707557,604.9661147535455,682.0689114744931,786.2168911947898,881.3200326782547,968.1756039066466,1039.3507588874893,1072.0914140128164,1035.3516310896507,1055.9734845155915,1006.3503366124544,938.2291830890788,849.0288569889718,756.7258420326347,12.36931687685298,7.0,7.615773105863909,5.0,0.0,0.0,0.0,128.0,10.295630140987,13.92838827718412,10.44030650891055,817.8294443219809,773.3627867954341,687.8117475007242,641.1029558503064,533.3526038185246,420.86815037491255,377.12729946266154,349.12461958446875,382.4264635194589,435.9908255915484,481.6637831516918,533.5784853233871,575.438093977102,612.2172816900876,634.2751768751477,621.028984830821,594.9596624982235,565.5316083120376,536.6563145999495,450.111097397076,413.8236339311712,343.0364412128834,291.6864755178066,307.7027786679867,336.0014880919428,372.23648397221893,5.0,489.6907187194791,536.5938874046182,577.7516767608728,578.3424591018716,575.7924973460491,469.01812331721254,432.2510844405136,385.8108344772085,335.9315406448165,279.5156525134147,211.7663807123312,161.14899937635357,144.5441109142811,189.2828571212935,230.21728866442675,305.240888479902,356.384623686264,383.6938884058488,400.8989897717379,409.31650345423407,383.575285960918,378.92611417003184,348.3130775609782,307.37599125501004,247.62269685955687,191.9426997830342,14.7648230602334,12.206555615733702,10.198039027185567,10.0,15.231546211727816,22.84731931759173,4.47213595499958,6.708203932499369,8.06225774829855,5.830951894845301,19.697715603592208,287.08883642524313,291.29023327259017,286.54144551879403,263.79727064547126,236.07202290826416,217.03686322834653,197.7169694285243,157.88920165736477,148.07092894960846,117.32433677630571,161.55494421403512,180.0,219.4196891803468,254.34228905158497,261.3981637272917,249.6096953245206,260.24795868555816,239.5850579648071,225.59476944291063,197.2663174492797,173.4156855650607,138.4377116251204,122.78843593759146,99.76472322419384,122.01639234135716,140.00357138301865,8.94427190999916,197.02284131541705,204.57028132160352,224.0089283934906,237.49736840647307,232.69078194032525,220.7826985975124,206.30317496345037,176.9547964876906,156.7322557739791,131.97348218486923,81.58431221748455,55.86591089385369,51.97114584074513,54.589376255824725,106.16967551989596,133.75350462698165,132.9699214108213,160.70158679988197,187.47266467407988,198.76116320851017,192.01041638411183,184.39088914585776,179.24564150907548,154.8709139896837,127.88275880665071,97.12878049270464,0.0,0.0,0.0,0.0,0.0
2025-06-01 18:44:23.270,0,0.0,0.0,0.0,0.0,0.0,0.0,143.50261321662404,93.81364506296512,113.85077953180644,180.27756377319943,278.9265136196271,361.0927858598119,436.2396130568612,503.6119537898202,568.7046685231272,604.9338806844927,640.0062499694827,625.4062679570776,609.3972431837873,573.9425058313768,513.638978271704,470.2722615677008,384.1106611381673,291.2387336876742,221.05655384991417,187.00267377767625,221.3820227570432,314.1973901864877,437.0411879903312,536.2555361019595,615.8449480185739,683.4573871134908,4.123105625617661,754.0245354098233,768.8075181734372,756.0588601425156,714.0938313695196,661.5496957901198,603.3945641120741,497.36304647611286,441.78048847815813,362.4044701711059,305.1048999934285,358.98746496221844,458.5935019164576,553.8312017212464,623.3209446184205,721.1338294657934,796.1187097412044,872.6419655276727,906.0706374229328,882.0521526531184,907.3549470852076,815.7088941528099,770.3200633502934,679.3320248597147,598.6200798503171,522.4327707944823,495.55625311360967,7.615773105863909,14.422205101855956,12.0,3.605551275463989,14.212670403551895,8.06225774829855,3.0,8.06225774829855,12.041594578792296,7.0710678118654755,8.94427190999916,829.0645330732705,715.1762020649177,646.1586492495477,511.5906566777779,438.6000455996328,357.1064267133819,381.9581128867405,499.41766088115065,613.3163946936361,759.480085321531,898.8398077521935,1020.482728908236,1108.5711524300098,1159.063415003683,1186.9052194678393,1199.66828748617,1150.1765081934163,1073.0675654403128,971.3397963637648,861.517266222796,728.04738856753,753.7532752830995,673.3416666150996,692.9076417532137,782.1438486621244,927.6044415590084,5.0,1183.1635558958026,1301.827177470189,1355.527941430939,1404.3236806377652,1365.3790682444198,1335.6316857577167,1238.2717795379172,1126.4426305853308,994.0503005381568,864.4003701989027,711.9016786045669,613.9096024660308,548.1979569462112,557.4091854284427,620.0193545366144,719.7624608160668,823.1482248052291,917.8284153369844,988.0308699630796,1017.5681795339318,1040.7213844252458,993.797263027022,979.8795844388228,892.9412074711302,818.3281737787108,717.8537455498856,16.401219466856727,12.041594578792296,10.770329614269007,18.027756377319943,0.0,0.0,0.0,128.0,8.06225774829855,18.601075237738275,6.324555320336759,809.5640802308363,728.1277360463616,685.2364555392539,604.8222879491132,531.4480219174778,388.2177224187479,355.7934794231058,328.4935311387425,363.6949271023725,437.0045766350737,505.9693666616587,551.6855988695011,597.5658959478862,628.7527335924672,634.2507390614535,650.8840142452417,609.8606398186392,586.1953599270469,545.1174185439316,480.80141430740406,412.43787410954394,350.5253200554847,275.42694131112154,278.8781095747746,310.1370664722293,353.9336095936638,11.6619037896906,471.7933869820559,544.919260074371,568.7187354044177,598.3243267660107,598.7695717051761,482.345311991316,430.04767177604856,401.538292071877,324.8045566182839,272.63528751795866,194.4659353203023,148.2767682410161,120.01666550941998,144.89996549343965,213.39634486091836,263.7612556839992,320.2061835755206,354.5193929815406,381.9659670703661,386.8074456367147,389.7909696234637,364.5065157167976,340.93987739776054,319.7811751807789,262.54523419784255,226.0486673263083,6.4031242374328485,5.830951894845301,6.324555320336759,7.0710678118654755,14.317821063276352,7.0710678118654755,10.44030650891055,12.529964086141668,12.041594578792296,14.142135623730953,10.816653826391969,286.8327038536575,301.01494979485653,304.5669056217369,309.2975913258944,290.423828223512,248.959836118198,244.10653411983876,202.48456731316588,163.00306745579974,149.96666296213968,183.5755975068582,216.39316070523117,227.00881040171103,277.308492477241,284.07921430474283,275.53039759707093,266.18226838014584,276.92959394040935,252.73306075778848,217.6235281397671,194.6535383701,158.11388300841898,136.8575902169843,122.18837915284745,118.6086000254619,167.0748335327616,6.082762530298219,213.32135383031863,243.47689828811275,247.24481794367296,258.07169546465184,249.99399992799823,247.84269204477263,223.89283150650448,203.0615670184784,174.14074767268,119.60351165413162,87.5956619930462,48.83646178829912,35.4682957019364,71.449282711585,108.06016842481785,142.8355697996826,152.50245899656832,185.64751546950473,211.29363454680788,212.46176126540985,209.0956718825141,206.0728026693479,190.60167890131504,170.4494059831245,137.5245432641025,110.5350623105628,0.0,0.0,0.0,0.0,0.0
2025-06-01 18:44:23.273,0,0.0,0.0,0.0,0.0,0.0,0.0,150.90394295710104,103.04368005850722,122.71104269787622,203.1058837158589,280.0,359.2018930907798,446.0784684335257,502.22405358564816,559.6043245008029,599.8883229401953,611.6870114691009,621.7282364506216,619.3561172701857,567.1939703487687,524.79805639884,461.0531422732091,381.026245815167,317.23808094237364,217.00230413523263,198.90952717253137,253.74790639530408,341.18030423809637,438.0981625161192,527.2191195319077,616.3700187387443,686.3963869368778,10.0,772.9637766415707,762.5876998745783,742.8553021955217,724.7020077245543,657.0677286246829,601.4465894823912,525.8830668504169,426.81377672235465,373.8729730804301,337.9260274083664,407.4898771748815,475.4387447400559,578.4410082281511,667.029984333538,719.4338051551373,799.6630540421385,878.0689039021938,900.7385858283192,930.8990278220296,891.3192469592475,839.0518458355241,788.1142049221039,690.1144832562203,592.5976712745335,540.004629609784,502.5733777270738,5.656854249492381,2.8284271247461903,9.219544457292889,7.810249675906654,6.324555320336759,8.06225774829855,5.0990195135927845,6.082762530298219,10.295630140987,2.0,12.206555615733702,794.3103927307008,728.357741772544,622.0514448178703,499.8569795451495,423.958724406044,358.7659404124087,426.6075479876089,490.0377536476143,616.640089517378,763.8455341232284,912.5272598667945,1006.3011477684004,1099.0486795406289,1170.6566533360667,1189.6020342955037,1196.5471156623962,1144.1468437224305,1086.0170348571885,976.5428818029446,826.2263612352247,727.3637329424666,766.8324458445926,703.9005611590319,710.3414671832132,786.7127811342586,922.6830441706404,15.132745950421556,1187.9734845525804,1303.2421110446055,1362.0767232428575,1410.1875761755953,1383.4232902477825,1336.085700844074,1228.95280625417,1124.8008712656654,1009.3492953383384,858.3385113112425,749.1708750345277,620.9186742239276,586.6966848380856,587.5031914806932,654.2858702432752,719.2419620683988,832.6325720268214,905.1729116583195,976.9037823654896,1015.2201731644224,1007.1251163584392,999.2982537761186,960.5519246766412,896.7318439756671,809.2447095903686,715.5145002024767,7.810249675906654,13.92838827718412,20.396078054371134,10.44030650891055,0.0,0.0,0.0,128.0,11.31370849898476,4.242640687119285,2.23606797749979,794.2518492266795,749.9893332574804,706.951907840979,593.3102055417554,498.7744981452039,395.6829538911172,368.0489097932502,358.39782365410645,386.7428085950662,440.192003562082,517.7257961508196,583.1989368988939,627.579477038566,637.3421373171556,668.4347387741005,671.8400107168372,633.0695064524906,602.7354311802153,526.3610927870714,444.8156921692399,393.0,320.6555784638714,288.8754056682569,257.3868683519033,305.5912302406599,359.3438464757676,10.295630140987,478.9874737401804,556.9201019895044,580.2016890702749,615.1625801363409,581.5161218745358,455.34712033788026,413.7559667243483,390.0833244321013,328.28341414089135,262.1221089492453,200.9427779244629,125.54282137979854,89.62700485902673,134.16407864998737,200.42205467462907,257.6140524117425,322.28093334853054,340.414453277178,365.0164379860173,384.422944164367,362.0386719675123,335.5979737721907,313.5761470520358,286.40006983239374,247.25897354797863,206.0728026693479,6.324555320336759,2.0,3.605551275463989,5.385164807134504,4.47213595499958,8.06225774829855,8.54400374531753,8.246211251235321,4.123105625617661,2.23606797749979,7.280109889280518,270.542048487846,293.1381926668717,309.5561338432821,310.2337828154761,284.8596145472362,266.4507459175147,234.61670869739865,178.61690849412886,187.13097017864257,164.1584600317632,156.6301375853319,221.19900542271884,238.47222060441337,283.28254446753334,278.29840100151495,277.9964028544254,268.40454541605664,268.15853519886326,232.24340679554285,203.93136100168604,185.71483516402236,153.63918770938616,118.10588469674153,125.51493934986384,142.42541907960108,150.5257453062432,9.219544457292889,217.83020910791964,240.39342753078753,240.66989840858787,248.64633518312712,254.77244748991205,232.84758963751375,219.10727965998757,202.5561650505854,167.86899654194636,131.48764200486676,75.92759709091287,61.00819617067857,46.32493928760188,59.80802621722272,103.47946656221224,135.05924625881784,163.48700254148645,187.0427758562196,198.2952344359289,204.4162420161373,203.66639388961548,203.32486321156105,197.2029411545375,174.56230979223437,144.18044250174847,105.47511554864494,0.0,0.0,0.0,0.0,0.0
2025-06-01 18:44:23.277,0,0.0,0.0,0.0,0.0,0.0,0.0,148.00337833982033,96.25487000666512,119.97082978791136,196.01020381602584,275.4360179787676,361.0124651587532,447.55558314023966,502.02091589892945,558.7933428379404,595.3696330851952,618.8578188889593,626.3162140644292,601.332686621973,577.1698190307598,515.6946771104002,459.6737973824482,364.4969135671796,301.0016611249845,232.606964642076,192.634368688456,234.18368858654523,339.8028840372018,425.13174428640355,525.9781364277417,614.3687817589692,686.0466456444489,5.0990195135927845,750.9167730181555,768.6019776191056,753.6179403384715,721.2003882417147,665.9557042326464,589.3063719322913,496.4876634922564,443.4433447465414,371.10241174101793,375.8324094593227,385.5930497298933,494.2165517260627,541.5025392368904,671.2763961290461,768.5961228109338,876.0022831020476,917.002181022488,915.6467659528972,941.7393482275232,877.4331883397163,834.6795792398422,759.8532753104378,679.8014415989422,587.5031914806932,546.8528138356792,498.52783272351,4.123105625617661,1.0,17.029386365926403,15.620499351813308,13.45362404707371,7.810249675906654,7.810249675906654,1.0,8.94427190999916,14.866068747318506,8.06225774829855,815.1864817328609,720.2360724095954,626.418390534633,525.7699116533771,447.362269307549,378.6304266695956,407.1584458168589,530.3300858899106,652.4300728813779,809.2718949772072,943.70334321756,1073.886399951131,1147.1233586672358,1216.1989968751002,1237.882466149351,1244.7401335218528,1172.1885513858256,1099.1055454322848,1000.2144769998084,854.4782033498573,747.4603668422828,777.8136023495604,692.314957226839,699.8871337580082,797.3318004444574,922.499322492976,5.0,1212.2281138465648,1315.2794379902698,1384.9722018870991,1410.7575978884538,1390.898989862312,1369.8328365169234,1251.7751395518287,1168.2208695276763,1006.35580189116,881.9053237167808,748.6661472245155,609.3020597372046,548.624643996239,565.0601737868278,631.8797353927407,702.5076512038854,825.7875029328065,906.1048504450245,978.8574972895698,1001.6476426368706,1043.0723848324235,1014.8719131003676,976.4630049315743,917.8344077228746,818.5065668643105,723.658759361068,2.0,7.280109889280518,17.88854381999832,7.280109889280518,0.0,0.0,0.0,128.0,2.8284271247461903,22.0,7.810249675906654,824.6211251235321,776.3568767004,704.7162549565605,642.5675061812572,537.2867018640978,420.86815037491255,374.93732809631,341.2110783664563,364.20323996362254,422.0924069442614,501.66223696826137,578.0051902881149,623.2856487999703,660.1674030122965,674.0163202771873,696.3734630211005,672.0193449596521,615.6468143343227,571.7796778480326,500.6006392325124,430.9675161772636,360.1110939696249,303.2507213511618,278.3522947633089,314.8412298286233,346.666987179339,4.47213595499958,499.6798975344115,534.8130514488217,589.9576255969577,620.0290315783609,621.2640340467167,489.96734585072096,440.5190120755289,419.3948020660247,332.41540277189324,298.0603965641863,219.0091322296858,153.44380078712857,123.48279232346503,136.0588108135596,200.48940121612415,249.07027120874943,326.24070867995613,358.7659404124087,380.8214804865923,409.2383168766092,390.1550973651376,373.48360071092816,353.5788455210521,324.4271875167061,271.6026509443529,219.66565503054863,13.0,7.810249675906654,4.0,11.6619037896906,20.396078054371134,7.810249675906654,8.48528137423857,7.280109889280518,12.529964086141668,16.278820596099706,8.94427190999916,278.71311415145146,296.1840643923977,300.74075214376916,289.110705439975,274.7744529609694,243.82370680473215,213.92755783208483,198.4968513604183,160.60199251565965,129.71121771072848,191.19100397246729,207.76188293332345,236.10379073619296,269.80919183749097,266.4920261471251,251.19912420229497,260.31711430484165,259.0772085691831,233.25736858671797,208.62646045025065,180.09441968034434,143.13629868066312,129.5414991421668,106.1508360777248,104.69479452198183,126.90547663517128,8.94427190999916,186.72439583514523,210.4305110957059,214.88834309938733,236.54386485385749,240.634577731464,227.72790781983664,213.02582003128165,200.53179299053804,182.80043763623763,143.62799170078233,109.17875251164944,72.44308110509934,49.39635614091387,57.0087712549569,92.9569792968769,117.63077828527702,135.20355024924456,166.0752841334315,187.00267377767625,196.02295783912655,193.8762491900439,196.1147623204332,179.62739212046696,165.24527224704494,140.1320805525987,115.37764081484764,0.0,0.0,0.0,0.0,0.0
2025-06-01 18:44:23.280,0,0.0,0.0,0.0,0.0,0.0,0.0,214.66252583997985,150.6154042586614,100.72239075796404,140.65560778013793,204.8243149628481,303.0594001181947,389.8320151039419,464.1723817721171,514.2606343091021,562.5122220894405,606.1319988253384,624.2387363821633,627.1084435725611,617.6026230514245,585.8438358470626,519.449708826562,456.6530411592591,364.00274724238005,281.3254343282882,217.38905216224663,230.41050323281704,273.22152184628504,367.1961328772404,473.42264415636055,560.2570838463357,650.5328585090841,10.04987562112089,739.7627998216726,762.939709282457,785.4603745574948,733.9761576509144,703.9580953437498,648.6023435048628,569.7595984272665,485.64390246352315,392.32894361747,368.2078217528791,385.68899387978394,442.4409565128436,503.5642957954823,624.6422976392168,677.711590575224,784.3175377358331,841.0856080090778,901.6629081868678,891.446577199105,876.8089871802182,842.1163815055494,778.2550995656886,681.2525229311082,635.0094487485993,535.302718095098,519.3659596084441,7.0710678118654755,3.1622776601683795,4.242640687119285,9.848857801796104,16.0312195418814,8.06225774829855,10.04987562112089,10.04987562112089,10.04987562112089,13.152946437965904,5.0,815.6181704694912,761.6987593530661,660.1643734707288,575.0426071170726,456.84570699526114,406.4984624817171,409.5180093719933,465.1720111958586,572.6464878090147,691.7983810330868,836.8094167730188,962.6447943036932,1060.4871522088326,1130.084067669304,1194.7091696308353,1177.4094445009348,1181.289549602467,1113.5932830257193,1048.4045020887693,905.0458551918792,772.8887371413819,823.0364511976368,731.9562828475482,721.3355668480517,765.9432093830455,891.566037935497,13.038404810405298,1161.2170339777142,1275.3685741776767,1355.6728956499794,1395.725617734374,1422.3434887536837,1380.5281597997196,1289.0930920612366,1183.7064669925564,1085.0073732468366,928.453014427763,816.4441193370187,685.2152946337377,613.0815606426277,594.8386335805703,647.2441579496875,731.2072209709091,824.2912106773916,928.4998653742498,993.243676043296,1042.1612159354231,1042.4667860416464,1027.8351035063945,983.5024148419768,936.389876066588,860.6102486026994,763.3308588023938,6.708203932499369,4.47213595499958,10.0,14.560219778561036,0.0,0.0,0.0,128.0,3.605551275463989,6.0,10.770329614269007,811.6902118419317,784.6527894553107,692.1885581256021,642.9696726907109,521.7144813017941,450.03999822238023,405.6007889538678,378.857492997037,374.5851038148741,436.1249820865574,500.9191551538032,563.7880807537528,618.3655876583043,669.3549133307382,670.6713054842886,669.6685747442536,657.0129374677488,611.117828245912,554.8125809676634,469.2334173947973,402.359292175538,333.2566578479716,301.16606714568627,284.5434940391363,298.54312921251426,365.2738698565776,8.06225774829855,484.3139477652899,537.7080992508854,586.4077079984539,595.9882549178297,595.451089511137,466.27566953466487,424.759932197,374.0975808529106,343.93604056568427,274.5906043549196,201.9925741209315,153.44380078712857,95.1892851112981,116.66190466471906,191.44189719076647,240.01041644062033,293.5745220553037,353.5434909597403,364.7807560713695,360.95567594927775,362.46379129507545,342.42225394971047,319.3399442600315,309.23453882126427,262.1907702418222,213.45959805077868,12.041594578792296,13.45362404707371,12.0,5.385164807134504,13.601470508735444,8.602325267042627,7.810249675906654,8.06225774829855,10.44030650891055,8.06225774829855,2.0,266.1879035568671,293.6136917788406,281.81021982887705,296.1519880061588,270.44038160008574,241.50569351466643,222.2251110923336,192.66551326067673,153.80507143784305,191.56461051039673,191.48106956041372,203.3937068839643,223.2330620674276,266.33249895572266,291.5956103922005,253.07113624433745,266.4920261471251,248.8875247978492,236.13555429032704,191.52545522723605,170.3907274472411,128.63125592172378,106.0990103629624,127.45587471748802,135.07405376311175,159.15401345866212,5.0990195135927845,205.24375751773792,216.0925727552893,241.05186163977243,238.8723508487326,245.05101509685693,223.60679774997897,198.76116320851017,177.65415840897168,153.1012736720371,111.08555261599052,88.61715409558128,50.96076922496363,49.09175083453431,80.44874144447506,118.87808881370864,130.96946208945045,153.3101431738944,174.72263734273244,195.97193676646663,199.58206332233365,205.86646157157313,190.53608582103288,162.30834852218786,157.95252451290546,132.61975720080324,101.59232254457028,0.0,0.0,0.0,0.0,0.0
2025-06-01 18:44:23.287,0,0.0,0.0,0.0,0.0,0.0,0.0,139.2300254973761,118.59595271340416,130.09611831257686,201.6382900145704,289.394194827747,371.6947672486122,435.9655949728144,503.7181751733801,569.3197695495916,598.9098429646987,620.0967666421104,619.9717735510222,612.2221818915091,567.6486589431883,517.4794681917341,451.3634898837078,378.5881667458718,294.771097633401,224.87552112224225,218.1238180483736,247.24481794367296,350.27132340515686,446.07734755308974,528.5915247145001,616.283214115069,675.6900176856249,10.198039027185567,759.3944956345154,761.2857544969563,753.8408320063328,709.2143540566561,662.7095894884878,592.5622330186088,511.0,430.2940854810812,361.2118491965622,357.97485945244813,411.04865892008456,458.7046980356752,535.4521453874286,632.3685634185179,756.3735849433136,845.0857944611305,871.5555059776743,870.0672387810037,888.8132537265632,854.5712375220687,828.5801107919499,786.1253080775355,682.3349617306737,599.6415596004,543.1620384378864,509.3544934522518,10.63014581273465,14.866068747318506,12.16552506059644,14.317821063276352,10.770329614269007,15.556349186104043,1.0,9.848857801796104,4.242640687119285,7.0710678118654755,9.486832980505138,800.6003997001251,715.997905024868,631.4950514453775,507.3943239729826,436.9633851937711,383.9192623456135,417.0767315494836,486.4863821321209,612.0367636016647,781.652736194277,871.0137771585476,987.8122291204944,1074.8860404712675,1134.4293719751795,1176.9808834471355,1189.1375025622565,1133.6207478694098,1095.2556779126962,980.3917584312916,888.6557263642653,756.000661375372,794.5124291035352,707.5966365098127,717.2642469829373,796.7647080537641,922.7838316745692,19.209372712298546,1178.4163101383144,1295.1528867280497,1357.2000589448853,1430.604417720007,1375.8321118508609,1351.8357888441924,1282.3041760830383,1181.0241318449,1050.880107338606,926.36116067115,787.5531728080333,655.8544045746738,601.0931708146417,587.0136284618952,648.2669203345177,726.0585375849525,812.2179510451613,900.6958421131964,972.9671114688308,1022.6006062974928,1060.5451428392853,1026.5534569616918,995.2336409105152,941.3872741863468,842.5277443502973,753.660400976461,5.0990195135927845,9.219544457292889,9.486832980505138,7.0710678118654755,0.0,0.0,0.0,128.0,18.027756377319943,14.0356688476182,10.63014581273465,814.1971505722677,752.6386915379783,702.8869041318098,635.3361315083536,546.4247432172156,453.768663528014,393.24928480545265,369.16798344385177,376.9681684174408,444.8662720413855,491.7570538385799,549.1019941686608,613.2405726955776,631.0641805711999,657.6351572110482,659.214684302466,627.5866474041652,609.7253480051489,561.5069011152044,484.4223363966612,434.9942528355978,369.08671067921154,298.63857754817946,273.65854636754904,287.92360097775935,347.29814281104353,7.615773105863909,459.47143545600306,518.000965250066,564.2783001321245,601.4864919513986,590.4786194266478,464.2251608863957,438.6752785375533,402.88087569404433,356.5851931867054,288.29325347638644,226.51490017215204,145.60906565183365,114.23659658795864,106.90182411914212,168.01488029338353,218.7532856896097,287.17242207426534,321.83380804384115,348.5742388645495,360.4497191010141,367.484693558793,354.81967250985394,335.47727195743084,305.0114751939671,287.76726707532254,242.7447218787671,10.0,17.46424919657298,14.0,15.524174696260024,18.110770276274835,8.54400374531753,8.48528137423857,5.0,10.44030650891055,12.206555615733702,13.152946437965904,297.31632985761144,291.0068727710739,319.3195891266303,301.7830346457534,297.6995129320839,260.5724467398654,236.25410049351524,202.82997806044352,188.8597363124284,183.5347378563524,158.5339080449353,210.3188056261256,215.3346233191495,249.92798962901293,288.5342267392207,254.57808232446092,281.18677067031444,244.10038918445008,249.09837414162303,218.23381956058049,190.80094339389416,153.6522046701576,113.7453295744489,115.52056094046635,110.8873302050329,138.1774221788784,3.1622776601683795,194.33990840792325,206.69300907384363,221.41589825484527,251.02390324429263,231.7412350014559,235.8495283014151,219.3467574412715,194.57903278616635,158.14550262337528,144.05901568454507,99.90495483208028,68.0294054067798,40.311288741492746,45.09988913511872,82.73451516749222,125.31959144523252,139.54210834009928,166.50825805346713,183.13383084509536,193.9613363534083,200.32473636573192,195.86985475054604,199.81241202688085,179.44637081869334,152.64337522473747,119.07980517283356,0.0,0.0,0.0,0.0,0.0
2025-06-01 18:44:23.290,0,0.0,0.0,0.0,0.0,0.0,0.0,167.86899654194636,122.54386969571348,129.40247292845683,194.48650338776724,283.67763394388356,374.1256473432422,459.9489102063402,526.920297578296,586.0801992901654,618.6388283966663,652.623168451749,654.7281878764653,629.832517420306,604.5312233458252,582.4774673753484,487.3817805375987,404.6541733381728,324.32237048961025,245.34873140083687,224.18296099391677,276.0018115882575,359.9805550304072,441.4091072916371,554.5133001110073,651.4061712940705,706.8026598704903,5.656854249492381,796.7465092487071,800.0624975587845,785.6214100952188,738.2045786907584,688.8396039717809,617.2795152927075,526.7580089566745,456.3693679466228,396.489596332615,365.6131835697395,442.4138334184409,495.81649831364024,577.658203438677,675.7403347440494,786.909143421272,843.8963206460851,903.4694239430574,955.288961518974,916.0545835265494,877.387029765086,857.6829250952825,774.6069971282211,701.0057061108704,645.2573130155132,559.1082185051478,532.5870820814189,12.206555615733702,5.385164807134504,10.44030650891055,10.63014581273465,16.401219466856727,26.0,5.0,12.529964086141668,5.0990195135927845,11.6619037896906,7.280109889280518,845.5057657993824,765.4443154142566,654.587656467795,552.4708137087424,468.93176475901055,423.3414697380827,427.6037885706814,524.0238544188613,656.5972890592833,773.4041634229803,914.7196291760662,1030.761369085978,1112.850843554517,1198.5929250583786,1219.0233795953218,1220.0196719725466,1178.963951951034,1105.9100325071656,1000.9935064724446,851.3636120953256,781.3846683932313,799.9312470456446,695.0517966310136,693.7276122513792,792.5351727210598,904.0630508985532,7.280109889280518,1193.170985232209,1287.1938470953005,1356.5559332368127,1392.2427949176106,1384.798902368138,1342.5542819565994,1256.7139690478498,1186.0408930555473,1049.8842793374895,908.6660552700316,778.3084221566667,657.7089021748147,587.4572324859062,580.6418861914804,629.3210627334827,712.2934788414112,827.4811176093385,903.203742242026,961.833665453648,1014.5521179318488,1006.7099880303164,1031.924900368239,995.4943495570428,935.0577522271018,861.7569262849008,764.7234794355408,5.0,8.06225774829855,4.123105625617661,12.206555615733702,0.0,0.0,0.0,128.0,12.041594578792296,9.055385138137416,4.47213595499958,843.8915807140156,791.1744434699594,758.7522652354983,671.7715385456577,570.4734875522262,478.4359936292419,406.8722158122867,385.5411780860768,416.0588900624526,457.9017361836489,532.3579622772633,596.9865995145955,658.8474785563044,699.7978279474722,736.6912514751345,726.9834936227919,714.8069669498193,654.480710181744,616.9619113040934,525.5416253732905,490.6332642616071,383.5205340004626,306.10455730027934,291.81500989496755,319.394740094448,362.6637561157718,17.029386365926403,487.6412615847843,546.1904429775387,602.9436126206165,621.4378488634242,635.5194725576864,501.6781836994708,443.1907038736259,429.66033095923575,370.4065334197009,308.50607773591753,227.547797176769,165.5294535724685,119.3649864910142,96.20810776644556,157.50872991678906,203.69094236121543,273.6073829413234,324.5704854111045,362.49827585796874,381.2033578026301,376.86071697644473,363.94092927286977,354.73934092513616,325.61480310329875,294.5522025040723,261.7728022541685,9.219544457292889,5.830951894845301,3.605551275463989,14.7648230602334,4.123105625617661,13.601470508735444,4.242640687119285,10.198039027185567,5.385164807134504,6.082762530298219,15.0,299.8966488642379,315.9572755927611,329.38731001664286,328.97568299191965,281.2561110447202,276.9440376682625,257.41017850893155,236.68122020980033,219.3467574412715,207.85812469085735,197.6486782146544,229.88910370002316,255.76551761330143,283.1960451701259,286.8030683238936,291.547594742265,292.20027378495047,279.32955446926843,262.48809496813374,214.67417171145672,210.2974084481309,160.52725625263767,127.47548783981962,116.72617529928752,125.31959144523252,143.6175476743702,5.0990195135927845,203.0,218.0022935659164,238.0,258.3582783655287,245.96747752497689,234.61670869739865,212.24985276791125,198.7083289648423,180.71247881648904,140.65560778013793,108.97706180660222,69.8927750200262,47.75981574503821,53.08483775994799,82.54089895318563,135.80132547217644,145.41664278891878,174.42763542512407,199.84243793548956,214.05840324546944,223.77890874700412,207.5764919252659,206.65188119153427,183.61100184901775,157.4102919125684,137.11673858431726,0.0,0.0,0.0,0.0,0.0
2025-06-01 18:44:23.294,0,0.0,0.0,0.0,0.0,0.0,0.0,164.61470165206995,126.38433447227548,167.37084572887835,232.4908600354001,309.7934795956816,390.98849087920735,472.7716150531882,535.2803004034429,580.8269966177536,625.1399843235114,640.0101561694158,652.2277209686813,635.2464088839857,591.304490089497,534.6297784448599,479.8770675912738,390.26657556085945,312.00160255998685,251.5094431626773,238.41560351621283,293.6954204614025,381.55995597022496,483.4914683838796,570.8563742308568,647.5708455451032,714.9636354388942,3.605551275463989,775.6545622891675,792.3244285013558,782.222474747434,736.5874014670628,690.4990948582047,625.0511979030198,535.9561549231429,459.1644585548842,393.4183523934795,352.98158592198547,459.0272323076268,506.6932010595761,596.8659816072617,664.7345334793432,796.994353806851,819.2447741670373,882.9088288152973,895.7371266169556,952.2651941554936,878.7411450478463,819.3765922944101,775.8608122595186,713.6728942589875,628.9427636915779,560.6719183265736,532.0939766620179,10.816653826391969,12.083045973594572,8.06225774829855,8.06225774829855,4.123105625617661,16.64331697709324,19.1049731745428,6.324555320336759,6.324555320336759,13.152946437965904,11.40175425099138,811.8971609754526,715.1594227862764,638.6939799309213,519.9778841450856,465.1505132750043,410.18288603987367,447.6885077819175,529.6385559983337,641.6299556598024,799.1751998154097,903.4694239430574,1023.9360331583218,1105.1049723895012,1170.083757685748,1189.5717716892916,1227.3198442133985,1160.3245235708844,1084.0664186294125,989.7216780489352,861.307146144742,760.0657866263946,794.4935493759531,722.3987818372897,727.9739006310597,804.7074002393665,926.002159824695,11.31370849898476,1194.7656674009345,1325.0094339286795,1366.1496989715292,1415.0353352478517,1404.2855834907657,1385.811675517276,1267.8820923098488,1194.1411139392194,1063.8138934982942,923.6839286249384,786.7159589076607,668.0576322444045,602.7968148555532,592.2431932914046,657.3682377480676,724.426669856929,829.1610217563293,909.6295949451072,994.0246475817388,1025.4101618376912,1039.6985139933597,1026.6961575850958,997.375054831431,940.670505543785,852.9742082853385,762.6303167328191,2.23606797749979,8.06225774829855,7.615773105863909,12.083045973594572,0.0,0.0,0.0,128.0,2.23606797749979,10.0,16.76305461424021,851.3988489538848,789.2122654900899,742.1765288662799,659.8977193474758,568.3520036034007,464.2154672132328,428.04906260848185,412.1759333100369,406.3409898102824,476.1774879181081,537.2196943523198,631.9699359937939,667.0569690813521,709.6428679272412,711.123758568085,740.412047443854,687.2037543552858,656.5554051258736,598.0175582706581,507.41009055792335,471.00955404322747,364.6834243559748,296.62434155004877,277.9964028544254,281.48534597737057,344.7448331737548,5.0990195135927845,475.631159618459,549.8336111952415,550.4634411112149,581.5917812349139,597.4788699192634,461.17241894978935,424.3229901855425,390.2883549377306,327.0244639166923,279.3027031734566,198.01010075246165,146.2942240828393,79.51100552753688,87.32124598286491,147.27525250360293,194.74342094150447,254.043303395307,281.3680863211036,328.1539272963223,339.32432862970495,342.4616766880639,337.23137457834497,334.2528982671654,310.446452709642,284.40112517358295,240.85887984460945,6.4031242374328485,3.0,13.41640786499874,8.94427190999916,13.601470508735444,3.1622776601683795,4.123105625617661,13.601470508735444,8.54400374531753,12.529964086141668,21.095023109728988,310.20315923600776,294.96609974707263,329.6695315008653,302.00662244394573,297.88924116187883,277.4833328328028,273.2654387221333,245.05101509685693,225.84286572747877,162.27445886522003,213.84106247397855,227.6334773270399,238.29603437741048,261.9637379485947,283.1342437784593,290.3687310989253,285.112258592997,270.14995835646545,247.5883680627989,225.45953073667124,209.50656314301943,168.2973558912914,146.01369798755184,110.04090148667449,107.07007051459338,136.2130683891968,4.0,192.09372712298543,218.07338214463496,229.2705825002414,249.94599416673995,254.939208439973,245.5056007507772,231.23364807051763,223.4390297150433,188.36666371733617,163.98170629676957,126.4792473095883,81.74350127074322,61.554853586049575,38.01315561749642,66.03029607687671,115.15641536623131,141.59802258506295,174.41330224498358,184.6212338816963,210.77238908357992,204.04411287758344,207.68485741623053,209.97618912629116,193.58202395883765,161.8301578816507,139.51702405083043,0.0,0.0,0.0,0.0,0.0
2025-06-01 18:44:23.298,0,0.0,0.0,0.0,0.0,0.0,0.0,164.20109622045769,117.03845521878696,144.4749113168096,227.29936207565564,296.4354904528134,377.5884002455584,447.035792750424,509.4595175281349,576.8084604095193,596.0041946161117,627.9148031381327,628.3987587511612,605.1859218455102,582.0137455421478,547.5372133471843,454.43261326625753,400.98004937901834,297.85902705810344,256.9708154635464,232.20680437919987,277.31750756127894,358.62236405444656,453.7058518467665,551.9438377226437,631.2408415177206,692.3034016961061,6.082762530298219,771.8037315276468,767.3187082301591,763.5810369567856,709.7901098212062,649.0493047527283,600.4406715071856,519.7355096585185,462.03138421540154,393.47172706561776,368.77364330982226,425.9776989467876,505.35729934374154,585.3520308327289,686.2863833706742,749.0694226839058,815.5022991997018,881.8628011204464,901.3062742486596,887.0879325072572,851.148048226629,831.9284825031536,781.1459530715115,662.8242602681347,603.1003233293777,562.1076409372141,555.8021230617961,11.40175425099138,15.264337522473747,14.317821063276352,4.123105625617661,5.385164807134504,8.06225774829855,8.48528137423857,6.708203932499369,4.47213595499958,4.242640687119285,11.0,800.8495489166489,729.3887852167732,639.5506234849591,532.7935810424145,474.5619032328659,416.010817167054,482.0508271956392,550.4470910087545,678.8725948217383,800.1481112894037,933.7799526655087,1056.4942025397015,1147.411870254095,1195.688922755413,1243.464917076473,1219.0857229907997,1190.4037130318436,1080.4744328303193,997.8000801763848,869.6648779846178,726.6532873386042,795.7267118804043,715.86171849038,720.5442387529026,812.603839518372,954.2897882718856,15.620499351813308,1230.820864301544,1300.0126922457334,1388.110226170818,1413.7414898063932,1395.564401953561,1359.2060182327034,1269.7251671129466,1180.0423721205946,1063.3461336742614,912.037279939806,793.1765251190935,667.362719965687,591.0372238700368,597.8603515872247,638.7879147260066,731.9357895334808,818.6440007720083,918.3572289692067,966.567638605804,1014.155806570174,1050.5831713862544,1013.7381318664104,986.4461465280302,930.129560867732,873.212459828649,790.9317290386067,9.486832980505138,7.810249675906654,3.1622776601683795,2.0,0.0,0.0,0.0,128.0,6.082762530298219,20.223748416156685,10.44030650891055,842.613197143268,821.4554157104328,764.5554263753544,667.451870924039,590.122021280345,495.07373188243383,454.62182085773225,431.4498812144929,440.918359790109,477.2808397578935,560.0446410778341,619.1090372462673,662.9660624798225,705.0453886098397,731.3856711749281,724.9448254867401,722.2146495329488,658.6076221848635,611.5529412896319,533.4135356362829,446.90043633901274,388.6142045782681,340.0,306.11109094575454,311.51564968713853,377.9021037252902,7.0710678118654755,506.3565937163256,554.5493666031907,613.5022412347,627.8359658382116,635.8380296899518,499.0761464947008,461.06940909151626,439.5918561575044,388.5678833871889,313.55063386955544,250.68306683938587,173.23394586512194,130.51053597315428,116.2497311824849,174.38463235044537,242.00206610688264,293.4569815151788,340.1955320106365,361.4000553403389,390.8772185738125,404.534300152657,387.9226727068167,373.36443322844775,355.27594908746636,318.45407832213425,271.02951868754076,9.219544457292889,7.615773105863909,7.0710678118654755,1.0,4.47213595499958,6.082762530298219,10.63014581273465,3.605551275463989,5.0990195135927845,20.024984394500787,11.180339887498947,313.38315206788,336.53677362214074,331.54939300200806,326.5333061113368,294.8694626440656,263.89770745499095,237.53947040439405,182.98907071188705,174.28711943227475,156.81836627130127,156.4736399525492,193.83756085960223,233.92520172055,252.04959829366916,293.8468989116611,272.2002939013843,275.50136115816196,272.6774651488458,252.4480144505003,235.2275494069519,205.23401277566057,165.3602128687551,112.44998888394788,101.59724405711012,96.83491106000976,107.42439201596628,12.206555615733702,160.63934760823702,197.80040444852483,221.6867158852781,231.6139028642279,231.4584195919431,242.36542657730703,227.5280202524515,221.93918085818015,197.0,169.24833824885843,127.91012469699184,87.0,52.88667128870941,55.31726674375732,60.67124524847005,81.6333265278342,133.00375934536586,161.8919392681427,171.40595088852663,189.31983519959024,195.8187937865005,197.25364381932212,191.4601786273062,180.5796223276591,162.04937519163718,124.42266674525185,0.0,0.0,0.0,0.0,0.0
2025-06-01 18:44:23.304,0,0.0,0.0,0.0,0.0,0.0,0.0,164.4506004853737,119.81652640600127,136.69308687713507,213.52751579129097,291.00171820798585,380.12761015216984,459.41375686846817,515.8778925288425,560.1080252951211,597.1641315417395,630.6346010171025,629.3846200853656,607.6380501581513,565.173424711389,533.2588489654906,459.4801410289677,383.8971216354715,315.9905061864992,260.8926982496827,233.73489255992567,285.12453419514776,380.1710141502111,447.4203839790941,557.2297551279903,633.4303434474859,701.0285300898959,10.816653826391969,769.5466197703685,776.8172243198525,755.3813606384526,715.6290938747529,687.1637359465356,614.6381049040159,512.1035051627747,447.37121051761926,394.73028766488136,378.6357088284199,433.6311796907598,526.4218840435873,595.1646830919993,695.6069292351824,790.0443025552428,848.0477580891303,892.3883683688397,902.3580220732788,917.7200008717256,871.6421283990351,826.2420952723239,759.5327511042562,683.187382787475,612.6303942835353,576.439068766162,550.0327262990812,8.602325267042627,7.810249675906654,10.44030650891055,7.280109889280518,3.605551275463989,9.219544457292889,5.0990195135927845,3.605551275463989,5.385164807134504,23.021728866442675,10.0,810.3752217337349,736.087630652764,603.4848796780248,537.1219600798314,441.56200017664565,406.6017707782395,468.1591609698565,555.0324314848638,682.9611994835432,814.3003131523407,940.6513700622564,1069.1548063774487,1136.5847966605922,1209.5342078668134,1240.6663532150778,1226.5810205608109,1194.0339191162034,1096.0155108391486,1018.0279956857768,883.6543441866849,749.5331880577404,796.0012562804156,719.4004448149861,719.7569034055873,801.4018966785642,944.7502315427078,10.770329614269007,1216.1994079919623,1294.2121155359348,1386.9578219974824,1415.5712627769751,1428.0896330412877,1364.3170452647728,1294.2692919172578,1156.2581891601892,1061.2191102689396,901.5741788671636,801.3320160832212,664.2326399688591,602.5363059600642,597.987458062458,631.0071314969427,729.4847496692443,806.3870038635296,928.5327134786368,987.0369800569785,1023.684033283708,1039.950960382267,1020.8359319694816,977.957565541573,948.47245611035,857.5604934930246,784.1511333920266,5.830951894845301,11.6619037896906,18.601075237738275,6.708203932499369,0.0,0.0,0.0,128.0,2.0,5.385164807134504,8.06225774829855,870.7749422210081,834.4111696280198,755.0026490019753,688.809117245119,583.9289340322159,496.47759264643554,467.6451646280543,416.9664255068986,435.7843503385591,494.17102302745354,558.0367371419197,622.7880859489848,669.7320359666245,720.9895977058198,750.7343071952953,724.9448254867401,725.5136111748697,674.4138195499852,599.6832497243857,542.7936993002038,475.2283661567352,378.4032240877448,352.0241468990444,302.2333535531775,307.82624969290714,381.1154680670938,10.295630140987,515.9844958911071,569.126523718584,613.9128602660153,626.8412877276033,640.18278639776,511.6404987879673,464.5912181692633,433.54469204454574,380.68622249826694,314.61246002026047,265.8270114190806,173.27723451163456,124.61942063739504,144.02777509911067,188.09572031282372,238.14491386548653,285.40672732085346,342.6047285137787,378.35961729550365,403.685521167158,403.0682324371396,394.5326348985594,367.1511950137164,343.0801655590133,313.84391024839084,284.95087295883127,4.0,7.280109889280518,5.0990195135927845,10.0,12.0,16.401219466856727,1.0,12.041594578792296,10.04987562112089,10.0,13.038404810405298,280.9216972752372,307.46056657724415,316.30997455028194,332.0993827154757,300.8537850850476,259.4166532819356,230.15212360523637,196.02295783912655,169.84993376507393,171.1724276862369,166.01204775557707,175.60182231400674,227.437903613272,273.6603734558586,304.2581141070851,291.2953827303138,274.23530042647684,271.810595819957,263.89770745499095,224.66196829904257,214.28252378577213,165.43578814754684,115.52056094046635,95.46203433826454,87.66413177577246,102.88342918079664,7.615773105863909,162.78820596099706,196.74348782107123,219.64744478368056,225.50388023269133,233.1887647379264,240.35390573069537,222.27235545609355,200.4120754844877,191.10729970359583,157.4357011608231,134.08206442324789,96.25487000666512,65.21502894272147,63.12685640834652,65.85590330410783,88.05679985100527,129.18978287774928,150.37286989347513,170.3202865192517,183.89671013914307,199.1105220725414,193.82982226685343,190.59118552545917,179.94721448246983,164.34719346554112,139.46325680981354,0.0,0.0,0.0,0.0,0.0
2025-06-01 18:44:23.308,0,0.0,0.0,0.0,0.0,0.0,0.0,154.49595463959565,112.43220179290272,139.20488497175666,205.93445559206452,304.2581141070851,378.1137395017536,457.5150270756142,524.995238073642,579.1752757153916,611.09819178263,632.630223748439,639.9320276404362,618.3623533172116,585.6364059721698,547.9425152331219,466.37431318630746,388.40185375458753,316.17242131469976,252.53316613862825,229.55827146935917,285.63088068344433,359.15595498334704,441.4091072916371,539.445085249648,633.909299505852,695.6004600343505,5.0,781.6245901965982,775.6545622891675,767.1101615804604,717.9031968169525,661.7983076436506,622.7399136075991,528.0946884792537,436.0848541281846,399.15535822534065,371.3812057711052,425.0176466924638,477.7080698501963,572.657838503936,700.8252278564179,786.7769696680248,832.0606949015198,855.9889017972138,919.3089796145798,880.796230691299,846.9881935422712,824.8854465924344,772.7315187049121,670.1193923473637,628.0262733357579,552.2001448750262,524.1383405170815,19.026297590440446,1.4142135623730951,9.486832980505138,13.892443989449804,9.055385138137416,18.867962264113206,1.4142135623730951,8.54400374531753,11.40175425099138,2.23606797749979,11.180339887498947,801.0218473924416,728.2375985899108,619.0201935316811,536.6358169186996,442.7053195975851,414.30664971733194,450.31544499383983,523.2666624198412,652.724290952926,784.9853501817724,913.7313609590076,1018.0888959221586,1126.0284188243209,1181.9124333045995,1212.000412541184,1205.049791502409,1170.02735010768,1104.5089406609618,1020.0480380844816,894.6647416770151,762.12859807253,817.0097918629862,732.5469268244868,733.6824926356087,820.5248320434915,934.3425496037308,26.40075756488817,1213.5246186213117,1317.0971869987422,1381.8773462214365,1412.9688602371957,1425.0059648997965,1388.6921905159545,1301.5567601914256,1211.9612205017122,1080.5369035808078,952.013130161554,818.7166787112621,707.3082779099931,612.8074738447631,623.6096535493979,651.3125209912673,737.0101763205173,839.7886638911007,917.065973635485,995.889552109068,1028.6622380548438,1038.4006933741907,1059.7664837123318,1007.0397211629738,974.3756975622904,896.1344765156622,821.6106133686444,5.0990195135927845,13.0,8.602325267042627,15.0,0.0,0.0,0.0,128.0,8.54400374531753,5.0,12.36931687685298,854.2657666089634,832.4403882561201,757.0026420033156,672.1443297387846,604.6527929316129,499.24943665466463,449.0100221598623,430.6738905482894,427.9684567815717,476.5259699113995,526.8405830989104,601.149731764059,645.9380775275599,705.1950084905593,710.9437389836132,710.3914413898862,693.0771962775864,657.7149838645917,606.0313523242836,535.0186912622773,463.67445476325304,395.2935617993291,313.45972628074566,300.08165555395084,325.59176893772974,340.6405730385034,24.839484696748443,473.2377837831633,538.1821253070377,588.541417404077,607.6380501581513,601.9053081673229,473.1141511305702,444.81456810675616,407.0110563608807,347.0705980056507,294.9457577250434,246.61102976144437,160.11246047700348,110.07270324653612,103.96634070698074,160.63934760823702,218.47654336335515,270.29613389761977,304.89670381950674,348.0057470789814,357.7541054970579,354.400902933387,344.8941866717965,341.07037396994775,315.02539580167183,290.98625397087056,265.0056603169072,4.123105625617661,19.924858845171276,10.63014581273465,5.0990195135927845,5.0990195135927845,10.295630140987,7.810249675906654,12.529964086141668,15.264337522473747,6.0,6.708203932499369,269.1356535281047,302.026488904533,302.82833420933383,299.64312106237315,295.13386793114745,241.89667215569543,261.6295090390226,201.06217943710843,169.54350474140847,176.81911661356077,174.9514218290323,180.42727066604985,221.02036105300343,240.46829312822095,284.787640181241,282.00177304407146,266.54080363051355,249.8039231077046,250.56935167733505,225.88713996153035,200.6913052426537,159.3047394147456,120.10412149464314,109.59014554237986,102.25947388873072,100.4987562112089,2.8284271247461903,161.8054387219416,183.8396040030548,182.87974190707948,217.3039346169323,231.1990484409484,235.03404008781365,216.3631207022121,215.7614423385235,200.0099997500125,172.2614292289484,136.34148304899725,118.25819210524064,66.06814663663572,67.02984409947557,62.48199740725323,89.05054744357274,116.45600027478189,144.69277798148738,174.9085475327035,181.22361876973983,193.70596273734063,198.2372316190881,193.6620768245554,185.3887806745597,164.34415109762804,127.4401820463232,0.0,0.0,0.0,0.0,0.0
2025-06-01 18:44:23.313,0,0.0,0.0,0.0,0.0,0.0,0.0,152.2957648787385,116.96580696938744,129.0968628588627,196.4739168439414,282.8002828852899,366.3986899539899,446.7807068350199,507.71054745789945,568.9507887330855,595.7986236976383,619.2786125807995,622.9285673333661,603.0961780678103,585.5885927850712,525.552090662762,443.9211641721985,382.0471175130105,297.8657415682441,238.3463865889307,220.00909072126996,267.6060537431842,363.1707587347858,445.27968738760137,531.5580871362978,618.2588454684656,680.917763022819,10.295630140987,753.5582260184013,756.7113055848974,745.869291498182,705.0879377779768,657.3431371817918,587.2273835576812,505.0881111251778,448.9387486060877,400.4722212588534,378.0476160485607,428.51487722131657,485.0092782617669,558.8854981120909,680.2543641903372,757.4067599381458,837.4783579293259,849.719953867155,867.1683804198583,922.6944239562738,870.0827546848633,832.8199085036332,737.5472866196445,671.148269758628,595.0210080324896,548.285509565956,525.7299687101735,13.341664064126334,4.242640687119285,8.54400374531753,9.899494936611664,12.16552506059644,4.47213595499958,0.0,3.605551275463989,5.385164807134504,14.866068747318506,5.385164807134504,782.2135258354972,722.7869672317009,603.6729246868705,514.4210337845839,445.3953300159309,392.4130476933712,433.8721009698595,532.1691460428724,632.6974000262685,755.4985109184531,873.9799768873427,981.118749183808,1081.7254734913106,1130.5772861684425,1164.651450005537,1163.4646535241195,1131.2422375424285,1062.09227471063,980.2693507398872,841.8343067373769,755.2489655736048,798.2793997091494,734.4004357297182,693.3577720051893,788.0913652616681,902.2959603145744,11.0,1168.015410857237,1272.1988838228085,1346.3153419611615,1373.3593848661756,1377.412429158384,1342.5051210330632,1274.28489750134,1177.2459386211533,1059.9056561788884,916.8124126559368,795.0861588532402,664.417037710503,598.2641557038162,594.4577360923147,638.0352654830295,736.1555542139175,799.2853057575874,891.0454533860773,960.8329719571452,1009.3864473035092,999.3442850189318,1015.4432529688696,998.3606562760774,939.0985038855084,876.2157268618271,784.1020341766753,6.324555320336759,8.06225774829855,5.656854249492381,4.123105625617661,0.0,0.0,0.0,128.0,5.0990195135927845,12.16552506059644,5.385164807134504,811.2662941352858,827.4321724467812,697.4983870949094,640.6847898928146,576.8335981892872,489.47012166219093,455.45691343967985,408.96454614061594,434.20041455530645,462.6121485650803,498.3753605466466,583.8878316937253,633.7523175500031,705.102120263441,620.4167953883905,713.2040381265379,643.0559851210468,661.6947936926813,569.8008424002197,492.0254058481127,414.584128977461,368.517299458248,358.1759344232943,252.5173261382276,238.42189496772312,299.5279619668254,22.80350850198276,495.3907548592323,560.0544616374375,505.83099944546694,597.0812340042182,623.2575711533716,442.1425109622462,444.08332551448046,379.94736477570154,331.84333653096,306.0261426741186,221.72054483064937,145.08618128546908,139.40229553346674,100.62305898749054,135.72398461583714,191.90101615155663,240.69275020241056,261.0019157017818,320.9189928938454,322.88852565552713,328.95136418625776,360.95567594927775,348.20827101032506,353.0509878190401,291.92636057745796,247.4772716836841,7.280109889280518,12.36931687685298,6.082762530298219,5.830951894845301,17.26267650163207,7.810249675906654,14.142135623730953,4.47213595499958,11.0,9.848857801796104,6.0,288.44410203711914,288.08679247754486,300.3065100859454,297.4104907362886,270.75634803269156,255.69708641280997,243.05760634055457,230.8527669316528,192.84190415985836,171.4788616710526,180.7097119692243,199.04019694524015,229.97608571327584,254.15349692656207,261.45171638373307,248.71871662583015,258.3834360016137,250.09798079952583,233.10512649875375,205.2729889683492,171.9447585708852,153.4959282847594,119.81652640600127,88.05679985100527,87.09190547921202,98.04590761474952,9.055385138137416,154.62535367784935,175.31685600648902,209.3083849252103,207.92787210953705,223.0022421411946,227.50164834567684,213.77090541044169,206.92993983471797,188.08774548066657,164.730082255792,136.13228860193308,99.68951800465284,59.81638571495272,48.05205510693585,58.137767414994535,88.64536084872124,131.18307817702708,148.7178536692888,157.63248396190426,184.22811946062956,191.0654338178416,195.13328778042973,192.85486771144772,177.2484132510077,168.34488409215172,132.19682295728592,0.0,0.0,0.0,0.0,0.0
2025-06-01 18:44:23.316,0,0.0,0.0,0.0,0.0,0.0,0.0,171.67702234137218,123.69316876852982,138.05795884337854,203.66639388961548,284.6137733842127,362.5920572764936,455.69836514958007,518.0154437852216,580.2973375779006,615.5923976138756,646.1772202732003,651.0744965055842,632.1676992697428,594.2541543817763,550.0727224649482,480.8752436963251,411.01338177728474,315.6263613832026,272.44265451650557,241.1514047232568,295.2558212804618,362.50931022526856,460.30424721047274,539.9120298715338,633.2558724559923,694.8294754830138,3.1622776601683795,784.3602488652774,787.5512681724282,773.2541626140786,729.2770392656004,677.7971673000707,619.3173661379116,532.1024337474881,470.95647357266466,416.58732577936166,422.9917256873945,468.5915065384775,558.506042939555,634.7093823160329,717.5973801512935,766.8767828015137,865.369863122122,895.4914851633152,919.4460288673828,884.6247792143288,901.431084442954,848.169794321868,782.7905211485382,702.1545413938444,619.6297281441555,566.1881312779349,551.837838499681,3.605551275463989,2.23606797749979,18.439088914585778,13.0,8.246211251235321,12.16552506059644,9.433981132056603,8.94427190999916,9.486832980505138,10.198039027185567,20.223748416156685,817.148701277803,728.385200288968,637.2848656605615,540.2379105542298,463.9849135478437,424.0106130747201,438.40848531934233,537.9526001424289,656.0922191277687,774.3545699484184,911.431840567357,1027.0408949988312,1109.8833272015577,1175.0514882336008,1191.8343005636311,1204.5281233744606,1146.6233034436375,1089.169408310755,977.9672796162456,862.6888199113282,748.160410607244,806.5513002903164,737.0332421268392,722.6292271974612,783.1219572965631,901.2352634024036,12.041594578792296,1171.3859312796958,1273.2654868486777,1329.3080906998196,1395.6091859829528,1386.0851344704624,1345.9141874577294,1273.8484996262312,1183.3849753989612,1079.114451761258,950.7581185559236,797.2132713396084,684.4939736769054,607.8832124676582,598.3326833794056,637.4770584107322,700.7603013870007,800.540442451223,869.6280814233174,959.1506659539992,1005.322336367794,1007.5495025059564,1037.0655716973731,1023.7235955080844,975.4844950074807,899.40980648423,817.049570099636,7.280109889280518,7.810249675906654,11.180339887498947,3.0,0.0,0.0,0.0,128.0,13.0,0.0,11.04536101718726,849.9058771416985,800.1312392351645,761.6521515757702,672.5957180952016,604.4766331298506,508.06298822094885,466.8843539892936,440.5417119865042,427.0187349519925,483.001035195578,535.3176627013161,594.263409608904,637.2166036757046,696.3310994060225,697.1728623519421,701.4869920390541,684.6612300985065,647.2441579496875,591.3848154966443,507.1932570529699,464.7762902730732,378.4415410601748,308.2985565973347,287.1114766079545,300.9601302498389,321.5960198758685,13.92838827718412,461.351276144328,521.6473904851821,554.193107138658,571.7490708344002,589.3742444321774,478.3565615730592,432.5852517134628,400.4322664321645,347.85054261852173,296.5889411289639,247.38633753705963,162.82813024781683,119.50732195141852,102.59142264341595,128.47178678604885,185.72291188757515,250.44959572736389,283.12894588861803,319.2146613174276,340.14702703389895,346.2268042771963,359.89442896493966,357.4632848279666,343.63934582640564,302.66152712229547,276.0018115882575,20.0,2.23606797749979,10.295630140987,8.246211251235321,2.23606797749979,8.602325267042627,6.324555320336759,11.180339887498947,9.219544457292889,9.433981132056603,0.0,300.70749907509787,315.5265440497835,324.64904127380385,328.5391909650963,321.8850726579286,269.56446353330773,273.3642258965134,209.27493877672023,182.64993840677857,172.00290695217916,185.88437266214711,200.9427779244629,231.60310878742536,268.1865022703417,286.0087411251621,283.8097954616789,274.79810770818636,280.7507791618752,261.0900227890756,227.06827167175956,219.3467574412715,188.73261509341728,132.45754036671525,113.3225485064645,101.13851887386922,115.37764081484764,8.246211251235321,156.69716015295236,200.3921156133644,200.32224040280695,238.79907872519107,239.42639787625757,252.0039682227246,224.0022321317357,230.4170132607399,189.70766985021984,186.93849255838137,131.06105447462264,116.4989270336856,78.79086241436883,54.62600113499065,70.60453243241541,103.83159442096613,121.6552506059644,155.2707313050338,179.62182495454164,196.65706191235543,207.12556578076016,209.40391591371923,211.29363454680788,188.1754500459611,171.56339936011994,148.22280526288793,0.0,0.0,0.0,0.0,0.0
2025-06-01 18:44:23.319,0,0.0,0.0,0.0,0.0,0.0,0.0,179.02513789968157,132.93607486307093,138.97481786280562,210.70595625183452,287.7846417027844,376.9482723133242,458.53026072441503,513.5854359305762,563.0222020489068,612.413259164104,646.7804882647589,644.742584292367,635.0385815050925,605.0826389841309,537.0335185069922,492.0203247834382,405.2764488592941,323.39604202896487,276.0018115882575,241.29857024027308,281.3911867845189,374.3006812710872,459.156835950419,554.5448584199479,635.0787352761861,691.7253790341945,9.219544457292889,766.7757168820619,780.433213029789,769.8480369527482,732.2738558763381,689.5687057864502,627.781012774359,536.3524960322269,473.6084880996116,416.63533215511137,402.9218286466992,468.53068202626815,543.8133871099534,614.3940103874711,680.6247130394253,768.2454035007304,843.8275890251515,870.8088194316822,906.3801630662488,936.0005341878816,885.0502810575227,824.8860527369826,755.8438992278762,714.4480386984067,627.8001274291046,549.3277710074378,546.3304860613217,12.041594578792296,13.92838827718412,7.810249675906654,8.48528137423857,8.06225774829855,14.0,9.219544457292889,3.605551275463989,15.620499351813308,12.0,12.206555615733702,817.7689160147871,720.850192481073,650.5397758784624,529.7433340779287,466.7269008745907,411.1447433690476,443.21777942677346,543.3829220724552,652.3128083979342,800.9775277746561,909.7252332435328,1025.095605297379,1122.5332957199978,1169.7730549127896,1198.0525864919289,1197.8397221665343,1147.4537027697456,1090.0137613810205,988.2130337128732,873.4815395874145,750.3205981445532,796.203491577373,716.0628464038614,714.5886928856347,786.466146760304,905.5589434156122,15.811388300841896,1158.8011045904298,1263.6463112754295,1345.133822338878,1394.854831156275,1388.160293337913,1366.663821135249,1285.8965743791373,1188.151926312456,1050.0638075850438,940.2127418834526,795.8950935896012,673.2050207774746,597.8770776673078,580.6315527079113,610.4465578574426,710.0176054155277,801.0324587680576,899.0800854206482,958.1612599140084,1009.0594630644916,1027.875965279858,1029.0019436327611,1015.655945682395,967.8450289173364,892.8857709696128,811.6711156620026,15.033296378372908,13.341664064126334,13.152946437965904,2.0,0.0,0.0,0.0,128.0,20.518284528683193,8.06225774829855,11.180339887498947,847.1274992585237,792.3799593629309,767.5083061439791,686.0466456444489,606.2384019509157,511.2504278726816,450.89355728375625,430.1313752796929,434.6734406425127,477.6201419538334,525.8003423353773,578.4289066082365,647.0625935719048,668.2050583466126,675.7469940739655,699.7320915893454,685.5370157766829,637.6401806661811,587.3678574794504,524.3300487288517,449.040087297337,354.8309456628607,310.291798151353,269.15051551130273,297.6927946726289,325.01384585891105,12.041594578792296,433.5677571037773,513.0857628116376,549.7490336508105,582.1151088917037,566.015017468618,469.7584485669204,436.2499283667563,394.50855504031847,361.32118675771005,299.8966488642379,239.00209204105303,171.4322023425004,113.53413583587978,103.85566907973777,128.3160161476345,162.00308639035245,233.01931250435015,277.22193275424655,317.1655719021218,329.4373992126577,345.0811498763733,351.15950791627444,335.4519339637201,324.86304806795124,296.73051747334654,280.8629559055448,0.0,8.06225774829855,3.1622776601683795,7.280109889280518,12.041594578792296,8.06225774829855,10.816653826391969,5.0,12.529964086141668,7.810249675906654,8.246211251235321,312.835419989489,318.54983911469805,322.0077638815561,331.6986584235758,298.6134625230417,284.3448610402516,261.01724080987447,229.12005586591496,187.72320048411703,180.27756377319943,179.02513789968157,191.01047091717248,213.44085831911377,248.2438317461282,276.5863337187866,288.25162618795406,297.3213749463701,267.52943763257156,258.1937257177254,240.44126101815388,212.08488866489287,180.27756377319943,143.58969322343438,109.04127658827184,111.6288493177279,113.95174417269794,10.0,160.96272860510285,182.33211456021672,198.53966858036205,233.3838040653207,232.59406699226017,241.0995644956664,239.0334704596827,222.64321233758733,196.1224107541002,171.49344010777787,145.6468331272603,101.31633629380802,80.77747210701756,64.47480127925948,54.20332093147061,94.64142856064674,118.92854997854803,142.63590010933433,190.06577808748213,212.61467494037188,208.13697413001853,209.2390976849212,208.5209821576716,199.6121238802894,180.8009955724802,149.18780110987626,0.0,0.0,0.0,0.0,0.0
2025-06-01 18:44:23.326,0,0.0,0.0,0.0,0.0,0.0,0.0,180.87841220001903,151.99013125857877,173.5885940953495,224.52171387195497,295.5486423585803,377.58442764499705,450.3443127208336,517.7460767596409,579.6766339951956,627.2264343919188,641.5364370010483,649.2226120522913,633.8280523927606,602.8805851907988,548.2335268843013,482.1711314460873,409.4838214142288,348.63447907514825,284.92981591964013,275.42875666858026,311.4113035841827,388.0850422265718,479.541447635134,560.0366059464327,650.2015072267981,692.3878970634886,14.0,783.1251496408477,787.8356427580565,767.521986655757,739.568793284303,682.4932234095809,646.2855406087931,539.8962863365518,497.8554006938159,453.5118521053226,445.4312517100703,520.3431560038049,561.4953250028,639.9445288460555,716.6456586068181,798.3263743607623,882.0521526531184,932.173803536658,958.2588376842658,930.3101633326382,894.2175350550893,818.7466030463883,806.5661783139682,723.2378585223536,647.5693013106783,603.3713616007972,599.4147145341028,27.459060435491963,8.54400374531753,7.0,16.64331697709324,12.806248474865695,7.0710678118654755,14.7648230602334,7.211102550927978,6.4031242374328485,13.45362404707371,4.123105625617661,819.5907515339592,714.5746986844692,645.4339625399333,543.9089997416847,488.20077836890016,439.2322847879013,496.1461478234009,582.6577039737825,694.1411960113014,827.8629113567052,959.400854700474,1052.982431002531,1139.9122773266372,1205.37338613394,1197.6543741831365,1230.5287481404082,1150.9178945519964,1103.2230055614325,1010.4637549165236,886.2984824538514,779.4831621016582,841.2805715098857,762.2125687759288,777.5294206652247,855.8019630732334,971.8322900583208,6.082762530298219,1233.2072007574395,1340.1018618000649,1370.212392295443,1436.0226321336304,1409.8812006690491,1376.599433386488,1289.5026172908686,1198.6600852618728,1061.9967043263364,943.5390823913972,805.2738664578653,687.5536342715382,625.1735758971264,607.0131794285854,662.7473123295182,731.6180697604455,824.2912106773916,915.3239863567436,998.4272632495567,1040.0581714500397,1079.3785248929123,1045.3348745736937,1047.4048882834184,979.5228430210292,917.8502056436008,828.2149479452783,18.68154169226941,15.231546211727816,7.211102550927978,5.0,0.0,0.0,0.0,128.0,7.280109889280518,10.44030650891055,4.123105625617661,853.1939990412498,798.3263743607623,756.2274790035073,681.384619726627,603.0655022466465,492.0619879649311,469.4347665011615,442.5968820495689,442.16399672519697,466.98393976666904,536.8472780968532,599.8466470690655,645.8707301000719,670.2984409947558,668.6777998408501,713.0420744949066,664.8706641144577,643.60935356783,568.841805777318,512.4929267804581,437.4025605777817,353.0,315.8354001691387,263.2299375071156,255.3918557824427,319.394740094448,7.0710678118654755,446.9955257046764,497.1639568593041,536.5258614456529,587.0306635943305,570.487510818598,465.1881339845203,422.4038352098617,411.0109487592758,365.6897592222128,303.00165016052307,254.9215565620138,169.49926253526883,116.0172400981854,106.5269918846862,127.0157470552372,172.40939649566667,202.82997806044352,260.76809620810593,309.4543585086499,328.2026812809426,350.9102449345131,343.1049402150893,351.9730103289171,333.80383460949037,314.33103569326397,272.4132889563209,10.63014581273465,11.180339887498947,22.09072203437452,11.40175425099138,6.708203932499369,6.4031242374328485,13.0,11.04536101718726,20.591260281974,15.811388300841896,12.083045973594572,335.8094697890457,329.05470669783773,301.0597947252339,299.2524018282894,308.8462400612965,294.4961799412685,275.13632984395207,225.22211259110415,215.7127719909046,199.44924166313595,177.40631330367023,216.59178193089417,267.22649569232465,263.0304164920856,313.41346493091197,307.14817271147814,279.9732130043873,294.24479604574145,275.52313877422347,249.13048789740688,219.20994502987313,179.8054504179448,141.6756859873987,122.98373876248844,85.7962703152066,103.16006979447036,3.605551275463989,169.81166037701888,195.28952864913165,219.66565503054863,232.1551205552012,245.78242410717655,252.03174403237384,229.8368986912241,234.78500803926983,216.1342175593675,181.738823590338,155.2610704587599,108.41586599755593,95.2732911156112,68.8839603971781,74.10802925459562,89.40357934669059,133.18032887780387,156.41611170208776,170.66048165876012,192.09633000138237,205.9732992404598,212.2192262732102,215.45533179756777,185.60711193270583,164.43843832875572,149.18780110987626,0.0,0.0,0.0,0.0,0.0
2025-06-01 18:44:23.330,0,0.0,0.0,0.0,0.0,0.0,0.0,181.6645259812713,154.98709623707387,160.01562423713506,231.22499864850255,297.4104907362886,373.90506816570434,456.0219292972653,533.9222789882438,576.5630928181234,615.877422869194,634.3579431204437,632.7724709561882,618.827924386093,596.4235072496724,546.6708333174544,481.9668038361148,414.64322013027055,336.47585351700945,279.46556138458277,266.05638500137525,311.8236681203016,392.3633520093333,478.23216119370306,564.0567347350797,637.6401806661811,701.3130542061797,3.0,770.3512186009704,790.9702902132292,773.1869114256914,735.4481626872148,678.039821839396,629.115251762346,566.4459374026792,503.011928287988,447.7599803466138,439.5383942273985,510.0686228342222,600.9326085344346,651.9769934591251,755.7942841805566,809.67277340911,856.6352782835878,960.2385120375042,942.3428250907416,928.453014427763,898.0968767343531,830.6972974555774,800.0231246657811,711.7787577611459,654.782406605431,613.7882370981054,607.4973250969916,10.44030650891055,16.64331697709324,18.68154169226941,6.0,13.41640786499874,4.0,7.810249675906654,10.44030650891055,14.0,7.0710678118654755,15.652475842498529,808.6334150899281,735.7642285406379,651.4115442636859,544.6475924852693,487.48333304842333,448.6267936715327,497.7429055245288,578.1946039180926,708.6917524565952,847.0590298202363,952.421125343196,1049.0114394037846,1137.4928571204305,1208.6839950954925,1221.0757552256944,1228.6012371799077,1177.321111676844,1094.5304929512015,998.1187304123694,880.9250819451107,779.4164483766044,839.6975646028753,765.2463655581776,786.3078277621303,855.851622654301,981.888486540096,17.46424919657298,1235.754425442207,1342.6559499737823,1396.897276108734,1430.5750591982232,1405.3170460789263,1365.725082145012,1286.6938252746843,1184.229707446997,1068.5288952574,943.122473488995,806.2406588606159,686.8223933448879,639.8601409683213,607.2972912832726,669.9149199711856,751.3620964621518,829.5450560397549,934.8695096108332,1012.1388244702404,1046.6924094498822,1063.76877186727,1057.745243430572,1035.434691325339,976.5536339597534,915.3955429212008,844.4193271118326,5.0,24.413111231467404,16.76305461424021,5.385164807134504,0.0,0.0,0.0,128.0,15.524174696260024,8.06225774829855,3.1622776601683795,843.6124702729328,800.9126044706751,745.5876876665816,664.5487190567746,591.6088234636127,498.00100401505216,440.3827880378614,447.4650824366076,439.3688655332783,481.3200598354488,544.4887510316444,604.0728432896152,654.2698220153517,686.0094751532226,712.8786713038902,681.2341741281041,676.6047590728283,633.9416376923036,569.3794868099833,510.0637215093816,417.7774527185497,364.3295211755424,302.16551755618974,252.69942619642015,260.2152954766495,332.0858322783434,10.04987562112089,450.61957347634154,512.2499389946279,537.8410545876914,599.2345116897056,573.6906832082948,465.6951792750275,436.7161549565118,420.31535779697606,369.86754385860894,309.7385994673573,246.61102976144437,186.72439583514523,123.45444503945576,99.62429422585636,131.60547101089682,186.27130750601393,214.70444802099468,268.1678578800972,316.0,337.53518335130633,340.28811322172277,338.0014792867037,341.2359887233467,334.16762260877397,318.27660925679095,288.3123306416151,8.602325267042627,14.866068747318506,11.31370849898476,7.211102550927978,9.486832980505138,7.211102550927978,11.40175425099138,7.810249675906654,7.211102550927978,7.211102550927978,3.0,319.4526568992658,316.8122472380132,345.37081521170836,346.8313711301214,303.59183124715327,289.99482754007875,278.23730878514476,228.5475880424031,217.83020910791964,228.4731931759173,178.86866690396056,216.2706637526227,244.69572942738495,269.3120866207085,289.968963856479,291.756747993941,304.1052449399714,283.59301824974466,271.89152248645047,257.14781741247583,236.01906702637396,187.44865963777923,143.54441821262157,126.3210196285638,104.65180361560904,112.2007130102122,9.219544457292889,166.19265928433782,187.6406139405859,214.1611542740653,238.6063704095094,239.10248848558643,245.3915238959977,238.4302833114955,243.11519903124116,196.0943650388761,197.3068675946177,162.01234520862909,115.76700738984316,89.19641248391103,63.324560795950255,75.07329751649384,100.72239075796404,142.12670403551894,157.8923684032892,178.01685313475238,199.58456854175876,207.4728897952694,204.9634113689563,202.1212507382635,196.69773765857096,167.0478973228936,133.4053971921676,0.0,0.0,0.0,0.0,0.0
2025-06-01 18:44:23.334,0,0.0,0.0,0.0,0.0,0.0,0.0,180.96684779262748,132.60844618650805,140.8900280360537,202.74368054269905,278.6844093235214,372.46476343407306,451.8517455980446,510.83069602364344,573.9973867536332,606.320872146094,637.6958522681483,633.3308771882198,612.3854995017435,593.255425596766,548.8023323565599,503.509682131337,409.8975481751507,341.1231449198368,290.077575831018,264.6204829562519,290.01551682625535,382.5310444918164,478.0376554205746,554.5133001110073,634.3697659882602,701.1134002427852,13.892443989449804,783.3677297412754,797.5268020574606,770.4057372579724,757.1327492586753,686.5136560914138,648.72567391772,563.3134118765503,507.358847365452,460.341177823579,425.3292842022519,529.1323085958747,574.6686001514264,643.7429611265665,701.1312288009998,833.770352075438,884.3850971155043,969.990721605109,920.1010814035596,928.689937492595,914.6857383823144,833.7247747308461,819.0463967321998,730.8542946442882,668.4579268734869,601.4889857678194,587.5721232325441,13.341664064126334,10.295630140987,17.0,14.560219778561036,5.385164807134504,9.899494936611664,8.48528137423857,1.0,11.40175425099138,10.295630140987,9.219544457292889,858.3501616473314,750.3232636670677,666.2469512125365,568.9710010185054,519.6402601800596,458.9259199478713,526.3800908089135,612.3569220642485,734.3657127072314,869.8235453239927,991.823573020928,1098.5781720023388,1189.2304234251662,1236.5536785760655,1247.2794394200523,1279.1610531907231,1199.426946504038,1120.9148049695837,1031.4770962071818,919.4460288673828,788.061545819868,861.0371652838221,797.1932011752233,820.0006097558709,888.7406820889883,993.3302572659306,12.206555615733702,1264.864024312495,1360.9559140545296,1396.0379650998034,1482.1919578786008,1431.040181127001,1400.0803548368217,1292.1811018584044,1221.0495485442025,1080.5350526475297,961.5742301039478,801.7187786250239,696.4230036407471,642.5426055912557,626.1533358531279,684.9240833844289,763.1860847788041,853.5133273710493,938.2846050106546,1021.6520934251542,1056.7203982132644,1086.19059101062,1087.007359680697,1063.6860439058134,1007.6333658628024,932.787757209538,841.4677652768405,10.295630140987,11.40175425099138,19.72308292331602,10.816653826391969,0.0,0.0,0.0,128.0,5.830951894845301,8.246211251235321,22.09072203437452,866.7715962120586,823.9235401419236,765.8785804551528,700.260665752404,632.7756316420537,509.4752202021213,491.9400369963803,451.159616987159,456.92887849204715,487.61050029711214,543.2504026689718,592.7596477494061,641.0218405015542,670.787596784556,678.1061863749659,696.0869198598692,649.758416644217,628.2961085348213,588.5337713334724,528.9357238833467,463.19866148338554,376.10769734213096,321.43584118763107,294.2108087749327,312.1281787983905,350.4069063246328,8.246211251235321,471.4764044997374,551.6130890397725,581.9011943620669,626.8341088358227,608.7569301453577,504.349085455699,449.24492206367785,433.7199557318063,377.4453602841079,322.03881753602315,253.17977802344325,188.73261509341728,159.52429282087414,141.42842712835352,166.9281282468596,230.98268333362137,266.0845730214362,312.65636088203934,361.16616674323194,378.4098307391075,384.8493211634912,388.3876929049117,394.8518709592244,366.06693377031473,315.9050490258109,289.836160614924,15.524174696260024,19.697715603592208,5.0,6.4031242374328485,8.54400374531753,6.324555320336759,12.649110640673518,14.7648230602334,13.92838827718412,1.0,10.04987562112089,339.27127788835884,312.27071588607214,333.0015014981164,309.57067044537666,284.48198536990003,277.50495491071865,236.68122020980033,226.38462845343545,196.64434901618708,178.5077029150283,162.5607578722491,230.6013876801265,220.41097976280585,258.36601943754135,294.2108087749327,273.26360899322106,288.5307609250702,294.15982050579237,270.4533231446787,247.8911051248108,210.80085388821365,199.12307751739877,148.22280526288793,104.5609869884557,79.90619500389191,93.05912099305472,11.04536101718726,155.4155719353759,194.42736432920137,202.14846029589245,235.26155657055403,233.0772404161333,237.1349826575573,235.2275494069519,229.40139493908924,220.49263026232873,184.8053029542172,171.0263137648707,128.16005617976296,92.65527507918802,75.17978451685,79.2464510246358,86.83317338436964,113.20777358467925,153.8440769090575,173.07223925286226,182.96447742663057,198.1136037731887,204.00980368599937,191.98176996788,202.15835377248203,175.9147520817967,151.32745950421557,0.0,0.0,0.0,0.0,0.0
2025-06-01 18:44:23.336,0,0.0,0.0,0.0,0.0,0.0,0.0,186.93581786270923,142.35870187663275,147.48898263938224,223.4390297150433,294.8525055006316,371.3569711207802,449.6242876002141,522.5600443968137,575.9696172542438,628.0390115271503,641.2651557663179,658.9233642844971,648.5345017807457,616.7090075554272,565.7296173968621,499.4967467361524,426.1983106489278,342.8833620927093,301.4962686336267,264.4730610100016,319.4620478241508,384.252521136817,465.9967811047626,559.3326380607518,646.297145282261,718.8393422733623,12.36931687685298,795.8705924960414,807.9170749526216,789.0310513534939,754.3348063028777,680.3859199013453,643.7530582451628,569.0351482992944,516.7359093386099,431.983795992396,438.912291921746,533.127564472144,575.3477209479498,684.6787567903651,745.1845409024533,848.7219803916946,900.9334048640889,929.8688079508852,969.474599976709,928.134149786549,902.8981116382956,860.0430221797047,833.7247747308461,742.941451259788,659.3845615420488,596.4226689186117,618.7285349812145,21.02379604162864,9.055385138137416,19.1049731745428,10.44030650891055,11.40175425099138,1.4142135623730951,16.55294535724685,4.123105625617661,7.280109889280518,2.8284271247461903,5.385164807134504,861.6315918070785,774.1640652988228,665.6613252998856,590.7859172322915,514.8456079253275,482.2996993571528,519.0761023202667,616.0397714433703,730.0684899377592,835.9102822671821,983.7438691041484,1089.371378364605,1181.6247289220044,1241.8856630141115,1271.9449673629751,1250.769762985978,1221.6075474554011,1130.1132686593853,1041.7451703751738,918.1508590640212,814.1038017353807,892.9776033025688,813.5576193485007,828.76112360559,898.7391167630349,1015.4570399578704,8.06225774829855,1268.3962314671232,1379.191792318965,1451.7661657443325,1484.987542035286,1459.337178310756,1399.108287445972,1301.5436988437998,1234.8056527243468,1119.9866070627809,972.4299460629542,842.2458073507995,707.4326823097729,658.729838401146,647.7098115668775,689.70790919055,774.4068698042392,861.0209056695429,954.8869042980954,1029.0699684666731,1067.2998641431564,1106.6724899445182,1105.6532006013458,1053.9928842264544,1010.5681570285104,932.6355129416852,861.7946391107339,5.385164807134504,1.4142135623730951,16.1245154965971,7.810249675906654,0.0,0.0,0.0,128.0,1.4142135623730951,10.770329614269007,9.219544457292889,855.2075771413628,831.3440924190176,753.0717097328779,672.0863039818621,586.7580421263947,499.88498677195736,467.48796775959914,422.1006988859412,421.3181695583517,456.3693679466228,510.15781871887447,580.1146438420599,617.6811475186854,651.3317127240159,679.5770743631659,681.7037479726806,675.0007407403343,623.2439329829052,578.280208895307,499.42066437022805,446.3630809105968,385.918385154167,323.10988842807024,284.1020943252619,291.2387336876742,322.38641410580567,8.54400374531753,453.4148211075593,516.4745879518179,548.8916104296002,577.1628886198419,578.2291933135165,476.59626519728414,435.65697515361785,413.3194890154588,369.5416079415145,322.0465804817682,271.01660465735307,186.2605701698564,152.22680447279973,139.44174410842686,150.6154042586614,204.62893246068603,246.3331078032346,291.547594742265,324.68138228115265,348.4652062975585,362.926989902928,344.70277051396033,359.15595498334704,328.69438693108225,313.63673254260254,286.457675756821,15.033296378372908,12.041594578792296,4.0,7.0710678118654755,5.385164807134504,13.152946437965904,9.219544457292889,1.0,8.94427190999916,9.486832980505138,15.811388300841896,298.3638718075632,324.5566206380637,344.32687957811254,342.94751785076386,308.65028754238995,278.7418160233588,269.3287953413077,213.86210510513544,204.79257799051217,189.89734068701435,177.89041570584965,187.3205808233575,195.57607215607945,269.675731203236,271.6615541441225,267.79283037452666,309.3428518650463,287.5030434621519,269.1635190734435,248.62019226120793,240.20824298928628,212.93426215618751,161.64467204334326,126.0,123.71337841963576,115.43396380615197,9.433981132056603,156.92354826475216,189.2828571212935,211.5892246783848,221.6776939613005,237.30360300678117,248.4854120466632,238.36526592605728,237.86130412490385,206.6034849657672,207.5764919252659,170.98830369355676,129.40247292845683,106.4048871058092,87.92041856133307,80.1311425102625,94.70480452437458,119.07980517283356,131.12589370524802,171.71196813268432,193.86851214160592,202.00247523235947,205.64532574313475,201.8836298465034,197.2257589667232,174.14074767268,151.7003625572464,0.0,0.0,0.0,0.0,0.0
2025-06-01 18:44:23.338,0,0.0,0.0,0.0,0.0,0.0,0.0,197.52468200202225,155.68236894394946,156.24659996300718,208.13697413001853,287.30819688968154,370.3039292257105,450.2588144611941,520.346999606993,574.3117620247734,610.9828148156051,655.133574166368,655.1831804922956,645.2797842796565,609.3143687785476,577.6028047023318,515.0,419.6307901000592,345.7528018686183,309.3751767676263,285.40672732085346,315.2681398428963,397.1901307938051,468.83365920121395,564.8999911488759,660.3642934017556,713.3876926328348,5.0990195135927845,789.8214988210943,803.3044254826435,793.7361022405369,741.3069539671134,703.2552879289284,643.6676160876823,564.1214408263526,518.1679264485597,487.8216887347261,467.8899443245174,514.2178526655798,595.4712419588371,681.2701373170557,756.6273851771425,866.3417339595271,861.4853452032715,936.923155867118,956.8035326021744,944.3225084683728,963.3078428000056,872.7112924673314,793.8072813976954,742.3402184982301,673.0601756158211,646.5175945014954,624.0520811598981,15.264337522473747,10.198039027185567,5.0990195135927845,11.0,6.082762530298219,7.280109889280518,4.123105625617661,14.422205101855956,8.06225774829855,1.0,15.652475842498529,866.3607793523435,782.9744567991985,674.2729417676495,584.0856101634417,521.2542565773444,487.2309513977945,542.97329584428,620.4063184720155,713.1374341597838,853.9718964930872,964.3655945750036,1083.9049773850104,1160.1745558320092,1222.4769936485511,1259.6205777931702,1250.4963014739387,1206.1981595077982,1129.3617666629236,1036.7352603244476,942.2696004859756,823.3225370412255,910.3021476411004,834.748465107903,831.7361360431564,900.9084304189856,1023.9814451443932,13.0,1253.8680153827993,1361.0881676070803,1420.2411767020417,1457.0329440338678,1456.0968374390488,1394.6788160720016,1306.4214480786818,1231.565670193839,1114.6963712150498,978.6735921644153,870.1293007363905,738.2099972230125,681.7990906418107,661.7869747887155,692.0130056581306,763.3040023476884,859.2566554877535,946.4142856064674,1017.81137741725,1065.4876817683064,1093.5492672943456,1083.5534135426826,1056.8339510064957,1009.428055881151,939.4647412223622,866.330768240399,2.0,1.4142135623730951,23.769728648009423,3.605551275463989,0.0,0.0,0.0,128.0,10.198039027185567,3.0,6.324555320336759,817.4698771208637,793.2294749944684,724.7068372797376,678.1740189656339,605.0999917369029,499.24943665466463,473.70138272966864,458.74720707596686,445.5659322704105,465.31709618280735,514.8640597283909,572.1022635858034,618.2952369216506,642.3931817819987,657.0312016944097,685.3590299981463,655.7591021099136,632.9897313543088,568.1725090146477,502.7325332619722,444.2431766499065,395.55783395099127,349.13607662342775,307.7174028227848,300.4663042672173,345.0,9.899494936611664,457.1214280691729,511.2504278726816,551.6964745219966,596.7545559105519,602.415969243844,477.16244613338966,440.00454543106713,432.9076113906985,395.03544144797945,349.08451698693256,266.05638500137525,208.75104790156144,161.11176245079065,146.26346091898688,181.95878654244757,204.3648697795196,259.8557292037257,316.5454153830063,345.3230371695465,367.6044069376753,371.8279171875076,374.0374312819507,378.0476160485607,342.7783540423753,333.51011978649166,288.1058833137567,5.830951894845301,12.36931687685298,16.278820596099706,7.280109889280518,8.602325267042627,13.152946437965904,8.54400374531753,7.0710678118654755,10.816653826391969,4.123105625617661,10.0,326.377082528783,335.094016658012,352.264105466339,344.379151517626,308.4623153644542,285.3909599128886,252.29347989989753,215.00930212434997,198.600100704909,220.8438362282271,192.01041638411183,200.124960961895,237.6930794112441,279.3581930067561,315.3490129998824,280.8558349046713,303.5951251255527,277.34815665513264,288.00694436072195,251.0975905897944,229.0938672247688,177.9241411388573,147.2175261305528,116.27553482998908,121.85236969382254,117.1067888723792,12.649110640673518,168.2914139223983,193.19679086361657,215.13948963405113,220.00909072126996,240.8692591427972,250.01199971201385,230.53199344125753,222.31958978011812,212.143819141638,197.25364381932212,150.56227947264878,119.61605243444544,97.20082304178294,74.06078584514209,77.83315488916018,90.70832376358854,135.55810562264435,151.0132444522665,174.73408368146153,193.5458601985586,209.34421415458323,223.37636401374252,201.58620984581265,205.30221625691237,167.6722994414999,152.0526224699857,0.0,0.0,0.0,0.0,0.0
2025-06-01 18:44:23.342,0,0.0,0.0,0.0,0.0,0.0,0.0,266.48076853686837,210.95023109728987,163.44418007380992,173.0,242.33241632105268,322.3553939365681,404.5207040436867,488.25608035128454,549.6553465581864,614.7991541959049,666.5883287307091,680.5233280351233,673.1069751532813,664.115200849973,633.2558724559923,570.5611273124028,507.1853704514751,432.4453722726143,362.58102542742085,313.6000637755037,316.10124960208555,363.4116123626211,448.4428614662073,549.3132075601314,629.971427923521,698.0329505116503,5.385164807134504,800.4579939009917,826.047214146988,830.1355311032048,803.7636468514858,748.2045174950496,706.6463047380918,626.4702706433882,580.5282077556611,521.0614167255143,483.3435631101339,552.004528966928,638.7879147260066,672.0788644199429,733.1336849442945,818.6360607742613,937.3158485804024,994.743182937184,1004.9303458449248,946.4486251244704,955.649517344094,955.3224586494342,861.0249706018984,792.846138919778,720.0222218792973,655.4120841119731,634.562053703182,8.06225774829855,7.615773105863909,12.206555615733702,3.1622776601683795,5.385164807134504,21.2602916254693,9.433981132056603,13.152946437965904,17.4928556845359,13.038404810405298,20.12461179749811,919.3269277030888,831.3946114812147,716.6603100493287,624.3852977128786,568.8207098902078,508.90568870862506,547.0082266291797,607.7441896061204,715.5731968149729,843.4808830080265,973.1664811325963,1086.811851241971,1188.0606045147697,1247.7579893553077,1265.633438243475,1282.8850299227909,1241.189751810737,1182.303683492528,1075.1678938658836,952.5507860476522,856.2172621478733,934.1546981094726,842.607856597599,842.5704718301016,895.323405256447,1023.6727992869596,24.698178070456937,1256.5623740984768,1358.5378169193525,1440.813659013545,1493.4791595465938,1485.644641224812,1444.3977983921188,1368.4125839818926,1265.448537080825,1154.029462362205,1017.8531328241812,865.6032578496918,766.2923724010308,687.7237817612533,654.6602172119518,711.849000842173,784.4998406628264,864.4217720534346,960.1880024245252,1028.9961127234642,1084.900917134832,1086.615387338133,1085.3248361665735,1071.8479369761365,1035.0309174126153,933.4077351297236,872.4093076073867,12.727922061357855,13.892443989449804,5.830951894845301,2.23606797749979,0.0,0.0,0.0,128.0,10.816653826391969,20.024984394500787,8.06225774829855,863.6897591149267,802.0997444208544,741.7391724858544,663.4131442773802,615.0658501331382,504.6474016578308,481.2743500333256,448.8674637351208,454.1365433435191,471.8304780321,548.0775492574021,598.0008361198168,623.272011243887,685.2948270635055,690.1485347372694,708.5146434619401,687.5405442590277,648.9445276755171,577.6659934598886,510.39298584522106,468.70246425637663,402.1554425840834,347.97988447610015,320.4949297570868,306.6153942645411,345.9378556908741,12.36931687685298,475.2020622850873,533.768676488233,567.5632123385025,595.215087174376,604.9528907278649,498.1244824338591,446.4672440392464,425.9730038394452,372.1101987315048,307.05862632402955,250.57733337235433,195.88006534611935,139.70325694127536,128.70508925446578,174.56230979223437,222.79362647975367,261.51290599127225,315.55982000248383,334.59378356448883,369.005420014395,375.9494646890723,367.93477682872,361.7070637961056,335.882419903156,308.01623333843946,276.99097458220547,10.198039027185567,10.198039027185567,17.804493814764857,12.16552506059644,13.0,3.0,21.540659228538015,9.899494936611664,15.0,8.0,3.1622776601683795,332.7010670256409,342.96501279285036,342.6149442158062,339.4142012350102,333.0540496676178,278.48518811599297,262.6194966105906,242.01239637671455,208.00240383226344,194.164878389476,195.5019181491578,209.7546185427153,287.01567901423084,307.6572768520192,310.6959928933748,314.57431554403803,295.9408724728641,310.42068230064825,281.1138559374119,243.31255619059203,226.73773395709856,186.50737250843463,155.72411502397438,146.4923206178399,135.66502865514016,141.2267680009707,7.211102550927978,190.2524638473836,228.31995094603536,246.9028148887736,237.69097584889505,250.96015620014265,244.80604567698077,227.705950734714,218.50858106719744,208.47062143141417,159.5900999435742,146.32839779072276,116.46887996370532,95.29428104561154,93.53608929178084,101.11874208078342,134.05968819895114,177.45985461506498,187.9680823969857,197.9520143873257,219.7544083744397,222.89908030317216,218.89266776207924,207.4246851269154,181.8378398463862,165.1575005865613,131.3202193114221,0.0,0.0,0.0,0.0,0.0
2025-06-01 18:44:23.346,0,0.0,0.0,0.0,0.0,0.0,0.0,162.0524606416083,178.89941307897016,244.24782496472716,323.6108774438832,392.9796432386797,465.02150487907545,529.2050642236901,569.3171348203039,617.0656367032602,640.8002808988149,625.5141884881589,621.2648388569886,588.6459037485948,547.8631215915158,480.82949160799194,411.1702810272163,349.72131762304684,303.4534560686367,287.3412605248331,324.35320254315354,386.6018623855814,489.24124928300967,565.0008849550592,651.9386474201388,702.727543219988,752.9575021208036,3.1622776601683795,788.9949302752204,780.7848615335726,759.3523556294535,696.5888313775926,641.3548159950153,571.2530087448117,523.4214363206765,479.8051687925006,480.53823989355936,533.3854141237834,610.0262289442971,733.7063445275637,774.1446893184761,888.0095720204822,904.4169392487072,947.358432695883,1022.4094091898804,941.2013599650184,926.2969286357372,870.5423596815953,824.2426827094068,774.7838408227162,697.5621836080279,690.1362184380704,672.0662169756787,703.3384675957942,2.8284271247461903,20.024984394500787,7.211102550927978,11.180339887498947,10.0,2.8284271247461903,5.385164807134504,7.615773105863909,5.656854249492381,22.80350850198276,13.038404810405298,801.2352962769426,690.2934158747279,602.7752483305864,542.1558816429091,513.5172830587107,516.2450968290159,630.9564168783768,743.0107670821467,874.1081168825742,976.623776077564,1079.1742213377784,1177.801766003091,1243.0068382756388,1278.0563367864502,1263.3447668787803,1234.9838055618382,1174.78721477551,1089.8091576051286,994.5013826033628,858.9534329636269,757.8713611161197,865.0439295203453,854.8947303615809,911.1778092117916,1020.4724396082436,1126.8722199078295,9.219544457292889,1377.0032679699784,1438.5061696079026,1506.2791905885176,1516.0689298313582,1456.2925530263483,1405.772741235225,1261.8244727377894,1185.1700299956965,1046.1825844469024,909.7032483178236,776.9407956852311,700.5483566464202,655.341132540908,677.0893589475469,742.689706405037,830.4336216700285,906.027041539048,1008.3595588876024,1067.305485791205,1103.630825955854,1127.6949942249455,1110.1180117446972,1080.7798110623644,1005.5694903884068,914.768823255362,834.6526223525569,8.602325267042627,13.341664064126334,13.0,11.04536101718726,0.0,0.0,0.0,128.0,9.055385138137416,15.620499351813308,10.0,858.8655308021157,800.3361793646468,761.447306121704,692.9855698353322,602.3993691895768,480.28845499345493,448.4963767969592,414.59618908041114,422.0639761931833,453.2780603558923,506.4118876961717,547.7380760911186,609.7819282333644,642.4398804557513,677.4023914926785,680.1191072157876,664.0338846775818,640.4279818996043,604.6263308854486,532.0084585793726,495.4523185938279,404.357515077932,334.3560975965595,295.7363690857112,302.70282456561256,325.9831283977746,4.123105625617661,424.4384525464204,496.78969393496885,553.0009041583928,597.6788435271906,618.9353762712227,505.69259436934607,462.2650754707736,450.40537296972826,404.1447760394782,376.4850594645158,293.1091946698363,242.0433845408711,188.13027401245128,152.27934856703322,146.2908062729849,181.46625030566975,232.6478024826368,286.77691678376067,321.51205265121865,352.3634487287238,376.3841123108147,391.56736329781114,400.20244876812035,407.4898771748815,361.53561373673824,334.6415993268022,8.54400374531753,8.94427190999916,12.0,11.04536101718726,20.615528128088304,10.0,3.0,15.0,5.0990195135927845,7.0,6.082762530298219,356.4505575812724,384.53348358758046,383.0013054808038,368.2241165377412,360.7339740030041,330.94561486745823,323.43314610596116,278.54802099458544,255.37815098398687,198.09088823063013,225.85393509965684,252.4915840181609,237.32045845227924,288.17355881482257,306.96742498187,336.93322780634145,335.1089375113711,328.1463088318989,314.8205838251368,286.9233347080715,273.09522148876937,242.05164738129753,213.0469431838908,171.6041957529011,131.18688958886096,126.01587201618692,5.0,163.22070947033652,187.84035775093705,201.80436070610563,235.76683396949625,237.24459951703852,246.86838598735156,251.20509548972132,250.4156544627352,221.45202640752692,205.4093474017188,183.4693434882242,138.452157801892,109.12836478203089,92.19544457292888,76.11832893594026,100.40418317978587,103.40696301506972,138.7515765676196,173.18487231857176,194.60986614249543,207.64633394307737,206.87435800504613,217.14741536569116,205.854317418897,192.00260414900623,156.95222202950808,0.0,0.0,0.0,0.0,0.0
2025-06-01 18:44:23.349,0,0.0,0.0,0.0,0.0,0.0,0.0,251.6286947071021,191.84629264074923,162.92636373527768,189.61276328348785,242.1672975444868,331.8327892177022,400.6906537467526,482.9585903573928,545.6903884071993,610.0114753018995,620.6271022119482,652.147989339843,645.0829404037903,622.6539970159993,619.632955869844,554.4366510251645,480.3675675979801,410.29014124153656,359.6845840455218,306.9218141481638,317.0757007403752,376.64970463283254,445.55807702251343,542.0055350270881,615.1828996322963,700.0064285419099,8.602325267042627,798.884221899519,799.7230770710571,800.6803357145722,784.3022376609671,744.0053763246607,677.8038064218879,609.1214985534496,553.9684106517266,502.5942697643896,479.4350842397748,583.4457986822769,614.0879415849166,684.3865866599082,812.6413723162266,847.4721234353375,928.0086206496144,989.5519187996152,1000.4049180206982,996.2429422585636,925.7137786594732,907.2199292343616,870.8989608444828,752.2831913581481,703.8025291230489,661.3017465575,649.0493047527283,4.47213595499958,7.0710678118654755,10.0,3.1622776601683795,4.0,27.29468812791236,9.219544457292889,15.264337522473747,11.180339887498947,19.924858845171276,15.0,904.8148981974158,804.2810454063928,687.7652215691049,612.2777147667551,528.0151512977634,497.64646085348585,535.6286026716647,647.47200711691,771.1685937588486,911.7817721362936,1043.3240148678644,1145.8346303022963,1229.026037152997,1271.435409291404,1295.0691101250156,1293.7024387392953,1258.167317966891,1160.0969787047975,1066.6813019829306,942.3529062936028,830.1596232050798,912.9561873386916,837.6138728555061,858.8189564745296,933.3820225395388,1048.4064097476703,13.0,1311.754931380096,1410.7728378445624,1471.436373072244,1503.0785075969918,1489.604309875613,1434.8466817050523,1342.8227731163931,1227.238363155259,1100.0890873015694,975.9938524396556,825.6984921870694,711.9957865043865,658.6607624566686,666.4420454923294,729.5861840797152,807.1883299453727,899.7249579732686,1004.6740765044154,1069.1604182722067,1113.7549102024198,1131.2051096065647,1107.0397463505997,1081.237254260137,1035.0120772242226,935.7456919484054,857.2572542708518,12.36931687685298,7.211102550927978,17.72004514666935,17.88854381999832,0.0,0.0,0.0,128.0,18.384776310850235,13.41640786499874,2.23606797749979,867.9504594157434,818.8577410026726,760.9270661502323,697.6653925772727,599.8908234003917,496.72628277553423,437.7727721090018,416.076915966267,428.1553456398741,473.6771052098677,510.4057209710722,578.0813091598793,624.2883948945391,661.5020786059557,680.8002643947783,673.9859048971276,676.7348077349059,636.3411034971731,595.425897992353,524.2375415782429,452.49198887936126,384.24080990961903,323.6355975476122,294.7829710142701,329.38731001664286,336.40005945302687,9.219544457292889,471.52942644123493,536.4867193137217,588.1878951491607,604.1522986797286,635.1330569258697,520.5842871236126,480.2520171743165,455.642403645666,406.5095324835569,361.7070637961056,289.0674661735561,218.92921230388603,181.1573901335521,178.24140933015536,184.25254408012933,233.21449354617735,318.14776441144454,356.0589838776716,375.8257574994029,401.9465138547665,413.69674883905,420.4592727006981,396.2473974677941,388.4765115164622,354.4643846707311,315.3173005085512,15.811388300841896,5.656854249492381,3.605551275463989,5.830951894845301,2.23606797749979,10.816653826391969,11.180339887498947,4.47213595499958,7.810249675906654,10.0,9.433981132056603,408.9755493914031,383.8658619882732,372.52919348689977,373.0335105590381,336.01934468122516,300.6409819036653,268.7452325158532,224.24317157942625,225.80079716422617,198.1539805302937,216.08563117431015,237.6404847663798,277.6508598942204,335.3356527421443,360.2721193764513,330.2196238868914,352.20590568586437,310.0483833210552,293.981291921782,274.41756503547657,246.07722365143832,197.7397279253716,158.05062480104277,142.8355697996826,131.06105447462264,152.7939789389621,7.0710678118654755,213.21585306913744,224.87552112224225,249.07227866625385,264.5789107241921,267.25456029785533,260.69330639661615,242.52834885843757,227.6071176391459,200.6913052426537,172.93062192682936,136.74063039199433,109.04127658827184,78.77182237323191,72.20110802473879,113.99122773266372,138.19189556555045,151.48927354766738,188.6001060445089,206.15528128088303,223.14345161801185,221.5513484499699,212.0589540670235,204.74862636901864,183.09560344257315,160.1998751560063,130.23056476879765,0.0,0.0,0.0,0.0,0.0
2025-06-01 18:44:23.349,0,0.0,0.0,0.0,0.0,0.0,0.0,151.8453160291749,173.7728402253931,256.3220630378899,331.9909637324486,420.5948168962618,493.0,531.0235399678625,596.6724394506588,638.8020037539018,657.216098402953,645.056586665077,643.386353601007,604.3715744473759,557.0278269530168,483.25666058524223,417.20618403853985,347.9425239892359,301.43821920917725,292.0975864330276,342.3448553724738,415.9627387158614,509.0117876827608,607.7046980236371,673.4574968028792,730.9343335758692,773.3130026063185,11.40175425099138,800.1406126425529,778.8741875296677,743.6403700714479,702.8869041318098,628.2873546395789,570.2429306883164,498.4074638285426,453.6099646171808,448.7226314773971,477.2525536862008,634.2885778571139,691.278525632035,798.9649554267071,850.061762461999,910.3477357581552,931.0263154175612,957.353121893902,925.2048421836108,926.7416036846516,868.2424776524125,784.3322000275139,723.7513385134428,685.2160243310134,633.5755677107506,620.612600581071,669.4960791520739,15.652475842498529,30.364452901377952,7.280109889280518,24.041630560342615,2.23606797749979,5.0990195135927845,4.0,5.0,14.142135623730953,14.866068747318506,11.704699910719626,765.247672325764,670.600477184441,585.0444427562747,503.1997615261756,485.775668390256,494.2893889211056,585.3246962156987,695.670180473477,811.7838382229595,934.1932348288548,1047.383406399013,1151.4968519279591,1226.944579025475,1249.2021453711966,1237.539898346716,1251.9584657647392,1164.2134683983002,1089.796770044764,970.7110795700232,854.6958523357885,758.457645488527,873.1414547483129,838.8623248185604,896.6632589774157,1010.889707139211,1118.0697652651197,9.486832980505138,1357.6321298496143,1463.770815394268,1481.969297927592,1519.2768016395169,1464.489330790771,1418.9252975403604,1307.5385271570394,1190.7749577481045,1068.7548830297806,947.0427656658384,821.5649700419316,705.0624085852259,693.4298810982982,706.9773688032736,778.7380817707582,844.517613789079,967.9757228360636,1020.623828841949,1082.3885623933763,1122.299870801026,1144.7554323959332,1116.9158428458252,1084.146207852059,1026.8091351366131,935.936429465164,850.4287154135848,10.295630140987,17.46424919657298,9.433981132056603,6.4031242374328485,0.0,0.0,0.0,128.0,7.810249675906654,9.055385138137416,18.24828759089466,852.0874368279349,801.9981296736296,770.3018888721487,686.476510887299,616.7114398160618,505.7558699609922,456.3343072792139,407.4432475817951,423.958724406044,453.3927657120259,495.63393749823064,544.2655601817921,592.8945943420298,660.3279488254302,660.0515131412093,691.1627883501831,670.966467120377,656.4784840343208,610.9877249176124,570.6294769813421,523.0009560220708,432.83368630456664,369.8986347636336,331.94276615103394,324.48420608713764,338.88198535773483,12.083045973594572,443.4828068820707,515.0242712727236,550.3716925860195,595.8498132919067,600.2965933603156,505.4750241109841,470.2871463265821,464.26931839181447,420.8669623527131,377.8954881974644,315.5582355128764,281.51376520518494,209.15305400591217,184.56435192094924,184.69434208984313,199.55199823604875,263.54695976239225,306.88760157425713,327.67361810191557,364.7163281236528,380.27621540138426,406.53290149752945,411.3222580896881,396.6787113017284,354.9704213029587,320.05155834646393,6.082762530298219,16.1245154965971,7.211102550927978,4.47213595499958,8.48528137423857,8.06225774829855,12.806248474865695,2.23606797749979,3.1622776601683795,7.280109889280518,14.317821063276352,353.00141642775316,372.4862413566439,368.13584449222,375.40644640176333,348.3231258472512,303.3891889965758,320.0999843798809,274.8035662068453,242.16110340019517,213.5720019103628,224.51725991557976,206.70026608594387,239.0753019448057,287.17938644686876,320.8613407688748,321.822932681933,323.88269481403296,324.6721423220662,323.44551318576055,277.35356496717327,262.7184805071771,219.7839848578599,189.16923639957952,172.07265907168403,150.28306624500314,139.90353819685905,8.06225774829855,172.59490143106777,191.09421759959145,211.49231664530984,238.2540660723338,244.1823089414956,257.390753524675,254.23217734976035,254.18890613085375,227.29936207565564,211.85136298829897,174.15223225672418,143.2515270424717,111.0,88.83692925805124,83.93449827097318,93.92017887546852,122.9186723000212,157.4960316960399,186.77526602845464,211.482859825566,220.7351353998724,223.54417907876737,232.69937687926884,209.3083849252103,208.00240383226344,168.0773631397161,0.0,0.0,0.0,0.0,0.0
2025-06-01 18:44:23.353,0,0.0,0.0,0.0,0.0,0.0,0.0,163.6001222493431,191.55155963865187,255.04901489713697,340.8826777646526,413.2372200080724,479.4017104683712,543.0036832287605,597.8645331511144,635.7554561307359,654.8786147065729,638.9687003288972,627.7141068989927,602.2491178905951,540.8974024711156,482.14935445357594,413.7064176442033,345.16228067388823,305.1245647272602,300.8205445111753,336.2677504608493,420.3046514137097,506.0839851249988,583.8741302712426,664.5878421999608,741.8119707850501,777.048904509877,13.0,798.4616459166965,786.0483445692129,732.8471873453565,693.7009442115528,625.974440372768,572.6307710907614,507.57856534727705,475.2020622850873,468.12925565488854,473.6676049720943,614.2906478207201,674.9059193695074,760.3380826974275,828.312139232548,911.5420999602816,945.1121626558404,950.5966547384858,950.4788266973652,951.0247105096691,877.8821105364889,838.3614972074994,755.8161152026331,712.5791184142291,680.0624971280213,655.3548657025444,666.1005930037895,18.384776310850235,8.602325267042627,7.280109889280518,7.810249675906654,8.602325267042627,2.8284271247461903,9.486832980505138,5.385164807134504,5.385164807134504,13.601470508735444,20.0,778.0289197709812,682.5437714901514,597.0360123141652,523.2895947752066,498.62310415783986,525.0238089839355,588.3578842847269,702.3346780559821,829.6047251552994,967.335515733812,1046.885858152645,1139.4674194552472,1210.006611552185,1244.8501917901608,1234.736004172552,1221.8428704215612,1154.7125183351916,1072.720373629587,967.44043744305,829.2484549277134,770.0785674202341,861.9982598590324,836.4890913813521,884.6157357858834,979.900505153457,1111.7989926241164,11.0,1335.8192242964617,1429.1903302219755,1458.8163009782966,1485.2454342633073,1437.9780944089516,1388.6788685653714,1293.928127834,1194.589887785762,1054.97298543612,926.970333937392,807.8329035140869,716.1906170845859,672.6693095422148,685.6004667442985,750.6004263254852,843.4008536870235,922.9718305560576,981.9378799089076,1060.6809133759314,1103.2905329059977,1065.9254195299031,1106.6060726383168,1070.0448588727484,1015.4407909868502,928.2914413049384,825.3974800058454,10.770329614269007,10.0,8.0,6.708203932499369,0.0,0.0,0.0,128.0,6.082762530298219,16.401219466856727,11.6619037896906,839.3741716302688,788.2182438893432,743.6484384438658,682.0219937802592,578.943866018114,519.0857347298229,439.09224543369015,413.0435812356851,406.20807475972214,450.3620765561861,481.8640887221209,532.0009398487939,591.486263576763,634.717259888212,656.238523709177,669.3952494602871,664.8766802949251,657.3013007746143,610.3539956451501,526.0237637217543,497.4836680736363,427.6189892883617,375.8989225842501,348.60436027106715,336.00595232822883,328.58636612008115,7.810249675906654,449.721024636385,507.1735403192875,552.826374189944,598.588339345163,607.7145711598497,493.0091277045487,479.79370566942623,476.2541338403269,413.3194890154588,392.7963849120814,331.18574848564964,272.63528751795866,227.01982292302145,191.9088325221119,187.06683297688025,229.53866776645717,273.5616932247642,311.1334118991401,342.21192264443386,384.8324310657822,388.5061132080163,407.4211580171065,408.0441152620633,389.7396566940552,368.0896629898753,352.48971616204636,2.23606797749979,5.0,10.0,8.06225774829855,12.206555615733702,6.082762530298219,16.1245154965971,11.40175425099138,8.602325267042627,5.0,25.96150997149434,351.9730103289171,382.367624152464,378.73737602724134,387.4945160902281,387.80020629184816,329.6209944769902,304.0148022712052,277.5211703636319,241.10785968109792,218.15590755237412,205.80573364218984,231.8641843838759,265.2772134956186,278.8207309365643,317.6680657541768,285.0438562747845,311.58465944266254,306.08005488760614,317.1513834117707,271.0608787708031,255.53864678361276,234.8041737278109,187.8323720768068,171.0818517552344,151.5585695366646,140.356688476182,11.180339887498947,184.16568627190028,191.2694434560837,210.440015206234,229.36869882353173,263.86549603917524,254.2380773999048,238.6063704095094,252.76866894455097,226.497240601293,195.92090240706835,167.37084572887835,133.4541119636259,105.47511554864494,80.15609770940699,78.64477096412705,99.0050503762308,121.63058825805292,156.348968656656,196.9771560359221,204.84140206510983,221.77916944564473,225.4417884953897,238.00840321299583,221.41589825484527,202.23748416156684,181.91206666958627,0.0,0.0,0.0,0.0,0.0
2025-06-01 18:44:23.354,0,0.0,0.0,0.0,0.0,0.0,0.0,255.03333115496883,195.86985475054604,183.25119372053217,209.34421415458323,280.0589223717038,358.8606972071475,441.09069362207134,524.1230771488697,581.0421671445197,635.6893895606564,683.953214774227,689.0986866915363,678.3170350212355,646.623538080698,600.1766406650629,558.4344187100219,486.4236836339283,414.69265727765185,351.6887828748594,317.71842880135233,338.19520990102745,414.13162158907886,499.62485926943225,578.3640721898275,674.2729417676495,737.5744030265693,5.0,829.0096501247739,829.9325273779791,795.4118430096449,772.4376997531905,729.984246405359,666.9130378092784,588.1742938959505,538.8033036275854,461.9751075545088,509.4173141933831,567.7860512552242,656.5668282817827,705.311987704732,760.4340865584604,872.257989358653,936.548984303544,1026.528129181076,1032.9283615043205,1022.8206098823,964.8860036294444,889.7156849241222,840.1190391843289,765.8126402717573,679.830125840272,656.451826107598,646.9814525935036,14.7648230602334,8.0,7.810249675906654,5.385164807134504,1.0,6.0,11.0,1.0,6.708203932499369,7.615773105863909,4.123105625617661,879.2002047315503,784.5336194198436,668.7817282193048,598.2507835347982,511.9472629089837,460.7569858396072,538.3911217692952,643.622560201241,755.5587336534467,894.8228875034433,1018.3088922326074,1137.5271425333112,1201.809469092335,1255.0780852201983,1269.9925196630095,1270.200771531808,1229.3258315027797,1130.5096195964013,1046.5419246260517,918.0686248859612,800.2805757982634,868.1670346194907,821.5333225134572,843.9768954183521,941.0972319585262,1069.0018709057529,6.0,1307.881110804801,1431.1523329121887,1478.779226253872,1523.4992615685771,1492.769238696993,1437.1238638335944,1349.0292806310763,1257.9956279733249,1115.4021696231364,980.9974515767104,847.7363977086274,723.6027915921828,657.7841591282053,669.2570507659968,744.1135666012278,808.5752902482242,919.0266590257326,1009.4419250259026,1065.5824698257757,1100.9377820749,1094.358259437923,1121.0887565219805,1085.223018554251,1025.0312190367667,944.0137710859942,839.0810449533466,12.041594578792296,9.219544457292889,3.1622776601683795,7.211102550927978,0.0,0.0,0.0,128.0,6.0,8.246211251235321,10.295630140987,881.1140675304191,832.6565918792693,772.7438126572092,709.2058939405397,627.9888534042623,508.64722549130255,477.9466497424163,441.3762567243507,441.1915683691156,467.2386970275472,533.975654875763,601.9111230073755,636.1540693888549,683.6329424479192,702.453557183676,713.0918594402827,698.7431573904678,667.0119938951623,633.1484817955421,586.2021835510338,516.852977160817,449.67766233158613,382.3780851461025,358.150806225534,338.92329515688357,368.12633700945656,16.55294535724685,471.6630152979985,525.5140340656945,568.3520036034007,617.0980473150114,628.7837466092774,515.2708025883089,475.2978013835116,451.57502145269285,393.605132080363,354.80980820715763,298.54312921251426,254.1672677588521,183.50476833041697,190.829767070025,213.75921032788273,253.69272752682525,296.952858211535,336.60956611480907,370.56713291925934,383.27144427937753,392.6996307612219,407.0196555450363,400.7156098781279,391.95025194532025,346.082360139895,317.10093030453254,13.601470508735444,8.54400374531753,10.63014581273465,9.219544457292889,13.45362404707371,4.242640687119285,6.0,18.24828759089466,11.180339887498947,5.0990195135927845,8.0,391.735880409237,363.59317925395686,382.5624132086162,342.79148180781857,354.682957019364,300.56114186634306,294.10882339705483,279.5460606054036,252.7864711569826,241.29857024027308,251.8293072698251,292.85662020859286,302.87456149369825,302.16551755618974,346.95388742598055,310.26601489689455,325.3013987058771,317.619268936883,296.98653168115214,270.8154353060401,235.34230388946224,220.92758994747575,199.40912717325656,176.13914953808538,164.7573974060042,179.24564150907548,7.0,223.6179778103719,252.76866894455097,258.1937257177254,274.3902330623304,265.03584663211126,268.92378102354576,236.32604596192948,214.0140182324513,191.5097908724251,164.77863939236784,137.31715115017496,107.81465577554845,95.1262319236918,101.59232254457028,127.7810627597063,154.1460346554526,192.31484602078956,208.92582415776175,229.40139493908924,245.3752228730521,239.01464390283704,232.95707759155977,214.56001491424257,183.33848477611025,166.5322791533221,132.54433220624713,0.0,0.0,0.0,0.0,0.0
2025-06-01 18:44:23.360,0,0.0,0.0,0.0,0.0,0.0,0.0,252.03571175529868,192.20041623263984,172.35138525698017,207.99278833651903,300.9867106700892,377.91533443352097,458.3317575730488,521.3079703975377,592.220398162711,643.187375497996,678.8225099390856,686.8020093156397,682.760572968299,657.0007610345668,613.881095978692,556.9389553622551,473.0010570812712,408.53396431630995,330.84135170803546,313.4788669113119,338.71079108879894,409.1760012512953,498.7755006012224,591.1514188429222,674.8184941152695,738.0108400287899,11.180339887498947,809.5060222135472,816.0079656473949,807.3078718803627,774.6308798389075,728.5615965723146,640.1890345827551,577.1412305493344,534.9934579039261,476.8406442408197,498.1214711292819,544.9421987697411,596.858442178713,702.5560475862407,778.2268306862724,869.9040176939063,939.1400321570792,975.4516902440632,995.6048412899568,973.4269361385064,918.5537545511422,905.5307835739212,815.4489560971919,772.9553674048716,673.7336268882532,651.3102179453351,659.5892661346151,5.830951894845301,7.211102550927978,10.0,15.652475842498529,11.180339887498947,7.615773105863909,6.4031242374328485,12.041594578792296,6.708203932499369,15.524174696260024,15.264337522473747,868.4342231856135,757.0026420033156,646.0417943136497,554.7071299343465,482.9585903573928,461.6503005522687,530.6675041869438,628.7614810084982,762.659819316581,892.7737675357627,1027.694993663003,1143.8260357239644,1210.8579602909665,1250.203983356316,1284.663769240808,1273.7837336062978,1208.232179674089,1133.054279370587,1025.768004960186,881.5043959050913,783.2100612224028,846.1784681732336,804.8782516629456,830.5907536205782,910.1043896169274,1064.3683572899,17.46424919657298,1319.654879125599,1428.2975880396914,1483.3543069678262,1524.6173290370275,1494.1191384892973,1447.5734869083503,1360.2988642206535,1227.5536648146997,1100.6002907504612,959.5676109581856,826.3249965963755,709.0338496856127,631.29786947209,654.5571021690927,706.2442920123319,801.2839696387292,893.6537360745492,992.8287868509856,1060.247612588682,1112.3524621270003,1090.8061239285375,1109.9103567405791,1089.7063824719023,1023.8188316298932,935.2245719611948,846.3297229803524,9.433981132056603,5.830951894845301,10.0,3.605551275463989,0.0,0.0,0.0,128.0,12.529964086141668,12.206555615733702,8.0,863.7736972147277,817.0679286326199,755.0324496337889,684.8912322405654,602.329643965827,511.941402896855,469.9372298509664,424.4455206501772,421.86490728668105,462.957881453594,507.07987536481863,570.6881810586233,608.6583606589168,646.3072024973883,668.4676506757825,697.2868850050171,705.484939598288,665.8115348955739,615.1170620296596,535.8824497965949,490.07448413480984,415.4635964798842,373.9358233708025,314.5600101729398,320.93768865622496,338.3962174729499,6.4031242374328485,447.5812775351534,509.4948478640388,558.656423931561,595.1848452371751,609.7622487494614,482.4458518839187,457.961788799022,439.3005804685443,401.3601873629222,353.62409420173844,301.42494919963076,241.1389640850271,201.40009930484143,188.7988347421668,212.94130646729863,233.20591759215716,258.96138708309394,329.64526388225266,368.4806643502478,387.6248186068586,389.1734831665693,415.86656513838665,418.59288097147567,411.04865892008456,364.9356107589392,330.65087327875,2.23606797749979,15.132745950421556,8.94427190999916,2.8284271247461903,4.47213595499958,3.605551275463989,22.20360331117452,15.811388300841896,7.0,22.80350850198276,8.246211251235321,374.7599231508086,379.3098996862592,400.6045431594604,378.1441524075177,376.3787985527346,337.76915193664445,287.8906042232014,293.960881751297,258.80494585691366,237.3562722996803,245.0,288.17529387509956,306.1061907247222,329.8014554243204,343.42393626536864,336.2038072360276,330.1211898682058,313.6000637755037,290.49784852903815,272.5949375905576,237.03375287076733,223.4323163734378,188.86238376129853,170.79227148791014,175.41379649275024,191.59592897553955,11.31370849898476,229.2640399190418,266.0620228442985,280.87185690275203,274.0218969352632,280.515596714336,270.9778588741154,246.07722365143832,237.00843866833097,196.1147623204332,172.73389939441535,139.17614738165446,106.3202708800161,99.02019995940222,100.07996802557444,134.46189051177288,154.6156525064652,198.17668884104407,209.2892734948449,223.23082224459955,230.8679276123039,242.86621831782205,241.04978738841484,225.94247055390008,210.23796041628637,176.70880000724355,131.30879635424276,0.0,0.0,0.0,0.0,0.0
2025-06-01 18:44:23.361,0,0.0,0.0,0.0,0.0,0.0,0.0,151.48927354766738,191.7185437040455,259.9423012901132,347.9727000786125,425.1176307799995,490.9297302058615,555.6842628687625,593.8097338373631,626.6011490573569,641.5800807381726,629.0985614353286,609.8803161276809,576.909871643743,521.359760626,458.245567354448,393.7207131965501,315.40767270312244,276.27884464793897,279.58898404622454,320.4496840379157,410.0987685911773,494.52704678308544,600.0241661799964,664.6931622937008,724.3652393647834,767.5161236091395,7.280109889280518,772.7056360607188,767.490716556233,712.5517525064407,663.1779550015215,586.5867369792809,531.992481149875,478.9415413179358,443.0846420267803,454.31376822632177,466.0815379308646,586.8602900179906,689.8731767506257,781.9271065770773,829.1646398635195,914.1974622585648,951.9842435670876,972.3029363320878,928.5741758201118,928.5741758201118,831.5623849116794,805.3620303937851,712.864643533399,680.8384536731162,648.297771089798,656.269761607222,702.2819946431775,22.561028345356956,7.810249675906654,4.123105625617661,11.40175425099138,5.0990195135927845,12.649110640673518,2.0,8.602325267042627,2.23606797749979,7.280109889280518,5.830951894845301,743.8064264309633,625.6276848094241,563.6922919465903,500.371861718862,497.30875721225743,504.8732514205917,625.9360989749673,742.8876092653585,868.9378573868214,1020.5493618635014,1097.0674546261955,1185.1687643538369,1236.577939314785,1257.9769473245526,1240.8904061197347,1235.7515931610203,1141.863827257874,1049.6294584280683,938.233446430045,816.8482111139132,716.8779533504988,810.022221917399,806.9876083311317,893.5244820372859,997.1609699541996,1158.7739210044383,3.1622776601683795,1406.0558310394365,1497.0267198684196,1517.309790385602,1519.7976839040125,1473.2501484812417,1429.18508248582,1292.5405216085103,1166.4617439076171,1022.0454980087726,894.249405926557,751.0326224605693,644.8875871033648,634.9110173874761,652.0506115325711,737.4449131969112,831.2809392738415,941.0823555885,1006.1654933459008,1082.018946229686,1118.9030342259332,1166.8183234762814,1130.047786600195,1086.8325538002623,1026.1003849526614,935.3127819077424,849.7464327668578,5.0990195135927845,7.810249675906654,14.0356688476182,1.4142135623730951,0.0,0.0,0.0,128.0,5.0,2.23606797749979,10.198039027185567,897.6218580226308,849.266153805743,811.1152815722313,736.2995314408396,661.8897189109376,533.730268956146,483.86465049639656,451.6691266845676,432.85216875972793,465.0268809434568,511.9472629089837,557.4872195844493,602.7354311802153,674.8703579206898,686.0852716681798,706.4736371585284,681.6993472198723,670.4162885849358,646.5616753257186,588.2456969668372,537.7359947037207,475.2136361679871,408.2805408049715,364.3144246389374,351.5252480263687,356.6356684348889,7.810249675906654,455.0966930224829,533.8951207868452,577.5508635609508,622.7816631854216,626.3880586345816,540.6560829214816,517.3248495867949,503.5017378321549,455.7389603709562,425.28225921145594,350.6479716182599,294.72699231661835,259.4802497301095,212.8497122384712,202.70421801235415,236.21176939348305,276.52305509667724,316.24357700987383,359.01671270290467,381.9227670616142,418.3061080118243,424.20042432793485,443.13654780439856,442.3087157178796,418.5427098875335,362.0220987729893,6.324555320336759,10.816653826391969,5.0,12.041594578792296,8.54400374531753,12.36931687685298,13.601470508735444,7.0710678118654755,9.055385138137416,5.0,5.0990195135927845,355.95083930228344,397.32228731849415,386.9638225984439,378.4309712483903,378.540618692367,324.2360251421794,353.27184999657135,312.8274284649605,266.62708039507163,248.65236777477105,237.42788378789885,250.16994223927065,288.7247824486149,318.10061301418455,357.91200035762984,330.1893396219811,328.40219244091537,356.9257625893654,319.6904753038476,282.28000283406544,276.0036231646244,244.22940035957996,214.2545215392198,172.66151858477326,152.04275714416653,154.17522498767434,6.082762530298219,198.84164553734712,222.40728405337808,230.25420734483876,268.5609800399157,251.3364279208249,264.0378760708395,252.00198411917316,241.40629652103112,231.93533581582605,214.1121201613771,172.1772342674838,137.5245432641025,97.52948272189288,82.76472678623425,91.67878707749138,110.98198051936178,122.05326705991938,161.02794788483146,184.70787747142785,207.63910999616616,213.4759939665348,213.49004660639335,228.12277396174193,217.23029254687293,202.23748416156684,170.30854353202602,0.0,0.0,0.0,0.0,0.0
2025-06-01 18:44:23.363,0,0.0,0.0,0.0,0.0,0.0,0.0,169.66437457521835,151.11915828246265,210.66798522794107,280.515596714336,372.0215047547655,444.4603469377218,528.5385511010526,578.1219594514638,623.9390995922599,663.3626459185051,672.6440366196671,658.9840665752093,631.9533210609784,585.2469564209625,511.9453095790604,456.3036269853659,365.77862157321334,307.82624969290714,264.06817301598466,287.9392296996017,352.9660040287166,446.6598258182618,540.4479623423517,630.2539170842177,692.4059502921679,741.1241461455699,7.810249675906654,793.5924646819676,781.296998586325,750.3239300462168,718.5596704519396,636.7040128662611,572.5521810280701,496.7172233776477,461.14748183200567,421.7321424790859,444.8381728224321,562.808137823184,629.7301009162576,744.948991542374,804.5775288932696,876.3709260353176,911.0680545381888,942.2446603722412,963.5320440960954,972.8602160639524,911.8031585819386,822.4384475448603,734.3595849445965,685.4786648758661,629.3083504928247,626.1988502065458,647.8680421196897,13.601470508735444,2.8284271247461903,8.54400374531753,5.0,8.94427190999916,13.92838827718412,15.811388300841896,11.40175425099138,6.4031242374328485,8.48528137423857,7.0710678118654755,795.2389577982206,673.928779619924,603.2918033588721,494.85351367854304,478.498693833118,468.0010683748489,575.1052077663703,691.9031724164878,819.5706192879293,970.3370548422852,1081.223843614263,1190.324325551654,1242.2721118981945,1282.4776801176697,1268.8017969722457,1273.5874528276415,1161.152875378604,1115.922936407349,962.040539686348,839.0858120597678,741.6265906775458,813.6590194915804,797.341206761572,859.5772216619051,968.8477692599596,1120.2901409902704,17.0,1353.4585327966277,1485.3164645960132,1485.3770565078753,1546.677083298256,1475.497204334864,1429.152546091564,1323.5747051073467,1204.4936695558013,1068.2944350692835,924.5550281081164,792.6184454073725,666.5530736558043,621.3638225709636,618.0914171868106,726.3070975833845,798.3263743607623,918.3751956580708,986.2058608627308,1085.431250701766,1119.368125327857,1119.3757188719076,1131.459234793724,1110.3697582337156,1041.6918930278762,949.6278218333748,844.4293931407173,15.132745950421556,11.180339887498947,2.0,3.1622776601683795,0.0,0.0,0.0,128.0,13.892443989449804,8.06225774829855,4.47213595499958,892.136760816412,830.2915150716644,796.6937931225522,719.5401309169629,663.1900180189687,537.2392390732457,498.4174956800774,437.6391207376233,426.9379345993982,461.3079231923076,510.8825696772204,555.6626674521152,599.2345116897056,658.7412238504586,685.3181742811145,733.0825328706175,689.7659023175906,687.5529070551589,664.5607571922976,589.7694464788761,558.578553114958,478.1767455659047,438.71858861917394,382.6878623630491,375.2132726863483,387.3241536491108,10.816653826391969,479.0699322645912,568.7758785321332,584.9068301875094,650.9324081653947,650.1215271008952,535.0186912622773,525.5872905617106,507.2928148515411,455.8969181733959,425.3292842022519,342.47335662792807,283.5507009337131,253.50542400508908,223.0201784592596,237.2003372678884,261.2661478263114,309.1035425225664,352.98158592198547,409.3372692536071,429.5881748838066,442.11310769982833,431.4498812144929,434.897689117797,418.8090256907078,381.3200755271088,333.9371198294673,3.0,11.180339887498947,8.602325267042627,10.04987562112089,8.06225774829855,2.0,12.529964086141668,11.04536101718726,7.0710678118654755,17.69180601295413,9.055385138137416,355.12814588539726,340.1249770305027,372.38958094984343,349.53254497972,333.430652460148,300.0933188193299,299.6681497923995,283.0070670495703,262.4137953690697,233.21449354617735,229.31419493786248,274.15506561068685,267.44158240632663,336.8827689271151,304.13977050034083,314.0859754907882,303.90788077968625,326.03834130359576,286.5135249861689,265.27909830968593,242.26638231500465,214.13313615599057,190.829767070025,170.09703113223347,160.0124995117569,173.35801106380978,8.48528137423857,206.5841233008965,244.69572942738495,247.7761086142084,258.0484450641003,254.0019684963091,263.86549603917524,251.34040662018512,241.19701490690136,210.77476129745705,176.3887751530692,155.32224567009067,117.08543888972702,80.44874144447506,93.30058949438636,101.78899744078434,119.85407794480751,164.7573974060042,182.5705343148231,202.8003944769339,217.45114393812693,231.39792566053828,221.53103620034824,216.09488656606385,199.24858845171275,190.7590102721232,152.81688388394784,0.0,0.0,0.0,0.0,0.0
2025-06-01 18:44:23.364,0,0.0,0.0,0.0,0.0,0.0,0.0,172.40939649566667,159.90622251807463,204.53361581901396,285.88284313683465,356.84870743775997,442.33019340759455,509.388849504973,574.3587728937375,614.2711127832725,637.501372547542,648.1396454468744,651.3647211816127,616.7600830144571,572.0489489545453,522.5064592902178,430.3533431960301,385.89376776517133,296.1519880061588,271.4000736919576,291.0463880552377,371.3448532025185,460.0010869552375,529.4006044575318,605.918311325875,684.4705983459041,752.0877608364598,9.219544457292889,792.3212732219172,759.6426791590899,762.7168544092887,685.4057192641451,646.7155479807177,570.6531345747608,507.02465423290806,457.20017497809425,427.90653185012263,411.41827864109297,569.7946998700497,609.250359047904,670.1290920412275,786.7871376681243,832.9045563568493,954.358947147246,912.8115906363151,954.7659399035977,958.300579150404,882.632426324798,826.4048644580936,742.689706405037,694.1649659843113,657.1955568930758,620.2007739434061,639.5951844721785,12.206555615733702,5.656854249492381,7.0710678118654755,7.280109889280518,6.082762530298219,26.0,9.219544457292889,6.324555320336759,5.0,17.0,8.06225774829855,787.7264753707343,705.7031954015796,572.9616042982287,520.6092584655021,481.50597088717393,455.8826603414523,549.5962154163727,682.2682756804687,813.2219869137823,905.0458551918792,1041.2862238597031,1122.8094228318537,1198.5699812693458,1228.5996093113492,1260.5002975009563,1201.0832610606144,1171.3214759407429,1038.4416208916127,975.3655724906432,817.7285613209312,724.1574414448836,806.6306465787176,763.7722173527917,824.293637000796,935.8739231328116,1076.4000185804532,5.0,1335.269261235351,1384.2561179203797,1475.38876232673,1463.1230296868407,1466.4941186380531,1391.47583521957,1344.0602665059332,1178.9253581122089,1057.5008274228442,926.4124351497017,801.2839696387292,678.8725948217383,631.7602393313464,630.6076434677905,694.7092917184857,791.7884818561079,856.0496480929129,983.5268171229496,1024.414466902923,1083.521111930912,1106.752004741803,1090.4696236026018,1065.4623409581402,1018.2691196339013,938.4481871685832,863.5565991873376,14.560219778561036,11.04536101718726,17.26267650163207,11.0,0.0,0.0,0.0,128.0,8.54400374531753,3.1622776601683795,8.06225774829855,852.5585023914781,826.2402798217961,755.6771797533653,716.4530689445053,630.3078612868477,532.9024300939151,509.39964664298697,467.73176073471853,455.7389603709562,447.5377079085068,510.43902672111585,554.9387353573366,600.9742090971957,657.0,668.5454360026699,685.3860226179113,685.6763084721537,643.904496024061,623.2054235964254,556.8841890375413,543.0653735969547,475.2609809357381,436.87297925140666,394.9303736103365,397.0050377514119,423.2363405947084,12.529964086141668,511.7225810925291,547.5326474284433,601.9410270117829,632.6365465257284,655.788075524403,517.0348150753487,540.9593330371517,482.0881662102898,445.53899941531495,409.3751335877645,335.2745143908198,288.4805019407724,257.6703320136022,245.5381844031596,261.7365087258558,294.7032405658275,307.2783754187723,378.05422891431857,404.0111384603152,421.57442996462675,425.9072669020805,440.40890090914377,438.11528163258583,418.0011961705373,367.119871431662,351.64755082326394,14.142135623730953,4.0,4.47213595499958,6.324555320336759,8.06225774829855,9.0,9.848857801796104,10.44030650891055,9.848857801796104,6.082762530298219,5.0990195135927845,359.73879412707214,361.5093359790311,373.87163572541846,359.95138560644546,339.73666272570586,304.8688242506931,282.3047998175022,270.4144966528237,238.8723508487326,240.87548650703337,258.8532402733255,281.30055101261354,294.7032405658275,353.8149233709624,348.8165707072988,313.5761470520358,310.5945910668761,303.00165016052307,299.2858165700473,250.88044961694405,244.0491753725056,221.0,190.06577808748213,160.96272860510285,170.10584939971935,191.47062437878037,8.06225774829855,230.23466289853056,244.24577785501228,263.78779350076076,271.5916051721776,267.8245694479877,256.46247288833507,253.16002844051033,215.44836968517535,202.6746160721663,165.27552752903256,132.6536844569347,103.9471019317037,82.02438661763951,87.96590248499699,99.76472322419384,139.60659010233005,172.66151858477326,211.10187114282053,220.29298672449835,231.22499864850255,236.78260071213003,231.27689032845456,222.1936092690337,215.67800073257357,182.1647605877712,153.80507143784305,0.0,0.0,0.0,0.0,0.0
2025-06-01 18:44:23.368,0,0.0,0.0,0.0,0.0,0.0,0.0,181.1767093199344,165.8463143998081,204.1665986394445,293.9200571584049,363.319418693799,443.1895756896816,512.956138475796,590.8925452229026,626.0774712445736,648.5560885536423,669.0478308760892,659.6279254246291,628.3136159594188,577.3872184245162,521.8467207906934,445.7981606063444,377.1538147758816,300.9867106700892,278.21754078418564,299.322568477554,355.9831456684431,451.73886261865937,545.0302743884967,618.9806135897957,695.4343966184014,753.1387654343654,25.0,781.1485134083019,787.4750789707571,756.0489402148514,702.8356849221587,660.0621182888774,547.2202481633881,499.2233968876058,473.6243236997019,389.5035301508833,442.82389276099366,517.5886397516854,610.7348033312004,708.3572544980393,778.2081983633942,869.6781013685465,929.7784682385368,942.5497334358544,950.591920857736,948.061179460482,936.7011262937608,860.4243139288894,775.8724121915923,702.6414448351306,630.2420170061656,624.2771820273427,642.1993459977984,9.899494936611664,2.0,10.04987562112089,6.708203932499369,14.0,7.810249675906654,11.40175425099138,5.830951894845301,14.866068747318506,4.0,4.123105625617661,785.4330015984814,704.4238780734225,594.9268862641862,509.6076922496363,458.3808460221696,480.21349418774145,574.0601013831217,697.2926215011887,830.1114383021113,958.1336023749508,1067.379969832674,1168.7792777081563,1234.5529555268174,1286.9537676233751,1267.6312555313552,1259.1870393233885,1181.779167188185,1072.150176048113,984.2205037490328,825.9255414382098,756.1487948810076,822.883345316941,790.205036683518,844.593393296443,970.1669959342051,1105.5880788069308,10.44030650891055,1356.8820877290702,1442.765746751703,1505.3192352454678,1518.5140763259326,1503.0455748246625,1415.963629476407,1345.4553132675942,1215.238659687882,1080.0578688199998,934.679089313546,813.7714666907411,693.2041546326739,656.012195008599,655.2198104453191,724.2126759454021,816.6057800432226,907.8463526390354,1006.5947546058444,1059.1553238312122,1118.050535530483,1083.635547589687,1115.292338357975,1086.5514253821584,1037.367822905646,932.8075900205788,847.4721234353375,8.06225774829855,6.324555320336759,7.810249675906654,5.0,0.0,0.0,0.0,128.0,10.198039027185567,16.278820596099706,12.0,901.0438391110612,846.7236857440566,802.5690001488969,733.0245562053157,663.4169126574932,551.1778297428154,508.83592640457294,474.4059443135173,457.92248252297026,489.74483151943525,533.0459642469868,575.920133351839,636.2837417379136,688.1525993556952,707.611475316787,719.5679259110984,711.6867288350963,680.9089513290305,654.8175318361597,586.787866268552,548.0912332814675,480.88252203630776,440.3237445334966,394.08755372378863,404.1484875636676,416.2847583085405,15.811388300841896,505.0009900980393,568.5499098584046,608.3066660821662,632.32981900271,644.0186332708084,517.5190817738028,497.9176638762678,490.11223204486544,432.9618920875139,388.2782507429434,325.8297101247828,280.6439024814186,237.03375287076733,247.2023462671825,234.69128658729537,260.66453537065604,313.0878470972644,359.7026549804713,394.27148007432646,411.9635906242201,413.3194890154588,426.8782027698299,421.0997506529777,397.9861806646055,380.80047268878224,328.6715685908959,17.4928556845359,19.209372712298546,10.63014581273465,11.180339887498947,14.212670403551895,17.88854381999832,13.45362404707371,8.246211251235321,9.219544457292889,13.341664064126334,6.082762530298219,335.7930910545957,335.5294323900662,361.2672141227321,352.17183305880667,348.53981121243527,307.3044093403152,300.0599940011997,273.8923146055763,247.00809703327545,233.2659426491574,255.4094751570505,274.05291459862275,292.9846412356798,314.5313974788527,314.5600101729398,306.5746238683169,319.2647803939545,300.12330799189857,281.19210515233175,251.0975905897944,244.20483205702544,219.18029108475972,184.1738309315414,180.3247071257846,175.85505395068975,191.63506985935533,9.848857801796104,235.76471322061747,242.63965051079347,248.58197842965205,269.15051551130273,257.87012234844116,243.31255619059203,228.5278976405288,220.29298672449835,190.8743041899564,163.24827717314508,110.1135777277262,95.71833680126292,78.60025445251433,81.9084855189009,107.0420478129973,142.0563268566381,163.21764610482532,189.61276328348785,222.26560687609768,229.12005586591496,226.87661845152752,225.42848089804448,228.40534144367115,198.7083289648423,182.91528093628483,139.2838827718412,0.0,0.0,0.0,0.0,0.0
2025-06-01 18:44:23.369,0,0.0,0.0,0.0,0.0,0.0,0.0,154.14927829866735,168.58232410309213,230.4886114323222,298.2029510249689,378.80865882395034,463.93965124787513,526.3610927870714,582.0927761104754,622.0490334370756,648.4566292359112,658.5878832775471,638.4864916347095,616.4097663080947,563.7242233574854,499.9249943741561,423.72278673680034,340.2116987994387,284.1161734220704,252.3529274646918,275.0727176584403,345.34909873923226,438.2921400162225,528.7419030112897,608.7774634462087,675.3702688155587,724.4308110509934,9.055385138137416,759.1587449275678,743.9368252748347,721.9529070514226,688.2906362867361,628.143295753445,560.3507829922253,485.8075750747409,447.5175974193641,416.0925377845654,433.6138835415674,511.7548241101397,600.0816611095527,657.2221846529528,768.8536921937749,818.4283719422244,897.6257572061978,950.013157803617,940.6960189136552,940.2345452066734,882.0521526531184,807.8050507393476,753.1301348372671,684.8021612115429,654.0030580968257,616.9740675263427,659.530893893531,14.0356688476182,15.033296378372908,2.23606797749979,7.280109889280518,15.132745950421556,7.280109889280518,2.23606797749979,3.605551275463989,7.615773105863909,10.04987562112089,9.433981132056603,769.197633901717,676.7340688926486,597.6294838777618,507.98622028555064,481.10913522817253,490.6862541380184,585.8344476044406,691.6104394816492,843.4524290082992,975.6664389021486,1081.0226639622315,1157.4890928211807,1221.2391248236358,1264.0015822774906,1255.1533770818608,1236.3013386711186,1142.4648791100758,1054.7914485811875,949.1153776016909,828.5728694568752,722.2776474459112,805.0304342073038,775.4753380991558,862.8122623143461,977.0414525494812,1108.8683420496773,17.029386365926403,1367.500639853598,1448.56480697275,1503.9471400285315,1510.0317877448806,1474.5589171002969,1406.7597520543443,1293.3649910214826,1177.5809950912085,1025.21997639531,890.0157301980679,765.7551828097542,656.0464922549315,627.8096845382365,641.599563590874,722.1218733704167,818.5059559954344,914.702683936152,1012.9960513249792,1076.8588579753616,1128.8777613187356,1147.3818021914065,1116.0546581597157,1088.1654285998982,1018.9018598471592,922.6451105381744,845.7422775290354,14.317821063276352,3.605551275463989,13.038404810405298,21.213203435596427,0.0,0.0,0.0,128.0,7.810249675906654,7.211102550927978,10.198039027185567,891.8037900794097,841.907358323943,799.3046978468224,733.1855154052076,660.551284912837,543.5752017890441,494.32883792067,458.7951612648067,444.883130720867,468.1805207395968,516.8558793319469,575.1043383595711,624.0064102234847,662.6748825781765,683.2430021595537,706.9179584647712,682.3562119597066,667.8480366071311,633.8532953294476,583.0308739680944,531.8364410229897,485.8003705227076,393.06233602318093,385.25316351718647,385.3336216838598,398.8746670321393,21.95449840010015,512.8508555125944,564.142712440744,603.4210801753615,642.1627519562311,656.6193722393515,535.1952914591084,508.2519060465981,491.2321243567037,440.6926366528036,403.6087214122113,353.8163365363448,296.7642161716941,254.9215565620138,230.05434140654685,242.5881283162884,274.8817927764587,313.0814590485997,352.9305880764658,398.43694607804633,419.6724913548659,450.89355728375625,448.69254506844663,437.41284846241086,430.6855001041944,384.8792018283139,340.76678241870934,6.4031242374328485,17.4928556845359,9.433981132056603,5.0,15.524174696260024,9.055385138137416,11.40175425099138,9.486832980505138,9.899494936611664,8.06225774829855,11.0,338.61482542853906,349.40663989111596,363.61655627872614,342.6674773012461,329.8802813142974,320.6321880285883,297.32473829131675,303.48805577814755,268.77871939571406,217.8072542409917,259.04825805243314,285.2595309538316,301.51782700198675,336.46693745448454,328.7369769283644,318.42267507198665,298.15767640629343,304.8688242506931,285.8548582760139,256.82678987987214,237.0759372015642,197.8534811419804,187.4806656698231,173.97126199461795,176.23280057923384,189.70766985021984,2.8284271247461903,242.86004199950224,258.81460546112925,265.2772134956186,279.32955446926843,250.353749722268,255.32724100651697,232.56181973832247,213.5813662284236,183.9347710466947,142.414886862294,118.68024266911488,81.54140052758476,72.80109889280519,82.38931969618392,113.07077429645558,141.1523999087511,166.97305171793442,202.20039564748632,220.7826985975124,236.88815926508445,228.37250272307304,227.6071176391459,218.524598157736,203.7105790085532,185.06755523321743,149.8966310495336,0.0,0.0,0.0,0.0,0.0
2025-06-01 18:44:23.373,0,0.0,0.0,0.0,0.0,0.0,0.0,206.95168518279817,167.5022387910084,169.7586522095413,208.83007446246816,305.48486050866745,385.33102652135346,473.2356706758272,525.9781364277417,599.0409001061614,644.742584292367,660.1704325399616,663.4583634260706,652.9931086925803,629.5085384647297,554.9819816894959,486.4771320421958,419.49016675006817,328.5665838152139,273.70787347096905,243.5159132377184,278.25887227544064,378.549864614954,462.7580361268727,544.2655601817921,620.8252572181644,694.6308372077934,7.615773105863909,761.3179362132486,774.8780549221923,759.3523556294535,716.7712326816695,661.7197291905388,601.2395529237909,540.5672946081736,442.5494322671762,450.4420051460565,396.94080163167905,475.27886550950274,517.3412800076948,625.0391987707651,696.6103645510882,799.4848341275774,912.264216112854,906.3536837239644,927.4588939678137,948.6142524756837,894.8301514812741,845.8871083070128,775.1864291897789,692.5005415160338,633.2219200248835,601.5047796983828,593.3102055417554,6.324555320336759,13.0,5.0,14.866068747318506,7.810249675906654,22.20360331117452,22.47220505424423,10.0,23.43074902771996,8.0,11.0,861.307146144742,751.5557198238864,646.8771135231173,542.4435454496625,485.2720886265766,454.53272709454046,526.6013672599037,651.6939465730827,773.0523914974974,911.5261927119813,1041.491718642064,1149.6195022702077,1230.581163515841,1279.9097624442122,1294.1568683896091,1279.9624994506676,1215.1958689857368,1129.504758732782,1013.8648825164032,859.918600798936,755.2489655736048,825.009696912709,763.867135043785,819.7664301494664,903.6332220541696,1048.1078188812446,14.7648230602334,1331.389124185713,1450.3534052085374,1488.5499655705212,1541.3711428465242,1507.6471735787522,1471.800258187231,1350.3732817262048,1263.1706139710502,1107.3942387424634,960.4337561747816,813.921372123868,681.7917570636946,619.9233823626917,635.6138765005056,730.2198299142526,800.1106173523758,921.48846981392,1023.078198379772,1084.491124906055,1125.987566538814,1110.3765127198972,1142.3659658795862,1112.6117921359632,1045.199502487444,939.703144615362,847.0590298202363,22.20360331117452,9.433981132056603,16.15549442140351,5.830951894845301,0.0,0.0,0.0,128.0,9.219544457292889,5.0,8.48528137423857,888.0405396151687,839.0595926392833,805.2589645573653,718.5429701834122,647.2619253439832,531.6483800407935,494.9191853222099,432.255711356137,435.18386918634747,442.08822648878584,503.75887088963503,551.5015865797668,604.3252435568119,646.6660652918166,664.9045044214996,697.5851202541522,684.2316859076317,672.464868970863,618.2273044762743,552.2264028457894,540.586718297814,474.208814764129,431.723291009415,391.0613762569758,378.8456149937597,401.8818234257429,13.341664064126334,507.8287112796991,564.2783001321245,606.0008250819466,663.5307076541371,664.134022618929,538.3576877875898,514.2081290683764,515.0009708728712,461.9491313986855,415.9062394338416,356.08987629529713,300.945177731759,269.09106265351886,266.9082239272518,281.46047679914136,312.86099149622345,358.61121008691293,389.4008217762258,433.3832022586939,460.6658224787248,442.2962807892465,457.9650641697465,434.41224660453577,404.4650788387052,361.912972964496,316.29100524675056,12.529964086141668,1.4142135623730951,5.0,5.385164807134504,14.212670403551895,6.708203932499369,10.0,10.198039027185567,7.615773105863909,6.324555320336759,3.605551275463989,320.11560411826224,327.566787083184,329.18839590726765,294.16491973041246,303.2111475523286,261.23169792351007,256.72748197261626,249.68780506864968,227.771815640127,246.661711661944,266.59519875646674,262.20793275566626,296.4219964847413,296.8113879216901,310.4126286090822,290.8367239534925,270.27578507887085,271.51611370229944,241.1016383187804,209.1219739769114,199.7223072167954,172.5340546095176,168.44286865284622,169.95587662684687,179.41293152947478,201.03979705520993,12.041594578792296,239.06902768865731,264.70549673174526,267.0,263.13684652666944,256.9708154635464,248.70866490735705,219.9659064491586,198.40614909825752,173.21951391226105,131.46862743635836,108.04628637764463,85.56284240252891,73.54590403278758,94.4298681562142,118.4229707446997,150.74813431681335,199.6246477767713,210.8293148497144,234.35016535091245,240.0,234.04700382615457,229.31419493786248,215.5945268321995,190.541334098405,163.01226947687098,140.06427096158393,0.0,0.0,0.0,0.0,0.0
2025-06-01 18:44:23.376,0,0.0,0.0,0.0,0.0,0.0,0.0,214.9534833400008,165.13025161974412,163.22070947033652,225.71885167172013,306.2972412543084,383.64827641995214,468.10789354592174,527.5954889875386,583.1654996654038,630.0,657.4024642484998,659.4619018563544,628.0549339030782,612.3667201930556,553.3931694554966,482.2955525401411,399.6711147931509,319.4761336938958,261.87401551127596,249.20072231034965,295.3303235362058,361.56603822815,453.6298050172629,543.0727391427414,624.2539547331679,694.6221994724903,10.295630140987,750.9946737494215,763.1474300552941,741.6643445656532,703.3078984342491,655.4220014616537,608.5211582188413,523.1797014411014,450.0511082088344,417.8133554591093,372.43522926812386,463.4350008361475,496.99195164509456,614.4371408044927,752.2300180131075,793.9168722227787,838.1992603194063,861.2252899212842,930.2042786399126,908.9466430984824,890.8293888281863,850.4116650187719,779.9955128076058,705.2269138369579,646.8423300928906,592.6288889347194,592.663479556485,10.44030650891055,12.083045973594572,25.079872407968907,17.46424919657298,8.06225774829855,13.038404810405298,6.324555320336759,9.219544457292889,10.770329614269007,7.0710678118654755,10.0,855.7102313283393,723.752720202142,637.3774391990981,535.302718095098,481.5184316306075,448.63570967991393,512.4109678763716,615.9001542457999,750.8088971236289,874.849701377328,1026.742908424499,1126.3720522101034,1192.0176173194757,1237.8885248680513,1243.8010291039318,1262.931510415351,1183.2176469272254,1117.615765815783,996.1375407040936,871.6128727824067,767.3206630868219,828.7339742040265,756.2228507523428,791.0025284409652,887.3837952092657,1027.496472013408,16.0,1296.1149640367555,1419.0031712438138,1470.105438395491,1512.8912717046126,1497.5853898859991,1462.9531776512877,1347.2612961114855,1263.5418473481598,1117.0031333886222,967.6802157737854,832.4445927507728,708.7545414316581,654.5632131429325,647.8556938084283,716.4837751128772,802.2069558411969,900.8051953669006,1003.1440574513712,1065.7133761007226,1114.2463820897065,1144.7340302445805,1133.5201806761097,1104.2413685422223,1044.3141289861017,945.9096151324396,853.456501527758,15.652475842498529,3.605551275463989,9.0,11.6619037896906,0.0,0.0,0.0,128.0,12.16552506059644,9.0,7.615773105863909,872.8997651506156,830.8188731606908,803.9060890427438,731.5087149173276,650.0769185258004,545.5144361059567,489.984693638485,448.2186966202994,432.3251091481965,446.15916442453585,486.6590182047385,529.1663254592075,592.5512636050994,627.0829291250081,641.7226815377496,675.1859003267174,654.6640359757056,632.0482576512651,612.1045662303133,558.9203878907979,530.8483775994799,478.0669409193654,427.907700328003,391.2697279371355,390.58545799863055,405.3566331022597,11.180339887498947,498.7955492985077,577.6781110618612,608.8021024930844,627.4982071687535,637.8722442621249,532.5307502858403,494.0131577195085,493.35686880796544,465.3815638806505,409.0598978144887,357.8295683701949,300.37643050013094,265.52965936030574,267.30132809247317,290.4134983088768,309.09060160412514,370.2674708909763,404.8468846366488,427.2821082142336,465.3106489217714,453.6805043199454,444.6166888455718,436.92791167422575,396.44041166359415,367.8219678050782,307.0390854598157,5.656854249492381,5.385164807134504,6.0,2.0,6.082762530298219,5.385164807134504,19.697715603592208,3.1622776601683795,12.041594578792296,7.211102550927978,7.615773105863909,329.3584673270144,332.0963715550051,326.00153373872337,317.79553174958266,278.9283062007153,268.40454541605664,261.72504656604804,232.606964642076,221.90313201935655,236.7720422685077,268.48649872945197,246.85623346393345,283.28960446864266,314.60610292872576,305.4242950388852,300.60106453570654,289.82235938588315,270.3849108215915,244.9693858423946,224.4147945212169,200.8706051168264,175.6957597667058,169.85287751463028,169.24833824885843,187.8004259846074,205.29247428973133,3.605551275463989,247.24481794367296,266.0845730214362,267.30132809247317,275.54491466909707,255.50146770615623,246.4183434730459,221.84003245582164,191.0026177831079,151.52887513606112,132.48396129343357,85.23496934944014,67.26812023536856,66.24198064671678,93.26306878931231,143.0314650697531,165.3027525481654,196.3288058334793,222.61176967986216,241.67747102284895,241.2488341940744,242.42112119202815,227.98245546532743,217.7200036744442,198.2826265712657,163.45335726133007,130.43005788544295,0.0,0.0,0.0,0.0,0.0
2025-06-01 18:44:23.381,0,0.0,0.0,0.0,0.0,0.0,0.0,173.0028901492689,152.75143207184672,203.11819219360927,280.6439024814186,349.2763948508402,435.2987479880915,513.7518856413084,575.2947070849862,619.6006778563109,655.7720640588466,658.9210878398111,658.027355054484,616.2994402074369,578.2845320428345,507.8680931107998,449.2048530459126,371.3717813727909,295.0271173977063,260.4995201531089,268.06715576511795,335.00597009605667,426.1079675387448,511.8222347651575,596.79979892758,675.0681447083695,724.0787250016396,9.433981132056603,771.5607558708517,768.8653978428214,754.5574862129458,689.0464425566684,630.9144157490776,571.7656862736693,495.01616135233405,451.26045694255106,425.5255573993177,429.3122406826994,522.6939831297085,606.1188002363893,677.3905815701899,753.5230587049078,855.0023391780867,890.5661120882604,1006.3816373523516,935.0342239725774,948.1708706767996,900.7474673847272,856.5722386348976,744.6804683889594,680.355789274994,635.9685526816558,615.201592975831,643.7181060060374,9.486832980505138,6.324555320336759,9.848857801796104,6.708203932499369,15.264337522473747,3.1622776601683795,1.0,7.280109889280518,16.64331697709324,2.8284271247461903,11.0,811.3852352612784,715.341177341274,611.1382822242442,510.9442239618723,453.7003416353133,457.4505437749528,560.87520893689,692.1567741487473,829.3467308671326,960.2525709416248,1088.6822309563065,1188.5604738506156,1251.9305092536088,1293.8137423910755,1298.3350877181128,1268.3548399403062,1200.408263883584,1113.8402039790087,979.3262990443992,828.7418174558346,726.0592262343341,797.3280378865402,746.3578230312858,793.8570400267292,928.1864036927066,1078.079774413749,1.0,1352.5490748952514,1454.3135837913362,1518.1874060866137,1544.800634386198,1525.420925515315,1481.136050469369,1358.2021204518862,1259.2799529890087,1117.3920529518723,975.0179485527432,823.2350818569383,704.3131405844988,656.9901064704095,658.2377989754159,723.254450383819,819.4370018494405,933.9057768319028,1004.0343619617806,1096.5787705404475,1128.036346932137,1131.1675384309788,1127.7663765159875,1114.5514792955953,1047.771444543131,931.5798409154204,850.5304227363064,7.810249675906654,12.206555615733702,6.708203932499369,10.198039027185567,0.0,0.0,0.0,128.0,10.44030650891055,6.082762530298219,16.492422502470642,900.4026876903467,856.8337061530668,815.0,744.4897581565511,678.88879796326,545.2504011919661,504.36990393955904,458.4430171787984,443.71725231277634,462.909278368883,498.4746733786984,547.9498152203357,609.0664988324346,656.7815466348001,679.7094967704953,686.1231667856727,684.5991527894261,676.8847760143524,628.0613027404252,553.0659996781577,541.2079082940307,493.0162269134759,428.3479893731264,406.0541835765271,417.8241256796931,410.90753217725273,17.0,490.63734060913055,555.3881525563901,603.9478454303816,630.1531559867013,648.7410885707795,534.8046372274646,490.06224094496406,483.6248546135734,443.69584176550495,402.6015399871193,351.98011307458836,270.22398117117586,256.7586415293554,249.35917869611296,241.18250351134512,291.37089765451867,332.63343187358663,363.7856511738746,405.3504656467043,416.9184572551328,425.22934988074377,423.1784493567696,422.7398727349953,384.0963420809941,354.3585754571208,308.5206638136253,18.24828759089466,13.92838827718412,1.0,18.867962264113206,10.295630140987,15.811388300841896,5.385164807134504,9.219544457292889,7.0710678118654755,6.0,11.40175425099138,309.18279382915216,331.32008692501574,310.87618113969427,310.5817122755298,316.0142401854701,272.40594707164524,274.2735860413831,252.67568145747623,247.88707106261108,252.22410669878485,255.36836139193124,280.71693928225994,286.6810073932349,298.8143236192,327.6171546180084,286.2254356272342,289.4304752440558,264.43335644354704,260.62233212063774,215.6965461012299,208.0216334903656,178.54971296532514,155.72411502397438,175.04570831642803,165.8463143998081,208.12496246245908,8.602325267042627,233.05364189387817,245.3935614477283,263.2299375071156,264.8339102154405,261.59892966141894,251.0298786997277,230.31283073246263,214.55535416297585,174.6339027795004,142.04224723651762,94.92101980067427,78.79086241436883,57.982756057296896,82.37718130647589,110.3675676999362,156.97452022541748,171.00292395160966,199.58456854175876,221.8152384305461,237.00210969525145,243.82370680473215,237.15395843207003,235.34230388946224,202.8003944769339,175.10282693320517,152.16109883935513,0.0,0.0,0.0,0.0,0.0
2025-06-01 18:44:23.383,0,0.0,0.0,0.0,0.0,0.0,0.0,208.73428084528905,163.29421300217592,154.26276284314372,216.27991122617004,302.12911147388627,379.0,469.5274219893871,540.0786979691015,597.4679907744012,650.299930801165,669.9798504432802,683.7733542629458,652.0506115325711,630.8597308435529,576.8439997087601,512.9775823561883,401.2592678057418,341.6460156360674,275.14723331336626,236.64741705752888,275.506805723561,366.546040764322,451.37345956535813,553.8023112988966,635.4478735506162,686.0116617084582,6.708203932499369,772.371024831978,784.8649565371103,768.6800374668253,740.7840441046229,690.0355063328263,640.1781002189938,548.0191602489825,482.0165972246184,419.30537797648145,414.8023625776497,481.8640887221209,542.4619802345599,633.1074158466319,681.4726700316015,810.6996977919753,925.5663131294268,943.3117194225885,997.0,971.3495766200756,939.9920212427336,846.9456889317048,802.1726746779648,734.006130764587,673.3394389162127,623.5014033665041,598.171380124459,10.63014581273465,13.92838827718412,19.1049731745428,10.44030650891055,3.1622776601683795,14.422205101855956,9.219544457292889,17.11724276862369,17.0,10.44030650891055,3.1622776601683795,855.9515173185921,740.5761270794516,643.6528567481076,531.2927629847785,478.00627610942513,444.30282465903815,532.4631442644645,637.771902799112,760.6313167363016,911.7236423390588,1048.023377601855,1146.9420212024668,1234.159227976682,1292.886692637835,1288.4040515304196,1277.245865133256,1222.040915845292,1116.4873487863622,1006.7616401115012,878.1440656293248,753.1248236514316,794.1416750177515,729.6608801354229,763.0078636554148,870.976463516667,1029.5047352975118,18.027756377319943,1304.369579528747,1435.0125434991849,1488.905638380082,1541.5531129351334,1501.6417681990602,1474.0488458663776,1350.3451410657942,1249.7587767245325,1118.1815594973832,964.8139717064632,812.8671478169111,702.3168800477459,622.1133337262593,631.1449912658738,710.8150251647752,790.9393149919911,902.0005543235548,995.0407026850712,1068.6126519932282,1113.8806040146314,1137.7539277014164,1112.6800977819275,1094.922828330837,1026.189553640067,940.6093769466686,835.9647121739051,1.4142135623730951,11.704699910719626,4.242640687119285,11.704699910719626,0.0,0.0,0.0,128.0,8.602325267042627,4.47213595499958,7.211102550927978,884.4303251245968,840.5004461628798,803.2490273881444,718.4705978674423,642.0124609382593,527.7167801008416,475.2693972895794,435.1666347504137,403.62482579742294,446.05380841329,484.0867690817422,535.3503525729669,609.5777226900602,639.3097840640326,652.3817900585515,690.4990948582047,678.5079218402685,662.3246937869673,593.4012133455744,584.2302628245134,507.14100603283896,451.3590588434002,403.5653602577902,375.04666376332426,373.7512541784978,387.2905885765881,14.866068747318506,472.1525177312941,540.2156976615914,576.9991334482228,605.1859218455102,621.6429843567769,513.0389848734694,473.4015209101044,460.3237990806037,427.87030745308795,385.6008298746257,336.8100354799423,290.4496514027862,251.44780770569463,236.17154782064668,247.88101984621576,287.4595623735624,348.18673151055026,378.033067336708,405.744993807687,455.34272806315903,430.7632760577438,449.2048530459126,421.5495225949141,383.85413896426854,357.8295683701949,306.2433672751134,9.433981132056603,20.248456731316587,8.06225774829855,6.0,4.123105625617661,7.280109889280518,12.36931687685298,7.280109889280518,10.04987562112089,2.23606797749979,3.1622776601683795,344.64039229318433,339.32432862970495,338.5291715642834,324.5704854111045,313.0814590485997,269.81660438156877,248.31633051412467,245.81700510745793,218.55205329623425,253.6631624812716,282.70302439132126,279.4154612758571,295.95438837766875,324.29924452579286,308.00649343804423,316.98738145232215,291.1631844859511,290.4134983088768,264.76404589747455,232.86262044390037,218.4330561064419,192.33304448274092,168.68906307167634,182.21415971323415,203.38387350033435,218.1948670340345,4.47213595499958,249.07227866625385,270.44038160008574,282.28000283406544,283.5507009337131,276.81221071332817,255.1960031034969,231.53617427952807,211.28653530218153,165.4962235218677,140.4314779527724,81.60882305241266,71.34423592694787,87.20665112249179,111.0180165558726,149.89329538041386,176.92088627406318,207.3933460841982,234.61670869739865,260.06922155457,240.01041644062033,256.2225595063791,232.0344801963708,231.1990484409484,207.02173798903345,166.0873264279969,118.81077392223315,0.0,0.0,0.0,0.0,0.0
2025-06-01 18:44:23.388,0,0.0,0.0,0.0,0.0,0.0,0.0,195.1665955024066,145.98630072715727,146.98639392814562,213.243991709028,297.9546945426435,383.8814921300583,464.95161038542494,537.1573326316974,587.4393585724403,628.7901080646864,660.6216769074415,654.5571021690927,640.4287626270387,606.8615987191807,549.3286812100748,495.3907548592323,399.5309750194595,325.7882748043582,250.3437636531016,223.22410264126944,283.91724146307143,349.82424158425613,442.2239251781839,536.553818363079,613.0489376876858,673.6059679070547,10.0,766.3863255565042,778.0520548138152,773.6620709327814,721.8254636683303,681.916417165623,629.3528422117437,527.5092416252061,480.40191506695726,421.50326214633264,419.6093421266976,476.8070888734772,519.3081936576776,647.6557727682198,717.4357114055587,804.8384931152336,847.5169614821876,934.6041942983136,978.4038021185322,967.8000826617034,889.324462724376,886.361100229472,800.1912271451118,722.7897342934527,655.2014957247885,633.4548129109131,637.9725699432539,12.206555615733702,1.4142135623730951,4.242640687119285,13.41640786499874,10.816653826391969,7.280109889280518,12.36931687685298,16.278820596099706,13.45362404707371,5.0990195135927845,7.615773105863909,840.4665371090035,746.0241282961296,646.7155479807177,535.2550793780475,470.2722615677008,462.4208040302685,533.8023978964501,656.8142812089275,746.6096704436663,886.4338666815478,1021.1821580893392,1132.4349870963897,1198.434395367556,1261.5486514597842,1278.7841882037796,1270.061809519521,1198.5324359398874,1106.95980053478,1004.3191723749976,872.0120412012669,764.7653234816547,815.4434376460455,765.8492018667905,788.1243556698397,902.5042936185956,1059.439946386769,8.48528137423857,1319.2376586498735,1439.8590208766968,1493.6431970186186,1526.4789549810373,1500.4096107396806,1447.0342083033145,1369.9259104053767,1249.1028780688962,1115.5326082190516,966.2349610731336,826.0181596066759,698.4010309270742,647.5777945544457,645.7561459250697,720.0027777724194,812.1409976106365,897.2279531980711,996.0923651951158,1068.8844652253115,1131.2051096065647,1087.5702276175089,1103.2139411736964,1076.431604887185,1036.2031654072478,946.6176630509278,846.3568987135392,5.0990195135927845,2.0,9.486832980505138,7.280109889280518,0.0,0.0,0.0,128.0,9.486832980505138,8.06225774829855,13.0,888.6540384199017,856.4157868699059,787.7182237323192,727.2001100109928,630.835953319086,537.6030133844117,499.71291758368625,452.75379622925306,436.3542139134215,459.31470692761405,515.6374695461919,576.6055844335883,610.872327086438,660.3824649398256,678.9646529827602,707.7994066117885,672.5421919850085,663.8531464111622,625.3079241461761,534.3079636314623,509.6125979604507,456.0098683142723,401.52334925879467,377.25985739275256,360.6008874087805,414.9602390591175,10.0,517.2475229520196,566.9717806028798,606.1823158093611,644.8015198493255,656.7450037876192,531.5072906367325,500.39984012787215,485.74067155221826,437.3888430218585,389.16577444580093,321.9068188156318,284.17600180170035,243.3105012119288,217.56838005555863,263.1216448717209,284.6137733842127,328.7582698579611,374.4769685841841,400.04999687539055,418.1506905411015,433.8870820847286,436.0963196359263,420.7433897282285,395.4099138868422,345.70073763299956,313.639920928443,2.8284271247461903,10.63014581273465,18.24828759089466,3.605551275463989,11.04536101718726,10.198039027185567,10.04987562112089,2.23606797749979,4.123105625617661,4.0,12.0,326.18553002854065,334.044907160699,326.6955769519998,327.3973121453504,307.3271872125862,280.3711825420009,257.1633721975196,225.68340656769607,241.03319273494265,262.0686932847951,238.4114091229696,276.9855591903665,288.951553032684,330.94561486745823,354.4643846707311,308.1768972522113,297.87413449307746,274.3902330623304,253.03161857759991,223.6515146382872,200.02249873451737,177.9100896520487,172.00290695217916,168.40427548016706,188.7988347421668,217.46953809671828,7.615773105863909,255.1960031034969,269.2675249635574,282.8462479864281,265.06225683789836,266.6777081047458,254.32656172724072,217.5890622251036,209.44211610848473,170.41420128616042,128.35108102388543,111.07204868912793,77.89736837660179,65.25335240430181,104.92378186092988,137.44089638822936,171.82840277439584,209.1219739769114,227.2201575564985,225.0,243.28789530101983,240.5659992600783,227.26416347501865,226.80828909014767,191.6689854932195,154.042202009709,131.64345787011217,0.0,0.0,0.0,0.0,0.0
2025-06-01 18:44:23.390,0,0.0,0.0,0.0,0.0,0.0,0.0,129.0,189.02116283633427,268.4660127464927,367.535032343857,435.9655949728144,496.5168677900077,552.5115383410558,600.4798081534466,622.3391358415442,631.3073736303102,632.5582977085985,586.463980138593,544.3124102939414,477.2682683774399,413.32432785888614,338.6340207362515,256.26743843102656,207.7137453323684,212.52999788265183,284.0633732109791,385.15581262652654,494.453233380064,559.1422001602097,644.3632515902812,704.1832147956951,738.3278404611328,12.206555615733702,750.7442973476388,739.9331050845069,693.4853999905117,643.9790369258925,575.2747169831123,500.0639959045242,422.9952718411874,377.6612238501591,367.6955262170047,394.6238715536606,495.07373188243383,586.8466579950848,661.2662096311893,793.8923100773807,852.8774824088158,872.1582425225367,933.642329803014,936.8639175461932,930.1575135427332,861.4464579995672,809.9506157785177,751.3241643924412,672.0029761838856,630.4538048104714,612.4646928599232,649.2310836674412,11.0,10.770329614269007,15.524174696260024,3.605551275463989,4.47213595499958,7.211102550927978,13.45362404707371,12.083045973594572,9.486832980505138,10.04987562112089,13.0,767.9908853625803,670.9135562797937,563.9902481426429,478.4579396352411,495.66520959211977,482.9958591955008,616.3286460971939,734.5338657951721,869.6781013685465,1015.1886524188496,1139.762255911293,1200.0354161440405,1274.088301492483,1289.4107181189397,1277.95148577714,1261.067008528889,1175.382916329823,1088.6882014608225,946.7639621362866,815.4569271273622,702.3937642092219,773.2761473109073,768.7971123775114,840.0505937144501,943.649299263238,1094.338613044427,11.180339887498947,1377.3075183124502,1478.5076935883694,1518.368203039039,1574.0203302371924,1504.3460373198714,1456.5387052872986,1347.579311209548,1233.5201660289142,1090.7391988922009,950.0615769517258,805.740032516692,680.5123070158246,641.8426598474115,643.9914595706996,715.3355855820399,818.2811252864141,936.4833153879464,1007.7941258014952,1082.039740490154,1123.4171086466504,1126.3236657373404,1110.2585284518195,1093.221386545287,1031.767900256642,936.455551534615,841.5034165111869,12.806248474865695,7.0,7.280109889280518,8.94427190999916,0.0,0.0,0.0,128.0,9.219544457292889,5.0,8.06225774829855,902.1224972252936,848.0801848881979,830.48419611694,739.2110659344867,665.1135241445628,564.468776815866,511.9394495445726,461.5766458563518,448.6423965699185,467.8888756959285,497.7429055245288,559.336213739107,604.3550281084787,646.0379245833792,668.8557393040744,681.821824232695,685.6617241759963,672.8699725801412,632.0830641616653,571.5041557154243,548.6428710919336,487.2658411996474,454.6053233300288,416.8572897287512,399.6848758709791,423.2493354985923,10.04987562112089,517.3596428017942,578.3234389163213,627.465536902227,662.399426328254,674.9607395989784,572.3399339553374,521.93869371795,523.3593411796526,491.8068726644637,453.60004409170864,404.74189306272706,332.14605221197496,275.234445518725,248.57393266390585,268.21819475941595,285.18765751694093,340.073521462639,375.2146052594435,413.88524979757375,455.80697669079177,465.0086020709725,469.63177064589655,450.9212791607866,432.1863024206112,390.5649753882189,348.1738071710737,11.40175425099138,5.385164807134504,8.602325267042627,11.180339887498947,5.385164807134504,4.242640687119285,14.422205101855956,9.0,2.8284271247461903,7.280109889280518,9.848857801796104,305.91011751820173,328.40219244091537,343.9447630070852,344.81589290518497,333.1816321467917,284.829773724588,277.2183255125822,244.38698819699871,238.79907872519107,245.2835094334717,248.2438317461282,248.2982078066614,251.8293072698251,278.0017985553331,310.5945910668761,293.2319900692965,298.0067113338221,295.1779124528121,273.73892671668017,251.75384803414624,249.0180716333656,199.8649544067193,162.88953311984167,150.58552387264854,156.41611170208776,164.59647626847908,7.615773105863909,208.2138323935276,231.91808898833224,250.185930859431,258.2750471880704,265.06791582535976,261.9637379485947,243.58366119261777,232.07757323791543,205.65018842685265,184.70787747142785,134.937022347464,111.15754585272202,82.87943049997388,68.73136110975832,64.4437739428721,103.94229168149026,134.6291201783626,164.24676556937126,195.2434377898525,205.8275977608445,224.8599564173221,225.10886255321003,229.67150454507848,240.8318915758459,207.33788848157977,176.00284088616297,0.0,0.0,0.0,0.0,0.0
2025-06-01 18:44:23.394,0,0.0,0.0,0.0,0.0,0.0,0.0,125.89678312014172,174.8656627242753,268.1678578800972,363.6289317422364,444.94606414710535,504.801941359183,559.08586102673,600.9359366854341,630.0674567060261,635.0511790399258,621.8440318922422,608.6986117940471,540.5598949237725,472.784306000104,425.2646234992983,339.1651515117672,272.01654361453825,221.94819215303377,225.48835890129672,290.17236257093816,394.380526902635,495.98084640437474,566.4274004671737,636.9756667251897,702.2848424962623,745.7948779657848,15.652475842498529,748.3114324931832,725.7637356605799,688.758303035252,642.7223350716855,568.6844467716696,515.1232862140868,414.8493702538308,373.05227515724926,392.72509469093006,400.019999500025,503.75887088963503,616.8986950869648,699.7156565348528,792.9199202946032,862.5850682686317,888.585392632582,936.6771055171574,963.664360656759,917.5107628796516,836.2661059734515,818.4039344968962,762.9475735592846,652.1058196335929,611.2348157623222,597.9673904152299,634.4966508973865,14.142135623730953,7.0710678118654755,1.4142135623730951,5.0,8.48528137423857,8.06225774829855,3.605551275463989,9.0,6.324555320336759,8.06225774829855,5.0990195135927845,756.4132468432847,661.7854637267277,550.7204372456138,482.6945203749469,455.7422517169107,481.17564360636544,586.4077079984539,726.5817228639872,852.9038632812023,954.1891845960108,1083.4412766735445,1174.1081721885764,1246.199021023528,1279.6132228138313,1274.2566460489818,1257.7328810204494,1182.0833303959582,1090.7048179961432,958.5760272404062,827.2182299732036,714.1211381831516,795.3898415242679,762.7581530209952,820.3218880415175,945.3766445179402,1102.26312648115,11.04536101718726,1376.407643105777,1479.1487416754271,1537.4787803413744,1556.618129150499,1523.8349648173846,1472.5053480378265,1374.207044080331,1268.528675276992,1136.0356508490393,967.229548762857,828.6766558797225,714.9132814544712,661.2389885661613,685.3918587202506,731.0902817026089,829.4727240844029,929.7365218167996,1032.83348125436,1085.211960862946,1143.629747776788,1146.0488645777718,1145.2026021626043,1107.6736884118895,1025.21997639531,955.557428938732,868.1716420155636,27.586228448267445,10.63014581273465,5.0,7.280109889280518,0.0,0.0,0.0,128.0,4.123105625617661,3.0,17.72004514666935,902.1269312020344,846.4525976095767,813.6811414798797,722.8969497791508,647.7854583116234,550.0909015790027,493.7894288054373,446.64191473707433,424.1556318145499,419.1443665373543,478.4412189600724,519.5940723295446,556.3595959449248,609.3545765808278,648.718737204345,662.5503754432564,673.0713186579859,653.583965531591,608.7405030060017,541.2023651093923,531.500705549861,481.814279572534,448.4016057063132,372.4741601775887,362.8911682584739,379.8275924679511,7.810249675906654,476.2362858917829,540.0092591798774,592.7444643351804,638.192760848946,652.2392199185817,527.807730144226,496.42723535277554,507.0749451511088,479.6602964599009,441.4997168742014,358.24712141202195,297.7599704459953,255.13133872576296,214.67417171145672,242.00826432169623,254.56236956785267,292.083892058429,356.9495762709349,371.2142238654117,421.6266120633279,431.4313386855433,430.8619268396779,426.82197694120674,407.5708527360611,376.18346587802074,338.0014792867037,9.055385138137416,3.0,6.4031242374328485,17.72004514666935,17.11724276862369,4.47213595499958,4.47213595499958,4.0,6.4031242374328485,8.48528137423857,8.06225774829855,279.6444170728248,325.13535642867265,323.154761685481,342.4748165924029,322.6143208228674,283.0282671395209,287.0052264332481,252.253840406841,242.39224410034245,230.82677487674604,229.1244203484212,229.6540877058364,265.3073689138694,267.67517628648346,292.5645227979633,262.90872941003687,284.4855005092527,282.00177304407146,273.3587386567329,244.43608571567333,234.0299126180241,211.5585025471678,179.77764043395385,172.9566419655516,172.23530416264836,168.88457596832222,8.48528137423857,224.1093483101497,236.29219199965115,244.6630335788388,256.2576828116574,268.972117514065,264.70549673174526,251.87298386289865,244.5240274492468,226.15260334561705,187.20042734993956,144.00347218036097,122.9186723000212,103.24727599312246,77.07788269017254,83.48652585896721,109.04127658827184,136.23509092741122,166.24379687675568,190.646269305224,211.68136431911057,218.40329667841556,240.7862122298534,243.57750306627253,224.4504399639261,202.08908926510605,181.1573901335521,0.0,0.0,0.0,0.0,0.0
2025-06-01 18:44:23.396,0,0.0,0.0,0.0,0.0,0.0,0.0,195.54283418218117,137.82960494755835,140.12851244482687,189.76301009416983,285.2805636562014,368.73025370858846,454.6669110458776,526.1378146455546,585.7960395905728,627.3188981690254,652.5067049463936,659.4459795919602,630.0420620879212,607.3491582277858,565.1088390743857,500.0489975992353,414.79754097631775,333.75440072005046,267.27700986055646,240.30813552603664,258.0736329034797,354.4573317058063,454.47222137332,539.6156039256092,616.0754823883191,701.3715135361573,4.123105625617661,772.6195700343087,775.5830065183223,781.7621121543305,733.3334848484692,689.6441111181912,633.1650653660545,544.1406068287865,488.8537613642755,429.4391691497179,407.9068521120968,466.0,531.6878783647413,644.4571358903554,725.4074717012501,762.7719187280035,857.3243260283707,967.7861333993168,992.8368446023748,947.4940633059396,890.3982255148536,914.7371207073649,849.2643875731515,744.474311175342,681.264999834866,638.4864916347095,629.5347488423495,3.1622776601683795,9.219544457292889,4.123105625617661,9.486832980505138,3.1622776601683795,13.41640786499874,8.06225774829855,15.811388300841896,5.830951894845301,10.0,13.0,900.0227774895477,812.0800453157311,684.8948824454743,572.1477082013,518.390779238983,480.42585275981975,522.8049349422785,633.4390262685115,760.2486435370996,903.99391590873,1045.7824821634756,1144.734467027179,1231.3935195541676,1289.564655222839,1314.152198187105,1318.3815836092372,1256.4871666674514,1172.2294997141132,1061.773045429201,936.418709766096,807.9665834674105,861.4923098902276,768.7938605374005,799.8124780221924,892.2135394623867,1030.596914414166,10.44030650891055,1315.7879768412538,1438.7637054082231,1523.4861338390974,1572.7898778921488,1563.0818916486749,1518.7708846300682,1424.4848191539284,1330.4615740411296,1185.5673747198005,1034.172616152642,878.2192209237965,751.4532586927812,676.6520523873404,657.1286023298636,706.847225360615,794.5117997865104,890.9887765847559,991.3632028676471,1066.06425697516,1107.3829509252885,1143.267247847151,1118.5369908948028,1088.1144241301097,1039.681682054657,939.792530295916,835.9766743157371,12.083045973594572,7.280109889280518,4.242640687119285,4.47213595499958,0.0,0.0,0.0,128.0,6.4031242374328485,5.830951894845301,11.180339887498947,912.2022801988604,852.2704969667788,823.5927391617777,750.4025586310324,654.5991139621257,537.3360214986521,483.9855369739886,450.15552867870014,431.6480047446067,446.7896596833906,506.027667227791,554.1552129142159,609.7647087196831,630.0293643950256,664.4877726489781,688.1925602620244,652.2399865080337,641.1380506567989,623.4484742141888,565.9416931098115,508.9567761608053,450.6395455350096,395.60080889704966,373.8154624945308,385.5191305240247,381.284670554692,11.180339887498947,487.97643385720994,539.2179522234029,600.3707188063055,636.4628818713626,624.551839321605,524.218465909014,475.7110467500203,483.944211660807,413.4585831736959,360.45526768241297,312.41798923877604,263.46346995361614,224.50167037240504,197.85095400325977,225.055548698538,284.4239792985113,326.33878102364724,374.5183573604904,393.6000508130048,414.64322013027055,417.9724871328255,433.8110187627787,406.6607923072988,395.8396139852604,342.96501279285036,291.3365751154496,6.082762530298219,16.15549442140351,5.385164807134504,17.26267650163207,12.041594578792296,11.0,10.198039027185567,12.806248474865695,6.082762530298219,13.41640786499874,1.0,335.52496181357355,357.2408151373524,349.2921413373052,344.20923869065456,332.2845166419886,313.8056723515367,281.1138559374119,267.9272289260649,259.53227159642404,229.7063342618135,221.0022624318584,284.76305940202286,254.15349692656207,305.16389039334257,355.36038045904894,313.1932310890515,313.1549137407874,286.1503101518501,266.7901797293146,248.16325271885037,235.80500418778223,216.1203368496357,176.11927776367924,179.77764043395385,178.48809484108455,215.1278689523977,2.23606797749979,246.0101623917191,265.9793225045887,262.8402556687236,273.72431386341987,255.21951336055793,244.80400323524125,217.8003673091485,213.32135383031863,159.13830462839547,126.1269202034205,123.03657992645928,88.52683209061533,99.84988733093292,121.23530838827442,145.58159224297555,185.0,196.9466932954194,226.45087767549057,237.25513693068905,238.17010727629108,235.7477465427825,223.13448859376263,219.6178499120689,188.7432117984644,149.34523762075577,113.56936206565572,0.0,0.0,0.0,0.0,0.0
2025-06-01 18:44:23.401,0,0.0,0.0,0.0,0.0,0.0,0.0,136.23509092741122,124.90796611905904,184.83776670366908,267.30132809247317,352.0184654247558,437.3785545725807,505.8626295744725,569.7797820210893,603.2453895389503,643.9440969525227,649.6106526220149,655.1717332119877,615.7247761784481,575.0034782503494,511.4938904815971,427.387412074806,342.0774766043506,263.2299375071156,209.34421415458323,232.01939574095957,308.3261260418909,414.0169078672995,501.8067357060883,595.628239760339,666.4923105332874,724.9199955857198,1.4142135623730951,779.539607717273,780.3492807711173,755.0165561098644,703.2588428167825,650.6988550781383,579.4911561016268,494.5563668582177,433.49740483652266,384.61019227264376,379.0369375140106,493.24334764900783,538.7327723463646,595.5518449303974,713.2047391878436,854.9274823047859,885.1129871378004,931.2964082396109,965.786725939014,948.5130468264524,913.1664689419996,845.5986045400027,814.618929316033,717.2419396549535,641.3306479500259,615.6208248589386,593.2731242859396,11.0,21.213203435596427,12.041594578792296,2.8284271247461903,8.48528137423857,5.0990195135927845,11.04536101718726,3.605551275463989,15.620499351813308,13.341664064126334,13.152946437965904,832.2655826117045,716.0405016477769,634.8740032478886,529.1587663452246,465.0268809434568,449.2582776087715,535.6986092944427,637.5719567233176,772.9146136540569,915.8498785281352,1018.8346283867662,1126.6818539410317,1202.0823599071737,1236.4934290161027,1230.921605952223,1244.1450880021991,1190.2310700027956,1112.5043820138417,986.8941179275516,867.1430101200148,749.0507325942616,804.4109646194537,750.7442973476388,783.7576155929842,881.708568632516,1019.147192509502,7.211102550927978,1279.0003909303546,1392.166656690211,1452.5167813144192,1507.260096997197,1487.7768649901773,1445.6808084774457,1356.2249076019802,1248.348108501791,1112.6405529190458,962.7486691759174,827.3934976781,705.014184254473,628.7972646250936,617.8171250459152,697.5621836080279,764.9660123168871,869.6694774453108,950.4577844386356,1034.8043293299463,1066.028142217643,1085.4648773682177,1063.5661709550564,1036.8654686120085,973.8921911587544,896.5294194838226,804.763940544058,5.830951894845301,9.433981132056603,5.385164807134504,16.278820596099706,0.0,0.0,0.0,128.0,11.0,10.0,17.26267650163207,856.1687917694735,827.2907590442431,769.6655117646886,706.8833001281046,616.9246307289084,520.7533005176251,470.6846077789245,429.10604749875057,403.3869110419921,407.70822900697016,454.1200281863816,503.5086891007939,556.3245455667043,579.2451985126851,607.6331129884217,636.2460215985637,625.2071656659095,612.0457499239742,569.0079085566387,523.3278131343681,478.0010460239601,423.5398446427443,394.0,351.15950791627444,325.5764119219941,354.9704213029587,10.63014581273465,452.765943948968,502.22405358564816,538.2378656319156,580.2663181677875,588.0085033398752,473.7129932775752,451.43770334344026,432.7597485903697,394.8670662387533,350.1042701824701,291.38462553813645,227.85302280198084,203.19448811422023,169.95587662684687,193.43732835210477,237.89283301520456,279.0286723618202,318.10061301418455,359.4801802603309,385.50226977282506,404.7838929601819,418.4172558583119,418.2977408497445,395.6677899450497,336.14431424612854,308.6000648088072,14.866068747318506,9.219544457292889,7.0,12.529964086141668,9.433981132056603,2.23606797749979,8.602325267042627,17.029386365926403,16.1245154965971,19.235384061671343,6.4031242374328485,335.8005360329254,352.2101645324848,357.8435412299627,353.47560028946833,358.2652648527345,330.9531688925187,318.8306760648981,313.0191687421075,264.2820463065927,262.4137953690697,265.9323222175146,246.9817807045694,275.85503439306666,300.8072472531205,323.21045775160184,320.44032205700955,321.10434441159464,317.29008808974794,279.17915394957413,278.0287754891569,245.246814454337,207.38611332488009,199.12307751739877,191.04188022525324,182.7785545407338,195.28952864913165,11.40175425099138,235.73289969794203,258.0949437706985,281.101405190369,278.0017985553331,277.2525924134885,272.94321753800733,252.1606630701942,237.69728648009425,200.6913052426537,185.87361297397757,149.88328792764054,102.20078277586722,86.37129152675674,98.97979591815697,127.94530081249565,141.56623891309678,191.60636732634956,198.40614909825752,223.03587155433092,241.20530674095875,238.8053600738476,244.07375934335911,236.2414019599443,204.08331631958552,183.86136081297775,156.20499351813308,0.0,0.0,0.0,0.0,0.0
2025-06-01 18:44:23.404,0,0.0,0.0,0.0,0.0,0.0,0.0,113.22543883774529,127.1416532848303,190.68560512005095,274.4758641483801,369.10973977937783,438.6000455996328,502.1553544472069,550.9382905553035,592.4229907760164,620.3096001191662,627.37628262471,634.0,596.6121017880881,537.4095272694744,484.33253039621445,403.1401741330179,320.6524598377502,244.29490375363952,217.7200036744442,237.48894711122873,298.11742652854093,407.20756378043865,494.69283398893094,574.8017049383204,661.8798984710141,713.1795005466716,15.264337522473747,761.9160058694134,770.8242341805296,736.7061829521997,681.065341945984,629.6229030141772,573.7333875590648,485.20201978145144,421.8554254718078,376.3841123108147,386.9431482789171,483.8233148578105,505.4463374088292,629.7697992123789,727.9793953128069,837.6156636548769,860.1034821461892,912.3157348199142,946.9973600807976,885.8634206241953,886.5957365112919,868.8158608128653,776.6414874316206,735.533139973992,668.8086422886594,614.8666522100544,614.0439723668004,3.605551275463989,12.649110640673518,5.0,3.0,5.0990195135927845,5.0990195135927845,3.0,10.0,6.082762530298219,12.806248474865695,10.0,827.0,738.7990254460275,637.9921629612702,567.2812353674321,516.9912958648337,496.1219608120568,575.4389628796438,649.3234941075211,800.5829126330389,928.6000215377986,1040.490749598477,1140.078067502397,1216.605934557283,1256.359821070381,1245.8571346667322,1240.2096596946824,1180.6777714516354,1096.067516168598,987.4922784508242,870.6698570640883,769.6966935098526,831.3946114812147,790.9146603774645,831.409044935163,925.0264861072898,1056.9134307028178,9.055385138137416,1310.9694885846886,1401.043182774892,1456.5387052872986,1502.4423449836602,1474.1183805922778,1419.6848241775356,1339.0631053090815,1226.7232776792002,1090.269691406672,954.8492027540264,832.6277679731802,708.768650548259,655.8239092927308,662.3609287993971,710.330204904733,785.6220465338279,870.6003675625229,967.293130338472,1023.5550791237372,1055.8418442172103,1054.5449255484566,1069.9836447348157,1015.1970252123476,952.1859062178982,872.482091506754,790.3644728857694,1.4142135623730951,12.041594578792296,12.36931687685298,6.4031242374328485,0.0,0.0,0.0,128.0,2.23606797749979,12.0,11.40175425099138,855.8673962711747,816.5151560136529,772.53478886067,715.3083251298002,637.2832965016422,528.6217929673351,475.5638758358334,415.7811924558397,388.28984019672725,433.67384057607165,453.03531871146646,503.62088916167886,563.3134118765503,614.0244294814336,637.7656309334958,652.2162218160478,638.6235197673195,624.6983271948149,593.2436261773067,550.4080304646726,506.1225148123723,443.4343243367613,384.0052082980125,336.1487765856065,335.0492501110844,366.4928375834922,11.6619037896906,466.3228495366703,527.4637428297797,565.2548097982007,590.1609949835722,594.9268862641862,496.2509445834839,478.7744771810627,453.7895988230669,405.2776825831889,369.5361957914272,332.0,264.3709515056448,218.55205329623425,181.79658962697843,188.904737897174,226.1061697521764,287.27861041156547,313.64310928187155,346.5544690232691,390.97826026519687,404.6652937922895,424.5303287163357,405.7893542221136,373.84087523972016,359.2798352259698,319.7561570947462,7.810249675906654,10.44030650891055,12.727922061357855,1.4142135623730951,12.806248474865695,3.1622776601683795,1.4142135623730951,9.433981132056603,10.63014581273465,10.04987562112089,8.06225774829855,333.58806933102386,362.03452874000845,356.4295161739555,352.66131060835124,356.527698783699,326.18553002854065,313.39751115795417,269.1115010548602,255.4094751570505,242.1652328473268,253.95472037353431,251.07170290576352,269.3640659033792,312.1938500355188,314.8412298286233,308.6373276193273,314.3564855383137,303.65934861288235,300.04166377354994,284.42925306655786,260.9233603953467,222.60727750906975,189.15602025840997,184.83506160899236,189.2353032602532,198.82907232092597,7.211102550927978,223.6179778103719,264.6998299961675,271.2231553536681,275.9148419349709,271.4295488704205,267.88430338487547,246.62927644543743,220.61958208645035,193.70596273734063,165.24527224704494,122.03687967167956,95.25754563287887,95.81753492967766,99.04039579888602,129.0155029444136,150.23315213360866,166.68833192518306,199.0628041598932,215.13948963405113,219.65882636488797,233.43093196918016,220.98416232843476,209.093280618962,208.06249061279644,181.9148152295464,142.00352108310554,0.0,0.0,0.0,0.0,0.0
2025-06-01 18:44:23.408,0,0.0,0.0,0.0,0.0,0.0,0.0,112.8937553631732,165.73774464496614,266.6027006614899,366.5310355208683,442.4036618293298,512.5329257716035,572.4657194976832,608.8021024930844,628.0286617663241,641.0007800307267,658.073704078806,620.5320297937891,569.6042485796607,491.1873369703254,417.3463789228319,339.3081195609678,254.82543044209697,210.48990474604713,212.40762698170704,281.02668912400475,388.3258940632211,485.3905643911921,579.0276331920611,668.8146230458781,720.9895977058198,773.6827515202856,9.055385138137416,786.3822225864468,775.5269176501871,713.824208051254,663.162875921142,601.0407640085654,540.8326913195984,439.87384555119894,391.95025194532025,343.6800837988725,391.1265779770022,524.363423590929,624.2002883690459,714.0028011149536,786.3078277621303,919.3677175102464,932.1099720526544,1019.0632953845408,990.8405522585356,971.3629599691352,896.5913227329384,845.1585650042246,765.2777273643864,722.59601438148,665.375082190489,617.1782562598912,642.0669746996804,12.041594578792296,1.4142135623730951,8.94427190999916,4.47213595499958,10.0,13.0,7.0710678118654755,11.04536101718726,10.63014581273465,18.24828759089466,11.40175425099138,815.9810046808688,703.4635740391965,648.1975007665487,549.3022847212635,511.00880618635136,517.6968224743126,629.832517420306,737.7940091922677,863.29253442851,1014.4180597761456,1122.4562352270132,1204.938172687711,1289.5770624510967,1304.181735802185,1287.186855122441,1290.0806176359677,1206.7829133692603,1134.5774543855523,1008.044641868603,882.1502139658529,749.6325766667294,824.457397322627,812.4586143306009,860.1034821461892,955.9231140630504,1110.927990465629,13.038404810405298,1359.8047653983274,1470.4016458097426,1520.1503215142902,1565.8304505916342,1521.0687032478183,1487.075653758073,1370.636348562229,1260.3590758192684,1132.0269431422555,986.5520766791786,862.4152132238855,737.5127117548551,678.9675986378143,668.0493993710345,740.2702209328698,794.9748423692413,915.3387351139468,986.8941179275516,1051.2188164221568,1099.8368060762468,1125.8419071965654,1081.6455056995335,1053.3285337443394,1007.2402891068248,904.6590517979688,829.2846314746222,24.186773244895647,2.8284271247461903,2.0,2.0,0.0,0.0,0.0,128.0,13.038404810405298,15.132745950421556,9.433981132056603,876.1192841160387,838.873649604039,816.635169460635,732.0,666.756327304061,547.8476065476603,506.50271470151074,440.2839992550263,422.6405091800832,446.6631840660253,495.4563552927745,504.2271313604614,572.0533191932375,611.1006463750468,653.9028979902139,665.1954599965336,671.8965694212168,650.4805915628843,616.11443742214,579.5670798104392,527.273173981002,471.62061023666047,430.20576472195256,392.7658335446198,387.0813867909435,388.73770077006935,12.806248474865695,492.31087739354285,553.8519657814712,582.0730194743611,633.444551638105,657.0312016944097,544.8118941432905,524.1545573588004,492.36673323854853,473.06870536952664,419.3483039193076,375.8324094593227,310.9614123971011,252.7152547829276,232.56181973832247,223.57325421436255,277.72108310317384,318.1351913888182,355.71899021559136,409.49969474958095,432.1770470536352,463.18570789695144,466.06866446908873,467.1241804916547,422.47011728641826,393.91369613152574,358.53730628764424,9.899494936611664,17.204650534085253,4.47213595499958,5.385164807134504,16.1245154965971,12.649110640673518,13.601470508735444,1.4142135623730951,16.15549442140351,4.123105625617661,27.65863337187866,346.8400207588507,358.35317774508434,377.24262749588627,396.4290604887588,379.458825170795,337.8771966262299,310.57688259109045,275.4850268163408,248.3646512690564,271.4479692316743,240.7072911234722,232.24340679554285,243.70679104202247,275.0727176584403,287.9027613622349,305.1884663613617,313.2554867835518,320.7023542164915,309.8548047069788,302.61031046545656,285.9388046418324,237.6257561797542,207.4246851269154,187.18172987767795,186.63868837944617,176.23847480048164,10.0,208.89231675674432,227.24656213021137,243.18922673506736,272.0018382290826,271.56214758320056,273.4684625327023,250.7149776140229,238.6063704095094,225.43513479491168,195.25624189766637,147.82760229402356,117.83462988442744,99.32270636667126,86.02325267042627,84.2140130857092,109.20164833920778,139.8177385026664,178.80995498014084,189.73665961010275,201.1591409804685,228.77936969928035,232.8797973204202,234.75306174787156,221.60324907365415,197.2460392504752,172.01162751395617,0.0,0.0,0.0,0.0,0.0
2025-06-01 18:44:23.409,0,0.0,0.0,0.0,0.0,0.0,0.0,125.0,195.48913013259843,281.78360491696463,379.969735636932,447.1889980757577,520.0201919156601,582.0695834691932,620.9959742220557,650.0353836523055,649.3727742983995,635.0125983002227,614.6543744251724,567.6521822383844,511.77045635714455,428.52887884015473,333.64951670877633,254.24397731313127,204.79501947068928,231.0086578464106,302.88776799336085,388.58975797105103,483.92148123430104,576.2672990895804,660.6738983795258,724.4584184064672,761.8044368471478,9.486832980505138,767.9648429453005,758.5255434064169,710.6905092936024,645.631473830079,577.021663371489,485.828158920415,423.6248340218028,360.40116536992497,365.3176699805253,400.4060439104285,525.1018948737474,608.3165294482799,715.0272722071516,818.3520025025906,895.938055894491,902.2017512729624,960.9562945316504,916.6422420988464,910.0247249388336,874.6485008276181,855.3128082754286,741.243549718984,670.7316900221728,622.4082261667177,605.0429736803825,642.6709889204584,6.082762530298219,12.529964086141668,8.246211251235321,7.615773105863909,5.0990195135927845,9.486832980505138,10.0,12.806248474865695,2.8284271247461903,19.313207915827967,10.0,794.4287255632188,715.069926650534,605.1528732477439,547.7526814174441,490.1683384307885,477.913172030234,594.794082014944,704.1264091056378,808.7385238753005,941.6283768026536,1057.8515963971506,1160.9875106994043,1232.214672855343,1267.5093688016668,1276.3212761683478,1258.4689110184645,1185.6221995222593,1117.0751989011303,998.4387812980824,875.7608120942613,774.2467307002336,837.6025310372456,809.9506157785177,834.5903186594007,951.7000577913192,1080.2407139151903,16.0312195418814,1374.0524007475117,1455.0054982713982,1532.964774546369,1563.1970445212594,1550.9419718351812,1510.056952568346,1395.4970440670952,1311.600548947735,1186.9663011223192,1027.9319043594278,899.3475412764523,777.946013551069,704.9155977845859,707.9505632457679,757.1505794754436,836.6373168822915,935.0614953039184,1020.6164803686056,1078.900366113572,1125.3203988198206,1127.2373308225735,1138.0764473443776,1099.6167514184203,1044.9904305781945,948.3612181020478,863.9241864886062,6.4031242374328485,18.24828759089466,9.433981132056603,9.0,0.0,0.0,0.0,128.0,5.385164807134504,6.4031242374328485,12.041594578792296,884.6858199383553,847.5293505242164,805.4197663330594,755.6513746430956,669.0605353777788,535.2121074863684,489.74483151943525,432.67077553262135,407.962008035062,411.41827864109297,446.9720349194119,495.90321636383845,527.0768444923377,580.7374621978506,601.2054557304017,635.963835449784,630.9746429136436,621.13444599378,595.4771196276142,545.5391828274115,526.8472264328626,466.80402740336336,403.0,375.50632484686594,373.18628056240226,359.9847218980272,6.708203932499369,460.7656671237561,512.0009765615687,540.3415586460105,586.7282164682384,617.9619729400831,487.6494642671106,452.67758946075514,471.2504641907528,426.91919610155736,388.33619455312174,321.6037935099647,279.8035024798653,236.03389587091087,197.0913493789111,201.9108714259834,252.16859439668536,292.6465444866896,335.87199942835366,371.6463372616499,398.7292314340648,435.1746775721216,446.07174310866185,445.4660480889649,428.9114127649205,387.40805360756247,348.81083698761427,8.246211251235321,8.602325267042627,8.246211251235321,8.0,16.1245154965971,9.219544457292889,6.082762530298219,14.212670403551895,9.055385138137416,13.0,12.529964086141668,352.1491161425796,369.7566767483719,391.61843674679056,375.32519233326184,381.3200755271088,350.75490017959834,351.1353015576759,313.70368184004474,264.76404589747455,241.7457341919398,255.66579747787932,256.8443108188305,244.91018761987016,295.14911485552517,335.0582038989644,311.53811965793204,328.42046221269464,336.0014880919428,321.560258738545,300.7806509734295,288.8909828983937,254.1515296038959,258.5362643808408,219.93862780330335,186.3357185297548,199.090431713832,4.123105625617661,217.4143509522773,232.6478024826368,254.02362094891885,273.0164830188829,276.37112729082247,274.1860682091634,255.5621255194126,240.20407989873945,223.6179778103719,209.61393083476108,168.0238078368658,134.23859355639868,105.152270541344,104.0768946500615,112.0044641967453,127.534309109353,152.0526224699857,193.9613363534083,213.60009363293827,235.84740829612693,235.0914715594762,237.60892239139503,235.535559947962,222.73302404448245,207.2003861000264,193.56910910576616,0.0,0.0,0.0,0.0,0.0
2025-06-01 18:44:23.417,0,0.0,0.0,0.0,0.0,0.0,0.0,131.18688958886096,185.8090417606205,283.8538356267183,377.8306498948967,448.52870588179746,517.3664078774345,581.1239110551209,617.2560246769568,648.6979266191622,646.3451090555261,648.6724905528213,614.3590155601202,550.236312869298,505.8893159575521,408.2670694533175,335.6724594005293,241.32343441945292,206.3492185592182,233.37951923851415,294.8847232394381,395.3454185898706,489.74483151943525,583.8227470731164,671.3106583393414,738.1937415069299,753.9827584235597,7.615773105863909,779.6024627975465,741.923176616016,708.801805866774,653.5395932917913,560.7896218725878,520.5708405202888,433.5585312273304,395.3985331282856,396.2890359321085,434.3328216932264,549.0646592160163,611.2650816135337,699.9321395678298,801.4649087764229,890.067974932252,919.5025829218752,968.4012598091764,956.7371634884892,959.0709045737964,909.960988174768,814.1277541025119,780.8155992294211,702.125344934934,618.6186224161054,632.7922249838409,650.3698947522095,10.770329614269007,1.0,18.601075237738275,5.0,8.0,13.601470508735444,9.219544457292889,10.63014581273465,4.123105625617661,20.0,17.029386365926403,806.8035696500109,713.8809424546926,616.4746547912574,536.6907862074772,520.5045629002689,494.96868587820785,588.6263670614833,699.7199439775887,838.222524154535,959.7213137156016,1087.313202347879,1169.94786208617,1220.6268881193794,1263.210196285638,1273.7601815098476,1263.4278768493275,1202.8050548613437,1108.3722298939108,1006.0864773964512,866.9232953381746,775.1264412984503,849.0005889279465,810.0302463488632,846.8341041786166,926.6741606411608,1072.1571713139824,16.76305461424021,1331.352695569435,1471.440450714877,1520.7251559700062,1590.0742121045798,1550.442839965408,1512.635117931618,1392.3218018834582,1302.439633917826,1167.7165752013627,1048.0696541738057,908.9653458740878,780.2166365824303,690.8791500689538,693.3065699962751,747.0829940508618,822.5241637787914,914.2428561383458,1006.8664260963318,1065.5824698257757,1104.6814020340887,1125.3035146128354,1107.8813113325814,1085.6343767585845,1019.6886779797056,939.9111660151718,847.9245249431107,3.1622776601683795,7.0710678118654755,14.560219778561036,9.055385138137416,0.0,0.0,0.0,128.0,7.280109889280518,7.0710678118654755,8.06225774829855,866.8886895097894,823.1767732388955,788.8833880872381,722.0692487566549,655.1679174074384,538.0929287771769,490.7229360851192,445.69496295111975,403.0198506277327,388.6296437483893,442.4850279952984,485.0505128334574,531.6060571513459,563.0497313737038,583.1577831084826,626.1988502065458,614.6494936140434,603.5602703955919,578.9162288276258,526.920297578296,496.4483860382669,435.71779858068686,425.9131366839957,375.2932186970609,356.23728047468586,357.26180876214573,5.385164807134504,450.9246056715025,484.1260166526893,533.6037855937681,579.6835343530123,596.3623059852123,495.581476651418,471.9745755864398,469.1918584118867,436.74363189404374,388.9087296526011,336.78776699874356,296.9208648781692,240.6013300046365,215.77998053572995,229.99347816840373,245.09997960016236,280.2356151526783,343.1180554852805,385.64361786499205,400.3123780249619,420.3296325504544,445.9260028300659,428.4670349046704,439.31765272977594,398.0577847499029,367.9252641502076,14.142135623730953,18.439088914585778,9.0,10.770329614269007,2.23606797749979,11.31370849898476,21.095023109728988,17.4928556845359,7.211102550927978,18.384776310850235,21.470910553583888,372.3130403303113,364.17715469260287,380.13155617496426,385.0519445477454,369.92566820916875,349.954282728473,351.3360214950924,322.57867257461396,283.1130516242584,256.3201123595259,244.6630335788388,261.70594185077266,264.04734423962685,299.2824752637548,320.3513695928269,310.75713990188547,328.3321488980328,345.14489710844634,314.8650504581288,302.95214143491376,305.6795707926848,266.101484400219,247.2670621008791,220.60145058453264,207.19314660480447,195.143536915779,12.083045973594572,212.5323504786977,247.1113109511582,258.68320393871727,267.36678926149375,275.5358415887124,288.4874347350331,270.2480342204176,246.272207120495,236.00847442411893,202.00990074746335,175.20844728494114,147.13938969562162,109.65856099730654,96.79876032264048,112.60550608207396,132.3782459469833,159.0,182.72657168567463,197.0406049523803,228.0350850198276,235.28068344001383,244.03483357914297,239.01464390283704,233.05364189387817,218.55205329623425,187.76847445724215,0.0,0.0,0.0,0.0,0.0
2025-06-01 18:44:23.422,0,0.0,0.0,0.0,0.0,0.0,0.0,140.80127840328723,127.88275880665071,203.4354934616868,280.25702488965374,379.0211075916485,461.3415220853202,529.7065225197817,595.3226016203315,642.4772369508511,665.9587074286213,659.4619018563544,659.6559709424299,616.2353446533232,573.467523056014,499.26445897940704,427.2750870341027,348.9011321277132,259.12352266824405,219.0091322296858,243.3926868252208,315.62794553081005,412.8195731793734,506.96844083236584,600.681279881436,691.3848421827022,738.9837616619191,14.866068747318506,786.2544117523285,788.5917828636055,753.3292772752164,706.4757603768157,645.0612374030857,584.5930208273103,501.4618629566958,424.09550811108573,403.8663145150881,379.8855090681928,481.6897341650536,553.6180994151113,656.2499523809506,748.7542988190452,854.8707504646536,920.4569517364732,958.3449274660976,983.5024148419768,1003.9482058353408,904.0796425094418,870.1132110248643,818.7337784652591,752.7795161931547,670.6153890271233,648.1026153318624,645.3836068571931,17.11724276862369,15.132745950421556,22.561028345356956,15.297058540778355,11.180339887498947,7.810249675906654,13.0,17.0,15.524174696260024,8.06225774829855,14.866068747318506,878.9340134503841,778.7843090355634,704.9687936355765,597.4780330689991,527.1887707453565,500.61761854733,571.4157855712423,677.6023907868095,817.8832435011736,951.4830529231722,1058.531529998044,1169.8658042698744,1244.2222470282388,1294.8150447071582,1321.217998666382,1286.0676498536147,1251.147073688781,1162.357948310244,1055.8882516630251,921.1541673357398,803.9950248602288,873.0750254130512,808.4509880011279,823.7718130647588,910.0664810880576,1053.639881553465,17.804493814764857,1328.5063040874138,1444.3410262123,1514.4744963187727,1573.9075576411722,1559.389944818165,1520.2647795696644,1424.121132488385,1337.9465609657211,1212.0107260251457,1068.1708664815756,920.1179272245488,779.0275989976221,695.1294843408673,693.98919299943,732.4868599504022,804.6266214835301,876.3452515989346,978.4405960506748,1057.2757445434945,1100.2840542332694,1129.34538561062,1134.413064099669,1085.210117903441,1045.1353979269863,962.7611334074512,871.8216560742226,14.560219778561036,8.54400374531753,14.142135623730953,17.72004514666935,0.0,0.0,0.0,128.0,2.23606797749979,6.324555320336759,8.94427190999916,887.4192921049215,847.0047225370116,804.114419718985,739.7688828276031,670.1417760444427,559.2253570788793,505.8903043150758,445.7095466781029,418.64543470579014,417.9389907630059,459.41919855400033,511.00391387933615,546.3195035874154,584.7879957728271,620.4852939433779,644.6929501708546,659.0690403895483,616.3262123259078,611.9648682726812,557.4872195844493,538.9109388386915,460.2977297358743,427.8142120126446,393.6000508130048,393.1017679939891,396.3130076088849,9.219544457292889,479.96354028196765,534.5353122105217,577.2365199811945,607.6981158437139,615.9025897006766,520.2547452931112,472.3557981013888,483.1004036429694,427.9369112380936,388.9730067755345,333.3976604596979,280.58866691297425,238.90793205751876,217.86234185833953,247.135590314305,291.5681738461864,295.0423698386386,363.9299383123076,412.3311775745317,433.2216522751374,459.4975516800933,466.120156182931,453.322181235377,437.7682035050056,390.1204942065976,326.8914192816936,5.0990195135927845,4.123105625617661,15.0,19.924858845171276,16.64331697709324,14.317821063276352,5.0990195135927845,11.6619037896906,8.94427190999916,4.123105625617661,12.16552506059644,395.98989886106943,394.689751577109,419.4401029944562,407.54140893901814,385.12984823303424,356.4505575812724,338.8244383157744,271.82531155137116,294.7490457999822,247.85883078881815,244.51789300580847,258.7856255668,287.8350221915325,296.7439974119106,323.9567872417554,323.6186026791414,330.96978714076005,334.57136757349696,328.97568299191965,310.7104761671225,278.1150840928985,243.89546941261537,228.55415113272392,208.09613163151303,194.85892332659543,207.88458336298052,9.219544457292889,225.50388023269133,258.14143410154054,259.7883754135277,263.73471519691907,279.5514263959317,269.1635190734435,252.29546171106605,247.3095226634025,218.01376103356412,179.655225362359,153.73353570382747,114.0175425099138,101.49384217774002,108.2266141020775,126.17844506887856,135.15176654413364,178.31713322056297,200.83824337013107,214.96511344867105,229.2967509582288,230.68810112357335,222.9484245290825,226.3183598385248,207.06762180505189,183.98369492974095,152.21038072352357,0.0,0.0,0.0,0.0,0.0
2025-06-01 18:44:23.425,0,0.0,0.0,0.0,0.0,0.0,0.0,126.14673994994877,123.1990259701756,193.80660463462024,293.28825411188905,369.77019890737546,465.98819727542457,542.4131266848176,599.9099932489873,658.9112231552897,678.4607578924517,696.0416654195351,678.4128536518158,641.942365014181,589.8686294421835,528.4931409204854,438.353738435068,353.4543817807328,274.71075697904513,219.6724834839357,241.67747102284895,323.31099579197735,415.101192482026,514.7756793011885,616.2288535925594,695.4142650248124,764.8267777738956,15.811388300841896,817.5065748971075,807.6063397472806,796.9473006416422,730.0328759720346,677.8038064218879,609.1732101791739,509.2838108559902,425.5643312120977,392.5098724873045,413.8236339311712,466.6347608140654,575.5215026391281,653.5418884815265,815.4293347678878,862.278957182651,939.9936169996048,1033.4650453692182,994.4651828998338,1023.1798473386776,929.0791139617768,896.3955600068532,822.6013615354645,767.049542076651,667.1686443471395,638.7566046625271,615.9878245549988,11.40175425099138,9.219544457292889,12.529964086141668,6.0,11.40175425099138,12.16552506059644,5.0990195135927845,2.0,3.1622776601683795,6.0,8.246211251235321,877.1818511574438,787.6750599073199,679.2584191601898,586.6685606030035,518.7870468699078,483.359079774033,570.46735226479,653.1600110233326,781.3097977115095,913.7176806869832,1046.501313902663,1158.1558617042872,1242.5139838247294,1271.242305778092,1308.5579849590158,1300.752474531569,1241.9520924737797,1138.6456867700329,1049.806172586159,913.3334549878264,805.4495639082561,861.7267548358934,796.427648942451,817.5879157619687,894.6177954858712,1032.2504541050102,5.385164807134504,1307.1285323180732,1421.5080020879236,1509.6307495543406,1550.9384255991597,1543.782368081719,1509.979138928747,1413.0127387960804,1308.62523283024,1186.3241546896024,1041.2886247337958,907.6745011291216,765.3319541218699,698.176195526602,671.107293955296,714.4354414501005,797.6277327174627,873.8747049777788,994.9839194680484,1054.1214351297483,1106.5464292111742,1124.1374471122292,1095.2337650017917,1076.9591450004034,1030.493571061945,950.5372165254762,873.0366544424123,8.602325267042627,7.211102550927978,13.0,3.1622776601683795,0.0,0.0,0.0,128.0,5.0,9.899494936611664,19.1049731745428,887.2880028491313,855.114612201195,784.23529632375,724.7654793103767,657.5325087020412,559.9723207445168,491.85871955267805,442.3980108454377,415.88580163309257,419.6093421266976,452.09291080484775,505.14255413694855,551.3655774529274,599.5331517105622,623.3498215288106,646.1841842694697,656.4998095963166,630.6568004866039,602.32632351575,555.0225220655465,510.3038310653762,449.60427044235246,424.3795471037689,382.2054421381255,351.55227207344285,390.69809316145887,5.0990195135927845,463.2072970064267,507.38249871275616,574.4214480675316,600.0674962035521,624.7599539022967,498.96392655180995,472.8689036086006,482.3795186365192,439.62825204938775,399.96249824202266,351.17659375305755,303.7795253140014,270.4071004984891,218.28879952943075,250.56935167733505,285.0438562747845,317.34523787194286,376.9482723133242,409.0990100208017,452.6035793053343,470.383885778414,460.296643481136,462.9643614793692,430.22784661153673,409.2004398824615,368.8265174848468,9.848857801796104,7.0710678118654755,3.1622776601683795,14.142135623730953,9.219544457292889,12.041594578792296,10.04987562112089,10.198039027185567,12.806248474865695,18.027756377319943,15.811388300841896,427.16975548369527,422.8628619304372,431.8703509156423,443.42417615642023,418.2690521661864,379.4232465202943,360.5440333717922,314.21330334662787,301.2507261402037,296.4354904528134,269.80363229578654,295.006779583114,324.5242671973854,344.67520943636197,377.0013262576141,339.94852551526094,361.7969043538101,371.7270504012319,359.64982969549703,338.76392960290207,313.0814590485997,280.6314308839977,240.8692591427972,219.80445855350615,230.7899477880265,220.111335464578,19.313207915827967,263.751777245197,278.1726082848561,289.36482163524994,293.8588096348313,303.1913587159106,298.2096577912929,273.64210202379314,251.28867861485523,227.3719419805355,192.33304448274092,157.54681843820268,123.06502346320826,130.50670480860362,124.57929201917948,134.6476884316994,162.92636373527768,204.27677303110113,213.60009363293827,229.9956521328175,237.6552124402072,259.42243542145695,260.4611295375953,240.160363090998,227.43130831088317,203.49447166937975,167.40967713964446,0.0,0.0,0.0,0.0,0.0
2025-06-01 18:44:23.428,0,0.0,0.0,0.0,0.0,0.0,0.0,140.51334456200237,123.3288287465668,194.80503073586164,284.541736833105,385.12984823303424,476.2541338403269,542.5605956941583,607.9679267856159,652.441568264929,689.4055410279207,695.7355819562487,685.3393320100635,652.5771984983845,595.9437892956013,531.1609925436919,448.0379448216412,344.53011479404813,264.48440407706465,199.40912717325656,237.3562722996803,314.45349417680194,419.4865909656708,523.092726005629,617.5993847147195,706.402859563861,766.0058746511021,22.80350850198276,833.9838127925506,811.7419540716126,795.3929846308679,738.6108583009053,684.2141477636955,604.3343445477842,518.5219378194138,449.6276237065512,399.6861268545607,400.47596681948346,506.67543852055826,571.5811403466703,644.9806198638839,769.3789703390651,838.6620296639165,895.782339633909,940.1361603512546,972.9218879231776,996.2655268551651,941.8418126203572,909.4107982644588,832.91356094135,742.6991315465502,683.3425202634473,651.1528238439882,646.6938997702081,4.123105625617661,14.7648230602334,5.0,12.529964086141668,6.4031242374328485,3.605551275463989,4.123105625617661,7.280109889280518,6.324555320336759,9.219544457292889,15.033296378372908,861.2014862969061,786.2060798543853,682.7393353249834,588.4895920914829,530.3857087064092,500.8313089254704,568.3097746827868,657.5416336628426,810.9408116502708,900.3110573574003,1033.719981426305,1147.5835481567344,1225.5447768237602,1273.612185871351,1298.294650686045,1267.9534691777928,1226.7619981072123,1138.6746681998331,1050.5660379052808,919.1670142036212,804.1106888979899,881.3274079478068,818.081902990159,829.0096501247739,919.0919431699964,1055.277214763969,8.94427190999916,1327.3507449050533,1430.34296586518,1507.4223031387055,1550.2403039529063,1536.643745309888,1502.853618952957,1412.4280512649132,1319.7200460703775,1184.48047683362,1038.4185090800336,901.742757109809,790.1113845528363,713.395402284035,705.5813206144278,734.006130764587,817.6319465382942,895.7795487730226,986.3194208774356,1042.1386663971357,1098.9035444478282,1112.7084074455445,1111.2011519072505,1080.4822997161962,1024.490605130179,948.692257794908,849.5198643939999,6.4031242374328485,2.23606797749979,10.295630140987,13.038404810405298,0.0,0.0,0.0,128.0,17.204650534085253,2.0,4.47213595499958,882.6352587564129,855.3478824431612,797.9674178812065,732.2629309203081,635.0716495010622,536.6982392369105,475.3703819128827,431.459152180134,401.70760510600246,431.11599367223664,475.46398391465993,523.8864380760396,575.7308398896137,608.9630530664401,647.3801047298256,649.4158913978007,670.7346718338034,641.922892565766,625.5661435851528,574.9382575546699,529.0491470553562,443.1026968999399,381.90705675596,349.07019351414124,348.79936926548476,350.61232151765574,9.433981132056603,438.8462145216705,511.5593807174295,555.518676553723,588.9821729050889,612.0596376171198,497.22932335090616,476.13548491999626,466.897204960578,439.8772556066067,390.59057848340376,344.14531814336806,289.0674661735561,236.1778990506944,213.60009363293827,220.238507078122,266.5576860643865,317.90721916936707,363.00137740785505,403.11288741492746,442.8780870623427,454.82853912216194,465.55987799637546,456.9463863518345,442.3041939660984,409.33360477732583,363.91757308489514,5.385164807134504,13.41640786499874,8.06225774829855,9.219544457292889,14.0356688476182,5.656854249492381,8.246211251235321,8.246211251235321,13.892443989449804,22.09072203437452,7.0710678118654755,393.28869803237416,419.2183202103649,419.3447269252351,419.2016221342661,390.4382153427095,356.78845272794354,337.0534082308025,317.52952618614853,273.0311337558411,268.1510768205118,258.3118270617898,303.37105992497044,322.93962283993585,354.79853438254224,388.9087296526011,369.48071668221064,363.0716182793692,363.0385654444993,346.0520192109851,340.2969291662797,311.3647378878989,270.29613389761977,243.89546941261537,216.91011963483865,216.34232133357543,223.0807028857494,12.041594578792296,262.36043909095747,284.45034716097643,290.33773437154184,309.0954545120326,298.52973051272465,295.6924077483221,275.42875666858026,265.70660511172844,223.0896680709351,188.52055590836773,152.31546211727817,115.88356225108028,100.4987562112089,112.6809655620682,142.80056022299073,172.9855485293497,197.57024067404484,219.92044015961773,243.21184181696415,252.25780463644728,257.0992026436488,260.5724467398654,246.59480935331953,236.18001608942276,186.560981987124,162.7820628939196,0.0,0.0,0.0,0.0,0.0
2025-06-01 18:44:23.430,0,0.0,0.0,0.0,0.0,0.0,0.0,116.9700816448377,128.37834708392222,195.41238445912276,295.16944286290885,391.3693907295255,472.6118915135335,547.5189494437612,609.5900261651268,649.6160404423524,672.9635948548777,684.7481288765965,674.4249402268573,636.5948476071732,572.1415908671559,509.0825080475659,431.5889247883917,334.0957946457872,253.03161857759991,199.42166381815193,234.3608329051593,308.7345137816632,412.4330248658562,511.8329805708108,631.3240055629122,702.2599233901932,753.8832800904926,5.385164807134504,807.2930075257682,813.8408935412376,774.1136867411659,732.1748425068974,650.2568723204699,592.4997890294983,491.0244393103056,409.21632421006865,396.3130076088849,394.6200704475128,485.09998969284675,559.0572421496747,675.5923326977594,748.8404369423436,847.2602905837143,926.568939690944,972.346646006454,1023.2248042341428,968.4565039277708,980.6309193575328,901.457708381264,838.4032442685321,730.7379831375949,644.9077453403704,592.9797635670209,607.8058900668864,14.7648230602334,5.656854249492381,9.848857801796104,3.1622776601683795,6.082762530298219,5.0990195135927845,11.6619037896906,19.4164878389476,14.7648230602334,26.248809496813376,28.635642126552707,872.8401915585694,776.2944029168316,684.0950226393991,582.5160941982633,531.6474395687428,499.5768209194658,540.9343767962987,662.5073584497005,772.8757985601568,911.1586030982752,1047.454533619479,1151.2436753355043,1233.885732148646,1280.0164061448588,1292.5699207393,1308.563334348017,1219.262071910711,1171.8502464052308,1060.702125952428,940.3174995712884,831.3464981582589,903.8169062370984,825.1448357712724,826.1041096617303,910.3988137074872,1054.7653767544705,13.038404810405298,1325.3984306615123,1456.1679161415416,1497.1472873434998,1581.7917056300428,1561.3148305194568,1547.9353991688413,1471.3830228733782,1364.233484415333,1233.366936479165,1095.398101148619,946.3191850533308,812.6844406041007,749.0026702222095,712.0252804500694,760.4643318394361,812.7588818339668,911.7066414148796,997.4467404327912,1079.144568628319,1125.5096623308038,1134.2257270931568,1132.258804337595,1135.7099101443114,1062.3845819664364,996.699553526538,905.165730681404,8.94427190999916,14.866068747318506,17.0,6.324555320336759,0.0,0.0,0.0,128.0,10.44030650891055,16.492422502470642,13.0,918.49060964171,876.3931766051126,822.9033965174771,739.5654129284305,688.958634462186,575.5145523789994,510.4321698325841,461.29600041621865,422.7114855312072,441.4306287515627,455.9923244968056,535.2130416946134,573.0349029509459,620.2330207268877,659.2730845408449,681.851156778369,679.9154359183207,672.0267851804718,636.8987360640622,584.3629009442677,550.1208958038223,498.703318617392,455.0703242357163,415.6164096856619,381.3659659696969,409.93901985539264,14.317821063276352,487.0154001671815,545.8763596273427,588.5550101732208,649.6091132365679,642.8911260859027,528.1600136322324,530.6938853991065,514.3238279527792,475.988445237907,439.878392285868,366.0122948754591,317.0567772497538,279.76061195243335,238.83885781003056,264.0151510803878,308.15742729974886,353.6467163710134,418.1196001146084,453.0452516029718,488.5949242470699,499.88498677195736,508.9449872039217,497.36907825074934,473.9894513594158,411.0109487592758,381.9136027951872,4.123105625617661,11.31370849898476,8.06225774829855,3.1622776601683795,2.23606797749979,16.1245154965971,20.591260281974,3.605551275463989,12.529964086141668,10.44030650891055,14.317821063276352,424.4007540049852,415.9326868617084,434.4203033929238,427.3511436746133,415.8966217703626,367.2002178648591,351.14099732158877,316.56436944166666,283.5912551543154,242.76943794472976,268.09140232390894,282.96996307028775,292.0273959751037,344.200522951375,371.9032132154816,351.6774089986447,356.38181771801993,378.78225935225635,349.2921413373052,326.2590994899606,315.91296269700615,291.547594742265,263.38754716197195,221.61678636782008,208.86598574205425,211.0781845667619,15.033296378372908,235.23605165875404,270.38676003088614,284.76305940202286,296.2853354454115,285.9265639985204,292.53546793508644,276.4706132665821,247.4550464225775,228.4841351166422,200.84820138602188,166.82026255823962,140.4314779527724,123.2233744059949,121.00413216084812,114.56002793295748,142.1442928857856,181.04419349981927,197.57024067404484,211.69081227110448,240.65119987234635,248.09070921741508,247.58230954573472,242.32416305436817,224.61745257214545,195.6041921841145,173.4041521994211,0.0,0.0,0.0,0.0,0.0
2025-06-01 18:44:23.434,0,0.0,0.0,0.0,0.0,0.0,0.0,123.81033882515628,136.85393673548452,218.05045287731,323.39604202896487,388.9884317045945,485.8188962977871,566.3532466579493,617.2989551262824,657.4754748277687,662.7706994127003,670.188033316024,663.9819274648972,614.5673274751921,560.8217185523399,489.69888707245394,405.0308630215727,311.8413057951111,230.84193726444076,202.94087809014724,240.01041644062033,332.46954747766,447.2001788908408,541.7933185265392,627.6878204967817,715.0167830198113,766.5050554301648,4.123105625617661,805.2080476497983,794.7930548262233,751.80449586312,721.648806553437,630.9714732061981,563.6452785218731,487.60742406161125,417.94377612305703,394.8024822617001,411.4583818565373,490.66689311588976,597.7365640480763,680.4145795028205,791.0328691021632,889.7696331073566,892.0201791439474,962.1486371657968,979.7147544055872,966.9105439491289,988.1563641448656,878.3302340236273,809.4751385929032,726.6615443244538,647.3801047298256,616.7503546816978,627.6463972652117,15.556349186104043,17.0,10.816653826391969,9.899494936611664,9.055385138137416,2.8284271247461903,7.0710678118654755,15.132745950421556,11.180339887498947,16.1245154965971,10.0,866.4006001844643,763.4166621184005,670.0582064268746,578.7754314066899,536.3469026665484,491.62994213127416,561.6493568054716,661.2450377885644,786.3154583244565,904.7474785817312,1016.8367617272696,1124.475433257659,1185.091135735982,1253.0953674800653,1267.4450678431788,1278.2085119416158,1201.5344356280432,1142.7423156600091,1041.9990403066597,941.8672942617766,819.9634138179581,887.7257459373362,822.4530381730011,835.0293408018666,918.078428022356,1035.1367059475767,12.727922061357855,1306.2289232749365,1422.7863507919944,1498.742139262121,1563.803376387198,1547.7225203504663,1533.4239465979394,1449.3850420091965,1348.884724503914,1230.6148869569229,1111.8633009502562,950.7581185559236,834.8472914252043,746.0810947879594,717.5715992150191,734.8040555141214,799.6811864737097,896.4429708576,991.3510982492528,1065.0042253437307,1108.054601542722,1152.7449848080016,1142.5712231629152,1122.9625995553013,1077.0338899031915,1004.8243627619704,920.4699886471042,8.06225774829855,5.385164807134504,7.0710678118654755,7.0,0.0,0.0,0.0,128.0,13.892443989449804,24.08318915758459,13.45362404707371,898.5015303270218,865.3438622882813,837.6837111941476,769.948050195596,688.6515809899807,572.349543548346,531.2720583655798,478.5404894050241,447.1353262715886,433.0046189130088,478.5164573972352,510.2362198041218,552.3278012195294,591.4609031880299,626.9960127464926,679.8124741426859,671.6703060281882,678.6295012744436,650.2245765887352,595.0537790821935,572.2394603660255,525.6700486046357,459.6542178638199,434.7516532458502,420.3772115612358,430.5124853009492,16.278820596099706,498.8386512691253,548.0775492574021,586.8032038085681,636.2672394521031,650.5881954047429,537.9302928818937,520.1009517391792,505.2850680556472,473.3814529531126,442.50762705291305,379.0962938357482,327.1238297648155,308.4234102658227,262.77366686941826,280.60826787534256,328.26970618684874,352.41452864489,406.07881008493905,455.84646538061475,495.6944623455057,515.5385533594941,519.1194467557539,514.2810515661646,508.1417125172859,453.4423888433899,387.9239616213466,9.219544457292889,2.23606797749979,7.280109889280518,14.212670403551895,12.36931687685298,5.830951894845301,11.6619037896906,8.06225774829855,19.235384061671343,11.180339887498947,9.848857801796104,440.2908129861444,445.2998989445203,452.24993090104505,448.20754121277344,422.93852981254855,399.6623574969251,375.0893226952748,318.67538342332,297.2541000558277,256.3298656028985,282.7083302628347,316.8122472380132,330.4935702854142,340.03529228596256,347.03602118512134,388.0051546049356,363.19966960337393,388.0128863839447,354.9676041556469,343.68153863715173,325.16149833582693,301.08636634693374,286.09963299522076,236.2371689637344,217.27862297059968,228.31995094603536,5.385164807134504,239.47651241823277,270.0,282.6057324259365,291.20782956507196,298.0805260328155,293.24563082849164,279.7892063679369,260.3401620956705,237.0358622656074,202.97044119772713,173.99425277864785,134.08206442324789,120.3411816461846,126.19429464123962,135.20355024924456,157.64834283937145,185.6017241299229,208.47062143141417,224.50167037240504,234.61031520374377,247.80839372386075,251.52534663528445,232.24555969921147,214.88834309938733,194.36306233438492,164.45364088398895,0.0,0.0,0.0,0.0,0.0
2025-06-01 18:44:23.437,0,0.0,0.0,0.0,0.0,0.0,0.0,118.92854997854803,133.01503674397117,199.90247622278216,297.7414986191881,387.45967532118743,477.46937074539136,552.3712519673702,619.9354805139,668.2162823517548,684.2667608469668,693.6353508869051,683.878644205242,637.3978349508257,586.2849136725249,528.7664891045952,433.0819783828461,344.37189200049414,245.96341191323555,213.88314566603887,240.77582935170216,333.47263755816607,441.6616351914665,533.4735232417819,626.2244006743908,720.4338970370565,765.6794368402484,5.0,815.3833454271678,809.1878644665898,800.6203844519573,725.6810594193568,659.9310570051996,599.1135117821998,513.9104980441633,435.65238436166055,408.814138698749,416.35681812599154,469.3080012102926,567.5746646917919,680.8230313378066,783.3977278496536,903.4406455324004,921.7646120349816,998.1447790776648,990.2408797863276,979.430957239968,952.7528535774636,909.1974483026224,812.7465779688033,763.9378246951777,692.1220990547838,639.900773557901,646.0534033653875,5.0990195135927845,14.212670403551895,4.47213595499958,14.212670403551895,7.211102550927978,19.1049731745428,2.8284271247461903,11.04536101718726,22.84731931759173,11.04536101718726,5.0990195135927845,883.0096262215944,797.6020310906938,684.4457611819946,613.2699242584786,548.0191602489825,529.2730864119203,593.9377071713834,686.6330897939598,823.5690620706924,956.694831176588,1066.7052076370492,1170.6686123749969,1219.0594735286709,1283.635851789751,1310.978642083844,1276.8852728416912,1231.1466200254135,1139.5174417269795,1064.0869325388785,924.0183980852328,823.8816662603921,897.3767324819604,830.9975932576459,851.1010515796582,943.2931675783516,1074.5910850179243,17.26267650163207,1330.6618653887997,1463.106968064878,1526.379376170944,1567.7260602541503,1553.3479970695555,1530.1241779672655,1462.3573434697828,1374.0760532081183,1240.587763924826,1104.363164905458,953.5329045187692,832.8775420192335,757.3546065087345,736.9294403129787,750.3205981445532,830.5781119196436,916.8560410446124,1005.808132796708,1076.3642506140754,1131.5803108926914,1139.1158852373187,1174.310435958056,1154.838516849867,1094.627790621086,1025.319462411594,921.7863092929944,9.486832980505138,2.23606797749979,8.602325267042627,4.47213595499958,0.0,0.0,0.0,128.0,12.041594578792296,5.0,5.0990195135927845,938.3629361819444,913.8719822819824,898.5866680515575,821.3756753155038,725.0558599170135,622.8996708941175,549.4770240874499,507.3322382817792,474.352189833672,485.696407233984,514.1915985311311,558.9606426216429,602.6748708881099,658.7510910806903,695.4574034403545,713.9586822779032,718.1364772799109,705.4367441521599,685.5960910040255,621.4121015879881,600.9600652289635,545.3695994461004,485.1432778056396,445.92039648349794,440.2192635494271,441.54841184178207,14.0,517.3480453234554,584.2165694329458,627.6248879705138,652.0981521212892,676.4236837958883,552.1530584901255,538.4719119879885,520.4699799219932,492.2154000028849,446.25665261147645,377.1312768784896,316.6591227171578,295.52834043455124,271.9062338380641,281.04270138183625,313.1804591605294,376.3787985527346,414.5189983583382,451.00997771667977,490.5935180982317,496.3476604155599,511.2778109795104,511.2504278726816,474.6472374300729,449.60538253005825,401.15458367068425,5.0,8.246211251235321,10.04987562112089,1.4142135623730951,7.0710678118654755,9.219544457292889,2.8284271247461903,3.1622776601683795,8.94427190999916,8.06225774829855,20.0,433.280509600882,446.4314057052886,463.19866148338554,466.45042609049034,419.76183723630714,381.33581001526727,339.5541193977773,330.58886853613205,309.6853241598639,254.5309411446868,293.7839342101606,295.7718715496793,286.483856438718,357.41852218372793,366.82966074187624,372.83910739084223,407.23703171494606,372.3237838226293,365.0013698604431,332.5687898766209,326.0981447355995,305.026228380446,263.13684652666944,243.6554944999189,230.3584163862914,222.00225224082752,22.360679774997894,251.745903640953,262.0534296665472,274.5651106750455,302.2383165649253,299.1755337590292,288.80443209895515,270.8228203087768,257.26251184344756,241.7602117801852,209.77368757782756,163.0828010551695,145.57815770231468,126.1269202034205,134.1044369139217,143.68020044529447,168.40427548016706,182.17573932881405,204.83163818121457,233.3838040653207,246.4731222669117,251.43189932862535,232.93990641364996,239.0334704596827,223.6515146382872,194.24726510301247,162.3884232326923,0.0,0.0,0.0,0.0,0.0
2025-06-01 18:44:23.439,0,0.0,0.0,0.0,0.0,0.0,0.0,128.9961239727768,120.78493283518438,193.60010330575756,308.8462400612965,403.15009611805874,488.1936091347366,575.4450451606999,627.5109560796528,679.4240207705348,686.1610598103043,707.7662043358669,689.8963690294362,635.0511790399258,604.5800195176814,512.1611074652194,425.4092147568033,342.79148180781857,237.45315327449327,193.31063085097003,237.45315327449327,324.99230760127233,455.38994279628093,542.5946921966708,645.0062015205746,727.8818585457395,779.1700712938094,10.0,839.3259200096229,819.0756985773659,801.2839696387292,737.0,678.3420965854913,605.0933812230968,507.98622028555064,429.3308747341612,377.107411754264,388.0322151574531,483.1573242744024,588.0901291468851,643.9518615548836,828.8335176620212,882.1893220845512,953.6875798708924,949.5735885122332,980.9271124808408,1035.4371057674146,945.8889998303184,924.0487000153184,861.3042435748241,755.6937210272426,672.6812023536855,636.8272921287215,640.399875078064,5.385164807134504,17.69180601295413,12.727922061357855,9.055385138137416,2.23606797749979,11.704699910719626,4.242640687119285,9.433981132056603,15.524174696260024,11.31370849898476,11.6619037896906,882.0623560724038,765.9360286603575,684.1476448837634,612.0629052638299,549.7353908927457,522.1206757062969,586.051192303198,668.7099520718979,810.4443225786704,931.2083547735168,1055.8641011039251,1138.074250653269,1210.59654716177,1271.9768079646735,1275.0,1262.139453467801,1197.9653584307018,1136.3577781667182,1040.178830778631,934.5785146257108,814.5900809609702,886.0812603819132,819.4693404880991,845.4992607921074,933.3348809510978,1037.3601110511238,17.804493814764857,1313.8074440343228,1447.7558495823805,1518.7445473153143,1553.0009658722045,1558.5470798150436,1552.6689924127422,1443.2189716047942,1340.693104330741,1211.845699748941,1066.350786561345,929.6951113133812,809.4949042458513,731.5791139719613,710.1781466646239,750.8208840995301,818.5890299778027,902.0648535443556,1016.4905311905272,1085.4243409837463,1119.9223187346522,1172.232912010237,1163.981529063069,1133.124882790948,1100.8405879145264,998.0661300735538,921.6946348981317,13.152946437965904,3.0,11.0,10.816653826391969,0.0,0.0,0.0,128.0,15.033296378372908,4.123105625617661,12.16552506059644,921.5666009573048,893.0694261926113,849.2643875731515,788.2290276309291,694.0612364914208,601.5189107584233,530.7551224434861,485.4729652617126,453.82485608437094,483.2235507505817,514.8397809027581,576.8856039112087,620.4232426336073,665.141338363509,678.1887642832193,705.5962018038363,688.447528864764,686.3912878234979,688.1925602620244,645.3502924768842,606.2911841681355,530.9058296911045,454.9736256092214,429.97906925802795,431.6016682080828,421.5234275814335,7.211102550927978,511.7225810925291,567.1066919019736,626.8692048585574,635.1724175371597,662.1971005674972,549.4843036884675,533.4013498295632,504.88216447008705,462.456484439347,431.1473066134126,380.3156583681508,340.0132350365203,289.79475495598604,268.00186566514793,273.86493021195685,308.93364983439403,357.6870140220357,409.136896405103,466.0268232623526,494.87473162407474,517.8465023537381,520.1970780386987,528.2281703960894,496.0584642962965,463.3497599006608,406.60668956621953,7.280109889280518,9.433981132056603,12.16552506059644,5.0,12.806248474865695,2.23606797749979,14.7648230602334,12.16552506059644,9.219544457292889,6.082762530298219,5.385164807134504,438.4575235983527,458.06768058879686,469.3080012102926,455.51728836565576,422.1563691335238,391.184099881373,356.7239829335841,312.8274284649605,298.0805260328155,263.79727064547126,273.22152184628504,341.7864830563081,345.3129015834769,352.18461068025107,389.9974358890069,366.4560000873229,399.430845078344,393.0407103596267,384.5412851697461,357.64367742209566,348.3102065687998,300.97508202507396,264.0700664596425,244.7304639802736,226.00884938426637,233.49732332512937,3.1622776601683795,263.60007587252323,287.6421387766403,298.60509037858014,331.40006035002466,314.58703088334715,313.1932310890515,300.647634283059,288.00694436072195,253.46400138875737,219.8635940759634,181.4083790788066,140.24621207005913,122.14745187681976,122.4826518328208,143.58621103713267,180.05554698481245,178.4740877550576,230.5211487044085,253.67104683033892,266.54080363051355,256.8443108188305,269.43644890771554,247.7034517321065,235.05318547086316,216.3631207022121,167.83920876839238,0.0,0.0,0.0,0.0,0.0
2025-06-01 18:44:23.445,0,0.0,0.0,0.0,0.0,0.0,0.0,119.3314711214104,120.7393887677091,197.91412279066896,305.14422819381656,371.938166904124,466.5383156826457,540.3008421240893,606.3637522147907,643.5852701856996,654.31261641512,677.3544124016614,660.9273787641121,624.4741788096607,571.5811403466703,502.7255712612996,396.1275047254356,313.93311389530095,239.77072381756705,201.81674856165927,233.0772404161333,326.29128091323554,438.0011415510238,529.4194934076379,633.4919099720216,711.4899858747135,755.4985109184531,2.23606797749979,810.7854216745636,791.3463211514918,795.7267118804043,725.7279104457813,683.5298091524612,571.9449274187157,487.34484710520945,431.1473066134126,377.011936150568,386.8397601074636,467.7862759850913,599.4205535348283,675.0740700100989,793.095202355934,824.6805442109084,917.2360655796303,981.0020387338652,998.419250615692,1003.9302764634604,966.5319446350442,909.9725270578228,798.204234516455,748.9726296734748,681.8357573492315,617.0810319560957,632.5820104935011,17.88854381999832,2.23606797749979,8.54400374531753,17.029386365926403,22.02271554554524,18.110770276274835,11.40175425099138,4.123105625617661,8.246211251235321,13.038404810405298,6.324555320336759,849.0995230242448,765.5128999566239,676.2203782791524,605.8258825768341,547.9598525439615,542.7190801878997,631.526721524909,754.2181382067128,850.3369920213985,967.2248962883452,1091.8690397662167,1181.247645500299,1236.9822149085248,1265.4599954166863,1278.2683599307306,1251.234590314702,1206.3254121504694,1112.7713152305823,1023.0801532626856,880.796230691299,801.8859021082737,889.6763456448642,842.3324759262224,883.056623326047,960.4358385649716,1108.8052128304591,2.8284271247461903,1348.058233163538,1452.6489596595593,1522.8673612629566,1550.4918574439532,1555.4420593516172,1512.2969285163545,1398.5828541777566,1320.6460540205312,1184.8932441363652,1057.8137832340813,941.8365038582864,810.0975249931331,743.9845428501858,733.3539391044409,778.0809726500192,842.0023752935617,901.5680784056188,1012.7200995339236,1080.5369035808078,1114.5694235892172,1120.230333458258,1135.827891892077,1119.3770589037458,1083.1851180661597,984.9284237953538,925.728361885926,8.602325267042627,3.605551275463989,15.231546211727816,6.4031242374328485,0.0,0.0,0.0,128.0,7.0710678118654755,11.180339887498947,11.04536101718726,925.9049627256568,898.9532802098227,852.7813318782254,785.9548333078689,699.8871337580082,614.3891275079662,575.6083738098326,534.1778729973753,504.42045953747754,520.3268203735033,570.3516459167976,629.0389495094878,655.3479991576994,689.1131982482995,720.5699133324955,779.698659739774,759.3681584053943,718.4330170586538,692.5005415160338,622.5214855729881,597.809334152621,548.9335114565333,509.7420916502776,466.074028454708,444.20715887972807,463.06047121299395,3.605551275463989,584.6580197004057,625.607704556138,669.036620821312,729.7410499622451,725.1330912322234,606.3868402265999,562.0008896790112,548.0009124079995,499.02705337486464,449.694340635948,401.7175624739352,342.24260401066374,293.1381926668717,273.0311337558411,310.55112300553674,355.95083930228344,384.15882132263994,475.0,515.1019316601327,532.245244224878,539.793479026933,542.6232578870905,553.976533799041,517.4640084102468,460.1315029423654,415.2131982488033,8.94427190999916,13.41640786499874,15.231546211727816,9.219544457292889,13.892443989449804,1.0,9.433981132056603,2.0,2.8284271247461903,14.317821063276352,20.808652046684813,461.1084471141252,436.7150100465978,463.7283687677518,442.19113514406865,414.2475105537751,387.2208672063013,363.4184915493432,315.1840732016769,262.60616900598507,221.71152428324515,223.32263655975405,265.9793225045887,310.446452709642,359.3466293149276,368.7411015875502,349.74419223197975,358.2638692360702,383.7251620626409,369.6106059084344,329.3690938749415,313.26985172531363,292.02225942554446,253.5843055080499,223.4390297150433,211.24866863485792,215.5736533067063,10.0,241.29857024027308,274.4485379811669,281.82441342083905,283.01590061337544,301.4780257332199,300.6742423288034,278.0017985553331,265.1980392084376,241.29857024027308,205.44829033116824,190.12890364171355,146.74126890551273,119.03780911962384,115.62439189029276,131.59027319676784,133.2066064427737,176.92088627406318,199.56452590578317,212.6405417600322,221.57617200412145,237.6930794112441,243.74166652421167,245.2835094334717,230.93072554339753,197.2663174492797,176.64653973401235,0.0,0.0,0.0,0.0,0.0
2025-06-01 18:44:23.448,0,0.0,0.0,0.0,0.0,0.0,0.0,108.55873986004076,112.61438629233834,191.26160095534075,295.6247621563525,377.1392315843049,481.3314866077223,556.4395744373328,611.8055246563241,649.5182830375139,674.2833232403127,668.137710356181,669.9380568380931,623.3393939099309,576.0008680549015,484.5864216009359,414.90360326225175,322.53061870154283,229.08513701242163,210.23796041628637,236.25410049351524,350.6821923052267,438.73682316395553,533.8885651519425,640.4451576833102,706.2018125153744,772.6176285848001,17.72004514666935,809.3732142837443,806.2071694049861,770.1350530913393,707.0113153267067,647.7630739707228,572.4377695435549,491.0824777977728,420.86221023037933,379.4008434360682,373.2680002357555,504.2866248474175,598.1011620119125,683.0592946443229,822.883345316941,894.0676708169242,996.0687727260604,993.994466785404,1046.39428515259,953.151614382518,944.5575683885022,877.0461789438456,798.1791778792528,709.6703460058058,641.1123146532127,625.7986896758414,653.3681963487356,11.31370849898476,5.385164807134504,7.615773105863909,11.04536101718726,10.04987562112089,5.0,9.055385138137416,5.385164807134504,9.848857801796104,16.278820596099706,9.433981132056603,840.1011843819767,752.949533501416,647.2789197865168,597.0678353420154,544.7384693593798,525.2827809856325,624.0392615853589,706.906641643718,842.0285030805073,941.2693557106808,1070.1868995647442,1166.029587960786,1252.0455263288152,1278.2879174896398,1303.073674049169,1269.212354178764,1226.0036704675888,1127.4262725340402,1047.996660300022,929.4218633107356,825.8426000152814,909.7626063979548,841.0291314811872,885.8916412293323,982.0310585719782,1125.434138455023,14.142135623730953,1379.9061562294737,1477.1763604932216,1568.5439107656505,1592.2468401601557,1596.1860793779651,1551.3507018079438,1462.9589878051947,1343.8608558924543,1222.7595838921077,1077.9726341609976,950.1252549006368,842.2618357731757,786.778876178053,757.1327492586753,775.918810185705,885.3005139499243,937.243298188896,1047.438781027321,1109.819805193618,1147.2562922032723,1181.1943108566009,1173.7461395037683,1138.136195716488,1101.9823047581117,1007.1792293330916,938.6000213083312,10.198039027185567,7.211102550927978,7.280109889280518,14.866068747318506,0.0,0.0,0.0,128.0,12.041594578792296,6.082762530298219,8.54400374531753,929.150687456023,918.8062907925696,850.9318421589358,815.3244752857601,716.196202168093,625.2455517634652,570.0324552163675,509.5576513015971,494.2630878388553,514.7523676487559,545.8937625582472,584.8290348469371,636.3151734793065,686.1756334933499,722.96957059063,746.1936745912552,732.2465431806421,729.4141484780782,725.2895973333686,672.6105857031987,612.4548962984948,554.401479074506,491.9369878348242,476.7315806614871,473.8027015541385,478.4830195524184,5.830951894845301,562.297074507773,614.00325732035,666.1921644690817,680.9126228819672,719.1196006228728,582.343541219442,555.0585554696008,535.372767331324,484.8638984292396,441.8257575108088,367.0422319025428,327.4950381303509,290.2430016382824,287.9756934187328,293.63923443572725,337.4285109471338,388.8161519278745,436.6600508404679,468.4709169201435,509.4948478640388,525.7699116533771,548.0556541082301,537.5574387914281,498.7273804394541,451.0809240036648,393.3255648950371,15.297058540778355,7.810249675906654,6.324555320336759,18.384776310850235,6.082762530298219,2.0,7.0710678118654755,9.433981132056603,6.708203932499369,7.810249675906654,2.23606797749979,428.05256686533255,440.70965498840616,445.2246623896749,430.2383060583983,405.80906840532776,385.5191305240247,347.65068675324085,314.0143308831621,294.0272096252318,253.6178227175685,244.69777277286363,286.29530209208815,302.95214143491376,341.8669331772232,392.5328011771755,342.25136961011566,358.4034040016919,361.9060651605607,352.4769496009633,343.2273299141547,324.04012097269685,287.4717377412952,257.0992026436488,239.0983061420553,208.290662296705,209.99523804124703,4.47213595499958,235.762592452662,261.00766272276377,270.60118255469615,298.30353668704635,290.7954607623716,297.0420845604205,273.38617375427015,261.6333312099206,238.1134183535233,210.00952359357424,182.5705343148231,144.4749113168096,129.00387591076478,126.17844506887856,134.6142637315972,150.4027925272666,168.5734261382855,199.2786993132984,227.7213209165975,236.23081932719955,245.0326508855503,244.85914318236107,242.0743687382041,235.46761985462035,205.7887266105702,176.17321022221284,0.0,0.0,0.0,0.0,0.0
2025-06-01 18:44:23.451,0,0.0,0.0,0.0,0.0,0.0,0.0,113.84638773364748,121.60592090848208,195.47889911701463,294.5929394944828,385.84064067954273,471.0042462653601,544.121310003569,600.4839714763417,647.2410679182834,674.7006743734587,675.1273953854932,668.1683919492151,611.2020942372499,559.6114723627456,495.7035404352081,400.48470632472345,320.0249990235138,239.08366736354031,216.23366990364843,252.9822128134703,341.2477106150311,442.8859898438875,546.920469538305,620.6722162301129,700.7267655798514,759.1218611000477,3.0,807.5951956271161,793.1973272773932,777.946013551069,699.217419691472,635.7774767951441,569.3092305592805,491.553659329274,447.7789633290068,406.5870140572618,383.98567681620625,508.2568248435037,577.8183105440671,701.7300050589258,805.2080476497983,876.2613765309983,950.2547026981766,1001.4409618145244,1032.5909160940746,950.294691135334,946.1543214507874,880.1164695652502,810.358562612872,761.9356928245322,695.330856499264,652.5181989799212,664.2665127793211,9.848857801796104,4.0,13.45362404707371,16.278820596099706,5.0,10.04987562112089,9.219544457292889,6.4031242374328485,2.23606797749979,9.433981132056603,22.825424421026653,858.408410955997,770.9539545264685,684.249223602044,624.6038744676501,574.4580054277249,558.2006807591692,665.2668637471733,768.0755171205498,863.3799858694896,972.5867570556368,1090.814374676095,1175.1770079439098,1226.9054568303134,1277.6987125296794,1273.5784231840614,1276.066220852194,1208.0103476378006,1121.064226527633,1024.6682389925045,911.6605728010836,830.2656201481548,936.1223210670709,898.3473715662556,930.709944074952,1003.6134714121766,1121.9028478437872,9.219544457292889,1366.3297552201664,1472.8845847519758,1534.9465788749785,1576.863976378432,1566.6403543889708,1538.2018723171543,1418.4939196203838,1345.9855125520482,1212.858194514099,1090.9702104090652,970.3221114660844,841.0856080090778,780.6663820096264,768.4074440035052,793.5653722284006,865.4351506612151,936.616250125952,1027.1640570035538,1097.4265351266115,1136.6762951693854,1157.4303434764445,1152.1219553502135,1136.4594141455295,1075.059533235253,1025.0014634135894,969.1893519844303,6.324555320336759,6.082762530298219,12.649110640673518,13.341664064126334,0.0,0.0,0.0,128.0,5.830951894845301,4.47213595499958,16.1245154965971,950.3820284496124,906.3255485751243,865.3900854527974,813.3861321660212,752.1336317437215,652.7250569726889,625.1663778547276,559.7615563791426,545.0917353987309,540.2314318882233,587.4597858577215,624.0937429585398,651.6786017662388,714.8286507968186,732.6131311954489,762.7647081505542,785.5660379624363,749.5385246936944,703.401023598914,670.6511760967843,616.9286830744701,578.6415125101206,545.0770587724271,499.3245437588663,495.35845606994536,507.1853704514751,10.0,611.9035871769343,632.2040809738577,681.7873568789612,731.0902817026089,720.0312493218611,585.5911543047761,538.0650518292375,527.5158765383275,505.0485125213221,460.12389635836126,417.8516483155235,347.9727000786125,305.5552323230614,316.21827904155066,315.41242841714404,360.84345636300515,403.7078151336682,452.5350815130248,514.3073011342537,534.4249245684562,546.9451526432975,533.0262657693333,551.837838499681,505.7370858459957,465.58780052746226,407.3978399550003,6.082762530298219,10.816653826391969,9.848857801796104,10.04987562112089,8.06225774829855,6.4031242374328485,12.0,8.246211251235321,7.0710678118654755,15.652475842498529,15.297058540778355,441.2346314604056,464.93440397544254,460.440006949874,456.7548576643712,404.4465354036303,387.6957570054127,365.301245549478,306.8843430349616,266.92320993124594,271.0350530835449,239.0815760362977,271.53084539329967,326.3326523656497,333.28966380612525,380.7886552931954,365.77178677421256,375.1106503420024,373.28005572224185,359.0891254271006,342.4864960841522,314.3405796266209,297.5583976297762,238.88281646028875,237.89913829183996,215.5411793602327,194.4942158522973,3.1622776601683795,236.39373934180236,258.6426105652354,276.24083695210595,271.189970316013,277.1461708196597,287.5430402565849,256.0488234692751,255.9726547895302,215.67568244936655,199.27117202445515,169.5464538113375,142.57980221616245,125.53883861180172,115.69356075426153,128.8875478857442,146.74126890551273,177.9016582272352,188.9153249474483,211.9363111880548,217.44194627532195,241.59884105682295,256.478069237898,238.949785519887,233.0600780914655,198.8617610301186,171.5925406304132,0.0,0.0,0.0,0.0,0.0
2025-06-01 18:44:23.454,0,0.0,0.0,0.0,0.0,0.0,0.0,112.76967677527502,112.36102527122117,206.24257562394823,296.42030969554025,387.37707727742486,464.811789867684,549.1083681751718,596.3899730880794,664.3327479509045,679.0,689.7013846586071,665.7694796248924,643.7647085698314,596.1207931283726,521.0239917700527,418.68603989146806,335.4757815401881,242.3489220112192,204.1665986394445,248.21361767638777,344.11916540640397,459.8369276167368,552.0072463292488,648.0933574725173,724.487404997492,780.1442174367506,1.0,830.4125480747506,822.6007537074106,779.5639806969021,719.9611100608143,650.7918253942654,579.0034542211298,491.35425102465535,418.6609606829851,392.2958067581146,387.45967532118743,508.09841566373734,571.105944637245,668.1803648716415,787.6915640020528,891.6793145520423,915.5741368125248,1017.6541652251024,999.2021817430144,1029.474623290929,983.7489517148164,892.62366090083,831.1708608944373,714.3472544918193,710.4266323836684,649.019260114829,652.963245519991,10.0,9.055385138137416,9.219544457292889,15.231546211727816,8.602325267042627,5.830951894845301,14.142135623730953,9.848857801796104,7.211102550927978,4.242640687119285,12.529964086141668,866.931369832699,761.2154754075879,696.5091528472544,595.6853196109503,566.018550932741,563.8386293967451,649.8384414606448,742.2324433760626,864.2158295240837,971.272361389945,1089.7210652272445,1166.5719009130985,1226.383708306662,1272.3541173745618,1271.692179735332,1256.2173378838552,1187.7950159855025,1110.5025889208905,1006.8723851610988,871.6145937282142,804.537755484477,909.1672013441752,878.2032794290852,916.0660456539148,987.8512033702242,1123.1495893245922,20.248456731316587,1355.097044495338,1451.0389381405312,1512.3127983324084,1557.0822072068,1526.2322890045275,1476.46334190863,1376.317550567455,1286.0657059419632,1181.308596430247,1048.057727417722,932.3282683690333,812.3601418090378,747.7813851654773,744.8415938976556,784.8885271170677,844.3340571124678,927.6648101550472,1014.471290870274,1081.0901905021617,1127.1202242884297,1130.8306681373654,1136.8926950244688,1124.9804442744771,1049.8690394520645,996.0,925.0664840972242,2.23606797749979,13.152946437965904,4.47213595499958,12.0,0.0,0.0,0.0,128.0,5.656854249492381,3.1622776601683795,11.6619037896906,926.8144366592484,897.8780540808423,860.0581375697808,783.9247412857947,709.5667692331709,614.1636589704734,586.6898669655034,535.3363428724039,514.9417442779329,540.2240276033639,582.494635168428,638.2358498235585,686.2951260208687,723.3367127417217,740.607858451421,772.0006476681222,773.7415589200311,755.5885123531193,703.2332472231386,635.0385815050925,615.929379068737,565.6323894544937,534.9102728495686,475.1515547696335,451.9081765137692,477.29760108343305,6.4031242374328485,571.9248202342682,629.4926528562506,663.467406885975,727.670942116009,711.5567440478658,583.9880135756213,555.4547686355749,551.9873186949135,512.0595668474518,446.76839637557174,381.0406802429368,326.0490760606446,289.35272592460575,262.7184805071771,305.9885618777277,338.3858744096745,377.1604433129222,440.6926366528036,486.4863821321209,533.5035145151342,530.5431179461289,522.0967343318669,530.5892950295926,494.7736856381916,475.12945604329775,426.35665821000146,11.704699910719626,13.601470508735444,4.0,7.280109889280518,1.0,6.708203932499369,17.08800749063506,6.324555320336759,6.0,9.433981132056603,12.529964086141668,465.0870886188951,446.0515665256653,487.4033237473869,469.0095947845843,445.19883198409224,397.1460688462118,359.5552808679077,327.55152266475574,288.3400769924292,300.9468391593439,285.49080545614777,276.08150970320344,332.9294219500584,367.4914965002592,384.8597147013441,404.2190000482412,376.4066949457727,391.65801408882214,371.1940193483726,347.79879240733425,327.319415861632,291.3365751154496,255.69708641280997,230.7834482799839,221.75887806354,215.61539833694624,12.041594578792296,265.9661632614194,290.99828178186897,286.5257405539684,303.606653418531,309.9193443462347,310.0790221862808,284.1214529035075,269.81660438156877,255.22539058643832,207.16177253537873,179.62739212046696,145.98630072715727,128.70120434556935,137.48090776540573,142.70599146496969,171.45261736118232,196.1479033790573,217.17504460687928,230.893915034589,242.55308697272852,258.5207922005501,263.7366110345699,265.9567634033773,240.20407989873945,215.05813167606567,180.413414135424,0.0,0.0,0.0,0.0,0.0
2025-06-01 18:44:23.457,0,0.0,0.0,0.0,0.0,0.0,0.0,117.0,124.90796611905904,181.6865432551349,288.39209420509434,383.08354180256816,468.3641745479686,546.4137626378018,613.1304918204606,654.2789924795079,694.1217472461153,701.6908151030623,682.5547597079666,635.4400050358806,603.4210801753615,520.2403290787826,437.154434954056,334.89252007173883,243.24884377936928,207.2920644887305,243.90571949013415,342.1417834757982,453.5471309577429,548.2335268843013,649.8961455494255,711.8658581502557,777.0057914842076,6.708203932499369,814.8404751851739,818.0886260057647,778.5248872065683,728.506005465981,654.110082478477,584.7298521539669,483.1821602667053,425.154089713365,391.68992838723847,403.24310285484114,501.20853943244026,592.0354719102564,690.1144832562203,779.6364537398184,900.3921367937417,944.3860439460126,951.6012820504184,1001.67310036758,999.0125124341536,943.1887403908086,918.4552248204592,820.9579770000411,747.990641652688,681.6223294464464,643.4112215372063,650.1730538864249,5.0,13.038404810405298,23.853720883753127,10.0,9.486832980505138,9.433981132056603,10.198039027185567,12.16552506059644,9.055385138137416,2.23606797749979,12.083045973594572,866.4207984576548,765.8492018667905,678.8085149731108,599.0125207372547,569.9412250399158,549.4433546781688,640.0562475282934,734.9829930005184,849.1743048397072,968.7811930461904,1084.042895830234,1163.8917475435592,1222.771442257301,1268.4183063958042,1268.1837406306706,1281.1389464066729,1173.7653087393578,1109.912609172452,1013.8604440454316,884.1730599831686,808.3872834229891,906.4022285939064,872.2000917220772,891.7067903745042,994.7889223347836,1110.8636279940035,6.082762530298219,1350.65317531926,1469.07453861266,1500.6615207967452,1555.0086816477906,1511.1866198454777,1484.082207965583,1386.4732236866314,1301.0495763036856,1167.104108466764,1050.5831713862544,918.4552248204592,813.7628647216584,742.5638019725982,732.2547370963196,786.0394392140893,858.3192879109731,925.5663131294268,1009.792552953328,1079.2631745779154,1108.0275267338804,1103.6611798917274,1123.9225951995093,1118.000447227102,1052.3996389205006,967.8889399099464,919.5961069948046,13.45362404707371,4.47213595499958,6.4031242374328485,7.211102550927978,0.0,0.0,0.0,128.0,13.92838827718412,6.324555320336759,25.059928172283335,922.3692319239622,886.7164146445018,860.8327363663628,773.4733350284288,707.8764016408514,609.1190359855781,565.5554791530182,533.7433840339381,509.8676298805407,526.8747479240203,566.3532466579493,624.0520811598981,674.5383606586063,710.3407632960395,731.5743297847458,770.6023617923838,758.032321210646,742.550334994201,694.2636386849019,628.6851358191952,607.0131794285854,546.4695782932478,509.14536234753234,463.7035691042285,441.89138937073665,479.67072039056126,6.4031242374328485,561.0169337907724,635.4470867035271,654.0068806977492,719.0062586653888,713.8550272989607,589.4005429247584,532.6330819616821,520.8694654133606,477.0010482168776,442.1425109622462,378.34508058120696,319.53873004692247,277.04151313476467,274.1860682091634,296.42705679475347,334.8089007180066,376.0757902338304,438.4803302315852,493.41767297088177,505.5145893047994,529.8764006822723,520.3892773683947,541.6133307074338,505.58184302840624,455.095594353538,407.2591312665684,21.095023109728988,16.76305461424021,16.15549442140351,13.41640786499874,8.06225774829855,7.810249675906654,6.708203932499369,4.123105625617661,9.219544457292889,4.123105625617661,16.1245154965971,461.62863862633134,460.8340265214798,475.8024800271642,461.6156409828419,451.1186096804254,399.3619911809335,369.66065519608657,336.6184783995079,278.3522947633089,278.69158580768095,279.9732130043873,287.0052264332481,327.5881560740559,380.4260769190251,384.6777872453776,377.5764823184834,385.0519445477454,394.5592477689504,378.8456149937597,326.9281266578329,320.1562118716424,282.07268566807386,273.0,233.01931250435015,222.17110523198104,223.60679774997897,7.0,257.75181861628056,290.6286290096005,313.8470965295043,318.3237345847777,309.01294471267704,298.7189314389029,280.74543629416314,274.96181553081146,237.0759372015642,223.3942702935776,193.31321734428815,156.77372228788855,139.29106216839614,131.24404748406687,145.86637720873168,161.1241757155021,198.92712233378333,213.3775995740884,240.66989840858787,245.20399670478457,259.9884612824192,264.06817301598466,260.969346858975,240.20407989873945,216.9539121564762,175.78680269007685,0.0,0.0,0.0,0.0,0.0
2025-06-01 18:44:23.458,0,0.0,0.0,0.0,0.0,0.0,0.0,114.54256850621084,126.01587201618692,196.5426162439078,289.0674661735561,372.12094808005634,460.0271731104587,529.7622108078302,590.122021280345,625.1151893851245,647.5777945544457,668.2993341310464,640.2601033954872,606.320872146094,538.6251015316683,475.1273513490883,398.78440290462714,305.16389039334257,222.40728405337808,208.6336502101231,243.8462630429263,336.1621632486321,437.0995309995196,533.944753696485,618.1909090240651,690.3252856443837,745.5233061413976,2.23606797749979,794.0403012442126,770.3278522810921,748.4149918327398,700.6832379898923,618.1464227834697,557.4127734453167,466.1684244991288,417.137866897744,371.2142238654117,406.31514862234707,463.3141482838614,572.758238701112,675.562728397593,746.5788638851224,836.9952210138359,879.1643759843776,941.9368344002692,1016.070863670443,977.547952787995,889.8730246501464,860.2307829879143,778.0244212105428,721.0249648937269,662.6024449094646,636.8987360640622,648.908314016703,10.04987562112089,14.212670403551895,9.433981132056603,7.615773105863909,4.47213595499958,22.09072203437452,18.788294228055936,3.0,5.0,8.54400374531753,19.1049731745428,817.9217566491309,736.2126051623947,667.2967855459818,579.0138167608783,564.7831442244005,553.8312017212464,633.3214033964114,739.4166619707728,835.5513150010596,963.9304954196646,1051.0685039520497,1138.2460191013188,1201.0832610606144,1218.7616666108268,1237.5023232301426,1204.448421477649,1147.5125271647364,1053.448147750994,979.2374584338572,866.4554229733922,789.3142593416136,886.3097652626874,870.303969886384,929.3078069186764,1020.5336839124908,1129.2391243664913,12.649110640673518,1341.5964370853108,1420.9028819732896,1468.2809676625247,1486.47367955171,1462.951810552897,1420.0176055246638,1326.7799365380831,1240.22659219999,1096.4314844074845,986.1967349367976,866.0975695613052,777.8560278097741,746.0294900337385,731.9070979297851,774.1847324766874,852.2704969667788,916.491134708896,994.8070164609818,1030.1660060398033,1076.7864226484285,1084.9668197691578,1090.286659553349,1053.8619454178995,1015.2635125916818,933.17629631276,863.9959490645775,8.54400374531753,20.09975124224178,15.811388300841896,5.830951894845301,0.0,0.0,0.0,128.0,12.529964086141668,4.123105625617661,21.633307652783937,903.6924255519684,848.7219803916946,788.7331614684398,751.6129322995979,665.800270351402,564.8088172116296,531.0291894048763,516.1395160225576,497.54798763536365,567.2424525720902,583.9674648471437,636.2530942950298,665.0864605447927,718.6932586298552,724.9965517159375,743.3175633603715,733.8916813808424,693.6749959455076,657.8753681359411,618.6800465507191,593.829099994266,514.0,453.5383115019061,440.55533137166776,440.4293359893276,459.00108932332614,5.0,561.5870368874267,634.3224731948254,672.2536723588797,691.5518780250691,722.8844997646581,592.1216091310973,541.1635612271026,533.2954153187518,443.6868264891352,427.85044115905737,350.0185709358862,303.1600237498341,265.69907790581436,259.8807418798092,280.0071427660373,317.3279061160553,392.32894361747,437.7407908797168,465.691958272848,502.43606558446817,519.8393982760444,517.6494953151215,516.9777558077329,498.3753605466466,449.0712638323677,390.1858531520588,15.264337522473747,11.04536101718726,11.04536101718726,18.439088914585778,2.23606797749979,5.0,4.123105625617661,4.0,5.0990195135927845,7.280109889280518,12.041594578792296,446.6161662994299,452.4433666217243,467.6964827748868,454.23452092503936,416.7781184275393,384.2199890687625,371.84539798147296,328.60919037665394,266.12027356065903,231.68297304722245,249.23081671414553,290.11894112587686,279.8660393831306,347.74847231871485,388.4044283990593,355.36038045904894,370.7991370000745,358.5875067539303,359.9611090104041,341.79087173299405,311.1944729586308,272.98534759213726,245.9044529893674,223.23530186778257,204.79257799051217,215.23243250030885,5.0990195135927845,246.06503205453637,256.0703028466987,268.6801071906888,288.6693610343848,284.42925306655786,284.83855076165514,272.02941017470886,253.87004549572208,230.18470844085192,201.55644370746373,168.0029761641144,134.8517704741024,121.27654348636426,109.48059188732952,137.11673858431726,153.16004700965587,173.25414857947845,202.62773748921936,225.28426487440265,244.49948875202173,243.11519903124116,241.49741199441456,257.25668115716644,230.4256930118688,206.7873303662485,179.17589123540031,0.0,0.0,0.0,0.0,0.0
2025-06-01 18:44:23.460,0,0.0,0.0,0.0,0.0,0.0,0.0,95.7078889120432,100.90094152187083,182.9234812701748,271.0073799733136,358.7115833089308,440.1136216933077,516.500726040148,564.2384247815811,625.4158616472722,638.0282125423608,638.4371543072975,623.0248791180012,601.332686621973,548.624643996239,470.9819529451208,380.8254193196667,298.45770219580527,213.03755537463343,185.8520917288799,229.8695282111137,333.02402315748935,446.6519898086205,533.2260308724622,623.0288917859267,699.4433501006354,749.5665414091,10.0,788.4288173322941,761.8694113822919,729.8013428324176,681.6171946187977,623.7852194465656,530.1367748043895,451.68573145495753,386.62772792442087,346.91929897311854,375.9587743356976,471.128432595614,606.1188002363893,693.98919299943,748.6180601615218,900.5892515458976,949.5441011348552,989.865647449188,963.747892345296,915.7991046075553,907.7956818579828,854.9836255741977,803.72258895716,683.6760928977991,613.7662421476111,596.7285815175942,628.339080433487,19.4164878389476,6.324555320336759,5.0,12.041594578792296,6.708203932499369,7.280109889280518,8.06225774829855,5.0,17.029386365926403,1.4142135623730951,5.830951894845301,837.6019340951882,727.0247588631353,630.6346010171025,561.6342226040005,529.4572692862002,545.6903884071993,621.0909756227344,753.634526809912,880.0511348779684,982.0677166061412,1102.747931306153,1185.7099139334207,1250.769762985978,1274.2378113994264,1279.4236983892397,1241.5578923272165,1177.115117564973,1096.361710385765,994.5114378427228,865.3438622882813,775.923320953817,879.6163936626011,854.716912199589,886.6115271075603,1008.2311242964086,1121.8957170789092,14.866068747318506,1367.3218348289477,1451.0840775089498,1497.647822420211,1507.136357467366,1485.057911328713,1441.4215205830667,1351.658610744592,1247.8802025835653,1127.108246797973,1007.8908671081408,872.9793811998081,788.5207670061709,742.0168461699506,749.5198463016172,785.7588688649973,832.5989430692307,935.5479677707606,989.5539399143436,1043.518088008061,1093.647109446187,1093.8852773485892,1089.8779748210347,1062.9487287729355,1019.9318604691198,958.300579150404,891.6871648734212,8.94427190999916,11.704699910719626,5.0,11.04536101718726,0.0,0.0,0.0,128.0,13.038404810405298,7.810249675906654,23.345235059857504,912.1584292215908,855.5992052357225,819.9786582588598,746.9431035895573,674.9829627479496,598.7929525303383,574.7990953367968,533.2851019857952,543.9604765054168,554.9099025968089,594.7982851353894,647.9830244690056,685.4115551987725,721.0769723129424,732.7134501290392,758.016490585792,743.9623646395024,724.7095970111062,681.1057186663462,624.6038744676501,584.4056810127704,508.1072721384727,483.76233834394344,462.8477071348631,475.7583420182982,493.2352379950159,6.082762530298219,601.382573741541,671.662117437034,713.0504890959686,731.1497794569865,740.0547277059987,590.1609949835722,552.8155207661956,513.078941294612,482.2955525401411,429.739455949765,368.73025370858846,310.90995481007036,265.01698058803703,279.5084971874737,311.8541325684173,353.30581653859025,411.59324581435976,465.2440219927603,504.3213261403884,547.3079571868109,553.4347296655677,532.0601469758847,512.5075609198366,489.5406009719725,460.575726672607,394.9303736103365,14.212670403551895,15.620499351813308,5.0,17.0,4.123105625617661,5.0,4.47213595499958,5.0,1.4142135623730951,3.605551275463989,4.0,445.6377452595325,454.27964955520514,445.6242812055914,438.50313567864026,413.69674883905,371.06468438804575,324.81533215043896,271.39823138701547,250.84058682757063,240.91907354960503,260.2786967848118,243.0740627874558,299.1755337590292,307.3044093403152,355.75975039343615,344.37189200049414,385.5035667798678,353.46428390998716,336.0952246016001,331.6579563345345,319.2882710028666,279.8231584411841,232.17450333746817,211.8726032312814,198.6454127333425,190.59118552545917,6.324555320336759,234.3608329051593,254.503438090726,273.09522148876937,277.19487729754314,297.06901555025894,298.6134625230417,278.21214926742505,254.46807265352564,244.1741182025646,209.15305400591217,167.91962362987834,150.65855435387664,122.58874336577564,112.61438629233834,123.81033882515628,133.71985641631537,159.47727110782904,191.4157778240864,213.49004660639335,233.36237914453991,235.17015116719213,244.5240274492468,246.16457909293123,219.8635940759634,202.41047403728888,177.15812146215595,0.0,0.0,0.0,0.0,0.0
2025-06-01 18:44:23.464,0,0.0,0.0,0.0,0.0,0.0,0.0,181.0994202089007,107.05606008068855,117.41379816699568,195.0,275.5358415887124,372.37749663479934,463.93965124787513,528.4212334870732,582.4165176229122,624.8919906671872,646.1981120368582,652.8836037150879,635.1094393882049,588.5448156257942,519.5767508270554,458.53789374489,383.94009949469984,282.4535360019414,218.69156362329116,199.46177578674065,275.3470537340104,356.9495762709349,472.2891063744749,565.5236511411349,634.736165662553,703.0113797087498,5.0,757.55527851108,764.3585546064098,742.1051138484358,708.3572544980393,656.238523709177,590.9120069858117,487.57871159434353,443.44108966129875,403.0,355.613554297358,457.7390086064328,539.2708039566021,637.1412716187831,741.0674733113038,820.0512179126374,868.1157756889343,940.4918925753692,960.7897792961788,935.0358281905566,888.6287188696975,856.6615434347453,767.1727315279135,689.1190027854406,680.3249223716562,599.2411868354844,616.000811687777,10.816653826391969,8.54400374531753,12.36931687685298,5.830951894845301,6.082762530298219,14.142135623730953,24.331050121192877,3.605551275463989,12.529964086141668,8.06225774829855,11.31370849898476,819.2496566981276,738.3562825628288,670.0365661663549,582.8430320420756,543.8124676761282,506.219320058016,585.2862547506135,691.0354549514808,781.8567643756752,934.7839322538658,1018.2376932720572,1118.4212086687198,1187.3857839809268,1203.8745781849536,1226.5626767515796,1229.4100211076857,1161.6647537047854,1099.5403585135018,988.01821845551,892.2807854033392,806.9002416655977,900.813521212909,878.6472557289416,901.7061605645156,1002.5891481559132,1104.949320104773,6.708203932499369,1312.539523214444,1425.7226237946848,1473.5318116688218,1502.001997335556,1482.7251936889722,1446.5576379805957,1338.3646737716892,1257.225516763003,1143.00699910368,1016.7128404815196,906.5020683925658,795.2370715704845,757.1129374142275,746.0884666043297,798.9023720079945,859.2205770347914,926.3935448825192,975.131273214022,1032.039243439899,1072.0097947313727,1109.901797457775,1088.824136396691,1072.3105893350116,1024.8204720827937,949.0400413048968,872.9684988589222,5.656854249492381,17.08800749063506,9.848857801796104,6.324555320336759,0.0,0.0,0.0,128.0,4.242640687119285,6.082762530298219,16.0312195418814,885.4473445665756,846.3574894806568,815.9148239859354,738.6271048370754,682.1561404839804,568.0510540435604,535.3372768638478,506.5579927313358,520.0240379059414,563.4980035457091,593.5267475017448,632.1835176592316,662.3480957925372,708.1384045509748,704.230076040494,721.3168513212485,713.7534588357523,691.3501283720138,661.8534581008095,602.5155599650518,563.8412897261072,499.001002003002,464.6859154310576,446.8780594300866,480.5424018752143,473.9039987170397,5.0,596.028522807424,664.3018892039973,680.8002643947783,719.106389903469,716.6603100493287,589.905924703253,524.8580760548513,507.35096333800334,439.96931711200045,390.69809316145887,333.44414824674914,295.6010825419961,269.6312296452323,271.0018450121696,312.18744369368864,355.9578626747835,410.8345165635429,448.4016057063132,487.93544655005337,526.3933890162375,534.1778729973753,521.4604491234211,516.4281169727303,466.2842480719245,409.02933880102046,363.19829294753026,9.848857801796104,14.560219778561036,10.44030650891055,4.47213595499958,10.0,18.24828759089466,13.601470508735444,12.083045973594572,11.40175425099138,6.708203932499369,4.123105625617661,428.88926309713094,421.9407541349852,434.76200385958293,405.5724349607601,412.66208936610593,343.0014577228499,302.98844862469593,272.12129648375554,261.6906570743404,223.5106261456041,248.0020161208372,270.4163456597992,290.3532331488665,329.5147948120084,356.1418256818483,353.96751263357487,345.34909873923226,333.9116649654516,354.2386201418473,308.5190431723786,284.96491012052695,259.8788179132728,229.0938672247688,220.0772591614136,201.48697228356977,213.35885264033456,7.0710678118654755,243.87701818744628,263.1501472543764,262.497619036821,291.3863414781139,280.8558349046713,262.8802008520231,255.19012520080005,231.93533581582605,207.76188293332345,174.18381095842403,142.00352108310554,125.29964086141668,124.2014492669067,125.96031120952344,147.80054127099805,183.0027322200409,195.88006534611935,221.75887806354,236.98523160737253,243.0740627874558,252.6222476346848,237.77720664521232,232.69078194032525,200.3596765818911,181.39735389470263,151.22169156572744,0.0,0.0,0.0,0.0,0.0
2025-06-01 18:44:23.466,0,0.0,0.0,0.0,0.0,0.0,0.0,75.45197147855052,165.9548131269473,246.8116690920427,353.5477336937687,433.0288673980062,504.71873355364966,562.225933233251,612.2172816900876,644.5168733245081,647.9290084569451,635.2676601244549,612.3152782676584,564.553806115945,494.6766620733184,431.7927743721518,318.76323501934786,230.7834482799839,198.11612756158948,233.40308481251913,308.9158461458395,391.2301113155786,505.7627902485512,591.249524312705,668.2529461214518,742.3435862186727,770.7561222591748,10.198039027185567,776.8461881222048,749.9233294144142,715.3740280440715,634.8519512453278,579.2477880838217,488.0430308896952,427.6739412215806,369.6701232179847,370.3970842217849,408.1188552370498,541.1663330252538,663.4169126574932,748.152390893727,833.2034565458787,911.206343261503,935.855223846082,1022.6807908629164,982.5197199038806,986.8353459417636,893.0201565474321,867.2075876051823,781.5529412650176,701.5326079377921,662.0641962831097,670.2753165677519,695.6471806886017,8.54400374531753,17.08800749063506,15.0,5.0,11.31370849898476,4.123105625617661,5.830951894845301,13.152946437965904,19.026297590440446,10.04987562112089,5.385164807134504,795.8002261874522,709.7978585484743,612.2458656454937,575.8003126084598,576.3922275673051,598.0652138354144,689.4323752189188,803.9912934851969,925.7397042365636,1022.436795112539,1131.7243480636089,1217.0102711152442,1269.4144319330862,1284.6622124122746,1294.6667524888403,1230.9138881335282,1177.4553070074464,1077.5620631778013,992.2948150625398,873.4300200931956,787.1581797834536,930.2671659260044,920.9603683112535,966.4331327101736,1076.1788884753314,1197.5616894339933,9.848857801796104,1418.0172777508742,1481.8991193735153,1519.5265710082203,1545.9495463953538,1505.112952571999,1447.1212803355495,1371.5334483708373,1248.6492702116154,1142.0249559444835,1025.5427831153609,909.077004439118,819.5864810988527,779.250922360699,790.8710387920397,817.2594447297627,889.9578641711079,949.06743701383,1009.5711961025828,1063.0018814658797,1105.9475575270285,1114.7421226454126,1108.8525600818173,1074.78788605008,1032.163746699137,979.2241827079232,921.1259414434054,11.180339887498947,9.219544457292889,19.235384061671343,6.708203932499369,0.0,0.0,0.0,128.0,8.54400374531753,6.082762530298219,5.830951894845301,912.7387358932456,865.7118458240017,826.5228369500749,769.69149664005,693.8659812961001,629.7181909394075,582.1039426081909,563.6390689084637,552.0552508581003,574.652938737809,602.3968791419823,652.2468857725578,686.6738672761619,736.6579939157655,737.0244229331888,742.4829964383023,757.2608533391912,718.1399585039117,684.5268438856142,626.6873223546173,584.7401132126989,539.8379386445529,485.5450545520982,484.6483261087363,492.5708070927468,511.453810231188,7.211102550927978,609.8524411691733,664.3869354525268,702.397323457315,736.2716889844401,726.0110192001221,602.5014522804074,581.4473320946619,553.7734193693301,514.7552816630442,458.74720707596686,386.86560974064366,334.59378356448883,290.9467305195231,274.5359721420856,298.3186216111894,336.14431424612854,393.8375299536599,435.15744277215344,489.14721710339927,508.6944072820145,539.9574057275258,537.0335185069922,538.1821253070377,494.0374479733292,469.77654262425665,431.7128675404522,12.529964086141668,5.0,4.123105625617661,5.385164807134504,9.219544457292889,3.1622776601683795,1.0,20.396078054371134,3.1622776601683795,10.770329614269007,6.082762530298219,444.14637226932297,460.89586676384937,473.97257304616267,476.8532268948172,439.0102504498044,416.78891539963007,354.52785504103906,305.026228380446,313.4788669113119,272.35638417338413,273.57814240176424,264.12118430750684,295.7718715496793,315.48375552474965,358.6377001933846,330.0802932621092,366.2840427864692,361.0720149776219,361.03462437832746,338.5291715642834,316.96687524093113,288.00173610587836,240.8318915758459,228.4731931759173,217.29703173306348,205.54804791094463,2.8284271247461903,215.64090521049107,239.63513932643517,258.69866640553056,271.0461215365385,280.4728150819612,288.88232898535,280.85049403552773,268.21073804007176,248.31633051412467,206.0218435020908,190.7904609774818,153.73028328862208,133.4053971921676,114.69088891450794,122.7762191957384,125.1718818265508,164.83021567661677,179.51323071016242,197.7978766316767,217.51781536232843,231.46490014686893,249.19470299346253,253.23901753086943,252.03174403237384,225.5681715136247,196.57314160383152,0.0,0.0,0.0,0.0,0.0
2025-06-01 18:44:23.473,0,0.0,0.0,0.0,0.0,0.0,0.0,91.2414379544733,151.24152868838638,242.2312944274542,347.41617694056794,446.6519898086205,512.2987409705396,584.3089935984214,629.2487584413656,663.5962627983977,681.7404198080087,668.5424444266796,629.6229030141772,568.2297070727648,510.14115693599945,444.0867032461116,332.12196554880256,270.11293934204633,210.23796041628637,231.91808898833224,320.7023542164915,417.94018710815544,516.7059124879452,630.353075664742,694.0756442924647,758.2037984605458,796.2694267645845,1.4142135623730951,802.4973520205534,779.2412976735768,717.9777155316173,655.9153908851355,577.4582235971707,503.6000397140572,420.2023322162789,369.8175225702536,374.0855517124392,414.2764777295472,562.2561693747789,691.2546564038466,781.5785309231568,855.9842288266765,957.3865468033276,970.2808871661856,995.1582788682412,958.5927185202274,971.8852812961004,910.0445044062404,831.4324987634294,759.1218611000477,693.3815688349381,658.697199022434,649.0932136450049,692.7986720541545,12.806248474865695,4.242640687119285,5.385164807134504,17.11724276862369,3.1622776601683795,6.324555320336759,8.06225774829855,3.0,15.033296378372908,4.242640687119285,13.45362404707371,804.1106888979899,703.3135858207205,621.1022460110735,561.4775151330639,550.4470910087545,579.6774965444148,692.5583007949583,814.3690809454887,920.3586257541132,1042.45527481998,1140.637102675518,1210.5676354504114,1257.2366523451342,1292.6012532873392,1266.1911388096191,1238.0246362653693,1155.9433377116718,1073.9702044284095,964.013485382855,854.5460783363294,781.8043233444031,894.418805705694,931.2722480563888,962.6234985704432,1069.1459208171727,1194.8288580378364,5.0,1415.574088488483,1476.4636805556715,1502.5764539616612,1524.7704745305111,1481.9453431216689,1408.7987791022535,1324.7445036685376,1224.299391488863,1116.271024438062,987.4340484305776,881.0686692874739,797.5688058092543,750.4305430884326,755.8108228915487,817.5726267433371,879.4458482476338,954.1325903667688,1007.9667653251272,1072.5763376095897,1092.5831776116636,1086.032227882764,1073.1565589418908,1055.3089594995392,1002.1906006344302,928.1055974402911,874.4426796537324,6.324555320336759,14.142135623730953,11.180339887498947,3.605551275463989,0.0,0.0,0.0,128.0,7.280109889280518,7.810249675906654,7.0710678118654755,901.9672943072824,843.8323293166718,806.3107341465819,727.8633113435517,661.7257740182107,584.3295303165843,553.7300786484332,540.2462401535063,524.8285434310905,557.6414618731286,595.3452779690118,668.09131112446,707.9562133352599,754.2585763516382,753.3478612168485,788.9645112424259,764.9967320191636,733.5155076751956,666.0120119036893,626.8668120103345,550.0736314349198,517.0880002475401,478.2990696206715,431.6688545633099,421.37512978342704,474.0464112299554,10.0,582.2319125571871,627.1594693536883,688.4598753740119,735.5032290887648,728.2341656363013,589.6117366538763,570.4752404793744,550.9237696814324,513.8764442937621,455.34712033788026,384.0026041578364,333.6225412048772,278.3684608571883,265.9567634033773,273.25080054777516,314.85869846647086,355.6810368855781,408.8532744151623,469.13750649463105,501.5436172457985,527.8219396728408,537.2392390732457,542.0590373750815,522.398315464359,479.5518741491894,428.04906260848185,6.082762530298219,6.4031242374328485,9.486832980505138,6.324555320336759,8.246211251235321,5.830951894845301,5.385164807134504,7.0710678118654755,17.08800749063506,6.4031242374328485,9.219544457292889,435.4595273960601,474.01687733666193,467.0171303068015,479.3172227241579,457.4997267758747,418.69917602020666,400.930168483241,357.71776584340904,310.92764431616564,308.18500936937215,311.8348922106056,272.5912691191704,333.02402315748935,352.40459701882435,380.1710141502111,375.5369489144843,381.4354467010112,384.2134823246056,380.4944152021157,360.04999652825995,343.92586410446074,302.80356668969404,275.3924472457442,250.52943938786913,226.17913254763357,227.37853900489375,10.816653826391969,252.62026838715852,280.86473612755304,292.138665705175,310.4834939252005,320.66337489647924,315.62794553081005,299.34762400927787,291.39835277502857,263.41791890454226,247.8225171367606,198.92712233378333,162.92943257741985,135.4289481610191,115.62439189029276,118.70130580579136,143.95138068111746,183.698121928342,193.5458601985586,218.3575050232989,241.83465425782137,263.21854038042227,283.6229891951638,273.6512378923216,266.5576860643865,239.5078286820704,211.81359729724625,0.0,0.0,0.0,0.0,0.0
2025-06-01 18:44:23.477,0,0.0,0.0,0.0,0.0,0.0,0.0,176.56726763474597,121.59358535712316,111.19802156513396,185.52897347853784,277.46170906991836,362.579646422686,445.3818586336898,524.0811005941733,581.5126825788067,623.5270643685004,652.1058196335929,661.3750826875776,625.8594091327541,592.7107220221345,553.3552204506614,472.4923279800424,404.1002350902558,298.21636440678435,222.86543024883872,212.02122535255756,269.5570440556136,372.1088550411022,473.1870666026281,562.5122220894405,654.9908396306013,717.7200011146408,2.8284271247461903,786.8424238689727,800.4879761745332,771.2152747449962,728.5615965723146,667.5822046759486,617.5176110848986,534.5848856823395,452.52734723992097,410.9111826173632,391.5558708537007,473.51135150067944,562.4251061252511,663.3324958118666,717.8203117772581,851.002350173018,887.3792875653567,963.5460549449622,990.0,999.998499998875,995.4948518199378,887.3736529782705,834.8652585896721,764.1577062360884,679.5778101144857,658.5590330410782,627.3308536968351,20.0,18.110770276274835,6.708203932499369,17.69180601295413,8.246211251235321,4.123105625617661,16.401219466856727,10.04987562112089,12.041594578792296,10.0,13.41640786499874,855.8621384311845,753.3949827281835,672.4232298188397,602.6649151891953,559.7713819051488,560.8787747811465,637.4080325819561,747.1131105796497,863.7042317830798,980.9612632515108,1075.2943782983336,1170.776238228296,1245.5079285175186,1279.9757810208755,1262.0570510083924,1272.7395648757054,1193.426160262963,1116.0,1024.9297536904664,925.8774216925262,821.8077634094241,917.3058377662272,904.8032935395404,960.3468123547868,1031.2885144323095,1162.7355675302963,10.0,1362.9794569251585,1441.7600355121515,1469.401238600267,1516.0118733044276,1469.5771500673247,1418.0465436649108,1320.4635549684815,1215.7178949081897,1088.5311203635845,989.6261920543534,867.7563021954954,781.7032685105007,757.9551437915044,765.7734651971169,821.3239312232415,864.1672291865735,942.1406476742206,1007.2938995149332,1078.2244664261705,1094.9178051342485,1105.0520349739193,1065.2811835379428,1030.0703859445723,988.1381482363688,917.0049072933034,858.6763068817027,14.866068747318506,5.0,11.40175425099138,6.708203932499369,0.0,0.0,0.0,128.0,11.40175425099138,9.848857801796104,8.54400374531753,898.376313133867,849.6334503772789,779.2355228042418,708.8652904466405,646.6714776453342,552.6843583818887,546.2838090223798,533.0853590186097,536.1949272419499,580.7753438292641,650.6097140375326,703.4912934784624,741.7007482805986,756.9048817387823,766.5246245229177,776.1919865600263,737.3743960838348,713.2180592217222,662.3971618296684,593.2453118230266,540.5598949237725,461.8322206169682,437.49857142623904,429.78715662523,426.3801121065569,494.8989795907848,10.04987562112089,612.4377519389216,686.0349845306724,715.6290938747529,753.5124418349043,770.4803696396165,604.1191935371694,542.4877878809808,537.1126511263722,457.7652236682031,395.33909495520425,320.4122344730301,277.91365565585295,241.0020746798666,242.26019070412704,304.538995860957,361.9627052611912,412.01213574359673,468.9605527120591,518.5248306494107,535.809667699268,545.008256818188,540.7032457827491,528.1713737036494,505.0990001969911,425.6818060476628,367.7077643999376,9.0,11.40175425099138,8.06225774829855,12.727922061357855,6.082762530298219,19.72308292331602,7.0710678118654755,8.06225774829855,16.278820596099706,7.211102550927978,12.206555615733702,452.3416850125577,477.30074376644336,467.79589566391024,431.6537964619331,429.0314673773941,376.3787985527346,345.9739874614853,291.97260145431454,253.16002844051033,251.66843266488547,250.2258979402412,303.7268509697488,334.1496670655232,383.94009949469984,389.1015291668744,405.123437979093,395.98232283777514,375.26124233658874,343.77027212951384,325.75604368913866,292.138665705175,274.19153889206723,231.4497785697796,234.15593095200472,212.143819141638,217.70163067832084,10.0,258.81653733871025,294.5929394944828,294.5318318959769,310.2208890452092,301.37352239372325,306.3413129174712,272.8552729928451,253.7971631047124,234.76371099469355,189.52836199366047,161.20794025109308,116.69190203266037,115.26057435220424,124.32618388738553,144.3675863897433,175.0114281982751,201.357890334598,222.17110523198104,246.22144504490265,242.5077318355025,251.87298386289865,245.45875417267155,236.22446951998856,210.05237442123808,184.200977196105,153.9415473483361,0.0,0.0,0.0,0.0,0.0
2025-06-01 18:44:23.480,0,0.0,0.0,0.0,0.0,0.0,0.0,187.01871564097536,133.7348122217996,118.2285921425101,183.17477992343817,266.6627083039546,369.005420014395,457.5587393985607,520.3844732503075,593.1239330865009,632.113913784533,657.1362111465172,662.2967612785072,656.5257039903312,609.6047900074277,555.082876695003,478.0345175821512,386.16058835670947,311.1269837220809,250.89041432466087,210.23796041628637,282.0655952079232,376.0917441263501,481.918042824711,583.013721965444,661.2087416240048,742.9468352446223,6.082762530298219,809.689446639883,812.4561526630222,793.6976754407184,736.3395955671541,678.7547421565465,602.8764384183545,501.5436172457985,447.6259599263653,367.0422319025428,355.27594908746636,492.40328999713233,569.3803649582588,658.6197689107122,778.3109918278169,847.6803642883325,973.8511179846744,987.5854393418324,961.9313904847892,997.9143249798552,952.4017009644616,901.7056060599824,842.7478863812119,730.5511617949834,668.674061108998,624.6479008209345,644.0279497040482,4.123105625617661,13.892443989449804,11.04536101718726,4.123105625617661,2.23606797749979,20.591260281974,7.211102550927978,18.68154169226941,10.63014581273465,6.324555320336759,18.384776310850235,870.7663291606997,790.7066459819343,687.4394518792183,591.0270721379859,536.6153184544772,509.35645671769,593.8097338373631,721.8379319487166,848.3218728760918,995.45416770437,1102.5280041794856,1211.075555033624,1266.848846548001,1309.2791910054937,1328.045556447519,1299.8769172502448,1226.990627511066,1143.7783876258547,1046.0406301860364,890.2948949645842,805.4874300695201,905.8173104991978,868.311580021826,930.8087880977488,1032.753600816768,1139.377022762878,9.848857801796104,1376.895057729528,1482.3093469313346,1514.572546958382,1531.2119383024676,1503.9261949976135,1450.4792311508634,1370.7884592452622,1258.844311263311,1115.8718564423068,995.2009847262008,877.6263441807112,794.4973253573608,752.0538544545863,746.309587235753,802.153351922187,872.2688805637858,956.4737319968594,995.787627960902,1056.184169546202,1085.4759324830743,1059.1742066345837,1075.683968459138,1060.7544484940895,1012.8301930728566,922.4559610084376,848.9905770972962,7.810249675906654,8.246211251235321,3.1622776601683795,9.055385138137416,0.0,0.0,0.0,128.0,13.0,12.16552506059644,11.40175425099138,923.932897996386,871.6059889651975,805.9106650243561,733.1909710300584,646.0278631761946,552.2001448750262,523.2064602047647,507.2760589659244,527.1811832757311,582.5916236953635,632.1621627399096,688.364002545165,739.1380114701178,766.8044079163865,768.5785581188171,789.020278573371,757.7783317039357,705.4714735550971,661.4967875961304,572.4089447239622,558.1684333603971,492.245873522572,442.0,417.92941987852447,455.4964324777967,491.0977499439394,13.0,620.0725763973118,690.2361914591265,731.0827586532184,749.2943346909811,757.6285369493417,609.4792859482593,543.6193521205807,533.0741036666478,460.9913231287548,418.2654659423845,342.2528305215313,281.06404963993526,272.5472436110848,274.85450696686786,326.80575270334515,397.7863748295057,459.9521714265517,490.6831971853122,523.9284302268775,547.2887720390397,539.0037105623671,560.4658776410924,536.2359555270422,478.979122718308,427.551166528639,374.97333238511777,2.23606797749979,9.486832980505138,4.242640687119285,9.486832980505138,5.0,7.211102550927978,10.0,12.529964086141668,6.4031242374328485,4.242640687119285,4.123105625617661,474.2288477096264,450.7604685417744,454.059467470947,430.7261310856354,388.9730067755345,362.19469902250086,311.4883625434504,266.3174797117155,247.08095839218367,243.3105012119288,241.23225323326895,287.9201278132531,308.8462400612965,367.2220036980355,382.3506244273703,380.2367683430943,365.8209944768069,370.5401462729781,334.16762260877397,299.0401310861136,283.45193596093145,258.21309029559285,228.4841351166422,204.41379601191304,208.0216334903656,214.36650857818253,8.48528137423857,262.6194966105906,278.9265136196271,298.2968320314515,314.5790838565082,292.1044333795706,298.2029510249689,277.8488797889961,255.2371446322028,221.54232101339016,182.00274723201295,138.31124321616085,129.0155029444136,109.12836478203089,109.16501271011695,136.23509092741122,175.13708916160505,196.5807722031837,220.0295434708712,241.0020746798666,252.90709756746645,263.2812184718082,247.8144467136652,240.88171371027732,225.06221362103412,196.74348782107123,151.5585695366646,0.0,0.0,0.0,0.0,0.0
2025-06-01 18:44:23.483,0,0.0,0.0,0.0,0.0,0.0,0.0,197.60819821049935,131.82184947875675,124.23365083583433,174.72263734273244,267.2901045680517,366.61969396092184,445.9820624195552,518.4013888870284,586.1228540161184,628.245970938135,648.1396454468744,676.2839640269463,653.9915901599959,617.6609102088297,566.6753920896865,481.49974039453025,403.6099602338872,311.8108400937979,238.53720883753127,226.80828909014767,272.6829660979945,393.0101779852527,472.8689036086006,572.8682221942495,663.7115337253075,734.2833240650369,13.601470508735444,817.0042839544968,811.0930896019272,778.4728640100437,726.8871989518044,671.5839485872187,598.4947785904235,498.0863378973569,452.59253197550663,395.7473941796711,399.8249617019928,493.79449166632065,544.4713031923721,679.2996393345134,762.863028334707,850.8049130088518,911.7214486892364,984.9192860331246,972.1877390710088,990.145443861658,930.6825452322612,891.5716460273958,794.7955712005446,720.0,665.3976254841912,651.5251338206378,632.5820104935011,15.811388300841896,11.04536101718726,7.615773105863909,6.082762530298219,11.704699910719626,8.94427190999916,11.40175425099138,9.899494936611664,6.324555320336759,6.708203932499369,13.152946437965904,862.1658773113211,759.6472865744996,666.4150358447804,582.7495173743175,532.7982732704752,522.8049349422785,604.5461107310177,696.4230036407471,839.235962051198,936.7347543461808,1052.2989119066883,1149.7865019211176,1229.3709773701346,1267.142059912779,1270.981117090258,1245.6648827032093,1181.758435552715,1101.6006535945774,1005.2347984426324,892.7603261794287,817.5383783040402,904.9640876852516,873.8243530595837,908.8652265325152,1008.6922226328504,1100.6216425275309,10.63014581273465,1336.5346983898323,1431.43634158142,1470.601577586533,1482.2719048811523,1443.3364126218114,1409.113196304683,1332.44624657057,1217.6042049861687,1112.6733572796643,983.4922470462084,876.5215342477331,797.2766144820755,764.7123642259226,765.247672325764,798.7897094980631,865.8897158414575,927.2863635360976,982.2433507028694,1032.9496599544432,1070.0490642956518,1051.410956762388,1070.454576336614,1022.0631095974456,974.032853655358,926.4221499942668,857.4940233027867,12.727922061357855,13.601470508735444,16.401219466856727,9.433981132056603,0.0,0.0,0.0,128.0,6.082762530298219,10.0,10.0,905.4612084457292,836.0771495502074,790.2537567136268,713.1072850560427,633.6600034718934,556.6506983737647,526.6735231621199,514.1867365072732,521.9521050824491,561.6983176047441,610.774098992418,655.4052181665935,690.1949000101348,717.4677693109287,732.2731730713614,736.6437402163953,705.4707648088615,679.8955802180215,654.7801157640632,585.3622809850324,541.7093316530554,486.8367282775613,443.6676684186036,432.92609068985433,463.29796028042256,486.12446965772045,8.54400374531753,611.2675355357914,672.4715607369578,704.8099034491499,725.9869144826234,743.4648613081858,586.6856057549052,559.3576673292322,501.8296523721969,450.4941731032711,412.2256663527878,318.6989174754128,290.5580836941213,283.0989226401259,297.6927946726289,318.39912060180063,393.45901946708506,442.11310769982833,480.076035644355,505.83495331975627,527.045538829426,530.9708089904755,548.5663132201977,510.4635148568407,468.2744921517721,418.5427098875335,353.62409420173844,15.652475842498529,10.198039027185567,24.698178070456937,12.16552506059644,10.0,7.810249675906654,15.033296378372908,9.0,8.48528137423857,4.47213595499958,8.246211251235321,455.4964324777967,473.491288198632,465.3396608929869,427.0234185615585,410.40955154576994,357.8505274552491,330.9380606699689,286.55540476494247,253.3081127796739,249.3290997858052,248.51559307214507,296.1418578992169,322.0745255371806,367.0694757127048,404.0519768544636,371.2856043533064,372.22708122865,360.6688231605277,350.8389944119667,307.7174028227848,284.0369694247564,254.0255892621844,232.6972281742952,209.69501663129716,197.80040444852483,221.53103620034824,10.816653826391969,273.5415873317986,280.528073461463,304.55377193526925,308.11199262605794,299.06019460971396,296.346081465573,264.1968962724581,237.80033641691932,214.9720912118594,180.27756377319943,149.77650015940418,115.80155439371268,113.29607230614836,123.3288287465668,155.72411502397438,184.89456454963732,205.1828452868319,239.26972228010797,256.62813563598206,272.97618943783357,265.6689669494727,255.76551761330143,250.79872407968904,227.50164834567684,189.52836199366047,152.0526224699857,0.0,0.0,0.0,0.0,0.0
2025-06-01 18:44:23.488,0,0.0,0.0,0.0,0.0,0.0,0.0,220.9072203437452,158.00316452527144,133.19534526401438,180.5685465411958,263.6380093992518,370.7573330360439,459.5095211200743,536.2574008813305,599.1410518400488,650.429089140392,676.1257279530191,677.5559017527631,671.7216685503007,632.4555320336759,583.7893455691017,516.5500943761408,421.2944338583172,345.14489710844634,273.1245137295442,253.7971631047124,290.61486541469276,389.27239819951274,502.9403543164935,598.3218197592329,691.8048857878932,753.0478072473221,18.0,822.2657721199394,820.1195034871442,799.1151356344091,763.4461343146614,685.7929716758549,623.6024374551466,514.192570930386,449.040087297337,406.0701909768802,388.270524248236,463.03563577763646,562.6944108483751,639.1157954549394,792.7578444897282,887.4345046255527,951.3127771663744,997.1945647665756,1052.20720392896,1023.0171064063396,935.1727113212831,896.0357135739624,817.6411193182496,752.3968367822927,662.0030211411425,638.4371543072975,646.9142137872687,6.708203932499369,10.0,8.0,3.1622776601683795,13.601470508735444,18.110770276274835,17.11724276862369,3.605551275463989,8.602325267042627,15.620499351813308,7.0710678118654755,878.9021561015766,780.1397310738635,671.764839806312,597.8628605290681,550.0081817573263,535.6089991775717,622.6154511413928,718.45528740486,846.796315532844,976.447643245658,1094.2271245038664,1201.7894990388293,1251.386431123496,1291.660946223892,1289.4049014952595,1267.2560909303218,1202.2620346663202,1122.0271832714216,1022.617230443532,919.9739126736148,820.0006097558709,923.7667454503868,892.2964753936889,932.2145675755128,1021.2159419045512,1155.7356964289024,5.385164807134504,1346.7924858715244,1441.9171266061028,1472.0502708807196,1513.5564079346366,1485.204363042339,1419.883093779203,1318.6694051201764,1222.8491321499966,1100.259060403503,987.7044092237312,896.3576295207176,791.3437938089867,737.905820548937,757.8951114765156,814.5581624414551,882.8159491083065,949.4003370549224,1004.3032410581976,1071.696318926215,1082.2000739234866,1084.9930875355842,1068.8708995945208,1039.4407150001389,982.8550249146616,907.9427294714131,835.2748050791428,13.601470508735444,18.439088914585778,27.29468812791236,10.63014581273465,0.0,0.0,0.0,1152.0,7.211102550927978,6.708203932499369,13.341664064126334,920.867525760356,867.1804887103953,818.0391188690184,746.0462452154022,667.3439892589129,567.9656679765072,533.8333073160572,512.3055728761888,525.594901040716,562.2463872716303,633.0071089648204,691.6834536115491,718.4601589510722,758.9235798155174,756.6908219345601,783.2458107133417,751.2017039384295,734.6597852067309,683.4793339962811,613.9421796879573,562.0907400055618,496.2358310319802,452.0409273506106,421.2790049361587,438.63424398922615,489.97244820499856,1.4142135623730951,602.0506623200409,655.6645483782085,694.1123828314836,751.7745672739934,749.4351206075146,600.0533309631736,549.156626109528,524.0811005941733,468.8816481800072,414.4514446832101,344.5417246140154,288.88232898535,261.3962509295036,265.2244332636041,314.47257432087775,355.27594908746636,401.1246688998322,461.06940909151626,507.26817365176777,518.4640778298917,528.9697533886035,503.4679731621466,511.42252590201775,480.7130120976548,421.3691967859065,354.5955442472452,5.0990195135927845,4.47213595499958,8.54400374531753,6.0,9.433981132056603,8.94427190999916,3.605551275463989,7.0710678118654755,6.082762530298219,10.04987562112089,14.212670403551895,465.47395201020646,455.1087782058263,458.245567354448,427.9836445473121,399.23927662493327,372.80826171103024,333.3901618224509,306.360898288277,263.97348351681086,256.9124364447934,279.4154612758571,288.01388855400705,311.87818134649945,348.1738071710737,387.227323416104,367.947007054005,363.6000550054964,360.6618915272308,329.73474187595093,310.871356030111,285.40672732085346,264.25934231356894,228.5694642772739,216.8432613663611,208.806130178211,215.05813167606567,8.06225774829855,260.155722597063,283.24018076537095,279.5460606054036,293.82477771624366,286.2516375499012,281.0160137785746,257.14781741247583,239.47024867402632,209.35137926462295,174.91712323268982,153.95129099815955,127.00393694685216,105.75916035975324,105.84894897919392,147.03060905811415,172.8120366178236,214.34784813475505,232.24555969921147,252.5173261382276,255.63450471327224,265.3695536417092,269.3287953413077,249.11041728518703,226.2741699796952,203.364205306637,171.26587517658035,0.0,0.0,0.0,0.0,0.0
2025-06-01 18:44:23.490,0,0.0,0.0,0.0,0.0,0.0,0.0,113.70136322841516,160.312195418814,257.14781741247583,352.0113634529431,438.5076966257263,514.8873663239369,581.178974155122,625.3359097317217,668.2252614201292,668.9245099411443,674.9296259611071,651.6018723116133,602.3769583906742,533.689984916337,447.92521697265494,363.1377149236912,288.00694436072195,221.0,261.3350340080717,344.70277051396033,449.7221364353772,549.156626109528,628.6215077453205,719.3566570207021,781.0716996537514,815.2453618389987,10.770329614269007,824.2457157911105,785.3235002214055,734.4603461045396,641.6977481649752,562.8943062422998,491.1099673189295,417.71282000915414,394.84807204797136,392.3263947276553,410.9428184066489,595.4636848708744,667.3237595050846,772.9074976994336,887.1420404873168,928.2036414494396,990.2343157051264,1066.782545788972,972.100817816753,936.4705014040752,876.0507976139284,813.6860573956027,747.1713324265057,655.8239092927308,627.0326945223829,621.6309194369276,684.424575829945,16.401219466856727,4.123105625617661,9.219544457292889,5.830951894845301,12.529964086141668,13.92838827718412,7.0,10.44030650891055,6.082762530298219,19.924858845171276,16.55294535724685,765.7551828097542,668.8871354720466,559.1645553859794,527.0037950527491,535.051399400095,567.3244221783511,681.9303483494484,807.2329279706075,935.9882477894688,1035.4921535192818,1150.173899895142,1216.636757623244,1250.4719109200337,1268.075707519074,1254.582799180668,1220.61664743686,1143.8496404685363,1039.496512740663,933.4505878727592,833.1416446199289,741.7715281675349,868.682335494397,873.0114546785741,952.71874128727,1057.711208222736,1192.9245575475425,20.396078054371134,1399.7860550812757,1461.3257679244557,1507.0597201172884,1486.356955781484,1460.149649864698,1376.4406997760564,1264.23494651904,1169.401983921697,1040.4662416436202,940.6513700622564,841.0998751634671,752.3948431508552,745.7459352889562,770.7197934398727,811.3211448002572,900.7652302348264,955.3774123350416,1023.3562429574562,1063.440172271106,1090.9156704347042,1084.5280079370934,1057.057235914877,1025.1682788693763,957.8627250290097,909.4316906728068,836.0203346809215,13.038404810405298,11.04536101718726,6.708203932499369,4.47213595499958,0.0,0.0,0.0,128.0,12.649110640673518,13.601470508735444,13.152946437965904,911.6940276211092,856.9299854713919,799.2027277230728,725.2709838398334,643.3762507273641,558.2400917168168,530.1264000217307,490.404934722317,492.00101625911304,528.5158464984754,588.6340119293142,661.7688418171408,704.0482937980888,746.5788638851224,763.6000261917229,772.7852224259985,759.480085321531,727.7369030082232,672.8038347096425,628.8282754456895,569.8780571315235,494.5321020924729,457.3160832509611,416.6173304124542,408.54130758100825,436.86725672680024,9.486832980505138,544.4722215136416,606.2384019509157,674.0867896643576,690.5338514511798,719.6117008498403,584.3808689544859,559.6543576172708,552.7675822622018,504.8286838126376,444.0720662234904,380.52595180880894,322.0077638815561,257.2333570904054,249.41932563456265,264.76404589747455,316.26096818924714,371.6517186829626,438.95899580712546,470.09148045885706,503.048705395412,521.9348618362257,511.4547878356405,534.4623466625128,515.0087377899524,470.52311314110807,414.2511315615203,11.04536101718726,5.830951894845301,13.152946437965904,6.708203932499369,3.0,5.0990195135927845,12.649110640673518,10.295630140987,2.23606797749979,4.47213595499958,9.219544457292889,443.77584431782674,455.554607045083,466.7718928984478,484.0630124271013,449.0133628301056,405.26781268687006,366.0122948754591,360.3248534309006,306.1633550900565,300.37643050013094,270.55868125048215,291.0068727710739,291.3863414781139,342.4280946417802,359.5622338344226,357.02801010564986,361.87981430303626,374.1924638471491,362.7740343519641,354.99014070816105,325.7253444237952,290.9518860567843,247.2023462671825,229.3163753420152,216.05786262017867,198.01010075246165,16.1245154965971,245.3752228730521,254.32656172724072,283.98063314247327,289.99310336626974,317.8238505839359,311.8493225902535,296.36632737205485,275.7861490358064,254.566297847928,229.13969538253295,195.68597292601223,168.5496959356498,126.1269202034205,109.37092849564732,111.21151019566275,134.8332303254654,164.20109622045769,193.9613363534083,223.57325421436255,241.99380157351135,268.1510768205118,282.29417280560364,291.0154635066666,272.26457720386617,249.73586046060743,229.0087334579186,0.0,0.0,0.0,0.0,0.0
2025-06-01 18:44:23.496,0,0.0,0.0,0.0,0.0,0.0,0.0,127.38916751435345,181.69479904499192,267.7480158656643,344.20923869065456,428.40401492049534,499.05711096025874,556.3919481804171,595.6257214056492,638.4606487482216,632.4697621230599,629.9793647414175,592.0489844599009,550.8584210121509,487.9641380265562,416.7781184275393,332.26796414941964,258.75084540924695,224.8488381112965,242.54690268069805,332.13250367887815,434.225747739583,549.2831692305891,608.2269313340211,701.9921651984444,759.3944956345154,786.6060004856307,5.385164807134504,779.185472143828,749.6752630306005,695.1294843408673,622.1615545820877,538.8033036275854,459.30599821905224,389.1040991816971,370.3079799302197,366.0,420.1737735746961,578.4012448119385,671.7038037706799,740.4059697220167,848.9157790970786,923.4760419198756,974.1586113154264,987.676566493303,975.76687789656,926.2062405317728,863.5861277255442,778.8228296602508,732.2636137348353,647.1305896030568,614.8666522100544,626.4191887226955,706.6371062999734,2.23606797749979,7.0710678118654755,12.649110640673518,4.123105625617661,10.295630140987,12.206555615733702,5.830951894845301,9.486832980505138,9.219544457292889,20.518284528683193,13.0,758.7621498203505,644.8263332091827,556.7809263974476,492.9137855649809,523.1156659860227,557.5033632185549,705.2559818959354,819.7810683347109,946.3043907749768,1062.665516519662,1171.157120116682,1228.8734678558244,1271.3445638378291,1285.127620121831,1270.8866983330968,1228.0004071660562,1130.8271309090528,1027.391356786692,930.0344079656408,811.8971609754526,726.2485800330353,861.5480253590046,860.0145347608958,959.2689925146128,1060.8020550507997,1207.3396373846094,18.24828759089466,1417.230044840992,1470.5135157488353,1513.8259477231852,1506.160681999102,1444.5113360579765,1370.372941939529,1264.664777717795,1156.6166175531112,1034.2344995212643,904.5883041472512,816.8849368179095,734.9081575271838,729.8575203421556,761.5543316139696,832.3520889623574,910.837526675312,961.601268717965,1053.3185652973175,1084.126376397143,1115.3515140976856,1113.3031932047982,1077.7643527228015,1045.800172117025,976.76404520232,913.4221368020376,838.1527307120105,5.385164807134504,18.110770276274835,8.54400374531753,7.0710678118654755,0.0,0.0,0.0,128.0,8.0,4.47213595499958,17.88854381999832,953.6802399127288,882.748548568617,827.0006045947003,735.2203751257169,654.422646307415,563.8528176749674,525.1866334932754,502.176263875544,502.95526640050207,532.4856805586419,598.5649505275096,658.6729082025463,691.3826726205973,740.0,751.7725719923546,771.4097484476068,756.0952320971214,727.4957044546724,663.3038519411748,605.1388270471496,554.7585060186099,490.7728598853038,455.3602969078442,417.59789271498965,397.64557082909903,453.4423888433899,33.83784863137726,569.6209265818804,627.0901051683084,677.9410003827767,737.7133589681022,736.7523328772023,593.0539604454218,564.7344508704954,533.2400960167943,499.4006407685116,439.4769618535197,380.1394480976685,297.122870206923,260.83711392361323,242.66231681083076,284.4802277839358,330.96978714076005,380.5955858913763,449.53865239821147,485.6274292088534,522.498803826382,534.9579422721005,552.261713320777,528.5924706236365,525.594901040716,458.8027898781785,419.71895358680194,11.6619037896906,8.06225774829855,6.082762530298219,3.0,10.198039027185567,6.4031242374328485,7.0710678118654755,7.0710678118654755,14.0356688476182,9.219544457292889,5.385164807134504,427.0889837024598,460.0391287705862,453.7058518467665,472.3557981013888,448.0903926664797,405.3060571962872,382.96213912082743,338.71079108879894,290.26884090442775,250.52145616693193,235.2126697267815,253.60007886434104,292.5884481656786,316.6607016982057,370.97978381577616,358.4034040016919,349.85711369071805,376.2578902827155,364.0054944640259,349.2921413373052,322.09470656935673,275.41423347387115,263.3514761682569,213.00234740490535,193.83756085960223,177.00282483621552,3.605551275463989,213.693706037403,251.5750385074004,267.5892374517331,270.20177645604036,296.80464955926817,300.0,292.53546793508644,285.63088068344433,262.01145013147806,215.75217264259473,199.2234925906079,163.00306745579974,123.84667940643382,102.3132444994293,94.03190947758108,115.03912377969506,146.6594695203825,165.3420696616563,188.13824704190267,214.76731594914529,243.19950657844683,255.14309710435043,264.4617174564213,256.8988127648705,244.10038918445008,216.03703386225243,0.0,0.0,0.0,0.0,0.0
2025-06-01 18:44:23.498,0,0.0,0.0,0.0,0.0,0.0,0.0,118.69709347747316,180.49930747789588,257.2353008434107,355.95083930228344,430.65647562761666,508.8850557837202,563.8519309180381,609.5481933366713,647.1576314932862,643.0124415592594,641.3493587741395,604.5667870467249,560.5086975239545,500.1059887663814,428.3853405521715,337.5574025258519,260.06922155457,207.28000385951367,256.09568524284043,337.66403421152216,430.76907967030314,538.9062998332827,630.8629011124366,712.1242869050318,771.495301346677,799.813103168484,4.47213595499958,800.8551679298823,775.8872340746431,697.7248741445298,615.8319575988241,555.5555777777773,461.7932437790748,382.6486639203122,351.64328516267733,367.76351096866586,443.4636399976891,562.8187985488757,670.8539334311158,777.7004564740848,909.840095841022,934.1803894323624,965.1740775632136,997.9764526280168,969.5710391714472,903.6249221884044,876.1877652649573,762.0,705.8625928606785,641.4312122121904,602.6250907488005,610.3810285387317,672.8305878897005,5.830951894845301,2.8284271247461903,17.08800749063506,9.848857801796104,6.4031242374328485,22.80350850198276,8.94427190999916,13.0,8.54400374531753,12.083045973594572,4.123105625617661,755.0377474007508,664.115953730973,559.4032534764166,491.9044622688434,504.7583580288691,549.3132075601314,691.3501283720138,807.5951956271161,965.4864059115488,1045.9928298033406,1171.3859312796958,1248.7854099083638,1296.1593266261675,1305.7201078332216,1284.743164994467,1236.074835922162,1158.5288084462984,1037.439636798209,937.281707919236,815.4373059898596,737.7892653054801,843.2372145487888,858.960418180023,955.0020942385414,1072.0494391584746,1220.1672016572154,7.0710678118654755,1420.2946877320917,1498.682754955164,1524.9196700154405,1519.0315994079913,1458.196831706886,1393.5354319140938,1266.169814835277,1154.774869833943,1027.5641099221011,911.353389196529,805.4147999633481,746.538679506963,716.9379331573969,757.327538123367,827.6019574650607,911.9676529351246,969.1769704238746,1055.330280054543,1107.105234383796,1113.8949681186284,1117.7557872809248,1092.1945797338494,1052.555461721614,972.1301353213984,902.377415497529,829.5426450761889,23.53720459187964,7.211102550927978,4.47213595499958,17.26267650163207,0.0,0.0,0.0,128.0,11.04536101718726,5.0,18.973665961010276,949.2760399378044,893.1097356988109,835.555503841606,757.4021388932039,665.1992182797571,575.0078260336984,530.879459011177,503.95436301316016,495.8487672667948,545.3668490108287,607.3491582277858,664.7352856588855,711.6249011944425,744.790574591274,769.3555744907552,792.1622308593107,762.5850772208961,746.0428942091735,693.0353526336156,638.0501547684163,584.041950548075,519.0616533707725,463.7510107805696,444.79770682862113,436.0389890823985,473.15959252666534,18.027756377319943,599.594863220158,655.0801477681948,706.1161377563892,749.7366204207982,756.6379583393897,617.741046070277,573.3341085266077,555.901070335361,524.3891684617446,449.9077683259092,396.8689960175776,321.02959365142647,297.397041007472,274.14229881577927,306.2433672751134,362.6086044207997,411.8859065323794,483.0,525.9847906546348,553.1663402630352,562.8090262247044,567.2459783903277,551.4961468587065,515.2397500193478,475.2094275159112,423.14063855886025,14.142135623730953,12.806248474865695,6.4031242374328485,10.770329614269007,5.830951894845301,8.06225774829855,8.0,4.123105625617661,6.4031242374328485,1.4142135623730951,8.246211251235321,451.159616987159,448.8028520408488,476.656060488063,458.00982522212337,442.4850279952984,388.25378298221386,352.41452864489,307.1042168385188,269.937029693964,258.08913189051566,215.5736533067063,230.53416232740864,276.8483339303309,296.36632737205485,338.87018163302594,342.1607809203153,336.04315199093105,382.10208060150626,358.5875067539303,350.11569516375584,315.83856635946154,288.18917398125836,239.63305281200255,205.1560381758236,183.88311504866343,173.6663467687393,8.0,204.6851240320117,231.8641843838759,247.64894508154077,272.8094573140748,293.492759706266,294.49108645254444,283.59301824974466,270.9464891819047,259.3260495977988,234.06195760951843,194.8332620473209,170.8156901458411,118.27087553578016,112.80514172678478,102.35721762533409,117.13667231059624,145.41664278891878,173.11268006705922,190.43634106966033,214.2545215392198,245.83937845674765,257.62375666851847,268.79360111431225,255.32724100651697,244.23349483639623,221.56263222845135,0.0,0.0,0.0,0.0,0.0
2025-06-01 18:44:23.500,0,0.0,0.0,0.0,0.0,0.0,0.0,116.92732785794772,167.91962362987834,256.1640099623677,354.2767279966326,420.8301320010249,505.4463374088292,565.0,613.5698819205519,654.0344027648698,649.8030470842684,645.6082403439411,612.9551370206469,569.1133454769797,489.4374321606389,440.2737784606301,346.6237152879185,276.702005775166,226.81490250863143,256.33766793040775,332.7281172368816,436.2900411423575,551.7109750584992,617.4827932825335,710.6905092936024,762.2296241947042,799.1845844359111,9.899494936611664,793.3933450691403,753.4036102913232,702.8833473628465,628.5515094246454,539.9675916200897,461.1084471141252,378.33847279915904,345.77449298639715,371.87766805765574,436.8065933568311,571.0709237914324,683.2422703551061,737.9329237810168,882.4987252115438,932.4639403215548,968.3026386414527,972.397552444472,987.4234147517468,883.0475638378716,842.9294157875854,751.996010627716,686.201865342845,660.6935749649757,612.6116224819767,620.9428315070559,670.5594679072095,14.866068747318506,10.0,11.31370849898476,2.8284271247461903,9.486832980505138,12.806248474865695,23.194827009486403,1.4142135623730951,17.69180601295413,3.1622776601683795,11.31370849898476,714.9377595287579,614.8406297570127,517.0783306231272,481.08731016313453,474.6588248415909,525.521645605583,642.0070093075309,776.6266799434591,905.507592458506,1005.6883214992604,1109.4953807925476,1179.2357694710588,1225.1338702362284,1250.2499750049988,1233.5854246869164,1186.6360014764427,1112.0071942213324,1021.2115353833408,912.7239451225108,808.6711321668407,717.2307857307856,862.9606016499247,860.1308040059954,961.8549786740202,1069.687804922539,1207.5098343284828,17.4928556845359,1419.8721773455525,1466.5513969854585,1511.5505284309884,1494.0421680796028,1456.2503218883764,1388.8646442328352,1257.2748307351103,1165.0321883965266,1037.68829616605,927.2998436320368,810.237619467277,753.3531708302554,733.640920341825,787.5760280760201,838.9809294614508,924.4246859533772,986.105471032384,1062.8852242834123,1110.8001620453608,1115.1452820148593,1121.2158578971312,1104.4247371369404,1061.3086261780784,1005.3705784435906,919.2219536107696,842.3455348014851,11.6619037896906,15.811388300841896,7.615773105863909,17.88854381999832,0.0,0.0,0.0,128.0,2.23606797749979,3.605551275463989,7.0,952.6074742515932,892.06277805993,833.8537041951664,765.9412510108069,681.1057186663462,558.1442465886395,520.0740331914294,496.86416654856487,490.8054604423223,530.1358316507195,563.0275304103699,618.8263084258781,677.8325751983302,698.8454764824625,722.4970588175429,737.0997218830028,733.0388802785293,701.1889902159046,687.782669162287,634.0638769083127,585.672263300901,521.2945424613613,453.99779735148496,438.80291703679455,442.16399672519697,464.15514647583086,14.866068747318506,566.8871139830222,631.5069279113254,676.2403418903667,703.3384675957942,717.1959285997098,597.9715712306063,535.0149530620616,530.0764095863916,484.90514536350304,434.336275252252,349.75562897543193,305.0,258.08913189051566,257.12448347055556,276.8284667443,334.55193916640206,399.30189080443887,446.51203791163346,475.18943590951176,505.1138485529772,527.1603171711619,527.4135000168274,526.1729753607648,507.4031927372945,454.48542330860295,397.0503746377782,8.06225774829855,7.615773105863909,4.47213595499958,12.806248474865695,19.697715603592208,8.06225774829855,0.0,5.0990195135927845,4.47213595499958,11.704699910719626,20.0,413.48397792417546,440.9274316710177,441.67861619055094,420.1380725428249,404.6640582013678,378.3186487605389,336.964389809962,307.46707140765494,259.37231926325524,225.85393509965684,206.69300907384363,259.2951985671929,273.8850123683295,299.8416248621929,339.60712595586097,323.74835906920055,346.5385981387932,340.27782766439543,331.436268383531,328.10059433045836,302.4433831314549,277.34635386101615,252.65985039178665,214.7091055358389,196.6214637317096,175.1142484208524,12.806248474865695,204.31348462595415,219.1118435867856,248.9196657558418,283.38313287844073,294.3637205907005,272.34720486907884,274.93453766305896,257.8003103178893,253.60007886434104,238.00840321299583,193.56910910576616,157.8131806916013,134.2013412749664,111.40017953306898,108.33743581975716,125.19584657647394,145.24806367039804,183.74166647769363,205.8761763779384,229.88910370002316,255.26456863419176,253.57050301641948,265.8589851782332,262.4061737078608,241.8594633252956,223.45021816950637,0.0,0.0,0.0,0.0,0.0
2025-06-01 18:44:23.503,0,0.0,0.0,0.0,0.0,0.0,0.0,140.1320805525987,123.0447073221762,177.99157283422156,268.00186566514793,355.38429903415823,442.4680779446128,520.5324197396354,575.2086577929787,633.3442981506978,649.9430744303688,653.8409592553835,645.0612374030857,626.1022280746172,567.2186527257368,513.1627422173203,415.0228909349459,328.89664029904594,259.9326835932719,225.57482128996577,269.4308816746885,351.77833929905347,458.5204466542359,553.3263051762495,647.5754782262836,721.984071846464,776.3922977464421,8.06225774829855,811.8928500732101,781.7992069578992,749.7866363172926,689.5853826757061,609.5900261651268,546.8500708603776,434.6331786690933,396.8904130865345,347.47230105434306,387.80020629184816,518.9344852676492,623.7507515025533,719.2621218999371,810.9556091426953,897.2279531980711,945.4945795719824,994.2157713494591,949.935787303542,940.4690319197118,896.7636254889022,814.6962624193142,741.7661356519318,678.3104009227634,658.8725218128315,611.532501180436,623.1035226990776,7.280109889280518,10.198039027185567,8.06225774829855,10.295630140987,7.615773105863909,13.92838827718412,16.76305461424021,19.4164878389476,5.0990195135927845,21.95449840010015,12.083045973594572,821.0803858332021,713.1093885232475,604.6031756449845,555.5033753272792,515.5288546725585,535.5305780251955,636.5665715382798,761.1524157486463,866.4467669741748,986.4263783983072,1102.669941550961,1185.1063243439382,1232.1075440074214,1270.8186337947675,1279.232582449337,1238.1179265320409,1163.9609099965514,1060.5361851440996,977.517774774454,859.619683348398,779.8672964036895,883.2242070957974,880.7843095786845,939.1538745061962,1048.3916253003931,1183.490599878174,33.015148038438355,1398.297893869543,1451.9738289652469,1483.0866461538922,1503.4576814795953,1475.066439181639,1398.545673190547,1297.5473016426029,1178.9503806352495,1074.3975055816168,942.885464942588,855.982476456148,771.4052112865196,743.5005043710462,748.4256810131518,819.806074629848,896.5377850375298,951.886547861666,1055.2729504730044,1079.9634253066165,1117.3007652373644,1115.8539330933954,1089.6682981531585,1035.1758304751904,990.3822494370544,928.1767073138606,861.3663564360986,6.0,7.280109889280518,11.180339887498947,1.0,0.0,0.0,0.0,128.0,3.605551275463989,9.0,9.055385138137416,935.5709486725206,903.801416241422,811.5201784305798,754.1200169734258,680.3601987182966,568.4804306218465,540.7707462502017,510.6045436538927,512.9249457766701,524.3443525012927,585.9692824713596,652.4300728813779,686.5515275636636,742.9596220522351,748.0173794772418,768.6676785191374,780.8021516363797,743.5374906485886,696.7589253106128,629.2932543735075,593.7086827729572,537.8029378871038,500.8203270635089,444.1621325597219,446.323873437216,485.10617394545704,5.656854249492381,592.1908476158678,648.124987945998,705.3906718974954,736.0489114182562,751.9607702533424,609.8524411691733,566.7892024377317,542.1973810338815,503.1073444107132,435.12986567230706,379.2255265669757,315.2649679238085,289.38037252032143,294.8643756034289,315.9303720758737,371.2142238654117,408.0502420045845,473.60109797170026,514.7445968633376,535.7032760773449,551.7698795693726,535.5305780251955,517.0473866097768,480.9261897630446,435.2711798407976,384.97012871130664,12.529964086141668,7.810249675906654,8.602325267042627,11.6619037896906,10.295630140987,5.0,13.152946437965904,7.810249675906654,9.055385138137416,15.231546211727816,10.770329614269007,451.6990148317793,445.5333881989093,443.23357273564017,444.1733895676327,404.71224345206065,363.8488697247801,344.81879299133334,285.3769437077915,239.4932149352044,239.4347510283334,236.6981199756348,255.54842985234717,310.55595309058236,326.9158913237471,376.5381786751511,346.4678917302439,362.01243072579706,366.58968888936306,345.2144261180288,321.37517016720506,289.167771371569,258.00775182152955,227.03523955544875,199.44924166313595,170.75128110793196,178.1937148162078,11.04536101718726,232.47580519271247,248.29015284541592,277.7228834647948,276.1322147088239,283.47133893923035,283.5718603811034,255.2038400965001,254.02362094891885,239.459808736247,205.00975586542216,171.81967291320282,134.9518432626987,122.57650672131264,90.60905032059436,110.42191811411357,129.46814279968643,168.66831356244717,197.4487275218557,216.33307652783935,242.11773995310628,254.4720023892609,268.6801071906888,256.86767021172597,254.8921340488953,224.72205054244233,200.4120754844877,0.0,0.0,0.0,0.0,0.0
2025-06-01 18:44:23.507,0,0.0,0.0,0.0,0.0,0.0,0.0,235.03191272676145,155.12897859523216,134.892549831338,178.53851125177448,271.4479692316743,356.87672941787616,450.4442251822083,523.6458727040632,600.2107963040985,647.5940086195981,679.8970510305219,698.2213116197471,674.4138195499852,641.8044873635585,585.4852688155356,514.8873663239369,431.4185902345887,339.73666272570586,264.41255643406953,250.0719896349849,297.0269348055829,390.9015221254581,493.98481758045966,591.662910786201,681.1314116967444,751.0585862634152,8.246211251235321,832.4998498498363,835.7332110189232,815.6960218120473,770.6004152607238,696.0208330215411,630.0198409574099,514.2304930670681,428.1331568566023,395.4794558507433,410.7614879708174,476.5637418016608,577.6400263139666,679.0147273807837,765.6924970247521,872.149643123243,917.5238416520848,1013.6039660538034,969.9097896196326,1012.1541384591578,945.7214177547212,893.9720353568114,816.4165603415943,722.8969497791508,662.091383420748,606.4857788934544,610.2433940650238,7.615773105863909,16.492422502470642,9.848857801796104,13.0,3.0,23.323807579381203,14.0356688476182,3.1622776601683795,12.529964086141668,12.649110640673518,5.0,862.7885024732307,749.2162571647789,676.918015715345,578.6363279297283,525.8003423353773,520.5506699640296,601.0432596743765,717.2461223317977,825.7099975172881,952.534513810392,1069.1795920237162,1161.015503772452,1218.9864642398618,1265.7744664828722,1257.0572779312802,1255.7025921769853,1159.1617661051455,1091.6615775962805,981.024974197905,856.8249529513015,774.5766585690534,876.7901687405032,868.1157756889343,912.5201367641156,1004.3674626350656,1117.8953439387783,13.41640786499874,1367.8779185292815,1431.7101661998493,1478.6443115232278,1494.9531765242682,1455.2254120925734,1391.310533274294,1283.0358529674843,1194.9648530396198,1071.137712901567,941.2470451480845,833.7871431006837,762.3175191480253,711.2875649130948,739.083215883029,807.6787727803671,878.0871255177359,946.7470623139002,1020.3435695882048,1083.066941606104,1103.9574267153605,1073.0312204218478,1080.9185908291151,1047.7084518128122,975.1128139861562,900.6497654471465,838.0095464850027,4.47213595499958,11.180339887498947,14.212670403551895,7.280109889280518,0.0,0.0,0.0,128.0,5.0,8.246211251235321,18.027756377319943,950.1547242423204,882.0204079271635,831.2358269468418,727.2805510942802,655.133574166368,556.493486035551,523.2829062753723,481.814279572534,501.72203459684727,519.781684940899,600.6238423506013,659.3367879922976,702.5446605020923,752.2140652766338,761.7591482876986,790.140493836381,775.8356784783747,742.2378325038411,689.1574566091555,619.7878669351313,573.467523056014,504.8762224545735,464.1691502028113,426.4387412044079,400.65571255131255,455.1977592211983,15.652475842498529,585.0444427562747,627.0127590408348,688.8962185989991,741.086364737606,743.8400365670028,597.2277622482063,551.4607873638886,539.9129559475305,495.3675403172881,413.01089574005186,380.0552591400361,306.3494736408078,278.4690287985362,265.33940529065785,308.01623333843946,372.38958094984343,429.2225529955293,492.2194632478484,520.4498054567798,556.3973400367762,541.2947441089743,545.3384270340758,534.6550289672772,483.8233148578105,447.876098938088,385.9753878163736,2.23606797749979,17.0,12.041594578792296,7.0,8.06225774829855,12.206555615733702,7.280109889280518,15.132745950421556,5.0,13.92838827718412,5.0,444.6481755275737,454.1860852117775,452.0,439.2812311037202,399.0801924425716,361.6973873281366,328.89664029904594,299.5797055876783,260.0999807766237,260.4496112494699,255.2038400965001,267.02996086581743,328.34737702622203,370.3889847174184,385.2959901166894,363.98488979626615,367.0490430446591,370.9366522736733,363.1115531073061,323.34037793013107,294.20571034566956,260.155722597063,225.16216378423795,217.11057090800531,216.33538776631067,217.05759604307792,9.433981132056603,266.22171211229187,280.2427519134081,295.70255325241953,304.2170277943035,300.6958596322869,289.0069203323685,264.66015944981217,235.64804263986576,230.63824487712353,182.72657168567463,156.0,121.41251994749142,116.4989270336856,129.0348790056394,147.6651617681029,180.2359564570843,212.8685040112792,224.1539649437413,251.2866888635369,271.14940531006147,271.4498111990502,271.0461215365385,264.90941848111027,242.24367896810023,215.83790213954543,184.5480967119412,0.0,0.0,0.0,0.0,0.0
2025-06-01 18:44:23.509,0,0.0,0.0,0.0,0.0,0.0,0.0,125.89678312014172,189.2828571212935,277.35356496717327,359.4022815731698,440.2192635494271,508.67376578707103,558.477394350031,615.4867992085614,621.2318407808795,624.2899967162697,618.6517598778815,590.1474392048143,528.9858221162453,484.73188465377433,399.5860357920432,311.66167553935793,237.49736840647307,216.5386801474508,251.83526361492744,333.01651610693426,427.2750870341027,517.3045524640199,626.386462178103,698.8683710113086,747.0060240720954,772.2654983876982,10.816653826391969,788.3558841031124,748.8618030050671,692.9357834604878,630.7138812488591,547.661391737632,472.2075814723859,379.3481250777444,353.4076965771968,388.4906691286163,420.90497739988774,559.7320787662612,686.0685096985577,755.3383347877956,831.3055996443185,909.9148311792704,945.084652293116,1016.9955752116132,945.9371015030544,915.8738996171908,872.863104959764,788.1548071286503,717.2307857307856,652.2215881125064,624.515812449933,617.5929079903686,677.0886204921775,2.8284271247461903,7.280109889280518,3.1622776601683795,7.211102550927978,11.180339887498947,13.41640786499874,9.055385138137416,9.0,5.656854249492381,9.848857801796104,10.0,757.196143677449,647.9706783489512,590.0406765639128,508.2214084432099,531.9069467491471,575.4389628796438,691.3298778441447,820.4791283146695,947.9520030043716,1063.2948791374856,1156.2439189029276,1221.6157333629917,1270.190536888069,1276.8653022147637,1256.4179241000982,1206.6159289517109,1121.8992824670136,1031.2637877866166,910.591565961381,800.3505481974757,744.4138633851468,852.4095259908819,878.3723583993294,976.8833093056712,1083.1643457943028,1209.8764399722809,13.41640786499874,1416.3096412861137,1501.8581823860734,1511.7873527715465,1499.3655324836568,1459.0860152849111,1376.832960093562,1258.1136673607834,1158.337170257434,1023.4534674326918,903.3963692643446,807.5921000108904,742.26140947782,720.5359116657545,767.0254233074677,827.2484511922643,902.0254985309452,992.5049118266368,1049.806172586159,1103.8537040749557,1122.2423980584588,1110.1013467247033,1109.629217351454,1049.2101791347625,1008.6674377613268,917.8502056436008,820.527269504189,17.204650534085253,11.31370849898476,10.770329614269007,10.198039027185567,0.0,0.0,0.0,128.0,4.0,11.180339887498947,13.601470508735444,966.621435723417,920.2227991089984,854.5045348036487,796.5506889081197,692.7351586284617,585.8207917102294,524.9761899362675,470.32010375913126,485.9629615515981,533.3460415152624,575.835045824757,624.3372486084744,685.2948270635055,739.3578294709538,765.937334251308,779.0025673898642,756.3094604723651,747.8395549848912,708.7827593840019,658.9271583414968,625.9656540098666,536.8957068183727,470.76321011735826,448.2688925187649,437.29280808172456,436.0963196359263,17.88854381999832,546.774176420211,613.4696406506193,663.8328102768046,711.7197482155459,746.4154339240314,600.4206858528444,566.7397992024206,570.0982371486514,516.8413683133346,475.2020622850873,405.14935517658176,352.00142045167945,309.1100127786222,270.83574357901875,266.5576860643865,322.893171188243,366.072397211262,433.23203944306795,484.9824739101404,519.9865382872906,519.065506463298,565.795899596312,554.2030313883171,531.4028603611388,497.61832763675415,444.81231997326694,8.48528137423857,5.830951894845301,13.038404810405298,2.0,7.211102550927978,6.4031242374328485,4.0,18.439088914585778,2.8284271247461903,11.704699910719626,5.0990195135927845,441.4034435751493,469.61792981103264,460.6191485381388,463.246154868014,449.5786916658751,418.0191383178526,372.52919348689977,352.0,290.4892424858449,266.47513955339247,256.0703028466987,264.1968962724581,270.1203435507959,308.475282640279,364.81913327017264,352.16615396712956,366.705603993176,368.3164400349243,366.6019639881925,345.90461112855957,331.4407941095966,300.8055850545332,261.1991577321795,222.28135324403615,198.92712233378333,195.88772294352705,11.0,231.3547060251855,240.69275020241056,255.03333115496883,294.92032822442064,275.7571395267945,293.1279584072458,275.77164466275354,275.4650613054222,260.7393334347543,232.4327859833892,201.95544062985775,158.26875876179733,128.00390619039715,107.00467279516349,103.81233067415452,123.9758040909596,137.56816492197603,182.45547402037573,210.23796041628637,224.58851261807672,239.1693960355296,254.568261965234,253.04742638485777,243.2385660210979,246.02845363900497,216.33307652783935,0.0,0.0,0.0,0.0,0.0
2025-06-01 18:44:23.512,0,0.0,0.0,0.0,0.0,0.0,0.0,182.22239159883728,132.4424403278647,120.26637102698326,198.4943324127921,283.6705836000624,370.6669664267373,462.1655547528396,524.2947644216944,592.9797635670209,622.5126504738679,650.9324081653947,652.0490779074839,626.1022280746172,602.3238331661798,553.2386465170342,471.1613311807326,396.5652531425314,295.4132698441287,227.1783440383348,236.18001608942276,296.33933252270106,392.93765408777,484.6080890781746,588.3068927014199,679.0029455017113,755.8319919135469,7.211102550927978,805.6630809463718,808.5499366149255,790.675660432266,730.7701416998372,645.0,601.2694903285881,494.51794709595725,417.6338108917907,398.7204534507855,397.2165656162895,477.913172030234,570.9588426498008,719.1807839479584,734.9319696407281,851.4986788010889,927.9245658996208,1014.6526499250864,978.2540569811096,969.0624334891947,942.6399100398836,869.3474564292461,765.2457121735475,684.2813748744006,628.339080433487,607.7705159021783,607.4948559452994,9.848857801796104,6.082762530298219,16.76305461424021,5.385164807134504,11.04536101718726,11.6619037896906,13.92838827718412,6.324555320336759,7.211102550927978,11.180339887498947,8.94427190999916,872.4247818580121,777.5409957037635,654.0107032763302,574.8112733758794,515.2708025883089,531.8430219529067,616.3700187387443,739.9817565318756,880.5679985100526,990.4837202094742,1106.2196888502754,1222.0932861283543,1274.4606702444764,1318.8760366311917,1324.6705250740654,1283.5427534757073,1210.379279399643,1131.0070733642651,993.4389764852192,870.2924795722413,778.3064948977363,870.9925372814625,852.8282359303074,919.4895322949576,1015.7243720616336,1172.1373639637975,25.495097567963924,1406.224021982273,1473.864647788256,1529.4852075126455,1532.8095119746615,1487.9274175846078,1420.888806346225,1311.186104258278,1207.3591015103998,1079.1783911847012,944.1398201537736,826.5325159967997,729.561512142739,705.1389933906648,711.3402842521995,777.8444574592017,874.4192358359919,964.514903980234,1033.360053417975,1103.246119413071,1126.3147872597608,1130.2433366315415,1126.5864369856404,1090.783663244,1010.5543033404984,936.389876066588,867.8623162691188,9.433981132056603,4.47213595499958,12.36931687685298,8.602325267042627,0.0,0.0,0.0,128.0,12.16552506059644,9.848857801796104,17.029386365926403,917.4497261430732,923.8122103544638,842.0172207265122,786.2633146726356,715.3852109178663,591.3408492570085,527.8730908087663,499.71291758368625,493.32545038746986,545.2017975025394,603.5105632878351,606.303554335615,660.4437901895967,741.6549062738006,730.3163698014718,782.2282275653315,798.4297088660967,737.7594458900543,686.236110970561,666.6363326432186,596.0276839208058,569.8359413024068,511.4938904815971,431.6167281280928,487.93954543570254,497.4535154162648,47.38143096192854,648.6000308356453,649.9269189685868,659.0295896240168,820.6655835357055,789.2122654900899,571.7735565763776,569.1555147760583,593.0134905716733,504.1676308530725,466.82759130111407,386.37805320695946,337.08307581366347,310.0,331.3125412657963,333.9476006801067,432.1400236034612,463.242916837376,495.2655853176152,573.5895745217132,575.2434267334135,580.2154772151464,588.646753155065,598.5716331400946,508.15056823740736,473.08772970771497,380.66389374354907,22.135943621178654,13.038404810405298,3.1622776601683795,7.810249675906654,19.235384061671343,8.246211251235321,6.082762530298219,6.082762530298219,10.44030650891055,11.6619037896906,1.0,470.425339453563,459.5671876885903,467.38848937473847,432.89721643826726,396.3231005127003,345.80919594481577,322.41588050218616,263.69679558159214,247.226616690032,235.9872877932199,250.57733337235433,266.58019431308094,307.2621030976648,365.301245549478,409.1760012512953,377.6691673938978,377.107411754264,367.9198282234868,344.3617284194049,342.1300922163965,292.1044333795706,271.4719138327205,229.24441105510076,210.80085388821365,205.25106577068,206.00970850908945,8.48528137423857,253.03161857759991,277.96582523756405,292.056501382866,300.7341018241862,303.7976300105055,289.8413359063886,269.1802370160187,264.304748349325,232.20680437919987,200.0099997500125,156.1793840428371,132.85330255586422,113.22543883774529,125.80143083447024,130.6330739131557,163.62457028209425,186.69761648183945,212.00235847744713,242.92385638302383,250.05999280172747,263.1539473388153,276.20463428407567,257.3868683519033,234.4781439708187,207.0024154448445,181.69479904499192,0.0,0.0,0.0,0.0,0.0
2025-06-01 18:44:23.517,0,0.0,0.0,0.0,0.0,0.0,0.0,203.59027481684876,146.696966567138,137.03284277865654,204.02205763103169,286.54144551879403,383.06396332727513,463.6054356885821,539.4163512538344,587.1030573928226,629.7277189389077,674.3826806791527,666.730080317365,648.4820737691983,598.6092214458445,571.4052852398199,482.9264954421118,411.8664832199872,311.0819827633867,246.40211038057285,231.0086578464106,290.9931270666027,394.1826987578222,507.83560332060216,615.1828996322963,682.8067076413354,743.3599397331013,12.806248474865695,813.9293581140811,815.1349581511028,785.0121018175453,734.7012998491292,676.704514540874,597.3683955483417,487.01642682767897,405.83863788456614,335.31030404686345,398.36289987899227,495.3705683627157,569.7727617217236,662.9057248206566,746.0294900337385,846.3994328920595,894.3584292664771,941.6968726718806,995.314020799466,971.6995420396164,946.9598724338852,867.5597962100364,769.4446048936857,688.8976701949282,607.0008237226701,610.77819214507,623.2439329829052,11.704699910719626,5.0,21.213203435596427,8.246211251235321,14.317821063276352,19.209372712298546,8.06225774829855,9.219544457292889,0.0,8.06225774829855,10.44030650891055,841.2193530821792,743.9872310732221,642.1526298318804,577.041592954962,525.0952294584288,519.1261888982292,600.546417856272,699.9328539224316,822.2365839586561,938.4481871685832,1074.8716202412268,1158.1455003582234,1240.1612798341996,1249.9799998399974,1265.9261431852965,1245.95706186048,1185.6348510397288,1093.61053396536,1008.6862743192256,883.6526466887315,786.1609250019999,878.2084035125148,862.6198467459463,932.5368625421733,1028.14882191247,1150.7536660814949,7.810249675906654,1369.8047306094395,1463.0656171204353,1502.3135491634227,1531.0257999132475,1492.5582065701826,1436.3108994921677,1332.4432445699142,1220.8406939482318,1096.5915374468289,967.6471464330374,860.9587678861283,772.4584131200851,731.5606605060171,745.5984173802946,818.5755921110768,910.016483367197,984.5079989517608,1061.5469843582057,1121.5351086791711,1146.935046112028,1138.7383369325896,1154.6020959620678,1118.1292411881552,1061.452778035839,958.918661826956,883.3487420039721,6.324555320336759,6.0,13.152946437965904,14.560219778561036,0.0,0.0,0.0,128.0,7.615773105863909,14.212670403551895,11.6619037896906,972.9218879231776,935.9882477894688,886.7400972099998,796.3378679932281,723.6663595884502,599.8108035039049,545.6051685972192,485.1741955215673,485.4121959736899,523.8778483578018,567.7059097807596,617.3920958353775,669.3295152613547,703.5801304755557,739.2002435064534,765.205854656118,747.000669343743,744.6589823536677,731.6009841436793,657.858647431194,616.1371600544801,560.033034739916,497.69468552517213,494.2893889211056,486.4832987883551,496.1783953378059,10.816653826391969,606.1526210452282,649.458235762701,684.2141477636955,732.002732235338,766.0613552451266,614.4151690835765,580.5144270386396,539.5600059307584,497.3932046178355,457.3007762949895,385.61249979740023,335.1492204973779,314.3564855383137,318.5121661726597,359.23529893372114,398.6000501756115,454.875807226544,510.9520525450504,553.0036166247016,567.1860364994893,565.9266736954532,551.4145446032413,544.4859961468247,517.0348150753487,459.0272323076268,384.92207003496173,0.0,14.422205101855956,13.038404810405298,8.602325267042627,7.615773105863909,12.529964086141668,16.492422502470642,9.055385138137416,7.280109889280518,7.0710678118654755,18.384776310850235,439.2470830865016,466.2552948761011,438.3993613134034,426.69075452838206,414.1545605205863,358.66558240232644,338.97050019138834,292.53546793508644,257.0311265197272,216.33307652783935,252.44603383693712,248.07257002740147,298.93979326948096,320.09061217099134,352.4599268001967,350.891721190455,353.5109616405126,368.0611362260352,334.83279409281283,325.0753758745808,288.5220962075522,255.440795488896,237.60681808399357,224.36131573869855,207.29930052945187,221.35943621178657,11.180339887498947,253.06125740618617,260.1230478062257,272.92673009436066,295.6247621563525,300.3747659175118,287.4178143400301,266.159726480172,243.97130978867168,232.04525420701884,177.39503938949363,158.41717078650282,132.9661611087573,111.30588483993108,127.3106437027164,152.7121475194426,168.50222550459088,195.47378340841516,229.21169254643183,251.7876089087785,269.1059270993487,267.1722290957651,261.1742713208941,266.7901797293146,242.7447218787671,212.3982109152523,182.00274723201295,0.0,0.0,0.0,0.0,0.0
2025-06-01 18:44:23.520,0,0.0,0.0,0.0,0.0,0.0,0.0,158.39191898578665,128.35108102388543,179.71366113904642,268.28715958837836,356.1179579858337,443.9909908995902,532.1729042332013,582.5813247950881,641.938470571752,658.3654000629134,681.6458024516838,664.6961711940276,635.2715954613428,591.6654460081305,512.5358524044927,430.4706726363597,340.4776057246644,259.37039152532424,236.2414019599443,279.29375216785644,359.4732257067277,475.7982765836799,585.3110284284758,673.1901662977557,746.6632440397746,796.8362441555981,6.4031242374328485,832.5478965200741,816.7937316115984,769.7980254586264,697.9699133916877,635.8624065000226,546.9341825119362,456.20718977236646,412.3687670035159,375.7286254732264,430.2383060583983,557.8826041381825,634.0173499203314,743.2556760630894,843.2662687431533,860.1308040059954,978.840640758239,1038.1994028123884,998.7962755236924,993.3403243601864,902.6455561293149,844.4761689947206,787.0228713322123,698.6229312010879,645.5648689326271,613.365307137598,641.2487816752559,19.026297590440446,4.123105625617661,12.206555615733702,13.601470508735444,4.47213595499958,17.46424919657298,3.1622776601683795,8.54400374531753,15.524174696260024,8.0,6.082762530298219,844.8556089652243,749.3043440418586,640.4014366005123,598.7695717051761,559.4801158218226,584.6605852971448,677.5677087937412,784.3322000275139,910.4043057894664,1032.5589571545056,1136.2328106510568,1213.0820252563303,1278.526104543822,1303.664450692739,1288.4056038375493,1252.9185927265985,1183.963259565093,1088.2224037392357,1013.6592129507826,885.8081056301077,786.5907449239407,926.1020462130508,901.3634117269238,982.1863366999156,1082.8873440944817,1223.1798723000636,13.038404810405298,1421.48689758295,1474.830498735363,1514.3926175203048,1526.7471958382632,1480.2790277511872,1404.4742788673632,1303.0188026271917,1202.9235220910762,1081.355630678455,960.3353580911202,852.8405478165306,776.9813382572326,739.2597648999978,772.5749154612774,826.0901887808619,912.1058052660338,961.5664303624582,1039.624932367438,1104.3174362473862,1120.5543271077936,1144.208460028154,1110.6939272364823,1088.6436515223886,1034.174550063963,941.2980399427164,870.2700730233115,11.04536101718726,9.219544457292889,7.211102550927978,13.601470508735444,0.0,0.0,0.0,128.0,10.44030650891055,8.602325267042627,5.385164807134504,986.7851843233155,949.4867034350718,880.532225418241,815.2453618389987,731.7602066250938,609.4727229335206,553.5991329472979,523.4539139217511,515.228104823485,515.7305498028985,589.406481131655,640.740196959735,700.8230875192397,736.6199834378647,788.4795495128583,802.437536509852,794.1064160425856,775.3070359541438,750.9806921619223,700.7774254354945,642.4515545938075,584.4997861419625,533.4566524095468,504.00992053728464,482.5453346577915,503.8462066940665,2.23606797749979,629.9730152950998,656.9901064704095,714.9181771363769,757.4536289437129,774.5166234497489,630.2769232646868,601.149731764059,579.7421840784057,544.5456821975545,488.025614081884,409.4215431557064,360.83929941180185,329.41918584077644,315.6342820417326,337.6684764676738,392.32257136188326,436.4642024267282,487.98565552688126,537.0819304351991,549.2622324536796,582.0309270133332,558.1442465886395,553.6442901358236,530.7278021735813,469.3069358106696,431.29688150970907,24.08318915758459,5.385164807134504,7.810249675906654,6.708203932499369,15.556349186104043,15.556349186104043,16.0312195418814,8.246211251235321,7.0710678118654755,2.23606797749979,10.198039027185567,439.072886887815,463.19866148338554,452.3648969581968,440.7833935165888,438.3617227815403,396.18177646126026,377.36189526765946,342.70687183072357,304.8622639816217,287.31341771661135,269.7869529832753,289.4581144138129,300.72745135753735,312.8785706947665,354.53913747286066,325.7376244771242,359.339672176619,361.2478373637688,343.9026024908797,338.14346067904376,307.1677066359678,283.12894588861803,253.87595396177244,234.98297810692583,208.06249061279644,221.94819215303377,8.246211251235321,244.00819658363935,259.02316498722655,279.8517464658743,272.6554602424092,271.8124353299532,287.30819688968154,261.7728022541685,229.96086623597503,232.12281232140884,189.274932307477,174.0632069105933,144.1700384962146,123.4382436686459,119.0,120.26637102698326,149.88328792764054,171.96511274092776,220.63771209836273,235.61409125941512,247.3095226634025,266.6927070618917,262.6175927084855,265.0018867857359,255.66579747787932,230.20208513391012,205.34117950377123,0.0,0.0,0.0,0.0,0.0
2025-06-01 18:44:23.524,0,0.0,0.0,0.0,0.0,0.0,0.0,152.10851389715174,123.664869708418,159.70284906663375,248.4552273549502,353.7075062816734,444.065310511866,529.4393260799579,596.6724394506588,646.23370385643,688.2630311152851,680.2653893885827,678.5609773631254,644.5991002165609,602.8042800113483,530.6995383453805,449.0545623863541,349.4638751001311,262.78698597913865,242.5716389028198,269.58486604407153,361.69876969655286,461.2006071114824,581.2486559124245,665.3848510448671,748.8077189773086,802.7515182171878,5.0990195135927845,845.9225732890689,834.8203399534538,777.632303855749,746.4743800024218,642.72000124471,553.3190761215449,469.89041275599567,400.2811511925087,383.43839140075687,409.59125967237145,545.9056695071044,636.586207830487,751.2882269808306,798.2136305526234,940.0813794560554,972.1090473810024,1063.0945395401106,990.1823064466462,1008.6253020819972,916.0813282673106,857.8420600553461,793.6245963930302,711.3149794570617,639.5693863843078,602.4167992345499,639.5951844721785,6.4031242374328485,5.385164807134504,12.041594578792296,12.529964086141668,6.082762530298219,11.0,13.0,7.810249675906654,8.06225774829855,3.1622776601683795,14.7648230602334,859.5871101872108,732.7434748941815,672.8157251432223,583.4140896481675,570.8239658598787,552.326895959268,651.1098217658831,781.4684894479111,891.6843611951484,1031.7233156229436,1150.1256453101114,1204.3126670429072,1264.1981648460023,1286.0190511808137,1276.4658240626734,1259.4991067880917,1164.2413839062756,1093.4578181164557,985.732722394869,889.1394716241092,784.0051020242151,902.0798190847636,903.9009901532356,948.314293892062,1039.0269486399282,1157.020743115697,8.06225774829855,1358.7619364701088,1477.7821219652103,1471.093810740838,1518.062581055208,1449.18080307462,1388.4109622154383,1288.587210863122,1185.6888293308662,1061.2224083574563,967.44043744305,839.3598751429568,755.2886865298592,722.9301487695751,735.4454432519111,825.1987639350898,871.9271758581676,961.9901246894376,1025.5037786376022,1078.4748490345055,1113.9497295659262,1136.6111912171198,1122.106055593677,1099.1382988505131,1029.3225927764338,932.6805455245648,868.6777308070007,17.72004514666935,4.123105625617661,6.4031242374328485,1.4142135623730951,0.0,0.0,0.0,128.0,5.385164807134504,5.830951894845301,7.810249675906654,970.889283080208,925.3777607010016,884.8095840348927,797.1599588539304,734.7012998491292,617.9207068872187,573.6558201569998,524.6722786654542,508.82315198897936,547.032905774415,593.0278239678134,651.8289652968791,679.7242087788252,733.2843923062866,766.5044031184688,820.8708790059494,786.6244338946001,776.5803242421224,752.6021525347904,706.889666072436,659.5005686123402,598.6000334112921,546.2984532286358,499.77294844759257,482.1306876771069,506.99605521147794,2.0,600.7869838803101,656.8051461430551,712.2050266601606,768.4009370114017,744.4199083850458,602.6649151891953,593.068292863478,597.9715712306063,526.089346024038,483.735464897913,421.34309060431974,358.4034040016919,345.8005205317077,313.0015974400131,350.1785258978626,406.9889433387595,440.9194937854302,495.88910050534486,550.3471631615811,583.6480103624101,584.5083404024274,582.6019224135808,574.2978321393874,534.1357505353859,500.0359987040933,416.5405142360104,8.48528137423857,11.180339887498947,5.385164807134504,7.0710678118654755,8.94427190999916,11.6619037896906,14.142135623730953,14.0356688476182,4.47213595499958,12.0,16.0312195418814,475.46398391465993,465.58780052746226,483.74063298424704,459.6563934070753,438.4575235983527,406.0751162038866,391.58268603195415,327.5622078323444,305.6550343115585,265.2112365643658,258.30408436569485,277.1371501621535,319.9156138734088,338.42281246984516,371.9462326734874,352.94475488382034,372.5869026146786,380.7072366005143,368.12633700945656,347.2765468614315,324.4456811239749,302.3673262771624,276.27884464793897,239.47651241823277,225.0,235.51857676200407,14.317821063276352,262.1221089492453,291.20439557122074,290.33773437154184,316.5390971112415,300.8205445111753,298.37727795527593,273.0164830188829,261.04788832702707,237.26145915424192,200.59162494979697,176.92088627406318,146.98639392814562,122.40914998479484,123.69316876852982,135.36986370680884,158.93709447451215,198.40362899906847,221.61678636782008,245.0673376849718,275.0163631495406,274.0602123621742,273.76632371422164,293.429719012918,263.10834270315337,237.64890069175576,205.0609665440988,0.0,0.0,0.0,0.0,0.0
2025-06-01 18:44:23.528,0,0.0,0.0,0.0,0.0,0.0,0.0,138.70832707519762,135.88230201170424,199.36148073286373,295.26936854336924,390.00641020372984,480.01041655364105,563.3551277835323,606.750360527293,646.829189199127,665.3728278191107,683.0117129303128,670.6362650498405,615.601332032347,562.2881823406926,493.3041658044254,406.1785321752,331.96535963862254,260.0,233.20591759215716,292.30805667993485,380.0210520484359,492.65099208263047,583.5837557711832,678.3575753244007,753.8554238048566,794.8257670709978,1.4142135623730951,826.7339354350951,788.776901284514,764.3088381014575,703.846574190711,624.333244349522,560.5443782609901,450.0311100357396,374.18979141606735,366.60741945574426,434.8850422812907,558.8506061551692,614.1025972913646,739.8297101360556,828.2330589876258,936.6845787136672,995.5500991913968,1001.2791818469012,994.5013826033628,989.0626875987184,938.1012738505368,843.9964454901454,757.5519784146828,683.404711719198,632.3203302124643,603.702741421637,679.073633709924,42.80186911806539,19.4164878389476,13.152946437965904,17.46424919657298,8.0,8.06225774829855,22.02271554554524,19.235384061671343,19.209372712298546,16.1245154965971,12.041594578792296,832.3322653844436,732.7932859954436,627.8956919743915,576.584772605035,556.5914120789145,570.3937236681344,683.421539022586,796.0760013968516,930.5654195165432,1037.0,1136.8258441819485,1218.801050212872,1283.3553677762056,1304.4178778290338,1291.0712606204197,1249.6399481450646,1181.9090489542757,1098.626415120263,985.4263036879014,878.220928923924,797.030739683232,931.7558693134164,915.2507853042248,985.334968424444,1076.4854852713993,1220.15736689986,5.385164807134504,1413.7570512644668,1474.1495853542135,1521.1581114400965,1521.321793704409,1475.984078504914,1419.4072706591298,1302.6649607631273,1201.0466269050507,1067.1199557687974,961.5742301039478,852.1109082742691,759.7710181363856,742.0970286963828,768.2063524861012,833.8069320891977,886.1433292645157,975.5818776504616,1057.1551447162333,1108.545894404016,1136.2750547292676,1147.090667732939,1114.3092030491357,1081.9727353311634,1050.3989718197558,962.946000562856,882.444899129685,6.082762530298219,8.54400374531753,5.0990195135927845,9.219544457292889,0.0,0.0,0.0,128.0,10.44030650891055,3.605551275463989,13.0,978.7772984698818,944.4278691355948,875.5712421042618,829.3473337510648,731.322774156528,605.9570941906695,573.7813172280883,530.6345258273344,513.638978271704,528.7740538263956,602.0074750366477,642.5145912740037,691.1765331664552,736.2404498531713,768.9895968086954,797.7349183782793,789.2274703784708,761.6823484891848,751.6009579557493,705.6890249961381,662.5926350330194,596.1417616641196,545.7151271496879,515.0621321743621,493.1379117447775,512.5192679304847,20.615528128088304,593.794577273993,660.7889224253082,700.5205207558163,771.4778026618783,763.3171031753449,612.5952987086989,588.6025823932478,577.0615218501404,541.7056396235874,487.42281440244466,427.8177181931576,372.2002149381432,333.0015014981164,310.5221409175198,347.92240514229604,378.3556527924487,440.274914116169,488.0040983434463,544.4722215136416,563.4483117376429,572.8498930784573,575.1173793235604,574.1297762701391,538.4245536748858,492.1483516176804,431.6167281280928,5.385164807134504,5.0,9.433981132056603,13.45362404707371,9.0,5.0,12.649110640673518,14.7648230602334,14.7648230602334,3.0,7.810249675906654,459.65748117484173,470.8003823277972,463.6938645270174,486.26021840162906,444.81456810675616,408.06494581132546,373.7084425056517,350.2970168300038,299.7865907608277,271.4940146669904,290.34117861577954,291.247317584214,318.35200643313055,335.3356527421443,355.0352095215346,358.50383540486706,376.1754909613331,388.0012886576538,373.87163572541846,366.4764658201124,331.470964037576,315.42510997065534,283.79041562392484,252.55692427648864,233.3838040653207,237.0759372015642,10.816653826391969,248.2982078066614,272.06616842231597,289.4304752440558,303.66099519036027,310.49798711102784,307.23443817384793,273.5141678231678,261.27571643763605,241.67126432408136,214.55302374937528,182.64993840677857,148.73466307488647,136.12494260788506,128.16005617976296,130.29965464267354,155.283611498445,190.09471323527123,222.3083444227859,242.12806528777287,266.4132128855474,272.1176216271192,272.7673000929547,263.59438537267823,252.43811122728675,239.91039994131145,203.49447166937975,0.0,0.0,0.0,0.0,0.0
2025-06-01 18:44:23.532,0,0.0,0.0,0.0,0.0,0.0,0.0,188.08774548066657,124.67958934805648,137.05838172107534,213.32135383031863,310.4657791126101,401.7661011085928,485.9835388158739,550.2017811676004,602.7478743222575,648.3471292448205,673.8575517125263,670.6891977659996,658.7412238504586,613.5878095268843,554.4312401010607,482.2800016587874,380.72824954289905,288.84944175123485,220.85742007005337,234.44615586526473,305.04098085339285,393.70674365573166,518.0936208833303,615.2089076078141,696.2327197137463,764.4455507097939,5.0,819.0390711071115,819.8390085864419,793.3347338923212,758.1642302298361,667.5866984894171,599.4372360806426,497.9327263797791,439.7863117469665,401.7872571398949,414.9650587700126,540.3156484870673,610.3195884124972,711.6635440993166,779.2984024107839,910.3779434937998,950.5387945791588,1013.9990138062266,1017.7529169695364,992.1375912644374,951.8303420253002,902.2444236458324,848.5328514559704,718.9381058199656,676.4709897697018,639.1126661239002,648.9329703443955,2.8284271247461903,7.615773105863909,3.1622776601683795,7.211102550927978,9.433981132056603,18.110770276274835,13.601470508735444,14.422205101855956,12.16552506059644,7.0710678118654755,7.615773105863909,885.6477855219873,785.6035896048337,697.8137287270866,611.9624171466742,558.2902470937496,561.2281176135066,636.8775392491087,756.4033315632606,890.5997978890406,1038.407434488024,1151.06906830129,1234.2333652919938,1287.5402906317145,1305.3095418328942,1308.5518713448084,1299.2909604857566,1217.8115617779297,1131.9646637594303,1026.2329170319963,918.89716508432,824.457397322627,918.8280579085512,906.027041539048,963.768644437035,1060.4272723765644,1177.595006782892,18.973665961010276,1395.8581589832113,1480.551248690838,1500.4082777697542,1529.1582651903627,1490.3908883242675,1429.2949310761585,1308.5675374240338,1221.1027802769102,1070.9178306480849,965.5392275821836,842.0415666699596,765.8942485748278,741.7007482805986,746.3618425401985,825.9600474599241,886.6955509079766,962.4822076277566,1018.910202127744,1105.066513835253,1129.2767597006502,1152.2517086123153,1129.9367238920947,1108.0767121458694,1055.5401460863532,972.5317475537752,891.7129582999229,5.385164807134504,6.324555320336759,6.0,8.94427190999916,0.0,0.0,0.0,128.0,6.324555320336759,5.830951894845301,19.209372712298546,1000.7397264024248,952.7654485758812,904.7132142286858,828.3966441264715,758.0567261095966,629.0198725000665,582.3830354672086,525.9087373299668,501.5585708568841,538.7132818113918,578.7892535284324,647.1978059295319,695.2294585243062,758.4154534290556,779.9102512468983,829.7740656347365,778.9865210643892,775.8356784783747,757.0237776979003,712.9656373206215,673.1337162852564,603.6795507551999,540.4821921210726,514.2450777596223,522.4643528509864,529.9905659537724,12.806248474865695,631.9905062578076,690.6381107352822,735.4196081149863,765.6350305465392,778.4118447197474,653.9120736001133,609.0131361473249,598.3519031473035,540.8974024711156,494.5068250287351,422.4227740072734,392.674165180242,358.36573496917924,345.21008096520006,384.6764874540683,421.7309568907647,489.41802173602065,546.9780617172868,576.1249864395746,605.7408686889139,617.353221421902,619.6813697377064,606.750360527293,563.0497313737038,494.1831644238804,431.07423954581185,19.4164878389476,21.587033144922906,2.0,10.0,6.4031242374328485,9.219544457292889,14.212670403551895,11.40175425099138,14.0356688476182,11.6619037896906,16.1245154965971,498.00100401505216,498.566946357257,491.09265928132135,453.6540532167656,418.6167698504206,366.427346141087,348.0229877464993,305.49140740780257,259.9423012901132,254.2852728728111,268.972117514065,306.10455730027934,302.29290431632694,382.1334845312565,382.2002093144377,398.1519810323691,402.6040238248992,399.45212479094414,371.5979009628553,355.14785653302204,328.01371922527875,293.6800980659057,265.9793225045887,236.12920192132103,220.49263026232873,236.17154782064668,14.142135623730953,267.25456029785533,281.27744310555727,290.69055712217414,317.1703012578574,287.22116913625985,300.04333020415567,267.7480158656643,251.6445906432324,230.18470844085192,192.00260414900623,165.4962235218677,146.24978632463024,122.97154142320898,127.1416532848303,152.50573759698355,178.12635964393365,199.2786993132984,215.11392330576837,249.0180716333656,258.25955935840983,259.89613309935953,255.4760262725252,254.65663156493687,251.85908758669004,202.35612172603032,175.32826355154492,0.0,0.0,0.0,0.0,0.0
2025-06-01 18:44:23.533,0,0.0,0.0,0.0,0.0,0.0,0.0,129.634100452003,190.0026315607234,277.7642885613628,370.5401462729781,455.84646538061475,541.6899482176127,585.9778152797254,643.0093311920131,671.1162343439473,676.94756074603,666.8028194301521,621.1384708742488,576.0703082089893,504.72368678317446,425.6594883237069,335.5294323900662,263.78210705049725,203.62956563328424,252.38858928247924,334.37852801877096,454.9637348185018,560.7575233556836,648.1890156428138,737.4883049920181,784.5125875344512,829.1019237705337,6.708203932499369,824.6805442109084,783.4130455896175,732.2977536494292,651.1259478779816,562.9253947016425,480.7514950574777,396.9445805147112,360.63555010564335,390.6558587811016,442.67595371784086,626.9968101992226,726.9401625993711,785.2464581263642,886.3915613316724,969.5179214434356,992.0609860285808,1060.7304087278728,1002.3078369443192,967.3592920936874,911.0707985661708,842.3330695158537,742.5159930937515,667.1738903764145,638.2303659338061,656.4030773846205,694.7128903367203,5.0,6.324555320336759,6.4031242374328485,13.038404810405298,8.06225774829855,9.219544457292889,16.278820596099706,15.0,5.0,21.400934559032695,8.06225774829855,810.4566613952902,714.9440537552572,633.2021794024402,590.5294234837075,573.9729958804683,608.4734998338054,711.2503075570512,815.8927625613552,940.2127418834526,1060.4395315151166,1177.1847773395646,1235.0878511263884,1275.495981961527,1310.6067297248248,1284.436452301164,1252.0770743049327,1164.4247506816405,1056.0800159078856,973.7848838424223,834.3530427822506,798.5211330954241,925.8709413303778,931.0665926774518,1001.1353554839624,1099.329341007507,1205.9771971310238,15.620499351813308,1400.3728075052015,1451.0168848087192,1479.4475320199767,1476.905548774193,1457.0576515704518,1378.0341069799397,1266.2969635910842,1172.9420275529392,1054.9843600736458,933.6278701924016,838.3513583217957,769.0045513519409,745.8290688891121,767.6731075138688,816.5151560136529,867.8139201464793,945.1671809791112,1028.0175095785091,1097.069733426276,1118.5419080213312,1083.5354170492076,1121.090986494852,1067.7495024583247,1033.615982848563,967.2900288951604,886.70739254841,7.211102550927978,14.560219778561036,11.704699910719626,11.40175425099138,0.0,0.0,0.0,128.0,22.47220505424423,4.47213595499958,4.47213595499958,958.4842200057338,927.0652619961552,886.7384056191544,841.9429909441612,757.2641547042881,653.9785929218173,598.8296919826204,557.1759147701918,539.2290793345626,543.3829220724552,557.9292069788066,614.4989829120956,669.7297962611489,725.4853547798191,760.2210204933825,805.0670779506513,789.6359920874935,792.8133449936372,787.5798372228685,724.6523304316353,707.7428911688198,669.4602303348571,608.3978961173353,576.2794461023228,570.4121317082938,587.9634342371982,14.317821063276352,637.5609774758803,692.5662423191012,750.959386385176,785.4374577265844,788.4091577347386,653.5518342105697,621.1416907598459,620.8188141478961,583.4397998080008,527.0607175648742,474.8652440429811,424.0778230466668,384.43334922974617,368.9173349139343,380.0473654690951,420.272530627449,457.961788799022,504.7652919922288,551.2431405468915,580.4524097632811,583.5220647070684,593.407954109144,594.7856756849479,568.754780199692,520.7725031143638,450.97671780259344,3.1622776601683795,11.40175425099138,14.212670403551895,2.23606797749979,15.264337522473747,9.055385138137416,7.615773105863909,8.602325267042627,4.0,5.830951894845301,5.0990195135927845,465.55987799637546,468.4122116256151,487.3048327279343,475.3482933597217,451.89489928522096,433.0138565912181,380.52595180880894,348.5541564807397,306.31519714176767,265.3073689138694,288.44410203711914,298.8109770406703,295.3303235362058,345.80919594481577,363.2588608692154,355.58402663786796,376.70280062670093,393.2238548206352,374.83329627982624,358.42153953131776,357.49405589464004,316.8485442605031,295.2371927789587,264.9849052304678,242.26019070412704,224.8399430706208,6.324555320336759,242.32416305436817,257.2663988942202,279.5174413162799,282.3118842698621,288.90482862008383,294.3331445828009,273.19040978775223,271.48664792214,263.79727064547126,230.72277737579356,202.08166665979377,164.19500601419034,143.58969322343438,109.22453936730518,121.82364302548172,133.88054376943649,151.81897114655993,197.7725966861941,217.68095920406083,241.6298822579691,263.48624252510797,277.07760645710795,266.27053911388697,269.09106265351886,265.7084868798887,223.33159203301264,0.0,0.0,0.0,0.0,0.0
2025-06-01 18:44:23.539,0,0.0,0.0,0.0,0.0,0.0,0.0,137.92751719653333,179.88885457415086,266.7170785682837,372.4902683292545,465.1763106608074,545.5648449084673,613.6782544623852,660.27418547146,699.8807041203522,700.2092544375574,680.0624971280213,657.0312016944097,599.9083263299485,523.2829062753723,444.7920862605359,352.7676289003854,249.44738924270183,231.21634890292685,262.5737991498771,351.57360538015365,461.0563956827841,584.0624966559658,684.7955899390709,744.280860965805,825.307821361218,853.1195695797863,2.23606797749979,851.1832940089931,815.0220855903232,762.2453673194741,672.1168053247887,577.7819657967874,490.8288907552203,409.38612580301253,364.3212867785795,391.400051098617,452.24993090104505,621.420952334245,698.9456345095805,823.803981539298,929.65047195169,1039.277633743746,1036.53750535135,1064.107607340536,1033.876685103209,978.9244097477598,927.3241073109228,853.2836574082502,785.4909292919938,689.8246153914776,634.4517318125943,655.8810867832674,700.1271313125924,5.0990195135927845,7.0,12.806248474865695,13.341664064126334,8.0,4.242640687119285,10.04987562112089,11.40175425099138,5.830951894845301,14.317821063276352,14.142135623730953,805.4594961883558,708.0706179471084,620.4941579096454,551.8496171965693,553.9972924121561,601.8679257112809,709.8394184602599,838.822984902059,972.185681853009,1085.984346111858,1176.348587791901,1279.8914016431238,1297.5276490310332,1319.893935132668,1286.1881666381478,1248.431015314823,1156.550042151225,1073.53854145997,958.966109932984,855.6757563469938,776.8461881222048,926.4987857520376,930.4154985811448,997.0742199054192,1109.793223983639,1206.9217041714014,20.12461179749811,1407.4125194838932,1483.8790381968472,1484.8047009623858,1489.6768105867795,1423.6642862697652,1369.912770945654,1250.9684248613153,1165.508472727676,1044.628642149927,935.0427797699954,836.7323347403278,773.2328239282137,754.4832668787294,768.4952830043917,830.475767256336,894.2315136473328,963.9922198856171,1042.8365164300683,1087.954502725183,1115.2730607344554,1132.4067290510066,1112.276943930782,1067.0829396068518,1031.5061803014075,970.5276915163214,891.7718318045261,17.0,4.123105625617661,13.341664064126334,5.0990195135927845,0.0,0.0,0.0,128.0,9.848857801796104,2.8284271247461903,7.211102550927978,996.4241064928126,964.8404013099783,913.9671766535164,834.8562750557727,769.587551874379,660.3067468987425,611.1301007150605,581.0860521471841,542.9125159728775,558.627783054155,604.1200211878431,669.1644043133197,709.9753516848314,776.9510924118712,819.0756985773659,843.707295215586,847.1989140691812,826.8494421598167,810.5615337529903,760.2585086666245,728.4641377583388,678.7002283777426,626.7830565674219,586.787866268552,559.4649229397675,569.8596318392803,15.231546211727816,642.1993459977984,695.9094768718127,723.6711960552251,788.9898605178649,782.4276324363807,649.0770370302743,632.8001264222377,621.2567907073532,575.6127170242158,526.2746431284714,464.5567780153466,395.9116062961529,372.13438432910226,359.23529893372114,385.25316351718647,408.27074350239695,443.5143740624423,513.1335108916587,545.0614644239675,580.1353290396992,585.8754133772811,607.9490110198387,587.3304010520825,563.3515776138379,518.000965250066,466.086901768329,4.242640687119285,11.6619037896906,17.029386365926403,12.041594578792296,11.704699910719626,4.242640687119285,13.892443989449804,5.656854249492381,4.123105625617661,7.211102550927978,5.656854249492381,452.72618656313665,473.4659438650261,484.8020214479308,486.6148374227814,459.687937627256,430.7853293695133,398.6477141537375,359.2005011132362,327.7392256047481,275.3270782178898,310.24667604988133,296.64962497869436,301.7614952242913,356.5529413705628,363.2547315589984,361.1993909186448,364.45301480437774,400.4047951760818,398.15574842013774,377.23865125408344,369.7688467137274,339.1356660689052,332.03764846776033,275.6610237229776,254.08069584287588,248.34049206683952,13.038404810405298,252.10315349078837,261.6199533674754,281.7676347631147,287.80027797067885,297.03871801500895,305.366992322353,287.4665197896966,279.54427198567316,267.30132809247317,246.4345754962156,210.00238093888365,184.808008484481,156.20499351813308,140.12851244482687,143.6558387257545,148.03377992877165,179.86939706353607,210.304541082688,227.40712389896672,241.53053637169776,269.5514793133215,288.84597971929605,296.46753616542907,275.04545078950133,271.31162894354526,240.35390573069537,0.0,0.0,0.0,0.0,0.0
2025-06-01 18:44:23.540,0,0.0,0.0,0.0,0.0,0.0,0.0,144.4195277654653,141.4213562373095,229.4449825121482,322.0139748520241,418.63229689072006,501.9412316197983,570.9378249862239,629.4203682754476,669.7021726110794,692.8102193241667,689.9927535851373,674.8762849589546,625.3167197508795,548.9380657232654,489.5886028085213,406.5033825197522,302.1340761979688,224.53952881397075,235.64804263986576,288.6468430452687,400.2898949511466,502.0806708089846,613.2087735836792,698.5849984074952,783.5745018822397,820.1377933006136,7.615773105863909,850.5557007039574,832.6061493887731,786.4705970346254,712.3124314512559,628.7527335924672,538.3716188656308,429.12002982848514,390.9130338067535,374.3501035127411,429.0419559903204,542.6094359666075,677.028802932342,798.338274167035,863.6156552541182,938.7576897155092,1051.2016933015282,1078.2323497280167,1011.5656182373934,1009.6855946283476,931.1208299678405,891.4398465404157,799.2121120203321,709.0338496856127,657.3043435121967,642.3768364441545,702.4813164775273,8.0,2.23606797749979,12.083045973594572,12.36931687685298,8.602325267042627,8.06225774829855,10.816653826391969,13.892443989449804,8.48528137423857,1.0,9.433981132056603,820.271296584246,715.6144213191906,645.5571237311226,575.8168111474342,563.0781473294803,585.9180830116101,702.1602381223249,843.4370160243146,937.034150925141,1086.4497227207526,1163.8406248279873,1253.102150664502,1304.362296296547,1312.440474840669,1296.1735994842666,1264.840306125639,1178.7400052598537,1076.588129230487,972.8766622753368,846.8039914879948,787.9295653800535,927.6346263481112,958.1737838200332,1013.9368816647316,1111.0018001785595,1226.862665500911,19.1049731745428,1406.013157833169,1488.7461167035835,1485.6607957404003,1486.3868944524504,1439.7711623726875,1373.4209114470334,1280.3132429214345,1165.0107295643247,1049.007149641984,933.3664875063814,847.4963126763444,773.710540189288,752.6486564128046,764.4220038695903,823.9690528169125,884.8061934683776,959.2648226636896,1029.012147644526,1065.7133761007226,1101.911520948937,1076.328946001175,1085.4648773682177,1073.2143308771083,1009.9425726248004,926.620742267299,863.2757381045757,17.204650534085253,5.830951894845301,11.180339887498947,7.0710678118654755,0.0,0.0,0.0,128.0,7.810249675906654,11.40175425099138,13.038404810405298,985.7246065712268,946.2145634051508,911.1618956036298,822.000608272281,747.4951504859413,640.8595790030762,590.0847396772772,546.6004024879601,530.3216005406531,566.0883323298582,608.9269250082476,671.5504448662066,711.4225186202641,771.4933570679659,810.1512204520833,857.0005834303731,842.8345033279072,841.3209851180463,795.9981155756589,723.6829416256818,719.951387247778,658.5590330410782,611.310068623117,577.4469672619296,541.569016839036,557.4262283029029,19.313207915827967,642.5675061812572,713.9131599851623,752.5695981103675,801.9233130418394,802.9570349651343,656.2331902609011,624.980799705079,625.9456845445937,571.700970788051,526.9354799214036,472.2456987628368,413.098051314697,371.9489212244068,346.07080200444534,380.2538625707831,418.8961685191212,460.33248853410294,508.3935483461607,557.2082196091511,591.666291079693,577.8762843377465,583.3429523016456,581.9286897893934,542.8959384633486,514.7912198163446,447.23371965897206,24.08318915758459,14.866068747318506,12.649110640673518,10.198039027185567,10.44030650891055,3.1622776601683795,4.47213595499958,6.708203932499369,7.0710678118654755,13.038404810405298,4.242640687119285,477.0513599184054,487.97643385720994,498.9078071147013,502.9771366573236,470.9532885541835,416.5309112178831,397.4543999001647,360.1902275187377,298.5582020310278,285.3506614676055,265.6633207652121,254.34228905158497,315.5709112069742,370.12565433917166,376.5381786751511,383.13052606128895,400.2561679724624,400.6419848193646,403.6087214122113,361.9419843013518,374.73323845103465,332.77770358003255,293.7481914837945,278.54802099458544,269.65162710430656,243.01851781294363,12.041594578792296,255.43100829773977,281.15476165272395,277.96582523756405,295.16944286290885,297.122870206923,298.02181128232877,271.64867016055865,270.0296280040396,240.06665740997852,214.478437144623,187.42731924668823,172.00290695217916,145.52662986546483,140.24621207005913,157.63248396190426,170.83617883809038,203.8062805705457,223.75432956704995,239.3010656056508,244.9346851713738,265.51459470243816,271.48664792214,271.26555254952666,254.9078264785136,229.99347816840373,200.3696583817021,0.0,0.0,0.0,0.0,0.0
2025-06-01 18:44:23.545,0,0.0,0.0,0.0,0.0,0.0,0.0,115.91807451816996,153.40469353966978,237.91805311913595,340.414453277178,423.17017853341224,510.83069602364344,591.9298944976508,637.6401806661811,677.4872692530835,684.7985105123988,697.4883511572075,658.9233642844971,626.9776710537625,559.9142791535147,481.4862407172192,382.472221213515,276.5248632582611,205.37283169883983,215.37873618349607,286.2446506050375,405.8337097876419,536.0643618074233,643.9332263519254,716.575885723208,803.5882029995214,841.4333009811295,5.830951894845301,849.6546357197141,801.2271837625082,778.0809726500192,682.7041819119024,589.5600054277767,491.03360373807413,414.2873398982885,355.2829858014594,325.7882748043582,389.3173512701431,524.1268930325938,664.9097683144684,782.3356057345211,841.0998751634671,959.200187656362,978.698114844409,1021.7460545556318,1067.7902415736903,1032.6495049144216,910.741456177328,842.7597522425949,751.9002593429531,685.8228634275763,625.2591462745667,611.5889142226174,653.6497533082988,8.94427190999916,13.0,6.082762530298219,5.656854249492381,12.806248474865695,12.806248474865695,14.212670403551895,9.899494936611664,14.422205101855956,8.06225774829855,3.605551275463989,817.1958149672574,718.0731160543472,602.1328757010366,565.1097238590042,533.9672274587646,579.0138167608783,694.5401356293241,805.5271565875355,920.818114504705,1044.9674636083173,1166.2049562576897,1246.7886749565862,1297.2636586291933,1311.754931380096,1296.7362877624732,1245.314819633975,1184.2740392324745,1088.4006615212984,992.8368446023748,882.0005668932419,795.8800160828264,929.486955260804,903.2031886569046,975.0656388161772,1085.8922598490146,1214.3051511049437,15.132745950421556,1397.5424859373686,1468.1801660559238,1511.0913274848745,1498.0230305305722,1474.404625603162,1403.6986856159697,1298.0281198803052,1188.0143096781285,1050.3608903610225,940.7725548717926,834.3907957306336,762.2138807447684,723.7679186037469,753.0106240950389,820.3730858578919,888.4734098440988,951.2433968233366,1040.0307687756165,1101.4104593656264,1117.483333209046,1133.584138915149,1119.945087939583,1098.7747721894602,1057.6658262419185,991.3349585281456,902.9180472224486,13.0,12.806248474865695,8.246211251235321,7.280109889280518,0.0,0.0,0.0,128.0,10.198039027185567,8.602325267042627,21.095023109728988,1012.5739479168916,994.8477270416817,939.3039976493234,896.9754734662481,801.5815616641889,693.7449098912366,622.5961773091768,570.6005608129035,541.2476327892807,549.6271463455931,573.464035489585,633.4224498705426,700.7774254354945,765.8805389876413,802.1103415366242,844.1765218246715,849.2214081145152,849.6381582768043,849.5557662684657,810.6996977919753,775.5385225764095,705.013475048527,649.7260961359025,614.8601467000443,601.6643582596529,584.5288701167805,18.788294228055936,662.8197341660854,690.1159322896407,757.7704137797939,786.6002796846693,831.1780795954619,674.9140686042928,646.7781690811773,625.6452669044976,579.3177021289786,554.1705513648303,484.78036263858706,450.45754516935335,385.0467504083108,392.68944472700053,394.7277542813528,425.82273307093413,471.128432595614,504.61965875300575,541.3852602352598,571.6616131943791,581.3200495424186,606.0998267612357,588.6161737499234,542.0193723475204,523.7480310225519,459.31470692761405,5.385164807134504,11.180339887498947,4.0,10.770329614269007,3.1622776601683795,5.0,11.180339887498947,9.219544457292889,7.0710678118654755,3.1622776601683795,7.280109889280518,449.0345198311595,481.269155462928,475.30411317387103,465.1763106608074,433.5677571037773,389.22487073669896,374.7599231508086,326.3449095665505,295.8800432607782,266.1897819225975,243.97130978867168,274.8035662068453,277.3157045679166,343.44431863112834,362.66789215479224,358.7199464763564,365.3121952522253,387.2324883064436,374.4329045369811,367.16345134013545,355.4729244260384,332.77770358003255,295.1372562046344,278.38462601228537,247.24481794367296,241.8677324489565,7.615773105863909,254.6212874054328,261.23169792351007,275.9148419349709,290.68883707497264,292.43802762294786,281.7268180347764,281.1778796420515,267.86750456149025,254.20660888340413,222.72853431924705,193.02331465395577,172.18594600024707,151.99013125857877,141.0319112825179,155.60205654167942,176.81911661356077,164.68454693747074,205.1828452868319,230.4886114323222,265.83077323741134,260.77193100485334,266.67208327832145,260.5091169229975,256.25963396524236,235.52919139673537,211.00236965494017,0.0,0.0,0.0,0.0,0.0
2025-06-01 18:44:23.546,0,0.0,0.0,0.0,0.0,0.0,0.0,121.2023102090055,155.32224567009067,234.61670869739865,332.2544205875973,418.4459343810141,505.45128350811416,576.6125215428468,627.326071513053,669.1262960009866,675.6626377120464,674.3826806791527,659.8969616538631,602.4167992345499,547.4824198090748,459.80104393095934,380.5916446797013,280.4086303950005,218.3231549790356,217.20036832381297,307.07979419037,418.63229689072006,522.3839584060751,629.2479638425539,704.8723288653059,786.6899007868349,826.822834711282,14.317821063276352,842.7597522425949,796.2826131468651,735.5412972770462,662.4711314464955,583.8570030409843,478.9864298704088,397.61287705505714,345.44464100634127,329.0866147384302,396.9143484430866,525.4950047336321,647.6117664156512,774.0471561862365,850.7814055325845,959.3205929198018,1003.8296668260008,1010.1564235305342,1020.7928291284182,963.628559145068,916.472039944482,864.2112010382647,751.1391349144311,673.7180419136777,630.2031418518952,613.0130504320442,667.2218521601342,13.45362404707371,7.615773105863909,16.97056274847714,2.0,8.602325267042627,12.041594578792296,7.615773105863909,5.0,21.95449840010015,8.06225774829855,9.219544457292889,801.4599178998286,710.0176054155277,602.1627686929838,525.6015601194501,528.6747582398842,555.5474777190515,676.5153361158932,771.9857511638411,895.7706179597543,1023.6703570974398,1110.1139581142108,1195.6027768452195,1242.386815770354,1276.205704422293,1262.7735347242592,1215.5957387223764,1140.2056831993075,1058.0042532995792,947.2021959434004,821.6233930457433,762.8748259052726,901.0022197530924,899.2997275658433,939.0388703349824,1042.044624764218,1157.471813911682,4.0,1356.63001588495,1438.0264253482965,1437.946104692384,1467.9717299730264,1401.7449839396609,1349.4361785575486,1253.0059856201806,1167.8206197871316,1054.7587401865887,940.0132977782814,853.2221281706189,757.5150163528114,756.2552479156756,758.6145266207337,804.6645263710834,858.1963644761029,944.0323087691438,998.9899899398392,1060.9929311734363,1105.9701623461638,1102.2980540670476,1091.4307124137565,1073.597690012418,1016.4865960749312,963.303171384793,909.2249446644104,12.36931687685298,11.704699910719626,10.04987562112089,3.0,0.0,0.0,0.0,128.0,11.180339887498947,9.433981132056603,12.649110640673518,990.745174098769,962.6401196708975,909.8796623729976,847.840786940567,785.9853688205652,680.9464002401364,628.6883170538482,603.6099734099827,548.1204247243484,546.7375970243861,585.527112950374,654.3309560153791,682.9494856868992,735.0544197540751,781.5938843158895,824.4058466556385,830.1867259839801,843.7683331341607,790.5099619865647,753.615286469164,733.7881165568165,695.3819094569544,647.3522997564772,610.0262289442971,582.8078585606066,581.0008605845605,11.31370849898476,639.0813719707373,697.4130770210722,740.2161846379745,806.3870038635296,805.0465825031494,652.6990117964023,642.2842050058525,638.6055120338377,597.9448135070661,547.4166603237428,497.6796158172445,446.5344331627741,410.2023890715411,405.2616438796053,412.0012135904456,414.9855419168239,467.0588827974477,514.8368673667417,552.843558341779,578.6924917432401,573.1963014535247,583.3455236821484,579.0379952990995,544.2177872874057,505.9209424406149,461.6373035186823,17.4928556845359,16.76305461424021,2.0,20.024984394500787,3.605551275463989,4.123105625617661,17.26267650163207,5.0990195135927845,11.180339887498947,17.46424919657298,6.0,453.8744319743072,474.5366160793074,491.7977226462115,465.1505132750043,436.61653656269135,424.30413620420904,389.53947168419273,357.179226719584,310.1370664722293,317.83328963467625,289.3060663034911,269.2582403567252,298.9314302645341,329.2294033041399,391.5328849534864,329.40097146183405,380.4260769190251,377.46523018683456,374.83329627982624,369.84996958226185,358.11311062288684,335.0492501110844,303.5160621779348,284.20063335608523,273.79006556118867,265.09243670840556,14.0356688476182,250.1919263285688,274.6142749385035,288.0850568842473,289.0155705148081,289.28186946298587,290.73871431235295,275.26895938336384,258.18210627384695,232.8797973204202,222.17335573826128,183.83144453547655,168.80758276807353,155.2932709424333,148.0,151.21177202850313,167.69317219254933,211.28416883429767,217.40745157422737,239.47024867402632,260.86394921491166,268.79360111431225,280.7436553156634,279.3581930067561,274.3902330623304,244.2723889431632,223.46364357541475,0.0,0.0,0.0,0.0,0.0
2025-06-01 18:44:23.551,0,0.0,0.0,0.0,0.0,0.0,0.0,121.74152947946727,139.51702405083043,215.05813167606567,324.0385779502188,399.8099548535529,501.19956105327947,583.6231660926424,629.5720768903271,672.5273228650268,691.9089535480806,712.0568797504874,685.4560525664647,636.7299270491375,571.0770525944813,497.7750495956984,390.03204996512784,295.0610106401725,213.59073013593076,222.35332243976023,310.8649224341659,419.5437998588467,546.0036629913759,617.122354156775,730.9288611075636,803.6578874122994,839.4242074183946,6.082762530298219,853.3908834760306,822.2943511906184,768.272087219105,686.8573359876125,585.4032797994901,502.1015833474338,397.290825466685,335.035818980598,331.4724724618924,398.87090643465086,530.8455519263583,649.9384586251224,763.4094576307003,866.3446196520182,992.1743798345128,990.314091589128,1035.824792134268,1054.4553096267286,980.1326440844626,886.9729420901181,851.1926926378069,741.1990286016301,659.4012435535741,607.711280132268,598.3519031473035,647.3399416071899,3.0,8.0,8.06225774829855,9.899494936611664,4.0,8.94427190999916,14.7648230602334,5.0990195135927845,11.40175425099138,13.341664064126334,21.400934559032695,768.010416596025,676.0739604510737,557.3481856075249,461.4000433463352,490.0377536476143,526.4076367227208,659.3238961239006,785.7340516994284,916.1506426347144,1023.7191997808774,1127.8408575681233,1210.0351234571665,1269.200141821612,1270.104326423621,1258.280175477624,1215.1131634543344,1124.5287902050352,1017.2600454161168,920.1179272245488,783.6836096282734,728.2478973536415,827.0725482084387,840.7312293474057,905.5876545094904,1007.7445112725744,1138.2688610341584,4.47213595499958,1351.8154459836594,1430.2685062602757,1460.7919085208543,1457.579500404695,1409.8812006690491,1348.1962023385172,1224.3549321989926,1148.3540394843394,1032.7153528441418,918.873223029162,824.3421619691668,740.3958400747536,707.6340862338388,721.1192689146504,786.2035359879782,850.7467308194607,915.01475397941,1002.3497393624642,1063.4364108868945,1087.5922949340898,1054.8876717451958,1084.0304423769658,1056.762035654196,996.381453059018,939.8265797475616,896.1188537242144,10.0,6.082762530298219,20.808652046684813,3.0,0.0,0.0,0.0,128.0,4.242640687119285,10.44030650891055,10.63014581273465,992.803102331978,969.00206398129,915.1917831798972,837.2126372672597,777.7049569084667,678.2949211073308,647.1050919286604,589.8855821258899,553.6650612057799,556.3640894234637,613.1492477366338,658.0068388702355,713.395402284035,772.3580775780105,799.6280385279146,843.6989984585734,847.6255069309796,863.4124159403779,831.6086820133614,764.9241792491594,742.9374132455573,707.4779148496439,645.1201438491903,608.3066660821662,551.4145446032413,596.657355607052,12.041594578792296,638.7988728856682,688.888960573473,727.0336993565016,772.172260574025,781.2157192478912,642.7207791879767,578.2914490116553,622.608223524232,570.224517185994,525.0561874694936,496.0252009726925,433.3185894927657,378.3820820282059,362.295459535446,402.6040238248992,411.42800099166806,450.2588144611941,497.48969838580575,526.0009505694833,554.0658805593429,548.6392257212384,558.4872424684381,551.6420941153784,530.8116426756293,490.7229360851192,460.40417026782023,12.041594578792296,13.41640786499874,4.123105625617661,6.4031242374328485,13.038404810405298,10.63014581273465,12.16552506059644,13.038404810405298,5.656854249492381,10.816653826391969,10.63014581273465,451.0809240036648,467.7574157616317,472.7049819919397,481.5682713800817,472.80016920470746,417.6625432092277,397.46823772472686,383.80333505585907,337.37960815674677,368.7560169000636,315.90030072793536,297.30960293942746,318.9890280244761,349.521100936696,367.02179771779225,364.9657518178932,372.0013440835933,388.6232108353797,391.21477477211926,380.2551774795446,376.0850967533811,347.3974668877135,317.1513834117707,300.5661324900063,286.0367109306076,278.7418160233588,8.602325267042627,272.26457720386617,288.0919991947017,315.48375552474965,304.78352973873115,308.4234102658227,298.33202979231044,279.6462050520264,267.36678926149375,248.08466296810852,221.56263222845135,200.52929960482084,175.32826355154492,162.09873534361705,147.12239802287073,166.06625183943908,172.1772342674838,212.52999788265183,223.3047245357787,252.3568901377571,262.9315500277591,277.8488797889961,292.5884481656786,284.1126537132762,274.76535443901946,245.41597340026587,226.49061790723252,0.0,0.0,0.0,0.0,0.0
2025-06-01 18:44:23.556,0,0.0,0.0,0.0,0.0,0.0,0.0,92.9569792968769,125.39936203984452,215.40659228538016,324.05246488801777,410.7420114865291,493.2068531559552,579.4695850517091,621.807044025717,678.4836033390932,687.2328571888862,673.6467917239717,644.596773184601,604.12581471081,535.1121377804843,457.4407065402029,354.1200361459374,254.82543044209697,167.0449041425688,194.90510511528424,274.0656855573131,385.8756276314947,513.078941294612,613.5315802792877,699.3718610295956,773.8378383098102,826.1198460271972,8.48528137423857,832.3514882548118,792.3364184486285,730.278029246396,652.9938743969961,566.83154464091,464.4189918597214,360.4400088780379,334.4263745579885,285.84261403786525,354.39102697444247,513.4403568088508,649.7399479791895,731.4403598380391,866.2084044847406,918.0958555619344,950.1773518664818,978.8002860645272,973.1315430094742,966.6276428904772,893.3174127934594,808.312439592513,701.78344238091,650.6804131061576,593.1896829851308,586.7776410191514,632.0482576512651,6.4031242374328485,9.219544457292889,3.605551275463989,5.0,11.6619037896906,14.212670403551895,6.708203932499369,6.708203932499369,3.1622776601683795,4.242640687119285,5.0990195135927845,755.6487279152926,647.715987142513,533.4875818610964,493.44705896377576,489.4006538614349,529.5280917949491,670.4304587352815,794.6603047843777,936.3503617770434,1046.0831706895967,1150.784080529445,1210.5853955834757,1251.0355710370509,1279.7226261967865,1258.218581964199,1179.6732598478277,1099.3238831208937,1006.6007152789034,885.8357635589116,782.0613786653832,706.7248403728286,833.5850286563453,840.8002140817996,924.2391465416296,1047.6220692597117,1179.4575024137157,9.055385138137416,1384.9606492604762,1434.043235052556,1454.3221788860951,1454.2035620916351,1411.6802045789266,1343.5058615428516,1224.0890490483116,1116.435846791028,1007.4323798647728,877.4992877489987,775.4360063860847,719.7701021854131,704.6048538010507,729.4251161017147,780.9334158556669,872.5760711823353,928.3560739285332,1002.3701910970816,1059.1241664696354,1091.6501271011698,1119.933033712284,1106.5224805669336,1074.3989017120225,1039.139066727837,947.831208602038,890.586885149338,3.605551275463989,14.560219778561036,4.242640687119285,10.198039027185567,0.0,0.0,0.0,128.0,7.615773105863909,4.123105625617661,10.816653826391969,1015.24381308137,981.0045871452386,944.5051614469876,888.045606936941,823.786987030021,698.8454764824625,659.2184766828066,610.7479021658609,581.1239110551209,588.7656579658837,605.6550173159635,656.5066640941278,713.4879116004699,771.187396162567,819.9231671321405,832.6325720268214,862.0556826562887,851.639595133998,847.4054519531958,816.3540898409219,789.1799541296016,733.6974853439257,679.8507189082027,643.5067987208838,633.2456079595025,621.8745854269974,12.36931687685298,689.011610932646,732.7973799079798,771.8989571180932,812.1089828342007,828.0338157345991,691.3240918700866,648.459713474939,644.316692318304,612.0016339847468,564.567976420909,522.0421438926171,463.9676712875586,447.21359549995793,430.2046024858405,419.15271679902065,461.6373035186823,476.489244369692,537.553718245907,560.5604338516945,585.8745599528964,605.0826389841309,608.5408778381285,580.9311491046077,570.0324552163675,524.8637918546106,459.42572849155937,8.0,11.180339887498947,10.198039027185567,25.317977802344327,15.231546211727816,2.23606797749979,5.830951894845301,10.63014581273465,8.246211251235321,9.486832980505138,6.324555320336759,450.6051486612198,467.95405757403154,484.198306481962,475.46398391465993,450.3620765561861,403.3422864020087,400.7393167634042,376.9416400452463,342.49817517762045,277.3625785862253,277.35356496717327,320.3404439030451,321.1681802420657,348.4852938073571,369.7161073039691,354.5955442472452,367.6628890709531,410.0,383.64827641995214,371.0485143481914,345.9393010341554,335.5964838909967,308.01623333843946,287.30819688968154,256.3201123595259,258.2343896540505,3.1622776601683795,252.10513679812237,272.75263518433695,276.72549575346324,292.00171232374646,278.9265136196271,290.12583476829496,263.86549603917524,267.44158240632663,251.40604606890423,219.00228309312212,188.22327167489144,168.121979526771,153.4731246831184,147.03060905811415,154.434452114805,175.410946066658,179.84715733088473,216.8432613663611,234.54637068179076,253.17977802344325,250.9541790845492,254.77244748991205,259.88651369395836,245.6684757961428,237.03375287076733,202.20039564748632,0.0,0.0,0.0,0.0,0.0
2025-06-01 18:44:23.558,0,0.0,0.0,0.0,0.0,0.0,0.0,107.00467279516349,193.3520105920805,299.6681497923995,404.5899158407189,485.23190332046386,551.0081669086221,601.8014622780506,643.1834885940403,668.9162877371128,679.935291038787,648.9815097520113,614.3940103874711,548.1797150570239,473.66021576653446,370.7424982383326,265.02264054227516,181.47451611727743,188.09572031282372,248.4854120466632,353.2930794680247,472.46693005966034,579.34877232976,677.5522120102627,752.2153946842619,808.0822977890309,823.0364511976368,11.180339887498947,794.1851169595159,754.0059681461414,676.4887286570265,585.5809081587274,487.9846309055235,387.0116277322944,303.0462010981164,282.177249260106,329.3341767870441,408.3442175420144,553.9142532919693,683.3871523521641,790.6611157759056,885.0429368115425,951.6853471604992,964.2162620491318,1025.2268041755444,916.622605001644,919.8456392243212,864.650218296393,760.0532876055468,645.631473830079,597.2905490630168,575.7647088872328,596.2424003708559,664.0632499995764,3.0,15.652475842498529,1.0,23.021728866442675,8.246211251235321,8.602325267042627,12.16552506059644,4.0,8.06225774829855,13.892443989449804,14.142135623730953,698.7646241761241,573.2939908982127,496.960763038693,452.642242836437,476.8532268948172,552.2789150420284,703.2794608119876,828.0024154554139,972.154823060607,1062.4881175806156,1179.256121459626,1242.2954560007051,1247.3271423327562,1248.1426200558974,1211.4817373778278,1175.8082326638132,1069.8266214672358,967.0,837.4992537310108,721.8095316633052,665.2172577436638,826.7000665295727,869.5665586946177,943.173897009454,1085.2211756135243,1191.229616824565,8.54400374531753,1401.1880673200153,1439.37347481465,1444.374605149232,1478.056155902069,1375.2937867961157,1332.4601307356254,1228.9548405047274,1101.2760780113222,997.2667647124314,862.7919795640198,774.0161497023173,694.4407822125656,678.7613719121028,712.6436697256211,798.4541314314805,867.5188758753321,944.1239325427568,1006.4531782452674,1083.5727940475435,1111.1458050139054,1056.4795312735596,1095.4108818155862,1079.573990053484,1009.8811811297406,950.5808750443068,867.212200098684,18.027756377319943,5.385164807134504,6.082762530298219,9.899494936611664,0.0,0.0,0.0,128.0,11.180339887498947,5.0,4.47213595499958,1014.39095027509,980.2244640897308,943.309069181464,852.7561198842258,816.8537200747757,706.5083155915435,666.7840729951489,599.6082054141688,563.3373767113274,542.8959384633486,566.5086054068375,635.4093168973839,665.3675675895241,736.1148008293271,759.5919957450842,826.9328872405547,846.8600828944531,857.1814277036104,833.3456665754013,774.723821758438,783.1251496408477,760.7167672662408,708.0459024667822,660.5126796663332,619.1671825928761,609.4866692553661,9.848857801796104,660.5641528269605,681.4719363260676,740.2877818794526,777.7840317208885,792.6159221211747,661.1278242518613,624.2595614005444,643.2176925427348,636.8398542804933,597.8176979648562,551.3565089848854,490.9032491234907,446.7572047544393,411.325904849184,412.9818397944394,422.4038352098617,445.4570686384941,480.2426470025335,518.7562047821693,559.7463711360708,537.5881323094846,555.4457669295896,569.2099788303083,534.2593003402,508.1928767702279,477.582453614033,3.0,3.1622776601683795,10.816653826391969,4.242640687119285,10.44030650891055,12.041594578792296,8.602325267042627,17.46424919657298,10.295630140987,10.04987562112089,6.082762530298219,421.283752357007,430.572874203659,452.3538437992983,458.5280798380836,455.7510285232497,412.9527818044092,394.17889339740145,358.8606972071475,345.46345682285994,330.87913201046695,255.87692353942353,272.02941017470886,305.6354037084055,319.65762934740036,317.71842880135233,336.7862823809782,331.03776219639957,367.2342576612373,375.6660751252367,346.9697393145402,357.60453017264757,338.4154251803543,314.6823795511913,291.05325973092965,279.6515689210415,256.8501508662201,10.198039027185567,246.24581214713075,254.691970819655,253.6631624812716,257.2877766237642,274.70711676256224,282.8091229080137,263.4274093559742,254.1967741730803,239.52035404115452,223.1815404552984,208.6552180032889,173.29743217947575,173.1040149736568,146.74126890551273,155.0,148.94629904767692,183.10925700247927,191.128229207514,207.18349355100665,226.77080940897133,247.16795908855175,259.46483384073457,263.751777245197,262.0877715575452,249.0,221.81974664127628,0.0,0.0,0.0,0.0,0.0
2025-06-01 18:44:23.561,0,0.0,0.0,0.0,0.0,0.0,0.0,88.05112151472007,107.5174404457249,198.82907232092597,302.2002647252315,403.16001785891416,470.0680801756273,539.6461803811827,605.6566684186677,646.8423300928906,681.0763540161998,672.4767653978835,637.5303914324398,609.6925454686157,534.9392488871985,450.9944567286831,355.8791929854849,258.40278636268613,183.0027322200409,190.3943276465977,270.36271932350434,380.8411742445924,497.5660760140305,606.1394229053246,693.4277179346093,750.0426654531061,793.1966969169753,5.385164807134504,805.5463984153861,791.7739576419523,710.8980236292686,654.6182093403758,561.1434754142651,468.13886828589654,374.94532934815976,296.4219964847413,314.8412298286233,384.24080990961903,508.2696134926817,606.7421198499409,725.9593652540065,800.1931016948347,942.66112681069,943.9491511728796,978.06850475823,943.8458560591342,954.3510884365356,845.0443775329198,784.255060551094,729.2221883623673,619.3230174957168,570.0219294027204,578.021625893011,626.5923714824495,14.317821063276352,6.4031242374328485,9.848857801796104,16.1245154965971,13.92838827718412,10.04987562112089,5.0,11.6619037896906,8.246211251235321,13.601470508735444,6.324555320336759,716.1899189460852,608.1924037670974,537.1219600798314,459.0185181449654,463.0172782953137,519.2850854781022,640.47013981918,773.8895269998167,889.9803368614388,1010.391013420052,1117.5866856758807,1158.6897772915752,1207.4974120055083,1216.9260454111416,1169.277127117434,1162.4869891745025,1048.931360957427,969.6458116240176,855.4355615708292,748.5238807145702,670.3737763367538,790.5017394035259,821.5314966573102,894.3041988048585,998.737703303525,1127.0536810640388,8.06225774829855,1302.487236021912,1392.5304305472107,1394.4335767615466,1429.491168213361,1346.997401630753,1313.7035434221832,1200.5103081606587,1108.213878274406,998.9639633139926,906.3023777967264,793.3788502348673,725.4157428674953,694.1239082469355,709.82039981956,773.2742075098587,830.0951752660656,919.8826012051755,975.235868905569,1040.5623479638305,1060.2273341128307,1095.4839113378162,1088.0781221952768,1071.789624879808,1010.3712189091692,953.259670813782,886.6278813572242,19.026297590440446,2.23606797749979,5.0,5.830951894845301,0.0,0.0,0.0,128.0,5.830951894845301,17.69180601295413,3.605551275463989,973.3673510037204,941.9341802907462,936.923155867118,856.0403027895358,815.036808984723,702.8577380949861,665.9587074286213,626.5692300137312,587.1848090678096,592.1520075115848,608.547450902557,649.4897997659393,692.3366233271212,742.9434702586732,772.9747731976769,829.7957580031366,841.9317074442558,852.0522284461206,831.9062447175162,810.6546737051481,779.6313231265148,730.5231002507724,700.8138126492656,668.3846198110786,637.5460767662208,638.9507023237395,8.94427190999916,671.4715183833191,726.2403183519901,741.5854637194556,787.5715840480788,800.5060899206202,661.0370640138116,621.5931145049791,638.5209471896752,598.7253126434525,582.8421741775384,513.1754086080119,485.78287330864185,439.6191533589045,415.1445531378197,450.15552867870014,439.82951242498496,490.1448765416201,504.7316118493075,536.8444839988579,558.2293435497636,567.2503856323061,568.2930582014882,567.4081423455253,527.140398755398,502.53457592488104,439.31765272977594,6.708203932499369,7.280109889280518,16.64331697709324,2.23606797749979,5.385164807134504,16.64331697709324,5.830951894845301,10.0,11.180339887498947,11.40175425099138,20.615528128088304,454.30056130275693,430.4056226398535,475.3861588224882,466.1812952060604,456.8851059073823,403.3422864020087,382.2786941486538,328.1524036175874,325.4980798714487,289.0847626562147,287.4456470360962,290.077575831018,305.7220960284029,325.85272747055535,349.1847648452034,369.8229306032821,360.4511062543712,360.37341744362885,382.2054421381255,364.04670030093666,354.682957019364,340.37920030460145,299.3659967330959,280.87897749742683,285.68689154387187,251.0975905897944,17.029386365926403,253.26863208853953,261.6295090390226,266.18226838014584,282.10990766011747,272.98534759213726,271.6615541441225,252.05158202241063,240.20824298928628,224.95555116511352,198.01262586006985,177.55280904564702,171.1724276862369,150.33296378372907,150.86417732516887,157.4325252290644,171.8429515575195,201.63581031156147,212.602916254693,223.64704335179573,243.57750306627253,264.43335644354704,258.80494585691366,262.50523804297694,245.52189311749777,225.4240448576859,200.5617112013158,0.0,0.0,0.0,0.0,0.0
2025-06-01 18:44:23.565,0,0.0,0.0,0.0,0.0,0.0,0.0,92.9569792968769,98.60020283954796,188.76705220985997,298.80428377116687,406.04063836025085,487.2217154438008,569.0140595802533,617.4544517614235,653.4829760598205,696.0955394196977,689.2619240898194,670.3916765593082,622.5271078435059,553.5648110203538,476.64242362592944,381.5874735889531,276.2209260718673,179.0446871593793,184.6212338816963,247.16795908855175,377.0013262576141,500.10498897731463,601.0432596743765,699.777821883489,766.997392433638,801.4018966785642,3.605551275463989,835.9264321697215,802.6319206211525,728.9444423273972,659.1206262893007,574.7181918123003,474.7725771356219,369.02167957994016,291.8938163099726,295.16944286290885,381.032806986485,504.495787891237,643.622560201241,737.4069432816591,830.9229807870282,924.7702417357514,932.2767829351968,994.2580148029988,1003.645853874762,897.2095630341888,882.8068871502986,798.2336750601293,690.6938540337535,607.1655457945551,546.2023434589054,558.7593399666802,615.2934259359513,13.41640786499874,16.15549442140351,21.37755832643195,15.264337522473747,12.041594578792296,5.0,8.06225774829855,8.94427190999916,2.8284271247461903,8.54400374531753,9.219544457292889,696.282988446508,569.3856338194704,477.46937074539136,391.265894245844,421.0617531906691,491.86685190201626,624.347659561562,754.7085530189784,886.8336935412411,1018.255861755777,1115.212984142491,1185.1485139002623,1207.0248547565209,1219.6671677142087,1163.216660816032,1145.504255775595,1031.2807571170908,933.8993521788096,819.4449340864827,693.9920748827035,620.2330207268877,715.1873880319758,769.041611357929,845.9225732890689,974.6219779996756,1112.9788856937043,5.830951894845301,1316.7847204459808,1389.0071994053883,1401.0289076246786,1416.486498347231,1351.976700982676,1302.3378977822922,1196.776085991026,1083.6207823773038,957.8648130086,852.5021994106526,744.1135666012278,684.8686005358984,671.5906491308526,691.4622187798839,770.5744610354018,843.6041725833271,927.6362433626664,1003.1256152646088,1040.012019161317,1068.0018726575342,1065.1722865339673,1065.0469473220417,1036.371072541105,987.0724390843866,915.7335857114776,847.7086763741421,10.0,15.231546211727816,11.04536101718726,13.601470508735444,0.0,0.0,0.0,128.0,8.06225774829855,12.16552506059644,12.083045973594572,987.1479119159396,955.0712015342102,908.6060752603408,837.7475753471329,769.7960768930951,671.6814721279723,631.5734319934619,576.8882040742383,561.0570380986233,569.2881519933469,610.6422848116563,652.6162731651732,690.461439908124,747.0294505573391,781.0006402046032,820.0225606652539,836.1632615703707,847.0637520281457,814.2051338575556,740.8272403199007,731.5360551606462,693.1854008849292,661.3992742663088,619.5780822462976,579.987068821366,582.6628527716522,12.806248474865695,637.630770901154,680.3888594032093,699.7728202781243,747.8248458028123,736.4299016199709,621.5504806530198,583.6231660926424,599.0559239336508,562.5237772752366,530.2414544337324,494.77267507411926,446.4179655883038,405.4984586900424,383.8137569186389,416.39044177310313,423.415871218829,452.9514322750288,493.65980188789933,505.46612151557696,537.1750180341598,535.4213294219796,522.398315464359,511.8222347651575,495.29789016308155,478.72434657117657,434.9494223470126,7.810249675906654,13.0,8.54400374531753,14.7648230602334,8.06225774829855,13.45362404707371,12.36931687685298,14.560219778561036,3.0,9.055385138137416,10.04987562112089,446.5422712353221,449.1736857831278,465.86800705779314,442.4353060052961,451.3501966322824,392.2550190883477,388.25249516261965,357.4632848279666,321.92701036104444,330.3407331831786,281.88827574058485,296.06080456554866,322.37400639629743,355.10561809129405,373.5906851087163,354.18921496849674,368.5430775363987,359.9013753794225,354.2485003496839,346.4678917302439,346.5385981387932,320.12809936024047,306.04084694693944,299.4812181089158,293.87412271242937,272.3986049890858,1.4142135623730951,286.27609051403505,281.0160137785746,292.8497908484826,283.7833680820636,289.0069203323685,268.15294143454776,268.41944787961995,260.64727123068064,226.40008833920535,207.87015177749788,185.16209115258988,170.95028517086482,166.97305171793442,165.6804152578089,171.81967291320282,192.27064258487303,228.40315234251912,227.14973035423137,257.70137756713683,251.6445906432324,269.23595599399425,287.7933286231632,261.45171638373307,263.1900454044567,228.9737976275888,209.02152999152983,0.0,0.0,0.0,0.0,0.0
2025-06-01 18:44:23.567,0,0.0,0.0,0.0,0.0,0.0,0.0,154.7804897265802,248.2780699135548,342.98688021555574,433.3151278226967,514.3004958193216,574.1724479631533,621.9228247942023,650.4951959853355,651.092927315295,636.6804536029043,607.7910825275409,548.3885483851756,477.822142643055,392.23717314910374,297.0605998782067,201.55644370746373,139.2838827718412,192.25503894566717,303.8963639137527,405.0,523.1529413087534,635.0787352761861,695.449494931156,764.1864955624379,798.1591320031363,804.8378718723418,8.246211251235321,754.3818661659359,692.9480500008641,636.2020119427476,515.3212590219814,437.12698383879257,352.08095659947304,269.46613887462746,269.74246977441277,320.8067954392488,446.0325100258949,560.8315255047634,707.698382080954,826.3758224924057,886.6887841852969,952.162276085332,958.0365337501488,982.371111138759,935.4795561635754,843.537788128072,778.3604563439743,674.4790582367996,588.0085033398752,552.1050624654695,587.1030573928226,636.8830347873933,721.959140118054,12.206555615733702,8.0,8.602325267042627,15.524174696260024,12.16552506059644,1.0,5.656854249492381,5.0,18.973665961010276,11.6619037896906,26.076809620810597,577.4054035077954,472.2308757377052,409.20654931220247,426.35665821000146,487.68945036775193,592.4086427458668,715.4662815255517,857.8420600553461,956.8803477969436,1064.248561192356,1137.4014243001457,1183.4897549197458,1190.11007894228,1172.9254025725593,1112.4693254198069,1054.5520375970073,948.7612976929444,843.5075577610435,737.9159843776255,644.9573629318453,592.3318326748952,757.5645187045127,813.464811777375,932.8772695269192,1067.0393619731185,1189.643644122054,5.0990195135927845,1356.3775285664383,1400.1660615798398,1409.6684007240851,1376.2441643836314,1325.6802027638491,1246.308549276623,1123.493213152621,1017.7057531526488,884.5575165018948,798.5718502426691,714.6894430450194,669.9313397655017,693.6627422602428,744.0994557181184,806.4862057096823,871.8698297337739,971.2857458029536,1020.9681679660732,1068.271969116479,1081.266387159057,1080.372620904473,1062.0301313992932,1033.2865043152358,972.6237710440764,899.8222046604541,826.3183405927766,1.4142135623730951,6.324555320336759,12.16552506059644,7.810249675906654,0.0,0.0,0.0,128.0,10.44030650891055,6.4031242374328485,5.830951894845301,989.3902162443288,941.2852915030596,915.459447490712,861.1370390361803,770.5614835949173,676.7015590347047,620.6971886516001,578.8834079501675,550.3471631615811,578.3640721898275,604.4973118219799,641.3493587741395,687.1186214912241,746.625742926133,777.3036729618611,818.6745385072142,813.464811777375,819.9085314838479,808.4812923005702,774.6392708867786,753.2283850201079,685.6566195990526,643.0987482494427,617.8163157444128,595.6710501610768,573.1326199057248,6.4031242374328485,624.771958397622,667.8001197963355,708.2972539831,726.3718056202347,752.4526563179905,620.9218952493139,604.7445741798764,601.8047856240427,573.4047436148396,539.400593251435,491.03665850932146,449.4941601400401,427.69147758635546,397.1523637094459,385.48800240733823,399.2455384847776,436.68066135335096,460.74396360668686,493.6253640160724,524.5922225881737,533.2954153187518,540.6560829214816,524.2375415782429,518.3213289070786,487.2832851637741,460.4172021113025,8.06225774829855,12.041594578792296,11.40175425099138,20.223748416156685,7.0,7.0710678118654755,11.40175425099138,3.1622776601683795,5.385164807134504,4.47213595499958,2.0,420.0976077056378,414.0591745149478,439.2083787907512,432.1400236034612,422.0829302400182,429.6161077054723,384.4385516568285,370.47537030145475,350.33269901623515,318.67538342332,304.38462510448846,296.86360504447157,300.5095672353877,312.70593214712125,326.7919827657955,313.26985172531363,363.0895206419486,374.370137697974,364.01785670486,339.4878495616596,351.33032889290956,324.2606975876047,314.96825236839345,304.8442225137291,277.9946042641835,260.4400122868988,14.7648230602334,252.5173261382276,251.76576415390556,240.5036382261191,273.3806869550225,262.2746651889961,268.81220210399675,263.54695976239225,252.8734861546382,239.01464390283704,219.25783908448977,199.7448372299019,186.85020738548835,160.96272860510285,152.43359209832985,154.37940277122465,154.31137352768266,153.8440769090575,193.04144632694815,220.05681084665383,233.5551326774901,243.41733709824368,256.4254277562972,261.9656466027559,266.1897819225975,253.57050301641948,239.47024867402632,0.0,0.0,0.0,0.0,0.0
2025-06-01 18:44:23.572,0,0.0,0.0,0.0,0.0,0.0,0.0,67.53517601961218,90.4267659490264,180.01388835309348,282.46238687655386,370.7249654393402,463.7811984114923,543.4381289530576,590.8104603000864,632.9178461696273,663.7544726779624,660.9818454390407,631.9509474634879,587.3167799407744,527.5490498522389,435.8072968641071,356.91035288990986,250.88044961694405,153.95129099815955,143.75326083258076,234.2007685726074,353.82481541011225,469.0,590.8113065945844,665.976726320072,747.1311799142103,787.9314691012157,8.94427190999916,812.3078234265629,788.2036538864813,737.2197772713372,662.5352820793772,565.1566154615905,482.5784910250353,348.38197427536346,269.4754163184464,280.04463929880893,328.27427556846425,508.61478547128377,602.3985391748556,690.0724599634447,796.900244698168,931.6399519127548,963.0706100800708,1005.1392938294672,957.0130615618576,936.8847314371176,853.4190061159876,751.0738978289686,651.3877493474988,576.3896251668657,527.3755777432247,561.5567647175128,600.5405898022215,17.029386365926403,15.297058540778355,4.123105625617661,16.76305461424021,1.4142135623730951,15.033296378372908,9.486832980505138,7.615773105863909,7.280109889280518,14.317821063276352,8.06225774829855,662.6348919276738,561.7196809797571,443.00112866673373,378.90368169232664,404.4675512324814,457.7652236682031,590.0847396772772,742.0788367821845,868.9361311396827,1018.2268902361596,1096.344836262752,1162.1308015881862,1207.2986374547104,1203.2838401640736,1153.7911422783588,1124.8484342345862,1034.497462539179,929.8413843231544,804.7887921684794,671.5273635526702,605.1793122703386,692.6499837580305,750.254623444601,856.677885789052,985.018273942164,1103.5886914969726,6.324555320336759,1304.702648115654,1397.0171795650904,1403.4564474895542,1407.7251152124836,1344.304281031642,1288.5030073694047,1173.5655073322494,1059.657491834036,930.4504285559764,828.0108694938732,736.8235881131928,678.7289591582195,678.6199230791858,703.6909833158302,794.0403012442126,855.234470773951,948.2431122871392,1013.6133385073424,1068.4540233440089,1090.7630356773188,1086.8606166385823,1076.6847263707236,1048.2389994652938,994.1815729533514,916.0,852.5755098523532,13.0,8.0,5.385164807134504,7.280109889280518,0.0,0.0,0.0,128.0,11.6619037896906,2.23606797749979,32.38826948140329,995.8955768553247,955.0130889155396,929.2857472274068,859.5463919998734,792.9905421882407,661.804351753598,643.60935356783,590.3659881802135,571.8644944390236,594.4156794701836,622.2901252631284,671.7886572427374,740.5538467930606,783.8622327934928,806.4192458020827,839.6773189743784,834.7005451058482,847.4963126763444,818.015281030862,768.6253964058175,739.449795456054,711.4077593054492,664.2665127793211,633.4042942702551,616.1371600544801,619.2204776975645,5.0990195135927845,654.6816020020725,702.5225975013188,731.6235370735417,788.40218163067,788.7718301257976,635.7082664241515,625.6292832021212,606.8055701787847,550.4588994648011,542.2361109332354,496.14514005480294,466.0911927938566,430.6750515179629,431.6132528085763,439.110464461962,460.6191485381388,496.7594991542688,523.9666019890963,556.0035971106662,571.3440294603594,567.5535217052221,578.6000345661932,551.4063837135004,542.5172808307584,478.6021312113016,434.9494223470126,7.0710678118654755,9.486832980505138,2.8284271247461903,2.8284271247461903,7.0710678118654755,8.06225774829855,2.23606797749979,2.23606797749979,13.0,6.0,15.0,434.49741080931653,431.3664335573643,451.03990954238185,420.880030412468,403.92326003833944,357.3583635512117,355.30831681794336,333.17412864746865,286.09439001839934,260.24795868555816,283.7833680820636,292.07190895394234,317.00157728314224,310.5865418848666,359.5066063370741,320.4886893480018,342.20023378133453,351.7101079013795,334.0134727821619,338.3755310302446,299.23402212983734,283.6212262860451,269.2526694389491,252.14479966876175,229.2705825002414,249.09837414162303,13.41640786499874,251.20509548972132,264.5694615786183,263.12924580897504,275.26895938336384,264.8867682614592,272.12129648375554,250.0719896349849,240.11039127867832,217.46264046957583,200.8233054204616,181.5543995611233,155.11608556174951,140.29255147726127,132.31024147812596,153.06207890917986,164.13713778423212,178.91059219621405,206.6712365086153,229.9652147608416,243.75602556654883,246.6779276708802,253.527118865024,259.7537295208675,241.89667215569543,224.4036541591959,199.5419755339713,0.0,0.0,0.0,0.0,0.0
2025-06-01 18:44:23.574,0,0.0,0.0,0.0,0.0,0.0,0.0,72.17340230306452,81.78630692236935,173.11845655504212,256.632032295269,364.85613603172413,440.2465218488387,511.2778109795104,572.7172077037671,611.72869803533,634.2152631402054,626.477453704441,621.6767648867054,589.6236087539236,523.0152961434302,437.12698383879257,355.22387307161665,234.4781439708187,159.67780058605516,135.05924625881784,227.80035118497952,340.1543767173958,450.395381859095,558.5203666832572,658.4056500365106,728.9753082238109,777.551284482252,16.0,800.2499609497023,772.3172923093202,716.9135233764251,648.0131171511886,564.4156269984027,456.1096359429386,355.64307950528155,316.36213427020624,261.81863951980193,373.2693397534815,472.36532472229584,588.952459881101,709.5414011881195,811.1226787607409,875.4164723147492,981.7051492174216,961.658983215984,987.7292139042968,900.8335029293704,857.6951672943015,736.4299016199709,672.3049903131763,575.1052077663703,534.083326832059,545.9496313763752,592.294690166981,9.0,10.63014581273465,3.605551275463989,5.0,12.0,6.082762530298219,9.055385138137416,8.246211251235321,8.54400374531753,7.615773105863909,19.313207915827967,658.996965091646,534.914011781333,435.8864531044754,372.5614043349096,391.94514922371474,442.5403936365583,572.8123602018378,710.3048641252572,841.3061273995335,946.4058326109364,1053.1476629608974,1120.1446335183684,1150.6241784353394,1171.7892301945772,1138.3149827705863,1112.6207799605395,1000.7422245513576,906.7756062003432,797.9279416087645,680.5556553287909,592.4668767112639,700.260665752404,744.408490010693,828.0464962790435,946.7232964282648,1086.2619389447464,17.029386365926403,1279.445583055411,1359.062176649766,1378.476332767451,1387.2883622376423,1340.2395308302168,1262.13668039559,1161.3207997792858,1056.2807391976812,954.386190176702,856.3089395773,745.2516353554684,688.320419572164,683.8961909529837,711.6656518337808,788.8504294224603,867.7724356074004,938.2846050106546,1000.5303593594748,1054.7174977215464,1067.4699058989906,1092.2865924289283,1063.3724653196546,1044.310777498729,975.996413927838,906.0049668738026,832.409754868358,18.601075237738275,9.055385138137416,19.697715603592208,1.4142135623730951,0.0,0.0,0.0,128.0,16.278820596099706,9.433981132056603,19.235384061671343,950.8837994203076,919.4199258227984,879.1842810241775,819.2923776039906,752.5529881676107,650.3552875159854,614.2963454229563,578.055360670585,550.9736835820745,559.5364152582029,605.4039973439224,656.2499523809506,693.8104928581002,731.0061559248321,766.2329932859848,802.1633250155481,807.66639152561,799.7980995226233,787.7791568707565,767.9505192393583,737.2706423017263,698.341606951784,653.4049280499803,618.9547640983144,579.3530875036397,589.023768620588,14.866068747318506,651.2488003827723,674.7592163134935,690.5070600652828,731.5278531949416,749.5505319856694,618.6954016315299,588.9864175004378,585.8165241780058,564.354498520212,504.12002539077935,475.1946969401069,437.7407908797168,435.62024746331525,413.38601814768725,422.9763586774088,446.0907979324389,457.91811495069726,486.1460685843299,519.7018375953659,531.7029245734877,535.0084111488342,541.5902510200863,516.0717004448122,495.4159868231949,451.1507508582913,416.6773331968035,7.211102550927978,15.033296378372908,11.04536101718726,7.0,5.0,4.123105625617661,14.317821063276352,8.602325267042627,16.64331697709324,11.6619037896906,10.44030650891055,403.09056054440174,417.5416146924759,414.56000771902734,394.55544604022384,405.83863788456614,362.6596200295809,360.1388621073821,323.6927555568706,283.2543027034188,280.49242414011826,267.7106647109898,275.26895938336384,317.3972274611106,314.5313974788527,342.1300922163965,317.3846247063648,332.20024081869656,339.6115427955887,327.3606573795941,323.6108774438832,313.4613213779333,303.3100723681955,285.27180021866866,255.66579747787932,253.45019234555733,247.29132617218903,3.605551275463989,258.15692901799093,267.02996086581743,270.0240730009086,265.6689669494727,269.6738771182704,262.15453457836657,245.25293066546627,223.44574285494903,216.60332407421637,194.5379140424817,176.10224302944013,165.92166826548,133.70115930686617,141.718029904455,156.43848631331102,178.23860412379804,192.81597444195333,221.43622106602163,232.0344801963708,271.4498111990502,259.2006944435142,260.1691757299469,259.27977167530827,246.22144504490265,232.24555969921147,199.46177578674065,0.0,0.0,0.0,0.0,0.0
2025-06-01 18:44:23.581,0,0.0,0.0,0.0,0.0,0.0,0.0,65.49045732013177,126.38433447227548,228.81652038259824,326.40618866682047,414.5189983583382,495.55625311360967,553.7734193693301,600.7903128380151,632.3962365479415,642.0778768965646,621.486122129851,593.4652475082261,552.8833511691232,474.4438849853584,399.2054608844924,294.3076621496627,205.11947737842937,149.58609561052123,185.09727172489605,294.8236761184556,412.7238786404295,529.4846551128749,630.1468082915283,702.721139571025,769.3438762997987,814.6023569816134,13.601470508735444,809.5789028871739,753.3531708302554,684.5326873130311,611.0621899610546,523.0573582313893,411.3003768537053,324.91845130740114,282.68179990936807,308.9676358455688,425.76284478568584,573.8379562210921,689.0007256890227,813.0067650395044,879.4458482476338,930.0462354098316,984.7852557791472,1014.3648258885952,965.5014241315234,916.211765914409,813.8949563672206,722.374556584048,628.2300534040058,553.7300786484332,528.3937925449162,573.3149221850065,643.4974747425199,12.16552506059644,17.0,5.0,13.038404810405298,7.0,9.219544457292889,3.605551275463989,4.47213595499958,8.0,14.866068747318506,12.041594578792296,631.4784240177966,517.4243906118072,404.4317000434066,358.26805606975347,380.2959373961284,495.9616920690549,643.5433163354274,794.8163309847125,903.7034911960892,1028.0077820717115,1119.3649985594511,1180.5329305021526,1204.9917012162366,1196.0455676938066,1164.026202454223,1112.255815898483,993.2623017108824,882.707765911233,765.780647444162,639.2409561346957,562.0854027636725,681.664140174617,738.769246788197,868.488917603443,1002.5218202114106,1149.5760087962865,10.44030650891055,1340.6752030227158,1407.8274041941363,1427.5142731335472,1421.431672645576,1356.8920369727284,1284.567631539889,1169.0218133123094,1050.5474763188954,918.0370362899308,812.9311163930189,716.8270363204781,660.5671805350308,651.41461451214,703.3249604556914,789.6486560490051,878.5721370496562,958.8326235584602,1031.4930925604883,1086.7497412007974,1112.1011644630178,1071.3659505509777,1078.0338584664212,1043.5118590605475,988.8063511122892,906.1042986323372,822.581302972539,7.280109889280518,9.055385138137416,9.055385138137416,6.324555320336759,0.0,0.0,0.0,128.0,11.40175425099138,4.123105625617661,16.492422502470642,976.1772380054762,947.0142554365272,895.8175037361125,824.0643178781618,750.8461893091021,651.2488003827723,606.9761115562951,562.4704436679318,537.1126511263722,564.2853887883329,623.5591391359765,672.5384747358324,707.9442068411888,753.8832800904926,790.4745410195069,839.5504749566877,844.6448957994122,834.2493632002364,809.5856965139639,755.2436692882635,740.5997569537814,684.2952579113785,636.121057661197,610.6275460540575,575.2164809878103,567.733211993098,16.401219466856727,618.1812032082503,659.748436906068,702.7616950289764,735.5338197527018,764.3350050861206,612.2172816900876,605.0,598.6493130372739,558.0895985413094,514.650366753974,473.81219908313886,443.8490734472699,402.67232335982567,387.3422259449646,399.9062390110962,417.1138933193187,438.1643527262344,475.75203625418146,497.7328600765676,520.8992224989398,513.3429652776008,525.5482851270662,529.1389231572366,504.7137802755142,470.9352397092407,421.8447581753269,4.0,3.605551275463989,17.029386365926403,5.385164807134504,4.123105625617661,14.317821063276352,18.35755975068582,2.8284271247461903,11.180339887498947,11.6619037896906,8.54400374531753,369.1774641009388,401.32779619657543,407.0442236416088,404.1781785302121,397.2429986796495,384.0117185711915,349.83424646537964,354.8351730029029,316.5706872090339,293.429719012918,310.60103026229643,307.7092783781471,290.26884090442775,330.64784892692103,334.3246924772384,302.9620438272755,328.89664029904594,336.8827689271151,322.96749062405644,318.9608126400483,311.85894247239406,295.16944286290885,279.4011453090341,261.457453517776,254.69982332149348,250.13796193301008,10.04987562112089,256.03124809288414,270.9335711941213,277.89386463180506,259.9423012901132,260.731662825979,266.0845730214362,255.45449692655637,243.24884377936928,211.9929244102265,207.18349355100665,185.84133017173548,162.82813024781683,147.12239802287073,141.73566946961515,158.90248582070703,172.6759971738979,184.94593804677083,208.00240383226344,229.0087334579186,247.04048251248216,261.01724080987447,271.0608787708031,268.1287004406652,258.10269274069964,245.88005205790893,219.49487465542333,0.0,0.0,0.0,0.0,0.0
2025-06-01 18:44:23.585,0,0.0,0.0,0.0,0.0,0.0,0.0,97.32933781753576,83.09632964216891,150.08331019803634,248.62019226120793,338.7226003679117,428.4390271672271,496.63266102824934,561.3198731561176,618.0550137325964,628.7638666462951,645.7282710242754,632.5322126184562,607.0098845982658,547.8138369920935,479.5518741491894,381.8376618407357,297.05891671518634,196.0637651377735,161.02794788483146,213.45959805077868,330.82019285406386,448.1785358537376,538.8107274358965,646.6103927404818,731.0403545632759,780.9692695618695,13.41640786499874,821.0219241896041,792.5938430242819,752.8353073548026,659.8075476985695,597.679680096287,491.6228229039006,386.0634662850138,322.1319605379137,315.0063491423625,340.2704806473815,501.6064194166578,616.5914368526375,676.7015590347047,828.915556615992,920.3933941527396,944.2722065167436,988.7375789358872,997.1644799129178,933.8099378353178,858.0355470491884,793.665546688276,674.106816461605,602.708055363457,550.2672078181654,531.7377173005503,598.8154974614469,6.324555320336759,9.848857801796104,10.0,10.0,9.433981132056603,4.47213595499958,4.47213595499958,14.866068747318506,2.23606797749979,7.0710678118654755,13.038404810405298,667.1469103578312,541.2023651093923,436.54667562587167,372.40435013570936,378.81129866993143,437.4951428301805,592.4457781096934,741.0600515477811,858.1142115126634,986.4887226927636,1099.699049740428,1170.2721905608114,1195.9431424612126,1215.8277016090726,1194.8799102838746,1128.0536334767066,1043.8773874359,914.8464352010124,796.934752661722,662.2265473385977,582.5959148500785,669.5169900756814,721.3910174101144,832.1015563018735,989.2446613452104,1116.2925243859693,14.560219778561036,1341.3146536141323,1419.0398162137665,1445.448373343026,1421.2040669798268,1362.0822295294804,1293.0866173617296,1170.3059429055293,1051.07992084332,913.5863396526898,786.0159031470038,708.1369923962453,629.4076580404785,655.3548657025444,700.1785486574121,784.082903779951,862.1931338163162,950.2683831423626,1032.3802594005758,1088.090069801209,1095.8512672803731,1083.3009738756816,1076.7971025221048,1010.141079255764,959.5337409387956,880.0102272132978,791.2584912656546,16.15549442140351,1.0,13.152946437965904,12.36931687685298,0.0,0.0,0.0,128.0,5.0990195135927845,3.605551275463989,18.110770276274835,955.2559866339492,904.3832152356656,845.9012944782623,800.3924037620548,709.3348997476439,604.6040026331284,573.2451482568343,535.5567196852262,522.690156785069,556.3856576152912,595.2654869887889,653.4408925067362,705.6748543061457,749.1228203705986,793.5294575502538,805.164579449444,823.4573455862787,793.5521406939811,751.3521145242089,724.0138120229475,671.2689475910531,637.8440248211157,581.0370039851163,543.3571569419142,531.949245699249,529.1880573104423,17.804493814764857,579.255556727771,623.3923323237141,680.3293320150176,685.5836929215864,702.8065167597694,579.4911561016268,542.3882373355823,555.8354072924826,514.3510474374481,474.9336795806337,437.67567901358194,381.7643252060098,377.8954881974644,369.69311597594026,362.32720019341633,390.7902250568711,433.8478996145999,466.6529759896534,487.08315511830216,504.42045953747754,508.68457810316994,503.6268459881781,494.58669614133373,455.1219616762083,434.1808379005227,392.1543063642168,12.041594578792296,9.848857801796104,2.0,10.198039027185567,9.219544457292889,13.92838827718412,5.0,4.47213595499958,2.23606797749979,6.082762530298219,10.770329614269007,393.57337308308854,394.23977475642914,392.441078379927,394.2296285161733,361.03462437832746,352.4272974671514,308.5206638136253,297.90099026354375,282.2853166567471,262.0019083899963,254.566297847928,288.1110896859057,293.6153946917634,292.31831964486935,334.72376670920755,330.55256768024054,327.3301086059759,300.30817504690077,324.5812687140156,310.5414626100676,312.3203483604615,285.70264261990997,241.5367466867102,250.26386075500395,256.9708154635464,243.402958075698,4.47213595499958,263.62283664356545,274.19153889206723,265.9323222175146,269.2842364491468,276.3837911311009,254.24397731313127,241.81191037663964,231.70023737579555,216.26141588364763,181.66177363441105,155.54420593516173,139.98928530426892,141.9929575718458,136.40014662748715,156.1793840428371,172.03778654702575,198.4943324127921,223.78561169118984,242.29321080046796,261.444066675838,268.66335812685736,273.11719096387907,276.6224864323217,249.6096953245206,234.29255216502295,203.38387350033435,0.0,0.0,0.0,0.0,0.0
2025-06-01 18:44:23.590,0,0.0,0.0,0.0,0.0,0.0,0.0,103.23274674249446,59.81638571495272,126.90941651429968,231.21634890292685,309.7127701597078,411.1666328874462,489.800979990853,537.776905417107,589.1731494221372,614.3354132719356,619.6781422641918,626.6163100335004,591.2097766444665,545.8003297910326,471.11039046066475,390.4830342025118,291.7601754866486,189.50461735799473,148.3138563991915,198.94974239742055,317.1277345171816,439.95567958602373,536.1063327363332,639.3997184860187,719.4338051551373,770.5919802333788,3.1622776601683795,809.2941368872013,776.24995974235,741.679850070096,658.8300236024463,582.0524031390988,490.16323811563024,368.4358831601504,290.69055712217414,274.96363395911106,333.0540496676178,432.90299144265566,620.5610364823109,653.6681115061374,803.442592846558,887.2322131212325,917.1177677921196,987.8512033702242,949.7052174227538,934.6325481171732,881.8123383124099,791.436668344347,669.5446213658952,569.5981039294285,517.0009671170839,497.1317732754566,573.0383931291166,15.811388300841896,10.770329614269007,20.248456731316587,4.0,10.198039027185567,15.0,4.123105625617661,7.280109889280518,8.54400374531753,8.0,1.0,704.8921903383524,573.1352370950507,457.4505437749528,379.1582782954897,371.6194289861606,441.9524861339735,599.6882523444995,743.3115093956235,881.62180100086,998.1502892851356,1111.0648045906232,1200.9650286332237,1242.4930583307096,1249.85159118993,1223.7883803991604,1150.6954418958996,1054.8184677943404,940.7023971480036,832.385127209755,658.8368538568558,589.4896097472796,680.2124668072469,715.0419568109273,843.6646253103185,1008.8770985605728,1163.3056348182963,5.0990195135927845,1380.7664538219344,1423.2951204862609,1452.558088339327,1432.872639141386,1387.2220442308435,1297.1418580864624,1167.844595826003,1045.9125202424914,904.126097400136,773.6620709327814,660.0,616.9513757177303,624.5446341135275,711.4161932371234,784.6540639033229,875.9566199304621,965.7478967101092,1040.489307970053,1079.3132075537665,1108.6771396578897,1053.362710560802,1064.76147563668,1020.9838392452644,972.4571970014928,865.6766139846911,799.5723857162652,2.23606797749979,13.038404810405298,15.231546211727816,10.0,0.0,0.0,0.0,128.0,16.278820596099706,5.656854249492381,4.0,958.0031315188902,916.065499841578,839.3408127810776,783.5228139626822,694.1649659843113,604.1936775571224,576.1683781673548,538.8033036275854,521.2676855512914,552.3087904424481,598.9532536016479,658.8869402257112,712.2394260359363,764.7515936563976,793.4689659967805,816.4367703625309,818.4326484201373,784.7681186184872,752.7921359844296,684.9014527652865,691.3479587009714,647.3407139984322,589.1697548245327,565.3149564623246,555.0081080488825,575.4389628796438,13.601470508735444,647.3407139984322,692.1849463835515,725.2013513500923,760.2973102675032,762.9842724460315,612.3601881246037,571.1716029355802,573.9146277975497,536.9404063767226,486.7658574715363,439.76925767952446,411.7049914684057,389.6793553679743,403.15009611805874,430.8746917608413,457.56420314530726,480.2634693582263,520.735057394833,552.5766915098754,562.2677298227243,545.4686058793851,540.8752166627714,525.9781364277417,498.2298666278448,461.7358552246078,404.74189306272706,3.605551275463989,5.0,6.082762530298219,6.0,10.0,11.180339887498947,9.219544457292889,5.0,12.16552506059644,4.123105625617661,15.811388300841896,395.790348543266,404.6838272034107,382.602927328059,378.35036672375514,347.82898096622137,318.44151739369664,334.6595284763307,302.61031046545656,260.155722597063,250.7309314783479,242.4912369550702,258.11818998280614,282.55441953719287,317.6727876290319,324.32237048961025,317.28378464711994,316.1803282938393,317.03627552694974,319.6904753038476,272.61144510089815,276.3548443577568,248.65236777477105,232.71012010653945,221.94819215303377,216.27991122617004,236.2223528796545,5.656854249492381,244.23758924457144,250.3797116381437,256.9708154635464,257.1886467167631,252.65985039178665,234.93190502781863,228.9497761518888,219.03652663425797,195.5019181491578,164.2589419179364,146.12323566086263,133.2216198670471,118.1185844818672,120.0,130.11533345459327,150.86749152816188,168.77203559831824,201.8018830437417,214.03737991294884,231.39792566053828,233.8632078801623,247.87295132789296,241.0186714758838,230.3258561256204,202.4080037943164,188.95766721676048,0.0,0.0,0.0,0.0,0.0
2025-06-01 18:44:23.595,0,0.0,0.0,0.0,0.0,0.0,0.0,175.524927004685,101.83319694480774,75.07329751649384,149.96666296213968,235.41665191740367,331.32008692501574,426.1689805699143,496.85510966477943,553.7806424930362,610.9418957642372,646.0812642384857,646.0812642384857,621.9107653031904,591.4702021234882,543.051562929341,467.5660381165424,360.4358472738248,275.2035610234722,177.48521065147935,165.38742394752995,242.9176815301842,364.9356107589392,474.5292404056888,585.0846092660445,675.1666460956139,732.0109288801636,7.280109889280518,817.9223679543187,800.0624975587845,780.3858020235889,705.7627079975252,645.4843142943134,542.7964627740309,432.0416646574726,345.9147293770533,277.34635386101615,277.01624501101014,406.21422919439937,513.3585491642269,638.1786583708358,730.9616953028387,872.298687377208,901.1281817810384,935.534606521854,963.2289447478206,972.9403887186512,880.6957476904269,796.7188964747855,712.4226273778788,594.6099561897698,524.8018673747265,483.0734933734204,501.5276662358718,7.810249675906654,16.278820596099706,19.849433241279208,6.082762530298219,7.0710678118654755,15.231546211727816,2.8284271247461903,9.219544457292889,11.180339887498947,1.0,6.4031242374328485,739.9493225890541,611.3673200294566,496.7293025381128,375.6660751252367,344.3980255460243,376.7240369288904,501.0558851066416,662.4198064671677,788.5239374933395,934.1011722506294,1044.4529668683028,1140.8597635117123,1189.0016820845965,1224.4982645965654,1212.1996535224714,1173.3222063866344,1103.4926370393234,977.370451773533,846.0827382709093,715.5249820935675,632.1787721839448,694.2081820318743,718.8226485023966,813.4678850452549,946.0132134383748,1114.4873260831637,3.605551275463989,1347.5251389120724,1435.3010137249955,1462.7569859686196,1458.4899725400926,1398.557113599584,1326.0957733135265,1195.005020909954,1081.1669621293463,950.1252549006368,820.9537136769649,716.530529705469,640.4451576833102,641.2815294392939,693.1089380465382,784.70185420961,880.9137301688514,956.7951713924982,1039.0827685993063,1083.7827273028483,1121.1177458233367,1128.434313551303,1091.4183432579828,1031.9500956926163,970.83984261051,895.6701401743836,798.3890029302759,14.142135623730953,16.76305461424021,5.0,18.384776310850235,0.0,0.0,0.0,128.0,9.219544457292889,4.123105625617661,14.142135623730953,926.836015700728,890.0747159649014,849.2355385874993,764.6574396420923,677.5559017527631,595.9630861051714,554.221075023316,514.9388313188276,503.82933618438693,537.0335185069922,591.8589358960461,631.458628890286,686.9621532515456,735.6174277435249,746.833984229427,773.5696478016702,782.1745329528442,772.4881876119531,721.2503032928305,686.2827405668891,645.2480143324735,615.0943017131601,579.8353214491162,549.7217477961009,524.7418412896002,560.589867907011,3.1622776601683795,622.6299061240152,651.7675966170764,688.8381522534884,724.9448254867401,714.3178564196754,575.141721665191,522.4327707944823,537.3453265824502,503.03578401541176,457.3685603536824,432.7609039643022,388.0850422265718,368.16979778357705,377.5725095925285,408.3944171998437,437.73279520730455,456.018639969903,499.065126010624,524.2985790558658,525.449331524934,527.7546778570513,509.2278468426486,475.6816162098342,444.86514810670434,387.2002066115151,359.0891254271006,5.0,14.142135623730953,6.324555320336759,11.180339887498947,9.219544457292889,3.605551275463989,5.385164807134504,3.1622776601683795,6.082762530298219,9.848857801796104,9.219544457292889,371.1711195661645,378.714932369982,357.00560219694034,352.42304124446804,328.89207956410263,297.20026917888214,272.8094573140748,257.2353008434107,231.00216449202375,218.0022935659164,225.72992712531496,219.5313189501671,272.40594707164524,268.5386378158644,314.0143308831621,288.7801932266131,300.9601302498389,314.4296423685273,293.2047066470796,287.2716484444645,277.07760645710795,261.627597932634,239.2509143138224,244.6630335788388,237.49736840647307,238.39882550046255,12.36931687685298,239.17566765873153,248.8875247978492,247.93547547698776,239.52035404115452,230.67292862405853,226.60317738284257,189.3620870184948,176.23847480048164,160.90059042775448,156.66843970627906,132.2800060477773,121.51131634543344,124.27791436936812,133.12400234367956,158.48343762046557,169.42549985170473,211.9669785603409,214.67184258770408,221.60324907365415,222.6566864030811,237.0,238.4365743756607,223.60679774997897,206.69300907384363,185.3887806745597,149.03019828209315,0.0,0.0,0.0,0.0,0.0
2025-06-01 18:44:23.597,0,0.0,0.0,0.0,0.0,0.0,0.0,96.42613753542138,64.8459713474939,120.74767078498864,206.93960471596537,312.2466973404202,406.42957569547025,478.8454865611662,540.0453684645393,583.600034270047,615.3129285168645,634.3153789716911,632.3448426293995,595.366273818059,548.5918336978777,469.99680849980246,402.0,287.0679362102288,191.04188022525324,137.2953021774598,199.972498109115,316.75384764829613,431.1020760794362,542.0055350270881,640.862699803944,713.935571322791,770.2863104067214,14.142135623730953,808.2487240942605,777.1447741572995,729.0816140872022,677.4319153981454,568.0563352344554,493.2555118799992,387.5938596004844,295.52834043455124,258.0174412709342,299.8032688280767,458.4157501657202,584.1104347638382,681.3582024163209,801.4387063275644,907.4767214645232,968.0754102857896,1008.5444957957978,971.8297175946,956.2802936378016,859.8238191629724,777.6605943469169,708.2407782668264,554.3789317786166,512.5621913485231,467.44946250905025,530.2980294136496,7.615773105863909,12.806248474865695,13.892443989449804,9.486832980505138,8.246211251235321,8.94427190999916,11.04536101718726,5.0,7.280109889280518,1.0,9.433981132056603,719.8117809538824,617.7904175365624,461.1041097192694,382.00130889828114,360.1610750761387,399.1641266446673,549.4087731370878,697.324171386594,833.1176387521753,990.9197747547478,1100.4367314843685,1192.0507539530354,1253.2840859118894,1264.4405877699437,1247.9463129477967,1197.906507203296,1087.4640223933848,991.911286355791,860.5719028646008,699.4833807889935,592.2431932914046,692.3878970634886,701.2823967561142,816.5794511252411,965.2590325917702,1129.315722019312,11.704699910719626,1367.1766528141125,1471.0676395054036,1474.9081327323406,1477.6034650744427,1418.3684288646589,1356.056783471843,1232.1465010298086,1098.4630171289336,950.013157803617,813.977886677519,687.3870816359586,634.814146030159,641.2214905943188,687.4198135055462,762.8269790719256,855.2900092950929,956.3106189936406,1012.8316740702772,1087.4948275739062,1089.7949348386603,1075.4887261147835,1080.4966450665177,1043.5118590605475,986.862705749893,886.6160386548396,807.6341993749398,10.63014581273465,3.605551275463989,10.295630140987,4.47213595499958,0.0,0.0,0.0,128.0,15.132745950421556,5.830951894845301,24.20743687382041,942.4462849414814,889.7696331073566,841.6204607778972,786.7871376681243,701.4413731738384,604.312005507089,552.2046722004442,516.0474784358508,509.37707054793896,532.3579622772633,577.3127402023968,609.7220678309093,668.1324718946087,707.4242008865684,745.3388491149512,784.7681186184872,762.1981369696465,749.5632061407497,752.8930866995659,681.4763385474216,677.2126696983747,624.640696720923,555.4277630799527,544.1543898564083,557.3912449976228,549.5834786454193,15.620499351813308,598.0501651199504,655.0007633583338,677.8266740103992,704.2279460515608,715.947623782634,592.5242611066656,545.5648449084673,537.5732508226205,491.012219807206,473.44059817468127,416.0588900624526,396.44041166359415,372.8592227637664,377.5778065511796,391.348949148966,414.30664971733194,454.0704791108975,479.17637671320983,509.36234646860186,514.4171459039833,503.7241308494165,508.11022426241334,499.091174035366,466.5501044903966,408.72729294726577,367.68056788467896,5.830951894845301,5.0,12.0,2.23606797749979,13.892443989449804,8.54400374531753,14.212670403551895,6.708203932499369,10.0,2.23606797749979,9.486832980505138,400.3123780249619,399.8249617019928,375.3784756748846,367.1648131289272,345.14489710844634,316.8485442605031,300.83217912982644,249.28096598015665,262.68041419184647,244.6630335788388,248.82323042674292,275.94383486499567,282.72955275315667,308.65028754238995,316.53751752359466,313.9840760293426,299.60807732769825,343.0174922653362,285.4767941532201,300.54117854297436,284.96491012052695,263.8275952208184,242.0330555936523,232.44139046219803,218.5497654997598,231.1990484409484,3.0,251.9622987670973,243.52823244954575,239.94374340665772,254.42091109026396,226.49061790723252,232.69937687926884,210.00952359357424,187.27786842016332,172.40939649566667,144.20124826089406,129.76902558006668,113.0530848760882,101.01980003939822,109.77249200050076,135.4400236266961,148.24641648282767,177.1016657177453,197.52468200202225,211.7663807123312,232.01939574095957,226.92069099136816,232.20680437919987,222.64321233758733,207.4246851269154,187.1069213043708,169.85876486069242,0.0,0.0,0.0,0.0,0.0
2025-06-01 18:44:23.604,0,0.0,0.0,0.0,0.0,0.0,0.0,116.06894502837528,54.57105459856901,130.58713566044705,232.363938682404,329.4738229359049,403.15009611805874,498.2549548173104,552.7431591616489,613.365307137598,651.4422460970734,654.9114443953472,649.1725502514721,623.2439329829052,573.8649666951277,511.93847286563647,417.76668129471506,305.6550343115585,201.8539075668341,157.2800050864699,193.6620768245554,310.5414626100676,421.3039282987995,528.7239355277951,641.4740836542035,731.9269089191898,784.1256276898492,11.04536101718726,834.7412772829675,797.828302330771,766.8754788099565,696.0007183904338,631.458628890286,513.6302171796359,402.88956303185614,313.91240816508036,260.1019031072245,290.24127893874777,455.80697669079177,581.4464721709128,695.9288756762433,830.7502633162387,827.0344611925188,1026.21488977699,1002.2419867477116,1011.1345113287352,951.079912520499,878.3399114238177,800.4111443502021,692.3705655210944,587.1669268615186,495.9858868959882,464.93440397544254,513.9970817037778,11.40175425099138,7.0710678118654755,15.620499351813308,3.1622776601683795,15.811388300841896,5.656854249492381,5.0,6.082762530298219,4.47213595499958,7.810249675906654,10.816653826391969,723.1051099252445,615.691481181931,470.3796339128641,357.4143253984093,327.0351663047875,391.9961734507111,540.2082931610732,672.1911930395994,847.2549793303076,974.2715227286488,1095.4277703253647,1188.696765369537,1244.7088012864697,1257.357944262492,1256.2746514994244,1199.5253227839753,1109.2001622791083,981.2176109304196,866.3861725581728,714.582395529025,606.1633443223039,680.6092858608381,700.7652959443697,814.6023569816134,967.0418812026704,1148.933853622566,13.152946437965904,1400.07321237141,1464.508449958552,1500.5415689010415,1497.676199984496,1453.6564243314167,1358.1093475858268,1221.1355371128957,1090.293538456502,957.7541438177128,788.7287239602726,688.7452359181876,621.3614085216429,628.8282754456895,689.0718395058675,785.1267413609093,884.4959016298493,970.3710630475334,1060.1815882196786,1116.8083989655522,1129.5950601874993,1138.0724932973294,1087.9820770582571,1022.0704476698268,956.3367607699706,876.0022831020476,784.5285208327356,13.038404810405298,2.0,2.8284271247461903,8.602325267042627,0.0,0.0,0.0,128.0,19.849433241279208,8.06225774829855,14.422205101855956,935.0903699643152,886.912058774713,816.3553147986482,743.5280761343179,658.800425015042,568.0352101762707,518.000965250066,478.1568780222658,485.23190332046386,505.22272316276513,569.3030827248347,628.4409280115356,674.9059193695074,708.768650548259,753.3452063961116,761.137306929571,759.8716996967318,731.1319990261676,687.9222339770681,623.5703649148186,546.2966227243218,528.2594059739969,471.7054165472345,449.32059823693817,435.0183904158536,455.7477372406801,10.63014581273465,536.6358169186996,565.3008048817903,618.6800465507191,646.7920840579297,637.5578405133137,520.5708405202888,484.16216291651705,480.82949160799194,438.5897855627739,391.51117480858704,357.2800022391402,318.68009037277494,295.84455377782433,289.0121104729004,313.1980204279714,363.7925232876564,388.3323319014269,444.21278684882543,471.3650390090466,478.80267334257854,481.1912301777745,470.2393007820593,460.9349194843021,428.8694440036502,382.78584090846414,351.2449287890147,9.055385138137416,8.06225774829855,15.620499351813308,13.45362404707371,12.206555615733702,7.0,13.152946437965904,1.0,12.206555615733702,12.806248474865695,12.083045973594572,374.7665940288702,379.9223604896137,375.8683280086259,371.8279171875076,339.4849039353591,327.6125760711881,315.9636054991144,292.3285822494954,273.26360899322106,278.25887227544064,242.404620418011,290.0362046365936,315.729314445143,321.9767072320605,340.42473470651333,307.2621030976648,312.75709424407944,323.6325076379071,329.3144394040444,293.42460701175014,287.4456470360962,257.4490240804964,245.29370150902776,231.81242417092315,242.54690268069805,230.8679276123039,5.656854249492381,260.00192306981114,262.6118809193522,263.50332066218823,250.2658586383688,249.04015740438328,247.6307735318856,213.00938946440832,202.97044119772713,183.15294155431957,156.259399717265,125.15989773086264,106.10372283760827,104.04326023342406,123.68508398347798,124.35433245367852,150.6286825275983,187.8430195668713,195.5019181491578,218.38727069131113,226.51490017215204,238.447059113758,241.13274352522097,231.08656386730925,214.4014925321183,178.22738285684386,156.41611170208776,0.0,0.0,0.0,0.0,0.0
2025-06-01 18:44:23.610,0,0.0,0.0,0.0,0.0,0.0,0.0,102.0,55.31726674375732,107.8563859954523,211.85136298829897,301.93542355940946,389.95512562344913,482.2488983916915,543.1031209632292,585.2264518970413,624.94799783662,640.9305734633042,638.9068789737672,609.8917936814694,544.5016069765084,480.0666620376799,397.0805963529319,296.4321170183825,192.7615106809448,125.41929676090518,176.02556632489498,289.69811873741946,413.14646313383827,527.0066413243765,631.5987650399579,716.6344954019447,771.8996048709962,6.324555320336759,812.8868309918669,795.3665821493885,779.6313231265148,675.8461363357787,624.9111936907516,489.14721710339927,383.6000521376398,297.75493278869453,250.7369139157615,287.43347056318964,413.0774745734751,534.083326832059,657.4960075924416,789.2705493048629,904.0,934.6025893394476,972.8293786682226,998.2770156624864,946.0829773333838,914.6365398342666,815.6518865300319,697.975644274211,592.6255141318167,466.1770050098996,441.955880150949,503.5891182303287,11.04536101718726,24.515301344262525,10.04987562112089,5.385164807134504,5.0990195135927845,18.439088914585778,7.615773105863909,16.1245154965971,11.40175425099138,6.4031242374328485,12.041594578792296,744.0920641963601,640.6004995314943,501.72203459684727,422.2096635559163,341.88009594008247,381.57699092057425,521.8927092803654,674.258852370512,824.7920950154651,978.8002860645272,1095.8909617293136,1194.1327396901904,1259.2855117089214,1273.4963682712253,1255.2390210633191,1219.3252232279951,1131.6006362670537,993.324216960404,884.2878490627359,707.9802257125548,612.5430597109072,689.6441111181912,693.247430575837,817.8043775867185,957.0543349256614,1145.7896840170974,8.602325267042627,1389.685216155083,1455.8159224297556,1502.5851057427662,1477.831181157036,1441.5009538671836,1344.191206636913,1211.075555033624,1091.468735237066,908.4299642790302,779.7050724472683,664.4885251078456,615.0918630578687,622.9301726517989,690.9023085791507,770.4836143617852,908.7271317617848,961.251788034748,1045.4597074971373,1103.2905329059977,1118.8896281582022,1096.678622021967,1077.4312043003024,1008.1552459814908,953.08813863147,839.6487360795585,764.4638644174098,3.605551275463989,5.656854249492381,5.385164807134504,13.601470508735444,0.0,0.0,0.0,128.0,11.0,3.1622776601683795,5.0,885.9373567019285,899.929997277566,855.9725462887229,740.9541146386866,672.5295532539816,542.4619802345599,485.07731342539614,456.66836982650767,477.8367922209423,456.9748351933616,574.9173853694111,610.7208855115404,677.142525617761,663.2955600635361,779.5800151363553,728.5554199921925,783.0102170470063,705.8533842094971,689.2227506401686,585.768725692999,553.1039685267137,486.5439342957633,405.7647101461634,440.09317195339446,397.1662120573703,461.6600480873345,14.142135623730953,636.4157446198201,560.1615838309514,643.8167441127949,674.9651842873083,663.7379000780353,558.4272557818073,494.7898543826459,519.9115309357929,430.11626335213134,390.8657058376956,365.6364314452268,328.8236609491476,287.5430402565849,293.6954204614025,333.4426487418788,353.1147122395214,419.1002266761497,447.21918563496354,527.1897191713814,495.72270474530416,507.1015677356953,470.4221508390097,479.98854152989946,475.3283075938146,428.40401492049534,339.32432862970495,6.708203932499369,12.041594578792296,3.605551275463989,8.06225774829855,14.0,12.041594578792296,5.0990195135927845,15.524174696260024,16.76305461424021,15.0,10.770329614269007,389.0758280849634,394.86833248565273,384.7661627534314,365.8004920718397,340.00147058505496,319.72488173428104,280.3016232560918,252.50742563338608,242.7385424690525,226.00884938426637,233.4801918793113,273.2123716086078,304.9622927510875,318.4870484022859,356.8094729684177,331.436268383531,320.97507691408066,319.68265514412883,308.1038785864274,280.6724069088374,265.84958153060916,243.11519903124116,222.1936092690337,205.9732992404598,208.75104790156144,213.3541656495134,17.029386365926403,241.0082986123092,243.73140954747709,264.14011433328335,262.8802008520231,238.4302833114955,237.22773868163057,195.13328778042973,174.3244102241565,161.4465855941215,125.15989773086264,107.56393447619884,96.1873172512884,88.95504482602435,95.67131231461184,113.99122773266372,129.1394595001853,151.47607071745688,179.075403112767,205.41178155110777,206.49697334343668,214.2941903085569,220.60145058453264,214.24518664371436,195.25624189766637,178.6644900364927,146.18481453283715,0.0,0.0,0.0,0.0,0.0
2025-06-01 18:44:23.612,0,0.0,0.0,0.0,0.0,0.0,0.0,105.72133181151284,44.77722635447622,112.80514172678478,210.16184239771025,294.659125092029,380.2656965859529,465.0043010553773,525.594901040716,580.6358583484144,610.733984644706,633.0126381044853,629.5792245619291,602.6649151891953,547.622132496487,480.4008742706449,400.1962018810274,300.6409819036653,199.21847303902317,135.1628647225265,190.68298298484845,294.35013164597024,410.5423242492788,518.9874757641074,613.1892040797849,714.5858940673262,764.9320231236237,5.0,811.8546667969582,791.9217133025209,757.2086898603317,682.8953067637821,605.1793122703386,524.8018673747265,397.55376994816686,298.0889129102255,264.46360808247323,288.951553032684,430.6100323959023,569.8745475979779,667.4705986034141,787.5436495839452,878.1116102182,904.0271013636705,967.6993334708876,981.6883415830098,958.4951747400714,876.8363587351976,769.2658838139125,711.9691004531026,588.102882155835,493.84410495620983,464.2843956025229,468.61498055439927,11.180339887498947,11.0,17.4928556845359,19.313207915827967,17.4928556845359,7.810249675906654,12.041594578792296,10.04987562112089,9.899494936611664,6.324555320336759,2.0,761.2371509588849,628.9197087069223,512.6421754011271,390.53040854714504,375.22526567383494,398.2674980462252,522.9034327674661,677.8679812470862,819.1275846899554,973.3699194037176,1093.000457456446,1185.4627788336502,1229.470211107207,1257.9546891680957,1242.3075303643618,1211.856839729842,1106.2811577533082,1027.3168936603738,876.7901687405032,749.4864908722504,625.0887936925442,702.7012167343955,715.4131673375882,822.9854190688922,974.3351579410444,1124.2962243110132,8.602325267042627,1378.440423086903,1458.5941861943645,1467.0003408315897,1514.6976596007537,1405.7827001354085,1343.3990471933498,1196.0418052894306,1061.083408597081,931.4853729393716,791.0511993543781,691.783925803426,613.401173784335,630.2674035677238,687.3848994559016,785.2146203427443,861.6727917254902,989.657011292296,1053.0432089900205,1100.0836331843138,1125.241751802696,1124.0587173275246,1079.189047386972,1034.141189586799,951.4420633964004,838.5368208969717,760.166429145618,11.180339887498947,3.1622776601683795,17.029386365926403,8.0,0.0,0.0,0.0,128.0,13.152946437965904,13.038404810405298,17.46424919657298,918.6539065393451,862.0469824783333,809.6696857361031,732.0109288801636,640.8244689460602,542.4463107073362,496.1370778323265,472.6489183315667,477.74574828040073,495.3231268576099,550.4407325044177,625.2423530120141,668.1115176375872,705.0347509165772,741.2293841989806,751.6129322995979,723.865318964792,721.6931480899622,644.5727266957547,623.4524841557695,557.0439839007329,504.7771785649585,481.4987019712514,445.0078650990339,436.22471273415954,461.7358552246078,4.123105625617661,544.8678738923777,609.3701666474984,637.3358612223228,676.1730547722233,659.9189344154325,536.5901601781381,505.0831614694752,487.9118772893318,457.4199383498713,409.54242759450455,360.5343256889696,332.3627536292236,298.97157055479374,316.5454153830063,345.79329085452196,373.5505320569093,430.76791895404654,444.8662720413855,486.6590182047385,498.30211719397704,514.7737367038065,492.8539337369643,497.896575605818,441.8789426981105,392.1849053699033,353.0509878190401,10.198039027185567,2.23606797749979,10.770329614269007,8.94427190999916,16.401219466856727,12.041594578792296,10.770329614269007,2.0,8.602325267042627,4.0,10.816653826391969,394.8670662387533,381.08398024582453,390.91942903877265,351.5366268257121,335.18054836162554,297.1497938750757,284.91753192810023,232.5446193744332,261.5530538915575,256.0175775215444,257.89338882569285,249.00803199896987,265.1490147068248,332.50112781763613,341.586006739152,321.9254572102057,327.29955698106284,325.46582001801664,315.6263613832026,297.6172038038124,257.4490240804964,247.8003228407905,209.53758612716717,216.00231480241132,209.02152999152983,211.17765033260503,6.324555320336759,234.04700382615457,254.8803640926464,248.5658866377283,260.4611295375953,245.05101509685693,228.0350850198276,210.21179795625173,207.76188293332345,165.20593209688326,142.36923825040296,99.04544411531506,96.33275663033837,91.706052144883,87.13208364316786,120.10412149464314,136.20939761998804,169.10647533432893,161.40012391568973,201.06217943710843,204.3526363911168,213.19005605327845,220.51077071199947,207.17142660125697,193.3416664870767,170.79227148791014,138.5135372445596,0.0,0.0,0.0,0.0,0.0
2025-06-01 18:44:23.615,0,0.0,0.0,0.0,0.0,0.0,0.0,132.19682295728592,62.81719509815764,102.83968105745952,204.50183373260984,290.66303514551004,376.60589480251105,464.298395431214,519.754749858046,578.7235955099809,624.1570315233179,638.7127679951294,629.6038436985594,603.8046041560134,561.2316812155208,489.26168866977514,414.9819273173231,321.79030439091855,215.0,161.3009609394811,178.0,283.9330907097656,399.4446144335908,508.6226499085545,604.5072373429452,694.4818212163656,747.2536383317247,4.123105625617661,801.5591057433007,787.3664966202207,754.0464176693633,687.9222339770681,589.152781543124,510.6016059512543,412.3396658096332,293.1245469079654,248.21361767638777,301.0016611249845,413.69674883905,530.5591390222206,627.6702956170541,742.7260598632581,861.6223070464227,919.9592382274336,938.0756899099348,978.6214794290998,924.19532567526,835.1437002097304,771.6022291310466,711.7668157479667,566.1280773817882,487.5458952755115,433.55507147304826,466.4000428816447,18.0,3.605551275463989,17.029386365926403,14.866068747318506,12.083045973594572,8.0,11.40175425099138,6.708203932499369,19.0,26.076809620810597,10.63014581273465,713.7261379548881,615.0447138216863,493.5838327984416,408.3846226292072,323.28470424689135,357.4353088322417,478.2237969821242,622.385732484285,767.4438090179632,898.2527483954614,1043.779670236971,1146.0584627321591,1192.015100575492,1220.3937889058598,1227.96946216101,1190.5368536924843,1118.2150955876066,1001.5113578986512,875.1257052561077,737.8156951434416,653.5579545839834,693.0526675513197,703.8302352130092,799.801225305388,933.2872012408614,1093.8852773485892,5.830951894845301,1365.137721989983,1434.3936000972676,1484.8764258348235,1493.4128699057069,1441.5165625132445,1354.725802515033,1251.0895251739582,1132.7422478216304,987.620372410371,841.2044935685972,724.4363326062546,649.7091657041634,617.635815023708,709.9422511725866,787.0355773406943,898.5059821726286,984.3236256435176,1074.7488078616325,1110.490432196514,1147.2096582578097,1113.8155143469676,1089.371378364605,1043.6790694461588,958.4492683496608,876.3344110555057,784.0542073096732,7.0710678118654755,8.06225774829855,15.811388300841896,8.94427190999916,0.0,0.0,0.0,128.0,3.0,17.11724276862369,6.082762530298219,924.0541109696986,864.6947438258197,803.3137618639432,717.2893418976752,619.513518819404,527.2817083874615,482.7338811394949,450.8236905931186,445.53002143514414,467.8514721575641,522.4222430180399,593.9562273433961,636.2420922887765,678.2403703702693,693.6749959455076,726.0440757970551,716.9218925378134,683.0644186312152,633.5076952965923,571.8959695608984,541.912354537152,497.1086400375676,466.858650985499,419.7773219219923,407.6383200828891,447.02796333115447,15.811388300841896,524.6760905549252,552.6997376514666,579.118295342152,615.3714325511057,614.1025972913646,491.38579548049614,469.97127571799535,452.0641547391255,405.0802389650722,382.37416230702615,325.9831283977746,293.2319900692965,271.27108213003464,273.82658746002005,314.30240215435833,347.65068675324085,377.5248336202534,406.7357864756923,434.8436500628703,453.3982796614914,446.0145737529212,451.5772359187296,430.6704076204912,403.6359746107871,363.2478492709902,308.2093444397817,16.401219466856727,7.810249675906654,1.4142135623730951,2.23606797749979,6.324555320336759,21.213203435596427,9.433981132056603,9.219544457292889,10.44030650891055,12.36931687685298,14.317821063276352,348.72625367184503,378.4230436958088,379.23739267113416,350.2970168300038,338.0088756231114,303.87168344549644,285.49080545614777,247.39644298170495,240.52026941611388,228.232337761326,238.76766950322232,248.20354550247663,260.6012279326404,293.1091946698363,319.64042297556796,294.24139749532185,295.96790366524544,311.7851824574093,306.41964688968625,273.64210202379314,269.08177195789386,246.73264883269908,210.16184239771025,205.84703058339215,206.42189806316577,213.41040274550815,10.770329614269007,224.18296099391677,236.2414019599443,256.7430622236948,232.4908600354001,230.471256342304,223.9866067424568,204.29880077964236,185.23768515072737,166.20770138594662,134.8332303254654,114.75626344561763,94.11163583744572,87.20665112249179,99.04039579888602,130.49521064008442,142.57980221616245,173.11845655504212,176.8530463407402,192.04426573058615,203.85534086699815,213.32838535928593,227.705950734714,203.0369424513677,199.42417105255825,171.71196813268432,141.2267680009707,0.0,0.0,0.0,0.0,0.0
2025-06-01 18:44:23.621,0,0.0,0.0,0.0,0.0,0.0,0.0,116.66190466471906,70.03570517957252,125.60254774486066,212.0377324911771,305.32114240582814,392.77983654968847,481.3688814204757,529.7489971675265,588.5448156257942,627.9171919927022,639.0500762851061,633.0007898889227,605.0206608042406,554.0992690845206,493.7053777304841,402.6363123216782,294.83724323768865,203.48218595248088,143.4015341619468,186.93581786270923,278.5821243367923,399.4496213541828,512.5826762581818,611.0523709143105,695.5314514815271,750.1306552861308,4.123105625617661,798.8892288671816,787.0635298373315,743.5536295385828,685.4115551987725,606.9266842049376,502.5703930794173,404.487329838649,319.931242613159,256.0175775215444,298.1358750637031,412.0825160086266,528.5726061762944,644.8294348120285,810.7804881717369,871.5394425956865,935.1818005072596,955.7871101872006,955.197361805402,935.166830036224,894.4953884733001,781.232999815036,723.7706819152044,580.5170109479997,512.937618039465,463.7811984114923,491.9613805981116,20.0,12.36931687685298,10.04987562112089,13.45362404707371,9.433981132056603,8.54400374531753,16.55294535724685,17.46424919657298,5.830951894845301,15.297058540778355,15.524174696260024,757.0495360278612,647.0185468748172,527.6637186693813,429.12119500206467,377.4864235969288,386.80356771881,514.78150704935,641.7982549056985,785.18914918636,921.5302490965774,1050.7949371785153,1154.5496957688742,1210.9917423335305,1241.4205572649423,1254.4421070738977,1210.6535425132988,1134.000440917022,1030.203863320265,927.2718048123754,767.8704317786953,658.3654000629134,732.0252727877638,717.8439941937245,814.6318186763883,946.1712318602802,1124.691068693977,9.055385138137416,1359.5664750206222,1442.732130369321,1489.2662622916023,1496.8369984737817,1450.2834205768197,1380.304676511675,1238.9027403311368,1122.0289657580147,980.9220152489188,844.8437725402254,728.1716830528361,652.9517593207021,632.1550442731593,685.5319102711412,790.3954706347956,868.7882365686129,968.0185948627228,1041.1320761555664,1106.8897867448231,1125.54786659653,1140.6112396430258,1091.6725699585934,1024.5316002935194,953.931339248271,865.953809391702,779.0070603017665,17.4928556845359,2.23606797749979,4.123105625617661,2.0,0.0,0.0,0.0,128.0,1.4142135623730951,15.132745950421556,11.0,905.5567348322246,864.7386888534594,795.1414968419143,742.196739416174,647.63724414212,534.6269727576415,493.0365098042943,452.1968597856469,453.10705136865835,466.4354188952636,541.084096975692,591.4093337105866,649.0069337071832,694.1037386443038,722.0006925204435,746.0402133933533,726.6581039250852,697.2926215011887,667.8480366071311,598.3853273602219,547.2842040475863,497.2775884754912,444.6234361794259,421.23864969871886,408.55354606220226,429.12119500206467,3.0,510.0529384289439,539.5590792489735,577.8797452757797,605.1322169575835,628.8091920447729,486.805916151396,451.3058829663093,454.6834063389602,404.4910382196372,367.22744995438455,308.8705230351385,269.6312296452323,253.21137415211032,254.42091109026396,278.08811553175013,321.73591655269075,353.1147122395214,392.4601890638081,428.51487722131657,437.6996687227442,444.5627064880724,446.0044842823892,418.5510721524913,397.5172952212269,364.00274724238005,308.00162337234525,10.63014581273465,8.54400374531753,8.0,11.180339887498947,5.385164807134504,5.0,4.123105625617661,2.23606797749979,6.324555320336759,3.605551275463989,10.44030650891055,353.2392956623031,385.6488039654732,379.17805843693014,369.9864862397003,343.2462672775918,326.4751139060985,302.47644536393244,276.0018115882575,291.4395306062649,237.11811402758752,241.8677324489565,279.0143365492175,310.13061764359867,308.97410894765926,352.4769496009633,328.54984401152893,331.8207347348866,328.5909310982274,319.1018646137938,290.077575831018,271.8124353299532,252.05158202241063,223.46588106464932,207.6174366473105,202.70421801235415,211.0213259365034,11.04536101718726,231.08656386730925,233.8995510897787,250.3377718203947,242.49536078036627,242.12806528777287,236.90715480964263,213.0187785149469,186.72439583514523,169.5464538113375,146.4923206178399,115.74541027617468,85.14693182963201,86.45229898620394,96.42095207992918,113.84638773364748,139.60659010233005,152.46311029229332,185.29975715040752,194.12624758130983,218.3231549790356,216.91011963483865,210.48990474604713,212.0495225177364,197.51708786836647,171.09354166653983,151.53877391611692,0.0,0.0,0.0,0.0,0.0
2025-06-01 18:44:23.623,0,0.0,0.0,0.0,0.0,0.0,0.0,107.83784122468327,49.39635614091387,121.93850909372314,210.09759636892565,309.2975913258944,397.6053319562,483.64656516923594,553.8023112988966,594.9831930399379,621.1811330038928,637.0784881001712,637.247989404439,617.0097243966256,564.5759470611549,489.78872996425713,421.28612604736935,306.64963720832935,223.21514285549716,143.69411957348845,176.14766532656628,284.76305940202286,416.96522636785915,514.7358545895166,621.9525705389439,701.4021670910349,773.8862965578342,15.132745950421556,833.8806869091045,813.0153750083697,771.4564148414348,699.5977415629642,621.1231761897152,525.1980578791205,410.60077934655703,343.0014577228499,262.16216355530787,295.6247621563525,381.4773912042495,525.4074609291345,664.669090600729,735.2747785692095,896.0401776706221,932.1029986004766,972.4592536451078,972.2309396434572,950.997896948253,921.3343584171818,832.0606949015198,743.7506302518339,600.0041666521992,508.93221552580064,467.463367548731,478.3147499293744,4.47213595499958,7.211102550927978,22.360679774997894,8.06225774829855,6.324555320336759,9.433981132056603,2.23606797749979,10.198039027185567,13.41640786499874,11.04536101718726,13.45362404707371,769.3789703390651,656.9824959616504,534.2143764445132,421.2671361499731,344.06104109590785,363.8145131794497,467.97542670529185,602.9560514664398,746.7476146597322,903.1256833907448,1030.4198173560137,1131.867925157348,1209.9442135900315,1224.5003062474098,1243.5569950750146,1202.228763588694,1126.5367282072964,1025.246311868519,914.3850392476902,751.8330931795966,655.0007633583338,709.6393450197079,680.9060140724268,766.2878049401543,916.6307871766036,1079.8189663087048,6.324555320336759,1333.869558839994,1426.416839496786,1471.7526966172,1472.416381326967,1419.4308718637903,1378.1295294710146,1261.8914374858084,1113.0004492362075,978.7522669194692,832.2499624511858,706.5755444395171,629.8984045066316,618.1237740129399,662.4899999245272,753.5582260184013,844.5667528384006,929.026372069168,1015.7519382211387,1077.0668502929611,1110.4233426941275,1080.8413389577584,1089.2405611250438,1033.9656667414058,964.7885778760028,876.6493027431209,767.440551443563,9.0,3.1622776601683795,15.0,7.615773105863909,0.0,0.0,0.0,128.0,3.1622776601683795,12.36931687685298,8.54400374531753,899.1696169244154,856.5068592836838,795.2421015011718,729.4333417112217,629.3178846973921,515.1194036337595,461.0878441251732,422.6925596695546,426.5923112293517,467.4023962283463,520.5170506333102,569.066779912516,622.1133337262593,665.6966276014923,699.2002574370235,709.365914038728,690.0724599634447,655.8978579016706,627.531672507452,561.8300454763878,524.4902286983047,461.0271141700887,383.09920386239384,371.06603185956,368.59191526673504,371.2600166998865,11.04536101718726,469.914885910204,520.4632551871457,552.268050859363,579.2451985126851,594.1060511390201,474.4955215805519,451.1186096804254,436.1754234250252,389.51379949881107,359.14620978091915,299.9816661064472,259.09457732650446,245.52189311749777,234.95531490051465,244.07375934335911,274.40116617827994,339.5585369269929,368.4358831601504,400.0112498418013,430.360314155476,434.6331786690933,452.372634008734,430.6855001041944,419.3184947030121,377.1166928153672,335.0044775820168,8.54400374531753,8.06225774829855,8.94427190999916,14.560219778561036,13.038404810405298,6.4031242374328485,17.08800749063506,6.708203932499369,2.0,6.708203932499369,6.324555320336759,378.8152584044101,404.6640582013678,388.4906691286163,397.4078509541551,379.6024235960566,349.80708969373393,338.7462176910615,297.9681191000138,286.93727537564723,278.7561658510893,257.9554225055174,283.3407842157567,335.8392472597567,348.5197268448373,386.186483450677,348.77213191423425,354.9676041556469,352.264105466339,335.2521439155908,303.8980092070364,298.30353668704635,262.79459659589656,239.17566765873153,228.44911906155383,213.60009363293827,224.61745257214545,10.0,258.7121953059036,264.9150807334305,277.2814454665151,290.0431002454635,281.51376520518494,261.0689564080724,231.53401477968632,210.1547049199708,187.40864441108369,159.00314462299164,132.82319074619463,109.77249200050076,99.29753269845128,89.27485648266257,130.0,158.3729774930054,163.2666530556684,206.2862089428181,217.6235281397671,233.6193485137736,242.52834885843757,233.36237914453991,237.17082451262849,214.76731594914529,198.4263087395419,165.55663683464942,0.0,0.0,0.0,0.0,0.0
2025-06-01 18:44:23.626,0,0.0,0.0,0.0,0.0,0.0,0.0,89.1403387922662,76.57675887630658,137.97463535012514,229.0261993746567,312.23068395018447,400.4996878900157,468.351363828483,519.52670768691,572.5216153124701,608.4734998338054,623.1612953321154,612.0792432357105,571.5837646399694,529.7112420932748,461.1572399952103,381.4000524383813,291.547594742265,180.3607496103296,131.3202193114221,179.47701802737865,289.6894889359985,405.72034703721727,501.5436172457985,612.3610046369706,693.1810730249348,729.4909183807569,13.341664064126334,791.2553317355909,773.1966114773137,749.5445283637257,675.6633777259206,605.221447075366,505.83495331975627,404.594859087458,332.77770358003255,255.03921267130667,269.8184574857695,382.9699727132664,500.22494939776846,600.0441650412076,713.2636258775573,795.6293106717475,911.8031585819386,940.7741493047096,954.5051073724017,909.9148311792704,880.0090908621343,794.6628215790645,704.0596565632773,635.0070865746303,514.612475558065,462.5083783024909,478.12655228506185,10.44030650891055,7.211102550927978,11.704699910719626,10.0,8.54400374531753,8.246211251235321,3.605551275463989,10.0,13.0,6.324555320336759,4.123105625617661,743.8635627586553,664.0338846775818,531.749000939353,437.8367275594865,381.55995597022496,376.90980353394895,483.1573242744024,610.052456760892,740.5248138988997,898.013919713943,1022.1022453746984,1113.2340275072445,1185.7090705565172,1224.1098806888212,1221.2391248236358,1191.1360123848158,1121.6527983293226,1009.1149587633712,918.3332728372636,774.6515345624766,651.8297323688142,724.7979028667232,704.4771110547169,788.3558841031124,919.904886387718,1065.707276882353,21.470910553583888,1316.000379939155,1391.0952519507784,1461.5296781112588,1457.0277965776768,1406.859268015106,1349.1701152931012,1223.0801282009286,1119.725412768684,971.7952459237492,825.9424919448085,716.0446913426564,626.447922815616,612.8564269060087,667.2690611739765,740.0574302038998,845.3283385762008,931.3817692010082,1048.9547178024416,1078.727491074553,1116.4877966193808,1115.4129280226225,1070.3046295331064,1020.3964915659012,942.3205399438134,865.5275847712769,780.923811904849,5.0990195135927845,12.529964086141668,6.324555320336759,1.4142135623730951,0.0,0.0,0.0,128.0,10.816653826391969,13.92838827718412,9.055385138137416,893.4433389980587,865.4351506612151,776.1365859177107,720.7468348872577,611.522689685346,515.558920008179,473.8438561382853,431.1252718178325,425.62189793289537,464.8408329740407,532.0770620878145,614.3980794240815,646.5694084937827,693.9567709879341,710.2478440657177,733.4439310540376,714.2128534267638,687.0589494359273,642.4033001160564,564.5883456112073,509.1659847240387,449.9922221550057,396.8790747822314,354.31765409022455,341.275548494175,384.9077811632288,3.1622776601683795,479.3380852801079,536.9478559413382,576.0920065406219,611.2233634278061,618.0129448482451,500.6116259137417,460.53881486797616,452.5881129680717,411.5385765636072,362.72992708074145,317.56889016400834,260.0076921939041,214.4014925321183,199.972498109115,226.13491548188665,267.44158240632663,302.95214143491376,360.45526768241297,412.01213574359673,424.00471695489426,440.5326321624767,429.228377440262,426.7130183155888,408.1764324406787,384.94804844290354,350.03571246374275,13.038404810405298,3.605551275463989,4.242640687119285,11.704699910719626,8.06225774829855,8.94427190999916,10.63014581273465,8.246211251235321,7.810249675906654,9.899494936611664,4.47213595499958,385.75251133336775,405.0876448375092,403.31625308187125,406.2819218227658,377.60561436504094,340.9824042381073,338.3962174729499,281.8865019826242,251.7717220022932,254.0964383851139,268.06156009394556,279.66408421533146,308.4623153644542,309.88546271162835,379.2532135658181,350.71498399697725,351.03988377390965,361.5217835760384,322.4437935516824,314.2499005568657,290.3532331488665,252.16859439668536,224.2008028531566,203.06649157357305,215.18828964420905,213.80598681982693,6.324555320336759,243.01851781294363,270.80066469637774,270.7175650008695,283.3513719747974,278.36127604248406,278.0395655298001,249.6096953245206,235.91523901605,203.86760409638407,167.1556161186336,142.61837188805654,117.66052864066182,104.31682510506155,106.62082348209472,116.15506876585285,150.88074761214563,176.4652940382329,198.0631212517868,211.0213259365034,235.8495283014151,240.9336008115099,238.53092042752024,235.73289969794203,219.57231155134292,205.2364490045567,167.0449041425688,0.0,0.0,0.0,0.0,0.0
2025-06-01 18:44:23.633,0,0.0,0.0,0.0,0.0,0.0,0.0,90.47098982546837,55.154328932550705,123.98790263570072,217.2233873228203,306.6463761403353,383.6925852814985,469.8638100556373,523.802443675094,566.7892024377317,608.434877369797,614.2637869840611,603.1624988342694,590.234699081645,536.075554376433,486.9630376116857,384.24080990961903,298.564900817226,190.03157632351525,124.57929201917948,167.0269439342048,290.11894112587686,400.03124877939223,501.1436919686808,601.9277365265701,696.5694509523081,758.2361109839072,11.40175425099138,806.0893250750812,775.9278316957061,757.2245373731625,671.148269758628,625.0199996800102,532.3532661682466,406.1329831471461,307.31254448850603,246.26002517664128,263.79727064547126,369.3304753198685,467.3638839277164,627.4982071687535,725.0103447537834,830.451684326066,877.3146527899783,946.121028198824,946.3936812975876,960.3317135240302,859.0285210631833,807.6515337693602,720.2923017775491,612.7479090131602,519.2706423436626,454.6053233300288,466.06866446908873,19.235384061671343,17.804493814764857,25.0,8.06225774829855,10.44030650891055,2.23606797749979,13.038404810405298,5.0,3.1622776601683795,10.63014581273465,9.0,769.0409611977765,652.754165057566,550.8402672281684,426.5126023929422,357.23661626434654,363.29602254910526,440.98526052465746,588.5244260011643,742.8593406560894,876.3931766051126,1002.3896447988676,1130.212369424437,1190.6153871003012,1226.475437992951,1259.8099062953902,1206.0501647941514,1150.2564931353354,1049.9952380844402,931.4188102030148,772.9864164395128,677.8679812470862,700.4712699318937,677.4215821775979,736.7849075544368,864.2245078681813,1042.489328482551,13.038404810405298,1308.0875352972369,1396.468760839282,1446.033540413223,1462.000341997224,1443.9158562741804,1376.3001126207903,1268.4892589218089,1144.385424583868,1018.059428520752,870.5538466976067,742.4749154011871,654.2759356724042,620.6778552518206,649.6399002524398,728.7811742903352,835.7493643431624,931.1208299678405,1013.1821159100668,1073.508733080453,1121.0981223782333,1084.7584984686684,1110.0238736171398,1056.8751108811296,999.2021817430144,920.5759067018864,822.3898102481572,7.810249675906654,9.486832980505138,5.0990195135927845,12.529964086141668,0.0,0.0,0.0,128.0,8.06225774829855,20.615528128088304,11.6619037896906,921.7461689641026,878.7747151574174,801.5684624534575,737.563556583431,639.3903346157181,551.7571929753159,481.3647265847384,452.04977602029624,467.8482660008478,483.3735615442781,552.326895959268,604.7230771187751,657.6640479758644,699.5441372779848,728.9718787443038,734.3200936921173,725.2895973333686,690.2072152621994,621.3855485928201,564.9247737531077,522.8431887287048,457.5423477668488,397.77506206397607,369.4116944548453,380.5325216062354,402.51459600864166,25.019992006393608,508.97937089827127,553.7409141466793,598.8422162807161,643.6621784756348,654.8404385802697,528.4013626023309,481.6845440742312,480.52055106935853,429.913944877344,380.66389374354907,341.14219909005686,287.9600666759195,235.26155657055403,253.16002844051033,251.38217916153087,298.6502971704532,361.7692634815733,397.9359244903632,442.84760358389656,471.1050838188864,469.7201294387968,471.1348002429878,456.8818227944727,426.0011737073033,396.5211217577192,351.370175171428,5.0,12.041594578792296,8.48528137423857,8.602325267042627,9.433981132056603,17.4928556845359,7.0,3.605551275463989,6.082762530298219,10.63014581273465,9.219544457292889,357.2002239640955,414.69265727765185,403.1935019317648,400.40979009010255,382.1060062338722,330.77031305726337,300.48294460751015,279.58898404622454,250.6671099286861,241.59884105682295,241.26748641290231,261.6295090390226,294.0,343.0058308542291,379.3323081415555,336.7744052032458,358.0223456713282,342.3813663153998,355.12814588539726,310.46416862497995,302.59709185648165,264.35771220072246,196.36700333813724,208.6552180032889,213.3846292496252,198.9572818471342,7.280109889280518,248.55582873873627,256.8910274805253,284.05985284795173,294.5165530152762,292.5149568825499,289.2334697091607,263.0019011338131,241.11822826157297,216.72332592501436,190.70920271449933,145.2067491544384,125.09996003196804,107.01868995647442,106.0,106.88779163215976,137.05838172107534,167.59773268156107,187.0721785835617,218.81956036881164,226.497240601293,250.31580054003783,259.1138745802702,249.0461804565571,237.0759372015642,214.89532335534895,183.84776310850236,0.0,0.0,0.0,0.0,0.0
2025-06-01 18:44:23.636,0,0.0,0.0,0.0,0.0,0.0,0.0,81.98780397107853,46.09772228646444,127.88275880665071,214.96046148071045,314.0143308831621,399.1516002723777,464.5363279658546,539.2290793345626,580.7736219905308,621.1384708742488,634.2184166357833,607.6224156497191,582.9176614239784,536.8593856867923,469.8606176303777,377.6691673938978,274.18242102658587,182.5267103741258,134.5362404707371,191.56461051039673,292.33542378576016,407.0884424790269,504.5017343875044,609.1641814814787,695.5868026350126,744.452819190041,5.0,782.9080405769249,764.3225758801058,717.2307857307856,667.1618993917443,584.3979808315563,490.8054604423223,380.0842011975768,299.7081914129142,238.39882550046255,263.69679558159214,374.8092848369688,479.0093944798995,595.7398761204423,724.6571603178982,858.0,845.3762475962995,921.503662499504,954.7565134629876,899.3002835538306,833.0240092578365,772.1554247688739,665.8595948095965,567.8045438352884,486.9661179178691,408.8532744151623,432.00925916003234,10.198039027185567,1.0,5.0,8.246211251235321,9.848857801796104,8.54400374531753,4.47213595499958,8.94427190999916,11.0,15.297058540778355,8.06225774829855,747.2543074482743,637.6362599476288,512.1406056933974,403.0,329.5147948120084,318.2263345482269,390.6353798620908,546.4540236836033,692.6153333561133,827.7324446945402,971.4000205888408,1087.007359680697,1150.1269495147046,1219.6925842194828,1229.2164170722745,1216.370009495466,1144.1088234953877,1054.2888598481918,936.7956020392068,794.0403012442126,670.0007462682411,712.4135035216556,661.8912297349165,723.3049149563412,854.5179927889172,1013.0454086564926,18.68154169226941,1312.605424337413,1428.0143556701382,1463.2573252849274,1506.9256783265723,1481.3321707166156,1404.2225607075254,1297.5746606650423,1212.8977698058482,1079.6244717493207,926.6477216288832,792.5988897292249,670.672796525996,636.5689279253269,666.9910044370913,737.0658043892689,850.8660294076853,956.694831176588,1051.6410984741894,1120.5520960669344,1170.9914602592112,1180.944113834351,1147.610561122544,1099.9827271371128,1022.1570329455254,948.078583240862,853.6937389954315,7.0710678118654755,4.47213595499958,31.144823004794873,0.0,0.0,0.0,0.0,128.0,2.0,16.0312195418814,16.278820596099706,951.8035511595868,894.1554674663685,846.8653966245167,738.3935265155025,670.0268651330333,548.4350462908073,504.4601074416093,441.97963754001154,448.44732132102206,474.6883187945539,528.602875512421,600.4906327329345,652.4055487195062,687.4241776370685,711.1996906635998,734.7822806791138,728.0995811013765,710.0316894336478,648.8451279003334,596.4872169627779,544.2655601817921,461.31334253411745,432.2453007263352,379.0962938357482,362.9944903163132,374.8172888221673,12.529964086141668,482.0290447680513,542.3329235810786,574.7208017811779,617.2454941107306,614.0521150521347,490.4864931881407,452.6367196770496,450.21772510642006,433.3185894927657,384.61019227264376,334.4278696520372,271.8032376554775,229.78685776170929,207.64633394307737,244.1823089414956,279.8035024798653,319.2694786540048,372.8551997759988,401.15458367068425,423.0425510513097,445.25273721786374,438.82684512231015,455.7027539965059,410.29014124153656,392.28688481773133,367.78934187928826,2.23606797749979,6.0,7.280109889280518,1.0,6.708203932499369,9.848857801796104,3.605551275463989,7.0710678118654755,13.341664064126334,3.1622776601683795,11.704699910719626,386.29134082969034,410.1036454361263,401.1832498995939,406.184687057501,381.4315141673535,341.79087173299405,329.70592957967864,294.8219801846531,279.95178156246834,253.78928267363852,261.45171638373307,271.6615541441225,310.2579571904643,332.74614948936676,353.63823322712153,322.07607796916557,343.9098719141397,343.73536332475305,332.9519484850629,317.5059054568907,302.1853735705949,276.9855591903665,234.7871376374779,213.78493866500511,218.50629281556172,218.524598157736,5.0,256.25963396524236,272.9468812791236,283.5365937581955,299.6965131595628,298.37727795527593,290.0017241328058,270.142554959414,267.9178978717174,228.12277396174193,196.596032513375,167.5291019494822,138.2931668593933,116.92732785794772,119.870763741623,124.25779653607252,156.32018423735306,198.64037857394453,214.51573368869705,252.23005372080465,256.1347301714471,269.9425864883124,276.6604416970377,278.03776721877193,270.9686328710392,231.1730953203681,199.25109786397664,0.0,0.0,0.0,0.0,0.0
2025-06-01 18:44:23.640,0,0.0,0.0,0.0,0.0,0.0,0.0,107.56393447619884,34.828149534535996,106.01886624558855,213.15018179677915,298.60509037858014,394.3665807342199,475.40824561633343,546.7037589042168,588.9176512892104,627.6153280473637,656.6010965571105,642.7044421816298,618.8133805922429,576.0555528766301,522.7934582605257,422.8108324061719,332.29655430052236,207.5090359478353,142.9405470816451,161.9660458244258,268.49581002317336,377.3830944809266,491.7977226462115,608.0328938470352,691.158447825099,753.807667777398,1.4142135623730951,809.9246878568401,802.8430730846471,774.6392708867786,700.5740503330109,631.8559962523107,544.2811773339217,435.0781538988139,332.2845166419886,278.12587078515367,279.3152340993953,401.00872808456427,514.1176908062978,631.9905062578076,794.8043784479298,857.2100092742735,948.4244830243472,931.5041599477696,987.9635620811124,933.5207549915534,913.868699540585,855.1046719554279,745.4408091860815,625.6932155617479,527.2456732871309,469.7201294387968,472.99260036495286,8.06225774829855,13.892443989449804,6.324555320336759,11.31370849898476,7.280109889280518,10.0,17.26267650163207,3.605551275463989,15.620499351813308,8.48528137423857,8.246211251235321,785.3254102599763,665.4021340512818,581.725880462611,459.9184710359,382.6042341637113,340.2425605358624,436.3954628545077,568.4804306218465,708.7594796544171,841.2211362061702,988.762863380295,1107.1982658945958,1169.7867326995977,1218.020114776435,1248.815438725835,1243.251382464544,1168.070631426028,1079.7559909535116,949.7836595772744,810.1913354263918,691.2018518493711,742.3233796668403,693.997838613349,727.5410641331525,834.5471826086288,1008.8275372926732,5.830951894845301,1286.1356849104218,1391.7269847207822,1475.806559139781,1499.7136393325227,1492.2627114553254,1431.905723153588,1338.0321371327373,1218.8978628252655,1074.5827097064237,904.734767763459,804.3189665798016,664.7134721065912,614.0561863543107,644.3120362060606,709.126927989623,805.9311384975766,927.8900796969434,1034.9801930471906,1140.7966514677364,1176.7344645246012,1160.2572990505166,1174.5032992716538,1155.2458612780224,1092.2934587371656,1002.174635480264,911.9347564382005,2.0,5.385164807134504,3.605551275463989,5.385164807134504,0.0,0.0,0.0,128.0,4.123105625617661,9.848857801796104,8.54400374531753,1006.638465388642,964.160256388947,903.792011471666,823.7797035615772,722.1149492982402,633.8201637688722,572.7032390339695,514.068088875394,482.254082408848,496.942652627041,554.8062724951836,632.8704448779387,686.0685096985577,727.6606351864858,769.1872333833941,801.8335238688888,806.1966261402983,783.9904336151047,737.3906698623193,666.6010801071358,617.629338681381,542.6278651156795,487.08315511830216,433.5181657093506,406.5095324835569,434.37426258930213,8.94427190999916,488.0870823941154,567.9788728465171,606.7231658672677,635.9260963351009,669.0186843429711,534.9579422721005,515.6820725989998,512.5192679304847,469.26538333868183,433.6726876343494,377.23865125408344,311.96954979612997,264.4617174564213,248.5678981686895,255.03333115496883,291.547594742265,316.5469949312424,383.64827641995214,435.7212411622826,450.5574325210938,477.7823772388429,483.1076484594298,476.00105041900906,486.0504089083765,435.18386918634747,402.9900743194552,3.605551275463989,1.4142135623730951,12.806248474865695,2.0,10.295630140987,3.0,7.211102550927978,8.246211251235321,3.0,8.06225774829855,11.04536101718726,416.2547297028587,441.2357646428947,450.6395455350096,433.4570336261715,425.8074682294804,401.4237162899073,367.9157512257392,347.67369759589235,297.90099026354375,304.02960382173313,296.2836478781777,308.13146544940844,359.00139275495854,400.17995951821473,402.9516099980245,370.3457843691487,383.3431882791189,380.2959373961284,386.8358825135021,338.1419820134731,314.5313974788527,289.7999309868793,262.4137953690697,250.69702830308935,258.74504826179765,254.4720023892609,4.123105625617661,302.8828156234685,324.4225639501667,338.14789663695973,340.27782766439543,344.80429231667057,337.9600568114522,308.4623153644542,298.73901653449957,253.2212471338059,224.8777445635739,195.386795869117,150.07331541616583,118.66338946785568,115.83609109426992,142.27438279606065,183.30848316430968,236.139789108062,258.0736329034797,276.4796556710819,301.4697331408246,309.7418279793674,316.36213427020624,297.06901555025894,287.0679362102288,252.9703539942971,213.02582003128165,0.0,0.0,0.0,0.0,0.0
2025-06-01 18:44:23.645,0,0.0,0.0,0.0,0.0,0.0,0.0,67.68308503607086,61.40032573203501,136.12494260788506,235.1361307838504,324.27920068977596,409.7230772119139,473.1183784212995,535.6276691882151,579.9672404541484,603.8493189529984,609.1387362497971,605.6219943165869,585.1017005615348,541.6733332923081,471.6449936127807,372.22708122865,288.44410203711914,189.71821209362056,128.35108102388543,182.25805880673695,280.8166661720775,409.2981798151563,501.8864413390742,597.9673904152299,690.4201619304001,734.8829838824682,2.23606797749979,782.1847607822592,764.0942350260209,736.8717663203008,674.0044510238786,595.2898453694637,505.9525669467445,417.0191842109905,329.7953911139451,271.5916051721776,289.9137802864845,400.2561679724624,502.83695170502335,609.4341637945809,754.2473069226035,844.0290279368359,898.5015303270218,928.453014427763,991.367742061441,924.6675078102398,902.959578275794,812.9458776573014,726.5094631179968,618.1205384065473,543.8280978397494,482.59714048054616,492.967544570634,15.297058540778355,6.324555320336759,2.23606797749979,5.0990195135927845,1.4142135623730951,15.0,7.0710678118654755,5.830951894845301,6.4031242374328485,2.8284271247461903,5.0990195135927845,801.3251524818124,698.4876520025247,580.9380345613463,470.40939616465994,412.4184767926869,405.7302059250704,495.8709509539755,610.9042478163005,765.3319541218699,884.8937789362066,1030.7764064044152,1128.6682417787788,1193.576976989754,1249.0016012799983,1250.6722192485129,1228.1746618457817,1180.1864259514257,1069.067818241668,962.1668254518028,818.1741868330973,708.5146434619401,781.6834397631819,725.7857810676646,781.5529412650176,881.7647078444453,1052.2685018568218,10.0,1317.5765632402545,1413.5278561103776,1478.1870652931584,1508.7468309825874,1479.596228705656,1424.124292328447,1347.1636871590624,1214.435259698927,1081.7948049422312,951.9543056260632,818.220630392561,681.2760086778339,630.2420170061656,658.1527178398643,729.0171465747565,846.695340721797,954.5475367942656,1064.6243468942462,1150.5776809933348,1196.0016722396335,1207.215390889298,1207.983857508038,1182.3882611054628,1118.4507141577585,1028.8969822095894,937.9861406225574,1.0,13.45362404707371,8.54400374531753,7.810249675906654,0.0,0.0,0.0,128.0,12.529964086141668,17.804493814764857,14.7648230602334,1028.7322294941478,980.8812364399678,931.8540658279064,849.88587469142,762.2138807447684,657.8221644183176,607.6643810525676,545.2164707710141,500.0159997440082,528.0151512977634,576.0902707041666,645.893180022827,698.7052311239697,754.7085530189784,789.5885004228469,821.7700408265076,833.9268553056677,817.0630330641571,763.0235907231178,704.8985742644114,665.2773857572494,594.718420767341,531.4593117069264,472.451055666087,432.20018509945135,450.4009325034752,9.848857801796104,541.6013293927555,590.6987387831465,655.1900487644787,695.88864051657,703.6085559457048,575.8055227244698,560.1473020554504,542.6720925199674,507.1370623411387,470.9787680989452,425.3398641086913,338.85099970340946,298.9916386790774,278.53904573685895,278.6844093235214,306.2972412543084,326.712411763006,392.4487227651531,441.9604054663721,483.6238207532793,493.24436134638177,513.0243658930831,500.2089563372491,482.345311991316,466.67547610732663,431.5669125408017,5.0990195135927845,17.029386365926403,10.770329614269007,18.35755975068582,5.0990195135927845,7.615773105863909,4.47213595499958,6.324555320336759,7.0710678118654755,4.123105625617661,9.433981132056603,435.82794770413705,455.2669546540798,457.083143421413,460.87091468219165,448.69254506844663,400.65571255131255,377.1538147758816,337.5929501633587,333.430652460148,333.384162791216,294.64554977124635,329.51176003293114,335.25661813005274,376.1754909613331,399.02506186955225,393.4018301940142,382.48790830560904,386.8462226776939,378.9775718957522,358.16895454519783,333.4936281250363,305.9542449452205,258.0096897405212,259.6247291765559,258.4143958838207,260.64727123068064,5.0,297.03871801500895,318.0220118167923,331.79813139919884,332.28000240760804,340.64204085814185,324.64904127380385,313.9187793044564,286.27609051403505,249.20072231034965,215.4158768521949,185.9731163367437,139.5886814895821,116.29703349613008,125.02799686470227,145.24806367039804,178.89941307897016,218.65955272980872,238.64827675891564,267.7480158656643,286.6251907980176,301.8111992620552,296.98653168115214,303.00660058817203,283.0282671395209,239.26972228010797,209.57099035887575,0.0,0.0,0.0,0.0,0.0
2025-06-01 18:44:23.648,0,0.0,0.0,0.0,0.0,0.0,0.0,49.92995093127971,122.155638429014,224.4147945212169,325.4980798714487,386.3275812053807,473.3201876108814,530.4535794958877,576.82666373877,603.8418667167755,622.5889494682667,610.0663898298283,581.6837628815163,545.9716109835748,469.8137929009747,405.4639318114498,292.2190958852621,213.67732682715777,150.0133327407934,184.69434208984313,274.5359721420856,386.1631779442468,494.631175725914,591.1657973868245,674.353764725904,731.1538825719248,788.2182438893432,7.0,776.5474872794323,741.989218250508,679.4836274701547,609.9319634188719,523.9179325047006,418.0574123251494,321.1230293828208,270.37936311782374,284.26923857498196,361.3377921004112,479.75201927662584,632.32981900271,719.3677779828619,833.8207241367895,887.4418290795178,974.6096654558686,971.8667604152332,967.3494714941442,902.4904431626964,830.7809578944381,749.276984832712,643.1834885940403,545.0110090631198,479.40066750057827,459.6737973824482,509.2003534955568,6.324555320336759,4.47213595499958,5.830951894845301,5.830951894845301,7.0710678118654755,3.0,12.727922061357855,4.47213595499958,7.280109889280518,4.123105625617661,9.433981132056603,732.4616030891995,628.4011457659828,534.5745972266172,413.7559667243483,371.6947672486122,405.6266756513926,511.00391387933615,655.2251521423761,789.7303337215812,938.1284560229478,1056.4326765109076,1149.999130434454,1223.0862602449592,1268.6800227007595,1263.3546612095909,1251.129489701206,1156.887634993131,1087.2442227944923,964.7699207583122,808.9060514052296,714.7817848826312,777.9203044014213,747.6315937679467,797.2578002127041,924.3916918709298,1076.5323961683644,18.439088914585778,1363.5989146372915,1486.4299512590562,1542.2000518739455,1582.5106634711815,1554.6015566697467,1494.2355905278123,1447.35379227057,1322.6840136631274,1178.2245117124326,1024.742406656424,888.1947984535825,775.0567721141465,705.9702543308748,713.6308569561717,786.9294758744268,874.0211667917431,991.5331562786996,1111.3293841161585,1188.8086473440542,1262.4313842740128,1275.648854505032,1276.692993636293,1267.6249445320962,1217.4042056769806,1127.185876419679,1034.8661749231153,10.44030650891055,14.317821063276352,3.605551275463989,13.892443989449804,0.0,0.0,0.0,128.0,5.0,2.0,8.06225774829855,1076.9238598898253,1028.437650030375,1002.3497393624642,920.862639051015,864.5999074716583,739.6391011838139,691.6422485649643,622.0940443373494,577.6028047023318,575.4233224331457,597.129801634452,655.2106531490464,712.166413136705,754.1279732247041,794.789280249803,844.1001125458994,853.3258463213217,843.109720024624,813.8949563672206,727.0171937444121,713.2776458014088,670.0119401921133,605.9711214241154,551.4245188600158,509.2838108559902,531.6859975587095,6.708203932499369,580.8967205966995,608.1134762525824,645.7282710242754,693.9920748827035,712.8155441627238,582.8979327463771,565.0008849550592,537.2271400441344,512.6246189952254,467.6152264415692,427.42952635493026,361.56603822815,320.65713776555793,297.2742841215836,306.4979608415038,343.1180554852805,365.7280410359588,414.4031853159432,470.3073463172779,478.1506038896113,494.5068250287351,513.6535797597443,520.2018838874,506.5273931388114,480.6006658339125,445.0280890011326,11.180339887498947,1.0,15.0,3.1622776601683795,6.324555320336759,3.1622776601683795,6.4031242374328485,7.0710678118654755,5.0990195135927845,10.816653826391969,8.48528137423857,411.6369759873377,441.4442207119717,458.6251192422848,453.1864958270491,449.2705198430006,391.89411835341446,380.13155617496426,378.3345080745345,327.6171546180084,320.764711276038,271.22868579853423,306.15028989043924,353.7470847936418,346.9178577127444,381.2951612596205,358.5080194361069,376.1515651967967,383.98567681620625,382.8276374558138,348.3231258472512,344.5025399035543,314.6823795511913,287.68385425671704,255.9882809817668,249.505510961181,253.00790501484337,6.082762530298219,274.5906043549196,295.296461204668,308.37963616296065,325.0984466280945,311.7322569128835,316.21827904155066,305.26709616334347,297.1952220342716,271.0645679538364,243.82165613415063,215.1278689523977,174.18381095842403,146.60491124106312,128.2692480682724,145.49914089093448,152.0526224699857,191.9426997830342,216.0208323287363,254.678228358845,266.50703555441083,281.3911867845189,312.1698255757593,302.2002647252315,292.35765767292634,262.25178741049604,232.363938682404,0.0,0.0,0.0,0.0,0.0
2025-06-01 18:44:23.650,0,0.0,0.0,0.0,0.0,0.0,0.0,157.30543537970962,83.43260753446461,55.44366510251645,145.3616180427282,251.03187048659777,346.0014450836875,442.33019340759455,512.3377792043058,577.748215055659,627.3188981690254,660.1219584288951,669.1404934690472,644.5036850166181,616.9643425677046,569.7727617217236,491.4488783179793,392.3187479588504,289.29223978530774,200.5517389602992,154.8418548067673,230.05434140654685,346.30189141845585,458.0884194126719,583.6197392138138,671.0424725753206,749.0694226839058,4.47213595499958,827.2907590442431,829.7692450314123,803.2434251209281,755.0397340537781,685.4195795277517,593.2638536098419,506.22228319188,386.0634662850138,325.8297101247828,336.00595232822883,368.6800781165155,516.1559841753266,650.5881954047429,782.1080488014428,806.9231685854608,928.8627455119512,964.2281887603162,1014.2593356730812,1026.0414221657916,923.279480980705,912.0350870443528,798.2136305526234,689.34896823017,603.0132668523969,528.546119085175,505.023761817204,5.0,9.848857801796104,9.433981132056603,2.0,13.038404810405298,8.94427190999916,10.0,6.4031242374328485,12.529964086141668,5.830951894845301,9.486832980505138,880.2102021676413,782.7771074833499,648.2136993307068,539.6480334440217,486.8367282775613,442.0904884749275,512.937618039465,610.3449844145522,748.914547862438,905.756037793842,1029.012147644526,1134.367224491258,1227.456720214607,1276.0885549208565,1315.6903131056335,1289.7383455569584,1241.4966774019172,1142.271421335577,1063.6620703964206,919.2431669585584,801.860336966482,869.2784364057353,797.057087039567,817.2129465445344,904.8231871476328,1041.3164744687372,6.082762530298219,1322.4965028309148,1434.2308042989457,1535.875320460616,1567.0309505558594,1578.0459435643818,1554.0839745650812,1459.398848841536,1371.5090229378734,1243.4830115445889,1090.32472227314,971.6197816018364,843.927129555627,749.5945570773576,739.097422536434,785.5813134233782,883.904972267947,982.2693113398178,1096.0520060654055,1184.6809697129434,1252.5322351141308,1234.3589429335375,1306.098005511072,1284.0284264766103,1255.8216433873083,1164.2413839062756,1057.3083750732328,3.1622776601683795,10.816653826391969,7.0,3.0,0.0,0.0,0.0,128.0,8.06225774829855,17.11724276862369,18.35755975068582,1074.3486398744124,1069.5765517250272,1023.4378339694111,990.4731192717952,902.7319646495298,796.5280911556101,730.5901723948933,676.7340688926486,628.4998011137315,657.9756834412652,687.3543482076766,721.4111171863101,774.8161072151249,821.1796392994653,860.4655716529279,882.5400840755053,883.9711533754934,863.4425284869862,865.4351506612151,779.1745632398429,761.137306929571,697.4016059631638,631.0451647861664,601.0673839096578,597.0535989339651,566.869473512201,17.88854381999832,612.0890458095129,662.6952542458713,701.2624330448623,709.3666188932208,722.4956747275377,589.0551756839083,554.6764822849442,533.7433840339381,490.5935180982317,453.4423888433899,406.6693988979254,364.1977484828812,326.24224128705345,335.8943286213687,344.28040896920055,381.1312110021954,434.93562742088625,465.3654477934519,489.47012166219093,521.003838757451,513.1627422173203,525.0923728259629,501.0878166549253,478.0292878056741,442.0904884749275,399.8512223315067,5.656854249492381,12.529964086141668,12.727922061357855,8.0,6.4031242374328485,14.142135623730953,7.615773105863909,3.1622776601683795,3.1622776601683795,5.830951894845301,18.35755975068582,462.9135988497206,472.66161257288496,464.6977512319163,446.37428241331287,420.985747977292,404.38595425657405,365.5680511204446,323.6927555568706,340.14702703389895,279.5299626158169,313.9840760293426,349.26207924708916,367.0667514226806,396.5576881110742,444.24542766358326,408.5902593063129,383.2623122614589,389.75889983424366,374.95733090579785,341.75576074149797,340.93107807883985,306.15028989043924,285.112258592997,276.3186566267287,284.27099746544667,283.7463656154912,2.23606797749979,320.51209025557836,321.40939625343873,341.8844834150857,358.92199709686224,334.4846782739084,323.878063474512,292.93343953874574,280.2427519134081,238.47222060441337,206.51876428063383,163.17475294910057,144.58907289280197,145.13442045221387,163.23296235748464,179.20100446147055,205.43125370790105,236.8459414893994,256.478069237898,280.0464247227591,285.7708872506085,304.02960382173313,290.32740139366797,273.64941074301623,250.52943938786913,213.03755537463343,172.53985046939155,0.0,0.0,0.0,0.0,0.0
2025-06-01 18:44:23.656,0,0.0,0.0,0.0,0.0,0.0,0.0,168.65645555388622,83.24061508662703,55.57877292636101,147.16657229140046,243.9610624669437,344.53591975293375,427.1123973850443,508.88210815472775,568.7266478722445,620.9218952493139,651.4967382880747,663.5209115016647,654.1047316752876,619.3948659780771,567.1728131707301,487.41358208404495,402.5232912515747,301.01494979485653,194.74342094150447,160.15305179733542,216.3007165961315,333.2566578479716,444.01463939829733,568.7477472482858,664.1724173736817,739.5545956858087,3.1622776601683795,818.6000244319566,834.2331808313548,804.0945218069826,747.5025083569955,686.5427881785665,602.7022482121665,491.91970889566926,401.3601873629222,331.36837507523256,286.174771774173,387.3241536491108,520.6928077091136,623.6481379752529,720.4672095244863,836.6654050455295,913.6109675348692,1057.3703230183833,1001.830324955279,977.615466326101,952.8945377112832,907.3444770317392,784.8827937979021,682.8213529174377,610.4596628770815,509.3250435625564,518.9874757641074,14.317821063276352,5.0,4.123105625617661,12.16552506059644,10.198039027185567,9.219544457292889,20.248456731316587,6.324555320336759,8.54400374531753,7.211102550927978,5.0,878.2511030451371,771.0337217009384,665.7634715122181,550.5787863693987,488.804664462196,435.8084441586693,512.6451014103227,614.3175074828977,752.0279250134266,889.2496837221815,1019.2330449902024,1130.454775742931,1209.9008223817357,1280.4702261278862,1293.4392138790288,1286.0190511808137,1237.0194016263447,1167.438649351648,1042.9841801293055,919.0348197973784,798.4835627613132,873.8626894426835,794.9440231865386,814.3132075559133,900.028888425255,1041.849317319928,12.36931687685298,1316.5416818316085,1465.846172011238,1499.3815391687333,1592.266937419728,1576.382250597868,1534.923125110831,1461.1693946972746,1370.8274873228945,1251.0195841792406,1099.287951357605,957.9692061856686,823.5544912147586,754.1790238398307,746.7395797732969,789.9677208595298,870.7157974907772,977.7218418343735,1093.6946557426345,1173.432997661136,1252.7298192347782,1246.4449446325336,1292.8557537482673,1279.531164137865,1220.6985704915037,1163.6528692011204,1072.8210475191097,17.72004514666935,4.47213595499958,6.0,6.0,0.0,0.0,0.0,128.0,13.45362404707371,13.45362404707371,10.198039027185567,1070.441497700832,1059.534331675949,1030.616320460723,954.7004765893856,879.1643759843776,783.077263110097,751.2469633882057,670.2156369408282,647.6048177708378,624.8775880122442,666.4780566530304,710.4730818264686,767.9589832797061,807.5469026626255,854.948536462868,895.2480103300984,892.4018153276023,884.1764529775717,839.7737790619567,755.8690362754649,730.9589591762317,686.2892975997804,644.4943754603294,601.823894507355,573.7909026814559,584.2953020519676,3.1622776601683795,620.6271022119482,659.9674234384603,684.8415875222532,704.0063920164362,714.4592360659914,563.2237566012286,529.0907294595135,531.1195722245603,490.1805789706483,442.6341604530766,402.1405227031964,341.3297525853848,329.6209944769902,328.1249761904753,360.95567594927775,400.0799920015996,434.5572459411993,473.6918829787988,498.30211719397704,520.0,511.6492939504559,528.0463994764096,506.7316844248048,484.4151112424137,443.2651576652512,394.3513661698156,13.41640786499874,4.242640687119285,9.055385138137416,9.848857801796104,7.211102550927978,5.0990195135927845,11.704699910719626,10.816653826391969,14.317821063276352,2.23606797749979,3.1622776601683795,469.7669635042464,482.4645064665379,486.1872067424234,467.0770814330328,411.3404915638624,384.8597147013441,362.5051723768917,339.2005306599623,312.05768697470023,313.4788669113119,333.00600595184466,360.4719129141687,366.1598011797581,397.8467041462076,425.73465914816,381.7603960601466,392.43980430124566,405.3159261613094,366.4314396991611,338.7875440449368,334.0538878684096,303.2160945596391,284.3817856333278,276.4217791708895,280.84515306481615,282.24280327406046,15.811388300841896,331.602171283603,341.0058650522011,343.8168116890156,348.5240307353282,343.92586410446074,322.56007192459515,289.44256770558127,267.5892374517331,246.5461417260469,195.88772294352705,171.4788616710526,151.4859729479928,155.92947123619703,167.2423391369542,191.3792047219342,213.66328650472457,249.46743274423616,260.4611295375953,286.01573383294846,292.0273959751037,296.42030969554025,290.423828223512,272.28110474287416,248.94376875109768,208.07931180201456,172.46738822165773,0.0,0.0,0.0,0.0,0.0
2025-06-01 18:44:23.661,0,0.0,0.0,0.0,0.0,0.0,0.0,141.315250415516,62.96824596572466,68.46897107449476,157.20050890502867,257.41017850893155,348.85097104637674,438.525939939703,503.5891182303287,568.4232577929936,612.2630153781952,631.6613016482805,639.935152964736,623.3538321050092,580.576437689302,539.6461803811827,450.6905812195325,365.47229717175554,277.2814454665151,178.10109488714548,167.3349933516597,243.28172968803065,339.3464306575214,449.64096788437774,578.4470589431672,649.1140115572919,719.1564502943709,4.123105625617661,800.6153883107669,808.2870777143477,782.1745329528442,717.8648897947301,647.9729932643799,570.2210097848026,467.80017101322227,373.4621801467988,340.8518739863403,277.35356496717327,396.8689960175776,512.609988197655,606.6836078220673,691.4405252803743,832.5394885529455,919.053861316082,926.8840272655474,958.9202260876554,925.04702583166,912.230782203714,843.1998576849975,757.0059444944934,696.5005384061092,579.1416061724456,529.1993953133356,499.9299950993139,2.8284271247461903,8.602325267042627,14.142135623730953,7.810249675906654,7.0710678118654755,12.16552506059644,7.810249675906654,11.704699910719626,6.324555320336759,11.40175425099138,19.235384061671343,834.420157954013,729.9315036357864,627.6535668663088,529.2343526265089,459.03921401117793,435.9380689960444,508.2764995551142,611.1996400522501,732.7653103142916,881.0005675367071,1003.8107391336276,1105.7761979713616,1194.8995773704164,1232.2033111463384,1245.382270630187,1255.02549774895,1189.568829450402,1111.6064951231615,1012.8835076157574,891.4869600841058,802.1003677844813,864.8907445452287,790.0006329111388,834.388998009921,912.907990982662,1041.3001488523853,9.486832980505138,1314.248454440788,1412.2963570016032,1488.7316749501906,1550.6866221129271,1518.1597412657206,1484.4648867521253,1389.3221368710713,1325.1301822839898,1225.9991843390435,1070.3158412356606,949.410869960946,813.4820219279587,763.8062581571324,755.8736666930527,796.631031281107,874.12870905834,974.9871794028884,1067.5902772131265,1181.4609599982557,1220.2921781278449,1275.4203228739927,1252.9588979691234,1248.072513918963,1178.2707668443616,1125.3057362334914,1053.1789971320163,12.727922061357855,5.830951894845301,9.486832980505138,8.06225774829855,0.0,0.0,0.0,128.0,17.0,9.433981132056603,16.278820596099706,1053.9435468752583,1033.017424828836,992.077113938226,935.0133688883813,859.5487188053974,773.5696478016702,721.4048793846629,676.9933529954337,627.8980809016699,633.2400808540154,688.0523235917454,723.0186719580622,774.7315664151035,810.8674367613982,846.6829394761654,879.575465778804,862.6946157244753,858.1515017757646,814.1946941610465,762.0872653443305,729.3901562264191,666.8568062185465,615.0715405544302,563.6896309140341,524.9314240927094,536.4895152749958,5.0,597.7725319885483,635.9756284638587,659.8977193474758,695.6910233717264,675.7588327206681,541.4000369412621,499.63987030660394,511.7069473829723,476.0861266619728,421.5412198113015,379.0844233149128,342.61640357694495,314.81423093627774,311.4161203277698,325.12920508622415,365.9357867167408,386.9392717210286,432.5147396332292,470.9405482648526,474.806276285392,502.09560842532767,501.0249494785664,483.335287352372,460.1847455098876,415.5502376367989,386.6264346885763,9.899494936611664,3.605551275463989,14.142135623730953,11.04536101718726,8.54400374531753,15.556349186104043,8.94427190999916,10.770329614269007,7.810249675906654,17.69180601295413,12.529964086141668,429.19692449969864,447.7555136455608,443.08125665615785,447.8001786511479,406.3065345278119,389.4932605321946,347.04754717473514,310.60103026229643,315.9952531289038,290.13962156175774,288.7663415289254,306.72626232522055,335.2193311848229,391.3182847759609,364.7917213972927,371.1091483647365,394.2638710305574,364.156559737704,361.1107863246403,340.1190967881692,335.1089375113711,311.4883625434504,273.00732590903124,268.33002068348594,271.0608787708031,271.38901967470974,9.219544457292889,303.014851121195,331.436268383531,316.9921134665656,321.0763149159402,306.31519714176767,303.29028998634294,280.0285699709942,261.7728022541685,236.07625886564705,211.02606474082768,181.70580618131055,153.39491516996253,142.03168660548954,164.24676556937126,181.04419349981927,205.7692882818036,246.51977608297472,258.6000773395089,265.8270114190806,283.0282671395209,285.60112044598145,285.56785533389433,260.0173071162764,252.12100269513448,221.16509670379727,180.94197965093673,0.0,0.0,0.0,0.0,0.0
2025-06-01 18:44:23.661,0,0.0,0.0,0.0,0.0,0.0,0.0,53.71219600798314,156.01602481796542,231.2487837805855,311.19125951735856,393.0814165029937,460.7569858396072,518.6000385653668,554.2282923128339,578.6302791938908,584.8828942617488,571.6589892584565,547.3079571868109,503.401430272104,439.6089171070123,367.8872109764078,270.0166661522951,178.53010950537168,135.72398461583714,171.20747647226156,275.74807342935327,385.14932169224966,497.5188438642299,591.1429607125505,665.8025232754829,703.1450774911249,762.3253898434709,5.0990195135927845,758.2275384078317,725.4633002433686,687.547089296435,587.4904254538963,514.8844530571884,403.44764220404113,322.59107241211746,287.2368360778262,288.6693610343848,346.71602212761957,526.7760434947663,625.8442298208078,720.1805329221278,827.2810888688318,875.8247541603286,930.026343712908,953.5329045187692,969.7076879142496,903.055369288063,831.3567224723693,751.3241643924412,645.5238183057229,569.3092305592805,535.0934497823721,517.5113525324831,555.9316504751281,9.219544457292889,10.44030650891055,15.033296378372908,15.811388300841896,9.848857801796104,7.810249675906654,3.1622776601683795,7.0710678118654755,15.297058540778355,7.615773105863909,3.1622776601683795,737.4944067584513,628.7575049253885,530.6335835583723,467.17234507192313,456.3551248753541,490.6984817584012,607.1853094402071,721.3390326330608,863.37535290278,986.5596788841516,1097.4611610439797,1182.49439744973,1233.0879936160277,1250.2499750049988,1265.240688564828,1208.7026102395907,1141.1932351709763,1035.4791161583123,958.3402318592284,801.9576048644966,717.6161926824116,822.4165611172966,804.5930648470692,873.4557802201551,998.2529739499904,1106.95980053478,7.280109889280518,1385.442167685104,1450.0344823486096,1529.1464939632174,1524.2024143794026,1521.7476794790916,1469.3444116339776,1387.42423216549,1279.2439173199143,1159.605536378643,1029.324050044494,919.6629817492928,824.4204024646649,776.16042156245,784.1492204931405,841.2211362061702,941.5227028595752,991.4499483080324,1114.9551560488878,1169.9799143575071,1224.7097615353607,1225.091833292509,1248.2091170953688,1225.2203883383593,1188.769111307995,1113.0880468318758,1028.0452324679104,10.63014581273465,5.0,11.6619037896906,3.605551275463989,0.0,0.0,0.0,128.0,10.198039027185567,11.180339887498947,9.055385138137416,1043.8127226662837,1032.025193490934,988.458395684917,955.730610580199,868.0835213272971,773.2664482570028,731.057453282572,684.4742507939944,647.3646576698484,665.6613252998856,665.3638102572156,714.0203078344481,749.4004270081516,786.375228501,819.224633418698,838.6000238492722,843.0972660375551,824.0054611469513,835.1299300108935,743.5939752311069,735.8328614570023,682.5144687111036,632.0007911387453,607.9613474555763,617.972491297145,594.0319856708054,15.620499351813308,645.3100030218035,659.0781440770131,687.945492026803,702.2855544577291,727.5176973792459,579.3513614379447,546.4622585320966,526.5453446760307,480.1051968058667,451.73886261865937,397.0453374616053,370.32418230517976,360.01249978299364,348.209706929603,356.4828186603107,391.47158262126766,443.3012519720647,460.75155995395176,506.3536313684341,514.8873663239369,513.5610966574474,521.8141431582704,518.700298823897,492.3789191263168,446.0403569185192,413.098051314697,15.0,8.94427190999916,12.041594578792296,8.06225774829855,13.0,10.198039027185567,2.23606797749979,16.492422502470642,12.806248474865695,17.4928556845359,2.8284271247461903,431.28181042098214,445.8901209939507,443.6000450856605,461.7899955607527,437.65283044897586,387.8479083352133,362.9490322345549,344.55333404278645,300.18827425467504,264.3274484422683,248.80916381837707,276.27884464793897,292.31831964486935,314.3835237413055,362.6927073984256,333.9970059746045,368.51322907054504,378.1441524075177,381.032806986485,332.6770205469563,329.50872522590356,303.60006587614566,291.89895511974686,265.83077323741134,238.88281646028875,254.01771591761076,14.142135623730953,251.43189932862535,269.58486604407153,292.4790590794493,301.97350877187887,314.1926160812822,307.001628660175,292.2618688778952,287.30819688968154,260.89461473936177,244.36857408431223,221.48814866714653,188.66372200293304,157.47063218263906,142.28492541376264,156.82155464093577,166.5172663719892,179.4017837146554,210.23796041628637,229.5844071360248,250.71098898931416,268.5386378158644,268.9553866350328,270.2979837142704,266.9569253643741,240.25195108468944,211.15160430363773,0.0,0.0,0.0,0.0,0.0
2025-06-01 18:44:23.664,0,0.0,0.0,0.0,0.0,0.0,0.0,58.463663928973865,47.12748667179272,155.79473675320358,235.77107541002565,315.5709112069742,397.6153920561929,463.7035691042285,525.0561874694936,563.6745514922596,597.1775280433784,593.2301408391182,599.2703897240377,570.1341947296268,514.242160854203,452.8807790136384,356.6020190632689,268.4268988011447,174.88853593074649,143.0314650697531,187.94946129212505,305.4766766874355,406.00492607848986,509.57236973760655,606.5509047062744,690.4056778445554,743.4245086086414,11.180339887498947,783.3683680108611,748.4737804358948,721.3078399684839,657.6838146100298,566.35059812805,493.7053777304841,387.9188059375312,293.29336848964044,283.7833680820636,311.7130090323469,454.686705325766,598.3853273602219,688.1373409429254,784.5571999542162,891.74491868471,911.457075237227,954.29188406902,972.9953751174772,921.0304012354858,847.9740562069102,786.1838207442328,674.9851850226048,589.6041044633255,529.4534918196309,472.826606696366,531.2071159161933,17.46424919657298,17.46424919657298,4.0,14.212670403551895,25.495097567963924,7.0,6.324555320336759,12.206555615733702,16.1245154965971,3.1622776601683795,12.206555615733702,747.9605604575685,653.0704403048725,523.5666146728609,448.06472746691406,403.21954317716296,427.14517438454106,535.7098095051089,635.0220468613669,781.5727733231244,899.6827218525428,1003.9945218974055,1122.8909118877043,1174.0025553634882,1218.3895107887297,1246.2267048976282,1203.145876442254,1159.4076073581716,1039.4084856301683,951.3238144816936,818.1472972515402,742.7260598632581,823.6431266027781,805.0962675357525,842.3455348014851,940.1132910452868,1083.299589218052,11.0,1341.5755662652775,1438.2172992979886,1498.4638801118963,1515.003630358687,1508.05901741278,1463.0577568913675,1368.8787382379785,1303.0771274180204,1187.4173655459144,1049.585156145036,945.8593975850744,852.1273379020298,798.6945598913267,811.0,852.4394406642621,928.6145594378758,1014.6255466919804,1111.2605455067685,1184.3432779392974,1223.48109915928,1240.9742140753772,1245.4497179733912,1218.0168307539925,1162.703745586123,1115.5505367306314,1040.7079321308163,6.4031242374328485,8.06225774829855,15.297058540778355,5.656854249492381,0.0,0.0,0.0,128.0,1.0,14.560219778561036,9.848857801796104,1029.5071636467617,986.8277458604416,945.1454914456292,919.695601816166,822.1192127666158,739.4383003334356,695.7082721946032,650.7572512081598,607.7639344350732,608.313241677345,634.5652054753712,683.5320036399173,721.5109146783575,755.8577908575131,790.2657780772238,799.2896846575715,822.4433111163346,813.5213580478388,773.3440372822434,721.0554763678035,717.948466117172,655.9588401721559,611.0008183300575,579.155419555062,550.6514323962119,567.3314727740741,10.295630140987,603.5113917731794,628.3128201779747,658.4109658868084,665.4058911671883,659.6036688800328,526.0608329841712,506.8421845111159,492.70883897084695,459.5051686325193,415.6404696369207,399.6998874155458,355.0394344294729,333.94610343586885,338.0088756231114,354.80276210875246,393.9543120718442,412.1795725166399,467.42806933259794,470.9416099687943,500.5636822623072,483.8605170914444,481.9761404883026,463.93965124787513,444.59982006294155,413.59158598791635,377.0795672003457,12.649110640673518,4.242640687119285,8.0,18.788294228055936,14.866068747318506,15.132745950421556,7.211102550927978,14.560219778561036,16.1245154965971,8.246211251235321,15.811388300841896,421.2006647668068,412.7384159488913,425.2023047914957,438.3617227815403,393.4323321741618,355.7316404257569,340.27782766439543,298.97157055479374,274.2571785751469,287.4456470360962,241.58021442162848,263.9185480408681,269.58486604407153,324.32237048961025,380.5693103759156,334.62964602676794,340.36597949853916,350.73779380044004,348.6000573723418,328.87687665751145,327.22622144320894,310.10482098800077,245.70307283385773,246.40211038057285,250.0019999920001,240.1686907155052,16.1245154965971,271.0645679538364,276.4633791300396,299.0819285747636,303.75812746328285,302.00165562460086,277.308492477241,268.71546289709494,262.0534296665472,234.0939982143925,207.77150911518163,183.4693434882242,168.22009392459628,157.53729717117784,165.23922052587878,177.55280904564702,196.6367208839692,229.13969538253295,239.0188277102873,261.9656466027559,264.86411610484345,277.1425625918906,281.93970986719836,270.20732780589054,244.20483205702544,221.41589825484527,177.1016657177453,0.0,0.0,0.0,0.0,0.0
2025-06-01 18:44:23.669,0,0.0,0.0,0.0,0.0,0.0,0.0,120.20815280171308,40.311288741492746,63.50590523722971,157.30543537970962,240.05207768315609,334.65504627900054,413.0193700058146,479.7176252755364,545.4044370923287,577.4028056738207,602.7155216186156,622.5921618523638,599.6040360104324,573.1474504872198,519.8788320368507,425.7511009968148,353.5647041207592,250.2039168358481,167.69317219254933,126.9212354178764,214.76731594914529,330.2196238868914,431.6480047446067,547.4422343955571,633.6718393616684,716.7537931535486,7.615773105863909,802.3328486357766,776.073450132138,781.8778677005764,700.2542395444672,652.8721161146339,558.6161472782541,451.7277941415604,371.3825520941984,300.0,280.49420671379295,393.0712403623547,514.821328229513,649.4251304038057,761.4000262674017,820.3730858578919,949.8515673514468,977.4916879441994,991.6340050643684,970.6760530681696,941.1917976693168,885.6635930193811,779.5498701173645,665.3968740533727,589.3394607524597,530.9058296911045,525.5416253732905,6.0,3.605551275463989,4.47213595499958,4.47213595499958,6.4031242374328485,26.30589287593181,15.0,8.246211251235321,7.211102550927978,21.0,11.04536101718726,823.4955980453083,726.9883080215252,610.1753846231426,528.9026375430548,431.34209161638745,449.0790576279415,545.4475226820633,644.5502307811238,772.0103626247513,899.6143618239985,1027.075946558968,1138.661055801945,1201.7591272796724,1247.800064112837,1267.895894780009,1219.2628920786526,1195.4555617002247,1101.4944393867816,1007.5440437023088,868.2885465097418,771.3604864134538,873.1242752323406,809.3485034272936,867.4525923645626,943.63128392397,1082.953830964183,3.605551275463989,1336.4587535722903,1420.8113879048126,1503.7247088479992,1533.7822531246084,1528.6153865508486,1465.197938846489,1399.5434970017902,1306.003445630983,1208.2524570635062,1074.906972719035,962.9620968657074,851.0616898909268,815.4048074422913,813.9705154365237,852.765501178372,933.3386309373464,1007.1926330151548,1099.0978118438777,1144.5890092081088,1224.2079071791686,1220.3216789027392,1242.0829279883046,1207.5967870112938,1172.092146548214,1112.5183144559912,1055.483301620637,9.055385138137416,14.7648230602334,8.602325267042627,12.16552506059644,0.0,0.0,0.0,128.0,5.656854249492381,5.0,8.602325267042627,1009.3998216762276,1000.3524378937656,950.3941287697436,909.8659241888334,835.4477841253755,755.5713070253528,721.6654349489104,687.4161767081133,655.6866629724902,642.5729530566938,679.6763935874189,709.8633671348312,725.6562547101761,763.2856608112064,798.7997245868329,783.7576155929842,798.8817184039199,785.6844150166147,755.4389452497137,692.9336187543508,694.2117832477348,655.977133747816,626.3545321940283,605.8729239700351,585.9086959586792,617.5443303925638,8.06225774829855,642.7021082896804,651.1167330056877,674.8540582970513,667.8922068717377,671.6918936536305,531.2409999237634,478.6083994248325,478.76925548744254,451.313638171948,413.40053217188773,398.5272889025292,378.33582965402576,355.4068091638088,372.1357279273249,390.0115382908562,433.240118179284,452.6367196770496,495.68235796727726,520.5862080385918,535.9561549231429,528.7163700889164,498.04919435734456,463.51806868772655,432.5390155812536,400.8054390848507,352.1647341799005,5.385164807134504,9.055385138137416,16.64331697709324,16.492422502470642,6.082762530298219,8.94427190999916,12.16552506059644,2.23606797749979,8.06225774829855,12.083045973594572,14.7648230602334,444.47384624969783,433.7971876349592,424.1851011056376,424.70813507631334,394.3120591612689,344.07557309405155,298.41246622753545,283.28960446864266,291.0154635066666,279.8946230280246,297.03871801500895,262.9923953273174,343.8269913779312,342.52299192900904,358.66558240232644,359.23529893372114,351.51813608973293,343.8168116890156,350.0,313.0814590485997,314.836465486449,282.51902590799085,257.00194551792794,249.80792621532248,267.30132809247317,262.2403477728017,11.180339887498947,286.0629301395062,294.7575274696136,309.2733418838423,299.5413160150032,298.43927355493946,287.1271495348359,249.25689559167665,240.4350224073024,213.62116000059544,186.06719216455113,155.0129026887762,142.35167719419397,150.41608956491322,173.04623659588788,188.50994668717087,213.71476317746513,245.58908770545975,255.9472601924076,273.0164830188829,269.77953962448674,276.1756687327832,268.15853519886326,250.19992006393608,221.5513484499699,199.16073910286636,145.0551619212498,0.0,0.0,0.0,0.0,0.0
2025-06-01 18:44:23.671,0,0.0,0.0,0.0,0.0,0.0,0.0,36.796738985948195,140.91131963046828,229.7063342618135,312.4163888146715,396.0934233233367,477.12681752339176,538.4876971667969,581.7636977330229,616.4778990361293,618.5806333858181,629.2296877929394,596.1006626401282,537.6578837885668,483.1200678920304,402.1989557420556,284.3132075722125,191.1674658512792,102.45974819410792,168.121979526771,251.45377308761945,376.6656342168741,491.7977226462115,582.457723787744,681.8122908836419,753.3876824052807,791.3393709401802,3.0,804.1741105009536,745.1872247965608,694.0180112936551,610.0442606893372,531.3322877446843,424.4679022022749,317.57361351346555,260.547500467765,269.9814808463721,351.8081863743367,496.0010080634917,641.938470571752,748.6153885674539,854.7356316429075,925.7910131341738,998.2509704478128,985.6378645324052,905.5385138137416,949.2844673752963,871.0298502347666,777.1261158911082,665.6763477847173,559.6007505355939,489.4006538614349,506.06323715519983,571.0639193645488,15.231546211727816,8.06225774829855,3.1622776601683795,7.280109889280518,20.396078054371134,8.602325267042627,7.0710678118654755,8.602325267042627,15.033296378372908,12.36931687685298,3.1622776601683795,712.5349114253981,612.5373458002377,504.012896660393,428.8414625476413,451.8904734556815,485.2226293156575,600.6005328002965,756.4548896001664,883.911760301898,1007.591186940418,1130.7630167280852,1197.5596018570432,1228.205601680761,1241.8083588058182,1232.6057763940587,1181.3966311108222,1106.152340322073,985.732722394869,892.330095872598,751.2336520683828,675.6123148670397,782.6985371137473,795.0157231149583,889.5954136572423,1009.9628706046574,1148.4742051957458,15.297058540778355,1376.6517351894051,1458.1416254945882,1514.1786552451465,1486.8900430092335,1476.1602216561723,1411.4506721809305,1295.046331217536,1196.179334380928,1067.6820687826505,955.8953917662748,853.2344343731095,785.4934754662193,770.6367497076687,807.0272610017582,858.8044014791727,945.261868478783,1029.983495013391,1120.40439128022,1168.593171296153,1203.100162081279,1221.1703402883643,1213.2357561496449,1158.1519762103762,1117.6408188680298,1029.6625660865795,971.8379494545374,5.0990195135927845,7.810249675906654,17.46424919657298,15.524174696260024,0.0,0.0,0.0,128.0,5.0,16.64331697709324,9.219544457292889,989.3457434082384,972.4962724864296,941.4908390419952,898.200979736718,811.5294202923268,711.5405821174222,678.0479334088409,628.8346364506332,619.7200981088156,623.7082651368346,648.2669203345177,694.6221994724903,730.9863199814343,756.3279711871035,783.7244413695415,802.8075734570521,782.980204092032,772.9747731976769,768.4074440035052,716.436319570693,708.3734890578557,659.0546259605496,590.4955545980004,580.127572177017,577.1828133269389,567.5147575173706,12.0,610.7937458749885,633.8611835410021,649.8138194898597,657.0273966890574,653.0620184944153,514.5143341054746,473.2737051643584,488.4854143165382,452.63009179682257,411.9635906242201,388.7029714319148,363.7059251648232,339.4775397577872,339.00589965367857,338.11980125393427,370.46592285930967,429.53463189829057,441.2085674598806,465.92059409302783,488.5417075337581,493.27983944207574,479.8541445064323,469.38470362805816,475.7415264615861,411.4474450036116,360.4497191010141,3.0,11.180339887498947,13.152946437965904,22.47220505424423,12.16552506059644,15.297058540778355,7.0710678118654755,9.219544457292889,6.4031242374328485,8.48528137423857,4.123105625617661,407.0012284993744,416.4036503202151,417.2792829748441,431.11599367223664,407.81368294847584,375.68337732723813,346.2383572049752,337.6166465090251,307.01465763054375,292.6790050550261,307.9025819963191,302.03476621077914,329.31747600150226,323.87188825212974,352.0113634529431,345.3244850861288,345.79329085452196,359.5622338344226,346.5977495599185,324.8399605959833,318.7804887379402,309.3622472119053,273.045783706689,268.48649872945197,263.8370709358334,249.07027120874943,11.40175425099138,280.0803456153252,285.0771825313278,303.0264014900352,306.8892308309303,306.71974178392884,308.2888256164988,286.54144551879403,267.3275144836386,241.91320757660176,218.14673960433143,183.25119372053217,168.66831356244717,143.55835050598765,147.10540438746634,168.23792675850473,194.8127305901747,215.44836968517535,239.403425205238,269.0167281044062,290.68883707497264,298.40241285887754,291.2541845192958,280.8344708186657,269.6145396672813,241.11822826157297,214.05840324546944,0.0,0.0,0.0,0.0,0.0
2025-06-01 18:44:23.676,0,0.0,0.0,0.0,0.0,0.0,0.0,29.206163733020468,121.06196760337244,224.53952881397075,317.6822311681911,398.36289987899227,476.3034746881446,536.0419759683004,585.3007773786055,612.9437168288782,633.6757846091327,615.5485358604957,589.1638142316617,541.2734983351762,475.5428477014453,402.0609406545232,280.6599365780588,200.59162494979697,99.40321926376429,147.07821048680188,243.3926868252208,380.0,496.01814482940034,603.9023099806789,673.9510367971845,741.6751310378419,784.6177413237608,4.242640687119285,783.9292059873774,751.7559444394171,690.7626220345163,610.5243647881713,521.9137859838538,413.04842331135944,307.8002599089221,268.4026825499328,268.73406929527937,325.0415358073488,537.1405775027614,672.0275291980232,723.1998340707775,845.9231643595061,949.8973628766424,940.1361603512546,989.667115751554,937.5953284866558,935.0256680968712,833.826120962878,770.5491548240125,664.8308055437865,551.2621880738783,498.3593081301883,506.5737853462218,566.3709032074299,16.55294535724685,14.0,1.0,15.033296378372908,12.16552506059644,15.132745950421556,16.76305461424021,25.059928172283335,9.486832980505138,11.0,21.633307652783937,726.5018926334603,607.0790722797154,503.6586145396503,437.19332108347675,430.6750515179629,475.635364538845,611.4940719254766,748.2065222918068,879.4782544213359,1014.3594037618028,1123.178080270444,1193.4462702610454,1221.4356307231258,1248.0052083224653,1223.4512658867943,1175.658538862369,1086.5514253821584,996.7246359953184,885.8464878295788,755.3840083030617,671.7886572427374,784.1944911818752,784.3468620451031,887.0541133437125,996.8134228630752,1136.8064918885711,15.132745950421556,1375.2806986211942,1443.733008558023,1495.778392677204,1504.905312635981,1472.7610125203614,1414.4426464158948,1255.03227050144,1177.4349238917623,1061.7287789261436,943.6630754670864,850.4028457149,760.77920581467,745.934313461983,778.8510769075177,849.0094227981218,934.1932348288548,1019.646997739904,1093.076849997291,1159.1143170541895,1185.1805769586338,1207.9888244516171,1203.2875799242672,1157.7154227183812,1123.4878726537283,1029.3473660528791,947.103479034894,7.211102550927978,9.848857801796104,14.212670403551895,12.36931687685298,0.0,0.0,0.0,128.0,7.280109889280518,12.806248474865695,14.866068747318506,1002.214547888824,953.3572258078292,923.0693365072854,877.6975561091646,817.1248374636522,687.7921197571254,660.0946901770988,631.0855726444711,614.5022375874639,637.0635761052424,649.2495668077107,672.6574165204752,714.6166804658285,753.5316848016413,784.2703615463229,779.2329561819109,776.9794077065363,776.342707829474,747.1017333670161,710.416779081125,696.7962399439308,649.3396645824125,590.6716515967225,564.2198153202349,555.5042754110899,550.0154543283306,19.313207915827967,591.2740481367333,614.3394826966602,630.8953954499906,634.3697659882602,654.352351566035,511.76947935569586,462.709412050371,470.3923893942163,432.97228548718914,410.4107698391942,358.3085262730989,345.6891667379815,330.667506719363,339.00589965367857,330.19085390119454,378.4507894033252,425.9624396587098,425.6500910372274,451.00776046538266,477.2808397578935,489.5845177290638,480.7546151624548,466.6915469558025,464.1400650665702,422.9952718411874,367.1362145035545,14.7648230602334,5.0,5.0,4.0,5.385164807134504,11.40175425099138,10.198039027185567,13.038404810405298,10.198039027185567,3.605551275463989,5.0990195135927845,422.965719651132,419.1479452412954,431.02784132814435,411.66126852061274,425.17996189848833,373.48360071092816,398.1318876955223,364.3871567440323,310.4851043125902,298.80428377116687,264.62237244798484,309.2604080706096,331.6458954969894,345.4750352775147,367.1511950137164,344.1046352492218,353.4543817807328,342.79439902075416,342.3448553724738,328.7461026384952,310.69277429641005,297.8355250805384,279.3152340993953,273.09522148876937,262.5280937347468,262.9619744373699,5.0,279.5174413162799,284.26923857498196,294.7829710142701,318.2011942152323,309.2604080706096,288.4874347350331,274.1331793125378,270.1481075262235,254.37177516383375,219.91134577370036,187.88294228055935,155.3962676514465,147.7193284577208,147.648230602334,170.14111789923092,198.69826370655585,216.31689716709604,247.97782158894776,273.00183149568795,289.4563870430224,296.44561052577586,296.0219586449627,286.3930865087354,275.68822970885066,248.4854120466632,220.04544985070697,0.0,0.0,0.0,0.0,0.0
2025-06-01 18:44:23.680,0,0.0,0.0,0.0,0.0,0.0,0.0,122.8087944733601,44.0,65.0,153.07514494521962,258.8358553214759,350.202798389733,436.92791167422575,510.7102896946565,571.6861026822324,611.7319674497974,637.5201957585343,632.7724709561882,611.4000327118081,587.3338062805511,520.6092584655021,450.8236905931186,341.62113517755307,260.98658969380017,151.02979838429235,111.23398761170075,206.2280291328024,339.53644870617353,445.58837507277946,563.0346348138806,643.8547972951666,726.4055341198881,7.211102550927978,791.9501246922056,792.2045190479539,761.2601395055437,716.6100752850186,633.5929292534759,551.0145188649751,452.6742758319717,364.38578457453576,277.58422145359776,269.74246977441277,359.70126494078386,471.68209633184085,585.1709152034131,694.0576344944272,859.0646075819909,919.809762940142,1024.9024343809513,1020.7982170830824,963.9942945889254,897.0797066035994,856.210838520513,767.3916861681523,660.5966999614818,561.4454559438522,515.228104823485,518.3685947277285,5.0990195135927845,16.76305461424021,12.36931687685298,6.082762530298219,11.0,7.280109889280518,3.0,14.142135623730953,6.4031242374328485,7.211102550927978,15.033296378372908,806.0682353250251,680.5071638124025,546.3048599454338,470.1829431189524,438.44269865057623,428.956874289246,552.869785754295,676.2307298548329,804.1218813090463,928.4336271376646,1041.714932215143,1140.9737069713744,1201.2202129501484,1236.01982184753,1217.8751988607044,1193.0905246459718,1130.4888323198952,1031.2371211317018,922.6510716408452,800.9406969308027,704.775850891615,785.4641939643079,763.1474300552941,844.4560379321117,956.5960484969607,1102.9596547471715,24.413111231467404,1333.4950318617614,1424.29210487175,1473.9148550713503,1483.6835916057034,1467.6038293763067,1413.5250263083424,1303.336104003875,1200.3486993369886,1076.7659912905867,956.7742680486344,835.1886014547852,779.1642958965715,741.0242910998262,772.4299320974039,842.4499985162324,919.2399033984544,1024.3266080699066,1089.9747703502132,1141.8949163561415,1178.849014929393,1215.9592920817704,1204.7775728324295,1161.2579386165676,1106.4628326337945,1014.0833299093324,940.0606363421456,2.0,2.0,3.1622776601683795,4.123105625617661,0.0,0.0,0.0,128.0,5.385164807134504,7.0710678118654755,18.601075237738275,993.8058160425506,948.2304572201843,898.4842792169488,848.9546513212588,779.9647427929034,683.5268831582266,661.3335013440646,639.8788947918192,630.1753724162822,631.6153892995325,657.030440695102,695.77654458885,727.3162998310983,767.8801989893997,776.0057989474047,770.0103895402971,765.3554729666471,743.7271004878066,723.6159202228763,668.6890159109838,653.5357679576535,588.6408072840346,552.826374189944,540.2814081568974,542.8996223981004,543.6708563092195,14.317821063276352,592.1908476158678,619.293952820468,619.5845382189584,630.3173803727769,623.6745946405064,503.4620144559071,456.6399018920707,451.83404032896857,388.23188946813735,367.1648131289272,332.3567360532956,314.91586177898375,318.1351913888182,326.54708695684303,332.3386826717588,398.42188694899784,418.5271795236242,451.1363430272494,452.4522074208502,480.15101790999046,476.94444120882673,464.3888456886104,432.7701468447194,414.9819273173231,362.8291609008295,319.22562553780045,20.615528128088304,12.041594578792296,7.615773105863909,4.123105625617661,17.11724276862369,7.280109889280518,14.0356688476182,0.0,8.54400374531753,12.649110640673518,10.44030650891055,412.3396658096332,400.4509957535379,378.4824962927612,398.4971769034255,353.63823322712153,339.2889623904674,319.931242613159,308.5206638136253,245.73359558676543,269.3287953413077,277.308492477241,299.312545677591,299.88331063932185,364.0782882842645,360.2721193764513,360.83514241270905,332.66199061509866,337.6047985440965,321.71105047853115,300.76070222022025,293.7515957403466,277.2002886001384,280.87897749742683,253.0553299181821,259.4937378820537,270.7508079396994,5.385164807134504,305.4995908344232,291.20439557122074,301.9023020780067,293.7771264070775,285.07016680108774,257.8410362994999,233.60008561642263,210.62288574606512,195.0640920313116,164.01219466856725,159.2262541165872,145.49914089093448,151.11915828246265,171.29214809792072,200.66389809828772,234.8297255459794,247.48737341529164,279.30807363912703,286.27609051403505,290.766229125736,285.8198733468336,272.23886570436633,255.32724100651697,207.28000385951367,180.22485955050703,145.0137924474772,0.0,0.0,0.0,0.0,0.0
2025-06-01 18:44:23.683,0,0.0,0.0,0.0,0.0,0.0,0.0,104.04806581575652,31.400636936215164,66.91038783328041,156.92354826475216,253.25481239257823,346.0057802985378,421.4320823098308,492.1991466875984,534.5091205957107,591.0033840850659,600.0833275470999,604.3252435568119,591.3729787536796,562.5459981192649,506.6793858052644,419.6724913548659,319.4620478241508,216.00231480241132,123.5556554755791,97.18538984847466,185.09727172489605,312.0160252294744,431.4487223297805,533.6037855937681,631.0982490864635,696.0114941579628,6.324555320336759,769.2762832688917,770.0785674202341,745.5467792164352,685.8994095346635,619.1163057132319,536.8053650998656,432.0416646574726,328.89207956410263,241.19701490690136,240.77582935170216,317.9323827482819,498.4174956800774,605.6962935333186,733.7097518774028,852.234709455089,920.5460336126596,941.5912064160328,1024.1103456171118,984.132104953395,924.351664681792,825.5767680839863,750.4731840645607,597.2101807571603,513.8764442937621,475.015789211264,488.80261865092336,6.4031242374328485,23.345235059857504,6.708203932499369,12.36931687685298,7.0,8.06225774829855,6.4031242374328485,7.280109889280518,8.06225774829855,4.123105625617661,12.041594578792296,801.4143747151033,683.3447153523615,560.6647839841557,447.6885077819175,381.10497241573745,408.2744175184137,523.4166600329035,676.0177512462228,806.7793998361634,951.4583543172027,1081.237254260137,1194.8995773704164,1233.8208946196364,1276.347914951092,1262.9695166550932,1226.234072271685,1147.9764805953123,1035.1391210846975,912.241744276154,778.8452991448302,667.994011949209,730.9781118474068,739.0027063549903,797.9486198998028,945.1248594762492,1096.1067466264406,12.0,1364.716820442981,1453.9178106069132,1477.529018327559,1500.0403327910888,1466.874909458881,1399.951784884037,1285.4450591137686,1190.7010540013812,1058.7020355132977,942.6133884048116,823.1555138611416,746.8500518845801,717.002789394853,757.6239172571045,838.2326645985588,920.7089659604712,1012.5739479168916,1109.8468362796734,1154.7640451624738,1206.3473794890094,1205.9738803141634,1187.274610189235,1152.052516164085,1096.182466562935,1015.0256154403198,939.5600034058496,2.23606797749979,11.180339887498947,14.866068747318506,4.47213595499958,0.0,0.0,0.0,128.0,10.0,10.04987562112089,12.041594578792296,1005.7832768544126,981.9541740834956,930.0462354098316,861.2461901221973,798.1102680707722,707.9442068411888,695.1927790188848,641.3649507105919,631.8330475687387,631.2289600454022,669.0478308760892,705.2091888227209,731.2249995726349,767.539575526891,758.7621498203505,797.3863555391451,764.8437748978546,738.0169374750149,708.8956199610772,667.2705598181295,621.5866793939523,607.842907337085,585.140154151123,550.6523404108984,546.1547399776001,579.3876077376872,5.0990195135927845,603.3547878321676,624.0713100279487,626.6370560380227,637.5303914324398,608.1389643823195,468.4015371452148,438.0182644593716,422.4807687930896,394.4172917101886,351.0697936308392,344.6926166891307,323.9891973507759,332.56127254988667,338.5646171707847,382.78584090846414,413.4247210799083,452.9602631578183,488.9836398081228,499.90099019705895,509.11786454611865,477.24731534079893,454.61412208597307,440.9274316710177,405.3566331022597,355.0802726145174,305.92973049378514,4.242640687119285,3.605551275463989,5.385164807134504,1.0,3.1622776601683795,11.180339887498947,5.0990195135927845,11.04536101718726,13.601470508735444,11.180339887498947,10.816653826391969,400.7804885470349,399.5159571281227,398.3779612378175,373.01474501686926,342.6149442158062,308.084404019418,292.4055403031892,244.82646915723797,260.09421369957465,232.22833591101667,284.42925306655786,296.1621177666043,304.0263146505578,356.88093252512107,357.97485945244813,334.2708482652952,338.9985250705377,312.8785706947665,323.51970573676033,304.8688242506931,281.3058833369825,257.3441275801723,243.3926868252208,241.66505746590673,258.08913189051566,261.01532522057016,5.385164807134504,284.3817856333278,298.6134625230417,296.5889411289639,286.8117849740488,286.0069929215018,261.5530538915575,239.8207664069148,225.8162970203878,186.62529303392935,163.00306745579974,139.26952286842948,132.5028301584536,136.35615130972272,163.8932579455299,181.49655644116223,205.44829033116824,244.00819658363935,251.8293072698251,268.26852219371546,283.0282671395209,272.6407893181063,267.6490239100453,239.5349661322956,209.97618912629116,185.60711193270583,145.52319402761884,0.0,0.0,0.0,0.0,0.0
2025-06-01 18:44:23.690,0,0.0,0.0,0.0,0.0,0.0,0.0,41.88078318274385,59.665735560705194,148.00337833982033,236.98523160737253,311.26355392175293,397.45817390009734,474.17823653137015,529.5073181741684,569.7174738412014,588.9252923758667,606.5904714055439,584.1232746604094,547.3810373039972,511.7225810925291,436.3129610726686,348.919761549844,241.75400720567177,138.4377116251204,85.16454661418682,158.41717078650282,276.4489102890442,390.1499711649355,490.8574131048649,598.4062165452494,674.6591732126674,708.9217164116219,5.0990195135927845,762.4729503398793,734.2268041960876,694.8323538811359,629.9857141237411,542.0940877744379,440.5110668303351,342.6908227542722,266.59707425251315,227.705950734714,264.5600120955546,410.2157968679412,552.8978205780884,637.3421373171556,749.2162571647789,838.1079882688149,949.09325147743,916.3863813916048,928.453014427763,875.311373169571,819.0195357865404,741.1949810947184,638.2233151491725,541.8671423882427,463.49217900629134,444.883130720867,501.4718337055433,4.47213595499958,9.055385138137416,7.810249675906654,5.0990195135927845,7.0710678118654755,4.123105625617661,2.23606797749979,5.656854249492381,9.848857801796104,13.92838827718412,3.0,687.0291114647181,567.0432082302018,444.6684157886638,372.4741601775887,351.33032889290956,404.02227661355505,543.4013249891833,694.3918202283204,845.6535933820657,969.115576182738,1064.8755795866482,1163.933417339669,1187.8253238586892,1211.3236561712151,1199.426946504038,1142.3659658795862,1063.6634806178126,943.7568542797452,813.2041564084631,689.6549862068714,588.8038722698756,692.6940161427699,703.2588428167825,815.1036743874978,961.2200580512248,1126.2348778119065,8.246211251235321,1369.2990907760072,1437.399039932892,1471.8505358901086,1471.480886726022,1423.413151548067,1351.8061991276709,1231.6858365671012,1138.353635738912,1000.5938236867146,879.5862663775509,780.0083332888181,702.6983705687669,685.2868012737441,740.0,840.647369590841,935.2331260172514,1035.5182277487925,1111.444555522227,1165.6800590213422,1199.8354053785877,1192.891026037165,1172.2614896003363,1152.000434027696,1072.9864864013898,998.6170437159582,907.3786420232736,13.45362404707371,10.198039027185567,10.295630140987,2.0,0.0,0.0,0.0,128.0,6.708203932499369,12.206555615733702,4.123105625617661,995.46220420466,953.925049466676,892.5183471503541,843.5336389261545,777.1904528492356,680.9441974200236,645.8637627239974,617.3629402547581,599.6165441346661,613.4248120185554,650.6919393998976,667.6585953913872,696.9512178050915,738.4070693052715,747.4389607185325,750.0539980561399,738.3562825628288,722.9010997363332,692.6153333561133,645.5640944166582,607.6726092230914,582.494635168428,569.0483283518194,522.044059443262,541.0702357365446,552.20376673833,16.1245154965971,581.6012379629191,592.8279683010916,591.3391581825103,586.4213502252454,576.1701137684946,453.4247456855437,410.1121797752415,404.4267548023993,375.6660751252367,343.11076928595526,323.1903463904824,288.5619517538652,286.29530209208815,317.28851224083104,344.81589290518497,384.166630513375,413.2069699315345,446.75384721342914,447.0548064835004,462.60242109180535,445.7858230136979,425.82273307093413,401.3601873629222,353.17134651610684,316.89745975630666,276.4633791300396,14.317821063276352,5.0,12.16552506059644,8.246211251235321,8.94427190999916,11.40175425099138,14.422205101855956,11.40175425099138,13.0,19.026297590440446,19.1049731745428,360.4719129141687,370.01216196227927,359.06823863995544,374.7238983571771,344.0842919983416,299.90165054564136,274.2207140243056,251.745903640953,244.07375934335911,227.26636354727023,252.57870060636543,249.28096598015665,288.39209420509434,304.3451987464235,355.9831456684431,306.4718584144391,301.73498305632376,321.13704239779,310.42712510346126,288.2308102892541,270.66215102965543,257.40629362935164,229.40139493908924,233.05364189387817,243.77243486497812,247.48737341529164,4.47213595499958,259.47061490658245,277.02887936097926,282.07268566807386,290.7232360854564,275.04545078950133,260.5993092853471,243.41733709824368,229.20078533896867,204.00980368599937,175.0,149.61617559608987,130.18832512940628,121.92620719107111,143.22011031974526,160.87883639559303,189.2353032602532,228.63289352147035,236.9155967850154,265.04527915056326,278.2103520719529,278.0593461835081,276.181100005051,264.5600120955546,246.13004692641653,203.0369424513677,168.1071087134628,0.0,0.0,0.0,0.0,0.0
2025-06-01 18:44:23.694,0,0.0,0.0,0.0,0.0,0.0,0.0,45.31004303683677,55.02726596879042,143.83671297690307,238.6650372383856,307.14817271147814,393.0814165029937,457.31936324629856,510.79741581178735,551.0326669082333,584.8914429191112,600.7869838803101,591.3104091760943,543.1703231952202,498.731390630267,432.46387132337424,359.2005011132362,253.1896522372113,138.92443989449805,68.94200461257273,151.16877984557524,258.64454372748713,390.96930825833374,484.4336899927585,581.6296072243915,654.0282868500414,712.6990949903052,8.0,742.8835709584645,739.3578294709538,697.664675900966,634.955903980741,553.3470881824535,439.95567958602373,351.05127830560593,255.2038400965001,214.1494805036893,276.82666056577716,406.5095324835569,525.0952294584288,630.4173220970375,715.1195704216184,864.5669436197524,861.4325278279199,923.09154475599,942.5290446453096,906.1947914218002,854.8994092874319,754.1418964624628,650.3698947522095,526.1796271236658,483.86465049639656,449.16923314047233,488.3205914151071,9.0,4.47213595499958,13.152946437965904,10.63014581273465,9.848857801796104,22.20360331117452,3.1622776601683795,2.8284271247461903,15.297058540778355,14.212670403551895,9.055385138137416,694.8820043719653,589.4709492417757,476.04726656079015,384.3982310052948,361.1993909186448,412.2438598693739,549.0227681981869,698.3237071731132,833.1446453047633,949.8010317956072,1064.926288528929,1155.9628021696892,1192.9501246908858,1216.453862668042,1174.9604248654505,1136.5676398701487,1047.1375267843284,929.3922745536462,815.4097129664326,686.2076945065539,589.0415944566224,660.6822231602724,710.9458488520768,831.6183018669082,969.0128998109363,1121.3001382324005,8.602325267042627,1346.011144084625,1418.8474195627944,1446.6447386970997,1455.200673446793,1377.9118259163029,1332.0994707603484,1197.7520611545613,1080.3355960070926,969.2620904585096,843.2585605850675,744.452819190041,666.0030029962328,656.4000304692254,719.1355922216617,818.1980200416034,891.3994615210399,987.1676655968832,1084.3117632858182,1136.2204891657252,1167.4951820029066,1154.5821755076597,1130.7630167280852,1086.0501830026087,1023.0591380756052,962.1418814291372,896.3152347249264,6.4031242374328485,12.16552506059644,5.385164807134504,19.1049731745428,0.0,0.0,0.0,128.0,1.4142135623730951,6.708203932499369,8.0,970.7481650768132,923.1430008400648,876.2676531745309,820.4498765921048,777.3004567089871,689.7485048914568,659.6878049501901,629.6324324556351,620.4675656309522,632.8925659225268,655.5364215663383,702.09970801874,724.3569562032244,727.2420504893814,755.129790168551,752.7848298152667,737.9762868819024,707.9611571265757,688.5230569850221,649.73302209446,612.694050893266,579.1459228899051,594.0614446334655,554.5962495365435,546.9963436806502,569.8780571315235,8.54400374531753,589.3564286575654,616.2937611237031,640.3124237432849,625.22395987358,601.9975083004912,455.80368581221455,416.4912964276685,390.69809316145887,368.27435425236985,340.77118422777477,320.3576126768334,291.240450487222,313.31294259892934,337.3218048095913,366.525578916397,405.7647101461634,434.3662049469319,463.3497599006608,454.84282999735194,478.2572529507525,428.8519558075957,417.1198868430993,391.8290443548053,341.62113517755307,293.6153946917634,260.969346858975,2.8284271247461903,6.082762530298219,7.211102550927978,25.238858928247925,8.246211251235321,14.142135623730953,12.041594578792296,7.0710678118654755,5.0,6.0,12.041594578792296,361.53561373673824,363.6756796927724,347.67369759589235,350.0,311.9054343867705,291.247317584214,246.3432564532669,232.22833591101667,205.54804791094463,243.18717071424635,224.26992665089983,280.7026896914242,290.2430016382824,315.0745943423557,338.09466130064817,308.4234102658227,321.6022387981775,310.90995481007036,294.92032822442064,294.26858479966904,258.3834360016137,240.01041644062033,215.5736533067063,207.73540863319377,233.75414434828744,226.06193841511663,7.0710678118654755,265.1980392084376,276.05253123273474,286.27609051403505,291.00171820798585,287.3412605248331,265.06791582535976,243.88931915932687,209.8475637218598,190.0973434848578,170.84788555905513,126.01587201618692,120.7393887677091,119.01680553602505,130.86252328302402,147.12239802287073,185.930094390338,238.36526592605728,249.64975465639856,264.0075756488817,279.97857060853784,282.02304870347035,277.9946042641835,263.10834270315337,243.8708674688307,208.8276801575883,163.783393541592,0.0,0.0,0.0,0.0,0.0
2025-06-01 18:44:23.700,0,0.0,0.0,0.0,0.0,0.0,0.0,71.58910531638176,35.35533905932738,117.72000679578642,208.19462048765817,299.47453981933086,381.064299036265,455.2142352782918,513.8579570270368,560.3079510412109,597.4688276387313,599.5740154476343,607.2972912832726,575.4389628796438,533.3216665390597,457.72480815441935,364.73689147109866,257.41017850893155,164.0,65.60487786742691,127.76932339180638,240.41630560342617,375.23859076592856,489.2647545041437,577.070186372507,651.5681084890512,716.4635371042967,10.295630140987,756.4846330230376,736.8371597578396,700.9001355400069,639.9851560778578,553.2178594369491,468.6245832220072,362.1118611699981,266.39069052802876,218.24756585125985,240.11039127867832,394.689751577109,501.7250242911948,637.8973271616679,718.4037861815596,779.3311234642179,866.8760003599131,952.748130410131,907.2733876842194,910.1785539112642,847.254389188985,745.7486171626468,624.7575529755522,537.9814123183068,475.1305083869063,413.359407779719,475.09577981708065,5.0,5.0990195135927845,5.830951894845301,8.06225774829855,9.219544457292889,4.47213595499958,9.219544457292889,9.433981132056603,3.1622776601683795,8.06225774829855,1.0,654.31261641512,543.9209501388966,437.4528546026417,363.3689584981084,330.55256768024054,418.8520025020771,533.3460415152624,668.1616570860677,798.4015280546499,965.9280511508092,1063.0757263713624,1120.443215874861,1177.9579788770056,1168.9195866268988,1142.702498465808,1119.6879029443874,994.5219957346344,883.0475638378716,752.7881508100403,622.042603042589,546.816239700322,626.2786919575022,654.4646667315203,798.6695186370894,940.4179921715662,1091.500343563849,10.04987562112089,1303.7365531425437,1401.850562649243,1397.900211030816,1411.1502400524191,1341.851333046996,1271.5124851923397,1131.1025594525015,1026.9371937952194,878.6626201221945,767.1779454598523,640.3452193934144,590.122021280345,606.5509047062744,656.9056248807739,763.7754905729824,848.2039848998588,957.9404991960618,1002.7342619059148,1082.1612633983902,1093.4006584962349,1064.6318612553357,1073.9832400926934,1035.7475561158712,965.4926203757334,868.2822121867981,797.3035808272781,11.04536101718726,8.06225774829855,5.385164807134504,3.1622776601683795,0.0,0.0,0.0,128.0,8.54400374531753,14.317821063276352,17.69180601295413,896.8996599397282,840.0964230372606,807.7945283300699,730.8960254372711,674.1898842314382,612.5177548447065,567.0079364523922,552.4137941796891,553.6153899594916,605.9125349421317,621.1537651821809,665.1744132180672,722.2831854612151,741.7007482805986,731.3884057052039,734.7986118658636,711.351530538875,680.4858558412511,641.0631794136987,594.6494765826335,574.8260606479146,525.2361373706116,473.7298808392816,485.44000659195774,487.41050460571734,486.0462940914168,5.385164807134504,537.2671588697749,572.8123602018378,565.6023337999942,576.7841884101887,569.3452379707763,435.1057342761642,396.3395009332277,380.2578072834271,347.1310991541956,308.09901006007794,286.2446506050375,275.2780412601049,277.0884335370208,302.49793387724156,328.12345237730267,352.40459701882435,393.547964039963,400.6607043372235,396.4101411417221,407.0196555450363,395.9254980422453,395.58816969166304,366.2308015445998,341.5333073069155,289.932750823359,238.8242031285774,15.132745950421556,7.810249675906654,17.804493814764857,12.649110640673518,13.341664064126334,10.0,4.47213595499958,2.0,3.1622776601683795,9.219544457292889,3.0,336.6021390306366,349.4137948049561,335.0373113550191,321.56647835245514,320.39506862621965,275.6320010448714,245.20399670478457,229.0938672247688,214.28252378577213,206.40009689920203,250.09798079952583,278.0287754891569,308.14606925936926,331.6941362158819,340.4717315725345,336.8679266418814,315.83856635946154,316.53751752359466,300.4330208216134,268.21073804007176,248.65236777477105,216.9469981354893,219.66565503054863,204.4162420161373,223.0425968284982,243.4953798329652,9.848857801796104,277.94963572561124,298.43927355493946,292.0273959751037,315.15869018638847,301.03322075810837,275.0509043795348,240.41630560342617,225.03555274667156,200.8606482116395,160.4244370412438,124.08464852672148,97.41663102366044,99.0050503762308,130.97327971765844,179.47980387776224,203.11819219360927,218.7532856896097,257.93410011086166,284.0176050881353,297.0151511286924,294.7575274696136,277.90825824361536,274.8235797743709,245.42208539575245,222.61176967986216,161.8177987738061,0.0,0.0,0.0,0.0,0.0
2025-06-01 18:44:23.706,0,0.0,0.0,0.0,0.0,0.0,0.0,144.99655168313487,66.007575322837,36.345563690772494,109.4440496326776,209.88091861815357,292.2190958852621,364.17715469260287,433.7026631230203,505.4750241109841,553.3064250485439,578.2750210756125,585.9419766495655,579.2797251760154,568.1197056959035,507.89073628094457,441.19496823966614,361.4982710885351,255.180328395431,144.1700384962146,82.09750300709517,158.927656498169,274.3027524469997,381.7905184783928,498.96392655180995,596.7545559105519,654.9969465577683,10.770329614269007,737.6211764855996,743.4097120699998,718.7523913003698,670.3946598832661,599.5681779414248,507.46625503574126,412.68510998096355,319.8280788173546,238.1365154695936,213.96495040076073,288.44410203711914,437.13842201298206,556.493486035551,686.9308553267934,778.0025706898404,815.2214423087754,973.4644318104284,936.324729994888,913.888942924686,876.2745003707457,778.8324595187337,703.2410681978122,564.5546917704254,468.48052254069216,402.82254157383,421.4320823098308,5.0,9.848857801796104,16.492422502470642,14.866068747318506,6.708203932499369,18.973665961010276,13.41640786499874,10.44030650891055,7.280109889280518,9.848857801796104,18.24828759089466,768.4230605597414,645.2015189070776,517.7306249392632,372.6070316030013,326.0981447355995,335.96577206614364,465.1849094714918,621.486122129851,777.8078168802368,907.4938016317246,1059.63106787221,1157.5841222131548,1203.3162510329528,1229.78453397333,1218.4879974788423,1183.0152154558284,1090.6021272673183,971.9470150167652,829.4269105834462,694.7028141586876,562.285514663147,609.8524411691733,630.4855271931308,720.2700882307969,877.6702114120087,1040.1922899156675,16.15549442140351,1293.5841681158597,1397.971745064971,1421.9796060422243,1433.2201505700373,1370.6513050371343,1305.3432498772115,1188.0824887186916,1066.949389615084,933.6434008763732,787.210264160726,659.1206262893007,569.442710024459,572.1258602790124,640.6004995314943,703.3754331791806,807.6942490819159,904.6220205146456,987.0810503702318,1044.1613859935635,1082.6804699448494,1089.5063102157785,1049.0386074878274,1010.2697659536288,943.5094064183992,883.8563231657055,781.4768070774718,11.704699910719626,14.0356688476182,12.16552506059644,2.23606797749979,0.0,0.0,0.0,128.0,5.0990195135927845,11.31370849898476,18.788294228055936,880.954028312488,825.4604775517723,782.084394423006,715.47816179112,648.7873303325213,543.8538406594183,525.5720692730922,527.185925457044,520.2778104051719,562.8818703777907,600.0041666521992,644.5991002165609,692.6333806567512,730.7762995609532,722.5427323003117,741.0242910998262,711.3262261438138,693.5416353759881,632.9178461696273,579.0138167608783,559.7159994139885,531.2748817702565,491.85871955267805,486.1028697714096,487.8944557996125,500.97205510886533,12.16552506059644,568.2508249004131,598.8589149374,619.9395131785036,627.0326945223829,603.675409471017,478.5154124999528,432.6950427263987,408.71750635371615,388.0618507403169,342.566781810496,321.90837205639747,295.296461204668,300.0266654815868,335.16712249264543,357.39334073258834,390.9130338067535,436.7150100465978,458.5204466542359,455.80697669079177,472.826606696366,451.9557500463955,426.85477624128794,381.6556039153624,347.57589099360735,294.7626163542453,243.232399157678,11.40175425099138,7.0710678118654755,18.68154169226941,7.280109889280518,5.0,8.06225774829855,4.47213595499958,12.0,10.04987562112089,8.06225774829855,15.231546211727816,363.7169228947149,342.9125252888847,330.6070174693816,303.2094985319556,270.09072549793336,226.8942484947558,212.43822631532208,188.09572031282372,183.04371062672436,244.24782496472716,276.9566753122228,311.1735849971845,302.42354405700627,333.8622470420997,356.4393356519451,316.1803282938393,288.5307609250702,313.789738519283,285.49080545614777,250.89041432466087,241.8677324489565,212.8497122384712,190.16045856065872,205.275424734672,225.84286572747877,237.49736840647307,7.211102550927978,280.49242414011826,283.9788724535683,278.65749586185547,278.6844093235214,277.46170906991836,244.65894629054543,218.28879952943075,208.4346420343797,160.20611723651504,131.03434664239754,97.082439194738,111.19802156513396,127.09445306542688,154.7804897265802,187.8004259846074,210.11663427725088,237.4742091259596,249.7218452598811,268.9851297005097,265.6633207652121,276.4416755845616,253.7282010340987,234.3885662740399,195.47889911701463,156.0833110873805,118.53269591129698,0.0,0.0,0.0,0.0,0.0
2025-06-01 18:44:23.707,0,0.0,0.0,0.0,0.0,0.0,0.0,25.495097567963924,96.87620966986684,185.23768515072737,270.29613389761977,350.9943019480516,430.2476031310343,485.3246336216615,533.0309559490893,563.727771180381,576.0217009800933,570.9404522364832,558.9391737926409,495.72270474530416,451.7277941415604,379.8025802966589,280.0071427660373,188.04254837669055,91.67878707749138,103.07764064044152,214.9720912118594,326.17326683834773,429.6347285776605,531.7386576129293,603.8418667167755,673.0185732949723,716.8270363204781,2.23606797749979,722.8637492639951,682.399443141625,628.7360336421001,553.1600130161254,481.2036990714016,375.71265616159377,267.46962444359923,217.29703173306348,238.3149177034455,307.35809733924367,446.0179368590461,588.8403858432266,691.5583850984673,742.7011512041704,893.141086279206,928.1406143467702,908.3705191165112,897.1967454243244,860.6189633048996,755.5957914123132,669.4475334184151,558.4639648177848,457.78269954204256,404.2499226963439,446.70012312512296,504.2191983651555,8.06225774829855,7.615773105863909,4.47213595499958,0.0,4.47213595499958,5.0,17.029386365926403,26.40075756488817,8.06225774829855,11.40175425099138,7.615773105863909,638.6250856331906,507.01084801017817,398.94485834511016,326.712411763006,344.7100230628637,414.03502267320334,571.0481590899318,727.049516883135,849.5881355103778,999.171656923874,1101.9296710770611,1173.714190082066,1205.48289079522,1210.5391360877186,1171.6381694021409,1137.7258017642037,1008.8989047471506,899.3386458948598,767.3447725761869,594.7133763419148,523.4548691148073,605.7986464164475,671.339705365324,807.4856035868379,969.5545368879464,1131.8515803761552,5.830951894845301,1361.296808194304,1408.0127840328723,1432.205641659046,1421.149182879827,1369.6090683111,1289.485168584734,1164.3023662262308,1038.678487309716,884.265231703701,752.4493338424853,636.8586970435435,577.4054035077954,575.0217387195027,647.7978079617127,738.307524003379,850.9430063171094,952.3024729569908,1014.2435604922516,1060.630472879221,1079.9282383566049,1059.879238404074,1050.4537114980365,1019.3885422153812,945.2052687115112,856.7566749083429,777.9267317684873,10.295630140987,4.47213595499958,12.041594578792296,13.601470508735444,0.0,0.0,0.0,128.0,6.708203932499369,29.206163733020468,19.4164878389476,865.6032578496918,816.5194425119344,765.5984587236314,699.0314728250796,635.4919354327009,542.5172808307584,512.6499780552028,484.2323822298546,481.06652346634974,504.3857650647964,556.1888168598862,592.5976712745335,637.8032612020731,663.6000301386371,661.0363076261394,709.7443201604364,674.641386219375,677.2798535317584,617.3815675900926,568.9191506708137,558.5499082445543,523.8950276534413,460.7168327725828,454.0418482915424,454.58772530722825,458.3939353874569,7.0,519.7730273879167,546.7732619651404,572.3093569041135,575.1182487106456,600.100824861956,470.1159431459435,444.101339786315,418.1686262741384,377.01060993027767,351.14099732158877,311.1944729586308,297.6071235706565,282.8462479864281,297.8808486626826,319.15670132397344,346.91929897311854,386.4324002979046,412.8001937984041,440.1545183228272,421.1994776824872,432.90645640831,409.18088909429775,394.1294203684876,369.82157860243905,316.56436944166666,264.0776400985134,11.40175425099138,4.47213595499958,8.06225774829855,16.97056274847714,10.04987562112089,8.602325267042627,1.0,9.219544457292889,11.180339887498947,4.123105625617661,11.04536101718726,353.1401987879601,349.82424158425613,347.41617694056794,338.85099970340946,304.59973736035954,285.41373477812874,252.0972034751675,258.9382165691268,233.6193485137736,173.0,218.1238180483736,259.7306296916095,266.8107943843352,299.48789624958135,311.7081968765018,289.05708778717053,320.61971243203374,315.8259014077218,297.6743186773088,275.26169366622736,264.7508262498911,234.82759633399135,225.523834660552,207.54276667713572,193.68531178176625,213.26274873967088,9.219544457292889,235.76683396949625,255.906232827573,273.38617375427015,280.26416110519733,262.42903802742563,268.1510768205118,249.6096953245206,240.18534509832193,216.6333307688362,171.40595088852663,151.19854496654392,127.58134659894448,112.36102527122117,114.94781424629178,140.24621207005913,160.85397104206038,197.12178976460217,222.0360331117452,259.9249891795708,268.69313351851775,271.27108213003464,273.38617375427015,271.53268679847736,251.20509548972132,222.0360331117452,184.2878183711555,0.0,0.0,0.0,0.0,0.0
2025-06-01 18:44:23.708,0,0.0,0.0,0.0,0.0,0.0,0.0,55.00909015790027,13.601470508735444,107.56393447619884,206.51876428063383,274.7289573379552,359.5066063370741,425.8368232081392,485.15255332730135,530.5883526803052,550.9736835820745,568.5701363947987,558.8130277651014,565.4750215526766,501.3551635318021,449.94777474724776,345.30131769224397,262.20602586515815,166.50825805346713,101.07423014794622,129.72663566130126,236.5417510715603,365.0753346913483,452.428999954689,557.1965541889145,628.0613027404252,680.3359464264695,20.615528128088304,738.047423950521,706.7022003644817,677.6488766315488,604.7520152922187,532.2602746777181,438.9259618660077,340.8005281686048,261.6027522790997,197.2029411545375,222.10357943986403,348.5656322703086,502.8419234709851,582.5478521117385,734.8802623557119,782.6927877526406,861.8381518591527,890.4453941708049,876.597969424981,863.6538658513606,808.1788168468659,733.758815960667,661.9365528508,547.5636949250744,466.47293597806936,408.1188552370498,454.00991178607546,14.317821063276352,12.36931687685298,2.8284271247461903,3.1622776601683795,7.615773105863909,12.529964086141668,12.041594578792296,23.323807579381203,4.123105625617661,13.038404810405298,9.486832980505138,702.2855544577291,601.3401699537459,470.3668780856067,361.58124951385406,323.1485726411305,362.6927073984256,490.2295380737477,618.4698860898565,793.095202355934,910.2906129363304,1011.3896380722912,1125.536760839023,1166.0025728959606,1202.3747336001368,1194.2466244457214,1113.5331158075182,1063.462740296998,947.1351540303,815.9785536397387,691.8012720427738,577.7793696559268,631.8544136112369,632.8609641935581,734.7924877133679,893.9440698388239,1030.4295220926078,11.180339887498947,1298.1282679304077,1373.5825421138695,1421.0661490585155,1397.7471158975789,1371.4576187400032,1299.5268369679789,1164.2134683983002,1068.436240493554,941.4547254116897,793.6403467566402,677.1735375810251,582.3787427439295,591.6696713538729,629.0890239067918,708.1256950570287,807.309110564225,888.1261171703037,974.3849342020842,1018.9445519752288,1051.894481400107,1057.386400517805,1039.6061754337552,995.4822951715414,949.3376638478009,868.0207370794778,790.0189871136009,17.11724276862369,6.324555320336759,11.704699910719626,5.0,0.0,0.0,0.0,128.0,11.180339887498947,4.123105625617661,21.37755832643195,818.400879764923,791.4947883593422,740.1222871931368,700.0178569150933,620.4232426336073,540.0712915902863,526.119758230006,507.0266265197519,500.72048090726224,530.9246650891255,555.476372134765,583.191220784401,625.2839355045035,657.7423507727019,673.0898899849856,650.2584101724483,649.8876826036942,628.9650228748814,611.1382822242442,563.5778562008979,523.9179325047006,513.5854359305762,466.44399449451595,471.70435656245536,488.9427369334777,493.0922834520938,17.69180601295413,556.5042677284695,583.6582904405625,602.1993025568861,587.4504234401402,585.7729935734491,447.21918563496354,418.6466290321708,407.49233121618374,363.3290519625426,346.5616828213991,316.8359196808342,290.5202230482415,285.27180021866866,306.0228749619871,341.2565017695634,361.08724707472015,402.88087569404433,421.8447581753269,433.14893512509065,435.4962686407313,436.5775990588615,425.0423508310672,385.63194888390666,346.38995366494106,299.81661061388843,275.87315925983086,10.295630140987,12.041594578792296,12.083045973594572,1.0,7.810249675906654,9.486832980505138,3.0,1.0,14.212670403551895,3.605551275463989,13.41640786499874,358.8606972071475,381.1889295349486,340.4717315725345,363.2547315589984,309.0792778560219,260.24795868555816,247.9294254419995,248.29418035870273,228.5278976405288,210.23796041628637,224.22310318073824,276.53932812531383,303.1517771678075,318.0,357.5276213105779,326.9388321995416,339.4775397577872,317.56889016400834,320.2264823527249,281.19210515233175,250.0,228.11619846034608,209.0287061625747,210.35446275275456,223.3942702935776,228.0021929719098,7.211102550927978,273.80467490530543,293.97278785629123,296.95117443781896,302.04966479041155,277.46170906991836,267.3275144836386,237.5310506018108,220.73740054644117,190.1183841715472,158.5339080449353,129.07362240210043,113.1370849898476,119.50732195141852,145.41320435228707,171.81676286090365,205.93445559206452,226.00221237855172,258.9922778771599,264.60914572251653,281.9024654024863,270.69170655932555,264.27258654654287,249.1906900347603,216.390850083824,180.22763384120648,138.0507153186828,0.0,0.0,0.0,0.0,0.0
2025-06-01 18:44:23.714,0,0.0,0.0,0.0,0.0,0.0,0.0,116.0775602776006,17.804493814764857,80.77747210701756,172.53985046939155,271.01291482141585,355.69228273888655,425.88261293459726,497.76500479644005,542.5513800553824,595.8968031463166,593.7844726834813,600.2107963040985,585.7721399998467,545.5346001859094,485.51930960570456,395.5451933723882,287.17242207426534,187.2431574183687,104.5609869884557,131.3202193114221,259.9153708421262,367.8872109764078,476.1774879181081,567.3314727740741,651.1528238439882,711.4077593054492,7.810249675906654,755.3442923594512,745.3220780306995,706.1196782415853,639.203410504043,549.1930443842128,471.03396905106536,365.8155272811694,257.12253887981115,210.3758541277967,260.731662825979,356.4772082475961,506.119551094403,614.3394826966602,726.0371891301437,843.4832541313432,886.0033859980446,954.3547558429204,890.9163821594034,884.8785227363132,811.5177139163384,745.6124998952204,668.117504635225,535.3148606194302,429.6382199013491,395.2138661535043,403.58642197180023,7.0710678118654755,11.180339887498947,6.708203932499369,14.317821063276352,9.219544457292889,11.180339887498947,3.1622776601683795,19.4164878389476,11.704699910719626,3.605551275463989,7.211102550927978,737.4035530155791,614.9617874307313,511.9882811158865,364.3103072931097,324.35320254315354,369.00135501106223,478.7316576120698,626.8883473155328,768.6982502907106,919.8570541122136,1042.2403753453425,1138.6628122495265,1191.659347296869,1216.253263099425,1190.060922810257,1183.076075322293,1081.0041628041956,956.1851285185312,830.7899854957328,682.4551267299557,582.8842080550819,641.1591066186302,650.7134546019469,739.1955086443639,892.4180634657728,1051.9971482851083,19.313207915827967,1294.7185022235528,1406.4608064215654,1417.7506833008404,1439.1723315850677,1353.7887575246,1285.9315689413647,1179.6715644619055,1055.5699882054246,925.5338999734154,799.4529379519472,666.9730129473006,595.451089511137,592.4660327816271,637.3233088472443,724.2237223399962,816.9026869829723,908.0550644096425,966.2815324738438,1031.2211208077538,1076.442288281169,1047.8721296036076,1032.4001162340112,1005.0243778137922,930.6395650304148,839.5981181493918,753.1015867729931,23.259406699226016,8.246211251235321,2.0,7.0,0.0,0.0,0.0,128.0,17.0,5.830951894845301,6.082762530298219,862.5155071069737,807.4280153673143,756.7568962355084,672.9583939590916,603.411965410034,545.2017975025394,514.9951456081892,487.1765593704196,503.9563473159158,529.1398680878242,588.8701045222112,620.5433103337751,658.6683535740882,678.7238024410224,685.006569311565,702.3852219402114,685.3531936162551,659.9553015167012,590.3261810219838,545.7407809574065,505.7558699609922,465.72524088780074,467.73176073471853,445.3818586336898,436.61653656269135,485.9073985853683,20.518284528683193,553.3362449722591,605.9042828698275,618.0517777662321,635.9323863430766,618.5677004176665,479.4090111793895,438.5897855627739,425.6195484232368,387.6596445337069,339.2064268259079,306.96742498187,279.3027031734566,268.4268988011447,274.6142749385035,319.64042297556796,362.62652964172383,390.1858531520588,428.78899239602686,460.8188364205613,457.9606970035747,435.87383495686,430.0744121660808,396.43410549547826,365.3737812158941,311.0064308016797,256.90854403853524,4.47213595499958,10.0,12.083045973594572,5.0990195135927845,5.830951894845301,15.811388300841896,10.63014581273465,18.439088914585778,8.0,4.0,8.0,386.46345234704927,359.25478424093393,368.8807395351511,366.5760494085777,346.2268042771963,288.5220962075522,249.45139807184887,233.3109513074772,235.52919139673537,227.98245546532743,253.6217656274792,285.49080545614777,294.33654207386485,332.776201072132,352.28539566663846,314.45349417680194,319.3305497443049,343.57677453518306,312.06569821112987,285.8128758471178,281.774732721016,258.4743701027241,230.18470844085192,227.2003521124032,236.90715480964263,241.47256572952548,10.295630140987,276.08875384557047,293.20641193534635,292.20027378495047,294.72190281687585,283.8538356267183,278.52468472291645,242.94237999986743,213.71476317746513,179.42686532400882,156.01281998605114,130.43005788544295,112.53888216967503,112.0089282155668,140.6627171641441,170.8391055935379,202.03217565526535,255.76551761330143,256.09568524284043,273.28007611240156,280.5779749018087,269.74246977441277,271.02951868754076,246.983805137098,221.472345903501,177.78920102188434,135.08515832614626,0.0,0.0,0.0,0.0,0.0
2025-06-01 18:44:23.717,0,0.0,0.0,0.0,0.0,0.0,0.0,85.0411665018772,10.816653826391969,105.3612832116238,199.04019694524015,299.93332592427936,384.04687213932624,451.22056690713913,523.6917031995065,573.6941693969009,607.5631654404339,613.3163946936361,621.2889826803627,590.2651946371224,545.8937625582472,470.7122263124254,373.9090798576574,288.37649002649295,181.57092278225608,101.04454463255304,158.05062480104277,278.0647406630334,395.3036807316623,493.3011250747357,603.2056034222494,687.3958102869118,738.2201568637909,13.45362404707371,771.8911840408595,731.8367304255779,711.5539333037236,649.5567719606963,528.9281614737487,462.0043289840475,356.4267105591274,270.78035379251577,196.65451939886864,224.8777445635739,393.7321424522006,485.6850831557419,616.4576222255671,726.2155327449283,786.395574758658,867.8824805237169,916.3590999166212,909.901643036213,871.2290169639668,821.0024360499791,726.2981481457873,624.94799783662,520.1096038336535,414.77343212891543,388.2177224187479,418.70753516028344,28.16025568065745,22.84731931759173,9.0,13.341664064126334,7.0710678118654755,6.708203932499369,14.0,16.55294535724685,4.47213595499958,19.0,17.88854381999832,708.9605066574583,596.3430220938282,453.1864958270491,338.43463179763387,294.96101437308624,340.58772731852804,470.791886081313,632.2040809738577,783.53366232728,922.6266850682348,1049.078166773096,1130.9045052523225,1197.086880723367,1226.411024086134,1221.5928126835065,1173.8867066288808,1073.4360716875506,975.1661396910785,839.4313551446598,702.2001139276467,574.1236800550905,626.8093809125705,640.5411774429494,755.9530408696032,915.8220351138096,1070.4812002085791,14.560219778561036,1331.544216314276,1407.372729592271,1430.959468328855,1459.7150406843111,1382.0709099029616,1310.4522120245365,1180.2224366618354,1067.462411516209,934.963635656489,792.8997414553746,676.8589217850349,587.4027579097667,591.5741711738267,644.5246310266195,757.8133015459679,834.436935903487,915.6003494975304,996.5791488888376,1041.7528497681203,1070.8772105148191,1074.906972719035,1040.4772943221778,1010.391013420052,926.9412063340372,841.5794674301411,768.8016649305594,3.1622776601683795,11.31370849898476,8.602325267042627,6.0,0.0,0.0,0.0,128.0,7.280109889280518,8.48528137423857,18.35755975068582,867.6018672179077,800.2362151265088,746.4382090970424,671.9077317608422,608.6452168546139,528.7768905691701,508.240100739798,505.9426845009225,507.56772947065895,530.9698673182877,575.128681253161,626.5476837400327,662.6024449094646,690.7155709841787,696.0208330215411,704.5353078448234,688.8867831509035,629.0627949577054,577.7793696559268,539.636914971539,481.202660009273,452.49198887936126,433.0461869131282,415.76555893916947,416.8069097315926,461.34585724811706,6.4031242374328485,542.0590373750815,563.2486129587893,591.9797293826875,601.0407640085654,588.6229693105767,466.30891048745787,412.3614918975825,384.2199890687625,356.61884414595926,297.6995129320839,261.0,225.21989254948153,233.62576912660984,237.1855813492886,296.66479400158016,330.32408328791286,353.78665887791755,403.7635446644484,417.9246343540902,444.1643839841281,427.8890042990122,397.37262110014575,391.0652119531984,352.6825768307814,310.64449134018133,275.61023203067043,5.0990195135927845,7.0710678118654755,12.206555615733702,14.560219778561036,13.152946437965904,6.082762530298219,16.15549442140351,9.433981132056603,13.0,5.0,8.54400374531753,341.6738210633059,347.3326935374786,363.7856511738746,359.54693713060607,330.80054413498175,282.17902119044925,267.04306768759227,242.0764342103543,230.25637884757936,231.14064982170487,227.69497139814047,256.46247288833507,284.6928169097352,320.6524598377502,355.8033164544704,312.60518229869444,324.45955063767195,331.49358968161056,304.1052449399714,296.1621177666043,271.9503631179778,247.14570601165624,217.63501556505105,215.56437553547664,238.2015952927268,237.1349826575573,8.246211251235321,276.4416755845616,298.3236497497307,297.5315109362368,289.99310336626974,281.12808468738945,269.9814808463721,242.83533515532704,223.06277143441037,176.0454486773231,147.6279106402309,126.49505919204908,115.94826432508596,119.553335377981,137.31715115017496,166.6283289239858,201.72506041639943,236.07202290826416,249.23884127479008,255.48581173912575,271.3595400939499,266.5576860643865,265.04716561397146,238.81373494839028,215.0372060830404,187.2591786802452,152.16109883935513,0.0,0.0,0.0,0.0,0.0
2025-06-01 18:44:23.719,0,0.0,0.0,0.0,0.0,0.0,0.0,78.56844150166147,19.4164878389476,114.00438588054408,200.14244927051337,289.4304752440558,375.68337732723813,444.0405386898813,516.7920278022872,569.2776124177026,585.0854638426766,602.7677828152397,601.538859925109,586.4094132941592,528.8941292924322,452.5682269006519,382.367624152464,274.0602123621742,169.57889019568444,94.64142856064674,166.85922210054798,260.78343505675355,394.53390221880807,508.4102674022231,600.9534091757863,680.1088148230399,747.4523396177177,6.082762530298219,767.0234676983489,752.8751556533128,716.5528591806748,647.0857748397812,558.7933428379404,450.24993059410906,347.476617918386,249.81593223811808,184.200977196105,258.18210627384695,378.1071276768001,487.2832851637741,634.1987070311638,717.7854832747734,828.2415106718571,934.8031878422324,939.4897551330722,947.1351540303,883.6543441866849,826.7393785226394,757.6621938568666,628.8147580965319,526.2166854063067,440.0693127224392,401.0498722104272,437.85842460777206,13.341664064126334,5.0,12.16552506059644,7.280109889280518,9.848857801796104,12.529964086141668,2.0,13.0,2.23606797749979,19.313207915827967,4.47213595499958,749.7946385511169,598.9899832217563,478.64914081193126,350.44257732187737,317.67436157172017,383.575285960918,527.7309920783505,663.9954819123395,846.1707865437095,980.36166795729,1107.1630412906673,1190.6892961642009,1267.9684538662625,1289.0655530266877,1261.7020250439484,1200.870517582974,1108.8597747235672,989.517559217622,829.4703129105948,674.5494792822836,577.3387220687696,613.7564663610478,654.1200195682746,761.4630654207728,928.0829704288298,1102.8549315299815,15.811388300841896,1365.1216063047275,1449.3008659350205,1483.5262046893542,1482.8030887477946,1417.3962043126826,1333.536651164864,1218.823202929777,1069.3035116373649,924.4295538330653,779.9487162628066,649.8276694632201,594.395491234582,581.8212784008505,663.8109670681857,748.8017093997582,841.0856080090778,961.1331853598648,1015.0157634243914,1082.3700845829028,1102.5284576826125,1054.8767700542087,1063.7903928876217,1010.2895624522704,952.4505236493916,850.1699830033991,766.0450378404654,10.0,11.0,14.422205101855956,14.317821063276352,0.0,0.0,0.0,128.0,10.198039027185567,19.697715603592208,8.94427190999916,887.7775622305398,820.4998476538555,765.8988183826895,684.1235268575406,625.4158616472722,534.0599217316349,494.1012042082067,496.5259308434958,477.6107201476952,538.1867705546096,578.4332286444132,631.5512647442011,672.6499832751057,706.3426930322137,704.7162549565605,699.6120353453048,688.6624717523091,640.7058607504695,612.5422434412177,544.2177872874057,510.76902803517754,468.26488230487666,407.84801090602366,437.068644494203,458.6349310726343,481.8339963099325,4.47213595499958,575.302529109685,617.9813913055958,648.8913622479498,655.1518907856406,634.2373372799807,514.5959580097768,460.9566140104728,433.58274873431026,368.6475281349381,325.2076259868455,282.0248216026384,247.14570601165624,246.6779276708802,269.46613887462746,312.47399891831,346.8313711301214,425.0176466924638,446.2969863218886,470.3232930655253,481.2743500333256,463.0874647407334,477.8001674340435,448.1885763827543,392.90202341041714,333.0135132393279,291.8030157486382,6.708203932499369,15.132745950421556,11.704699910719626,9.055385138137416,7.0,8.06225774829855,15.033296378372908,8.06225774829855,4.123105625617661,3.605551275463989,5.0,380.00131578719567,385.12984823303424,374.0213897626712,360.1180362047977,318.34729463276426,287.92360097775935,263.4008352302627,237.00210969525145,204.4162420161373,208.43224318708465,236.34931774811625,274.05473905772914,288.73690446494714,299.322568477554,350.051424793558,317.81283800375337,338.0014792867037,331.78908963376114,311.58465944266254,284.63485380395707,267.44158240632663,237.00843866833097,218.28879952943075,201.6382900145704,204.89997559785115,215.24404753674375,17.46424919657298,255.47211198093615,260.35360569809666,286.90416518412553,294.0901222414653,259.7941492797711,259.83456275099354,237.6047137579556,218.2406928141496,184.53184007102948,148.06079832285116,126.66885963013956,109.83624174196784,105.26157893552612,122.2620137246234,158.06960492137634,179.25400971805345,208.75104790156144,234.62523308459387,251.7717220022932,257.6703320136022,256.33766793040775,235.58650216003463,223.5754906066405,193.08029417835473,172.23530416264836,127.67536959022284,0.0,0.0,0.0,0.0,0.0
2025-06-01 18:44:23.723,0,0.0,0.0,0.0,0.0,0.0,0.0,114.9826073804208,36.013886210738214,95.88013350011563,186.98663053812163,272.12129648375554,375.7046712512369,459.1840589567543,518.6636675148935,581.7989343407222,625.4118642942425,642.2904327483012,635.4919354327009,606.394261186565,580.1120581404941,501.6303419850119,402.48354003611126,316.24357700987383,208.86598574205425,129.3213052826177,178.4432682955566,295.2100946783494,420.880030412468,521.116109902582,628.3836407800572,705.6939846704093,750.0933275266485,5.0,802.1595851200682,775.501128303499,732.7243683678058,678.6486572594099,580.521317438042,485.4739951840881,365.8428624423333,274.4922585429323,235.76471322061747,278.62519627628797,394.58585884443454,538.6993595689529,673.2562662166614,797.8370761001271,895.813038529804,942.2446603722412,954.7408025218152,1021.4700191390835,960.2671503284906,918.3681179135086,776.8172243198525,675.3850753459096,569.2213980517598,491.1140397097196,444.2758152319345,486.7329863487783,8.06225774829855,12.041594578792296,13.92838827718412,11.40175425099138,22.80350850198276,6.708203932499369,5.656854249492381,4.123105625617661,7.280109889280518,14.212670403551895,4.47213595499958,761.0794965048001,626.0175716383686,505.9496022332659,388.20741878537046,365.0123285589132,428.23941901697935,555.4898738951053,711.680405800244,874.2013498044944,1012.882026694126,1135.1973396727108,1229.4327960486494,1256.9793156611609,1265.0320154051435,1243.0325820347591,1178.3997623896569,1072.5418406756912,945.1862250371616,807.0006195784487,644.3616996687497,546.5473447012619,613.8020853662848,643.938661675163,762.9790298559981,922.7919592194116,1134.473005408238,3.1622776601683795,1369.496257753193,1450.871462259838,1470.1945449497491,1481.2494725737458,1404.4062802479914,1312.9874332985826,1170.361055401281,1054.24190772327,910.6069404523556,750.3845680715989,642.735559931143,554.2174663433118,570.3095650609413,635.6099432828281,755.3595170513178,850.7155811433101,971.2888344874556,1045.2966086236002,1106.2445480091642,1114.7179015338363,1140.22190822664,1078.860973434483,1028.5300190077098,950.9158743022434,860.275537255361,758.6415490862598,15.524174696260024,11.180339887498947,8.54400374531753,16.1245154965971,0.0,0.0,0.0,128.0,5.830951894845301,19.026297590440446,10.198039027185567,902.1535346048364,852.2124148356442,781.0716996537514,682.7188293873254,611.5962720618888,520.5247352431967,499.7299270606074,485.4121959736899,488.1721008005271,534.5886268898731,599.336299584799,645.3293732660865,687.3143385671508,713.1262160375259,738.8477515699699,740.5997569537814,718.8546445561857,683.3220324268785,639.6131643423234,553.3263051762495,524.2756908345074,470.1595473879053,453.0,417.4685616905781,422.654705403832,474.24571690211394,8.602325267042627,564.5644338780119,598.3477249894078,620.2330207268877,651.9148717432362,611.2364517925939,489.368981444472,446.0044842823892,422.1705816373282,367.6955262170047,320.0390601161052,281.88827574058485,246.3432564532669,237.40261161158273,257.00778198334774,315.69130491668597,360.8268282708479,380.52595180880894,436.1249820865574,454.82853912216194,463.9493506838866,466.27459720641014,457.75102402943895,428.1331568566023,390.3857067055606,346.95388742598055,316.17242131469976,8.602325267042627,10.295630140987,19.026297590440446,9.219544457292889,11.180339887498947,1.0,13.45362404707371,6.708203932499369,4.47213595499958,12.041594578792296,16.492422502470642,367.9252641502076,371.61539257678766,376.6656342168741,356.62445233045923,315.6263613832026,287.17938644686876,271.8234721285121,232.9978540673712,201.54652068443156,230.4972884873052,239.95416228938393,285.68689154387187,286.574597618142,353.1147122395214,334.91043578843585,351.31894341182345,328.9331239021087,319.6075718752608,323.89195729440394,290.4410439314664,263.59438537267823,241.4787775354182,211.22736565132843,191.049731745428,211.62466774929615,204.47493733951845,13.601470508735444,251.58895047279003,270.25358462007495,278.9587783167972,275.72631357924473,270.20732780589054,261.91028998494886,241.69815886762564,209.6115454835444,179.47980387776224,144.9413674559475,122.78843593759146,86.02325267042627,86.83893136145792,109.63576058932595,135.83077707206124,176.6635219845908,215.7614423385235,237.11811402758752,252.21022976873877,254.70963860835735,256.3201123595259,262.23081436017395,245.5056007507772,214.4014925321183,181.463494951464,136.20939761998804,0.0,0.0,0.0,0.0,0.0
2025-06-01 18:44:23.725,0,0.0,0.0,0.0,0.0,0.0,0.0,123.9758040909596,31.144823004794873,92.0,186.6815470259447,295.93580384941595,381.58878390225254,468.0277769534625,531.988721684962,596.395841702472,627.2933922814747,648.5213951752094,642.5464963720524,619.6160101223983,575.0521715461998,496.5561398271096,400.21119424623794,321.16195291472496,207.7137453323684,127.75758294520134,184.31766057543155,285.616876252087,425.97887271553736,532.8883560371722,639.3809506076952,710.2562917707945,774.5740765091483,8.246211251235321,804.8975090034755,788.1218179951625,743.6161644289344,663.8712224520656,574.2238239571744,496.4876634922564,366.1365865356807,289.36482163524994,237.12443990445183,270.89481353470023,419.4532155079992,530.6533708552128,666.9670156761877,782.3535006632233,897.8474257912644,961.6199873130756,1028.7978421439268,987.4598726024263,964.732605440492,866.7548673067836,791.6470173000085,669.5819591356983,560.4462507680821,460.1847455098876,433.4708756075776,490.9460255465971,13.038404810405298,5.385164807134504,8.54400374531753,4.123105625617661,11.180339887498947,2.0,7.0710678118654755,13.341664064126334,7.0,9.055385138137416,16.15549442140351,738.0006775064641,611.9191123016178,459.396343041605,383.275357934736,354.5588808646598,403.52942891442257,559.228933443183,726.0096418092531,882.4018359001753,1022.1589895901714,1148.1502514915023,1232.2763488763387,1271.1475130762756,1277.0473757852526,1251.4727324236833,1187.0016849187705,1073.783032087954,951.8508286491112,817.1034206267894,631.8243426776148,516.9622810225133,575.6083738098326,631.526721524909,769.6557672102509,945.1692970045102,1133.9215140387803,30.083217912982647,1375.3243253865612,1470.0884327141684,1500.278974057825,1490.291917712768,1445.0692024951609,1351.6819152448552,1217.8378381377383,1055.0473923004597,905.384448728826,754.8118970975484,627.2623055787745,547.6358279002571,565.8498033930912,635.0385815050925,754.2128346826246,859.2659658103537,972.086930269099,1046.5452689683327,1092.4705945699409,1119.475323533306,1085.755957846882,1084.9852533560077,1018.0397831126248,956.6404758319608,868.6748528649831,748.6000267165371,4.123105625617661,13.341664064126334,17.029386365926403,6.0,0.0,0.0,0.0,128.0,3.1622776601683795,2.23606797749979,4.123105625617661,893.4304673560221,834.4824743516187,781.2822793331486,691.5562160808042,604.7916996784926,499.1001903425804,471.11039046066475,458.2073766320224,487.01642682767897,533.7433840339381,594.7133763419148,645.4843142943134,683.7141215449627,728.7503001714648,730.2855605857204,734.9081575271838,696.5931380655426,668.7966806137722,634.3886821184627,536.0037313302959,510.0039215535504,447.29408670359146,394.0012690334893,411.325904849184,417.612260356422,455.4558156396732,3.0,544.993577943814,589.9321994941453,598.3477249894078,607.9514783270125,602.5885826996724,469.7254517268571,418.69320510368925,384.6296920415791,346.15170084805305,294.33654207386485,236.40008460235373,208.6935552430884,204.84140206510983,226.22555116520329,265.6106172576691,317.00157728314224,376.1980861195336,409.4300917128588,434.4156995321417,434.8160530615216,426.20300327426133,437.9794515727878,423.1359119715555,399.6861268545607,345.2535300326414,274.40116617827994,13.038404810405298,11.704699910719626,3.605551275463989,4.123105625617661,12.041594578792296,7.810249675906654,7.0710678118654755,3.0,10.04987562112089,5.0,12.806248474865695,390.7556781417258,387.5874094962322,368.0978130877715,370.2998784768907,349.35655139126845,295.14911485552517,265.80067720004024,238.04621400055913,193.31321734428815,198.65799757371963,221.3820227570432,298.7206052484495,306.0,323.80549717384355,360.4400088780379,349.516809323958,364.0054944640259,348.3518336394973,347.8764148372235,277.24537868105216,279.03404810166086,234.27334462119245,207.18349355100665,204.47982785595255,199.60210419732553,207.27276714513172,5.385164807134504,243.5159132377184,267.0880004792428,282.81619472724685,286.24639735724185,277.0884335370208,258.0426321366297,242.1672975444868,222.26560687609768,187.72320048411703,152.9477034806342,125.60652849274992,92.34717104492157,88.86506625215557,104.69479452198183,137.31715115017496,174.52220489095365,187.8430195668713,230.7834482799839,236.68122020980033,266.4507459175147,258.4511559269952,258.5188581129044,248.3867951401604,220.51077071199947,204.83407919582132,147.6787053031005,0.0,0.0,0.0,0.0,0.0
2025-06-01 18:44:23.726,0,0.0,0.0,0.0,0.0,0.0,0.0,97.49358953285082,26.476404589747453,97.63708311906906,198.3053201505194,285.0350855596553,372.7868023414992,450.89355728375625,525.0009523800885,581.178974155122,608.3288584310299,621.5142798037709,626.3968390724845,593.7356314050893,546.4155927496945,491.27283661932705,410.95133531842913,311.7707491090208,204.53361581901396,145.16542288024377,181.7305698004604,293.8043566729398,407.52055162899455,515.9660841567012,613.5315802792877,694.0461079784253,747.1358644851684,13.038404810405298,786.2474165299368,763.9960732883383,726.5404324605754,643.3303972299149,565.650952443289,476.8070888734772,379.0,294.47750338523315,249.505510961181,289.4149270511112,420.2118513321584,544.5704729417488,676.3261047749081,797.2559187613473,821.4438507895716,914.031181087385,1005.9671962842526,963.728177444242,891.8974156258106,839.2687293114167,762.9973787635184,677.4341296391849,560.000892856431,465.84224797671584,461.27648975424705,519.391952190251,10.04987562112089,18.027756377319943,10.295630140987,5.0990195135927845,12.16552506059644,11.180339887498947,19.1049731745428,6.082762530298219,13.152946437965904,3.605551275463989,12.529964086141668,702.000712250351,593.0303533546997,452.0199110658733,361.69876969655286,356.10391741737413,421.96682334041384,595.4443718770042,748.6441077040545,896.9392398596462,1030.2606466326858,1152.4343799106307,1229.572283357103,1274.2766575591031,1278.2742272298226,1246.6162200132003,1178.3857602669848,1081.8742995376126,935.5949978489624,799.5010944332722,635.6925357434992,519.8307416842524,578.2603220003946,649.006163298932,803.2297305254581,997.0722140346708,1169.1543952789127,18.439088914585778,1413.5731321725098,1489.424385459027,1517.8619831855597,1500.30730185519,1416.4420214043355,1322.8008164497028,1171.5604977977025,1049.3702873628545,871.3099333761782,736.8717663203008,608.3954306205792,542.7052607078726,566.4000353107334,658.0045592547212,767.0234676983489,886.7164146445018,968.7233867312176,1061.5785416067904,1100.007272703231,1133.8615435757577,1126.543829595635,1088.06663398893,1033.9613145567876,944.924335595184,844.2138354706111,752.1236600453412,6.4031242374328485,12.806248474865695,10.770329614269007,5.0990195135927845,0.0,0.0,0.0,128.0,15.0,13.892443989449804,13.601470508735444,900.8690248865258,853.7564055396598,762.3594952514201,691.4166616447712,596.5986925899184,493.6334672608818,477.88073826008093,453.8512972329153,478.2102048262877,518.1196772947346,579.9051646605676,652.3227728663165,690.7691365427381,719.1731363169789,729.6608801354229,749.252961288776,705.6415520645025,675.5005551441094,625.1095903919568,563.2557145737627,495.025251881154,439.9965908958841,417.1534489849029,397.5550276376844,422.234531984299,456.4778198335599,9.219544457292889,566.5906811799855,588.0688735173798,617.0453792064243,638.8591394039847,614.4371408044927,478.0376554205746,434.51237036475726,416.8069097315926,339.7675676105652,295.6247621563525,240.55976388415417,218.04815981796315,199.6121238802894,218.11235636707977,284.2903445423358,309.6982402274834,352.86966432381234,407.060192109226,447.9877230460674,453.1313275420273,451.89489928522096,424.4737918882625,420.0,381.7603960601466,339.4849039353591,278.29660436304283,8.06225774829855,18.68154169226941,4.123105625617661,5.830951894845301,10.816653826391969,7.211102550927978,8.54400374531753,4.47213595499958,14.866068747318506,5.0990195135927845,10.44030650891055,384.7934510877232,394.6200704475128,386.0362677262332,368.2241165377412,347.55862814782773,302.3011743278547,276.00724628168734,225.28426487440265,236.54386485385749,186.93849255838137,232.65854809140367,262.90872941003687,301.7631521574495,333.4786349978061,389.2775359560323,365.0493117374692,357.6870140220357,351.7115295238415,336.88573730569243,304.9540949061022,271.53268679847736,234.36723320464404,218.6000914912892,191.38704240360684,188.43035848822237,208.2138323935276,12.727922061357855,246.9088900789115,270.7027890510181,288.1405906844782,275.2816739269071,281.93970986719836,260.7623439072444,242.5077318355025,214.1121201613771,186.45374761586316,153.16004700965587,116.2841347734075,100.72239075796404,91.41115905621152,106.50821564555478,131.7459676802292,169.09464805250343,203.65657367244495,224.0089283934906,239.1693960355296,250.14595739287893,257.0311265197272,251.3483638299641,233.25951213187423,215.61539833694624,180.38015411901608,148.22280526288793,0.0,0.0,0.0,0.0,0.0
2025-06-01 18:44:23.729,0,0.0,0.0,0.0,0.0,0.0,0.0,100.31948963187564,19.924858845171276,101.83319694480774,198.97989848223364,290.2912330746487,381.4302033137911,466.73439984642226,529.1625459157138,587.8817908389407,634.8330489191627,637.6989885518088,627.1945471701744,595.4133018332728,556.3425203954844,486.89321211123905,398.1770962775232,295.6247621563525,203.19940944796076,127.00393694685216,165.8463143998081,291.78073959739015,405.4885941675795,525.3808142671371,613.8680640007265,698.0787921144719,733.8405821430156,5.656854249492381,783.1634567572723,772.7955745214902,716.8856254661548,649.5059661003893,554.5899386032892,458.70360800848295,351.5920931989228,265.69907790581436,223.4390297150433,283.47133893923035,421.3039282987995,545.0522910693982,653.1722590557563,724.7130466605386,883.7782527308533,912.9824751877773,926.1360591187452,939.5983184318712,898.0,843.6729224053596,749.5385246936944,655.3319769399324,550.8774818414709,450.4408951238775,429.805770086908,480.02604096027954,8.06225774829855,2.23606797749979,9.055385138137416,4.242640687119285,8.602325267042627,8.06225774829855,13.601470508735444,2.8284271247461903,8.94427190999916,16.401219466856727,13.0,703.5140368180297,570.2148717808051,455.3789630626342,339.84113935778873,304.92622058458664,374.20448955083367,525.3808142671371,689.426573320176,838.6512982163683,1020.5429927249512,1137.8092986085146,1217.0805232193966,1242.465291265716,1276.4329202899776,1224.7550775563252,1216.727578383921,1078.2244664261705,968.7233867312176,806.3708824108172,653.8172527549269,530.1641255309529,563.5601121442148,641.7203440752054,774.7315664151035,954.1697962102972,1134.3456263414605,9.433981132056603,1396.2610787385,1494.1770310107163,1497.2097381462625,1539.4651668680262,1442.3151528012177,1374.141186341491,1224.0004084966638,1082.4878752207806,915.0344255819012,769.2502843678383,627.0247204058226,540.0037036910024,555.6842628687625,629.8587143161552,753.6982154682337,849.2849933914999,977.5285162080952,1039.0120307291922,1123.3952999723651,1145.969022268927,1136.0369712293698,1120.9148049695837,1073.9255095210283,990.282787894448,892.0454024319614,775.5694681974014,18.0,16.278820596099706,5.385164807134504,3.605551275463989,0.0,0.0,0.0,128.0,10.816653826391969,7.0,14.0356688476182,896.6498759270532,843.707295215586,795.9309015234928,712.5307010929424,630.5243849368555,509.38394163931,470.5624294394953,450.0055555212624,429.3308747341612,490.6526266107214,550.0736314349198,609.5153812661334,629.7078687772608,668.0007485025747,689.8731767506257,706.072234265022,674.2944460693711,665.3299933115898,618.7277268718447,562.8587744718918,524.4616287203479,468.4890607047298,417.75710646259506,409.8499725509323,423.4949822607111,433.4016612796956,14.212670403551895,540.0786979691015,573.021814593476,579.655932428885,626.4096103988188,598.3686154871426,477.84620956956434,425.73465914816,396.0707007593468,352.5251764058845,308.6389476394708,246.45689278249048,227.69277546729495,220.86421167767313,234.97446669797975,281.02668912400475,309.37679292409763,361.1204785109812,394.08755372378863,437.2516437933653,437.53856972842976,436.5775990588615,427.12995680471766,421.1187480984431,377.18032822510776,334.2708482652952,277.01624501101014,19.4164878389476,15.0,5.385164807134504,12.041594578792296,11.180339887498947,5.385164807134504,2.23606797749979,6.4031242374328485,17.029386365926403,7.211102550927978,6.708203932499369,347.6665068711681,346.95388742598055,357.2786027738017,333.01651610693426,323.3032632065442,293.833286065415,270.60118255469615,238.3044271514904,220.91174708466727,192.0520762709948,213.88782106515555,280.04463929880893,288.4024965217881,309.0954545120326,350.56097900365353,344.2048808486016,341.09382873338535,329.802971484491,318.2153358969363,294.63536787018626,274.5906043549196,239.3532953606447,214.1121201613771,196.45101170520857,173.08090593707902,197.4968354176846,9.486832980505138,231.7800681680804,255.14897609044016,265.6689669494727,279.20064469839605,269.2582403567252,268.7322087134328,242.32416305436817,219.4470323335451,201.54652068443156,165.42369842317032,142.1724305201258,117.42657280190032,98.47842403288143,110.4943437466371,144.9310180741169,150.42606157179014,182.53766734567415,215.8008341040414,230.05434140654685,259.0463279029448,258.64454372748713,254.40322325002097,252.5173261382276,227.7827912727386,207.4728897952694,156.54072952429985,0.0,0.0,0.0,0.0,0.0
2025-06-01 18:44:23.735,0,0.0,0.0,0.0,0.0,0.0,0.0,82.87943049997388,28.600699292150185,112.53888216967503,209.57099035887575,303.66099519036027,387.07234465923807,468.3641745479686,528.670975182107,572.7215728432097,603.2818578409266,611.6477744584705,621.7274322402061,587.2180174347513,535.2803004034429,481.23383089720534,371.3933225032459,289.34754189382704,190.0,130.0,182.3869512876401,283.0282671395209,413.5371809160574,511.22695547085544,610.9091585497798,691.4752345529087,743.244912528838,11.40175425099138,776.8719328177585,751.4871921729605,717.858621178293,635.5674629809175,563.5601121442148,455.0175820778797,358.71576491701614,267.9272289260649,224.610774452162,243.08229059312404,390.94372996634695,519.481472239386,639.1134484580965,748.5038410055088,851.8057290251105,893.5647710155096,984.0960318993264,936.73582188363,923.1061694084814,810.4918259920947,765.7989292235919,664.2145737636295,522.56674214879,447.81469381877145,427.1416626834709,476.4241807465276,27.586228448267445,8.06225774829855,16.401219466856727,5.385164807134504,12.041594578792296,15.811388300841896,5.0990195135927845,18.027756377319943,24.186773244895647,4.47213595499958,11.04536101718726,714.8125628442746,595.7558224642039,464.2337773148352,343.9825576973344,322.6143208228674,386.1735361207446,518.8419797973174,687.5616336009449,833.0312119002505,965.132633372222,1081.3482325319628,1165.1201654765057,1218.4990767333393,1251.3165067240182,1219.5429471732432,1158.7687431062334,1071.403752093486,951.7105652455476,811.465957388232,652.5181989799212,535.9944029558518,587.0059624910125,633.645011027468,756.4687700097077,925.972461793546,1103.001813235137,12.16552506059644,1354.852759527765,1442.3044061501023,1478.9408372210162,1476.6028579140702,1412.990091968093,1333.962893037134,1226.2830015946563,1061.4127378169153,917.284034528019,745.0939538071692,627.4591620177364,542.5172808307584,543.7692525327265,604.5494189890517,717.8690688419442,826.3782426951958,930.9935552945574,1016.0811975427948,1082.2347250019286,1128.8635878617044,1098.3806261947632,1081.6935795316529,1041.622292388177,971.518913866323,849.6546357197141,771.5607558708517,6.4031242374328485,10.816653826391969,23.08679276123039,16.0312195418814,0.0,0.0,0.0,128.0,5.830951894845301,8.06225774829855,17.804493814764857,877.30154451021,824.4974226763841,757.079916521367,695.2078825790168,619.0476556776546,524.6903848937962,475.3030612146318,457.68548152634247,441.70804837584745,482.9792956224935,522.2575992745343,570.3227156619312,614.3232048360212,646.2197768561405,667.1409146499711,686.3963869368778,668.4137939929127,645.8769232601518,599.9641655965796,542.6932835405281,523.6458727040632,468.8240608159952,422.6890109761549,428.04906260848185,432.3806193621541,460.5257864658612,1.4142135623730951,542.3513621260668,603.411965410034,604.3053863734792,603.2056034222494,599.3738399363122,461.9826836581648,452.7924469334709,418.5271795236242,375.6620821962206,322.4686031228467,281.04448046528154,249.35316320431951,231.62469643800935,248.57393266390585,276.9205662279348,312.360368805007,359.3883693165376,399.6998874155458,418.37423438830456,431.3513648987331,444.7032718566393,426.1689805699143,417.9377944144319,396.1843005471065,350.821892133316,317.28851224083104,6.324555320336759,5.0,7.0,12.083045973594572,5.830951894845301,1.0,6.0,11.40175425099138,3.605551275463989,6.708203932499369,8.602325267042627,361.7692634815733,390.26657556085945,361.86461556775623,373.8836717483126,333.5940646954019,302.34417474130373,276.00724628168734,230.23466289853056,222.4454989429995,236.48467180770933,247.98588669519077,308.36666486505965,311.0450128196882,325.1538097577822,350.9544129940526,357.3079903948413,347.67945006859406,348.0057470789814,325.1538097577822,293.8196725884773,285.9265639985204,224.03571143904713,197.4487275218557,196.60366222428308,210.23796041628637,207.3475343475297,6.082762530298219,250.2179050347916,272.6847997230502,281.4693589007514,281.9645367772337,287.563905940923,276.64417579265967,253.02371430362015,237.0759372015642,200.44201156444225,164.12799883018133,123.7457069962429,106.4048871058092,94.5568612000208,88.41379982785493,133.4053971921676,163.04907236779974,207.92787210953705,216.33307652783935,255.266527378738,264.0378760708395,263.41791890454226,251.3105648396024,248.29418035870273,235.92583580439003,200.8631374842084,168.24089871371942,0.0,0.0,0.0,0.0,0.0
2025-06-01 18:44:23.738,0,0.0,0.0,0.0,0.0,0.0,0.0,97.94896630388703,40.496913462633174,105.51303237041384,205.00975586542216,305.3604427557702,392.75692228145385,476.4630101067658,541.3187600665619,600.6371616874867,607.0551869476119,644.274010029894,633.5747785384137,609.619553492176,557.107709514058,488.5754803507847,399.9399954993249,293.0,180.42449944505873,117.88553770501282,177.38658348364456,286.4349838968697,404.88269906233336,524.7323127081083,626.6554077002767,702.8869041318098,751.2050319320285,11.6619037896906,803.8438903170193,778.5403008194245,728.1792361774675,651.8051856191388,560.6942125615352,470.425339453563,362.8911682584739,292.35081665697464,191.9505144562004,258.43567865138124,376.7784494898826,532.2593352868506,650.5174863137808,757.5645187045127,849.8499867623698,932.2113494267272,924.883776482213,955.9121298529484,917.8376762805066,872.7571254363954,757.7789915272131,688.0770305714325,532.7785656349174,455.98793843697223,393.1373805681673,438.1871746183359,6.0,11.40175425099138,17.26267650163207,3.605551275463989,10.44030650891055,3.605551275463989,11.704699910719626,7.0710678118654755,11.04536101718726,5.0990195135927845,6.324555320336759,738.4341541396903,605.2999256566945,485.5069515465252,369.8986347636336,310.64449134018133,368.0230971012553,503.2871943532837,656.5401739421587,817.9223679543187,956.0967524262384,1077.7133199510895,1173.769994504886,1231.7909725274008,1253.2908680749254,1228.1115584506156,1181.746588740581,1087.2028329617249,960.3879424482589,836.9952210138359,691.4340170977995,560.8217185523399,612.0073528970056,620.519943273381,749.6565880454864,933.7413988894356,1093.4006584962349,2.23606797749979,1362.5024770619684,1457.2841178027022,1482.9851651314657,1480.5704981526546,1432.8255302024738,1349.7751664629188,1218.0221672859652,1092.748827498799,932.8156302292538,781.7122232637788,642.4896886332107,564.1630969852602,564.698149456858,632.3962365479415,732.7004845091888,843.9484581418465,956.4475939642484,1036.5601767384276,1096.8431975446626,1113.5802620377212,1113.3418163349477,1094.497601641959,1037.119086701233,967.2900288951604,848.2605731731259,763.0655279856377,5.830951894845301,6.0,12.36931687685298,3.1622776601683795,0.0,0.0,0.0,128.0,14.422205101855956,12.529964086141668,21.095023109728988,871.9277493003649,817.5359319320467,782.5215651980461,698.7331393314618,611.1382822242442,505.9298370327649,459.4649061680337,444.9269602979797,448.1439500874691,479.95208094142066,533.4360317788817,598.9757924991627,646.8423300928906,674.3367111465903,686.0357133560905,700.5512115470217,680.9243717183282,651.1167330056877,637.7538710192201,577.5231597087687,532.8883560371722,475.60067283383864,419.8868895309783,416.6881327803805,437.0411879903312,455.6325273726625,7.211102550927978,551.3302095840568,585.0709358701729,608.7692502089769,599.230339685834,617.0713086832023,491.6879091456287,447.9877230460674,414.3090633814327,343.1180554852805,314.35807608521844,266.8332812825267,226.73552875542023,222.14409737825585,243.97130978867168,278.29660436304283,310.80057915003954,363.4116123626211,403.56659921257113,434.25913922449575,459.5051686325193,453.4765705083339,451.64255778214704,434.4306619012981,404.2820797413608,354.6110545372211,309.13104017552166,6.4031242374328485,11.31370849898476,11.40175425099138,5.0,8.602325267042627,18.027756377319943,3.1622776601683795,13.341664064126334,8.06225774829855,1.0,18.384776310850235,416.9664255068986,397.9861806646055,388.3104428160541,376.9615364994153,356.9719876965138,315.0142853903613,305.16389039334257,280.8629559055448,270.20362691866296,269.9425864883124,289.3872837565604,311.44823004794875,341.0630440255877,374.2619403572851,402.6623896020089,390.0,357.2408151373524,371.10241174101793,353.2392956623031,323.5119781399137,282.85685425670704,257.1633721975196,230.82894099310855,201.65812654093563,188.4728097100481,218.87439320304236,7.0710678118654755,271.28029784707917,289.0069203323685,303.9358484943821,315.82431825304394,311.8493225902535,299.66648127543397,283.8097954616789,254.0255892621844,219.66565503054863,185.20529150107996,150.74813431681335,124.23365083583433,113.65298060323803,109.11003620199196,144.77914214416384,175.64737401965337,207.18349355100665,242.0330555936523,257.59658382827985,288.39036044916617,280.2356151526783,284.682279041039,265.80067720004024,240.52026941611388,218.6000914912892,177.9241411388573,0.0,0.0,0.0,0.0,0.0
2025-06-01 18:44:23.742,0,0.0,0.0,0.0,0.0,0.0,0.0,111.30588483993108,38.3275357934736,97.74456506629922,203.9730374338726,290.93126335957777,382.6878623630491,466.56725131539184,526.9250421075088,577.8970496550402,606.6316839730678,632.1431799837756,620.070963680771,604.8470881140125,549.401492535286,495.2130854490822,401.3290420590067,302.4169307429728,177.55280904564702,138.4088147481944,163.17475294910057,264.59402865522117,414.0591745149478,512.9649110806703,604.5072373429452,680.7620729741045,743.5294210722263,9.055385138137416,788.0672560130893,771.0175095288045,722.2866466992174,653.3192175345831,576.5344742511066,484.78964510393575,364.0879014743555,271.4884896270927,214.34784813475505,241.0186714758838,375.7046712512369,496.47759264643554,633.0908307660126,742.4675077065663,825.6791144264217,910.4910762879556,929.9827955397884,977.7780934342924,905.0265189484782,895.1983020537964,755.028476284173,655.997713410649,556.0656436069396,463.9073183298578,432.2337330658032,462.3851208678757,3.1622776601683795,12.649110640673518,8.06225774829855,8.94427190999916,11.40175425099138,10.04987562112089,3.605551275463989,8.94427190999916,6.4031242374328485,10.770329614269007,6.082762530298219,733.6545508616437,626.2092302098397,480.6880485304373,376.5381786751511,323.12536266904215,353.63823322712153,492.03658400570174,644.0155277631122,805.6612191237704,942.4017190137124,1074.796724967098,1160.538668033082,1246.1448551432534,1246.3470624188112,1252.895845631232,1191.119221572719,1115.3299960101494,970.3782767560288,844.9029530070303,708.5266402895519,583.0308739680944,641.6735930362103,632.9391755927263,753.0292159006847,941.3463762080354,1113.6714057566533,8.54400374531753,1394.6017352635124,1463.287394874978,1514.2182801696722,1508.962557520895,1464.1755359245694,1376.5812725734722,1230.2007966181782,1109.773400293952,956.5145059015048,801.1404371269747,669.914173607336,598.0008361198168,581.7018136468203,673.4901632540746,764.3879904865067,881.832750582558,971.045313051868,1056.8429400814484,1113.459922942896,1127.082073320306,1115.0556039947066,1103.5402122260882,1045.542921165841,966.8262511951152,860.6799637495926,774.568266842891,5.830951894845301,6.0,9.899494936611664,7.0710678118654755,0.0,0.0,0.0,128.0,10.816653826391969,4.47213595499958,15.231546211727816,873.2949100962401,827.1070063782557,761.9140371459237,686.3381090978411,609.5670594774623,488.97648205205127,449.64096788437774,435.63861169552,437.7133765376608,479.55395942479714,534.0505594042571,593.3338014979427,636.7040128662611,674.5168641331364,704.7907490879828,690.1630242196404,683.0358702147348,637.009419082638,610.7372593840988,546.3231644365815,512.7192214068046,446.72250894710913,391.8418048141367,389.9358921669048,411.2906514862695,436.07338831898466,19.4164878389476,518.1515222403578,564.2951355452216,575.1704095309493,578.021625893011,594.3096835825578,461.5668965599678,421.6277979450596,391.0818328687744,328.25599766036265,286.93204770467867,229.10696191953664,219.4196891803468,186.4322933399683,206.4097865896867,251.07767722360344,295.0,348.1407761236825,377.9550237792852,414.3669871020133,421.15317878415686,427.09483724343943,432.0567092408125,405.7302059250704,380.2170432792302,351.7101079013795,288.0433995077825,4.0,3.0,9.055385138137416,10.44030650891055,22.20360331117452,4.123105625617661,1.0,5.0990195135927845,2.8284271247461903,3.605551275463989,1.4142135623730951,369.005420014395,410.39493174258376,383.2192583887193,379.38898244414,357.60453017264757,297.5987231155403,298.8728826775691,243.10080213771408,249.81593223811808,233.00214591286493,278.32534918688236,320.8067954392488,304.50779957170226,362.0414340928397,385.4983787255142,367.5486362374373,362.03452874000845,363.3249234500711,348.20827101032506,305.48322376196046,283.7199323276389,235.32530675641328,226.15260334561705,197.08373854785685,193.82982226685343,211.7474911303555,4.123105625617661,262.4061737078608,286.1904959987316,303.65934861288235,309.57067044537666,319.53873004692247,302.23500789948207,279.46019394539894,250.4795400826183,218.2131985009156,183.8069639594757,155.60205654167942,105.58882516630251,89.62700485902673,129.46814279968643,150.65191668213183,175.82377541163197,203.69094236121543,239.52035404115452,256.6807355451515,284.16368522385125,279.95713957675736,275.9492707002503,269.3120866207085,233.03433223454437,213.00938946440832,170.84788555905513,0.0,0.0,0.0,0.0,0.0
2025-06-01 18:44:23.749,0,0.0,0.0,0.0,0.0,0.0,0.0,78.77182237323191,22.02271554554524,116.6747616239262,216.51789764358972,300.04166377354994,387.1562991867754,452.73060422286454,508.9921413931653,563.7730039652484,586.6191268617142,598.2006352387132,594.7276687694965,575.8003126084598,522.0823689802213,464.1691502028113,361.69876969655286,267.9888057363591,163.6001222493431,83.00602387778854,141.01418368376991,263.7062759966095,392.8676621968267,506.67543852055826,597.013400184619,678.233735521907,719.767323515037,4.0,769.5511678894393,762.3293251607208,717.7833935108836,641.7577424542691,569.7227395847914,467.8471972770597,363.572551219148,262.23081436017395,172.58621034138272,225.85393509965684,345.83377510011945,469.0095947845843,607.5137858518109,765.0758132368321,828.3091210411726,920.6313051379472,941.7600543662912,975.9000973460348,956.6634727008238,848.6035587952716,789.6049645234001,685.6967259656415,570.8984147814741,448.027900916896,414.46833413422553,428.2289107475113,11.0,11.31370849898476,14.142135623730953,8.06225774829855,8.94427190999916,9.486832980505138,14.317821063276352,15.264337522473747,10.04987562112089,4.47213595499958,8.602325267042627,782.5803473126578,664.934583248608,506.6014212376432,417.4937125275062,356.16849944934773,375.7938264527506,499.091174035366,651.2488003827723,822.508358620142,955.837329256396,1099.045494963698,1196.4656284239843,1246.8327875060072,1281.826821376429,1259.0158855232924,1218.620941884719,1131.8078458819766,1005.9224622206226,868.8406067858477,712.9333769715091,603.4848796780248,666.0908346464468,675.7070371100185,798.3764776094046,964.9253857164292,1116.3086490751562,4.123105625617661,1403.039557532146,1463.4343169408048,1503.0,1492.365906874048,1447.9823893956725,1350.3484735430332,1234.049026578766,1089.3268563658935,938.7145466008292,780.8021516363797,640.5575696219662,600.5231053007036,603.619085185351,666.0105104275758,750.3232636670677,886.682017410977,976.4491794251252,1040.0,1085.1105934419772,1112.7137996807626,1060.0363201324756,1071.0485516539388,1017.6408993353206,928.05387774633,853.4272083780784,748.8477815951651,9.486832980505138,9.486832980505138,4.47213595499958,5.0990195135927845,0.0,0.0,0.0,128.0,6.708203932499369,7.280109889280518,12.041594578792296,870.4263323222707,823.7287174792439,752.7237208963193,668.1115176375872,591.145498164369,503.0755410472666,453.3398283848442,426.0950598164687,439.95567958602373,490.80851663352377,534.9392488871985,570.5436004373373,637.6284184381998,665.3675675895241,698.7624775272353,694.6020443390589,667.2218521601342,627.37628262471,614.3777339715365,548.0009124079995,523.5083571443727,480.2353589647476,427.4037903435111,431.6132528085763,446.8042076793817,478.70867967898806,13.92838827718412,553.7598757584374,614.0830562717066,643.692473157796,635.9378900490204,655.5150646628955,491.4885553092768,467.8482660008478,430.5902925055324,368.391096526504,334.18557718728675,284.5224068504975,241.2343259156955,244.1741182025646,267.5518641310503,312.65636088203934,360.5731548521049,414.46833413422553,447.0984231687694,476.58472489159783,493.6486604863828,476.4241807465276,485.9063695816304,456.0175435221764,429.3774563248518,377.19623540008985,328.69438693108225,9.219544457292889,6.082762530298219,11.180339887498947,9.486832980505138,10.0,9.219544457292889,3.605551275463989,2.0,15.556349186104043,4.47213595499958,3.1622776601683795,420.02023760766576,423.87026317023,393.605132080363,379.0118731649445,358.23037280498704,311.64242329952447,279.1773629791642,237.71621736852535,213.08449028495716,233.21449354617735,253.50345165302977,301.0813843464919,346.16181187415805,348.919761549844,397.7235220602372,368.2458417959394,381.1836827567518,350.03571246374275,343.95639258487404,291.27478435319455,274.71075697904513,230.471256342304,207.52349264601347,195.93111034238535,194.48650338776724,201.0024875467963,3.605551275463989,266.1879035568671,278.10789273229915,299.6064084761873,333.7079561532808,305.00491799313664,300.76070222022025,279.8660393831306,250.2418829852429,223.75879870968205,169.92056967889437,133.70115930686617,109.27488274987992,99.02019995940222,115.12167476196652,143.54441821262157,172.93062192682936,198.04039991880444,228.475381605984,254.48968544913564,258.40278636268613,272.2223356008834,257.4975728040946,248.85337048149455,228.1403077055872,191.2694434560837,161.33505508723144,0.0,0.0,0.0,0.0,0.0
2025-06-01 18:44:23.750,0,0.0,0.0,0.0,0.0,0.0,0.0,67.06713054842886,25.179356624028344,100.41912168506552,208.568933448872,301.4796842243271,378.3437590340298,453.3453429781759,502.3196193659969,553.0461101933545,595.5980188012717,600.9068147391906,592.0135133592813,561.633332344155,504.08035073785607,440.5462518283409,357.8407467016578,261.3962509295036,158.01265772082945,76.79192665899195,163.76812876747417,281.0,403.54677547962143,499.0490957811666,595.3360395608518,680.5718183997924,729.9267086495739,3.0,760.3453162872775,755.7909763949289,706.6972477659723,632.8135586410898,548.0583910497129,442.1425109622462,335.0373113550191,233.238075793812,179.0111728356641,206.32013958894075,337.295123000615,472.02648230793153,598.8196723555432,707.4715541984709,824.9224205948096,879.1842810241775,959.7817460235426,940.3361101223328,927.5413737402768,825.6391463587468,759.1607207963278,671.74474318747,542.8158066968942,451.3202853850024,380.4799600504605,393.2759845197772,23.194827009486403,10.770329614269007,17.46424919657298,15.297058540778355,13.341664064126334,8.06225774829855,12.806248474865695,8.54400374531753,11.180339887498947,11.180339887498947,9.219544457292889,777.8046027120179,639.2941420035069,523.8940732629069,395.0923942573433,334.9776111921512,356.0407280073447,474.89367230991826,624.4677733878667,782.7036476214992,933.1136050878264,1067.1518167533616,1171.7508267545622,1223.121007913771,1257.2390385284732,1247.3720375252926,1218.4978457100365,1128.2344614485055,1014.5225478026596,866.644679208267,739.1846859885559,617.2074205645943,686.1668893206667,708.0861529503313,821.0846484985576,966.0745312862772,1136.5847966605922,22.67156809750927,1398.4634424968,1489.7734727132176,1509.6426729527752,1532.8108167676792,1441.93897235632,1377.0682626507664,1237.2631086393872,1108.5576214162256,952.7586263057397,802.2399890307139,675.1629432959128,629.2574989620704,625.16317869817,701.0235374079817,808.4998453926878,919.6020878619188,1012.5398757579871,1093.7024275368506,1142.180371044784,1162.4672038384567,1141.9570920135309,1107.041552968993,1041.2732590439457,951.6538236144486,851.1462858991985,780.2339392771888,4.47213595499958,8.602325267042627,3.0,2.23606797749979,0.0,0.0,0.0,128.0,12.0,9.433981132056603,24.08318915758459,880.2272433866154,825.3787009609589,759.2127501563708,665.1691514193965,573.0802736092039,496.2751253085329,464.3317779347005,433.5308524199864,439.09224543369015,463.31522746398053,522.044059443262,587.5780799178948,625.5829281558122,671.4313069853088,664.824788948186,679.5299846217237,675.234033502459,638.0634764660958,600.0833275470999,548.9307788783573,500.11998560345495,446.31939236380936,436.09288001525545,415.29266788615473,394.6137351892354,474.5871890390638,6.082762530298219,542.2619293293602,596.5475672567947,605.9051080821155,624.3212314185703,603.212234623934,480.6100290256124,424.5903908474614,420.73388263842025,369.8986347636336,299.2072860075436,269.2582403567252,228.6416410018088,221.43622106602163,227.3367546174617,283.6212262860451,326.03834130359576,359.61368160847275,404.55407549547687,439.7385586914115,469.5210325427393,456.1195018851968,439.87384555119894,427.2294465506796,396.77323498441774,337.71289581536564,296.33089612796033,6.324555320336759,8.246211251235321,6.324555320336759,17.26267650163207,4.0,8.602325267042627,8.06225774829855,1.0,8.06225774829855,6.324555320336759,5.0,389.8987047939503,378.31204051681993,382.0052355662158,366.1365865356807,335.2610922848042,292.61749776799064,261.5434954266689,248.16325271885037,230.68810112357335,227.705950734714,252.03571175529868,279.43514453268045,310.0354818403855,333.6225412048772,351.86360993998795,345.8612438536587,336.01934468122516,333.1095915761058,305.486497246605,286.2516375499012,260.44769148525774,226.63186007267385,210.28076469330236,185.22418848519757,191.8879881597595,212.143819141638,9.486832980505138,260.0173071162764,280.1892217769984,295.10845463998487,289.56001105124994,289.82235938588315,287.4804341168282,251.81342299408905,230.31283073246263,206.15528128088303,166.24379687675568,134.3726162579266,104.92378186092988,108.66922287382016,113.21660655575224,139.60659010233005,170.23806859806652,222.64994947226015,236.2414019599443,245.15301344262525,266.12027356065903,271.07379069175977,265.4373749116729,250.83859352181037,234.19649869287116,192.9611359833891,163.04907236779974,0.0,0.0,0.0,0.0,0.0
2025-06-01 18:44:23.754,0,0.0,0.0,0.0,0.0,0.0,0.0,101.11874208078342,19.1049731745428,88.81441324469807,189.16923639957952,280.17494534665303,381.849446771892,464.182076345048,533.367603065653,576.8119277546192,608.9047544567212,626.80459475023,624.1802624242455,591.9493221551994,545.2017975025394,480.01041655364105,382.88379438153294,275.04545078950133,178.91059219621405,92.63368717696602,157.20687007888682,270.1851217221259,400.6706877224736,504.4769568572979,604.6288117514745,692.6369900604501,753.2761777728007,10.44030650891055,801.2752336120217,785.2063423075491,736.2506366720507,661.8912297349165,592.0481399345833,486.16149580154945,372.2633476451852,263.4274093559742,181.70580618131055,219.36499264923745,343.6509857398928,486.9024542965459,651.1927518024137,740.4032684962972,843.8009243891595,932.019313104616,942.7873567247284,971.3135436098892,968.246352949496,913.7641927762326,833.9652270928327,733.0934456124949,601.8538028458406,495.2413553006251,410.396150079408,414.2704430682933,12.529964086141668,17.029386365926403,2.8284271247461903,9.055385138137416,14.866068747318506,13.0,8.06225774829855,10.198039027185567,3.605551275463989,6.4031242374328485,13.038404810405298,810.38571063414,704.2513755755114,568.3951090570713,455.8826603414523,377.6413642597961,374.59311259018097,497.8051827773592,666.5890788184277,825.6712420812536,964.4091455393816,1107.9083897146008,1209.5805057952944,1273.9364191355862,1305.327545101229,1300.604859286632,1237.556463358339,1162.1604880566194,1032.8068551282954,912.177614283534,773.60713543762,651.769898046849,714.2002520301992,716.6735658582644,834.9089770747468,1000.6123125366788,1158.386809317164,21.587033144922906,1416.9093125532063,1504.5663827162962,1544.0466314201783,1529.635250639838,1486.8866802819912,1399.098638409744,1259.1175481264647,1125.2168679859008,958.1174249537476,811.0887744260797,707.0452602203059,632.8040771044384,635.3589536632029,709.1861532771209,797.2578002127041,893.6151296839149,996.6503900566136,1068.7960516394137,1114.1068171409777,1139.631958133853,1121.253762535493,1086.6577197995696,1020.2769231929144,952.5738816490824,845.0479276348768,768.1178295027398,4.123105625617661,7.0710678118654755,8.94427190999916,5.830951894845301,0.0,0.0,0.0,128.0,5.830951894845301,7.615773105863909,5.0,877.6172286367217,836.6391097719494,761.924536945753,681.3904901009406,593.2705959340982,493.44705896377576,463.0388752577908,436.033255612459,456.97374103989824,501.251433913161,551.6321237926595,615.3251173160413,664.2966204941886,689.5288246331694,722.0006925204435,708.5146434619401,692.4687718590637,649.8961455494255,632.9186361610788,569.2776124177026,524.6189093046495,463.38321074462766,426.2510997053263,419.86902719776793,451.6248443121791,477.6358445510554,14.560219778561036,583.3360952315569,612.5691797666611,649.2780606180992,646.6436422017927,654.8473104472523,506.0918888897549,469.6147357142874,426.7083312990268,362.7078714337477,322.23283507426737,250.12197024651792,222.524155992108,229.2705825002414,240.96887765850593,275.50136115816196,322.88852565552713,371.7270504012319,401.83827592702016,422.8297529739363,431.6028266821245,447.6125556773402,445.3144956095635,433.5204724116267,386.2460355783603,346.70592726401435,282.71894170713074,11.180339887498947,9.486832980505138,3.1622776601683795,4.47213595499958,10.198039027185567,18.788294228055936,4.47213595499958,0.0,7.211102550927978,3.605551275463989,7.0,405.64146730826224,398.4595337044905,378.30807551518114,383.31710110559897,349.4939198326632,305.4734030975528,278.86197302608326,269.21552704106796,264.76404589747455,224.17850030723287,247.315587862957,251.46172671005024,328.7704366271396,343.27394308336306,385.3790341988002,373.68703482994965,359.0891254271006,346.77081768799405,323.79777639755343,308.37152916571273,270.5993348107123,229.4449825121482,197.02284131541705,199.42417105255825,193.6207633493887,218.55205329623425,1.0,267.34621747838514,286.7699426369507,289.0,309.7692689728921,299.1471209956733,284.3958508839396,269.0724809414742,239.42639787625757,209.093280618962,162.92636373527768,128.9961239727768,102.7277956543408,82.09750300709517,100.30453628824571,138.6542462386205,171.1286066091815,202.8324431643025,242.47061677654884,265.1886121235224,267.26204369494747,272.1176216271192,263.60007587252323,257.3285837212804,230.28894893155424,195.6041921841145,152.22680447279973,0.0,0.0,0.0,0.0,0.0
2025-06-01 18:44:23.758,0,0.0,0.0,0.0,0.0,0.0,0.0,89.00561780022652,27.51363298439521,94.36630754670864,202.7806696901852,294.9457577250434,389.8358628961681,471.51776212567006,540.3702434442519,590.3769981969149,626.336171716116,639.5193507627428,627.6854307692668,602.6649151891953,562.0320275571491,473.6084880996116,391.15470085376705,287.7724795737077,172.07265907168403,87.8179936004006,152.84632805533798,269.89812893015767,399.1641266446673,528.3578332910378,620.1814250685037,707.2340489540927,770.9247693517183,15.811388300841896,803.5434026858786,788.3888634424005,750.5071618579,668.426510545475,585.1085369399425,477.8252818761268,373.48360071092816,246.37572932413616,203.8062805705457,223.32263655975405,338.0177510131679,504.7226961411583,685.4203090075462,746.6116795228963,878.6011609370887,981.8350166906862,987.4922784508242,989.657011292296,945.6955112508464,915.7363157590728,825.823831092322,729.6608801354229,578.6302791938908,458.50408940379145,414.0772874717955,426.4328786573568,12.529964086141668,7.280109889280518,14.142135623730953,9.219544457292889,11.6619037896906,6.0,5.0990195135927845,11.40175425099138,5.0,21.213203435596427,14.422205101855956,800.9606731918865,659.9189344154325,531.3266415304242,397.91707678861934,342.95334959728854,344.20923869065456,492.3271270202364,652.8560331344116,788.05139426309,969.4642850564428,1110.533205266731,1203.5655362297475,1271.421645245982,1276.0,1271.2395525627733,1248.620438724275,1149.8752106207005,1027.600116776949,892.9613653456682,729.4635014858522,624.0072114967903,658.5863648755568,674.7747772405249,808.483147628941,950.4041245701746,1134.7991011628446,5.0990195135927845,1392.080816619495,1486.7377038334637,1538.7712630537392,1524.400209918642,1474.2550661266184,1378.104858129453,1231.279415892266,1111.784601440405,940.8857528945796,802.4543600728954,664.1460682711296,602.0049833680781,600.8602166893728,678.8519720822795,780.293534511212,898.0272824363411,993.7066971697434,1066.2269927177797,1120.9718997370094,1117.0,1114.208687813912,1086.4442001317875,1028.1420135370406,953.6141777469544,834.0149878749182,732.1809885540596,13.92838827718412,8.48528137423857,16.492422502470642,4.242640687119285,0.0,0.0,0.0,128.0,9.219544457292889,23.40939982143925,5.0,866.2499639249631,806.2189528905903,757.4443873975172,673.928779619924,573.1884506861596,468.4495703915203,441.40004531037374,427.948595043844,450.2821337783679,505.0485125213221,550.0009090901577,614.7812619135362,646.3041079863256,687.3929007489094,690.7300485717991,698.9492113165305,679.94485070482,637.824427252516,596.7545559105519,532.2875162917124,488.7739763939975,422.14807828533344,387.227323416104,393.8146772277539,422.8498551495554,465.6114259766399,10.04987562112089,547.4203138357217,596.2122105425215,617.353221421902,629.9031671614297,619.6620046444674,493.7367719747031,426.3906659391127,403.8427911947915,362.465170740583,299.5413160150032,251.0975905897944,207.18349355100665,192.8237537234456,224.96444163467257,263.00760445279906,313.0814590485997,365.0013698604431,406.2769991028289,452.4787287818069,452.6035793053343,460.9772228646444,445.7140338827127,435.49052802558174,394.6846842734083,348.0014367786432,292.85662020859286,10.44030650891055,10.0,4.242640687119285,7.0710678118654755,4.123105625617661,10.0,13.601470508735444,2.23606797749979,10.295630140987,6.0,5.0,397.7247792129628,405.83863788456614,413.01089574005186,407.3843394142686,378.1600190395595,328.89207956410263,283.346078144731,288.00694436072195,240.28524715429367,227.85302280198084,226.92730113408567,296.6226559115133,325.0415358073488,366.7764987018661,370.65617491146696,349.13607662342775,380.2223033963158,367.88313361718554,350.7948118202434,318.2011942152323,291.0463880552377,247.1214276423637,202.41047403728888,192.33824372703415,198.21705274773913,217.1128738697915,2.23606797749979,276.5248632582611,294.8033242689098,311.0401903291599,328.42046221269464,322.001552791287,314.5695471592888,280.58510295452254,257.87787807409927,217.70622407271685,193.76274151652584,136.31214179228496,100.44899203078148,78.587530817554,97.718984849414,133.5215338437961,171.3300907604966,197.9520143873257,250.2818411311536,265.85146228674387,287.20027855139693,294.0017006753532,280.43180989324304,270.83020511013905,246.51977608297472,225.523834660552,174.89711261195822,0.0,0.0,0.0,0.0,0.0
2025-06-01 18:44:23.761,0,0.0,0.0,0.0,0.0,0.0,0.0,89.19641248391103,12.727922061357855,102.7861858422619,210.2974084481309,285.41373477812874,386.9328107049078,465.6006872847161,533.8108279156578,574.543296888929,604.139884463855,627.37628262471,603.3274401185479,585.0888821367229,536.6153184544772,466.0611547855067,385.6591759572174,280.528073461463,169.0,97.082439194738,156.41611170208776,268.77871939571406,395.8800323330289,502.4818404678919,630.2420170061656,694.3810193258454,746.6438240553524,5.0,779.5030468189332,772.5056634096607,744.3251977462539,662.4628291459077,594.7856756849479,494.2195868235091,372.2002149381432,276.1539425755135,208.75344308537765,233.63432966925043,341.49377739572355,505.3098059606601,645.1798198951979,755.286700531659,854.3090775591701,927.2955300226567,1005.1994826898788,994.6039412751188,951.2628448541444,915.437054089466,841.7422408314792,708.1200463198313,610.8109363788438,500.212954650317,456.84570699526114,462.29427857156094,6.708203932499369,14.142135623730953,7.280109889280518,10.63014581273465,14.142135623730953,17.029386365926403,21.95449840010015,6.324555320336759,10.44030650891055,14.560219778561036,12.16552506059644,772.706930213519,652.6538132884845,514.5600062189054,407.0196555450363,355.0352095215346,412.2438598693739,527.683617331446,687.6772498781678,823.9247538458836,965.623632685116,1115.3551004052476,1194.2081058174074,1252.971667676488,1281.5303351852424,1255.479191384708,1225.646768037186,1131.2846679770746,993.4007247833072,873.6435199782575,706.8408590340545,599.4263924786762,667.3777041526035,714.3787510837651,834.0005995201682,992.40415154311,1162.532150093063,8.0,1415.4465726405924,1494.6186804666934,1525.893836411957,1511.985780356416,1429.017144753694,1344.5255668822367,1188.1317267037357,1067.665209698246,908.1084736968376,765.3299941855147,644.4850657695646,596.1543424315552,601.332686621973,675.7403347440494,814.808566474359,915.2791923779324,991.4358274744766,1070.2009157162968,1116.7094519166567,1134.1626867429557,1073.7187713735846,1060.0311316183124,1001.8383103076064,924.9540529129,817.9217566491309,715.4257473700537,2.8284271247461903,14.866068747318506,2.23606797749979,5.0990195135927845,0.0,0.0,0.0,128.0,12.041594578792296,7.0710678118654755,2.23606797749979,888.8295674649893,807.4905572203306,743.3034373659252,656.1737574758686,579.3453201675146,494.7656010678188,430.1546233623439,422.23216362565273,447.25943254446855,465.2364989980902,557.0008976653448,616.1980201201559,649.0893621066363,682.9326467522255,713.4381542922974,708.9781378857884,692.9256814406579,660.5119226781603,599.2703897240377,538.3121770868647,477.0670812370101,431.6676962664684,400.5196624386873,389.9974358890069,394.7378877179134,458.70360800848295,4.123105625617661,556.9865348462205,606.9110313711558,629.672930972898,650.459837345858,637.54686102278,506.6724780368478,431.6028266821245,429.40889604198935,355.10561809129405,309.6853241598639,241.66091947189145,203.9730374338726,191.7550520846843,206.40009689920203,277.71388153997634,318.014150628553,358.81053496239485,402.75054314054006,437.4757136116244,453.00993366591865,427.18263073303905,438.092455995307,401.44987233775527,390.58545799863055,320.73197533142843,270.07036120240963,6.4031242374328485,4.47213595499958,13.0,14.7648230602334,16.492422502470642,16.64331697709324,19.235384061671343,5.830951894845301,5.0990195135927845,19.209372712298546,10.04987562112089,405.493526458808,391.7397095010921,401.21814515298286,389.1799069839038,363.8145131794497,327.3301086059759,263.2299375071156,238.53720883753127,221.51523649627356,191.1334612253961,238.64827675891564,259.43399931389104,311.4434138009664,353.46428390998716,389.7819903484511,360.7616941971528,355.8258000763857,367.9619545550871,344.223764432382,312.1698255757593,280.04463929880893,242.78591392418136,215.11392330576837,183.74166647769363,178.6644900364927,212.79332696304175,11.6619037896906,244.7549795203358,281.83150994876354,305.5503231875234,305.77279146451207,301.4796842243271,290.65615424415154,266.7208278331484,252.00992043965255,216.9815660373019,181.22085972646747,148.492424049175,95.88534820294495,89.5377015563835,100.44899203078148,127.06297651164952,160.58953888718904,213.1220307711054,241.0684550081159,247.78216239269528,264.0700664596425,272.6407893181063,270.2831848265815,268.47718711279737,247.7761086142084,203.67866849525504,177.13271860387624,0.0,0.0,0.0,0.0,0.0
2025-06-01 18:44:23.765,0,0.0,0.0,0.0,0.0,0.0,0.0,105.22357150372724,6.082762530298219,79.19595949289332,194.74342094150447,289.1262699928874,373.52376095772007,458.53026072441503,523.8673496220202,569.415489778773,606.7824980996073,632.6736915661975,616.1826028053697,599.1761009920206,549.8117859777108,488.25608035128454,388.0,268.7768591229535,172.16561793807728,84.87638069569178,140.0071426749364,270.4902955745363,387.0142116253614,490.4610076244594,610.0270485806346,688.163498014825,752.2612578087483,2.0,783.5164325015782,775.8169887286563,740.7901187245953,662.4899999245272,578.7270513808734,491.4275124573308,354.4305291591005,253.81095327034257,173.0115603073968,207.27035485085656,352.8526604689272,506.1788221567552,628.3510165504629,709.2002538070611,834.4159634139318,895.8415038387092,945.46602265761,1047.099804221164,972.8088198613332,931.7043522491456,822.8687623187552,714.8090654153737,595.5518449303974,476.0514678057405,405.3171597650413,435.63516846094967,10.0,0.0,7.280109889280518,13.601470508735444,13.45362404707371,9.0,7.615773105863909,10.770329614269007,12.16552506059644,20.615528128088304,12.206555615733702,796.1720919499753,660.2098151345525,531.2409999237634,416.5309112178831,337.24916604789405,355.6416735985815,478.2352977353303,646.7712114805358,784.6527894553107,937.7446347487144,1110.459814671382,1201.4512058340115,1266.6570175071072,1296.0590264335958,1281.2279266391286,1228.541411593439,1126.854915239757,1026.6669372294016,887.0428400026686,730.7913518919063,598.4287760460721,652.0897177536232,682.9736451723448,808.4485141306155,953.0351515028184,1130.1061897007733,9.219544457292889,1402.0074892809953,1477.8690740386985,1517.2830981725197,1507.603727774643,1439.7013579211489,1360.2371116831066,1203.3287165193058,1065.362379662432,920.1592253517866,754.4812787604475,646.7967223169888,569.1695705147984,579.4902932750471,661.9735644268584,788.4478422825443,906.1484425854298,987.2436376092784,1097.831043467072,1141.052584239657,1161.565323173863,1128.9189519181614,1096.2189562309163,1023.8832941307325,931.2062070239868,829.3328644157302,739.7736140198567,12.36931687685298,19.924858845171276,23.021728866442675,7.0,0.0,0.0,0.0,128.0,16.0312195418814,24.041630560342615,9.848857801796104,928.453014427763,870.4539045808227,788.2975326613677,687.7921197571254,599.0409001061614,500.5317172767376,453.60004409170864,396.65854333418815,404.5899158407189,447.4036209062238,510.71420579419953,580.8166664275398,635.7082664241515,677.3256233156989,710.8621526006291,704.7162549565605,702.2257471782134,672.5905143547595,627.9315249292713,575.8515433686013,498.96392655180995,464.00969817451016,424.5951012435259,394.4109531947611,379.2255265669757,439.84088031923545,4.123105625617661,528.0094696120516,575.1252037600161,590.4040989017607,630.3657668370007,613.5144660071187,477.4484265342174,435.454934522506,411.4681032595358,382.69700808864445,335.3356527421443,286.0367109306076,238.7299729820284,218.82641522448793,225.15772249691992,268.79360111431225,328.60006086426705,333.00600595184466,400.53214602575906,416.1562206671913,430.2650346007679,413.5129985865015,415.4635964798842,388.15589651582,363.4528855298854,309.4285054742048,253.57641846196975,10.816653826391969,11.0,13.038404810405298,4.242640687119285,13.45362404707371,19.1049731745428,13.45362404707371,4.123105625617661,15.811388300841896,2.0,5.0990195135927845,321.36116753584275,350.44257732187737,341.4747428434496,341.34147125715623,302.2002647252315,284.7174037532655,237.92856070678025,213.3377603707323,211.05923339195564,201.357890334598,217.27862297059968,217.33154395991392,281.8598942737331,302.00165562460086,350.4069063246328,311.33261955664074,306.9918565695188,335.8392472597567,291.6504757410829,291.8938163099726,254.5937941113255,219.2715211786519,180.75397644312005,150.00333329629711,172.51376756653366,184.35834670553976,14.7648230602334,223.78784596130328,265.228203628498,291.73275441746335,282.68179990936807,298.29180344085887,288.2013185257833,260.3247971285102,251.8829093050975,225.71885167172013,180.42172818150257,142.00352108310554,97.41663102366044,80.1311425102625,71.80529228406496,112.16059914247964,140.75865870347016,182.9234812701748,203.48218595248088,231.1579546543878,255.0,267.9944029266283,271.4590208484515,254.1515296038959,254.42091109026396,222.08106627986095,186.59314028120113,0.0,0.0,0.0,0.0,0.0
2025-06-01 18:44:23.775,0,0.0,0.0,0.0,0.0,0.0,0.0,45.65084884205331,154.20765220960988,249.48346638605133,340.20728975141026,437.9235093027092,505.77564195995046,559.9142791535147,590.139813942425,630.5695837891327,632.8704448779387,613.6358855216993,578.013840664737,521.6301371661725,450.60071016366584,348.67319942892084,250.26386075500395,135.35878250043476,97.51410154434076,196.78668654154427,319.02507738420815,434.4951092935339,547.768199149969,637.1036022500579,719.7923311622596,771.7577340072467,793.202370142702,12.16552506059644,773.0097023970657,737.8976893851884,661.3833986425725,570.8108268069203,468.6512562663201,365.2314334774596,256.26743843102656,194.164878389476,231.5879962346926,347.936775865961,527.4438358725979,668.6172298108986,762.0583967124829,878.0802924562195,954.2080485931776,986.6569819344512,1034.456378974,948.9683872500706,932.3094979672792,867.3315398392936,743.9206946980303,610.0442606893372,501.4987537372351,443.64400142456566,429.4182110716778,519.9249945905659,14.142135623730953,4.0,7.0710678118654755,11.6619037896906,12.041594578792296,4.123105625617661,7.810249675906654,5.0,6.708203932499369,10.44030650891055,8.54400374531753,699.4426352460937,581.0008605845605,442.9096973424718,333.65401241405743,341.15099296352633,429.9511600170419,593.9326561151526,755.0920473690609,904.267659490264,1064.847876459356,1166.5144662626349,1233.6356836602936,1270.0003937007264,1271.3524295017492,1233.0859661840288,1188.7224234445987,1076.407450736012,952.8032325721822,808.5202533022905,638.3510006258313,551.1125111989384,628.0461766462718,672.5295532539816,826.1361873202263,982.9343823470618,1147.3813664165896,9.433981132056603,1393.077528352245,1469.4025996982584,1496.589456063352,1491.944368936054,1427.5521006254028,1348.7809310633063,1200.6748102629622,1057.9309996403358,905.386657732485,760.6083091841688,643.4974747425199,590.5294234837075,575.251249455401,650.7610928751042,763.2070492336926,871.784950546865,983.5537606048792,1063.2074115618268,1125.9151833064514,1157.741335532251,1143.4163721059797,1091.1471028234462,1045.2990002865208,973.3087896448895,863.3620329850045,757.7361018190963,3.605551275463989,11.6619037896906,19.235384061671343,13.038404810405298,0.0,0.0,0.0,128.0,11.40175425099138,14.422205101855956,8.602325267042627,953.1196147388848,899.2852717575219,838.3805818361968,750.1313218363836,667.5754638990262,560.5604338516945,509.2278468426486,429.19692449969864,413.0399496416781,445.862086300237,505.4463374088292,555.7130554521821,632.3804234794117,682.2118439311942,706.7538468236306,727.7485829598021,741.0539791405212,723.9343892922894,682.0923691113983,637.8855696753141,601.0207983090103,542.0415113254703,472.9873148404722,440.347589978644,411.847058991563,435.0563181934036,7.0710678118654755,494.6079255329417,537.1079965891404,567.1207984195254,598.8422162807161,617.9482178953185,495.54919029295166,468.277695390246,445.70169396133105,441.7148401401067,378.910279617748,349.35655139126845,279.95713957675736,269.1337957224993,242.42524621004307,239.92707225321615,271.1825953117198,323.24603632527345,376.4159932840261,389.32890979222185,437.068644494203,424.9470555257443,422.45236417849526,414.99036133385073,394.6200704475128,347.40466318113806,316.93059177050105,12.206555615733702,6.082762530298219,12.041594578792296,12.727922061357855,9.0,7.280109889280518,6.324555320336759,4.123105625617661,9.486832980505138,5.0,11.40175425099138,357.76109346881196,365.2560745559203,380.2367683430943,378.9775718957522,365.19720699917735,342.31710445141357,314.92538798896476,298.0620740718282,228.84274076317124,261.6906570743404,222.81157959136684,230.0195643852931,280.6724069088374,280.40149785619906,313.65108002364667,321.4000622277475,309.1294227342328,337.7217789838257,337.02818873204063,324.6783023240081,303.71203466441693,269.4308816746885,224.51057881534223,213.21350801485352,188.1754500459611,185.3672031401456,2.23606797749979,208.70074269153903,223.23530186778257,240.52026941611388,277.90825824361536,287.9600666759195,304.09537977417546,268.2256512714621,278.792037189013,248.16325271885037,226.92069099136816,195.68597292601223,154.40207252495026,123.96773773849388,95.25754563287887,88.63972021616495,96.77293009927932,127.1416532848303,167.14664220378464,199.90247622278216,231.60742647851345,250.0,271.2876701953113,268.4250360901531,270.29243422633937,245.41597340026587,225.80079716422617,0.0,0.0,0.0,0.0,0.0
2025-06-01 18:44:23.777,0,0.0,0.0,0.0,0.0,0.0,0.0,91.92388155425118,22.561028345356956,87.70974860299168,202.15835377248203,300.0599940011997,397.3965274131117,482.32146956153633,545.6738952891186,606.7783779931516,623.5591391359765,648.494410153241,636.4157446198201,617.1628634323358,573.384687622542,497.2454122463072,396.60181542700985,307.7174028227848,182.0988742414406,112.8716084761797,157.69908052997647,264.0378760708395,393.27979861671,497.3469613861132,613.886797382058,703.0561855214703,760.8054941967756,2.8284271247461903,806.6039920555811,797.5769555346994,757.8555271290169,685.3590299981463,619.7192912924367,510.687771539519,386.6264346885763,306.86967917994116,227.51703232945,237.19190542680835,359.3466293149276,519.6046574079181,671.5094936037763,772.0861350911567,849.0023557093349,964.234929879643,994.899492411168,996.9779335572076,1032.6238424518388,962.062887757344,850.535125670892,736.2716889844401,604.4700157989641,514.0671162406715,457.5150270756142,467.38634982207174,7.810249675906654,5.656854249492381,7.810249675906654,7.0710678118654755,6.324555320336759,13.92838827718412,6.4031242374328485,7.810249675906654,2.23606797749979,9.486832980505138,7.810249675906654,788.3679344062643,661.0083206738021,529.6272273967795,420.9334864322391,364.3638291598111,377.6559280615094,501.23248099060777,674.258852370512,811.6563312141413,935.1727113212831,1086.298761851453,1179.699114181239,1241.3557105036411,1279.07662006621,1266.2922253571646,1210.2417113948768,1133.4354855923648,1004.524265510794,875.666603222939,723.7934788321874,599.3104370858229,662.4990566031018,656.210332134446,760.1901078019893,920.7219993027212,1086.2274163360084,6.324555320336759,1370.449926119156,1418.628210631665,1486.5480146971372,1480.6680924501616,1445.2698709929575,1356.7166247967923,1214.9106963065228,1106.3403635409854,954.9685858707604,797.9197954681912,670.1857951344538,583.09518948453,574.8669411263793,636.7958856651007,731.0184676189788,865.7078028988765,931.0343710089332,1053.858149847502,1094.3422682141086,1139.685921646837,1136.3846179881175,1097.565487795603,1039.6369558648826,969.590119586622,866.5615961949849,768.8933606164121,7.0710678118654755,5.385164807134504,15.620499351813308,1.4142135623730951,0.0,0.0,0.0,128.0,32.202484376209235,16.1245154965971,3.0,955.13873337856,894.6848607191249,820.2615436554368,733.5400466232229,635.9819179819501,514.5726382154419,466.44399449451595,432.09373982968094,426.35665821000146,447.6896246284919,512.4470704375233,602.99419566029,651.1689488911461,696.2083021625066,710.9437389836132,742.886936215734,738.1083931239368,712.5517525064407,655.8056114429031,595.2722066416338,552.7395408327507,486.4987153117673,443.1907038736259,399.0100249367176,381.55995597022496,402.1765781345304,7.810249675906654,490.2509561438917,509.33780539048934,560.2088896117233,596.5852830903558,603.6828637620915,493.1733974982836,442.06899913927464,459.31470692761405,401.6590594023742,351.062672467467,311.0450128196882,263.68541863364385,241.3503677229434,232.4327859833892,258.58847615468096,280.22312538404105,322.0745255371806,363.8529922922168,402.715780669196,420.78973371507055,427.61197363965385,418.4590780470654,399.23927662493327,373.80476187443094,344.8840384825021,299.7482276845019,10.198039027185567,5.830951894845301,11.40175425099138,5.830951894845301,2.23606797749979,3.0,5.656854249492381,2.23606797749979,10.44030650891055,15.033296378372908,15.231546211727816,368.12633700945656,359.70682506730395,371.9489212244068,367.00953666083393,323.0619135707581,312.200256245891,283.95246080990387,280.7294070809113,226.43321311150447,249.04015740438328,237.92856070678025,249.57563983690395,280.3176769310134,280.7436553156634,341.0131962256006,325.17072438951203,331.0060422409235,338.9985250705377,316.28468189275304,283.5365937581955,267.8544380815819,237.19190542680835,218.82641522448793,203.9730374338726,188.85444130334875,205.08047201037937,5.0,244.1741182025646,265.15844319953305,284.01584462842914,283.1342437784593,285.08595195133694,270.3849108215915,245.70307283385773,234.95531490051465,206.32013958894075,184.6212338816963,142.43595051811886,108.84851859350222,93.5200513259055,102.88342918079664,133.3641631023867,149.90663761154806,202.7806696901852,217.1174797200815,231.5728826957077,258.64454372748713,264.372842780797,272.40594707164524,260.83711392361323,251.32051249350897,211.15160430363773,173.4041521994211,0.0,0.0,0.0,0.0,0.0
2025-06-01 18:44:23.779,0,0.0,0.0,0.0,0.0,0.0,0.0,85.47514258543241,18.973665961010276,103.39245620450264,205.8761763779384,298.97157055479374,387.5177415293395,464.6170466093555,525.7090450049343,579.5670798104392,607.6084265380131,617.8357386878813,603.5180196149904,582.4774673753484,534.5745972266172,454.58772530722825,380.87924595598537,282.9911659398576,169.0266251216062,81.9084855189009,132.21951444472938,258.08913189051566,377.4466849768322,488.58980750727903,578.3078764810315,689.4555823256492,729.562197485588,8.0,789.2084642222231,775.8981891975261,734.8639329835149,673.2325007009094,605.5625483796038,495.2544800403122,391.4690281490989,287.81417616232875,213.75921032788273,213.2510257888576,342.12570789112004,491.4712606043206,611.3763161915908,701.2424687652624,835.1299300108935,898.9994438263018,976.2156524047338,1002.1546786798932,982.344135219425,955.3538611425612,858.53945745085,759.8506432187842,606.3299431827526,494.2924235713107,427.93106921559223,460.87091468219165,10.0,7.810249675906654,8.06225774829855,11.04536101718726,8.54400374531753,8.94427190999916,5.0,5.0,8.246211251235321,5.656854249492381,4.123105625617661,808.0210393300412,683.2400749370605,556.0035971106662,437.01029736151526,378.0013227490083,371.258669932434,499.76394427769594,643.6435348855763,811.8897708433085,945.5178475311824,1080.2448796453516,1189.0941930730298,1257.2259144640632,1299.9619225192714,1288.845219566725,1231.7028862513882,1152.128465059344,1030.1310596229978,889.4026084962873,736.6966811381737,624.4613679003689,670.4028639556964,650.5582218372157,753.7599087242569,911.206343261503,1077.0858832980775,21.540659228538015,1363.5989146372915,1457.8069145123438,1491.778133637841,1507.4090353981562,1436.721615345158,1364.5530403762252,1258.9205693767974,1121.3144072917282,983.3758182912574,812.0701940103454,692.3019572412027,582.179525576089,569.3197695495916,632.2918629873391,727.670942116009,834.326075344646,942.2234342235392,1022.1805124340808,1090.8088741846575,1139.0109744861986,1124.6368302701098,1107.6470556996032,1076.1384669270028,986.4020478486448,913.2584519181852,803.72258895716,8.0,6.0,10.295630140987,9.486832980505138,0.0,0.0,0.0,128.0,16.1245154965971,10.295630140987,15.524174696260024,954.4092413634728,909.4641279346866,835.7032966310471,763.2070492336926,667.2480798024076,570.9956216995013,508.3404371088336,464.9010647438872,446.6060904197344,457.4232176005062,542.379940632026,608.8193492325946,647.5036679432789,698.0458437667257,731.9070979297851,739.7573926632974,727.9780216462582,719.8347032479054,674.2766494548065,613.5698819205519,585.618476484477,532.18417864495,479.75201927662584,445.7847013974347,425.4033380216944,447.532121752171,10.0,535.4213294219796,582.0420946976258,608.2146002851297,652.3633956622643,647.0857748397812,519.1194467557539,491.7275668497751,480.78685506157507,449.02783878062615,397.1750243910108,350.15567966263234,296.0152023123137,277.0018050482704,276.508589378341,291.6316169416478,322.49030993194197,352.0695953927291,393.4183523934795,429.0606017802147,450.7471575062898,455.0802127098035,449.3606569338264,428.1927136232003,401.00498750015566,355.1689738701848,297.87413449307746,7.615773105863909,3.1622776601683795,7.0,7.0710678118654755,15.620499351813308,5.385164807134504,7.211102550927978,7.280109889280518,18.35755975068582,13.0,9.486832980505138,370.8503741402993,369.845913861435,375.2572450999447,351.60204777560665,330.311973746033,291.7601754866486,258.17242300447197,233.57439928211312,260.18839328455834,225.24875138388668,238.79907872519107,231.70023737579555,275.87859648765794,304.0164469235176,355.735857062512,334.33665668005955,328.29864452964165,338.0014792867037,316.5217212135685,281.6611439300778,264.592138961081,232.0344801963708,201.07958623390888,182.58422713914803,188.09572031282372,195.05896544378575,11.180339887498947,236.30488780387088,264.70549673174526,283.08655920053855,259.9423012901132,270.1592123174777,256.56383221335,251.92459189209777,231.0411218809327,206.72929158684795,170.4494059831245,145.52662986546483,120.10412149464314,92.07062506576132,102.00490184299969,106.92053123698928,138.62178760930766,180.6239186818844,188.04254837669055,211.68372634664195,233.10512649875375,245.63590942694023,253.74790639530408,243.6801181877586,232.13142829009604,209.03827400741713,171.26587517658035,0.0,0.0,0.0,0.0,0.0
2025-06-01 18:44:23.786,0,0.0,0.0,0.0,0.0,0.0,0.0,87.66413177577246,19.72308292331602,110.60289327137876,214.9790687485645,301.4962686336267,397.2014602188668,486.23656793787114,530.9934086219903,594.1153086733248,624.1354019762058,644.1560369972481,620.7100772502408,597.2352970145016,542.1669484577606,481.59838039594774,392.6232290631821,281.6842203603177,180.22763384120648,98.22932352408826,158.8238017426859,266.7376988728815,415.95793056509933,515.3493960411713,612.1511251316949,683.8011406834593,753.5734867947518,6.324555320336759,787.2991807438898,780.6234687735182,739.1305703324684,677.4806270292901,592.8912210515517,486.11521268110914,375.2932186970609,264.31988196123274,205.34117950377123,233.69424468736923,380.0328933131973,535.4717546239017,596.6648975765207,781.6066785794502,845.6813820819281,905.8255902766272,942.2531506978366,1026.450680744087,921.122141738,914.807083488098,795.5702357428916,674.4671971267394,557.5849711030597,450.58184606129,429.67080422109206,449.0746040470336,18.110770276274835,8.94427190999916,3.605551275463989,16.401219466856727,2.8284271247461903,8.602325267042627,11.6619037896906,7.615773105863909,14.866068747318506,12.041594578792296,5.0990195135927845,769.8480369527482,662.3850843731311,515.3532768887766,398.7605797969504,327.96493715029965,348.6387815490411,451.5451250982564,627.5165336467239,781.5836487542456,937.6534541076464,1063.512106184034,1170.9607166766953,1227.837529968847,1268.7135216430854,1260.7462076088111,1219.0004101722034,1137.2475544049323,1030.1427085603236,894.6289733738786,760.1716911329966,629.7491564107092,679.977940818671,654.2759356724042,762.1364707189914,913.7702118147648,1080.4059422272724,21.2602916254693,1353.1788499677343,1451.8546759231792,1493.7422803147804,1518.998683343735,1457.8237204820066,1399.4130912636197,1272.2083162752867,1161.5132371178556,988.4052812485372,849.7811482964305,701.09699756881,622.8073538422616,595.3553560689616,655.0030534279974,732.2738558763381,844.1001125458994,959.0537002691768,1045.6959405104335,1114.5169357169948,1143.8295327538976,1154.800848631486,1130.028318229238,1088.1548603025217,1035.91601976222,933.0471585080788,827.7801640532346,5.656854249492381,14.317821063276352,13.0,14.7648230602334,0.0,0.0,0.0,128.0,11.180339887498947,5.0990195135927845,11.180339887498947,922.2933372848358,897.8446413494931,832.3701099871379,759.2950678096098,682.2939249326496,583.7876326199452,517.6494953151215,464.45667182203334,458.7134181599662,485.78287330864185,530.5779867276817,573.4710106012334,646.2723883936246,691.9089535480806,719.7569034055873,734.4419650319554,731.0950690573695,716.4530689445053,699.9271390652029,656.3200438810321,615.5038586394077,561.1933713079654,497.3982307970144,476.52282211873126,479.4163117792301,471.5516938788366,11.40175425099138,541.7868584600405,589.6515920439798,613.9389220435531,637.824427252516,653.8661942630158,511.5867472873002,484.1539011512765,489.3107397145499,438.0410939626555,402.355564146937,347.3110997362451,316.0063290505429,290.65615424415154,291.23358322830836,303.0594001181947,335.431065943511,376.06515392947534,397.15991741362825,412.9721540249415,417.4697593838385,421.15317878415686,437.0011441632618,393.6521306940939,376.0053191113126,337.013352851189,277.5211703636319,15.811388300841896,9.0,6.082762530298219,13.0,10.295630140987,7.211102550927978,19.4164878389476,10.0,3.1622776601683795,17.46424919657298,1.4142135623730951,317.8002517305485,334.0538878684096,319.4761336938958,305.0639277266324,281.05515472945876,264.8490135907627,234.3885662740399,200.0399960007998,220.7826985975124,200.0399960007998,236.37258724310652,246.61711213944585,274.0456166407337,279.24362123421906,307.2474572718219,313.0447252390623,292.8975930252756,310.98713799769916,285.07016680108774,270.14995835646545,237.58787847867995,215.18828964420905,205.54804791094463,190.06577808748213,188.32153355365392,203.0615670184784,17.029386365926403,240.3018934590404,260.4995201531089,261.19150062741323,267.23210884921747,254.9078264785136,249.23884127479008,231.04977818643323,202.5487595617411,192.01041638411183,154.30165261590687,121.1486689980538,97.63708311906906,92.9623579735368,98.508882848198,129.84991336154215,161.1862276995153,168.23792675850473,217.34994824015948,235.96821819897696,239.92707225321615,251.07767722360344,245.22030910999192,239.70398411373975,229.94347131414713,199.00753754569195,166.19265928433782,0.0,0.0,0.0,0.0,0.0
2025-06-01 18:44:23.788,0,0.0,0.0,0.0,0.0,0.0,0.0,94.04786015641186,19.1049731745428,98.00510190801292,201.40506448448608,306.91041038061906,395.2037449215278,475.0673636443573,535.8245981662283,593.5604434259412,624.1089648450821,638.2429004697193,618.6776220294379,597.482217308599,542.1475813835195,474.8262840239576,382.21459940719166,297.1683024819437,197.57024067404484,120.5404496424333,160.86018774078315,280.6153951585693,396.7883566840136,512.4578031409026,616.5744075129943,701.8390128797344,744.5078911603288,12.36931687685298,799.1601841933818,775.8930338648491,728.5581651453781,661.5655674232147,582.2198897323931,493.9028244503163,373.8836717483126,279.4029348450012,222.76669409945464,267.3200329193456,397.10200200955927,505.75982442262057,645.1821448242349,799.3209618169662,924.1958666862776,927.7769128405816,938.374125815498,1004.018426125736,992.5366491973988,933.0150052383938,813.7057207615048,698.3158311251435,571.6957232654447,488.14444583545145,448.7426879627121,491.1466176204413,14.560219778561036,12.083045973594572,6.324555320336759,11.6619037896906,12.041594578792296,3.1622776601683795,9.433981132056603,9.219544457292889,4.123105625617661,6.324555320336759,6.708203932499369,780.04102456217,656.4091711729811,508.6944072820145,402.82626528070386,344.20923869065456,369.0121949204389,505.6649088081948,640.7261505510759,809.2131981128335,924.2883749133708,1065.3299958228906,1156.8275584545866,1211.2910467761246,1254.2766839896212,1235.9874594833072,1193.8865105193206,1105.4940072203017,1009.8321642728558,904.6391545804328,758.0105540162353,628.245970938135,673.3386963482791,656.2088082310386,767.8704317786953,900.8940004240231,1073.071293064911,8.0,1332.4421188179244,1432.6901269988566,1477.095799195164,1486.5116884841505,1463.8647478507023,1408.4732869316335,1275.6566936288148,1154.800848631486,1021.5674231297708,867.8271717340959,748.8664767500278,642.1479580283659,614.4208655311113,656.0647833865189,727.049516883135,847.0053128522867,918.1530373527064,1012.2356445018128,1082.270298954933,1108.0762609134806,1138.9683928889335,1117.7012123103384,1076.2327815115093,1044.655445589597,944.5575683885022,850.0176468756399,3.1622776601683795,3.1622776601683795,16.15549442140351,9.899494936611664,0.0,0.0,0.0,128.0,16.492422502470642,9.433981132056603,8.602325267042627,915.784363264628,860.9767708829315,829.6987405076616,768.8966120357145,698.6730279608624,589.8762582101436,547.0283356463356,522.498803826382,504.28761634606894,531.7687467311331,562.202810380738,608.6657539241057,655.7232648000222,684.0029239703584,714.1834498222428,732.3619323804317,727.0577693691197,706.402859563861,700.6975096287983,664.4343458913003,635.1771406466073,565.6615595919525,528.5196306666385,505.4364450650546,516.6323644527122,519.3380402011776,6.708203932499369,577.1906097642268,607.0205927314163,625.6812287419209,643.2448989304152,651.092927315295,520.8848241214174,480.2082881417187,465.8433213001985,415.1445531378197,392.3901120058965,345.5575205374642,304.138126514911,302.65491900843114,295.6010825419961,329.4434701128556,346.8313711301214,389.16577444580093,415.04337122763445,426.4141179651537,436.7298936413673,431.0046403462496,410.11461812522606,379.49044783762344,374.5183573604904,322.3042041301975,277.5103601669675,25.179356624028344,6.082762530298219,9.433981132056603,10.295630140987,5.0,4.47213595499958,10.770329614269007,8.0,7.0710678118654755,3.0,4.123105625617661,329.20054677961883,323.24139586383427,325.2076259868455,300.46796834271703,285.1105048924013,259.11580422660444,230.4886114323222,230.1238796822268,223.3942702935776,228.0021929719098,225.47061892849808,264.4919658515169,313.3895339669147,328.7369769283644,339.69545183884935,288.4874347350331,303.3694117738306,308.7798568559808,287.67342595380615,260.76809620810593,241.8098426450007,229.10696191953664,204.31837900688228,187.5419952970534,179.49373248110922,214.7091055358389,4.242640687119285,251.10356429170812,248.2680003544557,256.11325619733157,270.57346507002495,257.6140524117425,252.03174403237384,224.17850030723287,204.1665986394445,179.06702655709677,138.9280389266328,126.15070352558485,97.65244492586962,91.92388155425118,97.94386147176353,124.96399481450646,149.45233353815524,167.96725871431016,207.64633394307737,238.29603437741048,242.98559628093184,246.07722365143832,236.01906702637396,230.3605869067015,211.17765033260503,185.17289218457435,152.2005256232711,0.0,0.0,0.0,0.0,0.0
2025-06-01 18:44:23.794,0,0.0,0.0,0.0,0.0,0.0,0.0,115.10430052782564,55.31726674375732,119.25183436744275,233.1887647379264,333.4381501868075,422.0675301418009,507.1587522659941,564.6388226114105,626.0071884571295,657.6724108551308,672.6440366196671,659.5642500924379,625.9337025596241,564.2384247815811,496.0584642962965,409.8255726525616,292.8378390850472,187.21111078138497,136.95619737711763,191.449732305898,313.5474445757771,421.6123812223735,563.8625719091488,648.8913622479498,712.7776651944139,772.2072260734161,4.123105625617661,820.2877543886657,803.1593864233923,747.8301946297702,684.9350334155788,584.2953020519676,496.86416654856487,381.0931644624448,285.8058781760795,250.0,282.29417280560364,464.24670165764235,571.9090836837618,733.7410987535045,862.222709049118,953.8406575524028,1009.0242811746404,1042.4375281042026,977.0941612761792,988.896860142654,917.6709649978036,814.6373426255391,682.2843981801137,558.7960271870229,472.451055666087,447.6628195416724,472.7620966194308,20.8806130178211,8.48528137423857,15.297058540778355,17.0,10.63014581273465,11.0,6.4031242374328485,8.246211251235321,6.4031242374328485,10.295630140987,4.47213595499958,759.8506432187842,604.2391910493724,505.6836956042779,373.20905669610966,324.4102341172362,365.3778865777184,519.6652768850349,666.3887754156729,819.5395048440313,970.7079890471696,1069.640126397659,1162.345903765312,1215.8326365088249,1238.09086903991,1210.8298807016615,1191.068427925113,1086.9448008063705,986.8424392981892,851.0846021401163,702.1524051087484,580.5273464704311,637.3860682506325,656.8119974543705,764.1524716965849,894.4970653948508,1091.1173172487,7.0710678118654755,1354.396175422834,1445.9080192045412,1472.672740292289,1494.6173423321436,1439.547498348005,1366.2810838184066,1238.2023259548498,1122.2343783720048,986.554103939566,862.0649627493278,723.5385269631466,622.9879613604103,621.4064692292799,646.5987936889459,753.4839082555114,848.7125544022546,949.1185384344782,1047.9484720156806,1118.9280584559492,1127.0137532434997,1161.3083139287344,1110.405331399305,1088.7722443192608,998.528917958814,926.6072522919296,834.6214710873427,4.242640687119285,15.556349186104043,10.04987562112089,1.0,0.0,0.0,0.0,128.0,8.602325267042627,10.198039027185567,9.055385138137416,898.2761268117949,845.6441331907885,804.140534981293,719.5866869252098,666.2086760167567,558.9284390689027,541.3944957237744,505.0346522764552,474.3216208439164,502.03585529322504,561.4445653846869,606.1188002363893,643.0933058273893,689.2923907892789,697.717707959315,734.4337955186975,708.6868137619043,708.5224061382957,678.1533749823856,625.9656540098666,597.1473854920575,555.0927850368802,526.1862788024788,488.635856236523,469.1534930062868,496.9124671408436,6.082762530298219,550.9128787748567,583.0034305216394,594.8285467258612,634.641631158877,592.595983786593,481.58592172114,457.37730595209905,431.2794917452023,401.8718701277809,352.23003846918,316.1407914205315,288.8754056682569,276.08150970320344,278.0017985553331,321.57269784607024,342.4864960841522,373.2505860678587,403.43524883182926,411.41827864109297,431.0046403462496,429.1410024688855,396.4290604887588,389.8409932267257,357.5485980954198,317.1277345171816,258.36601943754135,14.317821063276352,8.0,5.0,12.36931687685298,11.40175425099138,13.341664064126334,3.1622776601683795,16.15549442140351,16.0312195418814,1.4142135623730951,8.602325267042627,320.62439083762797,329.52845097199116,335.9121909070881,319.3399442600315,299.6414524060381,280.6599365780588,268.2256512714621,258.3834360016137,216.5386801474508,204.65825172711703,226.71788636982305,259.6247291765559,270.0018518455012,304.25154066988716,327.3606573795941,334.21250724651225,315.75306807693886,337.85499848307705,300.3065100859454,281.4480413859723,274.346496241523,245.08161905781512,211.9929244102265,215.23243250030885,213.02582003128165,213.8246945514011,14.0,251.28867861485523,278.6323742855449,278.5677655436824,270.05925275761246,273.1300056749533,252.97628347337223,240.18534509832193,209.69024774652732,192.4266093865399,168.71573726241425,147.59742545180114,119.2015100575492,116.03878661895772,117.17508267545622,140.9432509913121,169.95587662684687,208.19462048765817,223.0874268084152,255.29003114105336,247.2023462671825,257.63540129415446,253.6631624812716,246.9169900999119,206.32013958894075,193.13207915827965,152.0526224699857,0.0,0.0,0.0,0.0,0.0
2025-06-01 18:44:23.795,0,0.0,0.0,0.0,0.0,0.0,0.0,112.4855546281388,57.706152185014034,129.0348790056394,233.68354670365648,333.208643345277,429.3774563248518,506.2529012262547,578.9550932498996,639.9812497253338,653.3636047408824,673.7840900466558,661.8798984710141,628.4083067560454,586.3275535057174,514.4803203233337,411.3404915638624,306.4718584144391,194.3707796969493,135.77186748365804,184.5562244954095,299.29584026511293,437.0286031829038,542.3624249521716,641.8488918740921,739.0493894185963,790.423936884505,13.601470508735444,823.6164155722007,815.0122698462889,767.7532155582287,688.7452359181876,608.5868877982831,511.78608812667034,391.4613646325778,307.001628660175,258.62714474702767,276.4796556710819,451.0665139422345,537.7852731341758,698.6214998123089,830.119268539166,909.796680583085,1012.8316740702772,1051.8222283256805,1033.6851551608934,958.000521920526,900.5692644100175,828.7400074812365,688.0007267438023,594.1380311005179,490.6098246060712,474.80522322316546,502.8289967772344,3.1622776601683795,12.529964086141668,7.280109889280518,6.324555320336759,8.246211251235321,12.041594578792296,9.219544457292889,11.04536101718726,11.40175425099138,7.280109889280518,8.06225774829855,739.5593282489242,620.4417780904184,488.19873002702496,386.46345234704927,337.8313188560232,400.0262491387284,514.7552816630442,689.458483159066,831.8275061573763,961.9173561174578,1081.602514789976,1168.2486892781003,1225.1632544277518,1235.2347954943627,1221.9431246993454,1167.7200006850958,1097.809637414429,972.358987205857,831.8202930922039,669.6461752298746,572.8568756679106,653.5579545839834,671.934520619383,797.8753035405971,960.0900999385424,1109.984234122269,13.038404810405298,1370.3273331580306,1444.1623869911582,1486.1345834075728,1485.673248059613,1431.2938202898802,1357.8398285512176,1233.8285942544856,1111.1404051693917,956.206044741404,799.7624647356239,696.6498403071661,625.518984524051,628.339080433487,691.378333475963,776.0315715227055,880.8949994182053,981.437720897256,1059.2497344819114,1116.430920388718,1145.3754842845206,1104.9131187564026,1119.3931391606793,1080.307826501317,1017.4325530471295,924.6972477519332,838.873649604039,6.082762530298219,10.63014581273465,8.48528137423857,1.4142135623730951,0.0,0.0,0.0,128.0,4.123105625617661,8.54400374531753,5.830951894845301,899.3536568002601,840.9102211294615,807.5450451832393,734.8339948587028,655.1679174074384,553.4130464671031,515.213547958514,491.4560000651126,491.8089059787348,542.8517292963153,577.3673007713547,611.432743643976,660.2946312064032,694.7244057898067,699.9407117749331,703.8636231543721,688.3153347122233,672.6224795529807,636.1359917501917,580.1689409129034,573.3698631773386,534.371593556394,487.7427600692808,490.38862140143505,483.0424411995285,499.21738751770255,2.0,564.6042862040634,592.0304046246274,618.5402169624866,613.4900162186831,625.1151893851245,486.0545236905012,437.7727721090018,412.0594617285229,350.3055808861743,321.45917314645106,282.0159569953445,257.70137756713683,253.6631624812716,266.33249895572266,303.75812746328285,348.8337713008877,387.6248186068586,401.62171256046406,404.0111384603152,419.6879793370308,395.80045477487766,396.63711374504527,372.1357279273249,319.65762934740036,285.40672732085346,233.45235059857504,17.08800749063506,27.202941017470888,13.038404810405298,2.23606797749979,4.242640687119285,8.602325267042627,8.94427190999916,5.830951894845301,10.04987562112089,1.0,4.0,336.5828278447966,332.84380721293286,331.7303121513016,329.53907203850656,297.24232538452526,263.86549603917524,273.3093485411723,229.5125268912353,198.1539805302937,223.0425968284982,228.70942263055105,260.5379051117131,281.60255680657446,314.9920633920798,331.4528624103283,322.96749062405644,316.2941668763431,325.1861005639694,304.19894805866767,271.97426348829407,276.14670014323906,245.47301277329856,217.0829334609241,204.2473990042468,203.3937068839643,219.12781658201223,3.1622776601683795,244.64055264816585,272.2498852157701,266.3625349030903,274.71075697904513,272.88275870783775,262.4061737078608,241.12444919584576,220.63771209836273,198.20443990990717,170.90640713560157,130.77079184588584,108.00462953040486,116.1077086157504,119.09659944767525,160.822883943797,181.43042743707576,189.4887859478761,234.77648945326703,248.65236777477105,255.97656142701817,256.72748197261626,252.79438284898657,237.34573937612615,203.03940504246953,185.74444810007108,145.89036979869508,0.0,0.0,0.0,0.0,0.0
2025-06-01 18:44:23.800,0,0.0,0.0,0.0,0.0,0.0,0.0,71.06335201775947,45.18849411078001,138.15932831336434,255.29003114105336,332.74614948936676,432.2800018506523,529.1880573104423,568.0721785125548,628.7527335924672,657.9072883013229,663.9013480932239,659.310245635543,625.7555433234292,568.0184856146849,496.63870167356066,373.5505320569093,265.85146228674387,156.85024705112835,111.40017953306898,190.90573590125572,308.3018001893599,442.05995068542455,559.2003218883194,654.31261641512,740.1364739019419,795.7084893351333,1.4142135623730951,839.3449827097318,796.4169762128379,766.0450378404654,689.6035092718133,609.8458821702415,484.19520856778416,362.22782885913114,272.6059427085184,244.08605040026356,283.4783942384322,433.8813201786867,543.6800529723341,720.5345238085404,854.0521061387296,971.2821423252876,1045.172713000105,1021.9926614217932,1071.698185124898,982.3929967177088,944.9761901762394,798.8554312264516,701.2061037954533,571.1357106677887,469.9361658778775,412.8014050363685,494.85351367854304,13.892443989449804,5.0,2.8284271247461903,13.038404810405298,13.038404810405298,2.8284271247461903,4.123105625617661,7.280109889280518,10.0,5.656854249492381,17.46424919657298,760.4656468243651,632.6531435154653,478.2175237274351,369.9864862397003,328.6715685908959,379.1595970036892,542.0590373750815,678.3104009227634,848.6424453207605,962.4302572134771,1116.9391209909338,1214.792574886758,1263.3103340034863,1281.282560561877,1280.3378460390836,1208.7882362101311,1103.5782708988067,989.2426395985972,851.7423319290875,701.9202233872451,568.841805777318,627.1562803639935,657.1126235281133,774.0025839750149,934.679089313546,1127.4652988008102,2.0,1382.6937477257934,1453.0289054248026,1504.859461876756,1490.7853634913376,1457.4697252430324,1356.1891461002035,1239.8104693863495,1102.575620989327,964.7269043620583,828.7291475506337,712.4043795485819,610.7937458749885,596.0536888569686,674.4671971267394,767.1512236840922,879.3145057372817,971.4525207131844,1064.1437872768886,1119.9361588947827,1166.5440411746142,1154.0645562532452,1141.080628176642,1077.878007939674,1009.792552953328,918.6707788974242,845.2455264596199,8.48528137423857,4.123105625617661,21.587033144922906,4.0,0.0,0.0,0.0,128.0,8.06225774829855,8.602325267042627,12.083045973594572,903.0354367354583,869.7476645556457,799.2909357674463,732.3127747076381,653.9373058634902,574.7703889380524,538.2434393469185,516.1172347442003,499.2884937588688,525.5558961709021,556.5366115539929,608.1586963942882,644.8573485663321,676.1804492885017,702.2848424962623,696.5658619254895,702.5389668908052,664.9661645527538,629.3011997446056,605.5030966064501,561.6164171389579,521.9894634951936,511.1653352879086,505.83099944546694,503.5007447859437,549.2331016972666,3.1622776601683795,593.923395733827,628.650141175519,654.9412187364603,637.8495120324229,630.353868870494,488.5417075337581,455.7510285232497,430.7063965162347,378.33582965402576,339.45839214843403,303.48805577814755,277.4058398808504,266.59519875646674,298.9648808806814,328.2026812809426,373.99064159414473,406.1489874418007,445.19209337094026,461.6156409828419,465.2923811970276,444.6684157886638,424.1238026803023,396.8941924493227,356.02949316032795,302.8811648155098,253.38705570727168,6.4031242374328485,7.615773105863909,10.198039027185567,7.211102550927978,13.892443989449804,19.79898987322333,10.0,10.770329614269007,13.92838827718412,17.029386365926403,1.4142135623730951,341.4747428434496,329.946965435356,335.9434476217686,323.31099579197735,295.9746610775997,280.7650263120391,235.51008470976353,196.74348782107123,196.1479033790573,229.40139493908924,218.577217477028,235.42302351299455,247.9294254419995,281.31477031965454,305.45212390815027,308.2888256164988,310.6959928933748,313.789738519283,314.4344128749269,288.44410203711914,277.8380823429358,237.69938998659632,191.84629264074923,195.143536915779,200.6888138387389,202.27209397245088,4.123105625617661,241.26748641290231,254.57808232446092,272.6847997230502,262.15453457836657,268.00186566514793,261.4287665885298,238.0021008310641,220.9547464980103,182.70467974302136,165.51737068960466,148.24641648282767,111.15754585272202,101.40019723846694,115.44695751729448,139.46325680981354,161.64467204334326,196.2090721653818,207.62466134830905,229.71286424577968,236.57768280207665,257.2353008434107,247.13154391942768,232.01939574095957,223.16361710637332,184.74035834110532,158.7608264024851,0.0,0.0,0.0,0.0,0.0
2025-06-01 18:44:23.804,0,0.0,0.0,0.0,0.0,0.0,0.0,96.13532129243652,48.79549159502341,140.80127840328723,248.3646512690564,355.84828227771453,442.3087157178796,521.3098886458994,585.4579404192926,642.4398804557513,663.1998190590826,677.2001181334805,668.3726505475819,623.2848465990489,567.6486589431883,486.6148374227814,396.6875344651001,273.73892671668017,170.06469357276953,109.11003620199196,189.12958520548815,314.2117120668802,459.687937627256,579.0863493469692,674.0511850000711,749.8379825002198,796.6988138562779,14.7648230602334,840.405854334678,818.1796868659109,762.1154768143736,680.8024676806041,589.6439603693062,470.1021165661776,355.38289210371397,251.3662666309861,206.72929158684795,296.5889411289639,450.7471575062898,572.4727067729955,708.5795650454506,829.6366674635349,900.0822184667354,987.1114425433432,1034.0565748545869,995.1341618093512,982.0183297678308,906.9421150216808,787.4617451025796,672.4499981411258,543.6000367917574,442.06899913927464,420.4045670541651,472.8689036086006,6.324555320336759,7.615773105863909,11.40175425099138,11.6619037896906,12.041594578792296,9.0,0.0,3.605551275463989,8.94427190999916,8.94427190999916,4.242640687119285,737.5940617982225,599.0534199885683,464.6568626416702,350.33269901623515,303.2688576164721,343.5258360007293,487.7396846679589,646.1114454952799,806.2760073324766,952.9181496854806,1069.544295482894,1148.1049603585902,1213.4005933738454,1244.1209748251977,1210.6535425132988,1172.4657777521695,1080.4536084441572,953.9570220927146,830.0560222057304,700.0471412697862,589.1086487227972,630.4569771205645,645.9055658530897,750.0933275266485,918.0593662721382,1078.1855127945282,25.0,1349.50731750517,1444.4022985304337,1461.381538134378,1471.4078292574088,1405.159065728859,1358.5304560443244,1232.916055536629,1109.7679937716712,972.4119497414664,827.058039075856,716.2017872080465,631.5694736131568,627.739595692354,687.602356016906,772.503721673883,868.3691611290673,959.6942221353632,1037.3586650720183,1119.208649001606,1141.0017528470323,1152.7792503337314,1141.0017528470323,1075.4589717883243,1008.8855237339864,947.7763449253204,834.5687509127094,14.142135623730953,8.06225774829855,8.06225774829855,20.248456731316587,0.0,0.0,0.0,128.0,7.0710678118654755,8.54400374531753,6.4031242374328485,904.5595613335807,835.4932674773628,798.1603848851432,731.5743297847458,659.6878049501901,567.387874385768,524.1039973135103,499.6728930010112,501.28834017958167,526.1606218637043,550.3816857418132,579.6153897197693,604.901644897747,628.5809414864565,639.6037836035681,657.103492609802,631.8045583881142,622.562446666999,606.3398387043359,569.1484867765178,541.6133307074338,502.72159293191294,480.8596468825389,478.909177193338,502.1324526457138,512.3904761019666,3.0,590.4743855579173,608.2450164201923,604.9107372166575,603.8294461186867,602.5612002112316,462.5894508092462,426.01056324931665,402.5133538157461,347.1901496298534,318.9012386303948,258.2479428766084,250.57733337235433,246.47920804806233,291.7413237784459,313.82319863260585,346.80253747629934,385.48800240733823,413.62422559613213,430.2557379047954,421.86490728668105,417.9724871328255,391.50606636423913,370.4186820342624,333.073565447635,264.7564918939666,228.232337761326,9.219544457292889,16.0,19.1049731745428,3.1622776601683795,3.605551275463989,4.242640687119285,16.1245154965971,5.0,5.830951894845301,8.94427190999916,6.324555320336759,320.67740799750766,325.39975414864716,330.9531688925187,324.80301722736505,308.86890422961,287.22116913625985,277.0072201225087,242.9156232110236,226.00884938426637,173.62315513778685,221.44299492194375,221.0814329607984,255.38402455909417,276.7959537276512,291.52872928752663,309.00647242412253,309.90321069650116,320.7553584899245,291.4515397111499,284.29737951659,279.3313444638822,246.59480935331953,241.07467722678797,214.24518664371436,208.09613163151303,221.32555207205516,4.47213595499958,236.13555429032704,244.38698819699871,253.23704310388715,265.8759109058209,259.21805492673536,254.0964383851139,228.32652057962952,222.3803048833237,186.04300578092153,160.0781059358212,135.36986370680884,120.7683733433551,121.396046064112,127.28707711311466,158.39823231336896,188.09572031282372,195.0179478919825,227.6686188300882,246.46500765828807,254.1692349597016,256.7586415293554,255.64428411368797,245.9044529893674,213.88314566603887,174.34735443934903,150.4460036026215,0.0,0.0,0.0,0.0,0.0
2025-06-01 18:44:23.809,0,0.0,0.0,0.0,0.0,0.0,0.0,109.89540481748998,32.31098884280702,111.97321108193692,232.14219780126143,332.07980968435885,425.0599957653037,516.9535762522588,588.5618064400713,643.0933058273893,666.454049428766,675.6004736528831,681.1057186663462,634.9716529105847,593.255425596766,510.2832546733236,402.3443798538759,299.7081914129142,186.30351580150065,104.20172743289817,170.0,290.24127893874777,427.5347939057124,543.0589286624427,664.3530687819542,741.5153403672779,791.3696986870295,4.123105625617661,835.3609998078675,826.0181596066759,782.8422574184406,687.884437969053,601.5197419869111,489.2903023768201,379.31649054582374,277.35356496717327,230.4170132607399,258.11818998280614,449.0545623863541,538.1867705546096,725.5025844199316,826.0387400116292,942.8573593073344,979.8499885186508,1038.476287644547,1040.7554948209497,1038.0308280585891,944.9338601193208,831.7752100177066,707.2001131221629,559.7079595646287,470.227604464051,422.8344829835902,455.8826603414523,14.212670403551895,8.54400374531753,6.4031242374328485,16.0312195418814,14.142135623730953,7.280109889280518,7.0,14.317821063276352,5.830951894845301,19.72308292331602,16.15549442140351,765.988250562631,621.8585048063586,469.89041275599567,347.5413644445795,304.5275028630419,348.1436485130815,494.3864884885104,657.3013007746143,814.7594737098796,953.9989517813948,1083.8191731096106,1185.4020415032194,1219.3522870770366,1265.9261431852965,1245.0253009477358,1194.9246838190263,1089.653614686796,983.3803943540872,844.9248487291636,690.0275356824537,591.8994847100308,633.2771904940206,634.5533862489428,757.8772987759958,923.2166592950974,1070.5722768687783,17.029386365926403,1336.8474108887672,1426.2377080977772,1465.28427276075,1475.052880408021,1416.664392155037,1347.4290333817214,1228.527980959327,1111.1962022973262,963.79354635731,816.4196224981367,693.9308322880603,620.987117418711,625.518984524051,665.201473239499,758.9216033293558,871.0022962082247,943.1357272418428,1034.592190188965,1086.617688057764,1105.4275191074266,1107.5942397827826,1095.7965139568569,1036.424623404905,987.5798701877231,899.6804988438952,821.7158876400042,5.830951894845301,13.152946437965904,20.808652046684813,8.54400374531753,0.0,0.0,0.0,128.0,9.055385138137416,17.08800749063506,6.708203932499369,882.3446038821794,816.7374119017691,766.5624566856898,713.2383893201487,634.606177089382,558.7351787743456,516.8491075739611,496.400040290087,498.1857083457935,504.9405905648703,562.0889609305631,580.086200490927,612.2360655825496,647.8556938084283,665.4457152916382,658.6197689107122,643.9704962185767,626.1541343790681,596.3623059852123,543.566923202654,530.2980294136496,495.88910050534486,470.89383092157834,473.0010570812712,454.4007042248064,504.51560927289455,17.4928556845359,566.5792089372853,587.5619116314467,603.0033167404637,606.601186942459,605.0132229959937,474.0643416246364,432.1400236034612,394.3120591612689,355.4490118146343,304.11346566701053,277.69407627819504,257.8003103178893,253.4758371127315,268.47718711279737,303.05775027212223,330.0484812872194,356.38181771801993,396.9811078628302,428.5848807412599,416.4048510764494,398.78440290462714,391.3936637197899,360.41087663942665,331.1223338888514,299.17219122104245,236.2414019599443,18.027756377319943,9.055385138137416,7.615773105863909,7.615773105863909,2.23606797749979,8.06225774829855,17.804493814764857,4.242640687119285,13.601470508735444,11.6619037896906,7.0710678118654755,355.2942442539704,351.81955602268613,375.45838650907774,356.1418256818483,340.98826959295826,332.77319603597886,322.84516412670644,315.48217065311314,274.93453766305896,212.76277869965884,210.20228352708256,264.14011433328335,280.22312538404105,330.80054413498175,354.18921496849674,315.9952531289038,332.66199061509866,339.9544087079913,329.6558811852141,308.021103173143,302.00165562460086,280.8291295432153,262.0877715575452,248.0020161208372,229.1658787865244,239.7602969634464,6.4031242374328485,263.0304164920856,267.8581714265966,276.9855591903665,273.80467490530543,270.60118255469615,257.0992026436488,227.6356738299162,218.22007240398395,192.21082175569617,163.11039206623224,160.25292509030842,131.94695904036593,128.80993750483694,136.444127759314,168.0773631397161,189.12958520548815,212.90373411474025,238.0273093575609,246.1097316239242,250.12197024651792,256.5345980564805,252.38858928247924,226.03539545832197,217.8003673091485,175.60182231400674,147.03060905811415,0.0,0.0,0.0,0.0,0.0
2025-06-01 18:44:23.811,0,0.0,0.0,0.0,0.0,0.0,0.0,174.86280336309378,73.17103251970687,40.049968789001575,148.03377992877165,248.5658866377283,360.8462276372029,441.6174815380387,535.2803004034429,591.486263576763,651.8420053970134,675.1859003267174,677.9004351672892,657.4937262058095,628.3605652807948,536.0037313302959,457.92575817483777,361.20354372569494,248.67649667791284,127.12198865656563,86.28441342444185,187.9840418758997,332.03915431767985,461.6026429733695,567.5085902433548,673.9050378206116,724.4308110509934,4.123105625617661,807.0346956606016,814.7889297235205,781.5894062741638,741.637377698832,644.1932939731677,549.8554355464717,432.97228548718914,329.2795165205391,225.01999911119012,211.8962010041709,321.6022387981775,439.2641574269405,626.9968101992226,746.4884459923006,874.3574783805534,981.024974197905,1019.3193807634584,997.1007973118866,1043.414107629373,920.2396427018344,856.7216584165478,753.077021293307,620.7100772502408,488.082984747471,401.4336806995646,405.2283306976451,2.23606797749979,6.708203932499369,7.615773105863909,7.280109889280518,8.06225774829855,16.401219466856727,5.0,6.4031242374328485,13.0,12.806248474865695,6.082762530298219,765.6768247766155,645.914080973623,515.6442572161548,358.2764295903374,277.18585822512665,295.296461204668,429.91743393354034,570.0219294027204,739.7959178043632,886.7310753548677,1009.0886977862748,1105.362384017115,1152.29510109173,1202.584716350578,1187.7529204342122,1165.430392601806,1074.7474121857656,982.3807815709752,839.6600502584364,699.492673299728,562.4108818292904,609.8950729428792,614.5640731445338,684.3405584940878,834.7574498020368,996.434142329537,19.849433241279208,1247.4441871282258,1354.1510255506953,1381.921126548111,1402.5138145487194,1359.6782707684931,1292.931939430688,1202.1647141718977,1072.2523023990202,927.950968532282,792.8177596396287,679.178916044955,591.4270876447916,565.2786923279525,603.8418667167755,717.2056887671765,801.7986031417116,906.5649452741928,973.1197254192311,1036.6605037330205,1057.792512735839,1036.370590088314,1043.4256082730574,994.5214929804182,926.8840272655474,868.4843118905487,785.0,17.029386365926403,2.23606797749979,6.708203932499369,14.866068747318506,0.0,0.0,0.0,128.0,5.385164807134504,5.0,7.615773105863909,817.5090213569512,771.2826978482015,723.24961113021,640.4100249059192,586.9386680054399,518.2779177236862,493.32038271289787,475.3482933597217,470.9193136833527,484.3397567823645,534.7616291395634,569.4778309995921,571.3046472767397,601.4149981501957,591.1184314500775,618.2564192954247,597.4688276387313,574.9034701582518,540.0092591798774,494.8464408278592,473.8966131974357,449.02783878062615,447.84483920215047,422.3837118071671,426.64387959983674,455.00989000240423,11.6619037896906,526.5405967254567,554.823395325035,545.0,582.3650058167987,538.0334562088124,439.0558051091,394.342490736162,365.2683944717911,327.7132893246778,286.048946860498,255.3605294480727,237.53947040439405,235.84104816592043,247.0323865407125,291.9075196016711,331.074009852782,350.3855019831728,391.7601306922387,393.8756148836838,405.7647101461634,386.16706229299257,391.0626548265636,360.9224293390479,329.5147948120084,281.0871750898643,237.42788378789885,5.0,8.94427190999916,5.385164807134504,3.1622776601683795,5.0,13.038404810405298,8.0,5.0,11.180339887498947,7.211102550927978,13.601470508735444,362.922856816707,364.2965824709312,396.67619036186176,369.3467205756672,344.7448331737548,308.93364983439403,299.60807732769825,267.2901045680517,220.9072203437452,263.0171097096157,287.8367592924851,274.5268657162719,299.0953025375023,349.80708969373393,364.9013565335158,329.3690938749415,351.45412218382074,347.0518693221519,324.3763246601083,308.05843601498725,299.9766657591887,283.0070670495703,265.58049627184596,255.15485494107295,257.62375666851847,253.56853117056937,8.246211251235321,274.19153889206723,288.9498226336192,291.0463880552377,278.4600509947522,270.2831848265815,256.3298656028985,235.30618351416095,215.3369452741447,195.73451407454945,164.62381358722072,159.0628806478746,140.52046114356443,149.80320423809366,165.89454481688057,189.25115587493775,196.9771560359221,238.39882550046255,236.01906702637396,251.8293072698251,253.56853117056937,257.72077913897436,234.0939982143925,221.10857061633772,199.40160480798545,166.01204775557707,131.54847015454038,0.0,0.0,0.0,0.0,0.0
2025-06-01 18:44:23.814,0,0.0,0.0,0.0,0.0,0.0,0.0,50.24937810560445,149.20120642943877,243.57750306627253,352.15053599277684,425.6994244769424,499.6518788116382,565.8922158856756,602.9925372672534,634.8117831294564,639.2808459511359,620.7350481485639,589.7541860809467,539.0667862148437,462.8876753598004,372.0698859085481,252.1150531007619,140.80127840328723,59.413803110051795,148.2767682410161,255.86129054626457,391.111237373717,506.2430246433031,595.0462166924516,672.4470239357149,734.8829838824682,771.6022291310466,4.123105625617661,764.7123642259226,731.5387891287788,677.4961254501756,586.8372857956454,490.8288907552203,381.7603960601466,260.7623439072444,195.64508682816444,185.28356645962967,281.4284989122459,457.5784085815239,593.1112880396056,768.2375934566077,872.2499641731148,914.459949915796,968.0010330573,1001.3800477341258,970.561177875975,917.75486923252,827.8176127626182,732.0109288801636,625.1151893851245,478.72434657117657,421.0106887004177,436.5546930225353,502.5733777270738,7.211102550927978,15.264337522473747,2.23606797749979,8.48528137423857,25.019992006393608,9.0,14.7648230602334,7.211102550927978,11.04536101718726,6.0,11.31370849898476,643.8167441127949,507.1587522659941,378.6634389533798,300.2682134359213,291.65219011692676,379.27298875612007,524.03148760356,688.0116278087166,826.804088040208,956.8725097942776,1062.572350477839,1132.190796641626,1152.4625807374398,1166.0518856380277,1147.7216561518735,1090.8088741846575,1010.0346528708804,876.5500556157646,774.1446893184761,609.3775512767105,512.937618039465,614.3427382170314,647.3407139984322,778.7810988975015,921.058630055655,1079.8379508055828,10.0,1299.446805375272,1373.9668846082136,1393.8493462350943,1372.332685612348,1330.4615740411296,1231.6005846052526,1107.420877534824,986.8130522039116,860.36329535842,744.7664063315423,638.3925124874195,564.482949255334,587.486170049985,646.4209155032037,736.1365362485413,819.416865825936,925.7564474525684,995.6224183896222,1038.9846004633562,1060.1471595962514,1072.6714315203888,1033.437951693279,998.060619401447,948.7549736365022,865.8689277252072,780.0083332888181,13.0,11.6619037896906,12.36931687685298,5.0990195135927845,0.0,0.0,0.0,128.0,6.4031242374328485,7.0,17.46424919657298,763.512933747687,824.0151697632757,738.0169374750149,704.8155787154537,590.1609949835722,525.7090450049343,512.2196794345176,489.7193073588176,415.0614412349093,486.4832987883551,473.0835021431206,532.8602068085024,573.9973867536332,570.2359160908755,658.824711133394,566.4432893061759,623.4869685887588,619.8919260645358,562.6011020252271,541.040663906143,528.7343378295002,511.2582517671475,462.1558178796411,471.52942644123493,453.00993366591865,446.60161217801266,14.142135623730953,612.9437168288782,565.6933798445939,580.5273464704311,504.2539042982216,600.740376535488,494.6362299710768,419.2230909670888,377.0530466658505,376.22466692124266,374.834630203774,296.346081465573,251.9206224190469,242.33035303073365,242.0433845408711,251.6445906432324,280.17316074170986,306.36579443534487,383.9231693972115,359.9236030048599,376.9456194200962,398.84332763630385,418.2977408497445,361.3114999553709,369.6281915655244,310.3626910567699,279.7284397411175,8.94427190999916,1.4142135623730951,16.1245154965971,12.16552506059644,5.0,5.0990195135927845,4.47213595499958,3.1622776601683795,10.295630140987,10.44030650891055,14.866068747318506,352.6372073392143,374.6691874173802,396.36977684985015,396.69257618463195,392.4754769409167,337.8313188560232,329.2202909906982,297.41721537261424,300.048329440442,265.9567634033773,258.0426321366297,286.8815086407627,283.0989226401259,315.6263613832026,357.33037934102384,316.17242131469976,345.70073763299956,326.8914192816936,332.63343187358663,318.8181299738144,313.38315206788,292.43802762294786,259.89613309935953,267.2695268825086,261.36947029062134,242.6705585768492,5.0,254.80384612481816,260.5263902179585,265.5729654915952,283.0194339616981,273.85580147223465,268.03917624108607,239.38462774372127,242.10121850168372,207.1545316907163,176.08236708995025,167.69317219254933,154.33081351434652,146.98639392814562,141.12760183606892,153.16984037335808,163.0828010551695,186.3249849054066,211.74040710265956,230.7834482799839,238.76766950322232,245.78242410717655,244.989795705862,235.03404008781365,209.29644048573783,195.86985475054604,162.97545827516484,0.0,0.0,0.0,0.0,0.0
2025-06-01 18:44:23.820,0,0.0,0.0,0.0,0.0,0.0,0.0,135.18135966175217,43.829214001622255,55.90169943749474,167.4305826305338,258.5033848907979,358.8927416373867,451.00110864608746,528.0501870087729,580.0008620683249,612.9543212997197,653.4646126608541,648.6000308356453,633.2550828852462,587.8817908389407,523.790034269458,441.1133641140336,343.80372307466365,213.50644018389704,98.00510190801292,74.24957912338628,216.9331694324314,335.769266014625,448.7939393530175,555.9901078256698,663.9171635076171,732.4820816921053,7.211102550927978,802.7733179422445,786.2855715323791,760.2137857208326,696.9827831446054,623.7026535136755,525.9515186782903,411.0012165432117,276.3837911311009,199.69977466186583,190.97905644337024,291.18550788114436,415.23246501207007,561.4445653846869,734.4685153224746,881.9297024139736,932.25962049206,1007.2785116341954,997.7339324689724,1002.2459777918792,923.1971620406988,848.212827066415,701.655185971001,591.2875780870083,455.3295509847785,386.0116578550446,412.35421666329546,15.132745950421556,6.4031242374328485,1.4142135623730951,7.0,2.0,10.770329614269007,6.708203932499369,9.486832980505138,5.830951894845301,6.4031242374328485,3.605551275463989,771.7259876406911,638.1669060676838,516.1559841753266,377.7949179118216,288.84944175123485,285.77613616255644,418.6609606829851,580.8485172572966,717.4015611914989,865.384307692253,1001.5812498244962,1107.488148920791,1173.8764841328068,1210.8154277180315,1209.2857396000336,1162.8004987959027,1092.5831776116636,981.5681331420656,859.5463919998734,701.5732321005413,582.2379238764854,617.9749185848889,595.1344385934997,691.695019499201,828.9710489516507,997.802084583912,5.0990195135927845,1258.2229532161618,1328.51533675754,1375.6325817601153,1390.6347471568513,1357.575043966263,1289.0748620619363,1198.0417355000618,1072.7800333712405,931.4531657576778,781.8503693162778,678.4762339242252,600.9076468143836,568.4654782834223,628.6572993292928,718.9770510941222,810.2400878751927,887.929051219747,980.0127550190356,1038.3226858737123,1075.1172029132451,1041.606931620561,1058.7242322720303,1022.8372304526268,958.9077119306112,899.4053591123416,802.4394058120525,14.560219778561036,7.0,10.04987562112089,8.48528137423857,0.0,0.0,0.0,128.0,4.0,5.385164807134504,15.033296378372908,825.4610832740693,803.3735121349222,749.4491310289178,685.7178720144314,636.2020119427476,555.6977595779922,522.4442553995593,520.9808057884667,512.3719352189383,510.24895884264185,544.0588203494177,581.3097281140235,600.3707188063055,628.0326424637497,641.1029558503064,639.8312277468176,630.012698284725,604.1465054107323,600.3707188063055,538.1821253070377,537.6764826547652,515.0009708728712,500.76441566868544,484.8638984292396,503.0755410472666,535.1130721632578,10.198039027185567,602.432568840696,612.646717121703,621.003220603565,611.270807416811,603.702741421637,464.2111588490738,430.20227800419656,402.359292175538,365.5311204261547,338.04437578519185,314.00159235265033,287.92360097775935,283.17662332897464,289.85686122636463,338.3740533788015,369.6281915655244,374.34208953843273,405.8780605058618,433.23203944306795,432.2453007263352,404.9604919001359,395.8042445452044,377.7088826066975,340.91787867461574,293.96938616121236,260.049995193232,15.132745950421556,2.0,10.0,2.0,11.04536101718726,5.385164807134504,8.602325267042627,5.0990195135927845,15.524174696260024,11.40175425099138,13.038404810405298,356.6020190632689,371.2142238654117,367.78390394360656,341.4395993437199,345.0710071854777,308.5190431723786,281.6842203603177,257.60628874311277,251.6445906432324,247.64894508154077,269.675731203236,293.10237119477557,299.34762400927787,334.5100895339332,365.16845427829605,302.67143902258107,344.1046352492218,325.25989608311687,308.14606925936926,282.51902590799085,268.47718711279737,264.5467822522134,259.7556544139126,246.59480935331953,247.25897354797863,256.56383221335,8.602325267042627,271.189970316013,275.0363612324741,280.1660222082614,275.80065264607333,260.5379051117131,254.0255892621844,217.0829334609241,202.881738951538,179.30142219179413,140.06427096158393,142.772546380598,137.56816492197603,152.04275714416653,156.16977940690063,180.22763384120648,196.3288058334793,219.8635940759634,226.29184695874488,229.8390741366663,239.70815588961503,221.8152384305461,228.08112591795052,192.753728887407,167.35889578985635,140.12851244482687,120.8801058900926,0.0,0.0,0.0,0.0,0.0
2025-06-01 18:44:23.827,0,0.0,0.0,0.0,0.0,0.0,0.0,189.9078724013304,88.11923740024082,17.72004514666935,139.05754204644924,241.6960901628324,348.08045047086455,441.78048847815813,528.7239355277951,586.6123080877181,637.840889250603,668.3030749592583,679.1678732095622,656.8805066372422,624.2891958059181,575.3060055309696,475.0168418066879,366.0191251833707,244.8121728999602,130.24976007655445,85.88364221433555,172.75416058665562,325.8297101247828,446.2521708630671,570.8773948931591,662.6748825781765,744.4004298762864,5.830951894845301,814.007370973998,815.1809615048674,786.232154010506,737.6516793175489,654.0833280248014,554.8711562155669,442.944691807002,341.0175948539899,246.4000811688178,212.11553455605272,347.9669524538214,479.9802079252852,597.9113646687107,763.0629069742547,875.5780947465508,984.850242422674,1013.2388662107272,1093.3142274753402,984.2570802386946,954.5684888995656,860.0581375697808,724.4860247099318,604.4973118219799,475.53128183117457,418.69917602020666,432.010416541083,14.212670403551895,6.4031242374328485,5.830951894845301,4.242640687119285,16.401219466856727,6.4031242374328485,3.1622776601683795,3.1622776601683795,3.1622776601683795,12.0,21.470910553583888,775.2844639227591,656.3078545926446,526.0313678859845,378.96965577734585,299.5413160150032,296.1519880061588,423.6897449785633,564.1498028006391,754.1153757880819,870.3562489004144,1032.8896359243809,1135.3704241347843,1198.146067889888,1257.380212982533,1259.3573758072012,1206.71993436754,1125.6860130604805,1016.3857535404558,899.2841597626415,745.0986511865392,634.2885778571139,670.5356068099591,647.1305896030568,735.5576116117622,880.5293862217206,1051.8260312428097,16.64331697709324,1315.6937333589456,1399.2015580322943,1447.1385559095577,1452.0495859301775,1418.002115654275,1340.6752030227158,1248.165453776061,1114.0381501546524,989.5261492249712,832.7214420200792,731.1976476986233,662.8672566962408,630.9564168783768,696.2075839862706,767.6770154172913,866.0080831031544,951.0925296731124,1040.6248123122955,1066.9212716972138,1111.410365256686,1107.0776847177438,1102.0548988140292,1029.9757278693512,988.6136758107284,909.4316906728068,835.7062881180206,27.16615541441225,8.06225774829855,12.206555615733702,5.0,0.0,0.0,0.0,128.0,13.038404810405298,9.433981132056603,12.083045973594572,878.6318910670157,830.1180638921189,777.53713737673,723.5302343371699,660.9599080125813,571.4542851357403,563.8129122324177,547.2842040475863,553.1093924351674,552.8516980167466,602.5089210957793,634.4265126868517,656.3474689522311,683.0263538107442,691.0007235886226,690.253576593414,666.4150358447804,645.6407669904372,636.707154035511,582.6190865393959,575.9314195284019,539.0037105623671,513.4374353317062,506.99309659994384,524.2413566287955,554.2030313883171,12.206555615733702,590.0008474570185,606.439609524312,627.4750991075264,614.0659573694018,597.6972477768322,475.988445237907,435.57088975274735,411.82156330138906,368.8604072003391,333.9850296046217,310.49798711102784,300.9468391593439,290.05689097140925,320.6321880285883,339.60712595586097,367.14166203251847,387.8479083352133,413.0581072924245,413.359407779719,406.20807475972214,384.3149749879648,368.12633700945656,341.1231449198368,309.96774025695,277.35356496717327,232.0538730553748,16.1245154965971,3.605551275463989,3.0,3.605551275463989,1.0,10.295630140987,18.973665961010276,17.08800749063506,6.082762530298219,7.0,10.0,331.25367922485026,359.784657816311,341.75576074149797,336.0014880919428,337.92306816788937,311.57824057530075,310.5414626100676,294.40108695451516,273.6293112954093,272.7874630550312,300.0833217624732,316.00158227451965,292.72000273298715,324.09875038327436,324.29924452579286,318.4776287276706,308.50769844527383,309.04045042680093,282.591578076913,258.63101128828305,258.2576233143951,251.92459189209777,255.8378392654222,264.21392847463585,267.20217064986576,294.3229518742974,3.1622776601683795,303.3183146465112,294.7626163542453,286.02797066021355,265.5899094468764,241.40422531513403,216.3631207022121,170.42593699317015,160.52414148656894,136.7186892857008,117.00427342623004,129.8345100502944,118.87808881370864,137.87313008704777,164.730082255792,197.84084512557055,217.03686322834653,232.81967270830015,250.04999500099976,257.12448347055556,253.29824318380105,228.3527972239447,217.8072542409917,188.2817038376273,151.95394038984313,117.881296226331,76.8505042273634,0.0,0.0,0.0,0.0,0.0
2025-06-01 18:44:23.830,0,0.0,0.0,0.0,0.0,0.0,0.0,92.43916918709296,25.079872407968907,132.03408650799233,257.38881094561975,348.1738071710737,447.9341469457313,524.978094781106,583.990582115842,642.0545148194194,671.2570297583483,671.5094936037763,661.5081254225075,630.5180409790032,557.2907679120478,490.06224094496406,392.23717314910374,268.1193763979023,153.7693077307692,52.03844732503075,146.11296999240005,266.58206991468876,421.0617531906691,527.7774152045538,636.7864634239644,724.7130466605386,782.7828562251475,18.110770276274835,809.9382692526635,802.3222544588926,752.2240357765763,680.5938583325594,584.2088667591412,486.6466890876789,369.088065371938,242.6066775667974,180.8258831030558,241.29028161117472,363.6000550054964,549.9318139551484,630.8121748983607,796.103636469524,929.2082651375848,956.3440803392888,1033.6430718579795,1012.4786417500372,976.9508687748836,954.1724162854426,798.0081453218381,671.3784327784144,536.8388957592399,425.47032799009617,409.3372692536071,452.6599164936078,6.4031242374328485,7.810249675906654,6.4031242374328485,13.0,21.37755832643195,2.0,8.06225774829855,13.0,8.06225774829855,10.44030650891055,18.601075237738275,717.002789394853,583.5100684649751,452.7692569068709,319.8655967746453,263.0532265531065,315.08728949292765,470.89383092157834,628.7837466092774,777.946013551069,946.2774434593694,1033.8379950456454,1152.0069444235137,1216.085523308291,1235.8741845349791,1208.9569884822206,1176.0514444530052,1083.3208204405562,975.6664389021486,830.5769079380909,690.1144832562203,579.5213542226032,650.0807642131861,670.9947838843459,778.270518521677,916.240688902212,1080.813119831546,6.0,1343.0547271053404,1431.215217917976,1439.703441685127,1455.5579686154722,1392.4151679725412,1314.0643058846092,1208.6955778855154,1077.9332075782804,933.4077351297236,809.8623339802883,696.3476143421474,640.4451576833102,656.8896406551104,691.1273399309276,797.9730571892762,863.8014818232253,979.0081715695736,1013.1855703670478,1070.142046646145,1105.4704880728386,1074.6762303131115,1078.0,1019.5454869695614,954.3233204737272,880.1602126885764,812.1576201698781,19.6468827043885,3.1622776601683795,13.41640786499874,2.8284271247461903,0.0,0.0,0.0,128.0,10.770329614269007,4.123105625617661,16.15549442140351,867.0974570369815,810.987052917616,756.7463247350462,688.3908773364157,632.0838551964447,566.0830327787612,534.4623466625128,531.1591098719855,540.049071844402,577.7231170725298,603.7963232746619,619.2713460188514,660.4036644356238,670.3804889762231,678.0988128584211,668.958892608507,654.0764481312563,642.8257928863776,596.5266129855398,557.790283171014,520.5314591837846,514.6357935472425,505.7835505431152,485.45442628531055,500.83630060130423,509.82840250421515,15.297058540778355,578.7711119259495,603.6729246868705,611.9158438870495,617.3183943476819,598.6551595033656,466.68619006780136,424.4384525464204,401.8855558489257,363.0495833904785,333.965567087387,285.3278815678552,265.69907790581436,262.8193295783246,280.0803456153252,306.93647551244214,334.43983016381287,355.4602650086223,366.1871106415408,376.3841123108147,384.88050093503045,368.5986977730659,351.7911312128263,319.3994364428341,288.00868042473996,274.0218969352632,242.76943794472976,2.23606797749979,12.649110640673518,2.8284271247461903,2.0,2.23606797749979,10.63014581273465,1.0,10.44030650891055,13.038404810405298,6.708203932499369,10.816653826391969,341.9268927709548,355.735857062512,350.03571246374275,345.86268951709724,338.9985250705377,293.50298124550625,285.1105048924013,249.15858403835895,301.51782700198675,298.4828303269721,309.23292192132453,310.1370664722293,326.49655434629017,337.08307581366347,353.7470847936418,311.8541325684173,312.0288448204749,295.71100757327247,290.2085457046363,268.7452325158532,262.9372548727167,242.62110378118388,234.04700382615457,243.5939243905726,265.0,275.9365869180816,8.246211251235321,297.0605998782067,312.2466973404202,306.0261426741186,298.4845054605012,270.60118255469615,251.0019920239678,217.79348015953096,185.8090417606205,151.85519418182574,114.73883387938018,94.51454914456292,98.68130522039117,111.66467659918244,128.8875478857442,168.7601848778319,200.35218990567583,230.13908837917995,242.5963726027246,249.11242441917665,255.69708641280997,253.65330670030696,250.16994223927065,234.104677441524,205.23401277566057,169.14490828872147,124.77579893553076,0.0,0.0,0.0,0.0,0.0
2025-06-01 18:44:23.833,0,0.0,0.0,0.0,0.0,0.0,0.0,47.20169488482379,150.2664300500947,253.85231927244627,347.3384516577455,437.34311472801306,507.07790328508696,562.682859166689,606.5377152329442,628.9459436231384,622.1133337262593,616.4673551778715,586.3258479719276,533.0459642469868,461.5463140357639,370.46592285930967,261.3350340080717,145.7737973711325,34.655446902326915,124.33824833895642,239.01464390283704,374.1136191052125,498.0813186619229,594.5569779255811,677.1063431987623,735.3216983062583,786.7756986587727,14.142135623730953,772.1890960121102,732.8144376307006,682.226501977166,586.6523672499754,489.4742076963811,383.4018779296731,270.31278179176064,172.246915792417,187.38729946290383,284.36947796836427,482.59714048054616,618.0177990964338,702.6357520081084,840.4665371090035,920.4113210950852,980.20099979545,993.6216583790834,1000.7407256627464,933.7837008643918,856.189231420251,730.5367889435822,563.2060013884795,476.82806125478817,420.86221023037933,404.891343449079,495.2615470637712,8.54400374531753,11.04536101718726,4.123105625617661,4.242640687119285,5.385164807134504,14.422205101855956,6.708203932499369,21.633307652783937,4.123105625617661,14.422205101855956,4.123105625617661,649.8499826883125,534.1497917251302,395.37956446938426,300.6293398855142,301.0016611249845,401.2592678057418,552.1313249581118,702.0498557794881,859.0005820719797,996.4597332556896,1099.8336237813426,1176.9791841829658,1221.1539624469965,1244.5754296144528,1207.46511336767,1141.613770064114,1039.0312796061532,919.1218635197404,793.8627085334089,664.7322769356097,563.9193204705794,668.1803648716415,708.9322957800696,855.9024477123546,1017.5681795339318,1159.31186485777,18.788294228055936,1371.3679302069156,1445.8841585687285,1460.208546749402,1429.7727092094044,1371.0233404286012,1261.1526473825445,1139.4674194552472,1024.9731703805714,864.1411921671134,746.7703797018197,653.0926427391446,618.3049409474261,655.7964623265362,734.969387117586,829.8011810066313,907.81550989174,1004.7890325834572,1050.6854905251143,1089.8091576051286,1112.986972071102,1097.2861978535957,1057.745243430572,1002.0404183464856,957.0475432286528,853.9613574395506,764.0549718443039,2.23606797749979,13.038404810405298,1.0,7.0,0.0,0.0,0.0,128.0,8.602325267042627,5.830951894845301,8.94427190999916,867.0207609971055,826.0078692119101,787.1073624353922,713.4318467800551,645.0682134472291,550.0663596330901,530.0113206338144,528.7740538263956,524.5960350593588,568.8602640367843,598.9407316254255,628.3183906269178,668.6777998408501,707.1810235010552,723.4929163440372,714.6642568367331,695.8807369082722,672.8127525545276,647.2441579496875,587.5525508411993,556.1906148075495,512.0205074018032,481.0374205818088,471.5103392291626,498.2218381404011,503.0188863253546,16.55294535724685,580.0008620683249,630.558482616799,670.5892930848211,659.8075476985695,660.6814663663572,521.463325651958,478.4746597260925,457.22314027179334,395.56668211567063,361.26029397098154,318.09746933919484,286.9233347080715,273.85580147223465,278.21754078418564,279.4512479843309,320.8815981012311,360.3123644839294,364.939721049929,379.17805843693014,389.2980863040557,385.4685460579112,379.2584870507185,369.4996617048519,347.86491631091513,301.66372005927394,271.9503631179778,8.06225774829855,16.55294535724685,5.385164807134504,10.770329614269007,9.0,13.038404810405298,7.615773105863909,7.211102550927978,16.401219466856727,5.385164807134504,11.180339887498947,353.88274894377093,346.1126984090587,348.39345573647046,357.03501228871096,341.5625857730908,314.52980780841744,310.85044635644323,325.0123074592715,272.9175699730598,247.5176761364731,292.3302926485724,297.2944668169927,318.3284467338727,319.4276130831522,347.731218040601,326.29128091323554,331.6157414840255,302.49793387724156,300.2165884823822,267.0674072214728,255.26456863419176,249.19470299346253,240.20824298928628,239.10248848558643,247.98588669519077,260.18839328455834,4.123105625617661,287.50652166516153,283.24018076537095,269.1356535281047,288.5342267392207,254.01771591761076,246.03251817595168,217.47873459260333,180.2359564570843,148.94629904767692,134.18271125595876,95.85405573057407,84.86459803710851,96.08329719571452,94.49338601193207,144.15616532080756,161.01242188104618,188.2153022471871,220.83930809527547,245.08161905781512,245.246814454337,245.246814454337,242.24367896810023,234.104677441524,209.40391591371923,184.76200908195383,150.41608956491322,0.0,0.0,0.0,0.0,0.0
2025-06-01 18:44:23.838,0,0.0,0.0,0.0,0.0,0.0,0.0,27.85677655436824,134.05968819895114,238.71740615212792,346.30189141845585,426.3074008271496,498.08031480876656,576.7807208983323,606.6366292930225,641.7631962024622,650.4713675481804,643.4733871730828,599.8466470690655,547.5764786767232,473.67604963730224,389.32890979222185,288.6468430452687,164.7938105633825,57.87054518492115,115.35163631262454,244.6262455256999,367.4914965002592,502.7534186855421,601.582080850153,676.6520523873404,751.1757450823343,787.1581797834536,8.06225774829855,786.466146760304,767.4372938553352,694.7611100227185,611.5897317646856,499.2163859490191,385.6034232213194,297.57184006555457,170.2292571798397,197.43353311937665,292.8361316504505,467.89956187198976,589.1154386026562,738.8639928972043,872.077978164797,957.183368012629,973.8526582599648,1001.3121391454316,966.12059288683,916.4523992003076,842.7597522425949,719.0062586653888,622.4082261667177,512.0009765615687,388.7029714319148,401.6466108409232,470.0478699026302,13.92838827718412,14.317821063276352,7.0710678118654755,11.180339887498947,6.082762530298219,12.206555615733702,4.123105625617661,4.123105625617661,8.06225774829855,7.615773105863909,18.601075237738275,683.417880948399,538.7114255331884,415.6404696369207,314.0143308831621,296.2195131992489,376.9204160031664,526.3610927870714,698.3960194617378,845.5684478503204,1001.5193457941788,1113.5048271112255,1187.9061410734437,1245.227690022993,1248.1846818480028,1229.1041453025855,1177.8658667267678,1075.0451153323752,942.2807437276856,806.3870038635296,670.4326961000635,566.850950427006,664.115953730973,701.7300050589258,834.0053956659992,1003.756942690809,1153.06244410266,18.601075237738275,1397.8569311628426,1442.931044783499,1477.2115623701295,1481.0010128288231,1387.7643892246265,1309.0,1169.9149541740203,1047.6187283549298,887.7189870674165,758.9953886552935,651.9271431686212,609.3972431837873,636.4660242306733,713.2236675826174,822.6226352344069,897.8774972121754,984.5049517397056,1061.636472621396,1108.3126815118558,1118.6894117671804,1118.3559361848982,1076.8853235140684,1028.3549970705642,956.5615505549029,864.4674661316063,783.614701240348,5.0,2.23606797749979,1.4142135623730951,8.602325267042627,0.0,0.0,0.0,128.0,13.41640786499874,5.385164807134504,9.486832980505138,891.8620969634263,831.6760186514939,800.7246717817554,717.9143402941608,650.6627390591842,533.2954153187518,519.5623158005207,522.8508391501347,519.2773825230596,530.292372187268,590.9890015897081,614.5087468864865,668.2671621440036,683.7031519599716,721.6238632417861,737.2116385407925,705.5692737074086,688.3320419681188,652.8652234573381,606.8673660693909,583.3095233235953,533.0234516416702,477.5458093209488,492.85494823527944,499.9169931098562,507.93897271227377,13.038404810405298,576.6012486979195,620.9041794029091,625.9305073248946,676.3268440628392,653.2442116084918,530.1179114121687,515.8003489723519,469.4603284623739,416.92325432865937,375.3531670307312,324.57972826410463,305.48486050866745,291.66076184499,293.43653487594213,308.28720375649715,343.4064647032726,367.0013623952914,376.670943928517,399.5860357920432,389.6216113102558,394.06217783491985,382.8237192233522,369.6281915655244,337.7469466923424,310.64449134018133,245.34873140083687,12.083045973594572,5.0990195135927845,8.602325267042627,2.8284271247461903,19.4164878389476,10.0,12.041594578792296,14.317821063276352,3.1622776601683795,16.278820596099706,15.524174696260024,302.67143902258107,325.8297101247828,331.25367922485026,344.479317231093,297.5231083462258,291.2541845192958,291.0962040288399,290.9879722600231,251.6286947071021,258.44341740504825,256.8598839834668,287.9392296996017,292.33542378576016,277.34635386101615,317.3846247063648,304.1710045352778,286.2516375499012,317.91822848021786,270.6325922722539,258.2111539031573,253.6217656274792,225.03555274667156,233.05364189387817,219.27608168699112,217.3131381210073,230.70327262524907,5.0,252.2875343729848,265.88719412562915,266.4301034042512,265.70660511172844,248.12899870833317,242.53865671269807,223.0201784592596,193.3416664870767,168.51409436602032,123.13001258832064,102.3132444994293,81.98780397107853,82.96987405076617,95.80187889597993,128.06248474865697,152.2005256232711,171.30382365843442,202.35612172603032,216.37236422426963,234.27334462119245,225.8162970203878,229.92390045404153,225.37524265100635,201.5589243868899,175.410946066658,149.4824404403407,0.0,0.0,0.0,0.0,0.0
2025-06-01 18:44:23.840,0,0.0,0.0,0.0,0.0,0.0,0.0,154.3502510525979,60.92618484691127,54.405882034941776,160.37767924496225,260.71632093139084,368.73025370858846,444.6234361794259,525.2704065526631,587.2307893835268,626.5947653787094,648.2846596981915,649.019260114829,628.4464973249513,597.6596021147824,531.0969779616524,432.4176222126013,345.48806057518107,218.5863673699712,111.13955191559845,72.12489168102785,194.1468516355596,321.6286678764814,437.0823720993561,555.3422368233844,648.1975007665487,725.4929358718801,5.830951894845301,795.2615921820945,785.7225973586352,773.8436534597929,703.3612158770201,623.6938351467008,538.4876971667969,432.2406736992714,302.6962173533062,216.91011963483865,205.62587385832552,325.7299494980466,452.442261509687,596.1518262993078,741.0755696958307,864.3112865166114,933.655718131689,1011.8992044665318,985.126387830516,999.760971432672,929.6972625537842,841.4130971169869,728.5307131480457,593.5604434259412,454.27964955520514,375.31053808812777,389.48684188300894,5.0990195135927845,5.0,8.246211251235321,11.04536101718726,4.47213595499958,6.324555320336759,13.0,5.0,2.23606797749979,5.656854249492381,11.40175425099138,755.3224477003182,644.8914637363407,493.7367719747031,376.8978641488964,273.90509305231984,273.3587386567329,410.24139235333143,544.959631532465,707.2206162153363,852.789540273566,990.957617660816,1106.22285277425,1176.7212924053,1209.3258452542889,1225.876421177926,1183.0152154558284,1098.814816063198,1002.5771790740102,884.4670711790236,702.2570754360543,620.2426944350091,648.0624969862089,652.6944154809355,750.6490524872459,899.1557151016725,1056.3825064814357,7.280109889280518,1326.6649916237332,1404.3236806377652,1446.3595680189626,1459.411525238855,1412.88357623691,1341.6501034174298,1213.573648362554,1096.6608409166436,976.2171889492624,813.6590194915804,713.2531107538193,628.6628667258788,636.9089416863293,709.4237097813972,786.4464380998874,886.9616677173823,990.2908663619996,1057.3537723959753,1114.4595102559806,1136.2011265616666,1089.8807274192898,1110.236911654445,1069.753709972534,978.1308705894114,902.7336262707844,825.2011875900325,11.180339887498947,5.830951894845301,10.44030650891055,12.649110640673518,0.0,0.0,0.0,128.0,17.46424919657298,8.94427190999916,16.76305461424021,906.4132611563006,857.154595157723,801.5715813325719,735.0435361255821,660.2189030919972,559.8660554096846,551.762630122773,516.9883944538794,527.668456514126,555.0099098214373,590.5675236583875,640.0515604230646,673.5250552132414,686.298040212851,700.3213548079196,735.5277017216958,701.2331994422398,669.2421086572482,643.361484703584,560.9456301639224,563.4474243440998,521.7173564297051,509.6596903817291,491.350180624776,515.7770836320668,532.0601469758847,18.439088914585778,594.1329817473526,627.9171919927022,633.2219200248835,644.3423003342245,634.0386423554955,492.309861774066,456.1425215872776,425.6207231796873,383.2557892582968,345.2723562638631,310.3626910567699,280.34443101299513,275.7752708275345,291.247317584214,322.3491895445062,349.521100936696,355.1140661815581,396.7631535311715,406.59562220958554,396.645937833731,375.24658559405975,370.3903346471125,340.12350697945004,316.07752213657966,260.40929322894755,223.486017459706,13.892443989449804,2.8284271247461903,5.0,8.602325267042627,5.0990195135927845,9.433981132056603,15.620499351813308,2.23606797749979,2.23606797749979,10.04987562112089,12.806248474865695,308.3261260418909,311.5461442547476,323.1485726411305,306.7409330363328,276.82666056577716,285.5240795449659,263.31919793285107,245.45875417267155,248.8955604264568,236.8818270783979,273.27092783536267,275.04545078950133,265.3695536417092,313.2107916403903,305.9444394003591,305.8512710452582,292.55426846997125,280.5583718230486,264.41255643406953,235.46761985462035,237.6930794112441,236.91348631937356,238.4302833114955,235.25518060183072,255.9472601924076,254.9078264785136,16.278820596099706,272.9981684920249,273.38617375427015,260.731662825979,239.87079855622275,226.7906523646863,198.97989848223364,175.27692375210148,146.32156368765337,127.88275880665071,102.55242561733974,96.6902270139025,105.11898020814318,125.92458060283543,155.36408851468863,180.0499930574839,194.09533739891847,222.27235545609355,227.29716232280597,223.45021816950637,241.3379373409825,225.06221362103412,212.9812198293549,198.600100704909,160.79800993793424,127.4244874425634,96.84007434941384,0.0,0.0,0.0,0.0,0.0
2025-06-01 18:44:23.845,0,0.0,0.0,0.0,0.0,0.0,0.0,170.49633427144408,89.05054744357274,28.16025568065745,132.5745073534124,243.4953798329652,342.6601815209932,436.1215426919427,513.7908134640011,578.44792332586,623.4428602526458,657.7332285965184,688.6254424576542,658.4717154138058,621.2567907073532,565.4467260494131,482.4769424542483,393.8591118661596,257.9922479455536,147.8681845428556,75.16648189186454,176.92088627406318,305.1327579923205,418.1160126089409,539.8685025077866,655.2320199746041,739.7384672977336,15.132745950421556,814.4206529797731,822.581302972539,803.9465156339693,742.1590126111789,654.2423098516329,577.6374295351713,448.0546841625473,325.86653709762834,236.00847442411893,201.41995928904365,307.13189349203054,475.9422233843096,617.3435024360425,752.3828812512949,865.8521813797087,967.60322446755,1032.5100483772542,996.8470293881604,1030.004368922773,934.854534138868,875.4084760841649,751.7745672739934,594.6595664748024,473.4659438650261,406.5525796253173,411.3125332396279,13.038404810405298,7.211102550927978,7.280109889280518,6.708203932499369,4.47213595499958,6.4031242374328485,4.0,13.45362404707371,10.04987562112089,5.0990195135927845,12.36931687685298,805.6202579379443,682.5020146490411,526.0608329841712,397.8994847948411,290.3532331488665,300.61270764889497,402.7468187335562,572.9310604252487,742.6344996025972,908.8371691342736,1047.284584055356,1141.07405544075,1212.9076634270227,1251.0195841792406,1252.2779244241271,1206.3751489482863,1119.7164819721106,1018.0397831126248,894.8212111924929,743.2280941945077,618.9604187668223,649.8569073265284,640.6192316813475,729.315432443329,876.3743492366718,1039.6369558648826,25.059928172283335,1340.3003394761936,1389.5038682925644,1452.8224254877125,1439.2366032032398,1426.4701188598378,1329.7717849315347,1198.2403765522174,1094.535974739981,939.0378054157352,805.7642335075441,692.5034295943956,621.5472628851325,607.4084293126002,683.6329424479192,765.2091217438538,870.3769298413188,943.7637416218108,1040.2196883351132,1101.7840078708712,1107.8650639856824,1114.629983447422,1094.6803186318823,1031.2012412715571,979.8943820636996,875.8550108322723,811.2490369793976,3.1622776601683795,11.40175425099138,8.54400374531753,9.433981132056603,0.0,0.0,0.0,128.0,16.76305461424021,16.278820596099706,16.278820596099706,900.9955604774088,875.0702828916086,806.3870038635296,753.5648611765281,655.1221260192636,568.7266478722445,527.5244070182914,508.2056670286155,510.9412882122563,540.8558033339385,580.8760625124778,615.0,672.901924503118,703.7080360490421,718.7941290800865,714.5103218288732,714.7545033086535,675.9178944220962,653.8845463841457,610.4834150081392,588.5575587824865,539.0454526289967,498.2539513139861,490.1234538358678,513.3819241071894,520.0,19.209372712298546,579.5998619737586,595.927847981616,614.3126239953075,608.2376180408443,612.0694405049153,485.93106506993354,441.6933325283505,425.05764314972623,392.3786436594122,347.6348659153739,307.2621030976648,290.64239195272256,298.0738163609813,296.42030969554025,321.8105032468642,352.51241112902676,359.43566879206634,386.49838292029114,397.1901307938051,387.9304061297593,378.2618140917743,361.00554012369395,332.05421244128195,312.7459032505462,265.3337520934719,228.37250272307304,5.0990195135927845,10.816653826391969,2.8284271247461903,7.211102550927978,9.055385138137416,7.211102550927978,7.0710678118654755,2.23606797749979,9.219544457292889,14.422205101855956,11.04536101718726,320.9143187830671,330.311973746033,321.44672964583106,315.8354001691387,300.83217912982644,285.77613616255644,283.8097954616789,268.3915050816624,267.15164233071823,277.22193275424655,292.0273959751037,319.6075718752608,299.47453981933086,308.70698080866265,338.7934473982636,323.66031576330147,300.36144892445833,310.7104761671225,285.70089254323307,278.89065957826557,257.2411320143029,249.51352668743232,267.76108753887297,262.5509474368737,262.9372548727167,282.3349075123372,12.041594578792296,283.0282671395209,278.09710534272017,280.22312538404105,244.22940035957996,217.02073633641555,206.31286920597077,170.60187572239644,145.52662986546483,116.77756633874505,106.97663296253066,117.0,112.40106761058811,143.61058456812992,158.54967675779096,196.30843079195552,206.0218435020908,216.453228204155,226.4155471693585,234.06195760951843,223.6000894454204,208.2786594925174,193.0181338631166,159.08802594790097,130.728726758888,105.17128885774862,68.76772498781678,0.0,0.0,0.0,0.0,0.0
2025-06-01 18:44:23.848,0,0.0,0.0,0.0,0.0,0.0,0.0,170.57549648176317,87.93179174792243,39.21734310225516,141.4496376806954,249.9959999679995,352.8469923352047,457.10939609682055,532.4030428162483,590.1067700001416,640.3124237432849,658.4838646466594,675.9297300755456,653.3146255824984,627.739595692354,568.3836732349022,477.00838567052466,383.2192583887193,257.59658382827985,123.9072233568326,62.625873247404705,173.61163555476344,304.77040538739976,442.105191102751,556.1987055001117,663.5397501280537,734.196840091266,11.40175425099138,828.958382550053,824.0709920874536,801.6882186985163,750.174646332439,657.7613549000883,563.9450327824512,458.2139238390732,344.5417246140154,222.02026934494063,211.62466774929615,320.30610359467084,458.7046980356752,638.6517047655944,730.6230218108378,861.1904551259263,951.8807698446273,1022.3565914102574,1005.7261058558636,1008.5896093059852,937.0149411829036,841.152185992523,741.8045564702336,620.4401663335474,503.07156548546845,394.6770831958704,401.721296423279,22.02271554554524,10.0,13.0,6.082762530298219,13.0,7.0,7.615773105863909,10.295630140987,9.055385138137416,6.4031242374328485,4.242640687119285,785.1452094994912,665.6515605029406,523.0038240777977,377.6903493604251,290.7232360854564,275.3633962602873,412.25477559392806,571.9090836837618,731.4184848634877,872.6843644754958,1014.6615199168637,1121.429890809051,1180.69894554031,1235.040485166377,1229.15784177623,1188.289947782106,1103.219379815275,995.6003214141708,892.8605714219887,732.5093856053996,611.6633060761451,655.4670090858883,629.3011997446056,714.3472544918193,871.679987151248,1027.4911191830322,5.385164807134504,1293.1705223983415,1380.3365531637564,1440.4339623877245,1426.5272517551143,1401.0356883391655,1321.1226286760816,1204.9319482858773,1093.4006584962349,954.3903813429806,805.0,692.8585714270987,619.9903225051178,616.2661762582788,657.6815338748687,754.8516410527303,852.949001992499,949.7557580767804,1033.9830752966898,1071.4336190357292,1094.792217729008,1110.9117876771315,1098.2914003123217,1037.111372997134,991.2830070166642,885.765205909557,811.3722943261004,17.204650534085253,11.04536101718726,25.70992026436488,14.0356688476182,0.0,0.0,0.0,128.0,10.0,7.0,5.830951894845301,884.7519426370309,837.9081095203697,785.8199539334694,737.0861550727974,659.0068284926948,564.1498028006391,520.9078613344207,503.43817892567506,534.1582162618113,551.9574258944253,588.5337713334724,622.1205670929069,666.2642118559273,688.1460600773647,674.4271643402274,704.0923234917421,699.1609256816345,656.0259141223005,622.0032154257725,572.689270023457,551.4290525534541,511.88475265434505,495.4593827954013,475.3787963298321,491.2718188538805,504.9138540384884,6.4031242374328485,576.2794461023228,576.3471176296451,589.1638142316617,597.3784395171958,591.7381177514255,456.8073992395482,419.4865909656708,401.5133870744536,354.18921496849674,323.24139586383427,275.30528509274933,271.48664792214,274.05291459862275,279.6587205863604,295.2033197645311,338.71079108879894,357.33737559902687,366.0054644400818,376.22466692124266,378.3186487605389,356.9719876965138,344.7100230628637,309.63365450157386,301.09965127844305,255.01764644824092,216.0208323287363,10.04987562112089,3.1622776601683795,14.317821063276352,4.47213595499958,23.345235059857504,9.055385138137416,6.4031242374328485,16.0312195418814,9.433981132056603,5.0990195135927845,5.385164807134504,325.07383776612966,338.86870613852795,314.63153052419904,312.23388669393336,296.62434155004877,286.483856438718,278.5677655436824,279.95713957675736,279.00716836669267,259.83263844251746,297.6172038038124,316.8864149817723,323.82711436814554,346.8731756708783,348.38197427536346,314.3564855383137,301.21918929576844,299.5413160150032,291.2953827303138,264.04734423962685,249.23884127479008,246.10770000144245,269.3566409056959,253.71243564319033,269.675731203236,291.1391419922783,5.830951894845301,301.23910768690047,293.7771264070775,297.51638610335397,267.7480158656643,237.9243577274088,218.3597948341223,182.45547402037573,160.72958657322553,122.10241602851272,112.25862995778988,108.70602559196064,110.2905254316979,126.11502686040232,152.7612516314265,179.7386992275175,201.64572894063488,213.08449028495716,228.11619846034608,221.054291973714,220.61958208645035,215.41819793137256,202.881738951538,172.01162751395617,135.38463723776047,121.63058825805292,76.79192665899195,0.0,0.0,0.0,0.0,0.0
2025-06-01 18:44:23.853,0,0.0,0.0,0.0,0.0,0.0,0.0,152.5319638633162,62.24146527838174,39.01281840626232,139.60659010233005,259.66516901579234,341.05864598335575,425.82273307093413,504.5284927533826,561.5069011152044,628.5125297080401,646.1710299912864,647.0123646422841,636.2279465726101,610.4891481427004,550.2290432174586,474.78837390989264,385.7512151633485,258.48984506165806,148.4082207965583,57.48912940721924,173.04623659588788,309.02588888311607,429.6649857738003,542.0590373750815,651.6701619684609,725.5901046734306,6.082762530298219,809.8209678688247,824.0054611469513,790.5656202997952,753.0106240950389,650.6027974117542,578.1228243202304,443.9909908995902,341.82597911803015,248.31028975860025,188.06647760831805,335.0761107569443,449.3840228579561,588.1836447913186,736.9565794536337,846.0998759011846,904.267659490264,1002.829995562558,989.9585849923218,1006.2688507551052,972.0905307634677,862.0980222689296,758.1886308828431,600.3765485093501,470.3796339128641,401.06981935817606,386.08030252785494,5.830951894845301,4.123105625617661,3.605551275463989,10.770329614269007,12.041594578792296,2.0,4.47213595499958,7.211102550927978,4.47213595499958,16.278820596099706,5.830951894845301,812.9015930603163,680.2499540610054,550.8538826222431,410.2340795204611,301.8691769624716,312.8530006248941,417.5607740197827,601.4889857678194,763.0,902.5613552551428,1054.9587669667474,1157.4407112245533,1229.447030172508,1257.99085847235,1257.4935387507962,1232.2962306198945,1133.522827295507,1030.2708381780008,898.6000222568437,746.1045503144985,628.7837466092774,679.8330677453106,684.0818664458224,755.7731141023739,906.1616853520128,1065.2797754580718,12.206555615733702,1320.037120690172,1416.649921469662,1433.055825849084,1462.9179744606326,1381.1082506451114,1327.949547234382,1212.3881391699606,1105.5351645244036,955.0,828.4618277265405,719.2621218999371,654.963357753699,649.7076265521284,706.1472934168904,791.5364805237974,855.4583566720241,961.9022819392832,1023.9985351552024,1066.6920830305248,1104.2938920414258,1079.860176133929,1062.058849593562,1041.2185169310042,944.309800859866,867.9982718876806,806.8785534391158,7.0,20.12461179749811,14.317821063276352,17.46424919657298,0.0,0.0,0.0,128.0,7.0710678118654755,8.0,15.811388300841896,882.9728195137153,820.1377933006136,786.0407114138554,693.8948047074571,646.6969924160774,566.0397512542737,548.624643996239,542.3651906234396,532.4481195384204,555.9514367280653,603.2478760841185,627.2686824639023,665.3675675895241,683.7792041295202,689.2002611723243,696.0352002592972,675.5923326977594,649.5429162110845,603.4608520857007,561.8051263561058,538.95547125899,506.99605521147794,503.2891812864648,481.5080477001397,498.16162036030033,523.2762176900457,8.06225774829855,581.936422644261,597.3550033271672,599.4731019820656,621.2970304129901,589.0848835269837,454.0011013202501,418.1506905411015,394.23977475642914,364.1647978594307,319.31175988365976,309.594896598765,280.0160709673643,276.0036231646244,272.8094573140748,313.04951684997053,330.0802932621092,368.099171419877,377.30756684699554,378.1600190395595,393.35734389992007,381.0052493076703,358.25828671504587,341.6577234601905,299.6965131595628,264.15336454416024,231.6570741419307,4.242640687119285,5.0,8.246211251235321,5.385164807134504,6.4031242374328485,8.54400374531753,8.06225774829855,1.4142135623730951,3.605551275463989,4.0,9.486832980505138,347.6665068711681,326.03834130359576,306.78983033992506,315.53922101697594,309.01294471267704,277.1371501621535,283.5365937581955,232.4220299369231,248.47736315407084,286.6443789785524,300.70749907509787,274.3519637254306,277.7228834647948,307.35809733924367,339.8249549400397,301.23910768690047,286.09439001839934,311.7242371070944,286.1485628130954,247.315587862957,266.3400082601185,246.86838598735156,225.15772249691992,239.5349661322956,254.61539623518448,252.2399651125888,8.246211251235321,275.2816739269071,274.7289573379552,266.33249895572266,248.3646512690564,221.46105752479377,196.1631973638277,169.95587662684687,152.190669884852,125.0,113.95174417269794,84.8999411071645,94.4298681562142,105.89145385724004,143.20963654726592,153.39491516996253,177.00282483621552,202.82997806044352,196.01020381602584,191.17531221368515,189.7893569197177,188.2153022471871,172.74258305351347,156.54072952429985,129.49517365523704,104.23531071570709,75.05997601918082,0.0,0.0,0.0,0.0,0.0
2025-06-01 18:44:23.856,0,0.0,0.0,0.0,0.0,0.0,0.0,59.84145720150872,35.608987629529715,133.05637902783917,239.14012628582432,328.89207956410263,415.2360774306587,495.4714926209176,550.66232847363,610.0204914590985,630.4958366238433,636.4039597614081,633.5147985643272,609.1387362497971,556.2274714539008,478.5530273647843,376.1980861195336,287.25598340156466,163.47782724271815,70.2353187506115,138.53880322855397,246.8542079851992,390.8989639280207,507.4416222581668,615.7808051571598,714.358453439168,782.0773619022609,7.280109889280518,820.2438661763952,792.8127143279174,768.8536921937749,676.3852452559858,590.5742967654451,490.10203019371386,353.61702447704636,262.68802789621,192.04426573058615,235.5525419094432,398.7605797969504,534.083326832059,702.7616950289764,782.085033739938,906.0160042736552,978.8360434720412,1016.7030048150738,1064.4529111238317,923.8744503448509,926.7475384375186,813.0,656.7929658575829,561.0249548816879,422.6038333948238,380.69541631073,450.21439337275746,4.0,18.601075237738275,5.830951894845301,5.830951894845301,9.219544457292889,14.0356688476182,15.231546211727816,3.0,20.024984394500787,6.708203932499369,12.806248474865695,758.2380892569299,616.7179257975238,475.8875917693169,339.7675676105652,290.70431713340616,334.7013594235912,472.4457640830321,666.1658952543278,811.2219178498569,959.8760336626808,1077.326784221018,1176.370689876282,1237.2307787959369,1275.263894258753,1266.1583629230586,1194.5430088531764,1114.4334883697636,997.4632825322444,871.3581353266865,708.4356004606205,605.0718965544507,675.254026274557,679.073633709924,793.9584371993285,947.0696912054572,1110.7700031959812,4.123105625617661,1361.708485689944,1425.4069594329894,1459.6318028872895,1442.1653858001168,1401.245874213373,1317.9396799550425,1204.9900414526255,1068.1708664815756,927.4615895011502,788.2867498569286,688.4606016323664,636.258595226815,637.9216252800966,715.6311899295614,792.3761732914487,874.416948600609,968.6428650436652,1041.6990928286343,1086.2826519833593,1108.95446254569,1086.986660451728,1081.501271381592,1016.6833331967237,953.3294288964336,868.8043508178351,802.200099725748,11.704699910719626,5.0,18.027756377319943,5.0990195135927845,0.0,0.0,0.0,128.0,10.63014581273465,3.0,5.0,871.9919724401137,844.3914968780773,784.5285208327356,728.5664005428744,642.982114836797,566.202260680757,529.9150875376167,519.2706423436626,512.8840024800929,566.1881312779349,589.3878179942303,620.6842997853256,660.1605865242184,682.1414809260613,703.8309456112313,682.2374953049707,673.4656635642236,663.1779550015215,620.2491434899366,566.4282831921442,542.8600187893745,519.1310046606733,475.6059293154365,479.83851450253553,500.4687802450818,518.376311187153,6.4031242374328485,555.0792736177419,584.2302628245134,602.5952206913029,590.323640048406,593.4854673873658,459.2003919858954,420.3807797699605,410.4436623947311,357.201623736511,319.4401352366355,281.64161624305456,260.66453537065604,259.61509971494337,267.904833849634,285.87060009731675,315.3173005085512,340.6405730385034,354.1934499676695,368.92546672735944,370.48751665879377,377.18032822510776,357.39334073258834,333.6240399012038,316.44272783554374,272.05881717011124,239.4159560263267,19.6468827043885,12.806248474865695,16.401219466856727,3.0,1.0,5.0,6.324555320336759,6.082762530298219,2.8284271247461903,15.524174696260024,8.06225774829855,311.9775632958242,320.21399094980217,319.7655391063896,323.81785003300854,305.6550343115585,287.05748553207945,270.4847500322338,237.06539182259397,251.5750385074004,268.7452325158532,251.90871362459853,290.9931270666027,288.51343122981297,325.77906623968335,332.03915431767985,290.24127893874777,300.9468391593439,287.2646863086377,271.8124353299532,247.38633753705963,258.1259382549534,241.22396232547047,222.00900882621855,236.57979626333267,235.54405108174564,249.09837414162303,12.206555615733702,258.3273117577776,255.9785147234041,262.17742084321446,259.5168587972658,227.98245546532743,214.72074888095935,182.53766734567415,149.46571513226704,128.80993750483694,109.27488274987992,92.02173656261871,88.68483523128404,88.63972021616495,110.01818031580054,142.35167719419397,160.96272860510285,163.36768346279504,185.78482176970215,199.00251254695257,195.05896544378575,200.6888138387389,175.06855799943062,177.341478509682,154.00324671902212,138.3979768638256,100.20977996183804,0.0,0.0,0.0,0.0,0.0
2025-06-01 18:44:23.861,0,0.0,0.0,0.0,0.0,0.0,0.0,65.43699259593154,19.72308292331602,129.634100452003,212.96009015775704,304.2318195061128,393.4183523934795,457.7652236682031,530.826713721154,580.1120581404941,602.2565898352628,605.743344990269,630.6924765684145,578.4436013994796,540.8974024711156,480.9365862564419,371.8400193631665,285.99650347512994,164.83021567661677,84.72307831990054,135.35878250043476,248.90158697766472,379.3046269161503,494.5836632967167,597.5658959478862,671.4201367251358,729.8828673150234,12.806248474865695,782.1208346540834,755.4051892858561,717.1534006054771,659.709784678081,566.4274004671737,460.575726672607,344.2165016381405,249.0180716333656,189.45184084616332,258.549801779077,382.3349317025584,529.8311051646552,661.8549690075614,766.0006527412362,916.6422420988464,907.822119140088,991.0141270436058,950.3557228743352,915.2775535322604,862.6865015751666,744.2177100822043,613.3294383934298,498.5198090347062,424.0778230466668,396.27515693013106,425.48442979737814,9.433981132056603,4.47213595499958,5.385164807134504,7.211102550927978,10.295630140987,2.23606797749979,15.264337522473747,19.4164878389476,7.615773105863909,7.810249675906654,12.806248474865695,700.7952625410649,574.9478237196832,445.9820624195552,334.970147923662,259.46483384073457,303.7976300105055,446.6452731195081,593.000843169721,768.8933606164121,903.3011679390212,1031.1081417581763,1112.551122420898,1175.0829757936244,1206.7812560692182,1180.6176349690868,1142.727439068477,1035.3265185437876,932.5331093317814,798.1209181571425,676.503510707816,566.4238695535349,631.190145677196,646.4209155032037,756.6828926307242,909.1540023560364,1056.5841187525014,12.727922061357855,1295.3115455364396,1376.622678877549,1388.2542994711018,1422.817627104753,1348.9644176181964,1274.3362978429202,1173.575732537104,1048.0543879016966,929.7956764795156,795.4049283226751,675.562728397593,617.2139013340513,639.1815078676792,717.1192369473852,801.9089723902582,882.5417837133832,968.0082644275304,1021.166489853638,1078.9036101524548,1086.69130851406,1100.071361321619,1037.470481507787,1002.1387129534512,930.9629423344412,852.0093896196215,772.53478886067,15.231546211727816,10.0,16.1245154965971,11.6619037896906,0.0,0.0,0.0,128.0,5.0,5.830951894845301,12.529964086141668,848.2688253142396,788.1281621665349,734.4147329676877,665.3074477262373,587.3074152434992,516.3099844085915,490.8054604423223,480.1010310340939,478.4182270775226,494.9272673838046,533.4135356362829,592.5242611066656,607.2972912832726,634.328779104338,639.3449773009874,663.162875921142,618.6509516682246,612.4548962984948,555.453868471541,523.7489856792088,500.2739249651135,456.3266373991332,450.7504853020127,421.17217381968624,432.03009154455896,444.5447109121871,8.602325267042627,507.1853704514751,530.3470561811388,550.567888638631,574.3213386249896,532.2001503194076,424.3017793976358,389.5125158451266,371.7647105361132,320.73197533142843,304.253184042501,246.9817807045694,215.92822881689185,203.9534260560484,209.8046710633488,232.01939574095957,257.12253887981115,266.30809225406574,301.0813843464919,333.965567087387,323.066556610244,337.9659746187477,359.2881851661699,330.21810973960834,315.15869018638847,281.8865019826242,252.9584946191766,10.295630140987,10.44030650891055,7.0710678118654755,20.615528128088304,14.317821063276352,7.615773105863909,6.708203932499369,3.605551275463989,16.15549442140351,12.36931687685298,9.899494936611664,321.5991293520553,306.2188759694608,320.3997503120126,321.6022387981775,298.75073221667594,309.9193443462347,309.58843647655834,280.1303268123607,271.0664125265246,271.6799587750263,270.8671260969112,269.74246977441277,294.0017006753532,287.3360402038004,312.8226334522488,277.0739973364516,262.6670896781704,273.7918917718346,278.0017985553331,251.19116226491727,257.76927667974707,243.00823031329617,242.7055829600959,245.5381844031596,239.54957733212555,236.01906702637396,7.615773105863909,259.0077218926108,271.8124353299532,250.2418829852429,234.13671220037236,211.9929244102265,191.09421759959145,171.5925406304132,144.66858677681205,129.0620006043607,101.07423014794622,97.94386147176353,100.66280345788113,111.80339887498948,133.33041663476493,143.28293687665675,158.15182578775372,184.62935844550833,200.38463014912097,189.2326610286924,213.75921032788273,196.29060089571277,187.21645226849057,177.53027910753704,157.33403954643762,124.91997438360288,96.26006440887105,0.0,0.0,0.0,0.0,0.0
2025-06-01 18:44:23.864,0,0.0,0.0,0.0,0.0,0.0,0.0,82.80700453464067,20.0,112.80514172678478,213.3377603707323,312.70753108935514,396.72786642735343,481.6980381940537,540.8308423157836,595.6122900008024,629.971427923521,637.4276429525158,630.384009949491,597.9607010498265,560.7441484313501,488.7739763939975,394.1674770957137,282.20028348674634,168.32409215557945,90.02777349240623,145.46477236774544,276.1340254296815,388.07473507045006,517.2320562378168,620.1653005449434,702.3190158325489,763.0026212274765,10.44030650891055,801.7811422077723,776.0231955296182,747.8001069804684,674.7984884393265,571.952795254993,473.2071428032337,358.0796000891422,266.9925092582187,230.84193726444076,235.34230388946224,441.1915683691156,548.2928049865327,690.4983707439142,791.9122426127784,922.7464440462504,977.8967225632776,987.0769980097804,977.0568048992852,928.9144201701253,889.6122750951675,770.0941500881564,696.1609009417291,517.0928349919384,423.87026317023,393.5606687665829,442.93679007280485,2.8284271247461903,3.1622776601683795,10.295630140987,11.6619037896906,9.0,7.280109889280518,13.601470508735444,4.47213595499958,3.1622776601683795,8.06225774829855,12.16552506059644,723.1631904349115,597.0008375203505,451.07870710110006,325.3459696999488,281.3485382936972,334.1047739856466,471.0382150102049,637.6401806661811,785.82758923316,931.5497839621884,1050.0380945470502,1149.2854301695468,1187.8236401082445,1223.6110493126482,1203.280931453665,1158.379039865622,1061.2676382515392,970.8166665236027,827.658141988587,674.6999333036872,555.5474777190515,630.7646153677297,654.0412831006923,793.4840893174859,923.3011426398216,1082.7026369229918,9.055385138137416,1328.231907461946,1391.9195379044006,1415.6415506758765,1411.1562634945856,1369.0365225223177,1289.6216499423388,1158.600017262213,1027.1299820373272,908.459135019292,763.8690987335461,672.6968113496599,597.0033500743526,629.1557835703333,683.7660418593482,778.0501269198534,870.5791175993139,964.5854031655258,1025.7455824910971,1063.9873119544236,1073.5455276791945,1049.3826756717494,1024.2753536037076,974.4172617518636,913.6438036784356,817.88079816071,742.1765288662799,9.433981132056603,4.123105625617661,6.0,12.041594578792296,0.0,0.0,0.0,128.0,6.324555320336759,16.1245154965971,4.123105625617661,842.0593803289647,784.4112441825398,718.0731160543472,653.7231830063854,581.4000343997238,495.62586696014966,470.11168885702045,446.37428241331287,457.9475952551777,493.76310109201154,531.37180956464,556.1186923670163,595.2495275092623,637.0384603773936,648.3949413744682,658.6448208253064,637.3233088472443,620.1814250685037,585.8984553657741,538.9638206781602,508.7808958677596,467.6109494013159,431.4637875882517,429.9441824237188,421.5779880401727,448.3257744096362,17.26267650163207,501.2434538225911,538.9062998332827,564.0035460881429,552.2028612747312,552.1095905705678,448.50975463193663,400.10623589241897,385.64361786499205,340.82840257232084,282.0815484926301,260.5417432965397,228.87551201471948,200.68383093812017,227.6071176391459,222.44325119005072,257.390753524675,300.01499962501873,304.7244657063164,323.2336616133908,315.6865534038471,337.8313188560232,327.2308053958246,317.9701243827791,316.89745975630666,273.7608445340568,251.67637950352037,6.708203932499369,5.0,13.038404810405298,14.142135623730953,11.6619037896906,5.0990195135927845,14.142135623730953,7.280109889280518,12.649110640673518,14.422205101855956,8.94427190999916,321.21799451462863,319.4761336938958,337.24916604789405,322.28093334853054,335.5964838909967,313.8566551787615,318.014150628553,312.1618170116262,285.41198292993937,272.97618943783357,304.11346566701053,299.81661061388843,308.01623333843946,274.11676344215067,290.26367323521555,299.61308382645774,301.87580227636664,267.47897113605023,275.3633962602873,247.87295132789296,257.9457307264456,246.45689278249048,238.10081898221185,246.272207120495,254.9607812978302,264.3425807545958,11.180339887498947,258.62907802488104,262.6194966105906,248.65236777477105,236.29853998702575,216.8985938174796,209.27493877672023,169.2010638264429,142.76203977248295,124.4025723206719,107.83784122468327,82.73451516749222,88.45903006477066,99.20181449953424,124.25779653607252,152.0526224699857,176.47662734764623,187.94946129212505,195.5326059765992,207.79316639389276,206.40009689920203,209.990475974507,191.92967462067975,186.68690366493303,170.01764614298128,138.95682782792647,105.39449701004318,0.0,0.0,0.0,0.0,0.0
2025-06-01 18:44:23.866,0,0.0,0.0,0.0,0.0,0.0,0.0,75.13321502504735,37.21558813185679,124.08464852672148,222.80035906613796,324.87074352732964,408.5731268695972,495.3836896790204,547.0685514631599,611.864364054649,634.2633522441605,657.2381607910484,635.9347450800278,607.8157615593725,550.129075763134,488.1239596659848,384.8960898736177,279.12183719659055,168.1814496310458,78.49203781276162,157.15597347857954,294.89828755013144,405.5613393803704,530.0235843809216,637.3672410784853,728.5746358472823,757.1268057597749,5.830951894845301,808.5252005967409,778.1066764910837,737.563556583431,660.0310598752153,568.8629008821018,451.5085824211983,352.4556709715422,244.38085031360376,204.48227307030797,232.6413548791358,400.5820764837089,549.224908393638,691.158447825099,780.237143437814,878.5698606257786,960.0885375839044,982.7741347837764,973.5317149430726,962.6401196708975,862.4227501637465,764.3042587870357,639.5349873150021,514.4326972500874,435.1057342761642,382.0274859221519,422.8297529739363,12.36931687685298,17.0,9.848857801796104,23.53720459187964,12.529964086141668,13.038404810405298,2.8284271247461903,7.0,14.422205101855956,13.601470508735444,23.323807579381203,727.2172990241637,583.5923234587651,441.0759571774458,306.8110167513546,267.0599183703912,315.9050490258109,465.6393454166003,613.3726436677788,776.4393086391234,931.752112957089,1043.0119845907811,1122.112293845852,1177.0004248087594,1196.505328028254,1181.115574361798,1137.0109937902976,1045.814993199084,935.534606521854,808.9351024649629,683.8318506767581,548.2052535319231,609.1214985534496,641.5870946333007,760.5267911125813,896.0920711623332,1079.7823854832973,5.385164807134504,1310.8733729845917,1378.4172082501002,1400.364595382217,1421.077056320311,1343.280313263021,1253.6335190158247,1134.0273365311791,996.8680955873753,885.506069996135,762.0505232594489,651.2488003827723,590.1660783203318,611.2552658259887,680.2095265431086,780.6414029501638,839.3169842199072,955.4208496782976,1000.1859827052168,1061.814484738271,1055.8868310571925,1045.984703521041,1006.0079522548516,957.8627250290097,879.276975702196,804.7819580482654,731.9808740670757,1.0,7.280109889280518,9.219544457292889,11.40175425099138,0.0,0.0,0.0,128.0,1.0,23.43074902771996,8.602325267042627,821.575316084898,769.041611357929,709.429348138347,627.251943002172,542.4767276114248,477.285030144462,447.2001788908408,435.7636974324502,439.610054480104,463.67445476325304,502.1553544472069,556.9703762319859,592.4221467838622,612.8964023389271,624.6062759851201,652.8031862667339,634.9055047800421,607.8001316222299,568.3704777695618,529.1993953133356,483.1976821136459,442.9051817262923,427.8340799889602,399.9399954993249,406.8414924758781,429.53230379099546,9.899494936611664,490.5517301977438,516.6236541235796,534.7335785229875,542.2803702882854,535.5977968587996,414.45023826751503,368.1548587211637,347.0561914157418,321.8602181071777,290.7593506664919,247.87295132789296,199.48433522459857,200.2023975880409,180.05554698481245,198.07321878537743,222.81157959136684,266.18226838014584,288.5012998237616,310.26601489689455,328.76283244916846,326.5348373451139,337.8313188560232,325.25989608311687,279.42798714516766,286.0629301395062,266.7901797293146,5.830951894845301,10.04987562112089,10.770329614269007,19.697715603592208,5.385164807134504,8.06225774829855,6.082762530298219,7.0710678118654755,9.055385138137416,12.16552506059644,2.0,296.2043213729334,322.1335126931068,337.0014836762592,318.88869531546584,314.8412298286233,308.65028754238995,327.88107600165034,297.22886804615734,296.1418578992169,289.6894889359985,301.73498305632376,300.1283058959951,313.5123602029113,325.0,325.0846043724618,289.0069203323685,276.8429157482633,272.2443755158222,275.2035610234722,257.07002936943076,243.34337878808208,249.09837414162303,238.73206738936435,253.4916172184003,256.20499604808646,247.6449070746257,10.198039027185567,275.2780412601049,281.19210515233175,280.1892217769984,257.84685377176896,245.89835298350417,225.57482128996577,193.0,156.6301375853319,145.34441853748632,118.40608092492548,98.49365461794989,94.33981132056604,101.04454463255304,119.01260437449471,143.01398533010678,164.92422502470643,193.04144632694815,198.56736892047493,210.4661492972207,220.8438362282271,214.72074888095935,222.4971909935045,207.5090359478353,177.7751388693031,154.46682491719702,124.59534501738015,0.0,0.0,0.0,0.0,0.0
2025-06-01 18:44:23.869,0,0.0,0.0,0.0,0.0,0.0,0.0,50.60632371551998,23.600847442411897,124.67958934805648,237.77510382712484,326.2207841324645,403.053346345121,480.5132672465975,547.9753644097516,596.2096946544898,612.2630153781952,628.6215077453205,624.2827884861155,585.6697021359395,522.5858781100002,465.0043010553773,366.8691864956773,253.6217656274792,145.3616180427282,49.73932046178355,159.51175505272332,270.1481075262235,412.98910397248983,526.4076367227208,633.2456079595025,690.5027154182668,752.0006648933231,4.123105625617661,798.6770310957991,781.8394975952546,731.2249995726349,663.1930337390464,571.4840330227959,463.5353276720125,338.11980125393427,248.0503981049013,194.60986614249543,250.0719896349849,421.921793701155,562.6410934156871,642.9657844706824,831.5623849116794,903.7698822156004,927.515498522801,1010.7507111053644,1012.2944235744856,947.6560557501862,898.9221323340527,779.6313231265148,654.5632131429325,510.9060579010588,416.51530584121394,387.76926128820475,419.57716811094474,2.0,2.0,7.0710678118654755,8.94427190999916,10.816653826391969,8.06225774829855,10.198039027185567,10.0,17.88854381999832,8.246211251235321,2.23606797749979,737.7912984035526,603.4103081651821,474.8020640224724,349.72131762304684,289.40110573389313,334.0,470.4731660785767,658.0121579423894,798.3940130036046,958.8227156257824,1087.9324427555232,1166.5264677665912,1227.5882860307847,1253.1895307574189,1227.2461040883366,1182.8989813166634,1079.573990053484,972.5559109891832,827.1378361554983,673.3795363686069,585.0444427562747,646.1184102004833,674.4790582367996,796.8820489884309,948.3696536688634,1110.0774747737205,15.652475842498529,1332.4432445699142,1419.6214284097011,1412.8499566479095,1426.2443689634677,1339.944028681795,1277.9675269739837,1159.33299789146,1029.1316728193726,877.1647507737642,759.4537510605896,653.9862383873226,593.3338014979427,608.9277461242837,662.5103772772167,775.3870001489579,836.737712786988,935.8130155111116,985.0,1039.2540594099212,1049.4860647002415,1006.628531286492,1035.4148926879504,968.5065823214626,915.8951905103552,819.3289937503738,739.4004327832112,12.529964086141668,8.0,10.44030650891055,14.866068747318506,0.0,0.0,0.0,128.0,10.770329614269007,7.810249675906654,7.0710678118654755,836.376111567039,786.329447496404,738.0331970853343,674.4516291032293,613.8607333915405,506.7879240865946,477.8001674340435,449.040087297337,447.0100670007332,483.37252714650634,506.50962478515646,549.4224240054277,595.6660138030371,613.7882370981054,622.2997669933679,645.6198571915211,629.0031796422018,608.1332090915608,603.1160750634989,523.3593411796526,528.6832700209077,503.401430272104,458.7046980356752,454.4282121523707,477.93828053421294,479.9135338787603,7.0,554.0036100965408,593.4526097339196,582.179525576089,596.8860862844768,589.0033955759508,456.93872674572026,429.0757508878823,405.18761086686743,364.40087815481456,326.45520366506645,295.6095397648729,261.2374398894615,253.77549133042777,249.2087478400387,280.528073461463,286.35642126552705,336.17406205714326,340.0132350365203,373.37648560132976,372.6902198877776,384.24080990961903,387.9304061297593,353.02266216207704,357.1064267133819,323.28470424689135,297.05891671518634,11.180339887498947,6.082762530298219,13.038404810405298,11.40175425099138,6.082762530298219,5.0,8.94427190999916,4.123105625617661,5.830951894845301,7.0,13.601470508735444,300.01499962501873,318.76323501934786,336.304921165302,310.22733599732953,319.3195891266303,306.62354769325856,299.2824752637548,259.88651369395836,283.6476687723698,287.563905940923,283.42371107583784,269.31394319641157,242.2312944274542,287.06271091871196,300.5628054167714,268.48649872945197,259.5149321330085,254.82739256210272,251.85908758669004,236.2794955132586,234.7977853387889,223.6358647444546,239.6539171388609,239.0334704596827,237.53947040439405,252.68557536986555,2.23606797749979,268.41944787961995,261.5205536855564,255.41534801182172,252.50742563338608,225.78751072634643,203.67866849525504,169.36646657470305,153.20900756809309,131.5750736271882,92.9569792968769,88.28363381737297,87.20665112249179,101.31633629380802,110.06361796706484,144.01388821915754,166.6433316997713,176.17321022221284,209.30360723121808,207.01932276963907,211.28416883429767,204.29635336931497,202.03217565526535,200.33971149025845,172.73389939441535,141.35416513141735,121.26417442921878,0.0,0.0,0.0,0.0,0.0
2025-06-01 18:44:23.877,0,0.0,0.0,0.0,0.0,0.0,0.0,63.63961030678928,42.95346318982906,136.19104228986575,243.00823031329617,339.68956416116174,422.3091284829159,492.4479667944625,568.9507887330855,623.2054235964254,647.5708455451032,669.7141181130946,642.9253455884283,616.0235385113137,551.0036297521098,489.6386422659061,389.4624500513496,269.23595599399425,157.2768260107,76.00657866263946,172.53985046939155,296.97137909232936,434.1255578746775,545.3668490108287,645.459526229182,739.6032720317021,779.9487162628066,6.708203932499369,826.4726250759912,797.0225843726137,757.7077272933146,671.0745115112032,577.2642375896847,482.0041493597332,355.8440669731617,245.94308284641795,198.31288409984865,256.25963396524236,415.5923483414968,572.420300129197,681.7990906418107,839.5004466943421,908.916937899168,991.5306349276356,1048.1078188812446,1003.8495903271564,967.0842776097644,913.5830558849042,791.4000252716701,682.2800011725392,531.8063557348671,392.2562937672256,380.938315216519,440.477014156244,12.041594578792296,12.727922061357855,7.810249675906654,9.055385138137416,5.0,15.033296378372908,2.0,9.055385138137416,8.94427190999916,20.8806130178211,5.0990195135927845,776.0856911449921,635.7436590324751,477.47041793183377,361.04985805287333,289.9137802864845,330.00151514803684,487.3243273221644,643.488150629054,819.4205269579229,970.8949479732604,1109.9481969893911,1197.8464008377705,1267.357092535486,1297.5334292418056,1292.8209466124842,1243.8894645425694,1150.1204284769487,1015.6697297842444,888.4649683583478,726.6147534973398,617.404243587619,666.337001824152,698.997138763815,802.0972509615028,977.68962355136,1138.885420048918,11.704699910719626,1383.582668292719,1469.5421055553325,1502.0788927349988,1509.262402632491,1441.6882464666207,1363.692047347934,1222.2381110078347,1098.8216415779225,966.304817332502,803.1052234919158,703.1841863978456,617.0486204506092,608.506368085002,678.8409239284267,766.7868021816755,873.0114546785741,953.189383071381,1049.1677654217174,1084.116691136153,1118.5405669889672,1117.25556610831,1070.910827286754,1022.82940904141,954.3133657242782,861.9443137465436,788.8637398182274,12.083045973594572,2.23606797749979,3.1622776601683795,3.605551275463989,0.0,0.0,0.0,128.0,11.40175425099138,18.384776310850235,12.16552506059644,854.8128450134567,815.7236051506662,737.2408019093897,693.6202130849417,636.8272921287215,542.0055350270881,509.3721625687843,478.20706812007705,450.4186941058286,452.7471700629392,503.9563473159158,518.9576090587747,553.3362449722591,604.8346881586737,628.6763873408958,644.8875871033648,655.624892754996,636.8453501439733,621.0161028508037,594.395491234582,579.2969877359972,546.8765857119868,540.2684517904039,503.7479528494384,507.54802728411823,517.8001544997838,18.601075237738275,554.7071299343465,570.755639481556,598.0008361198168,621.2318407808795,584.4399028129411,485.09174390005853,432.03009154455896,435.4090031223516,383.7877017310482,351.5579610818108,317.11985116040904,296.5299310356376,282.8992753613908,277.79488836189915,310.36752407428196,320.65713776555793,338.2809483255006,385.478922899813,389.08225351460067,397.32228731849415,379.5787138394354,381.36858811391375,346.5746672796499,348.77213191423425,320.8613407688748,293.29336848964044,6.082762530298219,12.041594578792296,5.385164807134504,2.23606797749979,12.041594578792296,11.04536101718726,8.246211251235321,8.54400374531753,8.06225774829855,5.656854249492381,5.0,292.2190958852621,302.3011743278547,313.6000637755037,309.67240755353066,316.4948656771544,286.1485628130954,302.8811648155098,276.58814146669414,263.9469643697385,299.6414524060381,287.3830196793123,286.9442454554543,284.3132075722125,296.1519880061588,305.81203377238114,273.25080054777516,252.24194734421155,250.2258979402412,257.0933682536366,238.2015952927268,234.8297255459794,228.5278976405288,231.3547060251855,250.51147678300092,264.60914572251653,257.62375666851847,13.0,280.7436553156634,284.26923857498196,264.7659343646761,238.949785519887,229.34035841953332,218.56349191939628,181.23189564753773,164.77863939236784,134.30189872075525,104.5609869884557,85.70297544426332,82.21921916437786,108.97706180660222,128.39003076563228,139.31618714277246,178.31713322056297,207.6174366473105,212.60761980700505,237.53947040439405,230.6707610426601,235.0914715594762,222.17110523198104,210.41150158677164,191.01047091717248,156.33937443907084,122.06555615733704,0.0,0.0,0.0,0.0,0.0
2025-06-01 18:44:23.882,0,0.0,0.0,0.0,0.0,0.0,0.0,31.240998703626616,127.56566936288148,227.37853900489375,323.56297686849155,411.1447433690476,480.5049427425279,544.7393872302608,587.9081560924291,616.7860244849911,623.2046212922365,631.9509474634879,588.102882155835,548.2335268843013,467.5745929795587,384.4008324652797,282.21445746098834,169.75570682601514,76.32168761236873,134.3726162579266,250.12197024651792,379.8973545577805,495.5501992734944,585.4400054659743,676.0687834828643,746.5366702312754,792.8177596396287,3.1622776601683795,791.9608576186073,755.846545272253,694.0259361147824,616.7308975558141,513.6555265934554,401.3601873629222,271.1180554666177,222.4612325777235,227.86399452304877,336.5248876383439,504.6028141023393,620.8776046854967,765.1934395955052,868.8895211705571,979.8377416695072,994.5536687378916,1027.6497457791736,993.5834137101928,1004.116527102308,872.827588931514,756.8579787516281,615.7637533989802,493.0091277045487,413.10531344924624,423.1370936233315,514.5337695428747,15.297058540778355,4.242640687119285,19.4164878389476,7.615773105863909,8.48528137423857,6.4031242374328485,14.317821063276352,5.656854249492381,9.219544457292889,8.246211251235321,3.605551275463989,707.1668827087423,556.8060703692086,420.6292904684599,349.51537877466853,321.1790777743781,391.2876179998544,561.3305621467622,708.2718404680508,868.5580003661241,1009.9589100552556,1128.3638597544675,1215.1020533272092,1261.2129082752049,1268.8648470187832,1234.5630806078725,1186.5753241998589,1081.658911117548,956.462754110164,837.1881508956036,669.8134068529832,594.7478457295999,678.233735521907,726.6147534973398,852.5373892094117,996.2429422585636,1164.2134683983002,5.385164807134504,1372.40373068569,1459.1675709115798,1464.7064552325835,1465.0085323983612,1386.290734297824,1313.9140002298475,1187.2341807747955,1053.0384608360705,917.881255936736,800.5229540743975,696.0416654195351,644.0279497040482,650.6919393998976,695.8656479522466,798.2004760710181,865.9711311585393,961.601268717965,1029.6917014330063,1078.17670165887,1096.71600699543,1060.428686899784,1057.289458946792,1025.6120124101512,956.8892307890188,861.9443137465436,804.1218813090463,6.324555320336759,12.529964086141668,15.297058540778355,3.605551275463989,0.0,0.0,0.0,128.0,14.866068747318506,9.219544457292889,22.02271554554524,837.2843005813497,798.369588599165,748.7269195107118,680.3712222015273,638.6939799309213,558.108412407482,550.6078459302955,504.8762224545735,497.9046093379735,492.8823389004723,517.6292109222585,542.8959384633486,566.4274004671737,591.7093881290037,607.6454558375303,638.9632227288203,623.698645180507,642.7231130121274,623.4621079103364,549.2868103277194,568.2437857117313,549.1784773641443,550.8003267972887,528.3881149306824,533.6553194712857,565.1990799709426,5.0990195135927845,581.743070435738,612.8923233325736,605.1528732477439,631.4000316756407,614.1416774653875,479.67072039056126,436.83520920365385,439.52815609469206,410.7614879708174,378.3992600415598,335.5964838909967,304.77040538739976,290.82297020696285,312.7746792820672,343.3598695246723,357.8155949647807,361.7982863419892,414.81562169233695,410.3705642465112,417.163037672323,412.15773679502854,391.0,401.6030378371159,362.46379129507545,327.3912033027155,296.94612305938597,20.12461179749811,10.295630140987,6.082762530298219,6.082762530298219,3.1622776601683795,11.40175425099138,26.076809620810597,12.806248474865695,5.385164807134504,2.23606797749979,9.486832980505138,315.49643421122846,322.7506777684595,325.59176893772974,320.6696119060863,341.0131962256006,309.19573088902763,316.6528067142308,287.3830196793123,290.7988995852632,282.936388610585,299.1738624947039,293.00170647967224,311.27640450249356,282.04432275796654,330.55256768024054,274.38841083398546,266.12027356065903,267.4864482548602,267.4714938082187,219.24643668712156,230.5211487044085,212.5770448566825,222.71955459725575,227.9517492804124,239.88538930080756,259.5168587972658,13.892443989449804,270.9335711941213,287.80027797067885,284.29737951659,272.26457720386617,263.2508309578528,235.96821819897696,205.11947737842937,183.50476833041697,160.12495120998477,119.2057045614848,98.41239759298622,71.80529228406496,80.05623023850174,101.23734488813898,127.05904139414872,148.16544806398016,202.27209397245088,202.1410398706804,216.68410186259624,237.00210969525145,241.5967715016076,242.79209212822397,234.75945135393377,217.0829334609241,200.80089641234176,152.12166183683374,0.0,0.0,0.0,0.0,0.0
2025-06-01 18:44:23.884,0,0.0,0.0,0.0,0.0,0.0,0.0,75.13321502504735,23.53720459187964,134.80726983364065,232.97424750388183,331.748398639692,427.6189892883617,523.6353693172377,575.378136532837,621.1674492437606,654.1758173457653,670.1678894127948,665.2345451042061,620.7841814994966,566.6833330882425,504.0634880647477,395.9608566512604,284.541736833105,165.46298679765212,85.14693182963201,160.70158679988197,280.6599365780588,419.2397881880965,522.8001530221658,642.0545148194194,723.0110649222459,793.364985362979,10.770329614269007,832.48663652938,807.6756774844715,769.4368070218633,705.868259663232,615.8327695080865,500.6395909234506,388.0463889794621,283.7780823108085,231.51025895195227,272.05881717011124,416.8117080889163,575.6083738098326,742.1172414113554,823.5969888240243,943.4744299661756,1048.0200379763735,1050.6003045878103,1087.8281114220206,992.2146945092076,955.854591452068,834.3836048245436,688.320419572164,576.9038048063126,461.6632972199545,416.0048076645269,470.00957437056536,11.180339887498947,10.44030650891055,8.54400374531753,14.7648230602334,10.63014581273465,3.605551275463989,4.0,3.605551275463989,13.152946437965904,24.041630560342615,10.0,801.2296799295443,676.7939125021737,522.5868348896669,411.40004861448426,339.24917096435183,381.4826339428834,517.8889842427621,678.081116091578,846.0508258964115,985.8463369105756,1118.2365581575305,1217.525359078816,1275.863629076399,1295.3246697257025,1295.1714172263069,1219.0147661123715,1153.202497395839,1025.21997639531,903.8412471225242,753.2363506894765,644.6526196332409,718.7224777339303,722.3475617734167,847.0678839384716,986.3974858037708,1146.2307795553215,15.524174696260024,1381.4955664062045,1449.93310190505,1493.475142076359,1484.7760773934904,1438.3966768593425,1352.3461095444466,1233.3377477398476,1115.6603425774351,955.4433525855942,831.4709856633604,725.1551558114994,662.9690792186315,652.0897177536232,715.5976523158806,807.9529689282663,905.6643970036585,967.656964011524,1063.376226930055,1111.820579050415,1126.454615153225,1127.863910230308,1086.5012655307862,1052.1867704927677,983.717439105356,905.883546599672,828.1092923038601,6.4031242374328485,8.06225774829855,6.4031242374328485,18.973665961010276,0.0,0.0,0.0,128.0,15.231546211727816,27.459060435491963,11.0,876.6572876557863,825.823831092322,782.2071336928601,734.2431477378594,663.4945365261119,562.2001422980966,558.5123096226259,521.9894634951936,517.9584925454934,542.6647215362354,567.6380889263862,597.7399099943051,623.6826115902222,652.0375756043512,682.0337235063968,670.2492073848354,685.7995333915006,645.1116182491213,675.1503536250277,611.3370592398272,610.5358302343934,587.1865121066729,544.0367634636468,553.1301835915303,548.7667992872747,577.37769267612,7.0710678118654755,617.9482178953185,630.7646153677297,640.2015307698038,636.9929355966202,634.3642486773667,500.8522736296602,456.0175435221764,436.9530867267103,389.23643200502187,348.6000573723418,310.4126286090822,292.3696290656743,298.2029510249689,306.75723300355935,340.03676271838606,363.72792029207767,379.0118731649445,406.4443381325418,422.9349831829947,402.44875450173777,402.318281960937,388.6142045782681,348.832337950483,336.5070578754627,294.71511668049874,247.6065427245411,5.0,11.6619037896906,8.602325267042627,7.0710678118654755,10.0,11.6619037896906,6.708203932499369,5.385164807134504,12.083045973594572,5.385164807134504,15.297058540778355,302.3722870899382,313.639920928443,307.8002599089221,319.2647803939545,307.9496712126837,304.76384299978895,300.84713726409296,292.6106628269038,292.6380016334174,289.56001105124994,318.9545422156581,300.24823063591896,296.096268129134,316.79646462673793,300.81555810828667,271.3595400939499,283.4783942384322,257.390753524675,242.5716389028198,227.1255159597882,223.75879870968205,221.65288177689007,238.80117252643464,242.2973379961076,247.72969139770063,274.85450696686786,2.0,290.1465147128257,296.73051747334654,290.3532331488665,282.88867068159516,251.8829093050975,234.104677441524,209.6687864227768,166.01204775557707,132.5481044753187,106.00471687618432,90.0499861188218,72.13875518748573,95.524865872714,125.63439019631528,160.65490966665163,187.97074240423697,205.25106577068,244.9346851713738,243.82370680473215,262.8402556687236,253.6217656274792,242.84357104934855,231.89868477419185,204.12006270820123,172.4905794529081,134.6291201783626,0.0,0.0,0.0,0.0,0.0
2025-06-01 18:44:23.889,0,0.0,0.0,0.0,0.0,0.0,0.0,69.06518659932803,50.92150822589606,148.94629904767692,248.80916381837707,344.7796397701001,436.7161549565118,523.4166600329035,581.0094663600586,628.4488841584492,657.030440695102,666.4442962468806,660.4362194792167,617.554046217819,570.3551525146415,479.0156573641409,388.89715864223024,276.79956647364895,159.05030650709227,112.14722466472364,184.50474248647376,317.7200025179403,431.00116009124616,540.9371497688063,647.6025015393316,725.9676301323634,792.0404030098465,11.40175425099138,822.8365572821859,804.5582638939209,777.0823637170001,678.5587667991623,594.5418404115895,507.2760589659244,380.71117661555456,270.78035379251577,229.20078533896867,306.6023483276017,392.75692228145385,583.4397998080008,702.1602381223249,837.4401471150043,952.3029980001112,990.547828224362,1036.8268900833928,1030.538208898632,975.8442498677748,903.9137126960736,811.4733513800684,715.731793341612,512.3055728761888,461.52464722915937,446.4314057052886,478.524816493356,2.23606797749979,17.72004514666935,11.40175425099138,9.219544457292889,12.727922061357855,13.45362404707371,8.246211251235321,6.708203932499369,11.31370849898476,14.212670403551895,8.602325267042627,770.932552173016,651.5581324793667,489.67948701165744,377.42946360876493,320.4886893480018,377.1710487298833,526.6213060634748,677.941737909682,844.0764183413727,978.2785901776653,1106.47232229279,1181.2048933186825,1253.7292371162123,1293.7828256705218,1288.956942647814,1221.691041139289,1139.6323968719037,1011.8700509452782,877.6018459415409,743.6907959629459,626.8412877276033,719.3114763438715,726.9972489631581,838.2088045350037,991.639047234426,1154.4388247109505,8.246211251235321,1398.0275390706722,1460.9695410924896,1493.0673126152085,1461.9209964974168,1427.9110616561522,1332.2131961514267,1204.8306935001283,1098.4284227932196,943.7504966886112,816.0024509767112,725.4157428674953,661.6585222000847,680.1014630185705,748.0775360883389,822.6135180022269,933.6080548067268,1007.51774177927,1089.9587148144649,1137.4673621691306,1148.235603001405,1151.267127994194,1094.8972554536797,1038.154131138532,989.2567917381208,881.183862766449,806.3808033429367,7.810249675906654,9.219544457292889,5.0,16.55294535724685,0.0,0.0,0.0,1152.0,7.615773105863909,9.433981132056603,9.219544457292889,882.5944708641676,826.4248302174857,776.8120750863751,706.1812798425061,623.1572835167699,556.0872233741753,519.7576358265457,506.0533568705972,532.1522338579441,558.3878580341803,600.816111634833,614.4005208331125,660.5966999614818,688.5905895377891,712.1376271480113,694.4472622165056,668.5057965343308,651.0499212810029,620.4337192641934,581.588342386606,567.5667361641272,512.937618039465,473.33920184155465,493.76310109201154,524.79805639884,537.79178126855,18.384776310850235,589.4149641805848,616.5857604583485,630.3173803727769,614.4005208331125,618.3914617780553,477.09223426922387,414.27165000757657,402.43508793344546,351.1182137115647,314.45985435346114,278.0017985553331,251.2866888635369,259.25470101813005,285.60112044598145,303.90788077968625,345.6848275524976,384.0117185711915,393.41072684917987,412.46696837443847,408.8642806604656,406.61775662162125,387.86595622714816,359.12393403949005,322.0993635510632,284.5803928593817,256.0175775215444,6.082762530298219,10.63014581273465,8.54400374531753,6.0,5.385164807134504,6.708203932499369,5.0,9.433981132056603,3.605551275463989,2.8284271247461903,4.47213595499958,340.99266854288817,326.2590994899606,349.4810438349983,337.0237380363585,332.73713348527843,300.81555810828667,295.9408724728641,274.64158461529456,259.724854413281,276.4706132665821,286.0,324.6721423220662,302.61691955341826,326.2207841324645,341.32096331752024,307.7872641939559,300.2682134359213,300.5095672353877,275.17449009673845,257.390753524675,238.17010727629108,228.96506283710625,219.42652528807903,225.21101216414797,249.0,269.74246977441277,7.615773105863909,316.9479452528443,308.29369114531033,300.32648900821255,305.3604427557702,280.9786468755233,256.20499604808646,223.03587155433092,200.44949488586897,168.2973558912914,115.94826432508596,84.8528137423857,74.00675644831355,85.70297544426332,115.24755962709143,151.46286673637206,179.0111728356641,211.51832071950648,234.8041737278109,264.8490135907627,268.02984908401527,261.21638539724114,258.80494585691366,234.13671220037236,217.52471123989568,187.6406139405859,155.8621185535472,0.0,0.0,0.0,0.0,0.0
2025-06-01 18:44:23.890,0,0.0,0.0,0.0,0.0,0.0,0.0,89.31965069345043,87.65842800324451,179.42407865166817,279.7892063679369,371.9274122728789,461.9826836581648,530.4488665272082,583.2160834544945,631.5694736131568,657.2199023158079,652.5181989799212,631.2289600454022,593.6472016273639,539.5868790102295,464.41360875839973,381.0472411657116,259.5862091868518,177.41758650145144,129.29423807734048,216.3631207022121,330.39673121869714,457.2625066632951,581.268440567695,670.7167807651751,743.4870543593883,796.0684643923536,12.36931687685298,822.4019698419988,806.2586433645223,753.5582260184013,679.5329278261651,571.6791057927516,488.1936091347366,368.76144050049487,281.13519879232484,280.713376952364,333.0615558721841,486.8808889245911,642.0280367709809,773.5799893999327,899.4470523605045,950.5419506786642,1030.953442207746,1060.683270349825,1033.868463587124,1046.80322888306,964.6398291590494,839.3241328592906,679.9955882209825,574.3256915722994,502.20712858341625,448.1305613322974,546.8829856559811,14.866068747318506,4.242640687119285,3.1622776601683795,10.04987562112089,4.123105625617661,21.540659228538015,5.656854249492381,20.0,18.35755975068582,12.727922061357855,10.0,782.3068451701033,649.4928790987627,527.2001517450465,408.8275920238261,365.1369606051954,430.60074314845303,572.0428305642856,739.985134985832,902.6472179096328,1038.946581879935,1189.6461658829485,1251.2078164717482,1299.3432956690085,1315.1262296829152,1285.8915195303218,1230.4344761099633,1121.5511579950332,1026.4623714486568,872.4998567335126,712.4892981652426,616.8865373794439,695.5070093104741,733.698166823388,864.5999074716583,1018.8056733253894,1201.5960219641208,8.246211251235321,1425.039648571225,1489.1776254026918,1516.7867351740654,1510.936795501387,1448.7304787295668,1364.4346814706814,1226.1321299109652,1081.1110026264648,929.2104175050988,786.0597941632685,661.6350958043263,622.5857370675946,648.6054270509923,724.4763626233778,827.6478719842153,932.9458719561388,1030.3266472337789,1108.3415538542258,1161.4137936153504,1172.0004266210829,1130.6409686545062,1124.527456312206,1072.3809957286635,991.9324573780212,875.5689578782473,782.0057544545308,5.830951894845301,15.033296378372908,20.248456731316587,2.23606797749979,0.0,0.0,0.0,128.0,12.529964086141668,16.0,18.384776310850235,962.4603887953,904.3986952666396,851.2402716037346,780.2339392771888,689.4787886512536,591.6012170372877,547.4303608679372,501.15466674470866,478.2980242484804,507.2928148515411,554.0983667184014,613.6595147147968,659.3519545735797,686.3942016072106,717.3374380303875,759.0184450986682,749.0160211904682,746.3785902610015,716.5975160436994,652.6024823734583,642.206353129584,603.6969438385455,559.4640292279746,547.0584977861142,547.4029594366475,571.4630346750348,5.830951894845301,643.460177477985,664.7766542230556,676.9202316373769,709.9866195922286,718.0445668619741,557.4836320467176,531.210880912656,511.04696457370727,453.01765969992823,401.5420276882608,356.50105189185626,329.6209944769902,321.4607285501605,325.5718046760192,352.5478690901421,401.32779619657543,403.6037660874834,452.23555808892337,460.0043478055398,473.48284023816535,466.0826107032958,443.1252644569027,447.2639041997465,410.55693880386434,365.5680511204446,326.31426570102633,10.816653826391969,8.54400374531753,9.055385138137416,5.830951894845301,11.6619037896906,15.231546211727816,18.24828759089466,6.0,9.433981132056603,6.708203932499369,11.704699910719626,363.40198128243605,383.03263568526376,404.6047453997543,381.8442090696152,389.71784665319086,335.4891950570092,329.15042154006125,308.41530441921975,296.8164415931166,304.2449670906653,317.8443015062564,310.39490975207696,330.0060605504087,347.93821290568246,376.8527563916708,334.45029526074575,346.0361252817399,342.5857556875358,321.4000622277475,276.72368890284764,265.03584663211126,258.8223328849348,250.19992006393608,260.48608408128064,258.11818998280614,276.3783638420345,8.94427190999916,307.19700519373555,319.22562553780045,303.03300150313663,297.9681191000138,284.36947796836427,275.6174885597792,243.05760634055457,222.31958978011812,165.8463143998081,141.9929575718458,129.07362240210043,109.04127658827184,118.87808881370864,134.937022347464,169.2010638264429,196.702821535432,227.8815481779953,237.32677893571133,253.57050301641948,274.04014304477363,270.1481075262235,270.675081970986,260.03461308064357,240.67405344157896,198.40362899906847,169.01183390520322,0.0,0.0,0.0,0.0,0.0
2025-06-01 18:44:23.895,0,0.0,0.0,0.0,0.0,0.0,0.0,90.52071586106683,179.10053042914194,270.9686328710392,357.4646835702794,440.3203379359168,511.3169271596629,578.1600124532999,615.3584321352881,638.5835888902877,643.8540207220889,642.5947400967425,606.4931986428207,533.4988284898103,473.0835021431206,388.15589651582,274.4321409747772,178.7568180517879,118.0889495253472,195.78815081613087,293.6954204614025,416.58732577936166,526.3705918837031,614.9032444214292,713.5110370554894,774.4417344126025,799.0400490588692,7.280109889280518,804.2698552103019,757.2014263061052,703.9105056752599,597.0544363791295,515.2407204404559,401.50840588959034,290.11894112587686,249.23884127479008,270.74896121684384,345.3881874065759,536.3953765647127,658.0045592547212,817.9883862256236,901.998337027292,969.1573659628244,1008.1731002164262,1027.2799034343077,997.9188343748204,983.8262041641298,871.1417795054947,762.1679604916491,624.3092182564662,535.2121074863684,486.38770543672257,482.7432029557744,567.6486589431883,15.811388300841896,19.72308292331602,4.123105625617661,7.0710678118654755,14.560219778561036,4.47213595499958,5.0,7.615773105863909,5.0,4.0,12.083045973594572,693.7816659439769,549.9209034033895,420.1071291944473,348.8624370722649,353.00141642775316,463.3497599006608,630.4482532293987,809.2990794508542,950.9831754558016,1070.5372483010574,1182.6563321607846,1251.295728435129,1291.1719482702526,1274.0255099486824,1243.4347590444784,1155.8909983212086,1070.7273228978515,921.8470588986006,781.368670987006,645.7321426102312,556.8922696536557,656.342898186611,737.8109513960876,899.0444927810859,1047.3418735064497,1207.1495350618331,16.55294535724685,1430.0926543409696,1470.9061832761463,1505.3909791147282,1450.3051403066872,1404.3877669646656,1283.4492588333983,1159.0276096797695,1012.4253058868096,875.2194010646701,721.3605201284583,622.8009312774026,574.9095581045771,619.8919260645358,709.6153887846571,817.5383783040402,922.766492672984,1000.3539373641712,1104.653791918536,1131.4420002810573,1154.2200829997716,1145.808448214622,1092.5607534595044,1020.5919850753288,957.27791158054,862.6175282244153,769.2593840831582,7.810249675906654,17.69180601295413,11.704699910719626,13.41640786499874,0.0,0.0,0.0,128.0,11.40175425099138,11.04536101718726,16.1245154965971,935.472073340514,904.328480144245,813.7087931195041,756.6875180680596,666.9152869742903,563.8386293967451,511.24944987745465,482.2032766375608,471.5612367444975,488.7954582440389,535.859123277751,579.6869845011184,643.0629829184696,685.8804560563015,726.1583849271452,725.3640465311195,740.8994533673243,708.387605763963,689.4461545327524,651.113661352609,593.8627787629058,576.2308565149908,538.4440546612062,506.67543852055826,494.2974812802509,532.2593352868506,7.211102550927978,608.1126540370625,628.265071446758,664.8623917774264,680.018382104484,685.8002624671414,540.3785710036992,501.8067357060883,486.6795660390931,444.3703410444941,397.3977856002723,366.292233059889,318.8228348158268,298.0067113338221,298.0,305.88396492787916,326.08741159388535,380.1710141502111,411.6430492550554,437.1041065924685,450.4597651289181,446.5075587266133,441.0181402164768,411.3404915638624,395.63746030930895,341.1231449198368,331.6986584235758,7.615773105863909,10.816653826391969,12.36931687685298,5.830951894845301,7.615773105863909,12.083045973594572,17.88854381999832,8.602325267042627,15.811388300841896,7.211102550927978,16.278820596099706,341.4923132370625,357.8407467016578,368.9891597323694,389.53947168419273,344.479317231093,342.9577233421052,295.4877324018715,299.8416248621929,290.4961273407961,320.4559252065719,278.18339274658365,286.7350693584585,306.2172431461037,308.4623153644542,349.1718774471965,305.9150208799823,317.52952618614853,313.06389124266633,300.50790339024365,299.88331063932185,289.4995682207488,256.28499761008254,233.43735776434755,244.28262320517192,243.4953798329652,241.81191037663964,1.4142135623730951,275.82965757873103,291.1391419922783,291.0962040288399,293.9557789872484,295.2371927789587,280.04463929880893,248.64633518312712,235.91523901605,202.8003944769339,169.00887550658396,133.00375934536586,117.32433677630571,99.45853407325085,109.9317970379817,125.0,150.63200191194434,196.6367208839692,215.08137994721903,230.893915034589,262.0934947685654,274.2498860528478,281.0,267.83950418114205,245.56872765073325,231.3892823792839,204.6191584383046,0.0,0.0,0.0,0.0,0.0
2025-06-01 18:44:23.897,0,0.0,0.0,0.0,0.0,0.0,0.0,53.71219600798314,103.464969917359,187.47266467407988,279.8660393831306,364.85613603172413,453.0485625184126,505.0,558.7101216194316,605.0528902501004,624.0392615853589,616.2288535925594,610.8559568343425,567.609020365251,506.0088932024812,442.62060503324966,351.98011307458836,241.74780247191492,143.93401265857906,114.38968484964018,204.63626267111115,322.2623155133098,431.80666970300496,544.2618854926367,649.2495668077107,725.0744789330266,757.7334623731488,9.899494936611664,791.6470173000085,765.7636711153121,755.4634339264873,671.8392664916215,561.2575166534521,483.1821602667053,363.23683733894615,284.0862545073239,247.84269204477263,317.4413331625231,453.9273069556402,617.8357386878813,742.7011512041704,839.9077330278607,940.6279817228487,958.2536198731524,1056.7875850898324,1012.1388244702404,961.6912186351708,910.8353308913748,815.4048074422913,690.1362184380704,569.811372297886,492.4479667944625,489.61209135396155,566.4106284313528,29.154759474226505,20.0,10.198039027185567,16.1245154965971,16.76305461424021,11.04536101718726,7.211102550927978,21.095023109728988,10.0,8.246211251235321,11.6619037896906,744.9033494353479,610.6275460540575,459.60961695769595,370.50371118249274,373.1809212700993,440.13179844223936,600.4539949071868,758.7654446533527,894.4389302797592,1052.203877582667,1150.614183816626,1255.7615219459465,1276.874308614595,1282.1641860541886,1251.8034989566054,1204.8821519136218,1096.496694021464,961.2252597596464,800.5123359449248,653.3911539039996,568.5789303166272,642.2810911119834,712.9333769715091,838.1413961856317,1022.6108741843108,1163.0485802407395,11.40175425099138,1404.314779527724,1468.9601764513563,1474.7586243178916,1474.164169962084,1390.8824536962136,1289.4049014952595,1158.5288084462984,1020.992164514498,883.4347740495616,727.6214675227773,637.3860682506325,561.1007039738945,601.4191549992402,670.0007462682411,791.0910187835531,895.833131782923,994.4495965105522,1060.0471687618433,1109.110003561414,1125.8419071965654,1096.0155108391486,1087.2925089413611,1032.4814768314247,957.3170843560664,852.7631558645108,764.5129168300559,9.486832980505138,6.0,8.602325267042627,14.866068747318506,0.0,0.0,0.0,128.0,11.704699910719626,13.892443989449804,2.23606797749979,921.2708613648864,891.0948322148434,821.3403679352427,755.0556270898192,678.6825472929152,596.2424003708559,541.4249717181505,495.1009997970111,485.7334660078509,505.90315278717134,539.1289270666155,600.8136150254919,633.4042942702551,681.916417165623,701.8333135438927,753.0106240950389,753.8865962464116,738.8477515699699,689.7028345599284,645.0612374030857,622.2443250042543,579.0008635572144,561.8433945504744,537.2755345258148,531.2024096330889,572.5399549376446,12.529964086141668,638.0070532525483,685.4115551987725,695.449494931156,725.4970709796146,704.8475012369697,568.7046685231272,515.396934410751,491.9156431747216,445.82171324420705,385.7978745405423,368.76144050049487,320.73197533142843,302.0413878924542,321.2537937519182,328.69438693108225,378.3186487605389,407.4947852427071,440.5144719529655,463.2893264473077,464.9655901246887,446.7773494706284,441.02154142399894,435.5743334954437,371.9489212244068,347.65068675324085,306.5110112214568,7.280109889280518,4.123105625617661,6.324555320336759,17.26267650163207,9.055385138137416,12.806248474865695,12.041594578792296,15.811388300841896,22.135943621178654,24.08318915758459,6.708203932499369,386.78805565839286,357.03501228871096,381.74467907228257,378.4653220573848,351.062672467467,321.7716581677137,310.8311438707518,294.9457577250434,282.44822534404426,282.9734969922095,293.7567020512043,292.0359566902678,318.3535770177555,331.59312417479345,360.07360358682223,333.7573969217761,328.97568299191965,344.8941866717965,324.1249758966439,314.0716478767225,272.15069355046666,274.4612905311057,252.57870060636543,261.457453517776,251.127457678367,257.07780923292466,7.615773105863909,277.46170906991836,288.4059638773096,293.21152774063984,286.89545134072796,279.5084971874737,268.48649872945197,237.0,221.44976857066257,182.62803727796015,154.02921800749365,129.0310040261642,112.92918134831228,117.06835610018618,126.3210196285638,152.50573759698355,174.7741399635541,228.10962276940444,230.0630348404541,230.70327262524907,246.4000811688178,254.03149411047443,255.8906016249913,248.114892741246,218.04815981796315,192.80041493731284,160.22484201895784,0.0,0.0,0.0,0.0,0.0
2025-06-01 18:44:23.904,0,0.0,0.0,0.0,0.0,0.0,0.0,59.22837157984339,85.492689745966,185.0108104949546,273.18308878845335,368.2281901212888,448.20754121277344,513.6934883760938,570.727605780551,615.6468143343227,639.1322241915204,635.9850627176711,620.9186742239276,580.8269966177536,528.9281614737487,456.3266373991332,356.506661929339,256.0175775215444,145.3409783921933,105.75916035975324,199.4818287463798,315.4203544478384,435.6145084819834,548.0994435319196,642.8763489194481,728.0858465867882,776.5680910261508,7.211102550927978,806.352900410236,792.9848674470403,738.5181108138107,670.4274755706243,573.8379562210921,472.9492573204868,358.62096982747676,292.5149568825499,278.36127604248406,345.9393010341554,451.8683436577517,600.0441650412076,739.6391011838139,853.1547339140773,961.0020811631993,999.8204838869826,1022.1937194093888,1041.3553668176874,941.1870164850342,903.6027888403178,763.9875653438346,669.3616361877935,559.2897281373939,485.55638189606776,466.752611133564,530.6015454180283,15.524174696260024,3.1622776601683795,20.12461179749811,5.830951894845301,5.0,9.055385138137416,13.892443989449804,9.219544457292889,6.708203932499369,14.317821063276352,15.297058540778355,746.432850295323,595.0302513318126,466.9411097772395,357.9329546158051,338.61482542853906,399.0839510679426,578.5239839453503,722.9114745250624,912.3842392325724,1035.2434496291198,1159.8732689393269,1248.494293138739,1293.0034802737384,1308.5518713448084,1268.985815523562,1218.1793792377214,1108.5779178749683,984.00050812995,830.6166384078758,691.9898843191279,572.3154724450493,658.6174914166796,710.3808837518081,843.1518249995074,1017.67283544369,1161.4490948810455,15.524174696260024,1418.4403406558909,1499.9563326977222,1493.505942405319,1499.14709084866,1398.94031323713,1325.0,1189.2186510478214,1052.8437680871746,896.4652809785775,759.176527561278,650.3299162732712,582.1932668796505,583.6308764964376,667.7604360846785,764.8529270389178,885.2417748841274,997.5179196385396,1070.745534662648,1123.0872628607272,1137.7719455145657,1136.0633785137163,1085.9120590545074,1037.3490251598062,962.847859217644,859.3544088442206,788.6406025560692,10.0,7.615773105863909,12.206555615733702,8.0,0.0,0.0,0.0,128.0,12.041594578792296,8.06225774829855,2.0,945.6733051112312,892.0022421496484,837.9021422576744,763.7866194167059,684.3171779226356,593.6952079981781,553.2639514734356,515.3348426023608,498.3532883407112,503.03578401541176,546.9405817819702,604.848741422184,637.3978349508257,698.2320531170135,710.5385281601555,743.5247137789032,732.1290869785191,731.6317379665811,689.9949275175869,663.6746190717255,624.8847893812107,580.0008620683249,568.9578191746731,534.8046372274646,540.4044781457682,550.7031868438751,6.4031242374328485,638.0752306742521,675.8113642134172,684.965692571533,719.6721475783261,709.0345548702122,562.1930273491481,513.8920120025218,496.17033365569125,454.0407470701281,411.389110210759,387.2376531278951,338.15528977083886,314.39624679693617,327.6842992882021,351.52809276073515,397.43427129526714,409.69500851242987,454.4282121523707,463.4414741906469,472.0381340527479,458.5564305513554,457.91920684767086,411.9623769229418,380.8648054100037,333.06605951372467,293.99319720020736,13.0,6.0,9.433981132056603,14.317821063276352,14.142135623730953,11.04536101718726,5.830951894845301,9.055385138137416,7.0710678118654755,10.63014581273465,3.1622776601683795,374.40219016453415,375.59685834681846,384.37611788455325,358.3699206127657,346.0057802985378,316.89272632864265,279.95713957675736,273.6512378923216,262.65186083483206,280.20885068105895,253.21334877924585,277.61844319137015,275.80065264607333,311.7194251245822,327.099373279742,329.19295253695816,306.2972412543084,331.80867981413627,329.81964768642877,299.0401310861136,286.2114602876691,270.675081970986,232.26278221015093,258.54400012377005,258.80494585691366,248.71268564349504,1.4142135623730951,272.2498852157701,284.01584462842914,286.9233347080715,301.53772566629203,276.27884464793897,268.0783467570628,242.90944814889357,228.86240407720967,199.12307751739877,163.9176622576103,138.6542462386205,131.24404748406687,128.03515142334936,141.4213562373095,166.43316977093238,189.1718795170149,217.27862297059968,225.55043781824057,240.58470441821524,242.49536078036627,255.266527378738,253.00790501484337,244.7304639802736,226.34486961272177,177.15812146215595,147.87156589419075,0.0,0.0,0.0,0.0,0.0
2025-06-01 18:44:23.904,0,0.0,0.0,0.0,0.0,0.0,0.0,50.44799302251776,94.19129471453292,185.9247159470736,288.9792380085462,371.63557418524937,451.6248443121791,514.5600062189054,570.753887415583,606.585525709277,634.3413907353043,628.5451455543985,614.1009688968094,570.0403494490544,511.8066040996345,428.3386510694546,340.93107807883985,246.16457909293123,147.49237268414933,122.00409829181967,204.56050449683585,337.0370899470858,446.6587063967297,540.1897814657364,641.7577424542691,709.0007052182671,778.393859174133,2.0,793.3385153892378,770.9760048146765,733.920976672557,649.2980825476077,568.4127021803788,467.17234507192313,352.85407748813105,295.24396691549856,269.94073423623934,330.3846243395718,470.1829431189524,628.0907577731103,756.0588601425156,873.0692985095742,984.6039813041588,991.5891286213256,1054.2129765849024,1025.345307689073,1004.1937064132596,896.6186480327074,798.2505872218322,684.4749812812737,575.0217387195027,492.0091462564492,479.0156573641409,559.1511423577707,17.204650534085253,15.524174696260024,9.433981132056603,10.295630140987,9.848857801796104,5.830951894845301,4.47213595499958,13.601470508735444,5.0,10.816653826391969,7.0710678118654755,716.3518688465886,571.210118957989,464.1002046972184,370.66966425646433,363.6289317422364,420.0880860010196,580.38004789965,720.69410986909,883.6339739960206,999.65043890352,1128.5800813411515,1189.1417072830302,1243.028559607542,1258.1593698733082,1230.8842350115626,1182.7024139655755,1073.3918203526614,946.9318877300522,832.48663652938,710.2562917707945,595.1344385934997,682.2462898396736,717.6496359645143,854.2604989111928,1009.0193258803322,1147.0017436778376,7.0710678118654755,1374.328199521497,1449.637885818386,1444.839091386996,1467.5915644347374,1401.6137128324622,1315.194662397928,1193.1458418818715,1069.0266600978669,905.280619476635,783.6332050136722,694.0259361147824,609.2437935670745,628.6692294044619,695.8807369082722,780.7099333299147,875.4730150038891,971.4669320157016,1058.731316246006,1115.3909628466604,1126.702267682106,1145.461479055494,1091.9523799140693,1054.2471247293015,1016.8756069451168,927.4702151551822,824.9242389456138,16.1245154965971,6.708203932499369,8.0,10.816653826391969,0.0,0.0,0.0,128.0,8.06225774829855,13.038404810405298,14.142135623730953,951.2502299605504,889.9224685330739,860.9727057230095,801.8883962248113,720.3388091724615,610.695505141474,578.0181658045013,536.9851022142049,544.5456821975545,553.3985905294663,584.5930208273103,637.3107562249362,667.9558368634861,693.3866165423154,716.0565620116892,739.6931796359894,725.2806353405556,713.5299573248484,694.54517491665,663.1930337390464,638.6305661335041,586.3872440631702,568.7917017678792,557.4585186361403,544.7531551078893,586.0691085529078,8.06225774829855,661.2329392884175,678.7238024410224,698.2843260449142,726.1108730765571,717.0564831308619,571.4017850864661,528.3578332910378,502.02091589892945,458.9466199897326,397.0453374616053,364.67108467768594,333.14261210478617,324.2344830520036,336.88573730569243,381.4773912042495,399.4421109497595,414.4031853159432,443.0406301909566,469.2941508265365,474.0907086201965,461.52464722915937,427.6037885706814,415.76555893916947,399.7161492859652,355.1140661815581,290.0,2.8284271247461903,14.142135623730953,10.04987562112089,6.708203932499369,7.211102550927978,5.0,10.770329614269007,2.8284271247461903,4.0,6.4031242374328485,8.246211251235321,361.3377921004112,366.67424234598207,371.1280102606108,355.30831681794336,352.30810379552724,334.7730574583325,315.91296269700615,310.3353025358217,253.3081127796739,254.2833065696606,307.87659865601995,309.9822575567834,304.90162347878703,333.7319283496861,357.0616193320139,342.3813663153998,348.9326582594412,342.8833620927093,339.94852551526094,319.24911902775864,308.27422856930485,282.4075069823747,270.7120241141867,263.9109698364204,252.42028444639703,281.71261952564356,9.0,305.52904935537634,294.0544167326857,294.9050694715165,306.10455730027934,293.83158441529054,293.2047066470796,246.1097316239242,234.4802763560296,207.0024154448445,188.2153022471871,159.62455951387932,142.8740704256724,141.79210133149166,145.6605643267937,168.35973390332975,195.54283418218117,214.03737991294884,245.93698379869588,253.25086376950424,260.0480724789169,259.01737393464555,259.6247291765559,234.4184293096428,222.4275162833951,176.58142597679972,154.2886904474855,0.0,0.0,0.0,0.0,0.0
2025-06-01 18:44:23.907,0,0.0,0.0,0.0,0.0,0.0,0.0,133.00375934536586,52.392747589718944,91.67878707749138,183.3712082089225,286.40006983239374,380.7571404451924,472.1779325635623,526.7190902179264,601.705908230923,627.4153329334564,659.2389551596599,649.3419746173814,625.0967925049688,592.8709809056268,530.3140578939992,444.1846462902562,353.5562190090849,237.95167576632025,142.97202523570826,130.64838307457157,231.38712150852305,363.4969050762331,487.5910171444917,594.1557034986705,689.5600046406404,757.1802955703483,10.816653826391969,832.9045563568493,814.4814301136644,771.1977697063186,736.0923855060586,654.8473104472523,555.0423407272638,427.375712927162,352.27971840570103,289.3060663034911,309.0792778560219,422.0580528789849,549.6562562183751,715.0300692977884,841.6489767117881,911.035125557736,988.795732191437,1077.780125999733,1016.423632153444,998.7962755236924,959.860406517531,862.2163301631441,744.540798076237,593.9764305088207,519.0761023202667,488.33185437773767,513.1237667463864,11.40175425099138,4.0,15.264337522473747,6.708203932499369,13.92838827718412,3.1622776601683795,15.811388300841896,9.433981132056603,4.47213595499958,7.280109889280518,5.0990195135927845,799.0807218297786,670.8569146994015,545.8937625582472,420.41527089295886,373.3952329636789,416.7781184275393,543.2246312530389,690.2347426781703,854.7894477589203,999.4598541212148,1128.9012357155077,1212.8977698058482,1272.774921185989,1283.7585442753634,1275.3054536070956,1225.4080952890756,1124.4554237496477,1017.6467953076844,874.2459608142321,732.8260366553579,624.0208329855662,712.8513168957465,720.3089614880548,837.5470136058035,994.1815729533514,1146.9947689505825,8.246211251235321,1381.4434479919908,1444.0945259919797,1483.9208199900695,1471.6827103693242,1436.75224029754,1318.2184947875674,1213.40842258491,1067.243177537341,924.0346313856425,786.6002796846693,676.2248146881332,613.2813383757898,648.0933574725173,692.4254472504604,800.6397442045954,882.7236260574427,991.861381444,1077.532830126303,1112.7380644158804,1142.073990597807,1099.2088063693814,1113.0143754687087,1040.7309931005225,1007.1112153084188,888.6056493180763,804.5470775535761,18.027756377319943,9.055385138137416,12.16552506059644,10.295630140987,0.0,0.0,0.0,128.0,10.770329614269007,2.0,13.41640786499874,983.2242877390692,920.2592026163064,869.7890548862982,794.0037783285417,706.0198297498449,610.0204914590985,568.1725090146477,530.4337847460322,547.0219374028796,578.3121994217311,630.2515370865826,674.3411599479896,715.8910531638177,755.8954954224823,789.4308076076079,797.0771606312653,777.1228989033846,766.2930248932192,739.083215883029,670.428221363033,652.5067049463936,580.9724606209833,546.6004024879601,549.9209034033895,573.8928471413457,584.7777355542873,18.439088914585778,675.363605770995,700.9279563550023,750.842193806395,754.0039787693431,757.7631556099834,604.5171627009444,568.1769090697017,531.949245699249,457.70951486723544,417.6086684924057,364.6107513499842,324.5242671973854,309.1035425225664,318.88869531546584,351.4327816240255,377.19093308296794,405.47503005733904,440.6041307114585,454.3566880766696,456.3266373991332,442.0418532220676,442.6522337004525,409.7230772119139,390.4100408544842,333.0540496676178,283.0017667789373,11.40175425099138,11.31370849898476,8.06225774829855,8.06225774829855,7.211102550927978,6.708203932499369,12.727922061357855,4.242640687119285,4.242640687119285,6.324555320336759,6.082762530298219,346.09247319177575,367.4914965002592,351.55227207344285,337.33662712489433,335.00597009605667,312.4307923364789,301.0265768997814,272.5912691191704,300.66759053812234,253.15805339747735,305.60104711862493,303.65934861288235,343.21567563268434,323.85490578343877,361.6365578865057,333.0645583066442,338.49667649771686,327.44159784608917,325.1845629792411,305.6354037084055,294.92032822442064,280.0660636349931,276.1340254296815,274.8763358312243,268.32815729997475,286.379119350556,18.35755975068582,304.1792234851026,300.66592756745814,307.9626600742369,296.24989451474914,285.80412873154927,257.1089263327899,224.51057881534223,206.9685966517626,180.94197965093673,169.81166037701888,151.60804727981954,148.35430563350698,165.3148511174964,168.31518053936787,199.4818287463798,218.65955272980872,237.06539182259397,254.4484230644788,247.85883078881815,267.15164233071823,251.40604606890423,238.0756182392477,221.56263222845135,193.04144632694815,157.175061635108,125.96031120952344,0.0,0.0,0.0,0.0,0.0
2025-06-01 18:44:23.912,0,0.0,0.0,0.0,0.0,0.0,0.0,133.15029102484155,41.593268686170845,88.76936408468859,191.68985366993215,292.4790590794493,394.2638710305574,472.66161257288496,548.3502530317644,597.599364122821,632.2728841252011,667.4975655386318,664.2145737636295,640.9251126301731,587.1056123049754,536.0009328350092,446.78630238627505,355.1689738701848,225.39742678211744,118.69709347747316,125.7060062208644,240.26027553467927,354.13274347340433,475.2978013835116,593.0935845210265,682.6778156641682,758.4668746886709,10.44030650891055,829.0530742962118,816.000612744868,790.1012593332579,719.9201344593719,658.0463509510557,559.623087443683,438.95899580712546,328.18439938546743,259.0694887477103,266.12027356065903,412.1613761622989,537.8196723809942,699.5155466463915,763.3223434434499,923.8490136380512,995.479783822856,1063.7147173937192,1069.1014919080417,998.060619401447,940.3169678358464,869.8735540295497,739.0811863388217,616.5492681043422,532.7898272302128,479.6425752578684,504.61965875300575,6.324555320336759,2.0,4.47213595499958,5.656854249492381,3.605551275463989,10.63014581273465,9.219544457292889,15.297058540778355,7.0710678118654755,2.8284271247461903,12.083045973594572,784.0025510162578,648.6485951576554,505.72917653621687,395.9797974644666,365.6897592222128,394.6770831958704,531.0602602341847,687.5245450163943,834.6526223525569,981.8416369252222,1106.481359987596,1194.350032444425,1244.2266674525183,1277.1068866778537,1256.3665866298738,1195.1108735175997,1101.7631324381844,981.7800160932184,868.0023041444072,733.4527933002914,595.8565263551285,668.6972409095165,678.2307866795786,810.3493073977419,976.6580773228674,1125.1244375623526,7.0,1365.8890877373608,1433.2341050923956,1457.8648771405394,1438.259017006325,1388.7152335882256,1292.8147585791246,1173.2830008143817,1031.3607516286434,890.8608196570326,767.3206630868219,664.8308055437865,612.6026444605018,632.5322126184562,690.4983707439142,791.794165171732,902.2178229230456,964.889630994136,1069.1351645138234,1106.8391933790565,1138.8050755067786,1136.7167633144152,1091.6982183735577,1023.6723108495218,974.0046201122456,875.1594140498062,782.6749005813333,9.055385138137416,8.602325267042627,10.295630140987,7.0710678118654755,0.0,0.0,0.0,128.0,8.06225774829855,24.698178070456937,9.219544457292889,943.309069181464,894.418805705694,813.1912444191711,758.5842075867386,665.8483310784821,567.8485713638804,538.95547125899,504.4779479818717,518.6000385653668,558.5839238646239,613.2087735836792,677.2370338367506,723.6608321582701,761.8530041943787,770.7788269017254,769.8188098507336,759.5162934394496,718.979832818696,694.939565717768,655.4029295021498,587.3346575845835,538.7067848096959,482.21571936219584,506.1422724886749,515.4609587543949,544.3032243152708,6.708203932499369,636.8429947797181,691.4853577625487,737.1383859222093,738.9776721931455,730.1568324682033,582.494635168428,535.7648738019319,489.2320512803714,452.08516896708744,398.2210441450828,329.64526388225266,296.08275870100914,284.01584462842914,302.1737910540886,328.93768406797057,364.23755984247424,387.76926128820475,434.8815930802314,460.25753660315,463.2493928760187,457.4111935665764,416.53451237562535,432.41184072594496,379.05672398732094,339.1651515117672,275.0,12.36931687685298,18.867962264113206,8.48528137423857,8.246211251235321,4.0,17.029386365926403,11.04536101718726,7.211102550927978,9.848857801796104,12.806248474865695,9.219544457292889,375.3531670307312,369.3846233940985,372.0497278590592,368.27435425236985,335.5964838909967,332.3627536292236,320.35605191723783,300.9601302498389,296.6226559115133,247.6307735318856,288.68321738542403,337.33810932060436,337.2906758272455,348.89110048839024,368.89700459613385,353.2392956623031,360.2124373199793,351.57360538015365,332.0316249997882,319.69985924300937,306.18458485038076,282.11345235560816,261.69638897011936,260.35360569809666,261.6295090390226,278.7418160233588,2.23606797749979,299.5496619927988,309.97419247414774,314.5854414940399,305.4242950388852,292.7456233660889,279.5800422061632,247.92337525937324,223.32263655975405,200.0,175.9147520817967,166.30093204789924,145.0137924474772,158.51813776347487,175.34537347760278,202.52901026766511,227.98245546532743,234.64867355261143,267.7778930382417,279.21676167450977,287.9756934187328,274.4922585429323,242.86004199950224,231.0411218809327,211.463944917331,185.60711193270583,147.24808997063425,0.0,0.0,0.0,0.0,0.0
2025-06-01 18:44:23.915,0,0.0,0.0,0.0,0.0,0.0,0.0,73.7360156233031,175.30829986055994,269.4160351575236,353.7060926814804,441.5993659415738,496.5903744536336,553.971118380733,587.0366257738949,605.0429736803825,605.8993315724981,597.3692325521963,556.0656436069396,511.7352831298619,453.8413819827363,356.2035934686791,254.23217734976035,147.50254235097103,84.8999411071645,158.22136391777187,272.03860020225073,387.87240169932176,505.6421659632432,610.5939731114286,682.0219937802592,740.6301371129857,783.5770542837507,13.41640786499874,769.0669671751609,735.097952656651,668.366665835453,604.7974867672649,497.0010060351991,396.42653796132265,276.0307953834137,223.8861317723811,280.6599365780588,347.10949281170633,538.4876971667969,671.7693056399645,788.015228279251,908.5400376428108,959.331538103486,971.272361389945,1008.2207099638453,1002.8923172504614,926.4556114569116,830.4336216700285,753.0112880960019,614.3940103874711,523.2150609453057,479.90832457876786,500.212954650317,582.8104323019621,6.082762530298219,13.038404810405298,2.23606797749979,8.246211251235321,8.94427190999916,14.142135623730953,17.029386365926403,4.0,8.54400374531753,21.93171219946131,18.24828759089466,664.7540898708334,510.1656593695817,407.7070026379238,321.560258738545,388.5061132080163,488.42809092025,650.0,817.5597837467301,961.6912186351708,1081.4665968026936,1179.327350653753,1242.7912133580603,1265.1612545442576,1270.2649329962628,1227.618833351786,1159.687026744716,1022.0958859128629,906.1815491390232,770.6322079954873,614.9113757282427,557.6531179864414,694.5250175479642,772.5807401171737,910.0467020983044,1070.0602786759257,1223.392823258335,5.830951894845301,1419.39036209212,1473.036659421618,1464.6590046833426,1433.9640860216828,1350.951146414999,1245.9795343423582,1139.6885539479636,983.0127160927268,835.8426885485092,725.680370411106,634.2255119435042,623.5198473184314,653.3314625823557,753.6391709564996,861.7569262849008,961.6116679824554,1037.3258890049935,1100.4907995980702,1133.884032871087,1140.195158733802,1117.0362572450367,1088.1047743668803,1015.1123090574756,928.9698595756485,833.0726258856427,740.0574302038998,16.401219466856727,12.529964086141668,6.4031242374328485,14.7648230602334,0.0,0.0,0.0,128.0,8.246211251235321,24.186773244895647,9.899494936611664,956.2091821353736,896.7151164110037,834.8203399534538,761.8320024782366,679.2230855911774,571.4621597271337,531.4978833447975,504.6236221185053,514.662025022247,550.567888638631,614.3590155601202,671.5124719616159,733.648417159064,765.0163396947806,783.3473048399413,805.9088037737272,776.2705713860341,765.2378715144723,725.1992829560713,635.1519503237001,622.9622781517353,566.0397512542737,501.063868184486,494.08197700381663,519.7085721825262,539.3153066620675,3.605551275463989,650.9600602187511,702.6407332342753,719.6561679024227,759.500493745725,759.4656015910135,606.0833276043815,567.5535217052221,531.2409999237634,483.4263128957711,420.7433897282285,357.02801010564986,308.75556675143525,286.29530209208815,271.1844390815963,297.40544715926103,316.83434157300564,373.97326107624326,393.3954753171419,443.6496365376625,437.3785545725807,450.64953123242014,457.4461716967364,444.2352980122133,411.6916321714591,363.60693062701654,328.5391909650963,12.206555615733702,7.0710678118654755,5.0990195135927845,11.40175425099138,8.06225774829855,6.708203932499369,8.06225774829855,6.082762530298219,4.0,2.23606797749979,6.4031242374328485,354.3613974461665,370.4119328531412,380.73744234051895,373.3630940518894,389.69346928066426,344.5228584578968,352.82290175100593,330.9637442379452,284.29737951659,273.19040978775223,242.06197553519223,302.29952034364857,293.23369519889764,336.88573730569243,345.70073763299956,354.4925951271761,338.9985250705377,363.1487298614715,361.354396680046,336.7862823809782,324.6783023240081,301.179348561617,305.0,259.6247291765559,243.18717071424635,257.1089263327899,2.23606797749979,260.71632093139084,271.3300573102803,288.4995667241114,296.10808837314795,292.205407205274,284.7174037532655,260.4611295375953,254.52111896658005,241.6278129686233,223.21514285549716,189.20095137181525,164.62381358722072,154.01298646542764,154.69324484281788,157.62296786953354,192.5850461484484,200.17991907281808,229.4449825121482,247.329739416836,262.3451924468981,259.04439773907484,261.6027522790997,259.8557292037257,234.33736364481015,221.92341021172143,186.23103930333417,0.0,0.0,0.0,0.0,0.0
2025-06-01 18:44:23.921,0,0.0,0.0,0.0,0.0,0.0,0.0,43.18564576337837,72.80109889280519,165.72265988693275,265.8759109058209,362.008287197959,433.3335897435138,509.00884078766256,557.5706233294577,595.4133018332728,626.3609183210588,627.236000242333,600.681279881436,561.4445653846869,512.1035051627747,438.1529413344158,338.18633916821653,241.4000828500272,138.00362314084367,70.2353187506115,159.45532289641508,298.10736320996836,417.2217635742411,540.3008421240893,621.3549710109351,713.3820855614472,766.2649672273945,7.0710678118654755,803.2745483332582,775.95682869603,738.9945872602857,659.17524225353,576.0138887214439,464.4868135910857,352.4826236851967,266.00751869073173,242.0433845408711,262.9676786222976,484.3345950889736,619.4271547163556,726.5714004831184,858.09381771459,982.6382854336584,1020.0044117551648,1040.0985530227413,1008.335261706145,974.9051235889572,912.0186401603862,797.4459229314549,672.7525548074864,529.9669801034778,460.792795082562,442.3765364483067,517.7219330876374,21.633307652783937,10.63014581273465,18.110770276274835,19.4164878389476,7.280109889280518,13.892443989449804,10.63014581273465,9.219544457292889,12.806248474865695,17.88854381999832,3.605551275463989,741.0242910998262,602.6649151891953,440.25560757360034,350.27132340515686,321.21799451462863,395.77392536649,556.4000359453619,725.8794665783018,888.045606936941,1030.6934558829798,1160.6450792554974,1250.2051831599483,1283.278613552022,1309.6518621374155,1271.5667501157775,1204.831938487688,1106.3729027773593,958.4529200748464,820.4907068334169,687.2001164144256,571.4831581070434,659.0728336079405,697.8946911963151,837.6073065583896,1029.5071636467617,1163.4968843963445,3.605551275463989,1399.7321172281502,1457.4213529381268,1501.7456509009774,1462.0157317895043,1388.0075648208838,1300.7340235420922,1171.0516641036809,1015.1699365130944,857.6158813828018,725.8278032701696,638.1763079275194,593.2528971694956,633.7420610942594,720.3360326958523,824.1565385289375,924.0054112395662,1025.901554731252,1083.14957415862,1127.4927937685457,1151.0734120810887,1150.9448292598563,1100.249517155086,1038.5075830247945,944.3860439460126,860.5114758095908,765.8361443546524,3.1622776601683795,16.278820596099706,8.06225774829855,12.36931687685298,0.0,0.0,0.0,128.0,8.48528137423857,8.602325267042627,17.029386365926403,959.0099061010789,896.7970784965794,826.8313008105099,769.0936223893682,663.7740579444184,555.5555777777773,503.2067169662981,494.19125852244696,512.0624961857683,555.8929753108956,613.0685116689651,672.209044866253,719.5846023922413,770.2324324513997,797.468494675495,818.1197956289775,805.4396315056765,758.3884229074175,734.9081575271838,665.9737232053529,635.6925357434992,571.4630346750348,521.0959604525831,503.2265891226337,519.3120449209704,536.1063327363332,12.529964086141668,647.9135744835108,719.6054474501982,756.1084578286371,767.7981505578142,767.6307706182706,616.1955858329399,574.1776728504863,554.1236324142835,480.5132672465975,437.068644494203,376.1236498812591,332.7296199619144,314.35807608521844,332.41540277189324,352.63862522418043,377.0225457449461,444.3624646614518,459.1840589567543,484.3160125372689,503.7866611969793,507.21297302020974,483.4552719745644,462.0270554848493,428.29078906742785,369.42387578498494,318.498037670564,13.892443989449804,12.0,1.4142135623730951,3.0,9.433981132056603,9.433981132056603,10.0,5.0990195135927845,7.615773105863909,4.242640687119285,2.23606797749979,374.20048102588,391.7511965520973,370.46592285930967,385.56452118938535,346.8313711301214,332.73713348527843,293.7822322741796,290.12583476829496,268.36542251191753,228.0350850198276,273.5616932247642,273.80467490530543,282.6446532308722,321.49805598168086,376.2884531845217,350.61232151765574,349.82424158425613,336.2038072360276,330.09241130325915,322.4717041850339,305.91828974417336,299.0551788550066,265.0,251.3105648396024,247.98790293076797,256.2225595063791,6.082762530298219,273.7151804339686,283.7780823108085,289.8620361482338,290.6286290096005,289.3993780228285,271.01660465735307,257.55970181687974,231.94827009486403,221.10857061633772,187.8643127366132,174.26416728633572,151.71354586852158,158.26875876179733,156.33937443907084,178.46568297574746,204.59960899278377,218.524598157736,244.44426767670376,254.55844122715712,270.51247660690257,258.00775182152955,250.88044961694405,243.08229059312404,219.14607000811125,193.0932417253385,160.86329600005092,0.0,0.0,0.0,0.0,0.0
2025-06-01 18:44:23.924,0,0.0,0.0,0.0,0.0,0.0,0.0,63.071388124885914,45.79301256742124,149.96666296213968,247.24481794367296,348.832337950483,429.88486830778305,498.7273804394541,552.7259718884214,594.4013795407948,612.1021156637183,626.7902360439256,611.2650816135337,589.074698149564,526.3392442142235,453.4423888433899,362.49275854836054,254.40125785852553,145.2067491544384,81.41252974819048,166.01204775557707,284.0070421662111,414.2366473406234,508.4958210251093,625.8090763164114,705.819381995139,767.0964737241334,4.0,801.5310349574744,783.9183630965663,737.6672691667972,666.706082168147,574.2691006836429,466.9914346109573,348.209706929603,259.7941492797711,237.00210969525145,287.3673607075097,437.12355232817185,591.2368391769918,705.2439294315124,857.858379920602,917.3145589164058,982.9343823470618,1005.906556296359,981.4993632193554,946.9667364802208,898.6233916385662,765.6382958029202,663.1477964978848,536.4513025429242,453.0452516029718,427.8562842824679,493.1287864239929,12.16552506059644,7.810249675906654,12.083045973594572,6.708203932499369,10.198039027185567,8.94427190999916,9.219544457292889,13.0,1.4142135623730951,12.529964086141668,12.806248474865695,711.9838481314025,593.7844726834813,437.70423804208247,329.9712108654329,290.2274969743563,373.0335105590381,539.8898035710621,704.9177256957013,837.8746923018979,1000.524862259804,1131.9664305976569,1201.3063722464806,1254.4660218595002,1260.6514189100808,1249.307808348287,1179.57619508025,1084.0166050388711,958.4492683496608,819.9280456235169,656.7800240567614,574.4153549479679,665.6200117183978,695.244561287609,850.0005882350906,986.9797363674696,1169.459704307934,14.317821063276352,1378.5517763218036,1450.1672317357056,1468.0340595503906,1461.424305258401,1396.6739061069338,1299.207450717552,1166.706904068027,1031.606998813017,899.8688793374288,751.6807833116395,669.2876810460506,615.7247761784481,640.7573643743784,720.4567995376267,847.8973994534952,938.6144043216044,1016.9488679378132,1103.6131568624942,1159.607261101792,1166.7617580294616,1125.3288408283154,1098.597742579148,1030.0145630038442,966.8200453031576,862.1676171139809,762.8748259052726,20.12461179749811,7.810249675906654,2.23606797749979,11.6619037896906,0.0,0.0,0.0,128.0,16.1245154965971,11.04536101718726,19.235384061671343,941.1721415341616,899.4648408915159,819.3192296046761,738.20390137143,644.2872030391416,569.9912280026773,529.5328129587439,501.51171471860954,506.759311705271,541.0110904593362,606.6440471973659,661.2866246946176,712.068816899041,759.3977877239306,784.7706671378588,796.2116552776655,806.3361581871422,772.8699761279383,734.0878693998424,653.2212488889197,613.5878095268843,571.6406213697553,535.6762081705701,516.4842688795081,508.63051422422546,559.3576673292322,11.180339887498947,629.1144569949097,690.7068842859466,720.9778082576468,756.487276826253,757.1485983609822,590.1050753891209,549.0081966601227,522.1158875192365,484.4223363966612,423.94575124654807,393.04579885809744,336.8085509603341,300.74075214376916,296.23301639081353,316.8485442605031,349.4137948049561,381.1889295349486,426.6755207414646,451.52297837430154,457.5259555478793,443.0101578970848,433.240118179284,421.50326214633264,376.52357163928,356.91035288990986,309.58843647655834,9.055385138137416,20.615528128088304,10.44030650891055,10.63014581273465,10.0,7.810249675906654,8.246211251235321,4.47213595499958,5.385164807134504,11.180339887498947,8.06225774829855,332.79423071922383,326.08741159388535,344.81879299133334,357.50524471677335,358.4243295313531,321.22422075553396,302.1671722738921,293.1433096626972,260.0480724789169,264.8490135907627,261.6734606336684,244.9346851713738,245.78242410717655,305.1048999934285,318.34729463276426,308.41530441921975,319.61539387207245,297.43570733857763,296.62434155004877,286.01573383294846,289.10897599348243,288.4874347350331,271.5879231482873,271.4719138327205,266.925083122587,258.5188581129044,7.810249675906654,262.45190035509364,281.5190934910099,283.0635970943632,263.3723599772763,271.53268679847736,267.9589520803513,229.82819670353769,209.61870145576228,196.69773765857096,179.3376703316958,156.7322557739791,148.92279879185725,151.82226450688975,153.26447729333762,184.23083346714796,190.2761151589973,233.5551326774901,240.8318915758459,250.05599372940455,250.68905041904003,251.9841264841895,247.69739602991388,219.80445855350615,217.8921751692795,188.04254837669055,144.9206679531943,0.0,0.0,0.0,0.0,0.0
2025-06-01 18:44:23.926,0,0.0,0.0,0.0,0.0,0.0,0.0,93.47192091746057,48.662100242385755,130.3878828726044,220.7826985975124,323.736003558455,419.3864566244361,495.14139394722395,558.5015666943111,605.2577963149256,648.297771089798,656.0617349000016,652.0651807910003,622.9807380649903,556.9389553622551,494.2408319837607,399.3256816184003,291.1116624252625,181.3945974939717,103.04368005850722,165.5294535724685,290.0068964697219,414.8493702538308,524.4244464172127,628.8060114216466,713.3617595582202,782.084394423006,9.0,837.6783392209685,802.0654586752879,768.0423165425196,693.7528378320337,608.6156422570816,501.3790980884624,377.6612238501591,296.59399859066605,238.04621400055913,313.70368184004474,450.809272309255,605.0132229959937,696.0064654872108,841.0,944.309800859866,982.6260733361394,1023.1813133555556,1033.9888780833187,1057.2629758011958,934.3072299837992,796.9855707602239,699.2066933318073,585.4955166352685,461.1041097192694,452.58037960123727,500.35687264191745,6.324555320336759,11.704699910719626,7.0710678118654755,12.041594578792296,5.830951894845301,8.602325267042627,13.038404810405298,18.24828759089466,7.615773105863909,2.23606797749979,2.8284271247461903,787.0514595628421,641.5177316333509,496.0252009726925,390.0,342.023391012954,406.6497264231221,553.1193361291937,727.9739006310597,857.7324757755182,1027.63077026722,1154.3396380615195,1238.92897294397,1282.1708154532298,1299.46604418892,1266.7963530102224,1221.5670264050189,1100.963668792027,1008.7863995911126,868.3323096603051,734.2431477378594,621.7025012013382,709.3412436902285,750.0106665908158,864.3986348901761,1007.552480022753,1180.46939816329,5.830951894845301,1397.7875375034648,1466.0849225061963,1479.9459449588014,1471.5332140322216,1400.8900742028263,1317.264589974239,1181.5468674580793,1062.421761825312,913.2453120602372,780.8008709011536,694.4127014967396,633.0639778095102,664.9586453306702,732.1591357075318,820.5425034695033,923.9264039954696,1014.3263774545154,1099.1132789662763,1119.0424478097334,1132.4862030064648,1145.079909875289,1092.7625542632763,1035.001932365346,970.7934898834046,863.6602341198766,778.6404818656682,8.06225774829855,13.152946437965904,10.198039027185567,6.708203932499369,0.0,0.0,0.0,128.0,22.02271554554524,5.830951894845301,5.0,974.7271413067352,919.6004567201998,870.5423596815953,776.183612298018,699.9921428130461,598.3477249894078,560.9714787758821,537.3723104142974,535.1794091704202,585.533944361896,642.8016801471508,708.2287765969412,764.5573882973076,815.1920019234732,845.0662695907346,868.8613238025962,844.839037923793,827.9432347691477,795.1785962914244,747.3740696598993,688.2819189837838,629.4203682754476,591.5953008603094,559.422023163193,565.442304749123,585.0478612899974,15.231546211727816,658.6174914166796,709.126927989623,731.3118349924333,785.3591535087625,776.0238398399885,632.6649982415654,566.5836213658139,559.7946051901537,502.9294185072096,461.7358552246078,402.16538886383546,361.3654659759286,347.6348659153739,325.88648330361906,348.36762191684807,355.9129106958611,381.4249598544909,422.8380304561074,442.9232439147894,453.1942188510352,450.8314540934339,433.09352338727024,423.3320209953412,398.22229972717497,361.04985805287333,300.13496963866106,6.082762530298219,5.656854249492381,18.973665961010276,9.055385138137416,10.198039027185567,6.708203932499369,14.212670403551895,16.15549442140351,6.4031242374328485,8.246211251235321,6.4031242374328485,307.5662530252628,315.29827148273426,321.6286678764814,321.57269784607024,305.48486050866745,316.36213427020624,307.631272792608,292.69267158574365,270.14995835646545,255.3311575190149,270.64737205448716,278.6485241303101,298.8394217635953,317.42085627759246,304.89670381950674,265.15844319953305,283.0989226401259,302.6945655276949,294.4350522611056,279.0931744059679,281.95389694061686,271.4940146669904,274.96181553081146,259.37810239108467,266.48076853686837,276.24083695210595,7.810249675906654,282.0868660537034,288.20999288713085,277.94963572561124,264.42579299304373,244.29490375363952,236.22446951998856,201.89601283829256,182.17573932881405,159.08802594790097,147.6279106402309,125.22779244241272,141.35416513141735,141.4955829699288,156.58863304850706,185.6906028855526,200.89798406156297,218.4902743830947,242.53865671269807,260.0,258.6000773395089,251.17722826721376,240.52026941611388,219.10043359153812,203.06649157357305,169.6732153287607,142.2708684165525,0.0,0.0,0.0,0.0,0.0
2025-06-01 18:44:23.930,0,0.0,0.0,0.0,0.0,0.0,0.0,175.30829986055994,97.29337079164232,59.23681287847955,140.91841611372163,250.05999280172747,337.20172004306266,426.0575078554537,498.525826813416,575.7846819775601,625.8154680095404,666.0825774631851,672.3280449304491,639.0688538803937,608.5992113041225,555.4277630799527,477.84934864452833,387.12917740723185,265.7084868798887,171.41761869772895,129.40247292845683,211.26523613694707,329.56486463213884,456.89823812310766,576.316753183525,684.8686005358984,745.9785519704974,9.219544457292889,838.69243468628,847.9681597795993,809.8919681043886,755.5190268947566,684.0796737222938,600.6704587375676,475.44189971015385,383.51271165373385,278.6323742855449,266.7601919327545,378.549864614954,522.1800455781512,678.5425557767177,810.38571063414,931.3586849329316,984.4109914055206,1047.0955066277384,1021.7715008748288,1034.6178038290277,949.2591848383664,941.2550132668616,760.5103549590893,655.0801477681948,555.0009009001697,472.0773241747585,474.3774868182511,4.47213595499958,6.082762530298219,6.0,12.529964086141668,2.23606797749979,13.0,12.16552506059644,18.027756377319943,7.0,7.0710678118654755,11.04536101718726,817.1199422361444,702.9573244514919,548.9772308575284,425.1176307799995,360.8462276372029,366.0833238485468,497.09657009478553,656.7937271320426,811.1627456928727,964.6854409599016,1112.6800977819275,1210.846398185996,1273.599623115522,1313.1523140900297,1299.8907646413986,1267.1172005777523,1178.5809263686565,1062.2702104455343,924.5458344506236,757.6239172571045,667.9895208758892,744.8274968071466,748.8825007970208,829.5504806821584,984.7258501735396,1150.253015644819,24.413111231467404,1390.4218784239551,1481.3888753463757,1509.079189439706,1513.223380733988,1437.8831663247192,1353.9161717034035,1238.1865772168587,1102.3338877127928,985.5196598749312,855.818321841733,739.2455613664515,686.5398750254788,688.320419572164,756.1124255029804,854.1808941904519,952.1564997415078,1011.7751726544786,1087.016559211496,1133.7940730132611,1140.6020340153702,1086.9668808202025,1098.8803392544612,1052.5445358748484,974.0908581852104,887.3246305608787,807.8421875589316,7.0710678118654755,6.324555320336759,18.439088914585778,3.1622776601683795,0.0,0.0,0.0,128.0,6.4031242374328485,12.806248474865695,10.816653826391969,953.0062958868637,891.8878853308862,828.1575936982043,753.8965446266484,680.0,579.6619704620962,565.0035398119201,562.4411080282094,573.5660380461869,606.0140262403173,659.6218613721046,715.9497189048963,776.7277515320282,796.0565306559579,818.7826329374604,853.6416109820327,827.658141988587,795.7399072561335,749.1341668886822,662.091383420748,653.9373058634902,591.2300736599924,586.3872440631702,534.4249245684562,548.7121285337148,600.0749953130859,16.64331697709324,658.4375444945405,696.1953748769091,704.5580174833013,733.3464392768263,714.7167271024234,571.6861026822324,513.595171316865,507.74009099144416,456.4482446017292,422.3837118071671,375.4810248201632,337.90235275889984,328.34280866192273,327.566787083184,345.4156915949245,384.4008324652797,400.2923931328198,421.6360990237909,415.6164096856619,417.163037672323,410.81382644696856,406.0197039553622,364.5888094826829,333.7663853655727,302.98844862469593,269.2526694389491,13.152946437965904,13.341664064126334,5.0990195135927845,18.439088914585778,6.0,3.605551275463989,26.076809620810597,4.123105625617661,10.44030650891055,13.92838827718412,2.0,278.6844093235214,309.58359129643804,320.42627857277876,295.14911485552517,270.09072549793336,273.3386178350948,266.50703555441083,272.6187814513153,251.54919995897424,258.8609665438187,267.0131082924582,267.31629205867716,257.73047937719747,318.40383163523643,304.77040538739976,292.0,290.2447243275922,284.0176050881353,267.7106647109898,255.8378392654222,258.0697580112788,259.59969183340723,250.353749722268,268.09140232390894,279.9017684831591,271.67075661542964,7.615773105863909,293.4620929523948,307.7174028227848,296.7642161716941,271.02951868754076,259.5862091868518,238.4386713601634,199.96999774966244,182.6307750626931,149.41218156495808,123.1990259701756,125.7179382586272,125.0,150.23315213360866,165.55965692160635,210.2308255228048,207.40781084616847,243.31872102244824,245.58908770545975,250.78476827750129,261.01724080987447,249.81593223811808,238.549785160247,213.45959805077868,180.3607496103296,153.08167754502824,124.2014492669067,0.0,0.0,0.0,0.0,0.0
2025-06-01 18:44:23.933,0,0.0,0.0,0.0,0.0,0.0,0.0,50.15974481593781,138.1774221788784,223.6604569431083,314.00636936215164,392.23079940259663,470.52311314110807,540.2008885590619,582.5160941982633,622.2153967879613,627.2136796977566,628.9578682233016,597.3223585301324,554.9279232476953,482.6727669964404,402.7331622799394,308.3261260418909,202.881738951538,118.06777714516352,155.502411556863,253.7971631047124,379.4153397004396,497.5319085244684,595.4242185198717,700.2356746124836,760.0664444639034,801.5166872872953,4.242640687119285,810.3659667088691,786.3517024843273,718.7663041629038,644.2243398071823,544.273828141681,443.0169296990805,335.00597009605667,269.02973813316623,271.3300573102803,380.1473398565351,544.7366336129782,681.5166909181315,818.3911045459867,887.9239832327991,1012.5102468617292,1089.4259956509206,1037.929670064403,1032.275641483417,975.8401508443892,887.1628937235822,766.7124624003447,643.105745581549,571.8531279970408,474.911570716065,489.74483151943525,586.2124188380864,15.811388300841896,16.401219466856727,10.816653826391969,12.806248474865695,3.1622776601683795,5.0990195135927845,17.0,9.486832980505138,7.0710678118654755,8.246211251235321,7.280109889280518,703.2503110557435,569.3680707591532,441.2221662609439,364.72592449673766,355.87778801155883,460.2781767583599,636.4306717938726,777.0669211850418,938.6682054911628,1074.2425238278363,1175.673849330672,1257.7185694741092,1297.5862206420045,1310.447633444389,1256.430658651722,1201.6792417280078,1095.497147417555,972.3296766015116,837.68311430994,698.4962419369198,609.619553492176,739.0493894185963,785.8002290658867,936.472103161648,1081.2677744203793,1238.5087807520786,6.708203932499369,1441.4444144676547,1508.642104675592,1511.103239358582,1501.3344064531393,1400.603441378037,1311.931781763061,1185.2535593703146,1064.445865227537,930.3762679690406,796.8663626982883,709.0479532443486,682.4727100771137,702.8235909529503,782.8722756618732,861.2810226633349,946.4486251244704,1045.2109834861094,1098.415677236992,1129.7548406623448,1147.5909550009533,1125.8885380000988,1092.1034749509774,1032.128383487248,950.7181496111242,873.7287908727742,784.7885065417306,6.4031242374328485,7.211102550927978,12.0,9.219544457292889,0.0,0.0,0.0,128.0,10.0,5.0,6.324555320336759,950.8064997674344,877.2616485405024,827.0217651307612,760.0480247984334,684.6678026605312,592.5175102897804,564.309312345632,545.7655174156755,545.6051685972192,619.7192912924367,644.8317610043723,692.9076417532137,752.7257136567077,804.4799562450266,803.0504342816832,840.5004461628798,817.8294443219809,812.0745039711566,751.3321502504734,713.2026360018589,680.0624971280213,634.3697659882602,585.718362355151,549.6626237975437,569.0246040374705,585.9778152797254,8.94427190999916,631.5512647442011,691.158447825099,737.5181353702429,722.7205545714056,727.0020632707998,572.8917873385863,543.5301279598032,515.1164916793093,487.1026585844097,445.7858230136979,386.16706229299257,360.5551275463989,330.15148038438355,331.2823569102345,338.58676879051256,350.7278146939589,398.7580720186113,410.7578362003578,409.59125967237145,430.6855001041944,436.05618903989887,398.6477141537375,395.2973564293088,364.72592449673766,325.8849490234245,289.6377047278203,11.704699910719626,8.06225774829855,6.324555320336759,7.615773105863909,7.810249675906654,12.649110640673518,4.47213595499958,13.038404810405298,17.08800749063506,12.36931687685298,4.242640687119285,300.18827425467504,292.6790050550261,298.187860249206,305.16389039334257,307.3271872125862,286.11186623417075,274.0602123621742,257.3868683519033,270.4144966528237,275.1526848860465,239.38462774372127,279.7373768376332,286.7699426369507,315.06348566598444,318.39912060180063,307.05862632402955,311.77716401301745,277.71388153997634,300.00666659259423,282.3473038652928,275.54491466909707,254.4366325826531,241.83465425782137,242.16110340019517,254.7508586835381,258.5207922005501,7.211102550927978,276.27884464793897,298.46440323763903,294.06461874900896,294.0153057240388,292.93343953874574,263.1216448717209,238.40302011509837,222.26560687609768,198.25236442474025,167.6305461424021,131.70041761513136,127.01181047445942,117.23907198540935,128.63125592172378,145.3994497926316,180.49930747789588,199.25109786397664,223.026904206645,231.40008643040736,239.92082027202224,257.2353008434107,256.7430622236948,230.70543990118657,220.5130381632796,196.4001018329675,156.46085772486356,0.0,0.0,0.0,0.0,0.0
2025-06-01 18:44:23.947,0,0.0,0.0,0.0,0.0,0.0,0.0,159.89058759038946,86.97700845625813,54.08326913195984,139.2300254973761,225.45953073667124,314.2292157008956,401.69640277204377,470.64742642449454,542.1632595445767,597.3550033271672,621.4893402142952,641.5426720024163,640.8572383924519,602.1901692987025,544.8017988222873,469.4592634084453,385.24018481980823,284.4802277839358,172.46738822165773,112.36102527122117,180.06943105369106,309.8031633150314,444.3703410444941,561.9688603472616,663.398824237728,739.4383003334356,15.0,840.3719414640162,840.7734534343957,822.9763058557639,748.0802096032216,692.9386697248177,583.7439507181209,468.0480744538962,386.0828926538963,285.97377502141694,267.52943763257156,378.3186487605389,529.2721417191726,653.7675427856602,815.7658977917623,905.284485672874,989.0727981296424,1059.4810050208546,1101.872043387979,1038.932144078717,1020.6493031399178,900.1538757345879,777.6920984554234,657.9620049820506,538.4143385906434,468.6032436934255,481.17564360636544,15.231546211727816,10.295630140987,13.038404810405298,3.1622776601683795,3.605551275463989,3.0,15.0,5.830951894845301,10.44030650891055,6.082762530298219,5.0,855.9637842806202,708.5534559932652,567.9198887167098,433.1951061588762,357.33037934102384,394.2245552981194,523.0726526975005,679.1538853603063,869.9545965163929,1010.3088636649684,1140.4056295897526,1251.1934302896575,1299.1643468014354,1344.5463919106696,1325.2007395108108,1286.6157157442155,1189.3737848128317,1055.8049062208415,923.4338092142824,779.9775637798821,655.8239092927308,717.6970112798297,734.0742469260177,845.5986045400027,1012.7437978087054,1151.3140318783576,40.311288741492746,1415.0031802084404,1482.304287250091,1498.642051992403,1504.625534809243,1412.1320759758985,1340.6341782902598,1207.655994064535,1068.075371872229,958.8498318297814,810.355477552907,716.0293290082467,657.9513659838393,663.4945365261119,736.5168022523316,829.0723731979012,906.8847776867798,1005.5814238538816,1050.7235602193375,1104.2354821323213,1111.0288025069376,1124.260201198993,1053.56157864645,1002.2474744293448,938.4412608149752,838.2887330747086,767.1799006751936,8.06225774829855,14.7648230602334,14.317821063276352,16.1245154965971,0.0,0.0,0.0,128.0,8.54400374531753,10.44030650891055,9.848857801796104,895.0452502527456,874.9245681771657,802.4487522577376,741.5348946610671,657.6146287910573,559.6445300367011,542.0452010672172,522.3150390329575,508.8123426175902,561.0222811974584,616.1980201201559,673.0007429416404,713.319703919638,744.8087002714187,777.9389436196134,792.9596458836982,782.3816204385172,751.8643494673756,706.185528030701,678.1460019789249,625.1399843235114,586.7282164682384,556.569851860483,562.2570586484442,569.2776124177026,577.353444607374,16.492422502470642,654.2858702432752,683.6519582360603,700.446286306095,695.041005984539,696.0718353733328,537.3202024863759,497.80016070708535,474.6472374300729,444.04166471177,410.58129523883576,381.7761124009725,365.2341714571625,350.03142716047654,368.1765880661072,382.3506244273703,416.30998066344745,433.6000461254588,461.0618179810599,442.9954853043087,445.3246007127834,423.4170520893083,400.7804885470349,379.7288506289718,334.20053859920694,294.8643756034289,264.48629454094595,10.198039027185567,9.219544457292889,7.0710678118654755,12.206555615733702,4.47213595499958,5.0990195135927845,10.198039027185567,5.0990195135927845,5.656854249492381,11.180339887498947,11.180339887498947,298.46440323763903,302.768888758406,280.9590717524529,267.5256997000475,261.3235542388018,232.1055794245369,220.43593173527768,217.23029254687293,202.6079958935481,239.08366736354031,266.5107877741537,272.61144510089815,287.89234098878006,299.60307074527793,326.2177187094533,317.1277345171816,284.2534080710379,256.82678987987214,261.658173959844,242.1239352067449,235.93431289238112,213.3775995740884,204.80478510034868,223.27113561766103,244.20483205702544,253.06125740618617,1.4142135623730951,269.56446353330773,287.8906042232014,274.0894014733149,269.2953768633988,260.0480724789169,226.58552469211267,200.8706051168264,173.3666634621547,140.06427096158393,128.41339493993607,111.32834320154056,109.04127658827184,123.2233744059949,148.56984889270095,181.59570479501983,193.1035991378721,219.02054698132775,228.0350850198276,232.69078194032525,228.60008748904713,222.0495440211486,204.12006270820123,198.33809518093088,163.24827717314508,125.92855117089212,97.65244492586962,0.0,0.0,0.0,0.0,0.0
2025-06-01 18:44:23.950,0,0.0,0.0,0.0,0.0,0.0,0.0,49.24428900898052,100.24470060806208,205.2729889683492,295.78708558691335,380.3682426281143,458.4157501657202,533.3385416412356,561.2717701791174,605.2710136789965,611.3607772829396,626.3609183210588,603.8890626596908,564.4909210961679,498.0813186619229,421.21372247352053,311.52046481732145,204.37710243566912,119.57006314291216,130.87398519186308,262.0534296665472,383.5413928117798,492.41141335269634,604.3252435568119,696.5235100124044,776.2171088039737,822.1027916264486,3.0,834.4698916078398,774.2376896018432,726.8349193592724,640.4451576833102,546.3451290164487,422.0047393098803,309.4721312170128,251.62273347215668,256.6028059082753,364.80405699498465,543.636827302934,643.192039751737,793.7001952878682,883.0838012329294,968.5876315543164,1038.2316697153867,1076.9809654771063,986.9371813849148,981.3144246366708,910.6179220726988,771.3066834923707,643.8982838927279,521.5994631899079,456.1162132614889,482.21571936219584,560.4721224110973,10.816653826391969,5.0,2.0,6.082762530298219,12.206555615733702,12.206555615733702,16.401219466856727,5.0990195135927845,4.123105625617661,8.246211251235321,6.708203932499369,688.0770305714325,565.0238933000975,432.90299144265566,340.73156589902266,357.9511139806664,440.8219595256117,628.339080433487,758.2380892569299,929.7123210972306,1040.3696458470902,1154.913849600913,1237.3908032630598,1278.9472233051683,1288.006211165148,1259.3907257082687,1167.8103441912133,1073.3708585572836,946.025898165584,817.3279635495167,666.8208155119335,600.204131941792,716.4670264569054,770.1460900374682,918.0021786466524,1069.961214250311,1221.6005893908205,18.027756377319943,1440.654365210476,1461.8515656522725,1487.0336243676536,1449.3698630784345,1395.134760515987,1281.8751889322143,1142.2596027173508,1006.4695723170174,890.6879363727792,751.1224933391358,694.6610684355356,666.2019213421709,702.0156693407919,766.6452895570415,864.944506890471,969.1986380510448,1011.9807310418514,1095.497147417555,1130.0522111831824,1125.638041290361,1067.4005808505071,1043.6498454941675,993.4510556640424,918.6669690372024,821.7177130864345,769.920125727338,15.132745950421556,7.0710678118654755,14.317821063276352,13.0,0.0,0.0,0.0,128.0,4.123105625617661,19.4164878389476,6.324555320336759,915.3562148147572,857.1067611447246,796.6241271766754,725.7382448238483,657.5629247456094,562.3842103046635,551.9248137201298,520.3892773683947,501.8386194784136,522.8049349422785,573.8823921327435,635.107864854467,675.8527946232078,709.8013806692686,727.3238618387272,748.2947280316761,751.9175486713953,726.7310369043007,702.1979777811953,634.1135544995076,632.1526714330961,597.6562557189542,548.3438702128437,537.2383083883725,551.6783483153929,572.5425748361426,13.45362404707371,609.1075438705385,638.9898277750593,672.420255495029,662.7616464461413,678.2049837622841,518.201698183246,481.3117492852216,480.8846015417837,436.4916952245483,391.89411835341446,358.5875067539303,334.2528982671654,342.0058479032193,337.85351855500926,343.0349836386954,388.711975632344,372.5077180408481,410.0597517435721,413.359407779719,409.0110022970042,393.3954753171419,363.6550563377333,356.5571482946317,335.0731263470707,284.8859420891105,253.14027731674784,9.0,8.246211251235321,10.816653826391969,0.0,5.830951894845301,1.4142135623730951,12.806248474865695,6.324555320336759,7.280109889280518,2.8284271247461903,8.94427190999916,269.5793018760899,280.6153951585693,276.04528613979267,268.32815729997475,263.9412813487121,253.9310930154084,251.34040662018512,240.634577731464,226.06193841511663,235.32105728132365,249.28898892650673,273.09522148876937,254.33245958783948,281.3289889080043,307.14817271147814,248.31028975860025,255.66579747787932,271.8124353299532,260.30943125442076,234.30749027719963,228.32433072276817,211.94574777522664,218.4902743830947,203.85534086699815,205.29247428973133,235.26155657055403,10.770329614269007,255.45449692655637,273.12268305653413,282.57388414359883,269.89812893015767,259.8037721050255,245.20399670478457,214.67184258770408,206.0024271701671,179.62182495454164,125.25573839150046,111.8257573191436,109.4440496326776,102.5768004960186,116.21101496846155,134.16407864998737,160.312195418814,196.51463049859672,210.85777196963835,223.22410264126944,231.22499864850255,240.3372630284368,235.00212764994276,216.53637107885595,213.71476317746513,185.8520917288799,145.49914089093448,0.0,0.0,0.0,0.0,0.0
2025-06-01 18:44:23.953,0,0.0,0.0,0.0,0.0,0.0,0.0,56.61271941887264,113.08846094982458,208.290662296705,282.8992753613908,380.7072366005143,450.2588144611941,520.9856044076458,564.142712440744,612.8074738447631,624.6767163901661,622.6299061240152,603.7101953752314,565.2893064617444,496.32650543770075,419.2004293890931,329.47989316496995,225.03555274667156,128.0,150.98675438593943,253.29824318380105,379.11739606617897,508.4142012178653,601.1031525453847,703.1592991634257,778.1548689046416,805.2254342729121,8.06225774829855,835.8115816378713,780.8674663475231,734.444007396071,647.0625935719048,558.0439050827453,422.6405091800832,319.4010018769509,217.0829334609241,303.608300281794,363.8529922922168,525.5140340656945,666.4833081180653,850.5415921634873,924.762131577629,950.3836067609752,1029.22495111613,1044.1384007879417,1023.1891320767631,936.055553906925,892.5385145751414,786.2124394843928,674.997037030534,530.292372187268,489.50587330490737,466.28103113894736,575.0695610097964,12.529964086141668,6.4031242374328485,9.219544457292889,12.083045973594572,9.055385138137416,24.698178070456937,9.486832980505138,10.0,15.231546211727816,5.830951894845301,10.63014581273465,704.5693720280494,568.6492767954603,439.6111918502531,352.9660040287166,392.8612986793176,467.1637828428056,647.3407139984322,802.7178831943387,948.9415155846012,1064.6699018944792,1189.06055354637,1261.6516951995904,1276.733723217179,1286.1679517077075,1243.945738366429,1176.2674015715984,1084.6312737515916,932.8772695269192,823.4955980453083,673.9888723117022,598.7194668624029,718.6494277462413,775.0774154882853,926.2613022252414,1061.4033163694185,1217.000410846274,12.083045973594572,1420.042604994653,1466.5401460580613,1469.4138287085773,1442.5910716485112,1363.1584647428192,1259.9496021666898,1129.4356998076516,995.8965809761572,863.173794782951,758.3831485469598,684.4749812812737,660.0946901770988,687.4598170075107,765.0993399552766,844.99526625893,953.2177086059615,1011.4949332547346,1063.643737348178,1089.058308815465,1085.6002947678303,1067.1616559828226,1021.2937873109776,968.7853219367024,891.6254819149125,808.3767685924677,735.2720584926371,16.492422502470642,16.401219466856727,10.63014581273465,1.4142135623730951,0.0,0.0,0.0,128.0,12.649110640673518,18.439088914585778,2.8284271247461903,887.1690932398401,833.0006002398798,789.9493654659138,708.9915373260812,636.4730944823983,547.8138369920935,518.7957208767243,512.5699952201651,507.76470928964727,543.2071428101807,583.8878316937253,629.3528422117437,667.2705598181295,714.2954570764117,745.2013150820387,741.062075672477,760.7798630352935,735.3910524340095,700.382752500374,664.4245630619024,630.2031418518952,599.4005338669627,586.3122035230036,545.2971666898701,541.1330705103875,582.8181534578346,5.385164807134504,616.9246307289084,653.7162993225731,671.0119223978065,659.1297292642777,676.4236837958883,541.052677657176,495.9042246240699,472.73777086245184,444.6403040661069,413.5698248180106,380.8372355744643,358.96657225986934,346.09969661934116,363.40198128243605,371.5386924668816,380.115771838002,398.42188694899784,417.00839320090427,423.03664143901295,416.8189055213307,409.25786492137206,385.21682206258856,361.86461556775623,328.95592409926286,302.0761493398643,261.3981637272917,6.082762530298219,10.0,9.055385138137416,15.0,5.385164807134504,4.0,6.708203932499369,8.54400374531753,7.0,3.605551275463989,5.385164807134504,291.3365751154496,294.00680264238787,264.31988196123274,266.5520587052368,271.977940281928,245.08161905781512,238.64827675891564,204.9634113689563,244.07375934335911,222.84748147555987,240.63665556186572,266.7208278331484,284.1214529035075,285.8058781760795,300.048329440442,279.24362123421906,281.51376520518494,260.78343505675355,255.0019607767752,247.7518920210298,231.9051530259731,209.02152999152983,190.59118552545917,210.41150158677164,214.4014925321183,217.07602354935472,3.0,260.2844597743015,268.1678578800972,256.28499761008254,261.27571643763605,243.75602556654883,234.23279018958897,199.90247622278216,179.8054504179448,149.33519344079613,136.1653406708183,110.0,94.64142856064674,83.93449827097318,111.21151019566275,135.41787178950938,153.57408635573907,184.39360075664231,199.44924166313595,214.1051143714227,218.68013169924697,230.79428069170172,235.46761985462035,206.24257562394823,201.357890334598,167.73789077009403,139.77839604173457,0.0,0.0,0.0,0.0,0.0
2025-06-01 18:44:23.958,0,0.0,0.0,0.0,0.0,0.0,0.0,65.39113089708727,105.11898020814318,212.5323504786977,300.4080558174165,407.49110419738,486.6795660390931,563.3702157551462,612.4744892646551,653.3146255824984,667.6503575974479,668.0815818446127,643.4974747425199,601.921091173918,524.0400748034448,431.6897033750053,338.651738516134,223.06277143441037,137.26616480400406,166.0873264279969,280.9216972752372,415.1939305914767,535.859123277751,639.9038990348473,736.6260923969501,824.5144025424904,852.9038632812023,10.770329614269007,859.5463919998734,828.6090754994178,772.922376438928,681.4880776653397,573.846669416143,457.3160832509611,337.7706322343611,284.52943608702424,286.6304240655552,404.0853870161602,590.5294234837075,712.1748380840199,845.6015610203189,944.27803109042,1066.574423094797,1067.6375789564547,1058.4705947734212,1051.1374791148871,1017.1774673084338,889.8640345580891,824.1583585695166,694.54517491665,579.6153897197693,489.9387716847892,491.3461101911768,595.1974462310806,4.0,16.1245154965971,17.46424919657298,10.770329614269007,11.40175425099138,13.601470508735444,10.198039027185567,12.36931687685298,9.219544457292889,17.26267650163207,2.8284271247461903,693.0007215003459,543.0745805135792,440.7777217600726,340.8518739863403,356.0505582076793,467.3596045873028,644.8294348120285,807.0055761889133,961.6179074871682,1080.8681695748098,1192.9899412819875,1259.2005400252972,1299.2924997859411,1295.2964911555964,1250.2979644868658,1184.9088572544304,1077.610783168023,952.14494694873,794.9974842727491,657.7788382123584,577.3638367615346,691.9378584815258,762.2998097861497,915.6664239776404,1074.2253022527443,1223.432057778445,10.816653826391969,1445.8841585687285,1484.0788388761562,1483.2565523199282,1462.1508130148543,1383.2935335640082,1290.262376418068,1135.838897027215,1004.9726364434008,868.0812173984644,746.8500518845801,672.3362254110662,645.8026014193501,677.8679812470862,763.3564043092846,843.7067025927909,945.6479260274408,999.684950371866,1060.6153874048782,1079.1783911847012,1088.7667335109022,1045.4979674776991,1016.3626321348104,959.7942487846028,869.4440752572876,792.0561848757953,741.1990286016301,7.280109889280518,11.31370849898476,17.88854381999832,13.41640786499874,0.0,0.0,0.0,128.0,5.656854249492381,12.727922061357855,3.605551275463989,859.7964875480709,805.1099303821808,757.4120410978426,689.6151100432762,622.7591829913068,540.296215052447,527.3755777432247,512.2001561889649,496.58836071740546,552.0588736720025,588.2533467818097,636.0416653018889,673.1894235651656,710.5518981749327,729.4141484780782,739.9331050845069,732.8471873453565,702.0783432067963,676.7761816139808,627.251943002172,597.2821778690537,568.9868188279936,566.1978452802518,553.2639514734356,551.9202840990716,570.4454399852802,11.0,613.6880314948304,650.0038461424671,652.4208764287054,661.1542936410532,638.0446692826451,505.4750241109841,464.9989247299396,441.3671940686122,411.58838661944776,387.40805360756247,364.00137362378183,333.7663853655727,337.8905148121208,353.20815392626486,358.27363843855437,378.1137395017536,397.7587208346286,431.6028266821245,424.6998940428406,421.6028937282096,395.03544144797945,380.27621540138426,368.229547972457,309.4769781421552,284.8806767753826,243.90571949013415,4.0,7.810249675906654,13.601470508735444,20.248456731316587,8.94427190999916,16.1245154965971,6.082762530298219,0.0,10.44030650891055,9.486832980505138,15.620499351813308,310.4657791126101,310.22733599732953,305.2752856030111,308.9352683006587,270.57346507002495,245.60130292814003,228.8864347225497,239.7602969634464,221.3052190979689,272.05881717011124,245.66033460858105,304.2433236736675,309.5561338432821,308.021103173143,342.9577233421052,309.19573088902763,304.6440545948665,311.4883625434504,276.0670208481991,253.14027731674784,235.25518060183072,226.45970944077447,197.82062582046393,215.87033144922904,229.42754847663784,244.8121728999602,3.605551275463989,275.3343422096125,283.5577542582816,284.76305940202286,287.62823227214676,269.0,256.44492586128507,234.78500803926983,212.25691979297164,178.80715869338118,151.16216457830973,106.66770832824712,94.5304183847718,98.79271228182776,103.24727599312246,129.65338406690356,163.67040050051813,186.78329689776868,198.7259419401503,226.00221237855172,242.72000329597887,245.20399670478457,240.40798655618744,245.3670719554684,221.3820227570432,197.3448757885545,161.69724796668618,0.0,0.0,0.0,0.0,0.0
2025-06-01 18:44:23.960,0,0.0,0.0,0.0,0.0,0.0,0.0,80.15609770940699,130.034610777285,241.59884105682295,333.91765451979325,417.5943007273926,494.53513525330027,562.2677298227243,605.8663218895732,635.0259837203514,633.6071337982236,662.2929865248461,622.3519904362804,568.792580823625,491.4488783179793,422.120835780467,320.78185734233784,219.49259668608417,138.05795884337854,197.7169694285243,287.8975512226528,423.81245852381454,548.2089017883602,641.4639506628569,735.3706548401289,796.553827434154,844.9615375861791,8.06225774829855,848.6135751919127,798.744640044614,751.1757450823343,645.5083268246816,540.4377855035675,435.6604182158393,331.748398639692,295.6010825419961,326.3372488699382,409.1185647217686,587.2418581811075,729.8945129263543,816.8702467344492,984.0,1052.4609256404724,1087.7945578095157,1091.9180372170797,1016.9955752116132,955.3329262618348,888.4165689585038,759.2338243255499,645.1821448242349,549.6589851899084,494.631175725914,522.9885275988374,621.151350316491,6.708203932499369,13.601470508735444,16.1245154965971,10.816653826391969,9.055385138137416,12.36931687685298,10.0,5.0990195135927845,8.94427190999916,6.082762530298219,14.317821063276352,666.2281891364249,538.924855615326,403.7288694160971,324.0385779502188,383.2127346526991,495.9939515760248,664.6058982585093,823.939924994535,972.0843584792424,1086.2011784195413,1189.2451387329695,1254.9856572885603,1279.615958012403,1268.088719293725,1215.806316812016,1157.943435578785,1056.4847372300271,901.5680784056188,785.4909292919938,650.5420816519097,593.7785782596068,715.3740280440715,785.4909292919938,965.5847968977142,1112.372689344718,1266.142567012104,14.317821063276352,1445.897990869342,1495.6603892595404,1497.860140333536,1419.6027613385372,1362.1589481407814,1258.4689110184645,1117.4300872985298,975.2317673250806,841.5990731934061,726.692507185811,683.5817434659881,657.5416336628426,696.6498403071661,788.0418770598426,861.0836196328438,950.4230636932166,999.975999711993,1053.1334198476468,1079.1200118615168,1062.4170555859878,1046.323085858283,989.9100969279988,918.7257479792324,855.1800979910606,761.3724449965339,699.9407117749331,8.0,8.246211251235321,6.0,8.246211251235321,0.0,0.0,0.0,128.0,10.816653826391969,10.816653826391969,6.082762530298219,839.1692320384489,785.7588688649973,724.016574395918,666.0945878777278,600.0016666643519,525.6015601194501,498.4586241605215,490.1234538358678,521.5841255253077,562.8756523425045,604.134091075814,651.4207549656367,683.066614613831,701.7720427603255,730.8542946442882,719.5588926557714,702.2940979390329,668.6822862914794,659.0569019439823,613.2250810265347,577.4028056738207,545.0146787014089,517.4446830338486,534.6073325348241,561.9145842563619,577.914353516159,7.810249675906654,650.4067957824549,664.2808141140312,684.5735899083458,668.1115176375872,660.7397369615362,497.83531413510633,453.25930768159634,443.7037299820681,385.91449830240896,348.63304490538474,320.0999843798809,294.61330587738223,308.86890422961,332.5552585661517,351.728588545202,381.75384739384094,394.9936708353692,417.94018710815544,432.231419496547,411.5580153514204,411.80699362686886,387.5719288080601,355.6754138255834,315.2919282189127,286.4716390849188,217.79348015953096,8.54400374531753,4.123105625617661,24.698178070456937,14.560219778561036,5.0990195135927845,5.0990195135927845,4.123105625617661,10.770329614269007,10.0,6.708203932499369,4.47213595499958,314.81423093627774,312.6739515853535,313.66542684841755,305.62885989382613,290.38767191463205,266.3005820496831,246.03251817595168,220.2271554554524,234.93190502781863,196.7587355112855,254.2380773999048,284.6137733842127,272.8021260914218,341.5333073069155,345.86268951709724,324.29924452579286,321.7530108639234,305.15897496223175,289.46847842209,271.5879231482873,256.7586415293554,233.00643767930532,215.95601403989656,201.69283576765935,211.4000946073582,216.00462958001617,5.0,262.9372548727167,253.38705570727168,278.4600509947522,282.19496806286253,257.41989045137905,239.3532953606447,232.4069706355642,200.8606482116395,178.4432682955566,140.90067423543437,111.40017953306898,107.0420478129973,85.90692637965812,112.78741064498288,129.84991336154215,151.83214415926557,182.9371476764629,219.1346617949794,227.54340245324627,240.4204650190994,235.44001359157284,222.44325119005072,228.01096464863264,209.8475637218598,172.66151858477326,147.13599151805107,0.0,0.0,0.0,0.0,0.0
2025-06-01 18:44:23.965,0,0.0,0.0,0.0,0.0,0.0,0.0,171.2337583538947,85.61541917201598,76.92203845452875,160.2404443328837,249.64775184247105,348.3905854066668,442.0282796383055,515.9108450110348,569.9561386633186,633.4484983011641,652.0927848090331,663.8689629738689,649.6037253587759,613.6089960227115,549.2950027080167,485.6346363265289,371.43640101637857,271.189970316013,174.0919297382851,131.89768762188365,230.7834482799839,363.40748478808194,484.10329476259506,590.9077762223137,702.0861770466643,769.7330706160416,7.280109889280518,845.3667843013469,863.3846188113383,818.1301852394887,776.1881215272493,682.7547143740569,590.8341560878146,457.1487722831595,365.08903023783114,294.8236761184556,298.0,444.3973447265409,572.8699677937394,728.9951988867965,833.045616998253,945.2978366631334,1066.6630208271026,1061.698638974356,1118.822595410014,1043.4136284331348,984.0330279009949,907.8595706385432,804.7341175817016,658.9423343510417,538.1449618829485,480.9542597794514,518.0588769628409,12.206555615733702,5.385164807134504,3.1622776601683795,18.027756377319943,10.44030650891055,10.63014581273465,19.209372712298546,5.830951894845301,13.152946437965904,7.211102550927978,4.47213595499958,807.0470866064755,663.202080817001,521.8783383126761,395.2163964209987,353.45155254999236,392.21040271772495,554.8378141403125,745.9597844388128,871.895635956506,1041.764848706271,1168.3377080279486,1246.106335751488,1294.2557707037663,1298.0188750553668,1255.746789762968,1220.5101392450615,1109.6490436169447,989.3533241466369,853.455329821075,686.644740750266,595.5510053723358,683.8961909529837,749.353054307514,884.9774008414,1044.6382148859002,1198.434395367556,14.0356688476182,1393.5278971014538,1463.1107271836947,1471.7696830686518,1454.901371227617,1367.7956718750063,1275.2568368763996,1134.753277148826,993.2018928697228,851.1574472446329,726.6870027735463,667.0067465925663,622.5889494682667,670.6422295084019,729.7246055876149,834.5561694697368,928.1169107391588,1004.1797647831786,1031.8604556818718,1077.9819107944252,1066.8031683492509,1001.8552789699718,984.769008448174,919.2763458286088,831.5022549578564,758.8445163536467,696.855795699512,7.0710678118654755,8.94427190999916,13.41640786499874,13.892443989449804,0.0,0.0,0.0,128.0,20.024984394500787,6.4031242374328485,8.54400374531753,861.8033418361755,797.2559187613473,732.0689858203256,661.0007564292192,604.3682652158368,525.2903958764142,511.39417282561993,513.4247754053168,544.016543866085,590.3058529271076,648.6000308356453,685.6660994974158,706.2188046207775,728.4641377583388,716.5612325544831,721.2988285031385,684.7086971844304,673.7655378542302,616.5914368526375,550.4125725308244,559.8589107980688,525.8982791377055,546.9369250654046,553.4202742943196,573.2887579571048,620.4401663335474,7.615773105863909,673.0364031759352,706.6378138763874,711.118836763589,707.7584333655093,662.514150792268,508.90568870862506,439.16397848639633,397.6191645280695,335.8764653857129,318.6361561405108,289.46847842209,293.53705047233814,321.1790777743781,361.1204785109812,406.1625290447163,446.4101253331963,478.43285840335005,489.800979990853,494.7403359339119,462.5018918880224,431.4533578499535,416.293165929973,356.5305036038291,314.5425249469458,252.46187831036983,183.48024416813925,7.615773105863909,4.242640687119285,17.204650534085253,16.1245154965971,7.211102550927978,17.26267650163207,1.4142135623730951,14.7648230602334,5.0,13.601470508735444,17.26267650163207,356.7239829335841,321.1681802420657,320.42627857277876,279.5460606054036,246.05893602956183,222.6791413671249,220.86421167767313,211.62466774929615,175.03428235634297,200.17991907281808,205.526154053444,260.72207424765554,273.2489707208428,313.0814590485997,342.06724485106724,344.1409594918919,325.4980798714487,306.79146011582526,275.04545078950133,242.42112119202815,233.07080469247967,210.76052761368769,208.1465829649865,206.81634364817495,201.71762441591463,231.5210573576408,6.082762530298219,263.0532265531065,267.4023186137323,277.1894658893083,255.440795488896,255.34486483969087,234.8829495727606,197.80040444852483,173.02600960549256,153.05554547287727,139.5313584826006,120.37026210821342,124.10076550932313,133.76471881628578,138.94603268895446,158.68522300453813,180.27756377319943,206.0388312915796,209.267771049438,219.4766502386985,216.3631207022121,199.90497742677644,184.8053029542172,173.11845655504212,148.12494725737457,128.68954891520912,90.13878188659972,0.0,0.0,0.0,0.0,0.0
2025-06-01 18:44:23.967,0,0.0,0.0,0.0,0.0,0.0,0.0,91.41115905621152,68.73136110975832,147.41099009232656,248.42906432219235,326.7919827657955,426.7551991481768,506.01383380299,562.0320275571491,595.1016719855523,633.4895421394106,636.3175307973213,630.2079022037093,598.1580058813892,544.5897538514657,487.2217154438008,356.3495474951526,270.29613389761977,160.52725625263767,135.32922818075923,198.82907232092597,329.1519405988669,454.3676925134532,560.1089179793515,652.0276067775045,740.227667680694,799.0306627407987,14.317821063276352,833.9430436186874,804.6819247379675,765.4443154142566,686.0269673999703,602.1868480795641,496.1179295288571,353.7258825701054,276.05253123273474,242.33241632105268,323.3604799600594,469.43796182243295,621.1730837697332,782.9438038582335,869.5987580487912,972.6962526914556,1044.655445589597,1058.2272912753667,1073.566486064091,1004.6755695248094,903.2264389398708,817.3279635495167,700.5483566464202,586.0827586612662,498.2057807773811,468.81232918941026,556.0035971106662,12.0,8.06225774829855,8.94427190999916,9.899494936611664,1.4142135623730951,3.605551275463989,6.4031242374328485,11.04536101718726,8.602325267042627,11.180339887498947,5.385164807134504,702.7382158385866,561.4133949239188,417.3104360065778,328.95592409926286,332.9459415580854,439.3449669678714,594.2120833507174,759.0059288305988,907.9647570252934,1021.4068728963988,1128.6708997754838,1210.4614822455112,1246.3266024602058,1249.5263102472072,1207.7855769961818,1137.5135164032115,1031.6651588572718,898.5460477905403,778.2878644820308,642.2522868779838,555.0225220655465,676.3054043847351,751.9421520303274,888.6990491724406,1047.7523562369115,1188.1077392223317,8.48528137423857,1406.546479857669,1438.5454459279345,1438.6802980509603,1389.2112870258434,1328.0184486670355,1196.3160117627783,1056.7241835029613,918.4552248204592,791.9608576186073,692.5272557813158,639.4137940332536,635.5855567899573,689.7572036593746,768.6514164431104,836.6229736267107,931.0005370567732,977.3684054643878,1041.9083452972243,1033.2473082471593,1023.269270524626,982.1145554363808,934.418000682778,859.269457155321,792.578702716645,699.1830947613079,641.3049196755004,14.317821063276352,6.708203932499369,5.385164807134504,4.0,0.0,0.0,0.0,128.0,3.1622776601683795,2.23606797749979,8.54400374531753,809.2131981128335,750.8455233934608,681.8988194739744,610.3277807866851,540.3156484870673,479.4517702543187,489.96734585072096,491.35119822790705,525.76135270672,581.6270282578002,627.6878204967817,681.3816845205042,708.2548976180822,730.9418581528903,722.0976388273265,716.2017872080465,689.0667601909121,638.3760647142091,584.5656507185485,538.0046468200809,493.0436086189537,484.38104834933415,479.27027865287033,503.5126612112152,528.4013626023309,571.1812321846718,5.656854249492381,660.2491953800474,690.0181157042183,704.0113635446519,689.3010953132165,661.1905927945436,512.3280199247354,435.9655949728144,401.15458367068425,352.239975017033,289.06227702694105,272.2535582871232,235.05318547086316,259.61702563583924,293.9557789872484,345.09274115808347,371.51715976519847,431.7406628984581,456.97374103989824,477.5143976886979,458.0523987493134,421.4558102577303,419.6867879740795,383.0013054808038,332.02409551115414,284.26044395940846,215.7266789249767,4.123105625617661,10.63014581273465,9.848857801796104,12.041594578792296,4.242640687119285,10.63014581273465,7.810249675906654,15.231546211727816,18.027756377319943,10.770329614269007,5.0990195135927845,361.9972375585206,349.11602655850675,332.52518701596125,315.0063491423625,315.27289766169247,269.67016891009655,257.41989045137905,243.82370680473215,208.62646045025065,202.63267258761604,198.47921805569467,231.6570741419307,279.4154612758571,295.33201655086435,297.40544715926103,295.95438837766875,281.60255680657446,282.7330896800019,279.93213463266414,264.51843035977663,242.87033577610913,224.18965185752887,211.15160430363773,213.8246945514011,220.8438362282271,226.77080940897133,3.1622776601683795,245.08161905781512,248.46730167166865,239.57671005337727,248.91765706755317,237.5226305007588,221.2690669750293,188.32153355365392,168.23792675850473,138.2931668593933,118.03812943282352,89.1403387922662,93.26306878931231,106.04244433244644,132.9812016790343,146.76852523616907,168.5852899869974,190.85072700935672,197.72961336127676,212.7204738618265,204.47982785595255,206.1892334725555,195.88772294352705,184.2199772011711,147.41099009232656,137.87313008704777,110.98198051936178,0.0,0.0,0.0,0.0,0.0
2025-06-01 18:44:23.969,0,0.0,0.0,0.0,0.0,0.0,0.0,102.61578825892242,60.207972893961475,149.01342221424215,245.96747752497689,336.88573730569243,416.0,490.2019991799299,560.4828275692307,604.8809800283027,640.7386362628681,638.6900656813131,630.0388876886886,606.803098212262,547.4385810298722,468.8549882426335,372.9785516621566,277.72108310317384,160.25292509030842,127.80062597655773,203.8430768998545,321.21799451462863,457.9574216016157,552.5685477838927,658.1549969422097,749.5772141680935,800.5954034342191,10.816653826391969,825.7227137483866,822.1727312432589,769.3900181312466,682.4954212300622,590.5294234837075,484.38104834933415,380.7059232531062,281.30055101261354,246.59480935331953,314.94126436527813,471.1539026687564,593.1239330865009,771.4175263759568,885.9463866397334,960.6674762892724,1061.8182518679928,1035.6466578906147,1013.0276402941828,992.420273875942,931.6415619754198,811.2465716414462,692.3034016961061,559.8928468912601,494.98686851269093,455.0362622912596,539.6183836749819,9.219544457292889,7.211102550927978,4.0,9.055385138137416,9.486832980505138,13.92838827718412,8.54400374531753,9.0,10.44030650891055,11.180339887498947,3.0,716.9449072278845,573.1055749161754,432.601433192263,342.4207937611266,337.6536687198882,433.0011547328713,580.2973375779006,756.4634822646761,902.2931896008082,1039.624932367438,1126.5132045386774,1219.888519496761,1246.815142673524,1237.1034718244064,1204.599518512273,1133.871244895116,1039.1847766398428,897.6441388434506,771.949480212274,646.9652231766403,557.6602908581532,675.3495391277024,763.9528781279641,891.5766932799444,1052.8409186577048,1208.5516124684125,16.97056274847714,1409.5534753956658,1456.2177035045274,1443.9158562741804,1390.0866879443167,1301.4607178090316,1224.2324125753246,1048.9041900955492,933.0262590088234,801.8360181483494,688.2274333387184,649.019260114829,646.8400111310369,693.0028859968767,758.1305956100176,872.0693779740234,930.7083324006506,985.8295998802228,1026.875844491436,1045.8393758125576,1040.012019161317,998.6490875177326,938.7358520904588,879.0091012043049,768.2740396499155,706.3441087741867,646.0959681038104,17.08800749063506,10.44030650891055,12.041594578792296,6.082762530298219,0.0,0.0,0.0,128.0,6.0,14.142135623730953,5.0,816.4141106080908,756.6855357412351,683.0944297825887,603.7549171642414,554.3753241261736,477.6316572422728,480.1385216789005,509.4330181682377,519.507459041735,576.9176717695516,628.0613027404252,692.377064900333,709.2037788957416,733.7881165568165,756.5084269193569,712.8001122334367,687.6743415309313,631.3731068076942,589.207094322531,535.680875148628,504.0991965873383,480.6506007486103,478.5530273647843,486.5223530322117,534.5353122105217,600.1708090202321,16.15549442140351,681.6223294464464,711.471714125024,699.0400560769032,707.8170667623098,674.106816461605,497.1850762040228,437.12355232817185,408.3748278236551,354.31765409022455,300.3065100859454,275.27440854536405,253.4758371127315,273.6512378923216,314.3055837874981,343.11076928595526,400.64947273146385,429.2004193846972,459.6542178638199,448.8440709199577,469.02558565604926,441.1915683691156,407.31560245097415,384.8843982288708,320.4777683397087,268.6801071906888,221.19900542271884,6.4031242374328485,5.0,12.529964086141668,15.811388300841896,11.0,11.04536101718726,11.180339887498947,9.219544457292889,7.615773105863909,16.1245154965971,5.0,373.1286641361127,340.5201902971394,340.15584663503876,328.25752085824325,291.9075196016711,265.41476974727686,245.5442933566162,198.79889335708083,221.61678636782008,195.5019181491578,224.90220096744272,239.14012628582432,286.69321582486043,288.00694436072195,306.88271375233893,298.31694554617576,280.4514218184675,291.247317584214,291.29366625452053,277.5463925184401,253.23704310388715,232.39836488237177,214.2545215392198,214.24518664371436,213.3565091577944,212.32286735064596,13.601470508735444,241.5491668377269,254.23021063595095,252.9584946191766,241.84705910967784,240.5036382261191,215.5945268321995,182.8578683021324,168.0773631397161,140.21768789992225,114.86513831445988,96.64884893261792,96.1873172512884,96.20810776644556,131.03434664239754,145.13442045221387,167.29913329123974,192.09372712298543,195.35864454894235,201.5266731725605,205.8275977608445,196.84003657792792,196.4993638666548,180.71247881648904,150.60212481900777,131.24404748406687,106.06601717798212,0.0,0.0,0.0,0.0,0.0
2025-06-01 18:44:23.974,0,0.0,0.0,0.0,0.0,0.0,0.0,189.65231345807516,95.33624704172072,63.071388124885914,146.53668482670133,245.93698379869588,347.30102216952946,432.4280286937932,513.3156923375711,588.2490968968843,626.8093809125705,657.2800012171373,670.4028639556964,647.1491327352607,612.1805289291714,558.7351787743456,470.5146118878775,377.9431174131895,252.21022976873877,140.03570973148243,121.26417442921878,216.41164478835236,377.4506590271105,476.366455578056,606.6176720142597,690.3745360309866,776.7264640785712,9.219544457292889,838.6894538504702,853.3024082938006,835.8767851782941,761.8608796886739,672.6856621037794,572.728556997117,461.48564441377806,342.0014619851792,252.1269521491108,263.0361191927831,381.6870445797185,556.7045895266178,686.3388376013702,782.6116533760535,894.571405758087,1034.4873126336545,1086.1938132764335,1072.7460090813668,1024.4705949904078,1025.0307312466296,890.8254598966063,766.5722405618403,602.32632351575,508.43386983952985,461.91341179922455,491.62994213127416,11.40175425099138,2.23606797749979,7.0,13.892443989449804,12.649110640673518,8.06225774829855,12.529964086141668,8.94427190999916,14.560219778561036,19.235384061671343,14.422205101855956,780.5158550599725,635.3872834736308,484.414079068724,363.8529922922168,320.0531205909419,384.24080990961903,534.3444581915302,702.125344934934,865.4045296853951,994.3279137186082,1127.4630814354855,1220.5101392450615,1267.3551199249562,1273.138248581041,1249.7187683635066,1174.1090238985475,1080.5998334258618,947.94198134696,810.4443225786704,662.5594312965442,572.2237324683415,653.0122510336234,717.6384883769822,852.1326187865361,1007.8740000615156,1180.6650668161567,7.615773105863909,1401.033903943798,1453.9277836261333,1458.9876627305662,1430.8661712403434,1347.7455249415596,1242.7650622704195,1096.6895640973337,953.189383071381,831.0728006618915,691.5374176427476,625.1599795252412,602.9610269329188,673.7514378463321,768.6572708301145,834.5178248545683,932.0568652179973,989.0702705066004,1053.983396453663,1068.6126519932282,1064.906568671637,1005.314378689572,944.9915343536152,876.1923304845803,785.399898141068,694.7258452080216,639.8155984344239,11.704699910719626,20.615528128088304,18.439088914585778,4.242640687119285,0.0,0.0,0.0,128.0,14.142135623730953,11.180339887498947,7.0710678118654755,876.7331406990385,800.5697970820534,698.7131027825369,607.3359860900719,527.2665360138077,461.0618179810599,473.57048049894325,486.59634195090285,537.7824839096194,598.5465729581952,667.5065542749375,725.1406760070765,765.3417537283589,796.6090634683992,779.4010520906422,764.7287100665177,740.3681516651023,690.0159418448243,611.72869803533,543.4059256209855,500.7284693324317,480.8846015417837,474.7736302702584,484.51728555336393,524.8285434310905,588.1538914263851,16.76305461424021,682.3232371830817,732.0116119297562,735.5168250964759,712.9691437923524,700.4034551599528,528.6908359334404,472.6711330301439,413.05205483086513,365.5475345286848,299.02006621629926,255.28219679405768,226.503863101714,263.16724720223067,303.35622624235026,342.3010371003862,383.1461862005154,423.0425510513097,475.5428477014453,470.4944207958262,473.3592715897725,443.4974633523849,414.67215966351057,376.87663764154973,323.40841052761755,272.31048455760936,227.547797176769,13.41640786499874,10.04987562112089,7.280109889280518,9.0,4.47213595499958,5.0990195135927845,8.06225774829855,13.45362404707371,7.211102550927978,17.204650534085253,5.0990195135927845,335.0761107569443,342.49233568066893,337.25064862799,329.13371143047624,286.2254356272342,266.925083122587,225.5681715136247,220.95248357961492,218.92921230388603,200.9601950635996,190.4205871222962,231.48650068632512,259.47061490658245,282.29417280560364,281.298773548695,294.17001886664116,289.5185658986311,276.3783638420345,278.38462601228537,256.4566240127168,256.33766793040775,248.39484696748443,219.9659064491586,237.4131420119788,232.66499521844707,238.76766950322232,6.082762530298219,240.52026941611388,248.65236777477105,242.53865671269807,220.111335464578,203.4354934616868,191.3243319601561,165.14841809717706,144.53373308677806,120.61923561356208,115.55085460523432,105.1094667477673,112.08925015361643,119.81652640600127,144.10065926289164,166.76930173146374,173.216627377397,203.08865059377396,190.24457942343588,203.2141727340886,194.65096968677037,190.1578291840754,185.16209115258988,151.72672803431834,127.12198865656563,103.24727599312246,76.94153624668537,0.0,0.0,0.0,0.0,0.0
2025-06-01 18:44:23.977,0,0.0,0.0,0.0,0.0,0.0,0.0,74.62573282722254,144.5060552364502,233.57439928211312,328.93768406797057,408.0306361046925,486.3599490089619,541.6761024819168,593.010117957527,616.000811687777,626.5732199831078,610.6234518915892,591.0008460230831,529.7480533234643,448.78614060596834,375.3411781299782,268.92378102354576,172.62966141425406,100.26464980241042,151.6047492659778,279.1648258645777,390.2166065148945,509.3721625687843,618.5806333858181,701.8204898690262,762.5011475401201,795.9195939289345,9.219544457292889,800.5460636340672,755.3866559583906,684.7627326307996,600.3707188063055,494.83734701414767,397.0503746377782,297.0420845604205,240.75298544358697,261.6333312099206,354.8577179659476,536.4708752579212,647.7846864506755,811.5374298207076,902.1596311074886,1007.3857255292036,989.9782825900778,1011.9614617167988,956.828615792818,892.6242210471324,834.4824743516187,723.7154136813724,620.0169352525784,510.7102896946565,469.6913880411264,512.3719352189383,593.0278239678134,1.0,14.317821063276352,2.0,4.123105625617661,19.849433241279208,9.848857801796104,1.0,8.0,12.041594578792296,11.40175425099138,5.385164807134504,607.2841180205522,459.0697114818184,338.4981536138713,291.08418026406036,372.3613836046912,491.1873369703254,632.0838551964447,808.6463998559568,923.7250673225232,1053.612832116238,1136.040932361154,1195.6609051064604,1212.435977691193,1209.4461542375502,1159.0729053860246,1076.7209480640747,948.2995307391014,821.9422120806304,696.8909527322047,559.7588766602992,506.39609003229873,663.337772179453,738.6778729595195,909.1017544807622,1069.6845329348275,1221.9840424490003,17.26267650163207,1410.1411276889985,1446.034577733188,1415.5818591660463,1372.5567383536463,1275.0,1155.2488909321662,1018.2828683622248,869.8712548417725,751.3487871820917,646.4711903867023,589.1230771239572,590.0932129757128,674.1253592619106,768.0397125149194,847.4337732236071,930.9806657498318,976.9877174253522,1018.3108562713056,1028.5621031323292,1005.6903101849992,972.4607961249646,921.738574651186,826.6389780309177,758.6178220948939,670.6608680995187,602.7951559194881,4.123105625617661,9.219544457292889,1.4142135623730951,8.06225774829855,0.0,0.0,0.0,128.0,18.601075237738275,2.8284271247461903,2.8284271247461903,831.7697998845595,767.0475865290236,671.1437997925631,603.212234623934,509.4330181682377,424.4396305718871,421.00118764678086,428.4215214015281,464.0527987201456,529.7480533234643,614.5087468864865,668.1466904804663,707.2481884034769,736.7849075544368,750.9580547540588,757.3031097255576,724.8089403422118,662.8242602681347,630.1341127093501,553.7734193693301,498.19674828324605,457.1706464767833,416.8692840687594,422.95271603336465,450.1777426750461,486.04526538173377,10.295630140987,600.204131941792,650.5328585090841,670.3506545085191,694.5595726789747,666.0960891643186,525.594901040716,497.15691687836346,458.0403912320397,387.54741645378056,329.4510585807853,259.9423012901132,229.53866776645717,227.43130831088317,236.01906702637396,278.53904573685895,297.6995129320839,344.77238868563705,382.0379562294825,411.254179310071,404.6047453997543,403.3906295391602,413.9770525041213,384.1041525419896,341.2286623365628,307.0439707924583,263.0589287593181,10.63014581273465,7.280109889280518,1.4142135623730951,6.082762530298219,3.0,7.0710678118654755,15.811388300841896,14.317821063276352,2.23606797749979,13.152946437965904,16.492422502470642,311.0064308016797,325.1122882943676,329.95908837308906,321.1790777743781,312.6739515853535,296.95117443781896,276.4706132665821,249.61570463414355,264.5770209220748,232.44139046219803,223.9575852700685,250.5454050666266,256.78395588509807,284.6278271708513,281.83150994876354,272.0900586203031,283.87673381240666,285.3646789636026,272.6554602424092,253.40284134160768,259.02316498722655,229.92390045404153,228.9497761518888,216.17816726024856,209.80228788075692,221.43622106602163,5.830951894845301,231.82105167564055,243.82985871299684,233.5658365429328,236.50158561836324,220.91174708466727,205.64532574313475,190.68822721919673,158.3445610054226,138.0,109.17875251164944,109.38464243210744,90.52071586106683,91.3016976841066,108.04628637764463,132.38202294873727,156.5439235486322,162.60381299342276,188.36666371733617,197.47404892795407,198.7083289648423,197.9595918363139,205.06584308460535,180.08053753806934,177.41758650145144,148.22280526288793,122.494897852931,0.0,0.0,0.0,0.0,0.0
2025-06-01 18:44:23.982,0,0.0,0.0,0.0,0.0,0.0,0.0,128.00390619039715,50.15974481593781,66.03029607687671,165.59287424282482,249.16059078433733,348.0057470789814,419.6403221807933,482.26237672039065,552.7096887155136,579.0975738163647,598.2215308729702,608.2269313340211,596.2424003708559,565.5837692154894,501.54660800368293,413.7172947799016,323.736003558455,210.76052761368769,114.1796829562948,89.67719888578144,195.020511741714,334.1047739856466,433.0046189130088,544.6558546458489,650.9961597428974,703.8217103784168,15.524174696260024,785.073244990555,781.8829835723502,767.8678271681918,714.6642568367331,625.706800346616,545.4731890753202,425.6395188419421,338.15528977083886,239.60383970212163,250.3197954617253,375.45838650907774,483.0258792238776,618.6242801571888,786.1717369633686,838.0095464850027,940.850678907126,1005.1109391505,1005.175606548428,979.6836224006196,939.3407262543236,831.6110869871806,730.5812754238915,640.656694337927,522.9321179656113,452.40910689330735,499.9379961555233,15.620499351813308,10.0,10.44030650891055,6.082762530298219,5.385164807134504,18.867962264113206,3.1622776601683795,11.40175425099138,18.0,6.4031242374328485,4.123105625617661,754.0676362237011,616.9246307289084,475.482912416419,361.354396680046,346.2268042771963,386.4194612076364,528.1552801970269,701.7036411477427,850.9112762209701,997.770013580284,1098.6924046337992,1196.6118836113906,1226.234072271685,1253.1384600274623,1223.7847032873062,1153.4890549979225,1050.4475236774088,913.1073321357134,790.910867291631,648.72567391772,567.7261663865776,661.9252223627681,702.1203600523204,850.5398285794734,1004.5695595627014,1154.8406816526683,15.620499351813308,1350.2462738330366,1421.8540712745453,1430.041258146072,1379.1783786008248,1299.2801853334022,1208.9239016579993,1081.3126282440246,923.4987818075344,779.1790551599805,676.201892928436,594.9596624982235,596.000838925584,633.5747785384137,717.4656786216327,822.9763058557639,896.518265290786,970.2231702036393,1006.6027021620796,1015.0044334878544,1013.9472372860434,963.0721675970084,936.389876066588,861.8422129369158,783.7378388211201,702.8833473628465,608.1290981362428,18.439088914585778,11.6619037896906,4.123105625617661,11.180339887498947,0.0,0.0,0.0,128.0,11.704699910719626,3.605551275463989,9.486832980505138,838.873649604039,743.7022253563586,695.6328054368914,613.881095978692,532.2527595043542,451.1507508582913,426.3672126231097,443.7623237725348,495.7620396924315,544.4134458295459,615.1227519771968,657.8001216175016,699.8264070467761,735.3291779876547,736.0414390508187,730.3019923292007,694.5098991375141,640.67230313164,601.4549027150747,540.8225217203884,504.52452864058057,458.5684245562488,430.9767975193096,449.94777474724776,499.991999935999,536.9404063767226,5.830951894845301,653.424823526012,698.9198809591841,691.0463081443963,701.9950142273092,692.1416040088907,533.3751025310424,484.5719760778578,442.87470011279714,395.5363447270048,324.8199501262199,278.6485241303101,254.31083343027288,261.23169792351007,284.17600180170035,350.03571246374275,385.4257386319704,438.80291703679455,444.6684157886638,467.8728459742027,477.1771159642927,437.4402816385341,425.7146931925183,390.05640617736304,344.90723390500233,292.4790590794493,236.54386485385749,10.0,10.0,21.840329667841555,15.0,6.082762530298219,1.0,6.0,15.264337522473747,2.0,3.0,10.198039027185567,348.89110048839024,336.8753478662397,313.8821434870101,309.67240755353066,297.61888380947875,268.03917624108607,262.5737991498771,222.40728405337808,206.08978625831995,220.4835594777987,224.1093483101497,265.58049627184596,271.4590208484515,298.46440323763903,308.09901006007794,283.0476991604065,287.5030434621519,283.3972476930572,259.8557292037257,256.3201123595259,255.440795488896,234.5229199886442,234.6955474652214,213.19005605327845,210.09759636892565,234.44615586526473,8.94427190999916,230.24334952393303,242.90327292978165,240.52026941611388,231.4238535674315,222.46348014898985,190.1841213140571,166.20770138594662,151.6443206981389,124.90796611905904,105.17128885774862,103.46980235798269,103.40696301506972,111.40017953306898,130.06152390311286,145.46477236774544,163.76812876747417,169.17742166140255,185.84133017173548,197.61831898890347,200.35218990567583,186.06719216455113,172.02906731131225,144.40221604947757,134.01492454200763,113.21660655575224,72.12489168102785,0.0,0.0,0.0,0.0,0.0
2025-06-01 18:44:23.985,0,0.0,0.0,0.0,0.0,0.0,0.0,49.64876634922564,141.4390328021229,232.3316594870359,314.03502989316337,400.3860636935307,460.08912180141795,512.1611074652194,552.4608583420187,591.0262261524441,598.0033444722529,591.59445568734,560.5755970428966,503.1947932957971,443.654144576606,357.8295683701949,269.0167281044062,165.67739737212196,90.448880590088,138.15932831336434,245.40578640284747,361.7692634815733,484.19933911561674,581.3260702910201,651.2457293526,721.3875518748573,758.0270443724287,3.1622776601683795,766.8141887054517,734.7822806791138,662.4145227876575,605.0933812230968,495.7459026557859,403.16001785891416,291.62475889402805,233.32380932943812,252.4004754353684,341.287269027135,513.3585491642269,629.0071541723512,748.535236311558,870.1838886120565,969.7360465611248,935.213879281098,982.8417980529724,925.449080176754,911.8113840043892,802.6207074328446,726.350466372811,584.5348578143138,516.4668430790113,459.8804192396106,480.63499664506327,576.6749517709261,14.0,1.4142135623730951,6.0,9.219544457292889,5.830951894845301,8.48528137423857,7.0710678118654755,8.06225774829855,7.810249675906654,4.47213595499958,7.0710678118654755,612.6989472816156,484.69474930104207,396.72786642735343,326.18553002854065,379.8236432872498,479.5518741491894,641.1591066186302,778.4664411520897,929.6800524911782,1048.8898893592216,1111.9757191593708,1188.6938209648438,1211.0198181697936,1222.771442257301,1172.0755095129325,1094.753396888998,949.0442560808216,857.6059701284734,721.6536565416959,599.3479790572418,546.6488818245218,681.1710504711721,776.4566955085132,919.9005381018102,1067.5148710907963,1207.030239886309,9.055385138137416,1383.9515887486816,1463.8647478507023,1412.805719127722,1382.412745890315,1282.6367373500573,1200.843453577526,1020.3626806190042,906.5649452741928,764.2538845174423,681.6604726694954,616.1184950965196,620.4715948373463,687.835009286384,747.7432714508369,862.7125824977865,921.1568813182693,995.45215856916,1001.8223395393018,1037.422286246059,1027.0589077555387,989.7686598392576,931.9662011038812,862.8122623143461,778.7810988975015,698.0558716893655,621.7523622793885,10.0,10.770329614269007,8.48528137423857,12.041594578792296,0.0,0.0,0.0,128.0,13.41640786499874,6.708203932499369,4.47213595499958,823.3456139435007,741.9818057068516,693.0028859968767,609.5481933366713,548.2335268843013,434.1842926684474,434.66308791982783,426.8231483881819,450.6273404932284,529.7480533234643,571.9484242482009,609.0,668.1436971191152,703.0199143694296,704.82905728978,717.1784993988596,684.5728595262889,672.6261963379065,608.5433427456092,572.1022635858034,532.2189399110107,490.2091390416951,457.97161484092,461.1398920067532,489.6386422659061,518.7870468699078,7.810249675906654,611.117828245912,645.3417699173051,669.2092348436324,682.9824302278939,677.2481081553495,529.6036253652348,481.581768757913,456.9682702332844,413.05205483086513,353.97457535817455,313.12936623702353,283.425475213503,267.8245694479877,273.6512378923216,315.3109576275458,331.0347413792093,398.8144932170846,396.6106403010388,429.13517683825455,432.20018509945135,426.6169241837459,418.07774396635847,392.0943763942554,359.3897605664357,302.33259830855155,255.32724100651697,9.219544457292889,11.6619037896906,8.06225774829855,9.219544457292889,5.0990195135927845,4.47213595499958,3.1622776601683795,13.038404810405298,6.324555320336759,2.23606797749979,19.4164878389476,297.90099026354375,300.5212138934621,308.8834731739463,301.01494979485653,295.3303235362058,264.20068130116545,246.1747346906258,227.14092541856036,210.23796041628637,224.03571143904713,210.71782079359116,214.758003343298,242.71176320895532,259.6247291765559,275.3343422096125,266.0,255.38402455909417,276.04528613979267,267.686383665662,252.5173261382276,242.15697388264496,221.054291973714,217.00230413523263,208.06249061279644,202.00247523235947,207.0024154448445,5.0,225.0022222112484,230.5211487044085,229.36869882353173,229.6105398277701,218.1238180483736,200.57168294652163,188.95766721676048,170.29973576021777,155.18376203714098,130.26895255585654,101.11874208078342,78.89233169326408,84.02380615040002,87.09190547921202,119.9208072020865,139.5313584826006,152.10851389715174,178.27226368675525,180.89223311131963,210.20228352708256,203.03940504246953,197.85095400325977,207.0024154448445,186.1316738225926,174.64249196572982,146.32839779072276,0.0,0.0,0.0,0.0,0.0
2025-06-01 18:44:23.986,0,0.0,0.0,0.0,0.0,0.0,0.0,46.87216658103186,126.75172582651489,223.91292950609173,310.5865418848666,392.9198391529753,463.5536646387341,526.6213060634748,561.9697500755713,596.0511722998286,600.0216662754771,599.6332212277769,559.7463711360708,520.5391435809606,460.35203920478074,384.2004685057008,261.2661478263114,172.04650534085255,97.04638066409278,139.0898989862312,249.0020080240318,381.74467907228257,496.0090724976711,578.1020671127202,677.0827128202285,746.053617376124,778.3084221566667,3.1622776601683795,782.9667936764624,742.7011512041704,689.8296891262364,601.6261297516922,519.5815624134482,419.4114924510295,290.68883707497264,229.4449825121482,269.80919183749097,340.07205118915607,507.38249871275616,666.796070774266,817.5145258648314,933.645007484108,913.1051418100766,990.6735082760616,998.1282482727356,1013.5053033901696,929.9811826053256,835.5896121900989,745.469650623015,677.1823978811026,551.2640020897428,482.9958591955008,520.6495942570205,589.3742444321774,2.8284271247461903,15.524174696260024,7.810249675906654,7.810249675906654,5.656854249492381,24.186773244895647,12.529964086141668,16.278820596099706,5.830951894845301,7.0710678118654755,6.708203932499369,636.3466036681582,505.9298370327649,400.2811511925087,360.0902664610639,407.0196555450363,504.6236221185053,678.0892271670448,834.1055089135906,964.2001866832428,1063.2577298096635,1173.8483718095792,1212.3101913289354,1230.1552747519315,1225.2420169093125,1157.2078464994954,1087.0004599815034,998.6911434472622,857.5919775744173,743.5193339786128,611.310068623117,579.6153897197693,726.0998553918049,826.2263612352247,953.5056371097132,1121.9647944565818,1243.447626560926,7.211102550927978,1417.228633636789,1435.5141935905754,1426.9695161425138,1375.318508564471,1289.735631825375,1189.2560699866117,1037.0583397282912,905.9431549495808,799.8081019844698,697.2990750029718,664.8195243823695,644.6619269043272,705.0567353057482,795.8102788981806,876.7964415986187,960.0088541258356,993.8581387703176,1033.118095863198,1029.0738554642228,1014.2805331859624,936.2974954575068,906.8682373972528,826.1549491469502,759.042159566911,693.4789109987412,656.2331902609011,5.0990195135927845,6.4031242374328485,18.867962264113206,10.770329614269007,0.0,0.0,0.0,128.0,7.0710678118654755,13.892443989449804,9.0,791.4000252716701,750.7063340614624,658.0463509510557,593.8366778837427,514.8844530571884,450.81370875340514,453.0452516029718,472.7811332953124,491.9400369963803,546.1135413080324,607.9909538800721,671.8243818141761,686.0233232186789,707.5203177294628,723.0,725.8388250844673,701.8041037212593,659.3693957107806,608.5597752070046,511.00293541231247,495.0646422438185,465.0268809434568,446.9776280755,442.2408845866695,463.1209345300642,534.5512136362614,2.8284271247461903,647.6025015393316,656.5074257005781,697.3162840490677,723.618684114776,685.9650136851004,530.4224731287316,491.48957262591034,463.8361779766645,414.4249027266581,366.0874212534487,318.70519292913946,278.21754078418564,273.1300056749533,283.6793965024601,319.6623218335248,385.25316351718647,400.48470632472345,435.4962686407313,461.3068393163058,453.61768043144,451.2493767308715,422.6819134999746,400.3198721022977,362.1118611699981,312.11696525501463,271.93013808697265,11.180339887498947,9.219544457292889,1.4142135623730951,10.770329614269007,4.242640687119285,2.8284271247461903,10.0,12.16552506059644,2.23606797749979,11.40175425099138,13.601470508735444,321.822932681933,341.91958118832565,330.7234494256493,332.5567620722814,312.57799026802894,292.8378390850472,262.36043909095747,285.72714256787015,193.2097306038182,242.53865671269807,222.91253890259293,199.2786993132984,264.0549185302179,265.9962405749375,298.82770955853476,294.0901222414653,263.4539808012018,283.467811223779,285.3944638566067,263.2299375071156,267.1666146808018,255.54842985234717,223.026904206645,225.85393509965684,229.21169254643183,222.44325119005072,8.602325267042627,240.30397416605493,247.8225171367606,255.51907952244977,242.49536078036627,246.22347572885897,226.29184695874488,209.34421415458323,181.72781845386248,157.2800050864699,133.30416347586447,115.94826432508596,98.18350166906862,93.30058949438636,112.11155159036912,118.33004690272035,151.38031576133008,181.70580618131055,185.14858897652988,199.6121238802894,214.18916872708573,215.7405849625888,231.23364807051763,213.17832910500073,198.76870981117727,178.16004041310725,150.9205088780183,0.0,0.0,0.0,0.0,0.0
2025-06-01 18:44:23.991,0,0.0,0.0,0.0,0.0,0.0,0.0,18.439088914585778,102.88342918079664,218.28879952943075,314.4789341116508,406.5968519307546,485.7200839990045,552.268050859363,593.2756526270061,631.5164289232704,645.7816968604793,639.2808459511359,608.2080236234967,555.562777730834,489.29541179128177,409.7145347678064,308.58548248418947,198.65799757371963,99.04544411531506,145.67429423202984,261.8129103004663,397.0012594438461,502.9771366573236,616.2604968680047,703.518301112345,782.4378569573433,821.075514188555,8.48528137423857,817.7236697075608,788.7743657092312,724.13534646501,638.9194002376199,511.51930559852775,429.424032862624,311.52046481732145,250.5673562138532,269.46613887462746,366.55422518366913,536.3776654559733,692.7799073298821,814.1774990749867,942.3078053375128,1011.674354720925,1012.6450513383256,1022.5712689098984,1035.6302428956003,952.2000840159592,919.4541859168404,759.6848030597953,629.1144569949097,509.2150822589606,477.43481230425584,504.04860876705135,626.3960408559428,13.601470508735444,3.605551275463989,10.816653826391969,7.810249675906654,0.0,8.06225774829855,10.770329614269007,14.866068747318506,13.601470508735444,11.31370849898476,22.67156809750927,645.8792456798717,508.3433878787054,397.57515012887814,339.8602654032978,407.1719538475115,502.5733777270738,671.5720363445756,825.9424919448085,946.2367568425992,1088.857199085353,1182.3028376858445,1234.4622310949817,1256.0931494120966,1241.4483476971566,1186.4236174318175,1108.6482760551246,1003.7947997474384,873.1466085371918,742.8303978702003,619.1550694292989,554.7765315872689,726.9422260400065,821.9111874162561,966.2308212844382,1126.3236657373404,1257.5444326146094,18.973665961010276,1425.8394018963006,1463.2720184572656,1438.7331232719987,1396.2492614143075,1293.34798101671,1198.1256194573257,1038.405026952393,911.5974988995964,793.2275839883532,707.4920494252922,654.6640359757056,671.1102740980799,742.2250332614766,815.8510893539335,907.7808105484496,978.2785901776653,1025.5032910722423,1058.6264685903143,1070.121488430169,1042.6322458086552,996.5746334319372,924.839986159768,854.9415184677839,773.9521949061195,675.642657031067,644.4105834016074,7.615773105863909,5.656854249492381,6.324555320336759,12.36931687685298,0.0,0.0,0.0,128.0,13.601470508735444,8.06225774829855,2.23606797749979,840.5343538487882,747.010709427917,679.195111878759,612.6116224819767,519.5623158005207,431.3757063164313,418.6287137786896,452.2488253163296,505.2128264405012,563.866118861561,625.7930967979752,696.9397391453582,725.6665901087083,765.676171759315,755.4495350451941,764.7234794355408,729.3565657481943,682.182526894379,634.0386423554955,581.8771347973728,538.2053511439663,478.51123288800653,428.70619309732393,447.66617026529934,500.32089702509927,528.2849609822335,12.16552506059644,642.3581555487561,689.4925670375279,696.132889612321,710.6799560983833,716.2080703259354,540.1083224687433,487.0010266929629,459.9967391188768,399.9924999296862,360.07360358682223,297.7247050548543,270.8154353060401,256.2654873368632,272.40594707164524,329.874218453034,364.9232796081938,415.5237658666469,420.42954225410944,469.1630846518085,454.4370143375207,464.4588248704076,434.162412007304,410.4728980091134,354.400902933387,307.31905245200795,239.88538930080756,14.0356688476182,5.830951894845301,8.94427190999916,12.041594578792296,8.602325267042627,9.433981132056603,13.601470508735444,10.198039027185567,8.48528137423857,2.23606797749979,9.055385138137416,341.9488265808204,313.2682556532021,328.87687665751145,324.5812687140156,307.6166445431716,296.46753616542907,288.367820673528,248.6382914999216,235.9872877932199,200.0024999843752,222.03152929257593,226.55021518418383,247.08095839218367,276.0670208481991,314.607692213652,279.0877998050076,299.34762400927787,329.84845004941286,300.56779601281306,302.72925197278175,276.1340254296815,269.60155785900054,251.80349481291955,232.12281232140884,215.64786110694445,236.6600938054407,9.486832980505138,248.20354550247663,242.09502266672067,259.73832986296037,262.9676786222976,247.69739602991388,247.97782158894776,227.46648104720836,221.6867158852781,185.64751546950473,155.72411502397438,144.81022063376605,109.83624174196784,114.79111463872106,118.68024266911488,144.66858677681205,151.15885683611134,162.0863967148385,199.972498109115,213.3377603707323,229.1920591992663,224.95555116511352,229.98478210525147,222.33533232484663,213.8597671372528,190.7065809037538,158.35403373454054,0.0,0.0,0.0,0.0,0.0
2025-06-01 18:44:23.994,0,0.0,0.0,0.0,0.0,0.0,0.0,172.69916039170545,80.05623023850174,51.85556864985669,152.6106156202772,256.6028059082753,349.4967811010568,435.4457486300675,510.6123774449656,576.9748694700662,625.8705936533526,648.7688340233368,655.9580779287652,643.2728814430156,600.3207476008138,550.0327262990812,481.1912301777745,370.32553247109496,262.4137953690697,141.9929575718458,99.98499887483122,209.2868844433401,321.90837205639747,452.14709995752486,583.0617463013673,668.5454360026699,747.7412654120408,4.123105625617661,847.0637520281457,835.7332110189232,819.1422342914568,757.883896121299,672.1205249060617,580.827857458645,463.79305730034383,358.4034040016919,295.7177708559295,283.73403038761495,396.5513838079499,536.7327081518323,646.7433803294781,807.7351050932477,901.9384679677432,991.0665971568208,1056.2054724342229,1042.5531161528413,1008.0079364766926,944.0047669371166,882.8318073109963,757.3037699628861,648.3270779475434,550.129075763134,512.0410139822786,526.8329906146729,20.12461179749811,11.04536101718726,10.0,19.209372712298546,22.360679774997894,9.055385138137416,19.235384061671343,8.246211251235321,3.605551275463989,13.45362404707371,10.44030650891055,753.6000265392777,617.4860322306894,475.2778134943814,377.18032822510776,356.07302621793747,427.40145062926496,568.9648495293887,724.8620558423513,870.8484368706187,1006.070574065259,1120.9625328261425,1212.7266798417522,1242.8676518439122,1252.6950945860688,1210.7869341878447,1170.1234977556855,1043.001917543779,943.3604825304058,796.5155365716353,666.4788068648545,590.4100270151245,717.3506813267832,781.296998586325,910.9824367132442,1057.057235914877,1218.1728120426922,2.8284271247461903,1420.5917780981276,1454.147516588327,1458.8522886159517,1414.2619983581542,1328.3617730121564,1217.538500417954,1083.358204842701,933.1821901429538,809.3213206137597,705.6259632411494,645.0503856289057,646.7472458387434,706.9045197196011,799.7080717361805,886.4603770050865,962.8374733048148,1017.0122909778426,1073.4849789354298,1074.175497765612,1055.6159339456751,966.646264152508,926.5786528946152,856.546554484927,771.8678643394866,683.3447153523615,638.192760848946,12.36931687685298,8.06225774829855,3.0,2.0,0.0,0.0,0.0,128.0,6.708203932499369,13.038404810405298,18.601075237738275,821.2867952183329,748.4610878328946,659.1365564130092,582.9828470890031,482.64790479188866,411.91868129522845,419.80233443848306,445.14828989899536,486.5901766373834,554.2824189887318,614.3232048360212,682.6426590830666,704.8772942860338,729.120017555409,729.7355685452094,733.5073278434238,715.9671780186575,666.8050689669358,602.9767823059193,514.2810515661646,478.0041840821061,428.2627698037736,422.80964984257395,403.2988966015157,435.15744277215344,522.7714605829206,7.810249675906654,631.0641805711999,661.7983076436506,687.360167597745,679.9154359183207,669.215959164155,510.76609127858126,468.70993162082664,427.551166528639,373.8729730804301,309.97419247414774,273.38617375427015,240.53274205396653,241.50569351466643,269.2675249635574,322.6143208228674,365.39567594595314,389.6832046675864,439.6202907055133,447.6438316340347,444.63917956023624,422.0959606534987,398.6502226263018,386.1359864089334,332.24388632448904,278.40438214941946,227.36974292988063,2.23606797749979,9.055385138137416,9.219544457292889,9.486832980505138,3.605551275463989,17.804493814764857,8.54400374531753,6.324555320336759,9.899494936611664,5.830951894845301,3.605551275463989,310.35785796399614,330.20751051422195,334.8029271078734,305.2752856030111,299.60807732769825,280.6439024814186,240.25195108468944,244.6752950340512,217.22108553268947,213.46662502602135,215.10230124292025,235.8495283014151,269.4290259047826,304.54063768239536,308.01623333843946,285.3383955937231,304.9622927510875,305.48322376196046,291.62475889402805,281.1440911703463,268.7452325158532,263.7612556839992,246.29453911932356,238.9518780005715,240.60756430336932,258.49564793241683,7.615773105863909,248.64633518312712,256.0488234692751,257.75181861628056,255.63450471327224,239.2655428598109,233.0600780914655,198.04039991880444,184.1140950606444,165.41463055002117,141.315250415516,140.0,129.84991336154215,147.73286702694156,166.43316977093238,171.1636643683466,188.04254837669055,201.71762441591463,222.40728405337808,212.602916254693,218.76928486421488,214.3105223734943,196.88829320200833,184.06792224611,169.09464805250343,134.30189872075525,110.01818031580054,0.0,0.0,0.0,0.0,0.0
2025-06-01 18:44:23.997,0,0.0,0.0,0.0,0.0,0.0,0.0,33.52610922848042,129.0620006043607,229.3338178289456,325.8711401766042,401.2243761288688,485.98868299580806,540.0268511842721,577.2633714345645,610.4629390880334,623.5543280260349,618.0396427414669,592.5512636050994,539.2262975782987,475.8571214135605,396.0707007593468,305.5552323230614,172.20046457544765,77.79460135510689,93.00537618869136,224.72205054244233,350.88602138016273,480.1385216789005,590.3600596246328,677.9830381359109,752.6606140884483,793.7455511686348,19.209372712298546,821.195470031344,767.131018796659,725.862934719772,633.0750350471893,553.2178594369491,433.23203944306795,308.11036983522644,226.80828909014767,239.54957733212555,355.2027589982938,465.4728778350034,670.4662556758543,745.8639286089655,873.4008243641633,957.4486931423532,1003.443072625448,1039.304094093735,1031.2793026139911,983.4520832252072,848.3425015876547,790.8122406741059,617.0129658281096,547.1791297189615,461.49431199094965,494.0131577195085,604.6503121639813,12.16552506059644,2.0,6.708203932499369,2.23606797749979,7.810249675906654,6.4031242374328485,19.4164878389476,13.601470508735444,6.324555320336759,10.44030650891055,13.152946437965904,656.3269002562671,512.6763111359837,414.89516748210025,359.21720448775835,430.669246638299,506.71194973081106,664.678117587754,831.309809878363,957.0083594201254,1085.904231504786,1167.5671286911088,1242.2061020619726,1250.003599994816,1254.129179949179,1206.409963486708,1113.499438706639,1002.174635480264,875.0411418899114,758.9795781178832,630.076979423943,554.4159088626516,723.7927880270706,815.7603814846613,979.075584416239,1109.3286257912937,1252.6998842500143,16.0312195418814,1430.408333309059,1474.7098019610503,1455.1855551784454,1414.0169730240157,1323.7529981080306,1208.8659975365342,1065.1765111942716,935.5137625925124,790.8457498147158,678.0066371356552,645.0069767064539,654.8053145783103,705.0347509165772,787.2363050571283,889.7864912438264,955.5030088911284,1023.2775771998524,1055.1180028792987,1054.310201031935,1069.509233246726,988.01821845551,968.1694066639373,893.579878914023,825.8553142046129,720.5060721465156,645.898598852792,12.206555615733702,10.770329614269007,10.63014581273465,7.615773105863909,0.0,0.0,0.0,128.0,21.633307652783937,9.219544457292889,24.758836806279895,854.6870772393836,783.7684607076251,718.225591301229,643.2612222106973,568.8620219350207,466.27459720641014,450.7172062391229,432.8325311249144,478.6282482261155,533.348853940833,586.8398418648823,643.7181060060374,659.8075476985695,710.5948212589225,716.2520506078848,711.2945943840709,707.3506909588765,675.9127162585418,636.8060929356753,561.0008912648892,547.3289687199098,485.3802632987872,457.9301256742124,454.25213263120736,493.95748804932595,521.5870013717749,23.853720883753127,626.1732986961357,682.2814668448792,706.9893917167358,730.8686612518011,711.0534438423036,571.756941365822,499.4897396343592,505.3988523928403,450.0988780257067,406.5968519307546,334.0538878684096,314.2737660066459,292.8275943281302,301.53772566629203,332.8618331981004,370.600863463646,417.02038319487457,449.0668101741655,451.7742799230607,458.8093285886851,456.3299245063817,440.501986374636,423.1890830349951,393.99746192075906,332.5793138485916,270.7397274136177,6.0,16.76305461424021,7.211102550927978,6.708203932499369,3.1622776601683795,7.615773105863909,10.770329614269007,21.37755832643195,2.23606797749979,13.41640786499874,7.810249675906654,314.6696680647819,310.09837148879063,310.0612842649014,307.7823906593748,318.2514728952562,290.1344515909822,264.39364591457183,244.44426767670376,245.0673376849718,224.6352599215003,233.69424468736923,236.31546711969577,251.55715056424057,265.73106705840775,296.31908477180474,296.5889411289639,304.7917321713304,289.4995682207488,310.2208890452092,261.55878880282347,278.3522947633089,263.79727064547126,242.90327292978165,241.13274352522097,221.06333933965624,229.71286424577968,6.082762530298219,247.1639132235934,256.0175775215444,253.6631624812716,253.16002844051033,253.16002844051033,252.73306075778848,218.3323155192561,222.86543024883872,183.29484444468153,167.10774967068403,147.73286702694156,119.09659944767525,105.70241246064349,118.86967653695368,132.4424403278647,163.98170629676957,150.65855435387664,173.1588865753069,199.24858845171275,208.1970220728433,213.74049686477292,197.2308292331602,206.8912757948,184.4911922016875,177.341478509682,148.05404418657398,0.0,0.0,0.0,0.0,0.0
2025-06-01 18:44:24.002,0,0.0,0.0,0.0,0.0,0.0,0.0,30.479501308256346,126.8108828137396,214.96511344867105,309.92418427738096,393.0814165029937,474.8020640224724,536.1231201878911,570.0219294027204,607.2758845862397,604.1522986797286,612.5952987086989,587.4504234401402,532.4631442644645,469.5742752749558,392.8218425698856,293.43653487594213,172.70205557549104,88.19297024139736,121.26417442921878,233.92733914615457,352.3932462462923,480.2082881417187,570.9684754870448,671.9412176671409,731.5579266196219,779.1155241682712,9.055385138137416,792.3414667932002,762.8610620552081,705.1815369108865,622.1639655267734,529.2721417191726,421.2469584459929,307.7466490475567,230.3605869067015,271.3300573102803,333.29416436535456,485.78596109809513,658.4352663702028,760.2552203043397,846.6811678548189,971.8173696739528,979.908669213616,1019.5670649839568,1018.4822040664236,970.3530285416746,849.9435275358005,715.8135232027962,608.839059193807,511.414704520705,489.17277111466456,498.2388985215827,577.8338861645274,4.123105625617661,3.1622776601683795,7.0,6.0,3.1622776601683795,17.69180601295413,9.055385138137416,5.656854249492381,11.6619037896906,15.0,6.4031242374328485,642.919123996168,508.327650241456,402.1206286675678,343.0830803172899,387.3306081372863,472.08897466473417,623.8116702980155,775.8975447828147,925.8644609228718,1035.148781576832,1127.6107484411457,1199.1205110413214,1228.542632552896,1215.4065163557418,1189.9285692847282,1114.394903075207,1004.980099305454,883.2859106767186,762.9528163654683,632.4531603209838,574.3805358819186,719.6679790014281,800.0624975587845,942.0429926494862,1115.2421261770917,1248.6092262994057,24.413111231467404,1441.0804974046384,1458.8231558348668,1461.351771477354,1411.9791074941584,1333.3154165462877,1223.3433696227728,1065.6312683100098,953.9234770147972,805.0204966334708,705.9575058032884,637.3774391990981,637.132639251828,702.000712250351,774.1266046326015,873.8335081696055,959.0099061010789,1022.0004892366736,1073.2995853907703,1097.9954462564951,1068.9901776910767,1069.8602712504096,995.6153875869938,930.0134407630892,836.3647529636816,750.7842566276946,671.1460347793169,5.656854249492381,12.16552506059644,6.4031242374328485,0.0,0.0,0.0,0.0,128.0,7.615773105863909,12.16552506059644,2.23606797749979,836.1178146648951,779.6595410818751,706.2556194466703,641.3142755311159,555.5771773570257,464.5739984114479,429.385607583673,423.42649893458486,444.42547181726655,493.4744167634225,530.449809124294,583.4123755972271,626.2786919575022,670.2842680534878,680.7363660037563,695.9058844412799,680.4380941716888,646.010061841145,606.6440471973659,572.0568153601529,548.9927139771529,496.8792609880191,443.00112866673373,438.2624784304493,449.8588667571197,469.6658386555275,17.69180601295413,574.4118731363411,634.5549621585194,661.0484097250367,682.2792683351884,692.399451184069,553.1084884541187,508.8113599360769,504.9059318328514,443.3835811123366,407.2591312665684,346.01300553591915,307.7174028227848,284.8806767753826,292.85662020859286,299.0468190768797,316.9858040985432,361.3668496140729,376.70280062670093,416.6773331968035,419.0584684742691,435.98394465851607,427.4248471953871,402.1206286675678,378.3556527924487,328.89207956410263,291.81500989496755,14.317821063276352,4.123105625617661,10.295630140987,12.529964086141668,6.708203932499369,14.317821063276352,3.1622776601683795,7.0710678118654755,5.0,12.041594578792296,6.4031242374328485,291.20439557122074,305.00491799313664,301.9420474196994,287.3343000757132,307.1042168385188,280.0803456153252,264.31988196123274,260.86394921491166,256.6748916431056,227.56098083810417,242.09502266672067,225.69448376068033,228.40534144367115,264.66015944981217,260.0173071162764,257.11670501933554,257.68973592287296,265.75364531836624,274.5632896073326,266.42259663924904,272.7874630550312,246.75899173079793,251.17722826721376,246.94128856876085,234.93190502781863,249.12848090894784,6.324555320336759,251.7180962902747,253.78928267363852,247.08095839218367,238.600083822282,232.606964642076,214.758003343298,206.29348026537335,188.73261509341728,175.410946066658,150.0,134.4953530795767,127.4401820463232,113.27841806805036,125.87692401707312,145.34441853748632,166.6433316997713,171.96511274092776,198.11612756158948,211.1492363235065,213.32135383031863,206.47518010647187,198.92963580120485,207.0869382650678,185.59364213248256,165.60193235587562,144.25671561490648,0.0,0.0,0.0,0.0,0.0
2025-06-01 18:44:24.005,0,0.0,0.0,0.0,0.0,0.0,0.0,84.30895563343196,31.78049716414141,108.90821823902914,208.568933448872,292.3302926485724,377.9550237792852,455.57985030069096,514.716426782748,557.0008976653448,595.5543635974805,598.5089807179171,598.9265397358845,577.0658541275857,541.7896270694005,469.7967645695317,379.4377419287649,289.5876378576958,172.6759971738979,109.04127658827184,138.7515765676196,244.08605040026356,380.44710539048657,476.105030429211,586.655776414074,676.4059432027486,740.9399435851734,13.038404810405298,814.1406512390841,785.1477567948596,758.5703658857233,692.2022825735263,599.8949908108918,530.3555411231224,404.74189306272706,318.0015723231569,274.11676344215067,299.7365509910328,424.6892981933969,553.5639077830128,679.8661632998071,817.2453731897172,894.4434023458388,976.6969847398937,1000.0784969191168,1016.6110367293876,966.9953464210672,913.3110094595378,832.8565302619653,711.5124735378854,601.0432596743765,519.3476677525374,506.80666925367115,549.7935976346032,13.41640786499874,6.4031242374328485,4.123105625617661,17.88854381999832,8.602325267042627,2.23606797749979,17.46424919657298,8.94427190999916,10.44030650891055,8.48528137423857,13.41640786499874,734.6597852067309,599.1761009920206,476.42523023030594,390.50864267004386,372.58019271024057,461.9361427730027,588.5720006932032,748.7656509215684,879.4799599763487,1003.4206495782316,1127.9738472145532,1194.1109663678665,1239.2211263531622,1260.9381428127233,1224.0955845031058,1164.129288352458,1064.248561192356,952.2483919650376,819.4205269579229,690.8436870957134,601.2528586210631,715.8561307972434,775.8124773423021,902.5574773940992,1026.1700638783027,1188.9499568947383,13.152946437965904,1392.419477025512,1427.0760316114906,1440.2812225395428,1417.028581221988,1340.531610966336,1254.123598374578,1131.1233354502062,971.0926835271698,868.6103844647496,734.915641417435,677.44298653097,634.5801761794959,673.9028119840427,749.1148109602426,817.6337811025178,892.9216091012693,936.4171079171932,995.3270819183008,1033.6503277220977,1029.3323078578658,996.4702705048456,945.6595581920589,890.0842656737619,834.5351999766098,755.8862348263791,687.8321016061986,9.219544457292889,11.704699910719626,18.027756377319943,5.0,0.0,0.0,0.0,128.0,3.605551275463989,3.605551275463989,19.313207915827967,804.1554576075449,760.0657866263946,685.440734126591,630.7646153677297,542.0867089313296,473.66021576653446,449.92888326934514,459.0043572777932,468.81232918941026,497.8292880094541,555.0225220655465,593.9983164959308,647.2835545570426,663.5781792675223,686.6622168140606,696.6462516945024,678.8239830766147,665.6320304793031,608.5597752070046,570.01491208564,532.5082158990601,493.54331116934407,473.81219908313886,468.9605527120591,489.2320512803714,519.3553696651263,13.038404810405298,604.9504111908677,634.9244049491247,683.4105647412835,685.3116079565558,679.2414887210587,547.7590711252531,516.4348942509598,482.83019789569914,464.49111939842294,406.7874137679287,373.5679322425842,338.178946713127,313.4996012756635,310.84562084739105,336.1859604445135,369.173400992,403.7920256765851,439.0558051091,438.63424398922615,442.0011312202719,437.01258563112344,412.146818500398,398.9711769037959,354.29507476113747,301.8111992620552,276.4489102890442,16.15549442140351,6.082762530298219,6.082762530298219,6.324555320336759,5.0990195135927845,5.830951894845301,17.26267650163207,2.23606797749979,6.708203932499369,7.0,9.219544457292889,316.8359196808342,318.1351913888182,329.98484813700156,319.1018646137938,309.0792778560219,271.5879231482873,251.2846990964631,228.67444107289296,244.7692791181115,225.0022222112484,216.68410186259624,222.07206037680652,250.15395259719563,293.87412271242937,298.21636440678435,254.94313091354311,271.189970316013,263.41032629720496,268.3076592272386,265.01698058803703,271.1825953117198,247.315587862957,241.5884931034589,239.92707225321615,246.78938388836744,241.13274352522097,7.810249675906654,255.7049080483204,242.32416305436817,244.77336456403913,232.7230113246217,230.5666931714119,217.63501556505105,193.75241933973368,169.14490828872147,154.0519392932137,138.13399291991817,115.03912377969506,119.03780911962384,129.61867149450345,130.58713566044705,133.6600164596728,164.76953601925328,177.55280904564702,175.1142484208524,205.23401277566057,190.77997798511248,196.95684806576287,189.2828571212935,188.35339126227592,154.02921800749365,140.07141035914503,117.2006825918689,0.0,0.0,0.0,0.0,0.0
2025-06-01 18:44:24.007,0,0.0,0.0,0.0,0.0,0.0,0.0,39.84971769034255,76.94153624668537,173.1415605797753,265.06225683789836,358.15639042183795,437.47685653071983,510.6016059512543,556.9389553622551,603.0829130393266,607.2643575906625,613.7263233722341,595.6148084122825,561.7517245189373,492.88639664734103,423.88323864007646,331.2099032335839,224.72205054244233,127.05904139414872,120.78493283518438,219.9681795169474,334.71181634355247,465.47395201020646,568.2297070727648,661.7083949898173,742.0673823851847,787.7563074961698,13.038404810405298,824.5635209006035,785.6748691411734,727.4462179432924,650.415251973691,559.3254866354653,447.52765277689826,346.8976794387648,283.82565070831777,279.1003403795846,375.4530596492723,512.7260477096906,652.3534318143808,785.4202696645917,841.6085788536141,1002.054888716182,1045.8226427076438,1045.6715545523844,1000.5128684829596,947.2328119316812,917.1046832286922,775.8672566876372,667.3866945032693,573.464035489585,527.0313083679185,505.92588390000367,601.4864919513986,11.40175425099138,10.770329614269007,1.0,7.0710678118654755,16.0312195418814,9.055385138137416,5.0,11.40175425099138,5.0,13.038404810405298,2.23606797749979,696.9677180472564,548.0583910497129,443.1579853731624,359.5385931996731,403.77468964758054,496.56822290597694,631.7064191537078,797.1605860803706,949.6573066111796,1049.1639528691403,1162.6770832866707,1232.0754847005114,1258.8729085972102,1258.5678368685576,1223.004905959089,1142.8613214209324,1036.8399104972764,913.9283341706832,787.8997398146544,659.4126174103737,585.0213671311502,718.0062673821169,781.432658646924,909.6642237661104,1078.3552290409689,1208.6343533095524,18.68154169226941,1412.623799884456,1445.3573952486631,1442.4122156997978,1410.7377502569357,1330.0454879439274,1235.7871985095169,1106.8152510694815,967.8372797118326,830.469746589242,736.6912514751345,653.106423180786,636.4966614209378,685.3852931016247,756.4846330230376,834.9610769371228,911.9758768739443,963.1874168613292,998.4387812980824,1026.8539331375227,1030.6784173543172,1005.1034772599288,957.6826196606056,896.3503779214911,832.0024038426812,754.1571454279274,677.626740912724,4.47213595499958,7.810249675906654,7.211102550927978,5.0990195135927845,0.0,0.0,0.0,128.0,13.038404810405298,9.848857801796104,17.0,835.8767851782941,770.3330448578719,693.8832754865907,644.7728282116113,557.5598622569598,463.3929218276861,435.6248385939443,440.0090908151785,455.0032966913537,505.2464745052656,541.6456406175536,598.4755634109049,639.3598360860651,660.6814663663572,686.610515503513,678.6199230791858,647.0927290582084,639.3316823058278,598.8196723555432,568.6897220805032,526.6896619452484,489.83772823252394,425.0105881034024,435.4400073488884,458.8027898781785,485.9156305368248,17.804493814764857,556.5473924114639,608.7405030060017,631.5639318390498,661.8798984710141,657.0121764472863,516.8994099435595,496.2116483920949,478.85279575251514,431.49044021855224,385.0207786600614,336.9658736430145,304.4355432599814,291.50814739900494,282.66057383370605,286.93727537564723,328.7704366271396,364.3542232498479,396.06565112364893,408.3772765470674,414.0169078672995,418.18297430670225,401.84200875468457,398.32273347123936,378.74661714660897,339.5673718130174,292.0273959751037,10.04987562112089,8.0,3.605551275463989,5.656854249492381,12.041594578792296,10.0,9.899494936611664,6.324555320336759,4.123105625617661,12.649110640673518,16.0,290.51850199255813,318.35200643313055,340.2704806473815,327.47060936823016,341.84353145847297,314.5155004129367,319.14416804948826,305.864349017665,308.76852171165376,239.40133667128927,252.0039682227246,286.0069929215018,265.73106705840775,265.1886121235224,289.38037252032143,256.95524902208166,288.08679247754486,284.0739340383063,270.4144966528237,279.00716836669267,280.40149785619906,274.5268657162719,253.44230112591703,260.4496112494699,241.3047865252573,256.3630238548453,4.123105625617661,259.25470101813005,266.4507459175147,249.42533953069,254.86663179004032,233.5658365429328,225.53491969094276,204.70710783946905,189.12958520548815,173.738308959193,151.90786681406595,128.4562182223967,118.2243629714282,119.97082978791136,127.251719045363,153.7693077307692,169.0,179.62739212046696,201.20636172845033,206.15528128088303,222.2791038311969,214.34784813475505,200.7436175822285,189.12958520548815,188.8597363124284,161.48374531202822,137.6117727521886,0.0,0.0,0.0,0.0,0.0
2025-06-01 18:44:24.013,0,0.0,0.0,0.0,0.0,0.0,0.0,178.63930138690085,111.15754585272202,25.495097567963924,104.546640309481,206.01456259206532,291.92464781172555,371.7324306540929,455.2812317677943,526.2024325295351,564.7583554052122,597.602710837225,608.949915838733,607.7441896061204,595.7331617427386,546.465918424928,499.36459626208983,402.4052683551745,316.7412192942371,190.51509126575775,128.37834708392222,171.04677722775136,272.8094573140748,398.1067695983076,522.5868348896669,634.0386423554955,709.6604822025812,7.615773105863909,800.7252962158746,820.8215396783883,812.5176921150702,766.5154923418052,704.2513755755114,618.8093405888441,520.5391435809606,413.7825515896,373.2894319425612,311.7130090323469,398.5021957279533,523.7480310225519,640.2515130790399,785.4559185594059,857.0705921917984,952.7528535774636,1043.2760900164444,1006.87635785135,1021.7812877519336,951.3821524497924,903.5557536754442,813.7628647216584,686.6338179845208,575.8003126084598,545.4576060520194,561.9697500755713,5.830951894845301,9.055385138137416,10.44030650891055,4.47213595499958,7.0710678118654755,18.439088914585778,3.605551275463989,5.830951894845301,11.180339887498947,13.152946437965904,13.41640786499874,758.0270443724287,639.8788947918192,522.8049349422785,430.3533431960301,412.6996486550479,454.0539615508271,581.4851674806504,734.3766063812218,878.5083949513516,1017.7956572907945,1113.3072352230538,1202.4163172545525,1240.150394105489,1267.1041788266662,1239.395013706284,1191.4100889282413,1088.2761598050377,976.4286968335168,843.0919285582089,712.0007022468448,645.2852082606574,779.4542962868317,819.8938955742993,936.8719229435792,1068.416585419751,1211.6971568836827,12.083045973594572,1404.2282577985677,1448.3607975915393,1441.8328613261665,1431.0503135809026,1347.1339948201144,1236.016585649238,1089.1510455395985,963.2471126351742,838.0990394935434,726.083328551207,681.2238985825438,652.9104073301329,692.7690812962137,756.6353150626793,861.6571243830111,914.6502063630664,983.8058751603388,1010.055939044962,1037.52831286669,1045.7098067819772,966.839180008754,935.053474406678,885.1242850583188,805.8790231790377,724.9365489475614,649.3935632572901,10.770329614269007,11.31370849898476,1.0,7.810249675906654,0.0,0.0,0.0,128.0,12.041594578792296,16.278820596099706,10.44030650891055,812.8886762650836,730.1540933255117,671.3940720620044,575.1043383595711,491.4488783179793,423.88323864007646,419.00477324250136,439.42689949524026,447.50083798804224,508.8732651653062,561.1782248091955,615.1715207972488,642.0669746996804,644.2243398071823,662.3329978190728,655.8566916636591,639.4263053706815,608.0032894647857,558.4881377433186,483.2307937207645,461.06398688251505,414.01086942253096,390.96930825833374,380.4379055772439,397.2115305476416,451.9347298006649,13.892443989449804,570.0982371486514,605.0694175051323,627.5037848491434,666.5530736558043,667.8338116627519,507.306613400614,479.86352226440385,453.63090723626846,401.64287619725064,359.73601432161337,307.37924458232374,274.57785781085846,264.0700664596425,272.13232075591463,299.23235119217975,341.1407334224396,376.1980861195336,397.6153920561929,434.58716041779235,451.0088690923938,425.47032799009617,402.67232335982567,401.21814515298286,369.39951272301374,335.20292361493506,275.6700926832652,9.0,5.0990195135927845,5.0,9.433981132056603,9.433981132056603,7.211102550927978,4.123105625617661,8.94427190999916,12.649110640673518,4.47213595499958,15.811388300841896,310.82149217838844,329.84390247509504,334.044907160699,344.52430973735363,311.1735849971845,303.2655601943617,313.35921878891645,269.1337957224993,259.97692205270835,259.04439773907484,252.7152547829276,276.87722911066555,262.5737991498771,265.01698058803703,293.1279584072458,264.5789107241921,294.20061182805176,289.69811873741946,287.9201278132531,279.6032903955173,281.092511461974,267.36678926149375,262.8174271238496,264.0075756488817,260.0,251.01792764661252,5.0990195135927845,267.15164233071823,257.381040482783,242.98148077579904,228.80559433720143,218.5863673699712,210.92415698539605,185.00270268296083,167.31407591712062,165.95180023127196,146.70037491431302,149.08386901338454,125.29964086141668,152.80052355931247,165.42369842317032,180.0999722376436,179.9388785115657,204.45292856792244,202.5561650505854,198.2952344359289,186.9598887462228,183.19934497699495,172.59490143106777,158.90248582070703,136.01470508735443,100.4987562112089,93.43446901438462,0.0,0.0,0.0,0.0,0.0
2025-06-01 18:44:24.013,0,0.0,0.0,0.0,0.0,0.0,0.0,31.78049716414141,66.61080993352356,179.20100446147055,269.23595599399425,355.6880655855633,432.1353954491578,495.0656522119061,543.7370688117558,589.1027075137238,609.250359047904,605.1917051645702,605.5353003748006,554.892782436391,508.8428048032123,424.69400749245335,339.532030889576,246.73872821265817,150.57224179774968,122.11879462228572,224.52171387195497,332.2167966855379,460.9262413879253,571.777928919961,664.0549676043393,744.194195086202,797.057087039567,8.54400374531753,827.4569475205342,795.2270116136649,735.6391778582758,656.0868844901565,572.6587116249957,468.6800614491724,374.1456935473132,295.78708558691335,298.4660784745898,390.888730970848,531.6812955145216,663.2473143556632,803.2297305254581,916.8838530588266,909.6510319897404,1030.0004854367787,1052.1829688794626,1006.9617669008094,984.1351533199086,856.4157868699059,773.6924453553879,657.6336366093207,603.175762112504,543.1242951664011,574.7990953367968,640.2811882290467,20.615528128088304,8.06225774829855,4.242640687119285,8.06225774829855,15.652475842498529,10.0,5.0990195135927845,6.324555320336759,5.830951894845301,5.830951894845301,8.0,673.3297854692008,559.9973214221653,435.2585438564072,398.06155302917665,439.90567170701496,528.6832700209077,691.8590896996295,842.6114169651394,985.8118481738796,1093.4578181164557,1185.2324666494756,1251.3133100866464,1265.8001422025516,1261.104674481861,1216.4000164419597,1129.667207632407,1042.3099347123195,915.7139291285245,793.9773296511684,675.4679859179116,614.5087468864865,790.607993888248,871.4499411899687,1001.9231507456047,1142.2092627885663,1285.0291825480074,18.439088914585778,1463.1968425334987,1458.6517747564014,1449.9193080995922,1409.1905477968548,1315.4656970061972,1186.9410263361865,1072.5791346096566,924.3857419930276,796.3322171053987,703.0426729580503,655.0457999254709,640.176538151782,705.6982357920416,764.7875521999557,852.1032801251266,936.8399009435924,965.2134478963708,1027.8098073087258,1035.8860941242526,1033.5337440064548,1011.7361316074464,932.7829329484968,875.0411418899114,796.8268318775416,729.2413866477958,665.9444421271191,12.041594578792296,8.06225774829855,7.615773105863909,6.082762530298219,0.0,0.0,0.0,128.0,3.0,4.123105625617661,17.11724276862369,826.2765880744777,760.9421791437244,687.2357674044622,605.0,519.7787991059274,440.25560757360034,419.35665012015727,423.4548382059178,441.0181402164768,467.81299682672346,544.4051799900511,594.0143095919491,619.3811427546046,658.6835355464717,654.9175520628531,677.7971673000707,654.8679256155397,606.3827174318212,590.6919671029901,540.8040310500653,510.96868788605826,445.1539059696096,427.0234185615585,389.1439322410154,422.6357769995342,456.93872674572026,5.385164807134504,560.0892785976179,588.3485361586277,634.1545552938968,683.05197459637,674.9059193695074,545.2063829413592,521.9674319342156,492.66824537410565,435.9965596194539,410.18288603987367,348.12641382118653,320.887830869293,281.3965173913849,282.630500831032,301.66372005927394,329.1640928169414,359.0891254271006,411.6430492550554,434.847099564893,444.2994485704433,458.6033144232606,444.2004052226877,436.972539182956,410.6153918206184,370.6440340812192,332.3386826717588,9.219544457292889,1.4142135623730951,9.848857801796104,9.219544457292889,9.899494936611664,7.280109889280518,17.26267650163207,4.47213595499958,5.830951894845301,9.433981132056603,5.0,324.48420608713764,346.8400207588507,331.58106097906136,357.4646835702794,344.88983748437704,315.35694062442957,325.68236059080635,288.3123306416151,256.7586415293554,265.9323222175146,265.33940529065785,237.4131420119788,270.1481075262235,284.76305940202286,285.77613616255644,280.7436553156634,283.0194339616981,297.7045515271811,266.9925092582187,278.44209451877066,278.7561658510893,264.8811054039151,264.43335644354704,249.39326374222705,251.3483638299641,253.9173093745285,17.69180601295413,259.7941492797711,246.22144504490265,253.4324367558344,235.41665191740367,234.9170066214875,231.22499864850255,204.3526363911168,185.31055015837603,156.7801007781281,162.88953311984167,140.73023839957068,136.94524453225822,126.03570922560004,129.3560976529518,146.76852523616907,159.48040632002414,175.06855799943062,182.28000438885223,189.1137224000416,189.010581714358,195.54283418218117,198.0353503796734,180.546392929906,167.0478973228936,160.15305179733542,121.26417442921878,0.0,0.0,0.0,0.0,0.0
2025-06-01 18:44:24.016,0,0.0,0.0,0.0,0.0,0.0,0.0,125.92458060283543,43.829214001622255,98.812954616285,191.63506985935533,290.0017241328058,378.021163428716,463.0010799123475,523.6792911697005,586.2431236270495,622.6026019862107,645.7321426102312,629.5204524080215,624.2195126716242,557.7382898815537,502.5156713974202,422.7552483411649,311.01446911679204,217.22108553268947,164.00304875214974,178.80715869338118,289.0882218285622,399.7161492859652,530.2122216622322,630.835953319086,716.2178439553151,782.4020705494074,14.317821063276352,831.1299537376811,831.6231117519523,778.6944201675007,708.2428961874591,620.4167953883905,534.6073325348241,410.29014124153656,342.31272252138103,313.94904045083496,358.55822400274127,479.00104384019875,652.6515149756415,738.7624787440142,850.2099740652305,986.8272391862722,1019.653372475176,1046.3574914913163,1030.2062900215665,988.476099862814,916.7120594821472,804.1007399573763,720.617790510337,589.023768620588,520.1624746173064,532.4546929082323,595.8942859266231,8.602325267042627,8.94427190999916,19.4164878389476,7.810249675906654,10.816653826391969,14.7648230602334,2.23606797749979,8.06225774829855,7.0710678118654755,7.280109889280518,14.0356688476182,719.1244676688452,556.9748647829631,463.2591067642384,379.49044783762344,380.13155617496426,480.0666620376799,615.3665574273597,771.7629169634934,921.1758789720886,1054.181198845815,1157.405719702473,1217.0591604355147,1251.2042199417328,1245.732716115299,1192.7799461761588,1167.2964490651036,1043.993294997626,916.6400602199316,800.2062234199382,673.5948337094043,614.7259552028041,767.6731075138688,826.8500468646054,979.6172722037928,1111.7018485187475,1240.6679652509772,1.4142135623730951,1431.165259500104,1479.075724903901,1451.339036889727,1413.503448881537,1336.3102184747372,1238.6460349914337,1078.482266891765,952.4883201383626,798.0137843421002,702.1744797413247,637.3146789459662,625.0455983366334,674.0511850000711,746.9303849757353,859.6865707919369,940.966524377993,1009.3215543125988,1052.062735771969,1084.9239604691195,1069.9780371577726,1020.3773811683596,978.4176000052328,901.6041259887844,839.5504749566877,736.582649809239,658.262105851461,2.23606797749979,10.0,13.41640786499874,6.082762530298219,0.0,0.0,0.0,128.0,10.770329614269007,5.385164807134504,15.811388300841896,830.5570419904944,758.7601729136816,689.3511441928562,603.0033167404637,538.4876971667969,428.9731926356238,382.1060062338722,360.51352263126,402.82626528070386,444.04166471177,491.0651687912715,534.6634455430818,609.0262720113147,621.984726500579,640.944615392001,662.5918804211232,653.4408925067362,628.6811592532418,606.1633443223039,554.3978715687858,526.0513282941124,465.1161145348546,398.628900106352,393.5543164545398,405.2468383590426,424.3229901855425,16.55294535724685,527.7092002230016,580.9784849716898,622.3327084446069,659.2002730581959,674.9081418978437,556.5294241996554,533.5035145151342,509.2003534955568,470.1829431189524,424.00471695489426,379.9184122940082,333.1561195595843,295.26936854336924,275.0890764825096,284.96491012052695,302.32432915661946,358.4689665786984,361.9295511560226,396.18177646126026,425.0894023614327,420.9429890139519,437.59913162619506,422.1563691335238,398.42188694899784,369.1950703896248,342.49233568066893,18.0,12.806248474865695,8.94427190999916,7.615773105863909,16.15549442140351,12.806248474865695,6.4031242374328485,12.083045973594572,5.385164807134504,1.0,10.0,317.9591168688201,319.3305497443049,335.40721518774757,327.61104987469514,331.17065087353376,332.86633954186476,325.16149833582693,310.4834939252005,297.8355250805384,269.3566409056959,254.3481865474963,244.95101551126504,234.88720697390056,240.75921581530375,250.89440009693325,255.15485494107295,276.1340254296815,258.5072532831526,265.42418879973997,271.0645679538364,281.7605366264055,279.94642344563005,271.88416651213805,271.5437349673161,270.8578963220382,276.3837911311009,7.211102550927978,270.51247660690257,259.12352266824405,237.91805311913595,250.59928172283335,210.23796041628637,208.96889720721595,177.61193653580833,159.13830462839547,162.09873534361705,140.9432509913121,147.6279106402309,143.6175476743702,147.00340132119393,155.08062419270823,182.62803727796015,201.1591409804685,195.68597292601223,212.0495225177364,218.0022935659164,217.6235281397671,208.92582415776175,192.7200041511,169.162643630324,159.0125781188394,127.91012469699184,98.89893831583836,0.0,0.0,0.0,0.0,0.0
2025-06-01 18:44:24.021,0,0.0,0.0,0.0,0.0,0.0,0.0,138.13037319865606,47.67598976424087,84.52810183601665,185.27007313648903,276.4868893817571,372.8592227637664,455.3064901799666,519.2850854781022,584.4997861419625,628.0262733357579,637.2723122810216,647.0023183884274,626.76630413576,569.8429608234185,522.4834925622052,435.19765624368887,332.67401461490795,224.75097330156325,164.7938105633825,177.341478509682,284.6278271708513,407.191601092164,525.9144417108167,633.8611835410021,725.8271144012189,788.5036461551715,6.708203932499369,840.724092672501,829.7240505131812,799.6255373610825,724.7068372797376,647.7908613125072,549.6071324136906,441.16323509558225,345.0797009387831,310.0096772683072,356.8557131390781,499.5207703389319,614.3777339715365,770.4836143617852,866.1547205898032,983.0768026965136,1065.3468918619888,1100.5344156363308,1018.0771090639452,1006.6821742734894,965.397845450258,822.2517862552808,728.5506159492284,609.5522947212979,555.3251299914313,517.0348150753487,573.8100731078185,2.8284271247461903,16.492422502470642,11.40175425099138,7.615773105863909,15.556349186104043,11.6619037896906,6.324555320336759,4.123105625617661,5.0,8.94427190999916,3.0,731.7137418417122,609.1182151274086,471.008492492439,402.0572098594925,376.11966180990856,479.10437276234495,624.4437524709491,781.5785309231568,936.9364973145192,1066.498007499311,1176.6137854028398,1257.7376514997077,1286.4353850854695,1292.3192330070772,1244.7537909160992,1196.436793148723,1108.8376797349556,950.3709801966808,817.3279635495167,700.0714249274855,612.9437168288782,750.7070001005719,824.457397322627,954.2541590163491,1111.7994423456057,1260.4792739271836,14.0356688476182,1442.4181085940372,1489.0533905807408,1488.108866985208,1441.3798944067453,1360.864798574789,1245.1224839348135,1119.3256898686816,958.8936333087212,820.6247619953958,714.358453439168,639.2691139105658,621.9332761639306,652.754931042271,732.5469268244868,814.4943216499425,896.8015388033185,966.304817332502,1032.5909160940746,1050.4722747412231,1052.1696631247262,1021.7984145613068,965.1243443204612,905.0022099420532,841.2044935685972,748.6073737280444,676.7096866456102,3.1622776601683795,5.0,7.810249675906654,10.816653826391969,0.0,0.0,0.0,128.0,10.0,11.180339887498947,22.09072203437452,850.0499985294982,763.2037735755766,712.5461388569865,644.2980676674423,535.9048422994515,459.04792778096714,417.0191842109905,390.0,418.7242529398076,461.5463140357639,513.1754086080119,576.0034722117567,630.924718171669,662.3488506821764,681.7807565486137,713.9502783807848,703.4095535319377,678.0980755023568,653.2090017750827,610.9214352107806,555.4358648845067,513.2182771492068,463.05075315779374,448.0178567869812,447.82585901218346,452.5847986841802,17.69180601295413,556.2103918482645,615.7052866428872,659.0007587249047,686.5690060001252,706.2832293067704,566.344418176784,553.4835137562816,529.0340253707695,486.29723420969606,456.43838576526406,414.93372964848254,358.69903819218695,320.66337489647924,297.22886804615734,299.61308382645774,337.2150649066557,363.1115531073061,406.07881008493905,417.2972561616,434.6883941399862,431.7001274032705,417.7774527185497,427.2750870341027,379.6063750781854,353.111880287254,341.0131962256006,4.123105625617661,10.0,19.79898987322333,10.198039027185567,5.385164807134504,9.848857801796104,10.0,9.055385138137416,10.295630140987,19.209372712298546,16.401219466856727,306.7278924388847,329.07749847110483,339.7484363466593,354.0536682481909,352.8413241104279,341.7133301467767,328.4448203275552,308.1038785864274,307.2930197710322,292.4739304621867,261.457453517776,271.9007171744863,267.5761573832766,275.0509043795348,296.66479400158016,269.3120866207085,279.55679208346913,272.360055808483,276.3837911311009,278.8045910669335,300.37643050013094,279.4011453090341,278.21754078418564,289.4563870430224,294.4299577149037,289.1712295509358,10.770329614269007,281.4551474036316,270.1184925176357,269.02973813316623,247.20032362438363,223.3942702935776,203.08865059377396,189.70766985021984,180.06943105369106,160.65490966665163,146.696966567138,139.84634424968,148.66068747318505,160.22484201895784,179.27911200137063,192.33304448274092,202.4080037943164,209.24626639440905,217.86234185833953,218.0,197.9747458642137,192.9611359833891,173.90802166662698,174.73408368146153,148.7615541731129,122.44182292011172,99.72462083156798,0.0,0.0,0.0,0.0,0.0
2025-06-01 18:44:24.025,0,0.0,0.0,0.0,0.0,0.0,0.0,128.69343417595164,47.70744176750625,98.351410767716,200.08498194517247,299.84829497597616,400.5358910260103,484.4801337516328,553.0904085228743,606.8550073946824,642.919123996168,666.3189926754302,661.9101147436863,627.2001275510074,592.3520912430376,526.2774933435782,439.3688655332783,331.0135948869774,221.28714377477965,153.7172729396407,169.29264603047588,289.35272592460575,415.2601594181653,538.2090671848626,651.8780560810434,742.3779360945475,789.461842016446,8.0,860.0337202691532,845.7860249495732,792.0056817978012,726.4137939218941,640.0382801051825,539.6007783537751,436.94507664007386,331.85087012090236,330.49205739321485,339.7322475126552,513.8725522928813,629.4227514159303,786.909143421272,880.4163787663199,987.7757842749538,1053.6531687419726,1024.5779618945548,1039.2521349508982,1026.2168386846904,955.164907228066,825.6300624371669,694.050430444359,593.5528620097792,536.4475743257676,542.7227653231436,580.0310336525107,10.0,4.47213595499958,16.1245154965971,10.04987562112089,2.23606797749979,8.48528137423857,9.848857801796104,13.038404810405298,7.0,8.246211251235321,10.770329614269007,728.5629691385639,603.2453895389503,465.1075144523038,377.4572823512616,386.0634662850138,472.0010593208452,645.1519200932444,788.2721611220328,925.8644609228718,1076.2011893693484,1182.1175914434232,1251.7515727970947,1282.8752862223205,1278.7400048485229,1244.7851220190576,1182.0600661556923,1060.7907427952036,946.531563129302,792.1142594348369,668.9469336202984,592.9797635670209,719.1731363169789,791.0120100226039,943.704402872001,1093.0626697495436,1238.9257443446722,9.055385138137416,1405.7738082636197,1479.1838966132643,1453.157252330249,1422.1409916038565,1334.6778637558953,1210.2582369064876,1071.9948693907074,924.5999134760938,775.134181932393,666.4788068648545,586.8807374586424,569.0281188131215,616.5233166718027,697.0,798.4985911070852,872.4018569443786,943.4897985670008,1010.398436261656,1021.2159419045512,1031.378204152095,972.9938334850845,942.7327298868964,888.6900472043108,803.0473211461451,714.370352128362,646.1114454952799,12.36931687685298,10.44030650891055,11.40175425099138,6.708203932499369,0.0,0.0,0.0,128.0,9.055385138137416,4.242640687119285,13.601470508735444,790.3904098608484,772.1308179317803,734.444007396071,642.0124609382593,542.4066740002376,429.847647428714,400.0,393.0050890255748,369.5673145720546,491.3461101911768,493.2230732640151,540.2379105542298,605.2387958483824,658.7700661080465,610.0819617067857,697.3270394872122,658.8482374568516,619.136495451528,623.6697844212111,604.9338806844927,541.3834131186511,498.731390630267,404.4910382196372,411.7523527558768,458.5684245562488,392.65379152632664,7.0710678118654755,460.575726672607,593.000843169721,587.6087133458796,694.317650647022,660.8244850185259,532.9549699552487,514.0087547892546,504.34611131642527,481.17564360636544,452.32842050881567,381.0301825315155,352.4343910573995,304.8294605185004,267.9272289260649,295.2033197645311,306.6349621292393,323.908937820493,354.8309456628607,425.5126320099087,418.4781953698424,412.0400465974151,434.77005416656743,411.0109487592758,391.69503443367773,387.2996256130387,332.05120087119093,5.0,7.810249675906654,6.324555320336759,5.385164807134504,14.0,11.180339887498947,9.486832980505138,11.40175425099138,14.866068747318506,11.40175425099138,12.16552506059644,340.75357665034124,351.8081863743367,359.2436499090833,354.2033314354906,370.3079799302197,352.03692988094303,355.75975039343615,323.40222633742025,325.1538097577822,311.96954979612997,305.94280511232813,321.5618136533006,301.24076749337894,295.53003231482245,300.60272786520085,274.8035662068453,276.29332239487803,283.70407117276267,288.2672371255533,289.0882218285622,300.4130489842277,306.5566831762113,311.23785116852355,308.13146544940844,295.67718883945037,301.8907087010132,15.033296378372908,296.00675667964066,310.30468897520706,300.6559495503124,257.6703320136022,252.6024544615511,233.68354670365648,207.17142660125697,173.80736463107655,165.73774464496614,144.20124826089406,156.97770542341354,161.8054387219416,170.79227148791014,187.42731924668823,208.3122656014283,225.39964507514205,231.89652865017192,247.39644298170495,240.0,234.08759044426083,215.1278689523977,206.3492185592182,180.5602392554906,164.00304875214974,118.72657663724664,104.12012293500234,0.0,0.0,0.0,0.0,0.0
2025-06-01 18:44:24.027,0,0.0,0.0,0.0,0.0,0.0,0.0,117.80067911519016,43.829214001622255,105.80170130957252,211.2178969689832,302.51776807321585,394.98101220185254,489.767291680447,539.1140881112271,603.7549171642414,618.589524644574,658.5590330410782,652.0989188765766,631.3303414219848,580.1353290396992,530.2122216622322,432.00925916003234,325.59637590120684,221.90313201935655,144.77914214416384,171.23083834403195,262.4137953690697,409.6486299256962,512.2499389946279,626.8404900770211,718.8546445561857,789.7341324775066,16.278820596099706,855.6547200828147,836.3372525482768,826.3951839162665,733.2189304702928,659.8461941998302,562.8800938032895,441.0759571774458,365.9029926086968,317.3972274611106,328.380876422486,486.9630376116857,625.4118642942425,746.9672014218563,849.602848394472,950.1773518664818,1015.0886660779934,1015.7347094591186,1066.7075512997928,1000.4024190294624,909.121004047316,837.0955739937943,725.1406760070765,627.2431745344065,571.233752504174,550.8910963157782,600.8660416432268,12.529964086141668,8.48528137423857,12.0,6.324555320336759,3.605551275463989,11.6619037896906,4.123105625617661,15.652475842498529,4.123105625617661,10.198039027185567,10.770329614269007,719.4775882541443,609.4727229335206,466.9496760894048,393.2645420070312,409.90974616371346,497.36304647611286,630.6512506924885,777.476044647036,931.96781060292,1040.812182864901,1151.5641536623134,1224.6248405123913,1267.0142067080385,1256.592614971137,1235.6605520934947,1141.0543370059113,1055.281952844831,921.7185036658426,801.0954999249466,668.4496989302935,621.3058827984812,753.7758287448596,821.5156724007156,964.4091455393816,1116.0757142774858,1264.5414188550726,12.649110640673518,1442.9442123658143,1456.9135183668247,1470.5281364190214,1385.1303187787062,1320.613493797485,1186.0088532553204,1072.7278312787453,928.0797379535876,782.1208346540834,667.3057769868324,599.9541649159543,607.2314221118667,648.0100307865612,731.9760925057594,814.3709228600933,887.3432255897376,937.661986005618,1009.1605422329988,1029.427510803942,1002.2200357206996,984.2733360200306,940.0771244956449,868.4065868013669,796.5375069637337,712.5461388569865,656.2255709738839,24.73863375370596,3.0,2.23606797749979,7.0,0.0,0.0,0.0,128.0,8.48528137423857,10.295630140987,15.652475842498529,810.0617260431454,772.4881876119531,681.0058736897943,609.1338112434738,526.4598750142312,443.4636399976891,399.8612259271959,385.84064067954273,413.14041196668234,469.92978198875625,514.1400587388615,563.6488268416781,638.4684800364071,673.5755339974871,717.4015611914989,697.3614557745502,701.4969707703661,668.7189245116366,649.3935632572901,589.2809177293967,550.1863320730532,496.3970185244871,443.947068917005,428.4390271672271,435.19765624368887,466.4000428816447,14.560219778561036,561.2281176135066,612.3610046369706,661.4627729509803,674.4130781650072,703.6511919978534,583.7002655473099,547.9890509855101,521.245623482826,475.06315369643227,434.50431528351936,383.9596332949598,339.988235090569,314.4789341116508,286.174771774173,276.14670014323906,313.8184188348415,363.4198673710616,379.8697145074874,408.7077195258245,419.3864566244361,427.51842065576545,427.8329113100113,408.3833982913605,398.0376866579344,348.209706929603,319.394740094448,16.64331697709324,15.264337522473747,3.605551275463989,16.1245154965971,6.708203932499369,5.830951894845301,5.830951894845301,4.0,14.212670403551895,9.055385138137416,7.280109889280518,298.44429966075745,336.89315813770986,341.55233859541937,367.0340583651604,363.1886562105155,332.8137617346975,335.78862398836566,327.1849629796577,339.4539733159711,304.00657887618155,295.3303235362058,285.2595309538316,291.171770609721,295.4386569154416,290.4961273407961,280.47994580718245,282.412818405964,277.1461708196597,286.89545134072796,289.61353559528254,295.3811097548386,292.4961538208665,298.04194335697116,298.6134625230417,305.49795416663596,311.51564968713853,4.47213595499958,314.65854509293086,291.06184909740404,283.7199323276389,266.83515510516975,244.85914318236107,230.3258561256204,197.9898987322333,184.3529224069963,154.18495387034366,152.9477034806342,146.4923206178399,160.64868502418562,172.15400082484288,211.17765033260503,206.9033590834136,231.36551169091732,222.0923231451281,236.88815926508445,250.63519305955415,226.75316976836288,216.11339616044165,196.29060089571277,172.74258305351347,145.34441853748632,109.65856099730654,97.082439194738,0.0,0.0,0.0,0.0,0.0
2025-06-01 18:44:24.030,0,0.0,0.0,0.0,0.0,0.0,0.0,201.64572894063488,106.23088063270492,38.48376280978771,126.57408897558771,218.66183937761065,320.3903868720159,426.7469976461463,500.8961968312397,575.865435670522,623.2575711533716,657.6473218982952,681.7756229141667,658.729838401146,640.7222487162437,576.7789871345869,496.5168677900077,419.119314754164,297.2541000558277,185.26737435393204,131.60547101089682,193.70596273734063,327.7148150450327,455.94955861366947,571.5216531331074,677.608293927989,763.0235907231178,9.433981132056603,853.070923194549,855.716074407861,830.6924822098729,784.5113128566088,710.6426668868116,612.4418339728272,509.88331998605327,393.46791482915097,314.45349417680194,312.488399784696,424.1898160022232,545.066968362604,668.6493849544768,826.6081296479003,894.9508366385273,1012.9605125571284,1044.185807220152,1054.720816140461,1047.5175416192324,971.0458279607612,870.9563708935138,788.2766012003655,665.5441382808506,568.4012667121705,516.8287917676414,542.6693284128006,13.601470508735444,11.6619037896906,5.0,13.601470508735444,10.295630140987,10.0,18.867962264113206,7.0710678118654755,13.038404810405298,14.866068747318506,14.422205101855956,793.7316927022632,655.8818491161346,554.9099025968089,444.292696316291,423.70980635335786,463.146844963884,562.0827341237231,729.0850430505346,886.0846460694373,1020.4401011328396,1138.4783704576912,1227.9780128324774,1270.9402031567024,1283.882393367866,1277.9299667822177,1206.8110871217582,1097.4607054468966,989.1986655874542,855.1818520057591,729.8013428324176,632.3804234794117,749.7526258706935,802.200099725748,928.2720506403282,1070.3013594310717,1218.960212640265,9.055385138137416,1428.7295055397994,1479.6121113318854,1472.2397902515745,1445.19202876296,1348.656368390407,1259.4621868083218,1102.6413741557135,977.3458957810176,828.5336444586907,711.5124735378854,630.6227081226936,600.747867245486,643.5666243676718,708.0572010791219,805.0596251210217,895.1983020537964,956.3184616015734,1006.0984047298754,1039.7932486797556,1042.7104104208415,1008.5221861714298,968.0728278388976,921.8947879232206,842.4499985162324,739.2983159726525,659.427782247609,5.656854249492381,13.601470508735444,6.324555320336759,4.47213595499958,0.0,0.0,0.0,128.0,10.816653826391969,11.04536101718726,12.36931687685298,817.8728507537097,777.2464216707594,707.720990221429,629.8825287305563,544.5374183653498,445.53899941531495,409.8206924985609,390.858030491891,404.2091043012267,447.5712233823797,523.6917031995065,571.8478818706947,638.683802832043,670.3141054759328,706.0,726.5094631179968,701.1889902159046,706.4729294176813,705.4310738831966,630.0198409574099,602.2599106698037,524.8285434310905,467.9797004144517,463.6248483418463,440.0181814425399,454.46341987007054,12.206555615733702,552.0733646898752,607.1655457945551,637.1946327457568,685.2481302418854,698.7717796247928,575.0069564796586,537.7155381798075,532.3504484829518,485.84462536905767,455.3789630626342,397.404076476324,362.7078714337477,339.0634158973805,323.82711436814554,334.32020579079574,338.178946713127,367.9673898594819,401.2542834662329,415.76555893916947,433.5089387775066,419.9059418488859,435.9908255915484,422.5115383039853,407.5389551932428,353.42042951702723,320.5386092189208,15.652475842498529,0.0,5.0990195135927845,11.180339887498947,20.223748416156685,9.055385138137416,7.280109889280518,7.280109889280518,4.47213595499958,3.605551275463989,8.246211251235321,287.7377278008569,322.3988213377958,325.2460606986655,312.1938500355188,325.48425461149424,309.34770081576494,319.7655391063896,289.88618456214846,267.0131082924582,280.0071427660373,256.6748916431056,274.3027524469997,259.3067681338071,247.6307735318856,283.9859151436916,249.3772243008571,256.8462575160479,275.10906927980403,268.00186566514793,273.72431386341987,277.2814454665151,277.41665415039523,289.5876378576958,295.26936854336924,276.8104044287353,285.616876252087,12.36931687685298,277.1028689855087,271.26555254952666,252.0714184512001,240.6657433038612,217.14741536569116,192.62658175859323,175.93180496999398,153.4731246831184,152.0131573252789,130.92364186807515,152.59423318068085,159.13830462839547,168.86681142249356,188.0026595556563,201.6953147695801,208.92582415776175,215.75217264259473,209.65209276322523,210.23796041628637,201.83656754909404,186.4296113818832,165.1696097955069,139.40229553346674,115.69356075426153,98.99494936611666,81.5659242576212,0.0,0.0,0.0,0.0,0.0
2025-06-01 18:44:24.034,0,0.0,0.0,0.0,0.0,0.0,0.0,41.43669871020132,96.25487000666512,213.95326592506132,296.54679226051326,392.3901120058965,479.784326546835,539.5488856442945,589.0823371991389,624.3925047596264,641.0686390707316,642.3589339302443,617.1045292330951,552.4137941796891,499.24943665466463,414.2813053952591,318.2656123428983,224.53952881397075,131.94695904036593,147.78700890132393,248.20354550247663,374.0975808529106,495.1545213365218,602.99419566029,696.032326835471,755.1748141986728,816.8163808347626,3.1622776601683795,821.3507168073819,789.519474110677,712.5756100232452,668.5057965343308,567.6310421391698,468.6331187613611,343.0364412128834,303.43368303469543,312.43559336285614,405.5231189463802,554.2923416393194,691.2307863514183,833.7001859181753,918.8715905935932,1013.560555665028,1032.9230368231702,1052.7245603670506,1015.7642443008122,974.8528094025272,863.3846188113383,772.6998123462953,676.9239248246438,571.309023208981,539.7962578603153,564.2277908788258,636.8304326898959,7.615773105863909,16.492422502470642,10.295630140987,3.0,1.4142135623730951,7.0,2.23606797749979,0.0,3.1622776601683795,22.360679774997894,4.47213595499958,685.4137436614471,555.3422368233844,444.262309902607,383.6925852814985,446.5344331627741,522.7025923027358,706.8238818828917,843.1968927836488,972.2000822875916,1098.382902270424,1183.87330403215,1236.4663359752258,1258.0778990189756,1245.8266332038338,1204.365393059764,1138.108079226222,1037.5726480589203,904.7983200691745,793.0025220640853,662.0370080290074,594.7856756849479,735.0217683851275,828.0603842715819,963.4028233298884,1113.5852010510916,1224.9448967198484,8.94427190999916,1416.0017655356226,1462.5484607355752,1425.8190628547509,1424.3022853313128,1318.5040765958977,1221.4000163746518,1108.8052128304591,965.4268486011772,824.9339367488769,719.200945494373,639.657720972709,612.5520386057009,630.1468082915283,710.1274533490449,793.5370186702067,871.626640253727,938.6511599097933,998.1142219205176,1028.8289459380503,1022.5971836456424,971.018537413164,972.0020576109908,929.6805903104572,860.5980478713625,778.8228296602508,713.4381542922974,3.605551275463989,8.06225774829855,1.0,14.142135623730953,0.0,0.0,0.0,128.0,18.027756377319943,18.68154169226941,3.605551275463989,855.0233914928878,797.2132713396084,756.0588601425156,694.4818212163656,614.9341428153099,513.0009746579435,485.1082353454742,455.2471856036015,436.972539182956,453.47105751084047,512.0595668474518,568.1065040993634,611.594636994145,663.4289713300136,683.5115214829959,728.7475557420415,729.7150128646114,722.0228528239255,689.0224960043032,633.0007898889227,637.3460598450421,584.415092207585,554.4844452281777,501.8386194784136,479.5518741491894,499.78495375511255,9.433981132056603,526.5681342428537,565.87277722117,595.6257214056492,645.5385348683686,668.3150454688267,528.3795983949418,519.7432058237991,507.6662289339326,492.2489207707824,472.5177245352814,438.42673276158695,379.8157448026608,359.4495792180038,332.3988567970714,332.6018640957985,331.96535963862254,346.3827362903642,383.172285010281,401.69640277204377,401.31907505126145,388.4147268062837,419.3948020660247,403.11288741492746,394.0012690334893,348.7491935474547,318.2153358969363,12.649110640673518,16.97056274847714,13.0,14.212670403551895,12.206555615733702,9.899494936611664,8.246211251235321,4.0,13.892443989449804,21.095023109728988,15.652475842498529,272.92673009436066,295.6095397648729,335.0492501110844,320.4075529696515,325.2199255888237,317.6239915371633,339.0634158973805,324.32699548449557,295.9746610775997,311.8493225902535,294.8236761184556,285.8058781760795,291.6504757410829,305.27692346458156,290.20337696174386,268.47718711279737,277.79488836189915,284.1548873413934,276.181100005051,256.82678987987214,261.457453517776,262.4576156258378,270.1851217221259,265.31867631209076,267.7106647109898,270.83020511013905,5.0990195135927845,266.1766330841233,274.71075697904513,266.1766330841233,256.2888994864975,247.83260479605988,228.00877176108816,205.11947737842937,186.1316738225926,164.048773235279,140.80127840328723,133.63382805263043,114.9086593777858,124.82387592123553,142.1724305201258,152.76452467768817,159.8311609167624,192.93781381574735,200.44450603596,188.7988347421668,192.50974001333023,193.75241933973368,197.2232237846243,182.0109886792553,155.24174696260025,134.31678971744373,113.7453295744489,0.0,0.0,0.0,0.0,0.0
2025-06-01 18:44:24.038,0,0.0,0.0,0.0,0.0,0.0,0.0,62.0966987850401,104.31682510506155,205.1852821232556,302.8696089078599,398.1519810323691,472.34415419268186,544.9293532192958,593.5225353767117,635.4462998554637,662.0641962831097,644.4105834016074,629.5752536432798,579.6153897197693,517.0928349919384,431.4185902345887,343.72227160892555,231.89006015782564,146.7310464761974,165.20593209688326,262.15453457836657,380.2841043220187,496.78969393496885,611.1301007150605,715.2796655854268,777.304316210839,832.68361338506,9.055385138137416,846.0508258964115,792.7736120734595,751.6362151998798,662.4507528865824,572.1975183448457,458.219379773488,365.2423852731224,314.416920664267,340.4776057246644,425.36807590603223,558.1755996100152,723.3705827582429,813.1912444191711,954.8554864480802,1000.1024947474134,1055.2558931368258,1064.78213734078,1050.0904722927448,979.9556112396112,879.575465778804,796.0012562804156,693.3974329343887,562.9706919547411,513.0077972116993,537.4923255266069,644.8542470977453,20.248456731316587,3.1622776601683795,11.6619037896906,3.0,7.615773105863909,3.605551275463989,6.082762530298219,6.324555320336759,6.708203932499369,10.44030650891055,18.68154169226941,692.6940161427699,566.6127425323225,441.03514599179056,395.9254980422453,447.4203839790941,541.912354537152,717.3506813267832,838.0578738965467,990.0126261821108,1111.5979489005906,1198.2324482336471,1265.284552976128,1285.1042759247205,1275.5081340391366,1231.995129860504,1145.0502172394013,1036.907421132668,886.2257048856121,778.9383801046139,658.3107169110951,583.460367120167,743.5764923664545,820.7045753497418,981.2568471098684,1113.109608259672,1253.6191606704167,3.605551275463989,1427.7618849093851,1450.0682742546987,1439.9201366742532,1386.5763592388269,1307.3216895622895,1214.410556607608,1058.4006802718902,940.0132977782814,794.5117997865104,672.501301113983,610.4506532063014,579.2029005452234,624.0008012815368,697.5105733965615,785.8880327374886,881.5764289044938,932.6826898790392,1010.1326645545128,1021.8008612249256,1041.914103945234,1027.700831954514,971.0741475294252,918.5695401002582,848.2694147498188,777.74160233332,703.319273161201,13.038404810405298,8.54400374531753,16.64331697709324,17.0,0.0,0.0,0.0,128.0,9.219544457292889,17.88854381999832,18.35755975068582,889.1102293866604,836.909194596403,770.1038890954908,712.2646979880443,616.5427803486145,536.3674113888725,504.34611131642527,461.11386880032137,450.5041620229496,480.6506007486103,515.6287424106612,589.9601681469691,632.3962365479415,682.4617205382292,710.4540801487454,725.3805897596103,744.0436815133908,724.3341770205242,702.6841395677008,675.7647519662445,619.8265886520197,580.9070493633211,551.90216524308,504.9059318328514,471.2748667179271,487.5674312338756,2.23606797749979,528.1003692481194,583.144064532942,614.2637869840611,625.4422435365235,653.4217627229751,531.8646444350292,506.951674225463,508.4820547472644,485.4121959736899,448.8674637351208,428.5090430784396,365.5092338094894,346.1748113309228,334.3411431457397,330.9274845037807,338.15528977083886,359.2436499090833,387.1976239596519,383.80203230311326,427.7873303406729,415.9326868617084,413.3920657196991,392.84093473058533,387.6712524807585,361.58124951385406,333.4861316456803,9.219544457292889,13.341664064126334,15.033296378372908,6.0,8.54400374531753,6.324555320336759,6.324555320336759,5.0,9.219544457292889,5.385164807134504,9.055385138137416,307.405269961333,301.7614952242913,310.4593371119638,335.5145302367693,332.6048706799105,313.54266057428293,321.8400223713639,324.6552017140646,303.20455141702604,298.69047524151154,271.8124353299532,281.8865019826242,294.56747953567447,287.1114766079545,307.5386154615384,259.9249891795708,278.0017985553331,263.8825496314601,270.84497410880635,279.56573466717987,269.7647122957337,260.049995193232,248.2196607845559,266.1766330841233,283.5947813342128,276.1159176867571,6.324555320336759,285.3559181092973,278.87093789063067,270.73234014428346,255.8300216940928,254.55844122715712,225.5681715136247,198.66806487203723,194.0,160.63934760823702,155.24174696260025,127.58134659894448,119.5198728245642,133.2066064427737,146.16771189288008,155.90060936378666,170.985379491932,193.31321734428815,188.6001060445089,215.24404753674375,200.2598312193436,205.23157651784484,202.70421801235415,187.3205808233575,171.81676286090365,147.0136048126159,116.93160394008116,0.0,0.0,0.0,0.0,0.0
2025-06-01 18:44:24.041,0,0.0,0.0,0.0,0.0,0.0,0.0,106.7379969832674,50.92150822589606,118.46096403457132,233.20591759215716,322.89471968429586,412.3348154109716,492.8143666737,550.8175741568165,603.8874067241343,633.1334772384098,654.8053145783103,646.1981120368582,627.9649671757176,567.3323540923785,505.81913763715977,419.86902719776793,320.3404439030451,201.8539075668341,140.0,179.17868176767013,290.73871431235295,422.14334058468813,527.424876167213,625.5885229126251,720.6004440742456,783.7148716210507,3.1622776601683795,834.2002157755654,816.8849368179095,773.3724846411333,697.7822009767805,621.6116150780969,532.379563845195,435.28955879965696,352.00142045167945,338.3740533788015,386.4000517598309,474.9505237390522,644.2864269872523,721.433295599808,865.7078028988765,919.2388155425118,1036.5389524759792,1009.019821410858,1007.1370313914588,1012.763545947424,904.5883041472512,786.2804843056961,709.454015423128,640.4014366005123,541.2651845445077,546.8939568142987,631.9216723613774,13.892443989449804,9.848857801796104,13.152946437965904,7.810249675906654,8.06225774829855,10.770329614269007,5.830951894845301,8.06225774829855,13.152946437965904,10.04987562112089,14.7648230602334,713.8101988624147,577.865901399278,458.2597516692907,403.49597271843993,427.1416626834709,504.1765563768312,665.0248115672076,804.810536710349,950.6566151876292,1066.2269927177797,1150.381241154427,1210.7291191674544,1250.7297869643946,1247.6938727107704,1212.326688644608,1136.6837730873085,1027.4380759929038,906.935499360346,792.9848674470403,677.3189795067018,615.1625801363409,728.5519885361648,808.1150908131837,956.7789713408212,1071.041549147371,1210.3474707702744,15.811388300841896,1400.3406728364353,1422.7765109109723,1419.9073913463512,1384.4421259120943,1294.0869368013882,1197.788796073832,1073.8761567331685,925.728361885926,790.8482787488382,680.0360284573163,601.8454951231255,599.2703897240377,630.9651337435374,697.0602556450913,788.2823098357593,865.7493863699818,923.786230683268,1000.7487197093984,1037.405417375483,1035.1062747370436,1014.4811481737844,978.476366602689,926.4798972454826,870.0712614493137,778.9717581530155,696.6383566815712,27.29468812791236,6.324555320336759,6.324555320336759,9.219544457292889,0.0,0.0,0.0,128.0,18.788294228055936,7.0,5.656854249492381,871.2961609005287,830.2463489832401,762.4854096964741,708.5795650454506,626.0646931428093,529.2154570682909,495.39479205982775,466.79545841835267,482.4116499422459,515.5657087122843,552.5803109051209,590.4786194266478,628.2547254100044,690.4035052054704,715.6046394483479,712.8204542519807,713.5727012715663,703.938207515404,678.9079466319422,642.3931817819987,608.434877369797,555.5285771227256,503.51762630517715,493.27983944207574,484.6452310711414,490.40799340956914,7.615773105863909,547.3079571868109,576.0355891783076,599.2478619069075,616.1168720299745,628.7527335924672,512.0009765615687,486.1285838129661,474.6588248415909,434.5906119556657,391.8469088815171,367.6139279189514,315.5724956329369,305.5879578779242,289.99310336626974,314.63153052419904,325.9831283977746,341.31656859871305,378.5828839237189,381.27811371753296,382.968667125654,375.4530596492723,366.5637734419483,380.9278146840947,345.7875070039402,312.2579062249665,264.2820463065927,4.242640687119285,1.4142135623730951,2.8284271247461903,11.04536101718726,10.0,8.0,8.06225774829855,8.48528137423857,5.830951894845301,8.602325267042627,9.219544457292889,278.03776721877193,288.9013672518702,292.2498930709813,308.6632469213009,305.41938379873665,297.12118739665806,292.9453874018159,284.0369694247564,267.4060582709375,287.153269178674,270.3516228913746,284.2885857715712,276.6965847277483,300.2032644725903,289.0847626562147,274.6069918993324,294.3891981714003,273.22152184628504,273.85397568777415,259.59969183340723,256.8988127648705,260.3862515571819,269.1189328159578,246.67590072806055,253.16002844051033,263.3514761682569,12.083045973594572,286.67751917442007,276.00724628168734,265.58049627184596,278.32534918688236,246.75696545386515,222.40728405337808,209.0598000573042,183.8069639594757,164.23458831805192,139.43098651304163,132.01893803541975,147.87156589419075,137.5281789307195,154.46682491719702,164.12495239907915,187.275198571514,188.38258942906583,216.5848563496534,221.37072977247917,233.5551326774901,205.4288197892399,192.21342304844373,186.96791168540125,153.4731246831184,139.9428454762872,107.298648640139,0.0,0.0,0.0,0.0,0.0
2025-06-01 18:44:24.046,0,0.0,0.0,0.0,0.0,0.0,0.0,104.04326023342406,50.96076922496363,123.82245353731284,241.29857024027308,318.9435686763412,408.6820279875297,497.83531413510633,542.3218601531751,597.8795865389619,626.709661645646,646.8423300928906,635.0787352761861,609.3972431837873,557.4737661989127,492.1788292887048,405.5712021334848,303.2639114698615,205.0780339285512,128.2809416865966,185.32404053441095,290.68883707497264,412.84379612633154,520.5573935696236,640.0007812495231,728.6590423510848,781.7275740307489,8.06225774829855,829.2846314746222,819.3344860311935,768.8465386538461,686.4196966870925,617.2973351635336,521.5793324126254,402.51459600864166,336.989614083283,315.6263613832026,345.0057970527452,503.3577256782695,635.7877004157913,763.1415333999323,854.0286880427378,994.6642649658226,1058.3973733905427,1055.4970393137064,1023.88280579371,1014.9270909774752,919.718435174592,810.0895012281051,706.6102178712108,604.5072373429452,520.1326753819644,534.9476609912413,600.4348424267199,4.123105625617661,12.529964086141668,7.0710678118654755,4.47213595499958,10.198039027185567,6.324555320336759,12.649110640673518,6.082762530298219,2.8284271247461903,5.0,3.1622776601683795,710.4062218196009,574.2978321393874,463.3756575393231,383.6925852814985,401.29914029312346,483.25666058524223,658.6205280736397,799.7155744388126,949.5735885122332,1093.3384654351094,1201.010407948241,1246.3330213069055,1283.947818254309,1285.816860987598,1225.0069387558583,1188.214206277639,1035.9657330240225,929.664993425051,794.4815919830994,640.8759630380905,569.8701606506521,712.1270953980055,794.2524787496732,932.3625904121208,1063.4853078439776,1197.5884100975593,12.206555615733702,1385.655440576769,1435.4570700651414,1419.941195965523,1401.259790331543,1308.2461542079916,1206.4049900427303,1078.3032968511225,953.9103731483372,817.1297326618338,699.9292821421318,622.0755581117136,589.4276885250641,634.7613724857555,695.082728889159,797.6622092088857,861.1068458675729,966.4088161849518,1006.882813439578,1031.2652423115985,1040.8477314189622,1019.0632953845408,1003.5636501986309,949.6025484380294,888.7215536938439,802.3590218848418,710.2478440657177,4.47213595499958,5.0,13.45362404707371,8.06225774829855,0.0,0.0,0.0,128.0,13.0,9.433981132056603,5.385164807134504,906.1942396638814,844.5762250975338,788.2594750461298,714.3472544918193,643.8773175069922,560.7147224748071,515.0038834805034,501.5436172457985,525.8184097195533,530.5892950295926,583.1654996654038,621.4088831035489,675.7588327206681,704.8269291109698,714.9055881723125,731.1203731260674,728.1552032362331,715.4746676158422,668.5656287904726,604.7520152922187,608.3978961173353,567.2741841473133,524.9761899362675,520.6399907805777,526.4617744907981,506.70898946042,9.486832980505138,578.5404048119716,644.5502307811238,652.3342701407001,686.0269673999703,664.6818787961652,545.5730931781735,503.1202639528644,515.8769233063251,465.3181707176285,426.4563283620024,385.700661135031,357.39334073258834,328.105166067223,338.5291715642834,345.63853951780317,372.5184559186296,407.81368294847584,427.8469352467071,441.02154142399894,437.12698383879257,429.69407722238856,419.07517225433435,412.8195731793734,367.4955782046908,337.90235275889984,289.0,10.63014581273465,11.40175425099138,11.0,2.8284271247461903,3.1622776601683795,7.810249675906654,11.04536101718726,11.04536101718726,3.605551275463989,10.198039027185567,7.280109889280518,304.2449670906653,305.6435832796102,291.58875149772155,302.59213472924245,289.17814578560393,269.89812893015767,259.12352266824405,245.2305038122297,253.1896522372113,254.0964383851139,252.00198411917316,256.25963396524236,270.05369836386245,275.87859648765794,319.64042297556796,299.88331063932185,272.2590678012396,274.96363395911106,276.80498550423545,253.4442739538615,251.0975905897944,249.0180716333656,242.33241632105268,237.08437316702253,251.07170290576352,244.38698819699871,5.656854249492381,260.43233286210835,264.37851652507624,260.76809620810593,264.95471311150516,252.38462710711997,240.05207768315609,208.3698634639856,190.53870997778904,187.17104476921637,139.5600229292042,129.72663566130126,132.9135057095403,121.80722474467596,139.54210834009928,144.58907289280197,180.71247881648904,182.7922317824256,202.76340892774513,199.1105220725414,194.67151820438448,196.3517252279694,192.7615106809448,186.90371852908652,158.83639381451596,131.46862743635836,116.03878661895772,0.0,0.0,0.0,0.0,0.0
2025-06-01 18:44:24.048,0,0.0,0.0,0.0,0.0,0.0,0.0,109.16501271011695,64.77653896280658,138.4088147481944,228.1622229905731,321.5618136533006,407.4567461706825,485.02577251111103,545.1797868593442,595.0302513318126,621.1537651821809,629.6427558544607,618.8570109484097,586.2098600330772,534.7990276730129,467.22264499914814,390.7172890978847,284.29737951659,197.47404892795407,141.8731828077456,212.0495225177364,309.9629010059107,435.79123442308935,542.3329235810786,635.8380296899518,717.7868764473199,778.6719463291329,19.313207915827967,808.8720541593707,792.2455427454294,736.806623205845,676.7370242568379,594.8285467258612,489.0092023673992,373.8462250712182,324.2221460665511,315.0063491423625,365.8264615907384,533.3441665566429,680.5740224251878,797.6828943884907,891.7510863464087,985.1035478567724,1017.3047724256484,1074.7004233738814,1037.740333609521,963.6000207555,898.4364195645677,767.5083061439791,659.8552871652996,574.7660393586247,505.4305095658552,523.7193905136605,611.117828245912,5.0,11.704699910719626,3.605551275463989,9.219544457292889,7.0710678118654755,9.055385138137416,13.0,14.317821063276352,10.295630140987,6.324555320336759,1.4142135623730951,666.6700833245782,542.226889779546,404.6047453997543,345.37081521170836,369.3913913452775,470.9161284135424,618.3914617780553,773.2489896533975,918.9951033601866,1035.460284124891,1137.0312220867113,1210.3718436910203,1243.9268467237132,1231.3232719314617,1201.7728570740812,1137.2264506245008,1026.9727357627369,919.828788416627,780.951342914525,649.9353814034131,556.5294241996554,692.2152844310793,759.3734259242946,883.0475638378716,1032.5318397027763,1177.9579788770056,13.038404810405298,1373.7092123153284,1426.6639408073647,1417.139724938935,1412.7490930805795,1317.7693273103605,1244.201350264498,1087.1379857221436,1001.7913954511688,876.3024592000185,762.5122949828416,674.4968495108038,641.0070202423683,657.7119430267327,709.6618913257214,796.2411694957754,873.8563955250313,948.6543100624168,1014.416581094769,1051.104181325524,1077.2307088084706,1052.7986512149414,1015.553051297666,987.0207697915988,889.2536196159114,838.8432511500584,766.7515894994937,6.082762530298219,17.029386365926403,7.0,14.560219778561036,0.0,0.0,0.0,128.0,12.529964086141668,14.866068747318506,16.492422502470642,880.4601069895217,840.3058966828687,778.8074216390082,723.7927880270706,665.3547925731053,562.1076409372141,554.477231272845,510.360656790862,504.1468040164491,530.664677550711,573.2268311933767,604.438582487915,650.2245765887352,677.2776387863399,688.6167293930638,717.7527429414673,721.2835780745323,700.9514961821538,648.8204682344724,631.8330475687387,602.097998667991,558.0224009840465,548.7667992872747,518.1167822026227,483.1004036429694,512.2665321880788,2.8284271247461903,568.2059485785062,582.8001372683435,602.0307301126745,631.6518028154436,610.4465578574426,499.50875868196744,440.6007262817437,466.70975991508897,441.3898503590675,414.6094547884792,379.6972478172577,351.94601858807835,329.21877224727024,300.24156940703597,319.81244503614926,345.950863563021,351.7456467392312,380.4260769190251,391.7754458870541,392.0420895771269,381.0354314233782,372.2646907779463,363.7169228947149,342.12570789112004,294.7303852676205,271.44244325455077,11.0,9.219544457292889,5.0,2.23606797749979,6.708203932499369,5.656854249492381,4.123105625617661,7.810249675906654,8.94427190999916,8.06225774829855,14.0356688476182,284.0070421662111,289.1816038409082,304.0,312.92970456637704,312.60518229869444,283.9859151436916,270.6325922722539,262.20602586515815,272.44265451650557,268.33002068348594,247.7518920210298,225.0155550178698,255.53864678361276,283.0989226401259,292.18145047213386,259.09457732650446,278.5121182282739,283.9242856819402,283.8538356267183,282.0957284327432,270.22398117117586,262.1850491542186,256.28109567426156,251.85908758669004,255.82806726393412,250.0,10.0,263.2299375071156,273.02930245671433,269.05018119302576,254.0019684963091,253.1975513309716,230.26940743398808,207.2003861000264,196.1147623204332,185.16209115258988,160.9534094078159,145.90750494748377,137.88400922514546,135.83077707206124,154.6156525064652,165.8463143998081,177.38658348364456,199.84243793548956,198.25236442474025,209.40152817016403,217.27632176562636,214.3361845326169,205.73040611440985,187.72320048411703,178.99720668211555,142.12670403551894,118.3427226321923,0.0,0.0,0.0,0.0,0.0
2025-06-01 18:44:24.052,0,0.0,0.0,0.0,0.0,0.0,0.0,95.60334722173695,62.625873247404705,128.16005617976296,236.4444966583067,322.7398333023056,409.10145440953886,491.4071631549545,553.6731888036479,619.6039057333322,620.220122214686,657.9118481985257,626.1389622120636,592.8709809056268,548.8205535509762,489.44866942305606,401.04488526846967,301.2573650551966,208.12736485142935,162.88953311984167,205.1560381758236,310.39490975207696,437.30538528584344,529.1360883553493,636.6490398956084,716.6058888957026,773.0097023970657,1.0,814.042996407438,799.5561268603975,752.2293533225089,691.0028943499441,602.9610269329188,502.2718387486999,394.4616584663204,341.9268927709548,346.46933486240886,360.4691387622525,570.7696558157239,641.9501538281613,784.9203781276162,871.176216387936,966.4295111388104,1028.2747687267251,1059.8915038814114,999.0125124341536,992.2786906912796,889.301973460084,769.5095840858644,670.2156369408282,569.8648962692824,515.1019316601327,521.3290707413121,611.9934640173864,9.0,10.63014581273465,4.47213595499958,5.830951894845301,2.23606797749979,12.16552506059644,4.123105625617661,3.0,20.591260281974,13.0,18.384776310850235,711.3620737711562,592.4229907760164,462.654298585888,372.4848990227658,393.04579885809744,485.74067155221826,632.159789926566,799.7755935260841,943.8516832638484,1066.885185950203,1178.871070134474,1254.1020692112745,1279.78943580575,1272.4684671928023,1219.8368743401718,1176.6771009924516,1066.1392967150211,947.3568493445327,796.5707752610562,664.4591785805957,596.3430220938282,710.3421710696895,782.5298716343038,906.5301980629216,1047.3986824509566,1184.2588399501185,1.4142135623730951,1390.0089927766655,1441.708014821309,1439.581189096329,1417.1157327473293,1350.2684918193122,1269.6948452285692,1132.0680191578597,1012.9190490853648,889.9264014512661,777.5995113167189,683.5817434659881,643.2246885809033,658.4056500365106,726.9057710597708,807.0006195784487,881.490215487387,957.7792021128878,1019.0750708362953,1056.506034057544,1076.0,1058.1119978527793,1026.7545958017429,989.9989898984746,935.1545326843044,853.2338483674918,778.8016435524517,5.0,7.211102550927978,10.63014581273465,7.0,0.0,0.0,0.0,128.0,5.0,12.727922061357855,14.866068747318506,924.4425347202496,865.2311829794393,812.5970711244288,746.3846193484965,689.3482429077484,591.1590310567876,585.7132404171857,561.4454559438522,545.9267350112101,566.8588889662047,603.1003233293777,653.974005599611,683.9795318574965,726.4186120963586,721.5344759607818,771.2749185601721,751.2050319320285,754.3029895207893,697.9398254864096,664.262749219012,633.7586291325745,600.0741620833212,579.9180976655238,549.0081966601227,529.5280917949491,541.5542447437745,15.620499351813308,604.358337412499,622.5688716921205,643.5153455823722,692.9018689540388,663.3528472841584,534.1132838640133,510.4987757086201,495.5522172284168,462.34294630717574,434.3109485150012,402.995037190286,363.46801785026423,352.27971840570103,329.98484813700156,351.5480052567501,349.1847648452034,367.23970373585695,382.10208060150626,404.71224345206065,409.76212611709246,387.5590277622236,387.5796692294373,369.9310746612131,345.18980286213554,315.0063491423625,272.02941017470886,1.0,12.727922061357855,10.295630140987,10.04987562112089,11.04536101718726,3.0,2.0,5.830951894845301,5.830951894845301,12.083045973594572,13.601470508735444,284.94560884491625,307.50772348024043,314.0859754907882,331.59312417479345,330.80054413498175,287.4056366879397,299.1253917673991,258.80494585691366,269.69612529660117,247.6307735318856,260.0480724789169,253.9389690457138,283.17662332897464,279.12183719659055,305.3145918556792,298.0620740718282,312.1698255757593,296.99831649354513,298.0738163609813,279.0143365492175,273.87953556262653,269.09106265351886,265.80067720004024,253.8227728159946,256.90854403853524,243.7580767892625,7.280109889280518,258.7121953059036,266.4432397340942,258.5072532831526,240.26027553467927,240.0270818053663,223.89506470666117,208.38665984174708,198.600100704909,170.89177862027185,160.4306703844374,148.22280526288793,137.80058055030102,137.43725841270262,148.21605850919124,158.11388300841898,190.5597019309172,203.0615670184784,197.0406049523803,201.06217943710843,205.05608988762071,198.04039991880444,193.03885619221847,184.16568627190028,160.099968769516,136.49908424601244,113.52973178863763,0.0,0.0,0.0,0.0,0.0
2025-06-01 18:44:24.057,0,0.0,0.0,0.0,0.0,0.0,0.0,112.8937553631732,55.17245689653489,129.71121771072848,229.40139493908924,317.04258389055565,416.010817167054,499.0490957811666,547.1754745965868,601.4815042875383,637.1224372128171,654.7136778775895,642.7145556154769,606.6316839730678,554.6548476304881,488.4516352721117,399.7123966053592,303.29523570277195,196.81717404738845,147.33974345029924,191.0026177831079,304.58168034207176,424.53739529045026,536.7830101633248,649.3027029052013,724.3376284578898,776.5320341106348,4.123105625617661,836.1800045444761,811.2243832627321,773.0336344558366,704.7907490879828,608.8949006191463,523.8415791057445,422.23216362565273,356.534710792652,314.9936507296615,413.2323801446348,539.5118163673526,642.3682744345334,761.120883959966,889.7690711639734,988.2656525449016,1018.258316931416,1042.431772347716,1042.7847332982967,1006.2430123980986,885.6918199915815,833.6162186522045,684.9233533761278,579.0138167608783,531.8984865554704,536.798845006209,608.4767867388205,13.92838827718412,10.0,5.0,10.816653826391969,18.027756377319943,6.0,12.041594578792296,5.0,13.92838827718412,17.08800749063506,6.708203932499369,705.9121758405928,581.3957344184768,452.40800169758273,380.0328933131973,393.92638906272833,480.30094732365455,626.9322132415912,769.0643666169952,915.5615763016708,1044.5022738127475,1148.1332675260307,1223.3629878331287,1250.7729610125093,1248.695319123124,1212.1060184653816,1152.7723105626712,1036.6445871174942,920.3113603558307,809.8820901835032,662.4696219450368,593.2048550037331,693.8948047074571,758.7918028023233,865.9105034586427,1010.3672599604562,1150.6285238946582,2.0,1352.1408950253667,1387.464233773253,1414.6271593603738,1376.117727521886,1329.7939690042213,1243.633788540662,1132.920120749914,996.2489648677182,860.2848365512436,774.4753062557902,678.6295012744436,625.0511979030198,646.0534033653875,708.6162572224829,787.4268219968126,858.1212035604294,939.1959326998812,1001.5752592791018,1031.2652423115985,1041.8464378208528,1027.498418490267,1013.7184027134952,969.1119646356658,923.0195014191196,849.1436863099201,773.2334705637102,3.605551275463989,5.0990195135927845,12.16552506059644,5.656854249492381,0.0,0.0,0.0,128.0,6.0,2.0,6.324555320336759,894.418805705694,849.8952876678397,798.4347186840012,736.9620071618347,664.3530687819542,607.8980177628481,566.626861347042,541.8533011803103,554.0144402450175,559.3254866354653,608.1422530954414,640.066402805209,675.9201136229044,707.5485849042453,725.0848226242224,711.7337985511156,716.5926318348522,706.0453243241541,683.2225113387292,612.5308155513484,614.1343501221862,566.467121729055,540.844709690314,525.543528168695,531.3652227987827,539.1289270666155,7.810249675906654,599.2478619069075,621.2350601825367,630.5085249225422,637.6433172236655,641.725798141231,501.2404612558727,482.6727669964404,449.7521539692723,409.56562355744654,381.4669055108188,332.8092546790128,304.4289736539543,289.8706608127149,299.88331063932185,320.11560411826224,340.8518739863403,360.2804463192528,378.3556527924487,396.60181542700985,399.0050124998432,376.4066949457727,367.17979247229823,360.22354170709053,346.0549089378736,302.16551755618974,271.1180554666177,11.704699910719626,4.123105625617661,4.0,15.297058540778355,19.209372712298546,12.041594578792296,8.602325267042627,6.708203932499369,9.486832980505138,13.0,5.0990195135927845,305.8970415025291,321.6224494652076,339.29927792437167,346.5775526487542,302.026488904533,302.8811648155098,295.2558212804618,283.6370920736567,263.9337037969952,250.79274311670184,275.10906927980403,278.0395655298001,301.42494919963076,287.7933286231632,339.2064268259079,298.104008694952,310.85044635644323,309.0792778560219,299.5279619668254,281.60255680657446,266.2480046873591,259.3935234349539,258.4143958838207,254.57808232446092,242.6705585768492,264.6431559666715,7.0710678118654755,280.07141946296485,273.045783706689,289.61353559528254,284.29737951659,260.82369524259104,253.78928267363852,224.95555116511352,204.94145505485216,190.3785702225962,167.1556161186336,151.5585695366646,130.50670480860362,138.4377116251204,152.0131573252789,166.83225107874077,189.08199279677584,207.00966161027364,215.0348808914498,224.5551157288562,227.01982292302145,225.0377746068424,213.3775995740884,197.42846805868703,189.69449122207,151.85519418182574,113.35784048754634,0.0,0.0,0.0,0.0,0.0
2025-06-01 18:44:24.059,0,0.0,0.0,0.0,0.0,0.0,0.0,95.42536350467836,72.11102550927978,143.22360140703069,237.03375287076733,328.17373447611556,411.0960958218893,488.4669896727925,546.3414683144599,590.122021280345,608.0666081935432,622.1012779282808,614.8642126518668,586.543263536459,532.2490018778805,469.6594510919588,375.532954612508,288.59140666346946,208.0384579831335,150.07331541616583,191.04188022525324,307.45568786412133,406.1773011875479,521.1496905880306,633.6071337982236,694.3349335875303,767.4372938553352,5.0990195135927845,811.4708867236088,779.0301662965305,760.1164384487419,672.0186009330397,605.3428780451621,507.54802728411823,411.04865892008456,354.5095203235027,333.12159941979144,384.2460149435515,533.1463213790375,646.2545937941177,768.5206568466458,904.1515359717088,1013.4520215580015,1022.5091686630492,1041.5267639384022,1063.0794890317468,960.2067485703276,906.3564420248802,776.9337166065069,712.8758657718747,602.8764384183545,539.445085249648,561.7517245189373,632.1787721839448,8.06225774829855,6.0,24.0,9.219544457292889,7.810249675906654,8.94427190999916,13.0,7.0710678118654755,6.082762530298219,7.280109889280518,5.0,698.5656733622116,563.8129122324177,460.5616136848576,398.909764232464,422.1705816373282,504.22316487840976,669.3952494602871,810.15615778688,952.2058600953892,1052.6219644297755,1161.5700581540486,1229.069566786193,1248.6744972169488,1246.2495737210909,1219.2887270864107,1124.1512353771625,1021.270777022431,902.1247142163882,786.4477096412704,670.8539334311158,606.0239269203815,725.5460012983326,798.5637106706014,918.296248495005,1046.0229442990244,1192.9245575475425,18.973665961010276,1355.7761614661913,1374.5984868317005,1386.200923387371,1331.7075504779568,1292.9423807734047,1191.8124852509306,1078.41086789776,953.2470823453908,833.9598311669454,735.8532462386777,665.1992182797571,633.7254926227916,663.236006260215,736.609801726803,826.068399105062,897.5722812119367,948.2663128045834,990.8264227401286,1028.6554330775684,1031.0484954646895,1023.89159582448,982.715116399458,932.8692298495004,884.0955830678038,812.972939279039,749.3710696310607,5.0,14.7648230602334,7.211102550927978,12.16552506059644,0.0,0.0,0.0,128.0,12.083045973594572,16.492422502470642,9.486832980505138,857.8257398796098,838.563652920874,778.9890884986772,723.0062240395998,656.5074257005781,567.4900880191653,566.007950474196,543.2614471872636,557.3688186470428,558.3233829959122,618.5054567261311,664.1219767482477,672.8863202651693,707.7640849887765,735.669762869183,726.6615443244538,737.2550440654849,671.764839806312,678.731169167882,618.6315543196936,586.6455488623433,555.6734652653481,534.1132838640133,518.6029309597084,523.6267754803988,563.0008880987667,12.083045973594572,608.8949006191463,631.9153424312469,637.9631650808689,680.8773751564961,657.1795797192727,500.39984012787215,475.14734556766706,448.1841139531833,423.81245852381454,372.9798922194064,316.3052323310508,293.60006811988313,286.9233347080715,306.00816982557836,327.54236367224314,345.3983207834109,349.9614264458299,394.342490736162,411.54586621663447,400.37107787651195,396.9143484430866,384.5256818471297,377.53410441971994,341.31656859871305,306.0669861321211,259.5862091868518,12.16552506059644,14.866068747318506,7.280109889280518,13.601470508735444,13.038404810405298,2.8284271247461903,9.433981132056603,5.385164807134504,10.295630140987,1.0,10.04987562112089,320.7054723574264,336.1487765856065,330.54197917964973,347.588837565305,305.60104711862493,307.68327871367984,313.1405435263853,278.7705149401565,245.8373446000424,226.51490017215204,293.1381926668717,272.0073528417936,277.9964028544254,331.0060422409235,315.3363283860583,321.1385993617086,328.09297462761987,310.5382424114621,309.9306374013386,279.95892555873263,277.4058398808504,260.16341018675166,261.92556194461054,249.07027120874943,246.4345754962156,263.50332066218823,7.0710678118654755,258.7121953059036,264.20068130116545,275.0163631495406,271.4590208484515,256.4566240127168,237.9936973955403,213.10326135467753,189.16923639957952,180.9530325802803,150.4027925272666,146.74126890551273,127.5617497528158,138.351002887583,145.16886718577092,166.388100536066,175.27692375210148,200.1724256734678,211.9363111880548,214.1074496602115,212.1320343559643,213.13845265460665,196.42046736529267,195.41238445912276,163.67040050051813,134.12307780542466,114.9826073804208,0.0,0.0,0.0,0.0,0.0
2025-06-01 18:44:24.063,0,0.0,0.0,0.0,0.0,0.0,0.0,172.58621034138272,102.80077820717118,63.50590523722971,142.8740704256724,231.7088690577035,331.6036791110738,422.58726909361576,486.8367282775613,543.0874699346322,605.3098380168623,626.8341088358227,631.3493486177047,625.8154680095404,601.705908230923,531.6173435846501,465.2440219927603,376.3243282064023,276.06520968785617,200.5617112013158,131.13733259449805,221.3820227570432,320.6618156251224,451.3634898837078,567.3323540923785,655.1038085677719,728.4861014460056,12.206555615733702,820.0146340157595,834.2835249482036,794.7030892100521,749.408433365945,673.261464811406,598.9232004188851,474.0516849458506,394.0812099047606,355.39414739131536,357.0952253951318,488.082984747471,607.9424314850872,760.0223680918872,830.3523348555118,959.0099061010789,1005.732071677144,1036.8654686120085,1066.3418776358733,1034.2422346819917,910.6025477671363,868.9361311396827,755.2549238502189,625.8090763164114,559.4175542472724,525.255176081112,581.1032610474665,11.40175425099138,11.180339887498947,1.4142135623730951,9.848857801796104,9.433981132056603,21.0,7.280109889280518,20.12461179749811,8.06225774829855,4.123105625617661,12.0,779.2669632417378,628.0390115271503,518.6106439324207,412.8195731793734,410.259673865224,463.38321074462766,605.8943802347072,760.7003352174889,908.6440447171818,1041.807083869178,1135.3118514311386,1225.1224428603043,1252.562174105541,1274.9184287631897,1231.8969112713935,1174.1635320516475,1058.5409770056142,971.8235436538878,831.1251409986345,673.6200709598846,613.687216748076,724.1615841785589,769.0156045230812,881.5106352166149,1018.2779581234192,1125.3004043365488,8.54400374531753,1317.6589088227652,1387.8332032344522,1368.4871208747272,1366.979517037472,1283.3335497835317,1223.722599284658,1096.7538465854589,986.0,855.409258776172,756.8044661601833,694.1613645255691,645.1147184803646,664.513355772478,702.4813164775273,801.5609770940698,845.8191296015951,927.049621109895,968.6924176434952,997.6296908171888,1029.828141002177,988.0607268786672,971.1379922544478,945.6008671738832,894.418805705694,821.1333631024866,766.344570020562,2.23606797749979,10.0,7.0710678118654755,11.04536101718726,0.0,0.0,0.0,128.0,4.123105625617661,10.198039027185567,10.63014581273465,869.1190942557872,811.6212170711162,771.401322270062,701.8219147333602,675.0266661399385,559.0,553.0659996781577,556.6695608707198,575.3120892176697,625.6596518875099,640.5411774429494,683.93347629722,711.7141280036528,742.6284400694603,746.0730527233911,745.9845842911233,708.9837797862515,686.5136560914138,663.290283360159,585.5083261577072,588.9864175004378,571.8531279970408,542.0332093147061,548.1724181313759,558.1415591048565,581.3776741499453,11.40175425099138,651.2342128604731,677.375080734448,683.3864207020798,688.7503176042825,664.5848328091757,529.5904077681166,478.60004178854814,465.3654477934519,418.9367494025799,389.1040991816971,354.0353089735542,323.79777639755343,322.28093334853054,336.17406205714326,374.0655022853618,376.06515392947534,428.8414625476413,447.9665166058731,443.77584431782674,422.6038333948238,402.8523302650737,396.8122981965151,366.9223351064909,332.5793138485916,301.39177161959816,256.8501508662201,14.422205101855956,3.0,7.0710678118654755,13.038404810405298,17.029386365926403,9.055385138137416,16.278820596099706,10.04987562112089,12.041594578792296,2.8284271247461903,4.0,339.418620585259,339.69545183884935,348.54268031332975,321.00623046912966,319.97656164163027,260.71632093139084,268.57587382339466,257.6140524117425,235.17227727774377,249.48346638605133,271.97426348829407,281.8865019826242,281.3129929455801,319.49491388752966,341.9853798044589,298.0620740718282,307.25884853003015,298.41246622753545,285.56785533389433,249.24285345822855,269.675731203236,260.2710126003278,241.8677324489565,244.23758924457144,246.86838598735156,247.62269685955687,2.0,275.2035610234722,279.89283663573815,264.6828290615015,269.6405014088203,256.00781238079435,244.36448187083164,202.19297712828703,181.63975335812367,156.5247584249853,139.71757226634023,120.93386622447824,126.9212354178764,135.14806694880988,141.8238343861849,177.36967046256808,179.47144619688115,212.7204738618265,200.30227157973025,215.67800073257357,214.00934559032697,206.4097865896867,198.7083289648423,169.799882214329,145.49914089093448,125.41929676090518,98.08159868191385,0.0,0.0,0.0,0.0,0.0
2025-06-01 18:44:24.067,0,0.0,0.0,0.0,0.0,0.0,0.0,106.23088063270492,52.69724850502159,128.16005617976296,232.14219780126143,319.7624117997611,404.594859087458,481.3481068831579,538.4394116332868,585.7525074636898,620.7737107835673,625.6676434018304,618.0695753715758,591.4228605659406,555.1936599061628,488.2151165213957,403.2728604803452,295.67718883945037,204.08821622033935,132.9135057095403,174.4161689752415,288.6468430452687,391.5201144258109,500.9361236724698,601.6992604283306,682.0923691113983,746.4428980169884,9.433981132056603,795.8291273885368,772.4299320974039,749.7632959808049,675.6123148670397,602.9336613591913,515.139786854015,424.0011792436431,361.7692634815733,338.42281246984516,394.2004566207401,533.7049746817056,666.8568062185465,775.7744517577257,857.0070011382637,1003.1081696407422,1025.6412628204855,1052.317917741592,1019.650920658634,990.3958804437748,882.0685914371966,767.1512236840922,688.163498014825,596.8802224902413,553.2314163168971,560.150872533463,649.3974129914593,5.0990195135927845,8.06225774829855,11.180339887498947,13.152946437965904,8.602325267042627,6.082762530298219,7.0710678118654755,6.324555320336759,15.811388300841896,12.0,7.810249675906654,705.7031954015796,578.6363279297283,469.9372298509664,402.6164427839479,418.5427098875335,500.4607876747188,649.4004927623631,815.2748002974212,941.5327928436692,1052.8485171191533,1147.5247274024207,1207.0314826051556,1257.5154074602824,1229.3453542434688,1196.1208132960485,1115.3353755709536,1024.1581909060728,902.7807042687608,783.0357590812823,672.3049903131763,591.4702021234882,726.2299911185161,783.3013468646661,917.2153509400068,1041.693332992009,1168.387778094242,10.770329614269007,1340.5968819895115,1388.193070145504,1380.7686265265445,1353.5615981550304,1284.5283180996828,1202.6013470805694,1080.856142139184,962.5487000666512,857.8403114799397,757.6027983052861,682.4580573192759,653.3314625823557,676.4170311279869,730.9726397068498,791.5712223167287,863.6000231588696,922.2087616152864,977.0864854249086,989.0682484035163,1014.2923641633116,1010.1980003939822,968.0604319979204,931.0907581970728,883.8082371193425,813.6153882517218,768.8387347161952,9.219544457292889,9.219544457292889,2.0,2.8284271247461903,0.0,0.0,0.0,128.0,7.211102550927978,7.0710678118654755,23.70653918225939,822.7083322782139,767.9407529230364,723.3947746562731,678.9079466319422,627.4814738301044,547.768199149969,534.1769369787505,520.2547452931112,537.9702594010193,564.9212334476374,613.2960133573347,627.1722251503171,645.056586665077,694.5077393377269,697.092533312472,692.8470249629423,702.2036741572917,667.6114139227999,640.0132811121969,618.7479292894644,571.4437855117509,552.0887609796091,539.8073730507948,531.199585843212,525.0904683956851,548.1204247243484,14.317821063276352,608.5499157834138,621.5440451005866,640.9531964192081,638.8340942686137,625.7930967979752,530.2018483558879,448.92983861623634,444.1823949685534,403.6087214122113,380.2223033963158,349.9842853615002,298.6787571957537,304.8032152061392,320.67740799750766,323.24603632527345,357.50524471677335,376.3787985527346,386.4000517598309,390.93861410712555,404.1088962148693,394.8164130326904,376.20473149603,357.6171136844544,332.60938050512044,290.82640870457413,255.15681452785068,3.605551275463989,11.180339887498947,9.055385138137416,9.899494936611664,14.422205101855956,9.486832980505138,7.0710678118654755,9.219544457292889,9.848857801796104,8.54400374531753,5.0,355.0690073774392,323.4377838163006,342.9577233421052,354.5151618760473,325.39975414864716,307.14817271147814,300.1283058959951,277.01624501101014,249.85195616604645,282.4694673765644,266.62520511009456,273.02930245671433,295.4352720986443,307.1042168385188,320.6321880285883,306.843608374038,303.1171390733292,292.8497908484826,313.55063386955544,293.29336848964044,283.346078144731,263.20524310887123,244.29490375363952,251.6286947071021,259.7883754135277,249.96999819978396,3.0,259.4166532819356,265.8589851782332,256.3298656028985,258.96138708309394,251.24092023394596,237.11811402758752,209.77368757782756,192.01041638411183,167.80047675736802,141.8344104933637,122.4826518328208,119.05040949110592,132.43866504914644,140.9432509913121,159.52429282087414,175.26266002774236,195.8187937865005,200.0624902374256,218.80585001320233,215.96759016111653,211.09239683134015,199.5720421301541,190.51509126575775,175.3681841155915,132.25732493892352,110.02272492535349,0.0,0.0,0.0,0.0,0.0
2025-06-01 18:44:24.070,0,0.0,0.0,0.0,0.0,0.0,0.0,113.37107214805724,48.82622246293481,115.12167476196652,226.55021518418383,318.6094788294912,413.9432328230527,490.71886044862794,545.9963369840498,606.8047461910627,632.7787923121318,655.9817070620186,635.6170230571236,613.2046966552034,557.3239632386176,504.2539042982216,412.09828924663105,334.46225497057213,217.29703173306348,148.11144452742334,178.4628812946827,280.4139796800438,383.60396244043153,518.000965250066,610.2335618433323,700.9208229179669,762.2191285975445,4.47213595499958,816.7410850447037,798.5211330954241,771.6229649252282,696.6039046689302,618.9547640983144,534.5745972266172,436.6016491036194,374.0975808529106,336.5070578754627,377.48244992317194,568.592120944355,672.7770804657364,809.1390486189626,899.9027725260102,991.3329410445313,980.127032583022,1049.6651847136782,1039.5888610407485,999.8499887483122,880.763873010241,811.2810856910199,675.0148146522415,622.2443250042543,550.7177135338939,570.1034993753327,653.6818798161687,11.0,2.0,2.23606797749979,8.94427190999916,9.433981132056603,10.295630140987,15.0,9.848857801796104,2.23606797749979,14.866068747318506,10.770329614269007,733.1316389298719,597.3407737631845,496.960763038693,424.062495394252,446.80756484195746,534.4623466625128,693.8623782854926,835.2556494870298,971.6892507381152,1106.687399404186,1217.1195504140092,1272.9815395362182,1275.662964893157,1270.14684190451,1236.2075068531174,1152.000434027696,1047.7184736368831,914.1843358973068,789.6030648370104,677.4961254501756,614.3590155601202,743.355903992159,814.7594737098796,956.9461844847912,1076.7432377312616,1220.026229226241,13.892443989449804,1381.3967569094696,1413.6764127621286,1426.6975853347478,1380.285477718287,1315.9988601818773,1210.646108489182,1080.5045117906727,970.2710961375692,849.4498219435919,745.2603571906934,661.7099062277971,637.5868568281501,656.1737574758686,706.6887575163482,798.1227975693965,873.0114546785741,928.2785142402035,990.782519022212,1014.7595774369414,1029.49793588914,1018.5209865289964,991.4161588354308,943.8479750468292,896.6833331784416,824.7793644363321,775.6320003713101,4.47213595499958,13.341664064126334,8.0,7.615773105863909,0.0,0.0,0.0,128.0,11.704699910719626,10.0,9.848857801796104,855.168989147759,812.6426028704132,759.9506562928938,708.0706179471084,645.526916557319,553.1600130161254,549.4815738493876,526.1606218637043,538.1449618829485,563.4900176578109,611.0990099811977,656.3360419784975,675.9622770539788,721.9113518985555,736.0461942025106,742.607567965746,734.5318236809077,692.2210629560473,682.7019847634838,637.824427252516,613.2307885290822,570.087712549569,531.9069467491471,536.6805381230066,540.4479623423517,568.8338949113353,1.4142135623730951,605.8729239700351,642.2491728293622,638.8622699768707,671.006706374832,660.7306561678517,519.1859011953233,472.6986354962325,464.63964531666903,396.6988782439396,367.589444897429,334.16762260877397,304.77040538739976,296.99831649354513,305.2212312405544,299.5413160150032,342.49233568066893,368.50508816025865,381.8376618407357,393.7321424522006,395.8092975158618,387.5370949986594,371.6517186829626,352.36628669610263,333.2461552666437,296.23301639081353,252.9822128134703,12.083045973594572,9.433981132056603,16.1245154965971,4.0,10.770329614269007,15.524174696260024,7.0710678118654755,5.0990195135927845,18.384776310850235,9.899494936611664,5.0990195135927845,306.93647551244214,342.0248528981483,349.72560672618755,343.21567563268434,329.1519405988669,317.5059054568907,318.5545479191908,312.23388669393336,296.86528931486754,262.6118809193522,291.20782956507196,282.842712474619,281.0160137785746,289.6653241242382,326.0,288.951553032684,314.416920664267,317.2459613612126,305.4242950388852,299.88331063932185,289.69811873741946,279.5711000801048,269.31394319641157,264.2820463065927,254.1515296038959,256.58137110866016,9.433981132056603,262.09158704544484,264.7413832403238,264.76404589747455,247.64894508154077,250.5034929896188,233.238075793812,206.196508214858,192.09372712298543,175.45369759569047,165.55965692160635,142.1724305201258,136.12494260788506,137.53544997563355,156.58863304850706,167.96725871431016,187.52333188166213,195.1665955024066,225.7963684384671,222.89235069871737,217.1174797200815,207.53072061745465,208.12496246245908,192.62658175859323,174.73408368146153,148.52945835759317,115.7410903698423,0.0,0.0,0.0,0.0,0.0
2025-06-01 18:44:24.074,0,0.0,0.0,0.0,0.0,0.0,0.0,89.5377015563835,39.01281840626232,132.81566172707193,234.5591609807641,331.1872582090078,411.1508239077237,478.6021312113016,536.478331342469,591.7905034723015,607.7927278275054,635.1511631100111,628.6660480732198,602.4757256520797,556.569851860483,491.1781754109195,402.1392793548026,313.12138221462936,207.2003861000264,133.55523202031435,160.3277892319357,268.79360111431225,391.69503443367773,489.75197804603096,578.1565531929912,677.9830381359109,735.0823083165585,8.54400374531753,805.6612191237704,776.8043511721597,754.0822236334709,690.831383189849,618.4658438426491,540.2369850352713,430.6390600026895,366.9564006799718,334.0718485595576,381.4944298413805,517.4292222130482,669.0844490794865,768.1275935676312,839.9345212574609,958.831059154844,1009.3017388273936,991.0020181614162,999.544896440375,947.8317361219764,864.5559553898174,795.2873694457871,669.2144648765446,598.5866687456379,552.6599316035133,566.8483042225671,636.8987360640622,15.556349186104043,17.0,17.4928556845359,10.0,3.605551275463989,7.211102550927978,9.219544457292889,15.264337522473747,10.295630140987,18.973665961010276,8.94427190999916,701.09699756881,589.7406209512789,497.80016070708535,423.0650068251923,463.7035691042285,553.2178594369491,693.6432800798981,833.4272613731806,976.9227195638354,1076.251364691353,1175.2421027175635,1241.745948251896,1281.2653901514705,1264.4690585380094,1210.3429266121234,1142.9085702714806,1034.3423031085986,900.0555538409837,798.0407257778264,664.0700264279363,612.1601097752123,760.5392823516745,852.1807320046611,962.6364838296956,1087.6584941975125,1242.2580247275523,5.0990195135927845,1391.1498840886989,1410.830252014749,1399.86892243524,1355.8148841195098,1287.4199004209931,1175.6436534936936,1060.605958874454,940.2536891711726,818.1692978840015,714.6082843068641,659.0432459254855,638.003134788537,668.5843252724371,730.4423317415277,814.2831202966202,900.2777349240622,922.366521508668,999.072069472468,1023.5516596635464,1021.4367332341244,976.2832580762614,949.6657306652694,912.173777303426,845.6104303992471,788.0228423085209,730.7325091988175,11.180339887498947,8.06225774829855,7.0710678118654755,6.082762530298219,0.0,0.0,0.0,128.0,12.649110640673518,9.219544457292889,9.055385138137416,841.4849968953695,791.6185950317235,724.3431507234675,649.6930044259366,586.7750846789594,530.2122216622322,511.926752573061,497.09657009478553,525.3617801096688,551.1533361960172,593.219183776115,651.5903621141123,666.195166599098,697.0459095353763,712.1074357145837,722.0110802473879,715.888957869864,678.2219400756658,642.2842050058525,576.805859887016,556.0224815598737,527.0920223262727,518.6000385653668,485.6428729014768,488.4802964296513,532.9887428454751,8.602325267042627,598.912347510051,632.6618370029917,635.0590523722971,665.7702306351644,651.4061712940705,509.1974076917517,475.0168418066879,453.6298050172629,424.1238026803023,372.38958094984343,324.6798423062325,302.80356668969404,291.6659047609096,274.05473905772914,297.90099026354375,331.07249961300016,334.9776111921512,367.9198282234868,395.7069622839608,399.1252936109161,390.1179308875715,364.23755984247424,364.66422912043345,345.37660604042077,318.92475601621146,260.66453537065604,0.0,4.123105625617661,2.23606797749979,6.0,5.0990195135927845,12.041594578792296,9.848857801796104,4.0,6.324555320336759,4.242640687119285,12.041594578792296,323.94598315151245,353.62409420173844,369.4996617048519,350.3212811120672,355.18586683594265,329.7953911139451,322.39727045990946,309.1294227342328,290.25850547399983,259.27977167530827,275.94383486499567,254.2833065696606,285.74814085134483,309.40103425812913,319.2694786540048,289.21445330411825,323.066556610244,312.8322234041755,298.30353668704635,301.9023020780067,296.98484809834997,271.5437349673161,257.4373710244882,253.00197627686623,259.55538907909425,245.52189311749777,6.082762530298219,258.36601943754135,268.79360111431225,264.7149410214694,252.93675098727743,249.80192152983932,229.08513701242163,211.482859825566,188.73261509341728,184.39360075664231,148.21605850919124,136.0,123.81033882515628,129.46814279968643,144.46106741956464,153.8083222715858,167.3349933516597,189.21416437465777,207.74022239325728,199.44924166313595,206.196508214858,201.80436070610563,204.26698215815497,179.30142219179413,165.5294535724685,145.34441853748632,122.41323457861898,0.0,0.0,0.0,0.0,0.0
2025-06-01 18:44:24.079,0,0.0,0.0,0.0,0.0,0.0,0.0,90.27181176868004,39.20459156782532,118.51160280748886,227.7213209165975,312.61637832973497,413.7934267240116,487.9149516052977,551.8197169366097,591.2596722253261,628.9451486417555,644.4377394287209,629.9436482733992,606.0998267612357,565.8171082602576,489.5191518214584,420.3807797699605,310.517310306527,217.81643647805828,137.7679207943562,153.3101431738944,266.8951104835006,388.1043674065006,502.1892073710863,611.007364931062,695.4142650248124,753.2363506894765,10.295630140987,805.0596251210217,815.7180885575605,782.194988477937,681.7052148839703,606.3827174318212,547.9945255201004,437.6391207376233,377.5725095925285,328.93768406797057,384.87660360172583,531.6483800407935,616.3318911106255,725.1165423571579,891.2968080274943,942.25102812361,1015.722895281976,1010.8575567309176,991.163457760626,976.8541344540648,883.06851376323,797.8978631378831,688.8867831509035,583.373808119631,536.0167907817814,549.1411476114315,623.4171957846527,9.0,30.4138126514911,18.0,3.605551275463989,21.470910553583888,4.0,11.704699910719626,16.401219466856727,2.8284271247461903,20.591260281974,6.082762530298219,705.4197332085345,583.1363476923729,468.7451333080697,400.6207683083842,406.3557554655772,505.3988523928403,670.2842680534878,812.0498753155498,943.1357272418428,1091.04582855167,1194.4354314905431,1243.0325820347591,1284.527150355336,1285.155632598636,1237.001616813818,1167.3645531709449,1046.3077941026722,932.2156402893056,818.7753049524638,694.0007204607211,619.7434953268973,740.4221768693858,806.5581194185575,936.4891884052906,1069.2936921164362,1201.5494163787023,19.209372712298546,1373.7048445717878,1420.0014084500058,1436.1058456812991,1390.6131741070196,1315.4349090700002,1226.719609364748,1095.649579016941,980.114789195633,848.0784161856733,753.722760701838,670.5259129966566,632.3171672507398,655.8612658177033,689.6035092718133,784.5571999542162,858.9790451460385,917.0479812965076,991.8230688988838,1006.9289945174884,1004.3191723749976,1009.4062611258164,977.5008951402552,931.3012402010426,895.911267927801,817.8043775867185,765.5377195148519,16.278820596099706,4.0,10.04987562112089,18.439088914585778,0.0,0.0,0.0,128.0,12.16552506059644,10.198039027185567,23.194827009486403,848.5593673986517,810.5140344250678,741.3636084945092,699.3318239576975,623.2054235964254,530.9613921934438,523.2523291873625,521.1448934797309,524.5588622833476,552.834514117923,609.3997046274309,640.7027391856539,671.5057706379,695.4437432316147,703.518301112345,722.3053370978232,695.2416845960835,668.5207551003933,665.0300745079128,600.0208329716561,594.0143095919491,542.639843726942,517.2011214218314,509.35645671769,521.6972302015797,560.9456301639224,9.433981132056603,611.0,630.8502199413107,650.0661504800877,654.9175520628531,641.510716979849,499.78495375511255,453.4864937349293,453.3188723183715,382.05889598332874,372.2633476451852,321.0482829731379,294.9457577250434,277.2814454665151,285.8810941632902,318.4870484022859,346.70592726401435,362.03452874000845,399.5059448869315,406.43326635500694,399.5309750194595,399.0050124998432,390.2166065148945,363.8158875035558,340.3307215048327,291.9863010485252,257.62375666851847,8.94427190999916,3.1622776601683795,2.0,9.219544457292889,8.06225774829855,3.1622776601683795,16.278820596099706,12.206555615733702,15.033296378372908,17.69180601295413,10.295630140987,324.05555079337864,323.86725675807367,340.26166401756166,333.0420393884232,325.0846043724618,315.67388235329196,305.4734030975528,304.08058142538465,284.3132075722125,248.34049206683952,263.8219096284461,281.3058833369825,283.24018076537095,297.578561055732,308.6373276193273,275.80065264607333,303.48640826238,310.3159680068043,302.80356668969404,276.0163038662753,263.10454196003536,259.0308861892728,268.0690209628856,223.1815404552984,235.8664876577425,245.6521931512113,5.0990195135927845,249.75588081164375,257.6703320136022,264.20068130116545,259.4532713226025,249.25689559167665,235.5949914577982,216.0,210.35446275275456,179.00279327429502,156.97452022541748,146.37281168304446,119.41942890501528,125.92458060283543,132.7742444904131,150.4460036026215,165.00303027520434,177.73013250431114,198.12369873389704,196.1631973638277,207.06762180505189,201.20636172845033,194.18032856085088,173.55690709389816,162.92636373527768,142.44297104455524,112.16059914247964,0.0,0.0,0.0,0.0,0.0
2025-06-01 18:44:24.083,0,0.0,0.0,0.0,0.0,0.0,0.0,30.066592756745816,105.1094667477673,201.58620984581265,300.61270764889497,382.8315556481727,470.0680801756273,520.124984979572,582.9279543820145,609.924585502175,643.0085535978507,629.651490905882,603.7921827913972,564.3899361257251,489.2044562348139,428.7528425561747,331.48906467634794,224.0178564311336,143.01048912579805,146.696966567138,210.61813787041228,340.6948781534586,459.3528055862944,548.0191602489825,648.5491500264263,720.6837031597148,764.8954176879347,14.422205101855956,793.8696366532732,769.2834328126403,718.6000278318949,643.0054432117973,559.0939098219546,468.5434878429109,388.04381195942295,343.7819076100428,369.9080966943005,424.7034259339098,596.6950645011235,735.7533554119885,836.301381082203,921.2388398238536,983.4551336995502,1045.129657028256,1019.090280593432,954.3846184846024,900.0277773491216,809.5455515287574,721.0062413044702,631.216286228421,586.144180215073,562.808137823184,613.2405726955776,693.1875648047936,6.708203932499369,9.848857801796104,16.55294535724685,4.0,7.0710678118654755,13.892443989449804,8.94427190999916,5.0990195135927845,1.4142135623730951,15.0,10.44030650891055,632.5266792792222,530.6090839780261,432.09373982968094,390.4830342025118,479.525807438974,560.5863002250412,711.5869588462116,856.7590092902437,977.900812966223,1091.202089440815,1179.259513423572,1239.8814459455389,1248.7794040582187,1222.0642372641464,1191.135592617398,1114.4325910525051,1002.5572302866306,879.2292078860893,759.9013093816855,660.6398413659291,628.4345630214812,765.9569178485172,860.5300692015358,970.3406618296484,1096.9129409392524,1213.2971606329588,14.212670403551895,1378.528563360223,1399.6828212134349,1378.0293901074824,1350.277378911459,1270.0244092142482,1188.077438553565,1063.528090837285,965.402506729706,843.2140890663533,761.3494598408802,696.3232008198491,657.8282450609734,680.1543942370732,717.2307857307856,784.93439216281,836.7568344507262,895.4507244957704,948.8630038103498,966.2634216402896,983.2014035791448,949.0,925.319944667789,901.772144169468,857.8537171336382,802.0099750003113,765.4083877251411,6.082762530298219,11.180339887498947,6.4031242374328485,11.31370849898476,0.0,0.0,0.0,128.0,6.324555320336759,19.72308292331602,11.180339887498947,821.8789448574528,775.691304579341,723.4694188422894,660.3673220261584,628.1345397285521,550.5751538164432,537.1349923436379,526.10360196448,541.1413863307814,552.834514117923,589.7872497774091,600.0033333240741,640.5247848444274,667.510299546007,679.4733254514117,681.9560103115156,670.0746227100382,658.836094943196,608.4734998338054,590.323640048406,562.0222415527699,544.5181356024792,540.4895928692799,510.10783173756505,528.2745498318086,554.401479074506,4.123105625617661,584.5220269587794,609.3775512767105,613.7051409268134,640.2811882290467,622.5238951237133,479.6342356421193,452.24993090104505,441.5903078646541,402.4947204622689,368.0230971012553,338.7890198929121,288.3123306416151,282.14358046923553,278.29660436304283,303.9111712326482,314.66331212901196,334.4846782739084,366.7764987018661,369.5416079415145,395.8181400592954,374.626480644388,356.506661929339,349.09167850293994,316.6654385941099,307.9025819963191,256.78395588509807,14.866068747318506,16.0,5.830951894845301,5.656854249492381,11.40175425099138,4.242640687119285,9.219544457292889,5.385164807134504,7.211102550927978,15.811388300841896,3.1622776601683795,321.05606986942325,322.9133010577297,348.5240307353282,361.6973873281366,348.36762191684807,326.377082528783,311.4385974795032,321.1790777743781,271.59712811441875,275.68822970885066,235.4909764725604,258.69866640553056,267.5705514439136,281.7800560721074,286.8030683238936,254.94509212769717,299.2824752637548,277.89386463180506,301.95529470436514,285.1613578309656,277.1425625918906,274.5906043549196,264.3217736017977,251.52534663528445,264.48440407706465,253.6178227175685,11.04536101718726,237.73935307390735,251.2946477742811,261.21638539724114,243.28789530101983,236.4339231159522,233.37951923851415,208.3122656014283,199.44924166313595,178.08986495586996,161.20794025109308,139.0323703315167,127.9531164137865,137.3608386695422,136.7040599250805,129.5569372901351,157.07959765672945,179.0111728356641,179.25400971805345,189.84203960134855,189.67603960437387,191.4157778240864,194.9897433200013,180.42449944505873,168.60901518009052,143.1258187749506,123.06502346320826,0.0,0.0,0.0,0.0,0.0
2025-06-01 18:44:24.086,0,0.0,0.0,0.0,0.0,0.0,0.0,37.656340767525464,94.81033698917012,206.93960471596537,303.8980092070364,396.2852507979574,480.57049430858734,555.0441423886932,597.7399099943051,626.9322132415912,651.8910951991904,653.3804404785928,625.4254551903049,584.4193699733095,518.0057914734159,441.4091072916371,347.932464711185,239.63513932643517,149.4590244849738,138.6001443000692,221.48814866714653,344.2455518957362,462.053027259859,568.5701363947987,671.5429993678737,729.9671225473104,782.6020700202625,2.8284271247461903,806.3808033429367,780.328776862676,721.052702650784,653.9090150777859,571.3212756409479,484.0010330567488,400.3823172918604,351.95028057951595,342.47627655065395,426.1748467472007,573.9242110244174,706.1911922418744,795.2515325354614,924.074131225412,956.571481908174,1007.6988637484912,1045.4075760199942,1028.820684084452,921.151453345214,830.6960936467681,729.4141484780782,678.0117993073571,603.7756205743984,584.2003081135784,611.7336021504785,693.9510069161944,26.40075756488817,2.0,17.69180601295413,12.36931687685298,5.830951894845301,8.48528137423857,10.44030650891055,8.94427190999916,5.0990195135927845,14.866068747318506,4.47213595499958,649.6906956390864,530.3376283086087,442.19113514406865,421.283752357007,473.67604963730224,581.8058095275433,722.8969497791508,851.2015037580702,974.012833591016,1083.5649495992384,1171.6415834204588,1219.4839072328916,1233.7682116183737,1211.9422428482308,1154.3396380615195,1101.1448587719965,987.6112595550944,878.5379900721425,782.5222041578118,669.0411048657623,622.643557743915,792.3951034679606,857.3149946198305,991.0045408574068,1103.5673971262472,1218.2122146818265,9.0,1351.0843793042684,1409.113196304683,1389.9820142721271,1351.896815589119,1265.932857619234,1173.2356966952548,1038.1107840688296,928.7739229758768,818.91696770796,748.3508535439777,669.7738424274271,641.6977481649752,677.0531736872666,728.222493472977,797.0796697946824,849.7740876256465,910.8550927562518,957.0256004935292,983.7235383988736,983.5268171229496,981.5890178684764,940.872998868604,913.3044399322714,868.3230965487444,804.3407238229331,754.6741018479433,10.44030650891055,17.204650534085253,11.40175425099138,7.0,0.0,0.0,0.0,128.0,11.180339887498947,3.1622776601683795,8.94427190999916,857.280000933184,801.2640014377284,747.3800907168988,709.6492091167297,632.1431799837756,546.465918424928,544.8320842241213,524.6760905549252,538.4876971667969,573.0636962851512,591.3543776789007,618.8020685162583,650.0538439237168,692.8910448259525,714.2975570446815,710.1190041112827,686.670954679168,654.2858702432752,646.5856478456664,601.6643582596529,584.7503740913725,523.4166600329035,498.62310415783986,510.16957964974745,504.9455416181036,526.4104862177425,14.866068747318506,570.3069349043548,586.7750846789594,613.2992744166587,629.4203682754476,638.8591394039847,495.767082408665,459.7847322389033,433.1708669797635,381.70145401871343,344.41980198589044,295.67718883945037,269.1189328159578,256.3123094976127,263.46346995361614,266.32686683847726,285.4767941532201,323.9660476037574,319.69516730785904,351.68167424533226,356.5445273735105,363.2093060481793,340.64204085814185,342.2294551905198,316.2688729546428,300.5278689239985,261.19150062741323,4.0,6.4031242374328485,11.180339887498947,6.0,10.63014581273465,15.620499351813308,9.055385138137416,10.44030650891055,10.44030650891055,13.45362404707371,7.211102550927978,296.42030969554025,316.5454153830063,327.14064253773176,319.0485856417483,351.2449287890147,329.7953911139451,330.01363608190496,292.80027322391624,306.0669861321211,288.2724405835563,291.2181313036673,305.45867150892934,277.2525924134885,277.35356496717327,279.5514263959317,284.0739340383063,276.27884464793897,275.118156434649,282.23571708768543,275.40878707840824,284.29737951659,282.85155117128136,273.0750812505601,266.8126683649035,256.67294364618954,252.9822128134703,3.605551275463989,258.11818998280614,261.9389241789009,251.05577069647293,263.77452492611945,247.5419156425837,237.9243577274088,222.9910312097776,204.00245096566857,178.3928249678221,167.86303941010956,135.80132547217644,145.24806367039804,134.61797799699713,130.06152390311286,154.93547043850222,155.0290295396317,169.33103672983285,196.46119209655632,206.82843131445927,208.92582415776175,206.1892334725555,194.5507645834372,200.81085628023203,185.8090417606205,159.20113064925135,133.76471881628578,0.0,0.0,0.0,0.0,0.0
2025-06-01 18:44:24.090,0,0.0,0.0,0.0,0.0,0.0,0.0,40.52159917870962,91.0494371207203,192.27584351654787,296.04222671774374,394.9936708353692,473.32969482169614,533.4275958365859,599.9083263299485,641.0070202423683,648.0933574725173,651.1927518024137,630.8153454062449,579.3461832100044,530.6420639187965,453.2559983055933,349.1718774471965,254.4484230644788,162.1172415260018,154.01298646542764,225.07998578283232,342.35799976048463,443.8220364064858,565.3467962233447,646.3342788371974,734.2131843000369,779.4312028652689,20.12461179749811,803.5303354572246,777.4348847331203,741.6906363167867,645.7739542595381,578.3320845327536,496.5611744790364,393.4018301940142,353.09063992125306,372.6902198877776,428.7773314903669,566.3920903402518,652.9846858847457,820.407825413678,890.4044025048394,934.614893953654,971.7324734719942,1034.7004397408944,962.1746203262692,902.6566346069806,823.2970302387832,750.1499850029993,681.2605962478675,614.5909208571178,582.2860121967555,616.5873822906207,698.5162847063767,4.123105625617661,14.317821063276352,6.324555320336759,9.486832980505138,3.605551275463989,23.53720459187964,9.848857801796104,6.708203932499369,8.48528137423857,16.1245154965971,4.0,628.8147580965319,542.3098745182499,452.7471700629392,430.4427952701729,493.0243401699352,563.9086805503175,705.5551006122768,862.0539426277221,980.7762232028264,1082.709564010589,1147.5835481567344,1218.5667810998295,1210.885626308282,1206.4907790779007,1159.9482747088337,1084.62389794804,991.174051314904,865.5726428209247,759.6927010311472,662.1918151109994,627.8550788199456,808.359449749924,889.2609290866208,1003.33543742858,1127.8408575681233,1226.6250445837147,10.770329614269007,1375.436294417157,1405.9192722201371,1380.864222144958,1340.1164128537491,1271.8018713620452,1161.32338304195,1050.7835171908628,941.4334814526196,823.5156343385352,740.5200875060716,677.4437246000585,673.9324892005134,698.3423229333878,758.5842075867386,820.363943625023,857.5791508659711,942.4913792709194,967.656964011524,986.2682190966108,996.3061778389211,944.090038078996,948.0026371271338,904.5357925477576,851.9677223932841,802.1003677844813,755.0556270898192,7.0710678118654755,8.54400374531753,8.54400374531753,10.770329614269007,0.0,0.0,0.0,128.0,6.4031242374328485,16.492422502470642,21.633307652783937,840.866814662108,792.5105677528849,729.268811893118,679.94485070482,639.4137940332536,558.2293435497636,535.0934497823721,535.4941643006018,557.6674636376055,578.6000345661932,627.4982071687535,662.1978556292673,683.7696980709221,702.5667228100118,707.2743456396535,710.2478440657177,666.3640146346439,669.4027188471824,624.8199740725323,547.6358279002571,544.6925738432643,510.0480369533834,475.0789408087881,473.70138272966864,488.1116675515962,502.80015910896446,6.0,561.1105060502788,601.1472365402673,609.7220678309093,627.2734650852051,613.5144660071187,495.8275910031631,435.5835166761938,435.5559665530941,384.2004685057008,347.2463102755737,302.66152712229547,250.79872407968904,242.0764342103543,230.18470844085192,245.80073230159425,266.58206991468876,313.0399335548102,320.66337489647924,322.31816579274584,340.7007484582328,340.42473470651333,352.00142045167945,334.2708482652952,305.7220960284029,274.5632896073326,262.7565413077284,11.04536101718726,16.1245154965971,2.8284271247461903,4.242640687119285,6.4031242374328485,4.242640687119285,13.038404810405298,3.605551275463989,1.4142135623730951,7.280109889280518,4.47213595499958,283.53483031190365,329.21877224727024,309.8596456462183,344.81879299133334,341.07183993991646,333.7813655673426,301.0514906124864,311.1334118991401,314.6966793596653,273.3386178350948,268.21260223934297,277.0018050482704,249.59366979152335,264.8471257159496,283.8538356267183,300.04166377354994,252.66776604861963,288.8615585362649,282.1577572919093,267.30693967796645,284.92981591964013,267.47897113605023,258.69866640553056,250.94421690885807,263.0931394012394,247.37016796695596,12.083045973594572,250.45558488482544,245.56872765073325,233.3452377915607,247.42069436488129,227.29936207565564,218.524598157736,193.06216615380657,191.637678967368,170.0,152.74161188098023,137.84411485442533,141.35416513141735,131.59027319676784,133.01503674397117,147.38385257551113,167.86303941010956,170.18813119603846,182.2361105818493,187.128298234126,195.7268504830137,195.88006534611935,188.47015678881365,184.26068490049633,169.80577139779436,160.3277892319357,132.59336333316233,0.0,0.0,0.0,0.0,0.0
2025-06-01 18:44:24.095,0,0.0,0.0,0.0,0.0,0.0,0.0,199.83242980057065,117.5457357797381,51.47815070493501,118.4736257569591,222.9910312097776,327.3912033027155,415.88580163309257,497.77304065206266,561.8896688852715,598.9532536016479,637.9043815494607,651.7177303096794,636.6733856539003,612.0522853482372,561.633332344155,477.88073826008093,400.03124877939223,311.0401903291599,208.806130178211,158.927656498169,214.14014102918676,326.7919827657955,428.0747598258977,543.6221113972463,631.8457090144714,731.6091852895232,10.04987562112089,791.7455399306017,803.9664172090772,788.5080849300151,712.8323786136542,678.2042465216507,589.3360671128147,493.1014094484014,422.33872661644466,359.60672963669634,365.15339242570377,499.37561013729936,579.1588728492382,694.7244057898067,819.3778127335399,893.8836613340687,959.3883468126973,1000.6417940501984,1027.7528885875242,967.0129264906442,909.466327029209,809.350356767698,737.96476880675,646.8732487899001,564.1560067924474,553.7950884578157,565.6023337999942,40.496913462633174,1.4142135623730951,14.212670403551895,30.23243291566195,9.055385138137416,13.892443989449804,17.69180601295413,8.94427190999916,17.46424919657298,13.601470508735444,12.041594578792296,768.9895968086954,647.3801047298256,520.6812844725648,442.8826029547785,414.9819273173231,466.1383914675984,604.6486583132389,728.1984619593754,883.5485272468061,978.296989671337,1101.6396870120466,1181.68058289878,1243.2815449446678,1239.8661218050922,1243.0325820347591,1167.7092960150655,1086.2651609989157,964.3469292738998,867.4981267991303,754.269182719273,659.4376392048,791.5964881175257,812.8628420588556,900.775221684078,1025.0043902345003,1155.66258051388,12.649110640673518,1350.3925355243937,1378.5477866218494,1410.447092237068,1407.5517752466517,1340.8404081023214,1251.164657429229,1138.299169814333,1038.2316697153867,911.284807291332,795.1182302022763,725.0,684.2514157822401,670.1768423334247,717.8753373671505,772.2596713541373,872.5898234565883,911.3248597509014,974.140133656344,1002.0269457454724,1016.7870966923214,1031.4635233492263,971.9681064726352,949.0426755420432,929.4519890774347,848.6701361542068,804.3861013219957,4.242640687119285,23.345235059857504,19.1049731745428,2.23606797749979,0.0,0.0,0.0,128.0,6.324555320336759,3.605551275463989,13.601470508735444,836.8751400298613,810.8884016928594,747.7031496523202,713.6784990456136,655.6645483782085,572.1835369879144,577.4028056738207,560.0160711979612,561.4712815451918,565.4891687733727,604.8222879491132,650.3053129107897,665.0864605447927,684.4457611819946,685.7470379082946,682.8001171646063,662.0430499597439,629.1239941378806,610.4334525564601,564.3013379392255,543.6469442570242,510.88648445618526,501.66522701897526,498.2710105956396,500.88421815824864,524.8475969269556,6.082762530298219,576.7252378732875,598.9407316254255,591.6772769001697,602.9925372672534,598.0209026447153,446.64303420069143,417.0803279945003,397.3159951474393,331.995481896968,299.4010688023675,260.049995193232,242.99176940793697,240.7093683262037,249.13048789740688,285.21220170252184,309.07604242321986,326.1931942882929,355.6866598566778,386.5811687084615,375.3664875824692,349.6927222576987,344.5765517268986,315.15393064342385,297.87413449307746,251.0975905897944,213.32838535928593,10.295630140987,8.602325267042627,16.64331697709324,15.264337522473747,19.235384061671343,4.47213595499958,6.082762530298219,7.0710678118654755,10.816653826391969,21.2602916254693,18.384776310850235,274.21342053225624,315.2649679238085,306.27601930285044,296.5299310356376,287.5586896617802,267.0131082924582,282.70302439132126,270.8671260969112,235.68835355188853,211.463944917331,235.2381771736892,234.3608329051593,236.1228493814184,240.25195108468944,270.80066469637774,265.8364158650955,291.78416680827627,273.22152184628504,291.00171820798585,275.0727176584403,275.4813968310746,252.04959829366916,266.39069052802876,236.5967032737354,228.4731931759173,247.39644298170495,7.615773105863909,232.4521456128121,241.1057859114957,235.17227727774377,224.14727301486408,222.07206037680652,194.23954283306992,191.09421759959145,178.98603297464302,172.6267650163207,151.82226450688975,144.68241081762497,143.01048912579805,143.38758663147937,162.9969324864735,154.5477272560163,183.0764867480256,180.47160441465576,186.78329689776868,186.40010729610648,189.70766985021984,173.4156855650607,174.9771413642365,166.01204775557707,148.29699929533302,123.06502346320826,91.92388155425118,0.0,0.0,0.0,0.0,0.0
2025-06-01 18:44:24.098,0,0.0,0.0,0.0,0.0,0.0,0.0,57.723478758647246,102.70345661174214,196.4001018329675,288.62432329933665,395.0012658207566,473.1870666026281,549.9318139551484,591.7719155215124,630.8248568342881,653.8562533156658,647.3831940975916,622.4483914349847,580.2016890702749,518.5990744303349,444.0,341.71625656383395,248.60008045050992,163.3431969810803,170.66048165876012,253.20742485164217,378.1917503066401,480.40503744236486,581.257258019201,677.0472657060214,735.1108759908263,780.5158550599725,7.0,794.8616231772672,767.469869115394,718.0341217518844,649.1918052471087,563.7197885474662,467.4120238076894,392.0,347.0518693221519,369.8175225702536,446.75384721342914,565.6368092689867,685.0905049699638,788.1300654079884,869.8735540295497,977.9227985889274,1030.96265693768,1018.1772930094248,939.508382080756,912.3360126620016,821.6233930457433,752.0239357892806,639.4137940332536,581.0955171054067,562.0756176885811,597.8645331511144,664.3289847658313,19.697715603592208,4.123105625617661,5.0,8.246211251235321,10.0,7.0710678118654755,12.0,8.06225774829855,8.0,16.278820596099706,5.385164807134504,647.3407139984322,551.131563240575,469.9106298010293,437.7990406567835,477.2724588743834,560.3302597575826,700.7460310269335,831.6760186514939,951.4546757465644,1063.3931540121932,1151.1789608918327,1191.802836042942,1231.3054048447932,1220.0348355682308,1186.443846121678,1119.8723141501446,1012.9925962217098,910.494371207203,809.8277594649371,700.0178569150933,657.657965815058,809.8228201279586,866.790055319049,985.9011106596848,1101.9351160572023,1214.0914298354965,4.242640687119285,1352.244430567196,1408.7987791022535,1399.3873659569747,1376.684785998596,1305.9632460371922,1217.497843940596,1113.19809557868,998.4988733093292,881.326840621571,784.2684489382447,714.3472544918193,690.6033593894545,718.4184017687743,735.4515619672039,810.5658517356871,859.7400770000198,944.4162218005364,985.1705436116124,1007.698367568391,1002.4694509061112,987.7651542750432,991.1538730187154,955.219869977588,930.1360115596,845.2455264596199,811.4887553133439,20.591260281974,7.0710678118654755,8.06225774829855,8.54400374531753,0.0,0.0,0.0,128.0,16.64331697709324,5.656854249492381,13.92838827718412,887.0817324237942,842.3063575683137,821.1972966346151,763.2168761236874,717.5513918877169,639.4137940332536,623.7178849447881,610.5939731114286,610.5735008989499,634.8330489191627,639.7311935492907,668.8714375722736,689.0,701.7442554093336,709.1128260016173,710.0007042250029,683.2225113387292,675.0770326414608,643.692473157796,605.4039973439224,607.1194281193775,579.6524820959538,529.0982895455248,556.6129714622181,560.1749726647915,538.9359887778882,20.248456731316587,586.6625946828381,619.8524017861026,621.6309194369276,608.2515926818442,614.47945449787,474.4986828221971,448.8295890424338,399.60605601016607,356.1025133300803,334.20053859920694,286.29530209208815,254.87644065311332,258.48984506165806,260.4496112494699,281.02668912400475,287.1689398246266,310.42068230064825,321.21021154378013,332.4530041975858,327.8673512260713,323.21045775160184,309.9193443462347,292.3696290656743,292.4790590794493,256.3123094976127,222.31958978011812,11.04536101718726,13.92838827718412,6.708203932499369,5.0,7.0710678118654755,6.0,9.848857801796104,7.211102550927978,4.123105625617661,4.47213595499958,10.295630140987,252.04959829366916,289.8620361482338,283.09185788362055,281.2561110447202,298.0738163609813,275.41423347387115,292.48076859855246,260.66453537065604,277.90825824361536,225.17992805754247,237.15395843207003,248.07257002740147,239.4347510283334,235.17015116719213,278.2103520719529,265.452443951831,273.4849173172078,273.4245782661098,267.22649569232465,246.02845363900497,262.1316463153581,248.8714527622644,253.2923212416831,239.1359446005556,228.5694642772739,228.82526084329064,8.246211251235321,229.9956521328175,223.27113561766103,223.486017459706,225.0155550178698,210.8767412494797,205.23157651784484,188.31091311976584,180.6239186818844,164.2224101637776,142.24275025462634,134.35773144854747,126.65701717630968,118.27087553578016,130.8166656049603,139.2838827718412,161.01242188104618,164.80594649465775,178.4040358287895,187.7791255704425,194.5379140424817,193.19679086361657,186.77526602845464,179.84715733088473,172.29045243425418,145.0137924474772,124.55520864259351,0.0,0.0,0.0,0.0,0.0
2025-06-01 18:44:24.102,0,0.0,0.0,0.0,0.0,0.0,0.0,120.6731121667126,50.93132631298737,116.0172400981854,220.42232191862965,327.6659884699662,416.44807599507527,494.1062638744827,565.5528268871087,615.4575533698486,646.4209155032037,668.823594081429,652.3955855154142,631.29786947209,588.4895920914829,515.7402446968823,420.1809134170661,338.3784863137726,229.0087334579186,157.3848785620779,193.60010330575756,299.7365509910328,416.0012019213406,527.3755777432247,636.2672394521031,711.3937025304624,773.5864528286415,4.47213595499958,813.605555536588,816.4128857385826,763.6916917185888,713.0007012619272,630.0507916033437,536.3674113888725,450.8891216252617,360.5551275463989,325.07383776612966,394.3665807342199,534.4165042361623,660.2863015389612,736.0061141050392,847.2549793303076,958.18839483684,918.7192171713835,996.4105579528951,968.4632156153376,936.9252905114688,898.2204629154248,786.7127811342586,679.3187764223803,623.0248791180012,547.6659565830251,534.4314736240747,591.2909605262032,23.021728866442675,8.06225774829855,10.63014581273465,4.47213595499958,8.602325267042627,5.0,9.848857801796104,15.0,12.529964086141668,8.246211251235321,15.033296378372908,719.7117478546533,593.4652475082261,482.6447969262696,420.6851554309945,425.36807590603223,501.4269637743866,621.2889826803627,758.5730024196748,887.0140923345017,1032.4727599312246,1116.7318388941903,1189.621788637044,1213.5279148004795,1223.2027632408292,1186.6090341810143,1136.0369712293698,1040.558023370153,942.3640485502405,827.2411982003798,709.6393450197079,647.1908528401804,762.1705845806435,808.4008906477034,908.5240778317324,1018.9725217099822,1139.1014002273898,4.123105625617661,1316.4801555663496,1386.9080719355554,1356.8566615527227,1359.0732136275808,1287.6509620234824,1217.01479037849,1098.090160232756,987.7271890557636,876.644739903229,791.3343162027033,699.5005360970068,663.0060331550536,654.110082478477,711.9613753568377,774.9845159743516,828.3477530602712,913.836418622064,949.0,985.4303628364614,987.20311993024,1004.984576996085,973.210152022676,946.73861228958,904.7148722111292,848.8256593671047,785.348330360484,7.280109889280518,10.770329614269007,14.142135623730953,14.317821063276352,0.0,0.0,0.0,128.0,11.180339887498947,12.041594578792296,3.0,870.8989608444828,822.2146921577113,802.1577151657896,747.461035773772,676.0665647700675,623.2118419927529,602.2441365426483,575.6839410648868,573.7813172280883,604.8421281623826,629.0031796422018,637.8973271616679,684.5472956633457,689.6375859826667,700.7781389284344,712.2113450374123,690.1420143709554,677.691670304424,652.3756586507501,611.346873714097,574.4118731363411,558.2329262951084,526.9079616024036,509.87253309037936,537.5816217096711,528.0946884792537,9.219544457292889,564.6237685397242,597.6788435271906,609.1387362497971,595.7692506331625,585.4314648188974,452.5406059128838,414.1980202753268,385.6280591450783,366.4423556304593,321.44672964583106,286.53097563788805,258.81653733871025,257.62375666851847,248.4854120466632,273.8850123683295,276.3946453895227,314.058911671043,315.6596268134397,333.7813655673426,330.77031305726337,320.6321880285883,315.6263613832026,296.24989451474914,277.35356496717327,247.67922803497268,234.79565583715555,11.704699910719626,2.23606797749979,3.0,10.0,17.804493814764857,5.0990195135927845,10.0,12.041594578792296,9.219544457292889,15.811388300841896,8.06225774829855,282.70479302622374,281.6256380374486,297.73310195542587,311.51564968713853,291.10994486619654,267.7984316608296,300.6742423288034,272.5949375905576,257.5732905407702,264.37851652507624,218.58865478336244,252.62026838715852,266.7601919327545,267.36678926149375,280.28021692584724,262.9923953273174,262.73180241455356,273.9142201493015,273.2489707208428,253.71834777958017,271.1180554666177,265.34694269955327,244.07375934335911,246.80559150878247,246.89471440271865,251.8829093050975,10.63014581273465,259.9884612824192,251.83526361492744,246.0894146443524,257.00583650960147,238.19529802244207,219.5449840010015,203.8872237291979,186.40010729610648,152.55163060419906,144.1700384962146,123.45444503945576,124.77980605851252,132.4009063413087,140.91131963046828,159.1100248255904,179.3376703316958,186.5743819499344,200.0624902374256,226.15260334561705,220.9886874932742,218.87439320304236,210.77001684300356,192.77188591700815,178.33115263464205,141.1523999087511,133.5065541462291,0.0,0.0,0.0,0.0,0.0
2025-06-01 18:44:24.106,0,0.0,0.0,0.0,0.0,0.0,0.0,99.32270636667126,37.107950630558946,122.24974437601088,223.5106261456041,319.4010018769509,417.95813187447374,496.14514005480294,547.9507277118993,609.7376485013862,644.215026214074,658.729838401146,656.4784840343208,625.2719408385443,579.4152224441467,522.3581147067594,420.14521299188925,340.75357665034124,219.04565734111233,167.72000476985446,196.04081207748553,286.6304240655552,407.1719538475115,512.1415819868564,630.8502199413107,718.8775973696773,771.9306963711185,15.620499351813308,820.271296584246,808.9351024649629,779.8012567314828,692.1885581256021,620.8196195353365,543.1482302281763,438.2624784304493,377.0,351.0911562543266,390.3664944638564,539.4849395488255,655.3388436526558,741.1241461455699,818.1857979701188,935.355547372228,965.1243443204612,989.8247319601588,996.2489648677182,951.828766112897,847.427283016071,800.1656078587732,660.1704325399616,596.1543424315552,570.8537465936437,566.1978452802518,613.974755181351,4.47213595499958,12.36931687685298,23.70653918225939,1.0,8.06225774829855,15.033296378372908,6.324555320336759,15.033296378372908,13.41640786499874,5.385164807134504,7.0710678118654755,710.5638606064905,599.2036381732007,500.545702209099,433.4535730617525,441.92872728529426,512.8840024800929,644.2243398071823,766.0926836878159,890.4139486778046,1008.8934532446922,1107.0885240124203,1182.84403029309,1201.600599200916,1205.6409083968576,1188.923883181762,1120.336110281196,1036.39567733564,929.0780376265494,828.5801107919499,707.4814485200301,652.5059386702928,780.0544852765094,823.3863005904336,908.601122605514,1031.0310373601758,1154.5085534546724,14.317821063276352,1330.5822033981967,1371.260733777497,1369.8014454657289,1361.502846122622,1287.826851715711,1223.0862602449592,1101.5847675054335,987.4517709741576,862.4163727573822,778.8074216390082,686.5835710239504,657.4511388688896,647.1723109033636,709.0112834080992,763.9221164490526,847.5240409569512,884.1379982785493,946.451266574249,977.3648244130744,1004.136444911746,971.018537413164,959.9135377730644,927.155866076465,889.3396426562801,835.1173570223528,781.5299098563023,14.212670403551895,25.317977802344327,6.708203932499369,2.23606797749979,0.0,0.0,0.0,128.0,14.317821063276352,15.556349186104043,4.0,863.2989053624475,836.5936887163326,786.9847520759217,747.642962917461,673.5250552132414,616.3456822271087,602.3163620556892,585.0299137650998,572.435149165388,574.4423382725197,611.6796547213255,663.205096482227,675.4739077122076,694.5365361159916,703.9730108462966,710.5047501600535,704.3557339867406,675.6248959296867,649.2780606180992,593.7844726834813,573.4152073323484,535.680875148628,545.6161654496685,534.1956570396281,523.0420633180471,542.8259389528101,20.024984394500787,579.597273975646,607.3186972257647,617.3313534885459,613.0579091733505,596.7654480614641,474.3374326363038,432.41184072594496,400.4647300324961,369.99594592373575,335.2521439155908,302.92738403782516,253.0138336138955,255.38402455909417,266.5576860643865,268.77871939571406,295.78708558691335,301.3784995649159,315.15869018638847,338.46270104695435,343.91859501922835,322.9024620531717,293.7430850249925,299.4077487307234,268.7638368531005,246.9109151090733,216.9239498073,16.492422502470642,9.219544457292889,3.605551275463989,4.47213595499958,4.123105625617661,13.038404810405298,8.06225774829855,4.47213595499958,6.324555320336759,8.54400374531753,7.810249675906654,254.678228358845,280.47994580718245,295.41834743292435,307.117241456744,295.3303235362058,277.02887936097926,292.851498203441,259.6767220988435,232.4069706355642,266.101484400219,255.4760262725252,242.36542657730703,259.7883754135277,286.27259736132623,283.3249018353311,270.8578963220382,269.09106265351886,274.5632896073326,281.9379364328256,267.7106647109898,260.4995201531089,248.90560459740556,237.9243577274088,243.55902775302744,246.3331078032346,243.82985871299684,6.708203932499369,245.44856895080892,251.87298386289865,257.5286391840721,237.0358622656074,235.00212764994276,218.3575050232989,201.75727991822257,184.50474248647376,168.32409215557945,140.21768789992225,131.48764200486676,123.79418403139948,137.90213921473443,142.1442928857856,170.0,169.83815825661793,198.56736892047493,205.0,215.84485168750265,206.15528128088303,207.76188293332345,199.6121238802894,189.9315666233499,162.04937519163718,134.8332303254654,114.33722053644648,0.0,0.0,0.0,0.0,0.0
2025-06-01 18:44:24.109,0,0.0,0.0,0.0,0.0,0.0,0.0,178.3704011320264,87.0,37.013511046643494,120.20815280171308,218.08255317654368,322.0077638815561,414.2909605579151,493.0415803966233,548.2335268843013,618.6776220294379,647.8163319954198,668.4676506757825,656.6559220779175,620.3168545187209,585.8028678659741,497.44346412431634,437.2482132610721,321.62400407929755,219.7544083744397,160.312195418814,216.00231480241132,322.6840560052511,429.44615494844055,559.0921212108072,651.5519933205638,747.1873928272612,4.123105625617661,815.4765477927615,824.1389445961161,808.005569287737,748.1082809326468,685.0467137356401,600.3840437586596,499.00901795458566,402.3493506891741,361.95165423023,336.964389809962,429.2004193846972,554.5385469018362,692.1690544946372,803.0753389315352,910.779885592562,927.676667810504,1018.8473879831072,1018.9607450731356,955.703929049159,948.287403691518,816.8831005719239,730.5758003109602,621.9525705389439,553.2639514734356,509.0825080475659,544.9403637096449,6.708203932499369,0.0,12.0,10.816653826391969,4.242640687119285,18.788294228055936,15.231546211727816,20.615528128088304,11.180339887498947,4.242640687119285,3.605551275463989,796.3039620647382,657.0555532068806,543.3571569419142,467.8632278775497,378.565714242587,448.89642457921184,543.2071428101807,684.1549532087012,848.8415635441045,972.5924120617022,1088.4047960203045,1174.6327085519115,1231.461733063598,1253.652663220559,1238.528562448198,1189.0521435160024,1119.4699638668292,1000.0224997468808,892.5301115368601,760.5662364317785,672.247722197703,752.814054066474,757.4087403773474,832.5989430692307,959.4373351084478,1098.9199242892996,2.23606797749979,1313.798310244004,1365.9886529543355,1406.3018879316062,1384.2116890129198,1337.595604059762,1259.9658725536974,1142.625923038682,1028.4770293983236,924.9054005680796,811.7986203486676,704.4948544879516,644.3423003342245,631.1457834763693,669.3825513112812,738.5478995975819,820.0,876.9640813625151,953.5544032723042,990.576599763996,1009.0416245130822,1026.6927485864503,992.2711323020538,953.1028276109562,911.290294033685,858.2645279865643,816.9657275553241,6.0,10.04987562112089,16.15549442140351,8.246211251235321,0.0,0.0,0.0,128.0,18.439088914585778,8.06225774829855,13.152946437965904,885.8577763952857,870.7267079859214,811.4702705583243,761.331071216721,679.6145966649038,615.4518665176018,621.3549710109351,569.1484867765178,560.0321419347287,555.6302727533841,597.013400184619,613.3742739959021,660.1651308574242,682.1150929278724,706.0453243241541,708.2400722918748,701.519778766073,688.4540652795944,661.0544606914017,624.0592920548495,611.0130931494022,578.7054518492115,566.562441395474,544.7090966745461,539.8379386445529,565.1274192604709,3.605551275463989,585.4955166352685,581.0421671445197,587.8179990439218,592.8945943420298,573.0619512757761,454.4733215492412,401.6590594023742,410.2499238269277,359.50243392778304,331.6700167334997,302.0149002946709,274.4157429886267,271.02951868754076,291.35888522576414,302.72925197278175,345.9277381188158,339.32432862970495,364.516117613474,355.607930170293,371.84539798147296,333.12159941979144,305.49140740780257,286.89545134072796,258.88414397177746,245.29370150902776,201.1591409804685,2.0,9.219544457292889,11.40175425099138,11.40175425099138,5.0,5.0,1.4142135623730951,2.8284271247461903,9.433981132056603,1.0,20.0,265.81948762270986,283.82565070831777,276.52305509667724,288.5636844788339,281.19210515233175,248.91765706755317,241.4787775354182,249.32709439609647,232.93775992741064,235.7477465427825,234.26694175662087,228.00877176108816,254.8489748851268,270.29613389761977,297.21541009846715,274.8035662068453,261.30824709526485,277.74268667239465,256.1444904736387,253.6631624812716,238.600083822282,239.63513932643517,218.57950498617203,225.03555274667156,229.08513701242163,237.6930794112441,14.142135623730953,234.65080438813757,257.2800031094527,251.1135201457699,233.20591759215716,236.76359517459605,226.14154859291116,194.4556504707436,163.11039206623224,154.1557653803451,132.5745073534124,119.07980517283356,129.3560976529518,132.51792331605563,160.63934760823702,162.19741058352318,190.4337155022713,211.00236965494017,202.5487595617411,213.00938946440832,204.47493733951845,195.5019181491578,186.86893802876924,168.01190434013895,144.58907289280197,122.723265927859,96.16652224137046,0.0,0.0,0.0,0.0,0.0
2025-06-01 18:44:24.112,0,0.0,0.0,0.0,0.0,0.0,0.0,31.11269837220809,86.57944328765345,195.68597292601223,294.7303852676205,378.06480925894175,464.4868135910857,537.2271400441344,578.0397910178849,617.0024311135248,635.963835449784,623.2214694633041,612.6793614934323,579.5903725908497,505.7133575455566,436.87297925140666,345.418586645247,252.7152547829276,163.0245380303223,161.01242188104618,246.9109151090733,354.9704213029587,472.7631542326453,580.6694412486333,670.1290920412275,745.0939538071692,777.9955012723402,4.123105625617661,798.489198424124,777.0694949616798,725.6479862853614,652.6775620472945,560.0223209837266,471.6407531161827,370.0986355014025,331.0060422409235,333.00600595184466,415.5406117336788,553.3967835107103,682.1326850400881,793.3977564878792,885.7409327788797,1013.7815346513272,995.8277963583864,976.7834969940884,924.6891369536036,899.7610793983034,813.0098400388522,724.9965517159375,638.2233151491725,560.8315255047634,533.496016854859,551.217742820385,630.4934575394102,18.110770276274835,6.708203932499369,2.0,2.0,4.123105625617661,11.40175425099138,9.433981132056603,7.0,4.47213595499958,2.0,6.082762530298219,646.2112657637593,525.6434152541055,444.8550325667902,361.1675511448945,413.62785206027894,481.0093554183743,637.7436789181057,766.3641432113066,890.9820424677481,1005.3979311695444,1084.40813349956,1168.3736559851047,1208.1825193239638,1210.9603626874002,1164.7029664253455,1117.821094809004,1017.200078647264,908.8063600129568,809.9635794281123,685.0182479321263,627.9211733967887,756.2254954707623,792.7887486588088,909.4283919033976,1023.2033033566692,1157.5914650687434,7.615773105863909,1342.9180913220284,1394.6644757790311,1383.000361532852,1366.4395339714083,1305.181213471907,1239.5228920838856,1112.8575829817578,994.6481790060242,881.2247159493429,778.1548689046416,693.2135313162893,658.7085850359019,666.9820087528599,697.9340943097708,772.5652076038631,833.6965874945153,924.759968856784,949.202823426058,1008.072418033546,1023.2516796956652,1040.3941560773974,993.812859647127,957.0663508869172,928.199332040268,837.5452226596484,804.0180346236023,16.55294535724685,16.76305461424021,14.0356688476182,13.038404810405298,0.0,0.0,0.0,128.0,9.219544457292889,11.40175425099138,10.0,887.2981460591474,850.5486464629757,832.7214420200792,774.8161072151249,707.4644867412073,618.440781320249,591.0059221361491,564.6848678687963,544.3096545166179,557.7248425523109,577.4703455589732,595.1848452371751,630.9643413062263,668.823594081429,683.0995535059293,681.1115914444563,678.2042465216507,670.7972868162184,660.7208185005222,633.078194222483,604.5510731112798,574.5441671447027,544.0340062900481,544.6558546458489,535.9346975145386,535.8106008656417,22.67156809750927,556.2598313737924,568.8602640367843,573.7813172280883,576.4590184913408,555.533977358721,439.33131006109727,406.4984624817171,387.6596445337069,350.65652710308984,320.0281237641467,293.3428028774526,265.3846265328872,261.5434954266689,257.0,262.39283526803854,290.1930391997713,317.18921797564303,316.9100818844361,326.5348373451139,316.2103730113862,307.9025819963191,290.36700914532287,275.2180953353177,270.2369330791038,214.9790687485645,188.76705220985997,5.830951894845301,14.0356688476182,10.198039027185567,7.615773105863909,13.41640786499874,6.0,10.770329614269007,7.615773105863909,16.76305461424021,7.615773105863909,5.0,253.07113624433745,259.25470101813005,279.4315658618403,302.0149002946709,294.26858479966904,280.17494534665303,271.53268679847736,258.4975821937219,242.62110378118388,302.3722870899382,227.7015590636129,229.0720410700529,255.7381473304286,247.07286374670937,272.44265451650557,238.1365154695936,244.6752950340512,253.9468448317482,259.4937378820537,247.68124676688785,249.707829272532,238.00840321299583,222.9484245290825,229.8173187555716,234.61670869739865,226.99118925632337,4.242640687119285,233.03433223454437,236.6600938054407,237.4384130674731,245.88005205790893,232.8003436423581,223.27113561766103,203.7449385874407,191.84629264074923,163.7192719260625,144.61673485458036,122.0,112.2007130102122,114.1796829562948,120.83045973594572,154.94515158597252,151.99013125857877,173.67786272291585,190.7904609774818,211.6057655169159,214.9720912118594,213.10091506138588,199.42417105255825,195.8979326077741,177.867928531256,144.68241081762497,126.58988901172162,0.0,0.0,0.0,0.0,0.0
2025-06-01 18:44:24.117,0,0.0,0.0,0.0,0.0,0.0,0.0,30.4138126514911,89.44271909999159,189.62067397834025,288.54289109246827,379.1952003915661,460.8340265214798,530.0160374932065,568.5358387999828,610.4703104983894,628.9554833213556,628.8282754456895,612.8295032062343,572.4508712544684,521.1957405812138,441.0623538684752,340.91787867461574,232.01939574095957,151.60804727981954,164.68454693747074,242.26019070412704,356.5851931867054,464.45667182203334,570.173657757003,660.8797167412539,731.1169537085021,759.858539466393,4.123105625617661,803.334301520855,765.1535793551515,719.7311998239343,628.589691293136,549.1812087098392,462.8660713424565,369.005420014395,321.024921150991,333.2866633995426,380.93043984433695,545.9963369840498,677.0561276585569,747.4931437812658,813.6590194915804,920.1440104679268,993.9114648699853,979.1450352220552,960.9791881201174,906.708883821042,860.5841039666025,742.153622911052,671.4052427558188,576.9748694700662,538.9666037891402,551.9755429364602,621.7523622793885,17.11724276862369,11.180339887498947,12.083045973594572,12.649110640673518,11.0,6.4031242374328485,6.708203932499369,3.1622776601683795,7.280109889280518,11.40175425099138,19.1049731745428,685.5720239332991,552.6744068617616,472.96934361541867,406.97051490249265,437.72365711713593,499.9289949582841,663.5962627983977,788.449744752321,893.2121808394688,1021.093531465164,1112.6850407909687,1179.8347341894969,1195.170699105362,1201.665510863984,1164.5930619748683,1117.3799711825875,1017.1037311896952,907.8022912506884,806.3950644690232,674.6732542497887,633.5937184032051,754.8754864214362,808.3031609489103,900.2455220660639,1006.0124253705816,1139.7986664319274,1.0,1302.991174183463,1354.4921557543255,1343.2088445212084,1336.5223529743153,1272.2389712628678,1206.354011059772,1083.971401836783,972.2473964994712,856.546554484927,752.2153946842619,696.1501274868805,633.7523175500031,630.6346010171025,675.0599973335703,736.4916835918788,808.050122207775,886.0812603819132,932.3030623139666,964.3785563771106,983.465810285238,946.1839144690634,939.4147114027968,916.7987783586974,866.2407286661139,825.620372810652,763.704785895702,13.152946437965904,17.029386365926403,12.806248474865695,6.324555320336759,0.0,0.0,0.0,128.0,17.26267650163207,15.297058540778355,4.47213595499958,873.1929912682534,843.7635924831078,798.0682928170997,742.8929936404031,682.0153957206538,601.2096140282522,572.7451440213177,563.5645482107617,553.976533799041,558.1487256995217,586.3872440631702,606.97281652476,635.2676601244549,663.4312323067102,676.4769027838275,693.3520029537666,694.0410650674786,681.0763540161998,646.399257425316,601.9277365265701,602.1768843122426,574.0139371130286,558.219490881499,541.2734983351762,513.3663409301392,538.6278863928231,21.840329667841555,550.7059106274419,571.4656595107006,575.865435670522,570.7372425205841,550.7031868438751,433.9700450491946,391.0716046966335,387.351261776698,353.93926032583613,330.2483913662563,296.89223634174067,256.3766760062233,256.6398254363496,276.27884464793897,266.1879035568671,284.6067462306542,304.1710045352778,300.9119472536775,294.8711583047755,297.22886804615734,285.9440504714165,270.22398117117586,254.9215565620138,221.82200071228283,199.36148073286373,180.2359564570843,12.649110640673518,6.708203932499369,4.47213595499958,4.123105625617661,5.0,6.082762530298219,14.0,11.40175425099138,4.123105625617661,19.026297590440446,14.0356688476182,233.92733914615457,234.71898091121648,267.00187265260894,265.6501458685841,276.87542325024083,253.95472037353431,251.4358765172544,262.4061737078608,220.238507078122,244.2396364229197,248.21361767638777,240.05207768315609,260.3247971285102,244.9653036656416,248.92770034690795,255.4251358030372,254.01771591761076,237.48894711122873,247.8144467136652,225.07776433935007,233.10512649875375,219.58369702689677,207.850908104824,212.81212371479216,223.21514285549716,200.5617112013158,4.47213595499958,235.30618351416095,228.0021929719098,237.89283301520456,221.37072977247917,230.3605869067015,217.29703173306348,206.51876428063383,179.62182495454164,150.88074761214563,133.33041663476493,117.5925167687128,97.01546268507924,102.69371937952194,109.12836478203089,132.5745073534124,148.4048516727132,174.26990560621763,176.91806012954132,195.43796969882797,197.6486782146544,206.8260138377182,208.0216334903656,188.7432117984644,183.91846019364124,157.25775020646836,119.26860441876563,0.0,0.0,0.0,0.0,0.0
2025-06-01 18:44:24.120,0,0.0,0.0,0.0,0.0,0.0,0.0,115.15641536623131,34.92849839314596,92.26592003551474,201.933157257544,296.37982387470305,385.9494785590466,479.11272160108626,547.2641044322202,595.4267377268172,632.8111882702455,649.1109304271497,646.2391198310421,624.1546282773204,571.1076956231635,506.1472117872428,423.1370936233315,320.4699673916419,227.22895942198917,149.09057649630307,164.19500601419034,271.26555254952666,389.3700039807895,481.5724244597068,600.6679615228367,686.298040212851,756.7615212205229,13.341664064126334,801.7911199308708,804.2014672953538,756.8969546774515,690.0115941054904,633.2021794024402,542.3734875526274,429.7964634568321,364.4283194264683,327.77126170547655,348.832337950483,453.1313275420273,565.3715592422385,710.202787941585,816.8941179859236,885.7053686187072,973.505521299186,981.2976103099404,997.1810266947522,959.0099061010789,881.0295114239931,789.002534850174,689.8825987079251,613.6138851101725,536.2471445145419,507.6662289339326,553.6939587895104,23.53720459187964,33.734255586866,10.63014581273465,14.7648230602334,3.1622776601683795,21.93171219946131,11.180339887498947,15.033296378372908,14.7648230602334,16.278820596099706,6.324555320336759,740.3816583357532,624.6062759851201,505.6678751908213,429.01048938225273,407.3573369905101,449.32171102674306,577.4296493946254,701.0684702652088,848.1963216142829,955.8116969361696,1072.5763376095897,1140.7317826728597,1174.4377378132908,1200.8813430143712,1157.8989593224444,1131.1891972610065,1039.1905503804392,947.3373211269574,825.6106830704167,720.569219436967,639.4505453903374,737.7547017810189,759.26609301351,851.2819744362029,961.499869994791,1082.3663889829545,5.385164807134504,1272.7647072416803,1333.3304166634766,1354.9675272861707,1332.261610945838,1275.7621251628375,1205.2140888655426,1100.5825730039523,977.271712473046,871.9661690685024,760.8206096051815,678.4106426051997,624.0713100279487,630.4641147599124,677.1484327678829,721.7485711797426,790.600404755778,863.7650143412849,897.2652896440384,960.2707951406207,964.096468202223,976.0327863345576,949.6383522162528,922.213099017792,876.682952953917,800.4355064588277,740.9244225965291,7.0710678118654755,17.0,16.1245154965971,8.06225774829855,0.0,0.0,0.0,128.0,18.788294228055936,13.0,14.142135623730953,840.0482129020929,798.6601279643301,766.2649672273945,718.4705978674423,664.1633835134244,574.0078396677175,547.5481713968187,521.3108477674333,515.2184002925361,544.4997704315402,547.1983187108674,592.824594631498,627.3125217943605,647.9112593557855,669.1038783328041,660.823728387533,644.4571358903554,652.8904961783408,597.0142376861711,592.7984480411534,567.4160730892279,540.0416650592804,492.3494693812516,489.26168866977514,487.7724879490437,492.3179866712164,15.0,517.5413026996009,534.6643807099927,529.5554739590556,530.2263667529181,506.0088932024812,410.0987685911773,361.809342057388,357.2786027738017,320.44032205700955,293.4501661270615,254.46807265352564,234.104677441524,236.13555429032704,249.64775184247105,258.11818998280614,272.1709021919867,309.02588888311607,291.49614062625255,296.06080456554866,288.7784618007375,278.6772326545532,256.1815762306103,243.28172968803065,213.9088590965788,183.8695189529793,149.9333185119305,9.486832980505138,15.652475842498529,3.0,6.324555320336759,17.11724276862369,7.810249675906654,1.4142135623730951,5.830951894845301,4.123105625617661,14.866068747318506,7.0710678118654755,257.76927667974707,256.00781238079435,268.88287412923864,280.4139796800438,295.296461204668,249.39326374222705,253.71243564319033,225.47061892849808,249.5375723212839,253.0553299181821,221.79495034828903,215.39266468475665,253.44230112591703,242.86621831782205,242.71176320895532,254.9607812978302,273.65854636754904,249.39326374222705,236.9155967850154,238.17010727629108,238.29603437741048,225.47061892849808,204.84140206510983,216.8985938174796,215.0348808914498,231.2444593930847,23.323807579381203,249.0642487391557,245.40578640284747,240.3018934590404,252.10513679812237,238.81373494839028,226.10838109190027,199.04019694524015,175.524927004685,151.82226450688975,123.84264209067892,113.78049041905209,100.65783625729296,112.29425630903836,121.2023102090055,151.10923201446033,168.90825912311098,175.36248173426378,200.53179299053804,223.29352879114072,223.60679774997897,218.81956036881164,214.1121201613771,196.78668654154427,172.5688268488837,147.73286702694156,130.38404810405297,0.0,0.0,0.0,0.0,0.0
2025-06-01 18:44:24.127,0,0.0,0.0,0.0,0.0,0.0,0.0,27.073972741361768,102.83968105745952,198.2952344359289,296.56871041969345,374.14034799791375,444.7752241301217,513.3312770521586,554.350971858082,584.1934611068494,606.2779890446296,599.9416638307428,580.3593714242926,544.3013871009333,480.72965375562177,416.24992492491816,313.84391024839084,206.52602741543257,145.41664278891878,141.76741515595182,231.66354913969525,345.0811498763733,467.9797004144517,558.3583078991483,652.5963530391508,715.5061145790439,756.7621819303605,7.0710678118654755,781.5727733231244,730.8871321893689,705.2439294315124,612.4589782181334,533.6553194712857,445.1213317737086,347.3686802231888,295.3726459914662,314.03343771006297,360.7672379803909,537.7657482584773,643.0031104123836,778.1066764910837,877.2650682661427,926.4987857520376,938.7150792439631,990.4367723383456,969.771622599878,949.7225910759416,831.791440206017,714.1330408264275,629.0031796422018,546.7586304760081,504.2072986381693,522.0277770387319,600.5206074732157,13.038404810405298,3.1622776601683795,13.45362404707371,4.123105625617661,4.0,8.06225774829855,3.1622776601683795,6.708203932499369,5.385164807134504,14.317821063276352,8.602325267042627,669.4960791520739,564.7831442244005,432.97228548718914,384.94934731728017,418.2116688950704,495.8638926157056,636.4911625466609,769.5323255068627,897.8914188252386,1013.2610719849056,1099.0259323601058,1188.3071993386222,1219.1611870462411,1219.262071910711,1175.6002722013975,1108.7443348220545,1016.596773553802,912.537670455308,801.9208190338994,665.9737232053529,602.4167992345499,706.3745465402898,763.6000261917229,878.5402665786014,989.7762373385208,1124.7204097018955,13.038404810405298,1310.8748986840812,1344.3782949750416,1374.4093276749834,1339.265843662116,1294.5427764272604,1213.092741714334,1080.372620904473,983.468352312366,855.9585270327062,745.2959143856888,660.0984775016527,607.8963727478558,618.9604187668223,647.7507236584148,724.3479826713125,789.5885004228469,846.2416912442923,920.0983643067734,950.5056549016424,978.6490688699396,964.4449180746404,948.0052742469315,911.1805529092464,874.9457126016448,819.7273937108604,759.1837722185584,3.0,10.0,7.0710678118654755,4.123105625617661,0.0,0.0,0.0,128.0,10.198039027185567,8.94427190999916,5.385164807134504,842.3989553649743,817.4356243766233,765.6611522076852,714.6831465761593,650.6642759518921,581.230591073801,575.3546732233954,537.3862670370355,528.3531016280684,518.5219378194138,552.7431591616489,576.1839983894034,599.1135117821998,621.8552886323313,629.8674463726475,654.3286635934575,646.5639952858495,631.6937549160986,601.7391461422466,543.658900414589,548.2490310068956,531.1591098719855,516.2944896084017,509.5193813781768,485.51827977945385,488.4147827410632,27.018512172212592,523.4013756191323,528.0009469688478,544.4354874546663,549.925449492929,538.2062801565958,427.4880115278088,378.35036672375514,357.8337602854152,326.45520366506645,303.4765229799498,281.2205540141047,257.2353008434107,262.0934947685654,253.71243564319033,269.1356535281047,289.1712295509358,295.7786334406189,313.9824835878588,308.4493475434824,315.32998588779975,304.4289736539543,280.6920020235703,250.9123352886422,235.5674001214939,214.4014925321183,183.3930205869351,6.708203932499369,7.615773105863909,4.47213595499958,5.0,3.1622776601683795,3.0,6.0,9.055385138137416,16.1245154965971,10.44030650891055,2.23606797749979,248.82323042674292,248.94376875109768,267.22649569232465,271.64682954159434,269.4160351575236,251.5631133532895,269.82401672201087,266.9082239272518,213.26274873967088,215.56437553547664,223.0022421411946,250.0819865564091,232.12496634356245,245.246814454337,298.60509037858014,242.33241632105268,257.4373710244882,258.4917793663853,259.83456275099354,223.55536227073597,222.20036003571192,215.3903433304288,205.0,200.5243127403757,182.45273360517237,194.20092687729377,6.324555320336759,215.83790213954543,221.713779454503,228.2673870705143,232.76812496559748,226.4155471693585,228.46443924602357,201.8142710513803,199.3037882229036,178.35358140502814,149.40214188558343,132.07573584879245,122.4826518328208,112.72976536833562,106.40018796975878,123.69316876852982,144.734239211045,168.35973390332975,181.7608318642936,189.62331080328704,200.73116349984124,206.51876428063383,209.7546185427153,190.24457942343588,197.61831898890347,155.3898323572041,144.62710672622887,0.0,0.0,0.0,0.0,0.0
2025-06-01 18:44:24.129,0,0.0,0.0,0.0,0.0,0.0,0.0,96.08329719571452,35.17101079013795,118.3427226321923,229.0021833957048,322.96749062405644,400.622016369545,480.02604096027954,544.0312491024757,600.100824861956,620.2781634073539,623.128397683816,637.2919268278863,606.0115510450275,552.7503957483884,498.62310415783986,407.6383200828891,306.0261426741186,217.86234185833953,141.15594213493105,159.84992962150469,270.5642252774746,397.3524883525961,502.1205034650547,595.8019805270875,683.315446920381,741.238153362332,5.656854249492381,803.4525499368335,780.8770709913309,745.5233061413976,698.6451173521504,597.5859770777759,524.1373865695901,425.7252635209708,325.0,300.74075214376916,341.62113517755307,490.2183187111637,578.2845320428345,686.6185258205608,827.0477616196056,893.6940192258198,959.1767303265858,1020.8785432165768,993.0971755070096,941.7669563113795,842.6019226182669,776.0959992165917,687.4510891692587,600.2207927088165,511.63463526231294,507.2997141729926,542.9705332704528,12.083045973594572,8.602325267042627,10.770329614269007,13.601470508735444,5.830951894845301,14.317821063276352,12.649110640673518,14.7648230602334,10.816653826391969,13.0,15.0,744.5293815558927,615.3738700984954,501.3431958249758,407.3818847224309,391.7167343885119,440.5110668303351,561.8051263561058,711.5195007868723,851.7775531205316,1004.116527102308,1102.4744895007775,1187.586628419165,1234.514074443868,1245.1943623386671,1225.1338702362284,1210.4400026436667,1082.2684509861683,990.9722498637386,857.7231488073527,747.0528763079626,647.2441579496875,724.9586195087276,758.5123598201943,852.7660875058294,979.4411671968868,1125.0444435665645,5.0,1344.3530042366106,1411.9128868311957,1418.6673323933276,1412.0375349118733,1348.9143783057543,1284.7898660870578,1178.5796536509529,1040.1216275032457,924.9140500608692,800.7877371688455,681.1196664316777,620.9186742239276,609.2618484691127,643.105745581549,730.3019923292007,797.3970152941381,877.5676612090945,939.789870130552,988.4073047079328,1017.826114815296,1024.1625847491207,1015.4570399578704,976.7834969940884,931.8766012729368,862.670273047588,795.5758920429904,9.433981132056603,13.038404810405298,17.46424919657298,11.704699910719626,0.0,0.0,0.0,128.0,5.385164807134504,1.0,27.459060435491963,875.6580382775002,827.3246037680736,790.2569202480925,734.9136003640156,686.8573359876125,591.9062425756296,560.7361233236182,514.9951456081892,506.09880458266247,532.5410782277739,529.1285288094,557.280898649864,579.8551543273544,624.627889226858,623.6353100971753,645.7321426102312,648.0694407237545,639.657720972709,616.0202918735713,591.304490089497,589.4785831563348,551.8043131400841,513.819034291257,495.54111837465115,505.2256921416408,482.4033581972663,5.0,523.1156659860227,535.3587582173285,528.629359759747,549.2868103277194,516.6555912791422,422.4275085739564,388.8508711575686,365.1246362545261,320.7553584899245,293.1552489722809,254.1692349597016,253.21137415211032,229.13969538253295,242.1672975444868,275.4360179787676,284.1918366174511,299.4561737550255,305.5503231875234,305.8512710452582,294.72699231661835,284.5698508275253,274.5268657162719,250.83261350948763,221.35943621178657,183.17477992343817,154.6156525064652,11.180339887498947,13.601470508735444,9.848857801796104,2.8284271247461903,2.23606797749979,11.31370849898476,8.246211251235321,7.0,6.324555320336759,8.06225774829855,5.385164807134504,246.9534369066363,258.15692901799093,264.39364591457183,260.3113520382851,260.37665025881256,254.12595302329905,228.43160902116853,267.0,240.60756430336932,200.02249873451737,210.8885961829136,221.7746604100658,227.7740108089595,226.77080940897133,282.0868660537034,260.3113520382851,244.20483205702544,255.78311124857325,247.25897354797863,234.3608329051593,222.9910312097776,214.89532335534895,205.7984450864486,198.39858870465787,193.940712590214,214.4574549881631,14.142135623730953,223.78561169118984,232.76812496559748,229.1047795223836,248.84734276258607,222.4454989429995,211.7663807123312,196.72569735548024,184.70787747142785,156.20499351813308,145.6193668438371,119.03780911962384,121.43310915891102,115.66330446602328,123.17873193047572,156.51836952894698,178.1937148162078,171.32717239247253,199.5419755339713,222.80484734403785,215.95601403989656,213.44085831911377,205.8275977608445,199.60210419732553,178.63090438107287,153.79206741571556,135.83077707206124,0.0,0.0,0.0,0.0,0.0
2025-06-01 18:44:24.135,0,0.0,0.0,0.0,0.0,0.0,0.0,112.21853679316978,29.832867780352597,108.90362712049586,210.7368026710095,304.38462510448846,393.21495393741066,486.5480449040978,536.6796064692602,600.0108332355342,615.3665574273597,646.3443354745209,630.3681464033538,605.528694613228,563.7463968842728,509.9019513592785,421.2576408802575,328.7324139782994,220.6173157302028,139.44532978913278,149.9333185119305,259.97692205270835,369.8553771408495,486.6425793125792,600.9534091757863,680.6643813216614,742.3078876045977,14.0356688476182,808.4089311728316,778.5858976375054,755.6679164818366,692.6940161427699,604.6288117514745,528.4174486142562,434.60901969471365,341.40005858230313,301.7167545894659,304.9098227345259,455.5085070555763,562.9653630553127,684.6678026605312,801.5909181122252,861.2293538889626,938.8487631136336,954.1582677941852,964.7310506042604,927.436251178484,856.4204574856908,794.0403012442126,707.0855676649044,612.6573267333052,509.4948478640388,507.0512794580051,524.836164912442,9.486832980505138,8.48528137423857,7.615773105863909,26.1725046566048,4.47213595499958,4.123105625617661,14.317821063276352,14.866068747318506,8.94427190999916,10.04987562112089,21.840329667841555,768.2375934566077,640.6949352070766,539.7082545227561,433.7026631230203,394.2854296065225,444.76735491715215,570.8949115205004,718.9130684582108,852.7608105441994,978.5157126995967,1109.0883643786008,1182.0152283282987,1234.7813571640932,1252.201261778633,1238.0508874840325,1184.359742645789,1114.4025305068185,985.5972808404048,868.383555809298,740.8920299206895,655.9641758510902,739.1244820732161,753.7811353436753,857.0373387431845,982.6845882581044,1118.2790349461086,11.31370849898476,1346.5604331035424,1391.0607463371252,1412.4238032545331,1427.7874491674172,1379.0971684402807,1272.1210634212453,1178.236393937991,1054.5330720276154,924.2018177865698,781.2707597241816,702.1595260337924,618.9806135897957,596.2725886706515,632.1835176592316,718.2318567148077,780.0801240898271,855.7411991951773,943.5634583852852,988.2712178344566,1029.184628723146,1017.1410914912444,1002.6868903102304,981.0835846144812,939.39661485445,866.2794006554698,808.681024879402,13.601470508735444,9.219544457292889,8.0,1.0,0.0,0.0,0.0,128.0,15.811388300841896,8.0,5.656854249492381,888.0005630628846,866.5910223398348,809.1062970957524,770.6062548409532,711.0063290857544,638.8020037539018,600.2016327868494,571.6861026822324,568.5367182513369,549.4815738493876,584.0856101634417,604.3715744473759,633.2021794024402,657.2822833455957,681.0939729582108,683.9539458179914,684.2952579113785,662.2174869331072,648.3532987499948,610.9959083332719,588.3825286325215,564.0469838586143,565.6023337999942,529.0567077355697,523.545604508337,539.3366295737756,14.317821063276352,556.4755160831427,556.9201019895044,556.2319659997976,554.0658805593429,541.0147872285933,415.6404696369207,387.3706235635325,374.2325480232846,339.16662571662323,308.41530441921975,278.9587783167972,274.0218969352632,256.12692166189794,260.7565914794869,280.6153951585693,289.71192588500736,287.81417616232875,311.26355392175293,303.6264151881387,294.2872746144488,269.89812893015767,254.9215565620138,243.21184181696415,207.06762180505189,171.0263137648707,136.19104228986575,5.385164807134504,7.0,3.1622776601683795,3.0,10.0,13.601470508735444,8.54400374531753,5.0990195135927845,8.94427190999916,8.06225774829855,10.0,246.28844877500853,244.7304639802736,255.9316314956008,258.37956575549856,249.81593223811808,251.08564275959708,235.63743335896356,232.04525420701884,226.90967365892536,222.27235545609355,208.07931180201456,214.55302374937528,232.72515979154468,261.00766272276377,247.135590314305,237.87601812709073,240.10414407085935,224.28776159211185,244.8121728999602,224.51057881534223,214.64622055838765,214.2195135836136,190.53870997778904,191.9713520294109,199.12307751739877,188.2817038376273,3.1622776601683795,225.43513479491168,228.04385543136215,237.53947040439405,218.81956036881164,211.4734025829253,213.45959805077868,193.08029417835473,172.2440129583609,162.92943257741985,140.11780757633915,123.4382436686459,89.82204629154248,108.18964830333816,118.8276062201036,131.50285168010618,155.46382215808282,183.17477992343817,199.00753754569195,212.0377324911771,221.054291973714,221.94819215303377,211.24866863485792,207.6174366473105,181.51583952922675,151.7926216915697,130.04999038831184,0.0,0.0,0.0,0.0,0.0
2025-06-01 18:44:24.138,0,0.0,0.0,0.0,0.0,0.0,0.0,111.89280584559492,43.60045871318328,118.06777714516352,217.27862297059968,313.7530876342096,399.0839510679426,486.18617833089417,539.0482353185103,595.1974462310806,617.0486204506092,642.4079700626386,631.9438266175246,610.09917226628,565.6323894544937,494.7736856381916,409.1478950208591,305.6681206799296,204.83407919582132,136.49908424601244,158.3445610054226,259.0926475220785,380.5325216062354,498.1134408947424,602.9560514664398,673.359487940877,741.4182355459029,8.0,795.1414968419143,784.0771645699166,740.5356169692312,693.3145029494191,616.8152073352278,517.9285665031424,419.08710311819425,315.9810120877519,303.382596732245,307.15631199765375,435.7728766226737,542.7946204597094,680.3293320150176,760.9533494242601,905.4374633291908,905.4794310198328,966.2303038096042,966.1164526080694,924.4117048155546,867.6059013169516,760.5918747922568,682.8484458501755,557.2584678584974,498.4144861458182,481.3647265847384,540.0592560080792,9.486832980505138,11.40175425099138,12.041594578792296,18.439088914585778,9.219544457292889,25.179356624028344,18.35755975068582,6.4031242374328485,17.08800749063506,4.123105625617661,5.656854249492381,710.2429161913549,615.0382101951064,496.5561398271096,410.550849469344,389.2813892289227,424.9058719293015,529.2182914450331,689.4903915211581,824.0982951080532,968.1038167469436,1068.0004681646917,1164.5986433102178,1222.0188214589823,1227.5280037538855,1207.9010721081424,1161.471910981923,1077.007428015239,979.8459062526108,868.6616142088932,726.0110192001221,636.8335732355824,720.5733828001142,733.3662113841897,823.6176297287474,955.1732827084307,1088.857199085353,13.038404810405298,1312.320463911159,1361.9049159174072,1387.5247745535933,1382.9754155443256,1337.762684484808,1262.4626727155144,1133.2453397212803,1030.2630732002383,900.7341450172744,796.3039620647382,685.7528709382119,591.6223457578322,590.3388857258177,611.117828245912,687.1768331368571,754.0092837624746,850.6762016184537,900.5492768305353,959.331538103486,984.3942299708996,990.8143115639782,996.4386584230864,962.4162301208348,927.0755093302812,873.437461985688,802.3278631581979,9.848857801796104,8.0,7.0710678118654755,3.0,0.0,0.0,0.0,128.0,11.180339887498947,8.0,7.810249675906654,846.5754544043904,795.2270116136649,806.974596874028,744.6784540994859,685.3860226179113,607.1877798506817,585.9419766495655,554.1705513648303,538.3353973128648,548.839685154053,576.0425331518499,593.2731242859396,634.6400554645129,631.6335963198918,653.8287237495765,660.7344398470539,650.415251973691,626.6562055864443,631.0126781610652,596.1853738561522,581.3028470599469,533.9260248386474,512.47243828327,504.6474016578308,520.8617858895007,513.1909975827713,16.1245154965971,529.4534918196309,521.7518567288477,524.584597562681,535.5529852404895,511.5281028447997,404.0309394093477,352.7775503061384,346.3408725518835,307.9383055093991,291.67104758614624,257.78285435614214,250.90635703385436,243.82370680473215,273.11719096387907,279.3581930067561,288.90309794116087,292.33542378576016,293.8468989116611,295.0203382819564,283.30195904723286,264.3274484422683,257.2003110418026,226.3183598385248,192.20041623263984,154.98709623707387,131.40015220691336,4.0,9.433981132056603,4.47213595499958,7.0710678118654755,6.324555320336759,12.041594578792296,11.0,9.433981132056603,6.4031242374328485,12.041594578792296,6.708203932499369,245.52189311749777,248.8875247978492,265.55978611228016,256.632032295269,269.3287953413077,246.9757073074192,232.8797973204202,219.27608168699112,217.91053209975877,214.66718426438635,224.18965185752887,227.26636354727023,249.04015740438328,246.9817807045694,266.9925092582187,256.20499604808646,240.41630560342617,253.44230112591703,236.8902699563661,226.71568097509268,208.92582415776175,203.02709178826356,208.62646045025065,192.25503894566717,198.04039991880444,213.3775995740884,1.4142135623730951,225.22211259110415,233.94443784796425,238.64827675891564,252.00793638296395,215.56437553547664,208.92582415776175,190.3181546778972,184.25254408012933,149.83324063771698,129.31357237351384,102.00490184299969,99.40824915468536,100.44899203078148,117.88553770501282,146.7548977036201,166.97305171793442,177.2596964907703,215.82400237230337,232.62201099638017,225.67454442182884,234.3266950221421,221.2690669750293,204.40156555173445,196.25493624365225,171.86331778480246,134.01492454200763,0.0,0.0,0.0,0.0,0.0
2025-06-01 18:44:24.143,0,0.0,0.0,0.0,0.0,0.0,0.0,27.85677655436824,102.77159140540736,204.70710783946905,294.98474536829866,370.7573330360439,441.0623538684752,498.1284974783113,541.850532896296,575.378136532837,594.2339606585945,606.3868402265999,569.590203567442,535.0233639758175,468.12391521903686,416.6881327803805,315.4314505562183,202.74368054269905,122.53978945632312,117.64777940955793,219.5130975591206,335.08954027244715,453.15449903978663,543.5301279598032,628.4998011137315,703.2780389006897,743.3451419091941,5.0990195135927845,762.8269790719256,757.0026420033156,694.5768495998121,615.8514431256941,527.0009487657494,442.7008018967212,350.1271197722336,264.372842780797,296.16887074775434,317.705838788021,497.96586228375133,592.2913134598548,721.8012191732569,778.3932168255322,881.2065592129918,951.0184015044084,947.597488388398,917.3292756693204,902.5835141414892,822.2657721199394,703.801818696144,632.4871540197477,513.0896607806476,477.0377343565182,523.7489856792088,573.7264156372792,18.0,3.1622776601683795,18.027756377319943,6.324555320336759,14.422205101855956,15.556349186104043,11.180339887498947,7.615773105863909,7.810249675906654,14.317821063276352,20.248456731316587,656.6559220779175,557.4307131832619,448.1350242951336,357.169427583045,385.478922899813,468.1548888989626,608.9219982887792,762.7509423134134,871.6249193317043,1019.8200821713602,1131.2409115657017,1201.3712998070164,1246.6872101694153,1266.915151065769,1215.082301739269,1164.736021594593,1055.0473923004597,943.1866199220598,807.6341993749398,693.9654170057756,605.5097026472821,694.6653870749572,736.5168022523316,844.8076704197234,979.531520677104,1117.6045812361365,15.524174696260024,1319.554849182102,1392.9239031619782,1395.672239460254,1405.6333092239954,1317.3826323433902,1237.3600931014382,1139.633713085042,1017.0275315840768,901.4488338225304,756.79653804705,659.7128163072172,568.1769090697017,562.0827341237231,605.0297513345935,680.8230313378066,751.0825520540335,850.3675675847475,896.3403371487864,932.9576624906406,978.1743198428386,996.2012848817252,975.0,956.6828105490346,904.403118083966,850.7843440026386,779.7756087490811,1.4142135623730951,11.0,8.06225774829855,8.54400374531753,0.0,0.0,0.0,128.0,9.219544457292889,15.652475842498529,7.211102550927978,847.8519918004557,810.9611581327431,790.6889401022377,740.6247362868729,689.9514475671458,601.4399388135112,585.8207917102294,561.1434754142651,530.1641255309529,530.4196451867144,545.7655174156755,555.5897767237983,592.8178472347134,614.2963454229563,618.4254199173898,655.3716502870718,635.2322409953701,633.1484817955421,598.8397114420519,597.2001339584579,565.2052724453303,563.6177782859586,528.7882373880872,509.5301757501709,510.7768593035515,511.1242510388252,19.313207915827967,515.9263513332111,553.9323063335447,545.3530966263967,542.9567201904771,537.8624359443593,420.7433897282285,389.7819903484511,370.87194555533586,337.12015662075146,301.89567734566856,302.12911147388627,269.785099662676,263.6512848442048,273.18308878845335,274.4339629127561,288.71612355391585,308.28720375649715,321.40939625343873,320.777181233329,329.78932669205653,306.01470552899906,286.0,274.5268657162719,229.65191050805564,214.2265156324025,192.21082175569617,5.656854249492381,3.605551275463989,2.23606797749979,2.23606797749979,2.23606797749979,10.198039027185567,2.23606797749979,7.211102550927978,7.615773105863909,12.0,16.0,268.3076592272386,255.9785147234041,251.0019920239678,270.80066469637774,261.8472837361503,234.00213674238103,222.78464938141497,217.34764779035453,208.806130178211,207.56203891848816,196.73586353280888,216.40009242142204,187.00267377767625,230.3388807822075,262.3451924468981,232.55106965997817,232.4220299369231,237.77510382712484,227.3367546174617,238.2120903732638,222.89908030317216,208.20182516010755,185.9516066077408,184.61852561430555,185.22418848519757,177.79201331893398,8.602325267042627,207.0,224.4749429223672,218.9840176816564,217.7200036744442,226.2741699796952,223.9866067424568,195.1127878945919,188.0026595556563,172.04650534085255,147.05441169852742,125.41929676090518,106.4377752492037,104.23531071570709,102.7277956543408,108.16653826391968,124.52309022827856,160.80111939908875,162.077142126828,192.6577275896298,189.10843450253617,210.8459153030952,209.0095691589263,214.98139454380697,197.6486782146544,173.6663467687393,151.47607071745688,0.0,0.0,0.0,0.0,0.0
2025-06-01 18:44:24.147,0,0.0,0.0,0.0,0.0,0.0,0.0,26.92582403567252,98.351410767716,204.02205763103169,291.98801345260733,380.39584645471615,453.5118521053226,513.9513595662531,558.8604476969183,593.1112880396056,602.2042842756932,605.7532500944588,581.3338111618831,561.5567647175128,484.3139477652899,421.28493920386,327.2201094064972,212.8097742116184,145.79437574886077,123.227432010896,213.52751579129097,336.68085778671764,439.11843504913344,553.9936822744462,643.9169201069343,709.2228140718543,756.7198953377663,4.123105625617661,799.7530868961995,744.7180674590888,702.3368137866618,622.511847276821,540.2082931610732,448.2644308887334,351.81955602268613,277.94963572561124,259.47061490658245,362.7078714337477,477.24731534079893,604.6924838295909,717.2070830659719,850.8801325686245,880.4027487462769,946.0158561039028,970.6183596038146,950.4320070368,871.1486669908874,803.2558745505694,711.3662910203153,619.1066144049828,534.8691428751522,484.4347221246635,472.2456987628368,556.2921894112841,23.769728648009423,4.242640687119285,14.422205101855956,11.180339887498947,6.708203932499369,6.708203932499369,20.518284528683193,15.132745950421556,9.486832980505138,13.601470508735444,5.385164807134504,674.8518355905984,553.1084884541187,450.6994564008259,360.7672379803909,364.04670030093666,438.32065887886233,577.5508635609508,722.2001107726306,866.0080831031544,1015.0123151962246,1093.5748716937492,1185.6078609725898,1262.7976876760583,1262.6927575621871,1238.6032455956183,1166.7681860592531,1088.4576243474066,962.83435750912,833.6624016950747,698.5656733622116,611.8145143750678,708.4066628709812,725.4598541614829,839.0947503113102,979.044432086716,1123.8242745198202,21.840329667841555,1342.62317870652,1396.9069403507165,1429.405470816451,1413.1249060150344,1349.2701730935876,1262.1267765165271,1171.9385649427193,1033.773669620193,890.3594779638166,761.1681811531536,649.4074221934948,572.3862332376627,550.5751538164432,612.5234689381298,663.9826804970141,741.946763588871,842.8837405004323,914.333090290404,967.3970229435276,994.740669722516,999.1641506779554,1003.600019928258,979.025025216414,934.1017075244,851.0569898661311,801.9625926438215,7.0710678118654755,6.082762530298219,8.602325267042627,11.704699910719626,0.0,0.0,0.0,128.0,11.180339887498947,2.23606797749979,10.63014581273465,843.3415678122359,817.4503042999005,786.7146877998401,758.6197993725184,692.6507056229713,613.7882370981054,572.1057594536171,515.9467026738324,491.03665850932146,504.801941359183,508.27158094861056,538.1793381392489,578.2879905375868,589.5303215272307,610.3179499244635,615.5647813187496,626.4702706433882,637.9373009943846,627.8574679017523,595.1419998622177,612.7511729894934,559.494414628064,524.3138373150188,507.8346187490569,518.4688997423085,498.3532883407112,8.06225774829855,507.4564020681974,531.4743643864679,530.3319715046416,530.0056603471326,524.7256425981105,417.5284421449633,402.0609406545232,368.79262465510345,348.0229877464993,329.4389169481954,296.2043213729334,278.40438214941946,274.8981629622141,271.22131184698594,276.90431560378397,285.87060009731675,319.62634434601915,308.6907837950463,318.54983911469805,316.55173352866035,301.22748878546923,299.92332353453276,266.101484400219,247.42069436488129,222.1823575354263,184.31766057543155,17.204650534085253,3.1622776601683795,4.123105625617661,4.0,10.770329614269007,6.324555320336759,7.211102550927978,7.0,8.0,11.180339887498947,13.0,223.6604569431083,227.6071176391459,249.09837414162303,250.05999280172747,236.48467180770933,247.2023462671825,240.01874926763537,225.07776433935007,228.37250272307304,193.59752064528095,202.4252948620799,202.5487595617411,209.7641532769601,225.06221362103412,234.7977853387889,244.10038918445008,241.50569351466643,241.26748641290231,247.5419156425837,231.89868477419185,230.8679276123039,201.75727991822257,201.71762441591463,188.76705220985997,188.04254837669055,179.32372960654146,9.219544457292889,194.85892332659543,218.50629281556172,213.00938946440832,223.1815404552984,216.5202069091936,209.97618912629116,197.06090429103384,187.49133313302775,170.30854353202602,148.12494725737457,133.24038426843418,107.61505470890214,103.73041983911952,106.21205204683694,128.08200498118384,127.61269529321916,148.16544806398016,187.8430195668713,196.08416560242696,211.29363454680788,210.68697159530296,208.92582415776175,207.87015177749788,184.200977196105,172.14238292762187,153.8473269186046,0.0,0.0,0.0,0.0,0.0
2025-06-01 18:44:24.154,0,0.0,0.0,0.0,0.0,0.0,0.0,21.213203435596427,103.75451797391764,207.17142660125697,305.1884663613617,381.4826339428834,446.4806826728341,509.7185497899797,556.5968020030299,587.2997531073889,599.3805135304284,591.9366520160751,586.3104979445618,552.7096887155136,482.24993519958093,410.5727706509529,319.18803235710453,196.0943650388761,116.48175822848827,113.07077429645558,217.83020910791964,328.69438693108225,460.8177513941927,544.2977126536542,647.0123646422841,722.2644944893802,762.659819316581,6.082762530298219,794.8364611666981,741.3568641349455,707.1612263126423,595.2780862756498,546.7696041295638,437.15900997234405,322.001552791287,260.13265846486865,268.81220210399675,290.0362046365936,466.73439984642226,600.0408319439603,667.0719601362359,810.6996977919753,902.225027362908,924.19532567526,939.085725586328,917.7303525546052,908.0638744053196,836.1554879327169,724.3486729469448,629.7467745054356,516.1443596514448,493.94939012008103,478.2237969821242,541.1247545621989,8.48528137423857,19.235384061671343,22.02271554554524,6.324555320336759,14.142135623730953,12.206555615733702,8.602325267042627,8.602325267042627,11.180339887498947,1.0,17.88854381999832,669.8365472262618,563.5547888182657,446.8568003286959,372.16259887312697,361.795522360352,410.4680255513211,566.3965042265003,691.0723551119665,828.5710591132181,951.9185889560094,1067.0566995244442,1147.0143852628876,1188.3854593523097,1224.9232629026196,1206.53429292333,1115.172184014648,1057.9716442324907,942.6924206760124,842.6256582848638,680.5365530226867,601.0723750098651,663.1930337390464,700.7153487686709,814.4108299869299,929.0780376265494,1087.421261517357,12.727922061357855,1312.10403550938,1345.166160740003,1406.7881859043316,1372.650720321816,1337.65952319714,1247.0352841840522,1159.243287666571,1039.9466332461488,892.0005605379405,751.847058915575,648.4173039023558,559.1511423577707,533.4275958365859,575.402467843161,631.5061361538777,733.9768388716363,808.9406653148301,910.8485055155988,952.412725660467,986.6509007749396,1003.9930278642375,997.6141538691198,971.8029635682328,940.740665645958,867.9228076274986,794.1593039183008,8.94427190999916,16.64331697709324,13.892443989449804,4.0,0.0,0.0,0.0,128.0,5.0990195135927845,4.0,18.973665961010276,829.9602400115322,816.0637230020704,772.1606050557099,745.3442157822116,671.5861821091914,597.54581414315,546.4622585320966,514.3734052223151,489.8407904615539,484.64626275253585,508.1269526407746,512.3719352189383,544.0772004045015,575.1982267010218,604.8842864548558,609.1075438705385,624.720737610014,599.2061414905559,596.2323372645935,573.6427459665118,577.4469672619296,548.0082116173078,512.4109678763716,496.1783953378059,477.104810288054,473.36244041960066,19.72308292331602,507.8621860308168,524.1497877515549,549.8890797242658,522.9196879062788,529.5904077681166,426.7551991481768,407.191601092164,384.30326566398054,350.9102449345131,327.29955698106284,323.7900554371613,294.8219801846531,277.1894658893083,261.22212769977966,269.09106265351886,272.02941017470886,301.0548122850721,310.94211679989576,307.6166445431716,311.64242329952447,306.6463761403353,301.97350877187887,275.94383486499567,254.0019684963091,244.9653036656416,213.55093069335945,20.615528128088304,12.16552506059644,4.47213595499958,9.486832980505138,5.0,18.68154169226941,11.40175425099138,8.246211251235321,2.0,9.055385138137416,13.601470508735444,226.92069099136816,269.45314991664134,259.35689695861186,272.2223356008834,249.6337316950576,227.29716232280597,229.12005586591496,220.5810508633958,217.69703718700444,209.2510453976276,219.10727965998757,195.3279293905508,209.03827400741713,225.68340656769607,261.59892966141894,228.2126201593593,241.7602117801852,238.17010727629108,230.4170132607399,221.92341021172143,222.82953125651903,193.70596273734063,180.22485955050703,192.4421991144354,205.37283169883983,197.61831898890347,2.23606797749979,217.14741536569116,224.0557966221807,224.28776159211185,230.24334952393303,226.73773395709856,222.5758297749331,206.52602741543257,185.60711193270583,159.2262541165872,133.60014970051492,118.12705024675762,99.92497185388645,94.26027795418386,84.17244204607586,120.30793822520609,142.42541907960108,156.92354826475216,186.1316738225926,199.24858845171275,216.81328372588243,219.44019686465833,219.69524346239268,213.39634486091836,205.0,187.01871564097536,144.15616532080756,0.0,0.0,0.0,0.0,0.0
2025-06-01 18:44:24.156,0,0.0,0.0,0.0,0.0,0.0,0.0,134.00373129133382,41.86884283091664,81.09870529176159,182.91528093628483,276.4796556710819,366.34410053936995,455.7630963559906,510.6270654792987,577.2503789518029,608.0328938470352,630.2483637424218,640.5903527216126,619.0032310093382,584.9658109667607,516.5278308087571,430.4427952701729,327.9908535310093,226.43321311150447,155.05160431288675,143.58969322343438,226.40008833920535,365.4654566439898,492.2966585301997,591.068523946251,689.0725651192333,758.9314857086903,17.11724276862369,826.2069958551549,801.0898825974524,775.5907425956037,717.8976250134834,634.8582518956496,547.5326474284433,418.2738337500925,324.35320254315354,277.7048793233565,278.1726082848561,403.1935019317648,548.0009124079995,682.0271255602669,784.21999464436,852.8663435732471,939.5663893520244,971.8461812447482,985.7068529740473,928.7739229758768,858.4899533483197,781.8759492400313,718.1782508542012,592.8886910710982,501.6871535130235,451.27596878185307,464.157300922866,17.88854381999832,4.123105625617661,9.0,12.649110640673518,11.704699910719626,12.0,10.0,4.123105625617661,5.656854249492381,15.264337522473747,15.524174696260024,769.0786695780868,650.2015072267981,520.1009517391792,412.8159396147392,357.201623736511,383.4814206711975,504.4838946884231,658.0167171128709,806.5494405180627,920.9386515941222,1052.5492862569429,1149.649076892597,1206.2060354682362,1250.518292549133,1228.7737790171143,1165.0257507883678,1100.4907995980702,979.211928031925,872.7256155287296,717.7980217303472,616.7333297301193,679.4350594427697,665.8663529568076,757.1268057597749,887.9262356750137,1058.1209760703168,8.94427190999916,1290.917503173615,1354.3862078447196,1405.7570913923928,1376.5104431133095,1347.716587417399,1251.5790027001892,1184.157084174224,1035.3632212899972,902.7696273136352,750.3659107395538,634.4927107540323,568.5886034735483,529.8726262036944,563.961878144259,641.346240341362,727.1010933838568,818.5658189785352,884.3172507646789,935.0614953039184,1006.2385403074164,982.0672074761484,1001.1078862939798,965.4040604845206,926.751315078646,853.4225213808222,782.1636657375489,4.0,7.211102550927978,1.4142135623730951,17.029386365926403,0.0,0.0,0.0,128.0,9.219544457292889,10.63014581273465,8.54400374531753,842.7176276784531,827.8725747359916,781.2509199994583,733.430296619931,675.6596776484446,596.6850090290521,547.812011551408,526.232838199974,496.2307930791881,505.0633623615952,535.302718095098,561.1702059090451,602.5952206913029,641.8917354196111,642.7207791879767,662.4567910437631,650.3552875159854,644.4920480502456,640.8595790030762,581.0490512856896,569.4146116846669,532.18417864495,482.0881662102898,480.5039021693789,486.4092926743896,468.3641745479686,12.806248474865695,515.8914614528912,549.968180897768,564.553806115945,561.9439473826549,566.3682547600987,456.3551248753541,442.72113118756823,421.9300889957956,369.1774641009388,342.9125252888847,309.0453041222274,285.40847920130193,265.8589851782332,270.0166661522951,257.2353008434107,274.3027524469997,301.9751645417219,325.88648330361906,322.54147020189515,321.30981933330327,308.13146544940844,295.4894245146516,277.0018050482704,261.0823624835657,222.9910312097776,194.28844535895593,5.385164807134504,16.401219466856727,7.615773105863909,7.0710678118654755,9.219544457292889,2.8284271247461903,7.615773105863909,11.40175425099138,9.486832980505138,12.36931687685298,17.029386365926403,234.3437645852776,256.08201811138554,235.63743335896356,270.08332047721865,233.85465571589543,230.3670983452281,212.9248693788492,233.0772404161333,208.0600874747485,213.84340064636083,199.6121238802894,239.0522955338434,226.58552469211267,234.7977853387889,255.27436220662665,239.45354455509735,238.75719884434895,233.20591759215716,240.40798655618744,220.16811758290527,223.13448859376263,214.67417171145672,201.20139164528655,202.42776489404807,216.31689716709604,206.0218435020908,8.06225774829855,225.22211259110415,228.81652038259824,224.8999777678957,219.4470323335451,212.24985276791125,200.9427779244629,177.0197729068705,161.83942659315127,127.47548783981962,114.54256850621084,104.75208828467336,108.89444430272832,113.8859078200635,131.85598204101322,143.75673897247393,164.14627622946554,190.19200824430033,205.5723716845238,211.23683390924035,222.80484734403785,220.06589922111968,218.08255317654368,195.7268504830137,184.45595680270128,153.37535656030275,128.22246293064254,0.0,0.0,0.0,0.0,0.0
2025-06-01 18:44:24.160,0,0.0,0.0,0.0,0.0,0.0,0.0,115.974135047432,44.40720662234904,90.4267659490264,177.2794404323299,276.3837911311009,360.347054934545,445.5973518772301,505.0633623615952,562.2277118748239,599.8841554833733,616.3700187387443,624.8015684999518,596.8123658236314,553.4509915069265,499.12122775934904,423.3591855623308,326.90671452266014,235.4102801493597,136.5283853270081,146.2942240828393,248.64633518312712,360.45665481441733,482.4458518839187,589.207094322531,674.2610770317385,745.2959143856888,8.06225774829855,798.1409649930267,786.0089058019636,755.5957914123132,709.365914038728,600.1641442138975,507.6849416715056,415.5309856075717,319.3556011721103,275.04545078950133,291.8030157486382,403.4910160090309,529.3807703345485,622.5889494682667,745.4193450669227,839.6600502584364,943.0047719921675,925.2469940507776,915.9939956135084,905.8084786531864,892.8000896057302,768.8875080270195,687.0880584029968,584.27733141035,511.2621636694818,444.59982006294155,463.42744847494737,22.02271554554524,22.84731931759173,8.54400374531753,8.06225774829855,4.242640687119285,8.602325267042627,6.082762530298219,15.811388300841896,4.0,9.848857801796104,11.704699910719626,736.9565794536337,599.4705997795055,477.0377343565182,368.0787959119623,332.0858322783434,367.14710948065493,487.1796383265622,645.712784448318,778.3219128355568,926.4734210974432,1030.662893481666,1125.128437112848,1200.575278772639,1201.3596464006937,1207.253494507264,1164.3796631683326,1074.8478962160182,965.004663201168,853.8337074629931,716.3693181592857,599.9141605263206,654.9045732013176,660.446061385788,765.4397428929334,885.7680283234431,1041.7298114194489,8.06225774829855,1273.397031565568,1346.3320541382054,1391.0485253937045,1384.818038588464,1343.5642894926912,1243.8878566816222,1124.0360314509496,1007.634854498394,870.2850107866963,732.5851486346144,627.9140068512567,527.9024531104208,508.9567761608053,552.5450207901615,644.0512401975483,720.4616575502127,807.3128266044087,895.9715397265696,952.8273715631808,981.3872833902016,1007.6333658628024,970.4334083284645,949.3223899181984,909.373410651532,828.2179664798392,776.837177277195,2.23606797749979,7.280109889280518,7.0,8.06225774829855,0.0,0.0,0.0,128.0,7.0,17.46424919657298,4.47213595499958,814.6195430997221,807.5345193860136,757.2714176568398,708.0176551471016,641.3142755311159,564.8380298811333,529.4194934076379,498.5107822304348,474.79785172218294,497.8292880094541,518.6029309597084,558.5713920350737,594.3483826847685,622.511847276821,635.9284550953826,642.9836700881291,638.4896240347215,619.0032310093382,578.1643364995804,531.500705549861,522.5753534180501,471.9851692585266,458.1702740248433,445.048311984216,421.6266120633279,446.38660374164454,5.385164807134504,489.8407904615539,513.9357936551997,531.8364410229897,554.9071994487006,553.1193361291937,425.0,400.9401451588504,385.3894134508627,352.9660040287166,313.70368184004474,270.76927447552094,246.62927644543743,221.96396103872357,233.1179958733345,244.64055264816585,274.11676344215067,272.2590678012396,307.42316113136303,322.2374900597384,315.48375552474965,321.0763149159402,294.0153057240388,290.0431002454635,269.2285274631944,245.20399670478457,199.7248106770914,5.830951894845301,14.142135623730953,18.439088914585778,14.317821063276352,9.0,10.04987562112089,5.385164807134504,10.0,5.385164807134504,8.94427190999916,12.0,236.8818270783979,278.25527847643787,283.95246080990387,291.6659047609096,259.04825805243314,262.68802789621,245.81700510745793,217.0829334609241,220.0295434708712,213.283848427395,208.33866659840177,238.371558706151,225.41739063346463,272.28110474287416,287.5030434621519,231.68297304722245,256.82678987987214,245.3670719554684,246.3331078032346,222.89459392277777,228.70505022845472,212.1320343559643,210.27838690650069,208.71032557111303,209.4755355644186,211.57031927943012,10.198039027185567,223.5106261456041,235.05318547086316,235.54405108174564,222.33533232484663,218.89266776207924,205.10485123467947,186.50737250843463,179.71366113904642,144.83784035948617,135.36986370680884,119.0,112.0714058089752,107.62899237658968,136.4734406395618,145.41664278891878,170.8800749063506,191.09421759959145,198.97738564972653,210.62288574606512,214.05840324546944,211.59631376751344,212.60761980700505,193.05180651835403,180.1138528820035,150.5257453062432,117.44360348695028,0.0,0.0,0.0,0.0,0.0
2025-06-01 18:44:24.165,0,0.0,0.0,0.0,0.0,0.0,0.0,96.08329719571452,17.11724276862369,90.47098982546837,197.3676771915807,277.4779270500629,361.53284774692327,437.8241656190302,510.46841234301655,552.2327407896058,571.3860341310417,608.481717063052,605.924087654551,587.4563813595014,549.301374474887,489.9387716847892,405.0975191234822,310.80057915003954,212.6240814207083,124.0644993541666,133.13526955694348,250.89041432466087,359.92221381848606,486.8192683121735,581.5608308681044,673.9510367971845,739.8141658551829,6.324555320336759,794.5527043563567,787.2140750774214,766.0006527412362,687.6750686188935,596.124986894527,506.6724780368478,387.2002066115151,311.8108400937979,258.02713035648014,270.57346507002495,423.958724406044,520.5045629002689,668.1930858666527,773.5696478016702,875.0005714283849,953.4715517518076,963.768644437035,990.658871660674,906.3029294888106,872.3422493494168,758.2908413003549,627.9506350024658,545.5538470215383,492.61140871888057,440.6915020737296,470.567742200844,5.0990195135927845,6.4031242374328485,9.486832980505138,14.0,6.082762530298219,11.180339887498947,1.0,23.323807579381203,14.866068747318506,10.04987562112089,8.54400374531753,745.0664399904213,621.6309194369276,484.8638984292396,377.4466849768322,317.9842763408279,354.7520260689148,489.1952575403813,648.5345017807457,789.9525302193797,934.0021413251684,1069.6840655071944,1158.3147240711394,1214.2915630111247,1255.9988057319165,1244.0980668741513,1201.1261382552625,1105.669028235846,1000.1904818583308,868.0696976625783,730.860451796374,621.2970304129901,653.8845463841457,645.3874805107394,768.6253964058175,888.8396930830665,1041.3419227131883,29.274562336608895,1278.402127657804,1359.009197908535,1383.0679665150228,1395.659700643391,1348.005934705037,1277.2630895786506,1151.8029345335078,1036.683654737548,881.979591600622,741.6427711506396,614.3394826966602,525.2808772456884,510.96868788605826,543.9457693557328,623.253559957743,715.388006609001,811.3420980079858,898.3106366953472,953.6141777469544,1020.5890456006276,1037.8179031024663,1013.159908405381,1001.2012784650248,949.7920825106936,871.6065626187082,794.7540500054089,23.323807579381203,12.36931687685298,20.518284528683193,5.0990195135927845,0.0,0.0,0.0,128.0,15.033296378372908,8.06225774829855,7.810249675906654,865.202866384526,840.907248155229,813.7106365287356,742.5967950375224,690.9833572525463,583.2683773358539,555.0036035919046,526.7874334112385,478.4579396352411,479.88748681331543,528.9328879924182,531.6587251235514,574.0836176028715,618.356693179592,614.121323518407,632.8704448779387,625.6812287419209,612.800130548289,610.5489333378612,577.1698190307598,565.8285959546407,514.9689311016733,470.03191381011567,475.8571214135605,476.0105040857817,474.8526087113769,7.211102550927978,512.0390610099976,549.5343483350244,570.5479822065801,555.8102194094671,565.8842637854493,433.1708669797635,419.1049987771561,401.9975124301144,363.0123964825444,322.0636583037583,296.1215966457023,268.48649872945197,256.0175775215444,253.10274593532168,284.1020943252619,303.58689036254515,320.6618156251224,348.67319942892084,348.52833457267144,360.40671469882466,348.1407761236825,335.46683889767706,324.32237048961025,292.138665705175,257.4975728040946,227.03523955544875,3.1622776601683795,11.704699910719626,3.0,20.024984394500787,9.0,7.0710678118654755,17.69180601295413,17.46424919657298,15.0,8.246211251235321,8.94427190999916,247.42069436488129,267.329384841996,270.05925275761246,267.08238429368566,262.9543686649834,218.3437656540713,224.20749318432692,227.4818674092509,216.2706637526227,200.08498194517247,210.0404722904612,217.9587116864109,202.23748416156684,224.24317157942625,235.5674001214939,236.32393023136697,229.0087334579186,251.53131017827585,255.3605294480727,232.16588896735024,218.908656749796,210.38060747131613,200.44949488586897,199.0226117806718,193.940712590214,194.20092687729377,2.23606797749979,212.47352776287215,216.1157097482735,218.44907873461037,233.63646975590092,217.88299612406655,203.9534260560484,191.9426997830342,174.91712323268982,151.64761785138597,128.41339493993607,113.758516164725,102.6498904042279,119.8874472161285,119.07980517283356,144.20124826089406,160.01562423713506,169.01183390520322,200.9601950635996,216.6217902243447,206.0,213.3775995740884,204.8243149628481,195.2434377898525,167.35889578985635,150.20652449211386,122.41323457861898,0.0,0.0,0.0,0.0,0.0
2025-06-01 18:44:24.167,0,0.0,0.0,0.0,0.0,0.0,0.0,8.06225774829855,95.85927185202274,190.0236827345476,282.00177304407146,348.1752432324849,422.57425383002214,487.2217154438008,529.0765540070737,567.7367347635698,583.3009514821658,589.0415944566224,563.4909049842774,527.0569229219933,462.8001728608147,400.2811511925087,299.1471209956733,219.4196891803468,118.06777714516352,117.881296226331,217.0829334609241,329.6316125616595,443.9481951759687,538.7995916850717,631.0507111159926,698.559231561648,756.6359758827226,8.54400374531753,777.2084662431309,748.0568160240236,681.5665778190712,606.394261186565,517.117008035899,420.36412787011216,310.0967590930289,250.19992006393608,236.63051367057463,327.2491405641885,501.845593783586,617.122354156775,698.7603308717518,785.245184639804,864.468044522179,965.1927268685772,934.73258207896,906.5119966111866,866.428300553485,775.5385225764095,692.2499548573478,597.9941471285484,461.52464722915937,425.62189793289537,419.9488064038282,485.8991664944487,11.6619037896906,8.246211251235321,11.40175425099138,4.47213595499958,10.770329614269007,7.810249675906654,13.038404810405298,1.0,8.06225774829855,21.02379604162864,13.92838827718412,652.9517593207021,543.6561413246428,416.5477163543211,323.6309626719916,310.84562084739105,376.0119678946403,504.0962209737343,642.2624074317288,798.4466168755429,937.969082646118,1034.4322114087515,1134.943170383434,1179.4481760552262,1202.3518619771835,1178.034379803917,1136.3634981818095,1056.1401422159845,930.0086021107546,827.9541050082425,679.8308613177251,578.7892535284324,645.8893094021606,664.1084248825639,767.794243270943,899.2491312200418,1058.7525678835448,15.0,1274.5764002208734,1336.64692420998,1368.513427044105,1382.1248134665698,1328.075675554673,1251.2701546828328,1135.4655432905042,1020.37689115346,896.9147116643811,761.7506153591213,642.2810911119834,563.1740405949124,564.6946077305856,562.5699956449864,650.4805915628843,751.080554934023,842.3188232492492,934.0942136636968,1001.4809034624674,1031.5134511968324,1039.800942488513,1012.0,999.3522902360309,947.4919524724208,890.9169433791233,834.9682628699129,6.708203932499369,8.06225774829855,5.385164807134504,7.211102550927978,0.0,0.0,0.0,128.0,9.486832980505138,12.0,12.041594578792296,856.534879616703,841.8248036260277,788.0418770598426,752.6818717094228,688.3443905488008,599.3204485081416,567.6486589431883,517.2591226841727,484.85049242008614,477.866090029414,508.02362149805595,534.4529913846493,556.3245455667043,595.9706368605755,600.9201278040202,624.1802624242455,623.8469363553852,629.7181909394075,579.1795921819069,560.4462507680821,548.3812542383264,511.56329031704377,493.3011250747357,470.00957437056536,462.6726704701716,473.1934065474708,5.0990195135927845,508.2725646737192,531.2419411153453,530.7928032669622,545.3118373921476,538.2378656319156,419.84878230143767,395.37956446938426,400.6320007188642,369.0663896916109,336.47139551528,309.80800506119914,264.9150807334305,242.8373941550189,245.25293066546627,251.8293072698251,272.3692346796899,280.0803456153252,311.0819827633867,302.5359482772254,328.219438790575,307.0977043222564,307.0504844484047,295.71100757327247,265.8270114190806,255.03137061938085,220.61958208645035,2.8284271247461903,21.02379604162864,15.811388300841896,5.0,10.198039027185567,3.1622776601683795,13.41640786499874,4.0,3.605551275463989,8.602325267042627,17.804493814764857,220.20445045457188,265.0,240.8318915758459,263.59438537267823,266.5576860643865,248.8955604264568,232.81967270830015,228.5278976405288,233.7733945512192,231.38712150852305,199.3037882229036,201.0994778710278,211.53959440256097,221.0701246211256,234.4013651837378,230.3584163862914,222.10357943986403,219.0570701894828,243.82370680473215,223.70739817896057,212.4335190124195,204.78769494283583,196.1631973638277,207.1183236703117,194.79476378999513,203.3346994489627,12.529964086141668,214.21717951648975,225.08887133752305,233.173754955398,226.80828909014767,216.6679487141557,214.21717951648975,197.4968354176846,197.2004056790959,157.54364474646383,147.50254235097103,109.89540481748998,116.1808934377766,93.47192091746057,109.55363982999378,123.48279232346503,147.00340132119393,178.48809484108455,202.23006700290637,200.90047287151916,207.46083967823904,217.7200036744442,216.3007165961315,215.40659228538016,187.0106948813356,166.02710622064097,138.6578522839583,0.0,0.0,0.0,0.0,0.0
2025-06-01 18:44:24.172,0,0.0,0.0,0.0,0.0,0.0,0.0,17.46424919657298,82.46211251235322,174.26990560621763,262.1221089492453,338.0,417.11629073916544,474.8905136976311,508.3483057904295,558.627783054155,570.0956060170961,581.6055364248177,563.5645482107617,535.7284760025362,477.88073826008093,400.98004937901834,328.03201063310877,223.37636401374252,137.63720427268203,115.93532679903912,191.2694434560837,316.8911485037094,437.86413417862855,532.0620264593217,614.721074960018,698.6444016808551,748.3755741604613,12.727922061357855,767.440551443563,743.4628437252261,698.4590181249005,613.5796606798501,544.5897538514657,443.654144576606,332.74614948936676,260.8006901831358,277.1082820848197,347.41617694056794,426.9297366077936,619.6878246343073,685.0926944582025,779.3651262405831,874.1859070014799,908.7271317617848,969.1439521557156,935.2181563678072,842.7597522425949,825.2078526044211,722.772439983706,621.7370826965366,520.3172109396344,471.02123094399894,435.5088977277043,495.0070706565715,9.848857801796104,7.0710678118654755,12.041594578792296,19.6468827043885,13.038404810405298,13.038404810405298,8.06225774829855,13.45362404707371,3.1622776601683795,20.0,16.1245154965971,704.418199651315,585.8165241780058,454.00991178607546,378.5287307457652,352.3251339317137,395.62229461950193,521.6742278472265,684.3778196288947,823.5393129656895,938.8471654108564,1067.465221915918,1148.4668040479012,1199.5536669945202,1216.4098815777518,1212.5477310192782,1150.2717070327342,1067.206634162288,959.2689925146128,851.7845971840534,687.602356016906,595.6483862145519,668.9162877371128,686.0466456444489,760.9270661502323,903.9170315908424,1048.436931818028,25.0,1277.95148577714,1332.7434111636044,1372.6616480400403,1343.5214921987665,1316.0015197559617,1233.0660971740322,1129.2191992700089,1013.2842641628262,897.144915830213,744.758350070679,647.5075289137571,557.8216560873198,530.849319487178,566.8588889662047,634.4170552562407,731.6180697604455,802.7764321403563,906.7756062003432,952.14494694873,1012.3541870313968,966.4331327101736,999.4258351673724,983.220219482899,939.7771012319888,885.4631556422887,826.4048644580936,6.082762530298219,10.0,10.816653826391969,10.198039027185567,0.0,0.0,0.0,128.0,6.708203932499369,4.242640687119285,11.704699910719626,863.625497539298,856.4607404896035,803.1961155284555,743.8615462570975,696.3167382736107,602.2374946812927,591.5437430993586,531.0103577144235,511.44598932829655,518.6000385653668,530.9708089904755,555.0792736177419,575.7577615629684,611.5660226009944,629.2296877929394,646.0108358224342,658.0759834547983,649.2657391238198,614.3695956018657,541.0813247562699,552.4499977373517,530.2754001459996,515.4076056869941,492.0040650238573,471.07218130558294,491.8699014983535,17.0,529.5016524997822,555.7814318596835,569.0219679414847,574.540686113699,588.1513410679262,465.39553070479735,413.0726328383424,407.33278777923096,390.10383233185496,348.78646762740095,314.226033294506,287.1671986839723,268.73406929527937,245.22030910999192,261.48996156640504,289.35963782117227,294.5929394944828,322.6840560052511,326.266762021509,327.9176725948146,318.2514728952562,321.2366728753117,295.0016949103852,296.44561052577586,255.5621255194126,226.99118925632337,11.40175425099138,12.16552506059644,2.8284271247461903,3.0,4.123105625617661,10.44030650891055,12.206555615733702,0.0,10.0,10.770329614269007,23.600847442411897,246.2376900476448,239.70815588961503,259.9423012901132,275.0708999512671,274.96363395911106,230.8679276123039,222.6858774148015,243.01851781294363,241.69815886762564,199.42417105255825,226.41775548750587,222.63872080121195,214.93254755853056,252.29546171106605,248.90560459740556,227.37853900489375,232.13142829009604,235.07658326596464,237.19190542680835,222.80035906613796,207.87015177749788,204.9634113689563,197.0406049523803,193.6930561481232,188.7988347421668,198.13379318026497,4.47213595499958,211.28653530218153,220.0295434708712,229.73027662891977,229.1920591992663,221.92115717073935,204.1984329028996,192.5850461484484,181.34221791960084,159.928108848945,140.29255147726127,120.83873551142447,100.84641788382967,102.9417310909429,100.12492197250393,126.64912159190052,142.63590010933433,165.0272704737008,196.51463049859672,201.2486024796197,212.20744567521655,212.8966885604377,216.9446934128604,211.6057655169159,192.31744590650115,174.6568063374571,154.53802121160993,0.0,0.0,0.0,0.0,0.0
2025-06-01 18:44:24.174,0,0.0,0.0,0.0,0.0,0.0,0.0,180.5602392554906,88.75246475450696,15.652475842498529,94.847245611035,183.5755975068582,279.30807363912703,363.1927862719743,429.7731959999367,506.63793778200227,560.7717895900256,578.682987481056,600.4614891897731,599.1669216503861,581.3725139701738,528.6482762669334,452.35826509526714,388.36065712170176,301.43821920917725,178.2806775845324,125.00399993600205,166.13849644197458,276.87542325024083,388.98971708774,499.3245437588663,612.7193484785673,690.3745360309866,13.152946437965904,790.5656202997952,800.5479373529108,770.4965931138178,731.6809413945398,663.2721914870244,578.7443304257935,471.1061451520241,356.2948217417705,286.16254122438875,255.15681452785068,360.3775797687753,465.83366129982494,594.7982851353894,698.0257874892588,839.430759503129,887.3353368372073,923.832235852376,955.584114560304,929.2066508586774,851.1903429903326,807.6756774844715,735.3563761877638,602.6508110008648,487.5705077217038,421.8862405909915,419.5473751556551,16.64331697709324,10.63014581273465,9.486832980505138,8.06225774829855,5.830951894845301,19.235384061671343,7.0710678118654755,8.06225774829855,5.0990195135927845,10.816653826391969,13.41640786499874,779.3234245164199,649.2156806485808,530.9105386032566,404.7245977204746,301.56922919953223,306.78983033992506,404.7245977204746,548.4022246490252,697.1771654321446,837.6311837557148,969.4065194746732,1071.791957424574,1149.0139250679254,1211.237796636152,1213.5324470322169,1178.3412069515348,1116.2011467473055,1003.5477068879188,881.6439190512233,760.8843538935467,623.2062258995813,681.851156778369,626.5979572261626,700.8223740720612,816.4465689804814,966.7517778623424,12.041594578792296,1231.8319690607157,1308.2583842651268,1343.6253197971523,1375.3883088059167,1305.355507132061,1264.2646083791162,1146.9908456478631,1049.8580856477697,923.1467922275416,785.3152233339171,661.9705431512795,566.9717806028798,509.5134934425191,546.6305882403582,613.1663722025206,701.0599118477678,787.4134873114633,875.4250396236105,940.1218006194728,984.0,998.6250547627974,997.663269846094,957.92536243697,916.8124126559368,864.4177230945696,777.460609934677,6.324555320336759,8.94427190999916,14.866068747318506,2.0,0.0,0.0,0.0,128.0,14.866068747318506,4.242640687119285,9.219544457292889,855.2642866389313,806.1048318922298,778.8054956149192,707.2206162153363,645.9380775275599,561.5300526240782,530.5186141880415,496.42119213426014,476.6182959140364,487.99385242029433,524.1373865695901,561.9653014199364,580.4842805795864,612.8009464744649,623.1572835167699,637.8354019651151,639.5576596367212,595.0907493819745,562.1930273491481,535.5305780251955,500.2579334703249,480.45915539200627,452.86863437425205,428.533545944772,438.2476468847266,450.111097397076,12.041594578792296,495.26255663031907,505.8903043150758,518.7562047821693,526.9554060829056,510.1607589770111,406.5882438044661,365.1643465619282,355.4729244260384,313.6000637755037,288.17529387509956,254.9607812978302,217.27862297059968,211.0094784600919,228.26519664635697,256.44492586128507,279.1773629791642,295.3811097548386,312.1618170116262,316.9684526889072,328.01371922527875,314.0573196090166,282.17902119044925,285.5906160923359,242.86004199950224,227.85302280198084,197.6689151080665,11.180339887498947,8.54400374531753,7.615773105863909,4.123105625617661,5.0990195135927845,4.123105625617661,17.11724276862369,22.360679774997894,14.0356688476182,5.385164807134504,12.36931687685298,262.1907702418222,254.9215565620138,275.1817581163403,264.0378760708395,257.9399154842073,237.56472802164888,229.99347816840373,220.47675614449705,205.526154053444,224.24317157942625,236.78048906107108,226.17913254763357,220.9547464980103,235.69683918118207,282.98586537139977,217.40745157422737,252.67568145747623,233.63432966925043,240.1686907155052,229.01964981197577,226.2144999773445,209.30360723121808,210.6418761785035,216.68410186259624,227.72790781983664,227.3081608741754,4.242640687119285,248.39484696748443,255.78311124857325,247.6065427245411,228.54321254414887,219.27608168699112,212.5770448566825,191.4157778240864,165.58381563425817,155.32224567009067,131.79529581893277,113.35784048754634,120.06664815842908,131.6092701902111,149.164338901763,163.17475294910057,198.76870981117727,228.58040160958683,229.65191050805564,232.18096390531244,235.44001359157284,224.2944493294473,209.8475637218598,199.4041122946064,163.29421300217592,136.0,105.152270541344,0.0,0.0,0.0,0.0,0.0
2025-06-01 18:44:24.180,0,0.0,0.0,0.0,0.0,0.0,0.0,9.055385138137416,98.71676655968832,174.89711261195822,258.5188581129044,334.0314356464074,403.0446625375406,456.00109648990974,501.36613367877175,525.1780650408011,549.5179705887697,553.3263051762495,533.7883475685845,498.5519030151224,454.6086228834645,400.3623358908777,302.44668951734286,214.28252378577213,116.21101496846155,92.45539465060976,177.6091213873882,302.6450065671,406.5464303127012,511.11838159080133,593.9326561151526,675.2962312940892,727.5197591818383,2.23606797749979,745.0966380275783,719.2621218999371,670.6131522718593,606.6514650110062,545.6198310178984,454.23452092503936,343.2855953866984,278.4690287985362,254.52701231892857,319.53090617340916,473.6243236997019,622.4853411928669,704.8921903383524,773.2334705637102,874.7856880402194,914.3566043945874,940.6604063103752,921.9267866810249,857.5272590419502,815.9123727459953,700.8801609405134,598.1203892194279,479.9354123212831,423.7924020083418,459.5835071018106,506.5984603213871,8.602325267042627,26.40075756488817,15.297058540778355,24.331050121192877,6.0,9.219544457292889,14.866068747318506,6.082762530298219,7.211102550927978,1.4142135623730951,9.0,671.2711821611292,536.2023871636529,425.0176466924638,326.88836014761984,343.43267171310305,396.79717740931574,542.3845499274477,689.5694308769785,853.4102178905523,955.6908495952024,1065.4036793628975,1167.0201369299502,1201.4279004584505,1224.9183646268025,1187.499052631201,1114.768585850893,1028.0408552192855,923.9307333344856,793.0308947323553,654.5509911382001,555.0324314848638,643.6210064937284,677.6820788540892,800.3924037620548,939.7957224844132,1076.4613323292203,25.079872407968907,1278.0942844720023,1335.911673726972,1343.8630882645746,1331.8021624851042,1265.389268170076,1201.1765065967616,1070.2794027729394,942.6181623541952,813.1377497078831,674.9081418978437,595.6886770788916,509.35645671769,499.225399994832,551.4526271584895,635.0787352761861,730.1814842900359,808.0,877.6018459415409,937.5169331804092,985.4303628364614,961.147751388932,959.013034322266,943.51046629065,874.8994227909857,804.8055665811463,731.8497113478969,3.1622776601683795,5.0,2.0,5.0990195135927845,0.0,0.0,0.0,128.0,8.06225774829855,11.0,13.0,862.7444581102797,817.2209003690496,769.1930836922547,701.9643865610277,646.839238141905,550.4806990258605,519.2041987503568,472.1207472670524,449.0044543208898,450.94123785699617,495.68235796727726,534.2518132865812,554.0902453571981,580.8579860861,601.9277365265701,607.8223424652964,622.873984044927,621.420952334245,585.4536702421465,543.2421191328964,525.0295229794226,483.8264151532034,442.0904884749275,441.955880150949,429.12119500206467,450.78154354409855,5.0,461.6015597893924,518.185295044157,537.5658099247012,536.1538958172364,542.1770928395998,448.0546841625473,413.6145548696274,403.9009779636588,366.7219655270188,320.5152102475014,298.24151287169934,266.925083122587,228.80559433720143,224.4036541591959,234.4184293096428,261.3350340080717,303.63794229311986,312.86099149622345,334.20053859920694,348.85527085024813,355.6880655855633,335.47727195743084,346.88326566728466,324.56894491001447,292.30805667993485,261.5205536855564,13.038404810405298,7.615773105863909,17.029386365926403,9.055385138137416,5.385164807134504,17.08800749063506,8.602325267042627,8.246211251235321,9.433981132056603,10.04987562112089,4.47213595499958,245.63590942694023,297.27092020579477,278.1150840928985,263.59059163786554,279.03404810166086,267.09174453734056,242.0433845408711,248.2438317461282,228.07893370497857,212.55822731665788,203.1206537996567,213.3377603707323,243.2138976292268,237.45736459415193,244.38085031360376,224.24317157942625,234.4120304079976,260.155722597063,244.62420158275427,238.6629422428208,234.3608329051593,206.77040407176264,196.1555505204989,197.6689151080665,198.12369873389704,209.2510453976276,5.0,226.3735850314696,213.50644018389704,224.34125790857107,221.6867158852781,225.03555274667156,212.20744567521655,192.46298345396187,178.84630272946657,152.64337522473747,141.4213562373095,113.3181362359971,110.8873302050329,109.80892495603445,108.07404868885035,129.72663566130126,149.6963593411677,174.73408368146153,188.43831882077487,201.2958022413781,204.24495097798624,210.79136604709407,207.4246851269154,198.11612756158948,181.12150617748296,164.19500601419034,136.23509092741122,0.0,0.0,0.0,0.0,0.0
2025-06-01 18:44:24.183,0,0.0,0.0,0.0,0.0,0.0,0.0,162.92943257741985,74.65252842335616,17.46424919657298,95.0789145920377,199.46177578674065,281.78360491696463,366.6619696668854,431.723291009415,502.4937810560445,544.5410911951457,574.9095581045771,595.0907493819745,590.485393553473,567.1014018674261,521.2542565773444,464.1594553599011,395.1328890386119,288.9429009337312,195.57607215607945,105.54619841567008,136.31214179228496,256.26743843102656,377.04111181673545,480.9407447908734,586.4401077689008,671.1810486001523,9.219544457292889,758.3904007831322,769.8577790735118,767.440551443563,724.0787250016396,641.8286375661341,565.8524542670112,467.7135875725656,370.20264720825537,291.547594742265,273.33678859604686,340.93987739776054,469.56362721147815,552.7865772610619,704.1817947092924,817.984107425077,840.7734534343957,902.6854380126002,932.8413584313251,911.526741242406,859.2165035658941,789.4555085627055,708.3819591152784,579.7240722964676,487.25865820937446,418.1686262741384,413.0326863578717,13.892443989449804,12.041594578792296,15.231546211727816,5.0,12.649110640673518,14.142135623730953,10.0,10.63014581273465,1.0,6.324555320336759,10.0,754.7880497199197,634.6692051769961,523.550379619765,422.8250229113694,327.4950381303509,304.6325655605454,403.1897816165484,537.9711888196244,679.356312990466,838.1700304830757,971.9387840805612,1071.0093370274603,1141.3930085645347,1199.5836777815878,1191.9899328433944,1188.0728092166742,1095.7344568826884,1006.9106216541765,896.9202863131148,749.2829905983452,638.2429004697193,667.8023659736464,644.5471278347302,713.7261379548881,843.8068499366428,991.3954811274864,10.04987562112089,1218.299224328736,1307.6517120395629,1327.12998609782,1366.1185892886458,1304.522134729802,1239.2788225415618,1129.0017714777953,1017.8644310516012,878.8771245174152,744.1102068914255,610.7642753141346,530.6373526241815,497.1780365221296,534.4389581607987,615.5818385885016,692.8794989029477,779.9108923460423,867.6957992291999,941.3442515891836,958.9629815587252,1008.2762518278412,977.798036406292,951.4672879295432,891.0808044167487,828.2813531644908,747.1867236507886,7.280109889280518,16.76305461424021,1.4142135623730951,2.8284271247461903,0.0,0.0,0.0,128.0,7.0,10.0,2.8284271247461903,871.1567023216891,817.6478459581484,777.6400195463194,714.226854717743,628.5125297080401,532.4143123545797,487.6474136094644,441.6435214061223,433.56199095400416,434.69529558070906,466.62297414508,512.6499780552028,543.842808171626,587.5031914806932,605.33709617039,646.7456996378097,639.0500762851061,617.5475690179665,598.9232004188851,553.6108741706579,546.7732619651404,500.0729946717779,466.476151587624,455.623748283603,434.7102483263996,442.6341604530766,8.0,495.15351154970114,526.0313678859845,538.3400412378778,566.9964726521674,550.8910963157782,439.0626379003342,412.82562904936026,401.3826104853074,349.73847372000694,323.31099579197735,269.1337957224993,259.4937378820537,230.15212360523637,252.10513679812237,259.5630944491146,292.60553651631403,324.1681662347492,326.67568014775753,341.8552325180938,354.400902933387,356.4772082475961,346.7636082405419,337.843158877015,315.67388235329196,285.112258592997,228.26519664635697,5.0,11.704699910719626,14.317821063276352,6.4031242374328485,4.123105625617661,6.4031242374328485,5.385164807134504,13.892443989449804,5.830951894845301,10.770329614269007,12.0,242.1672975444868,264.51464987784703,255.19012520080005,245.3915238959977,242.68704126920332,239.17566765873153,257.9399154842073,244.0184419260151,215.17667159801505,233.45235059857504,188.85444130334875,213.74049686477292,217.947241322298,229.01964981197577,231.2055362658948,221.98423367437607,223.0,214.18916872708573,209.45882650296693,211.8041548223264,210.6418761785035,211.62466774929615,221.3820227570432,210.63950246807937,208.83725721240452,220.02045359466015,11.6619037896906,222.84748147555987,232.606964642076,228.37250272307304,223.0874268084152,211.4190152280537,185.18099254513135,164.07315441594946,154.77725931156684,135.18135966175217,112.72976536833562,129.1394595001853,112.75194011634566,136.0,142.43595051811886,166.97904060090897,192.0,198.2145302443794,217.41205118392128,218.68013169924697,212.1980207259248,199.1004771465905,190.3943276465977,178.35358140502814,142.27438279606065,115.45128842936316,88.76936408468859,0.0,0.0,0.0,0.0,0.0
2025-06-01 18:44:24.189,0,0.0,0.0,0.0,0.0,0.0,0.0,213.60009363293827,78.10249675906654,50.695167422546305,181.46625030566975,304.92622058458664,432.30197778867495,535.000934578623,653.9434226292058,743.2745118729688,791.0025284409652,845.6175258354099,882.7049337122796,868.0581777738172,826.8282772135941,752.6413488508322,664.6878966853541,556.9245909456683,410.8783274888078,250.4595775769016,157.8923684032892,235.3720459187964,387.2002066115151,550.0709045204991,735.6119901143537,884.06164943402,993.2663288363298,2.23606797749979,1129.6415360635426,1144.255216286996,1120.9928634920027,1048.1078188812446,947.94198134696,824.8787789730077,686.0357133560905,550.0445436507847,434.39383052709206,413.5855413333498,523.6792911697005,677.8797828523875,858.5947821877326,1085.433093285809,1196.0351165413165,1316.5883942979294,1386.9686369921997,1394.3227746831076,1396.8081471698251,1326.9291616359933,1176.9791841829658,1052.7625563250242,883.4845782468418,736.1555542139175,663.6663318264683,647.0069551403601,10.816653826391969,21.470910553583888,13.892443989449804,5.385164807134504,6.4031242374328485,10.816653826391969,6.708203932499369,5.0990195135927845,28.319604517012593,17.08800749063506,12.529964086141668,1142.200070040271,963.710018625935,795.0628905941969,615.2373525721597,481.5184316306075,485.3720222674562,620.6488540229491,834.8562750557727,1034.5380611654653,1227.3059928151577,1448.8202096878688,1584.0991130607958,1689.01036112867,1776.4033888731467,1773.1080057345632,1713.8127085536505,1627.3097431036292,1476.964793080729,1298.9795995318786,1109.9211683718804,949.1706906557956,1003.9691230311817,964.1415871125984,1057.0685881247252,1207.0994159554548,1406.1326395472086,23.345235059857504,1774.6833520377656,1861.5737965495755,1938.763781382353,1956.6872514533336,1896.5579347860692,1803.486068701391,1650.344206521779,1503.5650966951846,1319.4305589912642,1092.4879862039677,941.2013599650184,802.2374960072609,759.2555564498689,805.8002233804605,881.464690160644,1012.0597808430092,1144.6265766615766,1263.829497994093,1328.0150601555692,1417.7535046685657,1438.4505552850956,1415.3501333592335,1386.834164563305,1314.1936691370872,1214.4698431826127,1133.4910674548785,7.280109889280518,11.40175425099138,22.360679774997894,14.0356688476182,0.0,0.0,0.0,128.0,11.40175425099138,1.0,16.15549442140351,1235.5925703887992,1196.3465217068172,1134.3341659317152,1037.6483026536496,930.6599808737884,820.3078690345473,746.7697101516638,670.1358071316589,644.8821597780482,681.2297703418429,719.0771863993461,789.108991204637,839.3437913036588,871.788965289192,918.2009583963631,936.7347543461808,971.6316174353324,934.2510369274416,912.2850431745552,848.1556460933335,794.3915910934606,775.7119310671972,742.8492444635049,684.2229168918562,650.1830511479055,697.1728623519421,13.601470508735444,739.9256719427973,796.4847770045577,839.2877933104949,841.4333009811295,855.0988246980579,682.0263924512012,613.5796606798501,624.7919653772766,565.5095047830762,512.5095121068487,459.8314908746464,424.721084948699,389.1734831665693,400.82165610156346,405.93841897509526,440.5144719529655,490.02550954006466,526.3933890162375,540.7448566560759,557.2162955262526,550.5778782334066,552.609265213677,519.0857347298229,471.3395803452114,428.7528425561747,421.2671361499731,21.0,20.248456731316587,22.561028345356956,4.47213595499958,5.385164807134504,8.06225774829855,7.280109889280518,15.0,5.0,14.422205101855956,17.029386365926403,415.94350577933056,429.2528392451237,438.2693235899588,440.50539156745856,406.6509559806788,392.20657822122257,359.87219953755806,355.81034273893727,353.9519741433857,333.4186557467953,339.00589965367857,305.81203377238114,325.8849490234245,365.5201772816379,356.43793288593736,329.6922807710244,331.5569332708939,333.0135132393279,355.1351855279902,355.1408171415953,345.3259329966401,335.72161086233336,323.6865767992241,329.3098844553561,357.0952253951318,357.2394155185007,8.48528137423857,351.6276439644642,375.680715501874,332.73713348527843,315.9952531289038,291.15803269015265,293.48253781102545,241.99380157351135,214.2195135836136,208.2786594925174,168.0029761641144,156.8948692596415,154.14927829866735,186.93581786270923,231.07790893982056,267.43971283263073,272.31048455760936,315.79265349276255,307.52235691084314,325.70692347569155,335.26854907670656,302.00165562460086,292.64312737530673,254.86663179004032,217.1128738697915,187.25650856512303,137.05838172107534,0.0,0.0,0.0,0.0,0.0
2025-06-01 18:44:24.193,0,0.0,0.0,0.0,0.0,0.0,0.0,86.97700845625813,4.47213595499958,108.17116066678771,190.0026315607234,270.675081970986,351.51102400920513,421.8862405909915,476.6927731778614,515.3493960411713,558.4523256286072,589.7838587143599,580.4937553497023,549.0081966601227,534.6550289672772,455.5655825454772,389.2351474366106,296.4219964847413,192.09372712298543,108.25894882179486,125.03599481749244,230.51247254758255,342.58429619584143,464.4308344630016,560.7361233236182,634.606177089382,704.3756100263552,5.830951894845301,754.6475998769226,763.4408948962584,717.4761320071909,663.7446798280195,584.2003081135784,497.7429055245288,389.16577444580093,278.86197302608326,251.43189932862535,293.7430850249925,415.1457575358322,526.4988129141414,656.7876369116581,743.6907959629459,846.9911451721323,905.8311100862014,902.8028577712856,903.792011471666,914.5665640072352,826.7974358934599,736.1331401315933,626.9194525614913,552.4708137087424,465.207480593337,417.09711099455006,447.0447404902556,4.47213595499958,5.385164807134504,3.605551275463989,9.219544457292889,8.94427190999916,5.385164807134504,16.15549442140351,12.041594578792296,15.811388300841896,13.341664064126334,10.198039027185567,707.9505632457679,591.9298944976508,467.4120238076894,368.41959774148825,287.452604789033,311.4819416916493,448.97438679728714,584.6469019844371,727.0832139445938,886.8336935412411,998.461316226122,1091.6272257506223,1166.4994642090496,1180.823864934987,1175.8001530872498,1156.1704026656278,1056.827327428658,974.4249586294472,849.7252497131058,694.6207598394968,596.4704519085585,618.3283917143058,608.6189283944428,676.8544895322775,821.4000243486727,974.6717396128812,5.0,1213.3202380245702,1289.2827463361168,1315.9304692877963,1334.2237443547465,1272.9591509549707,1206.1546335358498,1109.1911467371167,986.9493401385909,852.7701917867439,717.2447281088931,603.3315837912019,525.9172938780393,473.4817842325088,505.4463374088292,591.4879542306842,683.8164958525058,773.9276451968879,859.2147577875976,906.5506053166586,950.0194734846228,943.9798726667852,949.4129765281282,948.852991774806,885.0361574534681,821.9787101865838,733.3239393337708,17.11724276862369,10.04987562112089,7.0710678118654755,13.92838827718412,0.0,0.0,0.0,128.0,9.219544457292889,15.033296378372908,10.0,860.0261623927495,816.5206672215958,763.2044287083245,718.5721953986252,650.2707128573453,550.1363467359705,504.25489586121023,457.5816866964848,440.4054949702603,443.1624984133924,493.5848457965459,540.7152670306249,569.077323392876,603.0132668523969,634.9834643516317,680.7789655974984,662.0188819059468,648.1311595657163,638.5491367154136,580.2973375779006,564.7831442244005,523.9942747778834,479.26714888462783,460.47909833129233,431.64452967690903,445.4862511907635,4.242640687119285,497.73989191142795,521.9827583359435,556.0008992798483,592.2837157984338,576.8856039112087,462.654298585888,427.79083674150854,419.8285364288616,372.6043478007201,342.6149442158062,280.6652810733811,242.33035303073365,232.81322986462777,199.9124808509964,234.71898091121648,276.2028240261131,301.8095425926755,316.3178780910115,360.0055555126893,348.209706929603,359.97361014385484,367.26693289758606,356.87672941787616,350.56097900365353,302.0595967685847,263.00760445279906,4.123105625617661,19.697715603592208,18.867962264113206,8.54400374531753,9.486832980505138,6.324555320336759,7.615773105863909,20.518284528683193,8.54400374531753,1.0,2.0,277.89386463180506,290.30328968167066,311.26194756185663,309.5545186231337,315.3173005085512,292.31831964486935,287.08883642524313,282.8002828852899,240.23530131935232,246.60291969074495,232.66499521844707,261.56452358834906,229.2967509582288,237.00210969525145,246.5218043094769,220.42912693199145,240.58470441821524,246.95141222515815,241.7788245483876,232.4327859833892,230.4886114323222,238.47222060441337,237.3562722996803,220.02045359466015,232.606964642076,247.5419156425837,8.94427190999916,239.20075250717753,240.6657433038612,242.86004199950224,231.03679360655957,214.84878403193255,205.24375751773792,183.38211472223784,169.04733065032408,155.63097378092831,140.0142849854971,121.06196760337244,119.00420160649792,124.16923934694935,141.4213562373095,171.67702234137218,175.0028571195339,198.21705274773913,211.1539722572133,219.25783908448977,223.9866067424568,219.09358730916796,213.60009363293827,201.6953147695801,169.10647533432893,145.0,119.50732195141852,0.0,0.0,0.0,0.0,0.0
2025-06-01 18:44:24.197,0,0.0,0.0,0.0,0.0,0.0,0.0,117.61802582937702,17.46424919657298,153.11760186209813,286.0069929215018,389.0192797278819,520.1855438206641,625.7994886543133,727.6901813271909,770.1662158261682,826.8282772135941,839.5439238062532,846.1512867094158,812.0745039711566,738.9993234097038,667.3080248281149,555.612274882404,436.4871132118336,282.8462479864281,166.70932787339763,195.67319693816015,335.9434476217686,517.117008035899,684.6342089028271,822.893067172157,928.5176358045118,1013.4914898508029,14.317821063276352,1122.6130232631367,1087.6883744896788,1056.1576586854824,973.0411091007408,863.9450213989314,686.5427881785665,584.4082477172957,429.0011654995822,381.4302033137911,378.4098307391075,609.3808333054134,759.6130593927411,921.8161421888856,1112.9645097665964,1243.577098534707,1350.5036097693337,1372.6124726229175,1353.7244919111126,1309.435374503072,1170.492631330928,1075.2906583803283,900.7624548125882,831.4066393769057,642.4359890292573,616.4576222255671,696.9339997445957,13.892443989449804,26.076809620810597,16.1245154965971,31.304951684997057,9.219544457292889,3.605551275463989,19.1049731745428,7.615773105863909,10.198039027185567,8.06225774829855,7.0710678118654755,1017.9395856336464,815.1349581511028,641.5870946333007,483.2649376894624,389.96666524204346,459.1230771808361,669.5864395281613,854.6870772393836,1073.862654160205,1311.1964002391098,1477.2494711456152,1595.0877718796544,1679.7693294021058,1716.8543910302935,1720.723684965137,1681.3446999351445,1544.149280348244,1398.9538948800275,1211.0235340405238,1014.40869475769,831.428890525221,889.0849228279602,870.7341729827766,1008.4071598317814,1208.0273175719165,1427.9026577466686,17.08800749063506,1797.3527756119554,1915.671161760285,1922.220590879205,1965.2819136195192,1871.1050211038396,1747.583760510494,1612.1256154530886,1401.64082417715,1210.5775481149485,1009.4770923601982,843.0005931196016,724.0089778448884,696.9892395152166,748.1844692320203,895.3323405305987,994.4425574159626,1137.5205492649352,1249.3698411599346,1336.331171528974,1361.4000146907597,1420.7554328595756,1368.0058479407169,1352.3978704508522,1260.0039682477195,1155.4397431281304,1054.9127926042038,29.732137494637012,2.0,3.605551275463989,4.47213595499958,0.0,0.0,0.0,128.0,11.180339887498947,44.0,21.840329667841555,1241.677091678831,1172.0755095129325,1107.1156217848252,1012.4228365658294,886.0073363127418,724.5032781154272,673.1478292321829,631.6518028154436,599.213651379873,660.1219584288951,721.9148149193227,792.394472469363,851.7135668756251,909.769751090901,936.3610414791935,991.7887879987352,967.6455962799604,927.3472920109272,897.0005574134277,801.9089723902582,768.5323675682112,677.3573650592425,634.3311438042437,583.2778068810779,563.9122272127108,608.9047544567212,17.029386365926403,691.3327708130145,733.3109845079372,771.5763086046642,821.8223652347264,822.5211243487914,648.4481475029442,641.038220389393,579.1277924603515,515.3348426023608,455.1318490283887,372.4258315423354,323.51970573676033,284.6910606253733,273.7918917718346,301.69189581425616,324.3732418064104,398.8307911884437,449.9611094305818,492.7027501445471,494.0951325402832,508.83789167081494,500.00899991900144,498.8236161209692,476.2656821565039,420.0309512405008,378.4824962927612,10.44030650891055,9.219544457292889,10.63014581273465,15.132745950421556,13.038404810405298,27.892651361962702,8.94427190999916,21.02379604162864,3.605551275463989,3.0,20.09975124224178,381.3659659696969,411.4474450036116,430.75979385267607,438.2476468847266,454.7405853890765,431.3432507875833,446.8791783021447,434.5572459411993,373.51439061969216,355.59808773389096,384.5126785946076,345.30131769224397,332.26796414941964,346.1574786134195,362.3768756419206,358.07541105191797,336.3807366660582,378.34508058120696,349.46816736292305,332.9459415580854,357.66464740032666,331.8870289722092,356.32008082621445,330.5465171500072,324.8045566182839,346.39428401750513,16.1245154965971,353.5449052100737,360.5551275463989,335.18502353178013,339.1577803913689,301.10629352439645,317.2002522067093,276.1322147088239,254.043303395307,221.46105752479377,193.60010330575756,196.7739820199815,179.0446871593793,187.41664813991312,193.3520105920805,239.38462774372127,269.89812893015767,284.541736833105,310.64449134018133,326.71853329739344,328.0243893371345,328.19658742893716,305.9885618777277,276.06520968785617,263.74609001841145,220.43593173527768,186.6815470259447,0.0,0.0,0.0,0.0,0.0
2025-06-01 18:44:24.199,0,0.0,0.0,0.0,0.0,0.0,0.0,175.54771431152272,72.11102550927978,52.20153254455275,182.21415971323415,302.5376009688713,413.6786192202831,505.97430764812555,600.1708090202321,701.655185971001,750.8102290192909,782.4889775581506,832.8223099797459,800.0781211856752,773.8281462960623,745.9255995070822,631.7349127600912,530.1707272190723,395.6071283483148,254.159398803192,123.17467272130256,196.1631973638277,363.5519220138989,523.2590180780452,669.8932750819342,835.0724519465361,947.4354859303086,9.486832980505138,1090.6374282959484,1088.9320456300293,1075.0116278440898,1002.863899041141,927.269647944976,795.0509417641111,641.4748631084464,510.09802979427394,396.1577968436315,359.2436499090833,450.8347812669293,654.2858702432752,853.2033755207489,1005.5545733574086,1172.8908730141948,1254.7051446455455,1406.5311941083994,1317.97003000827,1353.9689804423142,1250.904472771602,1109.0144273182382,1011.399525410211,813.6743820472659,662.2401377144095,572.0489489545453,585.8685859473949,3.605551275463989,25.61249694973139,46.22769732530488,19.026297590440446,20.591260281974,7.810249675906654,9.433981132056603,3.605551275463989,18.027756377319943,23.43074902771996,11.04536101718726,1109.6057858536967,946.512017884612,735.9904890689825,548.620998504432,416.9184572551328,414.01086942253096,556.3685828657115,819.674325570833,1040.31149181387,1245.303577446078,1421.451722711679,1579.1770008456938,1688.6876561401164,1753.3251267235064,1762.6258820294229,1742.932299316299,1610.3182915187915,1450.4016685042802,1258.8836324299398,1024.0878868534674,874.6227758296716,922.436447675394,873.2880395379293,975.740231824024,1175.8320458296755,1411.5144349244183,5.656854249492381,1772.0883160835974,1891.644786951292,1965.46991836558,1934.095395785844,1875.0565324810875,1761.9404076188275,1592.364593929418,1427.243847420615,1248.2119211095526,1031.7737155016114,845.059169526016,716.0481827363295,671.8400107168372,743.0430673924628,825.2351180118307,979.305876628952,1113.0804103927082,1198.80690688701,1312.7455960695506,1359.053347002979,1371.4536084024132,1373.4937204079238,1296.7227922728898,1233.5821821021898,1147.5818053629118,1033.4335972862505,4.0,27.073972741361768,13.45362404707371,8.602325267042627,0.0,0.0,0.0,128.0,7.211102550927978,11.704699910719626,26.1725046566048,1232.0941522464914,1177.4769636812434,1094.6424073641583,982.244877818154,860.7305037002,758.71602065595,682.2316322188527,621.4338259219561,616.9359772294042,628.0326424637497,698.3552104767315,804.1741105009536,821.175986010307,901.0982188418752,935.855223846082,963.5455360282668,953.9816560081226,916.9743725971844,853.1412544239084,747.3740696598993,724.3976808356028,671.1318797375073,619.468320416791,594.9268862641862,571.724584043751,629.4100412290862,17.08800749063506,741.9332854104875,818.1466861144155,838.5898878474508,884.4891180789054,876.6578580039079,685.440004668534,629.2352501251023,588.865009998047,560.8787747811465,493.0243401699352,415.8136601892727,342.4748165924029,303.0659994126692,309.01132665324747,351.02279128284533,402.21884590357024,449.0545623863541,499.76394427769594,551.4363063854247,573.6200833304217,572.4700865547475,565.9549452032379,550.305369772093,491.5292463323012,436.9004463261625,392.587569849072,17.204650534085253,20.223748416156685,3.605551275463989,3.1622776601683795,3.1622776601683795,10.816653826391969,9.486832980505138,4.47213595499958,25.059928172283335,11.40175425099138,14.422205101855956,402.6164427839479,435.876129192687,452.5350815130248,462.3602491564343,442.32680226276136,395.0316443020736,388.9498682349693,352.30242690052535,339.418620585259,281.81021982887705,297.6440827565702,332.8618331981004,288.8390555309306,317.23808094237364,346.71602212761957,336.7744052032458,353.1600203873592,365.3080891521566,376.64306710730784,349.0057306119772,360.0347205478938,327.0290506973348,326.00153373872337,323.93363517856557,323.5938812771342,325.0,10.44030650891055,321.70794208412076,331.15706243412654,325.40743691563046,308.084404019418,316.4048040090416,289.69811873741946,260.41505332833583,236.4571842850202,238.4491560060551,194.3733520830466,175.82377541163197,172.69916039170545,185.43192821086663,204.94145505485216,226.92069099136816,264.9698096010185,279.03404810166086,305.8954069612684,299.24738929521175,282.2091423040721,279.1146717748818,271.97426348829407,244.6630335788388,214.44113411377023,193.13207915827965,150.3595690337,0.0,0.0,0.0,0.0,0.0
2025-06-01 18:44:24.202,0,0.0,0.0,0.0,0.0,0.0,0.0,38.27531841800928,162.0154313638056,260.155722597063,402.85481255658345,497.5389431994243,599.0767897356732,691.4390790228739,746.7831010407239,799.6061530528639,815.3735340321024,814.0589659232309,800.1481112894037,727.1863585079137,651.1105896850396,567.2124822321879,410.9939172299269,286.2254356272342,136.82470537150812,130.6981254647518,283.2984292226132,451.22056690713913,627.2933922814747,758.8708717561901,889.5347098343043,991.2986431948748,1061.00047125343,11.40175425099138,1053.805484897474,1039.293028938422,978.6158592624583,844.3944575848423,718.1538832311637,567.4116671341893,417.3535671346299,317.5909318604673,326.9388321995416,438.95899580712546,661.2450377885644,873.8060425517782,1029.8009516406555,1126.7830314661292,1271.751941221243,1288.367959862399,1362.0807611885575,1296.8430899688674,1210.8001486620326,1124.4967763404215,936.3807986070624,740.0337830126406,608.5926387987288,556.7476986930435,575.0217387195027,679.4718537216976,16.0312195418814,12.806248474865695,44.01136216933077,18.973665961010276,17.26267650163207,27.16615541441225,6.708203932499369,16.15549442140351,16.492422502470642,14.422205101855956,6.4031242374328485,878.1600081989615,701.2310603502957,533.0234516416702,360.8462276372029,313.3081550167502,448.73265983210985,665.8746128213629,881.0902337445353,1130.1769772916098,1298.1956709217604,1499.2824950622214,1620.469684998766,1672.99491929892,1731.2483935010596,1691.966902749578,1634.726276781529,1533.9442623511454,1360.0356612971589,1167.1957847764872,965.7090659199592,790.9412114689687,844.3062240680214,887.8389493596235,1052.038497394463,1266.874105821095,1500.0933304298103,1.4142135623730951,1821.5029508622815,1934.7831919881876,1974.2859468678796,1965.7161544841615,1890.4904125649512,1781.5793555157738,1583.596223789385,1416.1232291011966,1201.2734909253595,995.8965809761572,811.4628765384157,710.6426668868116,697.4331509184232,781.0160049576449,911.3199218715675,1030.1572695467426,1163.4865706143755,1279.6347135022556,1385.5143449275436,1385.2873348154164,1437.72389560722,1374.553382011772,1357.7982177039414,1285.0824876248216,1152.4604114675697,1036.851484061242,15.033296378372908,19.209372712298546,18.867962264113206,13.038404810405298,0.0,0.0,0.0,128.0,27.892651361962702,24.698178070456937,11.31370849898476,1259.7003611970586,1197.922368102374,1102.880319889697,1019.7813491136224,918.1573939145728,761.1287670296006,664.6269630401704,617.6026230514245,612.8702962291451,617.0194486399922,694.6481123561771,774.5101677834837,820.0926776895402,872.8121218223313,906.1677548886852,964.8647573623984,958.2572723439148,948.4076127910404,910.8770498810474,833.8375141476905,823.6139872537377,712.9326756433597,639.9062431325389,616.4292335702453,578.945593298714,608.9934318200812,14.142135623730953,709.8690019996648,780.0083332888181,796.7816513951611,858.7258002412644,868.1255669544585,702.8527584067662,672.297553171213,660.2075431256447,563.0674915141168,555.6518694290518,455.71262874754746,357.8002235885271,304.2170277943035,309.3638634359223,296.73051747334654,314.0143308831621,383.500977834477,459.0348570642539,480.3925478189686,511.43425774971314,515.6442572161548,519.677784785919,536.6209090223749,479.10437276234495,455.4667935206693,402.20019890596774,3.605551275463989,8.94427190999916,5.0,19.026297590440446,17.029386365926403,7.280109889280518,4.0,15.033296378372908,25.238858928247925,21.18962010041709,22.20360331117452,347.3629226040108,360.14719213121737,374.7385755430044,392.17343102255154,381.0052493076703,405.2764488592941,368.7817782917155,369.57949077295945,329.7104790570054,299.66648127543397,357.00560219694034,294.24479604574145,305.9150208799823,296.98484809834997,343.685903115039,304.9606531997202,329.2931824377784,322.2483514310042,312.11696525501463,307.5873859572268,311.8413057951111,315.62794553081005,309.2765752526369,303.7976300105055,296.2853354454115,305.5503231875234,23.43074902771996,321.1681802420657,316.6607016982057,310.5382424114621,325.6777548436491,305.7220960284029,302.2383165649253,271.91175038971744,273.64941074301623,233.80547470065795,221.0,186.01075237738272,178.5721142843977,174.3158053648607,178.44046626256053,205.1560381758236,244.1823089414956,245.246814454337,265.2413994835648,303.0462010981164,295.36756761702867,299.0066888883926,303.6445290137795,285.50656735003486,268.54422354614144,224.75764725588311,197.101496696499,0.0,0.0,0.0,0.0,0.0
2025-06-01 18:44:24.207,0,0.0,0.0,0.0,0.0,0.0,0.0,79.92496481075234,41.10960958218893,172.7917822120022,280.5583718230486,395.7284422429098,518.1862599490651,603.4583664180984,686.9621532515456,747.6449692200168,787.0254125503191,809.2119623436124,836.3952414977025,775.2418977325723,727.1258488047306,643.5293311108671,525.8564442887431,391.26078259902306,258.1259382549534,130.6981254647518,184.4911922016875,330.0242415338607,501.099790460942,672.2930908465444,819.9567061741735,923.4679203957222,1015.1123090574756,18.788294228055936,1094.358259437923,1074.4645177947943,1020.1985100949717,955.92677543837,813.5748275358574,682.2646114228702,478.6585421780332,364.1977484828812,312.7714820759719,400.03124877939223,594.7982851353894,745.4408091860815,930.4644001787494,1095.533203513248,1196.9966583077833,1273.6596876717108,1304.6428630088772,1308.1991438615146,1246.6154178414447,1202.2853238728317,1041.9064257408147,855.2379785767234,703.2097837772168,610.0,555.3251299914313,612.3561055464378,31.144823004794873,39.20459156782532,49.16299421312742,23.345235059857504,6.0,1.0,10.04987562112089,6.0,21.93171219946131,21.095023109728988,17.69180601295413,975.6433774694522,798.338274167035,609.4144730805135,442.21714123267543,332.4650357556415,388.1043674065006,584.4518799696002,822.1970566719392,1020.8060540572828,1222.4974437601086,1376.8580173714354,1547.1554543742525,1622.5325882705715,1680.3481782059337,1671.5193687181732,1649.1176428623885,1520.990795501406,1385.2256133929952,1218.1202732078634,996.1977715293284,809.9882715200264,851.719437373599,849.2938243034621,969.4684110377192,1179.644861812232,1398.0218167110268,28.16025568065745,1747.352855035296,1876.406139405859,1889.6097480696908,1918.1431124918704,1840.1698291190407,1752.4796717793904,1647.429512907912,1431.421670927194,1225.484394025481,1039.6585978098772,835.2586425772558,716.7740229667925,688.2049113454509,726.0316797495823,850.0994059520334,985.9097321763286,1113.8119230821692,1196.9816205773589,1294.3175808123754,1355.6651503966605,1363.9186192731588,1350.8464013351038,1346.1385515614654,1255.3362099453675,1164.5711657086483,1059.381895257796,24.73863375370596,9.219544457292889,8.06225774829855,2.8284271247461903,0.0,0.0,0.0,128.0,22.825424421026653,7.0710678118654755,24.73863375370596,1199.7082978791136,1152.6152870754404,1101.5561719676396,980.7272811541444,893.2468863645705,737.5255927762778,696.9892395152166,628.2037885909317,596.7922586629287,658.4010935592377,694.194497241227,771.1374715315033,809.9043153360772,880.3732163122638,894.0497749007043,928.2154922214992,937.9259032567552,918.629413855228,886.4406353501627,820.2420374499225,786.2906587261482,707.5648380183967,634.2152631402054,596.1082116528844,588.2176467941097,613.4313327504555,30.01666203960727,721.0020804408265,778.7226720726705,852.627116622501,854.8362416275996,879.9113591720475,720.9382775245049,688.1460600773647,655.3052723731131,576.6394020529641,532.2903343101394,469.6221885728995,404.22394783090226,319.8327688026979,335.87199942835366,312.03204963593083,370.7424982383326,432.3806193621541,442.05203313637185,503.2067169662981,526.9772291095697,534.4623466625128,527.2769670675934,539.3199421493701,481.7073800555686,464.13036961612414,407.276318977669,8.54400374531753,10.198039027185567,16.0312195418814,19.697715603592208,25.96150997149434,7.0710678118654755,8.54400374531753,33.24154027718932,13.45362404707371,10.44030650891055,16.0312195418814,368.0896629898753,445.9708510654032,425.39981194166035,406.45048898974153,430.6831782180493,386.186483450677,359.1684841407999,362.8608548741514,343.95639258487404,325.73148450832934,294.47750338523315,279.63190089830596,285.21220170252184,322.69180342859653,316.48380685273617,329.5147948120084,330.5056731736991,351.86929391465804,331.86895003901765,323.6108774438832,317.6476034853718,335.2193311848229,292.88222889072665,321.95962479789296,321.8850726579286,316.36213427020624,16.0312195418814,333.63453058698826,321.4420632089086,312.95047531518463,318.2514728952562,292.7541630788536,287.6751640305433,255.38402455909417,253.50345165302977,217.70622407271685,194.06442229321684,174.52220489095365,169.81166037701888,169.80577139779436,187.6406139405859,216.8340379184043,240.84019598065436,260.2786967848118,285.95279330686736,314.6505998723028,303.02805150678705,304.58660508958695,292.48076859855246,269.40861159213154,235.84740829612693,232.9484921608208,179.20100446147055,0.0,0.0,0.0,0.0,0.0
2025-06-01 18:44:24.212,0,0.0,0.0,0.0,0.0,0.0,0.0,98.97979591815697,26.92582403567252,179.38784797192923,290.0224129270012,413.5698248180106,530.7692530657744,638.4293226348552,716.3811834491468,800.8058441345192,835.9455723909302,853.3252603784796,852.7660875058294,825.0,788.1370439206623,683.204947288879,551.7109750584992,435.5869603190619,265.6689669494727,154.1557653803451,201.83656754909404,359.2005011132362,532.9183802422281,702.6990821112548,838.5523239488398,964.471357791407,1071.696318926215,10.295630140987,1141.8498149931977,1117.4274025635848,1053.4405536146785,933.3659518109712,840.8685985336829,682.0007331374359,531.749000939353,440.7777217600726,349.56687486087696,395.7019080065195,621.7716622683926,840.3362422268839,969.0639813758428,1207.8083457237742,1319.8363534923562,1373.4500354945571,1364.105934302758,1395.679046199376,1338.9701266271777,1200.9229783795463,1075.7815763434508,912.93208947873,739.9763509734619,616.11443742214,551.1125111989384,648.308568507312,8.54400374531753,15.556349186104043,9.055385138137416,25.0,11.704699910719626,13.92838827718412,27.202941017470888,5.0,27.073972741361768,2.23606797749979,11.40175425099138,994.1931401895712,808.6538196286468,576.316753183525,416.92325432865937,346.7116957934935,404.7838929601819,610.4703104983894,841.7422408314792,1079.5230428295638,1267.0773457054624,1469.2481070261754,1607.8239953427735,1702.6300244034228,1748.7209611598987,1754.571457649987,1688.0026658746722,1585.8202924669615,1399.71211325758,1228.95890899574,1028.391462430528,832.6253659359652,852.4060065485227,844.6827806934388,979.3574424080311,1194.1176658939437,1427.2799304971677,21.02379604162864,1815.1418677337592,1899.8255183042468,1979.246321204109,1987.9003999194729,1916.7827211241236,1811.280762333659,1670.2700380477404,1458.222548172946,1283.1406781799103,1064.5271250653973,870.8214512745997,723.1465964795797,689.1226305963257,751.2156814124689,877.1271287561456,1039.901918451928,1134.9171775949114,1260.065077684482,1365.0179485999442,1395.077058803563,1465.9290569464813,1427.4592813807335,1349.290554328459,1316.9073619659052,1197.554591657516,1084.6492520626196,5.385164807134504,5.830951894845301,8.06225774829855,2.23606797749979,0.0,0.0,0.0,128.0,11.04536101718726,10.63014581273465,12.36931687685298,1279.690978322501,1248.763388316618,1149.3324149261605,1065.6650505670157,929.3718308621152,814.5827152597826,725.441245036426,664.4456335923956,647.3399416071899,662.399426328254,735.911000053675,826.9764204619138,875.740829241163,953.0456442374624,992.5668743213224,993.6297097007516,1015.598345804088,992.2348512323078,936.987193082168,870.3332695008274,813.0541187399521,728.5986549534662,663.9615952749075,629.6483145375679,615.0772309230769,635.1637584119547,15.231546211727816,759.2167016076504,800.9126044706751,848.912834159079,885.4885657082197,926.002159824695,729.4909183807569,684.0328939458979,666.8028194301521,600.5605714663593,516.3303206281809,441.89704683330933,376.3110415600371,335.4832335601885,278.71849597757233,336.24395905354197,363.38547026539186,395.7625550756413,468.26167897875223,523.6420533150484,534.8354887252715,538.7476218044958,557.3831716153619,512.9249457766701,489.2167208916719,448.3224286158345,402.48354003611126,21.470910553583888,22.20360331117452,17.029386365926403,26.30589287593181,1.0,20.615528128088304,12.206555615733702,14.0356688476182,16.401219466856727,13.45362404707371,7.280109889280518,349.0128937446294,400.10623589241897,415.5779108663019,423.1784493567696,399.3657471541594,427.5441497670153,399.18041034098854,390.1179308875715,331.02416830195347,310.92442811718735,333.66450215748154,301.5990716166083,321.8275935963229,349.665554494577,339.1341917294686,338.7048862948393,333.24015364298464,355.225280631883,331.17065087353376,337.81651824622196,346.930828840563,320.45124434147544,333.2161460673837,314.226033294506,321.8275935963229,316.33684578309874,13.341664064126334,312.06569821112987,341.9766073871135,327.88107600165034,318.4525082331744,324.5242671973854,290.76450952617995,273.2105415242977,234.71898091121648,223.4390297150433,197.99494943053472,190.8219064992277,167.0748335327616,192.31744590650115,201.67548190099856,224.8399430706208,238.1344158243407,290.4496514027862,313.12138221462936,299.0468190768797,324.09875038327436,316.62122480970856,313.9824835878588,286.0209782515961,251.2866888635369,225.22877258467668,193.0932417253385,0.0,0.0,0.0,0.0,0.0
2025-06-01 18:44:24.215,0,0.0,0.0,0.0,0.0,0.0,0.0,183.43936327844145,61.032778078668514,63.15853069855251,193.05180651835403,327.812446377498,445.888999640045,562.773489069981,646.2275141155783,724.0511031688302,779.4356933063817,825.8680281982104,843.5217839510726,830.802623972746,801.9931421153176,732.0245897509182,645.2038437579243,517.3026193631731,358.6488533370768,213.78493866500511,123.4908903522847,238.2120903732638,429.3122406826994,582.8421741775384,733.9591269273787,881.6178310356478,980.3167855341457,12.206555615733702,1084.9460816095886,1113.0938864264774,1074.6850701484598,998.7977773303264,894.9860334105779,808.4683048827579,637.6903637346263,476.1932380872286,395.0303785786607,366.6619696668854,544.45018137567,698.6193527236417,918.3229279507292,1039.8894171978095,1157.4752697142171,1231.627378714845,1372.5862450134052,1352.8074511917798,1308.5690658119654,1236.0064724749625,1133.2369566864645,1033.1350347365053,820.9269151392224,678.6199230791858,604.8289014258495,630.2071088142374,14.317821063276352,8.06225774829855,19.697715603592208,22.02271554554524,11.180339887498947,15.524174696260024,16.97056274847714,10.770329614269007,9.848857801796104,17.029386365926403,23.0,983.1241020339191,837.2269704208053,632.6902875815307,449.250486922385,376.2034024301216,403.2976568243361,587.8996513011383,805.0968885792566,1000.6123125366788,1218.6898703115571,1403.796637693651,1552.9443003533645,1659.279964321874,1682.7715234101152,1680.657311887227,1660.245764939637,1545.9757436648222,1399.9157117483894,1198.3826600881707,1002.9656026006076,810.9278636228996,845.1141934673681,838.6298349093001,967.9225175601608,1182.2626611713658,1429.387631120404,24.515301344262525,1804.147721224623,1888.407794942607,1925.269851215668,1947.9553382970569,1868.0987661256029,1748.6820751640362,1555.8666395292369,1393.077528352245,1178.0106111576415,981.2568471098684,792.9192897136505,696.7266321879766,654.0657459307895,720.8196723175638,864.0891157745248,1007.7584035868914,1116.8818200687126,1241.6557493927212,1341.670600408312,1342.8257519127342,1378.992748349316,1327.587661889037,1289.698414358954,1198.4072763464014,1088.264673689264,1001.2217536589984,14.317821063276352,7.0,23.70653918225939,10.04987562112089,0.0,0.0,0.0,128.0,13.0,10.295630140987,31.400636936215164,1250.443921173597,1194.5919805523558,1090.5159329418343,975.10255870857,877.6981257812962,717.4315298340323,651.6578857038407,620.4232426336073,612.9738983023666,644.8100495494778,706.5861589360494,813.8808266570727,866.6083313700601,914.7174427111358,938.3602719638124,981.5706800837116,920.958739575232,927.2421474458546,849.1436863099201,769.3380271376166,708.2718404680508,635.1771406466073,582.5607264483249,535.6902089827664,550.276294237722,618.4658438426491,17.11724276862369,746.9002610790815,814.3838161456796,846.7750586785135,889.4099167425558,871.6249193317043,718.6410787034094,655.0457999254709,610.0098359862733,522.9799231328101,474.3838108536167,360.9348971767623,326.03834130359576,249.15858403835895,283.0635970943632,302.51115681905026,357.9846365418494,420.5948168962618,484.6380092398862,506.23413555389567,529.9141439893825,537.9981412607297,520.9856044076458,508.26075984675424,489.8908041594576,424.4384525464204,362.5920572764936,22.360679774997894,13.601470508735444,7.211102550927978,17.11724276862369,10.198039027185567,25.495097567963924,12.041594578792296,16.76305461424021,10.44030650891055,8.54400374531753,13.41640786499874,376.6284641393956,410.440007796511,432.80134010883097,447.6438316340347,402.2449502479801,391.38855374167497,381.9319311081492,316.21827904155066,335.4400095397089,311.8268750444708,294.98474536829866,291.6727618410742,324.09875038327436,359.5066063370741,386.90696556149,340.28811322172277,381.8481373530582,353.63823322712153,362.3989514333616,343.5127362995439,359.00139275495854,329.3098844553561,297.03871801500895,299.68149759369527,296.56871041969345,314.058911671043,7.810249675906654,320.3388830597997,334.2528982671654,337.81651824622196,321.40317359976393,310.4593371119638,308.02921939322573,265.80067720004024,244.5240274492468,218.15590755237412,180.71247881648904,180.24982662959764,175.32826355154492,182.15652609774924,205.29490982486632,223.40322289528413,270.1147904132612,296.346081465573,288.39209420509434,318.5231545743574,311.16073017011644,297.2355967915014,285.74814085134483,266.8332812825267,221.38653978957257,211.28653530218153,179.93609976877903,0.0,0.0,0.0,0.0,0.0
2025-06-01 18:44:24.218,0,0.0,0.0,0.0,0.0,0.0,0.0,27.202941017470888,152.55163060419906,286.2254356272342,410.5727706509529,517.9691110481397,610.5014332497509,688.5383068500983,755.241021131665,807.50789469825,836.8763349503915,824.7241963226252,814.8275891254542,772.5522636042173,668.6404115815915,568.1980288596574,416.5573189850348,280.60826787534256,144.40221604947757,132.82319074619463,290.33773437154184,475.0010526304126,638.6305661335041,793.2969179317414,923.1061694084814,1025.0780458091958,1090.2889525258888,24.0,1112.399658396208,1065.7790577788626,976.2796730445637,861.0209056695429,731.0109438305284,577.710134929274,412.01213574359673,312.77627787285917,316.7080674690811,430.20576472195256,674.1661516273269,935.7889719375838,1019.0019627066476,1220.6445018923405,1327.3643056825056,1322.7853189387913,1349.0904343297375,1275.6037786083891,1288.2876231649514,1083.0558619018689,986.7243789427724,808.8868894969185,659.748436906068,603.8915465545117,605.5955746205549,684.5472956633457,23.259406699226016,18.110770276274835,16.1245154965971,14.422205101855956,3.605551275463989,5.830951894845301,8.06225774829855,8.54400374531753,13.038404810405298,34.713109915419565,3.605551275463989,881.6008166965364,702.3446447435903,498.16162036030033,347.84191811798644,356.5851931867054,503.43817892567506,717.8307599984832,917.8638243225408,1135.8917201916738,1332.945985402259,1470.8052216388137,1622.979051004664,1670.620543390988,1706.0926117887036,1687.3979969171469,1602.8066009347478,1450.2513575239293,1287.7833668750343,1083.0904856012723,894.3584292664771,733.6184294304499,819.0195357865404,867.4612383271082,1057.0089876628297,1288.9394865547413,1509.079189439706,18.973665961010276,1848.5845936824203,1931.0093215725296,1949.6802301916075,1936.6530406864313,1827.8648746556732,1699.014125897722,1542.6357314674128,1329.8905970041294,1123.6729951369305,922.0786300527736,789.7043750670247,690.5070600652828,691.7167050173069,801.3020653910734,900.984461575226,1020.4180515847414,1162.1101496846156,1245.9678968577,1328.7080190922309,1363.9167863179923,1336.85302109095,1329.5852736849938,1268.769876691593,1165.2716421504472,1076.9851438158282,968.5520120261998,17.08800749063506,17.029386365926403,10.816653826391969,7.211102550927978,0.0,0.0,0.0,128.0,6.324555320336759,24.515301344262525,13.892443989449804,1203.9788204117217,1151.4382310831963,1076.6341068348152,961.8487407071864,848.430315347112,726.9277818325559,647.7507236584148,581.2882245495774,572.6229125698692,614.4989829120956,658.3623622291906,741.8146668811557,816.4710650108796,870.3252265676321,899.5849042752997,933.16022204121,920.0347819512044,887.9893017373577,840.1726013147537,786.6346038663695,737.360156233031,675.0148146522415,603.431851993247,566.9717806028798,569.0219679414847,583.5409154463807,17.08800749063506,701.1797201859164,801.1054861876805,833.4608569093092,859.0809042226465,849.148396924825,708.7376101209812,679.2944869495115,621.3509475328738,561.3448138176748,505.1108789166988,453.97136473570663,373.1340241789805,310.82149217838844,289.99482754007875,307.5386154615384,311.0064308016797,411.0596063833079,430.76907967030314,471.1899829155964,507.358847365452,495.04949247524735,503.2871943532837,480.8201326899696,460.92190227846623,424.2322477134429,369.0975480818045,8.602325267042627,7.0710678118654755,19.026297590440446,15.297058540778355,16.1245154965971,12.16552506059644,17.08800749063506,21.2602916254693,7.280109889280518,7.280109889280518,17.69180601295413,351.44558611540424,351.29474803930674,380.52595180880894,370.08647638085887,376.0757902338304,360.51352263126,391.4945721207383,337.3973918097175,343.4778013205511,354.1595685563218,291.89895511974686,308.18500936937215,297.6054434986027,304.27126055544585,342.5317503531607,306.2172431461037,327.6659884699662,318.8181299738144,339.94852551526094,313.23154374998694,331.6398649137344,299.60807732769825,266.3719204420766,272.1488563268271,278.16002588438187,273.4904020253727,4.123105625617661,307.7174028227848,298.1677380267691,302.39708993308784,320.71326757713035,308.3699077406873,293.6954204614025,289.35272592460575,274.3519637254306,235.32530675641328,220.6581065811995,180.49930747789588,163.02760502442524,158.75767697972907,137.87313008704777,161.02794788483146,183.0874108178932,221.02036105300343,259.1100152444903,257.0992026436488,287.0017421549911,300.647634283059,304.54720487963766,312.23068395018447,283.18545160371497,249.77790134437433,211.24866863485792,0.0,0.0,0.0,0.0,0.0
2025-06-01 18:44:24.222,0,0.0,0.0,0.0,0.0,0.0,0.0,22.825424421026653,147.82760229402356,288.4874347350331,412.5845367921586,518.5103663380319,621.7282364506216,692.1170421251019,757.2384036748268,812.6610609596106,822.611694543665,825.9636795888788,800.765258986677,735.3128585846979,670.9292063996022,557.0008976653448,437.31910545961745,267.25456029785533,132.5745073534124,125.87692401707312,293.0614270080592,464.811789867684,652.4086142901548,813.8267628924475,922.213099017792,1023.4109633964256,1081.0374646606842,10.198039027185567,1098.5249200632638,1056.3602605172157,989.9373717564156,843.6735150518831,706.0913538629403,565.8621740318043,406.9889433387595,307.95616571194023,316.21827904155066,432.2244787144754,696.690031506121,852.8921385497699,1025.11316448478,1150.1830289132247,1261.013084785404,1312.0003810975056,1351.172083785037,1335.0842670033978,1223.774897601679,1138.7264816451757,971.28008318919,753.382373035101,662.8423643672755,558.5597550844493,595.451089511137,668.9850521498967,19.313207915827967,28.16025568065745,11.04536101718726,22.360679774997894,25.079872407968907,4.0,8.06225774829855,29.206163733020468,8.06225774829855,16.1245154965971,22.80350850198276,848.7361191795716,665.5463920719577,468.4154139223004,348.3231258472512,377.4612562899668,483.8202145425509,698.1933829534622,910.1076859361204,1117.306135309388,1329.338181201458,1464.7228406766926,1579.0075997283864,1645.0775057729045,1683.1476465242138,1631.540682912933,1590.1550238891805,1450.6384801183235,1274.0211929163502,1110.1824174431877,872.9009107567708,735.0680240630795,824.1365178172849,913.3159365739766,1046.8056171037676,1278.9010907806748,1488.427693910591,7.0710678118654755,1833.136383360496,1926.9097020877757,1939.1364057229189,1935.7298365216152,1809.7541269465307,1696.2125456439708,1506.8938250586868,1336.360729743283,1142.5672846707978,918.6707788974242,775.95682869603,685.8228634275763,694.3349335875303,788.3197320884465,897.0557396282575,1043.1768785781248,1149.7325776022874,1253.197510370971,1322.5165405392856,1346.5875389294229,1308.6947696082536,1321.0238453563206,1263.9501572451345,1177.5814196903757,1080.7613057470182,952.3329249794948,13.0,17.0,6.0,20.248456731316587,0.0,0.0,0.0,128.0,17.4928556845359,8.246211251235321,15.524174696260024,1194.1126412529095,1116.8979362502198,1073.518514046218,967.7752838340108,846.1707865437095,694.8323538811359,654.9297672269905,600.5281009245113,583.8236034968096,615.3665574273597,686.5988639664356,766.4176407155566,805.0341607658646,851.4094197270782,887.4485900602918,923.3168470248986,917.7505107598688,901.0799076663512,827.7783519759381,738.5397755029853,712.9333769715091,657.9118481985257,631.3113336540063,548.7968658802636,548.620998504432,616.0324666768789,21.095023109728988,685.5545200784544,772.767105925194,802.3091673413685,879.6459515054906,855.7248389523352,679.764665159936,644.4920480502456,632.1550442731593,553.9458457286236,493.85220461186566,424.02122588379933,355.0887213077881,320.0624938976762,285.72714256787015,293.43653487594213,322.12109524214645,360.568994784632,428.4390271672271,456.9682702332844,485.6871420986971,486.231426380484,485.07731342539614,489.00102249381854,454.5822257853908,405.36033353055154,355.18586683594265,10.0,21.633307652783937,9.0,8.48528137423857,12.16552506059644,25.019992006393608,16.1245154965971,11.31370849898476,13.892443989449804,16.278820596099706,7.0,313.29219588109754,322.7956009613514,314.5790838565082,368.81567211820055,360.40116536992497,360.0138886209808,356.50105189185626,354.38115074027286,325.7192042235152,293.027302482209,285.87060009731675,278.77230852435827,287.3395204283602,327.0290506973348,321.024921150991,321.4000622277475,305.5306858565928,336.04315199093105,329.49203328760467,295.4386569154416,324.0385779502188,293.7481914837945,319.9953124656672,285.8058781760795,249.35917869611296,279.6587205863604,8.06225774829855,281.7800560721074,315.74831749353785,299.8032688280767,301.390112644725,309.7434422227531,304.8442225137291,289.2490276561012,267.0074905316328,241.36694056974744,209.2510453976276,186.19613314996636,156.7322557739791,149.33519344079613,154.20765220960988,170.57842770995398,190.12890364171355,237.0358622656074,243.82370680473215,274.6142749385035,274.23530042647684,291.89895511974686,311.1028768751585,315.3490129998824,268.00186566514793,252.1626459252044,211.0852908186641,0.0,0.0,0.0,0.0,0.0
2025-06-01 18:44:24.227,0,0.0,0.0,0.0,0.0,0.0,0.0,87.84645695758026,41.23105625617661,176.17321022221284,296.4405505324803,413.4936517045939,517.5190817738028,620.1814250685037,699.1223068962969,769.4004159083877,803.567669832479,838.3853529254909,824.4058466556385,789.5327732273056,738.4260287936768,651.4637365195396,529.3410998590606,401.473535865068,246.9109151090733,129.634100452003,182.02472359545007,351.51102400920513,519.4930220898063,696.5586838163745,834.9377222284306,956.6404758319608,1040.350902340167,4.242640687119285,1099.5171667600284,1082.229180903934,1038.7473224995576,916.9171173012312,812.2179510451613,689.5288246331694,529.0680485533028,379.8170612281654,350.1785258978626,365.75674976683615,617.554046217819,791.2275273270009,916.491134708896,1092.9469337529613,1178.019524456195,1297.169996569455,1384.4150389243828,1336.3057284918,1315.0380222639951,1148.8154769152443,1056.9394495428771,908.2741876768272,738.4558212919713,611.6968203285023,581.7843242989621,660.2378359349001,18.439088914585778,9.055385138137416,14.7648230602334,7.0,5.385164807134504,13.45362404707371,25.553864678361276,38.28837943815329,6.0,16.64331697709324,25.495097567963924,917.5805141784562,735.24553721869,563.6851958318579,425.62189793289537,386.80356771881,456.9682702332844,639.0633771387623,837.217415012373,1036.6195058940382,1228.6272827835137,1390.840393431252,1523.5435668204568,1586.886889478894,1599.013758539932,1607.388254280838,1519.8345304670506,1439.4505896348091,1294.8552042603064,1117.5696846282117,932.3368489982576,754.910590732439,824.3991751572778,866.4369567371881,1034.0411016976066,1217.7898012382925,1441.0031228279834,22.360679774997894,1738.5108570267832,1826.3605887118783,1872.0771885795737,1863.2578994868104,1803.8395161432736,1684.302229411337,1504.6398240110489,1350.4702884550995,1140.6322807986803,961.9667353916144,827.9643712141242,716.4942428240439,718.8442112168672,776.0057989474047,884.6541697183143,995.9327286518904,1128.3833568428772,1213.5345071319562,1278.6168307980308,1303.909506062441,1333.3364166631015,1295.5882833678295,1247.5399793193003,1170.361055401281,1062.6532830608485,946.0708218732888,4.123105625617661,4.123105625617661,2.8284271247461903,12.529964086141668,0.0,0.0,0.0,128.0,22.825424421026653,16.492422502470642,16.1245154965971,1145.3911995471242,1061.8441505230417,1008.9286396965842,922.1984602025748,824.3603580958998,691.253933081035,650.7572512081598,573.6941693969009,596.2591718372138,631.9256285355106,687.4714539528169,751.3614310037481,790.2562875422125,842.465429557795,890.2011008755269,869.0086305670387,860.8513228194518,842.5704718301016,781.432658646924,710.0176054155277,689.7137087226845,620.1653005449434,572.3722564904766,557.3984212392425,575.960068060278,605.2313607208404,7.810249675906654,709.5082804308911,761.0440197518144,822.125294587145,811.917483492011,825.4968201029002,665.5411332141688,622.0972592770362,575.0347815567333,505.3197007835733,462.3267242978714,396.5501229352981,328.0060975042995,293.3751864081214,285.74814085134483,299.11369075988483,355.8791929854849,396.62702883187376,442.4036618293298,496.8671854731403,486.6795660390931,502.9612311103113,473.5071277182636,472.9492573204868,415.56226970214703,359.22694776422327,338.1257162654151,10.295630140987,14.317821063276352,16.64331697709324,13.892443989449804,7.280109889280518,10.295630140987,18.35755975068582,3.605551275463989,9.219544457292889,17.0,2.0,345.71953951143695,367.7200021755684,353.01274764518064,378.4230436958088,348.85097104637674,376.3243282064023,330.65087327875,318.190194694934,329.1959902550455,337.0059346658453,275.17449009673845,296.3258341758275,265.81948762270986,323.2893440866865,346.8746171169058,306.13232433050905,307.82624969290714,344.17582715815473,349.22771940382967,323.37284981890485,322.1335126931068,313.8821434870101,277.41845648766775,279.3027031734566,285.40672732085346,278.8207309365643,5.385164807134504,295.4657340538831,307.9025819963191,304.86718419665965,311.2940731848263,296.0709374457412,276.52305509667724,247.07286374670937,241.25090673404733,207.9663434308542,174.04597093871493,155.0,152.85614151874958,140.46351839534705,161.60445538412608,202.63267258761604,231.96982562393757,257.09531306501873,275.0727176584403,298.04194335697116,299.127063302537,310.01451578918045,298.4292210893565,280.71693928225994,260.7623439072444,230.53199344125753,198.92712233378333,0.0,0.0,0.0,0.0,0.0
2025-06-01 18:44:24.231,0,0.0,0.0,0.0,0.0,0.0,0.0,104.27847332982968,28.0178514522438,138.452157801892,265.1490147068248,386.3107557394694,510.88648445618526,604.9743796228069,712.0990099698215,768.5108977756919,850.0835253079547,851.3671358468097,860.7066863920601,821.1370165812767,757.190861011938,668.3569405639474,580.4842805795864,407.7707689376471,273.0659261057666,137.43725841270262,212.61467494037188,376.14491888100787,537.2941466273386,705.7655418054923,848.6813300644712,954.585774040238,1053.8738064872853,7.0710678118654755,1120.6828275654088,1113.720341917126,1044.0253828331954,946.3551130521776,841.2044935685972,696.0028735572864,532.2574565001415,418.7469402873291,353.4543817807328,395.2973564293088,588.4250164634403,770.0603872424551,974.5665703275482,1083.0891006745474,1250.5398834103612,1300.5479614377934,1389.8291261878203,1317.537855243636,1248.6092262994057,1219.7212796372785,1042.477817509802,955.9508355558878,786.0184476206649,653.6367492728664,619.097730572484,656.4937166492913,35.22782990761707,21.93171219946131,8.0,12.806248474865695,18.35755975068582,13.41640786499874,20.223748416156685,11.180339887498947,12.36931687685298,29.0,19.313207915827967,955.6662597371532,773.9521949061195,609.1075438705385,439.9965908958841,419.5008939203825,491.10182243604027,679.6918419401545,905.0596665413832,1089.091364395109,1298.941107210023,1435.7036602307594,1559.1234716981205,1637.806154586067,1666.9028166032956,1638.0552493734758,1599.4105164090925,1454.848789393592,1307.0244833207985,1143.449605360901,963.593794085454,786.0947780007192,887.0946961852494,917.06052144883,1058.821986926981,1267.4486182879368,1470.4781535269403,10.770329614269007,1784.9114823990571,1910.600167486646,1912.7271106982305,1925.532134242376,1829.9139324022865,1689.1491941211111,1556.5773350527754,1362.6870513804702,1165.626441017876,999.710458082739,818.4130986244049,758.8919554192152,761.9461923259411,821.2143447358917,919.2355519669592,1034.3819410643246,1170.478534617359,1240.8001450676898,1304.1276777984583,1320.003030299552,1331.8025379161882,1300.5479614377934,1239.984274093829,1154.8441453287105,1086.3208549963497,974.0349069720244,9.486832980505138,29.068883707497267,22.02271554554524,21.2602916254693,0.0,0.0,0.0,128.0,18.35755975068582,22.825424421026653,23.08679276123039,1144.8060971186344,1172.3011558469095,1004.0766902981068,941.981953117999,856.5121131659494,703.938207515404,655.0580126981121,593.0977996924285,654.2789924795079,650.7388108911285,736.5629640431292,769.2203845452875,761.0105124109654,975.6274903875968,882.8165154775935,888.3203251080097,948.6543100624168,862.2093713246221,782.9029314033764,746.2070758174302,663.8584186406014,638.8153097727073,638.3181025162925,613.0130504320442,580.5273464704311,727.8907885115733,26.1725046566048,777.7461025296109,837.4938805746583,708.6190796189445,885.4942122905152,807.7747210701756,589.9711857370663,608.1348534659069,480.5767368485495,529.7858057743714,422.1006988859412,337.02818873204063,353.15860459572554,279.0,311.0964480671549,311.26194756185663,373.1340241789805,463.4058696218683,423.17017853341224,524.6751375851537,499.6528795073636,502.5156713974202,499.6018414697848,454.31376822632177,373.8355253316624,363.8529922922168,316.9369022376536,18.027756377319943,2.0,8.48528137423857,7.280109889280518,19.4164878389476,22.20360331117452,21.840329667841555,4.47213595499958,10.198039027185567,20.808652046684813,9.055385138137416,347.1973502203034,367.0013623952914,399.3707550635124,387.0826785068017,402.88087569404433,374.3273968065923,346.69871646719434,324.01388859121454,298.8143236192,279.68553770261343,244.65894629054543,281.1138559374119,285.4277491765648,287.563905940923,317.9213739275798,344.7796397701001,351.8295041635934,369.48071668221064,353.0056656769123,350.4069063246328,313.5554177493988,318.5733824411575,288.00868042473996,267.0131082924582,289.22828354087363,274.0,13.41640786499874,282.3118842698621,301.1992695874278,290.11894112587686,300.20159892978586,291.247317584214,284.3132075722125,236.40854468483155,239.88538930080756,207.63910999616616,180.0999722376436,169.24833824885843,146.18481453283715,149.9399879951976,147.3295625460145,170.6575518399347,190.20515240129535,236.8564966387876,259.46483384073457,250.94421690885807,299.1003176193566,287.5865087238968,288.01562457616774,280.04463929880893,260.1019031072245,227.13872413131145,203.0615670184784,0.0,0.0,0.0,0.0,0.0
2025-06-01 18:44:24.235,0,0.0,0.0,0.0,0.0,0.0,0.0,131.7459676802292,32.28002478313795,123.1665539016173,269.15608854343236,387.881425180428,511.8534946642447,621.1416907598459,702.3795270364876,784.6222020819956,825.4556317573949,866.0588894526745,854.2043081136972,826.0278445669976,774.2512512098382,697.7822009767805,575.0521715461998,450.15997156566465,304.32219767871027,183.412104289766,196.1631973638277,356.4828186603107,537.4625568353576,695.0395672190181,844.3133304644668,990.9656906270772,1069.8602712504096,19.1049731745428,1144.5287239733218,1104.617580884896,1080.7798110623644,962.9522314216838,857.3313245181236,722.4140087235297,578.8618142527628,439.4963026010571,352.1491161425796,415.4635964798842,576.086799015565,814.0282550378703,940.2350769887285,1110.522849832456,1210.9719237042616,1366.0091507746206,1425.0256138048887,1401.8919359208826,1324.701098361438,1215.115632357678,1114.802673122019,939.0761417478352,775.830522730319,686.8922768527827,611.4253838368178,650.6765709628709,37.16180835212409,28.460498941515414,24.596747752497688,8.54400374531753,19.313207915827967,15.231546211727816,8.06225774829855,16.1245154965971,10.04987562112089,19.849433241279208,10.295630140987,953.7431520068702,768.2584200644989,572.127608143498,435.2528001058695,378.714932369982,493.12168883552465,670.820393249937,897.024525863145,1079.0463382079568,1278.6215233602163,1421.414788160022,1536.8519772574066,1615.7054186948808,1633.3563603818975,1584.0078913944842,1548.5428634687514,1452.6830349391432,1285.0186769070713,1091.0591184715886,871.3742020509902,756.6591042206524,832.3034302464456,854.8362416275996,1048.8488928344254,1224.2667193058871,1461.104376832812,5.830951894845301,1748.3620906436972,1850.7655172927768,1872.223277282921,1865.2897898181936,1782.3818333903653,1677.7753127281376,1479.6121113318854,1330.145856663847,1128.6243839293925,949.4740649433244,803.2745483332582,674.3300378894596,716.3274390947201,788.0406080907252,891.7471614757178,1003.5706253174212,1110.4881809366543,1226.7538465397204,1269.0003940109711,1305.117619220582,1217.0493005626354,1240.677637422389,1180.0483040960653,1133.321666606617,1036.4000192975684,928.5914063784998,7.615773105863909,18.601075237738275,16.0,15.524174696260024,0.0,0.0,0.0,128.0,16.492422502470642,20.0,23.259406699226016,1106.95980053478,1039.3137158721615,952.5387131240388,864.0092592096453,768.760690982571,664.417037710503,609.1387362497971,592.1393417093649,584.7153153458527,625.8729903103344,709.365914038728,739.7898350207307,768.8205252202883,808.8868894969185,841.7244204607587,869.899419473309,810.987052917616,797.1963371717158,725.4419342717927,638.200595424354,646.1586492495477,571.5120296196748,537.9386582129973,525.7090450049343,546.2060050933164,582.4645911984693,21.633307652783937,704.230076040494,718.7523913003698,768.346276102123,763.8226233884409,764.2990252512428,598.3017633268349,519.6017705897469,526.7114959823831,438.7277059862986,377.068959210381,313.8184188348415,257.51310646256434,224.83104767802868,241.89667215569543,279.5084971874737,348.8624370722649,405.4639318114498,440.6915020737296,474.01687733666193,473.33920184155465,466.37431318630746,453.37953195970374,442.2329702769797,387.2002066115151,344.223764432382,298.8594987615418,14.212670403551895,18.439088914585778,4.123105625617661,23.345235059857504,7.0710678118654755,15.620499351813308,10.198039027185567,9.0,19.79898987322333,21.840329667841555,7.0710678118654755,390.7441618245882,390.1204942065976,411.0048661512416,449.9644430396695,432.8440827827037,402.851089113583,366.44508456247576,357.50524471677335,315.93828511277326,333.7813655673426,281.40007107319644,320.0390601161052,329.59672328468315,366.06693377031473,384.24080990961903,360.51352263126,378.2287667536672,383.8593492413595,407.98284277650697,341.796723214252,381.70800358389135,359.8180095548304,292.2618688778952,303.2688576164721,278.08631753468205,301.4979270243827,7.0710678118654755,310.517310306527,324.2221460665511,316.5090835979277,331.1872582090078,323.9891973507759,296.2195131992489,281.7268180347764,257.41989045137905,225.08887133752305,210.98341167020692,163.35544068074378,152.80052355931247,139.86421987055874,161.20794025109308,178.03651310896873,220.30206535572924,269.8332818612263,256.1640099623677,285.41373477812874,308.18500936937215,306.7409330363328,312.84660778087397,282.64642223102703,278.5139134765084,249.6096953245206,208.3698634639856,0.0,0.0,0.0,0.0,0.0
2025-06-01 18:44:24.238,0,0.0,0.0,0.0,0.0,0.0,0.0,77.46612162745726,43.41658669218482,157.54681843820268,278.5139134765084,394.0012690334893,498.6481725625794,596.8525781128872,681.5350321150044,738.2709529705202,768.1471213250753,811.7345625264456,803.9465156339693,770.2596964660685,703.8025291230489,636.9693870195019,534.2377747782349,384.61019227264376,247.8144467136652,140.4314779527724,174.9514218290323,326.16713507035007,519.3303380315847,679.5917892382162,839.6618366937967,940.2393312343406,1033.886841003405,12.806248474865695,1118.914652688041,1074.0176907295336,1038.3549489456868,966.9963805516544,845.5394727628037,711.2144542963114,529.833936247953,416.3856385611781,362.4044701711059,340.8019952993233,583.949484116563,724.845500779304,923.8013855802556,1010.893169429886,1209.309307001315,1274.8697972734317,1339.4211436288438,1371.5057418764238,1284.2344022802067,1143.4093755081774,1113.8186566941677,926.419451436551,781.5273507689926,675.8054453761082,622.0072346846136,680.8847185831094,22.02271554554524,1.4142135623730951,4.123105625617661,8.94427190999916,9.0,15.811388300841896,16.401219466856727,17.029386365926403,9.433981132056603,21.095023109728988,10.770329614269007,922.8374721477234,776.7013583096144,614.8601467000443,476.07247347436504,448.5365091048888,516.3768004083839,709.2058939405397,889.0089988295956,1055.108051338819,1291.864543982843,1455.0494836946268,1549.6096282612598,1597.5196399418694,1628.452332738051,1565.7831906110118,1525.0629495204453,1376.353515634701,1281.1471422127904,1103.7617496543355,875.8687116229236,792.207043644526,871.80043587968,951.5151076047084,1102.54478367094,1302.6204358906705,1482.4577565650902,20.615528128088304,1775.4605036440546,1863.9082595449809,1850.262954285147,1883.2262211428556,1780.565359654062,1635.0415896851064,1450.9941419592292,1283.188606557898,1104.876916221893,916.2930753858178,790.2771665687932,742.0107815928284,753.6955618815863,793.8645980266408,940.6088453762276,1063.3757567294826,1163.5119251644996,1233.131379861854,1274.036498692247,1300.9419664227917,1239.2941539440908,1247.548395854846,1186.1635637634463,1110.0072071838092,982.9343823470618,914.8513540461096,22.84731931759173,13.92838827718412,10.63014581273465,8.94427190999916,0.0,0.0,0.0,128.0,11.31370849898476,14.317821063276352,22.80350850198276,1083.891138445185,1034.2427181276164,944.7502315427078,861.8033418361755,804.7074002393665,658.0045592547212,626.7774724732853,569.3619235600498,604.7916996784926,636.4251723494286,717.7917525299382,741.1949810947184,769.0682674509461,813.393508702891,824.3154735900571,815.6868271585608,791.3039870997744,761.8556293681894,714.7027354082255,625.3359097317217,618.9321449076627,564.7379923468935,495.90321636383845,537.9219274206993,557.0897593745553,601.7150488395649,12.0,724.8592966914338,774.9096721554067,793.7487007863383,795.2515325354614,818.5963596303126,612.1837959306013,535.2504086873731,499.98899987899733,426.0422514258416,363.7430411705494,273.94159961568454,257.1575392633862,217.70163067832084,249.11041728518703,304.1792234851026,379.23739267113416,428.4903732874287,464.9010647438872,474.4733922992943,485.70464276142144,465.8594208556912,471.86862578476223,447.4036209062238,404.7530111067736,335.2924096963723,295.6112311804137,10.04987562112089,22.360679774997894,14.866068747318506,21.18962010041709,19.6468827043885,10.295630140987,8.54400374531753,18.027756377319943,14.142135623730953,15.0,2.8284271247461903,417.6374025395714,414.46833413422553,431.0823587204654,446.4538050011446,414.9132439438394,392.9440163687443,355.36038045904894,345.48806057518107,337.5114812861927,269.45314991664134,308.8122406900348,280.4728150819612,317.1939469788161,352.8809997718778,349.85711369071805,397.5550276376844,388.35550723531657,404.6344028873472,385.3894134508627,359.17266042949313,352.4769496009633,304.11346566701053,288.5706152746672,267.0880004792428,249.545587017683,278.5677655436824,5.385164807134504,268.3076592272386,294.96609974707263,304.2449670906653,303.7647115778921,304.26633070387527,299.04180309782777,274.69437562498433,255.92381678929377,223.76103324752503,190.53608582103288,157.31814898478814,143.68020044529447,136.56500283747664,117.5967686630887,159.8155186457185,196.468827043885,200.5517389602992,242.1672975444868,267.02996086581743,276.739950133695,287.17938644686876,290.11894112587686,280.49242414011826,266.1296676434253,230.76611536358627,204.1665986394445,0.0,0.0,0.0,0.0,0.0
2025-06-01 18:44:24.243,0,0.0,0.0,0.0,0.0,0.0,0.0,37.69615364994153,118.18629362155326,245.60130292814003,371.076811455526,474.9336795806337,568.0316892568583,648.6023435048628,724.9275825901509,779.3798817008302,827.5246219901859,815.2987182622085,810.0530846802573,756.1216833288145,670.3170891451299,561.6342226040005,464.1863849791375,318.56710439089596,180.54362353736008,173.62603491412224,311.1028768751585,487.34484710520945,645.2735853883994,777.9832903089886,927.5025606433657,1023.7231070948824,1085.814440869157,12.806248474865695,1106.7922117543112,1066.4520617449243,989.7009649384,875.6808779458416,720.9022125087424,589.5396509141688,442.108583947428,349.3665696657309,328.4585209733491,415.2360774306587,665.2773857572494,845.2147656069433,1003.56614131805,1178.3081091123831,1218.6188903837,1306.4857442773723,1355.106268895543,1238.7065834974803,1208.6993009015932,1115.044842147615,975.321998111393,812.2462680739136,714.3178564196754,604.0943634896787,621.4257799608896,727.2001100109928,3.605551275463989,19.235384061671343,10.44030650891055,13.41640786499874,9.486832980505138,14.866068747318506,12.206555615733702,14.212670403551895,6.0,23.769728648009423,5.0990195135927845,833.0810284720209,658.2051351972272,495.996975797232,384.13018626502134,384.1054542700481,512.2899569579712,706.3745465402898,964.0580895361026,1142.7064364918926,1308.3183863265087,1426.8374119008795,1569.4342929858517,1601.1936172743133,1611.3702243742746,1572.932293520608,1518.0912357299214,1386.3246373054185,1205.0331945635355,1028.1502808441965,858.6896994840453,724.7903145048228,845.3691501350164,949.941577150932,1101.7231957256777,1292.4124728584138,1500.0869974771465,26.476404589747453,1792.8795274641295,1881.4143615907687,1871.894494890137,1876.4469083882975,1762.3847480048164,1624.9273829928525,1459.1494097589868,1309.4372837215228,1130.032300423311,957.0475432286528,825.3992973100959,767.7564718060017,780.5542902322682,845.7168556910758,949.1238064657318,1057.1664958747035,1171.370564765907,1235.5051598435357,1308.7581900412315,1312.440474840669,1293.3158933532054,1258.8796606506914,1195.6763776206335,1111.763014315551,1032.1172414023515,936.8484402506097,15.033296378372908,28.792360097775937,3.0,11.0,0.0,0.0,0.0,128.0,30.80584360149873,26.076809620810597,9.848857801796104,1059.82498555186,978.7931344262688,907.2204803684714,824.7205587348966,740.5997569537814,614.3232048360212,605.9587444702815,599.6082054141688,580.331801644542,649.6468271299415,693.2048759205319,746.4964835818049,802.7764321403563,775.0232254584374,789.7151385151484,789.8411232646728,784.2123436927017,717.3074654567594,640.9258927520405,581.0232353357308,550.0772672997858,543.4868903662718,502.5385557347814,490.7830477919954,512.0790954530364,593.9983164959308,14.866068747318506,679.0184091760694,734.882303501724,754.1631123304825,779.6024627975465,735.3053787372971,606.4222951046572,511.4000391083286,491.2534987152763,432.8429276307977,369.04877726392755,306.0228749619871,264.7508262498911,217.17504460687928,245.41597340026587,302.61691955341826,375.5422745843669,385.01948002666046,429.7278208354679,470.2393007820593,469.05543382419097,477.7656329205775,440.989795800311,403.8873605350878,374.7772671867919,322.2700730753633,273.38251590034065,27.16615541441225,17.72004514666935,7.211102550927978,10.0,3.605551275463989,4.47213595499958,19.313207915827967,6.708203932499369,20.615528128088304,19.235384061671343,5.0990195135927845,328.8419073050149,365.0452026804352,403.43524883182926,404.0,416.3460099484562,382.38462312179865,389.13365313218543,347.522661131616,315.21738530734626,257.6140524117425,217.33154395991392,223.44574285494903,285.112258592997,294.4588256446052,344.84344273887535,332.12196554880256,339.60712595586097,389.97051170569296,373.0335105590381,368.962057669891,358.9233901545008,323.4377838163006,303.63794229311986,263.0304164920856,249.57563983690395,243.232399157678,14.317821063276352,260.5993092853471,275.21991207032966,276.739950133695,297.47773025892207,292.9846412356798,292.92490505247247,285.07016680108774,268.31511325305553,253.74790639530408,213.01643129110957,192.25503894566717,164.0,152.7776161615307,136.82470537150812,128.84486796143648,147.6787053031005,188.52055590836773,213.10091506138588,227.96929617823537,248.11690792850052,277.6508598942204,297.6172038038124,301.9569505740843,283.2701890421934,264.43335644354704,244.3951718017359,0.0,0.0,0.0,0.0,0.0
2025-06-01 18:44:24.246,0,0.0,0.0,0.0,0.0,0.0,0.0,250.79872407968904,144.55794685869054,39.05124837953327,129.86531484580476,253.57641846196975,380.2959373961284,489.65293831447593,596.9865995145955,687.945492026803,751.2715887081049,830.8321130047875,840.8483811008974,847.8690936695358,810.3542435256325,746.5929279064998,649.117862949403,546.2343819277581,421.0581907527747,234.13671220037236,166.97305171793442,233.54871012274933,411.175145163226,564.0576211700361,734.2002451647643,869.6211818947374,984.1138145560196,2.23606797749979,1095.6249358242994,1105.27145986857,1080.5415309001316,1013.423899461622,908.9581948582672,794.8616231772672,646.7781690811773,502.744467895968,360.4233621728758,354.4925951271761,482.49870466147365,651.1528238439882,855.7365248719958,992.420273875942,1132.1947712297565,1288.006211165148,1396.132515200473,1361.5674790475866,1362.8356467307422,1302.2108124263136,1138.2732536610004,1033.6043730557644,841.8325249121704,709.8985843062374,615.2089076078141,647.5036679432789,30.479501308256346,7.0,8.602325267042627,20.248456731316587,0.0,29.42787793912432,17.11724276862369,11.0,23.021728866442675,2.23606797749979,7.0710678118654755,1010.4459411566756,834.6046968475555,637.3978349508257,513.8491996685409,415.22644424458326,446.45492493643746,591.8487982584742,821.6355639819883,1007.0973140665204,1179.5986605621422,1351.9948224752934,1504.900328925474,1581.7894929477816,1623.4882198525495,1600.7463884076078,1578.886949721227,1455.420901320302,1329.525103185344,1171.9168059209665,972.5703059419408,806.5041847380583,891.5071508406425,878.7138328261368,1012.0874468147504,1182.962805839643,1399.7289023235892,11.6619037896906,1720.5339287558384,1817.373104235891,1841.5800281280203,1889.542272615249,1799.761095256812,1717.6088029583454,1555.6722019757246,1395.528931982422,1218.3546281768704,1036.9594977625693,912.0619496503514,781.201638503146,768.1959385469308,822.2907028539238,918.853633610925,997.7660046323488,1103.083405731407,1185.7170826128804,1271.0865430803678,1299.225923386691,1264.6679406073358,1265.534274525981,1216.5677128709276,1152.05946027104,1065.7297968997582,1003.7141027204908,21.2602916254693,22.135943621178654,10.770329614269007,12.206555615733702,0.0,0.0,0.0,128.0,19.6468827043885,17.88854381999832,35.4682957019364,1045.4711856383226,980.824653034374,930.5707925784044,842.7692448114134,786.7871376681243,690.3774330031364,676.577416117328,666.1906633990002,636.8327881006128,705.6245460583128,749.6112325732586,780.490230560255,787.0304949619169,805.3136035110794,799.6499234039856,799.4529379519472,742.3483010016255,715.4369294354325,644.608408260395,596.8458762528229,573.149195236284,540.051849362633,560.1731875054356,572.3862332376627,583.8261727603517,664.3831725743812,16.15549442140351,761.9927821180461,768.0501285723478,747.219512593187,763.5037655440868,704.6374954542229,560.4159169759546,488.4669896727925,415.053008662749,368.099171419877,301.4796842243271,283.51014091210214,233.94443784796425,294.0153057240388,336.3628992620916,375.8257574994029,428.8694440036502,479.4183976444792,498.5147941636236,513.4082196459266,492.8782811201971,458.29357403306454,428.0654155616873,354.7463882832354,345.6356463098099,260.6549443229497,175.5704986607944,19.026297590440446,5.656854249492381,9.0,14.0,5.385164807134504,18.439088914585778,13.601470508735444,10.816653826391969,10.44030650891055,10.63014581273465,10.198039027185567,390.9577982340293,398.6477141537375,412.4706050132542,378.6211827143326,373.6308338453881,344.6810119516304,317.1655719021218,277.6058356735319,254.3481865474963,199.5294464483877,190.16834647227705,261.87401551127596,330.49205739321485,342.2177669262658,392.5620969986786,356.2709642954362,376.4359175211632,389.6793553679743,375.5369489144843,350.69074695520555,336.44018784919257,287.5586896617802,270.29613389761977,249.41932563456265,235.17227727774377,250.4096643502403,18.867962264113206,286.1223514512629,283.83269720030495,311.4385974795032,296.5889411289639,284.9034924320866,291.20439557122074,261.48996156640504,236.12920192132103,196.25493624365225,154.01298646542764,157.84802817900513,110.3177229641729,107.01868995647442,139.8177385026664,163.00306745579974,200.4195599236761,231.0411218809327,248.71871662583015,278.16721589720095,293.62050337127346,290.17236257093816,294.0833215264001,271.0903908293321,250.10797668207223,222.29934772733816,184.40173534975207,0.0,0.0,0.0,0.0,0.0
2025-06-01 18:44:24.249,0,0.0,0.0,0.0,0.0,0.0,0.0,271.26555254952666,178.01685313475238,46.238512086787566,105.75916035975324,239.10248848558643,368.5986977730659,499.7299270606074,618.4965642588486,716.2352965331994,787.6750599073199,852.8546183260075,868.9902185870678,888.3450906038711,824.9151471515116,768.10546150903,678.3745278236794,574.193347227221,418.63229689072006,279.06450867138227,179.62739212046696,239.3532953606447,401.0498722104272,571.3212756409479,726.692507185811,890.348808052215,994.9758791046144,19.1049731745428,1132.2305418950682,1150.6146183670708,1103.0090661458771,1045.202851125082,933.1693308290836,822.5843421801803,656.4419243162338,543.0478800253252,414.5756866966513,344.4488350974641,526.0152089055981,603.1624988342694,900.2444112572985,1044.3299287102711,1266.3842228960373,1307.6092688567178,1387.9499270506844,1340.3092926634508,1295.6778148907235,1303.4922324279496,1149.8565127875738,1059.7178869869094,859.2118481492209,726.829416025521,667.6114139227999,686.4925345551836,23.323807579381203,39.81205847478876,17.029386365926403,8.0,18.384776310850235,9.219544457292889,12.206555615733702,10.295630140987,23.194827009486403,27.202941017470888,1.0,1013.4895164726668,836.122598666009,677.4215821775979,484.8463674196188,397.2165656162895,461.15615576505104,623.6745946405064,839.7380543955359,1038.6953355050748,1222.1104696384857,1406.627171641441,1514.0118889889868,1581.4891716353925,1632.1620630317325,1605.64161630172,1563.9654727646644,1442.424694741462,1284.542720192676,1143.1767142485014,952.6935498889452,797.497335418746,856.3597374935372,878.3900044968635,1002.0079840001276,1188.6416617298923,1402.0791703751968,23.323807579381203,1730.487214630608,1822.2472389881675,1855.5457418236824,1871.827182193912,1789.786579455774,1702.129548536186,1515.7288675749369,1370.8045083088982,1183.3410328388009,1037.0887136595404,859.3206619184715,762.1548399111562,745.8753247024599,790.7825238331965,912.1754217254486,986.3315872463986,1133.846991441085,1189.5297390145402,1255.947849235787,1256.3045013053163,1282.2842898515134,1243.6864556631626,1221.8428704215612,1138.2310837435427,1044.912436522793,947.892926442644,18.027756377319943,32.802438933713454,10.63014581273465,6.082762530298219,0.0,0.0,0.0,128.0,8.602325267042627,6.324555320336759,4.123105625617661,1074.538040275913,989.262351451828,921.4580836912768,838.8998748360856,784.9751588426222,668.8086422886594,637.1954174348714,639.7890277271094,682.9824302278939,726.6539754243419,766.0652713705275,807.8130971951371,828.4213903563814,848.6235914703291,839.6618366937967,837.4114878600603,763.9594230062222,715.8910531638177,674.9170319380005,613.1761573968772,586.9412236331675,550.1417999025342,519.1887903258313,528.4183948350019,596.8525781128872,613.1769728226917,28.600699292150185,724.6571603178982,750.4032249397653,750.2406280654227,737.9871272590058,713.423436676985,542.226889779546,466.7697505194611,422.190715198712,353.82481541011225,294.8118043769618,220.51077071199947,226.101747007846,247.39644298170495,290.8539152220578,363.04407445928655,402.31331074176506,435.5743334954437,441.1178980726128,486.6795660390931,467.0802928833543,443.180550114736,399.0613987846982,367.8219678050782,312.6739515853535,243.5939243905726,181.1573901335521,20.248456731316587,5.385164807134504,7.280109889280518,17.46424919657298,20.808652046684813,19.313207915827967,5.385164807134504,2.8284271247461903,12.041594578792296,15.132745950421556,10.198039027185567,361.8894858931384,385.32324092896346,432.6118352518803,411.7790669764552,400.65571255131255,353.6848880006043,345.059415173677,289.99482754007875,263.2299375071156,236.54597861726583,249.16059078433733,261.6295090390226,316.44272783554374,347.38451318387814,379.93288881064245,411.80699362686886,417.9389907630059,388.2743875148089,388.3323319014269,362.154663092994,343.3598695246723,327.9908535310093,297.8355250805384,268.26293072282647,257.40629362935164,270.8228203087768,3.0,291.1391419922783,318.59692402783804,301.7962889102515,313.12936623702353,324.2483615995615,316.22776601683796,261.283371074395,253.6217656274792,212.90608258102915,175.76404638036755,139.61733416735902,132.19682295728592,126.372465355393,163.07666908543356,188.7988347421668,224.0557966221807,228.32652057962952,283.0070670495703,287.6264939118092,308.1768972522113,301.69189581425616,295.49450079485405,294.3891981714003,258.4511559269952,224.2164133153503,179.42407865166817,0.0,0.0,0.0,0.0,0.0
2025-06-01 18:44:24.253,0,0.0,0.0,0.0,0.0,0.0,0.0,46.06517122512408,91.21403400793103,224.07588000496617,350.821892133316,463.3411270327727,574.4153549479679,670.2969491203133,733.0620710417365,813.2908458847917,836.2637143867955,852.9126567240048,818.5627648506863,775.4031209635411,698.2127183029538,584.3603340405643,471.17300432006925,344.11771241829445,189.47559209565753,186.3866948041088,288.17355881482257,461.1030253641804,637.2220962898258,768.1646958823349,912.1754217254486,1016.9803341264766,1078.7386152354054,9.219544457292889,1113.2713056573407,1075.9093828013583,995.3351194447024,888.9190064342196,773.747374793608,632.0007911387453,483.944211660807,384.1106611381673,368.89700459613385,403.0334973671543,668.2424709639458,907.31747475732,1056.7241835029613,1160.7075428375574,1257.009148733612,1304.2549597375507,1321.802178845231,1287.7286204787094,1326.4437417395432,1167.4973233374028,1013.1263494747336,907.3081064335312,770.1350530913393,667.0119938951623,670.7682163012795,797.0100375779467,27.073972741361768,26.92582403567252,8.54400374531753,12.206555615733702,2.8284271247461903,23.194827009486403,9.433981132056603,11.180339887498947,18.110770276274835,24.413111231467404,32.14031735997639,818.826599470242,666.2169316371358,494.3885111933731,427.4400542766202,487.46794766425415,580.5273464704311,806.9919454368799,972.0421801547504,1166.5406122377394,1331.0766319036632,1464.4674800076648,1517.8965709164772,1598.6685084782273,1582.325187816967,1529.9150303203116,1461.0167692398331,1356.401489235396,1185.8541225631425,1000.2119775327628,850.2046812385827,728.4078527857865,854.5431528015423,940.759267825728,1100.158624926424,1313.1976241221273,1533.3525361116406,8.48528137423857,1806.8680084610496,1875.8467421407329,1894.0224391490192,1874.9466659081263,1749.677113069723,1659.8484870613945,1489.0161181128967,1329.3731605534997,1147.275468228969,1002.4021149219508,837.8812565035693,771.0317762582811,783.5215376746194,833.4008639304377,945.7023844741008,1063.637626261877,1148.402803897657,1252.4951097708924,1297.521483444494,1323.315910884472,1346.4813403831483,1263.3803861070503,1211.6319573203737,1143.7958733969974,1068.4502796106144,999.2422128793398,21.633307652783937,20.223748416156685,18.110770276274835,6.708203932499369,0.0,0.0,0.0,128.0,9.433981132056603,18.439088914585778,20.808652046684813,1088.2577819616083,1006.2216455632426,962.3559632485268,867.8767193559232,783.6836096282734,705.0063829498283,717.6747174033651,694.0756442924647,690.9196769523936,722.59601438148,772.9243171229639,833.2400614468797,825.0557556916987,862.0237815744993,828.035023413865,823.1937803457944,771.4615998220521,711.2538224853347,665.0654103169101,594.7512084897348,541.4988457974772,530.9510335238081,527.2001517450465,529.3892707639625,536.3170703977265,609.5777226900602,12.36931687685298,680.2065862662607,726.3828191800794,726.5714004831184,741.6690636665386,690.938492197388,542.9742166990989,463.4964940536228,416.63533215511137,316.3321039667014,255.38402455909417,208.3122656014283,186.81809334216,193.21490625725545,222.524155992108,284.6137733842127,345.15069172754096,378.4415410601748,420.1713936002783,444.0382866375376,439.00455578501686,435.62024746331525,382.9895559933717,334.0014970026332,309.6853241598639,241.66091947189145,193.75241933973368,10.198039027185567,14.142135623730953,8.94427190999916,7.211102550927978,11.180339887498947,6.082762530298219,13.892443989449804,9.0,17.26267650163207,16.0,5.0,366.7764987018661,371.46736061193855,375.8324094593227,407.7903873315309,385.87692338360944,394.23977475642914,379.6801285292661,357.96228851654195,282.10990766011747,267.6602323842674,290.70431713340616,246.4163143949686,249.3692041933005,293.027302482209,374.1256473432422,347.932464711185,356.23728047468586,377.01060993027767,390.600819251573,366.52148640973286,378.6000528261981,324.96769070170654,325.1122882943676,276.97833850321217,250.05999280172747,249.80192152983932,19.4164878389476,252.28555249954368,279.7892063679369,294.9254142999548,294.1241234581074,311.05787242890995,312.52519898401795,292.1044333795706,286.54144551879403,251.03187048659777,220.05681084665383,174.94284781036347,150.74813431681335,118.86967653695368,105.68348972285122,108.93117092916977,153.16004700965587,176.81911661356077,221.16509670379727,243.64728605096343,274.41756503547657,286.40006983239374,305.5552323230614,304.059204761178,296.95117443781896,263.9412813487121,251.1812094882895,0.0,0.0,0.0,0.0,0.0
2025-06-01 18:44:24.256,0,0.0,0.0,0.0,0.0,0.0,0.0,134.937022347464,19.026297590440446,108.46197490365,235.15314159075143,350.76630396889607,450.3209966235197,567.1728131707301,646.195017003381,727.8049189171505,779.772402691965,800.0681220996122,819.3192296046761,789.6359920874935,748.6127169638518,671.0588647801324,581.8496369338044,447.55558314023966,303.2655601943617,163.37686494727458,143.83671297690307,288.8390555309306,468.4495703915203,625.7994886543133,774.3203471432221,920.2200823716032,988.2110098556886,14.317821063276352,1091.012832188513,1083.4412766735445,1043.4557968596466,949.2418027036103,846.6935691263989,720.1777558353216,582.3443998185267,431.1496260000697,372.77607219348187,355.0056337581138,495.68235796727726,664.808243029522,837.7189266096356,1033.342634366743,1102.963734671272,1282.17198534362,1331.6670004171465,1366.192519376387,1305.8713566044703,1211.5712938164224,1099.210625858393,980.4896735815222,827.0731527501059,732.8144376307006,677.2481081553495,705.141829705202,17.69180601295413,8.06225774829855,8.54400374531753,12.206555615733702,7.615773105863909,11.704699910719626,3.1622776601683795,11.31370849898476,10.44030650891055,22.84731931759173,18.601075237738275,957.8830826358716,782.3094017075341,620.4143776541611,500.85526851576594,479.683228808346,543.4786104346701,733.3607570629888,923.1061694084814,1102.6536174157322,1274.590130198724,1424.1137595009748,1536.3948060313144,1573.526612421919,1631.6427305019931,1581.9544873352077,1525.968544892063,1405.9605257616588,1242.8588013125225,1099.9318160686144,893.7275871315599,779.6717257923362,885.2988196083851,944.0471386535738,1073.2995853907703,1270.4558237105296,1470.9442545521567,8.602325267042627,1778.1394770939653,1848.591355600258,1888.544942541744,1870.1820766973467,1798.4596186737135,1679.8050482124406,1482.5845675711048,1351.5920242440025,1179.7936260210936,1000.4249097258624,858.8282715421052,754.2844291114593,789.9392381696202,837.0005973713519,933.7114115185698,1049.4879703931815,1158.7691745986342,1244.2785058016552,1307.4716058102372,1331.0871496637626,1317.0520111218084,1283.6374098630813,1216.077711332627,1165.6706224315683,1070.700705145934,1004.6039020429891,14.422205101855956,7.810249675906654,9.433981132056603,13.038404810405298,0.0,0.0,0.0,128.0,26.30589287593181,17.11724276862369,10.295630140987,1073.1733317595997,1008.2856738048002,963.2990189966976,870.0574693662483,797.3518671201567,704.8645259906332,701.519778766073,674.8073799240788,701.502672838814,734.8339948587028,786.0852371085466,804.2412573351357,826.9371197376497,830.1228824698185,847.0301057223409,796.1061487012897,764.5554263753544,724.2444338757462,669.6178014360132,586.884997252443,518.4640778298917,517.9806946209482,522.0,533.9681638449993,581.4774286247059,641.7974758442106,12.206555615733702,711.2017997727509,765.634377493592,764.6992873018779,763.4821543428503,713.8158025709433,542.4619802345599,475.405090422894,421.4285230024185,382.8315556481727,295.26936854336924,233.0407689654323,217.7200036744442,220.0772591614136,262.01717500957835,320.98909638802377,384.53348358758046,436.8706902505592,467.95405757403154,475.6490302733729,468.47945525924615,445.0404475999906,399.6248240537617,359.6845840455218,313.6000637755037,256.6028059082753,197.9520143873257,14.7648230602334,32.0624390837628,4.0,25.238858928247925,17.4928556845359,8.06225774829855,5.830951894845301,15.652475842498529,17.08800749063506,13.92838827718412,8.246211251235321,385.5087547644022,371.24789561693143,392.4487227651531,385.7628805367359,390.96930825833374,344.60702256338305,340.60093951720097,283.83269720030495,229.88910370002316,242.1672975444868,250.7448902769506,258.49564793241683,280.01785657346926,366.00683053735486,390.51248379533274,400.2898949511466,385.0831079130841,406.1329831471461,383.500977834477,360.90164865237176,336.48179742743883,310.1032086257735,261.8415551435639,239.0083680543424,245.17748673155128,232.9484921608208,15.264337522473747,278.6485241303101,305.29002604081256,305.17699782257506,305.4734030975528,309.5561338432821,299.20561492057595,284.3448610402516,247.87295132789296,211.0213259365034,184.70787747142785,146.01369798755184,127.12985487288184,91.2633551870629,99.24716620639605,112.8007092176286,149.12075643584967,200.8780724718355,217.00230413523263,255.12545933324648,268.79360111431225,272.6187814513153,280.0303554973996,281.05515472945876,257.73047937719747,219.22819161777528,195.41238445912276,0.0,0.0,0.0,0.0,0.0
2025-06-01 18:44:24.258,0,0.0,0.0,0.0,0.0,0.0,0.0,34.48187929913333,85.63293758829018,188.67962264113208,335.93600581063055,462.29427857156094,562.5735507469224,655.3144283471867,718.1879976719188,799.3922691645198,817.7071602963986,829.3328644157302,818.8730060271861,782.1438486621244,706.1168458548486,608.434055588607,494.09412058837535,345.48516610702694,193.82982226685343,143.22360140703069,255.88473967784793,425.77576257931827,599.0534199885683,743.2745118729688,887.2119250776558,984.43943439909,1058.057181819584,15.811388300841896,1109.2921166221277,1078.2379143769708,1006.3001540296016,891.4976163737063,765.2849142639623,636.1949386783897,486.2766702197423,385.1674960325702,302.33259830855155,386.37805320695946,555.0009009001697,832.9855941131275,947.9836496480306,1134.6616235688946,1230.018699044856,1302.4027794810636,1334.6329083309763,1277.3272877379547,1233.2923416611327,1150.233454564768,1051.6867404317695,913.5042419168068,760.8429535718918,685.7120386867946,663.4108832390376,745.5823227518206,16.97056274847714,19.4164878389476,9.055385138137416,23.194827009486403,15.524174696260024,18.0,14.0,17.0,5.0,14.0,33.54101966249684,871.80043587968,724.1270606737467,567.23628233744,446.5792202957947,477.104810288054,592.595983786593,798.8497981473113,982.7273273904618,1160.2422160911058,1335.5601820958875,1477.598050892055,1575.434543229264,1626.213393131418,1633.073482731258,1597.5906860018931,1533.5142646874858,1393.301833774721,1228.334237901069,1045.4664030948102,853.3024082938006,762.863028334707,858.9790451460385,934.0032119859118,1121.5462540617752,1330.9113419007292,1507.7164852849492,13.601470508735444,1829.332391885083,1902.0675592628145,1929.678988847627,1893.1468511449395,1819.002199009116,1700.6060684356034,1512.8598745422526,1359.9430135119633,1185.1485139002623,1021.8033078826865,863.8362113271243,780.7438760566746,782.6237921249264,857.8403114799397,960.5883613702592,1065.1131395302566,1185.3944491180985,1249.4626845168286,1299.207450717552,1341.118935814419,1332.260109738335,1300.862790612446,1260.6002538473488,1191.9383373312564,1100.7488360202794,1001.888716375227,6.0,11.40175425099138,13.601470508735444,10.295630140987,0.0,0.0,0.0,128.0,10.44030650891055,16.278820596099706,16.76305461424021,1105.0221717232646,1020.1568506852268,954.6790036446804,888.83575535641,824.756933890222,717.3506813267832,710.7833706552229,686.7080893654887,700.8716002236073,745.3656820648506,781.3917071482139,806.9429967476018,838.2708392876374,839.9630944273683,837.1248413468567,808.8015825899453,794.1517487231266,733.1425509408112,672.6968113496599,622.2684308238688,584.1438179078847,548.9162048983433,520.0586505385714,553.0795602804357,610.2753476915154,635.739726617741,22.02271554554524,733.2400698270656,766.5872422627447,766.1338003247214,766.4411262451931,729.3956402392325,572.0847839262988,472.96934361541867,440.2544718682594,380.7059232531062,319.3305497443049,268.47718711279737,232.31228981696168,219.10727965998757,286.2254356272342,345.90461112855957,390.0833244321013,444.0720662234904,460.21408061900934,491.0040733028597,465.5083243079547,453.4357727396461,425.6994244769424,364.00137362378183,318.76009787926716,261.72504656604804,179.0111728356641,16.401219466856727,23.021728866442675,2.0,17.804493814764857,17.46424919657298,9.219544457292889,29.69848480983499,15.811388300841896,16.55294535724685,17.029386365926403,14.142135623730953,335.3818719012702,345.0057970527452,395.4099138868422,402.85481255658345,389.7819903484511,358.62096982747676,323.88269481403296,290.69055712217414,248.2438317461282,225.80079716422617,177.36967046256808,222.0495440211486,271.97426348829407,266.9925092582187,317.81283800375337,334.11375308418536,377.6095867427097,372.40435013570936,371.1940193483726,371.3825520941984,337.2906758272455,325.48425461149424,273.22152184628504,246.4467488119898,243.82165613415063,205.1828452868319,20.0,245.63590942694023,265.0018867857359,272.1176216271192,304.13977050034083,302.92738403782516,300.98006578509484,270.20732780589054,277.8380823429358,245.5524383914768,201.0994778710278,175.03428235634297,133.71985641631537,112.8007092176286,92.19544457292888,95.90099061010788,125.35549449465708,159.20113064925135,198.40362899906847,229.61707253599417,254.40125785852553,280.58866691297425,284.80344099044873,286.67751917442007,279.1146717748818,267.75548547135315,237.73935307390735,0.0,0.0,0.0,0.0,0.0
2025-06-01 18:44:24.263,0,0.0,0.0,0.0,0.0,0.0,0.0,255.09606033806168,147.3295625460145,20.12461179749811,105.99056561788883,238.018906812043,357.26320829326943,492.74029670811376,594.8991511172293,689.3221307922734,751.0326224605693,805.6798371561746,846.73077185136,851.4000234907209,814.4716078538281,783.4513386292731,661.4506784333961,539.9564797277648,398.3214782057327,281.0907326825273,157.87653403846943,181.34221791960084,372.4902683292545,527.3196374116936,685.0437942204863,838.7729132488721,941.3846185274116,8.246211251235321,1097.0770255547238,1100.6943263231622,1083.535878501492,1032.6282002734577,916.689696680398,830.2915150716644,673.7981893712687,547.4632407751227,413.7172947799016,364.5408070436011,463.6248483418463,609.8016070821723,771.9306963711185,923.8235762308732,1065.0469473220417,1251.8518282927896,1371.9620986018529,1279.870305929472,1310.023282235854,1265.5690419728194,1130.701109931356,1034.3041138852732,871.3208364316786,724.4929261214356,671.9412176671409,661.272258604578,23.769728648009423,20.615528128088304,14.422205101855956,6.4031242374328485,16.278820596099706,21.18962010041709,8.94427190999916,15.652475842498529,12.529964086141668,2.23606797749979,14.317821063276352,998.1312538939956,876.4525086962784,653.9243075463704,524.3824939869751,406.03078701004927,459.2341450719883,573.2512538145904,779.0616150215591,999.2021817430144,1127.1601483374047,1306.2116980030455,1446.124821721832,1539.4378844240516,1592.5768427300454,1587.9206529294845,1518.2437222000954,1451.063403163349,1301.5959434478889,1148.5094688334093,971.1611606731398,816.9755198290827,914.8202009138188,882.5927713277512,1005.0293528051806,1176.0,1401.8420025095552,18.439088914585778,1744.865897425931,1802.9511917963837,1887.7611077676115,1870.6966616744685,1825.267103741258,1733.4027229700546,1592.703990074741,1416.5112071565125,1256.8631588204023,1104.9027106492226,947.5405004536746,849.3156068270499,836.6128136718921,870.377504304885,963.4739228437892,1064.046991443517,1130.2818232635611,1240.197564906495,1305.1927060783016,1342.287599585126,1342.2108627186713,1300.89699822853,1232.862117189104,1189.6461658829485,1110.344991432843,1038.3202781415762,12.36931687685298,5.0,7.0710678118654755,3.1622776601683795,0.0,0.0,0.0,128.0,13.0,7.0,9.0,1061.8686359432602,1015.3841637528132,928.0086206496144,863.0417139397146,777.9730072438247,731.6679574779806,725.9600539974634,713.0610072076582,724.9827584156743,718.8442112168672,779.8525501657349,840.0148808205721,834.6526223525569,836.737712786988,823.0218709123105,793.4488011207781,762.4434405252629,700.8466308686944,641.3267497929585,602.7354311802153,558.5704968936329,574.2821606144491,586.463980138593,603.9105894087303,639.731975127084,705.2836308890204,10.198039027185567,749.2162571647789,760.907353098917,753.0750294625363,719.4004448149861,684.0796737222938,482.3743359674103,424.4384525464204,356.43793288593736,319.1191000237999,240.20824298928628,258.549801779077,249.77189593707297,302.66152712229547,343.20984834354624,412.46696837443847,450.15552867870014,442.9740398714128,495.9606839256515,500.6845314167395,427.9649518360119,436.2934792086629,380.3261758017715,319.1018646137938,228.65913495856665,170.41713528867922,108.78419002777932,5.830951894845301,6.082762530298219,12.806248474865695,11.6619037896906,21.095023109728988,15.0,7.211102550927978,14.142135623730953,16.492422502470642,11.180339887498947,21.0,375.0959877151447,342.6499671676622,391.3681131620204,388.3117304434673,373.0120641480648,318.9874605685935,339.0457196308486,261.457453517776,262.08395601409865,200.1924074484345,225.055548698538,250.4595775769016,251.45377308761945,308.60978597575286,366.3249923223912,337.8179983363823,381.0682353594957,383.6899790195204,365.16845427829605,351.6546601425893,326.712411763006,296.2043213729334,255.0019607767752,225.4240448576859,236.8649404196408,250.59928172283335,6.4031242374328485,255.99414055794324,297.3213749463701,310.0483833210552,302.0364216448076,285.0491185743257,289.0069203323685,254.95097567963924,221.35943621178657,195.49424543960367,164.07315441594946,137.43725841270262,99.92497185388645,106.02358228243376,132.9699214108213,161.8054387219416,194.80503073586164,227.58954281776656,254.678228358845,276.9205662279348,276.9566753122228,286.24639735724185,276.62610144380807,276.9855591903665,250.68306683938587,210.85065804972012,177.65415840897168,0.0,0.0,0.0,0.0,0.0
2025-06-01 18:44:24.268,0,0.0,0.0,0.0,0.0,0.0,0.0,34.0,82.87339742040264,199.6121238802894,328.68982338977276,457.7619468675831,549.1101893062994,627.6941930590086,712.6296373292371,760.0532876055468,801.180379190604,793.2174985462689,806.0676150299056,733.9243830259354,674.2966706131656,570.8949115205004,475.4135042255321,330.25596133908016,192.92485583770693,147.220922426128,246.78938388836744,403.5554484826094,590.3846203958907,742.7651041883968,866.0698586141882,969.70356295107,1044.7822739690791,19.4164878389476,1078.9888785339726,1056.6480019382043,980.0005102039488,904.5357925477576,765.265966837674,624.5414317721443,466.8843539892936,349.13607662342775,349.04011230802683,393.15391388106514,625.0959926283323,827.4212953508026,955.6986972890568,1100.0531805326505,1274.479109283475,1315.8438357191176,1373.7397861312745,1287.3527100216163,1288.485157073996,1217.9991789816609,1085.2879802153896,875.0411418899114,745.8216945088149,645.1914444566047,659.840132153236,749.9926666308145,20.223748416156685,20.09975124224178,11.180339887498947,9.433981132056603,6.4031242374328485,13.92838827718412,14.317821063276352,8.94427190999916,10.295630140987,22.47220505424423,5.0,864.0092592096453,708.4772402836946,555.8165164872307,425.17996189848833,456.5303932927139,531.4150919949489,730.8385594644004,946.2647621041376,1105.2461264351937,1282.2000623927609,1390.8630414242805,1501.528887501003,1540.502839984399,1572.0814228277109,1531.698403733581,1472.9670736306362,1364.0091641920883,1199.131769239728,1022.5463314686529,864.6878049330868,758.8919554192152,867.6226138131717,956.2996392344818,1095.7344568826884,1264.3183934436768,1460.2143678241218,15.033296378372908,1759.2867873089936,1850.31078470618,1853.3119003556849,1879.2349507179777,1763.0893340951277,1693.1925466408125,1543.618152264348,1399.235862890885,1216.6585387856364,1059.4833646641175,922.356221857911,820.2743443507178,837.6156636548769,891.574450060117,973.7992606281852,1043.093955499695,1168.0068492949858,1224.859583789097,1283.2961466473746,1320.0185604755716,1257.5086480815946,1255.8160693349962,1229.2359415506853,1164.7596318554313,1051.776592247612,1010.497402272762,18.601075237738275,10.0,4.47213595499958,14.422205101855956,0.0,0.0,0.0,128.0,15.811388300841896,16.401219466856727,22.02271554554524,1065.5895082066077,990.9818363623018,956.256241809694,868.8273706554139,808.0222769206305,721.826156356224,732.8198960181144,720.3061848963953,712.5735049803634,736.9843960356284,777.7120289670206,806.4192458020827,811.6760437514464,816.9192126520222,794.8314286689977,777.4734722162551,743.9623646395024,706.4906227261619,635.2322409953701,575.0869499475709,563.1811431502301,547.2266440881693,561.749054293819,584.7503740913725,581.1041214791029,664.3831725743812,9.486832980505138,707.4687272240378,739.6032720317021,721.382700097528,727.0832139445938,677.8465903137671,504.2072986381693,437.3934155883008,411.6114672843797,338.28538248053223,276.40911707105465,256.3220630378899,243.88931915932687,256.30060475933334,310.8649224341659,364.0329655402104,399.56601457080905,433.0011547328713,465.41379438087137,468.4463683283285,453.48539116491946,425.13174428640355,383.80333505585907,337.2906758272455,278.65749586185547,227.03523955544875,155.3319027115808,5.385164807134504,15.0,6.0,7.615773105863909,11.04536101718726,21.095023109728988,22.80350850198276,6.708203932499369,10.198039027185567,4.47213595499958,12.083045973594572,333.208643345277,341.80988868082795,395.4339388570486,386.5294296686864,407.7070026379238,379.95394457749745,363.0674868395682,305.8970415025291,284.29737951659,256.8131616564852,215.95601403989656,220.62864727863425,231.81242417092315,299.8966488642379,372.0497278590592,368.7817782917155,390.03204996512784,389.20046248687834,379.39030035044385,365.8756619399547,350.2913073429028,334.0793318958837,284.26044395940846,262.0877715575452,237.53947040439405,218.68013169924697,6.324555320336759,253.39297543538967,271.1825953117198,286.2254356272342,302.64170234784234,298.4359227707013,312.92970456637704,282.29948636155893,256.7430622236948,234.93190502781863,210.27838690650069,186.06719216455113,125.09996003196804,103.75451797391764,94.41398201537736,96.16652224137046,112.4855546281388,171.09354166653983,188.0026595556563,233.8995510897787,247.226616690032,274.70711676256224,274.4321409747772,294.7626163542453,291.247317584214,249.2087478400387,223.37860237721964,0.0,0.0,0.0,0.0,0.0
2025-06-01 18:44:24.269,0,0.0,0.0,0.0,0.0,0.0,0.0,274.64158461529456,169.11830178901394,46.04345773288535,106.70520137275408,229.8695282111137,363.1762657443352,481.1330377348868,602.276514567852,696.1357626210565,775.1361170788006,836.3808940907247,872.5010028647531,875.4804395302044,845.0289935854272,801.9625926438215,710.5884885079408,580.4084768505711,441.86536410992886,283.2543027034188,168.8342382338369,173.761330565808,330.0,518.8333065638712,663.231482968051,824.8909018773331,968.3026386414527,9.433981132056603,1120.7015659844506,1165.438973091255,1138.9934152575247,1078.7223924624907,979.895912839726,870.5883068362451,705.5076186689978,557.6602908581532,439.9965908958841,388.3979917558792,431.11599367223664,647.0927290582084,829.1953931372267,1002.1801235306956,1153.836210213564,1280.1757691817168,1370.8964220538326,1353.0059127734808,1391.0747643458997,1318.430885560559,1187.9696965832084,1063.482957080178,911.8870544097005,765.8824975151215,682.6895341222099,666.3212438456394,29.546573405388315,23.40939982143925,18.110770276274835,23.40939982143925,23.53720459187964,13.601470508735444,7.211102550927978,5.0,25.0,24.596747752497688,9.848857801796104,1047.5208828467337,867.9827187219801,706.407814226315,541.5847117487716,440.09089970141395,466.244571013969,617.8357386878813,828.8124033820923,1032.5744525214634,1205.794758655054,1356.5669906053297,1497.6077590610969,1583.058116431611,1649.5663066394147,1650.8912744332983,1596.4917788701575,1480.7285369033718,1339.777966679554,1189.878985443478,986.128794833616,842.9454312112973,916.4698576603596,904.0315259989554,994.328919422542,1199.7020463431743,1391.6932133196597,9.219544457292889,1741.934843787218,1826.101037730388,1874.5786193168856,1916.4394068167144,1814.899721747733,1712.1974185239271,1582.0635259053286,1429.8045320952092,1264.760846958823,1079.2854117424176,946.3852281180216,833.921459131494,809.8209678688247,867.219118792938,945.1121626558404,1057.113522759027,1130.7714181035883,1243.4456160202585,1269.418764632066,1294.005409571382,1312.171482695764,1270.127946310922,1238.09086903991,1137.3170182495292,1088.0170035436026,1006.447713495341,10.816653826391969,14.866068747318506,15.620499351813308,5.385164807134504,0.0,0.0,0.0,128.0,13.0,21.93171219946131,23.345235059857504,1083.6567722300267,1032.4001162340112,949.2739330667412,882.0459171721163,802.8075734570521,743.1231391902691,734.1730041345841,735.9796192830343,739.0433004905734,743.3397608092816,799.6630540421385,851.6642530950797,869.7459399157894,875.5181323079494,870.2482404463683,850.2452587342078,825.3102446958961,783.2368734935811,716.6847284545695,649.9976923035958,636.3285314992563,607.4504094985862,604.3922567339856,638.3549169545105,648.2777182658679,705.3070253442822,12.36931687685298,755.6196132975904,801.341999398509,772.5444971003288,739.341598991968,715.6626300150092,519.449708826562,448.57998172009417,389.23643200502187,349.14323708186015,309.0711892105118,285.56785533389433,300.2815345638156,341.5918617297549,387.1562991867754,453.1313275420273,489.532429977831,523.2590180780452,533.0459642469868,523.2055045581994,477.1844507106241,457.35106865514155,370.01216196227927,342.6149442158062,248.69660230891776,179.8054504179448,115.93532679903912,7.0710678118654755,3.0,18.027756377319943,20.223748416156685,14.317821063276352,12.16552506059644,32.57299494980466,5.830951894845301,31.622776601683793,3.605551275463989,22.67156809750927,354.8774436337142,372.5936123982804,384.7934510877232,363.3414372184929,353.61702447704636,313.0,280.8291295432153,254.80384612481816,214.7091055358389,184.200977196105,205.7984450864486,266.5520587052368,288.44410203711914,320.4808886657674,393.28869803237416,375.22526567383494,397.1523637094459,390.9577982340293,378.74661714660897,356.5305036038291,313.6909306945293,304.2137406495637,250.83261350948763,245.08161905781512,258.11818998280614,259.9326835932719,18.384776310850235,304.2909791630373,301.01494979485653,331.36837507523256,310.1548000595831,306.27601930285044,294.8101083748656,251.2866888635369,220.8008152158864,180.9447429465692,147.46185947559457,130.87398519186308,109.1146186356347,128.41339493993607,154.1460346554526,187.06683297688025,202.20039564748632,241.1389640850271,269.9666646087994,276.5863337187866,287.60041724587256,292.5149568825499,281.3201023745015,249.07227866625385,232.24555969921147,187.18172987767795,159.62455951387932,0.0,0.0,0.0,0.0,0.0
2025-06-01 18:44:24.272,0,0.0,0.0,0.0,0.0,0.0,0.0,27.51363298439521,122.10241602851272,252.8734861546382,371.6517186829626,462.75371419363023,564.2198153202349,647.7136713085497,696.6462516945024,748.8638060421935,793.4191830300047,800.4405037227939,771.5594597955494,725.2068670386402,668.0905627233482,563.8519309180381,458.1058829572045,291.82186347153635,166.43316977093238,104.75208828467336,228.114006584427,408.814138698749,565.3715592422385,720.8800177560757,868.469918880326,959.51029176346,1054.8748740964495,16.278820596099706,1089.8486133404033,1065.8072058303978,995.4024311804748,909.3123775688967,793.095202355934,650.5605275452854,490.5802686615107,399.3619911809335,338.51587850498237,445.70169396133105,636.0951186733004,818.6971356979332,971.0576707899484,1167.628793752535,1315.2554884888334,1338.7464285666647,1403.7781163702475,1344.6073776385433,1296.846174378442,1127.874106449829,1075.208351902086,918.264123223814,765.187558707014,690.4404391401188,682.3584102214905,736.6987172514962,45.221676218380054,13.45362404707371,15.524174696260024,16.64331697709324,23.08679276123039,16.1245154965971,18.027756377319943,9.899494936611664,18.384776310850235,17.88854381999832,7.0710678118654755,867.4266539598608,708.5146434619401,556.4431687063828,456.5019167539168,456.4832965180654,584.5288701167805,765.8048054171506,942.543898181936,1153.6073855519476,1294.972586582434,1489.0271992143057,1557.0080282387758,1621.6855428843164,1630.3008924735336,1577.944549089099,1526.9751144010174,1410.2216137898326,1260.807677641598,1089.5030977468582,907.2403209734453,772.1308179317803,917.7717581185424,989.6191186512112,1135.1590196972404,1320.2310403864924,1512.6142932023351,7.615773105863909,1797.8348088742748,1880.6647760831809,1904.387565596877,1918.6445736508888,1798.7039778685096,1690.6099491012112,1529.472131161598,1373.9876273096495,1205.6139514786646,1052.038497394463,901.9473377088044,822.372786514729,820.7368640435252,873.0595626874492,1010.414766321237,1085.0115206761632,1177.7559169878962,1263.0364206941936,1304.5412986946792,1290.1263504013862,1261.8335864922915,1262.8257995463982,1243.1657170305173,1139.4384581889449,1075.174404457249,987.544935686473,30.01666203960727,24.041630560342615,13.41640786499874,24.20743687382041,0.0,0.0,0.0,128.0,3.1622776601683795,11.04536101718726,25.0,1071.4126189288606,1020.3259283189856,961.603868544631,898.808655944078,814.7349262183376,721.2274259898884,711.2418716582988,714.582395529025,712.4135035216556,732.1809885540596,783.2815585726502,834.8922086113871,842.1033190767033,864.1411921671134,832.0769195212664,861.6936810723403,826.9292593686597,778.0314903652679,704.8460824889361,671.1929677819934,639.9414035675454,613.2087735836792,643.6373202355501,634.7030801878939,658.3623622291906,688.1373409429254,29.206163733020468,769.5225792658719,804.1050926340412,815.0055214536893,845.1490992718385,776.4135495984083,575.6474615595903,546.6671747965119,481.5516587034043,425.5643312120977,369.3467205756672,336.6674917481639,299.4077487307234,299.9766657591887,362.49827585796874,408.67835763592865,439.9147644714826,470.3700670748512,506.67642534461777,534.4202466224498,489.52425884730167,471.8315377335432,414.01086942253096,381.10497241573745,338.6930763980864,263.60007587252323,200.08498194517247,21.93171219946131,21.18962010041709,11.31370849898476,21.470910553583888,16.55294535724685,12.529964086141668,18.601075237738275,12.041594578792296,13.45362404707371,15.132745950421556,26.92582403567252,344.5228584578968,351.7456467392312,389.61006147172327,350.39549083856656,337.0534082308025,350.2013706426632,342.9402280281507,303.37105992497044,255.21951336055793,233.66856870362344,212.55117030964567,232.1572742775897,250.80071770232237,310.8858311341963,345.77593901253454,390.00512817141265,375.981382517805,389.48684188300894,375.6447790133652,359.44679717588247,347.90803382503253,318.44151739369664,289.1816038409082,239.38462774372127,222.69710370815332,245.05101509685693,5.0,252.43811122728675,275.0163631495406,283.8538356267183,293.7515957403466,293.6153946917634,296.8972886369965,265.2112365643658,266.6477076593759,225.5593048402127,185.77943912069497,137.78606605894515,116.76472069936192,96.0260381354974,103.39245620450264,122.09013064126027,150.56227947264878,198.7259419401503,205.23157651784484,237.15395843207003,260.84861510078986,260.0,266.6477076593759,266.8126683649035,245.93495074917675,231.22499864850255,196.562967010574,0.0,0.0,0.0,0.0,0.0
2025-06-01 18:44:24.275,0,0.0,0.0,0.0,0.0,0.0,0.0,45.65084884205331,105.11898020814318,236.00847442411893,361.26029397098154,473.7298808392816,555.0063062704784,638.2264488408483,700.6604027629933,775.4031209635411,799.35786729099,799.801225305388,797.8076209212344,735.7309290766564,683.5451704167033,571.8190273154611,451.42551988118703,309.7256850827842,153.22206107476822,95.0789145920377,229.85647695899283,405.5712021334848,562.297074507773,739.8621493224261,866.136825218741,975.2538131173852,1048.7831043642914,2.23606797749979,1098.929024095733,1082.2000739234866,1002.0184629037532,911.4428122487992,779.2541305633227,655.2289676136121,494.2428552847274,370.8153179144573,352.42304124446804,424.2511048895454,635.6665792693525,828.7683632958006,1074.9627900536836,1110.272489076443,1223.6110493126482,1301.3608262123153,1335.738372586488,1312.756641575277,1256.5560075062313,1155.154102273805,1054.6819425779508,850.1323426384859,769.8324493030935,671.2525605165316,647.7908613125072,735.9653524453444,16.76305461424021,20.248456731316587,14.866068747318506,20.8806130178211,8.246211251235321,24.596747752497688,15.0,24.331050121192877,6.4031242374328485,21.213203435596427,10.44030650891055,881.4017245274711,682.3877197019301,536.0485052679468,438.7994986323481,430.0290687848904,547.1544571690886,760.381483204319,951.079912520499,1150.9274521011305,1310.576209153821,1482.4064894623202,1583.806175010061,1643.876516043708,1663.3616564054853,1627.148733214023,1537.85597505098,1424.37073825602,1276.4799254199029,1117.177246456443,932.4231871848748,782.3074843052443,888.1441324469807,937.620925534408,1086.989420371698,1264.089000031248,1491.5377970403565,23.323807579381203,1799.1222860050398,1898.6352993663631,1894.3286409701984,1921.7588298223063,1822.9769609076247,1723.586957481403,1551.5572822168056,1396.3914207699788,1248.5435515031104,1065.7729589363769,916.2586970937848,824.1808054061925,794.4532711242367,865.2444741227765,944.48769182028,1053.169027269602,1154.4288631180357,1232.6528302810975,1282.9392035478531,1329.045522169952,1333.4504115264278,1278.0618138415684,1230.4576384418929,1170.4529037940829,1067.73826380813,1004.1404284262236,8.0,6.4031242374328485,18.68154169226941,15.811388300841896,0.0,0.0,0.0,128.0,3.605551275463989,26.570660511172846,18.973665961010276,1075.9967472069793,1019.3846182869348,961.1685596189672,903.467210251706,816.4000244977948,742.4183456784995,716.5870498411201,732.4656988555846,716.601004743923,724.439783556922,789.3541663917408,841.370310861989,849.0583018850944,880.2647329070954,881.2905309828309,866.4923542651718,859.9360441335158,778.8157676883538,742.3078876045977,692.4658836361543,669.7059056033477,633.142164130616,657.8426863620208,643.8547972951666,671.1877531659826,718.2047061945501,22.84731931759173,795.1477850060327,815.201202158093,838.4748058230491,858.2365641243678,825.9782079449797,647.5137064186364,579.7732315310875,515.842030082854,454.4931242604227,393.45139471096047,377.2227458677432,355.7316404257569,360.25130117738644,400.4460013534908,456.9212185924396,508.42206875783825,541.7647090758127,567.5632123385025,570.3165787525381,567.8256774750504,525.7604017040462,487.2299251893299,452.47430866293394,375.7778599119432,287.6803781977492,190.06577808748213,10.63014581273465,15.524174696260024,10.04987562112089,25.0,18.384776310850235,11.0,14.7648230602334,5.385164807134504,12.041594578792296,13.92838827718412,13.601470508735444,367.947007054005,371.38928363645607,377.11536696347974,364.3295211755424,335.9345174286203,316.07752213657966,322.0636583037583,216.92625475031832,191.98176996788,152.16109883935513,171.95929750961415,249.9059823213522,242.53865671269807,288.47530223573733,347.28662513837185,340.6347016967003,348.0488471464889,396.2890359321085,395.58816969166304,356.4323217666995,340.64204085814185,311.9246703933499,256.8890811225732,233.43093196918016,205.0219500443794,225.10886255321003,14.422205101855956,244.72433471152803,270.675081970986,294.8219801846531,299.0066888883926,302.2201184567301,303.27874966769434,270.6806236138819,256.90854403853524,215.52262062252305,185.72291188757515,165.33904560024533,121.46192819151192,90.02777349240623,93.60021367496978,102.41581909060729,157.07959765672945,198.66806487203723,220.61958208645035,232.69078194032525,252.05158202241063,257.18670261115756,263.1387466717891,266.6927070618917,253.63950796356627,215.17667159801505,201.64572894063488,0.0,0.0,0.0,0.0,0.0
2025-06-01 18:44:24.277,0,0.0,0.0,0.0,0.0,0.0,0.0,231.7088690577035,118.3427226321923,40.049968789001575,112.36102527122117,246.75899173079793,375.8097923152083,480.67660646218263,591.4702021234882,673.3795363686069,733.0109139705902,799.6380431170093,832.3713113749176,820.2249691395648,810.6275346914882,759.0,639.9531232832605,556.8213357981176,401.7822793503965,255.53864678361276,126.24579200908045,200.26232796010336,353.9901128562774,495.90321636383845,680.4895296769819,835.4070863956086,946.512017884612,29.154759474226505,1093.994972566145,1116.0878101654905,1115.7172580900592,1023.7265259824032,927.6987657639736,841.2752225045024,669.3616361877935,545.3631817422221,420.3046514137097,379.49044783762344,435.6432026326131,676.6720032630285,793.0832238800667,1010.6933263854075,1177.718557211357,1288.376109682262,1331.4187921161397,1362.2749355398123,1399.1568889870784,1241.6923934694937,1158.2832123448911,1000.3539373641712,823.1706991869912,690.4990948582047,587.6061606212106,642.9626738777299,30.80584360149873,13.601470508735444,7.0710678118654755,20.615528128088304,10.04987562112089,13.038404810405298,11.180339887498947,15.033296378372908,3.1622776601683795,15.297058540778355,15.297058540778355,996.4436762808022,861.3646150150353,666.2769694353843,477.9089871513194,352.4953900407777,366.30588310863914,539.1864241614397,739.6228768771285,939.768588536561,1148.4742051957458,1309.7335606908755,1464.9617742453213,1562.8960298113243,1622.0188038367496,1664.074818029526,1587.2800635048625,1510.8716027512066,1386.7213130258003,1234.341929936758,1002.8265054335172,859.9360441335158,901.113200435994,858.1678157563356,948.905158590678,1132.9276234605634,1369.445143114539,25.942243542145693,1724.8701400395337,1851.4000108026355,1956.0623711937203,1943.214862026328,1916.2695530639733,1814.0259094070293,1703.814837357628,1546.7750321232884,1345.7507198586222,1126.194476988766,1027.825374273276,877.2280205283002,837.4705964987667,866.2776691107765,964.2416709518418,1077.2766589878386,1128.5304603775655,1265.4200883501098,1308.6451008581355,1367.522211885423,1321.6145428981931,1339.8880550254937,1276.4501557052668,1218.020114776435,1155.3086167773529,1047.1771578868593,24.08318915758459,19.72308292331602,12.0,24.839484696748443,0.0,0.0,0.0,128.0,2.23606797749979,5.0990195135927845,20.615528128088304,1103.525260245546,1058.2041390960442,966.3177531226464,903.6027888403178,820.3145738069024,721.2336653262936,712.3594598234798,699.5441372779848,692.8260965061868,693.9812677587198,751.3787327307049,803.2135457025112,800.7427801735087,859.1792595262062,829.6818667417048,821.4840229730582,829.2611168986522,769.4991877838469,745.5521443869637,667.0832032063167,653.6336894622247,643.8672223370281,630.0134919190223,613.4900162186831,625.0127998689306,691.9342454308791,10.198039027185567,737.722169925779,773.5321583489597,759.0520403766793,763.4428596823733,741.9332854104875,573.846669416143,494.8130960271767,470.2137811676727,427.60729647656854,386.87465670420954,366.77240899500606,353.57743140647426,381.6084380618437,432.7609039643022,466.624045672745,518.0154437852216,507.11931534896206,546.517154351078,556.0035971106662,512.8781531709067,466.1351735280229,389.2775359560323,352.8994190984168,285.0438562747845,213.00938946440832,151.79591562357663,28.178005607210743,11.40175425099138,4.242640687119285,9.848857801796104,21.0,22.825424421026653,7.0710678118654755,12.529964086141668,7.810249675906654,8.246211251235321,10.770329614269007,356.1811336946414,356.5613551690648,353.1600203873592,346.77081768799405,321.33782846095164,260.4496112494699,234.23279018958897,207.23899247004653,173.6663467687393,147.13938969562162,180.2359564570843,244.63237725207185,302.31275196392227,302.31275196392227,365.44356609468446,338.3208536286228,372.16259887312697,362.7630080369276,358.42014452315595,320.0390601161052,301.37020423392886,290.4410439314664,247.7761086142084,242.49536078036627,223.4390297150433,232.0021551624036,27.51363298439521,281.966310044303,297.89259809535383,291.1528808031959,286.29530209208815,290.1465147128257,262.37377917772193,239.70815588961503,206.08736011701444,178.70926109186397,134.18271125595876,132.83448347473634,127.12198865656563,120.7683733433551,157.00318468107582,179.98055450520204,207.56203891848816,248.65236777477105,268.1510768205118,245.2305038122297,255.8378392654222,250.3197954617253,252.29546171106605,209.05740838343905,196.74348782107123,156.1569723067145,120.61923561356208,0.0,0.0,0.0,0.0,0.0
2025-06-01 18:44:24.282,0,0.0,0.0,0.0,0.0,0.0,0.0,268.32815729997475,152.3975065412817,54.405882034941776,116.69190203266037,238.65037188322168,363.8296304590927,500.89919145472777,596.3430220938282,694.8294754830138,777.9852183685755,834.640641234298,852.2118281272561,852.3103894708781,842.9976275174207,789.3947048213587,707.9668071315208,604.4766331298506,452.8807790136384,276.4217791708895,136.48809471891678,176.70880000724355,336.3108680967655,520.4699799219932,691.4520952314773,848.1774578471183,954.7711767748332,8.06225774829855,1128.8578298439534,1168.2850679521673,1140.2056831993075,1090.0004587155,1004.7054294667666,904.1841626571436,707.7697365669148,556.9955116515752,466.9496760894048,358.11311062288684,529.0302448820861,694.8740893140282,797.468494675495,1000.425909300634,1187.4902104859643,1323.4054556333067,1424.4118084318172,1403.5102422141422,1402.7758195805914,1312.4012343791817,1194.167492439817,1039.502284749774,859.3282259998214,765.5612320383001,655.1717332119877,647.6951443387545,12.206555615733702,7.615773105863909,6.324555320336759,1.0,18.24828759089466,21.470910553583888,3.0,19.4164878389476,22.47220505424423,9.433981132056603,37.656340767525464,1064.76147563668,864.2522779836916,701.09699756881,523.2064602047647,390.9577982340293,409.18088909429775,566.8791758390847,763.1677404083587,987.1317034722368,1210.8848004661716,1365.5431153940178,1509.8854261168296,1604.9227395734663,1662.7823068579964,1622.0237359545636,1652.5065809248688,1508.4087642280524,1399.9703568290297,1198.112265190537,1033.202787452686,844.0290279368359,887.7567234327206,864.22335076067,976.6073929681262,1168.3377080279486,1344.6999665352862,15.0,1722.7187814614433,1862.4513416462723,1886.501789026451,1962.9391228461468,1840.0635858578369,1799.769429677035,1639.2720945590454,1473.2063670782854,1283.4691270147482,1107.82309056997,949.7583903288246,822.5843421801803,789.6283936130969,805.8120128168853,913.4079044983134,991.8891067049784,1147.4410660247436,1206.354011059772,1316.0,1306.5224835417107,1333.3660412654883,1286.353372911192,1257.5933364963414,1195.1673522984136,1090.6236747842952,1001.896202208592,24.08318915758459,17.46424919657298,20.0,18.439088914585778,0.0,0.0,0.0,128.0,6.082762530298219,13.41640786499874,26.87005768508881,1116.849587008027,1024.978048545431,955.4396893577324,869.7413408594534,839.7297184213502,707.5090105433287,683.7755479687761,665.3675675895241,701.8981407583296,735.0108842731514,777.3351915358007,828.8703155500262,850.4781008350539,887.8744280583826,862.2070516993003,885.514539688649,851.3389454265557,822.7375037033379,780.0801240898271,742.3543628214223,688.2819189837838,661.9373082097729,609.6359569447983,607.6224156497191,616.0779171500956,666.3647649748597,9.219544457292889,749.6005602986166,761.1681811531536,774.6031241868316,788.7420364098772,763.7447217493552,600.0,555.1153033379642,481.20889434839,450.3620765561861,401.3826104853074,368.9728987337688,394.4629260146002,375.5862084794914,412.98910397248983,468.6533900442842,503.2385120397683,505.0356423065603,529.4827664806476,521.4642844912775,515.139786854015,506.01383380299,442.4047920174464,379.51152815164915,325.97699305319077,250.0,203.11819219360927,15.620499351813308,17.029386365926403,16.0312195418814,16.401219466856727,16.15549442140351,15.297058540778355,11.40175425099138,19.209372712298546,15.264337522473747,12.206555615733702,6.708203932499369,360.8004988910076,352.75062012702404,339.7793401606401,323.60778729814274,316.24357700987383,273.70787347096905,222.79138223908032,224.66419385384935,236.07202290826416,186.5502613238588,268.36542251191753,262.497619036821,311.35349684883903,335.2327549628765,380.0328933131973,366.7219655270188,354.0183611057483,345.3983207834109,351.6205340989061,320.14059411452337,306.6349621292393,265.81948762270986,276.3548443577568,250.01799935204664,249.6337316950576,259.0019304947359,15.811388300841896,269.2248131209306,288.7299776607895,274.98545416076104,293.027302482209,253.03161857759991,253.4324367558344,215.8633827215723,202.2992832414391,159.53056133543816,127.283148923964,147.2582765076381,145.8800877433243,151.32745950421557,176.30938715791623,208.94257584322065,220.9547464980103,255.15877409957903,254.95097567963924,275.7970268150112,260.4496112494699,240.01041644062033,251.34040662018512,213.02582003128165,166.19265928433782,132.09844813622905,94.79451460923254,0.0,0.0,0.0,0.0,0.0
2025-06-01 18:44:24.287,0,0.0,0.0,0.0,0.0,0.0,0.0,116.9700816448377,43.86342439892262,142.5938287584705,275.7698315624826,407.0196555450363,518.683911452823,614.4688763476959,703.9580953437498,766.322386466688,808.4039831668323,829.8102192670322,824.3846189734498,816.2707884029662,750.8408619674345,672.402409275874,566.9726624802998,453.6540532167656,292.3850201361212,102.61578825892242,124.7397290361014,298.73901653449957,478.5530273647843,633.6221271388807,808.9406653148301,936.7112682144908,1044.2092702135908,15.0,1127.347328909773,1135.4505713592291,1104.2943448193512,972.0329212531848,885.5534992308483,760.3380826974275,594.6301371440906,419.9523782525823,358.35736353534026,337.31291110777244,515.4541686706976,707.3082779099931,893.6777942860615,1042.5785342121717,1200.590271491486,1351.1731939318513,1423.7106447589692,1369.0178961576798,1311.6725963440724,1299.4044789825837,1148.2342966485542,951.3448375851945,830.6557650434986,674.9829627479496,631.534638796638,687.8052049817594,25.0,8.0,14.212670403551895,10.816653826391969,23.70653918225939,8.246211251235321,23.43074902771996,7.0,8.602325267042627,8.94427190999916,13.601470508735444,924.8205231286772,762.3155514614666,563.489130329947,412.6330088589617,356.0407280073447,447.3209138862166,648.72567391772,843.182661112051,1036.411115339854,1206.6188296226776,1405.503824256626,1499.184444956657,1590.5473900516135,1594.771770505109,1600.382766715513,1527.432486233025,1426.9611066879154,1282.4262162011505,1102.9691745465964,914.9994535517494,748.124321219408,826.9879080131705,876.4274071479052,1008.5524279877573,1201.4095887747858,1451.215008191412,14.212670403551895,1735.496758856092,1820.8198702782215,1873.7152932075887,1865.798756565134,1807.0971196922428,1676.5208021375695,1520.7136482586063,1367.8691457884413,1197.6485294108618,1010.3588471429348,884.7790684685076,794.7987166572427,783.5776923828294,812.9138945792475,915.8018344598356,1016.305564286647,1116.8473485664906,1211.4660540023397,1261.4285552499591,1298.0928318113463,1269.8681033871194,1251.1262925860042,1200.5019783407272,1144.923141525229,1048.7869183013297,958.522300210068,21.095023109728988,25.61249694973139,8.602325267042627,13.601470508735444,0.0,0.0,0.0,128.0,15.811388300841896,16.278820596099706,17.204650534085253,1046.3713489961392,1007.1032717651154,939.3189021839175,834.0797323997268,741.2219640566515,686.3541359968627,656.0922191277687,638.0360491382912,665.3908625762756,677.4806270292901,756.7046980163398,830.3041611361465,854.2722048621271,881.6178310356478,902.2161603518306,901.2713242969622,858.3938489993973,838.0954599566805,773.2373503653325,688.8954927998876,633.6221271388807,592.0616521951072,557.0143624719204,550.2117774093899,573.649718905187,616.3975989570368,28.861739379323623,720.6837031597148,778.8485090182814,819.2740689171115,839.4432678865202,816.1985052669479,646.4131805586889,602.8175511711648,571.4866577620163,491.9288566449422,420.0,385.0467504083108,344.223764432382,351.961645637703,355.4490118146343,396.93072443437785,450.0711054933431,505.0089108124727,532.3016062346609,528.887511669542,553.2883515853193,500.0999900019995,466.0,432.00462960482264,392.8676621968267,330.2029678849056,261.4287665885298,12.529964086141668,3.605551275463989,7.0710678118654755,14.142135623730953,14.0356688476182,2.23606797749979,12.649110640673518,13.038404810405298,1.4142135623730951,21.470910553583888,13.0,364.7807560713695,365.1246362545261,359.5622338344226,359.3466293149276,353.8149233709624,307.9366818032564,289.60662975836726,260.5091169229975,249.46743274423616,256.7975856584325,288.5342267392207,260.7757657452088,299.24738929521175,312.60358283295477,362.926989902928,346.96541614403014,384.66608896548183,378.714932369982,354.5151618760473,327.34080100103625,317.42085627759246,280.94483444263574,245.10609947530887,248.76092940813675,247.3095226634025,249.39326374222705,13.92838827718412,279.4011453090341,290.30328968167066,294.8033242689098,293.945573193406,282.46238687655386,271.57687677709237,246.6576574931336,207.06037766796427,185.60711193270583,152.59423318068085,138.6001443000692,133.64505228402584,145.6193668438371,174.4505660638566,183.35757415498276,211.1421322237701,234.957442955102,260.76809620810593,261.01724080987447,265.452443951831,253.6178227175685,257.6140524117425,232.76812496559748,189.08199279677584,144.05901568454507,122.24974437601088,0.0,0.0,0.0,0.0,0.0
2025-06-01 18:44:24.291,0,0.0,0.0,0.0,0.0,0.0,0.0,102.95630140987,53.907327887774215,141.22322755127783,291.171770609721,384.17834400184506,495.429106936603,586.2763853337434,662.2401377144095,752.2659104332722,782.7962697918277,803.374134510192,819.7426425409379,794.3531960028863,758.2380892569299,663.7424199190526,558.9490137749597,439.84088031923545,272.88275870783775,117.61377470347595,101.87246929372036,287.65604460883486,462.328887265332,644.3267804460714,786.4477096412704,941.981953117999,1019.0706550578326,15.524174696260024,1132.3762625558695,1127.544677607056,1102.9215747277772,988.7901698540496,873.4855465318244,745.1845409024533,585.4989325353207,416.6881327803805,343.14137028344453,367.119871431662,516.9767886472274,714.7566019282368,916.48022346366,1021.4440758064046,1214.1647334690626,1333.993253356253,1370.341928133267,1326.242813364129,1390.9324210758766,1194.2298773686748,1118.8351084945448,948.8229550342888,780.2313759392146,655.8970955874099,606.8475920690466,674.1542850119696,19.1049731745428,9.055385138137416,8.602325267042627,17.26267650163207,22.67156809750927,18.110770276274835,11.180339887498947,27.202941017470888,17.69180601295413,24.08318915758459,6.0,943.3652526990804,758.1899498146886,573.4744981252436,419.0083531386934,371.8400193631665,445.14828989899536,643.7530582451628,843.2532241266558,1045.7705293227573,1228.830338167153,1408.379565316112,1511.8363006622112,1588.2625727504883,1640.825706770832,1606.7996141398592,1553.2974602438517,1430.277245851307,1276.8288843850612,1097.069733426276,925.7699498255492,739.0290927967586,805.9609171665832,853.1148808923684,984.0066056688848,1170.9965841111575,1417.2226360032498,20.248456731316587,1752.0553644220263,1838.3538832335848,1878.8432611583116,1886.4848263370689,1779.0,1687.0592757813818,1534.3666445801016,1372.8514122074537,1208.209005098042,1041.9769671158765,875.2782414752465,777.0057914842076,780.8693872857356,831.3801777766896,910.6640434320442,1016.6007082429168,1128.1032754140908,1218.092361030148,1275.4685413603895,1304.6030047489542,1314.138881549435,1266.515297973143,1220.5212001436107,1169.2476213360453,1045.665816597253,979.0980543336811,13.038404810405298,12.16552506059644,12.206555615733702,23.021728866442675,0.0,0.0,0.0,1152.0,8.06225774829855,13.892443989449804,17.08800749063506,1058.4540613555223,1010.118804893761,933.5614602156624,850.3675675847475,768.4952830043917,689.7427056518974,663.3038519411748,658.1322055635934,688.5673532778039,686.4881645010349,738.4483732800825,815.7708011445371,847.0714255598521,884.182107939309,892.0880001434836,900.7469122900172,881.326840621571,825.9424919448085,770.1460900374682,707.611475316787,648.6578450924648,575.8280993491027,561.4445653846869,557.2082196091511,554.698116095593,628.2778047965725,15.620499351813308,736.4787844873741,813.2219869137823,824.6611425306761,862.9866742887749,844.7182962384561,676.4392064332168,628.3136159594188,603.411965410034,548.2490310068956,477.0041928536897,440.26582878983464,397.9610533708041,362.2154055254967,369.2709032675063,427.8329113100113,466.840443834936,493.5625593579805,529.7433340779287,551.9429318326307,555.2089696681782,557.9184528226325,521.5793324126254,464.24670165764235,422.1717659910478,371.8077460193642,308.9142275778181,23.021728866442675,4.0,18.973665961010276,11.04536101718726,10.295630140987,19.924858845171276,4.47213595499958,10.0,9.055385138137416,9.848857801796104,22.02271554554524,382.099463490856,378.0013227490083,362.8911682584739,364.7094734168555,327.0244639166923,281.1138559374119,275.7861490358064,221.5513484499699,178.67568385205638,224.50167037240504,265.11318337645906,265.7084868798887,319.7624117997611,368.4616669342959,417.7702718001845,340.6537831875642,358.949857222426,361.4484748895754,346.3437598687177,324.7291178813505,301.66372005927394,282.4340631014609,250.12197024651792,242.49536078036627,231.5534495532295,236.68122020980033,13.601470508735444,263.8370709358334,277.0739973364516,291.3365751154496,275.95108262154,270.135151359463,264.43335644354704,229.01964981197577,207.99278833651903,180.13605968822566,151.3968295572929,133.79461872586654,122.24974437601088,129.76902558006668,130.29965464267354,170.03823099526764,201.89601283829256,226.00221237855172,248.47736315407084,253.78928267363852,247.38835865901208,246.89471440271865,252.79438284898657,216.31689716709604,184.85940603604675,150.5257453062432,126.25371281669304,0.0,0.0,0.0,0.0,0.0
2025-06-01 18:44:24.294,0,0.0,0.0,0.0,0.0,0.0,0.0,119.40686747419514,37.16180835212409,145.12063946937388,275.1817581163403,375.9321747336878,488.4588007191599,599.521475845528,669.9014852946663,753.4666548693446,804.3307777276709,803.886807952463,839.2723038442291,801.0305861825752,760.6319740847081,701.171876218663,596.7520423090314,450.4941731032711,293.43653487594213,155.08062419270823,105.30906893520614,261.6447973876033,440.5859734489967,634.9866140321385,773.8281462960623,924.0346313856425,1025.5652100183586,15.0,1138.9280047483248,1141.5813593432576,1081.292744819829,1012.5497518640752,906.7932509673856,747.010709427917,603.7391820977002,455.4031181272258,335.094016658012,305.3604427557702,552.2046722004442,724.0787250016396,893.7796148939625,1113.459922942896,1261.4329153783804,1348.625967420174,1406.1653530079598,1389.0590340226724,1358.634976732161,1258.8534465933674,1162.497311824849,969.3900143904928,800.0999937507811,651.0122886704982,590.7774538690521,637.5264700386957,8.54400374531753,6.324555320336759,7.280109889280518,5.0,9.899494936611664,15.811388300841896,25.70992026436488,16.97056274847714,13.152946437965904,14.422205101855956,20.248456731316587,941.906577108367,742.359751064132,571.0980651341764,395.828245581338,309.1811766586058,373.2680002357555,573.0706762695156,756.246652885155,970.82439194738,1153.5566739436777,1325.127163709204,1461.6268333606906,1536.831155332296,1604.400199451496,1577.571868410438,1552.1356255173064,1448.2296088673231,1291.6694623625658,1133.3428430973568,922.691714496234,780.8693872857356,809.9691352144229,788.0101522188658,926.1932843634744,1128.8011339469854,1315.815336587927,19.1049731745428,1683.2379510930712,1828.191729551362,1850.50506619139,1884.959681266419,1797.318558297332,1742.5845747050555,1611.4670334822242,1438.2020025017348,1243.7531909506806,1081.7213134629455,909.1644515707816,785.282751625171,764.9222182679753,800.8620355591842,909.2661876480396,995.0798962897402,1109.8468362796734,1192.1585465029389,1263.4496428429588,1314.6501435743276,1270.4652691041972,1252.0962423072756,1223.2027632408292,1179.80083064897,1079.1450319581702,979.96938727697,6.082762530298219,15.811388300841896,9.848857801796104,19.72308292331602,0.0,0.0,0.0,128.0,10.770329614269007,5.385164807134504,11.0,1010.6829374239976,955.2533695308276,914.6857383823144,832.8799433291691,727.8200327003922,619.7806063438901,604.3045589766803,576.1466827119635,612.0204244957843,687.0880584029968,715.1237655119567,771.4207671562907,828.2704872202075,848.9817430310266,867.1430101200148,861.293213719927,824.1868720138656,811.0887744260797,738.3291948717726,656.3177584067034,637.295065099362,580.007758568797,516.1637337124723,522.3609862920468,559.1511423577707,566.7892024377317,7.0710678118654755,691.5099420832646,755.7969303986356,789.2274703784708,808.8522732860432,812.8037893612455,659.2184766828066,614.2963454229563,593.1509082855728,519.5093839383462,459.07080063972705,387.62094886628614,367.4901359220408,335.96577206614364,363.45563690772497,411.5786680575173,450.6273404932284,492.5708070927468,512.2206555772619,515.8342757126557,546.1446694787014,509.78034485452656,504.2072986381693,464.94945961899987,406.01600953656987,371.3569711207802,293.09725348423177,17.4928556845359,8.246211251235321,8.48528137423857,15.0,13.0,16.1245154965971,30.528675044947494,12.529964086141668,17.72004514666935,24.041630560342615,29.274562336608895,359.2436499090833,375.50632484686594,366.7219655270188,389.2351474366106,360.0902664610639,307.7174028227848,306.360898288277,269.74246977441277,257.59852484049674,259.6093218665308,264.82069405543064,281.5759222660915,286.90416518412553,332.06324698767855,364.0329655402104,372.61374102413345,377.18032822510776,347.2477501726973,356.23728047468586,310.10482098800077,300.3747659175118,276.739950133695,243.9446658568291,240.05207768315609,237.9243577274088,254.2833065696606,14.866068747318506,289.0847626562147,291.35888522576414,282.70479302622374,289.56001105124994,289.0882218285622,250.0019999920001,230.8354392202376,222.28135324403615,173.4848696572701,144.02777509911067,140.1748907615055,115.83609109426992,125.80143083447024,167.10774967068403,197.00253805471644,214.72074888095935,229.42101037176172,249.96999819978396,275.1817581163403,263.46346995361614,253.17977802344325,242.10121850168372,219.98636321372285,185.4211422680812,156.92354826475216,103.58571330062848,0.0,0.0,0.0,0.0,0.0
2025-06-01 18:44:24.297,0,0.0,0.0,0.0,0.0,0.0,0.0,164.40194646049662,52.80151512977634,119.41942890501528,264.9150807334305,378.8218578698964,504.8762224545735,620.4401663335474,701.0627646651903,787.2293185597193,832.9765903073147,854.9578937000348,884.7604195487047,837.4485058796153,802.7203747258444,737.563556583431,617.6099092469291,516.9235920327104,325.6762195801222,165.5294535724685,109.22453936730518,273.25080054777516,482.94306082601497,633.1413744180678,812.3675276622029,945.9682869948654,1069.9836447348157,6.4031242374328485,1158.4990289162956,1164.60207796483,1145.7962297022975,1056.6650368021078,919.4895322949576,766.5989825195439,604.2929753025431,443.8299223801838,328.10059433045836,325.46735627402023,598.3886696788301,703.9616466825448,945.1290917118148,1110.77810565387,1252.84476292955,1305.8644646363573,1419.9116169677604,1416.2153791002272,1392.0014367808676,1260.024206116692,1131.1277558260165,988.2110098556886,790.3176576541865,672.8149819972798,572.8891690370834,643.8136376312636,15.0,14.866068747318506,13.601470508735444,16.278820596099706,22.47220505424423,27.85677655436824,16.278820596099706,26.476404589747453,12.806248474865695,31.953090617340916,8.06225774829855,962.9620968657074,808.5548837277529,602.5952206913029,414.08211745981015,328.2499047981583,360.0347205478938,565.8639412438293,800.7053140825282,1000.624804809475,1183.9130035606502,1345.951336415994,1501.1319062627374,1585.031545427409,1609.7096011392862,1628.8661700704574,1564.3739962042323,1478.5100608382752,1307.8000611714317,1142.5344633751754,948.5705034418896,756.4390259630977,798.0689193296529,788.4624277668531,941.4101125439432,1136.2433718178513,1365.6401429366376,22.80350850198276,1703.5169503119128,1812.5837911666315,1885.7343397202055,1893.117006420892,1824.2710873113128,1718.2299031270525,1576.2464908763477,1423.0390015737446,1243.4548644804122,1041.6318927529053,884.1142460112268,785.1241939973573,763.3046573944116,812.603839518372,915.5741368125248,1013.7622995554729,1120.1446335183684,1234.734384392044,1298.075498574717,1332.2991405836754,1320.1746096634338,1290.2050224673596,1242.7650622704195,1145.6548345815156,1063.231395322768,986.0081135568814,14.866068747318506,8.602325267042627,10.44030650891055,12.806248474865695,0.0,0.0,0.0,128.0,5.0,11.180339887498947,16.15549442140351,1039.6831248029373,977.9493851933238,897.4525057071265,808.3526458174056,696.4919238584177,615.6273223306451,607.764757122359,599.1009931555781,646.6931266064299,675.6248959296867,768.0052083156728,835.0215566079717,867.7741641694572,886.4671454712803,900.2499652874195,880.1181738834848,876.6675538652038,827.7976805959291,766.7868021816755,689.2096923288296,625.9792328823696,551.2640020897428,528.1855734493323,505.58184302840624,511.2817227321939,581.3957344184768,9.055385138137416,729.8171003751556,805.9460279696153,861.1248457686028,877.3784816144057,866.4040627790246,666.0960891643186,631.1339002145265,578.3424591018716,564.4156269984027,469.1289801323299,411.4328620808017,366.0,336.93322780634145,339.24917096435183,385.3946029720707,440.50085130451225,492.0254058481127,530.2018483558879,546.942410131085,550.5569906921535,532.9784235782909,542.3329235810786,477.3258844856415,440.028408173836,356.07302621793747,318.90437438203946,18.027756377319943,8.06225774829855,2.23606797749979,8.246211251235321,13.0,6.0,4.123105625617661,8.246211251235321,14.0356688476182,5.0,11.180339887498947,341.4805997417716,381.5783012698705,377.9338566469006,355.1351855279902,329.5238989815458,320.73197533142843,325.0,298.82603634890984,253.14817795117543,265.2168923730161,319.4276130831522,271.6265819097976,318.0220118167923,333.86374466239965,362.7698995230999,376.5381786751511,365.47229717175554,341.29898915760066,357.7373338079211,317.83328963467625,306.2972412543084,278.6485241303101,239.54957733212555,266.4000750750645,273.25080054777516,269.3176563094221,17.08800749063506,295.62983611266304,281.02668912400475,292.04280508172087,287.4456470360962,288.17355881482257,245.45875417267155,237.25513693068905,207.21245136332905,187.7471704180918,144.183910336764,144.80676779764127,115.26057435220424,141.4496376806954,178.71765441612084,204.00245096566857,231.22499864850255,259.4532713226025,271.64130760986995,277.35356496717327,276.3837911311009,261.1225765804252,244.47699278255203,234.62523308459387,201.65812654093563,174.56803831171388,114.49017425089367,0.0,0.0,0.0,0.0,0.0
2025-06-01 18:44:24.299,0,0.0,0.0,0.0,0.0,0.0,0.0,120.1665510863984,33.61547262794322,140.80127840328723,276.22635645426743,419.1479452412954,510.31362905570137,622.2668237982803,717.2147516608954,775.0954779896474,848.4833528125346,867.9400900983892,858.3192879109731,827.1886121072993,772.800750517234,699.0028612244731,586.9258896998837,443.4974633523849,288.1336495447902,121.51131634543344,114.28473213863695,306.22867272677126,474.08543533839975,664.0316257528704,806.2760073324766,957.099785811281,1059.0127477986275,2.23606797749979,1151.620163074614,1153.509861249569,1106.47232229279,1025.353109908972,920.011412972687,763.8566619464675,624.7119336142059,439.0466945553742,327.1238297648155,372.5869026146786,546.4521937004188,738.9052713305001,905.6296152401378,1025.1682788693763,1252.009584627849,1335.204853196692,1412.2411267202212,1390.7282265058116,1347.185584839743,1254.422974917153,1098.929024095733,936.2264683291112,756.191113409831,622.4869476543263,557.5033632185549,630.4323912998126,5.656854249492381,21.587033144922906,17.69180601295413,10.44030650891055,23.021728866442675,17.0,23.853720883753127,8.0,20.248456731316587,27.459060435491963,11.180339887498947,943.001590666739,753.3956463903943,571.3160246308518,368.8793840810299,328.4661321963042,390.1845717093386,581.4163740384338,801.24403273909,1028.2120403885572,1191.837656730144,1346.6142729081705,1486.2600714545215,1564.1294703444469,1618.3757289331795,1580.3787520717938,1547.9266778500848,1419.5693008796718,1269.6302611390452,1112.8957722985565,901.346215391178,769.1033740661915,817.4594791180783,827.8870695934319,984.658824161953,1186.494837746882,1391.1869033311089,23.769728648009423,1744.14276938558,1843.4817601484424,1856.233013390291,1880.1542489912897,1796.601792273402,1700.6613419490666,1536.7904866962183,1373.6349587863583,1197.5111690502097,1015.1221601364044,847.4196127067157,759.6051605933177,763.6838351045542,840.1630794078017,944.104337454288,1047.635432772298,1160.0422406102289,1237.9115477286734,1290.559568559313,1319.6745810994466,1307.151483187775,1235.2951064421811,1199.300212624012,1119.129125704447,1005.7121854685862,919.1327434054344,14.560219778561036,15.297058540778355,5.0990195135927845,9.433981132056603,0.0,0.0,0.0,128.0,11.31370849898476,18.24828759089466,5.830951894845301,1029.0432449610655,918.9396062854186,847.6803642883325,718.8525579004362,628.1345397285521,549.0400713973435,543.4353687422268,549.9709083215221,589.9237238830118,635.456528804292,727.0275097958811,780.5030429152727,838.4229243049119,861.9657765828061,849.6046139234414,886.5015510420724,849.3114858519223,791.3918119364137,725.8767112946937,620.4232426336073,558.3233829959122,510.0686228342222,466.5629646682214,448.1305613322974,463.89654018972806,531.0602602341847,11.180339887498947,692.275234281857,779.2079311711349,817.0936298858289,863.45005645955,837.4353706406245,669.0269052885691,640.1327987222651,601.2270785651624,530.08395561458,468.6000426803224,383.4709897762802,338.28981657744293,286.6862396418775,283.8626428398073,334.7416914577567,394.153523389047,446.4448454176619,493.34977450080993,544.720111616966,544.4722215136416,522.2451531608504,500.39984012787215,460.6300033649567,428.02920461108727,380.8674310045426,298.10736320996836,3.605551275463989,0.0,14.0356688476182,9.219544457292889,21.633307652783937,6.4031242374328485,9.433981132056603,10.295630140987,28.0178514522438,12.649110640673518,16.492422502470642,345.8973836269942,356.6791275081849,380.938315216519,375.0653276430654,357.76249104678374,332.13250367887815,318.45407832213425,324.6798423062325,294.89828755013144,255.7381473304286,308.6373276193273,287.43347056318964,311.0401903291599,342.2294551905198,346.38995366494106,366.8787265568829,347.8807266866045,377.0013262576141,346.15170084805305,326.8103425535979,287.1114766079545,265.75364531836624,253.16002844051033,254.1672677588521,257.4373710244882,274.2006564543564,17.08800749063506,280.515596714336,307.19700519373555,311.22017929433815,293.83158441529054,293.5097954072402,270.22398117117586,247.00809703327545,209.61870145576228,189.2353032602532,156.42570121306792,149.40214188558343,121.00413216084812,147.29901561110313,172.93062192682936,217.83020910791964,226.3183598385248,270.2369330791038,270.83020511013905,281.4480413859723,282.3349075123372,264.04734423962685,254.4484230644788,229.5844071360248,204.55317157159897,152.0690632574555,117.04699910719626,0.0,0.0,0.0,0.0,0.0
2025-06-01 18:44:24.303,0,0.0,0.0,0.0,0.0,0.0,0.0,109.14210919713804,50.44799302251776,155.63097378092831,274.46675572826666,389.39054944875073,515.164051540866,609.7548687792497,680.2470139589001,759.7697019492157,796.4784993959347,848.2039848998588,833.7031845926942,829.2918665946266,781.7582746603965,695.5932719628619,585.0213671311502,423.4949822607111,288.20999288713085,131.76494222667878,102.1763181955584,254.37177516383375,484.0258257572627,652.006901803961,816.0196076075623,942.419227308102,1065.2966722936856,15.524174696260024,1170.7694051349308,1179.5083721618937,1113.7957622472802,1019.6023734770334,917.3145589164058,762.3450662265743,595.4829972383762,416.37122859294686,347.1959101141602,333.15011631395237,542.8609398363452,735.7839356767719,966.8634857103664,1098.089704896645,1247.5772521170784,1380.1369497263668,1422.039732215665,1459.7770377698096,1353.6210695759726,1259.5733404609673,1078.7126586816344,961.6756209866194,734.3766063812218,634.6471460583432,550.7122660700413,598.5649505275096,26.87005768508881,5.656854249492381,27.31300056749533,15.652475842498529,8.602325267042627,8.06225774829855,14.560219778561036,9.433981132056603,7.0710678118654755,16.0312195418814,16.15549442140351,976.240236826981,799.0750903388241,581.6751670821095,399.23927662493327,273.0567706540162,355.37304343464206,568.5789303166272,777.551284482252,1023.598554121683,1202.303206350212,1395.937677691952,1533.8921083309608,1626.93392613222,1674.5677054093692,1679.8098106631,1625.5878936557076,1524.5202524072945,1361.1061677914768,1166.87102972008,964.1265477104132,781.7173402195963,822.9441050277959,812.0098521569797,968.0604319979204,1166.609617652795,1413.1146450306146,9.055385138137416,1772.0931126777734,1894.3943623226924,1947.8154430027505,1943.2611764762864,1877.1726079399305,1800.5160371404638,1633.2681959800725,1427.78499782005,1257.60923978794,1080.3244882904396,907.40178531894,806.700068178998,772.984475911386,842.6369324922805,934.2296291597692,1050.1376100302284,1186.9094320966533,1283.2622491135628,1339.15682427414,1369.8164110566058,1360.0562488367898,1322.5346876358292,1254.5732342115386,1188.9129488738863,1092.1524618843289,993.885305254082,12.36931687685298,15.524174696260024,15.811388300841896,6.4031242374328485,0.0,0.0,0.0,128.0,24.413111231467404,10.44030650891055,20.223748416156685,1030.4159354357832,950.2236578827112,874.0692192269443,787.3728468775133,661.6237601537599,584.1386821637478,542.5458505969794,531.9041266995397,596.208017389904,697.5851202541522,716.5479746674329,775.6545622891675,823.4227346873537,859.3544088442206,873.5490827652445,858.5714879961947,831.390401676613,808.0426968916927,747.1505872312489,676.4236837958883,602.7644647787392,546.2352972849704,502.0478064885853,486.58503881644367,531.2419411153453,575.5215026391281,18.027756377319943,741.5025286538138,799.0400490588692,853.239708405557,864.1209406095885,863.973379219522,704.4891766379382,625.706800346616,604.249120810283,528.764597907235,474.768364573715,421.16505078175703,355.0169010061352,327.75753233144775,350.47539143283655,404.6393455906136,463.9525837841622,536.8891878218446,558.3233829959122,572.9336785353083,589.8347226130385,572.6185466783276,568.438211241996,525.9248995816798,455.1098768429444,399.5059448869315,320.8254977398149,25.942243542145693,13.92838827718412,18.601075237738275,6.4031242374328485,13.892443989449804,8.94427190999916,10.63014581273465,4.0,10.44030650891055,18.027756377319943,21.95449840010015,366.072397211262,381.8717062051075,366.95776323713335,387.1136783943445,337.91271062213684,287.75857936819193,270.25358462007495,250.2818411311536,233.9401632896754,246.9109151090733,254.46807265352564,288.00173610587836,288.88232898535,357.6940033045005,381.08266819681,349.4939198326632,355.0464758309819,358.7882383802457,353.88274894377093,311.57984530453825,316.79646462673793,255.66579747787932,228.42942017174585,226.24102192131292,243.38652386687312,225.85836269662457,14.142135623730953,282.207370562854,293.82477771624366,307.7027786679867,298.7206052484495,282.14358046923553,277.90825824361536,260.13265846486865,232.84544230025205,182.45547402037573,162.5607578722491,145.03103116229988,128.4445405612866,141.35416513141735,165.73774464496614,173.21951391226105,219.69296757065305,236.32604596192948,255.4094751570505,274.83813418083014,260.84861510078986,255.27436220662665,248.8453334905037,241.7602117801852,186.77526602845464,165.92166826548,118.94956914591998,0.0,0.0,0.0,0.0,0.0
2025-06-01 18:44:24.305,0,0.0,0.0,0.0,0.0,0.0,0.0,159.53056133543816,29.154759474226505,120.03749414245534,251.05577069647293,370.20264720825537,483.49767321053366,598.2056502575014,681.1615080140685,766.8904745789974,807.0489452319481,850.3675675847475,858.7549126497036,846.0851021026194,781.0377711737121,693.7759004174186,595.2520474555296,478.48092960953,317.653899708472,165.19382555047267,111.19802156513396,261.00766272276377,446.2790606784056,617.3264938426018,785.9681927406477,927.0523178332494,1044.270558811269,12.0,1162.290841399002,1148.3422834677822,1113.0161723892425,1025.4686733391711,898.0924228608101,769.4004159083877,597.126452269534,458.45065165184354,309.4155781469317,364.72455360175576,471.4106490099688,731.4765888256438,941.3123817309532,1054.1394594644487,1252.0231627250353,1263.9276086865102,1403.1368429344302,1441.0065926289165,1315.2224146508454,1189.8373838470534,1119.0031277883006,910.9099845758636,764.9222182679753,605.664098325136,566.664803918507,598.8472259266131,16.64331697709324,19.235384061671343,8.06225774829855,15.556349186104043,9.219544457292889,20.396078054371134,21.02379604162864,26.570660511172846,15.033296378372908,28.0178514522438,20.8806130178211,975.5024346458598,788.5505690822878,566.816548805696,366.896443155286,241.81397809059757,325.8297101247828,556.0440630022049,747.2616676907762,999.5123811139108,1207.2435545489568,1355.2306076826926,1517.8194886085762,1639.3367561303564,1684.6607967184373,1674.1475442743988,1627.1066344895776,1511.5214189683188,1358.1358547656416,1188.8250502071362,961.0541087784808,803.8071908113288,831.5822268423009,829.1200154380547,953.5790475886096,1143.6476730182246,1396.7050511829618,3.1622776601683795,1779.7893133739174,1919.923175546355,1954.9741686272992,1984.320790598133,1901.0870574489743,1821.2657686345503,1654.6374225189031,1492.1461054467825,1284.8708106265003,1100.923248914292,908.5620507153048,812.8000984251909,768.8465386538461,827.4357981136664,959.400854700474,1038.9018240430614,1177.5720784733307,1285.0140077057526,1357.6037713559874,1387.3979241731624,1334.7812554872053,1344.5642416783217,1277.3695628125793,1181.5773355984786,1098.9130993850242,995.8965809761572,11.40175425099138,12.529964086141668,21.633307652783937,19.697715603592208,0.0,0.0,0.0,128.0,14.142135623730953,12.806248474865695,33.12099032335839,1021.6344747511216,946.6197758339936,864.9554901843215,761.396742835166,677.5278592058041,580.1120581404941,544.2104372391253,532.9108743495483,571.1716029355802,593.9730633623043,678.8755408762346,739.0182677038505,795.3571524793123,815.1772813321038,825.136352368504,838.1742062363885,811.2274650182894,772.7897514848395,717.0111575143026,647.8803901955978,619.8338487046348,545.7077972688314,475.88338907761846,474.9578928705154,493.6334672608818,566.1978452802518,18.027756377319943,693.9870315791211,744.1505224079333,760.1348564564054,809.6943867904729,817.6502919953004,659.5771372629588,592.7908568795575,579.3962374748389,498.52783272351,441.1133641140336,368.57156699886656,320.78185734233784,322.4561985758686,331.79813139919884,357.04481511429344,420.83963691648626,453.3001213324347,522.9005641611031,535.6902089827664,546.0338817326266,518.8111409752107,508.90568870862506,465.6393454166003,449.4407636162968,381.0472411657116,299.9549966244937,14.317821063276352,10.295630140987,5.0990195135927845,23.08679276123039,5.0990195135927845,11.180339887498947,11.31370849898476,9.219544457292889,26.92582403567252,15.033296378372908,21.93171219946131,352.4556709715422,347.45359402372,352.35351566289216,334.43235489408016,356.23728047468586,292.52692183797376,303.5951251255527,278.1726082848561,282.9628950940388,220.61958208645035,293.0818998164165,266.58019431308094,330.1938824387878,319.0799272909532,323.88269481403296,346.69871646719434,336.5427164566186,332.9204109092742,332.6409475695979,311.4113035841827,289.9137802864845,289.2006224059692,265.41476974727686,247.48737341529164,226.3647499059869,254.56236956785267,14.560219778561036,294.0612181162283,276.37112729082247,280.81488564533043,289.74644087546613,289.110705439975,277.24537868105216,243.73140954747709,229.24441105510076,204.1665986394445,178.46568297574746,168.5734261382855,152.6106156202772,156.6301375853319,181.8598361376145,208.153789300123,220.77137495608437,236.22446951998856,272.0827080135744,272.97618943783357,286.3930865087354,270.9335711941213,252.1150531007619,219.80445855350615,189.44656238633627,155.4252231782216,123.7618681177688,0.0,0.0,0.0,0.0,0.0
2025-06-01 18:44:24.306,0,0.0,0.0,0.0,0.0,0.0,0.0,177.9100896520487,45.27692569068709,98.00510190801292,236.8459414893994,363.8296304590927,495.3725870493845,597.2269250460834,692.8347566339321,775.8047434760888,853.1213278309247,872.6746243589303,901.641281219976,854.7262719724953,806.0229525267875,727.3630455281599,632.7874840734447,509.0117876827608,352.0184654247558,171.1724276862369,99.20181449953424,259.37810239108467,452.60247458448566,623.2856487999703,788.5917828636055,919.8978204126804,1043.6330772833908,13.601470508735444,1173.2454986063233,1202.086519348753,1133.9246006679632,1061.5144841216252,927.427086082782,793.5924646819676,637.200910231616,478.3565615730592,392.1045778870734,417.0,508.0511785243688,762.4598350077202,920.178243602836,1077.9893320436895,1274.2535069600551,1310.4197800704933,1423.2476945352837,1440.759868958044,1333.2895409475018,1265.5263727003085,1140.0899087352716,947.0005279829574,814.8324981246145,660.4437901895967,580.5049526059188,636.7770410434094,16.492422502470642,21.18962010041709,35.4400902933387,19.235384061671343,19.235384061671343,29.732137494637012,10.04987562112089,7.0,6.082762530298219,17.72004514666935,21.587033144922906,1007.5405699027708,804.1218813090463,617.0980473150114,422.2463735782701,318.15876539866065,354.6505322144604,551.6964745219966,778.3431120013846,1005.951291067316,1225.985725854914,1393.8827066866136,1555.8181127625428,1639.403855064395,1694.7816968565598,1666.9028166032956,1641.6211499612205,1524.819989375795,1402.4995543671307,1219.793835039348,982.652023861957,810.8082387346591,867.7724356074004,832.1568361793346,982.5583952111956,1187.9549654763855,1420.0130281092495,8.94427190999916,1776.278412862128,1925.2025867424968,1944.4014503183232,1997.8878847422843,1894.7559209565752,1824.298221234675,1610.7898683565154,1462.848249135911,1267.2190023827768,1094.4884649917512,895.1161935748901,766.9745758498126,768.600026021337,824.0109222577089,966.2401357840608,1037.9373776871128,1191.3777738400192,1287.4070840258726,1331.4270539537642,1372.800058275057,1408.5457039088224,1328.429147527259,1268.7820931901583,1226.234072271685,1102.9823208011994,1008.247985368679,15.524174696260024,16.0312195418814,18.439088914585778,8.06225774829855,0.0,0.0,0.0,128.0,20.248456731316587,20.518284528683193,20.223748416156685,1050.239020413925,975.2804724795836,916.1577375103044,812.395224013534,720.0006944441095,612.0400313704979,582.1932668796505,588.3918762185624,615.871739893949,666.6340825370393,739.0027063549903,775.7628503608561,802.6207074328446,841.760060824936,858.8282715421052,842.1425057554095,793.0025220640853,784.6578872349401,727.5850465753127,659.0781440770131,614.7259552028041,548.329280633453,505.83099944546694,504.686041019563,510.8209079511135,610.7348033312004,15.0,717.2900389661075,778.879323130355,795.8819007867938,833.0150058672413,800.4405037227939,634.3067081467766,565.2397721321457,548.4715124780867,463.7208211844709,403.7883108758846,343.71208881853426,307.13189349203054,313.6144129340997,324.211350819184,393.4018301940142,448.4863431588525,467.821547173706,494.80198059425754,542.1328250530491,533.8857555694851,532.5579780643607,484.7690171617819,455.7246975971348,385.7784338192066,318.1351913888182,252.1745427278495,13.152946437965904,22.360679774997894,14.212670403551895,17.88854381999832,5.385164807134504,21.095023109728988,7.0710678118654755,15.132745950421556,19.6468827043885,9.219544457292889,12.083045973594572,353.8841618383055,380.2223033963158,377.72476752259706,371.1872842649651,357.23381698825773,322.34298503302347,324.6798423062325,287.1271495348359,253.26863208853953,234.64867355261143,280.2356151526783,270.4533231446787,312.77627787285917,342.54634722910123,374.7665940288702,366.3495598468763,353.84177254812636,352.62586405424094,336.15026401893545,326.2529693351464,309.84028143545186,283.1960451701259,291.04295215655026,249.8259394058191,228.7378412069153,256.7586415293554,10.63014581273465,276.6604416970377,282.4057364856458,277.68327281274975,289.1712295509358,274.85450696686786,271.3595400939499,236.21176939348305,223.14345161801185,202.5561650505854,187.9281777701258,158.4929020492716,151.52887513606112,152.88230767489088,183.3057555015663,222.87440409342656,230.4886114323222,249.56161563830284,281.82263926093657,291.6659047609096,305.3604427557702,280.40149785619906,253.12447530809817,225.7011298155151,203.30272993740147,162.5945878558078,112.61438629233834,0.0,0.0,0.0,0.0,0.0
2025-06-01 18:44:24.311,0,0.0,0.0,0.0,0.0,0.0,0.0,293.8996427354072,183.2075325962336,46.09772228646444,118.68024266911488,259.97692205270835,385.87692338360944,515.9089066879927,629.3528422117437,739.8878293363123,812.0800453157311,867.7614879677479,911.4521380741832,915.5992573173048,895.5026521457097,835.5082285651051,759.2338243255499,625.9912139958516,469.61792981103264,289.110705439975,139.70325694127536,153.05554547287727,329.874218453034,501.8864413390742,696.2083021625066,861.0249706018984,1026.5110812845617,11.6619037896906,1211.7334690434195,1196.7877840285637,1208.0596011786836,1139.063211590999,1057.9451781637838,945.5416437153892,782.2697744384606,609.0558266694442,448.61230477997367,380.2170432792302,436.0791212612684,651.1505202332254,878.2624892365608,1027.455595147547,1276.8089128761594,1378.622863585252,1378.4864888710372,1481.653468257676,1499.9696663599568,1346.2054078037274,1173.870946910264,1108.7876261935826,885.1265446251174,726.0440757970551,601.931889834722,582.0738784724839,12.083045973594572,13.41640786499874,5.830951894845301,9.219544457292889,7.211102550927978,8.94427190999916,21.37755832643195,5.0990195135927845,12.806248474865695,17.11724276862369,7.211102550927978,1077.0668502929611,921.7559329887712,705.730826873816,533.2785388518837,332.93993452273037,298.6000669792289,487.1026585844097,721.7090826641993,938.4007672631136,1133.8236194399904,1333.501031120711,1489.742259587208,1612.755716157906,1671.59714046178,1692.5294679857127,1626.31884942652,1548.894444434481,1396.244247973828,1222.1493362105955,1008.3040216125294,830.6702113354012,846.3994328920595,787.9016436078808,892.6751928893286,1088.6675341903056,1322.9701432761058,20.615528128088304,1729.6048681707623,1814.869967793836,1921.1363824570085,1908.675456959616,1873.9917289038392,1745.06962611811,1588.3579571368666,1423.3088210223389,1261.88628647751,1047.138004276418,887.2113615142673,758.5545464895719,754.0676362237011,794.547040772288,889.5504482602435,1030.887481736004,1129.4675736823965,1242.5332993525767,1296.2052306637247,1332.3576847078266,1369.0178961576798,1303.7841078951683,1225.0391830468118,1152.9687766804443,1062.665516519662,967.1323590905228,8.06225774829855,12.727922061357855,31.25699921617557,6.0,0.0,0.0,0.0,128.0,25.632011235952593,9.0,18.867962264113206,979.7657883392336,939.5371200756254,835.3448389737019,744.3634864768691,635.4982297378963,546.393631002412,549.8454328263534,553.9936822744462,595.7784823237577,627.0924971644932,713.6399652485838,781.6092374070306,805.9509910658339,818.015281030862,834.0365699416303,814.363555176679,803.3181188047485,740.9649114499282,656.9117140072934,584.6067054011611,541.2023651093923,503.3458055849875,492.2154000028849,462.01839790207487,496.6135318333563,533.5288183406778,23.194827009486403,688.7670143089026,716.4167781396525,734.9136003640156,779.2060061370164,762.5667183925614,573.7813172280883,514.8834819646091,466.4386347634595,409.9560952102066,372.5815347007954,313.63673254260254,284.7542800380707,274.2735860413831,299.93332592427936,356.092684564005,412.0436870041816,430.73193519868016,485.3339056773182,505.3197007835733,495.1817848023087,497.54798763536365,462.5721565334429,411.42800099166806,365.8920605861789,318.2153358969363,240.4828476211973,10.04987562112089,5.0,9.055385138137416,26.248809496813376,18.35755975068582,10.0,17.08800749063506,6.0,18.973665961010276,2.23606797749979,12.206555615733702,371.258669932434,391.89411835341446,378.714932369982,384.7206778950152,360.83929941180185,313.07666792656397,289.69811873741946,310.2337828154761,296.0439156611735,226.11943746613204,285.72714256787015,287.8350221915325,303.08084729985825,421.9253488473998,381.7603960601466,367.6914467321752,364.7930920398576,370.1378121727095,362.27061708065696,319.97656164163027,287.8367592924851,278.3415168457627,258.21309029559285,257.30332294783915,267.02996086581743,284.20063335608523,8.0,322.0993635510632,328.219438790575,327.438543852125,320.97507691408066,326.2207841324645,290.6578744847626,270.6806236138819,242.9588442514493,218.44221203787512,181.27603261324975,182.5267103741258,178.35358140502814,219.73848092675985,221.6506259860323,234.4013651837378,272.0018382290826,306.4718584144391,308.41530441921975,296.94780686174465,306.0588178765644,298.37727795527593,260.9674309181128,229.85647695899283,199.24858845171275,153.93829932800998,108.18964830333816,0.0,0.0,0.0,0.0,0.0
2025-06-01 18:44:24.317,0,0.0,0.0,0.0,0.0,0.0,0.0,259.8249410660955,155.7562197795003,13.601470508735444,141.40014144264495,275.5884612969128,416.1838536031882,511.40786071393154,638.3243689535909,736.514086762772,796.8594606328019,843.7849252030994,883.7250703697389,872.8802896159358,875.4615925327621,810.0382707008355,728.7228554121244,591.7989523478392,437.5397124833356,286.6810073932349,127.40486646906388,166.7213243709394,339.42598604113977,513.0613998343669,702.0498557794881,872.6723325509982,1004.1553664647718,8.94427190999916,1181.2048933186825,1196.4288528784318,1198.5845819131832,1127.956116167646,1014.8660010070296,906.942666324614,747.5834401590233,586.7648592068206,440.75957164876183,369.94323888942745,461.5993934138129,663.6783859671791,888.1666510289609,1053.0432089900205,1280.9192011988891,1339.6872769418987,1442.001386961885,1419.618610754311,1407.3070027538413,1292.7973545765012,1259.3347450142078,1062.8156001865989,897.6692041058332,703.3953369194311,611.7164375754505,624.832777629343,12.806248474865695,6.4031242374328485,3.0,5.830951894845301,12.041594578792296,8.0,22.360679774997894,7.0710678118654755,10.63014581273465,7.615773105863909,13.45362404707371,1014.0300784493523,867.9982718876806,659.8014852969035,469.08634599612895,327.7392256047481,364.6601157242179,536.7951192028482,748.6848469149085,974.3536319016828,1172.5297437591937,1346.7327129018586,1485.1026900521051,1599.4755390439705,1649.6896677860354,1644.6656195105436,1604.616153477211,1498.412826960581,1377.6011759576863,1180.647280096812,958.426314329902,795.3892129014574,857.1680115356615,841.2044935685972,958.461788492374,1148.7423557961115,1360.7248068584624,29.68164415931166,1734.5100172671243,1823.5473670842773,1854.657111166374,1897.6011172003457,1812.1216846558625,1726.1937898161957,1552.3946018973395,1375.0149090100806,1207.271717551604,1012.4411093984676,838.0531009428937,758.6099129328591,742.0431254313997,804.8975090034755,901.4233189794904,1034.254320754813,1152.4617130299816,1206.562472481222,1273.235641976771,1324.8524446141162,1272.9257637427252,1268.921589382102,1196.7171762785056,1127.319386864255,1020.886869344493,932.3529374652068,10.816653826391969,15.0,6.082762530298219,2.0,0.0,0.0,0.0,128.0,10.0,14.317821063276352,23.853720883753127,968.7620966986684,883.8246432409542,808.2004701805116,707.8001130262696,626.7830565674219,550.1454353168806,564.2783001321245,572.4770737767583,602.7569991298318,635.0118109137813,710.4984166062582,770.673731224829,799.6461717534825,815.1417054721222,822.2876625609799,818.9993894991619,769.8986946345603,739.2171534806264,630.6417366460929,583.6822765854724,517.6997199149329,488.1475186867183,456.9562342281808,451.7012286899384,476.11448203137024,572.4508712544684,8.246211251235321,686.4823377188957,721.5608082483416,750.1499850029993,766.3158617698057,776.0315715227055,588.715551009144,519.1387097876636,476.94444120882673,440.4781492877938,364.85613603172413,318.30802691732424,273.2398214023717,278.29660436304283,325.64090652127845,355.5784020437687,415.6500932274646,457.2810951701371,491.5221256464453,505.9496022332659,497.94075952868127,483.0207034900264,431.0568407994472,409.4410824526528,345.48806057518107,275.94383486499567,239.409690697766,4.123105625617661,19.026297590440446,9.486832980505138,8.06225774829855,5.385164807134504,6.082762530298219,4.0,5.830951894845301,5.830951894845301,14.0356688476182,19.924858845171276,357.33737559902687,394.1826987578222,380.0447342090139,386.80356771881,361.4194239384486,312.11696525501463,291.23530005821755,274.33191575170395,252.29347989989753,303.3891889965758,281.4977797425763,296.24314338056837,333.8562564937192,390.9015221254581,424.062495394252,362.0966721747108,374.4783037774018,375.40644640176333,359.6512199339799,315.69605635801025,319.6513725920788,285.5906160923359,238.53301658261063,250.4595775769016,281.7534383108749,264.50330810785715,8.06225774829855,324.49961479175903,324.5751068705054,312.4163888146715,317.29008808974794,300.83217912982644,273.3587386567329,253.71243564319033,224.0557966221807,218.32544515012444,160.3277892319357,159.13830462839547,174.7741399635541,197.36261044078233,225.24875138388668,222.08106627986095,270.27578507887085,282.8745304901097,296.24314338056837,294.61330587738223,289.21445330411825,284.8596145472362,269.2582403567252,231.32012450281968,186.45374761586316,143.61058456812992,109.04127658827184,0.0,0.0,0.0,0.0,0.0
2025-06-01 18:44:24.318,0,0.0,0.0,0.0,0.0,0.0,0.0,7.0,123.68508398347798,255.03333115496883,376.8527563916708,489.8203752397403,606.2227313455014,703.2304032107827,756.4925644049649,802.8530376102466,832.5917366873155,828.3791402491977,799.8931178601301,779.0102695086888,709.6618913257214,613.5772160046362,473.2451795845363,306.7409330363328,142.00352108310554,104.04326023342406,229.43626565998673,425.68767893844426,582.8353112157841,747.4008295419534,895.7505233043406,1008.8077121037488,1094.753396888998,23.853720883753127,1164.8802513563355,1094.9018220826924,1050.3204272982605,950.718675529202,835.5333625894301,652.0506115325711,495.01616135233405,366.5092086155544,373.4983266361444,488.78829773225954,740.875833051666,898.7513560490465,1007.0124130317362,1176.632907919883,1330.410838801308,1482.7248564720294,1475.6683231675063,1416.5345036390747,1303.7561121620868,1135.6394674367389,993.1127831218364,842.8196722905797,698.0866708367952,601.0074874741579,621.5955276544387,763.560737597213,15.033296378372908,1.0,6.082762530298219,4.0,15.0,24.0,7.211102550927978,8.246211251235321,16.15549442140351,7.615773105863909,24.331050121192877,859.8709205456363,678.0980755023568,478.5645202060011,317.9842763408279,298.30353668704635,470.67292252688594,696.3368437760564,901.0615961187116,1098.1293184320325,1265.2213245120397,1450.570232701609,1557.7641028088944,1612.9826409481288,1647.9836164234157,1614.004956621881,1528.4665518093616,1399.7017539461756,1244.813640670763,1079.444764682288,881.2945024224308,736.1963053425357,812.5176921150702,832.1658488546619,1016.0634822687016,1219.0557821527282,1428.3574482600636,19.849433241279208,1770.6928022669545,1860.846312837253,1915.9772963164255,1861.564127286514,1812.8885790362297,1694.3756962374075,1531.031351736469,1369.7722438420192,1141.3294879218709,971.2306626131611,838.4330623251924,767.9127554611918,753.7758287448596,815.9148239859354,953.6797156278412,1063.2840636443302,1163.551889689497,1257.7122087345738,1308.0649830952589,1349.1704858912385,1334.7366781504134,1315.4847015454038,1252.8148306912717,1177.0853834790405,1096.467053768603,979.8168196147686,24.186773244895647,5.385164807134504,19.313207915827967,11.704699910719626,0.0,0.0,0.0,128.0,7.211102550927978,5.385164807134504,20.223748416156685,1066.0469032833405,981.453004478564,899.5154251039834,849.0959898621592,737.2875965320453,638.2264488408483,606.0825026347486,620.519943273381,614.4151690835765,661.1051353604811,702.8684087366568,744.7227672093824,774.1446893184761,788.2290276309291,808.7570710664606,795.0345904424537,785.1241939973573,734.1859437499468,696.9512178050915,645.1852447165852,609.5834643426608,540.1666409544373,495.5007568107238,503.5255703536813,525.6805113374472,560.0946348609314,8.94427190999916,654.9480895460342,681.449191062694,703.4912934784624,726.1542535852833,710.9711667852642,586.3104979445618,547.1791297189615,493.66891739302366,448.1305613322974,393.8375299536599,306.88760157425713,308.92393885874236,291.9075196016711,297.95301643044326,336.29154018500077,425.80042273346794,436.5879063831246,466.00965655230794,491.9806906779981,485.3256638588155,485.9897118252608,464.4308344630016,428.1366604251498,383.00522189651673,318.0440221101475,252.6064132202506,22.0,20.248456731316587,15.033296378372908,9.0,33.54101966249684,10.04987562112089,7.280109889280518,12.041594578792296,16.1245154965971,12.36931687685298,11.04536101718726,360.04999652825995,343.6568055487917,358.42014452315595,365.3833603217311,366.55422518366913,348.9068643635433,322.21886971436044,240.01874926763537,289.0069203323685,243.02263269086689,203.0492551082126,279.0286723618202,292.18145047213386,326.84093990808435,320.5807230636303,326.663435358168,329.82571155081285,353.62409420173844,348.9068643635433,324.4456811239749,306.1633550900565,293.65626163935275,268.71546289709494,233.49946466748057,227.01982292302145,248.20354550247663,15.297058540778355,250.44959572736389,259.0694887477103,278.5821243367923,284.42925306655786,271.1309646646801,280.4514218184675,257.51310646256434,231.67218218853984,212.93426215618751,187.9680823969857,163.1502375113196,145.4269576110289,151.7893276880822,137.2443077143821,174.77127910500627,207.4246851269154,222.72853431924705,264.78104161740885,269.675731203236,280.6153951585693,284.0281676172277,271.31162894354526,278.15283568570715,249.1766441703556,201.61349161204464,173.24260445975753,0.0,0.0,0.0,0.0,0.0
2025-06-01 18:44:24.324,0,0.0,0.0,0.0,0.0,0.0,0.0,161.89502771858065,39.0,110.47624178980746,255.64428411368797,398.2825630127435,518.2759882533629,623.3081100066001,722.6672816725551,792.1881089741249,844.8076704197234,890.4184409590807,899.6049132813804,854.1246981559543,796.2694267645845,730.3923603105388,609.530967219878,470.2084644070117,332.27699288394916,156.0833110873805,121.01652779682615,284.01584462842914,468.3641745479686,655.0366401965618,809.3021685378088,969.1465317484244,1068.6107804060373,15.0,1177.0955781074024,1174.1537378043813,1156.5660378897524,1050.0519034790614,927.834575773074,825.4029319065932,612.2172816900876,519.2301994298867,381.74467907228257,434.4007366476259,637.5899936479556,771.9132075563936,948.3696536688634,1228.9719280764716,1324.3715490752586,1452.3997383640635,1445.552143646157,1478.246596478409,1413.5381140952657,1357.197111697487,1193.539693516726,1041.7048526334129,852.0657251644383,647.9706783489512,621.342095789429,665.8663529568076,3.605551275463989,13.038404810405298,10.198039027185567,4.123105625617661,13.152946437965904,11.04536101718726,18.35755975068582,16.0,13.0,12.529964086141668,25.61249694973139,1022.2494803129028,831.0385069297331,636.1485675532092,442.6511041441103,351.0270644836378,440.50539156745856,643.8547972951666,884.4840303815553,1085.2211756135243,1298.4798804756276,1484.2132596092786,1597.4658055808268,1690.8583618978853,1713.9641186442614,1697.3346753071417,1659.145864594189,1497.6077590610969,1362.9031513647622,1174.1763070339991,962.9132878925288,789.9430359209454,849.9435275358005,874.0097253463488,994.2082276867357,1208.8345627090582,1425.6468707221995,26.248809496813376,1775.0205632611696,1850.1054024027928,1914.2622599842475,1894.95013126995,1810.4170790179817,1712.039719165417,1556.6672733760415,1368.373121630208,1191.6060590648235,1021.9280796611864,832.5557038420912,737.8956565802512,731.6262707147687,800.0781211856752,918.1775427443212,1034.0174079772546,1128.4737480331564,1222.8593541368523,1285.9066840171567,1333.8133302677702,1297.0231300944483,1307.0382549872058,1253.828138143342,1160.6248317178122,1099.8058919645775,1005.2964736832612,17.46424919657298,4.47213595499958,6.082762530298219,15.556349186104043,0.0,0.0,0.0,128.0,10.816653826391969,7.810249675906654,21.0,1095.3583888390135,1023.0552282257296,935.5137625925124,859.7406585709437,782.9438038582335,676.807949125895,650.0353836523055,655.7507148299574,653.9113089708726,689.0834492280308,738.3291948717726,815.6868271585608,833.7919404743608,865.7124233831926,842.862384971592,849.1648838712067,831.1708608944373,796.1111731410381,714.4543372392668,648.4265571365812,613.2813383757898,575.1043383595711,560.0571399419885,534.7616291395634,560.7040217440928,588.8021739090303,17.08800749063506,708.1306376651133,750.8635029084847,766.4620016674016,770.0350641366924,761.6429609731846,588.7113044608537,526.0114067204247,513.6263233129704,445.46717050754705,398.98370894060326,336.5382593405986,325.46582001801664,292.85662020859286,341.3297525853848,386.80356771881,432.4742766916895,458.2051942088828,484.4347221246635,488.7535166113897,480.70781146139075,476.0178568079143,430.7853293695133,385.2544613628764,331.1027030998086,274.8708787776544,217.4235497824465,10.295630140987,20.615528128088304,13.892443989449804,1.4142135623730951,14.0356688476182,17.029386365926403,13.601470508735444,10.44030650891055,9.899494936611664,16.97056274847714,21.93171219946131,345.7528018686183,327.099373279742,374.7665940288702,366.4928375834922,310.0096772683072,287.4178143400301,312.8226334522488,273.528791903156,243.82370680473215,259.4532713226025,250.44959572736389,274.9872724327437,292.8839360565888,348.89110048839024,343.20984834354624,329.81964768642877,369.2654871498283,365.77862157321334,347.0518693221519,293.0801938036755,290.0431002454635,270.4163456597992,256.12692166189794,235.61409125941512,247.38633753705963,255.7205506016284,4.0,292.083892058429,288.7299776607895,302.4185840850393,292.04280508172087,290.4496514027862,262.36043909095747,239.2530041608673,212.8966885604377,196.82479518597245,171.21331723905124,131.24404748406687,129.07362240210043,131.71180660821565,174.18381095842403,191.15700353374447,215.5945268321995,251.14338533992887,263.4274093559742,265.93608254616373,288.8390555309306,283.24018076537095,280.4086303950005,267.5518641310503,221.0271476538572,189.010581714358,145.24806367039804,0.0,0.0,0.0,0.0,0.0
2025-06-01 18:44:24.328,0,0.0,0.0,0.0,0.0,0.0,0.0,144.75496537252184,11.04536101718726,123.79418403139948,280.941275002446,403.8539339909914,529.4308264542215,642.8016801471508,731.1477278908825,812.6167608411729,865.8065603817056,885.962753167423,896.9420271121205,866.8038993913214,812.5915333056332,730.6414989582785,608.0427616541455,471.0806724967604,313.73874481804125,161.96913286178943,115.10430052782564,291.43095237122634,467.0171303068015,663.3973168471516,822.7715357254406,978.0679935464608,1097.8693000535172,3.1622776601683795,1206.0265337047938,1184.1338606762329,1148.8607400377125,1060.3480560646112,939.2294714285748,802.7353237524807,636.9686020519379,478.08472052555703,385.4153603581466,442.4081825644729,586.655776414074,807.9467804255427,1019.5234180733664,1176.8882699729827,1322.381563694836,1400.7141035914503,1519.164243918346,1543.4986232582132,1422.401138919679,1259.9087268528622,1121.47938010469,945.8461819978976,783.8832821281495,667.7192523808191,608.0962094932019,683.2817866736973,6.4031242374328485,23.40939982143925,8.54400374531753,12.041594578792296,21.213203435596427,8.246211251235321,18.439088914585778,7.211102550927978,17.4928556845359,21.2602916254693,7.211102550927978,1012.7763820310976,821.8059381630192,601.1222837326861,439.0558051091,335.08954027244715,430.82362980690834,643.2806541471615,850.1505748983529,1098.646895048632,1291.919889157219,1462.8800360931857,1593.8946012832844,1699.434317648081,1735.979550570801,1687.2533893876166,1634.8262904663602,1488.8498916949284,1326.735844092561,1148.2826307142332,940.6960189136552,765.9588761806993,825.0339386958575,859.0023282855524,1009.1996829171125,1202.299463528118,1444.0443206494738,24.08318915758459,1788.0162191658103,1873.097968607088,1909.9492139844976,1891.6725403726723,1808.1592850188836,1683.2545856168044,1536.9189959135776,1355.6050309732552,1161.6647537047854,969.9200998020405,822.7089400267873,723.8017684421612,724.1167033013394,795.719171567457,898.4392021723006,1028.8056181806162,1126.0426279675205,1251.489113016969,1307.9055776316577,1333.0585133444067,1343.5449378416786,1272.9512952191062,1219.0176372801177,1153.8115097363177,1078.6292226710716,990.2928859685906,14.212670403551895,9.848857801796104,16.64331697709324,3.1622776601683795,0.0,0.0,0.0,128.0,12.529964086141668,2.23606797749979,23.769728648009423,1039.9793267176035,984.602457847836,890.6289912191271,806.8116260937246,739.4971264311985,655.2022588483651,627.5388434192739,649.1918052471087,642.622750920009,682.8791986874398,739.244208634738,803.6740632868526,832.5791253688744,846.622702270616,818.91696770796,830.9632964216892,804.6179217491989,710.7974395001715,660.4619595404416,587.2665493623828,538.0724858232393,475.4387447400559,479.7103292613158,453.65735968900583,486.2941496666395,541.040663906143,4.0,675.4672456899742,710.2478440657177,705.4083923515512,742.0168461699506,718.6167267744329,577.3820225812369,511.65613452786823,466.68297590548553,411.4911906711977,346.88326566728466,305.0,236.57979626333267,273.82658746002005,297.9748311518944,360.224929731411,392.2155019883839,427.387412074806,485.4791447631917,486.3846214674144,495.025251881154,459.1666364186318,430.6738905482894,395.56668211567063,344.223764432382,303.2688576164721,236.2223528796545,24.758836806279895,12.083045973594572,5.0,11.180339887498947,13.038404810405298,17.0,15.620499351813308,6.324555320336759,15.297058540778355,14.0356688476182,14.317821063276352,327.03057960991964,352.66131060835124,374.236556204762,354.8309456628607,351.4327816240255,327.84447532328494,329.19447139950574,288.367820673528,247.64894508154077,242.53865671269807,269.3566409056959,245.44856895080892,277.7804888756588,378.8627719900703,381.6189198664029,357.61012289922667,337.71289581536564,372.46476343407306,347.6276743874112,334.20053859920694,304.591529757477,294.64045886469836,265.1207272168662,253.57641846196975,244.0491753725056,240.4766100892143,6.708203932499369,278.09530740377477,293.21152774063984,299.8683044271268,281.966310044303,289.21445330411825,283.21370023358685,248.94376875109768,228.56071403458645,192.46298345396187,163.98170629676957,136.0588108135596,118.0889495253472,116.81181447096864,146.01369798755184,188.3454273402994,213.30025785263365,253.71834777958017,260.0173071162764,282.0815484926301,295.3861878964553,294.7032405658275,285.0140347421509,256.12496949731394,233.5551326774901,204.79501947068928,164.92422502470643,0.0,0.0,0.0,0.0,0.0
2025-06-01 18:44:24.333,0,0.0,0.0,0.0,0.0,0.0,0.0,125.4312560727987,26.92582403567252,141.4496376806954,273.0750812505601,394.65554601449605,524.4091913763526,622.0032154257725,717.3018890258131,776.2377213199575,826.4823047107542,871.1945821686451,862.2557625206108,840.2386565732381,778.1233835324575,693.1493345592997,596.5785782275458,472.4923279800424,306.93647551244214,134.6291201783626,89.27485648266257,268.7042984397533,446.4179655883038,646.7804882647589,788.0710627855841,961.9423059622652,1050.8134943937482,15.231546211727816,1163.9918384593595,1166.036448829967,1124.2535301256562,1045.199502487444,916.5287775078316,781.9731453189426,619.409396118593,458.2597516692907,365.47229717175554,417.6900764921283,625.670839978978,814.552637955338,996.38596939138,1193.6888204218048,1321.7450586251496,1457.288235044804,1480.174651857003,1427.0444982550473,1348.754240030407,1245.4372726074969,1113.5138077275917,922.0005422991898,774.1278964098891,603.252849143707,599.2411868354844,661.2956978538421,15.132745950421556,3.0,7.615773105863909,13.92838827718412,15.231546211727816,26.90724809414742,12.041594578792296,18.110770276274835,8.06225774829855,6.324555320336759,23.323807579381203,1033.5013304297197,825.6839589092185,637.8032612020731,395.06581730137066,344.77238868563705,427.9544368270997,654.0833280248014,925.6370779090474,1135.58134891341,1336.6514130467974,1507.4140108145473,1663.9858773439155,1746.002577317685,1786.0697074862449,1755.9071729450848,1695.2147356603527,1561.072067522829,1387.135537717926,1179.1530859053034,970.272126776813,750.5784436019995,826.9679558483509,866.6221783453271,1015.151220262282,1253.246184913403,1478.5320422635418,25.942243542145693,1831.0196612816587,1932.6029079973985,1957.515006328176,1968.3000279428948,1853.3270083824927,1741.6454863145943,1556.1082867204325,1365.0073259876667,1168.159235720884,995.423527951796,826.6153881945339,734.7033414923333,722.6319948632222,796.0056532462568,918.2837252178654,1038.5566907973778,1156.9485727550727,1236.977364384652,1302.9504979084968,1340.624481351881,1322.800060477773,1281.2845117303182,1236.587643477,1152.4443587436228,1079.1450319581702,984.9898476634164,7.0710678118654755,17.4928556845359,20.024984394500787,17.69180601295413,0.0,0.0,0.0,128.0,2.23606797749979,14.317821063276352,26.0,1048.7821508778643,978.940243324382,909.2909325402952,848.8963423174822,753.8494544668716,665.2773857572494,635.4462998554637,636.3411034971731,639.864048060211,683.5202996254025,726.083328551207,776.6112283504533,799.4960912975122,799.2002252251934,813.2724020892385,819.87621016834,777.2136128504184,736.8480168935789,673.0601756158211,628.3414676750215,593.8787755089418,549.2412948786717,549.5307088780389,531.1544031635245,571.5181536924265,608.8316680331272,10.44030650891055,725.4819088026937,786.8176408800199,813.3369535438557,810.6059461908727,786.8036603880284,619.4069744521771,553.7977970342605,512.4099920961729,466.6915469558025,407.83452526729513,379.969735636932,354.36986327846785,365.0712259272155,396.0,443.27192557165176,502.7573967630909,539.351462406472,584.7392581313486,607.8001316222299,577.0147311811025,539.636914971539,528.0946884792537,465.98390530146,389.3070767402001,332.2318467576521,256.1640099623677,8.246211251235321,1.0,15.811388300841896,8.94427190999916,11.31370849898476,10.0,5.830951894845301,7.280109889280518,9.219544457292889,25.96150997149434,12.0,392.5366224952775,384.4008324652797,362.83329505435415,373.2077169620157,342.527371169079,291.29023327259017,268.8382413273826,228.0021929719098,190.9607289470796,183.17477992343817,183.0983342360055,253.14817795117543,274.2334771686345,349.7570585420686,346.29611606253974,342.8031505106101,353.5109616405126,333.92364396670087,340.83720454199243,319.2303243741108,292.64312737530673,277.9370432310166,228.4731931759173,216.27991122617004,236.799493242701,236.81427321848656,8.54400374531753,271.39823138701547,269.9814808463721,292.20027378495047,290.9931270666027,278.6323742855449,251.81342299408905,241.0995644956664,207.07728026029315,173.35801106380978,144.26711336961034,122.37646832622684,109.65856099730654,112.72976536833562,129.38701635017324,156.4736399525492,181.11046352985792,221.10857061633772,232.07757323791543,248.4854120466632,254.37374078312408,252.69151153135317,241.3565826738521,240.00208332429116,199.06029237394384,167.7647161950331,132.67252918370102,0.0,0.0,0.0,0.0,0.0
2025-06-01 18:44:24.335,0,0.0,0.0,0.0,0.0,0.0,0.0,130.54118124178285,8.54400374531753,151.02979838429235,288.9429009337312,413.3194890154588,531.2409999237634,645.8428601447879,730.1540933255117,792.3736492337438,846.9645801330773,860.8193771053252,858.4975247489069,838.2505592005292,789.6283936130969,707.8029386771434,587.0485499513647,461.74126954388646,311.58465944266254,124.08464852672148,114.76933388322858,264.5467822522134,452.2123395043528,636.4039597614081,776.0315715227055,936.0021367496978,1042.7396607015578,12.529964086141668,1142.702498465808,1133.487097412229,1110.122515761211,1007.7509612994672,922.922531960294,760.2170742623451,582.7177704515283,470.1063709417263,348.79936926548476,428.04906260848185,662.7586287631418,797.3004452526036,1033.6430718579795,1178.9698893525654,1326.6970264532897,1448.9116605231666,1429.7818015347657,1435.068291057955,1412.910825211556,1206.2292485261664,1096.0739026178846,903.6149622488552,743.177636907893,596.6724394506588,580.1654936309121,660.2317774842408,23.08679276123039,13.152946437965904,20.248456731316587,9.219544457292889,8.06225774829855,21.095023109728988,14.212670403551895,25.179356624028344,6.4031242374328485,18.027756377319943,9.055385138137416,990.323179573214,813.5557755925527,594.4282967692571,423.8596465812711,306.96579614022147,397.0012594438461,620.0725763973118,869.7700845625814,1110.0346841427977,1305.515223963321,1455.7118533556013,1615.847765106602,1685.2637775731134,1720.9662983335843,1739.8994223805007,1628.1428070043487,1531.3294877328,1357.018054411952,1180.900080447114,956.9665615892752,793.9773296511684,845.3851193391092,866.2251439435362,1058.0307178905534,1251.5821986589615,1490.290240188132,8.06225774829855,1839.8402104530708,1917.8845116429716,1977.8425114250124,1923.7913088482337,1881.473890331726,1720.3238067294192,1553.0209270966054,1397.6959612161725,1191.5439563859993,988.182675419884,840.2743599563181,723.398230575663,761.1839462311327,845.2082583600328,932.4617954640288,1070.1971780938316,1172.8188265883184,1285.7993622645797,1332.8923437397336,1367.9371330583872,1371.7324812076151,1320.109465158098,1236.0117313359126,1184.268972826697,1095.7554471687558,990.0595941659268,19.209372712298546,16.278820596099706,8.06225774829855,15.132745950421556,0.0,0.0,0.0,128.0,24.0,22.80350850198276,17.4928556845359,1083.579254138801,1008.3907972606652,920.9695977609684,853.9162722421912,754.3374576408095,674.8933249040177,613.4818660726656,594.5485682431672,596.5249366120414,608.0032894647857,659.856044906766,705.2609446155374,705.3885454130935,757.1802955703483,757.4991749170424,767.6437976040711,738.6778729595195,691.0028943499441,693.1493345592997,610.2196325914138,618.0655305062725,548.6948149928155,526.2024325295351,517.228189487,551.2903046490115,599.7666212786437,9.486832980505138,670.481916236374,720.1138798828974,747.5326079844276,754.4773025081669,749.4477967143542,590.7698367384713,553.1663402630352,520.7782637553146,444.4873451516927,419.6867879740795,393.20732444856617,337.9289866229294,355.78785814021256,387.56934863324784,417.8241256796931,485.1855315237667,478.4401738984718,548.3447820486668,578.5576894312269,538.8970217026626,531.952065509666,494.7898543826459,426.5969995206249,399.00125313086426,312.7746792820672,244.55878638887623,13.92838827718412,16.278820596099706,15.811388300841896,14.866068747318506,14.422205101855956,7.810249675906654,11.40175425099138,10.770329614269007,13.0,6.0,10.44030650891055,335.094016658012,373.7606185782552,382.7584094438684,369.73774489494576,307.9951298316258,295.0830391601659,301.51782700198675,270.74896121684384,242.66231681083076,172.04650534085255,220.14540649307224,235.42302351299455,258.88414397177746,335.8005360329254,343.0014577228499,317.2774810792597,338.85985303662045,327.2491405641885,320.2030605725061,302.6450065671,296.42030969554025,262.9315500277591,252.7231687044146,216.08331726442927,219.31712199461307,234.8659191964641,12.529964086141668,266.7208278331484,253.00197627686623,256.8910274805253,261.7728022541685,247.8003228407905,239.8207664069148,203.92400545301183,184.35834670553976,173.0115603073968,144.2497833620557,110.34491379306978,110.35397591387454,116.21101496846155,147.6279106402309,174.18381095842403,205.7668583615933,217.1128738697915,254.82739256210272,249.56161563830284,262.6194966105906,254.6212874054328,235.3720459187964,236.51638421048128,199.12307751739877,148.22280526288793,122.80065146407,0.0,0.0,0.0,0.0,0.0
2025-06-01 18:44:24.342,0,0.0,0.0,0.0,0.0,0.0,0.0,123.7457069962429,24.331050121192877,148.52945835759317,282.81619472724685,422.2913686070318,540.6163149591399,626.8987159023378,729.3024064131422,806.005583107214,856.950990430608,869.3537829905613,878.7451280092539,850.6762016184537,797.3405796772167,714.3815507136225,598.3059418056953,455.3965305094012,313.2091952673165,154.30489298787643,97.67292357659824,249.56962956257317,443.29786825564594,626.5053870478689,783.7327350570474,923.8923097417794,1041.8277208828722,20.024984394500787,1160.28272416683,1145.6928035036267,1118.2759051325393,1037.3586650720183,937.917373759544,790.6819841124496,623.2888575933313,475.19680133603595,375.22526567383494,432.0196754778652,604.8842864548558,782.6653179999737,948.3722897681058,1216.853729911693,1356.466365229894,1417.988716457222,1519.4341051852166,1435.427810793702,1374.934543896545,1253.0482831878428,1151.88758132033,976.2709664842032,779.7897152437957,653.5174060421039,591.1556478627266,660.4619595404416,20.591260281974,14.0356688476182,8.06225774829855,9.899494936611664,7.810249675906654,15.132745950421556,3.0,8.602325267042627,8.06225774829855,11.704699910719626,14.0,1040.3278329449809,846.8323328735152,655.9268251870783,487.95491595023407,390.7083311115851,439.8772556066067,648.9329703443955,893.9491036966255,1118.9280584559492,1316.246557450389,1469.9921768499314,1618.779787370722,1720.0430227177458,1760.8963626517036,1721.1263753716637,1662.7161513619817,1548.3785066966022,1386.062408407356,1205.159740449373,982.2184074837938,831.6008658004151,878.2943697872598,900.5559394063202,1058.6467777308917,1262.3192939981548,1507.5098672977235,10.295630140987,1820.3914414213225,1904.5043974745763,1947.4724645036704,1950.747549018068,1885.6261559492648,1769.3552498014635,1588.0806024884253,1381.4213694597315,1194.169585946653,1009.752444909147,852.0475338852874,754.8436924291016,741.9029586138607,795.9704768394365,899.3136271624044,1024.012206958491,1147.102872457392,1257.0731880045807,1305.3110740356108,1323.9867824113653,1299.7792120202569,1312.8811827427492,1252.449200566634,1179.7830309001736,1099.9513625610907,995.5144398751834,19.4164878389476,18.788294228055936,15.556349186104043,27.784887978899608,0.0,0.0,0.0,128.0,9.486832980505138,16.1245154965971,5.656854249492381,1053.224572444073,994.8472244520764,966.7781544904705,896.4290267500267,814.9466240190212,669.5677710284449,658.1732294768605,617.2454941107306,611.7556701821406,643.2122511271066,671.863081289633,701.6908151030623,749.0821049791538,769.9746749082076,767.4073233948188,790.9285682032228,759.5584243493057,740.6929188266889,706.8245892723314,639.4888583861333,645.8637627239974,582.1511831131154,580.746071876513,580.1491187617197,594.8613283783036,629.0,7.211102550927978,712.2394260359363,776.3517244136191,756.9630109853454,782.7828562251475,804.7223123537709,618.7479292894644,563.0461792783963,547.2887720390397,510.8130773580489,460.23580912397506,440.75957164876183,398.5398348973412,397.8366498954062,437.3842704076131,462.0876540224809,499.9289949582841,541.2698033328666,568.8629008821018,557.9829746506608,544.1323368446319,516.2363799656123,502.6370459884547,446.9776280755,377.8306498948967,360.51352263126,296.9393877544709,28.0178514522438,17.26267650163207,15.0,13.152946437965904,22.02271554554524,22.360679774997894,16.55294535724685,27.65863337187866,10.63014581273465,26.87005768508881,25.495097567963924,374.04946196993785,389.61647809095547,369.1124489908191,359.9236030048599,344.4706083252967,304.63092423455635,250.80071770232237,232.3101375317057,211.06634028191232,219.16432191394657,192.20041623263984,210.7225664232476,303.3891889965758,301.4796842243271,320.97507691408066,363.59317925395686,373.1286641361127,336.2692373679162,313.12936623702353,306.2188759694608,288.17529387509956,246.14832926509985,233.07080469247967,238.47222060441337,223.6000894454204,225.75429121059915,16.1245154965971,271.93565415369864,270.27578507887085,260.2786967848118,270.74896121684384,265.2112365643658,247.64894508154077,207.92787210953705,186.80738743422327,152.88230767489088,151.34397906755325,113.1591799192624,93.39164844888434,120.81390648431164,129.80754985747168,161.69724796668618,188.0026595556563,209.74746720759228,237.69728648009425,252.55692427648864,246.4345754962156,245.77225229874912,227.56317804073663,201.6953147695801,182.0604295282201,146.696966567138,121.37956994486346,0.0,0.0,0.0,0.0,0.0
2025-06-01 18:44:24.346,0,0.0,0.0,0.0,0.0,0.0,0.0,34.785054261852174,87.41853350405736,234.00854685246009,391.0818328687744,491.4977110831748,630.6980259997648,721.2988285031385,803.473086045824,876.3931766051126,885.9909706086174,902.9064181851847,882.1184727688226,827.3777855369335,763.8959353210357,655.9298743005993,530.449809124294,366.9795634636894,214.4014925321183,89.73850901368932,207.27276714513172,382.69700808864445,592.0354719102564,733.698166823388,867.1101429460965,1018.6000196347928,1103.445966053617,1.0,1200.3770241053433,1142.4924507409228,1115.4308584578428,971.286260584386,856.6241883113038,709.4237097813972,566.1748846425457,446.8780594300866,383.85413896426854,462.5537806569091,714.547409203896,883.520231800042,1045.380313570138,1270.6710825386715,1354.1122553171135,1457.1430952380758,1426.2285931785268,1434.632357086651,1366.5917459138996,1269.9763777330663,1074.791607708211,867.8352378187924,717.1478229765464,643.3762507273641,622.1928961343098,741.6306358289145,39.05124837953327,13.45362404707371,26.076809620810597,7.810249675906654,21.095023109728988,26.30589287593181,10.816653826391969,14.317821063276352,14.866068747318506,22.09072203437452,24.20743687382041,993.9622729258892,799.5179797853204,591.662910786201,426.9625276297675,406.0763475013042,515.3261103417913,723.7409757641196,963.0254409931237,1226.2626146140149,1387.0580377186818,1536.1787005423555,1664.2559899246269,1739.4668723491116,1774.1972832805263,1740.8874173822958,1612.0279153910456,1511.9054203223163,1339.4573528112046,1133.578404875463,936.0085469695242,800.2499609497023,887.4260532573968,911.6633150456368,1085.7241822857222,1319.4695904036591,1519.50781505065,31.0,1859.0161376384017,1950.48122267301,1961.011218733845,1935.7814959338773,1829.4952855910835,1700.5152160448315,1520.1924220308429,1344.769496977084,1128.7448781722112,937.6486548809208,812.0221671851083,727.6517023961395,755.0165561098644,837.3559577622888,942.206452960284,1048.7044388196323,1179.7660785087864,1256.6686118464168,1315.5793400627724,1344.929737941726,1376.3967451283804,1312.3844711059332,1260.134913412052,1156.9961106244048,1066.4154912603249,958.061062772097,15.811388300841896,14.560219778561036,5.830951894845301,25.0,0.0,0.0,0.0,128.0,6.082762530298219,6.708203932499369,18.24828759089466,1062.4019954800538,1030.639122098516,958.040708947172,857.635120549526,744.6455532667875,647.0270473480997,611.0523709143105,568.1909890168973,597.9607010498265,633.3442981506978,663.8712224520656,717.2754003867692,774.372649310395,808.8164192200849,845.7712456687092,817.3034932018827,796.8318517730074,766.1879664938624,744.3715470113027,688.2710221998308,662.4628291459077,606.0008250819466,531.0969779616524,542.2075248463451,555.7634388838475,593.3295880031603,24.331050121192877,672.5741594798302,710.921233330388,791.1238841041269,779.1873972286769,810.4005182624206,640.4880951274582,601.0424277869242,563.5689842423907,519.1859011953233,476.17328778502474,396.63711374504527,380.6546991697331,363.8969634388284,392.5366224952775,394.80754805347885,449.9444410146657,519.6046574079181,511.5281028447997,524.9695229249028,540.2018141398638,541.7047166122887,512.0624961857683,463.2763753959401,441.3671940686122,355.9831456684431,304.591529757477,16.76305461424021,21.93171219946131,13.92838827718412,4.242640687119285,4.47213595499958,20.808652046684813,17.26267650163207,13.0,28.16025568065745,11.40175425099138,8.0,366.30588310863914,383.344492591194,408.6000489476231,418.5020907952552,376.0917441263501,350.20565386641033,299.8216136305053,307.31905245200795,278.0287754891569,234.01922997907673,224.32119828495925,269.4327374318125,282.6888749137468,304.4355432599814,356.16849944934773,307.00651458886017,363.0344336285472,366.94686263817545,338.97050019138834,335.2924096963723,304.6325655605454,292.2259399848001,259.0019304947359,247.50353532828575,237.4721036248258,245.073458375239,20.615528128088304,284.1918366174511,271.189970316013,280.9216972752372,291.83043021590464,275.95108262154,253.6631624812716,234.138847695123,228.65257488163127,183.1420213932346,154.26276284314372,127.45587471748802,120.95040305844375,97.32933781753576,120.9297316626478,161.0372627685903,197.02284131541705,209.8046710633488,240.01041644062033,266.6027006614899,264.3066400982011,265.37709019431196,252.19238687954083,248.29418035870273,221.33458834985552,204.08331631958552,161.1241757155021,0.0,0.0,0.0,0.0,0.0
2025-06-01 18:44:24.350,0,0.0,0.0,0.0,0.0,0.0,0.0,4.47213595499958,138.70832707519762,286.0069929215018,420.2296990932459,526.6364970261745,643.7095618367028,726.2299911185161,778.2216907796903,827.3777855369335,858.1200382230915,862.0823626545204,843.4227884044869,775.2418977325723,702.8001138303835,605.59805151602,485.84462536905767,334.6072324382723,196.5400722499104,67.72001181334805,207.16177253537873,379.0211075916485,573.7813172280883,725.7837143391962,870.0827546848633,976.9513805712136,1068.1844410025826,10.816653826391969,1143.432114294504,1132.212877510232,1056.3531606427844,972.9480972796032,846.5766356331835,699.3060846296133,541.8422279593941,421.7226576791909,420.4878119517854,516.4620024745286,702.6841395677008,867.2467930179967,1046.0936860530228,1227.073347440975,1288.7800432967606,1460.9972621466477,1435.5500687889642,1395.3712767575516,1321.1911292466357,1267.932174842172,1101.7821926315564,926.8014889931932,730.7762995609532,655.2991683193258,698.8197192409499,801.7212732614746,10.44030650891055,8.54400374531753,3.605551275463989,21.095023109728988,4.123105625617661,4.242640687119285,8.246211251235321,17.46424919657298,9.486832980505138,14.317821063276352,16.278820596099706,945.0190474270876,728.793523571663,575.5432216610669,428.2627698037736,452.47430866293394,540.9408470433713,792.3591357459065,983.2598842625484,1212.9719699976583,1423.4563569003442,1583.2135042375048,1689.07311860677,1754.0267956904192,1767.2136260226152,1712.2085153391804,1651.2834402367148,1489.4660116968091,1311.281815629272,1112.4895505127229,918.9477678301416,775.7448033986435,884.6541697183143,987.8122291204944,1194.6924290377,1399.7260446244472,1614.5243881713277,8.94427190999916,1909.8821953199104,2006.4438691376345,1994.0250750680143,1979.346356755179,1851.695439320408,1734.8573428383097,1565.9390154153514,1337.4128008958191,1122.9710592887068,939.8404119849284,798.1810571543276,735.6609273299758,797.9279416087645,862.6383946938602,1003.8331534672484,1111.566912066026,1234.1932587727094,1312.2987464750547,1361.7819208669207,1377.0700781006026,1332.968491750649,1326.0878553097452,1251.7547683152638,1145.832884848397,1022.6617231518936,932.3781421719408,19.849433241279208,6.324555320336759,13.892443989449804,19.1049731745428,0.0,0.0,0.0,128.0,10.0,18.110770276274835,8.54400374531753,1091.4142201749069,1019.3846182869348,951.2612680015936,865.935909868623,779.7416238729339,653.3949800847876,590.4066395290622,563.4323384400295,575.670044383065,645.1821448242349,673.8731334605943,694.640194633164,756.138214878735,796.0515058713223,779.0519879956664,820.2987260748367,791.6223847264553,786.4000254323496,716.0202511102601,651.0522252477139,646.9907263632145,592.3926063009227,538.3994799403134,553.0325487708658,569.4295391003175,596.3698516860154,19.1049731745428,701.3130542061797,760.7417433005763,780.7739749761131,800.3680403414419,805.0341607658646,666.2919780396579,629.4839156007085,568.0035211158466,497.63942769840895,461.3902903182944,411.8312761313789,349.40663989111596,351.81387124444086,390.0,417.22895393296955,442.33019340759455,526.9250421075088,521.8198923000157,541.2254613375095,538.4143385906434,520.3892773683947,506.6932010595761,469.6221885728995,420.2594436773551,356.3958473383213,293.2984827782101,4.242640687119285,10.0,13.41640786499874,4.123105625617661,12.206555615733702,21.587033144922906,19.72308292331602,15.0,10.770329614269007,1.4142135623730951,19.1049731745428,408.3944171998437,400.2161915765028,396.01136347332255,395.790348543266,368.0869462504749,343.25792052041567,311.23785116852355,256.12496949731394,249.08833774386147,162.96318602678338,241.16799124261908,249.1625975141534,278.0287754891569,295.7718715496793,327.51946507039855,358.23176855214837,365.32861919099633,347.0518693221519,346.1748113309228,331.36837507523256,326.24224128705345,293.0818998164165,255.53864678361276,243.5261792908516,210.86725682286476,213.40337391897063,18.35755975068582,235.7477465427825,251.3105648396024,276.56825558982723,294.55050500720586,243.97745797511703,266.2930716334918,246.85623346393345,210.86725682286476,209.74508337503408,175.9147520817967,135.77186748365804,110.4943437466371,90.2551937563706,106.10372283760827,131.60547101089682,138.6001443000692,170.6985647274165,202.4252948620799,217.03686322834653,231.93533581582605,240.01041644062033,236.6030430911657,235.4591259645716,206.49455198624491,181.57092278225608,154.01298646542764,0.0,0.0,0.0,0.0,0.0
2025-06-01 18:44:24.354,0,0.0,0.0,0.0,0.0,0.0,0.0,248.6704646716212,122.18428704215611,32.2490309931942,162.74212730574712,298.197920851236,440.99092961193656,547.6531749200401,666.8673031420868,763.5345440777385,839.00238378684,892.7132798384932,915.8738996171908,906.027041539048,884.1543982812052,818.0721239597399,728.0254116444013,601.538859925109,451.6159873166582,278.32534918688236,138.70832707519762,148.24641648282767,308.1509370422229,495.90321636383845,688.6566633671673,852.0663119734285,951.7000577913192,8.48528137423857,1152.1805414083333,1203.9788204117217,1169.903414816796,1117.4703575486913,1018.407089527562,918.2314523038297,756.3154103943672,616.5914368526375,447.3533279187716,402.6623896020089,495.2898141492514,673.3275577310051,882.6607502319337,1033.6812855034186,1238.3880651879686,1320.4639336233308,1463.2993541992698,1513.5854782601475,1450.8097738849156,1419.5862073153571,1208.803127064122,1066.531762302464,906.6581494697988,713.6189459368354,621.1803280851705,646.7781690811773,10.0,6.082762530298219,8.06225774829855,4.47213595499958,36.013886210738214,8.246211251235321,10.295630140987,19.849433241279208,34.058772731852805,9.219544457292889,1.0,1126.2797165890895,953.1196147388848,744.2586915851235,557.1086070058512,415.47081726638754,422.58726909361576,597.0594610254493,852.4236036150102,1079.038924228408,1295.0868696732275,1497.4785474256385,1652.175535468311,1745.2896607726752,1822.4447865436143,1784.0,1750.6490225056534,1620.277136788642,1441.855748679458,1249.4926970574895,1048.9041900955492,850.0741144159138,931.4918142420792,902.4372554366314,1043.8716396185885,1266.4616062084156,1491.0466122827952,19.72308292331602,1855.8170707265303,1952.882228911923,1998.0422918446948,1992.3134793500749,1904.0640745521143,1780.7127786366896,1625.0,1440.6154934610415,1220.3347901293316,1000.2449699948507,853.2877591996735,762.6408066711354,763.1474300552941,831.0385069297331,957.0757545774524,1088.7006016348112,1176.2759030091538,1284.6766130042222,1345.6782676405232,1380.4959253833383,1379.6742369124677,1333.4616604912194,1248.732157029681,1167.4116668939023,1061.6557822571306,999.6449369651208,14.0356688476182,8.06225774829855,23.853720883753127,12.0,0.0,0.0,0.0,128.0,22.20360331117452,22.02271554554524,9.486832980505138,1094.8100291831456,1033.3561825430766,946.881724398565,863.7459117124665,759.9118369916342,653.5418884815265,616.2118142327361,612.3005797808785,604.2929753025431,646.672250834996,710.5300838106716,747.4182229515146,794.5124291035352,823.8962313301354,844.3417554521392,831.7144942827437,803.273303427918,780.6112989189946,740.1459315567438,668.1796165702752,654.6464694779924,582.3057616063918,552.3812089490373,552.0072463292488,577.6521444606607,645.7220764384628,26.40075756488817,743.8776781165033,790.3480246068816,814.0866047294968,844.5886572764283,836.9850655776362,637.7366227526846,607.0164742410209,554.7071299343465,515.6520144438496,450.3443127208336,416.94124286282835,395.6829538911172,406.1095911204265,454.4062059435368,499.5297788921097,559.0724461105198,571.0210153750911,609.33160101869,635.0787352761861,598.0844421985912,592.570670890823,543.636827302934,480.9261897630446,414.69265727765185,334.0688551780905,245.17748673155128,11.6619037896906,11.31370849898476,12.083045973594572,13.152946437965904,18.110770276274835,22.135943621178654,17.88854381999832,14.212670403551895,17.0,9.219544457292889,19.72308292331602,413.0012106519786,388.9730067755345,361.83559802761255,326.4613300224086,319.8890432634416,272.6059427085184,252.57276179350777,199.12307751739877,229.4558781116753,157.0350279396288,246.82990094394967,256.2576828116574,325.31830566385287,313.72918257631056,386.4776837024358,346.5847659664227,366.16526323505894,338.3622319349487,340.5436829541843,286.2621176474456,257.4024086911387,227.7740108089595,204.65825172711703,176.40011337864837,189.30662957223657,232.9978540673712,20.518284528683193,246.9109151090733,280.0464247227591,286.5135249861689,250.92827660508888,267.9178978717174,256.0019531175495,216.1712284278368,207.5764919252659,169.91762710207556,135.51752654177244,109.89540481748998,104.4030650891055,91.0,130.38404810405297,166.68833192518306,167.73789077009403,199.90497742677644,221.74083972060717,231.10603626906848,234.61031520374377,217.8003673091485,209.53758612716717,192.41881404893857,172.19175357722563,136.49908424601244,101.13851887386922,0.0,0.0,0.0,0.0,0.0
2025-06-01 18:44:24.356,0,0.0,0.0,0.0,0.0,0.0,0.0,276.06520968785617,142.28492541376264,23.345235059857504,160.65490966665163,302.33259830855155,446.33731638750527,570.6356105256664,685.7929716758549,771.9909325892371,841.8669728644782,888.1632732780612,938.0756899099348,915.2420444887788,873.6978882886235,810.25057852494,708.1645289055361,608.3165294482799,454.4370143375207,266.8501452126268,145.2067491544384,158.04113388608675,331.1827290182868,505.2534017698446,694.7783819319654,847.6343551319756,968.6609313893072,21.37755832643195,1125.6757970215049,1170.7245619700648,1152.8334658570595,1086.8233527119298,1016.1422144562248,873.3870848598575,746.5828822039788,580.5996899758043,469.3655291987259,402.2399781225133,507.3322382817792,672.8595693010541,887.5415483232321,1011.8517678000072,1253.9920254929852,1303.0740577572712,1376.0850264427704,1440.3346833288435,1387.8047413090935,1283.6572751322683,1207.9776487998442,1063.171199760415,844.9881655976018,694.2189856234127,587.0689908349784,627.0637926080567,28.319604517012593,5.830951894845301,3.1622776601683795,4.123105625617661,22.360679774997894,8.246211251235321,4.47213595499958,18.384776310850235,2.0,9.219544457292889,13.45362404707371,1086.9006394330625,900.7691158115936,709.8823846243827,539.1790055259942,372.7868023414992,410.5277091744235,586.7674155915613,787.6065007349799,988.180651500524,1203.7649272179349,1414.9293268569988,1580.0117088173745,1672.1402453143696,1756.4657696636164,1748.435014520128,1671.871107472104,1577.138231100876,1401.0014275510214,1243.1862290099582,1009.8286983444272,869.8212460040281,946.4903591690726,910.182948642744,1034.6525987016123,1227.997149833826,1453.5480728204348,37.589892258425,1868.8737250012373,1943.0542967194715,1970.8132839008367,1966.5385833997768,1895.6848366751265,1780.4460115375584,1591.6271548324376,1456.8160487858445,1257.3293124714785,1064.8755795866482,890.1937991246625,799.2909357674463,793.3738084913064,884.6174314357592,981.2160822163484,1121.888586268708,1206.655708974188,1322.924790001306,1386.3866704494817,1397.971745064971,1373.5170184602737,1356.6020050110496,1287.8280164680375,1214.1239640168544,1111.2519966236282,1013.6518139874264,12.806248474865695,3.1622776601683795,20.0,22.0,0.0,0.0,0.0,128.0,18.027756377319943,7.211102550927978,7.211102550927978,1124.0040035515888,1069.729872444441,967.3308637689588,865.8943353550709,761.8044368471478,703.6398226365532,646.9721786908615,609.2437935670745,606.2936582218224,603.1160750634989,681.6876117401578,754.4620600136233,774.8838622658237,818.3819401721912,813.0713375836095,833.0096037861748,821.8333164334481,789.4308076076079,722.0837901518078,669.3952494602871,642.2281526062214,602.7545105596473,570.0947289705457,560.003571417183,571.2836423353989,617.7782773778955,9.848857801796104,704.1938653524326,751.293551150281,804.3307777276709,823.6504112789601,800.6153883107669,614.5453604088148,560.6826196699876,555.8866790992568,507.0009861923347,462.909278368883,412.0436870041816,424.759932197,411.8859065323794,428.05256686533255,469.22169600307274,521.428806262178,541.6733332923081,591.2596722253261,575.1043383595711,562.645536728054,518.9730243471234,490.78916043449857,450.89355728375625,383.109644879896,322.86994285625286,247.5520147362974,3.1622776601683795,12.36931687685298,5.385164807134504,13.038404810405298,14.560219778561036,17.08800749063506,15.811388300841896,14.317821063276352,10.198039027185567,19.697715603592208,8.48528137423857,346.2051414985052,374.2098341839776,373.0643376148409,350.46397817750113,328.16002194051606,267.34621747838514,236.1228493814184,210.23796041628637,156.21779668142807,210.27838690650069,180.8009955724802,231.40008643040736,232.4220299369231,298.8394217635953,330.037876614185,307.3662310664592,336.87980052238214,288.6693610343848,296.5299310356376,279.25615481131297,232.363938682404,238.83467084994172,196.06121493043952,192.76929216034384,192.5876423865249,201.77710474679728,12.16552506059644,239.11712611187016,247.13154391942768,244.73863609981976,243.65754656894993,247.42069436488129,231.38712150852305,195.64508682816444,175.28548142958104,155.7080601638849,132.69890730522238,116.76472069936192,96.33275663033837,112.53888216967503,117.23907198540935,138.2244551445221,170.8391055935379,184.66456075814872,190.04473157654223,221.81974664127628,209.124364912365,217.52471123989568,211.85136298829897,194.0412327316027,174.0258601472781,156.01281998605114,109.65856099730654,0.0,0.0,0.0,0.0,0.0
2025-06-01 18:44:24.361,0,0.0,0.0,0.0,0.0,0.0,0.0,267.01685340067957,139.2300254973761,12.041594578792296,148.51935900750448,312.60518229869444,441.0770907675891,583.5203509732972,680.0683789149441,796.623499527851,860.7514159151874,903.3144524472084,934.9074820537056,926.428086793573,886.3255609537615,832.0727131687471,738.1713893128073,612.9681884078487,462.5505377793869,299.9816661064472,142.12670403551894,163.76812876747417,323.44551318576055,522.8546643188716,703.2282701939677,849.2090437577782,988.0323881331016,4.123105625617661,1141.0775609046038,1163.2205293924278,1168.611569342012,1086.298761851453,1012.5699975804142,914.938795767236,756.3398706930635,633.581091889586,485.92694924237327,422.90660907581,538.4161958931028,668.7675231349082,847.7652977092185,1052.4875296173348,1163.07394433888,1391.665548901747,1386.4148008442496,1401.5562778568687,1384.2749004442724,1346.3803325955114,1224.9020368992778,1121.7495264095278,922.7572811958734,801.8360181483494,651.4268953612524,673.3327557753298,6.082762530298219,18.027756377319943,7.211102550927978,6.708203932499369,18.0,24.758836806279895,3.605551275463989,34.0147027033899,6.4031242374328485,4.0,5.0,1154.8965321620808,994.5581933703024,752.1715229919304,574.3256915722994,469.3921601390462,452.0,632.8230400356802,814.8275891254542,1035.5660287977778,1252.6611672754927,1444.9671276537747,1606.1506778630703,1712.788661802734,1748.8030192105684,1748.3126150663102,1715.9338565341031,1593.869505323444,1475.2254065057311,1275.5159740277657,1084.345424668726,916.7038780325956,954.3673297006766,950.6445182085678,1096.5915374468289,1228.9377526953915,1472.964697472414,23.08679276123039,1790.8213199535012,1935.9196780858445,1946.259232476496,1955.6732855975713,1892.125260124181,1808.7973905332792,1615.92109955901,1428.0056022299073,1254.461238938852,1051.894481400107,907.0396904215382,799.6111554999718,764.808472756415,832.3971407927829,916.3863813916048,1047.3557179869692,1172.0452209705904,1259.8642784046224,1328.295900769102,1364.84138272548,1379.3114224133722,1337.1978163308524,1277.7245399537414,1223.1324539885286,1100.6080137814731,997.6337003128954,14.142135623730953,9.486832980505138,5.0990195135927845,5.0,0.0,0.0,0.0,128.0,16.97056274847714,19.209372712298546,12.041594578792296,1092.546108866807,1040.812182864901,1001.6386574009612,908.5422389740612,815.4532482000425,698.7195431644946,673.715073306216,631.7349127600912,615.37630763623,669.9888058766355,707.611475316787,749.9933333037035,816.9853119854725,831.8202930922039,849.529869986924,859.1955539922212,869.6712022367993,824.293637000796,816.6333326530334,758.5018127862319,726.3642337009718,652.6538132884845,637.3358612223228,624.7695575170096,644.162246642878,632.402561664641,10.770329614269007,743.8635627586553,832.3755162184914,830.7803560508638,829.3853145553037,838.150941060141,665.5118331029133,605.6962935333186,597.2269250460834,544.0772004045015,487.4064012710543,449.14362958857606,428.6560392669162,431.38961508130905,439.39617658782606,476.615148731133,523.7594867875903,561.5300526240782,588.5516120103657,585.6765318842816,582.6705758831486,546.0,487.7427600692808,448.736002567211,409.66327636242914,329.75748664738455,272.2076413328619,13.038404810405298,12.806248474865695,25.298221281347036,4.47213595499958,6.708203932499369,12.083045973594572,5.385164807134504,13.0,8.54400374531753,17.69180601295413,9.899494936611664,406.6497264231221,400.8802813808631,397.0604487984166,353.3072317403084,344.4894773429226,249.35316320431951,247.49343425634547,162.85576440519384,197.85095400325977,231.21634890292685,173.31185764395926,232.96351645697655,262.7184805071771,340.02352859765455,369.51048699597146,330.2196238868914,315.38230768386484,338.3740533788015,317.653899708472,283.1130516242584,252.06745129032427,235.80076335754305,208.00240383226344,187.0721785835617,190.7065809037538,209.30360723121808,9.0,259.02316498722655,253.5843055080499,251.8491612056709,263.78779350076076,256.00781238079435,235.2381771736892,205.54804791094463,166.90416411821485,145.33065746772084,126.73200069437868,83.6719785830358,75.31268153505093,100.22474744293449,93.53608929178084,140.4563989286355,163.00306745579974,178.2806775845324,181.24017214734707,213.3541656495134,226.13491548188665,213.0187785149469,203.21663317750347,200.32473636573192,162.2621335986927,153.05554547287727,107.44766167767447,0.0,0.0,0.0,0.0,0.0
2025-06-01 18:44:24.364,0,0.0,0.0,0.0,0.0,0.0,0.0,306.1780527732189,176.8530463407402,39.45883931389772,143.40502083260543,299.66648127543397,445.8519933789688,575.8280993491027,698.9628030160117,810.9611581327431,876.5643159517732,937.5057333158022,961.2497074121792,955.7164851565552,923.9247804881088,862.0081206114012,753.9084825096478,639.2260945862582,477.6494530510843,305.4995908344232,166.97604618627187,205.93445559206452,355.287207762959,527.9024531104208,710.0007042250029,877.0222346098187,994.0321926376428,3.605551275463989,1194.3035627511124,1206.3254121504694,1210.598612257589,1146.8007673523766,1045.619911822647,923.3515040329984,767.4874591809302,639.2636388846154,496.9034111374162,430.360314155476,576.805859887016,763.6838351045542,920.6590031059274,1073.8328547776885,1229.2989872280868,1361.7944044531832,1459.472850038671,1422.416254125353,1439.9517353022636,1431.008735123584,1256.133750840252,1117.3276153393865,955.7787400858005,803.8662824126908,666.0127626404767,686.5340486822193,11.6619037896906,15.652475842498529,26.570660511172846,5.830951894845301,22.67156809750927,21.37755832643195,16.0,19.1049731745428,2.8284271247461903,9.219544457292889,19.6468827043885,1125.2737444728727,958.9410826531524,789.4966751038285,584.1446738608511,463.1554814530429,456.06688106022347,605.9389408182973,843.0290623697382,1026.195400496416,1265.096439011667,1430.873858870865,1577.6707514560826,1672.603061099674,1742.13948924878,1741.7835686445087,1698.4069005983224,1597.320568952895,1433.2341050923956,1234.548095458415,1076.6707946257295,878.8230766200896,943.6042602701622,927.573177706212,1023.7001514115352,1198.6634223167068,1421.6838607791815,10.770329614269007,1794.737028090745,1866.3943849036837,1938.1240930342929,1928.5958622790831,1844.6051067911528,1747.412372624161,1600.137806565422,1435.0836212569636,1258.9142147104385,1053.4519447986224,893.5440671841541,782.4129344534125,772.3846192150644,824.6077855562606,922.8618531502968,1046.4000191131497,1152.905893817878,1270.1881750354944,1290.6994227937037,1373.7485213822797,1380.481799952466,1326.6698911183596,1266.8227973951211,1196.2156996127412,1120.4713293966963,1010.8140283949368,27.80287754891569,24.08318915758459,11.180339887498947,2.8284271247461903,0.0,0.0,0.0,128.0,9.219544457292889,21.095023109728988,12.083045973594572,1146.4466843250932,1069.8602712504096,968.3057368414172,901.9678486509372,816.2070815669268,689.7050094061954,650.1107597940523,645.5176217579192,648.0123455614098,674.7117903223568,738.9736125194187,796.0433405286424,837.0483856982223,868.8244932090715,900.9955604774088,892.1759916070372,899.1340278289995,851.6454661418683,794.3758556250309,731.3015793774823,689.1131982482995,654.0191128705644,607.5162549265657,587.2656979596203,603.3274401185479,643.6342128880348,17.69180601295413,748.1310045707236,797.4239775677679,851.7423319290875,854.0286880427378,840.9768129978377,676.0177512462228,629.4990071477476,578.8307179132773,553.0036166247016,481.8049397837262,449.1614409096133,384.15751977541714,374.4008546998791,399.7311596560869,441.54841184178207,494.3278264471868,527.2655877259581,542.1374364494671,580.4825578774955,569.5726468151363,546.4155927496945,509.1924979808717,461.49431199094965,394.0456826308341,325.90335990903804,274.2207140243056,15.0,19.235384061671343,15.811388300841896,20.0,15.652475842498529,14.866068747318506,2.8284271247461903,4.123105625617661,8.602325267042627,25.553864678361276,19.4164878389476,378.6000528261981,423.5858826731599,394.1192712872589,390.4484601070927,361.0124651587532,299.1003176193566,199.61963831246663,225.4994456755936,224.9488830823572,226.86119103980744,226.0486673263083,272.2002939013843,285.9545418418809,330.38765110094533,371.5709891797259,359.7471334145694,343.0058308542291,341.29898915760066,333.5940646954019,312.05768697470023,270.4958410031474,251.22300850041583,213.78493866500511,214.02102700435768,231.22499864850255,221.3797642062165,8.54400374531753,262.0934947685654,260.99042128016885,278.71311415145146,264.4730610100016,251.55715056424057,219.16432191394657,220.32702966272657,197.4968354176846,159.38946012832844,129.80754985747168,95.35197952848172,101.87246929372036,102.41581909060729,126.09916732476864,145.23085071705668,170.07351351694948,213.90184664934523,221.43622106602163,229.55827146935917,226.75316976836288,239.43683927081895,235.05318547086316,224.1160413714288,184.2199772011711,161.20794025109308,127.4244874425634,0.0,0.0,0.0,0.0,0.0
2025-06-01 18:44:24.368,0,0.0,0.0,0.0,0.0,0.0,0.0,195.72429588581997,66.12110101926616,142.86357128393507,289.110705439975,421.8921663174134,570.8169584026039,702.7809046922092,785.8199539334694,875.7402582958032,914.5255600583288,932.7062774528752,949.6783666062948,917.3467174411212,838.1527307120105,775.6622976527865,659.4012435535741,508.8123426175902,349.08451698693256,193.4941859591652,180.05554698481245,309.8983704377937,491.9064951797242,661.2359639342071,846.1802408470668,966.611090356406,1090.619090241868,29.0,1201.327598950428,1181.8849351777017,1176.938825937865,1067.8923166686798,966.6033312584848,827.4787006322277,676.7569726275452,525.37605579242,467.6804464589042,466.07510124442393,591.6324872756735,827.4406323114669,1053.1144287303257,1190.0810896741448,1269.0547663517127,1438.424485331086,1482.0759089871208,1518.452172444032,1472.156581345884,1299.3852392573958,1229.032953179043,1047.6664545550746,828.6132994346639,754.1491894844149,662.117814289874,756.6009516250954,21.95449840010015,11.180339887498947,15.811388300841896,16.64331697709324,10.0,12.0,5.830951894845301,15.0,18.68154169226941,8.602325267042627,15.0,1041.5742892372105,872.5462738445451,662.149529940179,497.98092332939825,412.4184767926869,461.7055338633056,686.0349845306724,890.0252805398283,1102.2599511911878,1291.2555905009667,1472.2513372383128,1616.5707531685707,1695.9401522459452,1762.4029051269747,1719.0523552236564,1650.200593867303,1552.9024438128752,1366.1043151970496,1206.5429955040972,1017.4998771498696,864.650218296393,916.4900435902182,922.2234002669852,1071.1848579960415,1261.486821175711,1495.7673615906988,17.11724276862369,1833.5225659914852,1927.150487118222,1980.9174642069263,1946.919618268818,1896.740625388722,1774.696875525508,1598.5946953496375,1426.6183792451295,1203.415971308342,1027.4458623207356,873.5565236434331,786.4534315520532,759.460993073377,850.6097812745866,932.8263503996872,1090.6699775825866,1158.2611967945743,1310.9115149391282,1368.9733379434383,1379.145025006435,1374.462076595786,1347.771864968252,1267.9495258092886,1231.1766729434082,1088.3547215866708,1004.6815415841976,17.0,11.31370849898476,17.0,8.0,0.0,0.0,0.0,128.0,16.55294535724685,6.082762530298219,8.06225774829855,1130.890357196488,1057.651171228019,970.4638066409276,899.9777775034225,809.254595291247,682.0219937802592,631.8457090144714,620.5320297937891,639.0281683932251,677.2769005362578,737.4557613850474,809.452283955021,831.0096268997129,876.6008213548513,908.4541815633852,887.0022547885659,898.252191759085,838.4557233390443,786.8551327912909,732.1645989803112,688.3349475364446,597.146548177246,563.5858408441433,547.0283356463356,554.5637925432925,581.8805719389504,25.298221281347036,701.7820174384635,767.7095805055451,804.114419718985,804.7819580482654,825.1987639350898,646.8941180749753,595.8942859266231,560.3320444165228,490.17241864470503,434.0656632354142,359.63453671748493,340.50697496527147,316.4253466459348,347.6348659153739,370.8503741402993,419.7153797515645,445.50196408096787,505.66589760433715,514.650366753974,519.3505559831433,504.9138540384884,476.49554037787175,440.9104217411968,399.3256816184003,324.6921619010844,269.02973813316623,14.7648230602334,5.656854249492381,24.515301344262525,10.0,6.4031242374328485,21.37755832643195,19.697715603592208,15.297058540778355,13.152946437965904,21.02379604162864,18.973665961010276,401.3601873629222,382.2054421381255,398.1281200819656,387.7034949545851,365.0986168146902,330.73252032420396,285.41198292993937,321.0809866684728,246.5866987491418,221.2690669750293,202.405533521196,245.48930730278255,246.05080776132397,325.5042242429428,336.66155111625085,340.7873237079102,353.78665887791755,335.5294323900662,334.8865479531837,308.25476476447204,282.0655952079232,249.68780506864968,233.8567937862828,211.25576915199264,185.15398996510984,215.0,18.973665961010276,221.054291973714,255.15877409957903,253.26863208853953,264.8490135907627,260.1922366251537,262.4137953690697,227.547797176769,216.041662648666,172.70205557549104,139.00359707575916,122.42957159118052,116.84605256490268,75.4254598925323,103.07764064044152,125.60652849274992,151.21177202850313,173.738308959193,189.67603960437387,213.55093069335945,233.54871012274933,241.93387526346947,230.88741845323665,223.14121089570165,227.2201575564985,195.47889911701463,157.8923684032892,0.0,0.0,0.0,0.0,0.0
2025-06-01 18:44:24.375,0,0.0,0.0,0.0,0.0,0.0,0.0,292.227650984639,166.02710622064097,54.20332093147061,134.84806264830058,299.6681497923995,445.2145550181395,568.0431321651553,693.7326574408905,791.1390522531422,861.1771014141052,910.2664445095184,919.7853010349752,928.300059248086,897.6842429273224,842.0172207265122,751.3195059360564,634.3004020178452,487.1734803948179,313.86939959161356,173.4877517290486,181.0,346.22536013411843,535.3363428724039,705.5352578007708,846.4921736200519,995.9287123082656,17.804493814764857,1168.3227293860202,1181.201083643255,1192.0780175810642,1094.3331302670133,1065.0868509187408,949.1648961060454,767.0162970889211,638.3384682125933,508.52335246279495,415.7138438878359,526.5738314804487,703.5353580311369,873.3029256792857,1043.6210998250274,1197.6017702057725,1277.214547364694,1406.852515368971,1475.1559239619382,1392.6611217378045,1336.4688548559595,1282.1887536552488,1119.0643413137602,954.9204155321008,749.042722413081,690.4201619304001,713.616143315158,32.55764119219941,25.80697580112788,10.0,7.280109889280518,18.0,23.769728648009423,13.45362404707371,9.219544457292889,5.0,18.439088914585778,15.811388300841896,1144.6698213895568,980.0800987674426,808.299449461646,613.1304918204606,470.0478699026302,467.97542670529185,572.0559413204271,786.5271768985481,1023.8657138511868,1246.4096437367612,1456.0446421727595,1585.688809319155,1716.047202148006,1768.0769214035909,1785.1904660287653,1719.2280244342226,1627.211111073176,1461.165630584021,1298.8136894874492,1065.914161647175,901.8009758255976,982.2245160858082,884.6174314357592,1024.8599904377184,1204.222985995534,1436.788780579804,12.36931687685298,1812.5664125763776,1895.3809643446357,1968.5398141769956,1965.0508899262632,1905.9118552545915,1804.358334699624,1645.0246198765535,1455.2748881225154,1266.464764610528,1053.721974716291,887.6846286829574,783.6612788698955,758.0270443724287,807.6831061746927,937.3537219214528,1046.4845913820232,1169.9200827406974,1250.4239281139817,1328.5424343994437,1354.5789013564329,1344.448213952475,1322.7925007347146,1294.29401605663,1216.7168939404105,1124.0444831055397,1000.0464989189252,4.242640687119285,17.72004514666935,3.0,21.587033144922906,0.0,0.0,0.0,128.0,10.295630140987,13.41640786499874,15.652475842498529,1120.7127196565586,1051.9201490607545,1002.2100578222112,950.289429595005,819.4986272105647,733.9223392158056,657.943766594076,657.5142584005308,652.8828378813461,681.6744090839849,729.5478051505604,780.6490888997438,837.3105755930711,861.5393200545172,867.5004322765493,880.6872316549162,854.5525144776066,821.8089802381086,803.3181188047485,735.2312561364621,706.1168458548486,633.8738044753072,587.554252814155,582.8498949129183,609.6310359553555,676.804994071409,16.76305461424021,777.8495998584816,796.919067408981,861.6414567556508,863.4037294336873,854.7894477589203,661.9274884758904,627.7618975375934,586.7137291729247,496.0423369028091,457.1925196238451,397.3965274131117,374.4128737102933,396.72786642735343,418.1506905411015,473.0591929135296,520.6966487312934,556.0377685013851,572.0559413204271,599.2703897240377,582.9794164462413,566.7821450963324,547.9726270535783,476.1386352733834,409.8499725509323,302.76063152266016,269.21552704106796,8.0,7.211102550927978,21.2602916254693,13.038404810405298,13.038404810405298,18.027756377319943,11.04536101718726,19.235384061671343,23.259406699226016,15.556349186104043,22.561028345356956,389.8435583666863,406.2769991028289,391.45114637716927,377.0,299.02675465583343,268.8215021161812,250.19992006393608,221.0814329607984,191.128229207514,162.9846618550347,240.84019598065436,220.238507078122,270.78035379251577,328.76283244916846,318.7883310285996,332.00150602068055,341.5333073069155,338.71079108879894,329.3690938749415,290.34117861577954,255.78311124857325,246.24581214713075,221.32555207205516,195.7779354268504,183.48024416813925,215.3555200128383,18.867962264113206,248.7267577081324,261.8110005328271,256.86767021172597,268.8810145770802,266.66083326952986,246.05080776132397,216.3631207022121,202.5660386145713,184.09780009549272,160.18114745499858,109.11003620199196,96.66436778875658,96.16652224137046,116.50321883965266,142.30249470757707,179.0111728356641,185.4211422680812,214.0023364358436,218.56349191939628,226.29184695874488,213.2650932525058,219.82947936980608,206.93235609734887,193.02331465395577,184.40173534975207,126.53062870309309,0.0,0.0,0.0,0.0,0.0
2025-06-01 18:44:24.379,0,0.0,0.0,0.0,0.0,0.0,0.0,272.12129648375554,162.64070831129578,70.45565981523414,169.9941175452845,312.64196775225173,448.6423965699185,576.7815877782508,697.7105417004963,801.4649087764229,866.0975695613052,924.2780966787,940.2260366528892,930.7679624911892,908.9251894408033,822.1921916437786,703.5865263064665,581.8058095275433,440.028408173836,282.0815484926301,169.7439247808298,215.23243250030885,381.4354467010112,544.2177872874057,718.7774342590341,872.4270743162433,982.6413384343242,13.0,1144.8545759178326,1151.5945467046986,1129.8393691140348,1081.529010244293,1008.754677808237,878.7855255976853,730.5956474001197,599.0075124737585,495.1545213365218,421.6123812223735,543.1288981448142,689.6085846333411,923.5691636255513,1081.761526400343,1190.6489826980917,1285.295685824861,1388.7652789438537,1418.042665084517,1398.9088605052152,1371.2315632306602,1238.0791574047275,1102.615526827008,928.4330885960496,778.6944201675007,692.4160598946272,677.4142012092749,2.0,11.180339887498947,28.460498941515414,4.123105625617661,13.0,2.23606797749979,3.1622776601683795,12.041594578792296,13.892443989449804,11.704699910719626,18.35755975068582,1093.022415140696,922.8011703503632,757.081237384734,567.4407458052339,456.4778198335599,403.62482579742294,555.7931269816136,769.4153624668538,963.3529986458752,1141.045573147716,1350.9737229124776,1504.2107565098715,1604.89407750169,1659.8882492505331,1672.7812170155426,1642.3811981388487,1565.7496607056953,1411.0014174337316,1269.434519776424,1088.5664885527203,907.822119140088,985.3730258130674,936.634934219304,1004.8781020601454,1181.4474173656652,1389.809339441925,21.470910553583888,1723.3949054119894,1838.6856718863069,1907.8503610084308,1902.0767597549789,1856.7853941691808,1762.7393454507107,1619.003705987111,1458.958875362839,1284.0190808551097,1091.1869683972586,931.3994846466258,795.7267118804043,766.7026803135619,813.0713375836095,914.0196934421052,1030.8253974364427,1138.7436059096008,1252.980446774809,1302.167807926459,1331.25241783818,1355.1501761797472,1325.014716899401,1268.235388246204,1201.4674360963763,1106.9209547207968,1016.3562367595332,14.142135623730953,24.515301344262525,15.811388300841896,16.76305461424021,0.0,0.0,0.0,128.0,18.788294228055936,16.401219466856727,25.495097567963924,1078.2286399460922,1045.367877830575,963.4479747241156,888.608462710096,802.0099750003113,731.3836202705116,716.0649411889958,679.7771693724349,643.938661675163,698.7910989702144,737.7594458900543,785.6875969493218,815.5519603311612,837.2126372672597,874.4426796537324,869.4164709734915,858.562170142617,818.1032942116784,758.3996308015979,706.0254952903613,648.7904129994524,649.2680494218085,614.0985262968801,588.6000339789321,576.8231964822496,651.5926641698785,9.219544457292889,757.8185798725181,790.7774655362911,831.9927884302845,861.7667897987251,837.7332511008501,644.2243398071823,599.4605908648207,562.9893427055258,525.5140340656945,467.0471068318484,419.75349909202663,364.8026863936174,368.3218701081976,394.44264475332784,424.0813601185508,482.2032766375608,489.1829923454003,530.7391072834184,556.5294241996554,539.9203644983212,526.1045523467745,479.17637671320983,419.5473751556551,374.4863148367374,328.3443314570849,259.5573154430443,36.68787265568828,8.602325267042627,18.110770276274835,22.02271554554524,10.04987562112089,8.06225774829855,3.605551275463989,23.769728648009423,4.242640687119285,18.24828759089466,6.082762530298219,388.6502283544935,334.6072324382723,381.33581001526727,367.22744995438455,323.5753389861471,296.5569085352759,271.6615541441225,260.8006901831358,164.7573974060042,244.0184419260151,240.62626623043465,208.92582415776175,262.8174271238496,304.58168034207176,340.3307215048327,320.97507691408066,330.32408328791286,336.7283771825594,323.3604799600594,292.0273959751037,269.41789101691074,235.5949914577982,224.8288237748888,222.80035906613796,216.00231480241132,221.71152428324515,17.26267650163207,229.71286424577968,263.3476789341421,271.55294143131647,263.1900454044567,254.0964383851139,235.22967499871268,198.72845795205075,182.84966502567076,173.95401691251627,136.36715146984628,128.41339493993607,103.83159442096613,98.65596788841516,139.5313584826006,130.3572015655445,179.98055450520204,203.24615617521528,226.06193841511663,220.5311769342376,237.00843866833097,246.88661365088225,235.51008470976353,201.9925741209315,197.7725966861941,164.93938280471406,126.64912159190052,0.0,0.0,0.0,0.0,0.0
2025-06-01 18:44:24.383,0,0.0,0.0,0.0,0.0,0.0,0.0,97.20082304178294,119.4361754243663,248.766959220874,420.7445780993499,553.47990026739,672.6187627475166,786.1971762859492,860.6334876124679,927.515498522801,956.1851285185312,960.6508210583072,935.9321556608684,880.4283048607649,773.4733350284288,682.440473594584,553.2061098722609,394.9240433298535,255.7049080483204,199.7248106770914,301.7614952242913,462.909278368883,645.6972975009265,812.0800453157311,942.0260081335334,1070.0228969512757,1147.327329056534,1.0,1191.9169434151022,1142.6504277336967,1082.9164326022576,988.4255156560864,856.2172621478733,720.1284607623837,534.1095393269062,467.266519237148,448.20642565675024,475.72365928131006,697.1032922028127,861.5596322948285,1027.7402395547233,1182.8389577622138,1352.0225589833922,1366.8683184564634,1460.5478424207815,1358.1848180568063,1361.3717346852768,1302.1651200980618,1146.616762479949,959.342483162296,829.2484549277134,733.7915235269484,717.4677693109287,800.3305567076644,13.601470508735444,6.4031242374328485,16.1245154965971,3.605551275463989,17.029386365926403,14.560219778561036,37.53664875824692,19.924858845171276,6.0,17.11724276862369,1.4142135623730951,997.1805252811548,835.0862230931606,643.1003032187125,520.8301066566717,480.57985808812253,569.5059262202633,729.5128511547963,939.2598149606956,1173.2898192688797,1354.5896057478074,1508.326224660965,1623.065309838147,1685.0118693943969,1737.0391475151043,1676.5112585366076,1649.7384641209042,1495.4203422449489,1349.1071121300934,1182.290150512978,995.084920999208,862.7514126328626,983.0732424392396,991.8533157680122,1148.4676747736526,1327.5729735121909,1518.9881500525275,7.810249675906654,1809.198994030231,1913.4816434970053,1952.9836148826237,1928.4403024205856,1844.6777496354207,1751.324070524927,1636.0247553139286,1434.4399604026653,1229.7284253037335,1053.5620532270514,899.5999110715829,820.3657720797473,799.3159575537073,847.8071714723815,952.1181649354244,1063.363061235437,1188.293313959142,1278.4521891725165,1320.4866527155812,1358.0235638603624,1325.3082660271912,1352.735376930758,1283.9598903392582,1218.8982730318392,1129.0527002757665,1011.3921099158327,16.15549442140351,13.601470508735444,13.601470508735444,13.45362404707371,0.0,0.0,0.0,128.0,5.0990195135927845,6.324555320336759,25.079872407968907,1161.034021895999,1076.9521809254113,1043.34701801462,969.5380343235638,893.0005599102388,761.1839462311327,731.8920685456292,685.1313742633598,693.6295841441597,740.5653246000652,788.2042882400476,826.5204171706831,857.8484714680093,912.5486288412252,921.00434309508,961.4619077217776,918.4094947244394,896.6164174272072,866.2407286661139,786.0388031134341,783.2355967395762,705.9065093905849,654.730478899524,640.0539039799695,654.247659529631,642.5900715074891,20.223748416156685,762.1056357225027,835.6895356530438,885.3637670471951,884.0955830678038,899.3002835538306,714.3227561823857,678.1533749823856,633.8201637688722,591.920602783853,531.4978833447975,449.8622011238552,398.3992971881351,377.4042925034107,376.9681684174408,399.3256816184003,425.1740819946578,470.567742200844,515.5501915429768,505.5145893047994,533.5934782210143,498.06124121437114,500.75642781695774,466.07510124442393,400.42477445832446,360.6119798342811,296.10808837314795,15.132745950421556,15.033296378372908,5.385164807134504,3.605551275463989,20.0,19.235384061671343,8.94427190999916,5.0,21.02379604162864,11.31370849898476,6.0,327.3912033027155,358.66000613394294,370.8436328157731,371.8279171875076,348.1063056021824,330.0484812872194,350.69787567078305,276.9259828907356,319.189598828032,236.91348631937356,263.7062759966095,291.4875640571995,251.17722826721376,314.0143308831621,319.77648443874045,326.03834130359576,337.02818873204063,334.3411431457397,339.24917096435183,304.3057672802144,311.56540244385286,270.5346558206545,268.5218799278748,226.55021518418383,206.2280291328024,225.33752461585263,15.033296378372908,233.33452380648689,237.4215659960148,242.24367896810023,269.77953962448674,257.2333570904054,245.2835094334717,227.2201575564985,214.2195135836136,200.5691900566984,164.21023110634732,147.78700890132393,114.96521212958292,100.84145972763385,82.41965784932621,112.53888216967503,127.66362050325849,155.1934276958918,179.3376703316958,218.6892772862904,242.800329489068,244.00819658363935,252.90709756746645,249.1625975141534,227.69277546729495,206.48002324680223,187.88294228055935,0.0,0.0,0.0,0.0,0.0
2025-06-01 18:44:24.387,0,0.0,0.0,0.0,0.0,0.0,0.0,189.4016895383988,106.51291001564084,173.6663467687393,323.02476685232665,466.2670908395745,588.4437101371719,710.6989517369503,811.7598166945688,902.8892512373818,927.4880053132764,953.151614382518,952.8745982551952,927.9789868310596,859.2002094971812,782.811599300879,635.9284550953826,520.7004897251394,358.5219658542556,236.23081932719955,225.7011298155151,362.62515081003414,554.9279232476953,722.8699744767381,859.3794272613233,1001.1698157655374,1103.0113326707028,4.123105625617661,1200.330787741446,1187.8089071900413,1150.5220554165835,1057.5916035975324,946.4893026336854,832.1856763968003,666.3002326279047,522.1800455781512,477.47041793183377,489.6907187194791,614.3687817589692,834.7179164244649,1010.7942421680092,1170.5848965367695,1304.9513400889705,1359.005886668634,1427.4676879005003,1442.338725819979,1392.2966637897257,1306.4769420085454,1208.3976994350826,1048.1393037187377,906.8478372913506,791.2199441369005,728.0061812924394,759.0546752375616,12.206555615733702,9.055385138137416,22.02271554554524,7.0710678118654755,7.280109889280518,3.1622776601683795,15.811388300841896,24.413111231467404,22.360679774997894,24.839484696748443,19.849433241279208,1058.4181593302335,864.4125172624468,678.2403703702693,512.956138475796,468.7707328748244,494.453233380064,654.9144982362202,863.1778495767834,1070.1513911592135,1257.3408447990544,1424.949823678013,1575.883244406133,1632.0471806905584,1700.771883586979,1697.0,1636.0516495514437,1525.216378091974,1372.97632900207,1181.003810324082,1024.6726306484427,854.2271360709633,933.3820225395388,911.4740808163444,1029.5265902345602,1219.340805517473,1424.8540276112496,39.6232255123179,1773.3259711626624,1868.5277627051732,1912.4866012602545,1925.431120554563,1844.572850282688,1752.219449726546,1593.7844898228868,1462.5929030321458,1289.4049014952595,1073.2665093069847,911.063115266994,802.7515182171878,771.8037315276468,833.5328427842541,913.4839900074876,1051.405250129559,1145.284680767188,1237.6703923096811,1315.2946437965904,1359.215214747098,1368.450949066133,1336.569115309792,1287.2684257760695,1207.8017221381992,1122.198289073727,1021.0078354253704,7.615773105863909,19.235384061671343,21.93171219946131,7.0710678118654755,0.0,0.0,0.0,128.0,10.198039027185567,9.899494936611664,8.602325267042627,1128.0004432623243,1076.193755789356,1007.280000794218,912.9211356957402,847.4679934959196,757.0323639052692,713.0112201080709,693.1089380465382,686.4007575753395,699.1337497217539,732.2199123214282,833.7871431006837,870.0678134490438,913.1730394618536,958.4868282871706,928.5709450548192,926.8144366592484,911.1586030982752,822.1636090219513,761.9927821180461,707.4249076757193,664.6540453499098,634.3413907353043,595.5518449303974,598.8472259266131,649.7907355449137,25.942243542145693,762.3398192407373,823.6613381724311,846.8589020610221,869.1662671779203,860.1627752931419,679.3599929345265,615.3056151214614,590.0211860602973,541.7933185265392,469.5955706775778,407.9767150218257,364.1785276481852,349.7785013404912,358.12986471390514,389.16577444580093,453.2240064250789,436.0378423944417,490.71886044862794,521.4719551423643,526.3078946776307,482.9958591955008,467.4120238076894,415.0228909349459,355.58402663786796,298.8812473207377,271.8032376554775,12.36931687685298,24.041630560342615,5.0,16.1245154965971,16.64331697709324,16.401219466856727,2.8284271247461903,3.1622776601683795,7.211102550927978,8.94427190999916,10.770329614269007,346.6064050187186,370.98921817217274,369.1408945104836,368.92546672735944,365.9357867167408,352.0184654247558,360.2179895563241,282.44999557443793,262.1011255221923,258.8609665438187,270.4163456597992,290.3962809679215,317.49803148996057,367.92390517605673,398.0376866579344,364.939721049929,343.7920883324688,376.19144062564743,354.99014070816105,339.0634158973805,304.11346566701053,293.00170647967224,255.76551761330143,238.29603437741048,233.45235059857504,229.7063342618135,11.0,265.9323222175146,307.12212554617423,303.65934861288235,300.2399040767233,299.5413160150032,295.0423698386386,273.23433166423285,263.4008352302627,228.2805291740844,198.4867753781093,158.11388300841898,141.85203558638133,114.28473213863695,137.27709204379295,151.95394038984313,186.60117898877272,224.2008028531566,238.53720883753127,259.5630944491146,289.0069203323685,280.74543629416314,293.4910560817825,271.977940281928,248.7267577081324,210.39486685753528,177.341478509682,0.0,0.0,0.0,0.0,0.0
2025-06-01 18:44:24.392,0,0.0,0.0,0.0,0.0,0.0,0.0,189.4016895383988,106.51291001564084,173.6663467687393,323.02476685232665,466.2670908395745,588.4437101371719,710.6989517369503,811.7598166945688,902.8892512373818,927.4880053132764,953.151614382518,952.8745982551952,927.9789868310596,859.2002094971812,782.811599300879,635.9284550953826,520.7004897251394,358.5219658542556,236.23081932719955,225.7011298155151,362.62515081003414,554.9279232476953,722.8699744767381,859.3794272613233,1001.1698157655374,1103.0113326707028,4.123105625617661,1200.330787741446,1187.8089071900413,1150.5220554165835,1057.5916035975324,946.4893026336854,832.1856763968003,666.3002326279047,522.1800455781512,477.47041793183377,489.6907187194791,614.3687817589692,834.7179164244649,1010.7942421680092,1170.5848965367695,1304.9513400889705,1359.005886668634,1427.4676879005003,1442.338725819979,1392.2966637897257,1306.4769420085454,1208.3976994350826,1048.1393037187377,906.8478372913506,791.2199441369005,728.0061812924394,759.0546752375616,12.206555615733702,9.055385138137416,22.02271554554524,7.0710678118654755,7.280109889280518,3.1622776601683795,15.811388300841896,24.413111231467404,22.360679774997894,24.839484696748443,19.849433241279208,1058.4181593302335,864.4125172624468,678.2403703702693,512.956138475796,468.7707328748244,494.453233380064,654.9144982362202,863.1778495767834,1070.1513911592135,1257.3408447990544,1424.949823678013,1575.883244406133,1632.0471806905584,1700.771883586979,1697.0,1636.0516495514437,1525.216378091974,1372.97632900207,1181.003810324082,1024.6726306484427,854.2271360709633,933.3820225395388,911.4740808163444,1029.5265902345602,1219.340805517473,1424.8540276112496,39.6232255123179,1773.3259711626624,1868.5277627051732,1912.4866012602545,1925.431120554563,1844.572850282688,1752.219449726546,1593.7844898228868,1462.5929030321458,1289.4049014952595,1073.2665093069847,911.063115266994,802.7515182171878,771.8037315276468,833.5328427842541,913.4839900074876,1051.405250129559,1145.284680767188,1237.6703923096811,1315.2946437965904,1359.215214747098,1368.450949066133,1336.569115309792,1287.2684257760695,1207.8017221381992,1122.198289073727,1021.0078354253704,7.615773105863909,19.235384061671343,21.93171219946131,7.0710678118654755,0.0,0.0,0.0,128.0,10.198039027185567,9.899494936611664,8.602325267042627,1128.0004432623243,1076.193755789356,1007.280000794218,912.9211356957402,847.4679934959196,757.0323639052692,713.0112201080709,693.1089380465382,686.4007575753395,699.1337497217539,732.2199123214282,833.7871431006837,870.0678134490438,913.1730394618536,958.4868282871706,928.5709450548192,926.8144366592484,911.1586030982752,822.1636090219513,761.9927821180461,707.4249076757193,664.6540453499098,634.3413907353043,595.5518449303974,598.8472259266131,649.7907355449137,25.942243542145693,762.3398192407373,823.6613381724311,846.8589020610221,869.1662671779203,860.1627752931419,679.3599929345265,615.3056151214614,590.0211860602973,541.7933185265392,469.5955706775778,407.9767150218257,364.1785276481852,349.7785013404912,358.12986471390514,389.16577444580093,453.2240064250789,436.0378423944417,490.71886044862794,521.4719551423643,526.3078946776307,482.9958591955008,467.4120238076894,415.0228909349459,355.58402663786796,298.8812473207377,271.8032376554775,12.36931687685298,24.041630560342615,5.0,16.1245154965971,16.64331697709324,16.401219466856727,2.8284271247461903,3.1622776601683795,7.211102550927978,8.94427190999916,10.770329614269007,346.6064050187186,370.98921817217274,369.1408945104836,368.92546672735944,365.9357867167408,352.0184654247558,360.2179895563241,282.44999557443793,262.1011255221923,258.8609665438187,270.4163456597992,290.3962809679215,317.49803148996057,367.92390517605673,398.0376866579344,364.939721049929,343.7920883324688,376.19144062564743,354.99014070816105,339.0634158973805,304.11346566701053,293.00170647967224,255.76551761330143,238.29603437741048,233.45235059857504,229.7063342618135,11.0,265.9323222175146,307.12212554617423,303.65934861288235,300.2399040767233,299.5413160150032,295.0423698386386,273.23433166423285,263.4008352302627,228.2805291740844,198.4867753781093,158.11388300841898,141.85203558638133,114.28473213863695,137.27709204379295,151.95394038984313,186.60117898877272,224.2008028531566,238.53720883753127,259.5630944491146,289.0069203323685,280.74543629416314,293.4910560817825,271.977940281928,248.7267577081324,210.39486685753528,177.341478509682,0.0,0.0,0.0,0.0,0.0
2025-06-01 18:44:24.395,0,0.0,0.0,0.0,0.0,0.0,0.0,189.4016895383988,106.51291001564084,173.6663467687393,323.02476685232665,466.2670908395745,588.4437101371719,710.6989517369503,811.7598166945688,902.8892512373818,927.4880053132764,953.151614382518,952.8745982551952,927.9789868310596,859.2002094971812,782.811599300879,635.9284550953826,520.7004897251394,358.5219658542556,236.23081932719955,225.7011298155151,362.62515081003414,554.9279232476953,722.8699744767381,859.3794272613233,1001.1698157655374,1103.0113326707028,4.123105625617661,1200.330787741446,1187.8089071900413,1150.5220554165835,1057.5916035975324,946.4893026336854,832.1856763968003,666.3002326279047,522.1800455781512,477.47041793183377,489.6907187194791,614.3687817589692,834.7179164244649,1010.7942421680092,1170.5848965367695,1304.9513400889705,1359.005886668634,1427.4676879005003,1442.338725819979,1392.2966637897257,1306.4769420085454,1208.3976994350826,1048.1393037187377,906.8478372913506,791.2199441369005,728.0061812924394,759.0546752375616,12.206555615733702,9.055385138137416,22.02271554554524,7.0710678118654755,7.280109889280518,3.1622776601683795,15.811388300841896,24.413111231467404,22.360679774997894,24.839484696748443,19.849433241279208,1058.4181593302335,864.4125172624468,678.2403703702693,512.956138475796,468.7707328748244,494.453233380064,654.9144982362202,863.1778495767834,1070.1513911592135,1257.3408447990544,1424.949823678013,1575.883244406133,1632.0471806905584,1700.771883586979,1697.0,1636.0516495514437,1525.216378091974,1372.97632900207,1181.003810324082,1024.6726306484427,854.2271360709633,933.3820225395388,911.4740808163444,1029.5265902345602,1219.340805517473,1424.8540276112496,39.6232255123179,1773.3259711626624,1868.5277627051732,1912.4866012602545,1925.431120554563,1844.572850282688,1752.219449726546,1593.7844898228868,1462.5929030321458,1289.4049014952595,1073.2665093069847,911.063115266994,802.7515182171878,771.8037315276468,833.5328427842541,913.4839900074876,1051.405250129559,1145.284680767188,1237.6703923096811,1315.2946437965904,1359.215214747098,1368.450949066133,1336.569115309792,1287.2684257760695,1207.8017221381992,1122.198289073727,1021.0078354253704,7.615773105863909,19.235384061671343,21.93171219946131,7.0710678118654755,0.0,0.0,0.0,128.0,10.198039027185567,9.899494936611664,8.602325267042627,1128.0004432623243,1076.193755789356,1007.280000794218,912.9211356957402,847.4679934959196,757.0323639052692,713.0112201080709,693.1089380465382,686.4007575753395,699.1337497217539,732.2199123214282,833.7871431006837,870.0678134490438,913.1730394618536,958.4868282871706,928.5709450548192,926.8144366592484,911.1586030982752,822.1636090219513,761.9927821180461,707.4249076757193,664.6540453499098,634.3413907353043,595.5518449303974,598.8472259266131,649.7907355449137,25.942243542145693,762.3398192407373,823.6613381724311,846.8589020610221,869.1662671779203,860.1627752931419,679.3599929345265,615.3056151214614,590.0211860602973,541.7933185265392,469.5955706775778,407.9767150218257,364.1785276481852,349.7785013404912,358.12986471390514,389.16577444580093,453.2240064250789,436.0378423944417,490.71886044862794,521.4719551423643,526.3078946776307,482.9958591955008,467.4120238076894,415.0228909349459,355.58402663786796,298.8812473207377,271.8032376554775,12.36931687685298,24.041630560342615,5.0,16.1245154965971,16.64331697709324,16.401219466856727,2.8284271247461903,3.1622776601683795,7.211102550927978,8.94427190999916,10.770329614269007,346.6064050187186,370.98921817217274,369.1408945104836,368.92546672735944,365.9357867167408,352.0184654247558,360.2179895563241,282.44999557443793,262.1011255221923,258.8609665438187,270.4163456597992,290.3962809679215,317.49803148996057,367.92390517605673,398.0376866579344,364.939721049929,343.7920883324688,376.19144062564743,354.99014070816105,339.0634158973805,304.11346566701053,293.00170647967224,255.76551761330143,238.29603437741048,233.45235059857504,229.7063342618135,11.0,265.9323222175146,307.12212554617423,303.65934861288235,300.2399040767233,299.5413160150032,295.0423698386386,273.23433166423285,263.4008352302627,228.2805291740844,198.4867753781093,158.11388300841898,141.85203558638133,114.28473213863695,137.27709204379295,151.95394038984313,186.60117898877272,224.2008028531566,238.53720883753127,259.5630944491146,289.0069203323685,280.74543629416314,293.4910560817825,271.977940281928,248.7267577081324,210.39486685753528,177.341478509682,0.0,0.0,0.0,0.0,0.0
2025-06-01 18:44:24.398,0,0.0,0.0,0.0,0.0,0.0,0.0,189.4016895383988,106.51291001564084,173.6663467687393,323.02476685232665,466.2670908395745,588.4437101371719,710.6989517369503,811.7598166945688,902.8892512373818,927.4880053132764,953.151614382518,952.8745982551952,927.9789868310596,859.2002094971812,782.811599300879,635.9284550953826,520.7004897251394,358.5219658542556,236.23081932719955,225.7011298155151,362.62515081003414,554.9279232476953,722.8699744767381,859.3794272613233,1001.1698157655374,1103.0113326707028,4.123105625617661,1200.330787741446,1187.8089071900413,1150.5220554165835,1057.5916035975324,946.4893026336854,832.1856763968003,666.3002326279047,522.1800455781512,477.47041793183377,489.6907187194791,614.3687817589692,834.7179164244649,1010.7942421680092,1170.5848965367695,1304.9513400889705,1359.005886668634,1427.4676879005003,1442.338725819979,1392.2966637897257,1306.4769420085454,1208.3976994350826,1048.1393037187377,906.8478372913506,791.2199441369005,728.0061812924394,759.0546752375616,12.206555615733702,9.055385138137416,22.02271554554524,7.0710678118654755,7.280109889280518,3.1622776601683795,15.811388300841896,24.413111231467404,22.360679774997894,24.839484696748443,19.849433241279208,1058.4181593302335,864.4125172624468,678.2403703702693,512.956138475796,468.7707328748244,494.453233380064,654.9144982362202,863.1778495767834,1070.1513911592135,1257.3408447990544,1424.949823678013,1575.883244406133,1632.0471806905584,1700.771883586979,1697.0,1636.0516495514437,1525.216378091974,1372.97632900207,1181.003810324082,1024.6726306484427,854.2271360709633,933.3820225395388,911.4740808163444,1029.5265902345602,1219.340805517473,1424.8540276112496,39.6232255123179,1773.3259711626624,1868.5277627051732,1912.4866012602545,1925.431120554563,1844.572850282688,1752.219449726546,1593.7844898228868,1462.5929030321458,1289.4049014952595,1073.2665093069847,911.063115266994,802.7515182171878,771.8037315276468,833.5328427842541,913.4839900074876,1051.405250129559,1145.284680767188,1237.6703923096811,1315.2946437965904,1359.215214747098,1368.450949066133,1336.569115309792,1287.2684257760695,1207.8017221381992,1122.198289073727,1021.0078354253704,7.615773105863909,19.235384061671343,21.93171219946131,7.0710678118654755,0.0,0.0,0.0,128.0,10.198039027185567,9.899494936611664,8.602325267042627,1128.0004432623243,1076.193755789356,1007.280000794218,912.9211356957402,847.4679934959196,757.0323639052692,713.0112201080709,693.1089380465382,686.4007575753395,699.1337497217539,732.2199123214282,833.7871431006837,870.0678134490438,913.1730394618536,958.4868282871706,928.5709450548192,926.8144366592484,911.1586030982752,822.1636090219513,761.9927821180461,707.4249076757193,664.6540453499098,634.3413907353043,595.5518449303974,598.8472259266131,649.7907355449137,25.942243542145693,762.3398192407373,823.6613381724311,846.8589020610221,869.1662671779203,860.1627752931419,679.3599929345265,615.3056151214614,590.0211860602973,541.7933185265392,469.5955706775778,407.9767150218257,364.1785276481852,349.7785013404912,358.12986471390514,389.16577444580093,453.2240064250789,436.0378423944417,490.71886044862794,521.4719551423643,526.3078946776307,482.9958591955008,467.4120238076894,415.0228909349459,355.58402663786796,298.8812473207377,271.8032376554775,12.36931687685298,24.041630560342615,5.0,16.1245154965971,16.64331697709324,16.401219466856727,2.8284271247461903,3.1622776601683795,7.211102550927978,8.94427190999916,10.770329614269007,346.6064050187186,370.98921817217274,369.1408945104836,368.92546672735944,365.9357867167408,352.0184654247558,360.2179895563241,282.44999557443793,262.1011255221923,258.8609665438187,270.4163456597992,290.3962809679215,317.49803148996057,367.92390517605673,398.0376866579344,364.939721049929,343.7920883324688,376.19144062564743,354.99014070816105,339.0634158973805,304.11346566701053,293.00170647967224,255.76551761330143,238.29603437741048,233.45235059857504,229.7063342618135,11.0,265.9323222175146,307.12212554617423,303.65934861288235,300.2399040767233,299.5413160150032,295.0423698386386,273.23433166423285,263.4008352302627,228.2805291740844,198.4867753781093,158.11388300841898,141.85203558638133,114.28473213863695,137.27709204379295,151.95394038984313,186.60117898877272,224.2008028531566,238.53720883753127,259.5630944491146,289.0069203323685,280.74543629416314,293.4910560817825,271.977940281928,248.7267577081324,210.39486685753528,177.341478509682,0.0,0.0,0.0,0.0,0.0
2025-06-01 18:44:24.403,0,0.0,0.0,0.0,0.0,0.0,0.0,189.4016895383988,106.51291001564084,173.6663467687393,323.02476685232665,466.2670908395745,588.4437101371719,710.6989517369503,811.7598166945688,902.8892512373818,927.4880053132764,953.151614382518,952.8745982551952,927.9789868310596,859.2002094971812,782.811599300879,635.9284550953826,520.7004897251394,358.5219658542556,236.23081932719955,225.7011298155151,362.62515081003414,554.9279232476953,722.8699744767381,859.3794272613233,1001.1698157655374,1103.0113326707028,4.123105625617661,1200.330787741446,1187.8089071900413,1150.5220554165835,1057.5916035975324,946.4893026336854,832.1856763968003,666.3002326279047,522.1800455781512,477.47041793183377,489.6907187194791,614.3687817589692,834.7179164244649,1010.7942421680092,1170.5848965367695,1304.9513400889705,1359.005886668634,1427.4676879005003,1442.338725819979,1392.2966637897257,1306.4769420085454,1208.3976994350826,1048.1393037187377,906.8478372913506,791.2199441369005,728.0061812924394,759.0546752375616,12.206555615733702,9.055385138137416,22.02271554554524,7.0710678118654755,7.280109889280518,3.1622776601683795,15.811388300841896,24.413111231467404,22.360679774997894,24.839484696748443,19.849433241279208,1058.4181593302335,864.4125172624468,678.2403703702693,512.956138475796,468.7707328748244,494.453233380064,654.9144982362202,863.1778495767834,1070.1513911592135,1257.3408447990544,1424.949823678013,1575.883244406133,1632.0471806905584,1700.771883586979,1697.0,1636.0516495514437,1525.216378091974,1372.97632900207,1181.003810324082,1024.6726306484427,854.2271360709633,933.3820225395388,911.4740808163444,1029.5265902345602,1219.340805517473,1424.8540276112496,39.6232255123179,1773.3259711626624,1868.5277627051732,1912.4866012602545,1925.431120554563,1844.572850282688,1752.219449726546,1593.7844898228868,1462.5929030321458,1289.4049014952595,1073.2665093069847,911.063115266994,802.7515182171878,771.8037315276468,833.5328427842541,913.4839900074876,1051.405250129559,1145.284680767188,1237.6703923096811,1315.2946437965904,1359.215214747098,1368.450949066133,1336.569115309792,1287.2684257760695,1207.8017221381992,1122.198289073727,1021.0078354253704,7.615773105863909,19.235384061671343,21.93171219946131,7.0710678118654755,0.0,0.0,0.0,128.0,10.198039027185567,9.899494936611664,8.602325267042627,1128.0004432623243,1076.193755789356,1007.280000794218,912.9211356957402,847.4679934959196,757.0323639052692,713.0112201080709,693.1089380465382,686.4007575753395,699.1337497217539,732.2199123214282,833.7871431006837,870.0678134490438,913.1730394618536,958.4868282871706,928.5709450548192,926.8144366592484,911.1586030982752,822.1636090219513,761.9927821180461,707.4249076757193,664.6540453499098,634.3413907353043,595.5518449303974,598.8472259266131,649.7907355449137,25.942243542145693,762.3398192407373,823.6613381724311,846.8589020610221,869.1662671779203,860.1627752931419,679.3599929345265,615.3056151214614,590.0211860602973,541.7933185265392,469.5955706775778,407.9767150218257,364.1785276481852,349.7785013404912,358.12986471390514,389.16577444580093,453.2240064250789,436.0378423944417,490.71886044862794,521.4719551423643,526.3078946776307,482.9958591955008,467.4120238076894,415.0228909349459,355.58402663786796,298.8812473207377,271.8032376554775,12.36931687685298,24.041630560342615,5.0,16.1245154965971,16.64331697709324,16.401219466856727,2.8284271247461903,3.1622776601683795,7.211102550927978,8.94427190999916,10.770329614269007,346.6064050187186,370.98921817217274,369.1408945104836,368.92546672735944,365.9357867167408,352.0184654247558,360.2179895563241,282.44999557443793,262.1011255221923,258.8609665438187,270.4163456597992,290.3962809679215,317.49803148996057,367.92390517605673,398.0376866579344,364.939721049929,343.7920883324688,376.19144062564743,354.99014070816105,339.0634158973805,304.11346566701053,293.00170647967224,255.76551761330143,238.29603437741048,233.45235059857504,229.7063342618135,11.0,265.9323222175146,307.12212554617423,303.65934861288235,300.2399040767233,299.5413160150032,295.0423698386386,273.23433166423285,263.4008352302627,228.2805291740844,198.4867753781093,158.11388300841898,141.85203558638133,114.28473213863695,137.27709204379295,151.95394038984313,186.60117898877272,224.2008028531566,238.53720883753127,259.5630944491146,289.0069203323685,280.74543629416314,293.4910560817825,271.977940281928,248.7267577081324,210.39486685753528,177.341478509682,0.0,0.0,0.0,0.0,0.0
2025-06-01 18:44:24.406,0,0.0,0.0,0.0,0.0,0.0,0.0,189.4016895383988,106.51291001564084,173.6663467687393,323.02476685232665,466.2670908395745,588.4437101371719,710.6989517369503,811.7598166945688,902.8892512373818,927.4880053132764,953.151614382518,952.8745982551952,927.9789868310596,859.2002094971812,782.811599300879,635.9284550953826,520.7004897251394,358.5219658542556,236.23081932719955,225.7011298155151,362.62515081003414,554.9279232476953,722.8699744767381,859.3794272613233,1001.1698157655374,1103.0113326707028,4.123105625617661,1200.330787741446,1187.8089071900413,1150.5220554165835,1057.5916035975324,946.4893026336854,832.1856763968003,666.3002326279047,522.1800455781512,477.47041793183377,489.6907187194791,614.3687817589692,834.7179164244649,1010.7942421680092,1170.5848965367695,1304.9513400889705,1359.005886668634,1427.4676879005003,1442.338725819979,1392.2966637897257,1306.4769420085454,1208.3976994350826,1048.1393037187377,906.8478372913506,791.2199441369005,728.0061812924394,759.0546752375616,12.206555615733702,9.055385138137416,22.02271554554524,7.0710678118654755,7.280109889280518,3.1622776601683795,15.811388300841896,24.413111231467404,22.360679774997894,24.839484696748443,19.849433241279208,1058.4181593302335,864.4125172624468,678.2403703702693,512.956138475796,468.7707328748244,494.453233380064,654.9144982362202,863.1778495767834,1070.1513911592135,1257.3408447990544,1424.949823678013,1575.883244406133,1632.0471806905584,1700.771883586979,1697.0,1636.0516495514437,1525.216378091974,1372.97632900207,1181.003810324082,1024.6726306484427,854.2271360709633,933.3820225395388,911.4740808163444,1029.5265902345602,1219.340805517473,1424.8540276112496,39.6232255123179,1773.3259711626624,1868.5277627051732,1912.4866012602545,1925.431120554563,1844.572850282688,1752.219449726546,1593.7844898228868,1462.5929030321458,1289.4049014952595,1073.2665093069847,911.063115266994,802.7515182171878,771.8037315276468,833.5328427842541,913.4839900074876,1051.405250129559,1145.284680767188,1237.6703923096811,1315.2946437965904,1359.215214747098,1368.450949066133,1336.569115309792,1287.2684257760695,1207.8017221381992,1122.198289073727,1021.0078354253704,7.615773105863909,19.235384061671343,21.93171219946131,7.0710678118654755,0.0,0.0,0.0,128.0,10.198039027185567,9.899494936611664,8.602325267042627,1128.0004432623243,1076.193755789356,1007.280000794218,912.9211356957402,847.4679934959196,757.0323639052692,713.0112201080709,693.1089380465382,686.4007575753395,699.1337497217539,732.2199123214282,833.7871431006837,870.0678134490438,913.1730394618536,958.4868282871706,928.5709450548192,926.8144366592484,911.1586030982752,822.1636090219513,761.9927821180461,707.4249076757193,664.6540453499098,634.3413907353043,595.5518449303974,598.8472259266131,649.7907355449137,25.942243542145693,762.3398192407373,823.6613381724311,846.8589020610221,869.1662671779203,860.1627752931419,679.3599929345265,615.3056151214614,590.0211860602973,541.7933185265392,469.5955706775778,407.9767150218257,364.1785276481852,349.7785013404912,358.12986471390514,389.16577444580093,453.2240064250789,436.0378423944417,490.71886044862794,521.4719551423643,526.3078946776307,482.9958591955008,467.4120238076894,415.0228909349459,355.58402663786796,298.8812473207377,271.8032376554775,12.36931687685298,24.041630560342615,5.0,16.1245154965971,16.64331697709324,16.401219466856727,2.8284271247461903,3.1622776601683795,7.211102550927978,8.94427190999916,10.770329614269007,346.6064050187186,370.98921817217274,369.1408945104836,368.92546672735944,365.9357867167408,352.0184654247558,360.2179895563241,282.44999557443793,262.1011255221923,258.8609665438187,270.4163456597992,290.3962809679215,317.49803148996057,367.92390517605673,398.0376866579344,364.939721049929,343.7920883324688,376.19144062564743,354.99014070816105,339.0634158973805,304.11346566701053,293.00170647967224,255.76551761330143,238.29603437741048,233.45235059857504,229.7063342618135,11.0,265.9323222175146,307.12212554617423,303.65934861288235,300.2399040767233,299.5413160150032,295.0423698386386,273.23433166423285,263.4008352302627,228.2805291740844,198.4867753781093,158.11388300841898,141.85203558638133,114.28473213863695,137.27709204379295,151.95394038984313,186.60117898877272,224.2008028531566,238.53720883753127,259.5630944491146,289.0069203323685,280.74543629416314,293.4910560817825,271.977940281928,248.7267577081324,210.39486685753528,177.341478509682,0.0,0.0,0.0,0.0,0.0
2025-06-01 18:44:24.409,0,0.0,0.0,0.0,0.0,0.0,0.0,189.4016895383988,106.51291001564084,173.6663467687393,323.02476685232665,466.2670908395745,588.4437101371719,710.6989517369503,811.7598166945688,902.8892512373818,927.4880053132764,953.151614382518,952.8745982551952,927.9789868310596,859.2002094971812,782.811599300879,635.9284550953826,520.7004897251394,358.5219658542556,236.23081932719955,225.7011298155151,362.62515081003414,554.9279232476953,722.8699744767381,859.3794272613233,1001.1698157655374,1103.0113326707028,4.123105625617661,1200.330787741446,1187.8089071900413,1150.5220554165835,1057.5916035975324,946.4893026336854,832.1856763968003,666.3002326279047,522.1800455781512,477.47041793183377,489.6907187194791,614.3687817589692,834.7179164244649,1010.7942421680092,1170.5848965367695,1304.9513400889705,1359.005886668634,1427.4676879005003,1442.338725819979,1392.2966637897257,1306.4769420085454,1208.3976994350826,1048.1393037187377,906.8478372913506,791.2199441369005,728.0061812924394,759.0546752375616,12.206555615733702,9.055385138137416,22.02271554554524,7.0710678118654755,7.280109889280518,3.1622776601683795,15.811388300841896,24.413111231467404,22.360679774997894,24.839484696748443,19.849433241279208,1058.4181593302335,864.4125172624468,678.2403703702693,512.956138475796,468.7707328748244,494.453233380064,654.9144982362202,863.1778495767834,1070.1513911592135,1257.3408447990544,1424.949823678013,1575.883244406133,1632.0471806905584,1700.771883586979,1697.0,1636.0516495514437,1525.216378091974,1372.97632900207,1181.003810324082,1024.6726306484427,854.2271360709633,933.3820225395388,911.4740808163444,1029.5265902345602,1219.340805517473,1424.8540276112496,39.6232255123179,1773.3259711626624,1868.5277627051732,1912.4866012602545,1925.431120554563,1844.572850282688,1752.219449726546,1593.7844898228868,1462.5929030321458,1289.4049014952595,1073.2665093069847,911.063115266994,802.7515182171878,771.8037315276468,833.5328427842541,913.4839900074876,1051.405250129559,1145.284680767188,1237.6703923096811,1315.2946437965904,1359.215214747098,1368.450949066133,1336.569115309792,1287.2684257760695,1207.8017221381992,1122.198289073727,1021.0078354253704,7.615773105863909,19.235384061671343,21.93171219946131,7.0710678118654755,0.0,0.0,0.0,128.0,10.198039027185567,9.899494936611664,8.602325267042627,1128.0004432623243,1076.193755789356,1007.280000794218,912.9211356957402,847.4679934959196,757.0323639052692,713.0112201080709,693.1089380465382,686.4007575753395,699.1337497217539,732.2199123214282,833.7871431006837,870.0678134490438,913.1730394618536,958.4868282871706,928.5709450548192,926.8144366592484,911.1586030982752,822.1636090219513,761.9927821180461,707.4249076757193,664.6540453499098,634.3413907353043,595.5518449303974,598.8472259266131,649.7907355449137,25.942243542145693,762.3398192407373,823.6613381724311,846.8589020610221,869.1662671779203,860.1627752931419,679.3599929345265,615.3056151214614,590.0211860602973,541.7933185265392,469.5955706775778,407.9767150218257,364.1785276481852,349.7785013404912,358.12986471390514,389.16577444580093,453.2240064250789,436.0378423944417,490.71886044862794,521.4719551423643,526.3078946776307,482.9958591955008,467.4120238076894,415.0228909349459,355.58402663786796,298.8812473207377,271.8032376554775,12.36931687685298,24.041630560342615,5.0,16.1245154965971,16.64331697709324,16.401219466856727,2.8284271247461903,3.1622776601683795,7.211102550927978,8.94427190999916,10.770329614269007,346.6064050187186,370.98921817217274,369.1408945104836,368.92546672735944,365.9357867167408,352.0184654247558,360.2179895563241,282.44999557443793,262.1011255221923,258.8609665438187,270.4163456597992,290.3962809679215,317.49803148996057,367.92390517605673,398.0376866579344,364.939721049929,343.7920883324688,376.19144062564743,354.99014070816105,339.0634158973805,304.11346566701053,293.00170647967224,255.76551761330143,238.29603437741048,233.45235059857504,229.7063342618135,11.0,265.9323222175146,307.12212554617423,303.65934861288235,300.2399040767233,299.5413160150032,295.0423698386386,273.23433166423285,263.4008352302627,228.2805291740844,198.4867753781093,158.11388300841898,141.85203558638133,114.28473213863695,137.27709204379295,151.95394038984313,186.60117898877272,224.2008028531566,238.53720883753127,259.5630944491146,289.0069203323685,280.74543629416314,293.4910560817825,271.977940281928,248.7267577081324,210.39486685753528,177.341478509682,0.0,0.0,0.0,0.0,0.0
2025-06-01 18:44:24.412,0,0.0,0.0,0.0,0.0,0.0,0.0,189.4016895383988,106.51291001564084,173.6663467687393,323.02476685232665,466.2670908395745,588.4437101371719,710.6989517369503,811.7598166945688,902.8892512373818,927.4880053132764,953.151614382518,952.8745982551952,927.9789868310596,859.2002094971812,782.811599300879,635.9284550953826,520.7004897251394,358.5219658542556,236.23081932719955,225.7011298155151,362.62515081003414,554.9279232476953,722.8699744767381,859.3794272613233,1001.1698157655374,1103.0113326707028,4.123105625617661,1200.330787741446,1187.8089071900413,1150.5220554165835,1057.5916035975324,946.4893026336854,832.1856763968003,666.3002326279047,522.1800455781512,477.47041793183377,489.6907187194791,614.3687817589692,834.7179164244649,1010.7942421680092,1170.5848965367695,1304.9513400889705,1359.005886668634,1427.4676879005003,1442.338725819979,1392.2966637897257,1306.4769420085454,1208.3976994350826,1048.1393037187377,906.8478372913506,791.2199441369005,728.0061812924394,759.0546752375616,12.206555615733702,9.055385138137416,22.02271554554524,7.0710678118654755,7.280109889280518,3.1622776601683795,15.811388300841896,24.413111231467404,22.360679774997894,24.839484696748443,19.849433241279208,1058.4181593302335,864.4125172624468,678.2403703702693,512.956138475796,468.7707328748244,494.453233380064,654.9144982362202,863.1778495767834,1070.1513911592135,1257.3408447990544,1424.949823678013,1575.883244406133,1632.0471806905584,1700.771883586979,1697.0,1636.0516495514437,1525.216378091974,1372.97632900207,1181.003810324082,1024.6726306484427,854.2271360709633,933.3820225395388,911.4740808163444,1029.5265902345602,1219.340805517473,1424.8540276112496,39.6232255123179,1773.3259711626624,1868.5277627051732,1912.4866012602545,1925.431120554563,1844.572850282688,1752.219449726546,1593.7844898228868,1462.5929030321458,1289.4049014952595,1073.2665093069847,911.063115266994,802.7515182171878,771.8037315276468,833.5328427842541,913.4839900074876,1051.405250129559,1145.284680767188,1237.6703923096811,1315.2946437965904,1359.215214747098,1368.450949066133,1336.569115309792,1287.2684257760695,1207.8017221381992,1122.198289073727,1021.0078354253704,7.615773105863909,19.235384061671343,21.93171219946131,7.0710678118654755,0.0,0.0,0.0,128.0,10.198039027185567,9.899494936611664,8.602325267042627,1128.0004432623243,1076.193755789356,1007.280000794218,912.9211356957402,847.4679934959196,757.0323639052692,713.0112201080709,693.1089380465382,686.4007575753395,699.1337497217539,732.2199123214282,833.7871431006837,870.0678134490438,913.1730394618536,958.4868282871706,928.5709450548192,926.8144366592484,911.1586030982752,822.1636090219513,761.9927821180461,707.4249076757193,664.6540453499098,634.3413907353043,595.5518449303974,598.8472259266131,649.7907355449137,25.942243542145693,762.3398192407373,823.6613381724311,846.8589020610221,869.1662671779203,860.1627752931419,679.3599929345265,615.3056151214614,590.0211860602973,541.7933185265392,469.5955706775778,407.9767150218257,364.1785276481852,349.7785013404912,358.12986471390514,389.16577444580093,453.2240064250789,436.0378423944417,490.71886044862794,521.4719551423643,526.3078946776307,482.9958591955008,467.4120238076894,415.0228909349459,355.58402663786796,298.8812473207377,271.8032376554775,12.36931687685298,24.041630560342615,5.0,16.1245154965971,16.64331697709324,16.401219466856727,2.8284271247461903,3.1622776601683795,7.211102550927978,8.94427190999916,10.770329614269007,346.6064050187186,370.98921817217274,369.1408945104836,368.92546672735944,365.9357867167408,352.0184654247558,360.2179895563241,282.44999557443793,262.1011255221923,258.8609665438187,270.4163456597992,290.3962809679215,317.49803148996057,367.92390517605673,398.0376866579344,364.939721049929,343.7920883324688,376.19144062564743,354.99014070816105,339.0634158973805,304.11346566701053,293.00170647967224,255.76551761330143,238.29603437741048,233.45235059857504,229.7063342618135,11.0,265.9323222175146,307.12212554617423,303.65934861288235,300.2399040767233,299.5413160150032,295.0423698386386,273.23433166423285,263.4008352302627,228.2805291740844,198.4867753781093,158.11388300841898,141.85203558638133,114.28473213863695,137.27709204379295,151.95394038984313,186.60117898877272,224.2008028531566,238.53720883753127,259.5630944491146,289.0069203323685,280.74543629416314,293.4910560817825,271.977940281928,248.7267577081324,210.39486685753528,177.341478509682,0.0,0.0,0.0,0.0,0.0
2025-06-01 18:44:24.416,0,0.0,0.0,0.0,0.0,0.0,0.0,189.4016895383988,106.51291001564084,173.6663467687393,323.02476685232665,466.2670908395745,588.4437101371719,710.6989517369503,811.7598166945688,902.8892512373818,927.4880053132764,953.151614382518,952.8745982551952,927.9789868310596,859.2002094971812,782.811599300879,635.9284550953826,520.7004897251394,358.5219658542556,236.23081932719955,225.7011298155151,362.62515081003414,554.9279232476953,722.8699744767381,859.3794272613233,1001.1698157655374,1103.0113326707028,4.123105625617661,1200.330787741446,1187.8089071900413,1150.5220554165835,1057.5916035975324,946.4893026336854,832.1856763968003,666.3002326279047,522.1800455781512,477.47041793183377,489.6907187194791,614.3687817589692,834.7179164244649,1010.7942421680092,1170.5848965367695,1304.9513400889705,1359.005886668634,1427.4676879005003,1442.338725819979,1392.2966637897257,1306.4769420085454,1208.3976994350826,1048.1393037187377,906.8478372913506,791.2199441369005,728.0061812924394,759.0546752375616,12.206555615733702,9.055385138137416,22.02271554554524,7.0710678118654755,7.280109889280518,3.1622776601683795,15.811388300841896,24.413111231467404,22.360679774997894,24.839484696748443,19.849433241279208,1058.4181593302335,864.4125172624468,678.2403703702693,512.956138475796,468.7707328748244,494.453233380064,654.9144982362202,863.1778495767834,1070.1513911592135,1257.3408447990544,1424.949823678013,1575.883244406133,1632.0471806905584,1700.771883586979,1697.0,1636.0516495514437,1525.216378091974,1372.97632900207,1181.003810324082,1024.6726306484427,854.2271360709633,933.3820225395388,911.4740808163444,1029.5265902345602,1219.340805517473,1424.8540276112496,39.6232255123179,1773.3259711626624,1868.5277627051732,1912.4866012602545,1925.431120554563,1844.572850282688,1752.219449726546,1593.7844898228868,1462.5929030321458,1289.4049014952595,1073.2665093069847,911.063115266994,802.7515182171878,771.8037315276468,833.5328427842541,913.4839900074876,1051.405250129559,1145.284680767188,1237.6703923096811,1315.2946437965904,1359.215214747098,1368.450949066133,1336.569115309792,1287.2684257760695,1207.8017221381992,1122.198289073727,1021.0078354253704,7.615773105863909,19.235384061671343,21.93171219946131,7.0710678118654755,0.0,0.0,0.0,128.0,10.198039027185567,9.899494936611664,8.602325267042627,1128.0004432623243,1076.193755789356,1007.280000794218,912.9211356957402,847.4679934959196,757.0323639052692,713.0112201080709,693.1089380465382,686.4007575753395,699.1337497217539,732.2199123214282,833.7871431006837,870.0678134490438,913.1730394618536,958.4868282871706,928.5709450548192,926.8144366592484,911.1586030982752,822.1636090219513,761.9927821180461,707.4249076757193,664.6540453499098,634.3413907353043,595.5518449303974,598.8472259266131,649.7907355449137,25.942243542145693,762.3398192407373,823.6613381724311,846.8589020610221,869.1662671779203,860.1627752931419,679.3599929345265,615.3056151214614,590.0211860602973,541.7933185265392,469.5955706775778,407.9767150218257,364.1785276481852,349.7785013404912,358.12986471390514,389.16577444580093,453.2240064250789,436.0378423944417,490.71886044862794,521.4719551423643,526.3078946776307,482.9958591955008,467.4120238076894,415.0228909349459,355.58402663786796,298.8812473207377,271.8032376554775,12.36931687685298,24.041630560342615,5.0,16.1245154965971,16.64331697709324,16.401219466856727,2.8284271247461903,3.1622776601683795,7.211102550927978,8.94427190999916,10.770329614269007,346.6064050187186,370.98921817217274,369.1408945104836,368.92546672735944,365.9357867167408,352.0184654247558,360.2179895563241,282.44999557443793,262.1011255221923,258.8609665438187,270.4163456597992,290.3962809679215,317.49803148996057,367.92390517605673,398.0376866579344,364.939721049929,343.7920883324688,376.19144062564743,354.99014070816105,339.0634158973805,304.11346566701053,293.00170647967224,255.76551761330143,238.29603437741048,233.45235059857504,229.7063342618135,11.0,265.9323222175146,307.12212554617423,303.65934861288235,300.2399040767233,299.5413160150032,295.0423698386386,273.23433166423285,263.4008352302627,228.2805291740844,198.4867753781093,158.11388300841898,141.85203558638133,114.28473213863695,137.27709204379295,151.95394038984313,186.60117898877272,224.2008028531566,238.53720883753127,259.5630944491146,289.0069203323685,280.74543629416314,293.4910560817825,271.977940281928,248.7267577081324,210.39486685753528,177.341478509682,0.0,0.0,0.0,0.0,0.0
2025-06-01 18:44:24.419,0,0.0,0.0,0.0,0.0,0.0,0.0,189.4016895383988,106.51291001564084,173.6663467687393,323.02476685232665,466.2670908395745,588.4437101371719,710.6989517369503,811.7598166945688,902.8892512373818,927.4880053132764,953.151614382518,952.8745982551952,927.9789868310596,859.2002094971812,782.811599300879,635.9284550953826,520.7004897251394,358.5219658542556,236.23081932719955,225.7011298155151,362.62515081003414,554.9279232476953,722.8699744767381,859.3794272613233,1001.1698157655374,1103.0113326707028,4.123105625617661,1200.330787741446,1187.8089071900413,1150.5220554165835,1057.5916035975324,946.4893026336854,832.1856763968003,666.3002326279047,522.1800455781512,477.47041793183377,489.6907187194791,614.3687817589692,834.7179164244649,1010.7942421680092,1170.5848965367695,1304.9513400889705,1359.005886668634,1427.4676879005003,1442.338725819979,1392.2966637897257,1306.4769420085454,1208.3976994350826,1048.1393037187377,906.8478372913506,791.2199441369005,728.0061812924394,759.0546752375616,12.206555615733702,9.055385138137416,22.02271554554524,7.0710678118654755,7.280109889280518,3.1622776601683795,15.811388300841896,24.413111231467404,22.360679774997894,24.839484696748443,19.849433241279208,1058.4181593302335,864.4125172624468,678.2403703702693,512.956138475796,468.7707328748244,494.453233380064,654.9144982362202,863.1778495767834,1070.1513911592135,1257.3408447990544,1424.949823678013,1575.883244406133,1632.0471806905584,1700.771883586979,1697.0,1636.0516495514437,1525.216378091974,1372.97632900207,1181.003810324082,1024.6726306484427,854.2271360709633,933.3820225395388,911.4740808163444,1029.5265902345602,1219.340805517473,1424.8540276112496,39.6232255123179,1773.3259711626624,1868.5277627051732,1912.4866012602545,1925.431120554563,1844.572850282688,1752.219449726546,1593.7844898228868,1462.5929030321458,1289.4049014952595,1073.2665093069847,911.063115266994,802.7515182171878,771.8037315276468,833.5328427842541,913.4839900074876,1051.405250129559,1145.284680767188,1237.6703923096811,1315.2946437965904,1359.215214747098,1368.450949066133,1336.569115309792,1287.2684257760695,1207.8017221381992,1122.198289073727,1021.0078354253704,7.615773105863909,19.235384061671343,21.93171219946131,7.0710678118654755,0.0,0.0,0.0,128.0,10.198039027185567,9.899494936611664,8.602325267042627,1128.0004432623243,1076.193755789356,1007.280000794218,912.9211356957402,847.4679934959196,757.0323639052692,713.0112201080709,693.1089380465382,686.4007575753395,699.1337497217539,732.2199123214282,833.7871431006837,870.0678134490438,913.1730394618536,958.4868282871706,928.5709450548192,926.8144366592484,911.1586030982752,822.1636090219513,761.9927821180461,707.4249076757193,664.6540453499098,634.3413907353043,595.5518449303974,598.8472259266131,649.7907355449137,25.942243542145693,762.3398192407373,823.6613381724311,846.8589020610221,869.1662671779203,860.1627752931419,679.3599929345265,615.3056151214614,590.0211860602973,541.7933185265392,469.5955706775778,407.9767150218257,364.1785276481852,349.7785013404912,358.12986471390514,389.16577444580093,453.2240064250789,436.0378423944417,490.71886044862794,521.4719551423643,526.3078946776307,482.9958591955008,467.4120238076894,415.0228909349459,355.58402663786796,298.8812473207377,271.8032376554775,12.36931687685298,24.041630560342615,5.0,16.1245154965971,16.64331697709324,16.401219466856727,2.8284271247461903,3.1622776601683795,7.211102550927978,8.94427190999916,10.770329614269007,346.6064050187186,370.98921817217274,369.1408945104836,368.92546672735944,365.9357867167408,352.0184654247558,360.2179895563241,282.44999557443793,262.1011255221923,258.8609665438187,270.4163456597992,290.3962809679215,317.49803148996057,367.92390517605673,398.0376866579344,364.939721049929,343.7920883324688,376.19144062564743,354.99014070816105,339.0634158973805,304.11346566701053,293.00170647967224,255.76551761330143,238.29603437741048,233.45235059857504,229.7063342618135,11.0,265.9323222175146,307.12212554617423,303.65934861288235,300.2399040767233,299.5413160150032,295.0423698386386,273.23433166423285,263.4008352302627,228.2805291740844,198.4867753781093,158.11388300841898,141.85203558638133,114.28473213863695,137.27709204379295,151.95394038984313,186.60117898877272,224.2008028531566,238.53720883753127,259.5630944491146,289.0069203323685,280.74543629416314,293.4910560817825,271.977940281928,248.7267577081324,210.39486685753528,177.341478509682,0.0,0.0,0.0,0.0,0.0
2025-06-01 18:44:24.424,0,0.0,0.0,0.0,0.0,0.0,0.0,189.4016895383988,106.51291001564084,173.6663467687393,323.02476685232665,466.2670908395745,588.4437101371719,710.6989517369503,811.7598166945688,902.8892512373818,927.4880053132764,953.151614382518,952.8745982551952,927.9789868310596,859.2002094971812,782.811599300879,635.9284550953826,520.7004897251394,358.5219658542556,236.23081932719955,225.7011298155151,362.62515081003414,554.9279232476953,722.8699744767381,859.3794272613233,1001.1698157655374,1103.0113326707028,4.123105625617661,1200.330787741446,1187.8089071900413,1150.5220554165835,1057.5916035975324,946.4893026336854,832.1856763968003,666.3002326279047,522.1800455781512,477.47041793183377,489.6907187194791,614.3687817589692,834.7179164244649,1010.7942421680092,1170.5848965367695,1304.9513400889705,1359.005886668634,1427.4676879005003,1442.338725819979,1392.2966637897257,1306.4769420085454,1208.3976994350826,1048.1393037187377,906.8478372913506,791.2199441369005,728.0061812924394,759.0546752375616,12.206555615733702,9.055385138137416,22.02271554554524,7.0710678118654755,7.280109889280518,3.1622776601683795,15.811388300841896,24.413111231467404,22.360679774997894,24.839484696748443,19.849433241279208,1058.4181593302335,864.4125172624468,678.2403703702693,512.956138475796,468.7707328748244,494.453233380064,654.9144982362202,863.1778495767834,1070.1513911592135,1257.3408447990544,1424.949823678013,1575.883244406133,1632.0471806905584,1700.771883586979,1697.0,1636.0516495514437,1525.216378091974,1372.97632900207,1181.003810324082,1024.6726306484427,854.2271360709633,933.3820225395388,911.4740808163444,1029.5265902345602,1219.340805517473,1424.8540276112496,39.6232255123179,1773.3259711626624,1868.5277627051732,1912.4866012602545,1925.431120554563,1844.572850282688,1752.219449726546,1593.7844898228868,1462.5929030321458,1289.4049014952595,1073.2665093069847,911.063115266994,802.7515182171878,771.8037315276468,833.5328427842541,913.4839900074876,1051.405250129559,1145.284680767188,1237.6703923096811,1315.2946437965904,1359.215214747098,1368.450949066133,1336.569115309792,1287.2684257760695,1207.8017221381992,1122.198289073727,1021.0078354253704,7.615773105863909,19.235384061671343,21.93171219946131,7.0710678118654755,0.0,0.0,0.0,128.0,10.198039027185567,9.899494936611664,8.602325267042627,1128.0004432623243,1076.193755789356,1007.280000794218,912.9211356957402,847.4679934959196,757.0323639052692,713.0112201080709,693.1089380465382,686.4007575753395,699.1337497217539,732.2199123214282,833.7871431006837,870.0678134490438,913.1730394618536,958.4868282871706,928.5709450548192,926.8144366592484,911.1586030982752,822.1636090219513,761.9927821180461,707.4249076757193,664.6540453499098,634.3413907353043,595.5518449303974,598.8472259266131,649.7907355449137,25.942243542145693,762.3398192407373,823.6613381724311,846.8589020610221,869.1662671779203,860.1627752931419,679.3599929345265,615.3056151214614,590.0211860602973,541.7933185265392,469.5955706775778,407.9767150218257,364.1785276481852,349.7785013404912,358.12986471390514,389.16577444580093,453.2240064250789,436.0378423944417,490.71886044862794,521.4719551423643,526.3078946776307,482.9958591955008,467.4120238076894,415.0228909349459,355.58402663786796,298.8812473207377,271.8032376554775,12.36931687685298,24.041630560342615,5.0,16.1245154965971,16.64331697709324,16.401219466856727,2.8284271247461903,3.1622776601683795,7.211102550927978,8.94427190999916,10.770329614269007,346.6064050187186,370.98921817217274,369.1408945104836,368.92546672735944,365.9357867167408,352.0184654247558,360.2179895563241,282.44999557443793,262.1011255221923,258.8609665438187,270.4163456597992,290.3962809679215,317.49803148996057,367.92390517605673,398.0376866579344,364.939721049929,343.7920883324688,376.19144062564743,354.99014070816105,339.0634158973805,304.11346566701053,293.00170647967224,255.76551761330143,238.29603437741048,233.45235059857504,229.7063342618135,11.0,265.9323222175146,307.12212554617423,303.65934861288235,300.2399040767233,299.5413160150032,295.0423698386386,273.23433166423285,263.4008352302627,228.2805291740844,198.4867753781093,158.11388300841898,141.85203558638133,114.28473213863695,137.27709204379295,151.95394038984313,186.60117898877272,224.2008028531566,238.53720883753127,259.5630944491146,289.0069203323685,280.74543629416314,293.4910560817825,271.977940281928,248.7267577081324,210.39486685753528,177.341478509682,0.0,0.0,0.0,0.0,0.0
2025-06-01 18:44:24.427,0,0.0,0.0,0.0,0.0,0.0,0.0,189.4016895383988,106.51291001564084,173.6663467687393,323.02476685232665,466.2670908395745,588.4437101371719,710.6989517369503,811.7598166945688,902.8892512373818,927.4880053132764,953.151614382518,952.8745982551952,927.9789868310596,859.2002094971812,782.811599300879,635.9284550953826,520.7004897251394,358.5219658542556,236.23081932719955,225.7011298155151,362.62515081003414,554.9279232476953,722.8699744767381,859.3794272613233,1001.1698157655374,1103.0113326707028,4.123105625617661,1200.330787741446,1187.8089071900413,1150.5220554165835,1057.5916035975324,946.4893026336854,832.1856763968003,666.3002326279047,522.1800455781512,477.47041793183377,489.6907187194791,614.3687817589692,834.7179164244649,1010.7942421680092,1170.5848965367695,1304.9513400889705,1359.005886668634,1427.4676879005003,1442.338725819979,1392.2966637897257,1306.4769420085454,1208.3976994350826,1048.1393037187377,906.8478372913506,791.2199441369005,728.0061812924394,759.0546752375616,12.206555615733702,9.055385138137416,22.02271554554524,7.0710678118654755,7.280109889280518,3.1622776601683795,15.811388300841896,24.413111231467404,22.360679774997894,24.839484696748443,19.849433241279208,1058.4181593302335,864.4125172624468,678.2403703702693,512.956138475796,468.7707328748244,494.453233380064,654.9144982362202,863.1778495767834,1070.1513911592135,1257.3408447990544,1424.949823678013,1575.883244406133,1632.0471806905584,1700.771883586979,1697.0,1636.0516495514437,1525.216378091974,1372.97632900207,1181.003810324082,1024.6726306484427,854.2271360709633,933.3820225395388,911.4740808163444,1029.5265902345602,1219.340805517473,1424.8540276112496,39.6232255123179,1773.3259711626624,1868.5277627051732,1912.4866012602545,1925.431120554563,1844.572850282688,1752.219449726546,1593.7844898228868,1462.5929030321458,1289.4049014952595,1073.2665093069847,911.063115266994,802.7515182171878,771.8037315276468,833.5328427842541,913.4839900074876,1051.405250129559,1145.284680767188,1237.6703923096811,1315.2946437965904,1359.215214747098,1368.450949066133,1336.569115309792,1287.2684257760695,1207.8017221381992,1122.198289073727,1021.0078354253704,7.615773105863909,19.235384061671343,21.93171219946131,7.0710678118654755,0.0,0.0,0.0,128.0,10.198039027185567,9.899494936611664,8.602325267042627,1128.0004432623243,1076.193755789356,1007.280000794218,912.9211356957402,847.4679934959196,757.0323639052692,713.0112201080709,693.1089380465382,686.4007575753395,699.1337497217539,732.2199123214282,833.7871431006837,870.0678134490438,913.1730394618536,958.4868282871706,928.5709450548192,926.8144366592484,911.1586030982752,822.1636090219513,761.9927821180461,707.4249076757193,664.6540453499098,634.3413907353043,595.5518449303974,598.8472259266131,649.7907355449137,25.942243542145693,762.3398192407373,823.6613381724311,846.8589020610221,869.1662671779203,860.1627752931419,679.3599929345265,615.3056151214614,590.0211860602973,541.7933185265392,469.5955706775778,407.9767150218257,364.1785276481852,349.7785013404912,358.12986471390514,389.16577444580093,453.2240064250789,436.0378423944417,490.71886044862794,521.4719551423643,526.3078946776307,482.9958591955008,467.4120238076894,415.0228909349459,355.58402663786796,298.8812473207377,271.8032376554775,12.36931687685298,24.041630560342615,5.0,16.1245154965971,16.64331697709324,16.401219466856727,2.8284271247461903,3.1622776601683795,7.211102550927978,8.94427190999916,10.770329614269007,346.6064050187186,370.98921817217274,369.1408945104836,368.92546672735944,365.9357867167408,352.0184654247558,360.2179895563241,282.44999557443793,262.1011255221923,258.8609665438187,270.4163456597992,290.3962809679215,317.49803148996057,367.92390517605673,398.0376866579344,364.939721049929,343.7920883324688,376.19144062564743,354.99014070816105,339.0634158973805,304.11346566701053,293.00170647967224,255.76551761330143,238.29603437741048,233.45235059857504,229.7063342618135,11.0,265.9323222175146,307.12212554617423,303.65934861288235,300.2399040767233,299.5413160150032,295.0423698386386,273.23433166423285,263.4008352302627,228.2805291740844,198.4867753781093,158.11388300841898,141.85203558638133,114.28473213863695,137.27709204379295,151.95394038984313,186.60117898877272,224.2008028531566,238.53720883753127,259.5630944491146,289.0069203323685,280.74543629416314,293.4910560817825,271.977940281928,248.7267577081324,210.39486685753528,177.341478509682,0.0,0.0,0.0,0.0,0.0
2025-06-01 18:44:24.431,0,0.0,0.0,0.0,0.0,0.0,0.0,189.4016895383988,106.51291001564084,173.6663467687393,323.02476685232665,466.2670908395745,588.4437101371719,710.6989517369503,811.7598166945688,902.8892512373818,927.4880053132764,953.151614382518,952.8745982551952,927.9789868310596,859.2002094971812,782.811599300879,635.9284550953826,520.7004897251394,358.5219658542556,236.23081932719955,225.7011298155151,362.62515081003414,554.9279232476953,722.8699744767381,859.3794272613233,1001.1698157655374,1103.0113326707028,4.123105625617661,1200.330787741446,1187.8089071900413,1150.5220554165835,1057.5916035975324,946.4893026336854,832.1856763968003,666.3002326279047,522.1800455781512,477.47041793183377,489.6907187194791,614.3687817589692,834.7179164244649,1010.7942421680092,1170.5848965367695,1304.9513400889705,1359.005886668634,1427.4676879005003,1442.338725819979,1392.2966637897257,1306.4769420085454,1208.3976994350826,1048.1393037187377,906.8478372913506,791.2199441369005,728.0061812924394,759.0546752375616,12.206555615733702,9.055385138137416,22.02271554554524,7.0710678118654755,7.280109889280518,3.1622776601683795,15.811388300841896,24.413111231467404,22.360679774997894,24.839484696748443,19.849433241279208,1058.4181593302335,864.4125172624468,678.2403703702693,512.956138475796,468.7707328748244,494.453233380064,654.9144982362202,863.1778495767834,1070.1513911592135,1257.3408447990544,1424.949823678013,1575.883244406133,1632.0471806905584,1700.771883586979,1697.0,1636.0516495514437,1525.216378091974,1372.97632900207,1181.003810324082,1024.6726306484427,854.2271360709633,933.3820225395388,911.4740808163444,1029.5265902345602,1219.340805517473,1424.8540276112496,39.6232255123179,1773.3259711626624,1868.5277627051732,1912.4866012602545,1925.431120554563,1844.572850282688,1752.219449726546,1593.7844898228868,1462.5929030321458,1289.4049014952595,1073.2665093069847,911.063115266994,802.7515182171878,771.8037315276468,833.5328427842541,913.4839900074876,1051.405250129559,1145.284680767188,1237.6703923096811,1315.2946437965904,1359.215214747098,1368.450949066133,1336.569115309792,1287.2684257760695,1207.8017221381992,1122.198289073727,1021.0078354253704,7.615773105863909,19.235384061671343,21.93171219946131,7.0710678118654755,0.0,0.0,0.0,128.0,10.198039027185567,9.899494936611664,8.602325267042627,1128.0004432623243,1076.193755789356,1007.280000794218,912.9211356957402,847.4679934959196,757.0323639052692,713.0112201080709,693.1089380465382,686.4007575753395,699.1337497217539,732.2199123214282,833.7871431006837,870.0678134490438,913.1730394618536,958.4868282871706,928.5709450548192,926.8144366592484,911.1586030982752,822.1636090219513,761.9927821180461,707.4249076757193,664.6540453499098,634.3413907353043,595.5518449303974,598.8472259266131,649.7907355449137,25.942243542145693,762.3398192407373,823.6613381724311,846.8589020610221,869.1662671779203,860.1627752931419,679.3599929345265,615.3056151214614,590.0211860602973,541.7933185265392,469.5955706775778,407.9767150218257,364.1785276481852,349.7785013404912,358.12986471390514,389.16577444580093,453.2240064250789,436.0378423944417,490.71886044862794,521.4719551423643,526.3078946776307,482.9958591955008,467.4120238076894,415.0228909349459,355.58402663786796,298.8812473207377,271.8032376554775,12.36931687685298,24.041630560342615,5.0,16.1245154965971,16.64331697709324,16.401219466856727,2.8284271247461903,3.1622776601683795,7.211102550927978,8.94427190999916,10.770329614269007,346.6064050187186,370.98921817217274,369.1408945104836,368.92546672735944,365.9357867167408,352.0184654247558,360.2179895563241,282.44999557443793,262.1011255221923,258.8609665438187,270.4163456597992,290.3962809679215,317.49803148996057,367.92390517605673,398.0376866579344,364.939721049929,343.7920883324688,376.19144062564743,354.99014070816105,339.0634158973805,304.11346566701053,293.00170647967224,255.76551761330143,238.29603437741048,233.45235059857504,229.7063342618135,11.0,265.9323222175146,307.12212554617423,303.65934861288235,300.2399040767233,299.5413160150032,295.0423698386386,273.23433166423285,263.4008352302627,228.2805291740844,198.4867753781093,158.11388300841898,141.85203558638133,114.28473213863695,137.27709204379295,151.95394038984313,186.60117898877272,224.2008028531566,238.53720883753127,259.5630944491146,289.0069203323685,280.74543629416314,293.4910560817825,271.977940281928,248.7267577081324,210.39486685753528,177.341478509682,0.0,0.0,0.0,0.0,0.0
2025-06-01 18:44:24.436,0,0.0,0.0,0.0,0.0,0.0,0.0,189.4016895383988,106.51291001564084,173.6663467687393,323.02476685232665,466.2670908395745,588.4437101371719,710.6989517369503,811.7598166945688,902.8892512373818,927.4880053132764,953.151614382518,952.8745982551952,927.9789868310596,859.2002094971812,782.811599300879,635.9284550953826,520.7004897251394,358.5219658542556,236.23081932719955,225.7011298155151,362.62515081003414,554.9279232476953,722.8699744767381,859.3794272613233,1001.1698157655374,1103.0113326707028,4.123105625617661,1200.330787741446,1187.8089071900413,1150.5220554165835,1057.5916035975324,946.4893026336854,832.1856763968003,666.3002326279047,522.1800455781512,477.47041793183377,489.6907187194791,614.3687817589692,834.7179164244649,1010.7942421680092,1170.5848965367695,1304.9513400889705,1359.005886668634,1427.4676879005003,1442.338725819979,1392.2966637897257,1306.4769420085454,1208.3976994350826,1048.1393037187377,906.8478372913506,791.2199441369005,728.0061812924394,759.0546752375616,12.206555615733702,9.055385138137416,22.02271554554524,7.0710678118654755,7.280109889280518,3.1622776601683795,15.811388300841896,24.413111231467404,22.360679774997894,24.839484696748443,19.849433241279208,1058.4181593302335,864.4125172624468,678.2403703702693,512.956138475796,468.7707328748244,494.453233380064,654.9144982362202,863.1778495767834,1070.1513911592135,1257.3408447990544,1424.949823678013,1575.883244406133,1632.0471806905584,1700.771883586979,1697.0,1636.0516495514437,1525.216378091974,1372.97632900207,1181.003810324082,1024.6726306484427,854.2271360709633,933.3820225395388,911.4740808163444,1029.5265902345602,1219.340805517473,1424.8540276112496,39.6232255123179,1773.3259711626624,1868.5277627051732,1912.4866012602545,1925.431120554563,1844.572850282688,1752.219449726546,1593.7844898228868,1462.5929030321458,1289.4049014952595,1073.2665093069847,911.063115266994,802.7515182171878,771.8037315276468,833.5328427842541,913.4839900074876,1051.405250129559,1145.284680767188,1237.6703923096811,1315.2946437965904,1359.215214747098,1368.450949066133,1336.569115309792,1287.2684257760695,1207.8017221381992,1122.198289073727,1021.0078354253704,7.615773105863909,19.235384061671343,21.93171219946131,7.0710678118654755,0.0,0.0,0.0,128.0,10.198039027185567,9.899494936611664,8.602325267042627,1128.0004432623243,1076.193755789356,1007.280000794218,912.9211356957402,847.4679934959196,757.0323639052692,713.0112201080709,693.1089380465382,686.4007575753395,699.1337497217539,732.2199123214282,833.7871431006837,870.0678134490438,913.1730394618536,958.4868282871706,928.5709450548192,926.8144366592484,911.1586030982752,822.1636090219513,761.9927821180461,707.4249076757193,664.6540453499098,634.3413907353043,595.5518449303974,598.8472259266131,649.7907355449137,25.942243542145693,762.3398192407373,823.6613381724311,846.8589020610221,869.1662671779203,860.1627752931419,679.3599929345265,615.3056151214614,590.0211860602973,541.7933185265392,469.5955706775778,407.9767150218257,364.1785276481852,349.7785013404912,358.12986471390514,389.16577444580093,453.2240064250789,436.0378423944417,490.71886044862794,521.4719551423643,526.3078946776307,482.9958591955008,467.4120238076894,415.0228909349459,355.58402663786796,298.8812473207377,271.8032376554775,12.36931687685298,24.041630560342615,5.0,16.1245154965971,16.64331697709324,16.401219466856727,2.8284271247461903,3.1622776601683795,7.211102550927978,8.94427190999916,10.770329614269007,346.6064050187186,370.98921817217274,369.1408945104836,368.92546672735944,365.9357867167408,352.0184654247558,360.2179895563241,282.44999557443793,262.1011255221923,258.8609665438187,270.4163456597992,290.3962809679215,317.49803148996057,367.92390517605673,398.0376866579344,364.939721049929,343.7920883324688,376.19144062564743,354.99014070816105,339.0634158973805,304.11346566701053,293.00170647967224,255.76551761330143,238.29603437741048,233.45235059857504,229.7063342618135,11.0,265.9323222175146,307.12212554617423,303.65934861288235,300.2399040767233,299.5413160150032,295.0423698386386,273.23433166423285,263.4008352302627,228.2805291740844,198.4867753781093,158.11388300841898,141.85203558638133,114.28473213863695,137.27709204379295,151.95394038984313,186.60117898877272,224.2008028531566,238.53720883753127,259.5630944491146,289.0069203323685,280.74543629416314,293.4910560817825,271.977940281928,248.7267577081324,210.39486685753528,177.341478509682,0.0,0.0,0.0,0.0,0.0
