timestamp,label,feat_0,feat_1,feat_2,feat_3,feat_4,feat_5,feat_6,feat_7,feat_8,feat_9,feat_10,feat_11,feat_12,feat_13,feat_14,feat_15,feat_16,feat_17,feat_18,feat_19,feat_20,feat_21,feat_22,feat_23,feat_24,feat_25,feat_26,feat_27,feat_28,feat_29,feat_30,feat_31,feat_32,feat_33,feat_34,feat_35,feat_36,feat_37,feat_38,feat_39,feat_40,feat_41,feat_42,feat_43,feat_44,feat_45,feat_46,feat_47,feat_48,feat_49,feat_50,feat_51,feat_52,feat_53,feat_54,feat_55,feat_56,feat_57,feat_58,feat_59,feat_60,feat_61,feat_62,feat_63,feat_64,feat_65,feat_66,feat_67,feat_68,feat_69,feat_70,feat_71,feat_72,feat_73,feat_74,feat_75,feat_76,feat_77,feat_78,feat_79,feat_80,feat_81,feat_82,feat_83,feat_84,feat_85,feat_86,feat_87,feat_88,feat_89,feat_90,feat_91,feat_92,feat_93,feat_94,feat_95,feat_96,feat_97,feat_98,feat_99,feat_100,feat_101,feat_102,feat_103,feat_104,feat_105,feat_106,feat_107,feat_108,feat_109,feat_110,feat_111,feat_112,feat_113,feat_114,feat_115,feat_116,feat_117,feat_118,feat_119,feat_120,feat_121,feat_122,feat_123,feat_124,feat_125,feat_126,feat_127,feat_128,feat_129,feat_130,feat_131,feat_132,feat_133,feat_134,feat_135,feat_136,feat_137,feat_138,feat_139,feat_140,feat_141,feat_142,feat_143,feat_144,feat_145,feat_146,feat_147,feat_148,feat_149,feat_150,feat_151,feat_152,feat_153,feat_154,feat_155,feat_156,feat_157,feat_158,feat_159,feat_160,feat_161,feat_162,feat_163,feat_164,feat_165,feat_166,feat_167,feat_168,feat_169,feat_170,feat_171,feat_172,feat_173,feat_174,feat_175,feat_176,feat_177,feat_178,feat_179,feat_180,feat_181,feat_182,feat_183,feat_184,feat_185,feat_186,feat_187,feat_188,feat_189,feat_190,feat_191,feat_192,feat_193,feat_194,feat_195,feat_196,feat_197,feat_198,feat_199,feat_200,feat_201,feat_202,feat_203,feat_204,feat_205,feat_206,feat_207,feat_208,feat_209,feat_210,feat_211,feat_212,feat_213,feat_214,feat_215,feat_216,feat_217,feat_218,feat_219,feat_220,feat_221,feat_222,feat_223,feat_224,feat_225,feat_226,feat_227,feat_228,feat_229,feat_230,feat_231,feat_232,feat_233,feat_234,feat_235,feat_236,feat_237,feat_238,feat_239,feat_240,feat_241,feat_242,feat_243,feat_244,feat_245,feat_246,feat_247,feat_248,feat_249,feat_250,feat_251,feat_252,feat_253,feat_254,feat_255
2025-06-01 17:56:57.632,0,0.0,0.0,0.0,0.0,0.0,0.0,1.294169641867085,0.9355916443530727,0.46943011447831795,0.08596172281455638,-0.26132509722383,-0.24256216414275644,-0.16852256635257024,0.00822846884773587,0.11507108762443286,0.3290679372945807,0.4556703087000246,0.5925018369585611,0.7812369716385312,0.819638648560479,0.9684470502180774,1.1800885813981197,1.0195432456715492,0.6274466553331317,0.2845372790483399,0.02052840674578893,-0.005605997431700871,0.011820706608423937,0.17271025986485422,0.3249168237351203,0.5146061485250706,0.6092576157133152,-0.021763062770591785,0.8120626805815879,0.8810013528081275,0.9310958038570517,0.9911251385388156,1.1621330019804499,0.9055102196752165,0.33737251006737945,-0.11803483302923357,-0.16520671545457788,0.2801771836182545,0.15182840808896336,0.22777269726676974,0.27921740991692645,0.37065650875385514,0.2217861393285232,0.44035692453890274,0.47554705095140315,0.5174995941587771,0.43947335547514793,0.5950373308260672,0.6136488573389167,0.3743984949865432,0.004402786659349775,0.022021218441558688,-0.061425711212995227,-0.13768241475521825,0.9738177283311646,0.9716385637753513,0.14023347183374923,0.17591776271008985,0.6312934678064406,0.7580978491252695,1.1029496368799676,1.0524564756243302,0.2887060004745782,0.8096456822202978,0.3100103364134774,1.2784101464398543,0.24016163184835201,-0.4087489162950205,-0.3998660487505936,-0.12701658981881447,0.012289074336778283,0.2251289623003967,0.3438010550706574,0.5020392397550022,0.6348422191372283,0.7441368740120846,0.9281911055746741,1.0065725988101004,1.1083000941883274,1.2121427599113703,1.3565982710453128,1.4598757883737703,0.476783603190668,-0.4621702282237904,-0.20606287024585934,0.10411378900953183,0.3556061326836273,0.5834225479400033,0.6887462218683602,0.7908067253647952,0.9000564086780447,0.16715010882846398,0.9594898993623253,0.924960483173019,0.9092621532130915,0.8923807966688558,0.8075521495294578,0.6787152230224143,0.36041385042364427,0.24751781611229473,0.3682721441526673,0.5251899725212843,0.5365763770851035,0.5329168015401999,0.5305688425783419,0.5433205839452553,0.4983638884570609,0.47254756555888555,0.4251859402630278,0.4075793191790662,0.36214126049311246,0.2753437312181045,0.09556770426303751,-0.09306859994970168,0.27834117076989257,0.6577581491659465,0.6622876405378659,0.641170332154563,0.7411947015654305,0.09301925352253604,-0.0788224132510898,0.38618297942489377,0.0,0.0,0.0,0.0,0.2221924687051262,0.8879856598631617,0.8651796948842728,0.21938155820847238,0.27258131392065615,0.5438065147975556,0.5797119712542171,0.49797616813577295,0.5085081100651556,0.6147027908738079,0.6832784402502723,0.770267196267608,0.7798444530785225,0.9933431552776262,0.9739241604538194,0.9734310667802843,1.006330004079621,1.0157792143777817,1.0404061345751476,1.1803133423628411,0.3575840771963116,0.2714988676540265,0.21692884951012248,0.3371184803000984,0.5753849201711354,0.7610291826885733,0.9335861126587122,1.0578571837589121,1.1409948625080994,0.2255839058421638,1.3121727706243815,1.3025212678392926,1.2490307531569964,1.2040575196388699,1.098977842873605,0.8936324387632029,0.5315971184478052,0.04913899243286435,0.2781920843738913,0.46548452449869404,0.6896241329371655,0.8053899752177227,0.9378832612804961,0.9439922771460421,1.0079244130682925,1.02722680132517,0.9401523537781591,0.8784031511956948,0.7941220031335076,0.7125045816873872,0.6249817492353527,0.5278660423752733,0.417302296901628,0.08223627363968686,0.22317673197447463,0.4432704367815524,0.6774778403420487,1.0448430455644435,0.509511114820333,1.1255053591900475,0.15105248869247062,0.6456078876415308,1.0370841684195726,0.2510322861859594,0.21512712833794623,1.0220687130428279,0.44709271869809064,0.2174054087694401,0.3418799937380291,0.6579165483882322,1.3231929698622618,1.3474483954116336,1.1234212960382077,0.8936066066134107,0.8346928569855196,0.5576592546454475,0.45112473131423303,0.2784964110113428,0.2524283499112896,0.12650887924790077,0.07503291341137341,0.007124648544580503,-0.09675592704171276,-0.20126917604818678,-0.07250353974713802,0.6797000687767998,0.9831109824165976,0.98103320907418,0.9775972566710963,0.8542341926863648,0.7236268733134823,0.5429269666580161,0.34755332447034015,0.891039701104415,0.16010716762945032,0.14172184244487918,0.07441374940032564,0.05418785234018364,-0.03773529235053119,-0.08508094362419938,-0.20210622055213484,-0.1556650719122749,0.06303787906042846,0.4968424243874498,0.569409571714019,0.6303281082812158,0.6496394977182103,0.6129253041737162,0.6316486642707255,0.5059930000258273,0.527278600282503,0.5093853342418073,0.46699147437565847,0.43518512823382216,0.44613248947163353,0.40493534605748616,0.47551174466051477,0.5169083897224528,0.8266554523303532,0.8865932310884992,0.0,0.0,0.0,0.0,0.0
2025-06-01 17:56:57.634,0,0.0,0.0,0.0,0.0,0.0,0.0,1.1135865611052156,0.7512423960438164,0.34750156199803484,0.08569325321497934,-0.1459775787601434,-0.11731428595683624,-0.046404306714990184,0.09384379535625809,0.1877563239963974,0.35698016150560863,0.48648203316402233,0.596765145969291,0.7288618917834786,0.7516869540998203,0.8802244565267586,0.9919807858172073,0.9006258993450481,0.5849997027680376,0.3057092050530136,0.17830926848313988,0.1481369511054349,0.177247205182137,0.25080564789669446,0.3743582741164311,0.5076102439158476,0.5882669921644355,0.16283346819099187,0.7336721289629712,0.7950659252946444,0.8241119035027095,0.8683608125571436,0.9597463804030665,0.7863379543697904,0.3565150708169119,0.15542498133406968,0.0893859912073307,0.2796901906165694,0.2245279812542853,0.2720028687348981,0.24054929058819785,0.3985003241032081,0.32676909125490994,0.3344563438729682,0.3421924626982332,0.47719865759411817,0.4278704328996717,0.4231398662988014,0.3909343479305363,0.23126521084232043,0.20805768628595273,0.17323505746395218,0.038801789810075205,0.01836290076308522,0.9738177283311646,0.9716385637753513,0.33757426365357973,0.17591776271008985,0.4574094190959469,0.7580978491252695,1.0291868873307413,0.7657049479634463,0.26510674723564565,0.8096456822202978,0.17939953258655486,0.9321453992034878,0.08246489792421333,-0.19186359873392056,-0.12791945725855736,0.042999472084731316,0.1605261134258973,0.29493577600339527,0.38426223305131724,0.5239062016155807,0.6560964617478668,0.768418334970753,0.8751499657901742,0.9576424051700735,1.0119428234750891,1.076821483658876,1.1738612257635443,1.191786675261873,0.3035067681480835,-0.26603922863500074,0.03903451933208224,0.27788579284858095,0.501661490330479,0.6804310962885123,0.7529553835582532,0.8300115738264608,0.8983827917995602,0.16715010882846398,0.9087741781009042,0.8878232022837863,0.8477558839793297,0.8263278825899308,0.7197667397717864,0.5887736336357158,0.40789543522808136,0.41483359167776357,0.5276123033448057,0.6228288758064131,0.628010465745328,0.5748295268597856,0.5528676211532213,0.533388793613073,0.4919796373833576,0.4634985035265804,0.4208393902657852,0.4006284544967371,0.32301398634359013,0.22957937474943335,0.05638913749977492,-0.09339151884758234,0.3309888516916355,0.6625802622422069,0.688315188220048,0.6569129449779523,0.8215309263315618,0.40223116236017514,-0.0788224132510898,0.5419435843201715,0.0,0.0,0.0,0.0,0.469289740418096,0.7011687065769077,0.9605293509242753,0.20391548982646446,0.2733954694637642,0.5461492419700456,0.5598438460515709,0.5082926573386904,0.48649425776425526,0.5957828935413685,0.6725750089031339,0.7333935968337753,0.8156320913147508,1.029051973104774,0.9795525406852681,0.9956767253880479,1.0375375388411319,1.0440580626876714,1.1062793428331767,1.2782044979670364,0.41739407762603864,0.21922967052798342,0.18514436839765458,0.2815091732598871,0.5037899993665484,0.6995593369033619,0.8944250223937789,1.0253988127133689,1.1283616288124303,0.6598308931056458,1.3356088786535767,1.3533591219529684,1.3282271566336996,1.2814134392958696,1.1902081412136287,1.0152537047193604,0.6652615890053021,0.05109060738031668,0.09776010194597329,0.3125734868651844,0.5002261702489823,0.6853227244122564,0.8176166175856445,0.8743826927713811,0.9501512033525632,1.018714258868449,0.9653986698701091,0.9310766193981573,0.8541935499745187,0.7790445792112801,0.712337135399104,0.6317972658736578,0.5479281035784853,0.2544848698881161,0.02974947196245903,0.2435941464891418,0.6774778403420487,1.0448430455644435,0.39500421449128986,1.1255053591900475,0.7606385678127567,0.7269985926011251,0.7277991866534852,0.6985979969072351,0.391552045277747,0.9209201710662496,0.7966678878526988,0.3024057579016651,0.4263135015917126,0.6155575492042344,1.0492325762809005,1.0320212778277904,0.8982302306192024,0.7514469742325978,0.6130227556245,0.4687341763123285,0.4062231635804099,0.3408074760843629,0.22899639727771492,0.20917738233427996,0.1418396828548787,0.08892256969080581,0.018971558485435747,-0.0006203535831629248,0.024020178681930182,0.4437620295866123,0.7612362775271379,0.8295006007302306,0.771765526120863,0.7195941280047851,0.5915565207351654,0.4382730821624723,0.32409853433329494,0.4261953310475962,0.22839297600474007,0.2119814432814886,0.19479005259101,0.19327712874446934,0.15785059364718523,0.14690113706270624,0.078351231014472,0.061376299640766574,-0.06836310335590623,0.23530660741068637,0.3625819100822367,0.3660327688388594,0.3876959965387201,0.4106562848633015,0.5349750049285042,0.485128378483207,0.5212891152623353,0.5735480897644512,0.5520398131898137,0.5960679818282579,0.6241838058082462,0.6036412979656951,0.6630004157606766,0.6819343820382454,0.7045215392895491,0.6657293045310266,0.0,0.0,0.0,0.0,0.0
2025-06-01 17:56:57.638,0,0.0,0.0,0.0,0.0,0.0,0.0,1.0121921511319634,0.679387425078508,0.3640648333666995,0.1254527981962653,-0.06641542997621341,-0.05934581185132992,-0.0045693090230963795,0.10691357360968912,0.1968300515969048,0.35185300283276033,0.46498941148656175,0.5482896100549226,0.6758457536042999,0.7160710297853937,0.8216128568497938,0.9263603902021086,0.8510614344569843,0.6065771360070913,0.4006509774864814,0.2641990175390537,0.22868310944696169,0.239313651119599,0.3109201641050565,0.407039988438304,0.5175629811150184,0.574300538518802,0.40459860888472976,0.7071490466611264,0.7444138427098397,0.7739271135290374,0.8249595289154426,0.8911560782135285,0.7459045551698165,0.44349358081835577,0.27639157518047497,0.22348224487941315,0.3808944919319568,0.36866261330651673,0.3115740414279857,0.2671182700682788,0.40474827563035753,0.3759165730752738,0.36373440855312444,0.39987691144745474,0.48119316188468,0.37866366539507673,0.343345996481027,0.24546859819459282,0.2810548481588636,0.36496579808620494,0.3564807793824346,0.24667574706938744,0.2073165070125622,0.8523154284864622,0.7651594120198861,0.23894471963334302,0.17591776271008985,0.5081125231212186,0.619255388058206,1.1082721305636918,0.6761923716012566,0.4357679098792612,0.9122303000155714,0.4763837247979912,0.7214770619842008,0.1568971354401356,-0.026510678892634254,0.026440479859159538,0.16131775141884974,0.2545464494538803,0.4038731379855127,0.45866731678702455,0.543461828671433,0.6634588927759306,0.7665105401380226,0.8627252158285923,0.9240056770562836,0.9643728825618838,1.0239430774498228,1.0852803661644477,1.0456508179645014,0.204105149562961,-0.12481058380198817,0.1729111326745303,0.39456542015253504,0.5722295380059943,0.7406209438009874,0.796721996431982,0.8562595701623215,0.9046434590058972,0.6506492962325616,0.9040821199934304,0.8626506484220627,0.8173365943013994,0.7972936564496936,0.6747563392215179,0.5282832053990814,0.4441689460401036,0.5215966478459974,0.6423081253345191,0.7108091491824207,0.69283648379365,0.6230628325196343,0.5907902464658035,0.5607381440971517,0.521540287818526,0.48964621985203616,0.43257501718762703,0.4128352433049489,0.33107614578439115,0.2145889360149803,0.03188656637812737,-0.10400439688286928,0.38953932643016254,0.7012171378960429,0.7445322175696287,0.7027474898762209,0.9416645717436383,0.9347311197958836,0.6985833846101819,0.47383126046855994,0.0,0.0,0.0,0.0,0.48215899729845546,0.6593517806457929,0.972881156653136,0.18916644729289522,0.288798667291211,0.5752633074646384,0.5861759718387669,0.5293159250379326,0.5235894432312651,0.642624657961459,0.7227205624636301,0.7796097699133666,0.8397561043877211,1.0578657436699226,1.0128814777161033,1.0056860406487942,1.039401331450145,1.0414956669496578,1.1075627152464989,1.2614044269702072,0.3958658563632287,0.2284954108056534,0.19705340487057277,0.3001034855643423,0.5362004080882246,0.7363880955267952,0.9277952747140255,1.056349994720396,1.1613312656481372,0.6271638893104552,1.3678423548529346,1.3715203199423014,1.3444338747223963,1.288845795725881,1.2086282963180195,1.0177664838403457,0.6495442432221936,0.039478589384623675,0.08075239758780284,0.3042940185037579,0.5136666308032849,0.6802375305045121,0.8370133319765198,0.8753374611937621,0.9670036044872763,1.0377660163531783,0.9841632931585775,0.9471454365686945,0.8704268222963624,0.7989063492376232,0.7177513583683927,0.6415191442426567,0.5570462676011596,0.259096888823405,0.006970869367997179,0.2457226597041391,0.4253287123198122,0.9861270609509062,0.4490904116602308,0.8307128023357068,0.6850284055398377,0.5689759977098332,0.5687064067249186,0.44372013257747217,0.29712863628206476,0.7858541163906316,0.6070430420400351,0.33370056906708984,0.41907261253590317,0.6081114032368268,1.0152530826939326,1.0025363024034886,0.9254920126870684,0.7424496348233829,0.5905902530843861,0.5062046217381746,0.4188549406757527,0.32251663606314906,0.29411128087109795,0.2425902247518863,0.18959676124974378,0.14602087191845803,0.035999555692057705,0.003996041051057109,-0.011968429708524353,0.3155555097302159,0.7282511379145266,0.7945773626704737,0.7420963101985955,0.7291152251117301,0.6154206735520344,0.4788136152504763,0.373278426951013,0.6280062128347256,0.28819614501545,0.26331976743144425,0.24484347703376996,0.24220166713905045,0.2350690376545913,0.20549008099611354,0.15245214055551987,0.1016961967400139,-0.16636954220198485,0.15061061712179052,0.3201614236539324,0.33873348951923643,0.3330883551032262,0.4029434293616059,0.5133380248260784,0.5127052306930078,0.5664020537442196,0.6183413835521812,0.6148287405936692,0.6659353643861521,0.7063118946042987,0.6639001415469872,0.7518132201542347,0.7507757515266701,0.6394530845770422,0.575238820577874,0.0,0.0,0.0,0.0,0.0
2025-06-01 17:56:57.643,0,0.0,0.0,0.0,0.0,0.0,0.0,0.964058198127827,0.6029750446034852,0.30835376818649085,0.11511766785749411,-0.050889055848507225,-0.02234737011914134,0.04401276140139143,0.1477308840717464,0.24506483906929144,0.3874082469726996,0.4934307341210942,0.5801179243026983,0.6839427238975662,0.7254082477575481,0.8184602301844961,0.8978334362504694,0.8521222657405596,0.610065701645093,0.375369530135805,0.27658809812088025,0.24161011217613426,0.2733319348604193,0.3350377055992164,0.42795848125154445,0.5358119101495977,0.595839258151613,0.5511585721810086,0.70768705518915,0.7520011697681606,0.776420683314753,0.8101563657529196,0.8860960618573993,0.6882646139591575,0.4525029037046484,0.313090993786043,0.2656167290266127,0.4167229098218561,0.3907411082227512,0.3542163038090387,0.30458889316317683,0.41954042487433685,0.38239685635880893,0.42091030490513637,0.40146403771730077,0.48926071573638574,0.3690991088572319,0.36903616406121775,0.24460843092320345,0.24040525185670347,0.401219148388653,0.37089867691641154,0.28812009362434265,0.24631497592807805,0.7747488352383345,0.606401046637418,0.2901091194883934,0.1375010005083665,0.5899105753237693,0.7158530567473386,0.9221126217863274,0.5527792667456022,0.5408426067226939,0.7769885725272092,0.4680605298407945,0.6569492480596073,0.1507806822378103,0.03403139835160396,0.0568978327822931,0.16796419071972424,0.2591667054238651,0.3964725007366825,0.44714728075078347,0.5233410856705991,0.6510369032598098,0.7532678428907913,0.822644791387356,0.8856017944780682,0.9174848055496427,0.9808487142321463,1.0401927021235804,0.9577304020274959,0.16272385962642566,-0.06622275715867498,0.2109730185946057,0.43700654500488634,0.5926641082490451,0.7259214163429619,0.7923394846858858,0.8524889681914245,0.8832988137177058,0.6762539333405486,0.8805567001775099,0.8383073584155082,0.7851472893783126,0.7618150732712156,0.649411095250715,0.4995367880746413,0.4571427977786333,0.5611817086769774,0.6916464614472972,0.7418267081537244,0.6989881139429468,0.6370713826727805,0.5973620487986655,0.5636698952801851,0.5185240382093281,0.4829398540286367,0.4261980178460498,0.39218749573519696,0.3142144073948965,0.19881884695165264,0.011915231526841263,-0.10211057184571623,0.421130178372782,0.7310099845428059,0.7672264807503391,0.7211012107771237,0.8545307530192718,0.9828758206276602,0.6593317782405654,0.38376918542243077,0.0,0.0,0.0,0.0,0.5905367488408287,0.5962302699096806,0.8977866870317491,0.15967954632829873,0.2702552088843299,0.5832598881178329,0.5992569688064013,0.5467135400515591,0.5431817171871434,0.653263636097783,0.7446089605693653,0.8001023244102585,0.8521068090018109,1.0595178702619634,1.0114636260081498,1.0102666974485623,1.0374496786220138,1.040328644043113,1.0974484190006375,1.2307221740798227,0.37747351419690395,0.233671646245329,0.2045175834871661,0.3149360691230765,0.5495162981677888,0.747034417841606,0.9481323640660428,1.088530987225148,1.1806528613106277,0.6053185785563213,1.3875298682587376,1.3960809397163398,1.3565630660064452,1.2965753716029598,1.2180502849675987,1.0250890874481329,0.6690250734947579,0.01457059781148462,0.07139498430996338,0.30918791980319926,0.5237407421956222,0.6822734972356803,0.8441047477318322,0.8876337807469181,0.9781247638005048,1.038755569315276,1.0027872256383605,0.9492067212769785,0.8805851183677645,0.7960199087069186,0.7276978726470101,0.6535724067402152,0.5673766879665063,0.2685681521809337,-0.017153372864655847,0.23849355521755977,0.4185508109311412,0.8399936266790035,0.48901041906960785,0.750799678691345,0.6427614508756132,0.5124912340626722,0.46974953409217307,0.35700620541734335,0.6506549657151219,0.6905899993978246,0.6057649891710116,0.3403110982042546,0.4237597737213005,0.6237302425767887,1.022204396577751,0.9824044791455184,0.9303913397647475,0.744169203244242,0.5931654494754426,0.5052465451549968,0.38307051890251054,0.31387022382922347,0.2803805142845397,0.24458527820998732,0.1777575724590994,0.15959777905220496,0.031201842120447743,0.004466367903658952,-0.004946610437315757,0.3108796986908556,0.7239771848453114,0.7717694835217623,0.7288512087796711,0.698385428827357,0.602764626457017,0.4562051967247849,0.37220475039258694,0.5360299195768365,0.28554511369920177,0.26228911237038477,0.24364790425035143,0.25063380395766466,0.24515225979394406,0.21521847609080702,0.17674764852583175,0.09316596937948313,-0.2486120718733631,0.14526560088610402,0.31617938685626,0.32058126542303467,0.3246284467433933,0.387777810749645,0.5090586241341208,0.5102282535004594,0.5805320398507281,0.6204474018211168,0.6291783401666857,0.6794869088762647,0.7219123703110623,0.686461988023974,0.7614901096104392,0.7453842456311205,0.619234145702091,0.5251519655475074,0.0,0.0,0.0,0.0,0.0
2025-06-01 17:56:57.650,0,0.0,0.0,0.0,0.0,0.0,0.0,0.9848255876448891,0.6171402958549825,0.31708027812787487,0.1304571114212657,-0.02875238405840541,-0.006254822122544246,0.06329260770228795,0.16144534324677506,0.2603398943000722,0.39356348462299207,0.5066175562437198,0.6113363501954828,0.7060685037036922,0.7339210952564329,0.8149385267843632,0.9003794568828202,0.8707756749890261,0.59850801435462,0.37744087047412533,0.2711516587686952,0.2438276343922856,0.2858508361497609,0.34387568172351957,0.4395184650832582,0.5474883582410501,0.6161584050845725,0.5250143890203044,0.7316605177956718,0.7734143596034486,0.7938638310591594,0.838964180618903,0.9189599061764772,0.6668559158853986,0.429333672174558,0.32982610440434124,0.25252706488304666,0.41954492747022276,0.3759435578361341,0.34216820937308356,0.36450895413489715,0.45832236930836046,0.4268794880678928,0.38940425025504477,0.4164206546613439,0.5313343875621382,0.4224529548932932,0.38990330725456057,0.26880113048937515,0.23090443440054464,0.3776462028241245,0.3418267518434073,0.2830540355166902,0.27127748235539384,0.7292829900092697,0.6065573568783224,0.24938925583724963,0.17368311242375356,0.6038211606820613,0.8296324072185277,0.8226420364674853,0.4991370266484159,0.5457737713290763,0.8675572143480006,0.736035481437945,0.6793360238615078,0.1310724756766283,0.018917073210368174,0.04605035393646828,0.15744527882452752,0.26130526509623064,0.40258797876498,0.4675383520668781,0.5351222445396355,0.6606580608652186,0.7678693118372026,0.8349214883851859,0.8940818244775347,0.9446506118822886,0.9963405867191832,1.0476509789100819,0.9781722114278257,0.15098883876257657,-0.07276580649589437,0.20605000326433154,0.42914586659152176,0.5913365027770692,0.7325046925112906,0.7998142739673839,0.8594339245800557,0.9000045620821175,0.7325379286040004,0.8954138236087961,0.8555842872398772,0.804819042199289,0.7719370338410517,0.6626888316257746,0.5083646997617309,0.4375289736384218,0.5506158884845872,0.6915943428013844,0.7400049343057142,0.7094184448034515,0.6544454639155515,0.6114169892926182,0.5779027906694805,0.5326647840068632,0.4964959131961648,0.44525704671672095,0.41244896006917964,0.3313450574449526,0.22202476086037282,0.031352968207026266,-0.09161280619928708,0.40798506933552403,0.7220249843864176,0.7696828781723477,0.7273870376177969,0.8259992108043366,0.7956570027743002,0.878279486627271,0.4422306310076407,0.0,0.0,0.0,0.0,0.720657544672473,0.4759857062151051,1.034810399039396,0.1456482610091352,0.25662128039822657,0.5749810470523842,0.5949611505674186,0.5470064670636475,0.5577423366603338,0.6787235214010694,0.7632987075369027,0.8310953680656716,0.8817934098562255,1.0845710264186499,1.0372041898449211,1.030702906117146,1.0560597134132956,1.052111440310705,1.1050566654171385,1.2132613073728318,0.36346174004306203,0.23564791439698857,0.21250579808213665,0.32958281590672356,0.5780135970543514,0.7724252598281653,0.9879209862517571,1.1184087677840029,1.2136703531367734,0.5853577272682704,1.4135985041567833,1.420048181615083,1.3774374609951108,1.306709061818502,1.2229057466470215,1.0239595177578658,0.6480147515624212,0.010028352992786982,0.0898501624886594,0.3290626172554503,0.5637578648478871,0.7289871124945353,0.8886925450617014,0.9375729761052647,1.0185310600475117,1.0703059672794843,1.0335215512530498,0.9766493920616551,0.89139807823392,0.8040709005416731,0.7313805830770886,0.654471440478344,0.554837891851687,0.2495558971780613,0.030682103053089382,0.26873217118482584,0.374650390299926,0.8280440280797741,0.5558647571485578,0.6164973397493183,0.7925401178409948,0.5853110914262888,0.4189662855757546,0.35278092928456134,0.7891511497493217,0.6133253401096859,0.4745342345677729,0.36265845774398026,0.4384899136305395,0.6431581150948883,1.0801533216077164,1.0461478652891383,0.9700335434482138,0.8085150927931188,0.622135362459775,0.5039980338801562,0.40669446348518723,0.32417687178768984,0.2923822516472463,0.23488787261999722,0.1706718813439574,0.16142567963276067,0.04301195045501127,-0.0021036029787829813,0.030042138915515604,0.40843720477031004,0.7828922809620706,0.8112216081547818,0.7977716734604275,0.7386594273247133,0.6381536957180254,0.4883814755896243,0.39056720911815135,0.6210892726473765,0.2860015182422997,0.2556279498779803,0.2281527082233854,0.2200514373455168,0.2055621419843935,0.17259930591450678,0.12662622727413048,0.041266357196078074,-0.16639389529750792,0.2070174042641874,0.3624522234438279,0.3592057760015077,0.36991259016924327,0.4254112082876138,0.5145733961874999,0.5134075741040198,0.5799715238705541,0.6049607654064222,0.6170779055815918,0.6506267419395919,0.6946263528734421,0.6601191249985021,0.7237713684168281,0.7096223386034283,0.602124454436905,0.5605766941451056,0.0,0.0,0.0,0.0,0.0
2025-06-01 17:56:57.650,0,0.0,0.0,0.0,0.0,0.0,0.0,0.938678582630288,0.5811024657460625,0.3026232082800796,0.15209571769073293,0.03952187538641305,0.0613890651864234,0.12999747584626042,0.22256851956764478,0.31333866232701146,0.4225793177493984,0.5413788457195783,0.6409166265447875,0.6900601679008349,0.7431234414194381,0.7964999989745426,0.8634571543946552,0.8560137069735393,0.5917678405047451,0.399585889727074,0.33027370827830194,0.30703209099477524,0.3637081144602117,0.4047351746888228,0.4881140045246839,0.570325352208561,0.6361158990109876,0.544300687350883,0.7335774416770119,0.7576256876391099,0.7805960562392135,0.8274833586823704,0.8745392678092033,0.5967858718468637,0.4384111722497198,0.45104384482698723,0.44087342629130033,0.44541272722431025,0.4548605569739459,0.3696135356520984,0.4431864579059972,0.48519291547708576,0.4907684237884036,0.4365111139999367,0.4387124173809879,0.5455982430478439,0.4230013220988737,0.36747702186560927,0.2136569827311533,0.21020673679496943,0.4453527287830156,0.43020759989181523,0.3415871274361142,0.3674585078131767,0.8658180893022644,0.9446034315253304,0.33738306600172335,0.5610753346897989,0.8992771845881857,0.733634638403057,0.8790597077286386,0.3950894614083505,0.7131634862557448,0.8409306011644455,0.7700064041060257,0.5907577968986377,0.06419169339866151,0.10629586175145367,0.12905247612130544,0.22428597203161504,0.3149367213481007,0.4413276461408884,0.5107610203466619,0.5531370802169466,0.683596737256642,0.7672231314687163,0.8207805554060645,0.8874793878189092,0.9274332387047468,0.9609184115242346,0.9967277974967129,0.8949410844071877,0.0843454060190891,0.016971667357159936,0.29684156928453853,0.5079439970574442,0.6562961783502448,0.7764282295356786,0.8412612882275359,0.8939375837442038,0.9161694586242743,0.9852849007558859,0.9014520035549383,0.8602281136145354,0.7996461851964428,0.7600444459776895,0.6524452934826732,0.4878856921437923,0.45264416783169836,0.604889702531049,0.7636531229720012,0.7851548661375098,0.7541527129831993,0.7017264150833371,0.6515889831323172,0.6026435432162658,0.563050028155992,0.5129647021231141,0.4725706267809764,0.42792773654514393,0.3497322209142635,0.2292105394242442,0.029843182432015225,-0.08638192314091347,0.419201296470721,0.7286585094487655,0.7955615508159759,0.755669494809355,0.7264621262722246,0.9593648584816856,1.1488734176244042,0.4663886029153639,0.0,0.0,0.0,0.0,0.801388969986579,0.43603528894744864,1.0337820479129691,0.12455887101659757,0.22788094224617655,0.5771385020650035,0.5974516468199702,0.56477805996357,0.5783392859580405,0.7122834613291593,0.8018339949093991,0.8733285445923857,0.9359866047854037,1.131020902043026,1.0680111321193047,1.0672866541491401,1.0860499169240874,1.0793316885425872,1.1206277176661996,1.1925165638413464,0.3484458670142861,0.21777354398810717,0.21571433132157858,0.3474628886337272,0.6052664418839553,0.807216029628079,1.0378419679865107,1.1839847764841347,1.269530731665298,0.8111017198330581,1.4690308141916883,1.478258057575137,1.4247358370242191,1.3369103509107814,1.2572322652873484,1.0604567004579875,0.6572736237196442,-0.020471603377486047,0.0577144822776714,0.3267601752404157,0.561580594569073,0.7448137488292581,0.9186379145658172,0.9807928045628798,1.071168948647045,1.106141303140613,1.0922392958895761,1.0131071858791003,0.9300266944044898,0.8387171235308526,0.7570855159997935,0.6910463727087096,0.5797168097515553,0.28302840990163497,0.02421629470227915,0.2763573767129113,0.11025384979016625,0.6506082311007159,0.5702113478418686,0.5379391775353823,0.9153499455601737,0.8631974624498256,0.3809830625021438,0.6899730202469878,0.9401555464613583,0.772524636935191,0.5612182612767771,0.41242394605967564,0.4791250419477842,0.6675875602466105,1.129595531487388,1.0172398942785004,0.9896932554097221,0.8421440786974714,0.6405027976272886,0.5343349968150162,0.4251610300194337,0.3415936298580511,0.3235342246384083,0.274447930974959,0.22024802243864738,0.19608975653797578,0.09015096898213482,0.06479437897564355,0.0647198065347046,0.4015636188029755,0.7777690042616806,0.8244471255325958,0.7930429466348411,0.777678294591255,0.6607281394805531,0.5250405101160169,0.4107173440775369,0.5469990351559388,0.31857491274199523,0.2807351089126331,0.24515606591283023,0.23184295217543716,0.24464037592149335,0.18847785571796827,0.15486999498849813,0.04810412339249337,-0.17017094687007095,0.19994741179950276,0.35574511454931323,0.3402624124061653,0.3401085358626459,0.42528353230701277,0.5012260582155936,0.5201718781585147,0.6017593716146619,0.6125728011942229,0.64652921841837,0.6940458086591117,0.7417992402271477,0.702599893301117,0.7558341112492173,0.7380836744487255,0.5581296817103886,0.5110301104057475,0.0,0.0,0.0,0.0,0.0
2025-06-01 17:56:57.655,0,0.0,0.0,0.0,0.0,0.0,0.0,1.013160975710268,0.6429288988907893,0.33276661048489253,0.14900209858856872,0.018547929658323192,0.042643415931082784,0.1207091543230353,0.21806738231960443,0.3199935478979149,0.4392912862205538,0.5580984877422461,0.6646633895109034,0.7227599568763974,0.7837048506421733,0.845754953235018,0.9194194203322544,0.9104034019762514,0.6144293157245877,0.3982174214173221,0.2937350598992513,0.2856252844490512,0.3420578239219394,0.4088930122539831,0.5026977033237972,0.5864548613520804,0.6548078338254115,0.6536935875043017,0.7650876125789648,0.786199939535603,0.8304100118992014,0.8807482666949766,0.9666164249629491,0.6433875302547094,0.4498471005631085,0.40344148473719044,0.40117853123953173,0.4135274162694649,0.47007244302520124,0.40930922317673457,0.49625303553766287,0.5115712950463289,0.4846226020203579,0.49516579792057236,0.46328311665185795,0.5448871245174355,0.4477959922279163,0.41387345933899,0.2582799220546724,0.24937942196909257,0.3957153675893387,0.40398976874505377,0.3722492927174359,0.38075743927672234,0.9324561765387174,0.8022690863000443,0.2519527513563246,0.6246944313945969,1.086683744144859,0.7311824301227042,0.8654074819068802,0.38819403721609963,1.0133630534670732,1.076731761783757,1.0704029021117343,0.6203743273476019,0.07828338006808985,0.06221182391560298,0.07620610995709742,0.20277658050408287,0.3045599305098141,0.4461469986840356,0.5175971557569352,0.5552779982818208,0.6891360685448533,0.7712166878388793,0.8257295065813401,0.9008419529237491,0.9568604884778764,0.9959116389033449,1.0254858145906578,0.9244995312794428,0.11825115472358866,0.01135465356760601,0.27464650043946914,0.5031596950905004,0.6443578425055103,0.7644855985681103,0.8447013438889948,0.8974675402704655,0.9193461576011115,0.893465145304486,0.911554493832573,0.8703611131121997,0.8196281826662694,0.7707262125601472,0.6711217413498121,0.5092217268704338,0.46511931231041137,0.5925173455688945,0.7730824416535249,0.7852021292133882,0.7545019185408546,0.7119158071289136,0.6651319085779188,0.6180066748969626,0.576891001087515,0.518238885470637,0.48828457658697055,0.4307405094488317,0.3579477556255959,0.23515805275899482,0.03800776688984253,-0.07919668927616433,0.4373943213538024,0.7477006189715918,0.8085989487149294,0.7756080604056377,0.6724209427527927,0.8448174102351091,1.1397670450191348,0.3834177314611972,0.0,0.0,0.0,0.0,0.7635052888852307,0.3244055629525819,0.9135339065388807,0.11930797409946892,0.23375773914200632,0.5866125822992425,0.6105102436961547,0.5767435953978554,0.599597569468274,0.7285234726667686,0.819761037437488,0.8980438657084271,0.9483382031277445,1.1318469776713123,1.071918658335996,1.0725592854238535,1.0844070418850773,1.08196419110473,1.1076832581524805,1.133762316980535,0.32329343824787093,0.23316733336323242,0.23427740529047913,0.3757291773180309,0.642181094904007,0.8406228333242907,1.0781957322662992,1.218974402101905,1.293875756258765,0.6159792296581177,1.4784797627854678,1.4862847211979933,1.4215216085784836,1.3170367789287538,1.2390386763658214,1.0327666706626497,0.6158723614778336,-0.0333448103103256,0.10877839160405234,0.3660031128967789,0.6182265874635196,0.7892829321699175,0.9773611269344364,1.0193312863931878,1.1058233391375358,1.110031206273776,1.0990843543673914,1.0112871057768436,0.9224615942073543,0.8247593214513695,0.7337351299541718,0.6650652613938287,0.5479094402732194,0.23110611517900922,0.06874884601912412,0.3485665297258731,0.12003300866850744,0.49149749365561324,0.6485311396754049,0.5582412973370273,0.8650096504721796,0.6957643144574329,0.3632806883436231,0.4632031998694301,0.9665604204959956,0.6935521246881985,0.42244531589187295,0.4024005019421754,0.46321095924724837,0.6759689592480767,1.197831419161855,1.083017841225799,1.0296249500619723,0.8742203663865529,0.7008693896606173,0.5586328716262883,0.4387254358527064,0.32012287472322787,0.3211913519279608,0.26184208254699404,0.20566639574432655,0.18891108838067439,0.07566593778690689,0.011495704607858537,0.04148818696998541,0.4292041886535452,0.842069512807592,0.8582878391517208,0.8607125591148447,0.832111453993815,0.7092930374694775,0.550932150390057,0.4290742562782175,0.5901325542367309,0.3144697848167475,0.2731487480849477,0.22547274254628147,0.20427423430857938,0.19911678225979623,0.13653940282483912,0.0895641719048697,-0.01819554779746152,-0.13956973739678513,0.28740597362666015,0.4218245227533074,0.41922602032038503,0.40193629084153626,0.47272556408721744,0.5225862998934709,0.542882945844108,0.6241630678322143,0.6014343780685323,0.6461189481190976,0.6724675433897978,0.7089641519686077,0.6735170191183326,0.7165102299513928,0.7237504692826521,0.6009524000287406,0.5654320392530559,0.0,0.0,0.0,0.0,0.0
2025-06-01 17:56:57.673,0,0.0,0.0,0.0,0.0,0.0,0.0,1.1336845515038803,0.7193943915068588,0.36592665589927753,0.13200584699482365,-0.024732065794068947,0.009923583904098643,0.11015433561423482,0.22266959959131283,0.3250570408179042,0.4651176360561302,0.5924152676244638,0.7156445275319013,0.7773784032866129,0.827475961940209,0.8974040198995683,0.9886473359951958,0.9831100012730951,0.6577321743332121,0.343850948240794,0.23473513363985232,0.24255627692146597,0.31545212443164306,0.3898511958736681,0.48961187787128346,0.5940443573361187,0.6851539352196296,0.5917370594428427,0.8095230234182472,0.8432053452860475,0.8943797346763201,0.9384514641557264,1.083252176387885,0.6883902753689082,0.438670709069229,0.35161898830605665,0.3625258848925448,0.36859529513144196,0.41517297285798627,0.3922848744929026,0.5224357266036401,0.509918996571602,0.49392334697474216,0.49959422345599425,0.4184614550145037,0.5857363635359886,0.513377561474915,0.4720435375008475,0.3623387331747916,0.16139504900170415,0.29380057604159565,0.3036467258665956,0.28014567583219674,0.3059725290029893,0.8981507130536621,0.7169816370479526,0.26301283974542894,0.5641116784002573,1.0422830291318534,0.8901654076476517,0.8480518598248219,0.3080167986439925,1.0528384254980632,0.9921649935084098,0.996961850421251,0.7696667564208888,0.048565637556119784,-0.058332686604104844,-0.02292146601766487,0.12840717335799745,0.26657545514645165,0.3962311609906948,0.49994605623914135,0.5531086744390359,0.6916764440296177,0.7924878735354235,0.8505280740156229,0.9377984853953333,1.0044396086954863,1.0448801211075232,1.093599374383249,1.0274072052147332,0.1804695140936366,-0.07400347509950089,0.20007012104110466,0.44833297613516665,0.6160709973834926,0.7426304116268061,0.836290321457299,0.8946485322927669,0.9257580711759565,0.6600886854600254,0.9251456957593962,0.8948386270050875,0.8480937353136316,0.7945751281417265,0.7086755638946387,0.5480450914534042,0.43975434361476506,0.5352329516922528,0.7397934200197467,0.758667246817158,0.7464762833930385,0.7139494598289791,0.6660313757721701,0.6184765630201201,0.5738289420314044,0.5166183117625218,0.4902039276674812,0.4353379756910669,0.3644088166776478,0.2411273017241392,0.04628586466117801,-0.0755063226056133,0.4235945388090875,0.7443348596733904,0.8064609525616022,0.7748659028250406,0.6064297966025378,0.7887125385068343,1.1306606724138657,0.46550422071031305,0.0,0.0,0.0,0.0,0.7540734436087257,0.27215989476333874,0.7808007317621738,0.1224757969201492,0.23918031186193028,0.5910235599001206,0.6069062797021156,0.5881635479082147,0.6021278352394603,0.729885475523983,0.8252792859649252,0.9129261269780304,0.9562322222432655,1.1357271418195194,1.0728550505807362,1.0778964734445107,1.086783803235578,1.082120724413465,1.0919676048644287,1.0938199399174342,0.32173394429179947,0.24898312081487023,0.26779241512537644,0.4052485041110374,0.6774785179465177,0.8834845054868068,1.1243048807231633,1.2586318725221803,1.3136870873092639,0.577573558876032,1.4772970459573456,1.4929456777420524,1.417391274567254,1.307891491007787,1.210257365507447,0.9982433578499345,0.5778894513391298,-0.0015698842600032625,0.16342795190876724,0.44020247601916984,0.683493883499247,0.856367957754365,1.0286962528835804,1.062927703194532,1.134909011944723,1.115233551005352,1.1063897823809445,1.0130129481452772,0.9139763670569602,0.8057168127083212,0.7139737097296507,0.6344969315814538,0.4863851421077422,0.18867148020137334,0.16465479037741887,0.4285856267440922,0.3136898959878397,0.3570226032697843,0.6259260216956664,0.4908143238179874,0.9903242528305989,0.7118475288245871,0.405490996743425,0.6860066465437806,1.1061336911458572,0.8094508797360838,0.4627802679685252,0.37686645328193763,0.4630715554271028,0.713628351483244,1.3284825569516818,1.1506816312844057,1.0725431383738857,0.9364861849396715,0.7395105099610741,0.5915654447480732,0.4329538186885318,0.31940144679577265,0.24267001566480273,0.21968668492163945,0.1452690820803033,0.12123808969979244,0.030263478191892346,-0.007251939634493443,0.11353832098192301,0.612623200499059,0.9480324090464123,0.9341620310264009,0.9465864886266787,0.8848665351883833,0.7282166031067696,0.5438677931833438,0.4119501749313865,0.4262238375626688,0.2618504780061648,0.1985738769735732,0.1458559014906049,0.11749712200807416,0.08849036790335207,0.023732136876291943,-0.020898181679883776,-0.06592077141400315,0.023744948899796947,0.41634812214368216,0.5030136673323968,0.4984387672738033,0.4709577372166922,0.5109947964881958,0.5299480870323241,0.5237592858041018,0.5839785684534748,0.5318089760202802,0.5687820453759935,0.574014510384155,0.5928727792072831,0.5805637711118221,0.610154296292478,0.6867992241363391,0.6916591230135999,0.6729965481007374,0.0,0.0,0.0,0.0,0.0
2025-06-01 17:56:57.677,0,0.0,0.0,0.0,0.0,0.0,0.0,1.1822472530189911,0.7766593462338863,0.39521356249362816,0.13970832564557856,-0.006282809342004425,0.020801035731247475,0.1281969194493945,0.23422469873758067,0.32943291504215966,0.4654117007740515,0.5998795717528302,0.7455105750123391,0.791046943213032,0.8530425813320762,0.9174270662915677,1.0343461214347305,1.0036475341850075,0.6501122680557025,0.37248229710527814,0.2547196208706851,0.2518891531944798,0.32283290559076283,0.40104962682251166,0.4991265860436809,0.5970566969822264,0.6986276237199951,0.3876416163783364,0.8337845307603639,0.8530068963018989,0.9097871765756117,0.9682014622614663,1.121867250959728,0.7784496778178964,0.45055042782031307,0.3606771093591058,0.37303267941460305,0.3717128722744689,0.38359881557822906,0.43140220108974936,0.5403754243587016,0.5295228681271604,0.49715983045307066,0.4496479255060246,0.40712176800064526,0.6045972380489606,0.5200282527577185,0.43765235555862514,0.41480870585276114,0.19593910715361973,0.29836558814341363,0.307606921085283,0.2697685841309829,0.3073246281471558,0.8434010409989479,0.7404967572032465,0.13466452425710973,0.5997648972248805,0.9865990831825675,0.9695585997336231,0.8330080620568066,0.2693497897859588,1.0279836280109798,1.0639915357251393,1.2235418174538886,0.7626725403156656,0.03845959550702854,-0.0693384922419763,-0.013504217497281035,0.13915831963320158,0.30200988450117516,0.40785821548500634,0.5236520661305197,0.5754987654850832,0.7042587377896696,0.7953881125231657,0.8720858871718558,0.9589812339023359,1.0351550353844896,1.0769875321107292,1.0982866891234035,1.0522684936937177,0.22574081078935238,-0.0684065052930436,0.21861981465840175,0.4522577717775649,0.6405160467906581,0.7635921983916694,0.8599612494409712,0.9154901361884611,0.9534891121994924,0.7590788977346463,0.9428117823991513,0.9134607003832181,0.8725968399120964,0.8042012837597442,0.7248242723639606,0.5696326016630758,0.46743007615054877,0.5483828715535414,0.7640589631480634,0.7616154054439404,0.7635938935725533,0.7212957911294449,0.6786600807797689,0.6332712547126507,0.5847765674443226,0.5242343606692761,0.5065478753340062,0.44791099207038565,0.37285351356484564,0.24859018743935024,0.05306232763129426,-0.06710420099112119,0.42167753181912104,0.7396460132645023,0.8140174694922613,0.7824052967765476,0.671132951082869,0.5402830549789199,1.1215542998085966,0.5505747316946192,0.0,0.0,0.0,0.0,0.6319316742953586,0.27773157489633776,0.7221578640165282,0.13815239591904116,0.2545308349540027,0.5892209935302185,0.5989457938751099,0.5805843254793016,0.6063200044026569,0.73048313118608,0.814563747169299,0.9197016110529121,0.9567770014181072,1.1450016937657055,1.07990453225828,1.0859832597772776,1.1061817975144537,1.104028360147696,1.0993565902993865,1.1081443797009247,0.3316585975503373,0.23589798099690046,0.26108689372271654,0.3978526239530278,0.6766594818192562,0.8873401795613423,1.133497925395138,1.2704314458115535,1.3276402144354489,0.6350205181378952,1.486036964185328,1.5017787366953192,1.441741009071926,1.3103854237560868,1.2167014069938413,1.0121836949675973,0.5726580355068873,0.0006229555852654833,0.166414341386803,0.4215385494216233,0.6760200674384618,0.867755187418412,1.0348150728611274,1.0784792168285102,1.139098110841962,1.1273459832844064,1.1190963942984737,1.020614325493085,0.9236757061411861,0.8198029499781292,0.7235554766419107,0.6338613695971319,0.478862760193253,0.20016816235198776,0.17344231297082036,0.42152857366748997,0.4176100441589624,0.42122677144402454,0.6774166387349636,0.4659304706932337,1.1495104876986635,0.7871308423490749,0.536182445698014,0.8198450260347621,0.8238895616789553,0.816859165797849,0.3581673716057898,0.40602720827415345,0.4794692063117208,0.7070001171598203,1.3218245236103638,1.138421124648851,1.0333752545475803,0.9351604937128775,0.7427326013125726,0.6152098468639737,0.4715281106744478,0.35986585204141197,0.2437201760222123,0.2405146492192063,0.17330004152727185,0.12824286589717993,0.06306838317192609,0.018741912691876306,0.14332779895977316,0.6359904344522902,0.9494726404959493,0.927570942410525,0.9539753552112599,0.8932300353514544,0.7455667635212864,0.5539515655802998,0.4203353236671916,0.589155404664883,0.2771137478003376,0.20190997991267312,0.15424267829785832,0.13511183514911973,0.09420616344589738,0.04098806821846346,-0.01731876722827108,-0.04402143883377846,0.10675950886976449,0.4288771824522532,0.47639572361882176,0.4958034447804258,0.46630186996594447,0.5081891610818368,0.517914528001282,0.5213168939781991,0.5846826219860757,0.5282688229184418,0.5722095546794452,0.5791142462267442,0.6114871815772999,0.6007109327221651,0.6422804776710158,0.7419145450098742,0.738034784608658,0.7454737800465105,0.0,0.0,0.0,0.0,0.0
2025-06-01 17:56:57.686,0,0.0,0.0,0.0,0.0,0.0,0.0,1.1131400021511257,0.7269737319459335,0.3553811353922065,0.12728839979000617,0.009876818249627495,0.05712397711187711,0.16640086703716583,0.2655929535675652,0.3502930432865853,0.48086859852499053,0.6175616719734986,0.749105148329282,0.7930704847468837,0.8598636398234706,0.9095148264920131,1.0399300221941388,0.9655383473690595,0.6562401474994126,0.38803295397452264,0.27565307146950146,0.2799894585521048,0.31759983495066346,0.41297573017802924,0.5255488891802538,0.6080566460544365,0.7102968535593555,0.4356527886190279,0.8218990996922676,0.8450402842916336,0.9044058622060006,0.9483832282709821,1.1117560455440216,0.8293205592479724,0.48444864732805404,0.4030796164289626,0.4259148776055428,0.38690587847891944,0.3829117525544379,0.5045183975123475,0.5385627947378109,0.4839108669508254,0.4761230273657451,0.47247609306834404,0.42671478278719477,0.5835161948133536,0.494072045202632,0.4200793843044873,0.41777966124269433,0.23991546378102346,0.3114055790758617,0.3630546511954883,0.30323007950311487,0.3383203428699444,0.9492839070885157,0.7658623635836147,0.11594700909348732,0.7996110483820984,0.8907426562924143,0.9652384287878457,0.7972850240791233,0.4929370397030601,1.0753776484283397,1.0587989311540207,1.1403380189000136,0.6466495613505112,0.060314031673204316,0.011273793001829624,0.03697237355972538,0.20052582937757113,0.32979435301083604,0.4150926007061475,0.5175880646586108,0.5759522696143191,0.6913506672803944,0.7759786297550499,0.8407579779186674,0.9356608950646458,0.9921167796367709,1.040623854150305,1.0521523080378374,0.9734420366034613,0.25268518317080685,0.01798765398164226,0.28982585870943756,0.5007724390403947,0.6696067824824119,0.7766581089405005,0.8666096869051323,0.9146966070568143,0.935100826843742,0.6194546002715113,0.9183527195650181,0.8869149593555524,0.8478175042096875,0.7695715653964125,0.696436759891413,0.5445802231301782,0.5285103229728538,0.6164029593268282,0.8163250135352693,0.7997674941902233,0.776522210808386,0.731899615553629,0.6832713916558157,0.6353030699994116,0.5795218600197101,0.5131972272446115,0.4902491626013068,0.4285837376175805,0.350492240864247,0.215189010499511,0.019890209830621397,-0.06552487250745603,0.4698830624419452,0.7728143067429852,0.8430346979385748,0.8069261163590276,0.6096961127320513,0.6517173340074303,1.1124479272033272,0.5289990292153114,0.0,0.0,0.0,0.0,0.5201445464135205,0.35518361180082886,0.5493860164285542,0.13807307879219,0.27699488376561915,0.607081635904714,0.6176467911907622,0.5959410059496116,0.6163928851310558,0.7369178085529,0.8253376392660816,0.9235347940124323,0.9557617541526815,1.149013441066702,1.0809117319220856,1.0788611991062407,1.1044455911671132,1.1058228749525774,1.0951019850145023,1.107809447233702,0.3285941420343654,0.23301632210734102,0.2700429001042638,0.4131143354213491,0.6740907944248413,0.8946343191236998,1.1455345464558269,1.285245313387818,1.34039723867281,0.58506900143406,1.484292715386192,1.5052468633688347,1.440702485621933,1.305585655226008,1.2169540357684379,1.0230856631574283,0.584099134364413,-0.015636780586781585,0.15282541251611215,0.416768628760501,0.654489940608606,0.8403534692260772,1.0210403696826318,1.0550592533690002,1.1191981613466728,1.1081790127273274,1.1057993623433604,1.0137363496309901,0.9256354097485243,0.8208709395050526,0.724302355138344,0.6421534333948187,0.48575298586082216,0.22568942605353534,0.14066924004849352,0.40283178009992227,0.45315583258713565,0.31641128419912423,0.6657676069272093,0.7365218945376079,0.8625654198027046,0.7143323355219092,0.5124435573180315,0.8127921143972361,0.6508636624495909,0.9812316177840845,0.46548883081802417,0.4007171708087512,0.4887416078418911,0.7011144932421205,1.289290645458152,1.0862694384373965,1.0060130614626739,0.8788021057367925,0.7314040919143536,0.6415370025570017,0.48125490575921703,0.38118500517864473,0.24006202629644569,0.272638280252008,0.18468919148514518,0.1355321283718961,0.052573896411674426,0.03930034157647544,0.1430309534747461,0.5611559280659602,0.9021426540054853,0.8907537433199892,0.9118323019009779,0.8567152503205653,0.7139289648168381,0.5314529073621885,0.42252190881157525,0.6908643256856641,0.2911916328738513,0.22648850956120703,0.17720712195867572,0.17551121895437538,0.13510256044302105,0.08534421091111088,0.04401803993144765,0.023872959624402668,0.06354257959154119,0.3768470785988624,0.44704585267400376,0.46853888280286715,0.4348835378964748,0.48848678497867537,0.5392385851343242,0.5282927585439385,0.5938923436672334,0.5615731030353921,0.6020946344805258,0.6335361124623415,0.653381845916866,0.6530020180400806,0.7017310635773297,0.8080373398943849,0.7868437661848674,0.7329554008691952,0.0,0.0,0.0,0.0,0.0
2025-06-01 17:56:57.695,0,0.0,0.0,0.0,0.0,0.0,0.0,1.1538660973993724,0.7395384607190193,0.3691320470909809,0.11820335731141918,-0.019923953673917305,0.015586059684279285,0.1403084037091452,0.2232021022203583,0.33218289443834725,0.4789398262792437,0.6054945462908645,0.7543203104496209,0.8117678514331574,0.8656528797446618,0.916125580506325,1.0714242234230449,0.9969426449826146,0.6779071514436767,0.3696828748110683,0.23009702166116386,0.2524254373845334,0.2896066049390571,0.37899870987231354,0.5045387531564978,0.5987397916738235,0.7100704922815186,0.5836549884088296,0.8392320366471459,0.871368960372884,0.925698923708376,0.9691421660484001,1.2014190691059783,0.9044445787178841,0.5129438190980503,0.3871787380849795,0.27559933869159803,0.37791832086771593,0.3462263933772509,0.5171225570161919,0.4875456943165135,0.4693732762763647,0.4970779233934941,0.4465689952413634,0.4167511689657427,0.5787497769754971,0.5360045252110133,0.3972824120367836,0.4217511163528797,0.2060993531312751,0.287602214907496,0.3258529419386902,0.28355090256394777,0.32214467031617633,0.6105250446665311,0.351322870678092,0.15032108054062648,0.6823397945690829,0.7410798435987543,1.0466306811292474,0.6999241276395148,0.5370489807338541,1.1134214797486692,1.053606326582902,1.1194247125409715,0.6489340867718945,0.08000187441420512,-0.0373717756753682,0.03460498057310768,0.16886682462258884,0.31944781211547024,0.39986539349556005,0.4916033301584255,0.5714795012997074,0.6804046484565229,0.7778056168935368,0.8461880890234335,0.9365799651667278,0.9942467348323263,1.0601601561208334,1.0645513403501359,0.987919873729266,0.2868609706065739,-0.011179316696045105,0.27099726399639157,0.4740121034453706,0.6518907524785076,0.7683255929740422,0.8534115683708969,0.8984464804445627,0.9273912557949122,0.3791525288513435,0.9071912440535492,0.8789816808212753,0.8388609386318663,0.7646032414302465,0.6831390837478317,0.5363645687970356,0.5306335383732754,0.6231591492322391,0.8201172428464267,0.8047042886042368,0.7809488542046361,0.7223113501424769,0.6637607712308724,0.6320305002004938,0.5627757199240258,0.5008216334694708,0.46986389872307943,0.41409074924574707,0.3200534077083299,0.18983982728124393,-0.005986474342358661,-0.08026412523691223,0.5031948200199237,0.7923534907555958,0.854554640469319,0.808795216661893,0.7299471482465882,0.46307330340400027,0.8775599571275512,0.5174007757542456,0.0,0.0,0.0,0.0,0.5483119081953282,0.3659667188688767,0.5776975139770634,0.16203024033316626,0.32835332680669754,0.6226000544108997,0.6278964783646732,0.6006452031320034,0.6193453005450984,0.7250850024903486,0.82062944836672,0.9105255497632854,0.9293734032358478,1.120963529392585,1.0810456381564424,1.0576262694692853,1.0848002612642258,1.0853081635443442,1.0703790989970559,1.0978454140954717,0.33304223027180996,0.2657092334155292,0.3029343973780343,0.43378005881417314,0.6918218024909855,0.9151733723354165,1.1546264591967947,1.2678360131963535,1.3327115102385434,0.3525108255500968,1.4603638340839962,1.4694482963975486,1.4128230396467327,1.2751803661437497,1.1782675300337273,0.9698245435668217,0.5494556232804338,0.04303500017387196,0.21297481501736704,0.4588661976642696,0.6966683716944022,0.8709661046067405,1.034612216010951,1.0555314104130942,1.0927672161964161,1.0953816819444957,1.064902127390459,0.9935696881231767,0.8960886685948145,0.7903826169395354,0.6967454197425494,0.6006542325851327,0.4433772028506684,0.20049893980926498,0.18688599282305363,0.43324957929523833,0.8104835203339987,0.22932736034049597,0.6906145438835948,0.6316151150569738,0.7097023295706197,0.48286787455501956,0.5587097255146742,0.4026922482000876,0.5644501557681151,0.6746185384195226,0.39630938982199737,0.37050475245581244,0.4821276841419165,0.7077603542559295,1.3154243534517551,1.1037460370613805,0.994324391028924,0.8777821803981034,0.7155083448898873,0.6167653486383133,0.4598855029977471,0.37214601191286145,0.1996696630969359,0.23039252459173842,0.13428135162598975,0.10520337736108387,0.014576462482736474,-0.00466135130653289,0.18311780434559505,0.629942509972713,0.9448441340831655,0.9027110373276135,0.9452928049518604,0.8319959782477964,0.693648903796666,0.48308137562047526,0.3942866191515979,0.8950526806261659,0.25135423905275545,0.17529490772713596,0.12711514542818092,0.1244044231173812,0.0644313639127243,0.03534621859756326,0.004417695791393006,0.048851564930955105,0.15753893753626302,0.4065334802192781,0.4736221396981085,0.49755482444012356,0.44046859136808547,0.47331018143112136,0.5154563793357165,0.5141605879987079,0.5539409223072431,0.5224062036261199,0.5393543920598456,0.5665465645785073,0.5742079176543621,0.5883688653141677,0.6549424578614664,0.7955353693605672,0.8387707168518425,0.7771514990840869,0.0,0.0,0.0,0.0,0.0
2025-06-01 17:56:57.697,0,0.0,0.0,0.0,0.0,0.0,0.0,1.0663101626777862,0.6645432509818185,0.3386330985060346,0.14393049029919436,0.036835311101086954,0.06025580454822166,0.17871445893262206,0.25302280380373765,0.33711307140436275,0.47555845329087143,0.5935710927866453,0.7398899096618669,0.7789571995802358,0.8188655000962544,0.8640747082239085,1.0229385852564554,0.9508190694089926,0.6643510374151886,0.4036739799831125,0.2606178223812011,0.2705168242680367,0.3163802390767332,0.3947208664281554,0.4945906296646283,0.5975871218781117,0.7002682474386228,0.4562885034037286,0.8222082245224848,0.8407300682624934,0.8733496716557044,0.9118338088882532,1.1185050483760897,0.8666262172003802,0.523983038710784,0.43872865946137185,0.32504215271225356,0.4605425279519828,0.402357703956576,0.5042883279946855,0.4410125627012942,0.4599819868700692,0.4863250437868947,0.4315027044246986,0.4440645594101281,0.5870255371602733,0.49533451154020974,0.360652890697148,0.36759511107980214,0.24294694105971648,0.3732139445418269,0.3728620990853895,0.3229210776077316,0.3380970595929529,0.7922259451295848,0.6064082227876225,0.21976138371544296,0.7176406151067578,0.6473722135995065,1.1340610023803472,0.6381248964036231,0.4757422722672268,0.9069749680835674,1.0484137220117833,1.0463014331934823,0.572434940812987,0.09921759866533678,0.03220909876088529,0.10318413173904606,0.20790151661509326,0.33384424041532523,0.40256557042378605,0.4975887764410727,0.5654245164726104,0.6679735066643553,0.7487418621724304,0.8326223455374311,0.9022384485321074,0.950865913684021,1.0184289370157427,1.0067349183721248,0.9151709424608219,0.24731337271243398,0.04464255665700778,0.32616921874849436,0.5071608570528214,0.6755231118878962,0.7758708647828532,0.8554238517812025,0.8977877312817863,0.9184607945338679,0.4598649979051565,0.891479354968671,0.8523707313653791,0.8042903176052317,0.7202702452497957,0.6392668380209878,0.47491860655461293,0.5405217553592353,0.672348510839114,0.856004782936183,0.8240543374717044,0.7898615378920779,0.724951516758171,0.6555416109281005,0.6208565421263299,0.5440469584317513,0.48765357696791156,0.44276338782403113,0.3943483397911689,0.2889791346445345,0.1536688062105248,-0.04415347694527172,-0.11265154998790203,0.5173513690182805,0.799540820547539,0.868559834434238,0.8063780476217586,0.8118278058376716,0.5709130420806301,0.8259231083292884,0.5612616022362698,0.0,0.0,0.0,0.0,0.6941105540692625,0.47397321285454236,0.6758596758313897,0.1883742574670204,0.33745685261712094,0.6236481581687585,0.6237270998374602,0.5909050009368336,0.6036052431942243,0.7110266375901075,0.8062229797704825,0.9133672471658749,0.9190752330827783,1.1116127908072748,1.0804808579602274,1.0562624414251558,1.0926813955948649,1.0956626350412053,1.0663644853051157,1.1201096786694398,0.33536162195053465,0.26533687178539045,0.29852485463235245,0.43019689530082084,0.6981161062833456,0.9100196331692341,1.1607731626396758,1.2763443199251252,1.3405312497396118,0.3442777539531285,1.4755789406720403,1.4701088253815406,1.4308830063591864,1.2830880648921394,1.1893983423685863,0.9847368568388749,0.5677255022656646,0.042901250078036135,0.19955102361706112,0.44176104201736943,0.6874534174400835,0.8630976991357733,1.0226935254410483,1.0532548092273297,1.0795673466952116,1.1005383287949866,1.0698996720390905,0.998239525193047,0.8958088451958094,0.7940018651122096,0.7061135745068504,0.614779932591572,0.45051447934994615,0.23388542674869586,0.17185160091707347,0.3983726315839622,1.028858757237245,0.27131289454764285,0.7058324912852837,0.5829723959124461,0.6166080288238422,0.7068085953700002,0.6012483339219235,0.4314814007539806,0.6241916043014708,0.6989656976474976,0.5094361544066097,0.389712519362777,0.49217752115353525,0.7224554897791433,1.3302040335683762,1.066628529618395,0.9656671945323009,0.8620750381621405,0.7178181581752108,0.6180029513789145,0.4235038367941626,0.34997441389605766,0.20122406792092806,0.21151077014695785,0.14283768026259014,0.11741394160923913,0.01992463973642611,0.007323346877910586,0.2112476180754947,0.6471079601050385,0.9251395786310757,0.8843035621035553,0.9124056803234472,0.7825090732262885,0.6414923466349447,0.44116697824571083,0.3567806250728296,1.0892498289267218,0.22750448464095618,0.14436532382738032,0.10236174602209513,0.10466745848019754,0.05666905937978595,0.015964870840118772,0.009285946446554005,0.05911545291229142,0.12433963760512245,0.3741280746062215,0.4333330181214584,0.4545217320358381,0.3908825462037828,0.43699227357363846,0.4702967872100521,0.47232728118988954,0.5064947434311893,0.4952213294833634,0.5002461748044285,0.5401808997707829,0.5551175445110695,0.5699706965781157,0.6580784319666175,0.7668323063333672,0.8100971967720291,0.7553581734453756,0.0,0.0,0.0,0.0,0.0
2025-06-01 17:56:57.705,0,0.0,0.0,0.0,0.0,0.0,0.0,0.923075962031403,0.56438901248386,0.2870107696872678,0.18249143239041,0.10842315701663252,0.1148097237527762,0.2255147562504568,0.27813459470781243,0.36080341538167227,0.46773727856959524,0.5746780437538535,0.7070882578887322,0.7287412902398935,0.7674566915647983,0.796752873086924,0.9392314273789392,0.883398757275219,0.616924186696516,0.45199162155942296,0.32545955581277874,0.3254361658100551,0.3588921895390167,0.4153663196084665,0.5221801427492725,0.599593139816035,0.6770447070286434,0.4314955058685819,0.7823336915433582,0.8014168301371798,0.8114817599467606,0.8444135836009274,0.9997684565557422,0.8468839085472086,0.5328916292112649,0.5232058703570522,0.40117002514453737,0.4938234141207769,0.4750998485868323,0.589365261003362,0.46780383293540573,0.4721197977826481,0.4812999704861227,0.46366962536438816,0.4585371535900232,0.5467702036723787,0.42999885909368,0.30741796398635013,0.32767707334902324,0.346043435376277,0.472775700033224,0.45253579034302593,0.42547378565044625,0.4107894662450773,0.9756908131446527,0.6891628862721835,0.31500537550987945,0.8604075553118096,0.6197160811216146,0.9144239708102475,0.6596680443611433,0.5052331469486435,0.9192375325678793,1.0432211174406647,1.1299448706049928,0.3779205001405134,0.13419520450332792,0.15792817716282948,0.20669354569668252,0.28481194119987396,0.3709558092471468,0.42054130885940233,0.5051490028775267,0.5576917191889745,0.6427012891920005,0.6965036084696923,0.7854547718355831,0.8363228483496391,0.8824715917954082,0.9494679572211036,0.9163527871610685,0.794012512751195,0.21613131291720733,0.15844204448516364,0.4142038083784849,0.5577866065011974,0.697825353680569,0.7897790673344072,0.8595625186760509,0.8856933204787603,0.9009148976016055,0.5081746306874164,0.8619474207230151,0.8209023021219238,0.7636279241384248,0.6726872714132573,0.5881539094048094,0.42775623836366394,0.601275897950567,0.7549160969687642,0.912449885432268,0.8580819810243707,0.8049520339805543,0.7285391066060487,0.656627217111236,0.6162512374921172,0.5394473961147404,0.4741178002305504,0.42537328134831043,0.36587609740864946,0.260511843702794,0.13143879474102083,-0.06981636200955432,-0.09320937039989388,0.5699484481157764,0.8303882082148816,0.8862336894228475,0.8174169326671095,0.7427167838975492,0.42185204102094825,0.5751542880535898,0.4674819613524147,0.0,0.0,0.0,0.0,0.7848097009580348,0.445236067657323,0.6359575058670938,0.16892099487603396,0.33519741265166286,0.6223583376212123,0.6254888365831024,0.585116119964714,0.6036637611561229,0.6978158490658115,0.7900173874263254,0.8881804865418341,0.8960984051851173,1.081631302188093,1.0601856424230625,1.0354908388365844,1.071565055604336,1.0794044144836799,1.0607379699491635,1.117159097385582,0.31778273416777353,0.2501309792101381,0.26420972719517033,0.4075725773472123,0.6573442833377727,0.8663550478045257,1.1183511051613402,1.2278773868301716,1.312141049533105,0.3486327506213491,1.45583658669159,1.4435465331498838,1.4175454779849261,1.2789430710116285,1.1955979336269291,0.9929827290152596,0.5897015928639254,-0.008501405597007905,0.1554904446139882,0.3770866689362362,0.6207519178633327,0.8029626201846967,0.9736411085937569,1.0125727200504142,1.0451849776861906,1.0704060503875712,1.0462005610698264,0.974531594877417,0.8974396112067365,0.7945523118179427,0.7105934904985355,0.6380604894598576,0.4863573036685026,0.2834596218185786,0.10628682191917826,0.3288371335375804,0.9029593448718837,0.25750630571327604,0.9830391039513976,0.6362552020192999,0.6678002558444016,0.7458573774099573,0.6439876089149048,0.28816203909006965,0.603922448248993,0.494437931655328,0.4837731386887725,0.40603639181817425,0.5042845242973333,0.7078450282458405,1.2308341759133115,1.012582761101111,0.905429118738884,0.8048268405472954,0.6869710516968388,0.5710090930063685,0.4151565740241525,0.34492686330998157,0.25052257687264445,0.22874531379128848,0.1618587498502828,0.15820949525898342,0.05482712723464844,0.012230628779394181,0.15680978103360815,0.5188003884396466,0.8316274288148197,0.8171838977929216,0.8374899595172564,0.7057422187122488,0.5953398089081459,0.4288938458800151,0.3401135588301516,1.0739190219987595,0.2424733990160577,0.18426208911330155,0.14999855190358913,0.16218758897742258,0.13025249471041578,0.10986162877827599,0.09418628686956981,0.07924504134208815,0.0019019189054571006,0.2972843312087516,0.37886062928691877,0.36504144665664806,0.3355675469598296,0.40413043971490503,0.4528411971658177,0.4698379583145307,0.5189367766968396,0.5327050181090887,0.5398032109863848,0.5983761793317688,0.6264095626861624,0.6495538439037107,0.7331979754721136,0.7867129181272757,0.7629554455892927,0.6977424109513897,0.0,0.0,0.0,0.0,0.0
2025-06-01 17:56:57.715,0,0.0,0.0,0.0,0.0,0.0,0.0,0.8789960772835953,0.5419446272586252,0.2939749078144943,0.21618319302550526,0.13546539075696507,0.13973073606839714,0.2433961979067648,0.2783772899954684,0.360448073773073,0.4681603403117742,0.5720666445168534,0.6772469696043216,0.7132972761307852,0.7384047891456733,0.7646391937890596,0.8969477183437253,0.8616467407400669,0.6303800992732016,0.46958633990778476,0.3463246946018411,0.3414386055379848,0.3679322477157132,0.4267683189336111,0.5274049745471798,0.5971662385589647,0.66833846993377,0.4102799022285998,0.7656528855654091,0.7845657751685506,0.7758481428741982,0.7990951903923675,0.9621037076760875,0.807666581141198,0.5218977641886046,0.5241005237504527,0.4240109490883388,0.4889534163703675,0.539621029495595,0.5363533160522458,0.46773599431191526,0.4858489332414404,0.5076749602527741,0.4800154926698137,0.46960443969989607,0.5344196576454464,0.4416253718827962,0.3416431692869641,0.26887340434297013,0.34100271118153974,0.482686353224537,0.47842137837263354,0.45899505645558003,0.45150963317949167,0.9966745585118868,0.6315812605203928,0.5792796934824309,0.9353877709367431,0.8014375248317992,0.6602561589712546,0.8468493581878567,0.7562457962895883,0.9406464948357013,1.0380285128695461,1.0144243021568649,0.32682993688549056,0.15582513058272526,0.18173872484259468,0.23743303390345938,0.30598754837197517,0.36287358520327895,0.43483218881367836,0.5069977124347256,0.5599200011353089,0.6466656797065917,0.6919147006635176,0.7743964787676936,0.8228383223286285,0.8640893689632769,0.9272650553847683,0.8968654638209427,0.7565532909540743,0.1928845568561131,0.18318215891729006,0.4284912035217625,0.5689596080857329,0.692983453267898,0.794302549587941,0.8479598392687326,0.8798092621166509,0.8878192840921668,0.5261478985143595,0.8577622140482533,0.8125904876089641,0.7501596582400659,0.6566681121790682,0.5683430459975367,0.4026113604041247,0.5919761405625216,0.7527187730116242,0.9141625050294331,0.8632064370120871,0.8029379460761918,0.7355473329362494,0.6603715160336483,0.6180589140125434,0.5372653994785044,0.470140191782658,0.41773982018262723,0.3622378597522242,0.25123565395578695,0.12473179068652518,-0.0764872706573374,-0.10317236669558216,0.5709253597921012,0.8289010829380171,0.8830592482152353,0.8183055844632394,0.6895612264016866,0.4468080303690091,0.4354010795174397,0.38404459585245787,0.0,0.0,0.0,0.0,0.8609125407246647,0.5315133559234075,0.7979806268636224,0.1707734429280241,0.3270563570523483,0.6215371083557681,0.6249073419664422,0.5837843847997964,0.6045561524450906,0.702197728785553,0.8092541454907036,0.9031116022144414,0.9248871236345408,1.098807057869284,1.081774877166204,1.0540541273529853,1.0785113956457728,1.0809949194705346,1.0688787144117304,1.118049071167571,0.30650698596548864,0.24905995035259776,0.27368655972504774,0.4231931297534417,0.6809489871672019,0.8894306807385415,1.1421881482264356,1.2469491655143854,1.336760093408331,0.20213774836428483,1.4719921983117117,1.4584369720991193,1.4189069399451044,1.287440110955301,1.1997309431755605,0.9909786359220797,0.5839532340191638,-0.019267687014883128,0.1584123047170366,0.39278757495937056,0.6426680864468421,0.81504751110379,0.9978675043792959,1.0328999102982934,1.0707234748267571,1.0867787029588354,1.0613484230803523,0.9861919227985093,0.9041480220269845,0.8005853536115015,0.7035018498644404,0.6504274561581107,0.4944628635180067,0.2768231239744653,0.11944204148906373,0.3512406242065982,0.8493906301957858,0.31387148033932943,1.108000352565384,0.6821508961851718,0.5125749948679372,0.7247776612788461,0.7213843760304866,0.25529354435204704,0.7399120033216489,0.4226647784125994,0.6863655743391098,0.3982675184786805,0.5121629972417756,0.7344855006045796,1.271504711273237,1.0429535010032887,0.9535218459162892,0.8087916072305701,0.7227463288184273,0.5836430580511385,0.4336130612189093,0.3313883950001515,0.2912162872562576,0.22463510586264412,0.17239293998351335,0.1618534436890655,0.046581941188125975,0.012145822622930735,0.15254821884523234,0.527087670821855,0.8354475552251356,0.8423795666905853,0.8506911578457322,0.7191294800083867,0.5903904035528975,0.44534454809863244,0.33862865620904214,0.9374704368958492,0.23677787471013945,0.1871295094527725,0.14472527858449413,0.14379168992383817,0.1196049879754203,0.08959133356218041,0.08290174085998575,0.06451530394430788,-0.018800715606758778,0.2953015874427403,0.4045293507618477,0.3825403675442667,0.33846085633020007,0.42537055512432964,0.44872209606777,0.46567641418738726,0.500140853437546,0.5363012424446874,0.5311066680517174,0.5877662823326353,0.6086729904061895,0.636040640674149,0.7050648472533798,0.7502000372808025,0.7247556544973698,0.6442132518596919,0.0,0.0,0.0,0.0,0.0
2025-06-01 17:56:57.722,0,0.0,0.0,0.0,0.0,0.0,0.0,0.9977949145406327,0.6209884556418778,0.35342290959238654,0.18547251434587508,0.0804074505293414,0.05428950888245565,0.1774442368866097,0.22474005336798242,0.3357170933459076,0.46223206598737754,0.5625096752467611,0.6811578700796491,0.7271019023482557,0.7618748572908345,0.8293399998526484,0.9555826448526842,0.9016017251651273,0.6439544376714275,0.40118955099223286,0.27917617504554115,0.26821898908474817,0.32612836324444583,0.3994645864451605,0.48702603486964935,0.5755683707074073,0.6553524374788973,0.5507782912737162,0.7945195882542139,0.8233645189352039,0.8263638165237982,0.8385923421063628,1.0171487656440386,0.8456337249023407,0.5209716895019048,0.41020745707541206,0.3098059842172576,0.4214174393455543,0.521644907201483,0.4608345637577882,0.41065768153067883,0.49191696978970856,0.5108912617822707,0.503871557668121,0.4560083014537296,0.5136813311483608,0.47177132032907726,0.41395177203833866,0.31993590647324466,0.31558056072633967,0.4525754804472174,0.4128695867962904,0.4063843278772168,0.3457823544589025,1.1730583050022223,0.5063532126582532,0.9642412701503889,1.1141480783205588,1.0505349931336636,0.7549903341144052,0.9945480795673349,0.7814529294394532,0.8770095940348367,1.0328359082984275,0.7835620198112023,0.491768243515397,0.15042778471426962,0.05569036332939181,0.1208165115891282,0.2094584713917682,0.29207609748506336,0.4020936659518408,0.4808576173127306,0.5430733765780471,0.6536210096698671,0.6990627737042492,0.8033218727895783,0.8609499518592324,0.9154880385075692,0.980715756954817,0.973478820857904,0.8753361825543935,0.24567250677058178,0.09843555505306989,0.34332897734177825,0.5157499851843546,0.6607600225625936,0.7657400907683964,0.8293498841399676,0.8720029120052177,0.8931561880997105,0.6604209799508856,0.8766809295993458,0.8346555662116767,0.7695144597647486,0.6937312160792176,0.6019069909495693,0.4502681035949997,0.5786518814669895,0.6946743390067313,0.8789753498000898,0.8329923661692884,0.7800671427694768,0.7187046987315455,0.6528309636266987,0.6086436249089253,0.538740075114746,0.46702903434946075,0.4170366466103752,0.3489249518396724,0.24854215456364193,0.12435589130998637,-0.06787302956726582,-0.09639876469166045,0.57492785495273,0.828349577463726,0.8737477274712038,0.8038382058033102,0.6295899194875583,0.4339391153799919,0.33047838970666715,0.3045654232230014,0.0,0.0,0.0,0.0,0.9020937732621646,0.6993586763308897,0.9382873810379048,0.18606489340422327,0.34540704845805775,0.6310280736886543,0.6238642756223958,0.5841787641036186,0.5999739806983879,0.6943659308340748,0.7971534846795145,0.8954807583217073,0.9156546793324387,1.08183206274173,1.0649268432138617,1.0415083164331853,1.0633840513420911,1.062535428278476,1.0431602387606969,1.064040064517992,0.3063908923345638,0.2799362397796857,0.29518514158033793,0.43582160536429515,0.707958949719006,0.9181522745935009,1.148283321215724,1.2549399070370855,1.3243112833964663,0.34181630494350584,1.4551622722732955,1.4301813699106316,1.3906046304428885,1.2537291997773523,1.1625226544421763,0.9388591932484498,0.5504635356473968,0.04763166919862416,0.22145046109569744,0.4467124328704539,0.699385129019511,0.8571127329097157,1.0156543027204008,1.0475672788795374,1.0906061761524208,1.0870260547510417,1.0513732530763735,0.9496392193557547,0.8791441485357886,0.7730666125278063,0.6721005734878605,0.6095530618667567,0.4460245935953317,0.24017545956102318,0.1928938804179266,0.4218033211746378,0.9311080748555568,0.5200786877602267,1.0312518832319766,0.5480700212755166,0.614855631560131,0.8465665554230865,0.8716104444912594,0.2934120569870905,0.8178825153812531,0.4422574168352059,0.7770260058797226,0.36006776185714523,0.4783527929477756,0.733719002299012,1.3332085618887675,1.0785974182413907,0.9974494343841215,0.8487424582681151,0.7441675004750825,0.585435306242994,0.4001283850012114,0.324338451041013,0.271327986071473,0.17435710514675562,0.133466295883242,0.12264033494411974,0.015390471647460213,-0.023230112383626156,0.12146308654303889,0.6001539438796957,0.8772566232276177,0.8931594967427026,0.8619862246012665,0.7503330259071375,0.6279301540635944,0.4486194241954371,0.3078331888230341,0.8417769898509931,0.19835356719553698,0.13656010555523856,0.0949398224443252,0.08190679733874295,0.05366201504426171,0.037720483618355005,0.014285464743479526,0.00401852438920125,0.046769916245369525,0.36098783551745967,0.4406508181650085,0.4390438907268208,0.39097874259570853,0.43803118241483663,0.4255078334548785,0.4537606007700714,0.473458080406967,0.4816171720233613,0.4680833176108343,0.5141501863378646,0.5393099346073001,0.5639126299588231,0.6438865559258933,0.717745160062934,0.7431420747126881,0.6876085780917991,0.0,0.0,0.0,0.0,0.0
2025-06-01 17:56:57.726,0,0.0,0.0,0.0,0.0,0.0,0.0,0.9777798696258403,0.6083261809271755,0.3206075725398504,0.16153663097000592,0.08512402779489026,0.07130278523666356,0.19599169536495065,0.24245542128056363,0.34666340567937304,0.45876794299904744,0.5696369545220701,0.6699543837859973,0.7356247613105231,0.7514154110093885,0.8326004999116624,0.935278319623397,0.8559031395840246,0.6159066402578577,0.3901746819067369,0.27783322387711784,0.2613605554467977,0.31312597136856524,0.4015882237898434,0.488255479131958,0.5749973132394679,0.6579861821720998,0.6389284547377463,0.797114408135119,0.8236265833488212,0.8316433460507212,0.8406868338735709,0.9828657326195963,0.8559024745363291,0.5181849025012514,0.35491594669166415,0.320374653604228,0.3536954370545362,0.5304734336382404,0.446299609929248,0.43332185050566285,0.5116541674299864,0.5217542046562555,0.5005635343732584,0.46961566258128784,0.5518305231055738,0.4385275373422253,0.49144819121568295,0.34545734687075474,0.3461446345340792,0.4657670014696167,0.4088774241210327,0.4415784398329674,0.35952183816043637,1.142533566629164,0.3456601293827477,0.9461323650386495,0.9902031347102385,0.8674410103386605,0.5405665894716437,1.1422468009468127,0.7820203021839394,0.7806670156229577,0.9368652876229799,0.712045835841781,0.49611071355738906,0.14307798605110364,0.07318909241339977,0.10731970520221634,0.22877196645386477,0.2839146114762414,0.3902079796641875,0.48975270765462,0.5355779490570487,0.6506773001853061,0.7030687379960985,0.7937813494504291,0.8552684068584707,0.922241852461744,0.9667623046628069,0.9658317148362102,0.851976774555613,0.23990121075426873,0.10822171845662665,0.3530438076482909,0.525646498751561,0.6640643079243607,0.7587880358714663,0.8291189494806073,0.8719157535910256,0.884819598152011,0.827947997669823,0.8768476204314704,0.8323199076694335,0.7687510453150793,0.6881153522245972,0.6010606737299014,0.46203595461307334,0.6035702782797946,0.7109547045466024,0.8871352845276785,0.8479885328566696,0.7831517985894798,0.7239550738668428,0.6656412626094843,0.60338069871595,0.5480481813849305,0.4700235874046368,0.4258220256839702,0.3359359910895683,0.25016942617393534,0.11560041697640122,-0.06470278578307787,-0.0677215933159577,0.604277787678148,0.8504523339021708,0.8926822634333516,0.8163444485733276,0.6165525376560468,0.6249492836959247,0.7348213784565856,0.5102766739795016,0.0,0.0,0.0,0.0,0.8602816651836156,0.7199977945004228,0.8350134832867734,0.16370948212521652,0.3591263538282569,0.6500426172042123,0.640006225108809,0.606122594744721,0.6144142493949796,0.7203885859039862,0.8065084919970054,0.9073289529970956,0.9336831700920123,1.083398753511117,1.0446150248546333,1.0286988763381355,1.051262735553384,1.0441491623020143,1.017425599040553,0.9903563219599656,0.3029469521224041,0.29945642997674593,0.3196313512849117,0.46004686574264375,0.7327628502622228,0.9282071394812648,1.1638350277093177,1.2746826233620745,1.3113869875614383,0.4337587986757941,1.4377244459539007,1.4159622303742347,1.366104653811379,1.2232582803295586,1.1349894285789464,0.9117182434769533,0.5310482697692889,0.08281879524481828,0.25081251082231903,0.48072274306589846,0.7249553696557869,0.8734020207723174,1.0298147331081227,1.0431530277906786,1.1035770236797675,1.0701887419538378,1.0503261110828377,0.925330801715229,0.8602237483966487,0.7554806842148567,0.6530848999396829,0.5905146623373407,0.4188178137598416,0.24383008677927118,0.23120342993312237,0.4637588529460267,0.7474153066292635,0.6929952748886533,1.0060713226511444,0.4219315354736679,0.6229079297307725,0.8850982656609262,0.6656019054506217,0.390580748825702,0.7459462323668729,0.5969151796538024,0.8191643116451551,0.32877311896697053,0.43768355507216933,0.7257014988383252,1.329301868285338,1.0780170952314427,1.0493377083344533,0.8995618583348803,0.7718562588166764,0.6039262673625103,0.38813742515454974,0.32248140937988,0.28088132143270195,0.2019679127892524,0.1276008352756246,0.1032459157682103,-0.008833269073195371,-0.049165309084461706,0.08857740002057651,0.5779577628098722,0.8793466182078626,0.888366234827098,0.8635569967779827,0.7687431797388162,0.6472320911570906,0.46978294461182135,0.32214750590890406,0.5896803578144039,0.21041187275393836,0.15966167026358713,0.1163651866574491,0.10043140954128871,0.07611834823440022,0.054189851291782776,0.02207307444382639,-0.017150337221752132,0.036947069520570475,0.377952081774047,0.4590706107403296,0.4415130318866751,0.4436615487873934,0.47662673531930033,0.46433346713160706,0.473732949319178,0.5039673397378526,0.5101399452753463,0.49262076536265975,0.5428215181946339,0.5638639629179855,0.5911766114452832,0.6637620810882137,0.7407163848034769,0.7509633516707351,0.7085448081555359,0.0,0.0,0.0,0.0,0.0
2025-06-01 17:56:57.727,0,0.0,0.0,0.0,0.0,0.0,0.0,0.9813492423752838,0.6166001622824038,0.340521430432581,0.15748644362579955,0.08841066500045303,0.08306782975815452,0.20594685315522343,0.2440892884994763,0.35791490873367204,0.46299274002955704,0.5802612178789606,0.6693802330385284,0.7425685535737709,0.7803835299465585,0.835544782471725,0.944449381689293,0.8613300728276706,0.6094686284489863,0.35430043874047423,0.25423149521449073,0.2740380275614527,0.3183638617160307,0.4008267569748416,0.508934968908169,0.5806463106418809,0.6757793070012461,0.7769659596821628,0.8235298366127622,0.8608753965908271,0.8672156125159846,0.8679924634629437,1.0056946921480021,0.8998058548393126,0.5016832430401758,0.3028534698624057,0.3292988378565942,0.32298932251262946,0.4964424348287404,0.481996090022363,0.5144597304582028,0.5412405135604006,0.5861559959900065,0.5462543008284844,0.49062846005936345,0.5659105563652834,0.4505501201917927,0.5304679587906395,0.39748149871091415,0.2989163918190581,0.4276772423315425,0.41695740045238006,0.43661251104462706,0.3991910980242712,1.1120088282561058,0.2625775023397655,1.0034688239053877,0.9887023297925583,0.870046461449254,0.49470046695849135,1.1366048211446802,0.8748995579263763,0.7372933890696217,0.8789491280499069,0.6195447391626169,0.5101981576556955,0.14272704737461242,0.07114264531643832,0.10388104059471459,0.2283283124236668,0.28846197120292416,0.3981913673786064,0.5000235869561347,0.5493379655431341,0.6611715109602685,0.7121608428786894,0.7964023210191074,0.8719912426745849,0.9354353346495854,0.9857401627476969,0.9937223252522115,0.8797234144471738,0.24544211859316406,0.08436015178747136,0.3478037690394733,0.5112836552767526,0.6588781129085184,0.7647083720938022,0.8277778343192335,0.8774962257126995,0.8935118894947378,0.8731619276537785,0.8908061230703261,0.8493668084910405,0.7851115391141884,0.7089137353898284,0.6242656589622653,0.4987055069392544,0.6192675653695969,0.7067651896759136,0.8897683509179104,0.8733247746816228,0.7958385838844537,0.7385984452601491,0.695419062927475,0.6244535477384572,0.571845396272862,0.48473483168356113,0.44894793051213977,0.34876012808495216,0.2719905348395373,0.13248181620069455,-0.04555675737562637,-0.025514875381430158,0.6275064954839631,0.8760261822710713,0.9128305343416454,0.8447199206816345,0.5018431540124442,0.5913669224023037,0.55379201161101,0.5747372696925207,0.0,0.0,0.0,0.0,0.7959950254132937,0.7578229991702672,0.6994236413109809,0.1175409143144156,0.36976773810089664,0.6756429487743854,0.6659739286565021,0.6456989374936518,0.6553510475704742,0.7633593059151862,0.8451384617407891,0.9306064179391202,0.956049896845637,1.0985536441064325,1.046503414321947,1.0219886634825524,1.0310193070374474,1.0105590414774377,0.9825739229407437,0.9110604835197778,0.2863210318260624,0.33162088036762505,0.3656287433717582,0.5016525587325444,0.765645595361667,0.9805429704390201,1.1909524285220563,1.3001017456106514,1.3245547405566007,0.5304731153150757,1.4225988012646233,1.4001106398571292,1.3231705091383026,1.1875114316484217,1.0894322822969627,0.8490031930367965,0.4581918418587507,0.13616675464929973,0.3188095740482829,0.5626135560576024,0.7835664400960578,0.9287518490716666,1.0733674058627387,1.0585084786906098,1.12931659712102,1.0669466382127495,1.0463700381685768,0.897636131797071,0.8350492502077765,0.7319934026080677,0.6258280567029788,0.5513833268274703,0.3755955057924322,0.19849263744765153,0.3081887836239976,0.5400294548435359,0.5081979475581854,0.6538390501358501,1.0508882650563223,0.4350103818101304,0.4722484819982114,0.8765901735194329,0.6594398059666335,0.41439507345958354,0.6771031845174759,0.7835034142561164,0.9221409888827007,0.30282102708154807,0.42052341020966516,0.7164013240862632,1.3809312960331184,1.1753640839668733,1.1572832148192704,0.9608994773712589,0.8256941972020753,0.631192784798289,0.40817899064062724,0.3233916106625887,0.2945878213580766,0.206179260062076,0.1229515768269267,0.05422510535965719,-0.06340476923304206,-0.07389958300799365,0.0768698098194221,0.6180739204975889,0.9239761819000356,0.9343930519983563,0.9222961730223266,0.8238910503012666,0.7145156661964003,0.523952298356616,0.3729152212579805,0.6254415583166141,0.2286941522689041,0.1771436684672456,0.12123561153693863,0.10085950237612662,0.07091029101379043,0.05847799076823823,-0.001834200273400366,-0.04085755743207392,0.10192475720416938,0.4358054501279421,0.5142978230381483,0.49911813412374606,0.5259320469764428,0.5293500137706573,0.5227329848167956,0.5080795832430647,0.5483981609452615,0.5360424394678867,0.5092833571329081,0.5542114308640627,0.5629229434226081,0.5932167881458306,0.6565939228929472,0.75746274409815,0.7901242688674391,0.7508886868780507,0.0,0.0,0.0,0.0,0.0
2025-06-01 17:56:57.737,0,0.0,0.0,0.0,0.0,0.0,0.0,1.0419671388040448,0.6626075069166137,0.35876351297738984,0.13956096293285414,0.06049796246651684,0.08985134044654364,0.21097902579394712,0.25375444980428186,0.37164692690434353,0.47365947286991394,0.6020524794973949,0.6979338987714704,0.7674459782450018,0.8234593797290714,0.8759137459277119,0.984756258658234,0.8913155848443798,0.6249458467050304,0.31728820362130083,0.2237543728886605,0.24226627597695227,0.30122331243340006,0.40833844633197436,0.5189757760584719,0.5928976866375175,0.704564983441178,0.9875157164315667,0.8469894881392775,0.8886744151768298,0.9016758249577287,0.9031187854092362,1.0597240530793934,0.8951339408745163,0.4712254706454402,0.2466072998578911,0.27477872597301745,0.32788048972041595,0.46568945009937135,0.454058514693491,0.5004396597198058,0.5752507966210156,0.5897162702049215,0.5379436654024319,0.546841436859724,0.5734036135007645,0.49252712360913503,0.5431343493538282,0.4047066259428192,0.26524247857036676,0.38383574941540755,0.3647525219758603,0.37435701727827353,0.366112759100677,1.0814840898830478,0.409835421864285,1.094861605838864,0.9872015248748782,0.8593450944204661,0.5844194051880544,1.0718941792382888,0.9655659421062108,0.6924506044309686,0.8062907002383188,0.6289593140376863,0.5928607694148169,0.08116288729903073,0.016434920055940494,0.053702285441316056,0.2074674528907683,0.26121626629148875,0.40152446132192376,0.4846363225460115,0.5648884925514677,0.6918299684060849,0.7470448495707385,0.8194880177049215,0.9135399157478036,0.9693923368761925,1.0287137537135576,1.035961820379565,0.9411134165420647,0.24745846859954135,0.04128831106162656,0.3107960352666306,0.49492558836775924,0.6640233455182545,0.7590605226047376,0.8261502837740622,0.8888722354608851,0.9108791334954736,0.9245873530980693,0.9097399137177835,0.8623244635428607,0.8035915421742043,0.7330586665617375,0.6512522715780948,0.5245606418263041,0.6000594834780154,0.6734588629111727,0.8663566834191201,0.8643874183036366,0.7876319512455658,0.7374642882805496,0.6987710562839284,0.6308468927073614,0.5772369565939213,0.4935090869610175,0.4627770703127998,0.360685401782709,0.27975563956096394,0.14087413842839347,-0.035912692291781734,-0.034606951490633725,0.6131097342659999,0.8692761723840576,0.9106488436183888,0.8440235181589888,0.44634737286500886,0.603608034367092,0.5547080767193471,0.5462388612405635,0.0,0.0,0.0,0.0,0.7437970788229831,1.0759653141315682,0.6573259548932345,0.1245815253656023,0.37517241968685805,0.6791046307913774,0.675572727116909,0.6531723121461072,0.6767493603632626,0.7915095543940784,0.8792585106104709,0.9784723693387498,1.0096668665850261,1.1543395832445782,1.084172226451166,1.0617539282693151,1.0667754071462083,1.0391731076110744,1.0008563525152583,0.9161429116866799,0.2819154510182826,0.3420141192889161,0.3981807048089381,0.5406393543509067,0.8240387006345873,1.0393094815894002,1.2653458928319448,1.3789242894599398,1.38959333567639,0.6094516510298085,1.4754846993833808,1.4446321877420503,1.356255126604453,1.2009160234795422,1.094520160639087,0.8512315952232169,0.4322425362803709,0.1699989047153465,0.3663981230286718,0.618555539112509,0.8534347950285941,0.9922819880304832,1.133365577981888,1.119440171687472,1.1881007627270779,1.1221119585526513,1.0882268845804184,0.9322132160726443,0.843003289430403,0.7375270731226093,0.6325019594497264,0.5399077757596861,0.36985401040615795,0.16643406576336767,0.3481317323932285,0.6190271009277558,0.4457419392954013,0.6404522134140498,0.921313825632959,0.515602981649714,0.20647792096425316,0.8003404144477279,0.5386137570627101,0.4308690543556894,0.7264127572988257,0.9723395213531321,0.9600913205741074,0.3021873030152659,0.4059804292972304,0.7181562888629226,1.4555993045948643,1.2248309953129513,1.2310234343440936,1.03712788037029,0.8913468810822851,0.674034774675301,0.43606048452568813,0.3423155618457947,0.3289542067696425,0.2163968315221041,0.15371845453139632,0.03476213198477596,-0.07134949006555591,-0.0694691090490846,0.09134384722488326,0.6674225171330914,0.9623345197024247,0.9648837637089966,0.9834733403783037,0.8758266490661619,0.7538258656534218,0.5478288942782561,0.3940961828953815,0.8953199252800726,0.23576577531772713,0.17923241785266364,0.11629434281155882,0.08592996631589178,0.0427894391489988,0.015181456952578665,-0.04803890836732788,-0.08264347956793794,0.1450750553445448,0.4715908848038218,0.5487335238453102,0.5603923365646593,0.5832398118541235,0.5598764730263932,0.5515835628728105,0.5209352978145725,0.5506263312058577,0.5352772910707497,0.5051313588605164,0.5421260675531725,0.5389027902521536,0.5538605108450672,0.6155837602164411,0.720217382380337,0.7638622687773852,0.7537014598099248,0.0,0.0,0.0,0.0,0.0
2025-06-01 17:56:57.744,0,0.0,0.0,0.0,0.0,0.0,0.0,1.1436799764199053,0.7372039560424452,0.3910408148458566,0.10817055667712216,0.008914130263983688,0.03489359973517858,0.15701090681705676,0.241975139994971,0.3647129569010069,0.4728606528997845,0.6177700395194652,0.7227032307667952,0.8102995093026308,0.8616401927695191,0.9419207673468394,1.0643300057304315,0.9274166793037315,0.6330483711595918,0.2636224099504837,0.13605192174345604,0.17836948232310834,0.239353061426949,0.3644474630300849,0.5012134344472685,0.5991621785593424,0.7160346932837858,0.953325145038642,0.8838534349999455,0.944408034599439,0.9732190598900442,0.9825199411267382,1.1643147885267022,0.9663645315457468,0.4729093613909746,0.1576313136617319,0.16414125674953306,0.2560392335130395,0.3814418347246846,0.45746411403536547,0.45980356204520456,0.5515713939261937,0.6038843155252762,0.571010757871611,0.6010426083890695,0.584577087994567,0.5292013424931623,0.583660505687878,0.5125599180501972,0.29107596318892626,0.3113631801255494,0.2676915404608726,0.28673079226868614,0.29253965612918,1.0509593515099893,0.44917493596120817,0.9827905879405632,0.9857007199571983,0.9440571341058392,0.62108064562088,1.007183537331897,0.8402763003369473,0.7145343509730068,0.7501254026281088,0.5854706699383645,0.7501082149194518,0.05271608911932313,-0.08885119664863084,-0.05402818551215849,0.15863497319545505,0.21440083431539492,0.38272996898231315,0.47282427027338625,0.5714916236813281,0.6926847441437523,0.7725056938634123,0.8557493174745887,0.9549066519013413,1.0208450936510238,1.0824944587844758,1.1214020917793488,1.0626521111526899,0.3138725494237445,-0.012839309577058589,0.24713865431416693,0.43934908833203234,0.6363743318682185,0.7487701811287759,0.8258149004431989,0.8812090449051366,0.9232600579020847,0.7064446923472663,0.9291479691577338,0.8838911786572491,0.8272043935743282,0.7806983980087813,0.6879654016605008,0.5788200178355795,0.611989741148088,0.6427449333735665,0.8248791878861979,0.8437370387977274,0.7806079947599593,0.7259477277209017,0.695077029825069,0.6265669336838737,0.5876853765743657,0.5006997330443568,0.46366375648941727,0.3657706196295767,0.2963332836810264,0.15831273546855307,-0.021991458011687448,-0.012873846369285707,0.6247819789860859,0.8784645658963766,0.920019752448507,0.8436398873845086,0.33127662197307844,0.7007982043541903,0.6804874095198665,0.553253034271619,0.0,0.0,0.0,0.0,0.7240578810984073,1.0803570127340014,0.57256373225862,0.10803866123523131,0.39604691538170217,0.6920512189141236,0.6894228635265871,0.6672490377292967,0.6818323465846812,0.8083864282786866,0.8806236173729158,0.9742470346332994,0.9902774912974124,1.1379186554028533,1.0667007313834294,1.0342837058631609,1.0360045203395263,1.0009403986016339,0.9640477383500312,0.839072110717765,0.25700655966078845,0.3805155584660328,0.4422444814930149,0.5770105857700156,0.8634298615252642,1.0819189445538115,1.2926250681206914,1.3868688793198147,1.392208508867429,0.6478404067007704,1.4557636612406943,1.4077792360148296,1.3100144950067336,1.16437901446862,1.029020581119898,0.7667650189399033,0.35616209035152185,0.2524915468246488,0.46262395740139206,0.7190012685344915,0.9451263475668905,1.0566965046393,1.191525415601003,1.144578985889625,1.2043727035175076,1.115468173280402,1.0610817319142725,0.9090283259926702,0.8084171430583634,0.7005896259802089,0.593268281080221,0.48012321091847243,0.3038267916166118,0.1334978789078258,0.46121808592473823,0.7228574544791125,0.3656428857533237,0.587338901797136,0.9465399947925878,0.5530615076303664,0.3201378595066586,0.7317213243446303,0.4785068407878606,0.3686433900832598,0.5411789809539908,1.0005491909974435,0.9980416522655141,0.24768501744437815,0.36517024945624094,0.7003073677238835,1.5196030772710347,1.2867588245287631,1.2928860533802715,1.106198021523627,0.9235855484152042,0.6786725344733378,0.4267075353973484,0.31175258381838744,0.2794221968843982,0.1761817391704683,0.09074649283000036,-0.028967196542904694,-0.1288431930744408,-0.11793788932105592,0.0819066542813412,0.7008772197888529,1.0222553111830872,1.0067352022851417,1.0326710001094335,0.9002953494846715,0.7612615604967239,0.5413345378651233,0.373529936030095,0.95194370513232,0.20080153908146592,0.14093462014381974,0.07312915488275862,0.03321979726968294,-0.026283418578325612,-0.047806055818414794,-0.13149357031575354,-0.1224723937019972,0.2138380294337553,0.5355139794789288,0.6043208234051655,0.6149551105302509,0.6427079794296855,0.5811253749888121,0.5771189673415995,0.5202899855639591,0.5507782784621698,0.5023305014595325,0.45804313319350753,0.4940914242149448,0.466420946778343,0.4785471354545301,0.5641766665390098,0.6861318085039517,0.7954556298797321,0.8230942250522406,0.0,0.0,0.0,0.0,0.0
2025-06-01 17:56:57.748,0,0.0,0.0,0.0,0.0,0.0,0.0,1.0914395401393049,0.7087723964656729,0.38223745964052225,0.1339473118209049,0.030813779488812254,0.07122849238103413,0.1794131230174657,0.255850812137169,0.36389850835837045,0.4610730164192285,0.6082314725556026,0.7038670396716277,0.7866905880241959,0.8339009550579038,0.9065007996220552,1.0070389970122504,0.8989269543880274,0.6153948482085909,0.2928551965565076,0.14211183568511376,0.20238980807007256,0.25802275782295636,0.3619595474573478,0.5053072818572328,0.6072018519318054,0.7219021784740642,0.9191345736457168,0.8733071319398477,0.9224018942335321,0.9467458853450553,0.9792255963600047,1.1564066919305969,0.9591364643292488,0.44841068072718515,0.1888861500990212,0.19214133286429447,0.2721728898944269,0.40310404663089017,0.4840350961318576,0.48119131526634096,0.5628487402902049,0.6212357615279247,0.584388173432062,0.618794928298065,0.5915652381827577,0.501505966608657,0.5437117802284522,0.5037666476172935,0.31041447278602013,0.33139354162698914,0.2869592353864545,0.2968575296382969,0.3465807888826744,1.0204346131369313,0.47435809603880263,0.727988187402077,0.9841999150395182,0.8134500542625529,0.359501645509385,0.9424728954255053,0.6248781039708668,0.7759979150433456,0.6076007308854307,0.6491162056707108,0.7256067006183584,0.021852504499965564,-0.06819756474480831,-0.0031196415661647325,0.1933904827709816,0.2503098602381264,0.40101614734756463,0.49045989813681423,0.5854821843643514,0.6862398189982448,0.7759622184080373,0.8540458803509874,0.9432485487741705,1.0055453069641649,1.0699387893472954,1.1025075786492318,1.042452449234482,0.2813302833629104,-0.012965507365499507,0.2534962361651687,0.4285799232869838,0.6297038134543864,0.7525129102994876,0.8268351826119464,0.8741345309156392,0.9203461944703382,0.6224842790165406,0.92504132919352,0.8743323469133976,0.8230141004267298,0.7778491427724613,0.683893784484614,0.5742290945186032,0.6206263419369175,0.6597083727994132,0.8289588218239992,0.8441536351161683,0.7930624649780944,0.7202142480331812,0.6906771728058425,0.623976390336872,0.5841351551487184,0.5022059344619811,0.45969304296651625,0.378514542734381,0.298357745022642,0.1615461779438011,-0.023083388112464687,0.007632819757607101,0.6382195804263735,0.8911821568314024,0.9308557714148253,0.8523667619689734,0.36710303203418576,0.8090606754418881,0.7323326995415462,0.537153134977691,0.0,0.0,0.0,0.0,0.685242928006933,1.0802210530193495,0.369697322878786,0.07896113570138419,0.4008274932889649,0.7010585294780096,0.7024587799493598,0.6804604012304961,0.6919108662114888,0.8081661916654321,0.8881044955460271,0.9671504514740641,0.9735931355910514,1.1181333978340016,1.0508425008945879,1.0207073940891493,1.0133774389814392,0.9761373245005247,0.9340160145432717,0.801086924337689,0.24221787934930022,0.39142034547122595,0.46446869572597294,0.5939957285862798,0.87287850247898,1.084430606081594,1.2905203028056182,1.369955097129641,1.3809355747566279,0.5043985384087968,1.4352613372996599,1.3775322148677231,1.2764942803931476,1.140614471168976,0.9942347051337775,0.7137865525984046,0.3187630759169205,0.28040524558038615,0.4933609232595152,0.7531614935954702,0.9770512526117776,1.06787574705852,1.2101445090124296,1.1503354847829341,1.1917099396678315,1.1057392316453063,1.03969644354427,0.9079602246102444,0.7878598659212649,0.682973325817158,0.5737397423036643,0.4537337704435731,0.27937552425216716,0.14319290448537075,0.5108773885995299,0.7531497493828568,0.4035916325713338,0.5245976183559441,1.044555385903684,0.4901391168880165,0.32810203940531274,0.5593063532065103,0.35060469405510414,0.43860432420865775,0.5136499657134559,1.0287588606417548,0.9160871404678336,0.22909085120840028,0.35209426501066426,0.7278844026517135,1.5647243907162425,1.3225064860529385,1.3443973055754017,1.1390066197269952,0.9467366190219659,0.6884479485597752,0.4403824596366619,0.2759965983020598,0.263378154742973,0.1607810383307049,0.06509664340430299,-0.06368602340509177,-0.15054801751287883,-0.1326373514574457,0.10201448078855418,0.7283394147040354,1.0424941776074947,1.004771407050167,1.0648293568580414,0.9098209773598775,0.7385712548921002,0.5298495657038791,0.37307122088965383,0.7582223652257343,0.1949813269505134,0.12712214148271572,0.0636236177456313,0.014745301814793277,-0.037847534576650466,-0.07468215859229899,-0.16196548104090858,-0.10302633052401733,0.23169056742769667,0.5563830456653402,0.628591528075593,0.6226063591946844,0.6272261208076064,0.5916389265783732,0.5918853109595961,0.5238682461753432,0.5495278691767198,0.5014870335468691,0.45732519132066507,0.48813525420964265,0.451978451580192,0.4599343960140889,0.5429946104097492,0.6686610074013207,0.7825727580809531,0.8288914224787967,0.0,0.0,0.0,0.0,0.0
2025-06-01 17:56:57.753,0,0.0,0.0,0.0,0.0,0.0,0.0,1.0465806030611555,0.6692926196842965,0.3632712832975301,0.14454701530730485,0.054691176988053924,0.10417834358531708,0.1961065811075201,0.2848487665237187,0.37580010376302286,0.473610956002702,0.6146632202530105,0.7157797688393969,0.7798811145709499,0.8270405194648364,0.9044513504502415,0.9719387897681456,0.8826128239785364,0.6034115592915792,0.2855247705639913,0.17421181082202664,0.22536508759073026,0.27954018206547615,0.38590615369958203,0.5286081063463541,0.6248583667652423,0.726538536735603,0.7603684615932396,0.8599842532230871,0.9213961861997282,0.9284090322463233,0.9603307427084604,1.1184221111345862,0.9169921784778055,0.41735537866465844,0.2066863765686897,0.21106908614486364,0.3645282933554641,0.4048166106164772,0.523685548234113,0.4774063576017875,0.571348632148309,0.5955263229339078,0.6011081090023505,0.614880187899742,0.5596924049226661,0.5285785298731374,0.4973337739761251,0.49922040478699287,0.2984322922032077,0.33465280111908263,0.3197740929399838,0.2962862098982857,0.3467571730833392,0.989909874763873,0.556216926561833,0.6618536112568885,0.9753001914554111,0.7825330357015816,0.5456446287472714,0.9861982509176106,0.4943934354510791,0.7831054910353673,0.36854165689214724,0.8071117212053215,0.6639614135637599,0.00853789556040091,-0.026617481369810347,0.011381791473094705,0.19876812155859902,0.2676053780278118,0.4272650167854708,0.4813734273159731,0.5813859223192435,0.670949684395604,0.756100825504993,0.8310473083944434,0.9127238359889528,0.9638447350385879,1.0421432399946498,1.0681492290130934,1.0267103485427103,0.28312080558186603,0.030152060920239143,0.2833401924786363,0.4369824826151665,0.6233616664162984,0.7398281739827262,0.8014723751559778,0.8513099617847244,0.8965045818001156,0.6450952207958489,0.8965883103040377,0.84241822084984,0.7903581257851132,0.752989575060928,0.6574199438381223,0.5558773879068234,0.6552271494570215,0.694901197472848,0.8497315689695495,0.845814418875418,0.7789401115036825,0.7016096999931858,0.6659322184904428,0.5986135251388363,0.553943231306292,0.47599587048971204,0.42339620489523533,0.3568953674879698,0.2763321953787061,0.14244795349425254,-0.041560845537198854,0.023540054556591083,0.6525904580255519,0.8957759386976347,0.9315898188698966,0.854893577504259,0.3689081613501914,0.7945067020237857,0.30387558241334417,0.3765921782753201,0.0,0.0,0.0,0.0,0.6992664202120666,1.0032208741981374,0.3957738856005141,0.06418504739657882,0.3954197160756829,0.7007336838692338,0.6993836650758785,0.6722853510018295,0.6883370223651908,0.7950268130537401,0.8865704357357944,0.9549153278696969,0.9565685546701848,1.1117035383314238,1.041078169319385,1.0117500624318914,1.00416247435458,0.9695034620725416,0.9451174312588126,0.8115183545649163,0.2347228495196319,0.382698947304828,0.45087069453169115,0.5846525255505468,0.859284989906407,1.0757015955464393,1.269881735679311,1.3506127992618968,1.378117739228457,0.5053468979991129,1.436023974568271,1.3750216072867056,1.2712771001330163,1.1483308403755674,1.0071622768221002,0.7154601204110168,0.309686696231487,0.25684605999783383,0.4676598823486754,0.7252439959545613,0.9575959518322841,1.0373327344428855,1.192075674592191,1.1356714908311452,1.1745004061747242,1.105692259848801,1.029996392975146,0.911039819527394,0.7916359594638386,0.6843014433176298,0.580932306927748,0.4572744430703659,0.295954647166115,0.14828654396886679,0.4892884477500328,0.7293402401579067,0.3277055269920228,0.4027814793425698,1.115348828131363,0.5973198994376753,0.4557550146445081,0.3992451139249059,0.3924393212454748,0.41880196275060416,0.6414754215198398,0.9701795822585808,0.9562071295716278,0.23246700471191745,0.3543884224337713,0.7192365814015287,1.531322599233489,1.3374862118748694,1.3000057953368827,1.0670346589396198,0.9070922574081461,0.6741929363546264,0.45491144700585173,0.2731295369644444,0.24174473134643315,0.11746405055695286,0.048552074649169885,-0.06468666017523272,-0.1510679773228808,-0.12144195538207453,0.08102355967066649,0.683745367813533,0.9951453758915059,0.9703398512779466,1.0284106518830054,0.8623680947820065,0.6841560379388638,0.49372746320468264,0.3439926657678287,0.7478451649881543,0.17874373743501426,0.11842930155227749,0.06087813566256717,0.019408635808385477,-0.030074190568329495,-0.05244729977979634,-0.14495546107178553,-0.10673204653167073,0.15837363467973575,0.5102182862414695,0.5799250794909173,0.59316755063503,0.5658160636361558,0.5417516301324985,0.5510034506135122,0.48205625492093485,0.5265216519735729,0.4843512793250073,0.4613388859989973,0.4779770236096337,0.46252113620379365,0.4580632319146116,0.5308664946497981,0.6288415001539457,0.7163995206363579,0.7452555738012567,0.0,0.0,0.0,0.0,0.0
2025-06-01 17:56:57.756,0,0.0,0.0,0.0,0.0,0.0,0.0,1.0154437510852647,0.6503700804025265,0.3722061671896948,0.1648935793303673,0.07476716879104328,0.12833040148015373,0.21239164901923624,0.29610813959571636,0.39018887952107295,0.4819966522641661,0.6140969460612125,0.7196566492706832,0.7764491729826037,0.8102777474911129,0.8875536810376911,0.9320351075912129,0.8507584662568151,0.6027314726068727,0.3154221455416647,0.23308578752655917,0.24163150152360946,0.2993049134486725,0.41527654520166934,0.5475851688360756,0.6404058133234707,0.7358269442871048,0.7736134525567402,0.8392911250437679,0.9039405615477749,0.9039529412562247,0.940219201042163,1.0881910433361734,0.8314963720692388,0.41654730738100465,0.2477422469953604,0.25099194720570805,0.3971723875687887,0.40993452475514935,0.5274956724379598,0.46761691762988167,0.5484421844230603,0.5874440043877651,0.579832036080328,0.5997495448718969,0.5559672869106899,0.5358120831881179,0.4908456464002291,0.47629187655850963,0.28269780651513304,0.34933315806284604,0.32946122157444424,0.3152706508676215,0.35836348377704796,0.959385136390815,0.587110934916926,0.7697676765159476,0.7088106957227338,0.6948678839713749,0.6317616898242541,0.9715887247949022,0.44090184391324133,0.8877720263505352,0.2749609573087515,0.8011415383111181,0.6441027343765457,0.016449167513929136,-0.003217842120468717,0.022300854690482375,0.21775603894898365,0.27710325684588377,0.43926303023240343,0.4828226148588104,0.5824538290514003,0.6599553667309235,0.7521438151624535,0.8218842741715657,0.8932764434032993,0.9452686631178582,1.007622520795831,1.0447465643061085,0.9990266992504135,0.3162321563577778,0.07872476710010023,0.2981071776403321,0.45283171905698083,0.6318624378837259,0.7411470334562238,0.7956202305415525,0.8325016068008035,0.8808451982626526,0.5820838714404573,0.8765196165679758,0.8211014957120067,0.7642792531085562,0.7426038736020325,0.6371751990964156,0.552182443284641,0.669821702286971,0.7157927402993357,0.857707686726803,0.8468527212157964,0.7716530278227449,0.6888988519430488,0.6329177040945999,0.5729379626300068,0.5386899759928341,0.4591647510179886,0.4032304654508576,0.3396870715368465,0.26060622156781577,0.13286593161828064,-0.05198669443333548,0.03767090278101953,0.6548308189588581,0.8901713732763841,0.9191829478805205,0.8350678815111077,0.4648986746587321,0.8530557097703384,0.3442622684540095,0.25118782142069035,0.0,0.0,0.0,0.0,0.558731686201037,0.9240659028846907,0.4949129227052186,0.04277281276418021,0.37137627977005877,0.6839387242624305,0.6857985152170669,0.6593844159281442,0.6810132130066195,0.7885339565942375,0.8918999849113294,0.9571388360396518,0.9589131205617356,1.1234920143600289,1.0543317538545045,1.0149709386734918,1.0133209737956907,0.9720740897443911,0.9614465983407243,0.8272614052340681,0.21644502471940336,0.36387025995096345,0.43064102359913603,0.5745928543893637,0.8514890535493482,1.0696913396586814,1.26355463237542,1.3482019435258181,1.3804466028010494,0.6002177948903287,1.4438892028667025,1.3935925639200892,1.2860014791946206,1.1781713363440143,1.0294718516141994,0.740688331337279,0.32613894142806293,0.19452086927894185,0.42403543255989995,0.6960648791291171,0.9374919108059192,0.9989363579834618,1.1719501786225073,1.1349793693616996,1.1800468147488203,1.1169551410605694,1.0399796940044888,0.931421229284925,0.8169674284392344,0.7054125073376027,0.5985043042912302,0.4784715928914405,0.3209211322420167,0.1740892560463585,0.4654830256418564,0.7075556513061213,0.3911248571678084,0.5458113368495322,1.014477366016186,0.544860750745899,0.7201712291766191,0.2338303632289244,0.37653025250762834,0.49784487513554404,0.6740379432117172,0.813947932223434,0.7017783574491437,0.2523638676654755,0.38014903644681836,0.740527022393988,1.5058853014495872,1.3101617325663923,1.252623667427244,1.0421767258514065,0.846189129496284,0.6527330710893438,0.47180531048894614,0.29475904129036223,0.23944272377837206,0.11770523861495219,0.02676455280286638,-0.04520406976324576,-0.10406919399425774,-0.09953084967338399,0.09221855116953498,0.6525911369274946,0.9623318014988256,0.9399546955985705,0.9805910908310725,0.8123834388182745,0.6151676156285806,0.45656785207223183,0.2992042340694665,0.5584929045043859,0.14835705093319462,0.10029942169492023,0.04327084434188899,0.013863093324992026,-0.02238874732721019,-0.04970714034075063,-0.1246745972878966,-0.09847954773170964,0.11638596983795346,0.4515170496072846,0.528538493971644,0.5475908515742378,0.49214421967133837,0.478365345138015,0.4920152725757898,0.4346061394121472,0.4855956541419757,0.45101168347826714,0.44809448701332455,0.45149115063719747,0.46280459434071297,0.456598291436739,0.5238526283735025,0.6196813531663757,0.6640238004592914,0.6689130627070003,0.0,0.0,0.0,0.0,0.0
2025-06-01 17:56:57.760,0,0.0,0.0,0.0,0.0,0.0,0.0,0.9581880755137272,0.6236378863172566,0.3700944388358849,0.19770965473390611,0.11098507749266595,0.1491879108000117,0.23056520852530438,0.29567656433904044,0.38913025008536917,0.4815189452074562,0.6074682130321893,0.7036194601991422,0.7585112465110961,0.7700070440333462,0.8522019236714087,0.8780144756005396,0.8110919457234825,0.5856650980668578,0.3520262638453042,0.26932128007908573,0.2869321553358466,0.32525040103682157,0.42243905421384587,0.5424247115543168,0.6291386736886908,0.7168724745858597,0.6049335978663469,0.8136256026446557,0.8625661126036284,0.8690072649029036,0.8936668873656386,1.0286906852853726,0.8075326675284398,0.4159809980752951,0.274895020344747,0.2602748333200182,0.41976168715023676,0.39294867484879226,0.5286401495116533,0.4645304134974475,0.5002813025000783,0.5755812778004079,0.5504109605515843,0.5519602608516726,0.5361793062770928,0.4953848422122849,0.4784581792534631,0.4361099970786008,0.3271140990700958,0.36650258981128264,0.38215200999925547,0.3416417988311975,0.37470837349120045,0.8023762449273242,0.5449794085509475,0.6813880525194014,0.6022175804524754,0.8541092336119693,0.8007223929972671,0.7189501734734157,0.4031324206367772,0.8192183416421651,0.2741474110544744,0.702455380283827,0.5888035805475513,0.040789703413718265,0.043381105141662046,0.06726446262511843,0.23726536938839105,0.302595974474116,0.45129967445111885,0.5039123172118625,0.5843909880715186,0.6548073198619739,0.7424393910813658,0.8109215647093868,0.8758497872209349,0.9278631597717728,0.9712759840717311,1.0217497192200908,0.9449385138143653,0.3364400344090049,0.12362562008257172,0.34801724800114275,0.4765778217066168,0.6406776759307922,0.7491544259308323,0.7969146816913435,0.8261081676914599,0.8651853026851006,0.4601616443615861,0.8595520779009693,0.8012150569887985,0.7399911662686377,0.7258298926123089,0.6149983019673952,0.5387834027991433,0.6985644456469576,0.7511304350257576,0.8765875565677756,0.8526413349299873,0.7700286181373521,0.6767978224655506,0.6134686237165372,0.5543978640307436,0.5251450473378914,0.43635935344662213,0.386557115137816,0.31702362928219174,0.2456024404888033,0.11993382059642455,-0.059469505722661964,0.05359223520047057,0.6640602565078638,0.8881318580759945,0.9139054246097467,0.8294677585177888,0.5403460782052478,0.6899648976791719,0.4642845896375411,0.3361252341717671,0.0,0.0,0.0,0.0,0.5666853570839034,0.6135019011517577,0.7769865116893383,0.023424616386533093,0.3498280187989585,0.6795166392355864,0.6794701882595684,0.655923662568258,0.6626337892964931,0.7700300088856598,0.8763370373484678,0.9349078860996292,0.9363549998890739,1.0989411170186711,1.0399395971834604,0.9968360657146316,1.0050082592474885,0.9607301786948363,0.9537928027309626,0.8206513437073633,0.21910647997322696,0.355209324406375,0.4226367123997772,0.5553059895384731,0.8229625699943732,1.0463256468737723,1.2323422263396155,1.3240963622630313,1.361499787743613,0.6475406222413596,1.4291599524935488,1.3898678207854633,1.2795276803144597,1.18643436522472,1.0429849457771123,0.7569802795179774,0.3488750384044415,0.1667700488176872,0.3829092533852295,0.6623857118634289,0.8975549474892541,0.9581985233627262,1.1370252527390279,1.10980665022809,1.1575752711157534,1.0993732906454246,1.028888529799287,0.9303129277250392,0.8233395046500881,0.7202096209734061,0.6143307418931665,0.49645993902509755,0.3422047924522256,0.19894123615707035,0.42971056518621775,0.6451972388164441,0.41516285227190874,0.6347328475627348,1.1564536408703798,0.45763415926937334,0.9470647641575656,0.3051942276610735,0.4458843152406194,0.5264392913990892,0.68133761094985,0.6965954406521881,0.4842817323181017,0.26729148228910987,0.40901246829387156,0.7382262284979219,1.4451792475437455,1.298914466809974,1.205000838929534,0.9901812886303349,0.8080890367498197,0.6331857943595893,0.4677870056994633,0.2789510635134924,0.2127556931505672,0.1205205281566546,0.02137858910666679,-0.03555693762347234,-0.09167616395991507,-0.09060283820096149,0.08414771399787152,0.6155800955454762,0.9348865299665051,0.9132942271789584,0.9137513244533463,0.7674966555154701,0.5687883920915802,0.4156114293424584,0.2644798603604648,0.27570639738257774,0.12882143631798204,0.09050645655395684,0.0383947882356952,0.0068960867311383955,-0.007386587174178394,-0.023638030725870784,-0.0958767740443826,-0.06965470361212567,0.06128153376545864,0.4029922545131643,0.48057501524784163,0.4852397384963594,0.40692806528549585,0.41396614336054793,0.44787925622091374,0.39132525335156587,0.4577115221906103,0.42602048463274356,0.43495363159399303,0.44142774492569514,0.4740860975380595,0.4693578244011054,0.540699350211644,0.6356811064264375,0.6592433813095174,0.6160998962916686,0.0,0.0,0.0,0.0,0.0
2025-06-01 17:56:57.763,0,0.0,0.0,0.0,0.0,0.0,0.0,0.890619821782743,0.5632619283055982,0.32292481741845747,0.17258487445994464,0.09109772278992856,0.13652074658003943,0.22706419817868062,0.26818518755387144,0.3681556332152426,0.45884052581058565,0.5779091182880038,0.6741586875361497,0.7181301746685498,0.7347217411615196,0.8076818965481672,0.8226903535452944,0.7621921527039102,0.5419594258432152,0.34067513468572763,0.2620092494756737,0.2852320986302299,0.3210334324551809,0.4161445603254479,0.5219266646836764,0.599842856726061,0.6920075881410481,0.618810925212166,0.7835273443709262,0.8225788801653979,0.8345065605925265,0.8614619591861372,0.964302749259263,0.7461509692354731,0.37377312688108455,0.28607246456504876,0.23703188043703194,0.3908235447392314,0.36654687850215084,0.5081014250376241,0.493013677357385,0.4737032820200071,0.5214846160682625,0.5113571189442763,0.4969002381618094,0.529981364077956,0.4726307557459137,0.4507520590466232,0.38501292140601673,0.31058145525163655,0.35614525260078017,0.3879636947276738,0.3369942928388072,0.3589622626603792,0.6321856102111674,0.5624693276060903,0.598939587454361,0.6970145546852182,0.72064084433491,1.0029614122787371,0.552069236043101,0.46731372347399197,0.7013057479157522,0.21269109620017304,0.6004526015535505,0.5901483681714561,0.05609898649872583,0.0432758918346996,0.06360026620889014,0.21855541914815624,0.29122213426516375,0.42882901289021724,0.4816242516359366,0.5622424911816049,0.6483330073785869,0.7233183850935856,0.7806740613060856,0.8572662675026405,0.9059388689309846,0.9540237483747547,1.001960226137328,0.9227416762864364,0.3282884217955844,0.08241053735997028,0.32177126814656676,0.4512109459262148,0.6069213963015032,0.71148676872154,0.762318627169305,0.8052103308692158,0.8345056174650598,0.44545763961248935,0.8270813737010378,0.7757996691370393,0.7216582107244981,0.7016350979071876,0.6049045774276198,0.5245474665775774,0.6821905131537109,0.7381652213534472,0.8463045097432995,0.826522261620678,0.7304062568678333,0.6396815804047009,0.572998029483037,0.5154101048341571,0.4823603831680836,0.4025000573047799,0.3569286701818237,0.28499970967330746,0.21147903201171214,0.08585605387567752,-0.08321589765943493,0.04725708265468359,0.6663836233477793,0.883909162210448,0.8932595761598101,0.8128976709076277,0.7621576639325423,0.6106368403439,0.4479111245523469,0.3879874101209757,0.0,0.0,0.0,0.0,0.5369240808912522,0.6859812466988056,0.8364678646046549,0.035147880292675404,0.34746624926361186,0.6784917553741497,0.6696990238731635,0.6434534930451857,0.6411199538714076,0.7408320798174082,0.8487494153132031,0.9003349405556191,0.9149809811790841,1.0788429935115484,1.0223125688030756,0.9837493673500717,0.9970084217420367,0.9557996693719082,0.9532687029268125,0.8238058912480437,0.2389313618711551,0.3505274397911782,0.39758478633959515,0.541446492667079,0.7900431642465151,1.0070342425616103,1.1989422653175215,1.2958958023514595,1.3257772152089184,0.7743321182986345,1.4012545322484846,1.3717623362006455,1.267215352537064,1.1727483417982287,1.0568211303073298,0.7825948342078846,0.3841995077198015,0.15004202688725998,0.34544103268101034,0.6232677107914366,0.8421907819578736,0.914200060666617,1.0765278669586271,1.067825066684312,1.1245542178503407,1.0703378193855562,1.015685476304014,0.9167631317140928,0.8171340928836349,0.7135915721436608,0.6125350347988773,0.5007089199219368,0.3508860455025061,0.1972082767413796,0.38397721987424194,0.6020596004937525,0.4169179313874338,0.6608928972770611,1.1376562980005707,0.5178931323581852,0.8012893659390785,0.45173847605241946,0.35331585726013776,0.5172295316570183,0.7392460212382848,0.6301737273622172,0.46239592020154563,0.2733606242713618,0.40225199341489776,0.7331805889417115,1.4259061186485675,1.2908368931251208,1.181602732324595,0.9592718730283498,0.7486528932491805,0.6062456471165909,0.43667177452933204,0.2629019175702958,0.20955407487887245,0.10182969629357275,0.01690782249431988,-0.04508537798792889,-0.09601892893431496,-0.09682874897011445,0.06684830675114856,0.6287851634314545,0.9037900205009088,0.8919846072299638,0.8710766272751352,0.7424588238435905,0.5323477311647347,0.3821081455795079,0.24246695035892318,0.20413143169228573,0.11277107242097983,0.07467443796468687,0.020273233350602604,-0.009727274591013413,-0.00803767924265164,-0.03293950357948905,-0.08219828774826426,-0.06062742755634165,0.06097287241344573,0.3989166216249351,0.4708241304297722,0.4678360798357313,0.3818786519823554,0.39875302456589123,0.4228935670549143,0.37955064524037563,0.4211941303901263,0.4085481348272759,0.4214919884490427,0.42004754646744535,0.4619731271199269,0.4552703199305206,0.520382024499203,0.627365476539787,0.6586019138171705,0.6047116294425501,0.0,0.0,0.0,0.0,0.0
2025-06-01 17:56:57.770,0,0.0,0.0,0.0,0.0,0.0,0.0,0.8819289180549108,0.5598505108440437,0.2973147390730816,0.16138243946489128,0.08308582721653135,0.13036760668722114,0.2160339406481132,0.25388999096667186,0.3522454866549324,0.4516231886223141,0.571245321083099,0.6611037693067511,0.7020481863673,0.7235180650317378,0.7889968456506419,0.8102619157257182,0.751149095999404,0.5171800990063347,0.31964410248489206,0.2575739240576663,0.2654502587503109,0.3141847198635679,0.4095205005162661,0.522364721333942,0.5913110489471105,0.6802236898034055,0.6329598783022483,0.7793963347815732,0.8152539544007957,0.8327747486990754,0.8509152712705921,0.9437851927757283,0.7209464975178737,0.3425301634435759,0.2514834561188064,0.23686466369114156,0.3500807694923538,0.3536441988307266,0.4809528161545986,0.47667055441404016,0.47966816576267934,0.5003336020032032,0.5104305168083143,0.49488549341080523,0.5485041536446108,0.4753003923528059,0.4496312502027636,0.3817303326481531,0.2638957841139092,0.32806637721809195,0.3592467808308303,0.3135903658543673,0.3535738582885304,0.6792491164566226,0.5625120672868192,0.5848419818737398,0.7983088971510359,0.6799082585686822,1.199060543307375,0.5091541436293296,0.45692392885243,0.5429186698940636,0.4103428528493053,0.6776807726420394,0.6148388024108717,0.05957385223814157,0.029555433147122945,0.03447272949208702,0.2024079822865119,0.27800778177787455,0.4051632984780975,0.46040422705093853,0.5482454266589838,0.6450410292824014,0.7184651978106182,0.7752927573575743,0.8542824933095651,0.9064141911797261,0.9600302312204012,1.006442330730109,0.9239461753652083,0.349800956315039,0.06788368789817001,0.3000914330428901,0.43940567203601866,0.5917887698258311,0.6929048131002724,0.7417265569444851,0.7959812590542277,0.8223312257937205,0.3584279419591853,0.816280096217227,0.7685578605579874,0.7144112318133066,0.6967727981428115,0.6030187666445757,0.529162899771313,0.6811707774846291,0.7257464242094874,0.8231967512791405,0.8154123927827122,0.7072862060126515,0.6251054630493449,0.5591295306158846,0.5024488946272916,0.46115160965761715,0.3859210601178935,0.34860852373502427,0.27150415529819494,0.2018130826899156,0.07884826315546734,-0.0887468982710814,0.04059317558355974,0.6634524616146997,0.8777813793616498,0.8857860255989332,0.8076544693188847,0.783525016959415,0.5300195806426733,0.6112560995162628,0.5023123100008433,0.0,0.0,0.0,0.0,0.5539068059659789,0.5775273129590133,0.8837264657050296,0.042100112958080915,0.3395961117780422,0.6715604663336694,0.662186965181758,0.6352868000678001,0.6389889826884039,0.744851779561108,0.848961619355745,0.9010622790605809,0.923835244979478,1.0961623457898684,1.0308625679315688,0.9930193937113942,1.001928592247772,0.9617888290793499,0.959407378067096,0.8334819839072884,0.23947275611647217,0.35050937099470736,0.38799763656402697,0.5440734767860178,0.7900041576329546,1.0017458182308259,1.20598730927512,1.3050145886438156,1.3252877292049827,0.826387563757049,1.4038473343949698,1.3772757965196605,1.2758038815949548,1.1755943830687343,1.0617237398170292,0.796030418306099,0.38773220003488584,0.13924916424855283,0.3445662793930365,0.6204009414564393,0.8288879165085192,0.9146139328887106,1.0724483168901586,1.0690410908419585,1.1268000552016173,1.0666534777080496,1.0187290215970877,0.9116500372175881,0.818147738191425,0.709319280752738,0.6122332410487793,0.5028843438801214,0.3563256125375538,0.20068358010724846,0.376123276469582,0.6078150214343777,0.332954649106763,0.6709812604052354,1.1115251128915378,0.4525198482479029,0.7919838103889609,0.6303829843084938,0.3315887009948631,0.4199764043867758,0.6576941974064601,0.5552769089230851,0.4391472517988354,0.2755074089418968,0.4017889589232277,0.7152011639676543,1.416681666553159,1.2868627856625616,1.1574407946471181,0.9537946942249738,0.721108702584526,0.588475023379142,0.42048943566678254,0.25596393332506695,0.21410117121086691,0.09164158807942124,0.02760119677479178,-0.05387298737132051,-0.10512322182813916,-0.101190125611204,0.045183795331050935,0.601090891970864,0.8987778723850179,0.8740124354335941,0.8638629216406072,0.7127675640259172,0.5215198316023346,0.38687945201445495,0.24377993951056376,0.3264510826827757,0.10578549751966859,0.07680047590140315,0.016957695121148975,0.005256665507223368,-0.0030274278220138173,-0.036866181693245514,-0.07267902405130083,-0.06825957830803026,0.05253860180043779,0.39911329607703533,0.4571741505355935,0.4654334685856609,0.4038854254548687,0.4019766618806291,0.415319487139606,0.38141657251067795,0.42066963879309793,0.41051975741860547,0.4212143573023406,0.4136146064438442,0.4658643602724978,0.4604817489315838,0.5183025688031309,0.6127064126364393,0.6563034664256392,0.5897159840745794,0.0,0.0,0.0,0.0,0.0
2025-06-01 17:56:57.774,0,0.0,0.0,0.0,0.0,0.0,0.0,0.92015326187,0.5889113692752626,0.30823744396480457,0.12853899003478164,0.03864635366893365,0.07929380640131856,0.17922321314124445,0.21477318914147214,0.3236334006334528,0.43439480458249324,0.5566560692246596,0.6544061634978785,0.6972452564347367,0.7348244219531274,0.7931112958740297,0.8478161247157391,0.7794179569117867,0.5174641723617723,0.3052420130312754,0.20118110335098505,0.21185552722043344,0.2743774426672716,0.36629362828507683,0.49063246939200744,0.5684271759067978,0.6665281185942702,0.6145837808338159,0.7870672283199022,0.8200195767230352,0.8624980740430809,0.8782083125774991,1.0092106623123023,0.784489355582074,0.34449775101411917,0.20911108561564395,0.18364188336110865,0.2668601690413419,0.29891219385022616,0.43735550452549177,0.44205413910396185,0.4484551062505273,0.4986272425475071,0.5035653893512886,0.5025349946383041,0.5779047541894019,0.4883825261168682,0.46773122393343325,0.42684571548723177,0.33064972148398447,0.3024862599153049,0.29267433949932353,0.26448027727406864,0.30779921744603,0.5723499072330265,0.586325509674971,0.5541396776965852,0.7591338759292411,0.7262435373715428,1.2277151106058708,0.5234545724849119,0.6253107222713146,0.4399984953475382,0.4766164632333112,0.758825487248814,0.6856630226475506,0.06446535820118376,-0.029132047559098706,-0.006913548549700055,0.17841155145675036,0.2556849240091248,0.3830756451477364,0.4594760021917119,0.5446420650913999,0.6369029125679877,0.7248008917831099,0.7925605369580884,0.8720649946309261,0.9272231344606272,0.9799372019939021,1.0402971323579329,0.973240712376902,0.3733955666568411,0.017730030886119574,0.23659634921549477,0.398907576614572,0.5613458110187788,0.6768283987411099,0.734345932599282,0.7892030909997665,0.8316315963031029,0.33754269688674304,0.8262393261219811,0.7809472030604708,0.737233752416305,0.7227579643675072,0.6362922607407848,0.5579692941911868,0.6573986663497736,0.67548954947342,0.7831631793449003,0.7755679567525549,0.6878484397125486,0.6127266372713611,0.5557917085571003,0.5103524306235845,0.46601715866387994,0.40165483394335966,0.3654910835176266,0.29826279497303765,0.2162889188625492,0.10922817378109773,-0.0652156915591997,0.04225008371775579,0.6432453348844269,0.8620659019626171,0.8735908530813346,0.7989720256540944,0.7836760440535737,0.415396672201174,0.7260098749529262,0.6306990620573709,0.0,0.0,0.0,0.0,0.6533343040131896,0.50085852358313,0.8162254117136668,0.023745380140010375,0.3193037128156753,0.6649116162091613,0.6645279418208061,0.6338654435301557,0.6538498637606782,0.7549266634581351,0.8629133400492419,0.919563677094172,0.930555305150131,1.1182986545255353,1.0489393452350808,1.004288955072425,1.0083205859125663,0.9635832647014739,0.9497448437681582,0.8239289776066394,0.22318560530883702,0.35683404039165245,0.39287912331622143,0.5575633432632123,0.8026778599249458,1.014260079807682,1.2255092153871487,1.316486717774595,1.344874511712624,0.7441704800251445,1.403433477895859,1.3719798729676755,1.2779103718178397,1.1739382537048657,1.0456699379700747,0.7800079868774076,0.3746547642437493,0.15145447338601425,0.37644997319755136,0.6504154142566614,0.8522787327634944,0.9452325188858743,1.0938588188766154,1.0887313665854184,1.1340935243044878,1.0718120702674514,1.0209950049526975,0.9146261648780786,0.8151946574979504,0.7040917763494017,0.5953288688216778,0.4916765137292862,0.34059194766962775,0.20799866783864415,0.41732616772518016,0.6411239180175302,0.3341958583945349,0.7245926609267413,1.0599383547303374,0.38802328354152205,0.8070626977386155,0.6099121801444285,0.4140316714879709,0.4637723325125303,0.7188018397154718,0.4910921461079655,0.28732224051630084,0.27217953172143233,0.4107274914015618,0.7273531753716597,1.4627547082907917,1.3078293373442402,1.2067792686006196,0.9962814352485938,0.7328765916845372,0.6149357750145015,0.4003786445653812,0.24434911468497367,0.21801168866891918,0.08436951670243698,0.019542333184044858,-0.08053971988876307,-0.13108538869801611,-0.11786508686134267,0.059118480462871326,0.6467765159428622,0.931987616053853,0.9040365080100419,0.8977868402753301,0.7440301063730363,0.5607813080623698,0.41780243365988645,0.2725703933048895,0.35417812561599826,0.11080358841344218,0.07513162362110903,0.015528446674978102,-0.004297199093053594,-0.018784307014131363,-0.0630096897025294,-0.1009167038701787,-0.053675085336430284,0.1171946798743917,0.43978768791514106,0.5010466278849436,0.5061613781776013,0.4560967706702561,0.4485211439185042,0.4464271667409183,0.41988386568937175,0.4320838452054183,0.4157110227366181,0.4119156494310048,0.41462125354117196,0.4478986876967138,0.4523103118472971,0.5193673214620085,0.6194219741834389,0.6941250524266823,0.6502515375061093,0.0,0.0,0.0,0.0,0.0
2025-06-01 17:56:57.777,0,0.0,0.0,0.0,0.0,0.0,0.0,0.9616049184603547,0.6174187528085284,0.28833273696242945,0.09459687442183151,0.005748511418161906,0.037143222459679825,0.15401291046760168,0.20174571222234605,0.31376839034742077,0.4303147835768635,0.5657136159287552,0.6675086204483577,0.7137936253644883,0.7590196862383474,0.8309605983677614,0.9123950223586016,0.8024356868146506,0.50949368156494,0.2608231434346442,0.1377946962467652,0.16738836299144166,0.23637604961957104,0.33225187833695236,0.4640502528502026,0.5594523302048018,0.663606971352191,0.478150752479068,0.8078055815683648,0.8481144009242712,0.9042229587756369,0.9258178161307618,1.08664713541285,0.8587344274178752,0.33790981809274545,0.15516122557253076,0.07367668854903897,0.22042071034988586,0.26631918725077997,0.40443746894620647,0.4252593745413229,0.43731817794538963,0.48562625931354453,0.4973304144282844,0.5166784890229447,0.6074083647110643,0.5369632430797631,0.49202368907671623,0.5038374516661939,0.3647227465453095,0.2783631691582143,0.25611329605016164,0.20279617837536867,0.2511478902127371,0.5656290713919769,0.5452549373640091,0.32223512776216995,0.5888453137345661,0.7156944430598621,1.2401856528277158,0.528396050178028,0.6491687711364618,0.3098432920477483,0.4726870396385576,0.779644177340562,0.7357938873168886,0.02713079759802317,-0.08244077301623598,-0.05697733063094135,0.13572916996623086,0.22852592577318065,0.36109241394231595,0.4444575410432354,0.5281578068439121,0.6338511333520505,0.7256263566221299,0.7910362468770287,0.8778678780865702,0.9429610742308498,0.9992409110006095,1.0629160405484708,1.010670444770823,0.378633861090025,-0.03386078003604853,0.196096011648073,0.3637113957286575,0.530630737663291,0.6516425576142391,0.711663634596226,0.7799229097123805,0.821158604930839,0.4571833651790646,0.8252842779803276,0.786655619329729,0.7499833080156629,0.7293726983009806,0.6572944737413133,0.5829744383027835,0.6616337045337045,0.654444252922349,0.7558353672335612,0.7416708911016869,0.6703183423307146,0.5972149331182399,0.5571007649596784,0.5108014454518108,0.45146838360636754,0.39549979930890045,0.36232090590277166,0.2974146260030677,0.2133177981175578,0.11410916612090072,-0.05397869854622028,0.06046119199265859,0.6594191299876832,0.8642334753673175,0.8783503081954722,0.8056675779922189,0.7714685164970805,0.34955865942565295,0.7611696833378507,0.7974906745139765,0.0,0.0,0.0,0.0,0.8204637297450212,0.4689630737411002,0.7761145556610786,0.025101402656667215,0.33861004770892594,0.676592230206781,0.6749287932927992,0.6364714829787946,0.661361267601182,0.7524168031078242,0.8510052115064752,0.9105124127300264,0.9100323445587266,1.089255610163625,1.0221730112025211,0.9827671205093325,0.9793269113460792,0.9371196609540258,0.9086568508296271,0.7548091695449433,0.2309595838923581,0.38487394528780394,0.42315278611611906,0.5850051534720189,0.8221795385730417,1.0280671916103934,1.2355374600654834,1.3099779170041967,1.3365251383018546,0.6644381226570963,1.38103491976484,1.342215353163792,1.2472734145746167,1.1323315382222225,1.0055604250190096,0.7354082207223367,0.33907976434637266,0.2190818096541306,0.42614223361846515,0.6877518997255603,0.8897980880853549,0.9928706486756387,1.117878859862964,1.0976691769695892,1.121562137290224,1.0571136737400835,1.0056854411911083,0.8955008047876835,0.7896209450186514,0.6732799494057631,0.562676909707269,0.46008109149041276,0.2948872152093889,0.19710104911633833,0.4814606352022587,0.6896714316041975,0.24420610825770925,0.6223826670908613,1.060430439441323,0.3671589431548915,0.6472963342011107,0.6006314148933276,0.5474551158505989,0.4248610521554716,0.639076724134998,0.46471277365910124,0.3206711321402411,0.23350197060295225,0.38198944314593325,0.7286369162609901,1.5169219567596361,1.341061853432622,1.2593315219458958,1.0196284636052577,0.7684758633985596,0.6337641935948541,0.37943962656055663,0.2352303796168973,0.1982721748564975,0.050193658218096404,-0.005189424531224174,-0.12080337534581154,-0.17747592062075235,-0.15299112351302313,0.051428347626467474,0.6906607317673299,0.9724806484178035,0.9174856187699358,0.936705249777488,0.7760222717358782,0.5883525352090917,0.42758911771108843,0.27081304970650444,0.4187478216578504,0.1010137798705768,0.05403223325784512,-0.006969186593408505,-0.04541078498737949,-0.06119717077750486,-0.10217421365800694,-0.150279464177558,-0.07688077377926739,0.16947202919975524,0.475373774593239,0.5436588800760944,0.5313243472362092,0.48112424048725977,0.4748601304274733,0.4515190894016805,0.42009671968734397,0.4219776563384916,0.39588691054593417,0.3878229022908497,0.404360838372938,0.41605966822885054,0.4171363098485108,0.4965190774441544,0.5975272678654934,0.6946786118396154,0.6675578500816111,0.0,0.0,0.0,0.0,0.0
2025-06-01 17:56:57.782,0,0.0,0.0,0.0,0.0,0.0,0.0,1.001719143517555,0.629145985540972,0.2727944171614062,0.054759140022933916,-0.007373251049756058,0.018498465033013445,0.13128129029955093,0.19354483271181988,0.3009766075238113,0.42681582092750414,0.5693791106464392,0.6758549326334405,0.7288605351337754,0.7800480432010797,0.859123209677847,0.9524393617001558,0.8075910620255019,0.4991579271460839,0.21450037919313614,0.09819603128169618,0.1263849917720874,0.21093121971868345,0.3112968433991845,0.4575096701029977,0.5606214151049582,0.6715915471750211,0.469271317977208,0.8335393890368196,0.8787447555704309,0.9413104651174807,0.9726315282942346,1.1365780710548163,0.8589908331200728,0.31595146878473723,0.09154764199509291,0.0466308481227351,0.15179616205228075,0.2315099672713723,0.3729529378167806,0.4095914878650655,0.4488024342233339,0.49537777624631163,0.5211527840780139,0.5394124661233762,0.6317759672195064,0.5877666695046797,0.5338742637092445,0.5748589441282494,0.28919825138768074,0.2475685465031568,0.18485303790007124,0.16581375423680855,0.21947033405036653,0.5264123788882076,0.4395162615482133,0.3173734494629707,0.6579268153329373,0.686586330922634,1.2040798518941476,0.5375172945845084,0.6281541282629559,0.3017284736081274,0.540461020937771,0.7662624586198804,0.8058820840947927,-0.015906727764645745,-0.13645043031364645,-0.10758220565654897,0.10145071205311829,0.21061093773203665,0.34778680385530514,0.4317842784828354,0.5205099124283241,0.6364968732846141,0.7338202270910266,0.8008293864397193,0.8917812715643606,0.9605660835380603,1.0231729908939846,1.0821600104540585,1.0506731645133514,0.3767692528866164,-0.07843731186499936,0.14606386866783927,0.3246858471108185,0.5048889472478606,0.632013968562311,0.6911743452382568,0.7634791957360991,0.8136970803127206,0.48281276099602716,0.824902281190518,0.7969829867593888,0.761905132774814,0.7378856473088021,0.6739641820253612,0.6087730877862547,0.6523115648299316,0.6203850288885694,0.7235264964506416,0.7096343018975639,0.6508380017452067,0.5845889964010416,0.5496601823619094,0.5041741418478303,0.44286463161553935,0.39107068680430257,0.3600417086856005,0.3006544574718728,0.21710385437374558,0.11957852903538713,-0.04503646973672426,0.07022457996053555,0.6608850270476895,0.8627643713807613,0.8754326345493215,0.8034904755202408,0.8593777453891611,0.4301380564963478,0.7937336837710967,0.8553428789483637,0.0,0.0,0.0,0.0,0.8865603530500548,0.5441412123484499,0.679082723125887,0.027147833201634886,0.3501798075314792,0.6806101051764757,0.6735110293339999,0.6409535640006455,0.6741857823827042,0.7636262978915684,0.8548272370175867,0.9144575206576859,0.9094814668813487,1.0898330355085988,1.0185933689716031,0.9799806725191453,0.9633747416254419,0.9200545644923026,0.8949084748287908,0.715939252618063,0.2220009755791605,0.40295259420357143,0.4386695165245298,0.6047952267927195,0.8464024241377273,1.0521779845827752,1.2468351704424574,1.3112267050187179,1.336996735827246,0.6256602017838901,1.370255133484004,1.33014782168468,1.230134748940894,1.1095098068143612,0.9769739423655633,0.7007989527142079,0.29938092723204796,0.24846029414351412,0.4655954435092772,0.7260726827110822,0.9386816317286133,1.0389602503409965,1.1475539930143608,1.1158257469803405,1.1332425423092922,1.055285325758343,1.0059553830492272,0.8887142089792252,0.7784542431023759,0.6559767864978154,0.5401272426642104,0.43537984248989736,0.26355097549030343,0.17669429702693173,0.5412568924255335,0.7333902588821063,0.32476887384314346,0.6305577720551476,0.7225506137750396,0.4059413118091786,0.4656980938160517,0.5746611246059821,0.5901863114900343,0.45593448536659703,0.6768780625459146,0.4510130906774207,0.5021256260776512,0.20631251114871924,0.36286120631629887,0.7331973704683475,1.5863212014509178,1.363298686685066,1.3076097294207738,1.0436928960701333,0.8001805286642825,0.6307923628267957,0.3699220207749172,0.2531490162139103,0.18560218136688267,0.02878589632693873,-0.023635875355304203,-0.12255660548224845,-0.19413064563383997,-0.17778344838995508,0.06461841209901859,0.7208509638141021,1.0051359587790383,0.9377943055717874,0.982466619903683,0.7990270799141388,0.6133658863235163,0.45293724218819853,0.2845357119695118,0.5252050667335401,0.1000084103476242,0.04738888258265894,-0.030686438569886842,-0.062398726500529356,-0.08669794737986347,-0.13536965242231713,-0.18341399167440492,-0.10807774192775804,0.2173936394599344,0.5148629674227307,0.5786415043475112,0.5796670107559538,0.5291310544374055,0.5126098089273812,0.4695489154909227,0.4327886392472078,0.4392736846926706,0.3865027716852327,0.3866856757912893,0.39899831737745917,0.3946233314015287,0.38502712967387465,0.46433327836844335,0.5743213955536756,0.6825567056584138,0.6836510463465326,0.0,0.0,0.0,0.0,0.0
2025-06-01 17:56:57.787,0,0.0,0.0,0.0,0.0,0.0,0.0,0.9391216334493274,0.5905469937589429,0.2729679908768009,0.08656034352040365,0.06212684941746538,0.06414026029876096,0.16092769408995744,0.22169334650242867,0.3043906304574081,0.4287243261869689,0.5549942110921382,0.6627660173973636,0.7110322640754172,0.7475182961906892,0.8156818171884396,0.8893738512299273,0.7733631417526987,0.49617065998471893,0.24732629864297706,0.1509415618621116,0.18060965496661519,0.2509445132635273,0.3393235154428589,0.4830351036975191,0.5711769541105747,0.6715669650315139,0.49272217459819845,0.8110832303725782,0.8505399118844847,0.9069609612237707,0.9372305497903064,1.0642463414297367,0.7831030664975487,0.31611275324996113,0.10862170519108827,0.11796247836689067,0.21128198997204461,0.275367744662812,0.3889193052128992,0.3844798119973547,0.46005156830331284,0.5183700304293457,0.5284112206636715,0.5314814281468677,0.6129328536424512,0.5770114129570909,0.49549074889416045,0.5180216893797447,0.2378598268168649,0.29258642350104586,0.21714523535445673,0.22032191278450775,0.25183494305950327,0.48446699525760256,0.44383574703668416,0.364014376148673,0.48680221223151443,0.6021086101400309,1.0926585967480649,0.5920572679641289,0.5794383631812079,0.3457305608012814,0.6638940528636482,0.8425725194213176,0.7233537880261547,-0.05432004266693147,-0.09896540186584546,-0.05695993898689289,0.14182721005648968,0.24570929834540056,0.36740307717911946,0.4500773765313184,0.524687568013962,0.6383455974388756,0.7275870485973546,0.8015949707088106,0.8754779287307749,0.9422699497080809,0.9963110715648829,1.043973214522424,1.0022675540492019,0.34742855266031475,-0.017907750281248136,0.19945509221818702,0.3686853781041368,0.5328378017123783,0.6483542262705324,0.701558183388455,0.7592374675783313,0.8085686817493605,0.5079334499648469,0.8156936854729455,0.7847364895979222,0.7452190978381578,0.7192739852960642,0.6548850455321511,0.5949091056087917,0.679888327265927,0.668746602394464,0.7547013322565665,0.7264984538590051,0.6691277090281205,0.5951409781658599,0.5503685933672147,0.5054910963853501,0.4411221884032297,0.3855724124225022,0.35740856368275953,0.29648818012197453,0.20568521109590643,0.10575730991959464,-0.0479784582588656,0.0800269222321352,0.6754140643857532,0.8664644537565482,0.8812849009372186,0.8078167492038142,0.8886293128029579,0.5223764719185042,0.7962867588913729,0.8691033030214357,0.0,0.0,0.0,0.0,0.8488545129651022,0.4657320438416312,0.7834950387088832,0.028136851321856504,0.3457419994872875,0.6725058778904632,0.6705996532101564,0.6422878714660837,0.6871780066961228,0.7672220776474388,0.8672551798258032,0.9269469366470755,0.9287258769860456,1.1045386909415225,1.0309070336343789,0.997339351728334,0.978671754178974,0.9387799609335177,0.9168408370842092,0.7668334693169061,0.21889748284123384,0.3811431514680963,0.42305271373548137,0.581424461914994,0.8302767816426748,1.035768816962233,1.2345267620865727,1.3065027775615927,1.3414763814233825,0.6497559495796263,1.387151304342337,1.3539651146745397,1.2586870437439623,1.1377143010090633,1.0027519107780252,0.7325111353955615,0.30994384015922694,0.20165392610756683,0.42195819393112866,0.6778804859168461,0.9057033861743249,1.020153370947537,1.131880334957497,1.1123915665465918,1.1281068221520494,1.0650405380299222,1.0159167797128759,0.911868974694087,0.8009877036694263,0.6811773453548884,0.5695138095692936,0.46638429744232446,0.3026480846329522,0.19870884520476056,0.4859955907480239,0.6795866692131652,0.4780718849757022,0.5954685267364878,0.5075739974558926,0.2736046600384908,0.49885731830713037,0.497213535413349,0.6579581709649711,0.6071471266671369,0.8743777301192589,0.3464010261733377,0.5147911649089089,0.2365530023733699,0.3878629305728741,0.7110644793804994,1.5110746271681343,1.2960287896139444,1.2440069559326639,0.9879549061209341,0.8017146479718609,0.619467975409492,0.3699533785802984,0.2710204590333769,0.206771278778632,0.04948891476783235,0.005618200095906856,-0.08006948048266593,-0.14636493961393338,-0.149986758266704,0.06383899598340287,0.645595125652257,0.9635123915668424,0.8851951820661559,0.9297006820696124,0.7628264533241833,0.5958506339057599,0.447720216281039,0.29402264259097843,0.4560807910456004,0.12856743880167287,0.07765994611113114,0.011860836093025018,-0.005795003776024821,-0.025219437503811948,-0.06903480589593958,-0.11368178874542778,-0.0845333100031202,0.16850900597759688,0.45443224036938507,0.5287675841431603,0.5343732844155296,0.4774079514724492,0.48445352028096766,0.4587930828318032,0.4297908873050882,0.46180478197906605,0.40449249843555735,0.42763127963491465,0.4427841416817351,0.450208368420577,0.4285752251377224,0.5125495459456746,0.5966961849033969,0.627882908457334,0.6052885648234638,0.0,0.0,0.0,0.0,0.0
2025-06-01 17:56:57.790,0,0.0,0.0,0.0,0.0,0.0,0.0,0.9311700134767856,0.5826088014773677,0.2878093032722985,0.09893860144283373,0.09091390224557694,0.06950709187089188,0.16550025993386097,0.23213330309477498,0.31492529416957804,0.43697070477308864,0.549980126758433,0.6635969077279559,0.7120920837332085,0.7462364046157476,0.8058259570484695,0.8885564260639635,0.7712639618369294,0.5007642254230451,0.25636372568590315,0.17240867665665605,0.19384045994204135,0.25506009813084995,0.35082300927232213,0.4805989854823969,0.5768691085467144,0.6693307777659838,0.4383389335790304,0.8033019457344467,0.8516706092818762,0.8937275587328016,0.9375784711468194,1.0622792018231024,0.781498081072393,0.3292409345180922,0.10096141908926859,0.090016898204756,0.21658855223871387,0.2654230990635189,0.3887146721654593,0.3864312632291633,0.4346506609530698,0.5333225756555118,0.5163303752437836,0.5334659954839486,0.5987227279071858,0.5850959703616943,0.5043149075343177,0.5188797366197324,0.24758647497036634,0.3198704954696526,0.22245741659548335,0.23938585008451918,0.2384344927692832,0.42875131377899783,0.5261830571661144,0.27806974716920624,0.4334411818014232,0.6964931600685051,0.9028806819128394,0.5511610626005037,0.6949569988362674,0.5250124469950818,0.5599907640459312,0.8476173021791271,0.6970174813292762,-0.05525292602600887,-0.08463225139887032,-0.03664518936880001,0.1499445538682782,0.2598620755927534,0.3796711169761233,0.4660733966002919,0.53303727771514,0.6467323055130971,0.726037285202819,0.8037024352556994,0.876584041992659,0.9396169653889046,0.9900159879172528,1.0346222520584556,1.0005725628289295,0.34900839240376363,0.0021083383148602364,0.21051089368092502,0.37318203925263593,0.5336214045756267,0.6494606399706284,0.7068860168094226,0.7563769585518032,0.8040886860573504,0.5164091674339524,0.8087418163351858,0.7847215595779474,0.7380729833319878,0.7140830076544232,0.6489938982292491,0.5882155451104999,0.6889217751647052,0.6736462716536548,0.7530254773270624,0.7143649405514958,0.6631914815136628,0.5900234175840391,0.541931155079626,0.49427110006379227,0.43800121468399733,0.38239641541727387,0.3510621971345893,0.29083177108222125,0.20350930086648478,0.10220116650156241,-0.044967929703556564,0.07716848603960785,0.6617012198626291,0.85257877055256,0.8723314738160843,0.7972667405287848,0.9334126298094061,0.543879787656482,0.6381207040633925,0.7533571468426394,0.0,0.0,0.0,0.0,0.7184758211785511,0.41266028079007816,0.8885086358857913,0.031221952768079653,0.3258274177892648,0.6603163891872423,0.6600796861597122,0.6362304343357444,0.6895892893076723,0.7598820315433643,0.8661521925451043,0.9358669876689962,0.9416140128870283,1.1168384693823277,1.0446586012399517,1.011406867427858,0.9947232778739177,0.9548607449926918,0.9419593179544916,0.809150052086999,0.21010105903375842,0.3602406654548599,0.4064809739049031,0.5686264490366648,0.8241405496431164,1.0382690192219832,1.2342856054771696,1.3167253490763333,1.3640578927683953,0.6110683174881175,1.407797710947455,1.3830156731463243,1.2814800408862137,1.1617664823858793,1.0221723682778867,0.7480784259208505,0.3082178507795816,0.18805293526096645,0.41050533339291795,0.6637374678115993,0.9079951473665702,1.029497667233265,1.1395516054499595,1.119129591586036,1.1445737192828864,1.0835089581670916,1.039571221235223,0.9294648226971466,0.8193287179745671,0.703486334563699,0.5843676707384544,0.4844794876701064,0.3154531770035398,0.21919960581551026,0.46093667766667934,0.6620344032477764,0.4163850148653292,0.5070772869178211,0.5194624811434486,0.3286144482776968,0.510464225001861,0.3704827265573606,0.7727009319774767,0.6988079583600753,0.93065926752138,0.5124014005439136,0.5367342685128017,0.2541480312621302,0.3866894178414834,0.6942910217536815,1.4760428348477626,1.2801946705886156,1.2315643047781948,0.9471559846068507,0.8135612262029561,0.6298295201830482,0.3915333284401983,0.2893564746326791,0.21390655983353435,0.08309132627529592,0.016303822011184854,-0.05106866872457727,-0.1293494962597317,-0.14800985708322772,0.0754152841676054,0.6207001461201702,0.9415332289096157,0.8737847515757104,0.9002195129011362,0.773455084673295,0.5962173656305332,0.4429157083706483,0.28819894143990665,0.33144500509327335,0.14289255262888134,0.09652323098802595,0.030366238621912567,0.00792281738350853,0.0017010720488248587,-0.040323792877489884,-0.0943252952134846,-0.07440352782420961,0.14889649259196347,0.42675699686798513,0.5180212096580826,0.5063990343007432,0.4464592427890106,0.46829048406190976,0.4594523996669806,0.43086443536605223,0.4711422068091,0.4025942578399542,0.4398991867185551,0.46247820117325533,0.45895287648711347,0.436066827846326,0.514930327838033,0.6025972119310691,0.5816256055161783,0.5654892859675609,0.0,0.0,0.0,0.0,0.0
2025-06-01 17:56:57.794,0,0.0,0.0,0.0,0.0,0.0,0.0,0.9055319890527896,0.5761099264921722,0.30570711545655493,0.13401371906503823,0.10103387925287877,0.08530834135424603,0.16594145492133194,0.22656533482119268,0.31279455832091385,0.4268848463903949,0.5374633178823502,0.6400440578004343,0.6946366684517695,0.7256973326345743,0.7813973128004811,0.874535593053,0.7528291299379674,0.49145428919386364,0.26796865743185505,0.19194226178584473,0.20265396360350674,0.26282533473729464,0.35680480424082406,0.4825132041356661,0.5731054625413285,0.6681848135752761,0.45635072298793444,0.7917076824819688,0.8460193992644973,0.879036254887024,0.9267792933842365,1.046156775326553,0.7758993459702335,0.3247831849030902,0.08850827688894192,0.11804020145512406,0.22397556078903458,0.29465646564075887,0.37816169312214587,0.41657458400564673,0.4345802171199753,0.5389555785778299,0.5249014375844832,0.5374785284391849,0.5844709831467468,0.5860641081651858,0.5069532002937627,0.5297762191212438,0.20907676515144452,0.3210480201434595,0.24531820780339608,0.2644401386719657,0.25993813036188085,0.43699283255998483,0.598860559144944,0.3101787456664759,0.5749991009828364,0.8405890021193301,0.7725226985340676,0.4649035144939756,0.6095921272657814,0.6232971081828556,0.5546697801938958,0.6861427028271169,0.6835693365463518,-0.0609727720442005,-0.0650761511148964,-0.020845225844724702,0.15258270116021877,0.2732565303187584,0.38754570839392044,0.46999686527216067,0.5417458035400178,0.6677404346808837,0.7381480132075782,0.8080213624476482,0.8892513390197844,0.9456153017050348,1.001327360428666,1.0470511421679305,1.0090422900341354,0.3448603168865741,-0.005497304850082596,0.21272087107753967,0.3647396519894699,0.5369205640899353,0.653641100121666,0.7164883827984507,0.7587061420513082,0.8004945810378807,0.5131622880522517,0.8110424848256443,0.79308588425484,0.742698337584443,0.722210535083145,0.6547909054507306,0.6029332023696553,0.7000053039538144,0.6745454184775569,0.7385370791655395,0.7165003865023001,0.665008528337881,0.585224481142834,0.5415464743082712,0.4873393057789168,0.4413680225682015,0.3828439793357161,0.3500629559259534,0.29055930226205073,0.2098024592346015,0.09931692133425918,-0.03324203096752498,0.08805302826556516,0.670072553059142,0.8583597124671019,0.8692740889555546,0.7914778361145722,0.890552075564951,0.5960298133925543,0.8812103242268361,0.6004531384560766,0.0,0.0,0.0,0.0,0.5206829987448792,0.5137367440360785,1.1315652929079625,0.02407258465520834,0.3176575013384771,0.6541217814239672,0.6524029953919428,0.63198895087301,0.6734775116910294,0.7476624745870233,0.8410428907562424,0.9092215205015566,0.9220076778224104,1.0892239863911355,1.0248255886090392,0.9973116085390825,0.980216581621429,0.9436029395153473,0.9347888231820718,0.8039488056298845,0.20525485996665777,0.3523765016039244,0.4043973529119329,0.5535521396475738,0.8086256568019954,1.028053023530512,1.2206903215540383,1.296257333606418,1.3400048273079312,0.6181102492109962,1.3915598111110419,1.377172385718724,1.2667203291809976,1.1518283395844802,1.0106080200298901,0.7371978016589394,0.2967977266343096,0.18871990941882943,0.4035798301382415,0.6601275724470661,0.9127199552975243,1.0307539820855627,1.1256883369151365,1.1025722657436747,1.1405045185543963,1.0789589661206787,1.0329586129375117,0.9215044167938772,0.8161636435601175,0.6994502151064077,0.585456958978269,0.4835630335702059,0.3140065313976077,0.23349631990616762,0.46636807053319496,0.6659530086122186,0.46824444974671975,0.49917066563823576,0.6635172264895949,0.3451087368964064,0.5268695485167694,0.3949846940033678,0.7396187354351496,0.7091797570630578,0.8761993159856419,0.49125669416219,0.6041557043758916,0.2511838231326721,0.3715875350025228,0.6966040707048876,1.4722876234789941,1.283224057961934,1.231329101969671,0.9332711067856603,0.8006926115342992,0.6009200871045302,0.4211364257846921,0.2842738030660583,0.20308825917040885,0.0890215372374179,0.013641520180443734,-0.0373540594930728,-0.12186013696819431,-0.1444310926723612,0.06419641878715482,0.6084762780707982,0.9534594032931365,0.8770285293087008,0.8912763936001408,0.7691921701258593,0.5896104066050021,0.4371732632287595,0.27713933980505523,0.45949004779483826,0.14382301643217077,0.09686836457036208,0.029590823871939342,0.009189852854760594,0.00328030403122348,-0.04036891439852708,-0.09208853692918711,-0.07715136010966517,0.1580729859690787,0.42495472172350796,0.5106700536470626,0.5025199301145433,0.43746951112695465,0.45154630514982586,0.4529309060966653,0.42632471179136466,0.47497053518633026,0.3976283724342875,0.4369193232352375,0.4549113156197573,0.45096263901402456,0.42382462074131355,0.5027034964893204,0.6042260413394575,0.5651475194831751,0.5524319399786775,0.0,0.0,0.0,0.0,0.0
2025-06-01 17:56:57.798,0,0.0,0.0,0.0,0.0,0.0,0.0,0.9328204299502073,0.5823936029849416,0.29482707272929254,0.11884228958763798,0.056424327497234805,0.05770606874980333,0.13682736037419418,0.19696555364882262,0.29232227843571057,0.4106995131068596,0.5229610519998229,0.6337855182309716,0.69501033152481,0.7253866263525546,0.7786153528892216,0.8790630732727884,0.7652443705082148,0.4733617254608277,0.24074216323767395,0.1460276390583265,0.16054306686496234,0.22301892419589597,0.31978249931660163,0.46942806256360825,0.5571501818113631,0.6646515654087641,0.5261026256884371,0.7932070599256283,0.8461471541690744,0.8921611707766405,0.9399363178809532,1.0812573370895033,0.8154757589155446,0.3103377393372446,0.04365263679140674,0.09156690817793867,0.16233734851854287,0.2906931231133434,0.3391019032223175,0.41504927724929086,0.426768360778065,0.5395509138512762,0.5489623152081571,0.5375527368467555,0.576443717835686,0.6077337962297309,0.5283285319978922,0.5521264810160256,0.2171808211512843,0.28608646778713903,0.2094644408429086,0.23583957420636525,0.22488717130522184,0.36940765063278697,0.5627260241886896,0.33057261938550925,0.8292602342758479,0.9252575346780298,0.7202121968219505,0.40749303387314784,0.677090544062144,0.6947766326387953,0.7680166979611173,0.5867412097793753,0.74497460100387,-0.06471715019346708,-0.09791101464035801,-0.05789422312591119,0.12307637379311087,0.25456386010575627,0.36884376856081547,0.45293946499367443,0.5391884984639328,0.6620530633500414,0.7400702301025952,0.8148035120502657,0.901141820752915,0.9569129455663263,1.0200700599659411,1.072553352884166,1.0600359832540802,0.35631775764510326,-0.04612698962817996,0.16127034369947113,0.3241025112171281,0.5077853916950803,0.6273779846147804,0.7039231466903013,0.7406832998446675,0.7923898585207325,0.5664951575848192,0.8081081929919913,0.789887375548943,0.750067654481411,0.7320183150769616,0.6678739624539023,0.6232780131081934,0.6941820380459178,0.6411492100807928,0.701888862419453,0.6823373309763865,0.6375705582147113,0.563433961009397,0.5254145637214611,0.4728371351786467,0.4365872866706717,0.38157276161921105,0.338256494475909,0.2931564919481302,0.21197488017627153,0.10113241030800657,-0.032291338469306874,0.09665569872808333,0.6640981846971774,0.8561964608395023,0.8648139919457138,0.7830672602271325,0.8128801236552672,0.6163474431833516,0.9112592224653144,0.4785821827172746,0.0,0.0,0.0,0.0,0.3706338534231408,0.6472424011341997,1.1920600406477422,0.027067207915671354,0.32039790483396263,0.6546116237396314,0.6595587648925567,0.6367980261996681,0.6693134085939001,0.7492927439618475,0.8395768842780469,0.9004194065696551,0.9139013892990189,1.0834709661811597,1.0195268488426956,0.9869606175786025,0.9693604250547776,0.9369763088501324,0.926605610981649,0.8089072722290052,0.2113807661412785,0.35614688210473944,0.40047901300067834,0.5540141072939939,0.8107790791973317,1.0230010581060909,1.214321507887171,1.2852001443154089,1.3269166464190423,0.6181281876230251,1.3806954949327688,1.3559132812316923,1.2527967916172074,1.139296162257939,0.9871734965667557,0.7107269430018999,0.2963424470170704,0.21515560293345415,0.4184541103096934,0.6810393692795575,0.9318279612030649,1.0329989050494433,1.1284494747897331,1.0996133562511183,1.1378240416361907,1.0713514157778974,1.0110052180327793,0.9119789271416029,0.8056264236497622,0.6887773204822552,0.5700648556943032,0.46711641627002054,0.2987527373777374,0.24951115290436418,0.5017268979038064,0.6928526175752702,0.6047762603976292,0.574669376345491,0.7452513042100996,0.458472292103718,0.5922502615702585,0.4452079729597236,0.6888914885141448,0.7194913511538323,0.9686054028831027,0.4208273143185083,0.5590989641347439,0.23450961674087883,0.35393510443721626,0.7056118838443558,1.514534383930574,1.3083888215076669,1.2416875011698814,0.9459910760194554,0.7942028033426063,0.587986302816895,0.42862855985862147,0.2829647877055139,0.18598667134043811,0.08220599277813889,0.006353629251793391,-0.05153366812032878,-0.15320487379401893,-0.13890739330209828,0.06526660119672195,0.641585905211516,0.9637560329727501,0.9066925214795116,0.9015259475008545,0.7786404239447606,0.5942399255772206,0.4430391320370355,0.28073307588190644,0.4098876576131881,0.14506889929607913,0.08535656098765565,0.02229411866665343,0.0028329062450286324,-0.012247141980713194,-0.0679786660867624,-0.11348368095358735,-0.04313253202131362,0.20683540419004143,0.4616999601097122,0.5374698940222796,0.5358031672511643,0.48510834945031833,0.490544029594957,0.47130654449709874,0.44533560038098874,0.48442638278603267,0.4028958870905286,0.42620942588282507,0.4336581689825916,0.4199485267863313,0.393833952441656,0.473894287656997,0.5887975191568151,0.5650002029276232,0.5848735698937866,0.0,0.0,0.0,0.0,0.0
2025-06-01 17:56:57.801,0,0.0,0.0,0.0,0.0,0.0,0.0,0.9659387375794871,0.5908800578237038,0.2774234713531758,0.10011152922984978,-0.0071603566702401755,0.013846580595698321,0.10485955141826275,0.17884422607592643,0.27904055080084234,0.4077343738185475,0.5181354505765638,0.6463197537473521,0.7048263784368969,0.7341420835337621,0.7966747651126065,0.9111792654697161,0.7732456945647218,0.4393409883110941,0.1917381066185292,0.08368137019730149,0.10531433535106927,0.1778157135535745,0.29353987764249734,0.4493393790942475,0.5527973411169509,0.667730065326821,0.519277757728337,0.8104377278178877,0.8738246748510554,0.9217588911923461,0.9904980919970638,1.1381911596605563,0.8672802062799616,0.2891466754734,-0.027990833356767775,-0.006752094331654357,0.10364107912542253,0.27902571333798143,0.3131698541405088,0.42656324130833534,0.4262794922683433,0.5469181137099708,0.5679600800452766,0.5656449686972836,0.60321022128153,0.6629906911822032,0.6037821572845358,0.6233710113022346,0.2696420993538829,0.23499968917935565,0.15266890439973924,0.16298774964831098,0.1626870470166164,0.38424349951246833,0.570808941026458,0.32497594067428287,0.9035056860572692,0.8525772288996567,0.6610486077989342,0.2994605062704454,0.7019352219758963,0.6744391459874136,0.7911002835076499,0.7025146062456646,0.839408444987825,-0.04553490963611789,-0.1586298620179214,-0.11982556941853506,0.08275766386118222,0.21295538170869754,0.33603522650349826,0.4294243843587042,0.5250614143018453,0.6518590033288865,0.7324687928224705,0.809870300407189,0.9051454282867301,0.9718617051390095,1.045896074378638,1.1153069007363525,1.131127910712072,0.39297741965117267,-0.1004320848292527,0.09140721576261401,0.2788112493781023,0.46964621860982514,0.5913378964681195,0.6844741512202925,0.7346278922440965,0.7847533851251856,0.6685367155350397,0.8082738525785149,0.7977614005866379,0.7631332886004164,0.7484189461733995,0.6954518313656046,0.651419747671596,0.6881826980263408,0.6048348780317799,0.6640257274264916,0.6519950506620253,0.6086212257553665,0.5447313602020147,0.5195515247202533,0.4660300252258329,0.4348948362565015,0.3804717280073957,0.34503271567293137,0.2977847520657173,0.22310221334268365,0.11926755632422348,-0.018571880804035157,0.10259456664817002,0.6528086030928809,0.844200314778802,0.8599703872707103,0.7734569428951579,0.6771779338674526,0.5933604003778583,0.764732349027444,0.3196201745936956,0.0,0.0,0.0,0.0,0.3060233498695586,0.7877009350659274,1.0706283081565275,0.007665929707870445,0.31757572404951956,0.6534672621247988,0.6667529301950261,0.6426365284060803,0.6729394313886781,0.7540083127741106,0.8495844488143929,0.9081840973107678,0.9244925074377952,1.0809099028894713,1.0105806142049203,0.9746999323301717,0.960874208529449,0.9296279493534967,0.8978444669712353,0.767896699862255,0.20781797414017483,0.36675130061804717,0.40838716806365927,0.5695546808259413,0.8249946461396014,1.0283906320731488,1.2212116064813943,1.2934797062772512,1.3133047792935904,0.5687337045165757,1.3713959321435563,1.337212180524495,1.2385285216742516,1.116203866071963,0.9617759466177137,0.676229440868052,0.27138978416849197,0.24785161595828065,0.45757494715825964,0.7079186665948569,0.9529906352930371,1.0488072065175735,1.1505822295280712,1.1017681851346384,1.1406104436178306,1.061451178312387,1.0044631840703317,0.8955006574939878,0.7902767570044412,0.6694109058325537,0.5457073526135614,0.44527178016434366,0.2769429190293683,0.2617876144470596,0.5441460081643428,0.7384907886791231,0.548893498149773,0.5549701429416418,0.746473162295694,0.4465856840056204,0.6963544683020075,0.5451292860646275,0.6221483275796813,0.8261958276950634,0.8840060051385857,0.4942651982310413,0.36480572909174314,0.22371446055779948,0.3430299480340105,0.724105270354093,1.5674581054056709,1.338152798501536,1.2673043242874669,0.962173165174415,0.7994774189080978,0.5925688868178756,0.41581466346218376,0.2675973598669785,0.16822878536868968,0.06432237054905587,-0.019478008985455375,-0.0958606508668578,-0.18816204927832347,-0.1513979521642444,0.08190472440580104,0.7015283025028349,0.9907862812962602,0.9363606236855313,0.9183827718983494,0.8012073540894848,0.6019816671091336,0.43523873247372946,0.27837672881068953,0.2984850623034677,0.12620102712335823,0.06379330866502197,-0.001921809004355568,-0.02226695805446266,-0.050932334508257404,-0.10717124005995371,-0.15222729910374855,-0.005929027180074153,0.27196714724398185,0.514733710526321,0.575429204548202,0.5782327727472578,0.5308791631127008,0.5040236554280344,0.48040783191785796,0.4532974156454286,0.4703972544168671,0.3973514754301346,0.39852797561854336,0.4109524898706425,0.384977269436361,0.365114207073564,0.4402163845615719,0.5629050859395922,0.5915066271523101,0.6279229186981972,0.0,0.0,0.0,0.0,0.0
2025-06-01 17:56:57.803,0,0.0,0.0,0.0,0.0,0.0,0.0,1.0457709377726052,0.6431524048827946,0.290173286169055,0.09813192741635579,-0.06532578048648785,-0.01828398486060967,0.07361980103577637,0.16145371227770466,0.27485911318592116,0.4103857494621377,0.5264417923718974,0.6599101958286279,0.7218711153570425,0.7620771205156045,0.8424264551409842,0.9765141030618182,0.7985581233412938,0.43845335132851365,0.1516855666311303,0.02707646210574699,0.04310346984804703,0.14480394563638765,0.26490761980771826,0.4274079717320287,0.5556303096726194,0.6805489825161588,0.547300132893182,0.8460708153341235,0.9197885627429132,0.975268866066101,1.0442818944520817,1.2308487640417827,0.9461091076021901,0.2832334390776331,-0.07427783357773143,-0.08458552711640754,0.07714761136960369,0.26463269607380124,0.29840178482470203,0.45745528185528594,0.4249954266897942,0.5524060412681224,0.6012239916791546,0.6173171353893782,0.6378716632473648,0.7180779700555693,0.6850169584162157,0.718477264822768,0.3297543116360115,0.18965633336499016,0.11031954329968807,0.11235845999063665,0.12511497953894524,0.4208339452247671,0.7216074818291088,0.36019372250567044,0.915954485894507,0.7602012388268984,0.6322968794383867,0.2984103643029749,0.6618601242850253,0.6155246174340158,0.7593948652445256,0.7746404540917115,0.9416358197249484,-0.02141728137507798,-0.1986251541497216,-0.1693527393208345,0.04317010801599097,0.18428320785126306,0.3206645771497063,0.42805754312891553,0.531521124568815,0.6486731968550439,0.7499550364137912,0.8243376391414856,0.9299046875353544,1.0020972190387072,1.0838104176060879,1.170459249340977,1.2076040979247178,0.4255241216832563,-0.16187512363454615,0.03238157850901291,0.24023738435618047,0.4392722760836747,0.5816352704840742,0.6832950688000046,0.7381322148525977,0.7974647505349195,0.6953357823620367,0.8278014473329443,0.8202146795561646,0.7913177770133301,0.7824102069507702,0.7282962358896494,0.6818213327396743,0.6666752781354818,0.5529699327772598,0.6294363205596807,0.6259560226419245,0.5940378562644792,0.5431421049546012,0.5270095243845168,0.4772781498580163,0.4468983421891941,0.39863210866892107,0.3649817211330171,0.3193003065504314,0.25304530051236185,0.1549982030595628,0.006479884533540425,0.1095104804291614,0.6427254404355354,0.8379288657331065,0.857830697112359,0.7749335363141672,0.46458247514153167,0.6180676045629272,0.7171652620810083,0.2926490399605791,0.0,0.0,0.0,0.0,0.31969167834302903,0.8734405663040679,0.9157687797106041,-0.028402985185752294,0.31133081090437037,0.6637720545804477,0.6830514856809631,0.6624136133552857,0.6945773496003291,0.7836120959999262,0.8832761821976325,0.9427276950730583,0.943219149832184,1.0981069225731117,1.0253209089458108,0.9723815147376291,0.951354156192469,0.9146548741751057,0.868183485356157,0.6952307419417776,0.19146528253057127,0.39803080007642755,0.45423981533902946,0.6186821836580099,0.8817485150489308,1.091186095636011,1.2742289574714722,1.3352526297140186,1.338684482649368,0.4656736404060711,1.380501085707862,1.3303349487163785,1.225302613628371,1.0947246032530087,0.9251017910785854,0.6204308285243452,0.21264776889476378,0.3017036301032311,0.5314948422180178,0.7936550200124155,1.032612466775455,1.1231486443271919,1.2152974365679676,1.143338342692067,1.1791546062766987,1.0813850172215784,1.011920888080331,0.8868698913868801,0.7735269820178509,0.6475099646425007,0.5145921221963783,0.40611435451142097,0.22678037180507604,0.2572477007973804,0.6572847332508995,0.834741769237603,0.4460492126428591,0.6009472217265676,0.8077614862140864,0.3773711855340396,0.7525674437788268,0.680425951294049,0.5041613232681501,0.7501326713354888,0.8372590265167233,0.6211502435717979,0.28300786927819044,0.20284508025068565,0.3304373373035026,0.7840069789326966,1.7010973336924038,1.4406110946989776,1.3825533034447228,1.0437832171242998,0.8435206917696745,0.610071829350288,0.42159852142489296,0.25781745085336594,0.14630937308994274,0.042653988648593044,-0.0580662181979007,-0.13508274414286225,-0.2402274327078911,-0.17483551329097935,0.10736433525642725,0.8031686366750121,1.081219750338411,1.0141860874198894,1.0127496903009803,0.8718252773262785,0.6552093638103456,0.4665893406548951,0.2887006074913492,0.30622457473306586,0.10012485899721657,0.02519241463198707,-0.04778330974627942,-0.0930169249427466,-0.12960627843785055,-0.2014976717563589,-0.2525617268063233,-0.013802223478507791,0.371354636661258,0.6163636181917997,0.6633660863311789,0.6631730303876608,0.6103921452590673,0.5392990162845854,0.5082704422950137,0.4622482012388971,0.4596406985585584,0.3667497123749195,0.35175617196490894,0.35551731167833744,0.3120057405017015,0.29471998769972374,0.363793646864182,0.5038954587792841,0.6365127982372668,0.6841003267974213,0.0,0.0,0.0,0.0,0.0
2025-06-01 17:56:57.808,0,0.0,0.0,0.0,0.0,0.0,0.0,1.054268414118748,0.6383157928559032,0.2648926487320632,0.08748936300138466,-0.10496307512547609,-0.03486918469914613,0.06070751786121298,0.15339275634435168,0.2594639592129261,0.39224279231279513,0.5194261958748636,0.6524162006942585,0.715584135882656,0.7576620256712819,0.8562026721842325,0.9750892074945573,0.7894748016050234,0.42931403760495007,0.12943031049746134,-0.008390491241820563,0.01976424582866665,0.12094408006080037,0.2395475088445227,0.4089741534985496,0.5372327736687679,0.6711895592036687,0.6665934061867115,0.8386594446453027,0.9152292113265101,0.981284305011005,1.035378213448597,1.2325529851398778,0.9398225598196075,0.2599201222346642,-0.09156284994196318,-0.10127308739249141,0.050393662072514944,0.2603214310631854,0.3087346941359732,0.44570472616204393,0.4373688442434045,0.5288204890472468,0.5904105278828415,0.5981066763117685,0.6561775113363281,0.7223235005048054,0.6935624387109861,0.7359511138325705,0.3695557715297161,0.15709812727152794,0.0682344749172411,0.05222370057222547,0.09215262178453609,0.4186930990243914,0.7093087131906678,0.45644719034963516,0.9661326996877138,0.7474475417678981,0.642708945945056,0.45863320455359846,0.5623597455440268,0.5689398017143635,0.7480564285238256,0.8421874687170834,1.0034965943277392,-0.0013541196959738766,-0.2339524100679084,-0.22043295036087263,0.016470048454638953,0.1562302644196567,0.30345690136883885,0.41510765479736955,0.5216727941736299,0.6416689656424577,0.7489179332390741,0.8185585349222055,0.9306730632102013,1.0032725599248649,1.0911552912893985,1.1911108019997507,1.2278314649190518,0.43772768545897184,-0.1937989260621884,0.007626987277188135,0.2232361963485523,0.4230716896809714,0.5672511222143068,0.6705659492267766,0.7315323930777029,0.792469934982188,0.6710590157966905,0.8265973675576996,0.8159096867197432,0.7970536121390571,0.7834990970558103,0.7366102336514693,0.6884678006567501,0.6434021771834374,0.523359885191372,0.603333357702295,0.6060373203623544,0.575776739476688,0.5262983749030867,0.510508875289172,0.47411108814282743,0.4367110829941552,0.3872635751171216,0.3604162481212867,0.3092609543371667,0.24361718685417966,0.1527234402826282,-0.00014934460366977653,0.10138410703217093,0.6366685488283225,0.8355800003607223,0.8472081814838197,0.7666411123245296,0.3921984593004761,0.6189760924711591,0.7926181384157553,0.3565514475054987,0.0,0.0,0.0,0.0,0.33060487606662925,0.9624385433687723,0.7710600859709996,-0.023573173261294655,0.3305171175918052,0.6705184262629503,0.6836466158848884,0.6587270113863045,0.6834779544116403,0.7784705439806883,0.8723774472763126,0.9230460002616692,0.9331230920244518,1.078255686268446,1.0069769290011181,0.9534350159352847,0.9349237263557881,0.903109342664641,0.8464522267086185,0.6685765004443858,0.20787731616521038,0.41050825989888995,0.4598790722717463,0.6197029174454327,0.8779239075596219,1.079217183429149,1.2586338377390773,1.3146682663145157,1.3128344444174866,0.4896594171022051,1.3630486798276484,1.3122309813623225,1.2134323024860878,1.0811328947592398,0.9190501253641165,0.6226170341930698,0.21991634418053707,0.3104121888778023,0.5276584564146122,0.7939279024079904,1.0108517718625056,1.1118065283595489,1.197298116611433,1.1261894280267788,1.1592345783333355,1.062873331239194,0.9977634588147337,0.8732549130087098,0.7611619363559473,0.6345023980015012,0.5046855317951718,0.3949743172268395,0.2201663879336418,0.22260879004578646,0.6637590579471191,0.8316757544630727,0.5526344412408419,0.6496634664029002,0.809707913530007,0.37792399594250303,0.7812106870336004,0.7769418067863049,0.4313029701175806,0.709436887251067,0.8691733073697269,0.5789554967737963,0.307494563822994,0.18988624295495798,0.32856977392395564,0.7987788264289347,1.7067222181290767,1.4498003648637745,1.371287542526935,1.0520514793810025,0.8380300731263219,0.597044419843106,0.39366482025544824,0.2277990788771691,0.12865915807777406,0.012691458376982823,-0.07073703291749478,-0.14328546833254152,-0.24512180733646732,-0.16192392126374622,0.09471877580473692,0.8121608236606777,1.0941267007302173,1.0258266664180082,1.0194615604375583,0.8726917711150086,0.6388241437150293,0.4509397935410677,0.2720974844206494,0.38802501922724963,0.08143081033112787,-0.009733716524102487,-0.07317665705272747,-0.12383818350791254,-0.16801488260784292,-0.23267343838161814,-0.28298759688525765,-0.027261473585685758,0.3908279841317873,0.633533716754908,0.6812089130890749,0.6795947576007424,0.6054017793903379,0.5304071915038617,0.4878083096756116,0.438146473220838,0.43197759983537165,0.3442134588544594,0.32323582142272933,0.31048492138701045,0.27540921677536,0.254474288869162,0.3320407303013952,0.468080057219196,0.6374983665518973,0.6886716164387383,0.0,0.0,0.0,0.0,0.0
2025-06-01 17:56:57.812,0,0.0,0.0,0.0,0.0,0.0,0.0,1.0464606327091794,0.6179988164991944,0.2556252808865972,0.0873078592106592,-0.0909197316182283,-0.027531993069183858,0.0731600665283686,0.1650901192187646,0.25713370611692554,0.38735901376149806,0.5147901007368378,0.643074945470926,0.7076697963236565,0.7476914634662811,0.8522630177220787,0.9417579186657593,0.7700405043654751,0.4286009596003139,0.1267177389410845,-0.0038447921840617516,0.03267368469725396,0.12352381375675758,0.24266800260576793,0.4016116182186604,0.5333998531106041,0.6596543412976024,0.72850714937225,0.825498269186339,0.8979642511880579,0.9627886603352803,1.0105973728763886,1.1873672546671883,0.8870960997857094,0.23093105208875103,-0.07315267993762709,-0.11034422980552039,0.05649861767119879,0.2549825458723072,0.3256385624732183,0.4168746816784461,0.42921162370490706,0.519591814889951,0.5491525543411664,0.5624963268363986,0.6471415001357225,0.6940490868699372,0.6927504344384132,0.7117441035551308,0.3735945704128455,0.16603449235889362,0.03769352290254757,0.025608978285400985,0.08391208260790006,0.42761215961346294,0.587559666641724,0.4692100059433249,0.8353794586196255,0.6105298488838953,0.733625918514041,0.5323573121849662,0.4716789996893181,0.7751361403633941,0.7490518601486835,0.9609846406242846,1.0193987016551076,0.011505333549906238,-0.25102152707830333,-0.22874498117629716,0.021293148831204034,0.151721092017711,0.30592842917094343,0.42384735730288736,0.5271907513972254,0.6405496221695868,0.7505299718017384,0.8237491031580204,0.931439054013658,1.0052696062455433,1.087833599148259,1.1816078100193783,1.215984754864048,0.4487613251231402,-0.17200843480130645,0.02077055579310816,0.24755967141729207,0.4355147312438199,0.570728457871633,0.6617506629169503,0.7310708589010528,0.7913519466783272,0.6014840310464149,0.819264294833522,0.8058808321491556,0.7873640075516793,0.7670346412196939,0.7264858045007967,0.6730380773546265,0.6439797378784129,0.5256986664538198,0.6074849985671893,0.5975209169949174,0.5663803821554574,0.5210986296471372,0.4962523356915822,0.468067966315175,0.42028789214651474,0.3663939572156598,0.34302475185179504,0.2903606743848235,0.2227084286808365,0.1361275074639715,-0.02028859350378065,0.08513719512401308,0.6200591510666392,0.832342711294009,0.8372429797838583,0.7563656349621375,0.3239629276805703,0.5652376206796508,0.6375489465149571,0.4164903671009308,0.0,0.0,0.0,0.0,0.3118261172511323,1.0127715021409291,0.5638961182217495,0.005134894923166822,0.3413289000247626,0.6674578587840254,0.6757995092384206,0.6487604046732288,0.6692412851609475,0.7676643765731892,0.8707818067969981,0.929137485042538,0.9479859095693444,1.0952485548540962,1.0277372474486768,0.9714138838532735,0.9570025006984835,0.9245485537479305,0.8675790176017983,0.7095115432343446,0.21349445671152106,0.3995129835383604,0.4438767613911725,0.6083482949179089,0.8716927357686337,1.0726837186321427,1.25434621748721,1.3276559531181549,1.3265965569764295,0.4742727874164116,1.38959920188893,1.3382231028373872,1.2419387098481622,1.1063895202184928,0.9503699212264144,0.6584416215163078,0.24615902514757942,0.2982092182512367,0.5132409048618031,0.7775997954580882,0.986172740822115,1.1006777053694476,1.1965722557069451,1.1396226108104452,1.1679471138224629,1.0723175348696237,1.0169441156428025,0.8924637689158906,0.7720880450370992,0.651878182324269,0.521320260254283,0.41512300315283757,0.23999216065730922,0.18860983573261964,0.6151431111251537,0.7999498094172316,0.5544157601417518,0.5958150056187633,0.6586929560834592,0.44213420271509185,0.8333317348078775,0.7911913381102603,0.40096692281314045,0.7744934884665697,0.7101241200643664,0.5735212830563841,0.43661816161014744,0.20121276943773264,0.3255293140898227,0.7690683185263205,1.6396932960111639,1.406473535020473,1.3188036768447606,1.0343133664495272,0.8465435241021033,0.6008694989217953,0.39123414216226626,0.23458261635082334,0.14337167496207281,0.035259803014584534,-0.039703989114839966,-0.1254159224384921,-0.22568958485408447,-0.1485566596132512,0.0725454379011286,0.7538944551669144,1.0395846729370055,0.9917541698299068,0.9819733979507538,0.8428234829063432,0.6112888904130824,0.43107598016748994,0.26768174691024416,0.34982003413349194,0.08857455248813939,-0.0028780781014405843,-0.05507193924085452,-0.10111191421434695,-0.14491467277505654,-0.20023039118145625,-0.25008674714652895,-0.0484828954996373,0.30110396745765855,0.5833165825288633,0.6403369875671104,0.64316233454326,0.566816772237579,0.5036691294425375,0.4712893577696218,0.42965455582507617,0.41700246150878906,0.3445939435457084,0.33517311886036283,0.32229779043967643,0.3005140245014265,0.27493388298247823,0.343521920486698,0.4445390851264819,0.5897199764732141,0.6190958349111897,0.0,0.0,0.0,0.0,0.0
2025-06-01 17:56:57.817,0,0.0,0.0,0.0,0.0,0.0,0.0,1.0184188512235757,0.5968405437855198,0.26662815661895267,0.11671355518827442,-0.057971209099907606,-0.00918402445648614,0.08612571372415567,0.17093477602223017,0.2567552327945578,0.37555449042682987,0.49702145079088683,0.6218702015172001,0.6786719599742739,0.7203453315627731,0.8283112077513103,0.8919060019300585,0.7482454219381653,0.43188685988585956,0.15678072362444417,0.03903524213456422,0.06710463657891563,0.14946951624898586,0.2661824604472405,0.40341094090144414,0.5336619550741166,0.6451747912207586,0.6515285595479294,0.8076324510025618,0.8788696056153198,0.9332705946674446,0.9832684480743374,1.1270294729808126,0.824023382562572,0.22196776316304945,-0.032413147559112065,-0.05955000355078899,0.1130816838103641,0.27622793529461487,0.3290205722893529,0.404628683014695,0.4150565973886646,0.5137315393729787,0.5268434802132316,0.5426986068085503,0.646214710567718,0.6476949726976231,0.6806388124860538,0.6728055914693771,0.3722428137159173,0.2010732666564119,0.0569724230416927,0.05199966860763694,0.12601996081809586,0.4512372653551427,0.5523148174517414,0.46718879878232106,0.6680037919389585,0.5723407706133429,0.9461799921620757,0.5377813246819826,0.30799616113899797,0.8606555264466881,0.6081308903279307,0.9705148003442114,0.9687883212261081,0.006117323414754849,-0.22006011291768252,-0.18751837225516543,0.058169765547819496,0.17408962061902877,0.3294661018827578,0.4518857828340701,0.5434284319892386,0.6584944158712271,0.759327702055018,0.8349722828285211,0.9376297711152416,1.0095887708958,1.0899403306645454,1.174572242508936,1.1943913916334912,0.447241441961267,-0.1384365160547555,0.0503840619218463,0.2763176184695735,0.4650470104882467,0.597078071254669,0.6739272565837027,0.7519766597863069,0.8061495224324731,0.5985250442820325,0.828284941402625,0.8117924840173779,0.7901358979445544,0.7714354150148582,0.7335958967096936,0.6734665489408358,0.6545319351851921,0.5482170152774045,0.6250685148824213,0.6127055991904167,0.5844953595001627,0.5407860818429986,0.507290538719209,0.4812871197645423,0.4336051053258225,0.378280737102908,0.35695419739893186,0.2973518582443706,0.23095963921336793,0.14348164071959213,-0.008123502243784109,0.08547306899048507,0.6142456149447508,0.8315488371093023,0.8326373643032738,0.7563157733767403,0.36176927684480314,0.49778081199987295,0.6317090314070188,0.40341701447659606,0.0,0.0,0.0,0.0,0.3108850451799219,1.0169594970302953,0.48976811651321994,-0.011612176759320303,0.3232523937307014,0.6587884342112161,0.6612936058085919,0.6427755985845408,0.6640296886874217,0.7692420168386056,0.8792661482111153,0.9439714572576627,0.9741570908722057,1.1196829138739872,1.054689317585178,1.0009374631308119,0.9891403090982012,0.9516859513087397,0.9009668070903294,0.7356958562606866,0.18932919950069932,0.371276264896356,0.4282972247885908,0.5919853054462456,0.8600428279487529,1.0685365941269653,1.2570235377820662,1.3433120190660677,1.3451843599115565,0.511385559295271,1.4150521930981759,1.3698824383605492,1.2695402044676742,1.1345526709218334,0.9858023764604412,0.6918043406715033,0.2402457182100573,0.2442985383862769,0.4882536078785499,0.7482702907865024,0.9620204745491674,1.0917741506593635,1.1885460724549701,1.1472618511477,1.1798485840913355,1.0882037932712576,1.043678337965877,0.9060940411583503,0.7871234005761168,0.670441833237468,0.5430571109248076,0.4408514827973049,0.26846057633401454,0.1733532990059561,0.5729922724438078,0.774535886022521,0.5775263989394056,0.4560425301199782,0.6397589882283745,0.382251067252773,0.8143283554473295,0.7649554776794725,0.36558110481242995,0.8870756666767325,0.5293111199147923,0.6679637497934447,0.5774986032851214,0.21900982827424337,0.3330055864536851,0.7555976151420689,1.5749023505735573,1.3520670099646603,1.2999817216229643,1.0393476255596075,0.8440946354919936,0.6116021047059226,0.41095466696796357,0.22648551456375343,0.16025548279788948,0.07347125283145517,0.0023192797390551023,-0.08592761706991381,-0.19545482876056208,-0.14139189153905385,0.033369558029826274,0.6985775984772375,1.000817444609914,0.9654246543468368,0.9531178225516775,0.8374786092376765,0.6266391786255738,0.44462378149369086,0.2904428970395492,0.3787051796376135,0.1180479093320963,0.04677997555945557,-0.004672889246223333,-0.041754195209570466,-0.09286157813857321,-0.14124643986029173,-0.19692047339344182,-0.07297025478509311,0.22553105308862487,0.547389808585601,0.608755981731964,0.6291905570375025,0.5540981892184469,0.5007860484667193,0.5007246217607868,0.46286748517750365,0.4463470024280103,0.3767067564369351,0.3778851900529614,0.3723311658644475,0.3643602076246416,0.3264661315908086,0.38142023731740077,0.45274281007891914,0.5669684148671533,0.5688691304669236,0.0,0.0,0.0,0.0,0.0
2025-06-01 17:56:57.822,0,0.0,0.0,0.0,0.0,0.0,0.0,0.9816239235267276,0.5706544867581308,0.27562038347941953,0.1428863549362459,-0.017071321319105603,0.019704144445470972,0.10889655736846005,0.18269446591848615,0.27097927664144217,0.3679411357170327,0.4864865085455153,0.6053786361879119,0.6566952771549273,0.7052226953032544,0.7973704943064223,0.837345386369165,0.7273234292838175,0.4325279161333448,0.1911040519815047,0.08003687604758236,0.10934034062295783,0.19062098985112108,0.29643316682101783,0.41867008460404476,0.5370337959639897,0.6504550468396335,0.6445391514297523,0.793480779969357,0.8618559718242469,0.9096992489155628,0.9469074495487815,1.076974961777942,0.7834555083876704,0.21090782620788934,0.02427646219481827,0.009182796856799014,0.16203332425711015,0.302048395938449,0.35396145872548357,0.40851488248199996,0.4290944193168891,0.5195528044844202,0.525540683141384,0.5250750027941872,0.6422305695588421,0.6182844548441631,0.6495894982893627,0.6247442339645639,0.3499036619840295,0.2397120677438932,0.10998986772208774,0.11661982582966468,0.19662780374985966,0.43564114854974595,0.6061173515845288,0.3748932089299038,0.5483502647182329,0.6010976451558876,0.9688163545058424,0.6101769931264756,0.2429720053347727,0.8775135722399628,0.5221883077851714,0.7694148915576077,0.8746708618728827,-0.009920816633057133,-0.14750708673420765,-0.1220322236426703,0.10426800992383134,0.21127774383228437,0.35377375048226645,0.47472780486289,0.5505687841079963,0.6661245473735429,0.7556069128197198,0.8275239989405605,0.9271608951396016,0.9966525884531932,1.0681150092612866,1.138977278782089,1.1420970008945512,0.4356004941679446,-0.08451470242728931,0.10469002458937204,0.3117400759221223,0.49465315097568285,0.6161184423525539,0.6814767507155106,0.7612507165409745,0.8077855893166925,0.6965669314626568,0.8242211377098305,0.7990518157190903,0.7833822277463017,0.7576769911334172,0.7194507032983846,0.6646829388082248,0.6675959039836601,0.5829822079488926,0.6546394204588397,0.6337628810636733,0.6022414699751504,0.5530757714567847,0.5139107185702065,0.4871235253135988,0.4369871555120921,0.38748539790881575,0.3573470230933824,0.3013302443465842,0.22375891471454734,0.1342442619286356,-0.003622520056095091,0.10890560516192577,0.6333134106803797,0.846112152853066,0.8340573282229717,0.7636161695867123,0.3759040691513275,0.45987437110145873,0.8863818465718176,0.43549047368214444,0.0,0.0,0.0,0.0,0.21955582836153942,0.9202360600379405,0.5340037189328103,-0.03953431579911193,0.32814386022031766,0.6665783878163054,0.6659368172066145,0.6476400109440851,0.6674171019969424,0.7735470176325079,0.8737699126264342,0.9380780284855232,0.9722345005527195,1.10930491093993,1.0483076467008532,0.9982681958109987,0.9877678085959078,0.9472649882439701,0.8958971354250223,0.7236341381502458,0.18305437288910903,0.36554414753403275,0.42386265797454836,0.578157888132165,0.8443590239497036,1.0432617265349577,1.2431096559294015,1.3320611779497067,1.3334713706695303,0.6801555928465597,1.4074895998003831,1.3651896492782538,1.263949849593992,1.12963174179546,0.9872373005009539,0.6991451393232068,0.23769631201916186,0.21488655313427507,0.4649282832491294,0.7239880160366394,0.9305900022178748,1.06596210682243,1.1506570579578783,1.1323464905480256,1.1572623609357238,1.0783679582185406,1.034421820992538,0.8958077475738401,0.7816633169451065,0.6687667086366722,0.549094118081653,0.45274430978103475,0.2793526626366332,0.17548602586204623,0.5426135084137197,0.7431774627662858,0.6763662353365459,0.5265194188484846,0.7677896617336682,0.42344710815898734,0.7915022832135314,0.6425398829185515,0.4980067574683216,0.7515573515743901,0.36966183764963945,0.6739812547275854,0.5928528580841312,0.2246223188075836,0.3419389978055379,0.7444820392966465,1.5303707835735691,1.3231811435922163,1.266576759585277,1.0242686832691184,0.81913603294188,0.6064385251469431,0.41406458498654297,0.20705053937316586,0.15482901316090425,0.07833152386665088,0.012617425533864357,-0.05653505746516896,-0.17205009390923665,-0.11416879434254218,0.01582094218135388,0.6737124792961202,0.975895369445908,0.942077086932867,0.9308749489824056,0.8132493795255076,0.6092954398660546,0.4255191722357352,0.2794221650513915,0.4155156605987631,0.12513649117788184,0.05665581230451999,0.013388626795567626,-0.01468342111283305,-0.07023536529235841,-0.11707562998134968,-0.1731720465510072,-0.09508058694640398,0.17940980154613106,0.5118582592339911,0.5796596877227956,0.5834045871467266,0.505574933445198,0.4871981724879526,0.4967476892312883,0.4634352899186245,0.4526289949008526,0.38769165449851606,0.3944317928064325,0.3860025786785266,0.3931286160313193,0.3538415016746058,0.4139834536549601,0.46006923502303854,0.5280666609303427,0.511787624010207,0.0,0.0,0.0,0.0,0.0
2025-06-01 17:56:57.825,0,0.0,0.0,0.0,0.0,0.0,0.0,0.9545051996546953,0.5498865455157701,0.28612728017285816,0.15381731623360306,0.01728236804059613,0.046749178525104074,0.1334366371484984,0.20111585028942458,0.28771362926177335,0.3784464570818463,0.4946113709129077,0.5954583580843326,0.6445339483632739,0.7005840166900592,0.7700428437277326,0.7999909776836779,0.7078568364248355,0.4322439147762294,0.20809287771852691,0.11964050111601432,0.16004521493991808,0.2300673769113195,0.31996120160424724,0.44029615854194315,0.5467132503031591,0.6578313256635842,0.6187273308688402,0.7823594266821919,0.8481624894141069,0.8918777698867698,0.916101782171393,1.037544760501656,0.7402034371638815,0.1987883934559705,0.08113810402717192,0.05105028758008756,0.15962942073947728,0.3097462873977983,0.3860904228479063,0.40427455276937296,0.4407053856219336,0.5389793193751558,0.5164852378452958,0.5281460678024109,0.6369520127523486,0.592045014913138,0.6202741760962468,0.6048338438992336,0.31994322927979885,0.24708963690822433,0.1326409973821353,0.155766762280257,0.23392571826014863,0.4616798071235337,0.4872333662968703,0.36584537828887637,0.48666324961793483,0.5913501305436026,0.9320319631115315,0.6897038557689551,0.2993166544047338,0.8999529737240383,0.522626790834067,0.6160901931866863,0.797649180757495,-0.035374574715508283,-0.08995903636327574,-0.06398751671252123,0.13808317176360885,0.24407021184941136,0.38120358470715154,0.4926432577910069,0.5505403196390495,0.6688742092739153,0.7489954879820437,0.8192385191641454,0.9167269510021311,0.9812918497872212,1.0447860918163714,1.1032516469803766,1.104033006997072,0.41725692848310963,-0.02749874151722176,0.1487946188574949,0.34311206935634875,0.5194813249037986,0.6284656356556706,0.685655290537492,0.7638944266675587,0.8067954156771495,0.7333901327262833,0.8165442060811989,0.7847565248842744,0.771519917619326,0.7439836203944433,0.7031678792330087,0.6545225791847736,0.6789577796889966,0.6112233699927797,0.6755756798819972,0.646477362762585,0.6133695122209761,0.5556495505785854,0.5159701148948495,0.48620623523556983,0.44048175352244656,0.39124236638330023,0.35125992012560303,0.3072019000260737,0.22642101086589417,0.13481281724850536,0.0002750489424987457,0.12672399079456126,0.6385796995953639,0.8529484120211575,0.832518160361831,0.7660893324833842,0.46127814817902585,0.4249977609570194,0.9780260865088257,0.49671517059443726,0.0,0.0,0.0,0.0,0.29684494275797924,0.8409045804291853,0.538628273135745,-0.06070430592991122,0.325039659591247,0.662035861600669,0.6648013884907196,0.6450115342702886,0.6632173221007449,0.7764137751743727,0.8722783754643255,0.9356518710744597,0.9706748495230446,1.1077866146547444,1.0480165235002925,0.9996943078157652,0.9943397880219143,0.9468913206003391,0.8948647712622324,0.7184567043142305,0.17555821627880852,0.358007042693989,0.41140564719489303,0.5678223167245917,0.8282384403490657,1.024092413273889,1.237906926359602,1.325695409184908,1.3340126623474535,0.6919327810831004,1.413610208582857,1.371469877699568,1.270980054399372,1.1383167459829209,1.0029869338544952,0.7157459981452395,0.2535176299902469,0.18125732657733695,0.43746715008280834,0.6883119202148109,0.9031831093515974,1.036772021908395,1.131285915268308,1.1293002799329168,1.1479910723337565,1.0846504654964768,1.0366673692482724,0.9065592218258797,0.7962804093771495,0.6820576497787627,0.5663176754601892,0.47670771825006697,0.30225103732361486,0.1686210645202945,0.49822093571818027,0.7082245434396758,0.6966577400854045,0.4504611302391529,0.7088344265442986,0.5400284790441336,0.7454396755734067,0.39798946537464175,0.6035981930975471,0.7353406556144,0.16275226016650612,0.6743798891531213,0.6593676503128479,0.23734162278188958,0.35384876227841905,0.7156480431507735,1.485962040429556,1.2866789088753392,1.2160224161849218,1.009001636235383,0.8096241767594503,0.6206718360202306,0.4341152648612512,0.2131992401431908,0.16656431969235608,0.09995218285488305,0.03751623062185794,-0.01817482069053533,-0.13735820542997113,-0.09123735779288944,0.00803915914692066,0.6422470139979735,0.9419379535790742,0.9209720966114261,0.9064482824232768,0.7911121661309448,0.6027893012455494,0.4284346860153889,0.2898998475864578,0.4025390211113634,0.13861871185013386,0.08073999433302204,0.036985823140788465,0.018778220245120436,-0.03732865568259203,-0.06707208860649172,-0.1383749131411125,-0.1307021064704882,0.11391283908192706,0.4649314375989935,0.5406885974074515,0.5408031920340954,0.47767115605024624,0.4847294474426205,0.486989038935967,0.4636768937859199,0.4689690353464948,0.41900128153642235,0.41278102775944925,0.41888997524266913,0.4322543931096948,0.40319401867915694,0.45687772990531456,0.47095861653444837,0.46822148361125293,0.45939794555668345,0.0,0.0,0.0,0.0,0.0
2025-06-01 17:56:57.829,0,0.0,0.0,0.0,0.0,0.0,0.0,0.9207295406654584,0.5395754853386677,0.2985470985919816,0.18780704683282146,0.07277027050453078,0.08549448078031607,0.15855264958736426,0.2189514508240593,0.30403298249401545,0.3899764597105422,0.4922729706530004,0.5817183472636362,0.621504157894555,0.6719730811895671,0.7313016748179778,0.7627572425053003,0.6854153381696036,0.4456449174098093,0.25497908475214204,0.18425801097189465,0.22153563134891452,0.28084519225245197,0.3486099993145231,0.4643239920063693,0.5568130198844543,0.6576793223353057,0.5252328336488291,0.7663837708186271,0.816459832258446,0.8540740549584825,0.8714308879981354,0.9603364446499166,0.6474762987619431,0.21220941017562367,0.14323837724992428,0.11909786046058546,0.2153510206230549,0.3209865673784209,0.39046992219359633,0.4068063284884076,0.4299959015573547,0.5334874384752422,0.5037278544361661,0.5183432455255693,0.6041035796060753,0.5530018268959376,0.5861376227018742,0.5459806578228492,0.25807171543192325,0.2732448117355917,0.18740890602733606,0.2249240937700534,0.28547377697192733,0.5177050020983527,0.5105982259967986,0.48313924648420176,0.42430833218113784,0.525776066501785,1.0268995086515025,0.619272508726732,0.3042577808687133,0.8954438193360575,0.6530919002166039,0.48458399972448474,0.684496852234151,-0.06977541228880017,-0.01852982279754889,0.0235120469629837,0.1870134512036803,0.2803957537698403,0.41961311524547695,0.5217128887301106,0.5667927077243913,0.66830955671373,0.7474855237824258,0.816821029926454,0.9036565558395145,0.9620604400282637,1.016978599597277,1.0668728899580802,1.0553946729032038,0.38831573698043703,0.03544324193031134,0.2175401674242292,0.38305229104239347,0.5519519827646235,0.6531034659742541,0.7017357377710054,0.7671047218598948,0.8044541783281096,0.7791225289225481,0.8093718967135533,0.7697741935885113,0.7530926159446422,0.7245853529002605,0.682288306191309,0.6384314434416493,0.6976656554342812,0.6585329599835282,0.7035693531230405,0.6626175601293032,0.6303715999044972,0.5645392976283754,0.5202401321960717,0.48326965236301156,0.44165647727622726,0.40016386036740537,0.3469431457290253,0.3137332398477273,0.22645704014176826,0.13215234993227132,0.005590551770918717,0.14650972117968813,0.6484573229168157,0.8544801093349765,0.8301525326440118,0.7671883767721055,0.49105924454261646,0.42386049629919126,0.9523027464431257,0.5775747677491166,0.0,0.0,0.0,0.0,0.41822484940130367,0.8360098519006602,0.6522362860911709,-0.08607414630631405,0.29779157957885155,0.6510300910776058,0.6604074006885812,0.6409418764751701,0.6544948888655213,0.775116944586389,0.8763992167178762,0.9420479619977891,0.9662209521232952,1.1120475572489794,1.0632426276536848,1.0074993920025743,1.008797258547492,0.9542207786098067,0.918816002633855,0.7417076408588341,0.16726237694545043,0.331518195612004,0.39567495000820574,0.5408592670542545,0.8074974351645496,1.0142824125806325,1.2352217416235134,1.3176771213813498,1.343339598125764,0.5959315070867484,1.4311696373983738,1.387685964914954,1.2901331171376291,1.1691675824423942,1.036983252633704,0.7573565073706652,0.28637878066836053,0.12313296635006299,0.38059937020937185,0.6284832152450615,0.867673675990996,1.000374723553067,1.112187024407155,1.1229796959320841,1.1460714119821032,1.1009554125662047,1.044792026782278,0.9314916045065863,0.8239100019886348,0.7129439836269007,0.6014795202955978,0.5181697931656585,0.3478823353542789,0.18998828294642794,0.41420098901808444,0.641895428823776,0.711544164891368,0.36997900142159224,0.6428673924216814,0.5729827430452755,0.6682113557640115,0.22650404314829262,0.6974550557165557,0.7315845022403911,0.2171879531322381,0.6581949240096,0.5789019404542307,0.27329022682728915,0.3820880326802291,0.6906434239726582,1.4111451287654508,1.215238304110611,1.1467036150619365,0.9819236694909144,0.7729258599646636,0.6126930324708826,0.45130567671520283,0.2257599790868252,0.18642207613022999,0.13004358659408188,0.0795997209181063,0.03237643884100094,-0.08525186998286871,-0.060772124166516284,0.00203523215833723,0.5858977568039749,0.8805710209286873,0.8793599085277499,0.8481023762558358,0.7371572408985199,0.5852604566421404,0.42663457670134064,0.2988826074750286,0.2850153026541573,0.15695337613759142,0.11683607352400283,0.08246230210938443,0.0648659536263162,0.026148071952081353,0.0015062494693032225,-0.06895579459913753,-0.12143875227605183,0.045301686381115314,0.40777627157340884,0.47856261827414237,0.4884726707917022,0.4435453093315047,0.466169041387944,0.47468440872576423,0.46215903346231735,0.48457591330876904,0.4539978487794596,0.4379318761700972,0.4733093143716429,0.48864814152714564,0.4746396980516101,0.5235049347565155,0.506190987303405,0.4402987963788071,0.3911431766993334,0.0,0.0,0.0,0.0,0.0
2025-06-01 17:56:57.832,0,0.0,0.0,0.0,0.0,0.0,0.0,0.9418080654824165,0.5688543006472058,0.31332586787246297,0.20843575692143268,0.07972691908076102,0.07382597988487805,0.1540895087037496,0.21341531233093236,0.3032308441977202,0.3917402172518456,0.4875511767811525,0.5844333980900694,0.6161143013966823,0.6672140510080516,0.7353705506036733,0.770937468440491,0.6869535759131848,0.45757718827389776,0.2691276582436106,0.1863205126010231,0.23000596514361615,0.28289363899018793,0.34729586889185615,0.4646227883834355,0.5586890286337738,0.6559522028797817,0.4489186234304472,0.769408353206657,0.8134498045266991,0.8522991353666346,0.8782479224523958,0.9759579188015074,0.6330231311669023,0.23884641599279566,0.1342500060409959,0.11682794351747194,0.20033042853908944,0.314999553027022,0.3608304697458393,0.3905604256469686,0.43668244996823424,0.5146593973534193,0.5149420410078596,0.5290085430476007,0.5852286810782525,0.553560672290059,0.5968066885732214,0.5402833206162299,0.27045239402285115,0.27908028477574937,0.18462896272626372,0.22621220189814162,0.2664143845959601,0.5807786174768776,0.6086985558415938,0.6160685664761494,0.4480422986258349,0.576227161759185,1.0120263518974746,0.6409765520895567,0.3607414082289569,0.6281128994709354,0.7812455923923032,0.4899081603149863,0.6973530506873844,-0.04899254920183645,-0.01900607153845313,0.02163047788397976,0.18025312813645944,0.2706477201085602,0.41351361334969616,0.5146309892588963,0.5618458420456995,0.6645742377760264,0.7479378801482295,0.8200759157568911,0.9018527442550629,0.9678280128287935,1.0212216621668204,1.0766377652792318,1.071938828721385,0.41522949126878844,0.0498458863311787,0.22923042203526633,0.3686034785268133,0.5389195790099655,0.654666249676708,0.7059759689398621,0.7657348488406255,0.7997592819123993,0.8117699365488211,0.8096250454571532,0.7699150759532815,0.7533410419528112,0.724471194007778,0.6865114056614312,0.6550828317045262,0.7149252902286024,0.6739696025627414,0.6978325287444398,0.6582455593667318,0.6243451261337543,0.5621169293467305,0.518862797877718,0.47508580560289815,0.4413097912165427,0.4024929482814459,0.3520849552670695,0.31815080902308757,0.22690196795574802,0.13945377961123595,0.015049482750870924,0.17083995998345397,0.6679284973490978,0.8485297469334974,0.8290928386012,0.7672668447009394,0.46432784521806064,0.5092569932874165,0.9883790122646969,0.5042989568958279,0.0,0.0,0.0,0.0,0.5187113443233845,0.7667432785386479,0.7224245579308969,-0.1047755425797719,0.2894509825606855,0.6517761426692701,0.6641619401420438,0.6480488329432369,0.6637233777556308,0.7796249182036623,0.8810938006317204,0.9411473303440849,0.9583488967939409,1.0992825003264124,1.0546427491257577,0.9955823680540663,1.000116016926148,0.9459712242436404,0.9139171312888219,0.7324425255188234,0.1744771326741053,0.32554110237360134,0.38897299803930796,0.5326499022811844,0.794154653783733,1.0042060723596724,1.2281746248176146,1.302379806174797,1.3307745577919456,0.6423249267568576,1.4156853134568212,1.3729197686738996,1.282188844618559,1.1712885232739816,1.036837210764129,0.7663025567978765,0.30112766934537755,0.10770530093164743,0.35103524273382847,0.6033661713253675,0.8516555438988784,0.9736261545141358,1.0975004260906953,1.1014150413985828,1.1308101903163563,1.0861384891431682,1.0319703945468501,0.9248122749846278,0.8216532678912519,0.7149661178117925,0.6076949482780297,0.5256526247429963,0.35687780084576337,0.20840740589520326,0.38172660662881375,0.6026929861156557,0.8421834425323246,0.5423144616717255,0.6526489947044516,0.49546577453612095,0.6221158369737563,0.21262808200983843,0.883002953708953,0.6606429570143795,0.46769784473633813,0.7193425430208951,0.4065128389870838,0.28182372946220896,0.4008830715516432,0.6943951549628116,1.3789962618692715,1.1871210004759847,1.1289668775730486,0.9622120826910705,0.7367596297878112,0.5926602123330289,0.44196196737078286,0.23367981890890688,0.18032864016541184,0.1107430263071143,0.08356278227083869,0.04495939409705518,-0.07075204465944218,-0.05389973423161232,0.0023362779536570955,0.5879919947236629,0.8570776410351064,0.8635805150068465,0.8128191189586526,0.7130857086539024,0.5714248971968239,0.42313995805893057,0.27986533512906075,0.09811368579420668,0.1562755450534976,0.11643788156794721,0.08245687513864297,0.06869989071361948,0.04420447667054006,0.005640291710414691,-0.05514416221783908,-0.0834647781022661,0.06856229915321166,0.40869754478217407,0.47440349446435404,0.46744886405648933,0.4386135164188054,0.4537391020861581,0.47662167425948954,0.4519356346595005,0.48165191641282923,0.456897863021009,0.43263908833490783,0.47371157663125163,0.48636418045936913,0.484708789979595,0.5361473701760071,0.5249636708841364,0.45761177667865927,0.40608375339819025,0.0,0.0,0.0,0.0,0.0
2025-06-01 17:56:57.835,0,0.0,0.0,0.0,0.0,0.0,0.0,0.9813257661828724,0.6101894328480754,0.3406779587984302,0.19822113723728607,0.05317636582147356,0.03699905244343571,0.131568894597638,0.19916536568841026,0.28227231676055153,0.38870892378270294,0.48559728557986986,0.582084214196129,0.6223614012047494,0.677150523628225,0.7526670587914733,0.796043923952144,0.6870437079622247,0.44763919913444644,0.24104208912662495,0.14937444182509074,0.20227031598342138,0.2507548355923557,0.3182258012107255,0.44819289436315835,0.5516909673616741,0.6569566468810353,0.48090166372322685,0.7873468769163675,0.832391242921152,0.8748950705737947,0.9064904039224353,1.0469475609728374,0.6726454002081941,0.2460879566205647,0.08805704835489392,0.036861430938143425,0.12639452904728055,0.2744636520326633,0.33635582355377536,0.36886535635967355,0.4570525903393674,0.5067315644997858,0.5178754022528389,0.5661618941926801,0.5895377175996439,0.5976407406900104,0.6371502679529831,0.5884349072555166,0.2914841713815335,0.2461556016260239,0.12998689986910605,0.1833441733326029,0.2133613020885632,0.5622533427227809,0.6152949119057516,0.651348053114889,0.44578470657168,0.644256105710568,0.912458649729305,0.771939893127798,0.42963344107321494,0.47655017970421,0.8475476520506817,0.5376596955501206,0.8001652813893692,-0.012429507308526877,-0.0750246214739313,-0.03458281630225546,0.12701263675068897,0.2374474698563216,0.3885686212470152,0.4890741103026135,0.5482395104704905,0.6602105686185922,0.7522254304131732,0.8302831896721834,0.9172541478886315,0.9889953740750086,1.0451614972191827,1.1170767309392957,1.137678045788909,0.4567333182909626,0.01788065563889829,0.18880908914989036,0.3279049026183827,0.49917034839858787,0.6386947799853964,0.7014433644474036,0.756818261524701,0.8022145200188275,0.7184674367785591,0.8195093646577278,0.7838722144051299,0.7667775403570632,0.7441640655815599,0.7030728305811731,0.6822577040282308,0.7139011772028072,0.6423904767580612,0.6620727690708939,0.6388052846028434,0.6070699191515387,0.5505276499333893,0.5110672846561597,0.468916268425712,0.44470865172506246,0.4001093015049051,0.36181799544915094,0.3239623168249419,0.23889059128360857,0.15657807127481738,0.02715855945028056,0.18172397284733716,0.6657333010099231,0.8438275221069979,0.8272665040098188,0.7665727663375683,0.4300192519418919,0.5663838509685093,0.9018363374701803,0.5139183303487059,0.0,0.0,0.0,0.0,0.5703433288730206,0.7487306228113517,0.7723139937243945,-0.09962889740121655,0.30475234056312556,0.661725022111641,0.6766618282556351,0.6581407395963367,0.679268007723445,0.791341587591371,0.8903943096099698,0.9414972763959186,0.9477478970759234,1.0925565605024783,1.0416236224494213,0.9792314673020388,0.9851522399893151,0.9272951730814534,0.8894366889288217,0.7068654229258631,0.1872740010908689,0.35126754052777787,0.4088614181296224,0.5536437938118777,0.8114812064611032,1.020693772220005,1.2400887150048803,1.301464596738483,1.328373482851114,0.595699993660735,1.399260221334358,1.349803332656108,1.2575097276168792,1.149520740709593,1.0077192611265127,0.7313004729413372,0.3062477029396148,0.15967047276161628,0.3889927429675467,0.6424379971447165,0.8850023897639989,0.9917420040011538,1.1179627274272677,1.1029541162661618,1.1306819860756465,1.0821803269836408,1.0167536650309326,0.9093373212029038,0.808085867483059,0.6974155066939682,0.5903969277117235,0.5003012213512003,0.3251860512810636,0.22103916042638586,0.4170225774885006,0.627548595668925,0.8182002007759418,0.6539537300734339,0.6024790727023944,0.5055552312304779,0.724291927551338,0.2585288097733188,0.9303842049459174,0.5503598470496727,0.5612349766398371,0.6730540845535069,0.37573972503158803,0.26410842495922565,0.3957083320391985,0.7089558675408166,1.4169319207146067,1.2350498144891024,1.16698143277632,0.9618031542408185,0.7569187466609357,0.602966272192953,0.4333091939289244,0.2493006751305411,0.17209112579309638,0.08310504899548588,0.06316102638288479,0.013515740879175286,-0.08675870236309446,-0.08387594400683884,0.03888482843857827,0.6320028663639903,0.9031649035414707,0.8957474777255343,0.8398193651617657,0.7416596403364555,0.5879170876423028,0.44200306015550095,0.27540229165629615,0.04062538788159589,0.15044321468093713,0.09498650187612512,0.05851380420988961,0.034925912613702814,0.012342435167636778,-0.040244745558019934,-0.09565666687967483,-0.049132766312001974,0.15363818368399362,0.4601624166978086,0.5259288351955436,0.5085522790499,0.4865220459595958,0.4762231205143177,0.49449014788692436,0.44833900404425897,0.47623729541087845,0.43846193405987566,0.40965571503038944,0.4358015384303584,0.43835612610594665,0.435124377380002,0.4904123533113785,0.5181000562123088,0.49299970339121624,0.4875270658994051,0.0,0.0,0.0,0.0,0.0
2025-06-01 17:56:57.838,0,0.0,0.0,0.0,0.0,0.0,0.0,0.9769011041120589,0.6011172733407747,0.328502562213029,0.15751680862820883,0.020666975991525227,0.004909590454369783,0.10485717028749442,0.17784785335122955,0.2554621070302089,0.3737544223384135,0.47623696146456834,0.5662662131813581,0.6199415080112991,0.668420089653654,0.7547123718553962,0.8004341218242175,0.6774502438129862,0.42291531680283495,0.2008565208962092,0.1142000172582559,0.167742223449598,0.2060291203762532,0.27646929754744676,0.4218615388468645,0.5334269311257143,0.6401144925066595,0.4357748673608992,0.7851794687916679,0.8338018782436301,0.8796094091594316,0.912167392362121,1.0820414740594742,0.6892664259345089,0.2503970834525846,0.04243218006568794,-0.021783278347986545,0.06338964101301259,0.23448510998633543,0.2954935365072049,0.34959274691716824,0.4386448214265928,0.4804930610289222,0.49257193601499694,0.5756052045004248,0.594208373927916,0.6114874936140715,0.66412895319018,0.6211669161883666,0.3048406622073573,0.2287602986850381,0.10862314941330453,0.1507082096034278,0.17689368473044942,0.5646044393574656,0.5634455114889005,0.6719855310936809,0.4552988456417637,0.7237390669366872,0.9193605623862271,0.7793884563134592,0.4390889076699131,0.562901890272003,0.7963221824884212,0.5742663857311029,0.8497820576913231,-0.004640437238007777,-0.11418057977622642,-0.07517665035185739,0.09337271346815124,0.21675709864753112,0.37001818359504535,0.4655493652961793,0.5444576244717547,0.6541090559887794,0.7483561315085965,0.8333190966735322,0.9221741260980868,0.9933821192113854,1.054489508336452,1.1302591176497612,1.1684248575157392,0.4631400161793006,-0.005249611913865748,0.16525438275981696,0.30098283127904524,0.4721538833617449,0.6276461489088705,0.6972554046940282,0.7453355448917143,0.8012317136682949,0.5242129202078136,0.8260451479421038,0.7912353509813411,0.7764535020666571,0.7549105174828067,0.7137052570998375,0.6965928400845207,0.7154073002268285,0.6151501885261964,0.6404552219080109,0.6303809223000785,0.597278565238186,0.5453432733854904,0.5048833266447028,0.47269503012924563,0.45023942309404386,0.4019191413724452,0.3690137296502116,0.33229653728487296,0.24878231292383135,0.16523816336748676,0.036261752290316696,0.18380492495047968,0.6569034087463503,0.8419484744952815,0.8296198614688703,0.769675218274898,0.4797893449932094,0.6577644861234928,0.6413978695699731,0.6273043717664596,0.0,0.0,0.0,0.0,0.5811674986091622,0.7360834679725716,0.7716266115148928,-0.09003590191728733,0.3143628314627774,0.663015301585221,0.6812239937578781,0.6653412101308257,0.685460191081344,0.7945178026528621,0.8977063509812915,0.9408407456626007,0.9431225947260686,1.097787862782869,1.0416580676789962,0.9789660356984398,0.9821102258152108,0.9218732499775273,0.8898675628316619,0.7094524244744125,0.19149474760888757,0.36243023422812803,0.425175375368277,0.5687215617655237,0.8274724574466241,1.0438098638777746,1.2498112589038604,1.3067483055749627,1.3381555728367116,0.39686070726183337,1.3976337555982448,1.3434097149259228,1.2522426201870822,1.1412907707195372,0.994224834348698,0.7137943664787029,0.3099600135128395,0.19674204520091032,0.4150677153543284,0.678678763686368,0.9106272041140819,1.0069062077382223,1.1448138547506956,1.111213767018947,1.1314955366030754,1.0874201158167307,1.0096217565521255,0.9031582749965922,0.7998101315502534,0.6878357377864592,0.5810623859473834,0.48423392277738786,0.30266576916946203,0.22507421169461625,0.44176988925624294,0.656037396610886,0.7536025386030881,0.6224799129776366,0.5055089759093491,0.4748611050742989,0.7362556140353342,0.3144646262351112,0.8128779977634426,0.5302210838881993,0.5767116249245673,0.6519809192255703,0.5117954002224502,0.2460261259608289,0.37729935566327727,0.7168179515574918,1.442442411740438,1.2523624289296422,1.1951781863902542,0.9687673322828618,0.7741798155017541,0.6149736595913002,0.43071520321776124,0.2647124413135382,0.18417164169268951,0.0798728033800391,0.055263594522464876,-0.017977304905701486,-0.10832792216690412,-0.12318870267900628,0.026022557728534568,0.6154266431591842,0.9277913486451707,0.9129103833092624,0.8689565329856951,0.7838879448351788,0.6186350728859926,0.4708144741191471,0.3110650476306769,0.12509499634795765,0.17161672937758654,0.10555990373373048,0.07617937173547218,0.035934649261500806,0.015946271817798507,-0.04587087192618822,-0.10307780224823115,-0.045069023634889516,0.19519376802326616,0.4908736937267106,0.5615276636089965,0.5704589643757845,0.5534562390488795,0.5203469380469308,0.5319283678408524,0.47825703906949224,0.49781027330590133,0.4522797840334982,0.426464070656134,0.44360431773649034,0.4329457926833534,0.42134308295496126,0.4647106651219786,0.5199209744703445,0.5076790645941957,0.5512581058571551,0.0,0.0,0.0,0.0,0.0
2025-06-01 17:56:57.843,0,0.0,0.0,0.0,0.0,0.0,0.0,0.9425937395013467,0.5681773856075467,0.2919261237635359,0.12606361851649273,0.01000932165577173,-0.0034804457204253847,0.10210523085592704,0.17181207417179278,0.24851930798464095,0.36944570214810224,0.473844926023499,0.5680066844640428,0.6283037233022268,0.6606008693538252,0.7573374105975591,0.7951439980030067,0.6763816130380051,0.40207601560290934,0.18830622023697963,0.09664321096008488,0.1414970140041636,0.17934803108146125,0.2613939975899098,0.4080570646269488,0.5297688338273734,0.6247800674850998,0.4039775470595507,0.7842174469049658,0.8383207297147732,0.8850054453703226,0.9246407809048665,1.0975282170586151,0.7058730793336478,0.2571576664779759,0.0006012544209357262,-0.021354736211026015,0.0573396467676881,0.2324494741432639,0.26674267419144737,0.35419030304367927,0.42933886041374447,0.4680258004276028,0.47038188041693285,0.5744990487013663,0.625524630284905,0.623672701291607,0.6903636262413672,0.6366322702854359,0.32637314030384756,0.2437291742464996,0.12032952510912787,0.14180314909982372,0.1652137696124225,0.5790127228641497,0.5770937918085239,0.6098991418493422,0.5055700662744463,0.854834706993159,1.0100062160032455,0.7302912784221914,0.36260462005598987,0.7217947004990185,0.7016088621896103,0.6075679432856409,0.8395011426236751,0.002086089780199113,-0.11485623197719452,-0.08752792134062459,0.10408331976815033,0.21308696033680063,0.35850365475235857,0.4451914303645854,0.5399235612051803,0.6457223009217536,0.7346104658757246,0.8244024867949669,0.9059098323991114,0.9776408966111538,1.0385394165639998,1.108871888375691,1.1499985930135157,0.46960280404660765,0.006101176341283487,0.17742375319327208,0.2930949885577061,0.461429838546932,0.6193039487135046,0.687105973777034,0.7356273671771616,0.7844299944814452,0.4142578286453999,0.8145547212588249,0.7813344736413951,0.7687475942348777,0.743085946081311,0.709238966210334,0.7007551150250424,0.7406037625490477,0.6167987304638524,0.6528336757392057,0.6411391280812857,0.5957264288907835,0.543932960759254,0.5030840888346719,0.47202164723794793,0.44716298988303005,0.39142909085398103,0.36555425770321315,0.32251473535810304,0.23687154750867268,0.15527183515579146,0.03679971050435038,0.20476542155372496,0.6914333803174365,0.8544488713214828,0.8436498274037079,0.7793667524827581,0.43882885758693674,0.7747908927992342,0.5145067856142278,0.6040372964696022,0.0,0.0,0.0,0.0,0.5259564955390205,0.6424593031841692,0.7914224703255871,-0.08571393821549833,0.3378079465094929,0.6776052747471505,0.6914530015619984,0.6795239728293371,0.6972807438533415,0.7945630443403957,0.8912000066303785,0.9267738432068109,0.9289068335206321,1.0769598333829293,1.016972889431068,0.9582220857147887,0.9582208112420987,0.9050340204659248,0.8702450710525267,0.6775218018552625,0.1980934469552732,0.37224645302137993,0.4430287507267696,0.5759678631546266,0.8318083344945733,1.0472508489557284,1.237133022604052,1.2957418184072311,1.3196260271715083,0.33402127661024644,1.3727117703127845,1.3233778665711347,1.2295658280683794,1.1218587274047715,0.9718053005438007,0.6902611173520313,0.2919738140450236,0.22298063756219766,0.4278324573083535,0.7060085929219646,0.9217249395099993,1.0027240272087503,1.1515383464129956,1.0934959612295383,1.115822035817291,1.0589037693349637,0.9909809830581082,0.881929349741959,0.7741778560191855,0.6683718689726472,0.5645296255722202,0.4652978450311085,0.28403821289407394,0.21794501071454,0.456817695815377,0.6698640578057756,0.7349998353039817,0.6647146152978816,0.46030093568893493,0.4780457410025428,0.7016718842783778,0.4183199891846381,0.7269070250503273,0.4725086522598854,0.6166816420705342,0.7238710146789975,0.5496770987308849,0.22088443510089012,0.3613158834815314,0.7270350394543353,1.447889194949085,1.246380158392683,1.2084801211722405,0.9554114817317458,0.7507613560641866,0.5953585641614385,0.4140784074952817,0.256142011546465,0.17246502848275536,0.06106716199602902,0.03753534876143361,-0.059474116297182356,-0.1409311934775591,-0.1588897003332541,-0.0028953720468635202,0.5928086398432688,0.9290838033444329,0.9060367647245409,0.8699715335372414,0.790716176429149,0.6048271785639479,0.45602589163396723,0.3019377375029335,0.21121889496780447,0.16678863828980162,0.09605595838983239,0.07299315734370193,0.029833084723002057,0.0140448259227407,-0.05854267886173525,-0.10911526476357342,-0.05273278008612192,0.195015715577336,0.4807929211224469,0.5614109778216647,0.5694838123233443,0.5580855730265111,0.5135149177653082,0.5347765514559399,0.4745111769132835,0.4952505233597193,0.4383245552405304,0.4374548870575379,0.44487912083001846,0.4305838739623712,0.41544561995334384,0.44116219798469997,0.5077455115389927,0.5047071709876861,0.5641082171194014,0.0,0.0,0.0,0.0,0.0
2025-06-01 17:56:57.847,0,0.0,0.0,0.0,0.0,0.0,0.0,0.9374000249335742,0.576072429082187,0.29889729061175707,0.11703335232637835,0.013789549459642947,0.006193131589766199,0.11749762336378067,0.17950480992459772,0.25825933423764946,0.3834751757842111,0.4853186864994647,0.5834328239040502,0.6562087478943273,0.6843490721163618,0.7747857716098372,0.8108280015517119,0.6870020752716122,0.3941377301897209,0.1775544155112606,0.0853373956711031,0.13374137072964531,0.1739701640724438,0.26650302068821397,0.4129659233425318,0.5406268521390578,0.6380355727374536,0.4903835413613501,0.8034925376694037,0.8672857483092538,0.9085316468680055,0.9539139119704783,1.1341232005864113,0.7429855492624258,0.24919405897344393,-0.01412958350273219,-0.006904339142288052,0.06518038489137412,0.2441842525872766,0.2825285225851315,0.38684289251382764,0.44946473102528195,0.4929144962943295,0.49963871832852647,0.5948007607905589,0.6744323839922778,0.6814985440595307,0.7214761671127891,0.6783406285750191,0.3589592654262837,0.2352591646832774,0.11551463967720299,0.14144474115188976,0.16056623645193002,0.5600687229128634,0.5075108487920332,0.44208514739494825,0.4621533250456301,0.9195481444873508,1.0025168511865108,0.7423404287078799,0.3953043641220058,0.778110072774834,0.6061534284043284,0.5746402870788023,0.8498609784711844,0.003236331574452078,-0.11818907332177753,-0.0942993411380717,0.10802434873351618,0.21363788457789235,0.3575970892098288,0.43989859581952206,0.5350801108118322,0.648753482591645,0.7349337911542777,0.829745427552856,0.9052889840991695,0.9797556122330227,1.0359933891662652,1.1045673985294409,1.1554845572520764,0.4770575341356034,0.0008921422513554766,0.15760705543495956,0.28686382420404644,0.45132070011447367,0.6132665821724359,0.683557942836404,0.7375172735704179,0.783357300667513,0.44218320436957875,0.8114408127629564,0.7860647098402099,0.7762524092377742,0.7537881059948971,0.7182154140229768,0.7150309288046073,0.7523679523233514,0.603012525375119,0.6565959181240228,0.6461992860532553,0.5955303982201372,0.5462867698031519,0.5112603966405342,0.47555201149547033,0.4558400871020585,0.3883854514461671,0.3736822673673399,0.3273075948333082,0.2487701975476957,0.1694797466990613,0.05127544928586336,0.2285848535097339,0.7129866995114106,0.8675581272192086,0.8523479858983694,0.7921002305030473,0.4153880861606262,0.8178706673275509,0.4034785710970448,0.47394147963604083,0.0,0.0,0.0,0.0,0.5351389745697139,0.5891192258699638,0.8175081312773419,-0.09943181554422448,0.3543011429991407,0.6928199291362686,0.7067259102260006,0.7023917694281571,0.7225812277712718,0.8157700300816619,0.9069620149035078,0.9370168031275905,0.9399600196685642,1.0856343922255585,1.0091385396369157,0.952542676380379,0.9448751741194976,0.8943087353691268,0.8461139269922657,0.6358980478057783,0.19464171949505682,0.3949147806631923,0.46602143400635354,0.6093359661895528,0.8605495893915414,1.0748981916184506,1.256505283642226,1.3143581077649367,1.329337571988246,0.4263393104246263,1.363408051743067,1.321014963112038,1.2186749293246562,1.1075383896240565,0.9460710701065852,0.6513543567489196,0.2531315705542938,0.2514214214140943,0.4625107876994262,0.753730568786019,0.9583913006751503,1.0412091348890178,1.1824509902080345,1.1060666446966836,1.1325255222149373,1.0524569578049587,0.9965268601364747,0.8753844070764935,0.7618659069791157,0.6556494110383486,0.548735615528915,0.441664468851827,0.26130143344847323,0.20180418289914825,0.5166356607940379,0.7228236352234502,0.5896120628698386,0.6836113407968208,0.48169965119014724,0.5375457722488242,0.6906536735470616,0.5224280639918674,0.6281572975855068,0.4036954151553039,0.5079990844861015,0.8090035816377437,0.5672496166108814,0.20351878251335725,0.3528739069256425,0.7532173274970424,1.5129896899736808,1.305145335178652,1.2805112025418328,0.983139598491757,0.771847810939881,0.6172090584427385,0.41889330513690015,0.26023986624601014,0.17499966013056167,0.04884132409792663,0.018668617523520115,-0.0920522858626448,-0.1675548207164691,-0.19158908994644414,0.0034631083208759295,0.6227016704569608,0.9683079005411788,0.9336863566340567,0.9182225533417959,0.8350893802264958,0.6349381093006898,0.4724472356667213,0.31210259054849643,0.32663254930987673,0.1617392733438332,0.0825559517979011,0.05371007748382417,0.015147433624739803,-0.011868459348617466,-0.0948853960510263,-0.15058793864232017,-0.07906824721171646,0.21450675626941895,0.500990429339546,0.5927089254445849,0.5942392710859505,0.5738350821392779,0.5208123700505096,0.5468719392190762,0.47602655480622635,0.4955007546812369,0.42136267516335213,0.4384388649013502,0.4273838070141267,0.4129333074969478,0.3838401783176044,0.4000947064503669,0.47219500353448907,0.4929334596036493,0.5766799954648254,0.0,0.0,0.0,0.0,0.0
2025-06-01 17:56:57.851,0,0.0,0.0,0.0,0.0,0.0,0.0,0.8839727851445933,0.5466567863940922,0.27957084208589156,0.10432199530635478,0.028777801772955747,0.02884143147688578,0.13089391153171392,0.17789756726692718,0.2593652449574003,0.3779681686471744,0.4834549142398688,0.5734153698354578,0.6538284232313016,0.6724002611162484,0.7477401654766974,0.783185975426286,0.6566106885796248,0.3700064114457811,0.15875800817633545,0.09799921903711628,0.14853385368996874,0.18705872277308022,0.2800350553888207,0.4199155580934133,0.5335846294912561,0.6465035468504496,0.5650096485746651,0.7926812641547766,0.8590619170442644,0.8868707674980701,0.9340128627731095,1.0754718425578926,0.6758832745717211,0.20024397519372394,-0.014199794507497754,1.5650984042103744e-06,0.08509204621208988,0.25015030864793375,0.312390688839127,0.4144322705798098,0.44807412697865856,0.4972611342576785,0.5082579459242249,0.5897492343342964,0.6888599355592503,0.7045114945334154,0.6990901478400324,0.6803173742045376,0.3057660314998432,0.21356378118864977,0.12017549414226092,0.14922456897078296,0.17430919334412853,0.5686401275123643,0.35953631270439135,0.3704434277009259,0.4371381127906211,1.0596944674347106,0.8922526090258118,0.7851387840070886,0.409378354434397,0.7569091241438928,0.5905638700170587,0.5017157335195322,0.825200430923021,-0.01566139983198958,-0.11198569190892005,-0.09161506677045428,0.10473002030430067,0.21599769745150632,0.35885849974797357,0.4395634682993075,0.5290739147529107,0.651333882188174,0.7282510863729621,0.8198398029498319,0.8971263590192066,0.966286851013126,1.0255701952463836,1.0848635255349919,1.132994173034337,0.449623232221066,-0.008390148106353301,0.14787733953733606,0.2983123672413719,0.45030121514948784,0.6040907274170957,0.6791815695920529,0.7349314423300917,0.7775030943201535,0.4600939082847482,0.8005506631848287,0.7838956667343212,0.7739277400771701,0.7493463350538839,0.71454784617269,0.7017664324873308,0.73137358831551,0.5817457098009534,0.6516086186110299,0.6485374685775638,0.5925171556699096,0.5385681370068343,0.5054472541686916,0.47289695440912727,0.45226108778885865,0.381478329252414,0.3729875702530827,0.3245136285867396,0.2506975839644747,0.16871830478345495,0.05362065586275366,0.21309543137057096,0.6903697985406705,0.8619711187212638,0.8466896233189822,0.7875392667805723,0.4531517902730097,0.8343104604973939,0.2800942403051057,0.3848874457003303,0.0,0.0,0.0,0.0,0.5640715948967036,0.619194731243766,0.7221801430240982,-0.11058418965690409,0.3470470467560875,0.6881190474740584,0.701494336777339,0.7008576764353874,0.7240661696438,0.8195162261990829,0.906427126074973,0.936107832077961,0.9554553427542429,1.101785298430186,1.0108488520321752,0.9631582097769102,0.9507970089757798,0.9014408380991774,0.8560287841699743,0.6414260056170498,0.19266098163365553,0.39302729823948934,0.46582673522397333,0.6164319789787227,0.8648568095569449,1.0773603747577032,1.2669648325374747,1.3243412701843604,1.3353733404079449,0.4611204656617957,1.3689337587629025,1.3355400528682972,1.236503614118541,1.1094926063473585,0.9521889071749995,0.6617412504573368,0.2507590433444713,0.23875795327885985,0.45501087339600843,0.7508817832793657,0.9497140335908876,1.050351475892951,1.1755442688030473,1.1117053536722035,1.13817413762946,1.0556270369627416,1.0097527436913754,0.8836740688955506,0.7710332188058665,0.6609145377299084,0.5568543584552701,0.4476103127855814,0.2680654839638274,0.1777470674526107,0.5153178724255925,0.726059575025466,0.3310841078961845,0.6265479274743873,0.4672722478377205,0.5645167844955621,0.5300825684369959,0.5976789491621127,0.44017360349632767,0.4182984313039764,0.3372868034768405,0.8724754457802384,0.6007913342991493,0.21051698625305387,0.3535633142838532,0.7469343498209572,1.5329860351312887,1.317394872107,1.2879180878010046,0.9815900109055558,0.7814949843557837,0.6302483287279212,0.42415460373626357,0.2460589513869793,0.1902172000681004,0.059476194654168424,0.01731225124558522,-0.08802096108403412,-0.15453641873757895,-0.18900513764605126,0.012804904377937298,0.608376885998666,0.9773044569191269,0.9344986701472158,0.9313570348822934,0.8561718683479207,0.6479615830457788,0.46760379838009825,0.333467832850487,0.4216212914652592,0.1629408216954933,0.08679160604437719,0.052455472845556184,0.024737620787818604,-0.020557333418698476,-0.09254897828046815,-0.15999196314878056,-0.11532500632594994,0.20745460401980942,0.5044051853096803,0.6077789768648404,0.6121032004830766,0.5672428490025929,0.5298149895674629,0.5503295004575881,0.4757834937299732,0.49817576707802824,0.4237188709871549,0.44550885990801703,0.43099234053685453,0.4166406167076927,0.3704854757908942,0.3831231052955903,0.45550407344893473,0.468668253893629,0.5507915397296625,0.0,0.0,0.0,0.0,0.0
2025-06-01 17:56:57.853,0,0.0,0.0,0.0,0.0,0.0,0.0,0.8094571739741281,0.49447701745994177,0.2425497633717132,0.10521500009079399,0.060496295090838426,0.06366358894263435,0.15353982323679205,0.18345656071656946,0.26784050152324557,0.3704100085751292,0.4779750426084834,0.5603429713735971,0.6388953650635305,0.6439120835338755,0.7110906964335432,0.7399651811614201,0.6211677990682167,0.3628696677065641,0.17533649884328617,0.1352238183148432,0.17859922638498116,0.2166996836859998,0.3110273919597044,0.42802790899166876,0.5305554526124898,0.636116203535857,0.5013879584537163,0.7579631128002869,0.820904563962451,0.8388071340166846,0.8865805834430753,0.9629870661947245,0.5657020170642935,0.16508980802314005,0.0009998093221009752,0.02821548429690357,0.12709570506122514,0.2563870823706387,0.35421579158336947,0.4258530612069691,0.4229866076789299,0.4799225045239175,0.4890090429323237,0.57376617230275,0.6738010785838907,0.6522533978293992,0.645932889878536,0.6373740242045098,0.24268858584023956,0.22154282951527776,0.15189209974389573,0.16359772076595713,0.18632297322055846,0.6071563151700636,0.2999492151886765,0.43669749980316314,0.43993712645891747,1.0811362913306684,0.6837146196006231,0.7512003942804483,0.3253551636643757,0.7565719634480359,0.6219025104824709,0.5288914725373673,0.7431563664233669,-0.0248216670858995,-0.0703479576659114,-0.05035063817922514,0.13377712293039878,0.2345119756710896,0.36740885400271783,0.44385658909283343,0.5312782134444121,0.6484595676000049,0.7199726129735802,0.8014262731580872,0.8786555069989045,0.9369029318820887,0.9977719271124603,1.0404411195310184,1.0786628728576344,0.4298433304711921,0.03842532799961906,0.20136249991814004,0.3457608275270281,0.47671907317828954,0.6089982432538359,0.6811079164514942,0.7314865203451295,0.7595164685351452,0.4176840122051277,0.7788039826855677,0.763082428178438,0.7463970782577366,0.7165809429912601,0.6858001468883912,0.6664120161863888,0.7308759525921908,0.6039009915304453,0.6710807925164279,0.6648927167137979,0.5906127987179393,0.530819859464333,0.4951362644649593,0.4621425093358953,0.43433983213159055,0.36440968530519213,0.35183826535934837,0.305345394387631,0.22518720041350893,0.14344514116392604,0.03488455698832926,0.18399370025434408,0.6821343052169471,0.857207018569689,0.8426716939213788,0.774453426501007,0.445777690652331,0.8986168150778842,0.3307646794318612,0.4062898639074206,0.0,0.0,0.0,0.0,0.5361560181645655,0.5453903481761466,0.7152059975226011,-0.10483164776597997,0.32565882802668883,0.6751516044498652,0.6846317960367394,0.6798619207696869,0.7072143095287076,0.795742731046565,0.8830455653229539,0.9116796178117608,0.9466629590566407,1.0941430446898002,1.0090141973830868,0.9682204095868701,0.9627482285734561,0.9248232785908741,0.8923070173129242,0.6979828309818812,0.19629686110811567,0.35284912229737597,0.4315991604579279,0.57401091918811,0.8196957749547067,1.032224468189527,1.236422871441798,1.305468793427644,1.3213197779588068,0.40968470153122655,1.3777464343485213,1.3581695234621978,1.2683739582392772,1.1379209992449617,0.9984477117611116,0.7273763737291844,0.28532547101609906,0.17330274478120988,0.38019090178239956,0.6799330185472376,0.8843794761035353,0.9968178314864027,1.1214772572291025,1.0869246867782125,1.1181415662336853,1.04551863174115,1.0160416438026232,0.9008181405758228,0.7900598360317411,0.6870708180494174,0.5937198803230496,0.48983375052630307,0.32020076074407794,0.15036703762771933,0.4145706690795534,0.6378190988288849,0.25917739232302317,0.6915789812415684,0.4842021966555222,0.5150309430361709,0.41651072038272413,0.5852439748261377,0.3518133031917933,0.5019865540430666,0.3177089808757054,0.9249258903598072,0.5795674587481962,0.24486384929405008,0.3628084182700944,0.7047204168159231,1.420249573278826,1.2201675513186012,1.1869179559002156,0.9068675011554648,0.7268880999587963,0.5901425347635234,0.4305455688656945,0.21940172980417505,0.21539405464901118,0.08714363108619372,0.044901754393136706,-0.03408420693137004,-0.1038911772121408,-0.14272029420531646,-0.016300731117884215,0.5089374672122655,0.8962241798499072,0.857034245926064,0.8484821529193686,0.7803907611522749,0.5782578033436199,0.4141464563771746,0.3113579324353899,0.4210041469980429,0.1596879440551109,0.10357317251912956,0.07257545373796215,0.06291782843126226,0.023439702381015337,-0.02748354116329399,-0.09477512762034923,-0.12388834401022786,0.09970569862290513,0.4151555275797278,0.5326933439504022,0.5341810968870837,0.47937492469229404,0.47056329766054006,0.5002632390023032,0.4391401792511851,0.4902374419315665,0.4297451945538733,0.46109789864429884,0.46812251540900474,0.46501756030926333,0.4246802958796234,0.43184892115482526,0.47126531169246577,0.43002572295601305,0.45794042485730246,0.0,0.0,0.0,0.0,0.0
2025-06-01 17:56:57.858,0,0.0,0.0,0.0,0.0,0.0,0.0,0.7970755188107909,0.5093960404867012,0.25050469428266664,0.13239567384586315,0.0867518365159885,0.07918334827615581,0.16244888514727085,0.18680675626746868,0.2695434895770764,0.36505836732966546,0.47281293301425426,0.5562060060866175,0.6243774763256773,0.6376109745715717,0.7038662699239504,0.7287948430720649,0.6113357390648309,0.36838135356579566,0.19762435361300057,0.15029496072935944,0.1925212275498045,0.22574420380892968,0.3226707015227963,0.43168797548989457,0.533318001195854,0.6246621151844414,0.4533311774965638,0.7423776845517206,0.8013696198357507,0.8195571625385522,0.8676679499675581,0.92377128378306,0.5363252175457853,0.16299212898068205,0.015907498521380736,0.04589097535892894,0.14336223779482982,0.25413746200152554,0.3838098769821616,0.414930585452268,0.40842880309362806,0.48280649759831196,0.5092941193226375,0.5825279425354041,0.6588884576081658,0.618246688060661,0.6154128723489379,0.6266662616687504,0.21721471701712802,0.22191460737651159,0.15273555688486906,0.15069549112717717,0.1761412642948066,0.6052912343587129,0.2761646044085773,0.4946072497922221,0.4116748314124773,1.102578115226626,0.5567097580802922,0.8553585816736449,0.30788130520565027,0.7467462804293954,0.693994973301537,0.6085474648784163,0.735202380677388,-0.01484407115113301,-0.06852693012960576,-0.029843231022986805,0.14419150727780283,0.23780419642071604,0.36941307209855423,0.4540921348905882,0.5402398346527806,0.6533955969394165,0.7342479248204803,0.8073893903492155,0.8893007655737927,0.9422118856905635,1.0036063356228353,1.0424141844732366,1.0870146097371178,0.4488296926685524,0.05594376616357988,0.21671538657246314,0.3679938184407119,0.49056887023049023,0.6145617974261968,0.6886336364994725,0.7376407920416712,0.7574774052570581,0.42694756860635524,0.7759544795967115,0.7621958514821948,0.7406376242799212,0.7122336863844666,0.6848000452032548,0.6672546001433639,0.7431052494038838,0.6290244065272096,0.6731490827982749,0.6673492250665685,0.5896505655876407,0.5301380217524747,0.49535468331170796,0.4590450195713891,0.42565545289892914,0.3613524533909531,0.3440897438858783,0.30144443589179803,0.21940748015236267,0.1413049093617319,0.029299830220042677,0.18068253557629133,0.6918939066775085,0.8626211575846141,0.8419362531601267,0.7724110100380193,0.4373827506218247,0.8529407575926888,0.43906471745218717,0.4053281610036563,0.0,0.0,0.0,0.0,0.567704550384759,0.5071204154729778,0.8705755922326223,-0.09341355885553815,0.31938781763884877,0.6727413368297138,0.6806877815436629,0.6702254322530875,0.6981252528927608,0.7839414997911118,0.8734418669975699,0.9008534282063247,0.9279951376001443,1.0836899075449393,1.0052009379095046,0.9602447242731438,0.9647144367370755,0.9348189917408942,0.9019281036551003,0.7282236009394567,0.20532845549828233,0.33565252053588235,0.4155579124956663,0.5549720983745601,0.7990538407691894,1.0051759175246473,1.2168823025256565,1.2882213318372913,1.3160760384823982,0.3342795956115509,1.3763160826693435,1.3624425125660986,1.2738231681873335,1.1450096795811566,1.0177642775548004,0.7466891088179428,0.31441852756487865,0.15908558618252422,0.35481731749691703,0.6460818141854205,0.8619061329134468,0.975982404677642,1.0967974077756164,1.078011595745746,1.1097473578524353,1.0393473440647703,1.0172666175037426,0.9088747692281193,0.7952693104843273,0.6960069862089939,0.6058572566416411,0.5046278983506941,0.33913816783731227,0.14701090495474683,0.38246410751125803,0.6002755800373761,0.3391445679030207,0.7262388241270578,0.6296827973675156,0.44721897694783797,0.43524797809608234,0.5097044561983884,0.4417537675924293,0.5638073252473934,0.444894868855202,0.8885769547665214,0.5058066472581862,0.2575729355616278,0.36295434530019405,0.6875026515435855,1.350445787181638,1.1791224402308023,1.1438213958548982,0.8763856070967808,0.70738851755486,0.572281384977797,0.44333932766037765,0.21726893152162607,0.21775839222931404,0.10291688302513391,0.06754048876773311,0.000956535048366236,-0.07804593089728351,-0.12324292507856127,-0.01676657215403654,0.4837916045232124,0.8579461369713753,0.8191984970309112,0.805624873961201,0.7225587908731488,0.5462965486464326,0.4018597910252073,0.29794130063881696,0.4242517427761968,0.1567945676192959,0.10893702779488112,0.0795841787729683,0.08221637595595077,0.05044728383414532,0.003683296083237364,-0.06219920900286974,-0.09655923960226392,0.05285872420819293,0.36335474817939434,0.4921027753213324,0.49018781951213986,0.43499445738148546,0.4343209813327702,0.47724173284208526,0.42182173778135623,0.489224994343713,0.43164879730564665,0.4533950856192719,0.4752260436484257,0.48026014544329787,0.4490755321732678,0.46502066106065537,0.497872037980855,0.4382151691132904,0.432733235565673,0.0,0.0,0.0,0.0,0.0
2025-06-01 17:56:57.861,0,0.0,0.0,0.0,0.0,0.0,0.0,0.7884304826817407,0.5175686221053599,0.2583738079885124,0.15415804786990384,0.09028677827745712,0.0692355948338289,0.14545579838084544,0.16611980466026433,0.25084748216058295,0.33840032363396744,0.45426027761580307,0.5409135066952542,0.5928853549503332,0.6214981418842038,0.6843090339955418,0.705592138709785,0.5984644198821231,0.3601189404919675,0.19030569762287697,0.1427239960966683,0.19235093664813374,0.2159737227794285,0.30780924394521003,0.42387540313237126,0.5148675626210726,0.612996755227915,0.5078072565984275,0.7311350841324692,0.782338281299344,0.8023672970841659,0.8527491234200697,0.9037743543197722,0.5267885646787644,0.15835782707007928,0.02313296820086952,0.03983458727580169,0.1297602128248787,0.2454222091385112,0.3746346722943754,0.39024254959346427,0.40237801581446964,0.4744054750056015,0.5378927778135145,0.5819590540508875,0.6286857243641429,0.603616980031396,0.6004986275935063,0.6345755176888268,0.20330201224233535,0.22015065034172226,0.14037683674937884,0.13204846662866965,0.18335848544639122,0.5458254820341877,0.29765134357910816,0.5053058856795045,0.39009291261676404,1.0228109264470517,0.5265859143762659,1.0441233694967353,0.34953278564327933,0.6516041834494392,0.7369491521259557,0.6716504833103906,0.7496865626358555,0.0074108807482680394,-0.08981223123203674,-0.03792883587435991,0.13327363143975401,0.22846442788581944,0.367579113910405,0.46311234671608936,0.544853582714804,0.6652724080152699,0.7523518480926741,0.818522981690329,0.9093411987324974,0.9619324076925981,1.0261506654101291,1.070189716957373,1.1144343020616665,0.46847056973914875,0.029438344011067374,0.19859659268553354,0.36191838211033533,0.4895940602999531,0.6146612016971189,0.694601728435158,0.7464534937330902,0.7692677757303683,0.5258326603857322,0.7859412501962004,0.7825933347582336,0.7546185107885716,0.7271928113428036,0.7074655522367934,0.6893670555862822,0.7520294330917322,0.6364151333900568,0.6586568501026098,0.663420628639783,0.5924581616749369,0.5380304940850416,0.5014056791921986,0.4654644228078948,0.42673409117881334,0.3705922810557758,0.35900571213594024,0.3142650134964835,0.2348819600097818,0.158212554342115,0.04481694243629242,0.18655762766127482,0.6774777216586731,0.862348909444622,0.8426498509115543,0.7721602770260181,0.4087893199332772,0.653614404125969,0.5515802486815697,0.35379954019724846,0.0,0.0,0.0,0.0,0.5119857906858587,0.5546021302057766,0.8354837265710716,-0.11472704845088161,0.3099392492852074,0.6684584071208741,0.6786653650867898,0.6650819464781174,0.6942477413600083,0.783610407703067,0.8728676869297418,0.9105284053105809,0.9259617441022758,1.088264103372906,1.0071800463579508,0.9602014120321707,0.9673488136029138,0.9387635669806766,0.8994983855789478,0.7270726140570329,0.19561440729526675,0.3291653086718028,0.40669697662103177,0.5488045000278035,0.7962374700889943,0.9957657397653832,1.2148224045165992,1.2796612929564055,1.3144669360470755,0.35022604528666607,1.3720578072896443,1.3543919122384374,1.2719031458166195,1.1283416321701698,1.014932162292595,0.7390266918952315,0.3236406519213037,0.15846543764866483,0.36131392106083837,0.6336667307768147,0.8520277097389215,0.9718729236831083,1.0822556286610743,1.0766899730668504,1.1035017770976503,1.0350340070871007,1.0138496121143326,0.9041918240343568,0.789382083988026,0.688553855082527,0.5997449244929564,0.49936686006198483,0.3353001464167276,0.16053598897902674,0.4037150509784242,0.6024679882360643,0.3687332673469964,0.7497075431840826,0.7719247597202571,0.32222180752828655,0.4730201276906158,0.44102133754431627,0.5257919798653148,0.5888389729060886,0.6132760572587764,0.7881172803693606,0.4434142285394338,0.25756963477191813,0.3603289717463945,0.6864605096856132,1.3475072147321243,1.198302914017839,1.1464888778305142,0.9016818347771642,0.7244203822311077,0.575409362527306,0.4459285925712473,0.2348879852510195,0.20169381657621144,0.11084844662606308,0.08034116285322401,0.012379749249295857,-0.06357795270750022,-0.12678939763495134,0.004619879634765012,0.49662795402137333,0.8589946200585338,0.8293691768141891,0.8139640172962644,0.7224835902002813,0.5643951272037167,0.4237302770714002,0.32043317223388135,0.4827707063262493,0.17416360653255425,0.12506663654721284,0.09199585676174027,0.10388165019478113,0.06482203174416534,0.02113642152808881,-0.046972319282267416,-0.061125987646277136,0.0629389179233687,0.3772503480783021,0.5064107204997271,0.5127090510123145,0.46083579659087537,0.4640443407769874,0.5065390511456127,0.452672669131597,0.5078008806026386,0.4544660628751669,0.45352626946172747,0.4805716168872478,0.4844517890189589,0.4494697926047375,0.48426902063602634,0.5367934751236965,0.4739007674877679,0.46059275509215114,0.0,0.0,0.0,0.0,0.0
2025-06-01 17:56:57.864,0,0.0,0.0,0.0,0.0,0.0,0.0,0.7907163881506765,0.4909973159168669,0.22955999757557344,0.13972642574548455,0.054028136315985686,0.04139705753262113,0.1263421423429657,0.1509907303380974,0.2382207852381747,0.3213585165890187,0.4474902809297247,0.540587133174985,0.5838102618235239,0.6198972809898164,0.6763644780904222,0.6944127611679953,0.6009061425225006,0.3527890075649284,0.16527536060802706,0.11409443619390724,0.16794603904297745,0.1953119567790269,0.29191208954452397,0.4107541841217752,0.501582995424041,0.604779234881375,0.4574295164287274,0.7332219740543128,0.77778023932823,0.8087592478107032,0.8650422551108596,0.9197662953290752,0.565331908786546,0.16835293140906787,0.011134080311036132,0.010363351592316938,0.09258329604493487,0.24480855093756237,0.34727994153652086,0.381710105306891,0.40394332904195807,0.4768526800488755,0.545783929513924,0.5862861118394115,0.6208482801493348,0.5849650536121471,0.6110648417867169,0.6560422350960133,0.2472629652773437,0.23514292667652914,0.12946408852609892,0.10590030180543408,0.1864827991477893,0.5497369937318433,0.34277650455728415,0.49103654912617883,0.4157585327515342,0.9577952158725789,0.4774323353650768,1.1100321342941832,0.3219860502547937,0.6004217431097141,0.6871868909523571,0.664012207590274,0.7420610452833369,0.04940756110901445,-0.09963522719686535,-0.058221993514595116,0.1212155388941698,0.21804525981801448,0.3560556314899994,0.4492657168422285,0.5332471434212411,0.6595363381031083,0.7450601180672032,0.8066313856221814,0.9065074700972514,0.9608399574517978,1.0300862147202363,1.0826847767691379,1.1204468768533506,0.4843648402289989,0.028079787575910786,0.2021534255134141,0.3548222240525132,0.4859819043224307,0.6041509351379233,0.68802320766261,0.7427174993599417,0.765029385818565,0.5606959875915658,0.7863178432561344,0.7883486300391164,0.7548389589569541,0.7269677402004563,0.7168142372043096,0.6999867179218326,0.7779729363065119,0.6557278510065195,0.6571509773930506,0.6704794019414628,0.5906901415600128,0.5436793497053436,0.5023834900490298,0.4692584859930058,0.422827689749399,0.37175758160000894,0.36167234709757357,0.3135191852485939,0.23348392233339932,0.1598117361144632,0.05649577295090935,0.19449191049831555,0.6794008568485642,0.8663961126874709,0.8549658902403041,0.7736882684985171,0.43671599210011164,0.5047634767494451,0.6634036775788092,0.40439521696790603,0.0,0.0,0.0,0.0,0.4126257725359498,0.5184383823278911,0.7020640589464137,-0.14326881067850727,0.3082336373202756,0.6704662480649632,0.6812755743727748,0.666000012899504,0.695268194881649,0.7831302054882887,0.867646606019985,0.9090127583610701,0.9181007740876841,1.0775293827528571,0.9931727649809323,0.9470267881676429,0.9601824474517788,0.9314313068126092,0.8852345798842416,0.692018442556275,0.18242583173687338,0.3270338567340616,0.40719981657297133,0.5425404734682906,0.7905009753923002,0.9821634587141328,1.204502810560777,1.270400423514445,1.297143689362424,0.44409085378745156,1.36068381253438,1.3332074719239713,1.259733054151607,1.1027304918033587,1.0024039992884377,0.7241325005417886,0.30833971882364913,0.15592525742000707,0.36910733267063744,0.6362637966469982,0.8448298959525102,0.9527622611512558,1.0669739312095428,1.065395650428912,1.0818692388323652,1.019465213667571,0.992029918443591,0.8842691929383112,0.7684005199378555,0.6650832586650155,0.5861613402706505,0.48482278369345355,0.32507009464382436,0.18042791088574328,0.4261287987126464,0.6072289058430921,0.5016101994359455,0.8329507057549473,0.8571491812305642,0.18169662538590292,0.602223392326162,0.43066241615038525,0.5432419779569093,0.7391672154735323,0.6974395833817291,0.7662867857179367,0.42610531309831445,0.24617130288630557,0.34978894622343165,0.6879444352920242,1.3628869353584048,1.1992876443515361,1.1406985050529133,0.9197612681212646,0.7347296828092713,0.5560453771308334,0.41790118375076957,0.2307247180635641,0.17995506109582227,0.1101209519252071,0.0713829865243476,0.0030158564923826736,-0.06848192471886327,-0.1356508231198425,0.015319672140122698,0.4992275680034866,0.8618982380647051,0.8328937054235566,0.8147743812262064,0.7244220576461273,0.5522553205497496,0.41549633567491484,0.3194943674043933,0.48746528261930455,0.1803697069007908,0.12980060965237583,0.09333177434566498,0.10298514929400138,0.06637492676148915,0.031092630026315682,-0.03206675376504503,-0.02848945786561008,0.0597764534770282,0.3923392474002219,0.5129228228676774,0.5258860152215215,0.48691212066394796,0.4823031896959169,0.5210951481947619,0.4735074399010035,0.5151204189440417,0.4688718054173282,0.4555133132485596,0.4848259840185847,0.48593976672430894,0.4488653827536806,0.4978355343561283,0.5527263893918244,0.502613550574125,0.4859832432467732,0.0,0.0,0.0,0.0,0.0
2025-06-01 17:56:57.868,0,0.0,0.0,0.0,0.0,0.0,0.0,0.8213020617404339,0.49410013993180657,0.23075041112316652,0.1468603535996219,0.036542974933767125,0.038873142468166866,0.12926344576554938,0.1676359829716132,0.2510291026554108,0.33439967395129266,0.4569896778819768,0.552780337589949,0.5935497620832053,0.6312297596467732,0.68814998996492,0.7060968242924567,0.624179596681942,0.37466043321084724,0.17407563109930535,0.10834342677551312,0.1605651976063318,0.18826625653775308,0.2936873304388692,0.413234647682025,0.5116206249096342,0.6022292690544657,0.4144489470489193,0.7459227349838232,0.786363657767142,0.8272347238053971,0.8778952211203124,0.9561470659965524,0.6329597014527313,0.20603420374929066,0.026262123546743843,0.023292310174313213,0.09074056344547476,0.26730777401360784,0.34255684999614266,0.4018516859299519,0.4343383589601071,0.5135987614911937,0.568393150845536,0.6146255036449823,0.6342082279079605,0.5838429438104147,0.6207319679963057,0.6694260656407427,0.29496219074207014,0.25456495015193953,0.1363224906730608,0.10869406644471535,0.19166860051045287,0.5221735517238204,0.3843211719106061,0.3863235052753337,0.4861546743135886,0.7665748069598293,0.5599845588150639,1.1262504658947339,0.29258444681008466,0.792752169515919,0.697824012293299,0.5599331895049735,0.7276852643299823,0.07924989904123039,-0.09324187936457629,-0.05303520791347083,0.12200425836349815,0.22325656731346322,0.34941768700588227,0.4399707924401357,0.5280795748208116,0.6464924778098495,0.7288114870098534,0.7883898123478297,0.8955750530260352,0.9526539982441129,1.0259210904011875,1.0800960887596123,1.122715216909432,0.4871104984088089,0.05304265597271851,0.21333874715004741,0.35638597828404217,0.49035888023134633,0.5955296769044867,0.6865761784376856,0.7447576830724434,0.7592995134604072,0.5770099317807602,0.7884902727780958,0.7826787334144908,0.7538919059710297,0.7228209622318139,0.7175006492590961,0.6956791336126652,0.7918408881110726,0.6725470138144979,0.6664301811378501,0.6775458786702526,0.5925926363406229,0.5507518014932222,0.5081306600797606,0.4782465053822831,0.4237145346686002,0.3817269024570096,0.36233105221270967,0.31402218440000085,0.23820803197820872,0.1622532507712252,0.06670356101714037,0.20882012174751852,0.6926833434646349,0.8720660006140102,0.8660372740799267,0.7827161032013619,0.5092730280952031,0.48690086110882697,0.7676661311595225,0.5026024592902242,0.0,0.0,0.0,0.0,0.37007354777459633,0.469735341307661,0.7728688927692303,-0.1563712144238696,0.3107092845986433,0.6762595374946822,0.692162832989283,0.6781424569711433,0.7079364967171773,0.795716744670586,0.8831249292322396,0.9181128164371728,0.9193109815594918,1.0786792806896672,0.9893464338691431,0.9401291793898403,0.9597125617627349,0.9242428893348276,0.8699408636766186,0.6686242761462124,0.18403061199647097,0.33784455581563466,0.42030593732802024,0.5500820831000921,0.806032669062714,0.9866858778592333,1.2108782183670597,1.2830259593242903,1.3012909149224179,0.5314460919907555,1.3673727156131559,1.3266367117467324,1.255521629036589,1.0905975185479138,1.000518330737192,0.703199097411225,0.30261755382980465,0.1613759718983402,0.38396417665538773,0.6535509781305515,0.8609487591209937,0.9533880008804834,1.0835237212140973,1.074286064795846,1.0785958864410992,1.0310283041951025,0.9870923102534324,0.8786825868882943,0.7633256892843013,0.6510161409485693,0.5783957458403804,0.4746301717737178,0.3165993749042768,0.2217137368662925,0.457738613687523,0.6282838978446871,0.7391681725851651,0.9189299191630692,0.9371936622358169,0.21089358877027264,0.7454516138676588,0.5403719302003547,0.5725545260465219,0.8557696515660296,0.6974683109748601,0.7867347561700477,0.39365164075306347,0.23866122460270484,0.3542594709604168,0.7169131000289382,1.4068452638250522,1.2125084823803198,1.156295439232374,0.9433075626223997,0.7570470607994617,0.57272098094173,0.3922970528942873,0.2423822234058841,0.17387474826224514,0.1209802564159268,0.06197737507923784,-0.004231942529785981,-0.07959838989020473,-0.1384118169332022,0.04265864049236118,0.5349135920851973,0.8859820348256647,0.842901731507308,0.8381461974473651,0.7336663180569769,0.5514906932743582,0.4193702808795001,0.3161282327198993,0.4785074810645039,0.18446777668318193,0.12109073135298387,0.09576205268606897,0.08241568318907133,0.06120199789715797,0.02891872184733746,-0.03816057092276681,0.00727609929198858,0.05904564578690508,0.4019388904591045,0.5143603976392173,0.5291387140374233,0.5048528188937649,0.48309061409332776,0.5225653956048677,0.49132883317801723,0.5145219282267273,0.4819419985223703,0.45998258206952847,0.48108752852705927,0.485378740536449,0.4522619636602998,0.5109907176950816,0.5579190846073852,0.5312982165885026,0.5050718203679434,0.0,0.0,0.0,0.0,0.0
2025-06-01 17:56:57.872,0,0.0,0.0,0.0,0.0,0.0,0.0,0.8103048321303445,0.49985136247291206,0.26123973520676236,0.18517677416026257,0.0700466288487992,0.06538533741564667,0.14176333599203128,0.18561489286604482,0.26663414352755954,0.3448977945233954,0.4539656994341242,0.5461621326847718,0.5814721596626318,0.6134792704823426,0.6698615732856571,0.6823166758634188,0.6189015072729599,0.4074811196462714,0.2199603632381535,0.14985339112961282,0.1997142888144703,0.21670607370523753,0.3095922777956972,0.4254375022439385,0.5156602191446096,0.601225943190586,0.5981108484833377,0.7333798998188098,0.7692024179252359,0.8066011785249777,0.8363233115792497,0.9155874596884134,0.6068131314148393,0.23161270893724606,0.08677064232318799,0.09644683135258059,0.14733062449813938,0.29361310471967017,0.3440070541897473,0.4251158344460477,0.465244729379394,0.5295723779941304,0.5652750154767632,0.6114190200118449,0.6117428460393153,0.5718297546491642,0.5919009660680572,0.6297702128762812,0.2759836167545353,0.26837377704148535,0.1596725798567088,0.1485036874993073,0.22072607167163683,0.45002683062270216,0.4711864574556307,0.2923348858278721,0.5623379330532543,0.5979179674933746,0.690420613336787,1.099251608792795,0.35012554788794165,0.9768615587411537,0.773467531537319,0.5560644838496439,0.6910760137123362,0.07181242254192255,-0.06827237417807519,-0.022929316612677386,0.14135924920253706,0.24266217862884698,0.3633901979354792,0.45492649687707876,0.5356796351058244,0.6423997978486651,0.7226693748329782,0.7820973371710165,0.8847359180261835,0.9420871949828793,1.0162943378199,1.0606503865679136,1.101621424156461,0.4641909467770809,0.07536095799541764,0.22940104247977322,0.3645204027729261,0.505387054228293,0.6040431452280544,0.6961050633715007,0.754198964473392,0.7646528070678233,0.72118405670318,0.7908728987412239,0.7774162594909174,0.7512111790165957,0.7184415331204027,0.7062807615147779,0.6725468114667174,0.7790296515945132,0.6734446007259688,0.681062333550976,0.6794217581587041,0.5993248375743125,0.5593723885163315,0.5141310486490331,0.48473354839246685,0.42585483624931286,0.39221845517032783,0.36468060096497035,0.3167423712489206,0.2523534765193234,0.16774690328134245,0.07066018005214691,0.20607563189046257,0.6732182361976641,0.8594753952075791,0.8568117727511722,0.7818548278159176,0.5187063230065647,0.4712667482422373,0.830606047960369,0.4921906150153681,0.0,0.0,0.0,0.0,0.281971953287557,0.4659606586642769,0.8488654694523717,-0.170741972903468,0.2881350592327189,0.6652391861873845,0.6901540693958363,0.6744009495275759,0.7078864614715368,0.8028544296812961,0.902015306101398,0.9412396691166252,0.9355461925420494,1.1024973277252164,1.0112278589859582,0.9620740894753907,0.9807941756994125,0.9405096509388498,0.8845634704898824,0.7027791298970079,0.1793073618024547,0.33063437944533647,0.4059475797987311,0.5383729332566498,0.8101952165611659,0.9922952865135923,1.2210074714665118,1.3016768846358497,1.3216208451675044,0.7084315518804636,1.3942285762226034,1.3470105745953025,1.2820814970890586,1.1113264571806813,1.0309365079930581,0.7250089254120039,0.3234143273281195,0.12422976005009112,0.36325841415184723,0.6275877097235867,0.8470396381551315,0.9470372860563263,1.0876281863223096,1.0827755033938542,1.0879560858950277,1.0605076636367259,1.0049598287708887,0.8981532100287569,0.7878536524458662,0.6726563095155491,0.5953210720787016,0.49259360402191865,0.3387197282987852,0.24866072774482226,0.4416390838832591,0.6139566545844849,0.7965210872125305,0.9397714486209156,0.8779078385628961,0.3600314654415858,0.7170130018040359,0.6783127218359877,0.5747368308721652,0.7718241905650207,0.7305824852388072,0.8035332834328213,0.33390417111185633,0.25758581130402064,0.3793621161902376,0.7290249459809377,1.4066225812776925,1.2090189841260663,1.145603419565305,0.9478859798658545,0.750139713577451,0.5983395583873525,0.382364276727172,0.26936318053659103,0.18026258762669767,0.14111574089531254,0.06860673077928103,0.01648890307520312,-0.059951966941265256,-0.12657367264545372,0.05504470665792832,0.5350353461596997,0.8797796105749845,0.8427887394004094,0.8501908250583218,0.7336779741009833,0.5643621294257062,0.4322067006732728,0.32435029503215196,0.5290650458585815,0.20248477579399182,0.13001768591404894,0.12252666271305945,0.09528764933932543,0.08010686086840779,0.05530377728362712,-0.021599094488072845,0.019955371720519532,0.02582629544972781,0.39011954890843564,0.4950840791749864,0.508375180038718,0.5020183196892964,0.47908199062566115,0.5186783944514743,0.5148571689088133,0.5178429378983957,0.5100282251003974,0.48484011708585073,0.49942060225689233,0.5108315415880506,0.48278328820880656,0.5461028214601973,0.5778330172304933,0.5300007133942094,0.47776222344715724,0.0,0.0,0.0,0.0,0.0
2025-06-01 17:56:57.880,0,0.0,0.0,0.0,0.0,0.0,0.0,0.7839059060181075,0.49070955285550844,0.26775959688336426,0.19440114028332556,0.09455679453562471,0.0783890793639056,0.1492791328144193,0.1871991602474532,0.26588205166252743,0.34556742959477127,0.4477135611264154,0.5334883113429334,0.5705205277419865,0.5937704021871449,0.635496440570217,0.6490876818745454,0.5959435768828344,0.4197143246877831,0.24922565871161884,0.18181022252954893,0.22789981765413847,0.24488368138927652,0.3263520783020821,0.4310443055158826,0.5131758610480883,0.6100179155204453,0.7332651514925157,0.718490714096862,0.7513532506031828,0.7836277356518103,0.803680880806366,0.8633663371608112,0.5372583923717189,0.2279256463367838,0.11535139011138007,0.14590570682641135,0.1936426616814697,0.3140041649345482,0.33394452396921714,0.4303956613711559,0.4671363014434702,0.5221273150601455,0.527668004209273,0.5640592242813461,0.5887355519616293,0.5472476118161766,0.5730856141564066,0.5816990990500741,0.26587408208706503,0.26928369114622663,0.16061478542623475,0.1694072053374125,0.22771267973281906,0.4830642584648234,0.5731797644649358,0.33709629694674853,0.6300653459964546,0.5772338396896435,0.70622452853681,1.0722527516908564,0.4277766683432596,0.8945530550278299,0.793767883873119,0.57134781646018,0.6745093985866368,0.045295211773880184,-0.057207534315442676,-0.03214765921006135,0.13741347109172541,0.23759370580244377,0.3672105534200474,0.45660582813665807,0.5251543512339862,0.6310680622419318,0.7130184350779729,0.7768492102487776,0.8677559456815643,0.9279937065778414,1.0011761391109972,1.0465633572109372,1.0726864915170207,0.4468815536883312,0.0759292038683298,0.23995365514261469,0.35731550977105564,0.5046754729731762,0.6058143453654288,0.6905144478893006,0.7453608554370841,0.757121897684921,0.8008809581685976,0.7798502477729901,0.7648838287695131,0.7360770001766191,0.7055168413904195,0.6830897725440312,0.6472633912284014,0.7695272371290476,0.6728858107064463,0.688957323092509,0.6791615986668995,0.5938913147358262,0.55263393849405,0.5045150892481325,0.4697766543471551,0.4149083175774828,0.37855340076242805,0.34951171779616064,0.29500975476330993,0.2414585594616654,0.15075743717772305,0.0560130161411978,0.1900094827489856,0.6612499587193126,0.8452140977086082,0.8454210599121943,0.7709881271735364,0.5321184982576921,0.397033141901117,0.7582796290472724,0.4182278778664372,0.0,0.0,0.0,0.0,0.2631274212262361,0.49688441953517953,0.7339654044168352,-0.16734336643787007,0.2751625496870805,0.6563148104450823,0.6798516470170037,0.6644099893794851,0.6996961966516368,0.7966636835829111,0.8938355064469592,0.9389754073796412,0.937432876190031,1.1043238028043159,1.012944286697524,0.9685483323260693,0.9880746038469732,0.9497771087078355,0.8980559392645808,0.7258563453366,0.17357619507486627,0.32138819565344334,0.38822978291812404,0.5167987423603817,0.7936353882182188,0.9862269823084273,1.2078314727946435,1.2979757138491135,1.3144446532971619,0.8939625178548387,1.3942601146909084,1.3510611569620736,1.2924002079562216,1.129016804512141,1.041861829155802,0.7515829440796863,0.3228160981647259,0.10017872331933564,0.3384788482494122,0.6059228262410781,0.8239688867083772,0.9312899573234439,1.0667438201298913,1.0656176725386255,1.0812108775163654,1.0585266206999076,1.0008876465150376,0.8995947969125268,0.7954472043114825,0.6838272598140172,0.6009916584872186,0.5015159094723053,0.3524052998075781,0.2338433328224642,0.3990245092924011,0.5821492058541627,0.7022107108650291,0.8804708994425728,0.7638605811132427,0.430565093094054,0.6888384455894088,0.7936662229123669,0.5276939155269842,0.6906611043322555,0.6806633257903674,0.7740537568351589,0.3197667441577734,0.25974978578093594,0.3751137201944699,0.6988825440880646,1.3583612110636925,1.17305197027687,1.113420916006226,0.9155695613719259,0.7181200116500597,0.5794209241694812,0.35493028320855524,0.2576461511901469,0.18053798796426257,0.13470879562460825,0.0518261612751707,0.013249332277505355,-0.05192820127912956,-0.12169385028979257,0.03145351279059111,0.4986631879473809,0.8533756593855604,0.8269822378621248,0.8188860296451655,0.7150566076016609,0.5496691058197851,0.40980189697749014,0.30213672975472994,0.5113315258208566,0.19805967868835306,0.1294310231788054,0.12956976924440622,0.10094259100190628,0.08655608315316643,0.07217566936356168,-0.004670962253125743,-0.0062145830171727034,-0.013065297009987376,0.3712854257920655,0.4703595757662491,0.47167854919962404,0.48011668193642154,0.4594744252348444,0.5007633771623177,0.5085894901919017,0.5086342228386749,0.5145914031144323,0.4948090238735685,0.5069996071392897,0.5178693476369215,0.4932049120229529,0.5499221375749139,0.5609881908496758,0.49979419789111457,0.4383113969000385,0.0,0.0,0.0,0.0,0.0
2025-06-01 17:56:57.882,0,0.0,0.0,0.0,0.0,0.0,0.0,0.7930695932451014,0.4965330030444508,0.28023189871935306,0.19048110047312317,0.10414917328807416,0.08385799765608948,0.15449881148640687,0.18560295599987708,0.2635174946219988,0.35013300820308,0.4508092188986294,0.5226986125112224,0.5777850760210239,0.5967258812809086,0.6289716164525551,0.6552642271423621,0.5998245983294105,0.42604086558511084,0.25623551470113315,0.19050194095249628,0.23552973412722555,0.25198732586538153,0.3439514230606997,0.43604245922856255,0.5203521318737292,0.621013322539566,0.7155443256566648,0.721104024646812,0.755809058216476,0.7823149099521395,0.805853329754374,0.8639695965821876,0.5120369993379219,0.21984379596460235,0.10676541451887456,0.15458681021297327,0.2232083057951897,0.34243203300129776,0.34349321928737186,0.4409034277381192,0.4665264183348796,0.5273169924749346,0.5255870764547621,0.5324817554750308,0.5995473853216539,0.5530062044415365,0.5880666035294396,0.567432076089665,0.28790310413237236,0.2636105632618489,0.16276611629321103,0.1811290382599824,0.20524177125233023,0.5291061229933021,0.6468029326967047,0.39075398766986086,0.6609939844324805,0.5522096870293492,0.7202693619222605,1.0452538945889176,0.5339332773425929,0.7488251592581476,0.8234323024025043,0.5270866583507756,0.6857186773147212,0.012066069894012349,-0.06131264573227968,-0.05214811822846266,0.11088445965080695,0.2221417195741595,0.35781212463932377,0.449150162379768,0.5140862961412831,0.6182857126439874,0.7044123774003248,0.7739987268422746,0.8617653681011631,0.9279601484817492,1.002346509848731,1.0551296235528618,1.083169995682137,0.4471487590487217,0.06657009961978455,0.23017532489222492,0.3420820769389188,0.4945964149367008,0.6008606588146619,0.6860477600572099,0.738333680815149,0.7542551187419579,0.6986861757139562,0.7816689762138247,0.7607014090843937,0.7345150484926356,0.707219301467871,0.6806198994896608,0.6458181178455672,0.7641845668099896,0.6609923012831339,0.6858110437718441,0.6721572188666112,0.5897705237989499,0.5428065847545331,0.5014695023523066,0.4626804731985392,0.4178523730885144,0.3768903784286839,0.3452556114297216,0.2906411314457855,0.2434441231564295,0.14983153536596305,0.05684744661799457,0.18416533948721348,0.6570179102987033,0.8353612761477013,0.8427758392004767,0.7629281307378288,0.5922090353961069,0.3968299930461236,0.6509023877809847,0.3766542324663934,0.0,0.0,0.0,0.0,0.2931219349782488,0.6028871510133897,0.5631643436226818,-0.161200090729627,0.27028027961559237,0.6515018635524003,0.6768636701569322,0.6688489345795449,0.7041093189527639,0.7991912316057761,0.8948643622080361,0.9391271893398838,0.9479618072652851,1.1101398093492807,1.0185314969553607,0.9761990547581687,0.9940767298099735,0.9533956181419458,0.9089934736548346,0.7430560941618454,0.16447262316897598,0.3198100817140572,0.38124966123027093,0.5100628225490869,0.786165444729183,0.9900017937471248,1.2021071089659796,1.2985667116367698,1.316990004465658,0.9195098729801767,1.3933206075307072,1.356409102618703,1.2958593054456589,1.1444771631411728,1.0399382326550137,0.7571669827431655,0.29440549237800895,0.1006479201850713,0.33185559913206875,0.6089207024373828,0.8263580454063137,0.9382624692876751,1.0625993921640746,1.0603474156887802,1.0808698004989163,1.0570101811386947,0.9918204677029769,0.8948058396379494,0.7948781293369124,0.6825986251593661,0.5963669193189876,0.5008847194445673,0.3495940350713491,0.2172296677133342,0.38070816445699074,0.5743155154955047,0.6464474034201713,0.8611498312470752,0.7561429283704119,0.43546816950245937,0.7498064972321639,0.9383804709175568,0.542841078336388,0.6665701809861182,0.4783895801837913,0.6978506346719257,0.3518846059568519,0.2500206306738633,0.35928876476039967,0.681886018190215,1.3326435368758502,1.16288131298184,1.112036074103675,0.8903921212549237,0.7203229027204656,0.5784514516022443,0.3423550780864786,0.24814604983670163,0.19914214318306955,0.13826631560667169,0.03690325776590764,0.006275965960707897,-0.06207224079418627,-0.11404987766564006,-0.00014224189722189529,0.4810770194367577,0.8480429565413677,0.8219810400595327,0.805509984487698,0.7196393133649506,0.5491779955617568,0.4081344987252178,0.294164617078569,0.4081879921919822,0.2009987550852419,0.1334687956632441,0.13669737084936417,0.09558923178595846,0.08898663177794552,0.07682603295550205,-0.007698458065642344,-0.03558567214588443,-0.02837794089886969,0.3770215564434976,0.47059614974530084,0.4672992089051211,0.48437766221853873,0.46087176551523035,0.500005641738696,0.5130813708731778,0.508404728275166,0.5202468950257473,0.5063071126275105,0.5182688823329424,0.5188400054561925,0.5004041247017628,0.5328027672534281,0.5294710729189596,0.47691750787542364,0.43539890321047703,0.0,0.0,0.0,0.0,0.0
2025-06-01 17:56:57.886,0,0.0,0.0,0.0,0.0,0.0,0.0,0.7840551362647098,0.49304281913027237,0.2885037896560102,0.18356479735902265,0.12331221276920645,0.08956458694736102,0.1523910786839361,0.1833550235981607,0.2641490532353893,0.35226703386259983,0.4515000696374695,0.5159933754610192,0.578430314354623,0.5972112545167102,0.6337872916117386,0.6566387531546062,0.6007031471635157,0.40961170542499975,0.2555257014386577,0.19049237349502157,0.23921377533472699,0.25443861790472355,0.35194092251158615,0.4392007395573636,0.5279271494534572,0.623682791175227,0.73686427111474,0.7245124253203757,0.7607760134368515,0.7828468021511651,0.8066130778636835,0.8634840086110811,0.49283278279450077,0.19959363130946361,0.08970273779151461,0.13231625931914603,0.2445887394136821,0.3579651116912479,0.3556902085404545,0.45917887770842714,0.4680925284946684,0.5300128343306483,0.5411081187357913,0.5304701566078277,0.6109997186211633,0.5809537853645024,0.5977714991749863,0.5656167236389611,0.26748846403306786,0.23758608451938562,0.16790518925230247,0.18057456707266417,0.1803220125490661,0.5186486920286684,0.6733055734401368,0.4149942001407148,0.7186084074237219,0.4815016481269535,0.7870544416799126,0.8843094655864754,0.6660763316994631,0.656257339707939,0.8599539430621965,0.6140133001068377,0.7032641440582807,-0.025508205685653096,-0.07625094187327641,-0.06300020508241966,0.0889549808765755,0.21005992644198312,0.3448662729809526,0.44097916345379806,0.5133964403331435,0.6071906159680294,0.7003243018037513,0.7687760166481208,0.8638634693287658,0.9287722782450574,1.0098488392995715,1.0596399288096245,1.0960457597696167,0.450914492790549,0.04897816012724443,0.2085452685153546,0.32686466105546197,0.4862813038111897,0.5903939346625156,0.6803872044973827,0.7342978067268202,0.7578325834422943,0.7072129637350879,0.7895117356379329,0.7600915048829454,0.7348370449574789,0.7150883743509867,0.6859441755356437,0.6513657847140373,0.7559613294009809,0.6419002082769564,0.6792847978266181,0.6495348210740433,0.5861575544398072,0.5285470668494681,0.5000033706249227,0.46394753128356436,0.4201805551140241,0.3822204239632865,0.34326292027518757,0.29898451902329826,0.25422967239960803,0.16089303812035782,0.06286649713506964,0.18152828136373728,0.6454343976492813,0.8246376809253911,0.837890324318878,0.7544463806756807,0.6345376155348128,0.4738154088158955,0.5704952371037155,0.39837973650291225,0.0,0.0,0.0,0.0,0.221639703586909,0.684517950971077,0.5285586420921328,-0.16514331757854323,0.2712620731883019,0.6483006612617987,0.6793011977151653,0.6632654554435437,0.692454463815787,0.7943453409637591,0.8929594886721879,0.9388478735821804,0.9377480173572148,1.0961447128103732,1.0171429197748632,0.9785442164063112,0.9910573877261131,0.9448992312894842,0.9046033293360087,0.7473806710399022,0.15656710411604113,0.31994067383036784,0.37489953546200105,0.5071364060527688,0.7810525340935606,0.9818785623514636,1.1907276450078728,1.2887664513162023,1.3171566918864215,0.9086335831482066,1.387064734233399,1.3503314838396894,1.2877773643952644,1.1455137217563078,1.0332115038349525,0.7534788597942206,0.2724919041444185,0.1109071518918836,0.3366199713175365,0.5960114619763468,0.830596663806288,0.9416377767375501,1.0504980361047025,1.055920834415936,1.070875722085432,1.0525297979207915,0.9767406468277935,0.8852927852377922,0.7883557669093085,0.6781617652682788,0.588184537895518,0.4990448997934578,0.3362335950663221,0.20818385140145093,0.37986608262865085,0.5744289783242883,0.59810360129192,0.7420885836807417,0.6057581630765758,0.4552750570579932,0.6504878166056687,0.9165710453617525,0.6377244024587603,0.6563544123273468,0.37167571876155303,0.7125753403579669,0.3370072722849763,0.23895544095399573,0.3482989632494263,0.674489899009687,1.3309965973734177,1.1749361657574473,1.1003399395204982,0.8534305271568847,0.7208554998494041,0.574630012531467,0.34418505622924234,0.24344827966468063,0.1920946733516764,0.13703902076270902,0.03349123055757497,0.002711471491810502,-0.08684983722665707,-0.12127990406634653,-0.023879028361830312,0.48312876358515505,0.8558773376810812,0.8283413644177862,0.8117558656692433,0.7191990013263025,0.5459016920161797,0.41068908844435037,0.2928861881510454,0.37499824459318065,0.1966672309784998,0.12949549239275115,0.13024583737998685,0.08598587556729542,0.07964801005519118,0.06018460138218895,-0.028680103834627158,-0.06510714058899447,-0.016041014230848583,0.38964819564620995,0.4765540534166811,0.472775709325965,0.4923237757127965,0.4709560807511519,0.49543519690202475,0.5169109142206534,0.5020396798657685,0.5123421876383596,0.5020721819509015,0.5192383769772853,0.5080733161174565,0.49843607938047385,0.5105511494490012,0.5111296500489253,0.4594144672150703,0.4392380012067487,0.0,0.0,0.0,0.0,0.0
2025-06-01 17:56:57.891,0,0.0,0.0,0.0,0.0,0.0,0.0,0.7619357803975623,0.4760391051953743,0.27812619055570553,0.1741849920230475,0.14955323518577102,0.10199440332739329,0.16195052827853618,0.18887039019861906,0.27158807268269036,0.35348151009094075,0.4559436979743465,0.5237938843725972,0.5759162965169784,0.599980801903571,0.6310368524831933,0.6515789245926475,0.5977023496919244,0.38484403505184545,0.2622294476311635,0.19147138703990219,0.24362804318512232,0.26363876932332864,0.3555082188724976,0.4443429428934398,0.5339999012781351,0.6306464921458705,0.7799374805944996,0.7295716673829101,0.7611481691832476,0.780162111616464,0.8081039398979657,0.8542847483197483,0.4572326761338021,0.17128545900705372,0.07997569967895701,0.12069788993264607,0.2387769905542605,0.35014652263750534,0.36721458080528757,0.46463193913014855,0.45421380566692116,0.5110629947118468,0.5679335017386546,0.5229239797261852,0.6171410636027669,0.5974101669600593,0.614753347882819,0.5647253140307564,0.26715558591198535,0.2044928502580146,0.1785714338323584,0.17854592596882468,0.1723714823067175,0.4811952057205103,0.7023374006956353,0.501116614451429,0.7385867619744969,0.4484684960998361,0.8116776851119296,0.852276556056494,0.8038327094838211,0.5335123382001028,0.7452442276359598,0.6528790322135032,0.6982629427488563,-0.05940368006874121,-0.07828822108631428,-0.07008434182980161,0.09300534664531601,0.20900075575317967,0.3466805257624139,0.43734272133090957,0.5141251234341082,0.6054661203632399,0.7051017487431335,0.769234467612744,0.8671550120043136,0.9297825594093283,1.0076740944862599,1.057185324755547,1.0812581550115377,0.45375781935324916,0.016159201138154722,0.19895628015926592,0.32247440394732885,0.48762259486034876,0.5855676621473629,0.6732699623801564,0.7312273909790519,0.7612042917876407,0.7782124370007975,0.7902275198116069,0.7618436605202256,0.7327391681195389,0.7198589337878593,0.6859489568460275,0.6610212106142299,0.7552306965599864,0.6364368398802059,0.674477610204522,0.6344506142267445,0.5771940234782205,0.5170336993240239,0.4964423295758902,0.45826923731422964,0.41504749641952343,0.37757486817762786,0.34497488140774335,0.3024969595411886,0.25779638731877985,0.16359255642803505,0.06264409605698051,0.18016672541147982,0.6413654611525796,0.8205137051638194,0.8330958753574944,0.7498882847029962,0.5658803591755925,0.4515795424491556,0.45647458284573034,0.4006539268487078,0.0,0.0,0.0,0.0,0.1961301876207524,0.7228658756791457,0.5903970522095533,-0.17208071874877384,0.27681787421053666,0.6487948887761859,0.6776472505683317,0.6536501873413051,0.6847350947390136,0.7885885415959304,0.882213329423402,0.9398679102864027,0.927127618491776,1.0773038422950005,1.00998809652447,0.9783967796491586,0.9837990603445366,0.9373371724822144,0.8960914251412835,0.7329333477897044,0.14366279034257612,0.3179496917084548,0.373563034693533,0.5075795072376938,0.7830009901445807,0.9815474212862534,1.1845483552997425,1.2897451365332924,1.3179517180821463,0.8426102166469631,1.3817413070377755,1.345642881794478,1.2828268265467908,1.1424302044536372,1.0198567671066394,0.7469354100796671,0.24980699846614446,0.1219587994433935,0.34473626612186636,0.5919536003676311,0.8345791497984512,0.9471599179852348,1.040272139170768,1.049156923217217,1.06981770166664,1.0427970391333692,0.9767525953670435,0.8803020334120514,0.7835674244920733,0.6795458269641652,0.5848952093562418,0.49927054009166916,0.32794884366101906,0.181558363037163,0.38168755281690914,0.5767234806897851,0.5020519729581763,0.5650336476356682,0.40477414533951117,0.36072110804083957,0.5768758011308082,0.6642400188892827,0.6460200570564743,0.6643930071546931,0.38197488336495156,0.7146222340340733,0.2822420587844061,0.23186300222437223,0.3281987787470518,0.6578078990486282,1.3161928280043156,1.1850175098443463,1.0855438541550289,0.8325261379567004,0.7249530466131733,0.5658942875005555,0.35037218179271457,0.25792881725352745,0.18828516589045763,0.12371966765746367,0.03680459765785038,-0.001587821132438716,-0.10248249791191666,-0.13442962967513555,-0.051873820825378614,0.4793493781107339,0.8559007488699372,0.8336295809673557,0.816216989476448,0.7195841190080963,0.5440487945433805,0.4163229381525231,0.29427236070751994,0.44353697847889506,0.18201844134366585,0.12531685012756166,0.11158145664247754,0.08578065249717926,0.07429388359590128,0.0436723578802124,-0.04348205832547991,-0.1242283345193515,-0.005817966604017122,0.3863169398695934,0.47513943112934554,0.46869365016223474,0.4826316677842024,0.4747247149673366,0.49133270257098527,0.5076865309701359,0.503769812934459,0.49905292073523455,0.49516180460301906,0.5159011105487168,0.499128016071129,0.4870380819889404,0.4921660620110175,0.47283697417391835,0.4156187057763622,0.41680304638936927,0.0,0.0,0.0,0.0,0.0
2025-06-01 17:56:57.894,0,0.0,0.0,0.0,0.0,0.0,0.0,0.7965190287479474,0.48333030675289057,0.2614114080093829,0.14782276067173994,0.12084970796741723,0.07923327655731571,0.1547105576833009,0.19001332827227424,0.26810105119729777,0.35033499801463586,0.46569594807282827,0.5445737925042621,0.5894598241056601,0.6280089077404036,0.6541178438114025,0.694293184183892,0.6172251489240302,0.36833650123711675,0.23390763796919856,0.1547929333349668,0.2014284184561388,0.23692139278533886,0.34133878551611385,0.43966077781770596,0.5357148489788615,0.6391991138650299,0.7626797030695038,0.7514756522636733,0.7813266919435116,0.8049840568938399,0.8489932790686143,0.904609676915496,0.49244780536630045,0.15550351666939133,0.03758149762377383,0.06893117262117232,0.17834121333004704,0.31005029133969875,0.37348647277863933,0.45680349416580746,0.44209629961365327,0.5231130541971587,0.6102358853698788,0.5133063084124388,0.6551489067654562,0.6399542940000695,0.6588961743931268,0.5970613746327356,0.2959434121424526,0.16451081395840478,0.15185764613435904,0.138170081299422,0.13686786498045733,0.5607471763387795,0.7633783312925211,0.5975320003255697,0.650154780650285,0.4390151301471755,0.7344624613078574,0.7239511777214063,0.9387711412290318,0.4333879284173884,0.593587188943391,0.6890115204683445,0.7627451446236675,-0.06437766375326755,-0.12023188391996253,-0.12372908210030187,0.07733326075006652,0.19183322390224156,0.334241121298567,0.42710421538473575,0.5102350723077524,0.6149268200721598,0.7200480246182159,0.7829298247307976,0.8878162771692818,0.9562448139734336,1.036688070285228,1.1020574170586324,1.1275244809013076,0.4736878262589906,-0.05282403363436439,0.15033063177515316,0.29406112083694635,0.4647150775579789,0.5709417742413612,0.6663185322328338,0.7329780366694187,0.7692446756512703,0.6361985822484852,0.7999581063379644,0.7823700443503362,0.7532240668023177,0.7451781789655124,0.7135069282931508,0.6966240765503501,0.7442195865961578,0.6042685811021585,0.6363901434204946,0.6161922542521661,0.5619973781225422,0.5055515664297345,0.4884648939150127,0.4539942664886083,0.41938174255345717,0.37737603262250574,0.35845979974615405,0.3161151060713794,0.26396185526029625,0.17834176407596447,0.07327846391524429,0.18069382779509918,0.633152053883648,0.8118835682716355,0.8245570960564812,0.744836731488169,0.5362424909760686,0.3640120145415537,0.3521888249259291,0.3038246618911985,0.0,0.0,0.0,0.0,0.3473821945821445,0.8353875663882144,0.5468360700384435,-0.1699485138415251,0.2852410690103863,0.6511330241328849,0.6774273754913065,0.6594005527785741,0.6900095785215217,0.7900369026649383,0.8793879854952777,0.9499673724954301,0.939964687905102,1.0784471171452892,1.0090703133508834,0.978101892674893,0.9768506786267763,0.928755215530811,0.8862180119933813,0.7015504424378121,0.1330497150420097,0.33323544347695266,0.3944013202260508,0.5332282153929062,0.8119537173544551,1.0091353676598782,1.2064259799219217,1.312722328773955,1.3306422696284124,0.7171228090000068,1.381398753915939,1.3473971716533635,1.2747532223174955,1.1265046358107957,0.9885339449354119,0.7155012072353806,0.20757416123792072,0.159283323029763,0.38371136659790583,0.6501942397958695,0.876816052993481,0.9852362434841619,1.0658825204453146,1.0610050008448935,1.095696695199274,1.037440071696342,0.9824913149272074,0.8760410932011568,0.7671983836410387,0.663593831226492,0.5662566337214247,0.4781103412762465,0.2963430975856321,0.1538829681543767,0.4395166061918562,0.6355047582991905,0.43235396459862085,0.49110057178156286,0.4634990697004069,0.22773851031958237,0.7084486675991144,0.4669308632755578,0.5691510580675743,0.683208831262119,0.4084917843639849,0.6682569707702702,0.20312687222832612,0.20716420610595004,0.30036569582453093,0.6665828225100948,1.3731726172945646,1.2354984898835377,1.1314160313875665,0.8836414683523159,0.7671437460837705,0.5726869203162717,0.3506393412455453,0.2660008256532058,0.17693358263502645,0.10308684057908479,0.018277765606517726,-0.03474013843468715,-0.1320086706119843,-0.15486131695296557,-0.041798073801881275,0.5358977297848353,0.9093363564256456,0.8776433780950716,0.8726226464657015,0.7713974169038698,0.5709985988549144,0.43430120113230974,0.31054003310676315,0.5586940836011313,0.16293091230844503,0.1092881428467194,0.06823475845952998,0.055988712999763046,0.02688133785725111,-0.013395474899113746,-0.10019215983716251,-0.1799065297267391,0.0655449018662817,0.450102183982744,0.5328569261863082,0.5159096390593008,0.5202696630857042,0.5074531619371951,0.5227785157940574,0.5052401212964441,0.5046652071141184,0.4726697818465031,0.46938262802716824,0.485855515649668,0.45250518513685856,0.4336385794416302,0.4310411446529862,0.4017890386590879,0.399686176102488,0.45282415628236716,0.0,0.0,0.0,0.0,0.0
2025-06-01 17:56:57.896,0,0.0,0.0,0.0,0.0,0.0,0.0,0.8219655368406814,0.48215161444342525,0.25479885060544405,0.13229890236039898,0.08209937943338419,0.057329609396130965,0.14036940508536355,0.18896778943088255,0.2702059500625623,0.3539275248041249,0.47251728022161227,0.5653537291011698,0.6057214376165856,0.6464214992274591,0.6858531865274483,0.7270588684977886,0.6386694055937461,0.3664480626210735,0.20054693979613825,0.12658021328601177,0.16295302939196454,0.21209346129684747,0.3250773459308429,0.43424666595062544,0.5412302127008897,0.6366752513275438,0.6871302160534065,0.7665639448039335,0.803972154529196,0.8263404524078656,0.8789199178148845,0.9375127884112852,0.5335982793959515,0.1383899092411356,-0.011801042312241772,0.013908445707281336,0.12622280596936553,0.2790177025116374,0.3786402851975017,0.4444556804905684,0.458447325904523,0.5314519426851094,0.6368815730247173,0.5175218298931296,0.6759048068451144,0.659168247457641,0.6629724342272627,0.612749723777616,0.29127781521916496,0.13262580283055922,0.11708080400798171,0.11426892405674316,0.10836466212923268,0.6213868888402359,0.799384442001124,0.5788289497659247,0.6473695121866481,0.36733043217646877,0.7017812578761845,0.5672987909653061,0.9384088818549718,0.5034333239109148,0.648833535928502,0.831986471541009,0.8233348286327802,-0.04396550043014347,-0.16399217476060157,-0.16520490921882325,0.05595936289371761,0.1759321283965969,0.31803753799622325,0.4120658617699817,0.5050278032412037,0.6152384014549082,0.7268845041071119,0.7885215304779296,0.9043585540145812,0.9775710526494705,1.0659673154425375,1.1429220621270457,1.1782213712937937,0.49535509922506166,-0.08905080709752322,0.09962771038235241,0.26472597607297055,0.4424680389897262,0.5546511228116979,0.654659036158642,0.7316799182637275,0.7727403987940209,0.5785760570974341,0.8049361940621886,0.7952665997476459,0.7660549412969401,0.7603688433211656,0.7361238700931605,0.7107823881920559,0.7274748402806809,0.5660188850457454,0.6061563244757706,0.5933893341283139,0.5487811999014129,0.4940697326782868,0.4791705909877968,0.44841722838139475,0.4176774969040744,0.37516204244155227,0.36055751636937083,0.3256106234171381,0.2603478943109869,0.18932670971645071,0.07883426004123373,0.17556014861093355,0.6132151235904443,0.7978810720952078,0.8143527117793474,0.7313261805154281,0.5726236977828032,0.4555672362311753,0.3917667800261309,0.2845698192855616,0.0,0.0,0.0,0.0,0.36343169569438394,0.836303506905941,0.5260105659640508,-0.16157033333274623,0.28159491113215523,0.6494656014954241,0.6742252655658534,0.6601132463105882,0.6836773912375953,0.7794562252071067,0.8745781210191055,0.9509123840822413,0.9409805235935451,1.0759963999140139,1.0131156032161095,0.9826584844058162,0.977616455579744,0.9275523722318539,0.8899304317715797,0.7082223377414014,0.13563572675533608,0.33356811234774575,0.3916239067795946,0.5373579772754664,0.8171794245036741,1.0062213563474312,1.2103317872212784,1.31458081209922,1.3368895097879443,0.7252655190784325,1.386404575492501,1.3523164904122114,1.2712555153002365,1.1216975465067387,0.9810591625358279,0.7059015092669793,0.19601573703225317,0.1568210683911535,0.392092408247373,0.6620782941519991,0.8837747573037475,0.9934929481359929,1.0798889922872266,1.06649632270271,1.1092028232504387,1.0311743678144842,0.9874325625322302,0.8725892921428092,0.7582796797318027,0.6567907753756383,0.5606525491664693,0.4681203847603872,0.282837753015663,0.1293042537838475,0.4630778427684845,0.6624607220982871,0.37892266873293157,0.5056138105806416,0.5395838280653852,0.16900008356102614,0.7470847889263914,0.4089352789934141,0.5081475432083407,0.6539854930038649,0.5039619940731231,0.7620229119260284,0.16821992371373815,0.20848838706877887,0.2954294345237726,0.67791561415451,1.4133719830558222,1.2534760138358807,1.132421229297067,0.9146539912388856,0.7790631688152068,0.575320294306219,0.35185887316827946,0.2644891232992488,0.1549681585639453,0.08147247625785692,0.015834974533917356,-0.0536867193344035,-0.1504575656528957,-0.15942247611386967,-0.01607236815752333,0.5710399708977629,0.9318776970726806,0.9012859488084819,0.9100401390029554,0.7866655885066891,0.571740037076538,0.43232439122601973,0.30751409718904044,0.7142217333297878,0.14571443802109352,0.08203176711164106,0.037530466412039276,0.033828949441073175,-0.009387329102422681,-0.05346463468660734,-0.13899526345473256,-0.19627972725815748,0.10325855641583259,0.49108486439985904,0.5593780485762209,0.5403417533905848,0.5341173344288295,0.5127856714654744,0.5329079582913723,0.49067130723174057,0.4874903072166099,0.4457213412271588,0.4367421444396906,0.44836236244662064,0.4086503458224108,0.3991230355629226,0.3921628417244772,0.367017159905479,0.4015738504449581,0.46830382418009386,0.0,0.0,0.0,0.0,0.0
2025-06-01 17:56:57.902,0,0.0,0.0,0.0,0.0,0.0,0.0,0.8150433576292164,0.48247799411841896,0.2572648030283433,0.1327201919399642,0.07951425593736838,0.056808970992881735,0.1368228793535361,0.19016460060467955,0.27371532580730606,0.35849023659282364,0.4705610320477083,0.5698680901256973,0.6069478067041687,0.6396769385248054,0.6895537846464267,0.7208615424417611,0.6350392969528399,0.37500760011701834,0.18731895118704933,0.1310204904951785,0.15540873916281628,0.21012477317868972,0.31932702189119566,0.4320469131147131,0.5423521848347768,0.6287804959859997,0.7233906751461079,0.7601997898872687,0.8095098903441664,0.8226249370695883,0.8732824416369398,0.9205050889106031,0.5234189802967142,0.13165549111813352,-0.026097652522855674,-0.008345267431773218,0.08668043919867419,0.249908412804273,0.3823589775760152,0.4369522592600523,0.46493500013538847,0.5240494678099397,0.6386294423299861,0.5381028055058678,0.6677652095886238,0.653666764281746,0.6340322777254497,0.5960959029260708,0.29254031168767813,0.12155128489998412,0.08604728320306543,0.0981560954279368,0.1113952689042712,0.7318090940466737,0.6674901086315664,0.5568622617379824,0.5974412794539032,0.3326731180303657,0.5847052172401547,0.5790276142553297,0.7322293316462298,0.685262832724872,0.8696883027458171,0.9268855445687434,0.8418037934848477,-0.0063509166423359464,-0.17612628122614804,-0.17905431640968583,0.058961635868266304,0.17259716112959023,0.3143136765266086,0.40528456630309373,0.5007812701700798,0.6107324006207562,0.721808473568712,0.7865465865729626,0.90952012341478,0.9782173490967225,1.068592994876723,1.150155458869969,1.1986891409246028,0.5043578023626996,-0.08364213262343556,0.08717956461925147,0.25458879852401184,0.4382149461921714,0.5537728611535822,0.6443605590808437,0.7240164711720594,0.7699433227536943,0.5854113707493231,0.8001224764888146,0.7933928077794209,0.7606178677636696,0.7628838704802566,0.7319249472697562,0.6988455557387265,0.7195556237444545,0.5539492124088164,0.5931315118566247,0.5818197864449892,0.5318758936665919,0.4830401341838806,0.4667052869254493,0.43596203076289175,0.4081044423303595,0.3661361833708525,0.34916428085183826,0.3187266618465945,0.25414837735418394,0.18882225683547615,0.06937916276754885,0.1632830167275781,0.5958710651689216,0.7832036883660128,0.8006843359361553,0.7155443780055033,0.6579970748237636,0.6023092061082447,0.5467387022071697,0.44516051003757573,0.0,0.0,0.0,0.0,0.361087886678372,0.7956405499485368,0.6640669393598457,-0.1426237583192797,0.2693886257949199,0.6463290690356184,0.6651568032892381,0.6477371443411163,0.666544620447951,0.7632547759309027,0.8655207861397223,0.9395220824564277,0.9224722961733614,1.0565938166266413,1.0103555658870396,0.97889943655271,0.980197101207781,0.9332010895344633,0.9071304034547891,0.7457938125969807,0.15250921658222572,0.32020619493175184,0.37167202263099974,0.5152337716988764,0.7910485747478233,0.9827749398146866,1.1896185483788746,1.2923845154643383,1.323715494270165,0.6928272355993252,1.386520996365788,1.3495500836511405,1.2696830331449076,1.1306975128061572,0.9956377404205382,0.7250762750723359,0.22522631782644492,0.12204564996611234,0.3687990212923592,0.6347978076056038,0.8539115116999736,0.9626419462235332,1.0617777955168677,1.0463834490323751,1.0993892855639507,1.018561056265435,0.9868246293606009,0.8741015901906547,0.7637762775428772,0.6699576562665865,0.5735334330217332,0.4765145464987962,0.29727071637257,0.11192599521643373,0.42091084521983446,0.633317231925783,0.3468130212539723,0.4275936860299282,0.48995927796844363,0.21050324086722372,0.717988244603488,0.40053169987521453,0.4757959523988992,0.6493335677887107,0.6947300398072619,0.8882997162622683,0.23359079813458408,0.22135166502623732,0.2962433388951827,0.6602320592821946,1.3744475699935872,1.2173788301463364,1.0844514179627662,0.8961286947308502,0.7560303315683601,0.5613660019029809,0.3482306070101109,0.2649693075140931,0.14235960874663056,0.06735125977316847,0.03566855945157221,-0.039974442287834866,-0.13612549716799582,-0.1641476848844164,-0.019440720138558742,0.5265117526194327,0.8959931356254025,0.8775038237597246,0.8793978410721505,0.7449855677505137,0.5376700354000934,0.4134065075369804,0.29275622832846815,0.8453502867040218,0.13444442144774627,0.07989252281365866,0.03937992200645524,0.04632426826938907,0.003509973012592038,-0.03886871569052042,-0.11786529858814199,-0.17700865134793808,0.07323508507551435,0.46577129197270334,0.5258184787856108,0.5140020316130254,0.5048368085014048,0.4873253998957552,0.5050066973727352,0.4639879714849475,0.48430902596306047,0.4371278570222643,0.42674949378472293,0.43788312389659323,0.4075346529974958,0.4041886406674464,0.4098105706894793,0.37763493702829876,0.39107174367086817,0.43971780110062775,0.0,0.0,0.0,0.0,0.0
2025-06-01 17:56:57.905,0,0.0,0.0,0.0,0.0,0.0,0.0,0.7801798414622397,0.4864839012274096,0.2971577231830722,0.18748913559366076,0.11256109499821576,0.09516198318046742,0.16116244449511508,0.2007133979195308,0.26965923649990897,0.35137273094428245,0.46220215262621495,0.5547726195000136,0.5820823962910247,0.603549633370156,0.6510700224794016,0.6925214890818501,0.6108999565287319,0.4107511531115436,0.2215867758156712,0.18551845456449867,0.18288264906088592,0.23694463758095496,0.33717502819748835,0.4449835280666712,0.537941101034382,0.6231375052886483,0.7001330503634318,0.7367692774431834,0.7865254208911485,0.7839144954399461,0.8264826577723032,0.843488202887491,0.4426793206218587,0.14841442724883708,0.034650974072341745,0.05309611989522245,0.10629428105100036,0.2623624218088054,0.400790514462539,0.4409980243838749,0.46299709977066383,0.5164973669177395,0.6118674516803049,0.5427951971933279,0.6307307698753598,0.6157148580445044,0.588033806997724,0.5461744413406027,0.27580095759910006,0.15599186230478718,0.10536010978410637,0.15642348671699047,0.1564766205449799,0.8407850564313211,0.6000416628015971,0.5089079952735389,0.5814640027088169,0.36709212680732184,0.5862008880604702,0.5417795409489089,0.5615250260460187,0.7998248991858976,0.9537790542508933,0.966437861932387,0.7821888298379491,0.016656578888349316,-0.12175937760922195,-0.12954681894841236,0.1087824968297515,0.19726695297177566,0.33217127187087003,0.421335230444579,0.505187238416041,0.6226326536680371,0.7233328340892133,0.7838481295819162,0.9021947020697904,0.9691516689142918,1.0504469619822414,1.1285983618962119,1.172079407900555,0.465460803429706,-0.06077765428610726,0.10824152843013235,0.2734304706288837,0.4538290013127171,0.5789133530441308,0.6583567253791394,0.7293373957796447,0.7689069508126012,0.6174751793745812,0.795179359138678,0.791318254645231,0.7559319523823945,0.7553183644177338,0.7155167026967,0.6768977344804324,0.7059510887748012,0.5574260533067009,0.5935228104314385,0.5995912141171773,0.5355814865618769,0.4931177251892167,0.4712731091104003,0.43088118647474305,0.4162012350746178,0.3656387765740341,0.35532173572962167,0.3141580937126953,0.2581995704710036,0.18820203617009212,0.06098642852063252,0.15416308727101113,0.5840394678313825,0.7761612282764093,0.7938258300328782,0.7100120100418383,0.7462636732994012,0.6199022487900305,0.7041695526553495,0.5577229125216477,0.0,0.0,0.0,0.0,0.41823807647838795,0.7838843968518276,0.6908413647618193,-0.13788544756433246,0.25390999821659127,0.6416017493189294,0.652204718664384,0.6452617603013983,0.6693528529152912,0.7593670644267811,0.8689287540504451,0.9392883104924614,0.9337054242937035,1.0636694878107806,1.0213467827834464,0.9858164471229323,0.9918315649262761,0.9463237028968317,0.9359174283878506,0.7766490099195957,0.15588361551824154,0.29734934516292144,0.3492205555984258,0.49517898198967747,0.7747056847686233,0.985196956342282,1.1861456544593438,1.2947697041409845,1.3214269566822197,0.6195790693423173,1.399871282385353,1.3703031119050366,1.2869155336271383,1.1500723183580552,1.0193773367487566,0.7576703024337731,0.25348429505249265,0.08728512096284491,0.33551915804670307,0.6181167646966437,0.8252546770666958,0.9458657700781388,1.04758896203281,1.0322362835437005,1.0978997972685915,1.0134008575348288,1.000110429733529,0.8815532502089217,0.7829135783243321,0.6894520806339097,0.5935564064526921,0.495415107767346,0.3334744319363989,0.09437113508076686,0.3709662448666009,0.5861149798700679,0.30123100787966783,0.46226045539886873,0.47562175744678314,0.33731053021519686,0.7993114571138291,0.5196659039555369,0.5631652688705411,0.5652644325837481,0.8819390624510549,0.882464450468603,0.30276107898581217,0.2430953006818966,0.29730808910377565,0.6417766079017692,1.3145214274965964,1.180107099766459,1.0636501575545534,0.8883924052022323,0.7363739998912944,0.5557628971832442,0.36109635294468734,0.2790796367443118,0.16264725112074907,0.07709298823102206,0.0671634302530213,-0.016192943325506026,-0.09539982635798017,-0.1495866987712688,-0.04093767520656094,0.4445445010348434,0.8429822819528033,0.8405236665037523,0.8311561735191425,0.7171577733867662,0.5275331513988109,0.4143772165907993,0.3059947887954664,0.9198430492957975,0.15675048190312713,0.11508133181029745,0.0761693627964033,0.09557111722096245,0.04400831514097081,0.018361915699505404,-0.05923084745927759,-0.14330284361995743,-0.0056527084901902835,0.4057713639434672,0.47670727306629623,0.48130760616033097,0.4653523454927211,0.4620309324980203,0.4979966449424571,0.4531989188979275,0.5173318368700914,0.4549823211354518,0.45171957496058,0.47322304614656585,0.45813603747418885,0.4551998531562793,0.4691805359968824,0.4192470036512378,0.37243556287989077,0.39619666160707223,0.0,0.0,0.0,0.0,0.0
2025-06-01 17:56:57.909,0,0.0,0.0,0.0,0.0,0.0,0.0,0.7332115489627854,0.4617020373875761,0.3016108118231986,0.20860481195690728,0.12895883400851915,0.1200585622770417,0.1758171009553543,0.20430296966051542,0.26500319227631663,0.3495323012437688,0.45811322837137086,0.5438802315934617,0.573378005171034,0.5868541063197529,0.6345007385002647,0.676816667377174,0.5824504492643978,0.4199728624054458,0.23544100155846193,0.2130293085011793,0.1970757120431499,0.24689237631562655,0.34877219689159045,0.44818612759020526,0.5308252256697017,0.6118551435342547,0.6882498909829848,0.7133575474674586,0.7724903602781359,0.762522762158863,0.790361624262965,0.8048791889599332,0.4083024791905167,0.15631415189743653,0.06820251740512784,0.09062712937959483,0.13724300143225632,0.2826423535902469,0.3875888953999276,0.43849375734927065,0.45080627631632275,0.5174497547355246,0.5470165463219863,0.5334861251937485,0.6114769492385853,0.5816560008946041,0.5524821164975855,0.5038387002860998,0.26924146978200447,0.2005415022967072,0.12472239922437423,0.18478860096265715,0.1830597424203373,0.7748280956272375,0.520417378585209,0.4797176541249057,0.5170521200358745,0.4261086604713187,0.6626791616908835,0.40032095655496613,0.5014247311608682,0.8111830900100817,0.94666441555937,1.1405095311150748,0.7224356259934803,0.02432208408400366,-0.07934572162006548,-0.08530731343515008,0.1443239125488407,0.20998114152881375,0.33711228044599073,0.4306719329097519,0.5073546544185965,0.6253490096839152,0.7192967278957314,0.7799482816144578,0.8892088697305808,0.9567519474889803,1.0344066080355223,1.108270946101022,1.1464385015985887,0.4379060111055793,-0.02837470913235718,0.1236639742110428,0.2868400187545992,0.4551940600821236,0.5943980733756975,0.667017874423955,0.7265322340520965,0.7655873552853072,0.5586186140066047,0.7871211339100441,0.787854300589459,0.7487023635384166,0.7504534857354958,0.7057406863299247,0.6662450674875713,0.7040747078648281,0.5599186181916961,0.5986541966643184,0.6101633676922373,0.5457346675801091,0.49748677420768916,0.475038369319035,0.4286247351431065,0.4238618870494453,0.36517278064495007,0.361166261096709,0.31415488450244977,0.2610434629759282,0.19257164806024452,0.06550637093739142,0.1630058400852672,0.5800397347595546,0.7736202817018213,0.7949312516070286,0.7066824402920195,0.8697776479207622,0.6687586399468646,0.7658672617213917,0.49640295171246185,0.0,0.0,0.0,0.0,0.4772387033378612,0.8112395923771558,0.5866639451353789,-0.14800178231729466,0.2405503713506733,0.6377216995877146,0.6437912667296029,0.6438575055285355,0.6696275373710363,0.7525892233313793,0.8647809723653079,0.9335343514103465,0.9370412560278698,1.0713173117684276,1.0276167540815804,0.9881490744149071,0.9926743994339073,0.9560727682278021,0.9552038623708918,0.7997590751612127,0.14979847191034457,0.27828456351872044,0.3330303193173536,0.47396220340672746,0.7504192942878503,0.9820216463604519,1.1782960454087785,1.2758012571093473,1.3090959473779427,0.5446424356124491,1.4009440977750454,1.3832818118292192,1.2904155321533013,1.1626588330736234,1.0358317297485624,0.7826401210101801,0.273108299342486,0.04427938411874177,0.30140059512665085,0.5837822844973564,0.7946746505458147,0.9220430687362902,1.027353808779075,1.0119923411346952,1.0844512507263464,0.9968492123679136,0.9894694921090039,0.874433249147219,0.7895862655181355,0.6952240872752276,0.6010643010079595,0.5040161656292699,0.355318491205544,0.09690874008209718,0.3339714207271113,0.5404134321551018,0.2643600247891549,0.5330210641812226,0.5753553113794351,0.4226268327571012,0.8226509502475641,0.7099020866933307,0.6504918598408922,0.41692749262224443,0.9706581371590784,0.7369379404561833,0.3964839574124547,0.25771748287768875,0.29640146049237664,0.6267967841136408,1.265679692709502,1.148536185819619,1.0434290133679514,0.8643881456632103,0.6986286178983339,0.5244270351536948,0.36988685783074904,0.24991701873309702,0.16158421442548887,0.0757707516767443,0.07575441671110439,-0.009278348569309092,-0.07299954820701893,-0.13616412078495121,-0.06034294236328419,0.37247733252703846,0.8032562414095649,0.8068627012887466,0.7959226843511619,0.6846193939614598,0.5201801659079659,0.40712048819841207,0.3100783272519254,0.8636163920273422,0.17880992076179303,0.1383350780813819,0.10950690999132062,0.13243063788719056,0.0789861300367477,0.06747736105866198,-0.004358833931926875,-0.0995712326918396,-0.08127782543489193,0.35986305451158024,0.43137974491930053,0.46021429210888387,0.42245475692229495,0.4362572645528635,0.49691970600163726,0.44546614833567943,0.5292181550401234,0.46023874813237464,0.4696431335258955,0.5044446479589177,0.5031489622580932,0.5071285310438771,0.5180110705419276,0.4747516356943807,0.36193122603512584,0.37002445036277964,0.0,0.0,0.0,0.0,0.0
2025-06-01 17:56:57.911,0,0.0,0.0,0.0,0.0,0.0,0.0,0.697903934098856,0.4518212309310834,0.3206900771537955,0.2441887700425791,0.1788814942749558,0.16245866604041648,0.208027165222472,0.2226529096415628,0.2833173781701229,0.37437675286131833,0.46544557259337876,0.5442265219797102,0.5743305949135775,0.5772003541615275,0.6216333018038208,0.6482105145460728,0.5646191692711685,0.43027230773659525,0.26516523331196573,0.2563896273722909,0.24566114517501214,0.2885600467028915,0.3761018524636066,0.46454334886120496,0.5495432855934148,0.6186670825824674,0.7466223365277918,0.7098668786683474,0.7701976837589513,0.7534888578050343,0.7697001388842641,0.7802566568215226,0.381077067691389,0.17409211161418964,0.12259934409733464,0.14778237967102315,0.19475684023224793,0.3385713405524011,0.4011596953830008,0.45917989937630455,0.46798287793964843,0.5370110481485126,0.5194940647730757,0.547519817209211,0.6070974697946776,0.5538660512871274,0.5302854105492794,0.47378773598820295,0.28006725602968774,0.2519535945423107,0.16092985758055944,0.2190256671433588,0.226492026952118,0.6559634635716927,0.3540489796379387,0.4220232055913686,0.5262787749184562,0.3624076879588367,0.621618518464506,0.38972254629732794,0.44901525341985354,0.7925225385436563,0.9898486100552262,1.1377225580218955,0.642879342814441,0.02147719545256807,-0.025947780808357468,-0.03967176889492641,0.16168853841408315,0.21463086043975732,0.33937501723651753,0.43584819507551176,0.5034516593409706,0.6102353556470101,0.7012022250133156,0.7701255049233757,0.8662531445095666,0.9304533640574792,0.9964954057399866,1.0647238712607376,1.0939984413763573,0.4268020919674332,0.018658087371801968,0.15110028260783448,0.2966124421091054,0.4630424774647868,0.6019541255805896,0.6608764482993537,0.7086244525541461,0.7530143220244236,0.5148529155184016,0.7700974983032232,0.7675435903399342,0.723774114537486,0.7319126606324612,0.6825033552445663,0.6427404851623041,0.7209224261588365,0.6003744452918153,0.6290384290981081,0.6279168983942014,0.5578979910824626,0.49502935171232143,0.47598917263355656,0.4244725854114879,0.4158981089097116,0.3594249463717054,0.34595286963417093,0.30040328992492005,0.2551493207698341,0.18406131893842737,0.06350750704676267,0.18798080111971843,0.6038037396516461,0.7936651949237034,0.8069836852628411,0.7167479702383532,1.0019363270643666,0.7498591912642434,0.9209475873398745,0.5800804982437302,0.0,0.0,0.0,0.0,0.467939306031935,0.7758959154597231,0.5341794798744114,-0.15962564563753595,0.24843399378354297,0.6454144414113077,0.6495926095026767,0.6509989672737581,0.6689126389119988,0.7567672757715156,0.8637632515773754,0.9241051267585507,0.915844951373356,1.0588279973597148,1.0188861818089308,0.9743174321840555,0.977795735139775,0.9411244638547709,0.9428900057141993,0.7884780577546615,0.1524726299793181,0.27398979323409756,0.32317546824700494,0.46341013466732517,0.7289328528737105,0.9650308295761949,1.1579234096531748,1.2371250332947727,1.2867564348735587,0.4693963152161786,1.3859016694584496,1.3688830615277343,1.2719098575308219,1.167066719764557,1.0352250761730581,0.7807583176942835,0.2794411881014323,0.024504924819880092,0.28715595843545827,0.5479610784340319,0.7707194712564869,0.8931054941560854,1.003853370459773,0.9907370943900593,1.0535688980041167,0.9788352742875417,0.967017882769817,0.8606694640004003,0.7862648995258926,0.6944095427512575,0.6001913565782594,0.502876658722833,0.36276205693878083,0.10998153117494797,0.30448127315184903,0.5092354888110125,0.38273676241819654,0.43556088994508024,0.49398263040739054,0.3454626633560378,0.8547176527609279,0.8022709723315021,0.7837049670067797,0.4735088522740986,0.9520748328903706,0.6164863158741622,0.5093903132491102,0.26337362258288494,0.2989092436351814,0.6211629857109098,1.2363769658062984,1.125737568669925,1.0266075508054273,0.8261322641108348,0.6635178882202781,0.4929959799469239,0.3683945950597871,0.23015217925264952,0.15793883788645857,0.06847496880792914,0.0753996235507024,-0.00939081704877398,-0.07357359152753207,-0.1432807294058585,-0.08376534091430943,0.3234182529675413,0.7653392241311425,0.770130823340444,0.7480087379153498,0.6387650832969192,0.49654574021728193,0.3885451527670589,0.2869125190572577,0.6986514869113466,0.17815205232309195,0.14132125549789154,0.12472568153026531,0.13928587083006982,0.10812925458455813,0.09820730149730184,0.02738923073188404,-0.06911619598190744,-0.15160801991146017,0.3045096815251718,0.37155953197903535,0.4235005459949832,0.36942668499135123,0.38800564836405704,0.457356839353686,0.4327884279412886,0.5163239818309795,0.45032240473795526,0.4625877672292682,0.5119501420415404,0.5311472412089887,0.5375152515036625,0.5518049536998402,0.5173574721220456,0.3350035345352613,0.31648376171886505,0.0,0.0,0.0,0.0,0.0
2025-06-01 17:56:57.914,0,0.0,0.0,0.0,0.0,0.0,0.0,0.6827525146728057,0.46672833898125243,0.35797699299612373,0.29270742190980015,0.2364931410056551,0.20534682788385406,0.24897515466086528,0.24750649216828435,0.3073004825792177,0.3889018755769642,0.47052736012310287,0.537979284089798,0.5603854535733854,0.5715584644734004,0.5993342535184838,0.6333769465532634,0.5493710382263682,0.4489677076892287,0.32101635898126857,0.3130740286452173,0.3117195771051946,0.32918214274305924,0.41521504977697443,0.48645615138496034,0.5636506484276058,0.6256129933385599,0.7421777558320453,0.7024580478119894,0.7505177553364226,0.732127945678661,0.7374674209905421,0.7352226533324497,0.32880708487521265,0.20282803881550376,0.19617912568043816,0.227227952607032,0.2757500883091253,0.4204760610009872,0.42034408476434093,0.5117113066312575,0.48692213632674886,0.5832490954291805,0.5210989495971019,0.5705029206020499,0.606211925738509,0.5456582894849487,0.5170030796483372,0.45462852418544036,0.2636237570046994,0.28920546937422487,0.21436344836837373,0.2642737118770504,0.2796779582830844,0.6035982060332696,0.2262350578048039,0.5176522153691834,0.5494073791955506,0.3601960672481471,0.7919956369501886,0.3409544980619219,0.4395971956834818,0.8262301755640679,0.9333442119235036,1.050589093812598,0.5702834752810984,0.007759418202780005,0.03502767176300825,0.016158708458491766,0.19229773899796343,0.24026276941472058,0.3557173763782193,0.4503011205206282,0.5177233766771121,0.6173211491362864,0.7007298354597105,0.7729310721208469,0.8558645307728224,0.9161892630206276,0.9734320678793222,1.0300189335780479,1.0529800282452355,0.3986293824642791,0.030040520086348832,0.1830538700769886,0.32105374992989044,0.48443780331038444,0.6177380093406311,0.6792901892905667,0.7161112633908768,0.7603910751862608,0.45403740382511787,0.7732031343824277,0.7668574650944594,0.7257235179526965,0.7288283242785561,0.6703207674361,0.6346049241288866,0.715762117549723,0.6091222387275411,0.647741680556619,0.6359617963801087,0.5731522749138234,0.5044268365767659,0.4897814541900605,0.43497767407856447,0.4271262421921953,0.37425193362491704,0.3592361791730432,0.3125151021028545,0.27727952638733,0.19864464832859918,0.0778959038317294,0.19457581404610313,0.5884025980439662,0.7942038457077804,0.7989758019894344,0.7217985672323728,0.8741769549034457,0.6996929140240693,1.042833320048414,0.596781574779417,0.0,0.0,0.0,0.0,0.5669787742149073,0.9080520383754334,0.5775062601692321,-0.17680165215142635,0.2196226458644744,0.631616637346593,0.6421160350918478,0.6546625875157909,0.6780889222746098,0.7819604243553406,0.8871815582675557,0.9497207433468899,0.9490424023911528,1.1044120448378552,1.0515237399021284,1.0058555962759628,1.0102161148017585,0.9677803096124293,0.9696747367848726,0.8266527415689113,0.14694101025091522,0.25688028910705957,0.31668704622819943,0.45806921815402735,0.7257709643543728,0.9780514270461769,1.1777156639984088,1.2531284766039794,1.3119679447002348,0.43615579963892354,1.42266332021822,1.4068453809552457,1.3111381541819724,1.2091891250415778,1.0761980906736002,0.8173624524512415,0.3135759442442008,-0.026081200559623652,0.25401920960140434,0.5168863033760833,0.7547608922477309,0.8825991856456088,1.0048900184994536,1.0029953332698354,1.0594122912867787,1.004044427291665,0.9906003729602109,0.892639539027725,0.8220371209416432,0.7249538452184319,0.6269028725054623,0.5338868184855243,0.3974407004984026,0.148060413466164,0.27508536329971256,0.4785768921023331,0.45050909288472596,0.3184906083645421,0.42969126065171903,0.35270485109041205,1.0798389197137792,0.8530485376412899,0.8192639315331152,0.6706459161547462,0.8770490962040881,0.5515310516750039,0.5246290285901347,0.28967459477322594,0.32862167876789544,0.630178992466385,1.2180286548562114,1.1133748292025898,1.021621525591863,0.8178944968304673,0.660038893797531,0.49936262485395977,0.4023948346649515,0.2558229384770716,0.19171792186522096,0.10461368282194417,0.10194866792298862,0.036759336650238006,-0.03560936114709423,-0.11973053816528495,-0.0940428433061396,0.2978553337633431,0.7441177798801355,0.7523015606571808,0.7274012941350839,0.6378122489850584,0.5124056916983553,0.41117116285740374,0.30995845117183407,0.5160782605647162,0.20668052368971224,0.17981184046872278,0.16321735523622283,0.16978646571299982,0.16197738502527936,0.14595776248920422,0.07743250211570546,-0.054718189571174525,-0.19701094350100656,0.2613719333492935,0.33903418187355494,0.40709925264546776,0.3591826661975015,0.3824042461466288,0.4495300869940497,0.4549762374561468,0.5451209631939768,0.4789324684911107,0.5029135689581041,0.5550020819755346,0.5936172591253356,0.5920139910201476,0.6007788860840695,0.5521964107018332,0.30273625939760984,0.26833111788395025,0.0,0.0,0.0,0.0,0.0
2025-06-01 17:56:57.918,0,0.0,0.0,0.0,0.0,0.0,0.0,0.6775671302115256,0.466390495968918,0.35846997432119265,0.3113081251418056,0.2619482747761649,0.22563552288118405,0.28761169952511934,0.27351685129109593,0.3207683516984162,0.39725039734641854,0.473776169057538,0.5430291972920612,0.5520089299135684,0.5724862766031393,0.5916967382892084,0.632913313000697,0.5543945737704291,0.464525857918125,0.36330408322517616,0.34093372842345493,0.34614320598264614,0.34472657858399836,0.4393306935292034,0.4991091341032703,0.5656236226988474,0.6243889115100927,0.7188452365605695,0.69135896494354,0.721372878661759,0.7105415604089208,0.7186336916140217,0.6913097956191364,0.282063086050846,0.2252195615046741,0.25723612686382447,0.27196948268197163,0.3394260908111635,0.4834369451070346,0.4217840807706623,0.5205943676766089,0.48796702191713703,0.5984207583705761,0.492795932676072,0.5395835432858177,0.591969153856028,0.5096730040022766,0.49529807184873054,0.4144921833326141,0.1996977561646689,0.30997482255993075,0.2642808014187802,0.2891823766112549,0.29672680491316883,0.4950733519493569,0.3340658090572418,0.5352230482547642,0.7165077227398705,0.3377796144282402,1.0590887112071454,0.403459464888687,0.5914617350740512,0.7997288340983937,0.6146459304705179,1.1504923235712763,0.5335924780371117,-0.01628056763573868,0.06076599135947047,0.05816490917694539,0.2229767232781774,0.25248049506295844,0.36377455287410165,0.4549571753884367,0.5259443502784293,0.6254374110575909,0.7003056487981092,0.7733079413156592,0.8465725620559891,0.9121106846609228,0.966325845214586,1.0091561153115292,1.0058034420056556,0.35447040676145053,0.012840074286936676,0.1961592661493876,0.34133137722834883,0.4973379578919299,0.6160218148310754,0.6919497882610615,0.7257714400651811,0.7642555825168784,0.5541181086324192,0.7721586160005323,0.7674822607741593,0.725524175679784,0.7141340449395362,0.6573840039592302,0.6178852475870505,0.6884926526108517,0.6062500803793843,0.6525782530835049,0.634280311320526,0.5760235517061802,0.5097248099935026,0.48889149349794936,0.4389750336956415,0.42229319510957697,0.3724793734166285,0.35731367468904485,0.307314066007756,0.2689262086864941,0.18155250746881813,0.07343836148776273,0.17074764506415024,0.5688846498385604,0.7890279689850003,0.7904218987419946,0.720981650456348,0.8658743273035419,0.6629603670995989,0.9117773637802176,0.4566572049933151,0.0,0.0,0.0,0.0,0.6328905336141496,0.9930322287940776,0.6468877264417454,-0.16791253311620075,0.21201062532971132,0.6189900128365329,0.6331269141376099,0.647413653596543,0.6704845035871303,0.7784478314831611,0.8817602142120156,0.9495439483635844,0.9600508300374124,1.1266725784803313,1.0613098231071283,1.0328077949040253,1.0345502066122314,0.9922019431981837,0.9820762144786359,0.8621645478539126,0.1632345071805465,0.24941345639179108,0.30732973154702525,0.45764964070317427,0.7265700246149456,0.9702454805335914,1.1854394509301045,1.2741931941422766,1.329530546026836,0.5404343626921073,1.4514016945700132,1.4378938945355237,1.35170259034881,1.2319654275484972,1.1120905474062879,0.8573494864626022,0.3489110570115918,-0.04439249887668745,0.22354330163421843,0.4919526839245669,0.7411343787156905,0.872938114587144,1.0062111935485083,1.0163028477370013,1.0610401812476749,1.024445396015607,1.0094478850243407,0.9135699277186323,0.8398787384617782,0.7376860837089156,0.6481826826242713,0.5586240323170424,0.41903055264219596,0.17281945623876374,0.2497253343298792,0.44876021965452384,0.4602166067507929,0.3039216564441084,0.43315005502399706,0.3608719244888484,1.1481534141318501,0.8046024523986449,0.7613708915384301,0.7955259427340458,0.8288046606087901,0.4751781917403701,0.42939468667969116,0.31131179807491177,0.34733797998373334,0.6393995859594,1.215594695182195,1.0912765954751622,1.0016236358524746,0.8102255931973481,0.6467530802079116,0.49820444728592417,0.42058869509929897,0.25495980800235074,0.22263958000631634,0.11859682535200555,0.10226710875748357,0.054908441735369795,-0.008961173910607578,-0.08703320332407116,-0.09150485808396819,0.301569371041929,0.7458907711829942,0.7409207571710466,0.7177920034398128,0.6393790660870986,0.5169624841908935,0.4003409508918898,0.29992053667329155,0.5288220404041472,0.2091762060422344,0.17505811364272117,0.15878675326973868,0.16867944104182897,0.1633673621120827,0.14407831219322687,0.08664685260726451,-0.07280838544285295,-0.2119316449740687,0.23923359737155742,0.31771234027392603,0.3891123548906392,0.32547778218298684,0.35665189279976617,0.43855376800204304,0.45038335165811594,0.5172746288560937,0.4687658964367394,0.5063818054734999,0.5588801577230362,0.6015956255872789,0.6015030300359208,0.6037624059398345,0.5399773041438758,0.28137220972828914,0.24962771464954958,0.0,0.0,0.0,0.0,0.0
2025-06-01 17:56:57.924,0,0.0,0.0,0.0,0.0,0.0,0.0,0.7168099096035353,0.4737964491732898,0.3217550152258044,0.2758708053161115,0.23269418966407363,0.19735950303467809,0.2802400703167963,0.2754077593347277,0.3236459279555809,0.40344323711618,0.4845399872242799,0.5599738689597874,0.5658000227743496,0.598435170570182,0.6220947027998871,0.6655779954294827,0.572090286198559,0.4458632323663541,0.3299173547605566,0.29900921488816057,0.3182054419909819,0.3145951841236254,0.42485926076015623,0.49012395121301533,0.5610983936736202,0.625019416488549,0.7229984451025742,0.7045988624690603,0.7334438742611227,0.7350509441364218,0.7470158895566636,0.7468956707948455,0.34207437649048494,0.20541928217346916,0.20792613051128095,0.21441186575759485,0.29767570072692706,0.4514299783108735,0.39181618777921434,0.4816627363730075,0.4815814301798462,0.609782422870528,0.4877894663479989,0.5273518470723323,0.6246818873813286,0.5069347960207988,0.5155834782277472,0.4476828685723429,0.1890146779230213,0.2845163925511275,0.2406417320060148,0.2300906238772764,0.24826416375004023,0.32780620534679933,0.5090985190182082,0.590482732496463,0.7347482544342712,0.3426678639844528,0.9806912583125948,0.5020119650020095,0.7128890384920492,0.6913264242529192,0.5274102091320408,1.0450554189480512,0.6223343966349222,-0.04234562761886909,-0.01613107565957006,0.006002457213550194,0.177561114480292,0.21924266742035492,0.3455938738255886,0.4422283873704691,0.5233130124954024,0.6321154573892358,0.7077120218370447,0.7924920789772758,0.8649660800438411,0.9380781677785237,1.0049140477989469,1.0492287333099193,1.056272287989803,0.38506640229018413,-0.045145621797110125,0.15626649248051683,0.31787378112056164,0.47628894675282285,0.5991006332335429,0.6848584262430797,0.7312781279420313,0.7708072174176588,0.47134234453002916,0.7831240719372896,0.7832308300819629,0.7407452187885616,0.7275126950310361,0.6765510459956472,0.6387007890410653,0.6678748623725409,0.5704160108677928,0.6148879917998382,0.6032232301457008,0.550738200072513,0.49463481341648996,0.47526659692795814,0.4350552671456307,0.4124178629024249,0.3722586737419098,0.35848363684265694,0.3095706754877152,0.2629338362909641,0.17481561856390349,0.08070729348344019,0.15098653835302817,0.5493857938333084,0.773098274604147,0.775774336802161,0.7141437823718182,0.7461458764352349,0.5598323143144093,0.7625571553430268,0.3696362138850001,0.0,0.0,0.0,0.0,0.6194722986335401,0.9241115171189154,0.6308132027476555,-0.14217627170485897,0.20753688068408188,0.6123322961205825,0.6269674363595019,0.6373328093819627,0.6572390660391418,0.7667950897717242,0.8690061052188076,0.9449778152680817,0.9635973379070171,1.1384664179347808,1.0603871894774808,1.0494188503875737,1.0442657283833658,1.009802333841191,0.9921053323422873,0.8912920423094188,0.18657615663517046,0.25060713551574143,0.3091495921111438,0.4593622996816662,0.7289886827079164,0.9537180209379796,1.1870331097218623,1.2889411624978815,1.3349961162822155,0.6185551009730665,1.4530022973571306,1.4447321278028862,1.3643594689216016,1.2316216304914973,1.1174451843717528,0.8620554774900625,0.3773957126799729,-0.031421766017612596,0.22664997220971028,0.4951787911922507,0.7445078171041866,0.874262727441373,1.0152971719722865,1.0324556641219444,1.0651087000641537,1.0350800674270229,1.0231468751347665,0.9241893984065356,0.8382507210285742,0.7376654793218149,0.6505317620387591,0.5623620939504191,0.4096886698644737,0.18659577528566595,0.25469402365730986,0.4574496201158148,0.421856653710461,0.34619450866532764,0.6332947469432928,0.3783818052065554,1.0619129630759478,0.7760731415559806,0.5956293579365375,0.7727731345418136,0.8453821249183008,0.3414502739176809,0.4514437276358816,0.30851665820196944,0.351219409174601,0.6380357668551568,1.2115157046576968,1.079134212085221,0.997730440905353,0.8131653771270837,0.6504727983047494,0.5168985755727431,0.4330410191434415,0.25505061353461356,0.23244482996104754,0.10723327364257673,0.08368735136320371,0.05315807665609584,-0.016427416544961715,-0.07694582183699622,-0.06934305939065166,0.3512671795794486,0.7548681512769508,0.7488261758677157,0.7232803590274469,0.6496190795758989,0.523117036293149,0.38311646973018587,0.2842637492795521,0.592212192045783,0.19297933886083873,0.1579879512324236,0.14175539596469489,0.15475197331511426,0.1526683588022325,0.1243663487021901,0.06697446566991488,-0.06190577255534829,-0.17237433102304694,0.26268306707275196,0.3379632504405006,0.3779371592897216,0.3269312858804274,0.3572791648639715,0.43243703365285424,0.45568306252375246,0.48682856562102517,0.4678704854020357,0.4960681349057001,0.5380747535546668,0.5742433247558248,0.574901144042699,0.5859636244318229,0.5271535793025586,0.31612908446060717,0.2997312899251646,0.0,0.0,0.0,0.0,0.0
2025-06-01 17:56:57.928,0,0.0,0.0,0.0,0.0,0.0,0.0,0.8105932935661518,0.5298056910348858,0.33577026415383815,0.2429168102302136,0.1794402783877599,0.13707820624902445,0.22356772718647988,0.24720354884506968,0.298443310223259,0.3884470593165502,0.47862935061167017,0.5589305335105165,0.5721636522805909,0.6136930110612965,0.6539298509117808,0.7133129293306529,0.6114086818785439,0.4321193921859962,0.26783832979262556,0.22814254622363472,0.25973638620823425,0.2602256035513111,0.3817818674867326,0.45536271736678624,0.5453601088607085,0.624223652123107,0.7072455148517809,0.7271466125056826,0.7634605917191013,0.7808208804807121,0.8025090511963959,0.8343128460019726,0.43936634083818044,0.21439219282399125,0.1254280022753138,0.13191664396324776,0.2202794747321435,0.388686900766982,0.3681496811960203,0.4557138852115108,0.5082846824106335,0.6156319885065851,0.5272137983738603,0.5463495732125762,0.6523163904377246,0.5389949635272511,0.5561317110181131,0.5245242651626989,0.20823965613968132,0.23342300069066424,0.17337427809983075,0.16102901377218104,0.19154216154307258,0.35399378181263436,0.71655439543699,0.5571658819746863,0.8408091687250046,0.34096030734279137,0.7660050491563728,0.5738069403406371,0.7401105111534614,0.6607448810799924,0.5726678202026841,0.8127153565422808,0.7775564301478024,-0.01473603151227218,-0.1250365569062153,-0.07756207048335129,0.11110654820499577,0.16969067770310375,0.31947549148695087,0.4187359108772768,0.5157014797830091,0.6371168900606425,0.7213553815677527,0.8202206077048311,0.9007685529382753,0.9792171891106518,1.062793216839713,1.1180385429562918,1.166433835589153,0.4343229334299094,-0.14911989815151916,0.06431208325088766,0.25005280922650663,0.4353668630479459,0.570131693037732,0.6714654554280366,0.7336073738003659,0.7836227288019899,0.5810560389250976,0.8111484768223505,0.8100172919823568,0.7729401691761354,0.7571642354084723,0.7163209277764053,0.6768325852577209,0.6395727841645363,0.5047391672373477,0.5660699190347249,0.5612209584035861,0.5203957518011741,0.4881544115747143,0.46911318045234296,0.44388430518695454,0.4159254572061244,0.388272497641196,0.36828326628627206,0.3216814113889932,0.27390092106559805,0.1880330746796447,0.0907785622323769,0.13429235320767946,0.5272303983176203,0.7586752424381658,0.7631361195297144,0.7120825833022473,0.6243025631788153,0.5509651212000561,0.5975931582451268,0.44325223006333914,0.0,0.0,0.0,0.0,0.5783856013803397,0.8385309503756462,0.5727807802407321,-0.12399991138103561,0.21803593371846303,0.6194640950669096,0.6338319616678751,0.6453090658397002,0.6681848713829852,0.7807604176527685,0.8847157876460514,0.9597114381440646,0.974788062955473,1.144200041708881,1.0642454294436896,1.0530092794987933,1.0488027916405225,1.0049339276991465,0.9730960952247121,0.8708993054225183,0.2001164587970507,0.27698444193786653,0.33416105424802867,0.48888425185397066,0.7638808758064439,0.9702018423385494,1.2161819607554563,1.3189118825119686,1.3570611722322787,0.8253636504037307,1.4502534950350912,1.419751036410485,1.343020508864788,1.1987270343100467,1.0826146985113867,0.8086821282334027,0.35978552293360905,0.055546277627937624,0.30095195849922207,0.5738784515429904,0.8003297719188924,0.9183126199154967,1.061583125348978,1.0713761992666464,1.0796843556392925,1.0436453459444146,1.0231152443065565,0.916844858629048,0.8063628015610388,0.7061472766346171,0.6122607607249727,0.5220475730129842,0.3519958608717446,0.20635192731883312,0.3473989212182511,0.5481631693781203,0.41968610955259256,0.29493056310226695,0.7335153925479064,0.4016895314391634,1.0123093607071303,0.695388478006509,0.5190728049717304,0.798199306229838,0.8103717149197505,0.35055850918725107,0.4208264329502066,0.2707070067038299,0.3345857864933927,0.6652513032060671,1.315257907890986,1.1488316329593367,1.0828041978681608,0.8656491343414174,0.6919803207941346,0.5625489584799594,0.43445724675310826,0.25835311928844784,0.21398779385959266,0.08310349347450363,0.040879756979842474,0.0015140102078439188,-0.07641703570417413,-0.1200001909614421,-0.035737057208223844,0.4785440643844637,0.834744228518355,0.8171765282405961,0.7901485683441977,0.7256170814081535,0.569508238878679,0.40041565372890964,0.2940864947051496,0.5125779618755205,0.17786653196151692,0.1338847904752669,0.09967796060172862,0.10409149728935507,0.08633867442984544,0.05273070438962202,-0.01878410387020335,-0.03852177091469,-0.026701705269274068,0.37694510898344274,0.43696065044047727,0.45471888851924236,0.4354796152453595,0.44052555137993177,0.469094097216054,0.48852889266844146,0.4826270628726199,0.4732204729569931,0.47037205030368057,0.487921239818053,0.4913734478116424,0.489497355127132,0.5095522400848507,0.4941757448336299,0.4011185884634797,0.4460297920382845,0.0,0.0,0.0,0.0,0.0
2025-06-01 17:56:57.931,0,0.0,0.0,0.0,0.0,0.0,0.0,0.9056151424962311,0.5726675282440609,0.3156102123671186,0.1596623062825443,0.07703853125885429,0.05487108833476062,0.15049394104078873,0.2095143786407878,0.2713665994696485,0.37572912748615384,0.48691287935377564,0.5789967625262818,0.6009157241330456,0.6620085503521708,0.7135346116492015,0.8005853665337578,0.6733540414087231,0.4225410021637302,0.18123093196719353,0.12384675754771501,0.15985132456104245,0.1741063555836737,0.320366771689349,0.4129135788116418,0.5184653031288062,0.6294497150767921,0.6459138051756287,0.763776923237297,0.8084272447507581,0.8477505682126852,0.8913980603162435,0.971699841786592,0.5850467545235472,0.22429639546193902,0.019485780855268975,0.0023973663842247195,0.12743746613227658,0.3185591105625327,0.32655678661600707,0.4110247006188492,0.5203631241162614,0.5922627557610796,0.5617182097977547,0.5525020582979098,0.6815360952458825,0.6021070219447224,0.6132431518074952,0.6327241056999577,0.27798687989875154,0.18421669418368186,0.0861795423543179,0.06647246468594292,0.11617316067235639,0.3536926367588799,0.818414701830364,0.5093286353440547,0.9096303467273772,0.39229658816145396,0.7944739681763764,0.4734782974514029,0.7579564744034417,0.6913369176384973,0.4912635911584844,0.7579141142147944,0.9206320290820735,0.02692932645730134,-0.23550720930195762,-0.1817449907388673,0.03559639796897218,0.11746672392267499,0.2783795677079326,0.37527721089870747,0.48730175165076384,0.6279212005164732,0.7207636766077166,0.8198409327035059,0.9190443012087411,1.0098691010097094,1.1105892123050403,1.1743735167528535,1.255891426081522,0.47553640717402873,-0.24002806922188158,-0.029349575618542012,0.1804969536079537,0.3792583433724268,0.5254405556176853,0.6457025075792671,0.7245342742709617,0.7824536448068737,0.6034787172799065,0.8248163778386366,0.8321096354682999,0.8081501540596966,0.7820903813360501,0.7567848350706718,0.7139945056558424,0.6254338875949607,0.4342010799009547,0.5016596554068644,0.5155285047857248,0.4892676738049382,0.4802151148975369,0.4599206644097702,0.4472219145127023,0.42351141329057795,0.40226282727217444,0.38745628280281075,0.3349624311033994,0.2910867295417361,0.20479519891694864,0.10597595568733209,0.12063954199378257,0.49578020468062767,0.7328259154981329,0.7517602826606444,0.7039746301586558,0.6149156015886486,0.6974622078471158,0.4103097656894717,0.46714461831604404,0.0,0.0,0.0,0.0,0.7283803909993005,0.8776827220456049,0.5558075082318399,-0.12109311828691616,0.23004971981181926,0.6247261595178926,0.6408094721169153,0.6514068350194914,0.6894589009025094,0.795530202199686,0.8915832786734406,0.9673756715840054,0.9889898214252275,1.1524725456278562,1.054283679031339,1.0466002608824614,1.0429542722335228,1.000230131770417,0.9495945350313058,0.8295440218453054,0.20440036750138485,0.30020194570245395,0.36687613088355886,0.519535148039511,0.7950483608477332,0.991878047858378,1.24342537353826,1.3520976772257447,1.3678293751000459,0.797943167155805,1.4382833831022221,1.3993393364186382,1.3235176825731998,1.1559426446154482,1.0482396829583251,0.749415637479758,0.3277143738887507,0.13595711502434393,0.37504841212930795,0.6484147002871647,0.8487405199438145,0.9646931651380981,1.1003999328621976,1.100397328945742,1.0766020783315482,1.0340907259658576,1.0108593015087037,0.8898732184260801,0.7617259641535717,0.6572376926467061,0.5653741556872939,0.4746538033583111,0.2948601232942297,0.2339693691247864,0.4450012173172023,0.6305011210919754,0.3171724904053127,0.28551158207699834,0.8506198187045381,0.48669809212736737,0.9758156547539594,0.615581857872022,0.45059000233827845,0.6787530613849284,0.7209623176657189,0.48845205741252873,0.4687271861181417,0.22530522985325702,0.31763008204967463,0.6912252973562191,1.423290843453423,1.214034261311342,1.1503261705519705,0.9171783848122268,0.7310364387464652,0.5768764221560683,0.41008514341492286,0.24732403341656917,0.17678458566161348,0.03805637691980035,-0.006925010270102616,-0.0591683164387361,-0.13514275802836107,-0.1488394955200839,-0.004861312585280553,0.5923989786464787,0.9219015750595967,0.8840727046887029,0.8638652546100153,0.7890364405342425,0.607101660951074,0.41957543204259795,0.3106576874713707,0.4662900440036668,0.17217262469461403,0.10070860072042986,0.06208839528966004,0.06086062124320113,0.01194684074883412,-0.026414628594218725,-0.09667494362036028,-0.014337672261886647,0.1261989117553407,0.48708385509520374,0.550481109443378,0.5553412291414574,0.5488684045012266,0.5401652013983269,0.5241041351822591,0.5174217261964058,0.49108319923494914,0.4783616484252333,0.4611724351476185,0.43602335126034686,0.41796802350500306,0.4075305161832051,0.4364000441838934,0.47437911873205074,0.5081666509407937,0.6037701158463673,0.0,0.0,0.0,0.0,0.0
2025-06-01 17:56:57.934,0,0.0,0.0,0.0,0.0,0.0,0.0,1.0057298488862139,0.617736258737431,0.3058781526850385,0.09780088112099572,0.01426936130095291,0.007885278082395142,0.11027504013712763,0.19908462070640076,0.26621576707172967,0.38227800996982697,0.5148374323040974,0.6137298583839366,0.6525696068085471,0.7154844226714949,0.7800297316036645,0.8750924540776805,0.7510083623995788,0.4214595637089034,0.11321116992107516,0.05028635915907964,0.08319615883027764,0.12149567022018481,0.28701821599217636,0.3974633808261303,0.5164425743832592,0.6542742687001966,0.6706329274577928,0.8078500814865396,0.8667863062275196,0.9203026461056775,0.9830789005110214,1.1112584078160608,0.7402306681558632,0.22976276647981936,-0.06891325711904916,-0.11296550133513517,0.04590907965652535,0.2490364074862108,0.3006124457790078,0.38128186687063637,0.5248175858689936,0.580503938905224,0.5998967107387545,0.5784177025651974,0.722205412506861,0.6889500154690305,0.6905789841023491,0.7241352710126057,0.3878252611714378,0.15319401059839566,0.022088330446351057,-0.011569603934715511,0.06425355962912738,0.30552902233207196,0.9291401507848951,0.3405285573189965,0.7843428794434624,0.4787654376809446,0.6947594020189375,0.5064507621576124,0.7874555447015661,0.8075241190637,0.5575905971164079,0.7706105575082589,1.0088044478222933,0.06982393348498278,-0.32824029033971636,-0.2603626749451693,-0.03289853817245536,0.066056144128817,0.23544899914540784,0.343384142583709,0.4554655969641719,0.6067183165981542,0.7067051603000822,0.8032383122531239,0.9238771753729865,1.0235083457807421,1.1320626335170643,1.210270214981382,1.315447831150847,0.5127473706635897,-0.28268659975007115,-0.09648128552461332,0.13293230048070748,0.3254204596474699,0.4858241806362722,0.6127700671281087,0.7044919114759494,0.7709129032434736,0.6636455695931416,0.8239432735058867,0.834703620416298,0.8181049339290701,0.7934657434180882,0.7819488992774846,0.7372652496478829,0.621978597468744,0.40927502233454327,0.4591078278940679,0.495386189583064,0.4657089453322645,0.46787528392010924,0.44622322207675413,0.44141606100533215,0.4130241032845461,0.3994624025287665,0.38326230636909653,0.3349115261962232,0.29074137256441657,0.20038740922308074,0.10642752804941003,0.12181981415803944,0.4971290566047273,0.7277046628741226,0.7569695871794018,0.7085229076210606,0.6827706233199722,0.7593856717874292,0.21804757956474202,0.5212512063073355,0.0,0.0,0.0,0.0,0.6179371860815274,0.7397820505590014,0.44690237579605097,-0.12490282718132556,0.27439892902106594,0.6478342858509561,0.6633362116755368,0.661274519166026,0.7023087472725524,0.798865229684359,0.8839785929048718,0.9455883922061696,0.9635761038789612,1.1139027079460577,1.0075848482510779,1.005952404103152,0.9905811239591134,0.9568867000511085,0.8853373055654319,0.7257891076030245,0.20789640617407995,0.34189057361640907,0.4107484831921462,0.5638409355844265,0.8299844939930396,1.0060908673739042,1.2556494881721108,1.3538969248045605,1.3470480830477378,0.7246077183707855,1.3902560547309908,1.3454891447761934,1.266325118861797,1.08299669779431,0.977112545351798,0.6614911073351821,0.2723353200763259,0.24822792498667823,0.4661225846880718,0.7327251589977892,0.9060898380766411,1.0154659714454117,1.127071634754496,1.1074702272227877,1.0700948576468545,1.0099131058370907,0.9765926657672432,0.839085324098081,0.7004026734947496,0.5959777849147843,0.5060204231471507,0.4119864249724211,0.22425200422249914,0.25464018112379616,0.5511632681219837,0.7185728991030526,0.338324255694178,0.38132672053245265,0.8385117261738463,0.6005487971561339,0.7459627537531328,0.49293991717518015,0.47429386559853964,0.5623417241385089,0.6663231738989067,0.47962772476207116,0.4828443183773651,0.16581623015138308,0.2860866264232525,0.7286409846744287,1.5335789996845544,1.281397929181695,1.2249198381064823,0.9581238555060487,0.7771150602586234,0.5796402510128029,0.3773502327418454,0.20732211119562916,0.12147156795961189,-0.019609905945234374,-0.06759637644100425,-0.1329526053592529,-0.22018337774734892,-0.18737958994598802,0.028830605653674235,0.7045525282870237,1.0101269055447255,0.9368760371212408,0.9303010004395124,0.8273878345976875,0.6184120339715529,0.3971208303126035,0.28678243772902,0.416247037164035,0.12579299761679663,0.03688113378474589,-0.009848687310053172,-0.014436352900819016,-0.0939045752274642,-0.13082917286470308,-0.19172960235590658,0.009275961711085134,0.253048159776496,0.5778136657248572,0.6301839074766121,0.6219378452524476,0.6020831613951605,0.5820081895709981,0.5221471529138673,0.49711389456441557,0.455679113079694,0.43581681439515974,0.40490306117550046,0.3676741412619291,0.3281109161052177,0.30316064777184826,0.3566731975624264,0.44035299413167084,0.5956108788268734,0.719689187886585,0.0,0.0,0.0,0.0,0.0
2025-06-01 17:56:57.937,0,0.0,0.0,0.0,0.0,0.0,0.0,1.067941535299699,0.6609930553834104,0.3266458134605371,0.0825912230487088,-0.016030238169389532,-0.01907728828943478,0.07094668608478194,0.18406606690759597,0.25902649238271536,0.3812237156093211,0.5246725600063575,0.6296194265066459,0.6828956228657528,0.738954982532213,0.8206141933275742,0.9232423410633944,0.7853506828652778,0.4148954809835575,0.06814854126461922,-0.008052399023056767,0.038496283554253496,0.0970797726853243,0.2588786678420705,0.3929168769935576,0.5186300374855983,0.6741413407785892,0.5365631288658866,0.8381287835259358,0.9151383510027311,0.9680832465403936,1.029838483893215,1.2140899133842438,0.8524543983872719,0.22171556696209138,-0.14635537657125697,-0.1601987372931083,-0.0016545003257122382,0.16790594618572907,0.2886295637474654,0.3699734997131403,0.5391527168940857,0.5835268638601148,0.6392021671649337,0.6293418996797812,0.7590846598904665,0.7528358630493384,0.7509328339927887,0.8010597220234765,0.4724505782508627,0.09766774179583007,-0.04877386781652937,-0.07339558219425268,0.023930190302419607,0.3253206523489957,0.9146955144612059,0.31478838927413105,0.5851915885659654,0.6003243624858647,0.43985803660957756,0.4573736547735504,0.6887941845345797,0.8069349315516886,0.6765795738052297,0.5709416870707399,1.0878531516041665,0.1072189935026597,-0.3927166812788998,-0.3297411164845201,-0.08972241364750588,0.036005418105032216,0.2055765361795976,0.3204341802839177,0.4422334936950765,0.5992390226686108,0.7087015785274489,0.8056449849306224,0.9396359310170507,1.0384319756577232,1.1588472901277673,1.2484311608986705,1.3691104477803513,0.5592750491521872,-0.33161438165430923,-0.16375263604396118,0.07669717530210929,0.28575072628581544,0.46596405821161424,0.5933681530330723,0.69251816115084,0.7640683365579324,0.6530893437350096,0.8329710272929256,0.8464031318900523,0.8339452961411143,0.8185279959693422,0.8122048660928887,0.770435125587963,0.59977939057017,0.3565374729401013,0.40620775587426516,0.466481042861034,0.4405354067403955,0.4504927870463995,0.4411311900751418,0.43622672378629135,0.4184302169798031,0.4058732490699941,0.4000897930136338,0.35114121126656284,0.31744567989278694,0.22868416818702697,0.12330908725435319,0.13074647172361187,0.4602874633333004,0.7002063404476283,0.7355137406410579,0.6983657008611537,0.6851380280987205,0.6976964320340531,0.26930919805054093,0.6161892782336037,0.0,0.0,0.0,0.0,0.6011343592021994,0.5463850077643728,0.3327768142917671,-0.13088074767496954,0.2590795203607755,0.6463686201035971,0.6650218849324749,0.6658916546060817,0.7146276013472055,0.8144681058090251,0.9051594762887696,0.9687769300156464,0.9877098598554048,1.1341014055232925,1.023957061983542,1.0075777108678292,0.9880827335733828,0.9544395624347692,0.8857656123907989,0.6880267562127569,0.18222085962718604,0.3466778458002997,0.43219836762109964,0.5844758091644142,0.8640851546791526,1.0453915907006777,1.298767343275674,1.3904825608696216,1.3692051443021864,0.7080235356472038,1.3959847437170647,1.3498068831829948,1.2529186902391587,1.0709848521199667,0.9489377454555953,0.6238573412259135,0.22740964328576097,0.2911652587920177,0.5211050242327676,0.7954720403759412,0.9579425748154287,1.0758697767321033,1.175789949918351,1.1402396810565876,1.1114262349462858,1.0241758205886935,0.9923296584022978,0.8376946500405603,0.6932118945226503,0.5871929341071931,0.4858513644316398,0.38747406026665643,0.19499701465080288,0.2615020516755335,0.6346957635831546,0.798074919959605,0.3113386952331466,0.4746393997093692,0.8375905797815272,0.6436084338247783,0.6876228377555831,0.5020442656820996,0.466976713708715,0.4140013535708979,0.5141868226866677,0.3475421755221303,0.6373275480925402,0.14953688704590623,0.28521782272862284,0.7519977424341406,1.6145166744256205,1.3391440090287543,1.3031877600939081,0.9978347418710842,0.8165234412808464,0.6017800690114621,0.3800143353850465,0.20830979661761928,0.09323734262222105,-0.03817919191568886,-0.07533043849101329,-0.16684448934605522,-0.2568648940477785,-0.20155397603530767,0.07238492958038051,0.7937561290567225,1.073243951299926,1.0000249518476136,1.0099435632827323,0.8921481125783746,0.6688419078358905,0.42219355303592665,0.3066839881217709,0.2612087916498226,0.11325389534577468,0.022850157947599925,-0.04070564733777848,-0.05218440571995042,-0.14875991801809285,-0.18739079164696248,-0.2578681456125409,0.03500609951976047,0.3702787972690076,0.6519838717612598,0.7084895926081639,0.6951018999017822,0.6729163972280703,0.639083413561341,0.5530908704590123,0.5108982245982234,0.46484854714855994,0.4336249939316905,0.3854826828886919,0.33913975444563715,0.28457480465338947,0.2505331533681181,0.30549747564868684,0.44492279284303615,0.6567624613194291,0.8114879598233962,0.0,0.0,0.0,0.0,0.0
2025-06-01 17:56:57.942,0,0.0,0.0,0.0,0.0,0.0,0.0,1.0612968901377366,0.6601619938674732,0.33918223295332817,0.10446751453607017,-0.0019474405246409088,-0.006439839591835139,0.0745805956325638,0.18386670158214935,0.2560498833627135,0.38227518033909835,0.509405805798977,0.6215167166190041,0.6812391917994254,0.7245578544875154,0.8013377369858475,0.9088966936920656,0.7836437613079548,0.4264077018188675,0.10572945641884601,0.012206125546141311,0.08132045091786777,0.1160403723642589,0.25968074443419953,0.3918974860463518,0.5234797808165936,0.6663524133434722,0.43436711557820684,0.8160836982162013,0.8907149066226963,0.9444516164900308,0.9982962177025854,1.1679288403052417,0.8297250134650942,0.24728111595195124,-0.11897920548030794,-0.09356258388977823,0.0713887422026922,0.17656256628438682,0.31503774480178937,0.3939638124664808,0.5380663090846174,0.5492663173190955,0.6338713707420971,0.6150200826982916,0.7205061731862218,0.7154976773027952,0.728087138462073,0.7606773333693648,0.4653064117585394,0.10243888383120528,-0.02285397919357235,-0.041411386164028396,0.0504389916868182,0.42321841814124567,0.955581199729437,0.3620115615956319,0.4679259432012073,0.6137285896575334,0.42442553345237777,0.38108583660653284,0.6519491705942826,0.9096900454937539,0.9049814528148976,0.5769137750090545,1.0332389698866196,0.1214965466619222,-0.3409803553297109,-0.30451965873226516,-0.07156461987396323,0.05371046545238567,0.21970226526056447,0.32371544193806945,0.45314021163039575,0.5864050543871528,0.705688435899666,0.8030452084412223,0.9305005104847343,1.0236222490414888,1.139594921130128,1.2218979430212804,1.328587594171456,0.5332799423902845,-0.31914997702826053,-0.14678170754149633,0.08742942420823052,0.29361616341510666,0.47240864021326834,0.5875740152552535,0.6821092285819463,0.7601993130189706,0.6575910994482075,0.8268088673900409,0.8289627969680712,0.8182923982826632,0.8008473422135146,0.7911210095139938,0.7398349361611058,0.5793906333760941,0.36302649530445075,0.4221271331761567,0.47099718651592837,0.4440164165896998,0.44779842308145645,0.43529638167922435,0.4272886093796524,0.403901840927549,0.39148976234086486,0.3819854688500277,0.33553490447571166,0.31000519191393505,0.22058856462563614,0.1060167285062964,0.12356856827374185,0.4436793055689092,0.690582455638495,0.7195310081754538,0.6845714026390737,0.741311535276012,0.6943961568688937,0.3642043755074625,0.6778444795305472,0.0,0.0,0.0,0.0,0.6833742674378491,0.6455343777686684,0.3909870017160072,-0.11860765244124122,0.24781119160337056,0.6391826345829802,0.6546092397963199,0.6498020822947616,0.7004947055528434,0.8082771345184547,0.893044891529859,0.961754353596703,0.9790026578993127,1.1253092038059265,1.0360136132516513,1.0066923036293716,0.9925495897414769,0.96497146545957,0.9012935648211615,0.7211701707464244,0.18141511175521857,0.336621605063113,0.41745871354784625,0.5617953470901451,0.8500254341585831,1.0429206808818101,1.2960723580509166,1.3745213100856974,1.3791840190387157,0.6276126123101038,1.411305294622347,1.3635347406826845,1.265879577868246,1.1000378984430106,0.9705760122764951,0.6537153858403932,0.24737280602039763,0.25867601998644674,0.4913517292552462,0.764371841336617,0.9365987016474326,1.0645692643961049,1.164087769443503,1.1294737639327581,1.119041027461666,1.0222150687572786,0.9896963130450462,0.848453005929159,0.7084586375438012,0.6047671800699044,0.4943495622232821,0.40225637704382355,0.21113429728236083,0.2760712142108818,0.6067419893337611,0.7700894497296583,0.36698840289310153,0.44494764407504084,0.8060050922937075,0.5118123273968139,0.6120532434639507,0.5594056318617915,0.455692543200608,0.42475162187185983,0.367682143539812,0.26176933706824623,0.6623191372324855,0.1602815893095207,0.30694818762380355,0.7449673032299821,1.5889623878205108,1.3068706784011321,1.2787874967245272,0.9668817412553259,0.7708861507030733,0.5700267244996295,0.34531472007694397,0.1999479513355995,0.07527569503480391,-0.03334240202145011,-0.07818663760561206,-0.17135865765447267,-0.23825885949313802,-0.18446936025051763,0.05465464510556989,0.7732424244703404,1.0715587759187244,0.9907704755085558,0.9977602258156569,0.85774379602616,0.6365749156556348,0.40099214753973444,0.28515842743986775,0.1947754869766866,0.10171009465698977,0.007625774735380508,-0.04648441219284427,-0.070081731270913,-0.14551906789157043,-0.19092516390558434,-0.2538163825746915,0.021631050625539716,0.36497079602901883,0.634734438499237,0.6857962913230077,0.6937023176274992,0.6418666448092294,0.6038853741824393,0.5390281354593458,0.4768080677510236,0.44329102565544365,0.4098517619558477,0.37201753219984135,0.33086189653867426,0.2754668558444603,0.24713153612978134,0.2983595973429129,0.4470063097472795,0.6350758842422447,0.7794046996723969,0.0,0.0,0.0,0.0,0.0
2025-06-01 17:56:57.948,0,0.0,0.0,0.0,0.0,0.0,0.0,1.0067503258468937,0.6281454617046415,0.3280432140165066,0.1341812198486868,0.03531334433637112,0.036364455290819664,0.12270517194252017,0.2081182346712287,0.27592974114442936,0.4046124286272579,0.5134272105228204,0.6274406306384015,0.676093251200957,0.718318460530236,0.7798276130882036,0.8791733840748288,0.7657017507891885,0.4427495975921519,0.16112124370485192,0.07087355625836922,0.1429077964187322,0.16437633664636975,0.29320944273367155,0.4223193432805754,0.543894776023687,0.6714210371394111,0.33154418697467014,0.8034282589165386,0.8581674449037391,0.9106996984892314,0.9637622847727971,1.0824811848687261,0.7534675224943901,0.24644271980909394,-0.06370334307994419,-0.019000830815400382,0.16241038144858222,0.22676158129721657,0.3554863206109178,0.38925657035378025,0.5163088064250874,0.5231952530334625,0.6161545848200332,0.5851802282873905,0.6970602198503973,0.6855676595062228,0.6833035904587215,0.7037658279932266,0.42261874980563396,0.13071335019974611,0.024536416555985263,0.02155939375871485,0.09771337737119912,0.623143053196946,0.8241798881933518,0.32429895654548163,0.39848037781779955,0.6438251125764455,0.6616962570211334,0.35950843360016815,0.5491966541457143,0.9897058475596842,0.9769802151566149,0.7040691490436788,0.9207424885566151,0.08109610472425574,-0.2621680617119054,-0.23654250335449034,-0.024056426562489852,0.10232774166306946,0.25443303404257867,0.3498395191954975,0.46614344737898095,0.5918565527650896,0.711968332750047,0.7983196495075107,0.919033116301739,1.0049711318199164,1.1172225033931495,1.1918993742234378,1.282153488897019,0.5022337380633537,-0.2502558195222617,-0.08535680120181754,0.1332731267455578,0.33059376327061396,0.49690461273905395,0.5970972446395768,0.6867966293479069,0.7570824285384832,0.7553885783940562,0.8087655153349522,0.8131556476869813,0.8002868545720286,0.7819318667587923,0.7716087845446802,0.7111371161167663,0.5946903773859442,0.40370272800543583,0.44441537828834043,0.4938181968734472,0.4588765710532121,0.448042336403611,0.43507532235785495,0.41365341497742936,0.3970077609242242,0.37988191524787407,0.36440116978218273,0.3280133047417819,0.30261932846554984,0.21890564697626658,0.09527873719454327,0.13732381694955037,0.45121513095643695,0.6875247553593876,0.711916531918575,0.6727154754333255,0.8575613094004857,0.6391101970064477,0.5430298576318529,0.5744325197563157,0.0,0.0,0.0,0.0,0.806834825366533,0.7986211303094057,0.45130144283768214,-0.11218884469576995,0.2255775196405128,0.6214275818500449,0.6389843452425426,0.6264114728203164,0.6661802824069478,0.7763551122992702,0.867551986549473,0.9288015325638863,0.9555983088437903,1.1169314948739473,1.031057370598523,1.0073806768894742,0.9970318579507689,0.981360770235582,0.9438699619035222,0.7995301678205655,0.19112953784155767,0.2971684216964212,0.3616789042723283,0.510593259573022,0.7861127419073817,0.9930190981550395,1.2410323590298726,1.3320624772338958,1.3497946269883758,0.6087805391820078,1.4084449227790246,1.391733872633262,1.2979860186788843,1.1471175312290351,1.0208694025534417,0.7330029962007428,0.29040807067882063,0.16371371002357704,0.3820334106268418,0.667473696574524,0.8522016151929197,0.9947152452033208,1.0984623456272815,1.0755480848835866,1.09706881644862,1.0075985355524115,0.99232777345834,0.8649094766249411,0.7397543351006944,0.6426268240537942,0.5345583273818945,0.45047692467359723,0.27174476722346913,0.2609422831271476,0.4848093766044502,0.6574816986241959,0.5016517727597772,0.422356034261839,0.862582271961405,0.34576350020918156,0.6481225776208768,0.7044278097622869,0.4063342433381942,0.4919519340779072,0.48856909725825437,0.1992418415157179,0.7380139589036829,0.19757244709455873,0.33849900089760715,0.6927069795266885,1.430015652977562,1.2057876531672065,1.152247702669973,0.8902236172397648,0.7234756014639931,0.5328120310604647,0.34044940329324347,0.21848506086064412,0.1074939305079683,0.003816651497190904,-0.017168283367979376,-0.1055948037845651,-0.15340218271830297,-0.11140733829900912,0.013215494253482063,0.6239216385868733,0.9624948416042045,0.9106180546119393,0.8997086324239719,0.76873622330319,0.576086265179514,0.36525312629162676,0.26142700313772016,0.36426032450049495,0.11511684749549356,0.04137499565909697,0.009212596222634817,-0.009190576531854622,-0.05993846636045308,-0.10861786741121315,-0.1484056479405122,0.03379674025494456,0.2438068918923022,0.5081319458519626,0.5916679667877299,0.5960136332707264,0.5389729943714079,0.5144614990640739,0.5003718423973547,0.45175537906510854,0.44818041897072436,0.42056809902158276,0.40543091803442577,0.3932117104387751,0.35190537871477334,0.33536584699386585,0.3885735371599865,0.5085943129582073,0.6029219610023598,0.657041497451543,0.0,0.0,0.0,0.0,0.0
2025-06-01 17:56:57.952,0,0.0,0.0,0.0,0.0,0.0,0.0,0.9204722856780226,0.578848821349359,0.33455081439311074,0.19234490195064402,0.10231384411820144,0.09904989514614593,0.16375599847966826,0.22752573410999255,0.28626878515087617,0.39870274799331185,0.4940420070874439,0.6004638820944664,0.6376008260615267,0.6730637190221747,0.722746286026939,0.8017199830393212,0.7120493010473287,0.45019051650267955,0.2252795410177839,0.15073746043484204,0.21911262572092194,0.22483982497146116,0.3405754014886455,0.45169315214341776,0.5499849738147222,0.6610250354534728,0.24297613738651658,0.7674552656764172,0.8156897062380177,0.8516410610103343,0.8866817308085138,0.9590788516984904,0.6312891942263756,0.24623211166665637,0.03586109052337838,0.09847745578499878,0.23998995481510343,0.2970247405667572,0.4026992692853866,0.40511716376506257,0.501321364266162,0.5422909323861034,0.5851160298827778,0.5612743767503817,0.6552501686736117,0.6255960954893953,0.6263331626063884,0.5792431805942684,0.3419499793479284,0.18490749308827414,0.12382167674884548,0.13891541732189827,0.19254720372422662,0.599829475703654,0.8101738528325213,0.37141376522350406,0.4117520439323892,0.6856433701202442,0.7857567197348894,0.37728774988929104,0.5460045013781383,0.857122419279461,0.991798160750007,0.7649838146575,0.7827070074367153,0.0534763105002585,-0.15881864696319314,-0.12412335939640218,0.05600287177372265,0.15361750774978455,0.2887170081548245,0.38060492336496243,0.4820852832064504,0.5963873316690746,0.701712984391482,0.7863144197297978,0.8996772430147572,0.97595675624751,1.0791783807034843,1.1444578052247092,1.206647415773405,0.443494468957129,-0.19903347140576233,-0.01701647142800522,0.1913245383002482,0.3744554710623118,0.5224875145458925,0.6215659832083538,0.7031280784305363,0.7599143018309056,0.7438508931222101,0.8048066557860942,0.796053900228647,0.7801314324094758,0.7576331246777831,0.7382295608033287,0.6823658892623634,0.5879376607069844,0.4380665884637841,0.4891962527696876,0.5214249079444919,0.4809704170757543,0.4571381053717267,0.4449540928122184,0.4169713144812319,0.39067136706229255,0.36904925828940827,0.35862823229552143,0.3252965668355148,0.2961312839272241,0.21203326923508026,0.09371189283969106,0.1425246415678264,0.4666999244238307,0.6894889935849874,0.7064650544098177,0.6650396388350224,0.8046084140300278,0.428881836670516,0.6467946185989133,0.5096591058873414,0.0,0.0,0.0,0.0,0.7718168627103825,0.7113863563712881,0.4229273667996716,-0.1190689205870682,0.19901344190213627,0.6021277125653834,0.6179040960486599,0.602262592619588,0.6290393551457987,0.739825039565406,0.8406355153523233,0.9030294566625279,0.9370995750264082,1.090293840533139,1.0267393069887127,1.010368661304845,1.0051944348662263,0.9927618456580811,0.9738698294618786,0.8596692793632144,0.18743114584232157,0.25561496525104715,0.31171104771143876,0.4616869099782326,0.73464515315838,0.9418587268768537,1.1970627394683677,1.2917852519541502,1.3194771860751409,0.6171612118012235,1.4078950785106992,1.4036339414850274,1.321854552301604,1.1749205406025114,1.0593851766375226,0.8001696543433671,0.31689202356925267,0.06676980529193843,0.27869034162096906,0.5728535624265034,0.7719079498400836,0.9286664898431238,1.0329715716172623,1.0255047023129544,1.0760104696087294,0.9965838239649711,0.9925209458710396,0.8711207668627977,0.7650406915985416,0.6775800144901087,0.5724818179079385,0.4927983833146906,0.3277071073244962,0.24129445783547374,0.3987432840606503,0.5635194930777166,0.5271734632232664,0.4877057050946685,0.9438821898043986,0.30943232296108136,0.46930888215181427,0.6775403493031708,0.3943826805983965,0.6051165492155972,0.5160991233516661,0.146374885102031,0.668173196644583,0.22620597964352257,0.35411861517216286,0.6559015482987368,1.3064788017792424,1.1359441212757617,1.0756691407406644,0.833719123133075,0.6791524754401819,0.5249754059282559,0.36117871974336024,0.23485547765299342,0.14682263008328378,0.03828768052508247,0.025931913427902353,-0.05678982206111716,-0.09281298184073605,-0.08902433977733215,-0.02758431907199821,0.49851216533361226,0.8684999447356695,0.8433726828530774,0.827529159211985,0.6997818535320974,0.5407172051300981,0.3521776641862735,0.2583438591476539,0.46188433761381376,0.14276540960463358,0.09650593248713046,0.05819488609296908,0.06620904807928729,0.022806913380613025,-0.022567311926561584,-0.049082097761200316,0.02674559444377478,0.106345739617411,0.4138847042095924,0.5014235591549754,0.5019685637597293,0.45376493614244473,0.4554698199679359,0.47579413909235635,0.44632925155502123,0.46697793959448797,0.4531921898243587,0.4417615405949713,0.4725188240105358,0.43434585348439414,0.42637915632632295,0.4817148873914166,0.5506688983797067,0.5395378351223924,0.5542819525503311,0.0,0.0,0.0,0.0,0.0
2025-06-01 17:56:57.954,0,0.0,0.0,0.0,0.0,0.0,0.0,0.8296176080884337,0.5241727628559816,0.3200467605573091,0.2199449562065392,0.15198333365372052,0.14340714366030471,0.1875555711820448,0.23781889501042408,0.2864490939448946,0.4076224222072611,0.4771165644894458,0.5801376201039982,0.6091021701772148,0.63699691547618,0.6828238920596946,0.74052671356783,0.6456326285665345,0.4369429880061046,0.25394422519468685,0.17749900631216076,0.2629581273533945,0.2581218032262682,0.35936355188667,0.45957931785143624,0.5480468084978072,0.6419860939275908,0.2966528240625167,0.7358922192184284,0.7780797229445848,0.7936710405197537,0.8232698722592886,0.8669162038459103,0.5263343879989526,0.22610284734973346,0.09396718294148432,0.16828151927353674,0.29057256221559813,0.33251013952231956,0.41743700556122665,0.4269911930060828,0.48019885645763205,0.5492729304133057,0.5531266181595218,0.5303702866437435,0.6147784388624101,0.559432718985577,0.5716230997230711,0.4975744093164725,0.2622403270563406,0.19652987240908976,0.17383146060076893,0.19285079839860964,0.22480849908019462,0.6370636856773508,0.7334754003101351,0.41923003195356784,0.5536948938775892,0.7626772245742418,0.8476758338396659,0.31152299945293754,0.5983694368417782,0.6319633613971936,0.8736741990978889,0.7598567850078004,0.7099618840496853,0.02223759103944062,-0.09160020036255889,-0.07881800440321873,0.1031502101505739,0.1809407581234299,0.31031680395212247,0.3890419865052235,0.4798570768084256,0.5913777821087041,0.6910841866889588,0.7797838769241976,0.8736165129812138,0.9452235858550919,1.040255825677864,1.1039185303342745,1.1384754121711906,0.4115002420108618,-0.1732639121690498,0.02519796641282035,0.21786142879037151,0.39677848325587806,0.5367250993165449,0.6256578920261582,0.6990428351013205,0.747043737276192,0.6419771520475417,0.784923168416156,0.7736547103742936,0.7506917105728038,0.7307625015898548,0.7022906013285191,0.6539273027683752,0.5909856914913312,0.46054495594624123,0.5035873305689353,0.526380912678152,0.48587088781776866,0.45045955368605983,0.4333559530381983,0.40004144096728034,0.38183060052295903,0.34583029041836255,0.3413513873121439,0.3020180632156795,0.2789971283422441,0.19181933621315206,0.07840356323758624,0.1312218608364577,0.4796828359695492,0.6919945179185168,0.6966443268016824,0.6518312248024216,0.8185852615101945,0.3221878094073422,0.8000260562964763,0.5743613719141196,0.0,0.0,0.0,0.0,0.8494097537596086,0.7473998092920011,0.5051057819923335,-0.12717918424049873,0.17600607490999137,0.5900814236972431,0.60063462860912,0.5840769172820447,0.5950926064653252,0.7117098003480551,0.8168717511004822,0.8828417381302991,0.9225295489801302,1.0719160265960936,1.0387002043315792,1.012156670989803,1.0174422384211084,0.99980762471703,1.0061278156860058,0.9195439157896554,0.17906828828824062,0.2238315269819564,0.2620071974469307,0.42063379432829606,0.6914054971103354,0.917948665171846,1.1629728133844628,1.263161576121689,1.305439581264385,0.6445646323656857,1.413456355577158,1.4127464819789721,1.3364154416463714,1.209619058749218,1.0945961251040646,0.8480444741589115,0.3239977563214805,0.001253732963853782,0.210432463402075,0.5097264711342158,0.7239944091503361,0.8789468551544124,0.9923421621800164,0.9914740782319302,1.0642201762751147,0.9896223423676851,0.9985936291438944,0.8863521499097166,0.7888819444552154,0.7096568235784981,0.600808346797319,0.5231603090929817,0.37401253949108115,0.2070969714163012,0.33502759670088145,0.49194744139472635,0.562339222844796,0.43600498214455874,0.9185321519780315,0.1886434729879436,0.46665558212060415,0.7086246436914847,0.32745555871092186,0.5284289125719546,0.5765012816232806,0.14787789732949447,0.8475489301276028,0.2561691534219083,0.35798358498781785,0.6145392905124123,1.206865678370924,1.0886345797422738,1.0143340191508057,0.7931970558605654,0.6286797493953884,0.4960223861889941,0.37293242611502975,0.2585442034006049,0.17463301506018847,0.07643811976992909,0.05886870237292641,-0.02707182657459306,-0.038196426535729744,-0.07681293515484106,-0.08663182237152645,0.3893773906120011,0.7818087623746581,0.781371993947982,0.7525928792296325,0.6513377352679675,0.4985894996144844,0.3404997613661125,0.25554544842406135,0.5830260920359588,0.163325668751803,0.13694801606005735,0.09555113507083934,0.11965763538536944,0.08958208108595,0.05667944794917623,0.01624403770633981,0.005176745932460869,-0.013348761800124231,0.3381148121075764,0.43959344904974584,0.4270197541841365,0.384883181403999,0.4074232374729061,0.4690678648699491,0.446133446207994,0.4779014837475788,0.4698719588406062,0.4719819585641174,0.5268624964706121,0.48883488814261733,0.5091115981295788,0.5476075883389071,0.5934957591456875,0.4931817552204495,0.47339494913516944,0.0,0.0,0.0,0.0,0.0
2025-06-01 17:56:57.960,0,0.0,0.0,0.0,0.0,0.0,0.0,0.8350852242820821,0.5252357098602365,0.3180447190117085,0.20049673257708034,0.14080806236283172,0.12754972410450394,0.18164604418441044,0.22894086772044875,0.2857558387664695,0.41485369430533603,0.4748890586996846,0.5781298313021479,0.6144418774807479,0.6483824102889123,0.6914886263320511,0.738811905295228,0.6511340856477656,0.4366957024445908,0.2559802460460049,0.17196542924288238,0.2426645893521926,0.2509846685544779,0.3542860475019325,0.44807763736133044,0.5423761407009482,0.6371204669831891,0.4038018555516364,0.7443085532611654,0.7770494361532929,0.7998304271595084,0.8374402463529489,0.8644861530337921,0.5388320401007474,0.23640651440459448,0.09940585991958817,0.14472133228497297,0.26676147631470326,0.3349269079915249,0.43563781414197233,0.4417541766883524,0.4760523021151897,0.5419043028230137,0.562496026878883,0.5343610875125263,0.6185241483037821,0.5749490901548804,0.5720823743399287,0.5233357433099421,0.2618567519960543,0.20884710206424173,0.18310132644972277,0.20146573451323402,0.2040924519369156,0.5586144965588595,0.6437136529101289,0.42211950132768644,0.5751640355907103,0.6197097038601843,0.9896094049447961,0.4734058264740091,0.6211831044593314,0.6085805779982787,0.7801441653020618,0.837111987033085,0.7484910556772144,0.03625552466908147,-0.10319010669384776,-0.10350161996834584,0.08162108197465812,0.16875531833323953,0.3045020546065498,0.38806864296911736,0.4765857295592022,0.5885390624492775,0.6953131182667343,0.784892142402184,0.8736817490467238,0.9532205707238759,1.0448935343745114,1.1211141129429332,1.1768979125844445,0.4363330142359468,-0.17909604771747767,0.008485309670206886,0.20286867176432466,0.3875330242660089,0.5288316594663707,0.6184676034581327,0.6958700609013517,0.7472645789125962,0.5492214653676564,0.7877037400001861,0.7706139634071382,0.75314829384102,0.7333538303069057,0.7018350311835457,0.6506002966032598,0.6073706715564018,0.4493941634190871,0.4901539106946222,0.5094717237051964,0.4835534031348627,0.44793900930586594,0.4248375624759486,0.39378370503234805,0.3834418470509966,0.34594013878363694,0.33350110862443527,0.29904871102383956,0.2728803802442705,0.19774174797364863,0.08070849999803797,0.1291689213762684,0.4880083569929863,0.6977195087273467,0.6962958352910931,0.6421751350849831,0.8725439417916698,0.35912565179771677,0.7892604600080486,0.5968742821799119,0.0,0.0,0.0,0.0,0.8133124842544435,0.826221201159818,0.5780808197866799,-0.13005867027617257,0.16867887162404677,0.5858888594561692,0.5948549198149542,0.5722820047354252,0.5807032009798883,0.7032917524272053,0.8025845535859117,0.8709718384841043,0.9003672143731709,1.0569796394052307,1.02926435176702,1.0026426565595032,1.0061955526071773,0.9848674117872354,0.9939148595952907,0.9361182685740066,0.17178536963970936,0.22319067092592643,0.2544449634167181,0.41823635544715665,0.6821535204636733,0.9094249460198438,1.1372581694329593,1.233201675227576,1.2884942991722632,0.5795792912836488,1.4009658334604445,1.3976052770789833,1.3263017799117969,1.207427681183817,1.0872827813220503,0.8373336612900655,0.3088883442766163,0.0009465227220305517,0.20615594980023666,0.4936194880557012,0.7207464021774208,0.8556440495062765,0.9820628639520859,0.974464751846903,1.0423280321843689,0.9770252682115887,0.9795549344914583,0.8775613738774873,0.7837582707717655,0.7043562348745325,0.5939015286434031,0.5201719854421971,0.3774933121132152,0.2208166276872862,0.3429424339333328,0.4911783320898714,0.5702564490530091,0.42169365575369144,1.0003935843065785,0.10814557660674523,0.633113180506909,0.6226072204670478,0.30676681596637756,0.6568087683577619,0.7692218655703513,0.29439473309273734,0.7424179099555172,0.25903817969002,0.3583706383610444,0.6335565184418589,1.2378165991355945,1.0911508600494566,1.0076395465851267,0.7920141899973325,0.6164463745766195,0.4716789400174235,0.3477013116230794,0.2519988210583406,0.1637693250901444,0.07506956723223368,0.05408568677117076,-0.03935724743460989,-0.048775625920282284,-0.0919161922391275,-0.055770104466407566,0.40750435488301934,0.7872386353333921,0.768637909441608,0.738050488227428,0.63339274880352,0.4618667199328912,0.32689592370144926,0.2274477141676674,0.9141730217400782,0.13973519941026025,0.12650204405813326,0.08564973435558931,0.10257079356141763,0.08878258368241787,0.0474936933630824,0.02855764590910037,0.02597746902196829,-0.02550539864820789,0.34889474439436935,0.4315017171951735,0.4248643881634131,0.37431826765813847,0.39105900378230296,0.4627077997007807,0.43903413257770363,0.46764226001087117,0.45089109528495364,0.45448927817551565,0.5102418460231506,0.4870786812957649,0.5014811269003425,0.5607203942912291,0.6189625918603922,0.524917736092721,0.48941889874562094,0.0,0.0,0.0,0.0,0.0
2025-06-01 17:56:57.964,0,0.0,0.0,0.0,0.0,0.0,0.0,0.8401889956304932,0.5361788736035951,0.3357199895168792,0.19846809112522068,0.13803738961001832,0.12529967465540948,0.17271779953025324,0.22121127231524773,0.29225731998844606,0.40207537731248166,0.48305560165343037,0.5806851510078083,0.6070325385248942,0.6477782560297692,0.7006651368693976,0.731059875201422,0.6539199547702437,0.436830065882951,0.25112157246450884,0.17154630781990055,0.22044227154692364,0.24857729860426114,0.35759931620045915,0.4423521512394406,0.5391407836144244,0.6372865008768607,0.4834453687338438,0.7450415777179155,0.7775817611022662,0.7967063539047582,0.8526568728207959,0.8836557222777125,0.5275604375385614,0.23834347279074364,0.08567836772853954,0.11737854569439676,0.2511163806715411,0.3483855374952469,0.4279296767871248,0.4330569832326656,0.46496801274129385,0.5679698975465026,0.5769523440470208,0.528311396843646,0.6143804809116994,0.5944303394413017,0.5620687497408703,0.507680061693687,0.2393387019649872,0.22081752674670646,0.15396665399720166,0.201282591389792,0.17765436640488685,0.6361611464058281,0.5135281614775066,0.5837611869945392,0.7084313536089465,0.6351309107365517,0.984890714249681,0.43958416884220197,0.6828192743500094,0.5788893892136866,0.5509594458025271,0.9313173185385581,0.7856943848516087,0.05804055062118932,-0.12995051658637824,-0.11600510605881742,0.05079697633064262,0.1423613532375796,0.2712688616170016,0.36728537529421823,0.4502982575230099,0.5767214667425329,0.6771983344317662,0.7687884212707625,0.8672338223309025,0.9491318487580545,1.0463627030557372,1.1233818456828208,1.190877644289209,0.4356773451918276,-0.19076187592397775,-0.022020915925660134,0.1764920704804287,0.3679057080626904,0.4957024844094704,0.603385088603523,0.6877855252159426,0.7338033288874175,0.681506671595614,0.772400261800116,0.7602596708042669,0.7525887353471222,0.7296276268924448,0.7013566930468691,0.644558635268605,0.6111022707905782,0.43776218683693624,0.46860203984144455,0.49141344479359517,0.46659110919353863,0.4308589200521926,0.40981694823613424,0.37980433574834915,0.36967110276824555,0.33569171795635544,0.31945830805490383,0.29074162990799124,0.2604625996439651,0.1867782681953346,0.0705478464947299,0.11000117297019213,0.47300442143370236,0.6968069577035845,0.692355500281556,0.6357115784459038,0.8604803109852563,0.623606164448411,0.7636689190138595,0.5075993577401511,0.0,0.0,0.0,0.0,0.8155635091939073,0.8892782046163823,0.5449681652866053,-0.10965201281015002,0.17689514772153753,0.582965601145047,0.5919481426855815,0.5695213877969606,0.5774367045799917,0.6933998257220193,0.8013880800332913,0.8661980302702439,0.8926659717717538,1.056106883968829,1.0178814424757907,0.9991456661353817,1.0043571708273453,0.9829808966388693,0.9950809200088329,0.9545983139787424,0.17614355237842838,0.2214678895558212,0.2521571820747752,0.4195925258489315,0.67111434997126,0.8947940187859706,1.1220853692562613,1.2235341441423417,1.2680708056593664,0.5913634759621764,1.4014543257626535,1.3811464169214616,1.3261601991362026,1.1949126084602968,1.0861693937343118,0.8266021237510925,0.3051210959328579,-0.0003678296266915182,0.2030088712025896,0.48183945641327797,0.7176482765890126,0.838727543687743,0.9744377894098433,0.961076479661058,1.020472144239701,0.9759231432442226,0.9695406219370359,0.863932610899829,0.7734064646069455,0.6905290207350352,0.5905807583144331,0.5081670326003009,0.37361871254029644,0.21488410021453527,0.3426176694460449,0.4919577150507556,0.5907179281126949,0.40290145800550337,0.8700851928019894,0.13282640067302326,0.7515461651200734,0.5019324527065758,0.4477449052017038,0.7793063410095427,0.7382340850741628,0.43269780132790303,0.6793691490088188,0.258114048353081,0.35491070892426485,0.6334214677725336,1.25303046604052,1.0812076695023671,0.9946181508875646,0.7856265689080206,0.6370041891383369,0.43502539824309694,0.3412563825192736,0.23532789037250912,0.15189451112897268,0.06888845258544163,0.04958875857539358,-0.046343113883231424,-0.07954804347391209,-0.11673990804567536,-0.026699481093067245,0.40451723099372977,0.7742406352892446,0.7529371603114601,0.7272970534650295,0.6104117391345054,0.44799818156633453,0.3166685041738313,0.21076255169593594,1.1083889032508998,0.12378865648324688,0.11666918062223508,0.07443201218476414,0.08439624414604141,0.07619547932185189,0.03650735905633995,0.022548804961857072,0.03175644711007458,0.008623624649431005,0.3564222428758022,0.4536102975382744,0.42460232009859555,0.3772919385905904,0.4074911318723802,0.4590316856602994,0.451808177170256,0.4700011591253128,0.447524460818002,0.44085920358109276,0.4902393271160903,0.47717944349504327,0.47872419199441785,0.5431165769064275,0.6272454190182594,0.5634171946413459,0.5145324895211303,0.0,0.0,0.0,0.0,0.0
2025-06-01 17:56:57.968,0,0.0,0.0,0.0,0.0,0.0,0.0,0.9075867308691058,0.5797116434311483,0.3575150186674081,0.15977597518387399,0.08497428284277586,0.06583462699216536,0.12336105565332123,0.18927535186230093,0.27320550042162106,0.3776114240276023,0.4720390590787024,0.5758701864023508,0.614548616325536,0.6539342072902985,0.7270048317553482,0.7557138567877525,0.684381009448674,0.4278497476837417,0.19868909668008683,0.09977409697578665,0.12997163470044626,0.19505946097010196,0.3110650147410414,0.40997037580239004,0.5116724688411451,0.620105407086627,0.5015839758207339,0.7437880022698199,0.8009560865297709,0.8263047335664079,0.8913102189962361,0.9756444659365145,0.5948212590232753,0.23610373692276831,0.006969373351808916,-0.0027310089815517635,0.1345364548239265,0.28284475763182715,0.37135638642325985,0.40956964044286326,0.4700566019115304,0.5732759113603398,0.5910400725535156,0.5308225774021632,0.6129057898151571,0.6020153785303823,0.6165268962391579,0.5452385115245892,0.31224934574121327,0.17428883877138973,0.07549576652134316,0.10191869420017063,0.10155015749277574,0.3868593282826554,0.42243237719946636,0.5909849663027271,0.6847002033162657,0.7023350171417578,0.9415039834238959,0.40534551430152455,0.7159209532450053,0.4883567714086865,0.5283303616578872,1.0625216706729743,0.9157493090595579,0.12254092493682786,-0.21895758510147112,-0.21963315611833645,-0.04241664239518195,0.06573843415209546,0.20485128791803286,0.3199175090074806,0.41186951832951046,0.5560558031276741,0.6608644367308667,0.7597693204667968,0.8716897232338238,0.9678746895552384,1.0703322560471638,1.1598807129338549,1.2420052262208,0.4902459932717415,-0.23741202689350216,-0.11073870121410456,0.10863379256553274,0.30872356378032584,0.44451035194744426,0.5737579644280824,0.669511159210828,0.7185721558654501,0.5651811214667741,0.7726653712364988,0.764690991974318,0.7618671061967205,0.7412300441599072,0.7173897303810237,0.6632326411878374,0.5995798734934545,0.38846773893506625,0.4249182567162615,0.45523306551000453,0.44100215410088883,0.40456407279262385,0.39707091343062517,0.3701685573544289,0.3520998195144689,0.31709832377433567,0.3170717979735158,0.27928953974582216,0.2521892406978159,0.17381449068427812,0.06321367801074429,0.07474104393761144,0.44752716154129435,0.6814144357392548,0.681543881926824,0.625757381023522,0.7717699634106201,0.6569361689325399,0.5722192589619062,0.5413653339941277,0.0,0.0,0.0,0.0,0.6284217288427606,0.7475313214992179,0.5945532977069669,-0.09810123907916396,0.19014786358961439,0.5854798470996819,0.5966731136972647,0.5675092829934644,0.5805486954279391,0.6899178747665167,0.7861245629411275,0.8631671837481161,0.8955291555793665,1.0376318933271405,1.002719579584626,0.9897909585030447,0.993296972341279,0.9728188572519589,0.9647058211861825,0.9230461496633147,0.17334196706495292,0.23727135421790446,0.26469832146716465,0.4369733301520329,0.6934154686987017,0.9025669899619793,1.1313972968523633,1.2249156379181125,1.2579078600192177,0.5411302560149038,1.3881173739382149,1.3523893604491652,1.2976468071918166,1.1597806299570363,1.0517375597113414,0.7745797268515577,0.27312721942687934,0.04759831156197469,0.2695867579899779,0.527788824552254,0.7567896316138318,0.8689415069280242,0.9952784612540486,0.9651619132801483,1.0095914447214538,0.9627311097198166,0.954456662591292,0.8401327153372301,0.742321940958442,0.6550403653479029,0.5594694756892321,0.46962587953349677,0.33206077395878153,0.20081042066481805,0.41776735378804697,0.5666031217256607,0.5163790386523868,0.4654125042390056,0.6732702462640595,0.25863350242665406,0.8330304883157134,0.32017813031520537,0.5373292894334121,0.7744550051029484,0.6012440954135747,0.5116217446114313,0.7975164133898877,0.22457361042957785,0.32406541137856476,0.6648144084724124,1.3404948847934344,1.1229829190690304,1.073927174397073,0.847325383861838,0.6558247398137336,0.436286829607764,0.3382427395898009,0.20827595786084574,0.10911629287422464,0.037243147987080505,0.005384787952296355,-0.09535673862693572,-0.14146267359406617,-0.18968882252105662,-0.0029538017245682724,0.5173320777350343,0.8231884672285272,0.7913572575257157,0.7849256135233545,0.6472631446755532,0.45359666119776687,0.32814349635822926,0.19992482720399174,1.113553139778643,0.10082787704154272,0.0755636651607865,0.0235239956167288,0.035822176542278705,0.0023533569492962814,-0.02956503253702958,-0.051485909157122645,-0.005157729064703742,0.10948340527634104,0.44697610679285277,0.5229320295245368,0.4873143129056756,0.44351947953109105,0.4533558398993842,0.4780267374637457,0.4577935320734774,0.45396870776561427,0.42561876850788116,0.39966181653892985,0.4294686851657421,0.414932851085141,0.40122896524413065,0.47005516426087274,0.6034279333773661,0.6220291778832229,0.6240297660423606,0.0,0.0,0.0,0.0,0.0
2025-06-01 17:56:57.970,0,0.0,0.0,0.0,0.0,0.0,0.0,0.9397630249651053,0.6015144650995881,0.36184960624298823,0.1475979946783127,0.06539025769583817,0.03879111561663662,0.11270021485473947,0.18322574444506823,0.2549762847218092,0.3570331669257749,0.4641705350629635,0.569387761942212,0.6089594250280173,0.6452996746124833,0.7132454951956579,0.7434586928897069,0.6998989326563217,0.4038139327612437,0.1715973706527808,0.07679838717198006,0.09555419045901425,0.17424147591874695,0.28149431769349476,0.3965519582830366,0.5038539452279818,0.6056375544750738,0.4996046572048577,0.7371409379689183,0.7965391952508059,0.8332682646507125,0.9002166193182721,0.9887702888622393,0.6068081013215885,0.19937749115537484,-0.04419818408303222,-0.053584144386912724,0.09183603103043625,0.2354269451590072,0.34866366062286347,0.40049061644047845,0.4600483299235878,0.5513253190623675,0.5751770597874315,0.5328690292622579,0.6089037321283723,0.6075865766440438,0.6343171479851194,0.5907198064759087,0.3226192744218656,0.1344942655020241,0.04489681944181223,0.04963889281388534,0.06542652410875593,0.38686643305988694,0.5626665903174718,0.7038018983143539,0.7515391180759948,0.6027653497195328,0.9214916894161049,0.5388659784414842,0.7551269338182882,0.5570547825535873,0.6565929371034787,1.0377111328284623,0.9830372159597944,0.11052632702492063,-0.2598394568819973,-0.2664172233799107,-0.08794654743927421,0.04203895647974676,0.19498016120752637,0.30593963688201575,0.40773203641352684,0.5572101851103897,0.6655369684413639,0.7673073726311348,0.8844171837086229,0.9818463707868277,1.0887556619602294,1.1871118345096265,1.2766748402223593,0.5059392917515577,-0.2861165771526496,-0.1494821068395229,0.08174412465916836,0.2878634885305431,0.43849249524817946,0.5638587519440175,0.6649164450980778,0.7197307158203643,0.641575862650565,0.7800680651304694,0.7727863431280247,0.7716805418653213,0.7545873385697347,0.7286428392139528,0.6671995736987625,0.5884038208243447,0.37128966593483603,0.40347874839161757,0.43179813425926983,0.42739253913909203,0.3992528439004308,0.3925458119114764,0.3677682218680074,0.3516857209959696,0.3198923083081313,0.3138289943477355,0.27528376445267466,0.24875262667851628,0.1716644596128999,0.05538994442697176,0.05234069749209408,0.4360580095210327,0.6790014546947196,0.6814760707462424,0.6267789323723734,0.7054015403224612,0.5927202994463623,0.48880494044794526,0.667552504905734,0.0,0.0,0.0,0.0,0.40188868924352816,0.7408726453133458,0.6551569533130358,-0.08162714613330291,0.19414091771801695,0.587716534329112,0.6015609378504012,0.5650942163388307,0.5830936926554977,0.7029596053316525,0.7838643590290943,0.8725217183274299,0.8932349317582013,1.0457226752711999,1.0073791135143213,0.9941781717175886,0.9927876220668161,0.9728169967971965,0.9600602445671238,0.9083032691869606,0.16816781701859196,0.2544874944427091,0.28344786976570246,0.4513851738770893,0.7069507167881646,0.9221056365181863,1.1494304904171053,1.239548733451518,1.2752107180205623,0.594229664554434,1.3924744769917528,1.3497839637857862,1.285416967478223,1.1528399905247055,1.0299576469328182,0.7483739637612506,0.2468489447911505,0.09169181502114343,0.3231747072572738,0.5652948116727576,0.7954034900598979,0.8956036814065194,1.0254526069497554,0.9911045253431323,1.020711871486169,0.9657898672305971,0.9596334268933195,0.8407541361036174,0.7401332287393382,0.643378299014387,0.5474749221823962,0.4462585018805223,0.31008085772725774,0.1877356058961874,0.4447556898270264,0.6109689417376959,0.4976433625621919,0.5356726705667156,0.4776437526768753,0.45486724748413787,1.0329179600651455,0.3455708825952828,0.6825636632130143,0.7088522742800312,0.670487209672265,0.5691457755794052,0.8045471277738608,0.20603912084831805,0.31044027396525425,0.6826919310892648,1.3928022647436877,1.1518469414507926,1.111835907874088,0.8854229405882892,0.6932897474941042,0.4401376870710154,0.3359322513800005,0.2221535060286597,0.09242015438635987,0.022725111390701436,-0.01718866047226153,-0.10928064074129373,-0.16510675151540588,-0.1987705475748186,-0.01830668442601857,0.5629673287643875,0.8563737430689073,0.8188414892879052,0.8085821470332065,0.6841110697788879,0.4658738688472437,0.3294536010708702,0.20192980475955968,1.1730185977969727,0.08967706884773241,0.05798983035345939,0.01109974739934172,0.01241774941531737,-0.022947423760622865,-0.05241556663578106,-0.08489625099751291,-0.03687504446580181,0.15582188358309723,0.48311712649250854,0.5528467979577936,0.5219041113969056,0.48367147030947866,0.4760085781335168,0.5009038250617421,0.46459923225173827,0.4481183575136847,0.41869662658482065,0.3983423106147721,0.4026460049676992,0.3886771554746252,0.3713266884337574,0.4377525947533459,0.5893975258025689,0.6543171727255076,0.6704272613733919,0.0,0.0,0.0,0.0,0.0
2025-06-01 17:56:57.976,0,0.0,0.0,0.0,0.0,0.0,0.0,0.9377438013114642,0.6109399446886191,0.3677520544758164,0.1638947412571249,0.04457577045576133,0.030872447500367994,0.10888059192878796,0.1708262294670908,0.24349132788706318,0.3316056614559857,0.4503763709841136,0.5555586871959481,0.592828322092291,0.627230963391158,0.6931422575279214,0.7349620670848989,0.7210091567816568,0.4281819694143885,0.19320599166790764,0.11308598141060056,0.10462003152550059,0.17569531501092994,0.2797462052632098,0.39228670899051066,0.495368709420692,0.5912176354064906,0.45250838197501186,0.7284254536596712,0.7807598461552261,0.8257881336850704,0.886351996576844,0.9619476544552429,0.6119927183073555,0.22934576940795287,-0.009430674234428782,-0.008507086264060382,0.11067406189543938,0.25736556520208254,0.37862624717339144,0.3878894393830645,0.46150148665012414,0.5223531151759608,0.5914846722896459,0.543712955892156,0.6043782685023991,0.5635657868081732,0.6079714187978074,0.5644841919520798,0.3289756705138394,0.18407800287727388,0.10245402100881806,0.09800419022226836,0.1128874950198484,0.3210761725699595,0.6035549144852385,0.6867004454535839,0.7203748107725851,0.6139290423534244,0.7912368186050489,0.5639798579309627,0.6137853227441084,0.6362158552922736,0.6941539415958199,0.8964231507971268,0.9202351035280296,0.11726244514376113,-0.21918114200630956,-0.21807756883912166,-0.06398463296310486,0.06877119856609548,0.22376018407356457,0.3262087579217081,0.43045135770222553,0.5696258538030388,0.6671857231998741,0.7677302822746344,0.8899916567452871,0.9782206486069984,1.0917738442003977,1.1855172988318112,1.2890628392530348,0.47829219489494706,-0.2866083694320055,-0.1412739630135862,0.09550990629751777,0.3000430689754554,0.4510614233104673,0.5746601542262124,0.6811527727771787,0.7358401788460724,0.8071268675186509,0.7993953138220746,0.7843066131841269,0.785856856209134,0.7723911802408777,0.7392275089852891,0.6665543312118652,0.5919225673442449,0.3727919160536469,0.42128855029170453,0.4319524025038388,0.43449386277814983,0.411945611362168,0.40879481760434055,0.39109277737575976,0.37057141045727326,0.3411767921082476,0.3282478106348341,0.2938341709799943,0.2621947854039659,0.19438079931878904,0.07554344121693168,0.057903521820686366,0.4195316383389125,0.6764008559755176,0.6877788065647037,0.6323939350548289,0.7109052524286523,0.6525235410447128,0.2605394566477726,0.6471800805344992,0.0,0.0,0.0,0.0,0.2242290386386956,0.7934752149139748,0.5430955836071861,-0.07405753103920754,0.17520084701979405,0.5760361617798125,0.5918811210424226,0.5523486455470917,0.5798937340724766,0.6958733340180123,0.7685739556077635,0.8729325651637057,0.8758520389653657,1.0431769343584731,0.9966569434594872,0.9928892702292047,0.9999861126822571,0.9873811555863483,0.9693032803610884,0.9231284912819009,0.158543855071051,0.23376138873810193,0.26704464589053956,0.4251415405068053,0.6797261411162887,0.8892649864127677,1.118861782077555,1.2200158233774847,1.2640432865402216,0.5306962497653587,1.3854525455904816,1.3481763962786832,1.2944595109917547,1.1540125025752235,1.0391714259784712,0.7727418139888389,0.2677059669623259,0.0509999829413198,0.29802624976127945,0.527389457844095,0.7626008739648391,0.8619192801562228,0.9960647407328693,0.9680653891882722,0.9928363953813895,0.9585102168851583,0.9473656717177472,0.8330906727576061,0.7402316535574981,0.639211751533568,0.5568890326421576,0.46040571837007416,0.325232931192067,0.1983498000577837,0.41857043075319944,0.5852643783497807,0.497133112299616,0.5891283738844281,0.5649667612791495,0.5854380568779416,0.9905890433587201,0.3360630942414282,0.6950212103331197,0.8158534237425488,0.6118020233164398,0.6319062949731017,0.550497713753733,0.2150668969859107,0.32663480280905893,0.6862843653770756,1.3881029437742625,1.1415730675969422,1.1013529372802813,0.8676954233379406,0.7009801003824407,0.43434376958789955,0.31279956405335807,0.22167695505975282,0.08222441234541544,0.017107492975753535,-0.024414972724487116,-0.09351987223372582,-0.16682912417154827,-0.1903551421896743,-0.01400742342411071,0.5470629067607506,0.841868474650671,0.8182179573698769,0.8042887658275605,0.6640343330404461,0.4539277303898026,0.33378490629742985,0.2190554316256046,1.1201973249891806,0.11057427124898367,0.07438491248794477,0.04412748511207565,0.03653421629656306,0.014187056381336549,-0.02161969098630978,-0.0460527378696744,-0.01017842154993509,0.1536608793225892,0.46666584676157014,0.5347170429201948,0.5186702109335355,0.4887170179649236,0.490561667806775,0.5036078882331696,0.48052473096512704,0.4666593720445755,0.44583148550784624,0.4325097126405333,0.4296957901602656,0.4230263724707132,0.4035849684426974,0.4643051413525196,0.6234806998713281,0.664432657979012,0.6892129760950372,0.0,0.0,0.0,0.0,0.0
2025-06-01 17:56:57.979,0,0.0,0.0,0.0,0.0,0.0,0.0,0.8905715553680736,0.5876849810074515,0.37211780330329636,0.2127502111286942,0.09945212494324307,0.09112380343985993,0.15469117333248417,0.21007010742842547,0.2677248185793969,0.3405850972475435,0.46287644815765344,0.5597924425534562,0.5782196044331767,0.5965181255045137,0.6555967903306043,0.694738478661937,0.686023879455601,0.449524518790916,0.23514972901479358,0.18606769691821856,0.17820492631136942,0.22712595057805274,0.32061044299581587,0.4260238071553868,0.5236596613051507,0.5915842961549584,0.3799254605127369,0.7137649984649378,0.7557583656146305,0.8000419738152104,0.8284763679057323,0.9008234193810604,0.5175197210611533,0.2291924547007549,0.044377282334200685,0.06989751660184096,0.21337894723656992,0.3173624097995311,0.4092586064049166,0.42565670397251143,0.4868910487340927,0.5478979197298566,0.5592033826357783,0.5202813915502918,0.567496869922528,0.5171941667343964,0.5684982106605517,0.47531118874851325,0.2742256366144065,0.22890923877930575,0.1834239310200586,0.15972559903660466,0.18820968734992194,0.35227974255027933,0.6568947446851302,0.5797370138613784,0.8252362879181012,0.7195766681451732,0.6725497117708097,0.360816666520286,0.5625561656777236,0.5594734327562682,0.7875921289068597,0.8828450243537687,0.7971232796620267,0.0667880314265119,-0.14602631088512485,-0.14127403538454963,-0.004525307496881181,0.10775616119053777,0.2526360354796293,0.3394176236180595,0.4442186486344355,0.5611217270777762,0.6452917935621452,0.7454525585377534,0.8600767932083003,0.9338354457573088,1.0530846190927616,1.1232316149518393,1.2064893881645538,0.4154614307544931,-0.242049615275872,-0.08711992409072544,0.14296249734317534,0.3267334649737672,0.4678237328381676,0.5801837020039589,0.6785862125927515,0.7236970502576467,0.7778392727501022,0.7776691967295002,0.7578079305854598,0.7515942350762147,0.7432304759933838,0.6966381564474686,0.6379244459984228,0.6001734735323347,0.4307843937947794,0.46868516077817857,0.4651903381420792,0.45351970888830917,0.41853060566268163,0.4103985342184018,0.39056022846473226,0.3597481808297667,0.3271549529626656,0.31340587856844326,0.2795466037295886,0.24190418136902747,0.16722719641442374,0.058322405646013986,0.059090624325875585,0.4343830260831867,0.6932341757098404,0.6985107997173781,0.6431132305329295,0.4531077629897727,0.657514475278457,0.21789304407769733,0.6052580313714235,0.0,0.0,0.0,0.0,0.23143274713932616,0.774914130545133,0.575904792848782,-0.08628796136790057,0.18710846612177773,0.5829549268375863,0.5936285504251588,0.553865348561389,0.5720890438754733,0.6821688819406286,0.753580681884475,0.8523144161221379,0.8510907631525724,1.0210161130611617,0.9758751355523834,0.9678231762371854,0.9838341852216073,0.9784629869374735,0.959835172026587,0.899302293979942,0.15999125163111372,0.22608693365735155,0.2459765217718619,0.397859473804695,0.6526891522047527,0.8584193312414841,1.0915093173845123,1.1851472796609943,1.2366037892196504,0.4451285616477038,1.3643230710319392,1.3332929404803942,1.2842056392976966,1.1546379384537135,1.0473195796384713,0.7876256689637899,0.2994021673485815,0.004139760477475385,0.26062502790776143,0.4708362533936856,0.7120057663817208,0.8170722515296698,0.9463774402863696,0.925820486939587,0.9627492103540622,0.9386795716877767,0.9293969003335185,0.8206301738712497,0.7356097301845029,0.6425229910079566,0.5674117047022432,0.47264428415318605,0.3402695056702589,0.18844979207138088,0.3582580318278563,0.5276335183635917,0.5768990556696724,0.5599391815271741,0.5227587733019914,0.7786501316326199,0.7924985367912272,0.4972575302104032,0.814542655292755,0.7167646654404298,0.5532818872388283,0.6944354711453862,0.45381795005386094,0.21524095344358857,0.3360001805014701,0.6639557105730647,1.2926928156141648,1.1033676343525851,1.0274174646918794,0.8153912664971896,0.6782644771008479,0.41466702475097383,0.2984294732599808,0.20911968199211217,0.06925794458530388,0.012386588121511277,-0.025390657912142456,-0.0736328326168344,-0.1368547561787844,-0.17507928355429714,-0.0600003667377631,0.46770194071328325,0.7668178472926613,0.7675837324092687,0.731210473294354,0.5803868706609612,0.40228318971174737,0.2944770985126206,0.1921022509877517,1.0013594217759136,0.11478337247393822,0.08106130193374694,0.05586756303804985,0.06098069422504648,0.04387136237242306,0.03307010030640967,-0.0027458850956361136,-0.045049783920661,0.08483391457345424,0.38308641000308,0.46105653638344346,0.4258807180766744,0.4064196843984942,0.41619723755942584,0.44150648658887026,0.4406104642848101,0.44802295232191214,0.43945859514557384,0.44531563650134753,0.4577678421115494,0.4498573569633836,0.45152611949446975,0.49269048480925953,0.6331741338750577,0.6232794134890202,0.6203750981141136,0.0,0.0,0.0,0.0,0.0
2025-06-01 17:56:57.982,0,0.0,0.0,0.0,0.0,0.0,0.0,0.9804878163853451,0.6581306791719188,0.3947074942688814,0.1920694555740795,0.07092182223025822,0.054616577778138775,0.13257232985700818,0.20698312301239996,0.26577738294070896,0.35378432045466535,0.47944328772712835,0.5761326481032941,0.6126085269854924,0.6386141873757611,0.7002110940551239,0.7537758695338582,0.7288784140126995,0.4490097782492532,0.19358214833077958,0.1447628067793877,0.12978594559199297,0.19245511406992288,0.29416274077507687,0.41792719324253236,0.526736734532308,0.5969991847763532,0.28234259891153823,0.7371432277937541,0.795523044025146,0.8604698247311179,0.8733424334084983,0.9798564675514078,0.6295654126029899,0.21428333281286743,-0.004815767063267251,0.020457233388677887,0.17363317244014742,0.2583052134755979,0.39365804778227087,0.4272601322951213,0.4926131173457289,0.5308046733249514,0.5679936181532053,0.5585072056251771,0.6150310646424021,0.5673614165392442,0.6174448931671025,0.5715997240877944,0.34819897337403266,0.18428649870022956,0.13022003473644816,0.08698963120519965,0.1826949009106682,0.3446782657639745,0.7005821100342658,0.32005330128191206,0.6876691905639862,0.6443632228684242,0.6544894780708077,0.3965172417121292,0.4188177821346932,0.5928728036713781,0.7336797743205067,0.7918095056509362,0.8784154396097905,0.07358090598552547,-0.20312497865436863,-0.2201285742750212,-0.04164552960866752,0.08088654364845449,0.2391287520575931,0.32003926744511446,0.4365524229338351,0.5591935026946049,0.6560876547127394,0.7543168638660369,0.8695851295867875,0.9585259304448219,1.0807161403561212,1.166482323734559,1.2712918125823784,0.46546888650857005,-0.28934925213467666,-0.14034635578958188,0.10390202113156155,0.29617522638900984,0.4480541468732322,0.5733710029773103,0.6754973248091245,0.7297918186223138,0.8795374079307461,0.7991344909759783,0.7835176542074792,0.7747296115961005,0.7736150255357291,0.7326859696345414,0.671048031667235,0.5864333388633765,0.38180655382523543,0.4237444901260883,0.4402234284580768,0.44217325235468574,0.4162383776909444,0.4170302624175868,0.40234154682887446,0.3810332071773239,0.34506496362364114,0.33924455822258226,0.30877236424448795,0.27120351593053993,0.19553310902463295,0.08882305115246569,0.07365025516340601,0.4149833307550189,0.6735475102093149,0.6859666632694983,0.6422505819752848,0.3220246428190417,0.4709567833292127,0.13788749513606696,0.5916426126833371,0.0,0.0,0.0,0.0,0.15816246418226665,0.7008326985815017,0.6600817260191615,-0.1042921156252799,0.16690772974825724,0.5786154273883957,0.5948787111119198,0.5582687685860309,0.5781106108059941,0.6936533401984566,0.765079887927159,0.8609967243479444,0.8625045277444365,1.0333995599849355,0.9833990299334583,0.9688192582571822,0.9907060491249968,0.9729112197836671,0.9499852872282306,0.8642665927162245,0.1398638580674772,0.2322441533758916,0.26689942783594633,0.4223813097540643,0.6900554306926316,0.8823794524930131,1.1222837440691813,1.2101317334304904,1.258315201525163,0.5321613600648947,1.3633163493194864,1.334988779103866,1.2675875138247061,1.1416495277219525,1.0186043035279597,0.7580759535877355,0.25841504752564304,0.03685541438786977,0.30813408708442747,0.5244076899938013,0.7595273183848628,0.8639749495199462,0.9889859009390722,0.9573114530595415,0.9970792146727749,0.9547253754697866,0.9378414026315811,0.8232820751751889,0.7334313451573734,0.6297204532652152,0.5509784248974662,0.4558515542607866,0.31174806967563373,0.17878282771693282,0.4317832880952377,0.596271677877603,0.7615903763299067,0.5993345263201258,0.5219038663560557,0.7807799873796631,0.9072105279948297,0.380210161772215,0.8831706326281983,0.5568760870346796,0.5231513039939327,0.583220246873291,0.3852072062061468,0.19514440017934537,0.3164245404407425,0.6889717294728832,1.3972868967704255,1.1989679679528833,1.1122055513708817,0.8873287688758786,0.7243976699916692,0.4939258347311086,0.34263551884483534,0.2285100353286702,0.07802421462336229,0.007354402789354175,-0.025350810078119457,-0.09271962265489853,-0.14256082680272708,-0.1823428846107255,-0.05021986005266543,0.5562727294016063,0.8405156299541715,0.8311058377641327,0.7976611199085394,0.6610017361653269,0.47350992126629254,0.34954964235809416,0.22526086209027096,0.7045507517417097,0.11740741356131745,0.08372121491269491,0.03990471777167004,0.05139498443242696,0.00659270924730504,-0.002196298650610551,-0.049061946515072785,-0.0635547424674614,0.14745567242899948,0.4538641674082368,0.5137100484251304,0.49450902315812684,0.4917918044504055,0.4614673528277471,0.48302624188828314,0.45492851360388653,0.46765192966725544,0.444272219463673,0.4411954360446704,0.44032030177360526,0.4309809291878418,0.42923526796673817,0.4684614477906825,0.6264316157226696,0.6614401323051541,0.6852280301823195,0.0,0.0,0.0,0.0,0.0
2025-06-01 17:56:57.988,0,0.0,0.0,0.0,0.0,0.0,0.0,0.9393853792069898,0.6452110569145195,0.39156332711708486,0.2211640969871308,0.10650361440552858,0.0883869691962319,0.15734262622214212,0.21923521454320039,0.2761048758106658,0.3617949236503091,0.48186413501504893,0.5680901689646977,0.6031082998248463,0.6265613985439166,0.6770310396901712,0.7125519953606542,0.6753989681940377,0.4500985629348598,0.20941370350789612,0.19528434114656046,0.18073608665524676,0.23873776617608566,0.328183988344237,0.43434247433860906,0.5358488756077162,0.6035174348638082,0.4033528731578473,0.7356250871660749,0.7802170902760046,0.8357059902605976,0.8321768513646253,0.9107273827259242,0.5695021554293305,0.1922471614449876,0.04824638858309427,0.13341792291093868,0.2431969939693146,0.3185466398275203,0.4348012277204012,0.44553322461646294,0.4881146601577804,0.5076628774059524,0.5557677874467146,0.5682487704687033,0.6220435459437309,0.5439344623348779,0.5898225683941772,0.5391464623957531,0.21575039135020518,0.20459121194581836,0.18805878921224417,0.14823752267451473,0.238042907927291,0.6071752218903634,0.6924446916040318,0.4015876799641604,0.6097199475224054,0.5716267503225475,0.508257854585123,0.493768955841284,0.44418791632207427,0.4913678185410586,0.681008033970663,0.5742425644921902,0.8036445488230797,0.04013036474531256,-0.15011559554430376,-0.16153155138467268,0.00439307013603063,0.11529833273085255,0.26830985902389304,0.3332676873497389,0.4403944175898198,0.5502932846606723,0.6465785154212165,0.7414983679517775,0.8482822638629742,0.9386128100329298,1.0530091155406751,1.1286337561653617,1.2206890248528,0.42142676841356913,-0.306730008691099,-0.11009949763889781,0.12216704433222736,0.3268063462931876,0.4537124433042008,0.5785438779836674,0.6701351750023363,0.7265766492339474,0.7926266453450221,0.7925198744767528,0.7661666889605198,0.7596074557462184,0.7471299372044501,0.698550176541199,0.6310088592618369,0.5500925540524045,0.3882292486149336,0.43795142798662967,0.444840703189574,0.43791964131030414,0.41562059481890556,0.40772636016351615,0.3939381527003052,0.3725306318131507,0.333963181635232,0.32600919239689774,0.29807270526779894,0.2544002041465456,0.18045447336827214,0.08127806195729326,0.06140423910307513,0.3974824131664415,0.6699391791394834,0.673870283320708,0.6339771888280024,0.3258393718291536,0.5116759097300683,0.27502729951635724,0.6823098202481737,0.0,0.0,0.0,0.0,0.3128443206219077,0.6982919069889486,0.7131946391619249,-0.09883511499506326,0.15363700820931986,0.5687388550738491,0.5762100429643231,0.5463989817719174,0.5557794097430817,0.6744570187547947,0.7490330948302715,0.8515380796890173,0.8422020539951784,1.026795664023589,0.9833223522862231,0.9673479906285298,1.0026107143019736,0.987066743648209,0.9679713967780017,0.8803923730577938,0.14569352847752942,0.21794019806202708,0.2601455047036514,0.4025389455717403,0.6730614920968179,0.8621730824929519,1.1079574218016734,1.1999115211885647,1.2608739109892018,0.5040151036175413,1.3723473107046198,1.3519456014344136,1.2830257002990169,1.1614327589016549,1.0333125285482299,0.7864655091098043,0.27934116676797316,0.003039966787161008,0.2631195321691405,0.4880774530688563,0.7261880630034372,0.8374353749086467,0.9717165245331612,0.9559116747895702,1.000764048636956,0.9612506141541268,0.941343905111971,0.8299042712650718,0.7515465158221538,0.6525853380851636,0.5728324647882397,0.4837874937101848,0.341885363506446,0.18196361437382552,0.37820658726638556,0.5425776983637852,0.7576448575889264,0.5076755573309555,0.639098130942914,0.8171255577021802,0.8471931952447849,0.3307416971768583,0.8014825043747658,0.476324192250622,0.4835991924118397,0.515445619538497,0.2658410182598915,0.2241635548125443,0.336948851289727,0.6768410611281662,1.3639985952817546,1.1657776191318543,1.037371579308259,0.816749800072196,0.6893470119955103,0.4578623312559509,0.29126801544551517,0.219709236745524,0.08212572309851107,-0.0005444706966237778,-0.01633790198380569,-0.07976149874645289,-0.12008986869271954,-0.15422413100905197,-0.03855519237016625,0.5212301004571089,0.8350401836047062,0.8090574552927778,0.7654265620857724,0.6195958987701575,0.435223309114126,0.31406090694986033,0.20433696172424365,0.726528987191606,0.0993170305830382,0.06519816503766496,0.02722609972300205,0.04513762589560055,0.005489287818723265,0.007941477910402783,-0.038600723784765645,-0.07664405761073345,0.08683418934293197,0.4147248391024632,0.47421293663116226,0.46789647389962985,0.42952529259811256,0.40554914640692075,0.4281962532944654,0.42321541584005673,0.44120423771934836,0.41823449646765654,0.4331657200809167,0.4435327705496548,0.4354330508333203,0.43778282691215975,0.4820033489206383,0.6050660745648956,0.599197443018273,0.6307670369890372,0.0,0.0,0.0,0.0,0.0
2025-06-01 17:56:57.991,0,0.0,0.0,0.0,0.0,0.0,0.0,0.9713799973395233,0.6872064938010685,0.41134742830674365,0.21079461061478166,0.09878687767878125,0.09051333084541324,0.16335420184319427,0.21687124117578915,0.2842539702769852,0.3824566900862193,0.4953155113174981,0.587824269619197,0.6302250288472717,0.6507398844940152,0.722467765692552,0.7564262242585059,0.6856722539311474,0.4673730405538316,0.21382320619775208,0.18786167301385748,0.18213469462930676,0.23170899661583544,0.33531656287461153,0.4330879659470208,0.5429111611421082,0.6090359469444826,0.5291568359143217,0.7542097032125531,0.8000689757159556,0.8456797473227308,0.8470137654889898,0.9605162909889212,0.5913108809380945,0.20401927826843919,0.028065713311946405,0.11946650212516285,0.25157592956492647,0.3323044293846027,0.42856607324322504,0.43444956476600316,0.477285401498295,0.509785016845242,0.582735614319551,0.5906397726891149,0.6391186292554466,0.559339698749366,0.5953991663336906,0.5549730211036412,0.22829214393625513,0.1872475808540779,0.16899676961875376,0.1611139524645644,0.24482783148436527,0.6040951370043819,0.7438592458682036,0.39497066087422256,0.43178966207300173,0.7235807685724169,0.48948741014965746,0.33086767303467224,0.3186397379109301,0.5686334726409101,0.7420590038634054,0.5885882838312307,0.8257462413742853,0.04571765076670503,-0.16089026650135896,-0.18357023473450318,0.011858075017259662,0.11072163400439883,0.2650592584376952,0.3444637864952844,0.4492242373179438,0.5642796196547848,0.6665373705394302,0.7546760778325863,0.8582107414078172,0.9607887131244857,1.069534635798466,1.152480121634838,1.2414994865515878,0.45042423558755035,-0.30982476246425494,-0.13232970219075924,0.11764740282168562,0.3273762789898249,0.44884530550285007,0.5779476026089649,0.6745483595282682,0.7273203199595273,0.8653296942745385,0.7893631243043226,0.7718359624361956,0.7602385570447335,0.7453592023070564,0.7034613915409855,0.6489541949495949,0.545878749244842,0.3790685587247905,0.423892108076771,0.4478270628898271,0.43732540750703675,0.4066275548404812,0.40075713152932746,0.3854635868401095,0.37000245584160996,0.32486618364507325,0.32820854867301197,0.29846541753098155,0.2531234872215242,0.18613514995138225,0.07793430997949646,0.06489329538388239,0.3742323518380677,0.6572737933572902,0.6617844056791964,0.62090032566701,0.3392634561486086,0.5339112131060761,0.422879499419793,0.5292369258010021,0.0,0.0,0.0,0.0,0.34004649543241106,0.6474876709873119,0.6620131363936803,-0.08428337049868728,0.14536321604861974,0.5569675616166166,0.5625871232876758,0.5422994555351405,0.5321964650536344,0.6499950048052423,0.7340778340572993,0.8343118360816408,0.8433590863671148,1.02452005813459,0.9876341656960888,0.9747293961558183,1.0159915307315948,1.0023070299970867,0.9854670025944419,0.918022848358329,0.14019184881739005,0.2015720746321642,0.23384819552815794,0.38680564526327643,0.6678112721558274,0.8612852300205067,1.100668726184506,1.2171100077218877,1.2690332783869012,0.5737944068663456,1.3858381232602381,1.3718804399351532,1.3036803899767726,1.1746870373422653,1.0465344049391347,0.8014617823762321,0.2872919575151984,-0.013398327469366922,0.2580455054386005,0.4938619031082825,0.7368116037737393,0.8474141731797162,0.9881823333641289,0.9556158193050901,1.024618686743111,0.9787770837871119,0.9603052187478438,0.8382966878610648,0.7630113509750828,0.6613485353082049,0.5771832782130562,0.5031773206500213,0.34698222165176973,0.17777711785117656,0.3694279989502999,0.5360199477579105,0.8777459518228333,0.452158350781916,0.737584075086552,0.8589948036469027,0.6046037250566962,0.33562845219602,0.760920433486493,0.38105099616877075,0.48682017893475615,0.5227445154773808,0.3692908198753748,0.24501119234225727,0.3440539777205978,0.6745373106736515,1.3406619723362136,1.1697718073541419,1.0353098344260645,0.8109388678704867,0.6893312888206149,0.4653105468596892,0.29585779504976584,0.19272222330715216,0.08840963321788275,0.020364412609283233,0.005538409328093907,-0.06582753228305371,-0.12161034523677472,-0.15751349886253924,-0.015965959482525882,0.5235645605498132,0.8246859328547093,0.7988103637333366,0.7494230850088205,0.594499486107757,0.4113158628459024,0.3010008081569824,0.1945628522894869,0.6698180649863734,0.08799546325159824,0.049439959766427455,0.019701576521688136,0.038187527270581056,0.010312301369680088,0.001092444465360276,-0.037151215458672115,-0.07811008079939707,0.05650235689363048,0.3861724475209,0.46618077335375374,0.4672122901099174,0.401525032945792,0.3783879691649199,0.39140563528141903,0.4077396480481683,0.4181919666485836,0.4071290277950572,0.42374708157566454,0.4452447928371157,0.4356521150832319,0.43637931938034047,0.4816474721014789,0.5894442612018882,0.5752552575188857,0.601554103414673,0.0,0.0,0.0,0.0,0.0
2025-06-01 17:56:57.994,0,0.0,0.0,0.0,0.0,0.0,0.0,1.002554911365364,0.7083043749671546,0.4228683362512392,0.18789546958181125,0.09671260481056687,0.06535090815989808,0.14393853138932677,0.2037574470625534,0.2743732857743174,0.3708835525803169,0.48308608664578995,0.5838178115846542,0.6368261727899307,0.6525536398585473,0.7268257260865434,0.7616682772529714,0.687722261584316,0.4261440098766252,0.19120115766644685,0.15799381374379473,0.16590798881413527,0.2145101159391427,0.31640546943044967,0.4275289482229776,0.535399224584513,0.6117573241247496,0.450322545673031,0.7571332761686956,0.8150712749793299,0.8598014092460967,0.8755874322187209,0.982524675717492,0.5989616280918457,0.17480634085314606,-0.010859640432641093,0.08024311362279213,0.2249284377441121,0.30438706546617134,0.4133631628628123,0.43630681080443634,0.5147334660508507,0.5173413075172211,0.5953281569653357,0.5557721087748694,0.6640781843823628,0.6338182376889396,0.6253721024555404,0.5839696565689609,0.19674404168678206,0.14747462849458204,0.1194083193666674,0.1280328970168083,0.2128379613966347,0.5811941717145241,0.7406322678561399,0.3603392237970679,0.35832855552533094,0.549161967889581,0.48811326577836867,0.3430073389965078,0.3519846990241659,0.6063370901069087,0.7995587118226914,0.5732212088565253,0.912295012360016,0.04484387623279587,-0.21023567461888926,-0.2325111017833681,-0.031648415396359875,0.0807946095605816,0.2206500923586221,0.31352702284227707,0.43020175670997807,0.5589670730290437,0.6685632576303824,0.7551316586589383,0.8716688049936548,0.9845316197236957,1.0949657188667734,1.1838137451087598,1.2617985248064125,0.4850443549670547,-0.36768987134731224,-0.18461007718142186,0.07831719609181009,0.3015430386166569,0.4203744714425066,0.5670751259367885,0.6694584010881455,0.7230201557924774,0.853640888386404,0.7904361977426848,0.7784059273430232,0.768419335870186,0.7445769491687108,0.7172882285592874,0.6669817286628084,0.5317502570238866,0.34214770815819173,0.390685897022361,0.43602991843351435,0.4210869700524358,0.39315819822711284,0.3899201804408108,0.3759794589792893,0.35839302038084386,0.3205730226807755,0.33025831306945497,0.2912828938455665,0.25072717332025496,0.18201556125470908,0.07809647677934095,0.06649169134634308,0.3671453976605422,0.6479207001327676,0.6498623897477749,0.6149747207197682,0.3133145059112396,0.41769061398409973,0.6407131782780715,0.38254656418641975,0.0,0.0,0.0,0.0,0.516701875406043,0.5843738166804684,0.8618860106543019,-0.08627555565088191,0.17175448484495387,0.562227671983178,0.572082591685227,0.5483851035251018,0.5270538067867259,0.6390882795886246,0.7329193757473953,0.8216528249184871,0.8527245607503131,1.0155092000589292,0.9712329798106407,0.9673705167858937,1.000330290496773,0.9931405013732946,0.9669473106061293,0.8920835810540908,0.1519142768886908,0.217480807607893,0.2494407832699006,0.3956102808736872,0.6816145369888484,0.8621970840802291,1.1112212440807885,1.220465109968875,1.2600586405440086,0.5976141013689855,1.3721005933332018,1.3587198405371437,1.283672139730527,1.1467233242682564,1.019034402896526,0.755142717910117,0.25100861037353833,0.024928247927885228,0.29428868547859255,0.5197818926318609,0.7622799065538213,0.8739341985191016,1.0125774791251105,0.9641434970339497,1.0273274174919935,0.9672970792978357,0.9473173168541158,0.8210754656013729,0.7458133804127652,0.6463462552159001,0.5593451831807893,0.4782030576695232,0.31363196844030433,0.16749089761187455,0.40330445603942167,0.5778977233924217,0.8743165129443181,0.43590300880452104,0.6987584584362455,0.8033656246125932,0.6037893915032135,0.33403871383026584,0.7555828315651061,0.31491481535433813,0.6231283837144911,0.3277763571058985,0.39569427532771184,0.2192290518188817,0.3143981593472724,0.6681544614204487,1.3888377888194128,1.1823599462676222,1.0732376817586138,0.8360237364943535,0.6959402361198086,0.47128766686794155,0.30104744013358564,0.1648902189087098,0.08006637467576505,0.014758883738710926,-0.005804896443045937,-0.08432075588849874,-0.13573072234935235,-0.19064108053412193,-0.013467464672955731,0.5659505921486143,0.8602128399644692,0.8231803227675312,0.7649162384272393,0.6416209121979561,0.43939613857877813,0.3070582786953193,0.18659813762033672,0.6662889043062505,0.08193125550497249,0.035157263541903294,-0.0036900468490781435,0.013296572214122393,-0.025982360917722325,-0.03820422457061612,-0.08119702271127216,-0.1164040017265568,0.11334675152541362,0.43570891700495246,0.5179210588257718,0.5129384906195795,0.44000426547854055,0.39030136548319794,0.4194419171261963,0.4160746152189647,0.41396868266289966,0.3908795662166382,0.39928485441617,0.4175149835070484,0.40374367514756104,0.3927428506522489,0.4594755585792622,0.5565860772996398,0.6087603691941487,0.642543713368446,0.0,0.0,0.0,0.0,0.0
2025-06-01 17:56:57.997,0,0.0,0.0,0.0,0.0,0.0,0.0,1.0211826959216916,0.7067619099274269,0.3693425064024889,0.1272086147378707,0.031189328999668753,0.010956359626878798,0.09770082988244722,0.17033275340453313,0.2520276125941787,0.3455530727053666,0.47271827928893034,0.5870222956949256,0.632700556578671,0.67065998491756,0.7480833869779508,0.7958067273448892,0.7074454940423134,0.3979909156466926,0.14001177105103257,0.0855562086400653,0.08641582722521579,0.1697485546132087,0.2657708498252165,0.39802262638798336,0.49573222784006576,0.5944065078608904,0.7375165755693627,0.7535716807930192,0.8283794380942089,0.8764028900740205,0.914492379842964,1.0398580168689344,0.6780443050873688,0.1545817218159513,-0.05557179570523263,0.0306757539020015,0.17117490633982468,0.2689142305362753,0.3534430465999925,0.39193084432829917,0.47958046880316463,0.503328791799031,0.6126848473875655,0.5496064702535596,0.6647188598230337,0.6547913659125841,0.6421962377792653,0.6318329925489512,0.23902304587017853,0.12106652018929989,0.07412084447831158,0.0951451846612088,0.1731381074261107,0.45767473233910777,0.651120458463251,0.40426596010089183,0.39533286558616854,0.5143981473699943,0.4916738696257582,0.6782924141453887,0.531167027819273,0.6822623471898622,0.9126581335725883,0.6603110404461398,0.9640449163784348,0.04710142296290662,-0.2568000300345751,-0.26069644906409817,-0.06971754931112328,0.050590121862550186,0.18857307145293234,0.29008553064550524,0.4062229731473328,0.558800971760711,0.6607775122307564,0.7516172549700388,0.8786770379399124,0.9955271030635058,1.1047121182451989,1.2063142741947712,1.2725268329944792,0.5211480482367326,-0.39882156206963926,-0.21234561502512106,0.056081342536440815,0.28415099451532333,0.39717011761957144,0.553487146956011,0.6654158649064779,0.7215492157324743,0.9187713324679128,0.7967669934924884,0.7904195335462577,0.7849743195608591,0.7497317142471843,0.7423843325020376,0.6818557450729894,0.5283710308968227,0.3315640736187123,0.38557594058681355,0.4247186151189528,0.4094871829136004,0.38791310320302475,0.38785763432273823,0.37824460899799073,0.36421073821479477,0.3269283732798427,0.3430610022257501,0.30109371074389557,0.253564565161676,0.18456302752608533,0.08474299535099017,0.06460888336033788,0.3622396935626785,0.6379645840346946,0.6465217150232434,0.621920124410503,0.5516209489299768,0.36131069480897376,0.6306284014361434,0.37091965009578853,0.0,0.0,0.0,0.0,0.562127752884794,0.4667410413441612,0.8023869937129323,-0.08344408616561205,0.17249881367332526,0.5548837758732859,0.5745675869016404,0.540260147523926,0.5340529198894026,0.6371168728480947,0.7310793971237803,0.8261472226588347,0.8633543266410459,1.0156176858606667,0.9763839004066766,0.9839999625545077,1.0192672553409106,1.005098666008619,0.9921227363528002,0.9220273121960938,0.1591805569617475,0.20456318952966684,0.2513258580967985,0.3985204283461179,0.6856380838352385,0.8586564397319423,1.1130057044879544,1.2382296040185168,1.260024476874846,0.8213129012512328,1.378389446441048,1.3610217086644099,1.2905168644730936,1.1380044505901354,1.014436734816234,0.7480553883234768,0.2352544649114,0.04750688625871413,0.31393760169305873,0.5448368666814056,0.765075157305684,0.8863653577077282,1.0157820292595963,0.9785164919812794,1.0371569296896777,0.9672484969280823,0.9512923961575952,0.8142187542882574,0.7381252614646409,0.6329169047794898,0.5471990437100952,0.470459645496612,0.3011781049886651,0.154088695090826,0.4229394889702086,0.6022753830148034,0.8666389090314338,0.4396456598943598,0.5698334803742585,0.6787305148117762,0.5535082244566918,0.2865391155918522,0.7434737903279376,0.44468175094506673,0.9285672396422554,0.12080450439198837,0.4922392880337565,0.2031354725487608,0.2913102474267299,0.6709692894914482,1.412318382794901,1.1924512721401392,1.1135543970825728,0.8602756262781392,0.7129310521170613,0.49385186747993637,0.3137507260605954,0.1713956637448637,0.09501835791701585,0.020190574712736886,-0.014121916490806408,-0.10291531306054402,-0.14941503943387568,-0.2186493243410183,-0.017083291107224452,0.5818053851171874,0.8813002962634545,0.8364362319611811,0.7856453138435721,0.6741872449234603,0.4662456421630492,0.3251115160811979,0.21807892670097573,0.47207831370945297,0.11569861829298311,0.05003015775128539,0.03322829358497392,0.03769955551256443,-0.013410568859695715,-0.03704827352958462,-0.09189593603987134,-0.11989093448456761,0.14573383639615722,0.4672260581972116,0.5694503954719109,0.5836889064954176,0.5083415876692188,0.4649139710679173,0.4800806639097175,0.4636776076147886,0.464480733260874,0.41953610733238667,0.43615161035565575,0.431312076777961,0.4212527582366251,0.393930431442169,0.46674841295806385,0.5352266144846269,0.6153045522936519,0.6661341173603716,0.0,0.0,0.0,0.0,0.0
2025-06-01 17:56:58.001,0,0.0,0.0,0.0,0.0,0.0,0.0,0.9311263266500011,0.6377449172711572,0.3543701994907613,0.17383919691538274,0.09599982909137117,0.08517080328857884,0.14507186532395344,0.2008246591873062,0.2778040908176481,0.3655647716075836,0.47874147334072564,0.5805911897253219,0.6215911558543765,0.6545168875604982,0.7109379879362073,0.7529276266859675,0.6666572778720832,0.4180051343519056,0.2086804032199382,0.15809731300447016,0.15792366728016605,0.2368935613706178,0.3179792744001859,0.4358255031714511,0.5103549576020319,0.6111019384004057,0.8072524400224952,0.7450617180062505,0.8088080532163777,0.8359719214624087,0.8637533662410051,0.959269662752222,0.5902701684726237,0.1781263237449751,0.04995173895787075,0.11547829215255834,0.23981195744502948,0.3661366502741197,0.40221023643017184,0.43117794918624486,0.49396447189718096,0.5600835211773663,0.624728815622716,0.5390553444765697,0.643022977840591,0.6382563029732387,0.6211115267431355,0.5661726484358915,0.1917043927142582,0.18067332609495085,0.19111498101749858,0.20418646090451875,0.24285600577076782,0.37954520781859064,0.4907029106969064,0.5015316174176736,0.4371903469357443,0.5935364711482557,0.558103170063366,0.8403897964786542,0.6827892893564023,0.8455995280344676,1.0450746341438337,0.7797492228531826,0.7877782190511369,0.0364766414410331,-0.14477786454162178,-0.141920981005643,0.009034801613571952,0.10973093079948093,0.22695749824615152,0.3237257174470154,0.4198887045813646,0.556450275922624,0.6468982854242677,0.7343762695420533,0.8494087455735316,0.9445244409319504,1.038495722054553,1.1378607679741086,1.1574471302836944,0.4633675030271081,-0.316220959703747,-0.12303630445450464,0.12433948382304161,0.32709091073863195,0.4430541120765259,0.5683813505225337,0.6679004265003141,0.712945644973672,0.6853207150418568,0.7694230861809745,0.7592985222026999,0.7412281429351549,0.708684789053322,0.6855667813763469,0.6410524669766111,0.5580006921971911,0.42731180156525894,0.4709158617451865,0.48060097392916457,0.44799892686298715,0.40754092980071044,0.389561233074299,0.3711492189569445,0.35289659877711466,0.31042763017760233,0.32027211714348636,0.27107754367739645,0.22065173971647223,0.15948430959327686,0.05824034502950359,0.06440675628957615,0.4178647162627558,0.6701144205886563,0.6735078866982274,0.6307847824338157,0.5691357670519106,0.29801682258266754,0.7018399131441981,0.40299503865249087,0.0,0.0,0.0,0.0,0.7513187119554192,0.29606294462646593,0.9376294491252871,-0.10175558814306662,0.198854155660602,0.5696496945637648,0.5834902119712928,0.5479163175132503,0.5287638882810035,0.6192026511427853,0.7126088670020443,0.7974353347467029,0.8260565654479461,0.9721941986435998,0.9472237572210029,0.9554246637898272,0.9864240535085345,0.9856849059234474,0.969813746532564,0.8974465906764639,0.16377076157304082,0.1998763632292745,0.23750613324292935,0.3714339473303152,0.6443553709577532,0.8374572907066735,1.07089801936558,1.1909628274052124,1.2253191514837452,0.6940313407248897,1.3545894696885385,1.3433628988672872,1.270343154820055,1.1352912949602816,1.0190698866232273,0.7602026417666053,0.24847197739672333,0.013413730894204778,0.27285476460297586,0.49544321119757795,0.7088116687288957,0.8388871414143446,0.9507251245687365,0.936199399422218,0.9967610064436339,0.9299113514850141,0.9275267154464748,0.8015310820482894,0.7282705483850559,0.6401072306328024,0.5552077809679693,0.4842148774811025,0.3310209792537747,0.1548351259817959,0.367012647984561,0.5338946404075992,0.6965479707124654,0.3888546211612547,0.6075359026771668,0.64552728232753,0.6068621285759475,0.37528475331417943,0.664717868931906,0.4748013567108376,1.0687708671607141,0.16739195181054795,0.5428696405152315,0.22317329839404193,0.308792401759218,0.6553080511459047,1.311971251861511,1.120828963773037,1.0375292751960492,0.8070653870949684,0.6431140113432312,0.4342231121252891,0.28822486690704974,0.15245374882258744,0.086570360128295,0.01740182364697085,-0.0028536458368018103,-0.08269315711820169,-0.14002080752498114,-0.2067633476911367,-0.037897968204124,0.500045726608856,0.8077191413667704,0.7798540738067039,0.7214591561831986,0.5833588309810236,0.37782882816010765,0.24861806777888096,0.1754860152358142,0.4831503633387926,0.10095200982633523,0.02985399630327068,0.036378897863583504,0.05213838211477284,0.025041562693773334,-0.002512205879587337,-0.043973773497404334,-0.115165368141742,0.04121727584631307,0.3617699149656875,0.48269164985459,0.48455202838582645,0.3907027389986133,0.3750910881061704,0.4050198397077054,0.41380622537900513,0.4271969156795441,0.3985157542519353,0.4397208274041926,0.4571965720124045,0.4481725372953077,0.4410898080431589,0.524495506627525,0.5659668631209477,0.5616033529155134,0.5475397907630459,0.0,0.0,0.0,0.0,0.0
2025-06-01 17:56:58.004,0,0.0,0.0,0.0,0.0,0.0,0.0,0.9908110823672457,0.6791126376635328,0.40546652114422255,0.18510897044355312,0.10120532902119295,0.0809581564514742,0.12601530556446272,0.19511597512955858,0.27051104209041454,0.3684304251076089,0.4881041813042554,0.5954298409824108,0.6428948151699947,0.6790118229281566,0.745862953886156,0.8085641132616057,0.7190258904625102,0.43766541525909136,0.239998551577978,0.13782786850960427,0.1458352856538756,0.21632331974002827,0.306816787479562,0.4379955923032508,0.5112924229713427,0.6222417667983453,0.7712016019282293,0.7566785451337005,0.8263691652739933,0.8589100600138445,0.8898946235233789,0.9979082856609277,0.6487629262653536,0.20211277531113753,0.04558252017067976,0.0526444913701567,0.22091504542021245,0.3203521405962544,0.3995197301861162,0.44195444458442523,0.5002101471275995,0.6099018639955633,0.6397457318254045,0.543321061699417,0.6384250069585814,0.6679761062747633,0.6362465579438688,0.5896675397467843,0.24143510270293767,0.1764623409445401,0.1720900970144147,0.19432305689857432,0.22716533405248418,0.18245972012464234,0.5222920506695069,0.39276247106424805,0.5971834555342218,0.4341353020702131,0.7593186596493102,0.8162484429271537,0.6461613899981287,0.8526769132529671,0.9201142963549509,0.8309848587165447,0.8244407767159152,0.055539953923154556,-0.16540173705493633,-0.17512193317678992,0.0102114263478017,0.1071542758552364,0.2218274920600034,0.32646625947152796,0.44189718773738473,0.5820175326314101,0.6696501418137504,0.7544733841278815,0.8736388469834752,0.9604376689420668,1.059672821359286,1.1746719974443716,1.1910941851800223,0.4730205266254927,-0.3384979402629348,-0.14260849507398965,0.1250570132873159,0.31622020053089694,0.46375875225226393,0.5800004678967081,0.6835824529336962,0.7271452336145583,0.5179033368007417,0.7881649752535067,0.7898200452515408,0.7602061018545071,0.7432566578661431,0.713090185558457,0.666493134052938,0.5649783689148241,0.41407868586402785,0.4590521865445165,0.48289849911088045,0.4587270893071629,0.423869151953457,0.4015997452132427,0.3883954253013746,0.3811468625636769,0.3408699169766385,0.3406044942803792,0.29480760462840006,0.24770855576901507,0.1860941839907727,0.07494106148676849,0.07281479030394811,0.4060621244117003,0.6677542841009287,0.6821576478561424,0.6365288095100712,0.5926050283104156,0.36023319853988606,0.70516833878144,0.48138758488855515,0.0,0.0,0.0,0.0,0.7494681830986814,0.2815410614178881,0.7838125813700302,-0.09552140024888206,0.19866575487019827,0.5613843880478596,0.5831886469898164,0.5518120917674157,0.5380559555191717,0.6329037973769525,0.7249068830650058,0.8098303305259438,0.8437590581468042,0.9920494460087208,0.9622684441440921,0.9678823677041142,0.9892726087051749,0.9835512436558258,0.9766939237621499,0.8901444143393535,0.15265382716740994,0.20893782452796972,0.2488364276200783,0.38468160823551356,0.6610127345037695,0.8739517898753424,1.0964933421463283,1.2170060821655182,1.2441673961898447,0.651671052495584,1.367459578570155,1.3513788087424983,1.2767678689521207,1.1386239972427736,1.0177945813418992,0.74936356736318,0.2242131527296377,0.044068583043246234,0.3124701152928885,0.5393213728626045,0.7513291256360981,0.8810389642774761,0.9774512071854589,0.9662535664546341,1.0279116203267993,0.9547069576614402,0.9540995283287215,0.8149063812127394,0.7358212883290777,0.637511360072661,0.5529275791388323,0.477232203845641,0.3196215498610931,0.16853625816712314,0.41148058322252723,0.5912723563437444,0.5548777255282961,0.3616873684394103,0.5446085932052137,0.6344472555493984,0.630401071056931,0.43781154193671423,0.6131806981839694,0.4251963694590661,0.9819802701451618,0.5122542663023217,0.4156282957376286,0.2068239937570095,0.31523663371592264,0.6751987263833196,1.3651420525628797,1.1801656538448433,1.1116223199974584,0.8938003905047993,0.7113146554491296,0.5015406393179092,0.3367437190338767,0.17073289155460403,0.11657880112169683,0.0268579733166725,-0.004775213582517757,-0.08334204345953367,-0.1517534974434278,-0.201442209841168,-0.028667829632367525,0.5261395567280613,0.8450661307816918,0.8248955722825142,0.775199920831198,0.6407682815910676,0.4446725897382744,0.2973018562582923,0.2076951877300941,0.4551986062327764,0.11485859567772616,0.04779243796326926,0.04155029655788023,0.043053224145780944,0.023179308427499934,-0.027557312553051827,-0.06197008578248886,-0.09079768465691279,0.08412218294601215,0.4028143294968833,0.5285807487083931,0.5184029174191243,0.44316173286447924,0.42828731294564704,0.44595190431328335,0.4400225838081113,0.44633078865924936,0.41095599157032203,0.43900007306982936,0.45162595151306184,0.44600660586245,0.4445463567477266,0.5163480179055522,0.5698897023273086,0.6017260378705479,0.5733710969929384,0.0,0.0,0.0,0.0,0.0
2025-06-01 17:56:58.007,0,0.0,0.0,0.0,0.0,0.0,0.0,0.9355493114723447,0.6391446707046587,0.3855837782695235,0.2030007158467163,0.12525988903314855,0.09706761043494583,0.13573365199439957,0.19569054054842483,0.27782591548852864,0.3582776962298816,0.4749689489932521,0.5710201358838781,0.6258978213474706,0.6515606284120246,0.696806701015818,0.7608897092457185,0.6909523587242131,0.4270830636891864,0.257056501257516,0.17261123691976976,0.16223888718220736,0.23607049969679528,0.3105258143723515,0.42989669734730906,0.5017475949802206,0.6084664397280459,0.6225270135192039,0.7305359885007202,0.7872978386984988,0.8172365677485408,0.8401809837749346,0.8900437223911905,0.5733684724292523,0.205340651583291,0.11637277171993576,0.10859810868443898,0.2488487527615102,0.3401961896577108,0.3927490017197681,0.45809757349331437,0.5014890730953128,0.5983041184715037,0.6291091197429655,0.49503475823212095,0.6147178939639165,0.6353549151241611,0.5822615666726694,0.513971239260606,0.20275890169754784,0.21245866819689074,0.19318901616573225,0.1944354308344598,0.20924448369688764,0.16752759890939,0.37589079648043566,0.2872335480408385,0.670171096184651,0.39908943709158007,0.7260028435159208,0.9478712072207434,0.7432166878335047,0.760539267502588,0.6053136254714429,0.6831547070963009,0.7708382382926318,0.0745706194652763,-0.12567893230939609,-0.14418324217892975,0.022809999171724105,0.11848782451133122,0.2297278235950997,0.31481117198754127,0.43058093409300047,0.559469742988713,0.6512634082050721,0.7339078059831214,0.8504658704166063,0.9245157817945697,1.0311946631709508,1.1313599095023261,1.1384271529300307,0.4263741495949414,-0.32074049665784055,-0.0867469552829101,0.1505819773770667,0.3220644384641089,0.4673640216860857,0.5800423207482135,0.6728573930846413,0.710372782295652,0.5469474233920619,0.7697978191808044,0.7632717125345748,0.7334522956676993,0.7159074830916673,0.6790733432720686,0.60701017285515,0.54983159077234,0.4264425199815126,0.47983387579319414,0.48396511123707975,0.448743176577705,0.418056783998902,0.38985215430591946,0.37347136247874246,0.36246012144779294,0.31646710911903897,0.3117091639706351,0.27083668561379537,0.21653837349457428,0.15037060385118217,0.05009785589690818,0.03846288541927817,0.3987718041261885,0.6609848739672299,0.6743097975660741,0.6213644597549903,0.6523712001843323,0.43635017844017426,0.5783229511339716,0.7032658405350916,0.0,0.0,0.0,0.0,0.6822456853111603,0.3963965655681629,0.86261097522281,-0.07232857344235616,0.2078438287550844,0.5566727554844513,0.5703645570654907,0.5266138757989881,0.5207537593745322,0.6041407685728524,0.697303348990296,0.7848306059860803,0.8069336517695476,0.9592120601054419,0.9389549064235472,0.9482332158599129,0.9872404708828177,0.9835164440730306,0.9894950947974643,0.9297209121937136,0.19922527374471533,0.18751093236637084,0.22584116694847678,0.34507809121206745,0.6088478608357184,0.8130974052141413,1.0371640225934229,1.1609851334021914,1.1958539421468675,0.5596458928179293,1.3460059088821623,1.3395409677641084,1.2774150294222697,1.1498996882083885,1.0466966613434454,0.7933660772769298,0.30025903368064166,0.008653177310646465,0.23545365300094445,0.4547482314729683,0.6705895240825281,0.8021219938790523,0.896347695071734,0.9149909092599586,0.971828411533032,0.9258995165520596,0.920890024561904,0.814039529306339,0.7374009009057984,0.6474570533524051,0.5804361116553635,0.5044456010735217,0.3630906479919452,0.20024848052586963,0.3222286887169509,0.5035288881175995,0.3969443142534145,0.38284117141568885,0.41293195839532737,0.5923279432021895,0.7444202749367252,0.5188755305742608,0.5025286817465742,0.4207069498008889,0.9672451098826936,0.3384742780337001,0.2398999951891382,0.21944920038923915,0.3365722337391777,0.6465020771161654,1.2824192837981134,1.085443253600096,1.0123592895325269,0.8171380278946621,0.6293691142355413,0.4346936092519822,0.273652926503005,0.13324670094686364,0.10787747961991667,0.03891432714138876,0.001147822919307706,-0.07429221915490947,-0.10829520969164363,-0.1525450776894054,-0.04884131015338056,0.43143497253735913,0.7860392249082886,0.7748599148613284,0.7178414329033239,0.5631007645794568,0.38735683211272187,0.2296485332619005,0.15689036256233524,0.36372966617113867,0.09137692220338467,0.04321765061734584,0.03934964625638204,0.04481299240256653,0.035266657979594496,0.001727570592422789,-0.02101566511710795,-0.03474344692860731,0.0893336786456238,0.3677139509826311,0.4779328484622134,0.45343033011104006,0.3781576674829623,0.37330296576339617,0.39399028279508186,0.39647048300132504,0.42384501666501007,0.39220030016257645,0.4119018136766932,0.44146001361479636,0.4437625370295596,0.46090906872401716,0.5428784785533658,0.6038942664588557,0.6061953322752857,0.5651571645135893,0.0,0.0,0.0,0.0,0.0
2025-06-01 17:56:58.012,0,0.0,0.0,0.0,0.0,0.0,0.0,0.9898182439923054,0.6714557911418583,0.3736880002729889,0.19357854688193254,0.09385468256187735,0.07512881593478415,0.12038486513191404,0.19410927289127966,0.2820434697454034,0.38312210954101467,0.49938172241406326,0.5889079061605875,0.6467902110089496,0.6800927180755192,0.742803778153894,0.8136394322433862,0.7177738590019116,0.459365805569282,0.2561424255932071,0.14526126382092486,0.1344218794262082,0.21875598186898326,0.2988087216197386,0.41676324095365636,0.5015353137311329,0.608224560397624,0.7187594369841092,0.7407226083145125,0.7999999226267707,0.839113936493325,0.8640719754325532,0.9405726827677571,0.6253477474033413,0.2001699081308248,0.08737961045741727,0.07195393475381007,0.1974314829551833,0.2959213130183196,0.35122533519804744,0.44483057936647996,0.45793120864756576,0.5670534491745043,0.5885966423098412,0.5202714018827758,0.5999896878291767,0.6264648631356584,0.5672055555321127,0.5443933956489457,0.2524890057147357,0.19386833415696791,0.1681830928349748,0.14813172436630673,0.17426828073894063,0.26485880850416593,0.2690447057533858,0.35039531889582337,0.7364609517373729,0.5408392258578436,0.7307208276525712,1.0411334245441966,0.6532214887367014,0.6742122651177409,0.45324107656237733,0.656524148306048,0.8089602908133824,0.0747179973467714,-0.15124370212862903,-0.17971614628699895,0.01759599039770854,0.10470376240525092,0.23325029898567706,0.32729829974205926,0.4382202584547459,0.5633214708237289,0.6653483283489978,0.7547973538230017,0.8672984223233112,0.9321078258714719,1.0562398339784052,1.1498069321926994,1.182720876812924,0.4526755324460498,-0.2880528468643381,-0.07827629922115631,0.1485853076720649,0.32066119348368916,0.48240845194481796,0.5838930740465686,0.66769139867582,0.7124399094014924,0.6012276325488648,0.7761118044895694,0.7685976713285624,0.7384262442742321,0.7271350965208655,0.6837334543769176,0.6099871195245418,0.5487113386803341,0.4261026188490088,0.4849851499021982,0.4795023789459274,0.44950952383719867,0.4215768391058752,0.3985385155127634,0.37294786076598285,0.3647212013188328,0.3175275854842392,0.3093916816055531,0.27625491809053293,0.21472093971574457,0.15485031795223902,0.04368990620666735,0.026418862877031768,0.39681664505070513,0.6595345874772548,0.672052542942952,0.616413740694445,0.6921720407105814,0.6211506500184791,0.34233107572794247,0.7869571640851762,0.0,0.0,0.0,0.0,0.7776712276587547,0.3548617627580504,0.7794547710811531,-0.02762045736006824,0.2017688925627949,0.5510852523865806,0.5630774532322855,0.5198068089232005,0.5163384670562454,0.6017031722338151,0.6980477104672196,0.7842654814897325,0.7990495335656509,0.9690848051340804,0.9639794114026876,0.9592445741342055,1.0076509387632715,0.9937567785590322,1.0208777750872406,0.9973759080638656,0.22163303620732056,0.1719580136751092,0.21113608445945864,0.3294641878920972,0.598229500612157,0.8081899605629617,1.0277819366592018,1.1550171869879866,1.198160159569529,0.6450364348155395,1.361401395281034,1.3625555786097179,1.2930590986536665,1.179183544672552,1.0682757254854043,0.8299702078870398,0.3421600065613848,-0.013879210883601945,0.20774065641234085,0.4480473701773078,0.6595577540459021,0.7792304348973762,0.873271065157375,0.9213376852407438,0.9750522095087844,0.9335798990423658,0.9258768535063222,0.8368725660346291,0.7530824305271401,0.6649539482416673,0.5978721375201389,0.517755256240086,0.38038875101993935,0.1840591082625681,0.28914506954537456,0.47985225001579546,0.47283410264320713,0.45661054234988707,0.435451904319364,0.5974832222611357,0.6250686034882746,0.6008136927698229,0.4691350226661544,0.4115484118733261,0.9143490412110088,0.4424396542915321,0.32179968333137365,0.23560968082064698,0.3421407199862064,0.6247344005420863,1.2177433264623418,1.057891584543214,0.9763995998435971,0.8072644072960298,0.6270249453367689,0.4572795812221937,0.28519733818354953,0.15969474281852603,0.12969568086401417,0.057953677326592956,0.026222425335085342,-0.05830893125210146,-0.09091968698573194,-0.11869382353505159,-0.04497913325989239,0.38601867905732506,0.7468693837356707,0.745721076456153,0.6825129098046477,0.5161348107001476,0.3721213890507862,0.22324817567210808,0.14079241199836257,0.46943156574556644,0.08784252313005014,0.05444528271478988,0.05568384088617884,0.050978023765364644,0.04036856443534809,0.02701754350780472,-0.0009771697204412066,-0.03142310341343307,0.05862636004719968,0.3372533646700751,0.4382534568170183,0.4135995477857346,0.3401929392585483,0.34272624726949164,0.374652743996847,0.38655216065741516,0.4118061772001782,0.38583264156197017,0.4115238015940017,0.43002782928909977,0.4543968489357707,0.47047723195777347,0.5400071906406767,0.615497153271083,0.5777060992953141,0.5098882784400478,0.0,0.0,0.0,0.0,0.0
2025-06-01 17:56:58.015,0,0.0,0.0,0.0,0.0,0.0,0.0,0.9540253022137394,0.6668762505016845,0.4301675813101443,0.2542210091931062,0.1445171463160161,0.11597155775473322,0.1498678668247705,0.19899908502428842,0.2778448352369941,0.3714432149330994,0.46765588355836124,0.5568586950438779,0.6160845771413117,0.633439675774624,0.6847400743495852,0.763927347928144,0.6936911876758921,0.4807226266778903,0.3337037976900965,0.22180091494105658,0.2098292246103679,0.2541329822897571,0.3349192519065316,0.42341914666682734,0.5068850229024509,0.598108985092336,0.4564494236275308,0.7133392795756709,0.7553046074677019,0.7832451510256059,0.8082646949829722,0.8231955403884524,0.546019154260702,0.24038226467223966,0.17542489275552153,0.14192067253572138,0.2311004016967284,0.36100042176220337,0.3884459046705946,0.4662745724580186,0.4976683839327687,0.5653054356498335,0.5711646621923119,0.534537967322355,0.5814585767698094,0.5872867020987378,0.4942926974731734,0.47982819654815906,0.230500624979117,0.2681575155162777,0.24733021032727676,0.23535849917060236,0.2550643803417252,0.3727009769467419,0.29671988391340626,0.4889814200760108,0.5212779376535056,0.6158771473569893,0.7654472284115501,0.8051343135471442,0.5137812192828544,0.551330295199922,0.2525062308220638,0.6196200952599986,0.71229323413372,0.09968133651705016,-0.0545567138802483,-0.10222760538400721,0.07856786294892615,0.14947798002466528,0.26672304929383905,0.3564040297970259,0.4507989357305191,0.571041371078352,0.6730209349762777,0.7483385565824816,0.8539326326876676,0.9276311388910012,1.0371047218783278,1.1151619467481204,1.1497201774431736,0.38807074682789106,-0.23649397753775725,-0.030576989740638716,0.18686174817849266,0.3546918260730816,0.5129326678944484,0.6107304792007917,0.6815085134725654,0.7231935090909383,0.7670267173009824,0.778699149716201,0.7610836114378646,0.7273834215199363,0.7150771323933541,0.6657668819257279,0.5792069671669547,0.5493111124221579,0.4591677939370805,0.5096231651954883,0.5080652474411955,0.4719290592504948,0.43769935883512257,0.41698841419434807,0.3828220547814607,0.36079913192751367,0.3195046140770923,0.303770750605296,0.26052713441335706,0.21331618497996674,0.14851115218846,0.030169836665795202,0.021987160305532827,0.4176750986149991,0.6716517178598111,0.6800370384796273,0.6135187937478346,0.6672265353681637,0.8035523081350144,0.5137174369502733,0.6449109046160411,0.0,0.0,0.0,0.0,0.816470323064955,0.5262531817438907,0.7469176100863016,-0.018457879686014367,0.20856405487436963,0.557513351911206,0.56019176357636,0.5197699809972313,0.5013091234571161,0.5842493395619519,0.6756502012498449,0.75729385683736,0.7668940038648753,0.9387748374384763,0.9395166370039387,0.9350698659660901,0.9917673194214851,0.9923648735939952,1.0090220688069382,1.0035151890743503,0.236083969847037,0.16314231173474525,0.1918084046508759,0.3015683893906238,0.5613707213616599,0.7712656131787421,0.9900698259484875,1.1261068188602914,1.1719840285991039,0.41667673589326165,1.343830772514056,1.3537645255479482,1.2856628843414784,1.1756069088211456,1.076428297390087,0.8499650491959322,0.37137925034698865,-0.04332955185295201,0.16288001133867003,0.40894996909663295,0.6279560894755001,0.750103231211557,0.8418206001833415,0.8848738377289946,0.9444230184382021,0.9124629068123893,0.9157658981089041,0.8350239599213615,0.7552833334200658,0.6747261531472233,0.6088643442257469,0.5292300892790208,0.3950532582370091,0.1876379924443053,0.2382963936180027,0.42653323438801793,0.4176834364745833,0.34895211053522723,0.47536818497653177,0.5939167625310517,0.5589549163782734,0.47237031329905477,0.3686558290952732,0.34325194940310283,0.5612180083275078,0.4417486861328146,0.35710937328764547,0.25415625307977857,0.3468103981278599,0.5968739884377879,1.1599080259871795,1.0339258750825657,0.9443974833176959,0.7786043660856823,0.611372424618746,0.4652146916153428,0.27590426864859685,0.16178363491105352,0.14136341975254973,0.08000347270910257,0.04819786668901238,-0.005847087319520661,-0.07456656883363111,-0.09038097125856909,-0.08931868926708264,0.32462594362760316,0.695853438468669,0.7121175356543321,0.6575610700913089,0.48739414407517634,0.3408989150204289,0.21561523568238283,0.14417287419556324,0.44473848922697046,0.08290795676074647,0.06351584406120336,0.06601183249154774,0.07707018055334325,0.07463884307690916,0.07551839380557501,0.048834173288644867,0.004861068337372598,-0.0032748026592503976,0.2674325012257612,0.37837579115578124,0.348741464854347,0.28219354947659614,0.3002505276641869,0.3495575595990221,0.37665631923042175,0.39814436159844613,0.40625954611478154,0.4191326639388333,0.45629612368748895,0.4856351216285596,0.5039627270734321,0.580407373225593,0.6467198370072585,0.5740245574588162,0.4623758464522565,0.0,0.0,0.0,0.0,0.0
2025-06-01 17:56:58.019,0,0.0,0.0,0.0,0.0,0.0,0.0,1.0233323209916947,0.6931938375700559,0.42041413417621576,0.1755194641707768,0.024497664663213792,0.012015539017432464,0.07398211236732533,0.13321018512326777,0.2360970426045108,0.3402333980268506,0.4521257552454577,0.5599873138878954,0.6240051961635147,0.6527582988063959,0.7294625652349839,0.8094063914778578,0.7212253672489123,0.4526493350088277,0.24373544063669217,0.1025013186546141,0.09802403306245355,0.1492668631686691,0.2592801502483366,0.3659571735694669,0.47473551909055556,0.5693707664792695,0.5051379962915291,0.7293918666824007,0.7884148271655711,0.8307970121445071,0.8773514110274883,0.9423647479341014,0.6729991859530327,0.24958642610803328,0.06413995057461752,0.006272892379379114,0.11102380465956285,0.26096250238296914,0.29002447383636354,0.4100187287511192,0.48349382220421244,0.5396420462489233,0.5648794634374987,0.5608475623856469,0.6038531662753244,0.6031925055399396,0.54078514071238,0.5637438056305817,0.29583156852108505,0.22090549688151473,0.15331870160973382,0.13245521035834162,0.1813389989934422,0.42624207705251144,0.33440579194290043,0.5338016491958943,0.49167890143042603,0.5494586797148461,0.7311469295414924,0.7774706070527491,0.5459337127962911,0.24884095910524887,0.32387561244364327,0.5491156918672396,0.8502792817950073,0.10140940905642284,-0.1532025202576608,-0.18858162041096316,0.002155559413970831,0.09699582177548072,0.24203796733223215,0.3383261425166537,0.44201976398248477,0.5792081866701073,0.6828357160423877,0.7643398964741828,0.8840987236540386,0.9724906814304932,1.0986149266098246,1.1854788575616557,1.2623433491350762,0.449828301533782,-0.30933093107876664,-0.11470695825415533,0.11551544068613673,0.31276323562198205,0.4810539669791458,0.5978045676691082,0.6776276597874782,0.7379743660542346,0.8175099032437101,0.8073800791972501,0.7939484050427522,0.7693906642792069,0.7626493203535677,0.7212093371411117,0.6256691394280622,0.5306086449759222,0.3712389087774238,0.457431177329259,0.4800044904690892,0.44591501542064305,0.4343100440674996,0.4277416207272995,0.3985518565741266,0.3871177979029594,0.3485853617596928,0.3355800910880935,0.28946576726390494,0.2520640952381439,0.18406940528846916,0.06010671919193378,0.03264112037251399,0.3915928765839357,0.6543042157996796,0.6706730633580242,0.6105181873232075,0.9829838424083432,0.9290348535032997,0.481642974407337,0.6444522109107039,0.0,0.0,0.0,0.0,0.7585788736066927,0.776831440131613,0.5943478479730768,-0.02473750365963806,0.19271161197122583,0.5460857434106694,0.5569331295141839,0.5190096934902452,0.5060766885377874,0.5983993023562089,0.6903521544428224,0.7731604325192039,0.7832132563533034,0.9593833347152794,0.9501979196065613,0.9456008261373794,0.9992737836208934,0.9967742853631771,1.0101853771270082,0.9920344834628281,0.21846522367276505,0.17246339940506744,0.2018209070161202,0.3241367288802588,0.5908144459101816,0.7961190584602247,1.0183307325226578,1.1571590366510345,1.1916520015243697,0.5653427724290918,1.344038995880966,1.3477859990368506,1.2804917864268797,1.1596745369897539,1.0489540342405326,0.8083789792574486,0.3114722382892423,0.015551171662848695,0.225142655249721,0.46856802029367617,0.6750330464572074,0.7935929016981034,0.8900147547013879,0.9113998271226251,0.96155803683504,0.9224758023894735,0.916980370292809,0.8142268848228055,0.738484663846163,0.6486060630907466,0.5818588547429222,0.4964146430960854,0.3479189524903288,0.2165511043663513,0.3246462813090011,0.5138973997233943,0.439179165700586,0.3759556440459544,0.4790760971215362,0.7120776380697736,0.39488178614518493,0.39436797019504,0.24093418366133723,0.37603859774619014,0.5232343263651609,0.4450889328080183,0.408537016628128,0.20819905767602448,0.3343826425822634,0.6364516493459081,1.272333594113695,1.1153533489755254,1.0193598226853853,0.8093201617766357,0.6614127687681839,0.4920183099210036,0.28159516426790576,0.16765330310884297,0.1314833916261,0.06248903481699042,0.0018101914547868914,-0.04776800138819304,-0.11826185802982359,-0.11636570343338709,-0.06847388173453972,0.4218733214433829,0.773038926335002,0.7792604923582227,0.7411077169712393,0.5827265618413173,0.43158729726595446,0.2969145800405011,0.1818925440925072,0.4429477774888214,0.09519455713134928,0.08266782050753996,0.06430724481940309,0.049367185865733076,0.023635308257407228,0.022044665158381993,-0.004510247833402481,0.009765423845705667,0.11951672340494024,0.38274164609318845,0.4687993273225972,0.4519396714074799,0.4120015542668154,0.39739891933253046,0.4334757903425983,0.4347500018449526,0.43921840171490545,0.4248685304968516,0.42771473589012743,0.4308314074435218,0.45374790479279403,0.46291545732717765,0.5260307167966403,0.6115003338184385,0.6032094819461306,0.5866549487099992,0.0,0.0,0.0,0.0,0.0
2025-06-01 17:56:58.022,0,0.0,0.0,0.0,0.0,0.0,0.0,0.9306286530689906,0.6301208570153127,0.39639332205374056,0.19387281886661023,0.07276701939219554,0.06633585507822459,0.1287480599689793,0.17051726328512795,0.26990574085759433,0.3514909968726444,0.4536507441025361,0.5508587999630815,0.6036309418309205,0.615883333934992,0.667462674574486,0.7485555369863893,0.6755849466463661,0.4546936562961121,0.2908485853791124,0.1828716057435299,0.18028110755420768,0.20107948169600398,0.30443794788978806,0.3871320804698448,0.5007240929393189,0.5654837301695432,0.45828853600652797,0.7148838548628965,0.7615435363709713,0.785682778613518,0.8203500349841306,0.8757818082347449,0.5949124092346116,0.27140096699858474,0.1438093948110991,0.1070386879948324,0.18418409482460762,0.32621722448729584,0.3456144603055902,0.45031773122590035,0.5036988156766713,0.5462506654503476,0.5579717082292235,0.5481093753241656,0.5903393739277516,0.5840530476466521,0.49331800327779096,0.5070344490934422,0.3089241788712506,0.3150752153917805,0.25555071329843215,0.22257043804440801,0.26767669099170543,0.3890960902447616,0.38142753999098744,0.6629728450974881,0.3728027824062685,0.7549591244430579,0.4198757115780525,0.7909720568575364,0.5155621573994111,0.3318020705821829,0.6297362309720369,0.6055515039117502,0.7046349930227906,0.09006494637099857,-0.04849713117515919,-0.07383232240894011,0.07890303833048518,0.15229753205447616,0.2892169604458028,0.38114945161256,0.45641821542443317,0.5706795323024658,0.6668436996165497,0.7534310538990943,0.8556740245036029,0.9364658940433819,1.0404133942023948,1.1185772026791092,1.1631644271493518,0.3917751559469203,-0.21747253207781403,-0.015269771329606385,0.17642388522509522,0.3636874910020984,0.521051539643052,0.6184601034050696,0.6816454502507545,0.7405187869381018,0.987326935647491,0.7899796464698043,0.758813722506403,0.7345952724213513,0.7243178482172231,0.6714511956581846,0.5802957865120332,0.5607229706218613,0.44327906434164654,0.535681212236943,0.5378696403877756,0.4817971651652575,0.4560186734485401,0.4399586063834353,0.3980751558951674,0.3842012000047912,0.34101265646856693,0.3279724317514907,0.27562347430648293,0.23595833647840636,0.1707961473783487,0.03698336902196564,0.036903165929139226,0.437697079352392,0.6767338776008927,0.6817464305421068,0.6177972118395179,0.9413141277015928,0.9268879886336834,0.3327512706013757,0.6720924353637101,0.0,0.0,0.0,0.0,0.8264297905708191,0.9707895159738145,0.6149758449528526,-0.04440173992976881,0.20182991117789034,0.5584240837547534,0.5656894159544894,0.5244480912527908,0.5004724922709471,0.5899669932168103,0.6903124389442516,0.7537754513525607,0.7575384309349684,0.9363612518467113,0.926288429750104,0.9205026617212249,0.9816985868363837,0.9790923665279503,1.0068486239232644,1.000514101701497,0.21664293156575842,0.15424338948068972,0.17378727139645356,0.29484487572618634,0.5514059579026409,0.7531889915219487,0.9725418948305178,1.1079207562496347,1.1591151300097182,0.5856880629986185,1.3252924766312377,1.3239491251960902,1.2727429340494893,1.1654781756908479,1.0610972089425488,0.832784429873908,0.3394158337142768,-0.05791382414801982,0.16106085490801125,0.40105103591718017,0.5997966197325044,0.7248158453087841,0.8403759329815812,0.8602737944621597,0.925347998157152,0.8907482960583111,0.8765367708681535,0.7997279217527661,0.7366757357493888,0.6645577182846873,0.5897998174431266,0.5128970329098107,0.3817028585096646,0.22543584751986565,0.26623387315635516,0.4405580787138891,0.45327293630695853,0.6341604920323375,0.5346802387740109,0.5636851291835833,0.22391132616032455,0.34302508313659685,0.5052370880237131,0.32671422322574134,0.6255043090279357,0.0973760094926342,0.4714114100215404,0.2360347760029316,0.3462773489454635,0.6322205601896346,1.2157172155933156,1.0420856563099667,0.9531144187403867,0.7473057838956481,0.5958865256789676,0.42377435112177886,0.27958922961798693,0.16012753109613498,0.11165059586455195,0.06316030570811315,0.02219355662923872,-0.03338194361808988,-0.07739514872739006,-0.08877956403805642,-0.07023448413626604,0.3699818529396654,0.7070719159967305,0.7149409646544729,0.6647177523948574,0.49822311539112096,0.3469915830671897,0.23872729266292092,0.13600558619188408,0.3842803860549323,0.07551282823314853,0.0730106882033068,0.08156850678875793,0.06017445688435197,0.05398685542180193,0.06616116586530396,0.03836814556433382,0.0015296589254893966,0.022488108544308272,0.2921538677141082,0.3718248741348612,0.35545161103164813,0.31986721884117975,0.31877410348526114,0.36032546741891025,0.3784326395400066,0.41144093209993793,0.4107587997463549,0.43631076247419065,0.4565544306297591,0.4823088571940334,0.5125381950275583,0.5743373346471186,0.6360436652968867,0.5574587588500851,0.47874177543655505,0.0,0.0,0.0,0.0,0.0
2025-06-01 17:56:58.026,0,0.0,0.0,0.0,0.0,0.0,0.0,0.9677658516113844,0.6412710125580655,0.4181096666283711,0.21416900025878738,0.0869502054707968,0.092249467479259,0.14058186358803104,0.1894836160844231,0.27973556826652335,0.3675580206814215,0.4647599258834418,0.5677437693378626,0.6091893629338028,0.6193024316129716,0.6899039475605108,0.7604931428722982,0.6937558695580442,0.5078010388692258,0.3361701579207438,0.20736857417325238,0.21477142647138758,0.22578697110248003,0.3266986497480302,0.4157700087203362,0.5175277623301746,0.5823278571077435,0.46314852448257104,0.7166907148429792,0.7680162480744019,0.7949217668007932,0.8194869173039996,0.8915385034992059,0.6282973346397589,0.3040538524976384,0.1670101360380999,0.15625045623606115,0.20636590458297133,0.3194509848032181,0.3651667318017531,0.46984933691946984,0.5188758434711642,0.5657861307597565,0.5693907647736629,0.5794110119089627,0.6150297810470252,0.6066900799142079,0.5026586558497247,0.5272929412454728,0.3367378506461106,0.3497277737821035,0.2955190426621678,0.27283401228195836,0.3208096490433019,0.5014644025099535,0.29527272179951886,0.841533303259518,0.3529839759143931,0.7069323860761646,0.4220584168013264,0.7084974835696802,0.44673287462252603,0.2619345747633355,0.8760632385820126,0.7284485401710401,0.6640409028222436,0.1048767219704275,-0.027306402596220303,-0.031019109528750866,0.113476001308767,0.1737992039329752,0.30001664234141723,0.40718987214074387,0.4768651251015501,0.5847226848086495,0.6756058457441265,0.7669241541648819,0.8624958507294896,0.9501493301311048,1.0442704420650806,1.1056388905424566,1.1497859220377362,0.38322692514108675,-0.18345391916898757,-0.003997038584474755,0.18106792106728564,0.39001001618158315,0.539691026476707,0.6325622039197643,0.6979808525981772,0.7646415865280913,1.0331099787467957,0.8056963567990525,0.7696583855601987,0.7505646669701197,0.735153227858239,0.680611777311273,0.5939431457118046,0.5666762630328633,0.45755325150272597,0.5571114965083646,0.5524152264796218,0.5098903911061397,0.48007206847842654,0.4669415163592361,0.42318390099518943,0.40415022093720654,0.3714963711758019,0.3500234611049109,0.3004307838126976,0.2658538658212779,0.1921566436677754,0.054839370782726715,0.05317550256119136,0.4519572916154019,0.6860014310174879,0.6887220643689531,0.6391469217142687,0.9618641277506665,0.8714247944130113,0.35580711914797153,0.46233984618293444,0.0,0.0,0.0,0.0,0.7995327818786653,0.9265779419585543,0.5875255442541693,-0.04238030033655937,0.19499988089631765,0.5650440479079883,0.5766812768486143,0.5431461073936635,0.5268783309332186,0.6199115769274466,0.7271714987520728,0.787068490089458,0.8008369561450674,0.9815824007158929,0.9641502958323374,0.9566636764484349,1.0053133181199536,1.0014217243700212,1.028317389413494,1.0132560645819062,0.21755839588533776,0.15008482012546803,0.17576612005004366,0.3095606372835258,0.5714142121974284,0.7829604334939413,1.0039667188080768,1.1316043311547401,1.2048584258757027,0.7742254812619611,1.3609249614145131,1.3491000743742259,1.2998950784896237,1.1950439692278474,1.080678369536786,0.8514940774652188,0.3471416897979961,-0.07356234793929328,0.15710052657546114,0.4091971464639641,0.6044608816249646,0.75586055695677,0.8874263466388377,0.8984864601236133,0.9638506959195725,0.9329168088741602,0.9104240101280414,0.8262823182802642,0.7645270053609577,0.6958232996824334,0.5990331730094368,0.5253325466003648,0.3932041676466676,0.2321400309193006,0.2868793599489665,0.4616248053309616,0.43690360775800186,0.6348017247906659,0.6113546864145845,0.4027970460690946,0.31395370382490345,0.2757057864440873,0.6145581678197674,0.529636883646144,0.7005183880038962,0.35956265595196346,0.4955267988454667,0.254686426031593,0.3654506172036934,0.6526863203275961,1.2507164702421512,1.0717030190711305,1.0155358352087096,0.7697621575698941,0.6716604456817883,0.47954145061267317,0.3304792722115333,0.21547962420688216,0.1404866199815491,0.10451207077715297,0.04742784833190172,0.002722854280172604,-0.05469315685222109,-0.06765929791014325,-0.03032434667464695,0.4133253755557274,0.7243640319674782,0.7249442021022976,0.6949253956436933,0.5492000517184596,0.38934433325952966,0.303164715261351,0.17632371848590322,0.501385375317793,0.1224192988144166,0.10147599373465588,0.11861303715529647,0.08458279709018968,0.0690566649575548,0.08168845499337463,0.04199632893091271,-0.008408875824691464,0.01180264428624933,0.28930719376976416,0.3774358399973471,0.367577716537681,0.33972956403396415,0.3528592960357759,0.38534302599085857,0.41738773444736066,0.4451083381447942,0.4356703618212032,0.47440860409128693,0.4894635230129072,0.5268697982472096,0.544693507533446,0.59129753818542,0.6486090195057469,0.5541908764681692,0.42542741355499314,0.0,0.0,0.0,0.0,0.0
2025-06-01 17:56:58.032,0,0.0,0.0,0.0,0.0,0.0,0.0,0.8666251740878368,0.5733747492823947,0.4078030217742845,0.2259534996035879,0.12933627189039532,0.12593927043684927,0.1596672683028838,0.19165452398841532,0.28023670009754176,0.34843349132780344,0.4450590629463345,0.5511676641704487,0.5781381375220342,0.5779809800135609,0.637636901874973,0.6932176663520303,0.6611423161453426,0.4914187013162345,0.36415739088483734,0.24863503835052547,0.24825989133976023,0.2487416309705106,0.3416876935449906,0.43272340815559307,0.5159301629198874,0.5691091234806234,0.4485641969378621,0.6921026900757493,0.7244275300752463,0.7523938234572145,0.7470241629124041,0.8153968934665561,0.49597461600604503,0.3106305803192855,0.22635246054770264,0.2079170455961854,0.281828781035494,0.3536593945366957,0.3797580190902152,0.44462523009459987,0.5164591034861277,0.562451149582927,0.5449484050426987,0.5726994929513144,0.6074466178409668,0.5511442231489778,0.47337631024043814,0.45116786833420813,0.26467290460988996,0.39717220792679164,0.322692557857036,0.3351548080879059,0.36646317648453164,0.4257694964985845,0.42481363491403146,0.7593831512030365,0.27278646326789835,0.6996036309845475,0.42585444143162576,0.669168583315651,0.524935098162955,0.2426710937295193,1.0643559594810943,0.7537212504871716,0.5898536977618603,0.11358182668425618,0.017598198081465566,0.023994852550920598,0.1323029990032416,0.19008279461346445,0.3102682799433947,0.4067310980225931,0.47514476735604094,0.5674817328986654,0.6580694220276266,0.7446284328276911,0.8306420440572356,0.9259306508146325,1.0015174497732242,1.0554655753401545,1.0623034278652619,0.31701007898548067,-0.17189774557010706,0.026258039535720368,0.21273862849550373,0.4195026113724223,0.5385803094450323,0.6287031160184866,0.6955222407906159,0.758386126969296,0.7999342661282955,0.7843185409358693,0.7459307172276682,0.7270246743045702,0.6962531224460665,0.6411972379965638,0.538398215821488,0.5466499434367592,0.4962672212608791,0.5894565697982057,0.5721621114652853,0.5205701173548245,0.4857070871410307,0.4617146879031009,0.4259756175257312,0.3837348714951141,0.3580148163509951,0.3195132959622413,0.27978615232097415,0.23695445137926674,0.15170048225248933,0.017996123003604092,0.02505492272908061,0.4506628959149347,0.6830299339088118,0.6896835336681606,0.6337090265486018,0.9942793755300965,0.6796296331671836,0.43226663975404095,0.3064365093480924,0.0,0.0,0.0,0.0,0.6410337919090483,0.9372056760943466,0.44110604402643927,-0.017872435322896008,0.2168894194092315,0.5646830582774922,0.5662050153242952,0.5310923999907716,0.508955253582625,0.5988810161624725,0.7019305553719084,0.7599686339096814,0.7741940580401758,0.9502930694296805,0.9492549668504533,0.9504959870296295,1.0069843981142186,1.0164389683705377,1.041112130153128,1.0566198069529897,0.24389053909143588,0.14581535620381536,0.14533826157995422,0.28193854767579496,0.5318266930620232,0.7443179817891661,0.9573658925849009,1.1042650592050591,1.1909830582972758,0.7118875980537742,1.3568541854728937,1.333249383213552,1.3058077035623525,1.202748737372143,1.1103722509963796,0.8843370236088158,0.40106796251487004,-0.08021500375982499,0.11166033846983625,0.3428915276234554,0.5484919393198933,0.7186994394356458,0.860361199956889,0.8761289458121293,0.9380597445874685,0.9291244633461742,0.9029238150859098,0.8246619326890704,0.7643612171879696,0.7033560102770391,0.6116349829830496,0.5488944870474465,0.42855679782017164,0.25535566123608916,0.20345360527765954,0.3987119558799882,0.5081760878469547,0.8123499487892469,0.44507370258882717,0.4997986020633287,0.5077479626580343,0.14927677025987698,0.6309162758688929,0.5840600372913389,0.6661870391867606,0.4540688865230281,0.4736045313302274,0.25579610532160907,0.3874322677408885,0.6296536133542059,1.1907927053004672,1.0277475239060414,0.9446220988725246,0.7178861033276382,0.6207377961363427,0.44967161312888226,0.29553931820699075,0.20926777339287161,0.1418043603540151,0.09850142648003657,0.05730365809076732,0.028461142289172847,-0.025124073129322966,-0.040821464001648544,-0.023081888132130468,0.3883616771550224,0.689928774403458,0.6945647519584199,0.6668855512215012,0.5055592999911454,0.34842891582693536,0.26659170910512553,0.153231271458532,0.4153147070301013,0.11185465022135332,0.08849718509103899,0.11703142160910773,0.08967222540146114,0.1013469630891457,0.1008354636024692,0.08058841454785842,0.0464367031853935,-0.019146593450622196,0.25234246573808256,0.3429539407717286,0.34554002134729145,0.3008013675200938,0.336187731316528,0.360937590888345,0.40337877360531205,0.44324844496299076,0.4511712037728042,0.4727840465815474,0.5049619576769304,0.5431616400062843,0.5621831425597295,0.6219178439654467,0.6643538297302393,0.5460218711487267,0.39295719646489435,0.0,0.0,0.0,0.0,0.0
2025-06-01 17:56:58.034,0,0.0,0.0,0.0,0.0,0.0,0.0,0.9666598647107151,0.6368458666682162,0.41460014788359423,0.18498854425562306,0.053869033091384244,0.06517993533702537,0.11450783393958719,0.18076101789496035,0.28759261619374554,0.36451101315430623,0.4816952101375039,0.5885660198912088,0.6256993029508329,0.6415949634654673,0.7230228296897807,0.764526046636428,0.7053774982497697,0.4941549861105348,0.29518554595913093,0.16618337021151375,0.17938525843738673,0.195789668908104,0.30769406116402087,0.4165309717619943,0.5161379533835073,0.5936386582625544,0.4743787209577842,0.734529556360031,0.7870196783835324,0.8225628883372654,0.8286811207038791,0.9646877834125519,0.6043165325480415,0.295582258010588,0.1255402779763577,0.11164206096485962,0.18159368966618028,0.2788307515699793,0.3719377161560664,0.40422740909642974,0.4722398420092897,0.5742237739243701,0.5438120937615964,0.6017143050261308,0.6633675251699361,0.605989732375795,0.5782046049852141,0.541143774366188,0.29581496434061655,0.3061984184859231,0.20043002429980294,0.23075022275965784,0.2895251956230105,0.3970912548001411,0.4251711292694771,0.832675398154574,0.4671716360844589,0.603124758110416,0.3466597920668627,0.7602297326103031,0.5985814546171444,0.2886178465564423,1.1411573365257095,0.6477028526168773,0.7209088461180002,0.12348755774790102,-0.08283203583648846,-0.07984652121956115,0.0790153978526027,0.14913250352904095,0.28104017006254,0.4029705116094686,0.47397518228131785,0.5754376991685601,0.6847268464805378,0.7740969284266648,0.8701836937461308,0.9702775114040887,1.04687434816229,1.1259025312705453,1.1593557367583216,0.3842411987678112,-0.23343939340216457,-0.03236965186138652,0.1709020660129763,0.3883015154488041,0.5267454718927422,0.6263987305493877,0.7073170838383436,0.7678099237982872,0.6865553701504417,0.7977334873502875,0.7748058703135469,0.7555830870641688,0.7264397559170753,0.6770469905410514,0.5574566785987606,0.5206958141775073,0.4399188044731742,0.5568624778340174,0.5641554807446905,0.5074598758099456,0.4810605521196203,0.4605562425823102,0.4303386952462578,0.39094565712838025,0.3621384933044327,0.33181760231306034,0.29097523282003235,0.2435342400967797,0.15791999645639654,0.026410993363503388,0.009530333513818712,0.4205028810901772,0.6734708953237435,0.6805685398010874,0.6295276913073611,0.8912803157500566,0.4902327195331095,0.2737196919352995,0.4800755099337506,0.0,0.0,0.0,0.0,0.5229614147720086,0.7703849652325703,0.45725677401722364,0.010853884992256368,0.22183646982412947,0.5585517656184836,0.5624232063701042,0.5321313637221617,0.509914171818878,0.6031083566645383,0.7156024066690825,0.7745395450499992,0.7994151058980443,0.9735583458308672,0.9648374796415444,0.9669759687062136,1.019169933062048,1.0182190100758999,1.0412173908594424,1.0408203005454515,0.23687156132690684,0.16972616376225746,0.17788186161564967,0.31388518184325576,0.5710971472854045,0.7895960285983077,1.0078616693096274,1.142344191672186,1.2312031247664492,0.9151593500307429,1.3717634289534018,1.3459279677921958,1.3059685394897873,1.1956761432086918,1.095964308053843,0.8481275304002046,0.36325959696991256,-0.011238987145394563,0.174645970191335,0.42758996674470784,0.6196848575525435,0.7843450915592862,0.923542772939753,0.9427688466771051,0.9825532516494824,0.9608281435142265,0.9170482438951106,0.8294910488807762,0.7549212354292681,0.686700836246728,0.5930212232344693,0.5156345441307338,0.39161591276260316,0.25787217003649554,0.2956084327834789,0.4765238068570731,0.4526739126771565,0.9014717282070998,0.4755600891035586,0.4324772691918205,0.5608516247996302,0.22541596473882955,0.672078695407464,0.5760355868765603,0.5816198799750748,0.6800966239758075,0.3945794306313052,0.21572427944723,0.3753557059799097,0.6526182802391454,1.3133557078273903,1.0836950398720224,1.0231447862113687,0.7725540748871587,0.6451956245240786,0.4547200602810644,0.29552522456121366,0.2108856618330066,0.14421828707754036,0.08508496057710047,0.021930570583933662,-0.028205834110964112,-0.05937249988215976,-0.08208336718568732,0.031765540873068654,0.49060436508338817,0.7788733025155468,0.7541120529988457,0.7320633371681408,0.5758994882518669,0.3991690187329562,0.2904206793643249,0.15350290323456295,0.5660441214516807,0.0894020768988153,0.06054659221770442,0.06935961404311675,0.026353586145243635,0.027744485838311683,0.010588787512487263,-0.007172579199141493,0.02390313876566441,0.06832128524856207,0.34697612182089527,0.42142857799160083,0.40826233679434765,0.35026968365175914,0.35390159255868503,0.38610712832369365,0.4016868984249451,0.4146688520314641,0.426548734641099,0.42756855718198694,0.4487113630885051,0.4741025705991827,0.4823860110143994,0.5571231909504033,0.60457882305412,0.5544223726743721,0.4676840128887516,0.0,0.0,0.0,0.0,0.0
2025-06-01 17:56:58.037,0,0.0,0.0,0.0,0.0,0.0,0.0,0.8938194623106611,0.6118838363937965,0.4083273414418662,0.22714496666697104,0.13980168011064087,0.12627191256764225,0.16645504752626483,0.22851501736326774,0.313813413889796,0.3678723469806702,0.46449891994846343,0.5710499550344926,0.5883794346482973,0.5954627171581032,0.661154764172769,0.7063990505313154,0.6598919327230536,0.5027349691133105,0.36667646350681027,0.263213013876077,0.2807415604050034,0.2833136218278074,0.36055588260897387,0.4495049914492708,0.529987583439723,0.6080986220850655,0.43500457245056434,0.705104694827826,0.7385577862279145,0.7623728825912732,0.7594255903378133,0.8390781691318553,0.482459928666864,0.2792364478785909,0.21683112727736753,0.25419733607962525,0.2700506628178476,0.3622847331503851,0.4700693143408219,0.433078411691868,0.4949738392443148,0.5508320743153912,0.5408128378142558,0.556212792600279,0.6298724594270658,0.5863841850424896,0.4915364642869109,0.45263966657564664,0.29810322481735607,0.36232915319775105,0.3031236279321907,0.3600582294358945,0.387521056419988,0.319791173060123,0.463923044210241,0.9854281068339172,0.5014506978443732,0.6522045791613812,0.3913841616582555,0.5864705348444286,0.5133520780518428,0.3122141750185523,0.9294773303936259,0.508404040277547,0.6154083406333222,0.1470800870601706,0.024134688762639578,0.028081324256519213,0.1781942369950249,0.22008781434762348,0.314878075790892,0.438777750226063,0.5016179380240373,0.5967266254553067,0.6920683174335753,0.7704537018115063,0.8639551164273539,0.953007058702136,1.022451792767217,1.0745642649762983,1.0745232669608025,0.299510427968666,-0.17542617907347835,0.04800721691024479,0.25394128744244204,0.4456183056175871,0.5727546244710147,0.6578970901297789,0.7381932365653165,0.778794127881625,0.678976230600213,0.794728946303427,0.7691937135094059,0.7455040776297176,0.6899950260688922,0.6494263045330595,0.5202098922483385,0.5366969254835948,0.5095998067743243,0.6120564479691222,0.6070481984179212,0.5470387282172953,0.5092785239375581,0.48173624239546387,0.4467978000894157,0.39250934803253057,0.36020607679861993,0.33079898766601334,0.27511730836460013,0.21880772609546661,0.13447919066824066,0.004577752496511822,0.00454159809493998,0.4551455652329205,0.6956071214395928,0.697468139696723,0.6453532525558208,0.6348730427473102,0.41527505650608604,0.40194707581015093,0.4965503279067388,0.0,0.0,0.0,0.0,0.5573544338922477,0.7218420717380607,0.45479581012877923,0.03425728694701058,0.24094400350768713,0.5674173758868043,0.5658288381143832,0.5303646361108333,0.5066644957476811,0.5901860979046363,0.686805689371949,0.7601933765341125,0.7872471467356434,0.9449815669362782,0.9418768227361984,0.9557694453821137,1.0167124066629836,1.021527733014981,1.046315025914943,1.064296665535903,0.266878653815862,0.15999962831578773,0.1567098418474897,0.2838881355226628,0.534566553273484,0.7455909756764694,0.9636309400498342,1.1164930994770945,1.1980438592814335,0.8418133518400366,1.3614987041654305,1.353043473316292,1.3199717240903392,1.205341668691751,1.1199326386987647,0.8884644912252536,0.4227159483970204,-0.060682085044840184,0.11034970447205183,0.3726272999247109,0.5727795211624398,0.7380685046523736,0.8903909103518162,0.9173239463441096,0.9588628644064667,0.9549699339317503,0.9180874153617711,0.838736202939499,0.7619635480831543,0.7080088595729226,0.6171947539021562,0.5501949523918896,0.4276488234256983,0.22683802808269796,0.21478576951421013,0.4098472476709234,0.4102830838627207,0.9009678542523759,0.6262269068765046,0.48869107779388,0.4636401457679426,0.19298912583604536,0.6645415398145202,0.5527369805130069,0.3853855472897961,0.7590679676072514,0.35389994659678714,0.24421474984986996,0.37129960922470046,0.6047857009326074,1.207243576680669,1.0071713949028498,0.960220089024154,0.7359773487003849,0.6243065682905331,0.4469555496091149,0.2998626248570355,0.20315511732921498,0.1696198900419119,0.10841879191620452,0.05258706334800056,0.001932736261663237,0.0053787829790566954,-0.07107954824853613,0.009554582431000935,0.3777049879525876,0.7039869750964205,0.693929517030293,0.663809599958541,0.5180550055115647,0.3332296539005464,0.24570400894508038,0.14925696149605217,0.5745822643576709,0.10003839302961137,0.07572675274441254,0.09747564216613935,0.081408709509449,0.08402592226841132,0.07459160260631237,0.059307093893751384,0.03233937927667657,-0.057891501781727805,0.24088913275537588,0.3459623306463423,0.33103906583692977,0.2511407795401701,0.2908580653172057,0.3447656659576128,0.37462909552328294,0.4098601524527281,0.4397748819859426,0.4468865186101072,0.49783664413835926,0.5288592015830532,0.5358394677053262,0.6085602512832202,0.6189013266008011,0.5323709593282652,0.37348923706356874,0.0,0.0,0.0,0.0,0.0
2025-06-01 17:56:58.041,0,0.0,0.0,0.0,0.0,0.0,0.0,0.9607345716149244,0.6471691837693236,0.3548639743652793,0.152509996949166,0.04427206572874465,0.04049183563042835,0.09907758547256951,0.18347376765382117,0.28932325255762514,0.35077772376592053,0.4631285503820382,0.5831535831913441,0.6114408295794544,0.6386159688042568,0.7157658234060277,0.769405258439529,0.7069126158608481,0.491249528432181,0.26835953332233164,0.14924227690623393,0.17516747109326958,0.20506385656351522,0.3057844388931996,0.4087887534285166,0.5056138604033913,0.6045038042536608,0.3515844746266076,0.7301630059741596,0.7742478771449204,0.8208979883913473,0.8539426863123518,0.9836941681572525,0.6074759840756334,0.2906867715190459,0.13064682243084869,0.1364385518776916,0.17892079228652613,0.2939898147485085,0.39513068907748905,0.3847695030804421,0.48337107816413716,0.5462092586058662,0.5390068802335151,0.5891186145775066,0.6657049298243621,0.6207962186622238,0.5829379792302432,0.5266945939956957,0.37632012850031216,0.2904284123647306,0.2130621089769098,0.2889648668131912,0.3203766609393608,0.30665293312931724,0.4933546136880953,0.9273153823831091,0.4798753681843977,0.45688417470356646,0.5310536040066145,0.4773935238753355,0.5937873058599958,0.31006242990354804,0.627755550158711,0.5090715801311588,0.7250184872687928,0.15278729015307016,-0.06904071292034641,-0.07042997230834924,0.10670946318954377,0.1768329153986934,0.2757438533769454,0.3936542385172266,0.4789715005948676,0.5947412352201971,0.6896006308393923,0.7769290030282126,0.8855155457789544,0.986523771401647,1.080652889683081,1.1242122032539856,1.14954627839294,0.3564973116267062,-0.23700767076083984,-0.03242326893096559,0.19216233033521313,0.40309332502982076,0.5294103406517627,0.6380682657902614,0.7343860775446598,0.7756348014167591,0.5904002161642312,0.8047563295265014,0.7929725011847392,0.7792362749605145,0.7133264963843705,0.6955056040331107,0.5648725105709237,0.5265704243126064,0.4739847098252522,0.5587800597300077,0.562458034238096,0.5257773687151424,0.4998958839502474,0.48374804702851115,0.45822196822717887,0.3967426024631673,0.37238991927646503,0.33966441887797116,0.28635512611061786,0.23246415008174992,0.14058817576252214,0.018322631383305366,0.01048884903205416,0.4481329225706804,0.6896628832185411,0.6940819482536784,0.6502940361517846,0.5659178331335066,0.4302043333223606,0.5750637961813014,0.36576500769791453,0.0,0.0,0.0,0.0,0.6309889733078872,0.8550544961410724,0.47467049949784945,0.043493518569774015,0.24646307777225812,0.5765658348812878,0.5811803435377207,0.5400727585743262,0.5332549460877916,0.606709874908643,0.6978037204644161,0.7878109396846993,0.808517408167869,0.9613406634706134,0.9557356359886868,0.9714585230319075,1.024115991054763,1.0269572477537097,1.029837533802077,1.0281074393523393,0.274495797501564,0.19101910388256665,0.1954877861676001,0.3207758890666035,0.5794382341690836,0.7725963695579185,0.9996367879256716,1.1537383739575786,1.2178369984745785,0.7601490367790198,1.3616483391687528,1.3564507730008302,1.319761102661808,1.176879647653113,1.0945576082478177,0.8409614555880299,0.37315932172430555,0.010876694847955393,0.17167817559179688,0.43376537582080155,0.6439565261273823,0.7931950629909916,0.935969249149414,0.9536740840008091,0.9697272453667884,0.9652554286068349,0.9238439461485899,0.8323401443717288,0.7413735841937396,0.6734653999603675,0.5889176551844989,0.5109335415077466,0.3763542683488155,0.2218086690883476,0.2883524348617631,0.4828571883383709,0.43841975346756623,0.7104576961037415,0.46235409848687714,0.5563185008632618,0.5629511452243234,0.36849446315636636,0.5406304728577487,0.6092357761476181,0.3365382875298959,0.8229868485052181,0.29514320258024374,0.20737282582900812,0.34665215394039334,0.6082349209700095,1.2930118695500374,1.0800812833204683,1.0276972296990334,0.7760148652932151,0.6691742767822431,0.49505564945468983,0.2877191262160037,0.19679471212352073,0.17526657720982675,0.10124316416419665,0.01856815639059406,-0.03701312095536524,-0.03977473729380265,-0.11440315538608636,-0.0021235434591084235,0.4334189927281154,0.7682507970299206,0.750716225000088,0.7326131342064334,0.5867083263886064,0.41094332822826063,0.28930220173557597,0.19278820329251056,0.5569298200026817,0.12418107222324593,0.07178304866779284,0.08164902103337757,0.06842089149549435,0.05008074996093581,0.03371616313265313,0.018924643707493638,0.03908350164964869,0.05988675607348082,0.33292863687404456,0.43927116415121836,0.430898729614394,0.34741884492436736,0.3762212027729088,0.43703654550184057,0.4315870973982501,0.44191487255693307,0.4611410756599661,0.45083571696172053,0.4781806902185399,0.5008744133007729,0.48048467847164145,0.5477838477973107,0.596285800805912,0.5736598076881595,0.47022469541885914,0.0,0.0,0.0,0.0,0.0
2025-06-01 17:56:58.043,0,0.0,0.0,0.0,0.0,0.0,0.0,0.9373288869051705,0.6380216472485618,0.32839433600067736,0.13681371323145208,0.048406086440168195,0.030607838111212815,0.10208186034304301,0.18320044270137603,0.29245355731499345,0.3610717388648492,0.470984779047766,0.588178304072111,0.6178012945750087,0.6487347296876987,0.7249345313977001,0.7732655192096677,0.701100149447268,0.46933356081057626,0.23482382185742912,0.1308304705294493,0.1682835211489091,0.19708708262991403,0.2997765140864017,0.4118892920432635,0.5062124920809155,0.608084962419486,0.32447474834753054,0.7503233401579198,0.7908139329734758,0.8427232277338411,0.8944509388128079,1.029611901537907,0.6294110221211091,0.28040916169164887,0.11956974280651778,0.08810812232353915,0.19991642930868592,0.33555290493520573,0.39916646284724333,0.40346154558561675,0.5156522367381626,0.5785103324768561,0.5435251595486812,0.6086744258505304,0.6760996072675477,0.6127830691204754,0.6103554404611852,0.5609616825147303,0.4085436743485493,0.2861009996686033,0.21318634953210125,0.3024527310994245,0.33128724926917785,0.23269675414836138,0.5933018256542467,0.7970415091878889,0.5222289682106251,0.44089343041313933,0.6478877486843696,0.5769878520108538,0.6062172986759671,0.5874172585570495,0.5365053391232761,0.5061654322806614,0.6837223189228665,0.14814150625230046,-0.05394265151883115,-0.08397184421755965,0.09123728365908779,0.18446285811375707,0.28759319593836885,0.378387582327236,0.4665868996737037,0.5792499831831928,0.669548136795522,0.761570142277918,0.8723847048244987,0.9561000263086528,1.0540457268928396,1.1144825743599514,1.1275436206500453,0.36767117789076037,-0.21723944251569527,-0.021584342408438983,0.20033326666147055,0.39540769849646273,0.5368141644528799,0.633393724100876,0.7213441637087956,0.763237967287141,0.28081915977743804,0.7888558013450118,0.783098601255794,0.7559816149386233,0.7027183019017494,0.6779859643756136,0.5632701791705216,0.5774431788736586,0.5053604480267003,0.5847106662991566,0.5932289198007699,0.5356840827066731,0.5074977298049446,0.4797075008437717,0.45155190272801526,0.3952824432438964,0.35968274206011497,0.31858247610598256,0.26372283230162363,0.20480277381381273,0.11951886917265331,-0.011390186430770388,0.026194267065425214,0.49584045583164504,0.7215466702021576,0.725856389685938,0.6580847805738259,0.36592999959148215,0.4856696929364674,0.6867332194245364,0.4905195609285893,0.0,0.0,0.0,0.0,0.880697937370867,0.8181727028510422,0.39130618162366204,0.022529831684658996,0.27688964301526814,0.5971704574511929,0.598918911801025,0.5545930682489056,0.5449461292826383,0.6131375855138301,0.685520493073922,0.7601048858189423,0.7633049250701376,0.9152101977260356,0.9104689189848298,0.9232397265383392,0.9658248434032666,0.9688242203811179,0.9747427780772069,0.9546973486161814,0.2501487167760991,0.227958120779929,0.22271625971830555,0.3401380138000827,0.5861083210093079,0.773180830001198,0.9872717843883945,1.1213850694937368,1.1755732265845051,0.6757439492005128,1.3088258383018312,1.3039623627766437,1.2589676224881088,1.130699128341281,1.0425602454799934,0.7834349694267684,0.31118033737555395,0.05247847264167316,0.21980988147153202,0.470627667292981,0.6659908004175743,0.7913275290829931,0.9113124736655922,0.9242210651689626,0.9412448537693923,0.9212337211978263,0.8786691303282068,0.7921987636459055,0.7030964609627189,0.6323197669253742,0.5537891574719825,0.46924426828541077,0.3372082835281708,0.18637165342162865,0.3269554549299878,0.503390228947357,0.6582681935094589,0.7861709044098607,0.4862970075884332,0.6688619762397348,0.521347604694699,0.32526651958951325,0.46418844796489495,0.4090637528858109,0.2534163544523359,0.7084265652956352,0.3386218885462763,0.17085362279963207,0.3119077523961958,0.609319837450603,1.3131177702314663,1.1018221943325532,1.0139160501072597,0.7799123742678968,0.6274290499676061,0.47496034726626113,0.2766394567244572,0.16103992246857612,0.14255626303865943,0.025232687806004295,-0.011894372939046716,-0.08353221577136649,-0.07851792581003414,-0.1720631116558985,-0.017877210017837097,0.4575654501731015,0.796220051973182,0.7737312032374624,0.7341559707842319,0.5654751896128367,0.38518908379146577,0.24171587616322787,0.15810445313782373,0.5211488548576765,0.06295747217850955,0.02335671705890685,0.024003968138489595,0.016878263828683404,0.005208370953600827,-0.013017947689123455,-0.026314135535636718,0.015869044148651923,0.054956906800030736,0.34480956344854413,0.4473511529700833,0.4255514431330385,0.3405091854013924,0.33498175550501075,0.4240979585621427,0.38086930766872196,0.40797593697719403,0.414521930041327,0.40362434239386635,0.42556417141272496,0.447815061108333,0.44236317011608284,0.5032705446133621,0.583516880986281,0.5472704855500513,0.4671792330636966,0.0,0.0,0.0,0.0,0.0
2025-06-01 17:56:58.048,0,0.0,0.0,0.0,0.0,0.0,0.0,0.970039916779342,0.6718789182051936,0.36222953013574444,0.16130979813812396,0.050562818435092916,0.05452542949171135,0.11979680900931122,0.21008162908530537,0.3110329675871578,0.38209315620318285,0.48933703979306237,0.599042101545752,0.6349514089494055,0.6607569816015484,0.7347360729091068,0.8079220555528009,0.709995537595476,0.501017036322648,0.24534090563738287,0.15964595198217102,0.21066290495514495,0.2274672916176046,0.3224961095054435,0.4252065085784049,0.5229995447002402,0.6212411884655062,0.27643192357588675,0.7616076700547346,0.7995218390874432,0.8449790800077478,0.8980572724399558,1.0222191602954682,0.682369944315494,0.3018933538172701,0.12139039764314596,0.12394158392822918,0.22818177553981078,0.3750753586183577,0.4389727121466682,0.4516775147847847,0.5685990355689605,0.637894086933317,0.581833819510329,0.6120725649447131,0.6840820792919383,0.6389448694659547,0.6428953489949855,0.5925660614578308,0.4605511204042452,0.32521377800242957,0.2782801077140039,0.35606856087175864,0.35589661751353896,0.30855676186322273,0.5371751688934341,0.9962056492719848,0.5329334848023891,0.3450341367947064,0.7885049385430287,0.6774043470129313,0.5483002137231539,0.6392685076091008,0.37571317273935656,0.47703746806998604,0.6182083611475813,0.15628645853314924,-0.000505185618994819,-0.03915003110657822,0.14062401593061558,0.2370792973051543,0.3218134091344311,0.4012547687826542,0.48104845992981415,0.5998463998441852,0.6814341445891845,0.7663486963712867,0.8770344291128539,0.9572033096474228,1.0417600218768859,1.1014747452249338,1.1168965317712662,0.3586814717333843,-0.17175828905749113,0.01589842302214728,0.23887681689395146,0.4248639920175392,0.5732455893354804,0.6665525851125769,0.7451973144442476,0.7825770506998813,0.28263380661022025,0.8011512659004532,0.7917465638198903,0.7616561686225961,0.712635975588236,0.6813727003819443,0.5725968020774798,0.5957681434083287,0.5201369694246828,0.6018642746715122,0.6221948759616807,0.5653668717191709,0.527994964704176,0.49672083940382183,0.46291746428594704,0.42110647889710884,0.37420046581802713,0.3460999991209328,0.2804198747972524,0.22955066314345385,0.1436726754461003,0.0046727128494145065,0.025244804709076807,0.4986936400691142,0.7289474506400283,0.7395202168455006,0.6678001493217438,0.29765625357559283,0.69305966380887,0.892378593501006,0.595662669981867,0.0,0.0,0.0,0.0,0.7810230833035747,0.8706083918293148,0.5621147836490716,0.008641005001191249,0.2451985635998915,0.5955786162264856,0.6029186532553386,0.567515121830085,0.5788610605450153,0.6497927478887233,0.7245381264152302,0.8103587755696755,0.8057335622848258,0.9651292349755116,0.9442925306966568,0.9544869417489708,0.9833490044911841,0.9753074852977217,0.9854379866147498,0.937393009952266,0.23754439232130814,0.22345344449993226,0.243655590003231,0.3663071405979208,0.619842048710129,0.8210797225226938,1.051067067604592,1.1723362402432886,1.2182842574353356,0.5826362813350923,1.351102435208365,1.3455854931530005,1.2887688743914967,1.1581060126815532,1.0564525295123535,0.7988130322806035,0.30102290276375365,0.026753233139115706,0.23633844973103602,0.5088999086274226,0.6954053853005493,0.8288745830695341,0.943605314260767,0.9545357189500068,0.993365271141935,0.9558230771860008,0.9215330783541722,0.8202644823337989,0.7370833664783901,0.657157325881071,0.5665568520939894,0.4811886364674638,0.34739860954615653,0.2060878815881875,0.37097079281857226,0.5138519004384922,0.5895229189419803,0.4746875360073497,0.519889796583844,0.44718341356136715,0.45656741828184216,0.3212724467766632,0.45587835136416194,0.313543534513196,0.2724411418246752,0.6803894604441342,0.27456442635421785,0.20107659853633714,0.33076742368817585,0.6647640882894715,1.3529297462535896,1.1156612258456555,1.0673276874966637,0.8097910001596664,0.6756569184355341,0.509109916422676,0.31284058461714315,0.18397657092574993,0.16143538225262044,0.0570426429159665,0.018102160050550764,-0.0689410601490249,-0.07338966402181024,-0.17574725837138855,0.015213790174542108,0.4928995177378502,0.8314852405707638,0.8081684278430441,0.759404907889489,0.6106620492606578,0.4191632381194399,0.2872759728990837,0.193229609300565,0.4741218669460304,0.08593544736954373,0.043525593941360574,0.03751483574616765,0.030990084223064707,0.004080018563734411,-0.005058945298958228,-0.03859742272066652,-0.007085639659369258,0.022862995474584036,0.35042467420424134,0.45020234406535387,0.42336657739491623,0.3562731472991154,0.34442757624192377,0.42591535780694123,0.3804335826940999,0.42766696336682974,0.42578588179960186,0.4294357757470997,0.44609755299814147,0.46543810500075267,0.46139659308860237,0.517784769092088,0.5934629712576116,0.5330722484256801,0.42606142829369853,0.0,0.0,0.0,0.0,0.0
2025-06-01 17:56:58.052,0,0.0,0.0,0.0,0.0,0.0,0.0,0.9369195823429582,0.6287480798938336,0.3361410920403459,0.15122116308561262,0.06105079181445239,0.051646317738327174,0.1159261226466991,0.19343305673371547,0.29740306207591083,0.3795097394007637,0.47436297567620384,0.5826753124241086,0.6288349444193488,0.6363490402312552,0.7125828575375264,0.7949843280327661,0.6934063233254312,0.48313099235553153,0.2326464316725786,0.15377364946217786,0.1912061056926495,0.21761733715578946,0.30654965147267843,0.41101956415950025,0.5150366324446503,0.607840551489869,0.4001744552357658,0.7518188030807232,0.783315214138423,0.8354568663368703,0.8760608580287172,0.9873984113889599,0.6629396968135948,0.2749033338861592,0.10616693663076604,0.11526231075474525,0.2383596656501854,0.365328212502688,0.3956314576712001,0.45019428517983817,0.5748624372672759,0.5970438314668198,0.5940115288857888,0.5682787767125027,0.6563766160545884,0.6313245015871451,0.5960682926740314,0.5765303868993457,0.4563835774791184,0.34146429909877934,0.287112686615258,0.3493406716461491,0.3285653375396631,0.3492537319315589,0.5535727633888711,0.88192625271303,0.5970117837578902,0.412559508722794,0.914363743599697,0.5178595685034728,0.43283630823134306,0.7368772259578262,0.25140036404325805,0.4521052397956731,0.6221031569473994,0.15779865522506856,0.003038886665768903,-0.033419785705182115,0.12775891548045437,0.22821444552254655,0.3183409181305885,0.37435594023775187,0.4722355730503207,0.5834246281794615,0.6647292290649169,0.7514783239059042,0.8682511855405385,0.9419693416249282,1.0332956709855423,1.0813175959541423,1.0893708788850323,0.3467965437978296,-0.18344300622992904,0.008976379850839766,0.23587113362172518,0.42237828265114286,0.5599825451934302,0.652684184316588,0.7284618227568775,0.7751095266488528,0.2689335942902225,0.7905948748430285,0.7774607776860037,0.7485198092273734,0.6962580478509753,0.6581309824791348,0.5652956567394305,0.595292099376149,0.5236589361308749,0.6123341322563522,0.6051536161113005,0.564328549417979,0.5170776239764943,0.4851003768679325,0.44671057710976525,0.40419186561548215,0.3563139703184468,0.3198476492194886,0.2669199464880956,0.20283939269531115,0.12299357885870854,-0.018003725535842507,0.010253328665730088,0.5119461738098254,0.7299855747968421,0.7371593499640334,0.6587124565626483,0.3131913403484646,0.751658535077083,1.105866245581462,0.47882794346758684,0.0,0.0,0.0,0.0,0.6992208650636333,1.0248238129897067,0.6101492235802783,0.028331131063013992,0.26119859013774965,0.6006973405691991,0.6012994142275148,0.5529170903990474,0.5660240489514743,0.632747561646595,0.6870974538746957,0.7776678985811407,0.7781610295489014,0.9302113035694064,0.9194939508186262,0.930151698419202,0.9600381803215181,0.9608098725116876,0.976705264571307,0.9540356392036835,0.2628988313221917,0.2269543199578235,0.23095798348911323,0.3536040036881456,0.5966715386243611,0.7934546768871775,1.0149906012192895,1.136260939575249,1.180340892294015,0.49272295640993297,1.3265294870280329,1.3198933542940456,1.2786182586189736,1.1481032756590595,1.0578394437151468,0.8211651751640838,0.33517350612543745,-0.004687558253296864,0.21568137620358419,0.4638648193451804,0.6558288339837102,0.7753445177543365,0.9048503038586624,0.914062679416557,0.9539946132003965,0.92683654615487,0.8978900928170042,0.8099469977421937,0.7367878516198335,0.6603165303306462,0.5714151933102926,0.49289995252084884,0.36235165928569457,0.181614861887101,0.3252311603709521,0.47407997240537714,0.8107155401789866,0.5918569864612154,0.5065055941948473,0.45135259213394807,0.4832047693559805,0.3813630068831081,0.46385880677347496,0.2251104946221263,0.4077403498055686,0.5471393544687624,0.29765167506985846,0.21368206219858005,0.3253659872577335,0.6405284711847327,1.2675770765424617,1.0754506749804669,1.0033876922005955,0.7724876442162651,0.6304004849230369,0.46368774976845484,0.3019177951458054,0.1598997484252178,0.13871810675250762,0.022772968818674855,0.020417335558560512,-0.06980125542705184,-0.07562402002616775,-0.17074931267889026,-0.004861518597534864,0.47006495967764766,0.8068308765827724,0.7949179971832554,0.7279532937285308,0.5631517384388769,0.3833305420345008,0.24819082704502549,0.1622977637269709,0.3570101267691871,0.06948219076144668,0.02220408932074247,0.010846510406597343,0.025520479418215003,-0.007337306538138799,-0.0034900629282964557,-0.03154665173639687,-0.0018623733017989474,0.00737036685272463,0.3445848218471809,0.4366824430602654,0.4030762065894107,0.35274349550062745,0.34040261016204143,0.3973480454334932,0.35903513560920186,0.41922237592534195,0.39522858919108184,0.415261300038718,0.4290858076603292,0.4488059067221436,0.45700039977133744,0.514275678830221,0.6288689557434627,0.545853389826067,0.3944782333597594,0.0,0.0,0.0,0.0,0.0
2025-06-01 17:56:58.056,0,0.0,0.0,0.0,0.0,0.0,0.0,1.0376717721060207,0.6928989597039781,0.3507451676557827,0.11944750681057048,-0.00019369583513595412,-0.003663005683709031,0.07838571409952444,0.16874887653860493,0.2781941189032825,0.38784945702816154,0.4947100400436037,0.613831023096071,0.6812220867745833,0.6919551986665265,0.7833613999490199,0.8900571920994407,0.7779682649623528,0.495630272032301,0.18854274000434668,0.07378703977748768,0.09275280330080538,0.13896112012716721,0.2587521832882185,0.3786915764920846,0.5087501795733484,0.6043374421062988,0.5159897074918048,0.7920490664122447,0.841728322419717,0.8983368527570751,0.9676945556143375,1.1200387023692855,0.8035889935952163,0.2897213207021051,0.021585472916288873,-0.03359988027589833,0.1412559946108065,0.2810941046058819,0.3464042803317422,0.4254880912638146,0.5486422277734915,0.5876831352761507,0.5949235509283217,0.6113383720901767,0.6814327720538295,0.6456962149603203,0.6775751488646043,0.6764464601708844,0.4728180065681483,0.29694098235301425,0.18829543533036575,0.21687157081350206,0.23134199106161568,0.325422894336207,0.5765639320819675,0.5604963515148449,0.6462888757675064,0.398759478613791,0.9168545751279003,0.5034965101372727,0.4235346379491836,0.7571539468511852,0.38126020012468365,0.6796778456525318,0.7745228464367748,0.1536146103159863,-0.11932026409922436,-0.15304345659657925,0.054996715210454905,0.16299522430301328,0.2858069306143145,0.3442610768948138,0.45473616718316534,0.5877843691820934,0.677238095268283,0.7774670248832602,0.8979300890137712,0.9886973103792414,1.0838051368650918,1.1541535695128342,1.190909654305186,0.448501749930639,-0.23711476458296987,-0.06468243324819323,0.1640550364512119,0.3847763982722896,0.5296942390124735,0.6358207625420937,0.712643851163866,0.7765642901377514,0.17698466416921182,0.7969576210868965,0.7979837569189375,0.7696517624545692,0.7312365013859058,0.6875455156677692,0.6127887371424091,0.604478952973739,0.479804598216906,0.5612380979082707,0.5725200005314768,0.5404208465018481,0.49605966509821653,0.47017255065521546,0.4325750544446927,0.39669254296639633,0.34893334863405134,0.3146199560012459,0.2730163670720569,0.21232486345960133,0.12384541304735597,-0.014842288501556111,0.01568078325297273,0.49131278193945627,0.7223031760888943,0.7283554756097939,0.6481741670494505,0.31776276892566796,0.682840280366702,0.9309046286335567,0.4486706415655237,0.0,0.0,0.0,0.0,0.5473658046500585,0.8725482291637596,0.5712878859185245,0.03589274125180708,0.2661715345205638,0.6012091656900469,0.6019777035117992,0.5466761523214049,0.5660341750973421,0.6154695153347063,0.6851408152234351,0.7673265359342127,0.7685460517733453,0.921022525459549,0.9215881370589338,0.9264691874754676,0.9563735330327883,0.9412542547022473,0.9667095690650696,0.9581459749969075,0.26857690903337555,0.241210663855301,0.24201265477394351,0.37469457423140806,0.6132889936215848,0.8106470316028305,1.0311977245074524,1.1385540504085492,1.1801548521151422,0.5448968128271483,1.3184229373899425,1.3110827889667167,1.2634989617197339,1.1331984694787147,1.039338726697251,0.8016078843762948,0.3238045740329312,0.03891439490882842,0.25898937386744014,0.5106865933400129,0.6913868544582318,0.8108406809096163,0.9234613921295618,0.9254015605789501,0.9656276781128494,0.921555851498912,0.8946288054690807,0.8046962029472163,0.7332128053944417,0.6444869172148755,0.5501647964308058,0.46797316956945956,0.3306522715772392,0.1719297213232003,0.3722841219614761,0.5167927094170716,0.8435945523527485,0.7135259249166543,0.4753302281021222,0.25274002516085037,0.5208898396752561,0.4566428959285622,0.4275084399241675,0.26146401205659664,0.6172813565669779,0.46632221424295117,0.28369547312386345,0.19772778437976052,0.31858233480125414,0.6616019643920994,1.3367053278501735,1.131612231104103,1.0605995828160242,0.7981594358340063,0.6606966801672789,0.4751568693065207,0.2975396042610865,0.16305416262169348,0.13144325884896801,-0.0002849331716747727,0.025147995273191892,-0.08239435641081683,-0.11587097213640274,-0.1832457249864513,0.023309897919092437,0.5456188746949107,0.8608480660392461,0.8265804024829122,0.7688059083128668,0.5913842013419557,0.4054430522235464,0.2511480288235062,0.15401269460823164,0.40804473299768595,0.05140580492636615,-0.014639121538611688,-0.03177945745812827,-0.02750825813680491,-0.07006921955826129,-0.06513106874996011,-0.09582091726115083,-0.017361758931367988,0.0959639872621525,0.4234084967943566,0.4853647465737929,0.44799248914412515,0.4137030641624446,0.3808512539766813,0.40499992933261186,0.3574127729257994,0.3913859477159678,0.3535378915262104,0.3760282801082748,0.377922149294329,0.38515613617828504,0.39529058491839797,0.4648463286838251,0.6055073202765545,0.5632609341801434,0.4537905925712078,0.0,0.0,0.0,0.0,0.0
2025-06-01 17:56:58.059,0,0.0,0.0,0.0,0.0,0.0,0.0,0.9849880231955505,0.663802649239322,0.3809594900119011,0.16520345404122916,0.044606754628403356,0.03340789867008864,0.11423405957811517,0.18329804394351967,0.266851970477736,0.3836558482377975,0.4820265836105127,0.598859514975305,0.658073140480528,0.6658880040926153,0.7587187189932723,0.8391703527386162,0.7511168445492513,0.48343308248426614,0.2338721591388946,0.1368934312562734,0.12997365141771056,0.1713934192528539,0.2781035108008194,0.39692102242629645,0.5164144412039153,0.6066649347901714,0.7164639075176121,0.7700938542561716,0.8209803709350016,0.8636610794022331,0.9159421281724802,1.0174662374834922,0.7386061568932594,0.2598476951536497,0.0649873746395081,0.026495286043424215,0.19175459758737867,0.33585395523799044,0.38762961705816323,0.44507779384655133,0.5521521704576771,0.580473605209078,0.6186997547763187,0.5881345652484972,0.6517029293566775,0.6270302089604207,0.60711740681368,0.6434258137963362,0.4132020167706496,0.336698057690691,0.2486914751216921,0.2684793354426789,0.2901311863210383,0.395892269097289,0.5116174336472907,0.6348379329222287,0.7112194199320889,0.4885939823288812,0.8397781302566849,0.5238201679625573,0.471438015697425,0.7797209749238011,0.42001217186585016,0.8092477911852902,0.7237772323280263,0.12922804223433557,-0.059247170274377536,-0.08484296463253638,0.09322723364225372,0.18808539045166794,0.31129820532856045,0.3699095194922011,0.47248041090415516,0.5970234634375757,0.6882652462486736,0.7712812676821579,0.8954431392861303,0.9802179276703382,1.066328605114079,1.1342916761374586,1.1737964090083064,0.4318321282591446,-0.21497175223377307,-0.012221740098709466,0.2085273946279098,0.41321898334576646,0.5568446352327578,0.6527312018622391,0.7248780602101657,0.7881392333540165,0.23261941849561812,0.8017697674293383,0.7972488542475401,0.7602535168884156,0.7264353865029854,0.6746350527095235,0.605233258740992,0.6347539333184876,0.5245726177940063,0.6030752400852948,0.6159001299910438,0.5692331600619445,0.5116907713608743,0.48637782514593964,0.4395467356074181,0.39853471774964677,0.346468091568493,0.31387765079693297,0.2710651458005431,0.1982590707762666,0.11066374668478896,-0.020243529604333288,0.029505573797760642,0.5302475390712098,0.7483559078127525,0.7525224355947213,0.6591565979624805,0.3912403488153651,0.6062037181195803,0.8442418905337588,0.44697336469100357,0.0,0.0,0.0,0.0,0.4255284786177631,0.7688605154104449,0.48348797988830294,0.03288991731337393,0.2776505978145682,0.6164222349790913,0.6059462992296034,0.554981415370413,0.5635451208296889,0.6097120964702716,0.6753481848134659,0.7460121872682524,0.752631047594952,0.8946816934757122,0.8987557705081368,0.9038932964504633,0.934900706514805,0.9261503454590798,0.9487130128323131,0.9569254800976834,0.27401901923637145,0.24284187720608946,0.2436026695704182,0.3717144056826762,0.5988779858647486,0.8006145567264169,1.0095443622155482,1.1200784037082239,1.1599542306649775,0.5414972060711918,1.300226332952279,1.2944843118406735,1.2442306246211243,1.1248665016022228,1.0406841076052133,0.8085785582294688,0.3466306175891774,0.028769603882853212,0.24792277162934406,0.4922476094380086,0.6730898002176149,0.7906011947559992,0.9018588381154746,0.9041627158784202,0.9481437750695996,0.9075582788367322,0.8801021366971296,0.800916234436516,0.7302265734106544,0.6486859370582574,0.5561625844276746,0.4802757041894399,0.33825806725605695,0.1408821857754107,0.33892431244648236,0.4849893080327633,0.9525607188487101,0.7247603830018716,0.5226935918300518,0.37588789477326445,0.4960871512079656,0.3819265883228765,0.43396335176988016,0.34377135686049504,0.6669796599454837,0.5512360386228213,0.30974650947606486,0.2074796667089896,0.3173128311302598,0.6405395457264619,1.2936933059718412,1.1011443143464714,1.0434835742042265,0.7721047706634057,0.6415557467618458,0.4579277799497701,0.28948996744005195,0.15442392109838687,0.12532693212534496,-0.0026929795603283235,0.03900971485443372,-0.06110001036976942,-0.10436620672380936,-0.18123356450456668,0.005750121698508304,0.5162189273836337,0.8399866168363634,0.7992298516978042,0.7397278958031116,0.5650696532485555,0.3726892024479245,0.23686136693896231,0.14459971042864872,0.41294346873693655,0.05180409870832947,0.003930872275583974,-0.011561047886055054,-0.005807089357418138,-0.04006846362190819,-0.038493310485066656,-0.07441741444669714,-0.04892396792352133,0.02004914185536122,0.3778283297294563,0.45520380869170385,0.4313557948519555,0.3831314392389982,0.3604707260726083,0.39561386730647263,0.3651566688504777,0.38939100907815116,0.3620596101845983,0.38703270148838254,0.40243639752126015,0.4049856356380249,0.4177644056078009,0.49239911415184195,0.5992716518436018,0.523024789899451,0.4158740770449314,0.0,0.0,0.0,0.0,0.0
2025-06-01 17:56:58.061,0,0.0,0.0,0.0,0.0,0.0,0.0,1.0302411998132106,0.6776476099032882,0.3940343130916908,0.11801536002398771,-0.03720942515625891,-0.0399329893151098,0.059023996854021155,0.139595945031598,0.23476987365550628,0.3492375799572843,0.47155392756873643,0.603642989438457,0.6654362172809816,0.6921728201095295,0.7800652888699782,0.887478491430513,0.7800118776870734,0.46112015969059766,0.19128088205045934,0.05488962604806935,0.04760530275864916,0.10443670802009741,0.22807734188095452,0.3477338118375115,0.4903453653763594,0.5972948193854848,0.6751863303672243,0.7851539111538234,0.846927684087684,0.8947001041841706,0.9594770865802131,1.0795421560981433,0.8501008977298339,0.27193741092608337,-0.006197790645415258,-0.06724692844593183,0.07677085224943947,0.2623183774045357,0.3524669423367408,0.40215595764180256,0.5331703042711986,0.5543985528497493,0.6314985300506333,0.5857153592119463,0.6571645667573799,0.6628314599835217,0.6730930394002672,0.7065695930243177,0.4276276607994026,0.28346506115990217,0.18811653296950914,0.19003866950391024,0.244760983791519,0.39635852148242673,0.5026918699203916,0.6209483237330458,0.7928057239098425,0.5727082891793789,0.6792695985880699,0.44983707111172866,0.4864265286711255,0.654736055604843,0.5424129362228487,0.9293769605299331,0.8446143890955171,0.09816834060328675,-0.12923814542348766,-0.13224316765950284,0.055781007691773965,0.1575261510061432,0.27685959328669774,0.36143228144608397,0.4710831132935849,0.612593471673982,0.7078427207375602,0.79228532317586,0.9218258748148508,1.0237364597169742,1.1223120209815454,1.196242667815902,1.261786221516833,0.4698061350729649,-0.2826108651749605,-0.07756836848016624,0.15798061522907525,0.38740370203818775,0.5307244515491845,0.645425485861618,0.7376438976236348,0.804237862329692,0.36146195771029616,0.8312449599037974,0.8323351503371833,0.8046346184839833,0.7652265222000608,0.7298971753565784,0.6586893455450382,0.6098760123084441,0.485128074980231,0.5589989123024317,0.5859002901267651,0.5548249926255464,0.5066193847292026,0.49076895706376433,0.45498310893270943,0.41099306358162724,0.36831343115834514,0.3501127753991189,0.30183142780880634,0.22759713431712258,0.14034402288838776,0.02002273850287939,0.03848501437500773,0.5085070536227739,0.7336894166338465,0.7461832893446314,0.6623721032832599,0.6280886347923704,0.5669697133574614,0.7527624891466189,0.457324858807869,0.0,0.0,0.0,0.0,0.26552818092739305,0.8690441467926968,0.5301655222294995,0.00834907476545188,0.2773086459071556,0.6189914532265516,0.6125704795631826,0.5634425647708236,0.5707950148714032,0.6144507810024329,0.685454833983663,0.7645451467452999,0.7813057227591931,0.9031925516341919,0.9012409523529996,0.9082480515193887,0.9414716362819746,0.9311672843465582,0.9328719178931903,0.9165662686207809,0.2725751412843382,0.2526871119148707,0.2703788260144323,0.3963661201538218,0.6342825279546507,0.816301668072291,1.0339388686066897,1.1524972867705487,1.1733647606944377,0.5662026716025221,1.3017446138954054,1.2952571323743451,1.2431692087680994,1.0992659193301004,1.0222242627294715,0.7669805361145322,0.30780822688899806,0.06937700267808677,0.29160884156386724,0.5356980207238871,0.7126834827901809,0.8320618606175099,0.939701713168255,0.9374342880668822,0.9572108896120048,0.9120433684925571,0.8760133473660123,0.7932465011341029,0.7061336656417475,0.6282583077916828,0.53088343197774,0.45680919055453384,0.30237289931455746,0.15824056522809607,0.39988412832082365,0.5424006446239175,0.8160212140290647,0.7025533239426767,0.5147942279634341,0.2689410898614404,0.5338897737825286,0.41947085120299255,0.358297106417331,0.5008520112725834,0.7846090046822914,0.6045804036807932,0.3258642384776652,0.18292409104661783,0.30628534902126087,0.669604928192982,1.4074381887247054,1.1801461662749908,1.1234448223198,0.8250124108841972,0.6824144454438066,0.4885737294991708,0.28082525104641665,0.16278781385851393,0.12437587092428593,-0.0030269293032956224,0.00729135100836209,-0.10881195055157833,-0.15071085101918769,-0.18372998436112364,0.025376599263214727,0.5934756671723533,0.9017168139330654,0.8463058609455907,0.8084586771346068,0.655386614698666,0.4374625046638303,0.29569577877645625,0.1862893536969863,0.35647210629245774,0.06873907927092926,0.008966190135109686,-0.014571367561890147,-0.013315429165240644,-0.07182363584650853,-0.0838094209449417,-0.12034187582681732,-0.03800503141666306,0.13844879109590302,0.47926069572144586,0.5472920003897986,0.5431864145814953,0.48622197566618297,0.45856851245869,0.4641968284245641,0.43338620058469424,0.4103588408475729,0.38618233256027534,0.3986127664686383,0.4058104154066047,0.37119531616325296,0.36158826130602795,0.4475082030969831,0.5615476469395924,0.5719383640844345,0.5213438268411894,0.0,0.0,0.0,0.0,0.0
2025-06-01 17:56:58.064,0,0.0,0.0,0.0,0.0,0.0,0.0,1.1087384620778145,0.6987715854468339,0.3664972121015245,0.044042780205172494,-0.11376269102740799,-0.10539470708589105,0.026817219514075674,0.10393282088887856,0.2164861582873565,0.33166925363611177,0.4760210766708903,0.62368400562263,0.6945090002970542,0.7344175800284629,0.8366166324296778,0.9365023481400959,0.8240204101753155,0.45112421907328654,0.11383612225676831,-0.0419026427651199,-0.06166560565153434,0.028736242028534198,0.1867089606886947,0.3154942847008366,0.47147224616287775,0.6045187246337613,0.7041328523209588,0.8218426415706303,0.8955672237988457,0.9521557658387164,1.0460961063661842,1.196128723653493,0.9834127424453483,0.2885046464680848,-0.08713252385241133,-0.16465872471782317,-0.018080176027678974,0.19493831305045872,0.30589157739827977,0.3705421534109399,0.4956093372730952,0.5503535998725999,0.661583042170363,0.6107657499120339,0.6945682522429405,0.7021176556557487,0.7404084574352034,0.7974100162927718,0.4773683103925752,0.1954880374628465,0.1039164220758072,0.09550838261476913,0.19143963589398694,0.40211431200523956,0.5732572477875194,0.8748945207357113,0.7877081722025858,0.6070498066422203,0.6625261626713045,0.29694812276504345,0.6021087070092193,0.726792040471533,0.5999851993715745,0.9575785716084724,0.9520172446524364,0.07025165891440888,-0.22025094031706427,-0.2037232827281492,0.00218542750939843,0.10128253321757263,0.23805309332933255,0.328342279590939,0.4568474686349322,0.6095036942981245,0.7036870879203843,0.789202586905994,0.9296422158361731,1.0409384617098143,1.1512686411832738,1.2371173906064659,1.315852347249192,0.5152765627012441,-0.3374222555769907,-0.1420473202600141,0.09623769057641551,0.33819520991291063,0.4886427464836034,0.6115580385401707,0.7238247852529294,0.7860932151414126,0.45250567391044944,0.8299657530208133,0.841112473531214,0.8137157074140421,0.7825771544560037,0.7572938294757772,0.6947258963122945,0.6185079554645243,0.4651594373084035,0.5380032739902143,0.5644557597460131,0.5280811593885055,0.4901561664738392,0.4765636849841126,0.4441320386437737,0.40256047459464583,0.3610640140815429,0.34692086452940485,0.2957235048397264,0.21764051757967828,0.12693756236955578,0.023217603496894057,0.06538512015359982,0.5391229272087426,0.7517629798726151,0.7524023105224447,0.6690144705370398,0.5399021585893908,0.41616005162200825,0.7235260115493294,0.44268552760042656,0.0,0.0,0.0,0.0,0.3593805814797987,0.9554160927228945,0.4331174956209797,-0.02898951264754418,0.31720341926314394,0.6446387829998956,0.6323471537128929,0.5761209802322821,0.5698918871933678,0.6079110913544625,0.6677716443039152,0.7334813829603908,0.7519543218222338,0.8552484914058285,0.8413712735639796,0.8505420075334384,0.8845517342246387,0.8784326475880011,0.8576600678058448,0.7905359754707362,0.24947186099693003,0.30221972945781683,0.31525093437857543,0.439231111112375,0.6742320023503681,0.8316976431185967,1.0380246569913818,1.142451179477921,1.1417203405993541,0.7307451909909324,1.236047309455628,1.234107795843451,1.1767630244913352,1.022801762409491,0.9382494727427938,0.6637590163298064,0.23015814845544813,0.16566994781371447,0.37829682033358136,0.6202959123926182,0.7859869729466675,0.876693014593416,0.9711360243146214,0.9328940748428505,0.9338366961634885,0.8681520063758414,0.8363534678478759,0.7407183878210538,0.6421309133350527,0.5567174512203976,0.4640856387480944,0.39358954755410247,0.21684788858974763,0.14880366690523664,0.5070910731738992,0.6411804474990049,0.7189373383222325,0.7619329379930303,0.6933131019529701,0.30047364090496775,0.44838767248762296,0.546810645725125,0.45899501237578116,0.5582919189111999,0.8392709582960102,0.5355371391796055,0.4391752924937238,0.11592326237398015,0.26450620652504614,0.697646106781206,1.5120806997013323,1.2925433622166709,1.191245504414809,0.8672043370855844,0.7080685056905962,0.4899045838532621,0.24790134957944288,0.1275739815658079,0.09054079388284553,-0.06545070725314006,-0.07486703609802903,-0.19134959827550047,-0.23014468794506088,-0.22783213816424747,0.036620762638565674,0.7074837951029147,0.9731010249689789,0.9002899149912198,0.874638325474301,0.7102927403429231,0.4697331922636958,0.289127567722834,0.17600170357174139,0.4361891830565643,0.018839013782808722,-0.05987376684969181,-0.09661476173196837,-0.09834227756515002,-0.1652603613547593,-0.20662654875457453,-0.2270238106287219,-0.05389627253634144,0.30147498269492146,0.5745781224751305,0.6357428878764705,0.6283458294795663,0.5517028723813104,0.5030956116589511,0.48525988226126393,0.43822595471525805,0.370000051904662,0.3377024160818569,0.3312893077985626,0.3309999283289877,0.26292176928452793,0.248911750521966,0.33529001016295695,0.46596672204549916,0.5790104473092169,0.6166022908567224,0.0,0.0,0.0,0.0,0.0
2025-06-01 17:56:58.068,0,0.0,0.0,0.0,0.0,0.0,0.0,1.0602738465189776,0.6847859246315693,0.3666793934923718,0.06449893226683645,-0.05853088639569992,-0.05270542866358707,0.07153387640472342,0.13666559198972295,0.23115097962836928,0.33994459332401317,0.4866663308272054,0.6168224476424864,0.6831320746990386,0.729024321999787,0.8059230271442159,0.9099453472617293,0.8048726526052802,0.470955314096039,0.15999298220375024,0.013432007164173476,0.008515997024884925,0.08648340180226843,0.24203365531407894,0.34834055488618043,0.48703021595038765,0.6122172182844803,0.5098818918578136,0.8052457086898664,0.8688255227747765,0.9208617852767095,1.0126140970482784,1.135008305460108,0.9444261891209211,0.30552913691475225,-0.019982765314467965,-0.07864935170772358,0.04858262041882311,0.2474502406999961,0.33662893188621323,0.41617679593241874,0.5352379668242315,0.5908983246999697,0.673588963701764,0.6135709773584711,0.710746754358807,0.688648307896687,0.7591510214132603,0.7573276411384953,0.4529908310313472,0.23870247646986592,0.19881728767691342,0.18645901440397172,0.2839520296080129,0.35900173937934415,0.6218366754728223,0.8497448285818594,0.6135884075684271,0.6893959995937695,0.7000429776776406,0.4801529805019439,0.7393044796561787,0.6150073768695459,0.6649772792565475,0.9614039546037487,0.8213648098875264,0.04278180254869324,-0.13551306373460414,-0.11642930715148858,0.07781645858206976,0.1679102546559621,0.28749167420207766,0.3834737627065541,0.49419134259342234,0.6401873840721048,0.7140303125997225,0.7956822537734303,0.9193572351277705,1.0254707808746486,1.1262211866416363,1.2005306396103008,1.2604355158512728,0.4742714683573928,-0.25852970687105403,-0.05788521442484895,0.16389339688347038,0.3931495829110998,0.5307691654682651,0.6477832568496078,0.7512383843641528,0.8015927531408351,0.6032701329754468,0.8334492920742431,0.841494691106612,0.8110574710783679,0.7764646075583003,0.7468767624613284,0.6850533680727496,0.6474425602859873,0.5190011125462809,0.576382398822072,0.6128339403567431,0.5565046243623184,0.5232248193250137,0.5014222988393322,0.46419786598434376,0.42418456101032453,0.3776398585293743,0.36452052519831457,0.3056121549539852,0.23397493705822736,0.1386292358022604,0.03416183302506093,0.08432598409932873,0.5487456464857089,0.7647260246221507,0.7677418791369441,0.6825039116733322,0.6425731229489196,0.5310357724800296,0.5556273279146979,0.4290513095267051,0.0,0.0,0.0,0.0,0.504509067094696,0.9059952052283258,0.4665159881915266,-0.061215153342560835,0.2966231595452204,0.643997823596742,0.6369677539417549,0.5932554944113339,0.5849197019239698,0.6307384788087587,0.7083391281497895,0.7641816994211377,0.7768908804983123,0.8890937934047813,0.8648086219361937,0.8745525954951265,0.9070590697918315,0.9011781329727493,0.876113809459792,0.7917662738329327,0.2360881322442418,0.29070913600165876,0.30798893746602485,0.43942872843707126,0.6810014150714923,0.8420326198471852,1.0562254966876985,1.170073489069183,1.1748478351507325,0.8832986818720203,1.2721068063466197,1.2696056656082058,1.2119305303235022,1.0567709732443928,0.9659941529034507,0.6912184790546274,0.2550962964667055,0.12853949715887025,0.3336504704926574,0.5935203257816182,0.7801862136574425,0.8839433301328417,0.9757736677051314,0.9411737141632102,0.9600275439962584,0.8936553829280403,0.871090964580358,0.7641422612682961,0.6701722074313102,0.5840561847696037,0.4917515151164079,0.426446186002465,0.25105131976532685,0.1881756124819914,0.47010476206597107,0.623797323084997,0.6138728402974281,0.5818827194633222,0.7132101920785706,0.37142820599269755,0.5410569918602808,0.40288376280271554,0.5156620849069242,0.6927013382465377,0.761401560318178,0.45618405141642016,0.5975481477944278,0.14778381298712046,0.30811401261587285,0.7290022540752623,1.5062358139418948,1.2904503197039712,1.1827397573336058,0.8452552746373216,0.7378555890781413,0.5355784227667022,0.26965355943184766,0.15720247844320223,0.1344717278545433,-0.010053252763129183,-0.029682900653959732,-0.14513943701169563,-0.1764756127495416,-0.1650326298402532,0.05339359570560559,0.7081474710693783,0.9551270521860864,0.8900187691148154,0.8624479125216357,0.7265757358726483,0.48646965559140254,0.311098950015416,0.20447034197437963,0.5518562869769119,0.05261985760793486,-0.024912966372958367,-0.05508081026761125,-0.06502055582727506,-0.11967221573375286,-0.17319237955984962,-0.18908341410268853,-0.05820064626517896,0.24757020209489977,0.5325266272899256,0.5971145494265776,0.6037722397011696,0.5150264231075978,0.4827508483718126,0.49171485835761675,0.4495769544411752,0.38556847088853563,0.3683565108718583,0.36283969666255556,0.37915452676762595,0.32311032111295324,0.3009543942179992,0.37478186638419214,0.45985417922766125,0.5119049271448856,0.5376189868297929,0.0,0.0,0.0,0.0,0.0
2025-06-01 17:56:58.076,0,0.0,0.0,0.0,0.0,0.0,0.0,0.9769987784749731,0.6142961904244847,0.3530637274954961,0.11125738107133354,0.016477461517373393,0.012639823456867316,0.1152714882733269,0.1720569182715166,0.24188890079099623,0.3346919396062775,0.4750011610807661,0.5919951521640102,0.6461545011877516,0.6790112799338889,0.7420076450417601,0.8273370000798942,0.7385694196131791,0.46416833571294674,0.19953138233966272,0.09898287621521418,0.11672589078836193,0.1626787474434468,0.2969709842666639,0.3805033825725279,0.4934719280239219,0.603963934600172,0.4468414216791714,0.7600416464690413,0.8035383832818974,0.8514382932376977,0.9135662344570536,0.9980503754400188,0.8114049625319217,0.30537617021893626,0.0603102577540745,0.07347302120241861,0.17407483333307328,0.32502744480311563,0.3607588021491681,0.4395305099347073,0.5667041991633706,0.6132663972192147,0.637891423307841,0.548637818646733,0.6736400503013275,0.6483639411169004,0.6970702533874671,0.6268016952986077,0.4081650303919262,0.30119124259988983,0.3115416912129325,0.31897707268915276,0.39328356151608745,0.3399502912674303,0.5633974907325101,0.9701928523852721,0.6123952213694659,0.8083885640008381,0.6925597822223292,0.5932404658203259,0.7681958858543281,0.5941401585433465,0.5468412871057464,0.8446769253021853,0.6400806044345215,0.042405352312643696,0.0044927582046485615,0.010688595297701609,0.17267197816412128,0.2561089252888231,0.34416573232350545,0.4322261533983496,0.5276786711767962,0.6552663166377259,0.7197531083387538,0.7821795282491668,0.9005705730244885,0.9857566336526526,1.073067619324115,1.122714604385247,1.1486980799384912,0.38181827645955463,-0.17523639719994688,0.050091912862681554,0.26229578605978143,0.46445131172046383,0.5756693337409788,0.6910111601947708,0.7805593505880366,0.8115444681202388,0.756856293763464,0.8284580920032951,0.8180971326233836,0.7864084788578297,0.7379394767250972,0.7083110804975077,0.6327879671552152,0.6438258361586908,0.5837569602373313,0.647296676312576,0.6574925885266405,0.5945689998585995,0.5521555831172396,0.5173427180709824,0.4775485760770559,0.42293984656273875,0.3770262717292103,0.35985344205064496,0.2952764280332163,0.2116536054717082,0.11655005948672137,0.007984808360019247,0.07323275520368328,0.5632958698425431,0.776515383806423,0.7785902202452015,0.6971189520129604,0.6130416714061582,0.5783176389456395,0.45666271382265017,0.3915457083667012,0.0,0.0,0.0,0.0,0.5470314133992837,0.9264257587469611,0.39858256669555536,-0.05606303417964803,0.28716479284941226,0.6415144762462202,0.6359701348183824,0.6062975069861175,0.5912607658091447,0.6550521718713911,0.7176781971707014,0.78135242006165,0.7990431477094324,0.9136528443236895,0.8790762310622964,0.8891885856772674,0.9259439480744056,0.9330014573970855,0.9015786347020771,0.832115748404376,0.24287309072464697,0.27277061954499693,0.29423234715000546,0.4182107023444568,0.6684151671864835,0.8387627426506099,1.0649147038063624,1.1943137746291341,1.2061458817629596,0.8355780278592491,1.3134460358719426,1.3074461553599654,1.2562118079775306,1.0979649033898622,1.0227247028604602,0.7500937067512138,0.31273906162564086,0.06799476279974104,0.2783841813493976,0.5295078558400157,0.7379821186466842,0.8433903988176381,0.9590378313573917,0.9454504580702145,0.9676277361862979,0.9134063816484437,0.9088956033055866,0.7965530626301743,0.704607947640446,0.6233193535694892,0.534932951998641,0.46762167221312445,0.31123064021624486,0.22216956646320837,0.3885353104686866,0.542913538905997,0.5113704566857373,0.32934293625598343,0.4998844410697192,0.48265276148104974,0.5874336620698535,0.3868450680220966,0.7496144926605672,0.7795943250636383,0.6653370605092114,0.48794058387383876,0.7344520970583918,0.1978330129398284,0.3482132184798688,0.7249692003895878,1.4323084443958727,1.2338053073155169,1.1238619787136006,0.8190270990641413,0.7124580891280108,0.5322977286576589,0.2579595879804222,0.18564851197272292,0.14715083871967605,0.03600110723233607,0.0012088479199912072,-0.0930026258818194,-0.1173916395750485,-0.11181902819722189,0.04926646826293962,0.6739923063995132,0.9171086727675215,0.8622013361926275,0.8259581143031663,0.7002609693594046,0.48800916390177296,0.3099180031455915,0.20682780976184567,0.6816991345371719,0.0714153390769412,0.003608898858821652,-0.026502600991813008,-0.028472424467907098,-0.05985725524821128,-0.13167267438397523,-0.14724071505086755,-0.06568546840831352,0.15791389406671363,0.4706516419809064,0.560142706035861,0.5678751343749133,0.4536651909518259,0.43486485360932536,0.47936908409953616,0.4459438711960175,0.38576629995098344,0.40064625885492755,0.3815229579154462,0.4132829699860898,0.3679342137608478,0.3432406348374215,0.4046823212272333,0.4556687479646462,0.4313459219680674,0.44477171397732773,0.0,0.0,0.0,0.0,0.0
2025-06-01 17:56:58.079,0,0.0,0.0,0.0,0.0,0.0,0.0,0.9960359278942511,0.6115441825515932,0.3412371366445678,0.12909857658498225,0.046837624503238806,0.045494288059045096,0.14411111408658173,0.20017652690827115,0.26736018567155273,0.3529754137806077,0.4872514764294828,0.5985014748318331,0.6499625473785968,0.6741747652731661,0.7370496531715202,0.8285276028787154,0.7449075430048417,0.48995133433370736,0.2319436320063748,0.12825395249044702,0.168497328477498,0.20028316769182286,0.3215187500597456,0.39642527956207707,0.5037372869902312,0.6020327849984202,0.39485759813587484,0.747246484069004,0.7811792740179628,0.8348558110773759,0.8886105093565009,0.9842575058691908,0.7751698320064744,0.3230866498145104,0.09031753578057944,0.12110104928722709,0.22530481824039117,0.3276142365503625,0.361176769403885,0.43592116708355344,0.5523421972907885,0.601991071970936,0.6034601474181744,0.5431272624557334,0.6624731241908876,0.6155829045737307,0.6725226605210344,0.5835183242256654,0.4399338784539578,0.32764397532959977,0.3563191971999743,0.3589585660992347,0.43577110978978584,0.4035172984641208,0.6614732239888141,0.9813915623139586,0.6439179422617136,0.844548995477127,0.7192695689109674,0.5899029679927382,0.6582814183034897,0.5781361054641456,0.6580936506146328,0.6678535403307607,0.5613594362784351,0.0671491423760848,0.04633020706853119,0.07153763482364561,0.22328451321798104,0.2815611406827645,0.3724269016390789,0.4617172584146878,0.5467509389935321,0.6753957269810988,0.7373806006428862,0.791456783714632,0.9011764483437222,0.9809330834250027,1.0609892237958385,1.1033134027169478,1.099716510007117,0.35399212569930666,-0.11484316720624177,0.10134789442337566,0.31222395341837994,0.501096851093408,0.6073158825577174,0.7167965017391165,0.8022072665710893,0.8232544722874218,0.7287857231709272,0.8275818248341729,0.8164223518313748,0.7871031063615611,0.7247373562915748,0.6981098649299136,0.6111949822199969,0.6401071771305329,0.5994591508539137,0.6843850956330475,0.6742626399169758,0.6157234435014016,0.5685988622427776,0.5230139459487311,0.4842604227619187,0.42546354983393164,0.372966544420537,0.3600398740120283,0.29148539274943874,0.20991148367645174,0.11482771403815384,-0.0002464258741230463,0.05941946033411927,0.5522757405183508,0.7698628166270115,0.7774505755552421,0.6976655305584414,0.5762497304551184,0.4012801850272865,0.4909866005807148,0.36677439171914206,0.0,0.0,0.0,0.0,0.5243832410795671,0.7641143308715723,0.4702550610165771,-0.037063056481164924,0.2813491383602655,0.6240169823781119,0.6223722553356339,0.5952711486949783,0.5779336691224661,0.6514079041496428,0.713654457448047,0.7889318186263243,0.8099070618353363,0.9307815647108755,0.9043211619328688,0.9107782167431699,0.9568788176969849,0.9593284794492869,0.9384993035809159,0.8923219240915692,0.24213977921829638,0.2383487349955114,0.27048419503777354,0.3964314635732511,0.6601102851394887,0.840461812430874,1.0860099562573433,1.218447504174667,1.2433710144721106,0.8814746759620029,1.3585298857041428,1.3576971616163651,1.3033613395164398,1.1489363302752111,1.0640822440335838,0.8048699121256784,0.34995808522792526,0.035669171658080256,0.23987071759698952,0.5083514641003564,0.7237093464746969,0.8490913331367478,0.9695801203492334,0.9706654409220687,0.9971040593057037,0.9492782221196543,0.9546261744571245,0.8324281427719583,0.7441445609687604,0.6597500173551056,0.5662483021575342,0.5040367966738135,0.35258836935803,0.2491720730054275,0.3425357375044146,0.5042719609051528,0.32181924098983483,0.48767005957394916,0.5544057896353296,0.3232440888435535,0.7135836226368353,0.3788934613946978,0.6353172863768048,0.6846651557003114,0.6573812803354543,0.4856239066301986,0.7420632115438451,0.23256887730274017,0.3763349806657817,0.7216564229632687,1.3528901736037962,1.1894868355912234,1.0886019182620164,0.8077402260204478,0.7224515658930646,0.5343448155792223,0.2713648531271513,0.22082302256464348,0.17617018073675106,0.0968636783750223,0.0319292654514729,-0.04277420333898607,-0.0576644107651656,-0.07219434140356551,0.06953712538097062,0.6332376140850939,0.8807235383114309,0.8359213839526289,0.7993890681485266,0.688709312940927,0.480067065508579,0.31395441359682863,0.21341170437921386,0.6842932077508656,0.08355733130916443,0.021582330652247128,-0.017037630217126676,0.001983400220350484,-0.03263731359161681,-0.09205602410702396,-0.11147953050942028,-0.029312605793840707,0.11626395066971029,0.42983866494263095,0.5151295193054386,0.5195607619493217,0.41941478046497616,0.40375337534274225,0.45647745010892615,0.42075944205970783,0.3843015525099964,0.408978961126206,0.3998242896424531,0.42689517517915765,0.40592688383607867,0.38964863115275306,0.4407524347742519,0.4670163109123038,0.39671774134693016,0.3811830450832181,0.0,0.0,0.0,0.0,0.0
2025-06-01 17:56:58.081,0,0.0,0.0,0.0,0.0,0.0,0.0,0.9390103479205022,0.5868215914850223,0.3418063061806609,0.18647211924698648,0.12379232130809437,0.10424018941584812,0.18654960252960195,0.2279620864527543,0.2836651142265775,0.3562908499901626,0.47473041508302233,0.56815527462969,0.619948044614683,0.6210711524022055,0.6872956945284373,0.7665010055224428,0.6953159323061785,0.5100310430634036,0.28420659322780073,0.2156454735925123,0.24521936465911898,0.2635615343895801,0.36456021058518195,0.4280863834452797,0.5194435558724353,0.5982536405086631,0.4946049062415996,0.7057791170811504,0.7322379426118153,0.7833693279973498,0.8118257114151932,0.8895225762601376,0.6438736701830052,0.3113462355860974,0.15830979274836265,0.25192079977958515,0.347490628597215,0.3919202537060933,0.4112997656213446,0.4603617530712878,0.5538534743831471,0.596208658925941,0.5865832768533719,0.5317370814689787,0.6130012935337068,0.5503273262760169,0.5856894955267796,0.48933152922351003,0.43757128067944107,0.4050753847500166,0.45283047706136836,0.4769019061836173,0.5277465812022997,0.3670750856040435,0.6127080388784312,0.9201390034206283,0.552486820459161,0.8190595078255636,0.7228514040101979,0.570280380294314,0.6325603921394121,0.5400393828338865,0.5243251248395657,0.47722041558860473,0.420484079433812,0.11120940271843374,0.13287546105884918,0.1898855216244153,0.3058342581562412,0.3293537579512824,0.4271020303678932,0.49988666041896956,0.5766388483236435,0.6887650754741026,0.744360643585797,0.7850730799421934,0.888171897098959,0.95497357408782,1.0175814377756385,1.0503314008424707,1.0091738193360038,0.30307473019417275,-0.03363582810197496,0.18606787294037996,0.39222709768779396,0.558481736986485,0.6503592971302288,0.7531192834984672,0.8189328871875245,0.8324372308185264,0.7434415691378355,0.821810231202122,0.79936125248399,0.7679171828826635,0.6987035926037285,0.6665812473208055,0.5645370732265472,0.6552898011205893,0.6555552457172423,0.7463286475741215,0.7206235033022328,0.6508289220740642,0.5943162504104353,0.5415602560585526,0.49346945930150676,0.4270510152257414,0.37123684160373904,0.3444001635541205,0.2804667091471731,0.20487509698853112,0.1008794687208513,-0.01867453669665675,0.06640926944075992,0.5748531211593746,0.7847901421001893,0.7838592396340811,0.7085252319924029,0.505245165176397,0.346033446772215,0.4737793364941258,0.26863563952691805,0.0,0.0,0.0,0.0,0.476963400401055,0.8537604611010348,0.4841167157191175,-0.026024690392450422,0.284979778112396,0.6210852727988094,0.6223307514013869,0.590189657824799,0.5643395323694171,0.6387770944777509,0.7023743263225515,0.7642600022443728,0.7764118305431689,0.9228887518823847,0.8977562711453628,0.9049992854128797,0.9542512581768801,0.9610147708905785,0.948254778094902,0.9271264620666082,0.24043220915705626,0.22371366520730357,0.24322294906365927,0.3630416958929985,0.6249613246072263,0.8185199853220602,1.0622060595135174,1.1982996588527997,1.238002265109752,0.7347427579136678,1.3660191716453522,1.3715954907445362,1.323413948673549,1.1734698454765975,1.0929154778950578,0.858193933175432,0.3962007854440247,-0.01886843852278347,0.1849127321672256,0.4535458914330126,0.6828002589539697,0.8137992992064131,0.936294400208975,0.9498733221413114,0.9980059802970924,0.9522605148056256,0.9758582700131622,0.8556738653246582,0.7713954326365916,0.6866045321663874,0.5973918774084876,0.5436824087485964,0.3921450468981666,0.2362157500164113,0.2722225954359586,0.4438232750879635,0.3199686695228062,0.5682931579737119,0.5815100721605372,0.24269055721930688,0.6872919508713196,0.4302391051187431,0.6685297331209143,0.6882078426763376,0.5388606852056969,0.4380754138682219,0.6634990967033307,0.26756026874079003,0.39718987107596165,0.6842070398743102,1.2412321383030196,1.117736119555864,1.012927726955783,0.772617272942447,0.6985381270263884,0.5029545759564109,0.28877740846449007,0.23840001860620674,0.2107697996325959,0.14023451684814092,0.08019301828750969,0.030231958739322495,0.0033560044130465094,-0.04781948503807576,0.05801670675803777,0.5583637358919475,0.8172347820975906,0.7824650341671169,0.7512275264346776,0.6321377856320591,0.45002454324408436,0.2977671633625536,0.22367747495880996,0.9664170299179603,0.10909919784099364,0.059112087146371506,0.02131416374591444,0.04823946741506313,0.032680510327065426,-0.014854428027328392,-0.038336037468560735,-0.02620313749381753,0.007183418026436628,0.34313791541076705,0.42754825396256435,0.42747087810094486,0.34209437742510107,0.3630124359938902,0.41749939336139863,0.3990853855601697,0.39938523850483976,0.42422625906882305,0.4273375704862654,0.46143402827861135,0.47160409814183313,0.45882246161881013,0.5112410030690631,0.48966913853811855,0.3704600799534721,0.28322671548444767,0.0,0.0,0.0,0.0,0.0
2025-06-01 17:56:58.085,0,0.0,0.0,0.0,0.0,0.0,0.0,0.8978736532145264,0.571863533775411,0.3292616580665273,0.2030833281505341,0.1323394440035237,0.08771402767710768,0.17015597872673316,0.21324116991375308,0.27115990916800803,0.3535574028361804,0.4644138163665948,0.5532093542227035,0.6003349630019579,0.6014321330383645,0.666150775067204,0.7544167553605425,0.6597604790206816,0.5121961953906524,0.30103851488148003,0.21549581267691076,0.24270978468793247,0.25702884017135763,0.34442982679525325,0.4128856408591355,0.5051543434433339,0.5815533475533459,0.5335128279846207,0.6793121276952222,0.7175362613013101,0.7721533451154626,0.7940108157854004,0.8864244450496573,0.633283266585311,0.3217698705831601,0.19693788984629734,0.26065180170329727,0.35086952713309194,0.40588993132234297,0.4030360995856206,0.4465212243838119,0.5420864429400238,0.5763945609223717,0.5488660344597145,0.5285005307974423,0.5944524531942682,0.5409648873843063,0.5590552543153278,0.4534131857146713,0.44030611090843585,0.4440670955257686,0.47393725213512894,0.5005597692406001,0.5493801362700614,0.2938973762214639,0.5665887831955907,0.5857570166454948,0.5565044628823931,0.7638780748624208,0.7383977693045051,0.508140292675031,0.6902995761172195,0.6122593902374484,0.5381229079244675,0.5423264618054496,0.39775988729601713,0.12136279982900386,0.1698559629799945,0.2153716405056727,0.32943477678516997,0.34247255643644214,0.44416055923659625,0.5300854323585955,0.5939798278006585,0.7020101693903471,0.7610417776353751,0.8084487179032649,0.9026398806338473,0.9599527824211649,1.0232414749119474,1.0556689400405412,1.0098333440920197,0.3117405216223994,-0.02489803211948538,0.19460372146859517,0.4072711862732694,0.5765450300866475,0.6714203163455315,0.7738718966911677,0.8259972965640681,0.8501852524656155,0.6806738896635185,0.8327397426125813,0.8122842122185999,0.7778198208840154,0.7049073102951257,0.6718732052046685,0.5742578316042051,0.6618890641333685,0.6600307975166145,0.7473968688912702,0.7318485555756118,0.6640131191791221,0.6074652471389259,0.5575257406103393,0.5057987575701279,0.43656860428947186,0.38203630420989576,0.3531714090931797,0.28972479092960257,0.2201806236356485,0.11841124460329888,-0.012894403125105924,0.08343546565604554,0.5747431856575931,0.7864450025228431,0.7888534336908866,0.7189939919630637,0.7142921348567886,0.44456044323605876,0.5042300083595184,0.3692241241732307,0.0,0.0,0.0,0.0,0.43580001363540666,0.6986563295705872,0.5145917182052581,-0.027085106436425366,0.27854289842911134,0.6154524086806082,0.6192633799746035,0.5879188692223812,0.5635210975232887,0.6423561151030335,0.7086513471126779,0.7708835322775238,0.7873177625237049,0.937426146952284,0.9152474234908876,0.9180235335585756,0.969334812726498,0.9648331417586336,0.9676745211075652,0.951012679511217,0.23445146824419766,0.21655767996520275,0.22793001321372142,0.3520271838100131,0.6237462779090921,0.8233338250937838,1.0667178171026928,1.2069768769224416,1.2528536669383576,0.732506854740802,1.3880036984906892,1.3899898241952204,1.3395494260413299,1.1927764320214895,1.1084235507915459,0.8833616775390536,0.3926289238118646,-0.03427187486433653,0.16552979639013854,0.43886713935156263,0.6701702384581396,0.8130790753499342,0.93318706438775,0.9591675512117777,1.0035001154101888,0.9665806597797131,0.9840907468459412,0.8691534978781522,0.7894971350462593,0.7095623142159868,0.6114405879433342,0.5589308288977696,0.40928077288003917,0.2259904632100365,0.2544737888103772,0.44092259266366607,0.25316741253026953,0.6460688232438385,0.3927188768758261,0.2912581914001612,0.7136385007396389,0.3645491698985982,0.6593215073895942,0.795466290805739,0.5198799575220611,0.522324842949301,0.5260045576969824,0.28334490179265975,0.40855099208781315,0.6741840170270783,1.249898617619802,1.0953691356629813,1.0036715919707144,0.7932496822475688,0.6858767765324167,0.5030436384246584,0.3148804265227183,0.25963868985500205,0.2239261991164272,0.16366374656944682,0.10477030526581421,0.05968385845505697,0.027055387138329334,-0.031654508363998524,0.04044642631643541,0.5249220747677603,0.8002955529614395,0.7865740650853565,0.753770369831296,0.6425496922564966,0.4733352532475661,0.31540564707451213,0.24815828939586337,0.9059087664498172,0.1285662464702062,0.0998616249004669,0.0538255920256967,0.07926671224281334,0.056074628590400355,0.016098667079220252,-0.010518699256482245,0.007674059557040147,-0.01551131199523803,0.34056145213694283,0.43026832274449245,0.43144154244958055,0.3602978449799581,0.3755308264279731,0.4329983239380244,0.4129906908294072,0.4332980977017413,0.4417196355772919,0.45454767265318674,0.49027506477544547,0.5011620441880505,0.4846447717179292,0.5316762306402216,0.5179131752686228,0.39838719186878324,0.31335866090616626,0.0,0.0,0.0,0.0,0.0
2025-06-01 17:56:58.088,0,0.0,0.0,0.0,0.0,0.0,0.0,0.9595066897967751,0.6027429387114671,0.3348161450681575,0.18372941175362845,0.07173896282486314,0.03472618596078891,0.1310389512706268,0.1871713918376492,0.26235050366391854,0.36065862122115866,0.4746787795825637,0.5760708902115916,0.6350985620353351,0.6422618862266709,0.7271206440790686,0.815958178133445,0.6952250938738106,0.5080637006981341,0.2655523695621028,0.15038810508513756,0.17327418806406403,0.205473425562142,0.29570754541538924,0.3826444731449976,0.5022477249195094,0.5820915199439078,0.7027351779408099,0.7138207018704686,0.7662359375815457,0.8264585923759785,0.859041708846944,1.0052300466569308,0.7345276633584525,0.34915653202183516,0.16132856393748451,0.18435459256689235,0.2835560206717056,0.367493031034942,0.3984566059288843,0.4293244592752734,0.5150595200511932,0.5501356150243835,0.5448266550967467,0.5670334130045888,0.6012202017075216,0.5617071835792127,0.5925968199925776,0.5294807870178986,0.5072044579377809,0.41297797644047163,0.41374801011869067,0.4277071047292289,0.502094168111253,0.3074560122455105,0.4815673170194663,0.5763418742291111,0.4935784432626352,0.6207434468524494,0.6874326440606826,0.3984276217585696,0.6572473012458697,0.8229384066865887,0.6144759015043155,0.5686867788480843,0.49541141335703326,0.10132064639427354,0.10828299264463515,0.16880585322066577,0.28070895123037265,0.3059821527661677,0.42301092264315643,0.5140201802020807,0.5828365379954386,0.6905130934991095,0.7638035147317117,0.8256234112886411,0.9252969783280561,0.9779941373355703,1.051845691975035,1.093168220893142,1.0552050033573894,0.36161168525346815,-0.05645161768701601,0.15115298042447267,0.3626010837136564,0.544821661897781,0.6597846092949302,0.7568580065533546,0.8055477401070692,0.848199130961399,0.5615955995695012,0.8389763911069603,0.8153184160344941,0.7853282241258267,0.7198694010626921,0.6917009677710197,0.6069539413810113,0.679047712738186,0.6535836333619235,0.7340495179338911,0.7155699734854835,0.6597304742135355,0.6015382994400416,0.5500337642757986,0.504057161608757,0.43383438104692584,0.3835121931242318,0.34912526779730113,0.29185965877478215,0.22133043488056425,0.11681909219567166,-0.012538759260461219,0.11291158852916189,0.6061138852228634,0.7987343610011541,0.8021606042889808,0.7291401261772779,0.7326957759319503,0.47164210102356735,0.5138886341904385,0.46678410784404656,0.0,0.0,0.0,0.0,0.5188753599041753,0.7087346252494824,0.5466196980877924,-0.029696501673226572,0.3252757935678679,0.6403150713768209,0.6415772830932525,0.6047908441827244,0.5772990894465109,0.6510707830879772,0.7037929866979877,0.7611367985669975,0.7559698630347742,0.9061382917407679,0.8869200314897263,0.8803681492884365,0.9245768451980212,0.9152883949528767,0.916930041325059,0.8724183876656837,0.2329911285961055,0.2549570394157967,0.26985008659159304,0.381956527095638,0.6538194351042461,0.8487112713348393,1.071728902753641,1.1905057145457747,1.238725418188993,0.7023984203675433,1.3527878131301905,1.344605960354453,1.2820224199549328,1.144553413839832,1.0470735205340238,0.8095187378148553,0.32583636690319057,0.055395902385303675,0.2534062384366417,0.5105247711937178,0.726278050188939,0.8581165249594125,0.958178062919953,0.968920870402288,0.9992940614195236,0.9517758340146769,0.9466506646617026,0.839179224781016,0.7451762363069602,0.6693961683915961,0.5622826011614926,0.5022093294463473,0.35066768108749546,0.22506076309360748,0.3451323581221911,0.5122885363458706,0.17722123843384377,0.6642036519975287,0.2696451310424578,0.3001333716107828,0.648807937431509,0.36906101977972516,0.649402846595404,0.7973029233549775,0.5689793005217042,0.6590257177464623,0.30261902606180435,0.24942966237036507,0.3851345854832084,0.6819556126197792,1.3408505569342717,1.1537654682221383,1.0615435627637746,0.8622617932059824,0.6896632132979963,0.49934537835716686,0.29443528148119547,0.23954397816869766,0.17395144162663678,0.12752332871862992,0.0445678683691928,0.015045106540917175,-0.027599739298756032,-0.0578575152459509,0.07898794405641535,0.5790390893732844,0.861292490394488,0.8300204679333301,0.8171960814140088,0.6712134551377538,0.5013977220414945,0.32789660081295824,0.2270059979701613,0.7441063734682135,0.0829238329827906,0.05111845658969605,-0.006458356012788435,0.011927632308667335,-0.023664922006354172,-0.05878530067928356,-0.07589011372639198,0.03912425550718335,0.09871389369632066,0.41682486209541386,0.4921046027185957,0.49442220808854587,0.4218170117134672,0.41895475695494966,0.42101091318935513,0.39623536576578,0.4160647361690746,0.39584838922327914,0.40623457372937044,0.4235091377549782,0.40795958654808195,0.4073865473518342,0.45756497914604294,0.4685316519110144,0.4257017407757401,0.403253875965635,0.0,0.0,0.0,0.0,0.0
2025-06-01 17:56:58.091,0,0.0,0.0,0.0,0.0,0.0,0.0,1.0275517009132131,0.6540123871606641,0.350630264234404,0.1486139252996871,0.0015598096907500913,-0.014889467756694863,0.09486560856743498,0.15152621470547512,0.2534861197689745,0.36217607585110445,0.4871157114462163,0.5958667804401281,0.6642192838055576,0.6838628110628526,0.781670315991154,0.8684884647213377,0.7399382990888299,0.5003811423682523,0.22138973776394533,0.07185505972928474,0.09785202555997707,0.15860211555829107,0.25259151781039835,0.36215347517152474,0.500754374277987,0.5936220172283349,0.6366682943368978,0.7521419871173204,0.8195549880133051,0.8883450860435852,0.9283408956849895,1.128992031968742,0.811801554475627,0.33810531600022964,0.08449026524924119,0.06523574265130883,0.15990481506538212,0.31400534016313664,0.3738160322182871,0.4167537050192669,0.5208694070525723,0.5289724056639786,0.6001020011463045,0.6341323669509912,0.6534508070691575,0.6252211521946942,0.6458312651876345,0.6445033021782494,0.5437523654699513,0.3420493655968197,0.3137400797529648,0.33574715128740795,0.4226529625526645,0.30762587088679777,0.4981729736927022,0.5842803557360101,0.39352638942725104,0.49753633280303344,0.6858956751682606,0.43155300741092084,0.6308226640107368,0.816262566277972,0.5982510054181893,0.5546346116961286,0.6323284565852352,0.07188230039344595,-0.0015526094530997625,0.06711120952338989,0.20391723153862107,0.2507998513058918,0.3837909703368996,0.49037276203946734,0.5702999493906209,0.6776762433514847,0.7652537817746878,0.8476696696960637,0.9439291302790899,1.0088875700695237,1.0889007383597529,1.150852394841146,1.147502869124948,0.42632684017197603,-0.11765563268164247,0.07915985038734319,0.298578206176626,0.4916349603100578,0.6365257696176143,0.7310269352624794,0.7878703448362145,0.8462433437835795,0.5342375225353266,0.8499790308292154,0.8367596260115665,0.8075261657565277,0.7529499822679045,0.7253956235046448,0.6498606324258529,0.6783433396451738,0.6206127300704137,0.70032469797109,0.6960600677656894,0.6460116329005545,0.5915353136356389,0.5498349307453267,0.5058525801969482,0.44685144738238525,0.3930390288428649,0.3599661075924485,0.311728534727997,0.24163704883101977,0.1425986278708612,0.009419833583608428,0.12472180667343957,0.6040798822713184,0.7942061884055804,0.801207204002121,0.7261572028488095,0.7874027129561239,0.5784537299043968,0.555364421531406,0.5319905624734109,0.0,0.0,0.0,0.0,0.5397590090646139,0.6917097516614952,0.673719865151645,-0.0297107635348271,0.3438684415070477,0.650716266620745,0.6529825759696286,0.6117918681675903,0.5971240871396466,0.6640536472444196,0.7317414921846441,0.782717362552821,0.7693753407379536,0.9240182306906846,0.9031908143966918,0.8808459144806582,0.9136607049915026,0.8976799419693453,0.8967771898615695,0.8125714317859991,0.2170441620277409,0.28432218992927677,0.31229232707151067,0.4311377984949405,0.7043974453216293,0.8918692700957291,1.108177935813845,1.2050618257359729,1.2542844818094714,0.6068158058729187,1.3396592516134045,1.3285257849138539,1.2537415237486111,1.1188927489799756,0.9976893087574951,0.7421210605814506,0.2530608810546304,0.1268017903964701,0.3308101740057713,0.5991262117693836,0.813963078562034,0.9377317393759028,1.0207538547766952,1.0041293914855915,1.0352289595507185,0.9740274898090195,0.9384962718862373,0.8292335848831617,0.7227458254423186,0.6423232944654955,0.5260916115323908,0.45995517160509947,0.29513269122164937,0.22034831218976633,0.4497794278806302,0.6179180052177374,0.4292227273585937,0.7377477459982749,0.3334442032293319,0.2679787247068842,0.6360035594505367,0.40859541215758133,0.5580611704672587,0.685087188552495,0.5246268557312358,0.788905594100632,0.2603090627922835,0.21241368253026888,0.36502793244793724,0.7082261948546482,1.4521749493198928,1.2251991272349565,1.1516324210707536,0.9558445360683328,0.7443217104903177,0.5294587145521756,0.32344958277856106,0.22729858009500403,0.16441134229309484,0.11270818086011558,0.012084198341557828,-0.03514923800650416,-0.06403666225506488,-0.08025466980272716,0.11843598423550955,0.6714314395539247,0.9426204699588705,0.9002315696993559,0.9081736786566988,0.7522602962992202,0.5574616927988392,0.36738046498781274,0.24507177445771644,0.7082570722286722,0.07249051974250853,0.024500676948198352,-0.03577852101125045,-0.04063153245701978,-0.09474512297387683,-0.1286723066575346,-0.1286469399982798,0.08114292087666697,0.2607556695205946,0.5209367607876607,0.5685283135589944,0.5735950826415381,0.5159594679727286,0.498999680587461,0.4585377767563448,0.417789342864495,0.4340852782702762,0.3762783900334341,0.38175805501282656,0.3796982382414622,0.34946914454210243,0.34121986571666674,0.38721237301838723,0.43536880916681175,0.495149018520297,0.4956725362282668,0.0,0.0,0.0,0.0,0.0
2025-06-01 17:56:58.092,0,0.0,0.0,0.0,0.0,0.0,0.0,1.0643987816038956,0.6780719902999036,0.3520490239785281,0.09487866213837814,-0.08134219901620143,-0.09019280347943925,0.029611267756938564,0.10183791883640592,0.2253322638227757,0.3436037682254055,0.4753806324363092,0.5885554822370576,0.6654903314994158,0.7012210313519683,0.7924778205677744,0.9005634533794994,0.7449346749317984,0.4736112654864078,0.1587209960297471,-0.01083534551170029,-0.004579398678874913,0.084178376771328,0.192310259486985,0.32380566518170006,0.46327338282841835,0.5857324752638098,0.580676252240969,0.7645885011870116,0.8470438197455306,0.9182836122924966,0.9792854411190886,1.1928995121880406,0.867098338070889,0.3253300620369445,0.004664024018754098,-0.04674636426281076,0.0434309842545495,0.255773693961755,0.33567332940519656,0.3924273346505365,0.49211790205161754,0.5135972409148291,0.6112088845845502,0.6553307041018971,0.6797344407844729,0.6648430797752276,0.6857579083687796,0.7239504719486873,0.5109391127348156,0.2700443889365739,0.20528044764597642,0.2345076786063396,0.3090551636569192,0.3399775305350577,0.5098996649513691,0.5922840075898188,0.46546929002170057,0.4347603975017881,0.73602220025223,0.550010307406934,0.6649412020460173,0.712545264105763,0.43996112048538527,0.5569232922960363,0.7806591924257333,0.061961258292666244,-0.09646736724011074,-0.05647005674262795,0.1128522566396486,0.20116437826386901,0.346048312853692,0.4567538835865115,0.5498548877139051,0.6581798074035448,0.7550017899794681,0.86241831839001,0.958633044817831,1.0288637230944104,1.1188123807975414,1.2083778274935568,1.236686427977097,0.4750282057137128,-0.19608152055375982,0.0008811779998227909,0.22537180564550185,0.4406841217194788,0.5964180251906797,0.7005519604553836,0.7612243745315519,0.8401193235863385,0.5740557020486565,0.858816793540012,0.848409972698945,0.8169184874935124,0.7841475377472299,0.7391750106682351,0.6780255432454249,0.6510289082486608,0.5713528458342249,0.6462407631026501,0.6615247830447328,0.6174646342065067,0.5687210090302173,0.5346455950495215,0.4926643700404587,0.44508057314170046,0.3924564487294355,0.35343062101783973,0.3104168012491073,0.24556005798687552,0.14328489578202752,0.012277346960600677,0.1196196192746497,0.5903875522475384,0.7853440366666685,0.7899455108966424,0.7170229431111483,1.0203918185903702,0.7744715758045373,0.6485433425663563,0.4936641317766308,0.0,0.0,0.0,0.0,0.42582276681138376,0.5981704661768861,0.8761309532681957,-0.016004334496519446,0.36259036768193426,0.6568558454864531,0.6587148957825129,0.6159440561532664,0.6031158610774854,0.6653201791964192,0.735596934055879,0.7785120967612476,0.7530906277200677,0.9156779640616635,0.8920196570889432,0.865028782184553,0.8863949411866696,0.8778353668765593,0.8762477317674635,0.7729209942682516,0.2254892797910713,0.32028317644063775,0.34353325010160995,0.45454746900367704,0.7273539375741136,0.9119297729921017,1.1011026238825434,1.1895030748227826,1.236542117229215,0.5056232825668883,1.3119706560280933,1.2949555703722222,1.210125793790659,1.087119307516688,0.9576832707787236,0.6897160321104752,0.22034580298037115,0.17374675107188586,0.3897447564835942,0.6385301778157881,0.8581661849458015,0.9599744829666104,1.0386464914936986,1.0112356237421103,1.0384723526966941,0.9646492515406382,0.9160918816263788,0.8051686283150706,0.7019489931994533,0.6140799305356621,0.49901723306295676,0.4222294044118805,0.2573754380764522,0.20396511518294128,0.5104814572639329,0.6651978238943158,0.6959346120991853,0.6263572597464088,0.3081283928719296,0.34204325641462263,0.5705763086276412,0.40078958973883805,0.6671722402293285,0.8101788187877503,0.4647213409499865,0.787627904049633,0.3594809100029459,0.1798337577475893,0.34907184435863564,0.7328412723021701,1.5439496130781096,1.2897525042186648,1.1998500397281782,1.0103003035414386,0.7475441466277928,0.5489545753249434,0.3344734835973684,0.21627234335226841,0.13603600138443817,0.05799134477565304,-0.013594015335843368,-0.08040462036045237,-0.1166882397944966,-0.08949957941878195,0.14832389905385474,0.7667198821656092,1.0180945576619997,0.9626584200774393,0.9827206405338104,0.796785124108635,0.6020662595427324,0.3788508587730226,0.23607901516202823,0.7874449589586797,0.04126345549949351,-0.015530845653073833,-0.08256562758495245,-0.11408511412253808,-0.1711806273339309,-0.2095307636285373,-0.18852708654034084,0.11649515999758964,0.4310118844079698,0.631163645437766,0.6574182730021262,0.6537303764965612,0.5904242148012218,0.556841962864107,0.47255815875771057,0.42633337242120306,0.43052596852179525,0.33256751229989834,0.3245548053595597,0.3165430971574563,0.25891690288491465,0.25527051855131966,0.3138004937643824,0.4252775645157806,0.5682310725640095,0.6169945539914001,0.0,0.0,0.0,0.0,0.0
2025-06-01 17:56:58.096,0,0.0,0.0,0.0,0.0,0.0,0.0,1.1100990555691275,0.7041571416571242,0.3442769401515602,0.027974251856586196,-0.16624817759808797,-0.16320152768496266,-0.030940743709187535,0.06319652576888557,0.20522179115891326,0.33885723564343617,0.4797210765200098,0.600342998936826,0.6922982745253041,0.7397955890060497,0.8366212001565785,0.9523520333771595,0.7773894810413245,0.44983017572654743,0.07370563298077282,-0.12254279497311349,-0.11311219945072715,0.004860574751299973,0.13851877457017303,0.2879758133473882,0.4362370573604102,0.5769889977947866,0.6720156973219208,0.7764942854091396,0.883520399107032,0.957713383222989,1.0457131163124858,1.2785753402785316,0.9624708295006779,0.31273850402369086,-0.10453205474237948,-0.19199688187784314,-0.11413390053298667,0.163385913758328,0.2548151567625392,0.3532463009590303,0.4479433109184303,0.5014085591054709,0.595647586473149,0.6550350325205269,0.7191412449572822,0.7087460930580811,0.7338333374121631,0.8045120225143052,0.4858529672323957,0.17401118783142344,0.0797439638202666,0.08319119321113755,0.1660410604022231,0.5302023719202267,0.5581709892181225,0.7173772478730409,0.4892287674230713,0.35139045908099176,0.8343031555076745,0.5574465487863639,0.648734558141224,0.655663717783162,0.4079160739244615,0.5493351778101248,0.9749631426343721,0.048347481212716065,-0.21299747589175128,-0.21520618823210302,0.017848033943994812,0.13714496813609878,0.29070224724597993,0.4178307567758546,0.5204124133977344,0.6463851717601954,0.7570927989258969,0.8805118034689641,0.9862401822214552,1.067151129017492,1.1650880729641435,1.27981826288064,1.3484266531248261,0.5372956517687586,-0.2987868442225985,-0.09269604749207705,0.14780836160530408,0.37919436344099533,0.560183880120241,0.6691869455095825,0.7406119677328458,0.832310973948734,0.6477686953092581,0.8640414017742892,0.8625258982296912,0.82966633163175,0.8141356310915361,0.7577573456290652,0.7032281186637169,0.6129424877243468,0.5073530972478529,0.5713923558933671,0.6105118762830772,0.5769849956301794,0.5361772522327974,0.5084632259499706,0.4676902958460949,0.4356867967184155,0.37868555380855007,0.3497198912548134,0.30058902148947775,0.23842204422185032,0.13711741820702927,0.007832013166898077,0.08613201703413764,0.5625447467786017,0.7689141559361979,0.775727211392776,0.7015585024289923,0.9996791096884421,0.973632390036808,0.8063877808250184,0.54591788198632,0.0,0.0,0.0,0.0,0.4832040421603798,0.44738751183639763,0.9276678071764509,0.024420234575021516,0.370878171152122,0.66002106426939,0.651135040607369,0.6104524059351638,0.6000582452950334,0.6624405963186109,0.7259338779395939,0.7781890420018893,0.7553780825804681,0.9044855528592048,0.8879813749854297,0.8559419967642887,0.874880703704674,0.8689482094783998,0.8796540932322132,0.7784099744753914,0.25256885063761947,0.33774398593243704,0.354045885747325,0.47316862493190004,0.7404682882497278,0.9334872551345819,1.1053597480908852,1.1885817520870063,1.2337835321216157,0.7120154419180025,1.3016330065191268,1.2797233652094069,1.18538733905354,1.0714971686377721,0.9331580032875767,0.6589277992020502,0.22170959992470457,0.22542416257912845,0.4418239145576691,0.6878666350040674,0.8971469004112347,0.9845285647851851,1.063973355369563,1.0228482839945132,1.0480147857528794,0.9636151436668325,0.9077872760242989,0.788330410786532,0.6921114754291356,0.593197373330288,0.4809403390423789,0.39305490733786186,0.22365717416717112,0.17747135668582797,0.5471539614706148,0.7054682404082612,0.6829915649809026,0.4866179009575047,0.2434664421788174,0.4364556147469092,0.47835813551389167,0.3774579901381897,0.6607008322289039,0.7190364181840554,0.6330413782598727,0.709577792331578,0.3878126769588329,0.15863494593884003,0.3278076656096715,0.7349250322573867,1.5854145552323198,1.318076582284224,1.232499170338158,1.0414643633078162,0.7615145239880647,0.5688658817339594,0.3197807043098171,0.21257049362938885,0.10475806162028589,0.016103963833955515,-0.04858968225709004,-0.10609583420501523,-0.1595834521300249,-0.0942480451369685,0.16784844387419778,0.8333344901020316,1.0644890100265163,1.0206278111441325,1.0225684284161671,0.8392357452915562,0.6282531612289111,0.3870872901290163,0.209974334202627,0.5752118733935115,0.004193478580647225,-0.05118360257909593,-0.13029575154340334,-0.18165205261472728,-0.24683864783632692,-0.2938382923122034,-0.25224743936100036,0.1409336756283523,0.555347862624483,0.7197222901068954,0.7394784987432929,0.7274619482299396,0.6445856524196869,0.5906435993759138,0.4932786083719616,0.42044547180018865,0.4094350084907752,0.2804419755166807,0.27102847779926864,0.2542606540353691,0.17010147038799495,0.17940653905593595,0.2501413967838056,0.39429214928688683,0.6235373011190667,0.7198305600649919,0.0,0.0,0.0,0.0,0.0
2025-06-01 17:56:58.099,0,0.0,0.0,0.0,0.0,0.0,0.0,1.1184033736481447,0.7135361271387333,0.3548123101520829,0.029454318289286685,-0.15868933267242336,-0.14968774682690922,-0.020412394584361282,0.07792817307521194,0.21169327120570303,0.3439877713308407,0.4778300240665561,0.6021082833890203,0.6957405878282741,0.7498941547600183,0.8453281645770051,0.9431433643220178,0.7880257065844791,0.44757850504132995,0.05933785593371177,-0.13100686114012183,-0.11903960720216222,0.01134510322074811,0.14796031879080007,0.28588900017095553,0.43908402090755727,0.576647747921665,0.7116582303155924,0.7747319934674629,0.8760953431569196,0.95599970505483,1.0354626324924676,1.2673730092610014,0.9424338493040094,0.2822614496079039,-0.13426453371612124,-0.21829401097971346,-0.14629975471693868,0.13907406210887285,0.24451428591593083,0.36329086198551486,0.436378320090284,0.5003037075334489,0.595387345680882,0.6539876598074567,0.7049359060468682,0.6867021647487503,0.7331010852957582,0.8197799987122887,0.4695852191840558,0.154826463947057,0.04943349412465159,0.05463770948029145,0.1438735153948254,0.5645348113099717,0.5341792352415747,0.6947960086666538,0.5319891781836189,0.3766712073227537,0.7554296114342688,0.6422725200312176,0.5275111031637674,0.44449635502892026,0.5553028540933053,0.4703433546380045,1.0197687945439722,0.04334576304192331,-0.23555543507516624,-0.23119190933706535,0.009126555546174808,0.14305298074975403,0.29744889350451786,0.4198724444475095,0.5275022030952663,0.655576210199474,0.7687090414737068,0.8939625812267875,0.9990411619084744,1.086445583586376,1.1832335963709306,1.2951525493410836,1.385394012228155,0.5592456755851081,-0.31198208057978183,-0.06937002339282872,0.1691052532327506,0.386137857338414,0.5709498293265423,0.6827794736494104,0.7580277144389238,0.8467826563657528,0.7792381527798069,0.878738477928019,0.8668910198706655,0.8393605390529594,0.8254732758834192,0.7669383565350207,0.7011345690894651,0.6109620657377657,0.5142090035195189,0.5760527487444045,0.6074833671883486,0.5797609635061105,0.5411941906209072,0.5098175612330551,0.4709774559723452,0.43928847226972256,0.3823469736931666,0.35177008375871077,0.3076583003127833,0.23615959959907507,0.1416084374847365,0.009453754336679832,0.07230460534071981,0.5570580780259019,0.7646354601475779,0.7689774031763501,0.6930015331907855,0.95639886368035,0.9972411138276176,0.7927121353739057,0.5855820303375381,0.0,0.0,0.0,0.0,0.44547803200800706,0.4577661152137004,0.8516657103690058,0.04260463128757819,0.3681789624386385,0.6590778720097427,0.6497753574333969,0.602151180018491,0.5962238634461954,0.6555760962756947,0.7140007006228939,0.769354873106125,0.7374022526147761,0.8884961992605405,0.8799685638155443,0.8501308978318558,0.8672837476475668,0.8769091400307436,0.8867721445502557,0.8060442675897639,0.2672819720718747,0.3284446947383227,0.3471086938618003,0.4608260902534509,0.7142139047170224,0.9169027805669856,1.0900129254563384,1.1689731380529726,1.2318853237267684,0.6716703811202138,1.3035120779343878,1.283726839052894,1.197184383914888,1.0839169638034893,0.9550113773735313,0.6757223104199144,0.26546976576257897,0.2070320833145628,0.4252814749526138,0.6643603239835256,0.8762059586337951,0.9679286560598486,1.0577261997719258,1.0176394364161092,1.0471922055992504,0.9765986086952574,0.9132091550917099,0.7992442343791611,0.7036840362557272,0.6046807682540176,0.5007437899241326,0.4027313027459981,0.23690471240340855,0.15139277922744288,0.500538580909337,0.6727846415470261,0.6994616726996284,0.6427218486515467,0.3687669204285666,0.4206915215583126,0.3969633021604521,0.39691008177116327,0.794143876962409,0.5935093277906589,0.6262964187229471,0.5684727056802084,0.37056346199635515,0.1734722722639968,0.32366188011532365,0.7054481180329556,1.517648175136094,1.2853987174837416,1.2072924762764794,1.0249488284762265,0.7683365964286628,0.5697243888538712,0.32479788379517904,0.22066040971759282,0.11261059418482744,0.03595253591928982,-0.01983215884467948,-0.07862137491923371,-0.1316755472577127,-0.07273394894273494,0.15812553949082214,0.7997725226159813,1.0550727714424606,0.9955659876276921,1.0070754567821787,0.8125311127885853,0.5979649755086882,0.3864761792225637,0.1995622609167942,0.5841751448716529,0.016746577918078653,-0.04729221528327798,-0.11244258325945378,-0.16810600371239315,-0.22770556857226998,-0.27187820194219425,-0.2295834894026186,0.09997560620546525,0.5215897961376137,0.7015997408471102,0.7287058004388235,0.7091252041278882,0.6061679845195305,0.573412816840515,0.4799398252293483,0.4184861783985163,0.39115836945786153,0.2848598750094704,0.27185418725830734,0.25725434689461957,0.18118480293346473,0.191792834484674,0.2666352857945203,0.3936702983525501,0.6092411908201493,0.6969387332487795,0.0,0.0,0.0,0.0,0.0
2025-06-01 17:56:58.104,0,0.0,0.0,0.0,0.0,0.0,0.0,1.0846535248365283,0.6999133497381278,0.3519948496454408,0.026868476670952268,-0.15259877409676992,-0.14871634819406565,-0.020588443384202404,0.07160574133300468,0.19651759095278098,0.32449947101358845,0.4526034008666891,0.5763111236658924,0.6588451196965814,0.7221114652756784,0.8168301593546392,0.8997003433269052,0.7700157836602483,0.41883969613642474,0.05571556314991333,-0.12171651927108917,-0.11384350309370483,-0.0019576029341397128,0.13558385767219283,0.2791721824570026,0.4203402970708674,0.561664736186924,0.5934227368738152,0.7459152568919939,0.8431966115958529,0.9322257321493524,0.9955246708326324,1.2291994250279332,0.8756714278797542,0.26370927936178923,-0.1416270553746779,-0.23555122295851816,-0.12359356927504095,0.13400496354269387,0.22802351024848178,0.34761714548776146,0.4069430185029703,0.5066236789012506,0.5816021309174517,0.6397257730923304,0.6884126525241093,0.667248439594031,0.7046531640758226,0.8001396737565827,0.4408938298325622,0.15614263949777063,0.06089088866978187,0.07484723930004833,0.15142219825598513,0.5895112245938241,0.6003802550166843,0.7195345309716519,0.6808979795454977,0.5070584944231079,0.7314133657842834,0.7314911622425007,0.4965628137303851,0.25444983803641763,0.5401430153842547,0.5065374498795109,1.0159351336477958,0.06001175007882831,-0.22101652642247455,-0.22402400992902338,0.02783636235558662,0.1610897905157973,0.32050648177163765,0.43470728730787944,0.5459917698275927,0.6736068869669649,0.7881439962866359,0.9033042042821853,1.0072997836843993,1.1048078824777436,1.1941582601522827,1.3060812628148049,1.412343502966751,0.5617086926990422,-0.3221490529680756,-0.07272477932303212,0.1833491972040604,0.4008645198769727,0.5765649173880578,0.698177571298781,0.7814610364850703,0.8646304645405103,0.689764343809206,0.8977945351903289,0.8841303200319183,0.8584377450758939,0.8411356445155752,0.7775458024748716,0.7051369716553555,0.6024239610553914,0.5041785207624007,0.5876585846491302,0.6025514675747023,0.5888822391434754,0.5536238489511265,0.5270330145762863,0.48462374178230583,0.452806496218767,0.3976885849133167,0.36699155272479445,0.3271297291690658,0.25183639085263865,0.16277652593585124,0.0220612833741457,0.07326988497010178,0.5534197995082617,0.7634545266215002,0.7678923827447734,0.6989239945166599,0.7942511228831106,0.8800073499062944,0.925293392622587,0.5949164900918835,0.0,0.0,0.0,0.0,0.27594539498080684,0.4728270849025646,0.6599872588374602,0.04502756647419792,0.358448557682199,0.6632960274336047,0.6492590865785608,0.5963682411713941,0.599590580740035,0.6585776229972662,0.7120342206465087,0.7740188928253251,0.7423520900236018,0.8891525879821915,0.8867680625999697,0.855425809767353,0.877439691490117,0.8911350755590461,0.9014313927132673,0.8394707202164664,0.2713186120579716,0.31803075468112474,0.3288613249275566,0.454702892631492,0.6959559243356768,0.90388571193564,1.087872174469541,1.166804270113823,1.2325395387022138,0.530292466407654,1.3149371286527805,1.2967579657171213,1.2128586041635216,1.098895728547134,0.9758529709069234,0.683494789857987,0.28529352909266004,0.18694275010095185,0.41146247100273536,0.65924350909128,0.8578354802657056,0.9566838048609745,1.0577074390137726,1.0172859498979812,1.0449918439493224,0.9892125689026146,0.9231662653677173,0.8177563143439949,0.7203275032446551,0.6143309708581632,0.514748426505786,0.4207911327549322,0.2506184613583438,0.136652197239603,0.4709154629549841,0.6537059467457044,0.7374845496139631,0.8091267092289578,0.46439553857129323,0.3350366097940056,0.29336548437435167,0.5859391486468906,0.8053409620455156,0.5295977963179308,0.5471032245974933,0.5006117281445351,0.3928801346919557,0.18222753004638675,0.3175605739064565,0.6955665622151904,1.495779198301006,1.283347486528886,1.2185189555988258,1.0199466566398305,0.8018186164893908,0.5804736352395641,0.3580915449783839,0.25445033542505024,0.1372603421567491,0.05402000110872729,0.01267980948073677,-0.049551687761704266,-0.12338267585766238,-0.07493670675930336,0.1390908179835047,0.7773544809540212,1.0439788311850546,0.9915037178230917,1.0013495826887353,0.8249381546942904,0.6094326793545357,0.42179110072042447,0.24243040817203276,0.7810090323016331,0.06045086726101512,-0.005654658731565565,-0.06294524745913499,-0.1328809285970064,-0.1804431643682226,-0.24153931693505643,-0.20257338732752622,0.0891327570751333,0.5121255017174751,0.7031539840710435,0.7417570681281253,0.7191645089081169,0.6227617456764594,0.5925920101185609,0.5203438123613833,0.45916042127964674,0.4225406073124309,0.32252430938037846,0.30471998512388554,0.2910332445901971,0.22421179095314925,0.22346289953373233,0.28938520083031577,0.42830959238451616,0.6453198323291535,0.7202284193853612,0.0,0.0,0.0,0.0,0.0
2025-06-01 17:56:58.106,0,0.0,0.0,0.0,0.0,0.0,0.0,1.0223254304871414,0.6531245029880663,0.31229199449229994,-0.00892359765804851,-0.16365272302766476,-0.16569771974431813,-0.03131559811597395,0.05740367308053307,0.1811096786508527,0.3156446657990668,0.4403634392208082,0.5570840657496273,0.6354997322824871,0.707339858213,0.7999557707208281,0.87648791283098,0.7394480815067644,0.3921304000950839,0.047996911053332814,-0.12726334302205156,-0.13050754973401246,-0.028948327082082503,0.12068796079780308,0.26963615636208726,0.40354872694696176,0.5420942844379864,0.6647657274754503,0.7247578039957098,0.8231109214204635,0.9194430405948494,0.9769113394453182,1.1986063866084105,0.8476300756501103,0.24975819249115128,-0.13327410621488756,-0.22333427471417622,-0.08168508506754546,0.12714470966378144,0.22356540083500032,0.3384383871815848,0.3797784070094343,0.5379187425204133,0.5586991652037856,0.6309624248202063,0.6536349576170887,0.6643139617632854,0.6907726972510878,0.7735393656442802,0.4285867950761262,0.172985566544001,0.08117410108595802,0.09951102318523763,0.17083586355107583,0.7015054350738328,0.6155247747685269,0.6643173823149122,0.8829705606731209,0.5363746082957719,0.7243297246991875,0.7987850323251163,0.4169800685779275,0.2935390827479265,0.5663711409373058,0.5795170820915088,0.9566960693276394,0.04191703101358055,-0.17627417525420952,-0.1799189771854206,0.04918359290235186,0.17696320632390417,0.34589388353562667,0.4349556571443598,0.5537677469790048,0.6701963791682124,0.7880175239006906,0.8933432072447502,1.0004132700342807,1.097124320155488,1.1803885839190296,1.2845490540718987,1.3835425980636888,0.5403573577133323,-0.3021904804413822,-0.0594650485376218,0.1972990313831149,0.4163043757023608,0.5890131165604218,0.7025559066561775,0.7859713203923016,0.8670426109016629,0.6966059527308184,0.8997466537402043,0.8771167153393044,0.8523429269089665,0.8364588619160435,0.7627853672037788,0.6935033193549265,0.6151561654892646,0.5274696265957418,0.6179868263625035,0.6167390697779103,0.6003332647181832,0.5666330734839715,0.5356160969728694,0.4903751171286066,0.4540290189869094,0.4040952672565914,0.36362084640656245,0.3305998845984133,0.25949112264555496,0.1649575117952954,0.0229063834045381,0.08054246599690873,0.5728014478506487,0.7779251841367575,0.7812456996343504,0.7099867326766998,0.7349038266021497,0.7921455385718743,1.1412288008671234,0.5157189743793792,0.0,0.0,0.0,0.0,0.21098550007584538,0.6576991695140888,0.6435673545964596,0.030605028179035154,0.3626639225390786,0.6753489725311947,0.6591103521032364,0.5995055446925023,0.595758945069164,0.6639320649387093,0.7031784873830031,0.7700778265333175,0.7303839931971101,0.8740306157965163,0.8741604810429795,0.8448596737177141,0.8726561195527147,0.8873385936584388,0.9017651473974309,0.8351275286877464,0.2797288034523087,0.3145630701907045,0.31454317616493754,0.4413598307192921,0.6821881576341224,0.8899488460763392,1.0668672573703066,1.151203793281354,1.2231921866171416,0.6600957162136771,1.3128635645994815,1.2852902010695764,1.2053293665607059,1.0974182794688576,0.9814107828935871,0.6826820230738598,0.2920385057391289,0.1760879449532251,0.40343337001727775,0.6408418988499172,0.8268193034995011,0.9286831780889473,1.0294893014315312,1.0003574519075908,1.024381681934993,0.9731842334912222,0.907605895570827,0.8189637487183475,0.7188547314221169,0.6131220270069828,0.5140337317449429,0.4259699358873529,0.2565987595600912,0.11796054157021527,0.4445018639191799,0.6344491919691048,0.6347071726215178,0.8264902617567204,0.36985836655080095,0.3592362409168075,0.3277599017273631,0.6886327131736657,0.7607307588606933,0.6375414210526413,0.6596205409761003,0.4698656582914995,0.3321915434168182,0.174920346037382,0.3107473318140747,0.6829564662376271,1.4763617351390554,1.2849196151836582,1.1915265793240284,0.9775276834503344,0.7880315085348715,0.5646487400028444,0.34561513525560184,0.25788796257094493,0.14354710975249585,0.04197899631389124,0.009737662348482057,-0.025765268873213953,-0.13120240614679102,-0.083229663570002,0.10409155834310885,0.7300133287324126,1.0176695951468142,0.9702173127499272,0.9690577140680062,0.8076231881724103,0.5952179170946059,0.4350579078471084,0.26299232032482567,0.6733204205396089,0.08639127115131018,0.02627875185087558,-0.03601369680376565,-0.10143403473437007,-0.14455800978571232,-0.1964728225500601,-0.179596871279869,0.07205615617016448,0.46400445005380075,0.6850359077665187,0.7272343302030034,0.7217588830557125,0.6279716282358372,0.5997490320689294,0.5325545208908871,0.486696624746209,0.44865204935244063,0.35164777982841233,0.32791805363771576,0.32314513773814446,0.2593229736114139,0.25902680841271863,0.3340566787700226,0.4544234626576712,0.6439253298169919,0.7232778253958536,0.0,0.0,0.0,0.0,0.0
2025-06-01 17:56:58.110,0,0.0,0.0,0.0,0.0,0.0,0.0,0.9824572950390046,0.6281848721617571,0.29426883637305545,-0.00012319720284836855,-0.12620065121348611,-0.13443590599803634,-6.76708053920505e-05,0.07725315314106351,0.19692574563301934,0.33394352843664876,0.4567839203514425,0.568787566770553,0.6416820233521978,0.7123593969434162,0.8109171179031729,0.8656171672732634,0.7435011389536432,0.3952085631541196,0.06357707896194109,-0.10282229600665516,-0.09298780031161269,0.0026189616781606695,0.14485436780962146,0.2889951298869877,0.43030398062400943,0.5508686899897515,0.7768800874879846,0.7281946462040744,0.8242401129121855,0.9193603729498406,0.9584317987673054,1.1796129541383258,0.8523847670555895,0.2450217478855986,-0.09644251590451258,-0.16663782021539153,-0.03405185974877778,0.1681068565332,0.24896744272309634,0.36191630346235515,0.4106804729548743,0.5725796420835101,0.57338583297852,0.6279181114090732,0.6428796154994935,0.6799558034250512,0.6731347707154626,0.7559048419967405,0.46750243883025433,0.214285731503571,0.13702613987048073,0.17172630849179193,0.23628769239328906,0.6898778866805739,0.5376358452781578,0.5413576200090344,0.7885471783933753,0.5016541262327635,0.7193795131578041,0.8339500972191609,0.3458478664692634,0.3562927725750973,0.5819397231782059,0.6495708979730886,0.866940600444521,0.013381274989108127,-0.11426613166990485,-0.10387002946434509,0.11210244712563533,0.22059161701640995,0.3821056077303284,0.46082295486966895,0.5715899999936418,0.6761006436099519,0.7969798637689769,0.8926499198912834,0.9910430445605983,1.0833787214773283,1.1544990114479736,1.2372904226489014,1.3234852223039333,0.5075685682882702,-0.23029340765044837,0.00410803453437425,0.2469278738122933,0.4602837704985452,0.6264508405988716,0.7277296340807045,0.8031070158276958,0.87688240186042,0.7650073888661564,0.8995341028498671,0.8652494435879304,0.8447027785078697,0.8204304419946323,0.7545072129960435,0.6828766138885652,0.6596730538352786,0.5880502628985019,0.6835380110025207,0.6622118687568934,0.6340264843742298,0.5970188643256533,0.555251058028781,0.5078441793984667,0.4643614260198834,0.41791527163110365,0.37081601570796097,0.3411924852062176,0.2669978431144202,0.17142302078568317,0.02608385837761673,0.10883859855137223,0.6097848407368807,0.8048803070596728,0.8018067580526833,0.7313421440529686,0.4897816328356644,0.7475541705669528,1.2097638493085385,0.6177266569185406,0.0,0.0,0.0,0.0,0.22568610815418422,0.8282147326370497,0.5235758056921167,-0.0042303197228030776,0.3657236388226606,0.6892210435135598,0.6790071117248582,0.6110358123617529,0.6149123726680015,0.6864286430894218,0.7169344760426388,0.7738321255456135,0.7284837100552415,0.8679234293670892,0.8684115022711372,0.8363694301297142,0.8683125595046866,0.8724823262414589,0.8841560578417837,0.8030398206319911,0.2646426996983945,0.3170633236225324,0.3141856997003317,0.4508871396219176,0.6872756229429517,0.8926568552597858,1.0797839014856003,1.154388224740518,1.2344211111383785,0.8125645567850974,1.3207626078679469,1.280426431169409,1.2111507492681586,1.09752147943429,0.9841643555252874,0.6814564978333464,0.2729927971056332,0.1692114860422752,0.393778192774905,0.6413988248418407,0.8240272773036685,0.9296297719275468,1.022396647417731,0.9970885538562337,1.0207565686170743,0.9721597131300674,0.9097662562538162,0.8298524971650686,0.7186069647850047,0.6162797807115752,0.5176313683675247,0.4307886082252461,0.25951296818708647,0.12067884087746691,0.44105655232905205,0.6406660790527842,0.6245490156950653,0.8812472114593272,0.3056318594358073,0.4515401808967153,0.5235346400805363,0.6352261826580016,0.7628820213487444,0.6388012491078443,0.8123321276650758,0.5544291012927697,0.2563107456090278,0.17878232541559141,0.3210471872644151,0.6940583688371696,1.4808555350704093,1.291302691227381,1.1930197164279561,0.9551808715719918,0.7902901486750615,0.5581862624089213,0.34250240148796474,0.24879575593091863,0.15042634803102484,0.06058677937552859,0.0069164281483177215,-0.012579475958106823,-0.12140586894507677,-0.07704276328652443,0.10053938873908758,0.7231801461963236,1.0024234883079233,0.9569117653997614,0.9433391061552215,0.8074159619851751,0.5842732542327367,0.43581553385590843,0.27372865099758936,0.7542251014809067,0.09271463782163347,0.03546163020634885,-0.0205244266736071,-0.08440948455267394,-0.1276068668267949,-0.18156328891375384,-0.16911064575980006,0.036566695568924446,0.39049156335091695,0.6489266060000252,0.6936195687268524,0.6973552277926152,0.599947630882723,0.5789048878148635,0.5216936461225061,0.4873812268652642,0.4516920711531578,0.3671289074943964,0.3440629924502199,0.34198035164097296,0.2925677090018325,0.2779773399923088,0.3526103122695082,0.4384622741803048,0.5846008695239183,0.6490749592502758,0.0,0.0,0.0,0.0,0.0
2025-06-01 17:56:58.110,0,0.0,0.0,0.0,0.0,0.0,0.0,0.9565188328363609,0.6117570780987366,0.2886709394320657,0.039902499125089363,-0.0559483710531099,-0.07055222242954129,0.05889582289187667,0.11693028771708314,0.21772229249002295,0.3542247931600706,0.4753008302372789,0.5773801450021572,0.6263421503725395,0.7019968072734445,0.792980655678005,0.8278737155502709,0.7345343221242707,0.41014328456474797,0.12546069936726367,-0.020091181516998513,-0.01233207511211476,0.062789030331031,0.1987076837403332,0.32195539116329,0.45286773172582495,0.5650503907210844,0.810439681680488,0.7238838044426811,0.7979645726296933,0.8892837315615926,0.9081942323765344,1.121228965632565,0.7767021061650436,0.24976939884127847,-0.00565776078068303,-0.07691877671787073,0.04488842461248632,0.24834407505809852,0.3100274760899697,0.3933339668871878,0.4352921262919327,0.5725986648062378,0.5755545708242737,0.6261766625782056,0.6228474031305354,0.6904896702134684,0.6281259449570403,0.7118700271370237,0.496446370486309,0.2936611265933408,0.23365982729392987,0.2824546626880302,0.33169569898816387,0.5675750758784099,0.4446601057463666,0.46761730129680784,0.7836303962276958,0.6366826688533216,0.6962384190635756,0.8419852144504283,0.4592737644439869,0.3287678061894844,0.5957467257921856,0.7999995073770263,0.7098725116859654,0.008618014403999119,-0.008045465427856224,0.031484861590911795,0.2025557505626414,0.2986605718651094,0.44011016408220294,0.510971088929594,0.6068301223116144,0.6990784984353797,0.8117059011216687,0.8921040602158208,0.9770959904266031,1.057187914495054,1.1212582467636274,1.1721309246135636,1.226789417321598,0.4446395941268794,-0.1249463161304436,0.11718598317196394,0.33618119143650005,0.5323309099028368,0.6775079834786348,0.7660834491829438,0.8357740085802274,0.8945269837320595,0.6793105739068106,0.9025454752978896,0.8599408880026594,0.8410573592069558,0.7955409288601244,0.7369287973494998,0.6636462981179267,0.7042795093492132,0.6625529643860616,0.7697172538955752,0.728936286209483,0.6893657642538316,0.6472772192125593,0.5890914932884619,0.5393273956968447,0.4818634483418569,0.4406112634349171,0.3856336661944306,0.35721787119610604,0.2755616238706675,0.1775172621364952,0.030623996582702206,0.13353177926219983,0.6321265960325754,0.824226928711383,0.816543068183512,0.7461185649485207,0.45846485096380857,0.6238596607401117,1.1686153782386661,0.5862860621846313,0.0,0.0,0.0,0.0,0.23724637726944142,0.9046502322470107,0.6423868363893391,-0.03965971530151019,0.3576020196525594,0.6876585249631415,0.6880934977161368,0.621990182144374,0.6401835255803892,0.7120537204650674,0.7504353239645662,0.8043281864761136,0.7614555167668131,0.9066968353095142,0.8928524402049005,0.8630182642083528,0.8998577596230171,0.8933921587726203,0.8935214456435545,0.807708357342104,0.24301379903001352,0.3031094134645518,0.3197289822921282,0.4568058588440076,0.7028205008136614,0.9081169371803282,1.119448263499324,1.1967778717346287,1.2756420977279805,0.772135430910333,1.3645994031043314,1.3227818565692009,1.2633025174943342,1.137774905327034,1.027009284753393,0.7216376802125108,0.2849407638247534,0.131042795338838,0.35543428168221547,0.6188232973017611,0.8252639771899593,0.9370827647150353,1.0399310716210994,1.0245167986355581,1.0519090118669778,1.0179537145606417,0.9553281793745168,0.8791101038697385,0.7572820876344372,0.6559194082543298,0.5574073273800993,0.46947299158039724,0.3060081085373943,0.16729162944705717,0.4134026310901664,0.6195688364085267,0.9207800631495885,0.8959141317339389,0.3227352193344183,0.5626969450660366,0.7216266394127635,0.5934573588960614,1.062881141582542,0.5820961312046447,0.8199512105081616,0.608896164591187,0.3324247370526472,0.22891488730866855,0.3573058076952779,0.7100813600919555,1.4690743315181147,1.2647336160898428,1.1910288740191022,0.9527030516636952,0.8081916393355637,0.5834852302771698,0.38475137594386233,0.28027280965063417,0.19393039946987045,0.11594775869834728,0.05884576286463039,0.02214190796311155,-0.056824725888015015,-0.03352315995098343,0.128854570722373,0.7106703747544698,0.9810107344748376,0.9292457338355242,0.9273131262424231,0.8141973296631992,0.5900261072808695,0.4557635728278966,0.30611602897336043,0.8715192960604415,0.13805021753049052,0.061842142558667934,0.018070719052396322,-0.034301897707698314,-0.06797787599254468,-0.12449356416426072,-0.125415712461853,0.01075371200455183,0.3001310826782323,0.584422897853196,0.6501460597341554,0.6497969939207109,0.5707268807591326,0.5537299587723494,0.5168867225037601,0.5015028702350162,0.47060987945446264,0.4133398861818689,0.39441418598021194,0.393990362358255,0.36676527889477717,0.34193691995197506,0.3989478359101925,0.46626198390025564,0.5159632437790923,0.5669753952688497,0.0,0.0,0.0,0.0,0.0
2025-06-01 17:56:58.113,0,0.0,0.0,0.0,0.0,0.0,0.0,0.9580664400127351,0.6161701868160575,0.3060300672354799,0.06547436537415352,-0.032902242391847136,-0.055109892200496,0.06994034361797818,0.12303088178255017,0.22040679257860196,0.3466990014157749,0.4743397849878411,0.5719284813679084,0.6155205873556375,0.6945487173757402,0.7750497742622582,0.8177214779262951,0.7325115725410807,0.4136454229684355,0.15729362768897936,0.012279225503910696,0.013816884868468549,0.07660452328782275,0.20927183718379205,0.3310012260079973,0.45209814034106444,0.5654587977496701,0.7917236015051141,0.7181769990122516,0.7860694185214747,0.8631663066836345,0.8945109599693926,1.083110716719509,0.7402127349699923,0.2504383958146217,0.022780777202086377,-0.060072514707703695,0.06427821072358864,0.27471057281873823,0.32720664721888837,0.39961507350753833,0.4364772526232932,0.5607282164785081,0.5680116625354927,0.628472457867492,0.6216648803291199,0.7030394699897344,0.6032745204058793,0.6950005435099087,0.510843517561549,0.3150686676906096,0.25960093299255904,0.30847952822715086,0.3553591993285059,0.4815663386259324,0.38850923332400955,0.4043345883753144,0.8223975106632349,0.6620618833354222,0.7075300163510374,0.8330522347811524,0.5699304127099034,0.3724399903672527,0.376211054875064,0.9603354107789552,0.651135260889286,0.021526305730128703,0.014807620902969165,0.0655729577898232,0.22596128672909255,0.32324759430390415,0.45190911780894405,0.5239696858132714,0.6190720038758315,0.7148544304218412,0.8166320803410567,0.8876010704536714,0.9762160389826838,1.0514460415247868,1.1143978694608618,1.156242626048301,1.17135562147714,0.40691072994695604,-0.10995150303453638,0.13632017767556714,0.3526912536228328,0.5518546306493997,0.6887936040371607,0.7757420641850796,0.8511755578368403,0.900705408970832,0.6601426968709514,0.9067761679575679,0.865384606141255,0.8411455135985916,0.7898048450462548,0.7304175844576783,0.651949661411931,0.7015272329324672,0.6723310533569667,0.7936343528105589,0.7600048186129273,0.7117677183381301,0.671572127644086,0.6080826549145297,0.5571137344508643,0.4985894507733424,0.45283431509103345,0.39666392656048255,0.3590419345458997,0.28435436883045373,0.17487816817565205,0.03284720579648526,0.12951978906373057,0.6213505996176252,0.8262592106894838,0.8230608298782676,0.7516824845271135,0.4372369909188433,0.5128481002866119,1.1521039586308677,0.4101680983510596,0.0,0.0,0.0,0.0,0.3573062344492429,0.8615445772801917,0.8031510499088866,-0.047866985726888966,0.3508872939236625,0.686548723903258,0.6924742791564196,0.6368774812323635,0.6591269139641851,0.7303485734535029,0.7823848867048189,0.8366542745746539,0.8117827809358502,0.9506924836881061,0.9185406772207587,0.8977359578656199,0.9298344015339572,0.9133713635204699,0.9039525151509566,0.8097743919317026,0.23907271097301563,0.3049588409945476,0.34358166729132456,0.4860678873777815,0.7400097549806988,0.9465198115324704,1.1630763326865932,1.2580531743011585,1.3122675181653205,0.863328392974329,1.4021705242775893,1.357951275979422,1.295682705090575,1.1573665484930857,1.0406116881532534,0.7376777711983661,0.2719562068486987,0.12936434975281896,0.37177995309759637,0.6404564520912817,0.8586716518732045,0.9754155865263952,1.0881496480228825,1.0729736830536851,1.103374844310586,1.0610057105015778,1.001339319145031,0.9136351445834642,0.7825363926769876,0.6760536625866669,0.5736051313162875,0.4876405704804003,0.32172162453341685,0.20137429683591185,0.45210143338869657,0.6477249894197473,1.08665960017621,0.6403805797192756,0.32406146792268287,0.8103158260807052,0.8110625639624456,0.6003635796008175,1.0401695341682125,0.5599221461200412,0.8066086542579923,0.6587155958156873,0.41900642373177455,0.24803177243468982,0.3827989958267381,0.7403991805446646,1.5363379363260194,1.2933873058603909,1.2345802770350907,0.977232051513858,0.8477758406776992,0.613745026606102,0.4238901477262671,0.30681436791467465,0.21897508990377323,0.13076123774150306,0.0683939934342932,0.03289616303723386,-0.03228660928099791,-0.01629353914167675,0.18327779357732904,0.7524831891323271,1.0226337413086393,0.9623979822240247,0.963845004742211,0.8800795964844814,0.6464479642812666,0.5000866083666657,0.33746613195249253,0.8629733282698978,0.15741719866984316,0.07487983099397533,0.01695844920534939,-0.03048036337028981,-0.06596461631266015,-0.12217272936624146,-0.11807410101238236,0.06459171564929744,0.34108898726228576,0.6031670805079832,0.6727687899296678,0.6766446603469034,0.6243742481573666,0.5837598189671858,0.5465636605500406,0.5212670526454131,0.4891688862424841,0.4319477101375093,0.4063302181900168,0.40292967775795385,0.37678571376532133,0.345436986429392,0.40306478844054555,0.47908910232667545,0.5370789947172027,0.5855206046897867,0.0,0.0,0.0,0.0,0.0
2025-06-01 17:56:58.117,0,0.0,0.0,0.0,0.0,0.0,0.0,0.9361838471414982,0.6030886775481468,0.30686165924817976,0.08668682249034598,-0.016326125065036612,-0.03684716779463981,0.08241676327943515,0.1316913847470177,0.22997826545244904,0.33975461570562415,0.4672193111416693,0.5687244994644685,0.6073314745397693,0.6798807950148145,0.7528881721474366,0.7980527911166444,0.7188480476296985,0.42828271880625973,0.17471915354198797,0.04188842259433423,0.042448022626486503,0.09822529165067384,0.2271939106813603,0.34034321162014836,0.4492754582231897,0.5534938348719958,0.8797224542813364,0.7001050712804026,0.7666361405664106,0.8275882516899121,0.8619900069397544,1.0184039210676645,0.713063440169627,0.2415141284815211,0.03332447987956,-0.01877333625769384,0.08179135787689651,0.2659613379947914,0.33722340854657107,0.3987311753195939,0.436389267115439,0.5462442665217146,0.561280123811615,0.6076022227781618,0.5972682964265371,0.6831600229032708,0.5782621868122699,0.6411206959897109,0.4816595770639085,0.3479719046148306,0.2880908003713809,0.3380438434340043,0.3733713466683626,0.6107969895443419,0.5760715534441095,0.37752885473139425,0.7869049139813102,0.5761807073876984,0.6942916710895242,0.7178100750733504,0.540766315048292,0.5051034938296504,0.3206430058745493,0.9739380543205569,0.5746174710172118,0.03477006004186883,0.04748264695408777,0.10257423977276847,0.24895639317552054,0.33846525700446684,0.45383071655169527,0.5292646931928899,0.6189823363247122,0.71834880125654,0.809411201130338,0.8745501827273792,0.9591266238546251,1.0277054766990132,1.0832026595346156,1.1266305272388895,1.1019633929738428,0.36548472365366796,-0.07061821450820505,0.1839603138013559,0.38898561537456056,0.5737535266704465,0.7148063100984321,0.7883654699925331,0.858230635918094,0.8960473434176899,0.7063267305419052,0.8925037107173466,0.8520224392684065,0.8179194432722533,0.7677388364115764,0.7062681038479692,0.6122006074226509,0.7079344435398729,0.7057967750152895,0.8164871386583514,0.7968044524870839,0.7272374122572798,0.6781499071097248,0.6066067941313462,0.5541962255540613,0.49740602884062013,0.4368243155974123,0.38539981308515436,0.33507514182482234,0.2654688987785272,0.14848543361160826,0.008144960910813515,0.10399956308851849,0.610815567134573,0.8228512252973856,0.821422239346719,0.7429966537083654,0.5327158918926584,0.4221056076411776,0.9745417415456363,0.3564004364505803,0.0,0.0,0.0,0.0,0.5338416871731817,0.8706550844141383,0.8225291392353807,-0.04077851087442774,0.33931532685150895,0.673238934999509,0.6808185772142692,0.6325893402923722,0.643758209982215,0.7165841721950021,0.7844085030032675,0.8326158058423925,0.8353385799094388,0.9680323894969516,0.9314610813800619,0.9184413744192892,0.9498379909140797,0.9330024647742059,0.9292101905686538,0.8546472440352677,0.24926198140077627,0.2930209476768742,0.33319777314024945,0.47984398018715346,0.7410921593544113,0.9502869011190338,1.1716317799339593,1.283278477899905,1.3327841276939616,0.8903199825525461,1.431692665977005,1.3972465353581862,1.3360435645145599,1.1992220114126604,1.073229099012846,0.8024507945250878,0.308382958604409,0.08457637646715976,0.32608529487366533,0.6067603663306962,0.8435818520740717,0.9666792612998856,1.089503413282653,1.0810964527060885,1.1283855639312992,1.0795341959022795,1.0376739397259676,0.9398043049609756,0.8158424678243069,0.70933761970787,0.6058747826352558,0.5211396043380551,0.3595736197267401,0.2106544547974433,0.4046411400236908,0.6085073143277248,1.072884722478631,0.564942968511882,0.32879237868780953,0.9758741343622669,0.8190545402160372,0.5216285548536507,1.0174579267538828,0.6516021214417862,0.7722614280404577,0.6292680335260877,0.4390419250326756,0.2719338393546084,0.41466360475219705,0.7458170393909037,1.5097912655262395,1.2600343686738003,1.178343564595742,0.9468991518595407,0.8153918978925347,0.5947424611259762,0.43407988371224904,0.301990022713553,0.23092870018872458,0.14805359467754386,0.0984022111627334,0.06009774247459376,0.01432182739781307,0.008695457374729876,0.20462324976390672,0.7487984453260073,0.9971764746131304,0.9529111268385708,0.9324631517079786,0.8564320884134224,0.6479364444011222,0.48211035642966826,0.3264604781081979,0.7264545085583691,0.15216757689588167,0.0804492267928274,0.020202448026696684,-0.011496115387814698,-0.039963856193402036,-0.08811818306193342,-0.09010591103184024,0.0671177582822769,0.3118543542120791,0.5685808788255919,0.6407514133166047,0.6419453646656779,0.5899557723764599,0.5623182176460371,0.531997861014865,0.5045767227291209,0.4821233793633326,0.43503647880048435,0.4055077147908197,0.41129023808922827,0.3913902320566608,0.36287658695543445,0.41583766614653633,0.47311612990474794,0.5208222408028459,0.5368205502500865,0.0,0.0,0.0,0.0,0.0
2025-06-01 17:56:58.121,0,0.0,0.0,0.0,0.0,0.0,0.0,0.945757361130165,0.6184325257073824,0.32817592088726577,0.10708237650805474,-0.01032748041187248,-0.040608849678304804,0.08221652367349164,0.1327665488168983,0.22314203029092172,0.3319339078953092,0.4563208959430694,0.5604948057238242,0.6064235917137262,0.6696059000524289,0.740033211191765,0.7899861282380379,0.7203184663554613,0.44625107602082975,0.17342591442240962,0.046159981285075036,0.04402015707970497,0.09804048226909567,0.22125407541420516,0.3298484071474541,0.44030413359095766,0.5432630655559627,0.9910488186796957,0.6860403692661344,0.7544177747460268,0.8136780866522856,0.8445701864627271,1.002715640232175,0.7296521703532255,0.25580428384374376,0.03186200116413562,-0.058536120772577194,0.0617374704270659,0.21443316744112684,0.31971740448965935,0.3836668629397193,0.4118215043990183,0.5061097742758345,0.5360315500779735,0.5828490487067467,0.6007379458886792,0.6692898113369548,0.5627928391790238,0.6180490550163873,0.462527829406281,0.3545531619564542,0.284495392801687,0.32324452688263783,0.33562788603645477,0.6746034423284741,0.7247875716903222,0.3880278110085566,0.7051673574206022,0.5972928370153597,0.67464964723844,0.6599203982573247,0.6376060433669573,0.7351444154118968,0.34324334921814037,0.8992330392172825,0.5971953688800151,0.0660426480843293,0.02397435463402975,0.08654866281417894,0.24274261742699688,0.33732410609476937,0.4445597569504658,0.5396108389188614,0.6186919918226048,0.7268478624782184,0.8158373616299546,0.8797342361721345,0.962290109726415,1.0279205910994509,1.0860180201047063,1.1395800164129635,1.1057600176789768,0.37801639716072616,-0.06344035044592489,0.19659896866368243,0.40315364245278795,0.5789319996430524,0.7232913559369667,0.7976906094148823,0.863501380479506,0.9002682424862039,0.6227547623285552,0.8904392798036962,0.8536798629100869,0.8174250953783183,0.7667376421424227,0.7116510580216058,0.6021542114995747,0.709551249004411,0.7165764159443614,0.8215453970857141,0.7983502229602462,0.7343855854407837,0.6745476374430843,0.5986048298693629,0.5495357893462995,0.493849833884916,0.42702103657687474,0.37854787192704253,0.32122066071108435,0.25171569844882136,0.1324491977796568,-0.0038558080879309564,0.09825863797107975,0.6110620939291123,0.8188840084985993,0.815631668914804,0.7333449388529241,0.6226464975328148,0.40864736432115417,0.75295193706106,0.35192783202588984,0.0,0.0,0.0,0.0,0.6236738642876853,0.7551657741506719,0.7628746039453832,-0.023079194330523467,0.35001669892319615,0.670711247115155,0.6689920510401743,0.6197376038344634,0.6271415983093911,0.6926104034159464,0.7631590564895321,0.8001371241900035,0.8147362727579752,0.9489426033796535,0.9148122240986214,0.9121000359272311,0.9452997617042811,0.9294630540134101,0.935946509848153,0.8887031564647803,0.2652742054090145,0.29289927351850414,0.32607190755051474,0.46274852403119704,0.7170909855661398,0.9276288255568725,1.156720498026067,1.265699622865854,1.3180284970894622,0.804433441254371,1.4227347543193134,1.3973378920424921,1.3417347225309573,1.2090654500846991,1.0782874873731514,0.8308837435050065,0.3430101936391972,0.0704710985374134,0.2953759854919643,0.584067422221358,0.8361793350960958,0.9512761521636801,1.079478349925442,1.0632256626184662,1.1195207922615422,1.0727960967493781,1.0378413234525983,0.9393585395499827,0.8262797329766106,0.7220740577043405,0.6198049260496499,0.5353029857042658,0.37500844451391685,0.21700852446161253,0.3634070054412267,0.5767367221292375,0.9346111834772463,0.633187056779659,0.41393997724209164,0.9118460727976329,0.7591611533845006,0.44577665439714376,0.9947463193395532,0.5531805416166262,0.7670580732134851,0.5684844976900965,0.40160295831768833,0.2864474956375728,0.41807170753614104,0.7451622330002682,1.4678088111637364,1.2325735191259164,1.1364393464456821,0.9259099467461938,0.7942755705280835,0.5824873045141428,0.4404369918055162,0.3062792538140553,0.23689688334906922,0.1725207110721283,0.1273532503698167,0.08030943949690839,0.03986523010444376,0.02976921950283895,0.21477285676476793,0.7505570916700388,0.9747410762073578,0.9406813747118565,0.919173393303894,0.8273143894300967,0.6362480030815738,0.45713483384593956,0.3087151295485904,0.7008979379502416,0.12925287632013305,0.0679941144219407,0.0027894129864802775,-0.014234585172407721,-0.03149711942974864,-0.08198088190726205,-0.08353502470685337,0.06760109878954085,0.30432277071767155,0.5509737097832508,0.6259322020115624,0.6077051463882976,0.5445375255382998,0.5251049401955026,0.49757182737628436,0.46800010882901866,0.44985256264354767,0.4130578309063857,0.39168606179530796,0.39246666149531806,0.37891274613705284,0.35667966462510015,0.4099758794112099,0.48764855205256163,0.5302266176412863,0.5186309683207442,0.0,0.0,0.0,0.0,0.0
2025-06-01 17:56:58.124,0,0.0,0.0,0.0,0.0,0.0,0.0,0.9558836382763837,0.6274555913310007,0.34265271067958925,0.10926264548481956,-0.025224393462808803,-0.07147212659063884,0.05589240515352001,0.10993693320308862,0.19178830161845362,0.3040896527896062,0.4252488808026526,0.5344780127689971,0.5914973247697324,0.64656151896506,0.7192813500044382,0.7645290251232394,0.7035748713749989,0.44606373829914975,0.16678237733253787,0.031098540544515663,0.02530678767515182,0.06700262725411488,0.19580302205437938,0.3030102967547852,0.41679962357196465,0.5201839177669558,0.9028589833733305,0.6689671903267184,0.7390309159736708,0.8034771653004781,0.8375172264391197,0.9972056919516427,0.7194703428452283,0.2567689352729975,0.014847360685828925,-0.11329081450448997,0.03171072525724261,0.15969604518731617,0.29711862775694353,0.3721949314007029,0.3875209770864858,0.4526329130997193,0.5074061205117388,0.5706795435389359,0.6156752875464074,0.6598596490198168,0.5597265057353479,0.6085617624671076,0.43105296114587777,0.3313806942688392,0.2653825708643728,0.28147764580630485,0.300738923527222,0.6626210695909385,0.8057189179310902,0.498993444562394,0.6415280113962991,0.6401835125539357,0.7484359413188696,0.6207797470917733,0.7572591284742529,0.8273734242320546,0.37880818430311525,0.7925108511519237,0.6376179648048601,0.08053159796456652,-0.010075839097085537,0.05232052600498838,0.21370793274334843,0.3268893103704058,0.4272565187626829,0.5365517795969741,0.6229604669168654,0.7402062806893528,0.8209344835344115,0.8889318134309787,0.9793141808734357,1.042562033427835,1.114373058932902,1.1752791532169393,1.1506502654249564,0.4017580674043036,-0.10009667675997802,0.16317164437283083,0.3917406831718435,0.5661953082110143,0.7200733088930686,0.7995722130175897,0.8692516259881939,0.9122156789250562,0.6031984595708877,0.9041305224825866,0.8723854910545382,0.8319669913627631,0.7849924497925139,0.7291293619644879,0.6190784375025452,0.7046652561288157,0.7120737001405356,0.8130911863775827,0.7938675920501577,0.7388374724334297,0.6827051574821399,0.6082677198890432,0.5581940588198524,0.5055181120818537,0.43513326100635297,0.3870849793691451,0.3287756735398726,0.2587675892149166,0.1368510907854522,-0.0031859033666558068,0.0972875655800875,0.6126001067967987,0.8206334345489792,0.8182469757279112,0.7372209636188831,0.6794740987056527,0.33977856487747254,0.5754392101815173,0.3126379292320589,0.0,0.0,0.0,0.0,0.6130690529165834,0.6688703122883657,0.7165855362186643,-0.0011811452350735108,0.35761800368072,0.6713235252321818,0.6631564519281608,0.6185852144888272,0.6261866357457444,0.6882415243431634,0.7628157744128776,0.8037576561676252,0.8197365989871126,0.9569950056994916,0.918793407366119,0.9217551558611263,0.9497648211670784,0.9381264889746614,0.9569869946146916,0.9177640521413386,0.27595310687748964,0.29378745070843093,0.3158739455198636,0.4532386002621642,0.7085803452599702,0.925640029498092,1.1530458953804574,1.2651788820908634,1.321588228729096,0.6987793525087787,1.4254525920749352,1.4027652000582909,1.3452739939236262,1.2133114503059108,1.0773220843268771,0.8363014111405996,0.3570565330516972,0.07215874531340283,0.30420797594945415,0.5824702951398357,0.8378715896900579,0.9488058038003258,1.092853515702413,1.0669189652052806,1.127385260552396,1.0787977758051568,1.0394536915168788,0.9380947375251362,0.8298524838465761,0.7295607934684352,0.6191926397933614,0.5396434396364737,0.3745495634246151,0.21992274634713913,0.36330454383012334,0.5859856393445296,0.9519241130127548,0.5053539675854748,0.5449028299475108,0.8171894492435464,0.539457027942988,0.49648030807154475,0.9720347119252235,0.4245890314920154,0.7128229684935643,0.4660682494038104,0.34491097294079587,0.28903707972090714,0.3991015346397417,0.7373420889082339,1.465837605567476,1.2404149391464678,1.149262997101793,0.9447810189762098,0.8231806295130333,0.6008613957994915,0.4840043890358021,0.34075932252402663,0.26480017249152277,0.1930612662720237,0.15061889053078925,0.09793257889787832,0.04521267462340117,0.02294793730913791,0.1969985011227406,0.73911876895704,0.9660067575852502,0.9493433417565016,0.9476034147671623,0.8535599273889887,0.676555246254448,0.4959927567879603,0.3358006060188894,0.5195168284089439,0.15148292918271244,0.10282961502359633,0.02832138386792571,0.005493961049946816,-0.009268313522531102,-0.06601874432916421,-0.07937515103974468,0.06562318327163519,0.32838230621262743,0.5721087148073787,0.642364216306135,0.6294515970728976,0.5814373831124413,0.553625359224919,0.5337061432457049,0.4824076727489468,0.4754091700757266,0.43898331809444247,0.41673567720971505,0.4085234946863441,0.39120769618337115,0.37038499511830025,0.4176797034221959,0.508773677257624,0.585439203334167,0.5664389884123884,0.0,0.0,0.0,0.0,0.0
2025-06-01 17:56:58.127,0,0.0,0.0,0.0,0.0,0.0,0.0,0.9802623480027609,0.6351836691393502,0.33404778652002654,0.0900001542483343,-0.07360718733608695,-0.12728505331822393,0.0016870480459902915,0.06815341749634629,0.16505628857318866,0.28429545155405533,0.39800829965426215,0.5170928680225755,0.5937572743234953,0.6496398518084728,0.7286715800713313,0.7667513599671032,0.7134238582670429,0.4245444484501743,0.1298782352692407,-0.02668558953558564,-0.024551084213057628,0.027110656197211647,0.13902358625925992,0.27337531657077374,0.40071961187659744,0.5032436675528336,0.7106950577684454,0.6778817094007882,0.760385539736874,0.8335466544271323,0.8741697424825765,1.0604922364261449,0.793980854217432,0.2544687588589718,-0.04808383616740264,-0.17577160248496604,-0.005860049116171995,0.09472512150711032,0.2748334719464893,0.35803158349340314,0.3851804984593179,0.4561914409887109,0.5109358335066412,0.5848177437586896,0.6533574402512009,0.6564644087861042,0.599721531908794,0.636046141958156,0.4376751330524986,0.28731416045798425,0.22726503079687121,0.22946164852998097,0.268925190151716,0.6412427210348965,0.8750841971922843,0.6188794056266966,0.5394980437463003,0.4655884214344391,0.6998433206823332,0.6974039466399014,0.6991285474725262,0.7755126687664036,0.334964085736298,0.786490618834752,0.712643131202878,0.045902779897999874,-0.06277226191245155,-0.00938624013945244,0.17292044180606658,0.2919126620135686,0.40139559484870224,0.5204083946255011,0.6148089601850415,0.7301103265785263,0.8153616557144374,0.9001926589971054,0.9987733096164612,1.0688704148726997,1.1497192085138088,1.2179400584420716,1.2324304044364394,0.4396021234437248,-0.15322257856943888,0.10258252287676117,0.3460244346300163,0.5364103450071636,0.6983256511533802,0.7940000393307272,0.8619922213199342,0.9204470201554267,0.5641866804014057,0.9246752529804663,0.8909404864447089,0.8537500837887196,0.8188462193055418,0.7590335416482712,0.652010040333789,0.7151826765467801,0.6976491641495982,0.8002903024416632,0.7849861172509207,0.7383227000229511,0.6847773926678442,0.6228697561280554,0.5744373475796327,0.5227736885895846,0.4519281413583238,0.3979930115330206,0.35164315060171547,0.2762238436139568,0.1568750359060963,0.009445905784059017,0.11332950633807654,0.6269035685556491,0.8288976282826883,0.8304581861457043,0.7519437851649464,0.7940457654214521,0.29966640838390496,0.4228876585689813,0.3387075267680534,0.0,0.0,0.0,0.0,0.6125725659268652,0.6175739155335103,0.45711966758923706,-0.0005433756060985173,0.3734028547672745,0.681001909189791,0.6721249349835348,0.6284004308503949,0.6322106255478666,0.6929071631167754,0.7664916816286582,0.806590853577235,0.7989733760349962,0.9404473245774967,0.9096444268851922,0.9015000205145696,0.921293678298045,0.916664455032566,0.9338675589980483,0.8816741589939594,0.2677099379765068,0.3188938016277678,0.3283208471833371,0.46480543539075403,0.7212282563738046,0.9301091355253082,1.1456818899190209,1.2468703250715583,1.3190105332300563,0.56541014664298,1.4072589277951177,1.3685185560267223,1.3080460213575194,1.180170439631008,1.03162019518815,0.7815864587641693,0.29541579085489,0.11782197667191174,0.3544930205260489,0.6249022667210811,0.8663536732050328,0.9699792695010563,1.1029561644413195,1.0711615865481756,1.114851673882737,1.056038025164972,1.0019804771549783,0.9058755566550462,0.7932661863185654,0.6956994831157284,0.5762370974318878,0.4965568365065578,0.33050392181465155,0.2178703103045521,0.42763945508330536,0.6453895308917336,0.882090549991904,0.3888703786257923,0.7030769721990625,0.7204334745398103,0.32051336234379774,0.5009380375351944,0.7744012723298968,0.5836016019566663,0.5551003058546725,0.6095802617673421,0.2640289997124806,0.24461985489135457,0.3772975543782668,0.7576094344006328,1.5384141389006352,1.3105698877552807,1.2109268562022688,0.9823723518537952,0.8491275403275533,0.6137549478144164,0.4836356876451495,0.337861161153874,0.24556608341311792,0.16437799122366936,0.12706769337271795,0.06907707269557462,-0.011321904557504037,-0.028877616817741925,0.18588342224400828,0.7912432915623282,1.0202941945380155,0.9938427481088505,1.0096346999749555,0.8930591142978963,0.7329644644312237,0.5374580604642099,0.35196014895202965,0.3110285151139467,0.14066780598155382,0.10345749627287781,0.02149387049745166,-0.02599797577979268,-0.04730576794754415,-0.10535663272140539,-0.11141550660948712,0.09201271530970184,0.43350244991410425,0.6435407118913479,0.6954724353124501,0.71047255328499,0.6617068832450066,0.622495396015144,0.5788208053582027,0.5014662839211605,0.49590865214577495,0.44963337393251845,0.4030799023091305,0.3851617575286601,0.35448441490896065,0.3318162612248786,0.37914803891362575,0.49740907582670346,0.6606695402687811,0.6586782453800106,0.0,0.0,0.0,0.0,0.0
2025-06-01 17:56:58.132,0,0.0,0.0,0.0,0.0,0.0,0.0,0.9854983729487418,0.6139295606642632,0.3034669698754109,0.043585181733073464,-0.13108452334790066,-0.17285160167996438,-0.035886883024283445,0.037222646174104534,0.15530466704286283,0.2831567432743177,0.3928471826245517,0.5166397663681902,0.6087238610299066,0.6607118845012852,0.747365964306441,0.7864585752698564,0.7194775455179476,0.4072962066647427,0.08561155471589732,-0.08455918696659448,-0.07767825492055236,9.126233173284426e-05,0.09916138743651759,0.25250337749707175,0.3892505039716456,0.49752908738168844,0.6731578011513206,0.6902688126323479,0.7823908021879209,0.8656635853967293,0.9144008956081369,1.132644253610776,0.8698778425985236,0.27096579854354874,-0.08669623626320722,-0.21932787834330614,-0.03085552301740413,0.06409212818903542,0.2591648865619023,0.335422158007463,0.38351070780216756,0.4754628700779382,0.5239530888995092,0.5764264918475742,0.6799650377338881,0.6791665379430212,0.6359093704829525,0.6758939815726765,0.4755720836238607,0.26643639147374504,0.20612908523416051,0.20488158744969298,0.2431948453574464,0.6871762752054642,0.9387611195868004,0.6961824733768243,0.4801895256925739,0.4982879928413745,0.5534704122461214,0.7499389878668339,0.5794157298989295,0.7358504933883461,0.3414794685331607,0.8116025612174321,0.7635504452091679,0.020902318644112156,-0.0983326245108811,-0.03619084922765814,0.157135228836345,0.2658675807129889,0.38774028560402174,0.5085617337140427,0.5974761981444077,0.7070008314794691,0.8012626109486887,0.8975269106476897,0.9979533316235939,1.0735225745536723,1.1508233047776357,1.22439420901049,1.273080082040397,0.4598213986585134,-0.1590359710326965,0.07858057586106204,0.3193692747554122,0.5179506085511167,0.6827718712118487,0.7869784183488799,0.8458931780750478,0.9146874734590738,0.4786423933960587,0.9259254450519763,0.8903392423368207,0.8608077008735423,0.8261325785495174,0.7690359127496271,0.6785250699957447,0.7482636423788642,0.7079880010561207,0.8022773030741486,0.7885332874840099,0.7424937645246115,0.6782500016450566,0.6262176127522823,0.5786809590483513,0.5233487133622357,0.45546842474187743,0.39725236773880623,0.3592435860042418,0.27580296763242096,0.16280494161879877,0.010424341850116314,0.14219666288232014,0.6669222425426148,0.8488713283698788,0.8476697769795944,0.7638267043167528,0.8353421668197913,0.3524614090803266,0.2677103024460274,0.4174990454758647,0.0,0.0,0.0,0.0,0.5721118484561916,0.6359138009462224,0.29256931434400535,-0.007556451456707358,0.4028776872293515,0.6971008959651602,0.686346042439959,0.6389898853456987,0.6364505615907343,0.6965084285904652,0.7574416482203161,0.7935974120377418,0.7564462285248235,0.903294743719568,0.8768651757099271,0.8565213879418121,0.8784409298449245,0.8784343680183668,0.8881626445658402,0.8277630608462978,0.2683742971299852,0.3477234280982239,0.34175633036704867,0.47367829000321726,0.7282739395825308,0.9224189898427402,1.1321311399695788,1.2146335114507851,1.2974777449608375,0.42258672461471586,1.3672225832132798,1.322378245596831,1.2593306701139388,1.1381245795252366,0.987263204289443,0.7281534082514943,0.2552397814441462,0.16785661601041657,0.3868897721675627,0.6600193165859605,0.8863941480459876,0.9761661496594713,1.0900913472647349,1.0551726279409286,1.0802390178804124,1.0222482747558823,0.9566634655603576,0.8666665413430307,0.748574719271509,0.6535198954423374,0.5325048923982744,0.4527312765875038,0.29242196932036285,0.22852313517430103,0.46528278755015473,0.681124898432027,0.766944798543414,0.4541773649956028,0.683569675532162,0.6005054504880114,0.278068280259197,0.41692961920183214,0.6365011682572976,0.6889394349641313,0.5483221640032166,0.726921956530652,0.25366008050074296,0.20534100848280729,0.36325777961438005,0.7739688700783609,1.5771886119628884,1.3483297478535874,1.2392672339679067,1.0016590899802296,0.8415831762451369,0.5961680565393088,0.448587429095596,0.3202792835347674,0.22605430026279305,0.12910337621391377,0.09819960169395414,0.024567938508512244,-0.06609460592156502,-0.06410046762099891,0.16746627261494168,0.8379206883372339,1.0390659516875402,1.0048595937063811,1.0348593888947066,0.8873310580578335,0.728635031338793,0.5238192041915142,0.3381192745456312,0.22210653337151867,0.11013053884266988,0.07449254901944413,-0.006429557467220182,-0.06437608092204194,-0.08800771744190006,-0.1462052322650485,-0.13968041006452464,0.10646858241828344,0.4936234190086217,0.6827565318906141,0.7208908755231208,0.7441942367425172,0.6898070567587746,0.6412898949815018,0.5841492777549071,0.49491754131209986,0.48867547055236016,0.43006555142232705,0.37693183080284354,0.35386204923480236,0.3220987817206916,0.2968864896581652,0.3573438517853426,0.4965026594716979,0.6946140702257474,0.6990750174823275,0.0,0.0,0.0,0.0,0.0
2025-06-01 17:56:58.134,0,0.0,0.0,0.0,0.0,0.0,0.0,1.0324571842545827,0.613580011441594,0.28632685855831974,-0.008782036475017518,-0.18156912125112568,-0.2111376776364915,-0.05789539169321811,0.02354469189022479,0.15527941843924364,0.29150615292061854,0.40826789189002105,0.5383832732859145,0.6426745762835044,0.6928133998939461,0.7839300629036643,0.836232172270388,0.7383840917262733,0.3971035631569209,0.040517738549742055,-0.14371567082621906,-0.1316539238017238,-0.027118315393722003,0.07714632768015806,0.2331883534641619,0.3839780381839122,0.5060601703074774,0.6325000695981401,0.7196438763085186,0.814704010544965,0.9087780419324555,0.9783700950434431,1.2140376492877771,0.9534047412335813,0.2852573165694242,-0.12334600933811957,-0.2786922815507715,-0.09915137665495677,0.04576335443005042,0.24178260102677318,0.3114918944127476,0.37410513258961764,0.4997077497686637,0.5364994545827539,0.6007373550442644,0.7291313624620973,0.7338732360721791,0.6826704919288438,0.7586893478710126,0.5242005076238331,0.2234800931264399,0.13503853849077407,0.14413284076797872,0.1994485461365585,0.5317291142176341,0.7985222760941961,0.6631908682666423,0.39712055805457747,0.5332608488177608,0.49717373863860403,0.7861348748403181,0.6150785697320402,0.6209807653573838,0.3826552442787242,0.8924207452118715,0.8763017738303747,-0.0012990888112002774,-0.1650345817615072,-0.09110122682067656,0.11999588817091889,0.2351626116764718,0.36963142206060073,0.492416424037424,0.586190776207342,0.7012838440795468,0.806013249475696,0.9114377798880386,1.017028377770374,1.0977681088489948,1.1829812898885408,1.2590532499759952,1.3317529812205597,0.498969046823357,-0.2053035183984575,0.03953982896773778,0.2800923833637958,0.49364384534137895,0.6647811179732583,0.7757162529369528,0.8422798452464946,0.9172739685241968,0.48814714772246964,0.9442140326202477,0.9088141661552821,0.884212464628353,0.8531347416211367,0.7988951334696903,0.7261921032831308,0.7564028436004403,0.6839391646713991,0.7763744058220565,0.778202675553245,0.7372863600668855,0.6795511430402972,0.6310342286183959,0.5877091299843564,0.5343219050679597,0.47444753249113614,0.41521402806524144,0.38329947588989266,0.29753431902161553,0.19266100662616437,0.03669717267833039,0.16525515897236687,0.6793051887921935,0.8577741467728954,0.8562498740179743,0.7748194237804436,0.7313041969995975,0.4359972689645391,0.23298870186099357,0.5513160798318634,0.0,0.0,0.0,0.0,0.4343428430039036,0.5491584126134352,0.2596782298277128,-0.022988315170676732,0.4097939692596492,0.7071190741145665,0.6972885156203243,0.6579309060494848,0.6569217592814314,0.7222675809337022,0.7733926011141761,0.8117226621431577,0.7647761732038858,0.9043293551632781,0.8696445767394163,0.8445528862458247,0.8619736584505195,0.8592924535676685,0.8579100155277724,0.7587558689756251,0.25838019847782345,0.36552008871354924,0.3718883146076104,0.49978789303943527,0.7630856497529275,0.9513372431385005,1.1573082454008419,1.2327040068699693,1.3047670978592907,0.41970403656938954,1.3562997457967065,1.3047253070157674,1.2329582398089323,1.1090752875648024,0.9604320389824977,0.6819202331581604,0.20964591825198547,0.219920384599116,0.44137700620858855,0.7121720031832475,0.9352075998034937,1.0133212894854189,1.1171651142819523,1.0835898406558255,1.0918704494358251,1.027304168628001,0.9548861431292863,0.8532297299812938,0.7297903666896713,0.6295020763490278,0.5077637282902027,0.4253307564566827,0.259491164519799,0.23182884377812626,0.5362241844288376,0.7544794429778979,0.8578174824657226,0.5317246104664237,0.5983320976810367,0.6360296527547563,0.2522343504082037,0.25832362146801946,0.5242662659886352,0.685818832857864,0.7143690260558392,0.7886656596550841,0.23644600691016568,0.19017688223512502,0.3507403220482794,0.7999740106707012,1.6356477935247926,1.3961797820241988,1.3186560373830076,1.0736385960264285,0.8898629622573868,0.6170134811277261,0.46677360955928715,0.3290421077356036,0.2401794038671412,0.12537300753728564,0.0819591645427784,0.00048523398876598733,-0.09498667300156793,-0.06718599426847521,0.1758355942148499,0.8894625041806499,1.094556233036079,1.0366988236700914,1.0986920181903095,0.9478558397955685,0.7565071439009818,0.5496810743652978,0.3559072836315469,0.3193300768135975,0.10648435135436185,0.060046896029604335,-0.024175932919347387,-0.09237401106821641,-0.13691253403563364,-0.19040009088365556,-0.16119534739910102,0.13691724559178725,0.5722597662696565,0.7550140258558502,0.7792453481148153,0.8033070881869053,0.7515855967772751,0.6777493875404139,0.6145688345436877,0.5128880662852495,0.49981221360180905,0.42169633439747756,0.37021350219677296,0.3432466677615631,0.30490464207809975,0.2701468664476766,0.3460897521436556,0.5070644620589809,0.7261015764346771,0.7595805521872434,0.0,0.0,0.0,0.0,0.0
2025-06-01 17:56:58.137,0,0.0,0.0,0.0,0.0,0.0,0.0,1.025561530925461,0.6033921272845665,0.28141526764238334,0.0038457041896711175,-0.14675635373808504,-0.17437802803750313,-0.03544082552850658,0.04665686664721114,0.17905880072128,0.30812232692233243,0.42172690325381396,0.5495015780083617,0.6505143205122841,0.6905054989751656,0.7754157010072812,0.8304264662783016,0.7340471529255561,0.40095425498326204,0.06447280228163144,-0.11519424419908486,-0.09341257169117134,0.01169648392632916,0.10616335184101211,0.2533478119998305,0.39668992748023046,0.5166445975640921,0.508994327360366,0.7212321631176059,0.8112699419803979,0.894296505114459,0.9697374128232743,1.171741990463758,0.9294692159452267,0.2819339720330979,-0.10384353889616005,-0.19798716268944683,-0.06998608811763174,0.1082894363487501,0.2611330174091899,0.32175532147236163,0.39854049759198795,0.522896575625101,0.5385277154383863,0.622204461714963,0.7400594095488292,0.7047862907907867,0.6989037023090389,0.7482316847161998,0.5214321260597157,0.24004338332187786,0.15905076459981704,0.1702706479377185,0.25124037842403535,0.4399487251630175,0.6386012889352478,0.608460321476749,0.2404659722085734,0.45191185027656566,0.4346274377639431,0.7280105720022163,0.6385153492477917,0.3845465802251429,0.35491819993198404,0.9676261022205588,0.844799541885443,-0.006212463609248514,-0.12397695039722356,-0.051109733422372905,0.15690587991360827,0.2576068138353049,0.3953240674739815,0.5083466472059601,0.6030719082647134,0.7140082712006324,0.8174969570752026,0.9235420143187345,1.0243814974973997,1.101382758796515,1.1828890579513196,1.2529936109764614,1.305471178013419,0.4782351163527296,-0.19251222788528555,0.07264945851327642,0.3065741508168087,0.5199680107226976,0.690482521906798,0.7928070874841486,0.8617941940101566,0.930214477954592,0.4923636320604092,0.9600484128423965,0.9181880675150901,0.8873116646553466,0.8626925869830416,0.798294713451877,0.7306643370792326,0.7622135768790606,0.6961075780533822,0.7904351501347202,0.8082276131342396,0.7536945503758912,0.7042021486359886,0.6540990144658432,0.6049953953816551,0.5585014678318612,0.4937900487871514,0.43538093021087776,0.40406162478719065,0.31822310337542103,0.21497518152654516,0.05392426881018664,0.1692636338389264,0.6792390448823268,0.8655458618387324,0.862020298968476,0.7851641158874973,0.6178901816225602,0.5758959501102632,0.3810963014319832,0.7311884656287155,0.0,0.0,0.0,0.0,0.45477559617596053,0.4748042550393183,0.1796064528704432,-0.04175038794369046,0.3889776978200498,0.703763764996343,0.7017248362232738,0.6761052740661052,0.6731608073273765,0.7469664427122529,0.8043126703988506,0.8460934143768015,0.7972976305293247,0.9354226642992396,0.89485052024594,0.8609454518517896,0.8725525722617606,0.8658760190625525,0.8664670068158518,0.7474299696103917,0.24398942910218352,0.3623326196714377,0.3805537208102372,0.516770691794775,0.7869257315951972,0.981954921712362,1.191408602400032,1.2697709464629041,1.337072583226466,0.4656500803897235,1.389302659823398,1.3372434069584376,1.2592019841362876,1.1338207900293784,0.9816494310326443,0.6996589225908858,0.20819394398355257,0.21213856730021463,0.4415754897540457,0.7146373415716145,0.9409783435965866,1.030155373874982,1.1384658673668637,1.1165270962678175,1.1276959175782886,1.0570206385648078,0.9896986691509615,0.8786527722838408,0.7566359923448259,0.6487970269041241,0.5269344248447323,0.44408476357038607,0.2797947403156746,0.24495621814996096,0.5479477126243977,0.7638854068178486,1.0108739256861932,0.5322522517649207,0.6403588404184493,0.745409371011324,0.1781244914345731,0.16904078024026017,0.5128699540723873,0.6813085754889163,0.6980103937877767,0.7123755376876753,0.21204377586850606,0.22485573940059395,0.3739921138730902,0.8203931540566839,1.6293741405346784,1.392669300983271,1.3418349488595802,1.1104755984468988,0.9215244740768023,0.6423240571833766,0.49416333497040443,0.3634845446120367,0.2657454959713281,0.1515028956314568,0.10388886891380555,0.033012068280737994,-0.07230750731464086,-0.032704038587830775,0.2135978816171567,0.9038911661095426,1.1085985642706513,1.0415801674402558,1.1191443978639835,0.9859326821159444,0.7787964693621854,0.5826966153482556,0.3814095828087465,0.5228499617038554,0.1309158168153446,0.07911505691667986,0.005260429467610406,-0.07423280323996306,-0.1298541901851581,-0.17146246571489387,-0.12988008214858815,0.1554524582259033,0.580802578392984,0.7600747736539333,0.7844212601256079,0.8100629367120713,0.7676142399619503,0.6907110146449331,0.6438042808253903,0.5350467983225693,0.5336478765793264,0.43868491827091516,0.3925373163272041,0.37571522395005985,0.33748621450148597,0.3059006111057083,0.3721733823518983,0.5163295273638936,0.7193692117507605,0.7530192935463873,0.0,0.0,0.0,0.0,0.0
2025-06-01 17:56:58.143,0,0.0,0.0,0.0,0.0,0.0,0.0,1.0173261529601094,0.613421136767701,0.28934021264468646,0.017399208504654706,-0.13444522413727167,-0.15559745905775413,-0.036304163376387755,0.05461933819174669,0.19168687268065654,0.31728265071126893,0.4315836878850267,0.5580868496877421,0.6542980722270422,0.6978334409323068,0.7806735829914064,0.8596949474542065,0.7491071825337914,0.41407686263388216,0.07068115720542745,-0.10724943589194391,-0.09022332658942367,0.018836440211569716,0.11195417557602116,0.2605408444254609,0.3934584999260995,0.5180808491903157,0.5761270918083059,0.7152680892459274,0.8082437979045367,0.882785706736582,0.9606106328368245,1.1454541658239417,0.9346412880833346,0.29759334824310835,-0.10081730381958065,-0.16279458926628465,-0.06757187834013889,0.12933049079436443,0.24263210143722413,0.3105567881222133,0.4070518434723476,0.5365010845332938,0.5239163934664892,0.6167664574950628,0.7237572044396025,0.6639673165415338,0.7181189259203392,0.7342335865670317,0.5120675657007443,0.2508120725047864,0.1605003933832213,0.17449124696936313,0.2517543319984128,0.45105957106686995,0.5987423718069946,0.5486053826028452,0.25864968093094187,0.48451604113597246,0.34452267865576236,0.6148861775408183,0.6010323358821108,0.24688837389464177,0.3299018295403021,1.0495813330839368,0.834933622147658,0.018525183717321064,-0.11053060189751662,-0.048373088790476526,0.16964637707726293,0.25422028283768716,0.40305297751760016,0.5083321911996976,0.6057090598796144,0.7128752978075408,0.8204501923760834,0.917417724716791,1.0195476372726682,1.1053763456763939,1.1756236833616265,1.246948105312418,1.2903908587014663,0.4731562982001451,-0.1672870537927389,0.0906504549929652,0.3158524183081135,0.5239091971484908,0.6945437879708369,0.7973874324971866,0.8677104209165227,0.9282364133542333,0.41906481786420163,0.9596971142171273,0.9179317095159211,0.8833481519274328,0.8590038135408239,0.7921706234546149,0.7229603907921108,0.7629280349611874,0.6961057770389733,0.787800602535627,0.819548248069075,0.7527584501362512,0.7038692892659586,0.6592080553702862,0.6038658470160412,0.5663727940005157,0.4946832635984024,0.4338023520917451,0.40110954808750154,0.3180062423521157,0.21582069340849863,0.058623840854059694,0.16350454549758625,0.6763729616073656,0.8602284119914703,0.861710089808271,0.7790632933101804,0.5493955306223475,0.7339173304470805,0.4524579621237415,0.7516854233246681,0.0,0.0,0.0,0.0,0.6754575525835915,0.46008486625278283,0.10537770897931958,-0.047709085249968364,0.3832110778123707,0.7078614492941879,0.7057495934445026,0.6796643077565275,0.6679323410738578,0.7425939048578261,0.8013488589996696,0.8426215044100993,0.7949827165178251,0.9314481165986201,0.8932569417201544,0.8560872794141203,0.8726906149279512,0.8650890395471245,0.8665591385844835,0.7611780600836737,0.2549967832210211,0.3632542338277128,0.38404985109719836,0.5150911486179708,0.7808139297169567,0.9787023222764959,1.1898823650858734,1.2715744683804304,1.3284959168352761,0.5134060635597206,1.3952007483556823,1.352235184526256,1.268183703916768,1.1481436635120383,0.9993561489149273,0.7248372727162747,0.24154140515764327,0.1996482679920284,0.41958978641895717,0.692821506564252,0.9165099354814927,1.0188036340740696,1.1263966474369558,1.1108871553063626,1.1284877023043691,1.0623756929174584,1.0004209433222773,0.8868892144183257,0.7703834820932357,0.6590988929738664,0.5426426366842259,0.4584067844372497,0.3036080402155391,0.25731074513151686,0.5278838600072685,0.7309181389832843,0.8519570048319293,0.5940539651571077,0.6746499362071636,0.8025479210016738,0.2281849455575755,0.1395619826533839,0.6451377877960003,0.7366731488720712,0.6496586855019831,0.5939853352553571,0.2196008517008041,0.24063068344823718,0.3928331849060391,0.8218953544524852,1.5931259103763886,1.36061830082525,1.3091215876565534,1.0978018099780522,0.9040407175768002,0.6354722745271331,0.4682252093714945,0.3690782398422219,0.26776269323378465,0.16129493945536355,0.11828804737954535,0.04854361798474682,-0.05132717346635196,0.001059086873786197,0.24694716960601765,0.8875615877228686,1.1012668233471898,1.0285352275362172,1.0929619457264925,0.9758622243119428,0.753074918188231,0.5654672706890984,0.37981711381919614,0.638588996639061,0.12994932725922403,0.07204762867921488,0.005485508802273387,-0.07074987506476338,-0.12037951904821964,-0.15259786235967804,-0.10769974998206155,0.18720038304281278,0.5710666511799114,0.7446229267126538,0.7743724906941379,0.7962289267853979,0.7498423137084225,0.671118560920053,0.6375873426808434,0.5310528930765905,0.5255890481014178,0.42752178833968735,0.3849087006492129,0.3743891965434121,0.3400560882302367,0.31632610428928076,0.3802689807260348,0.5375951828037016,0.724595603419015,0.7505464494803025,0.0,0.0,0.0,0.0,0.0
2025-06-01 17:56:58.146,0,0.0,0.0,0.0,0.0,0.0,0.0,1.0132279213597704,0.6232908139533162,0.29128134082259005,0.01063228920668724,-0.14110561363680996,-0.1579343936167229,-0.04065120805940936,0.056354827205483016,0.18936980578754303,0.31366457578690443,0.4383669189624581,0.5616847073187807,0.6565808141420095,0.6993173004479173,0.7831097842892883,0.8912093206163216,0.7525168436876282,0.41763013112726904,0.06206473381930733,-0.1127928250993464,-0.09952454011117129,0.0026987161934357573,0.11392451442146312,0.2581073169584456,0.38042224460991303,0.5182317554398519,0.6883466778855685,0.7107371424578423,0.8038433542736019,0.8741503745165934,0.9592267037755666,1.1257545630534995,0.9200186659790786,0.2986975598308862,-0.11589278432803907,-0.17645331097498507,-0.07475465293954597,0.11039008142534712,0.21192515622416996,0.27642460815547665,0.38499540932863807,0.5332235746817009,0.5197172984369225,0.5994848355058741,0.6861186102770706,0.6510547103915372,0.707931575752862,0.7487740364370139,0.47122733089620317,0.24426143819085588,0.12633318001959404,0.14907873851398024,0.21313699084048476,0.4564605113596128,0.5766111926746571,0.3735970922948166,0.3183770756470178,0.6955602750756631,0.43668170357950953,0.5082575180125815,0.561177739035752,0.36855025452523094,0.4098453637980798,0.9775270116823027,0.8625120031027447,0.037066468847718276,-0.13055293223723952,-0.07131145579557319,0.1502274084148325,0.23534457419411314,0.39848468029641326,0.5035013227295513,0.6045378787347782,0.7135505516970855,0.8240536644710559,0.9092428772786574,1.0201706980813579,1.1132385578779567,1.177910885473296,1.2558665717407158,1.2878570251159112,0.48072503769695557,-0.15424911227212623,0.09388107594725015,0.30903305029919736,0.5199235587189632,0.6904865250379317,0.7957357012831827,0.8702542665080757,0.9264645381391163,0.4945727254119922,0.9565974778254691,0.9187157827691635,0.8830468813614282,0.8532868999184314,0.7887262931380845,0.720694218118455,0.760309871132874,0.6910266281138943,0.7894127582574217,0.8197295503945126,0.7548141412622262,0.7023812400380856,0.660969044815241,0.5957798873004148,0.5674519181131588,0.4917299496886942,0.43343058757213715,0.3906331419840956,0.3107590182672266,0.2070876428195466,0.06056039845420147,0.155436250219472,0.679380088432218,0.8564176788730844,0.8637985704893221,0.7777972791493013,0.35405525715669756,0.8251825223189504,0.44256544359820343,0.7484670911532206,0.0,0.0,0.0,0.0,0.8075359065484029,0.51228152928421,0.18659982381932244,-0.045766710542494815,0.39116795434388446,0.7190588324379155,0.7114834794022085,0.6829674254329584,0.6656887059520744,0.7430418616847667,0.7949643373181692,0.8365074520135347,0.8056211501241441,0.9298825700531084,0.8877655240174391,0.8609859632845627,0.8781611550257342,0.8671872256124618,0.8678011942304056,0.765931419613388,0.2722071344089004,0.36812722624217264,0.39304659977431644,0.5204120137802761,0.7814098430043306,0.978780633906247,1.192627509755992,1.2835067206229442,1.3200760305667851,0.6284265295731442,1.3944644524987102,1.363149836777528,1.2716066385504472,1.1518588449499738,1.0097122159087848,0.7408241540126101,0.27219147704506397,0.1918193903855978,0.4202992565793865,0.688760483143779,0.9159947911919004,1.0157036841644198,1.1326858346867055,1.1126582414866701,1.1341536623105721,1.0681248063764843,1.0190952682914647,0.8902969453453699,0.7848918004290696,0.6685796644196369,0.5560980192805844,0.4670379760092169,0.3114956393732496,0.23921678365237167,0.5128464326241792,0.7130858967933366,0.6754756520788147,0.7376323674382264,0.5258532267949283,0.8811179559260135,0.41028692743559275,0.20949181582995965,0.6397168701989542,0.6842717371980884,0.6747584923390383,0.4046536929436978,0.21118640525111146,0.25057039750135274,0.38443336733270256,0.7913790323984253,1.5508194310884573,1.3418336446122274,1.2876582278873392,1.1011371549932654,0.8934625485746277,0.6426915908652018,0.46765234013667567,0.36166494284444806,0.27894130472717493,0.1782551445131797,0.13355906105392368,0.05738420151410062,-0.02548264482855711,0.01966720980459613,0.23869403631167646,0.8370656733118049,1.0814087109187254,1.0166492674926748,1.0615018853964227,0.9666745445701059,0.7325399498598424,0.5423576429570491,0.38340008805153336,0.7561867729880254,0.13725746744010103,0.07284591314807343,0.005918897726911121,-0.060294360240477185,-0.10888836682190273,-0.1318764085914147,-0.10522653802070808,0.1779100633506942,0.5368243203023484,0.7264093169737524,0.7652199768839619,0.7757225656161804,0.7329728271549203,0.651204585677049,0.6301000280856792,0.5297480393611491,0.5159801707545253,0.4225750797657297,0.391872473174423,0.3775060398055685,0.34799290116902915,0.3225977873049991,0.38118826328124183,0.5557467604498993,0.713969922724404,0.7555593121566517,0.0,0.0,0.0,0.0,0.0
2025-06-01 17:56:58.149,0,0.0,0.0,0.0,0.0,0.0,0.0,0.9656278045587178,0.6047085644702898,0.2880400848928646,0.028425562732793397,-0.09244964545596435,-0.12179966510270412,-0.020254630234012305,0.06965581058288595,0.18494826292975075,0.3109617536950501,0.43308217677944666,0.5403389111260918,0.6336043544651813,0.6664030346015775,0.7464448238030359,0.843429662246639,0.7207761669602366,0.41135371437405216,0.09765878454730037,-0.05606632489306196,-0.038128280700853834,0.03440657686717641,0.1471231299880702,0.28694977229282514,0.3858149790968879,0.5199158697209307,0.6559868730319406,0.694045578905997,0.781223054823545,0.8406415872221441,0.9131822797680527,1.0422699404045104,0.8372684619440269,0.2788426328928605,-0.06885752771684439,-0.11482010107108187,-0.0139026461951266,0.13314548053494923,0.2394103873435538,0.2838508378121749,0.3915865269823262,0.5245330526772207,0.5225340494388124,0.5858071331542231,0.6409986822210251,0.6037553146966121,0.64686269461056,0.6938236458919094,0.40219240762433306,0.26770546080346747,0.1821446838521552,0.19679421397217767,0.25788998074910174,0.4044510572685192,0.48384121508693523,0.2608883468870547,0.32984773711086235,0.7754123515747398,0.5839361443007821,0.5369683440460621,0.5690519944799479,0.49185077154666057,0.5530959957828748,0.9557731681787851,0.7705189602757687,0.04614454124391443,-0.06320150715846662,-0.018431868945831154,0.18260307261129105,0.2699976240675399,0.4298770479332623,0.5264629371501257,0.6252345587197456,0.7239130316171383,0.8328567202246295,0.910378074832733,1.0203648324496362,1.1042589286566926,1.1664958041315827,1.2405164141356244,1.2447836437657998,0.4510117000737887,-0.11843959598985576,0.13828277461181004,0.3374424564634686,0.5502549542276298,0.7211659041331329,0.8156537020522872,0.8865945298649578,0.9403483978778409,0.633494623361192,0.9600502580483916,0.9225853509104726,0.8798789570999902,0.8512562179082724,0.7771095399046379,0.7074933233562226,0.768786612815491,0.7195007678348085,0.8326575730601378,0.8413515040719275,0.7866734640701185,0.7294565469256653,0.682609684208566,0.6075526553102075,0.5820824630010677,0.5042738968402465,0.44678767230289806,0.3979507417699768,0.3189234013664046,0.20954123828322768,0.07088737838519155,0.15574699932960367,0.6843558600748516,0.8616380306487961,0.8716440823989062,0.7931460925532225,0.23336528122992123,0.808392490399789,0.5265708310461956,0.7531245231487836,0.0,0.0,0.0,0.0,0.846135293254775,0.5616331000837422,0.3078592101477512,-0.05477771944671822,0.38591446301665594,0.7198191341149512,0.7144739774006406,0.6841222550164939,0.6733245314837586,0.7466636768415051,0.801465805723129,0.8396415398459274,0.8165475294699358,0.9393397123415221,0.9012165718599983,0.8791930443585854,0.8940229735366068,0.8762007228543904,0.8848889404266953,0.7772836238765093,0.2672952203078896,0.3575400938200982,0.3837581222857225,0.5077328552682279,0.7643300448898198,0.9686191431791111,1.1866696667518117,1.284741691862333,1.327519683294481,0.7485022865602131,1.4078895237545805,1.3802356373288718,1.287920333888175,1.1744448827641127,1.035623265726793,0.7680292538866501,0.28920988657020585,0.14787818897266625,0.39113388286671935,0.656552229102016,0.8958000810400102,0.9939275713909888,1.1247672855813224,1.108942410437028,1.1436437920848657,1.0758911438344767,1.03543007137751,0.9080484635130736,0.812939451366859,0.6967422350525276,0.584220487613065,0.49097585995150284,0.3386501751004643,0.21924439842447582,0.4743209867027406,0.6735082078550402,0.6482755453014105,0.6943502209998588,0.4942490844230215,0.8572136625728844,0.5786262642813023,0.3113291555271164,0.5443466887106656,0.7405146128408766,0.7610293766944706,0.30288959954282024,0.22755729609587946,0.2833350392098713,0.3832802382519151,0.7550021619770095,1.4836493137862186,1.3073390576244077,1.249651870479191,1.0833899962609865,0.8743865310838392,0.6652417267903221,0.4898267308114417,0.3533369283147847,0.2890641361864297,0.21057109164286247,0.17437320495127917,0.09260614913185561,0.012261135580011628,0.028389838374068166,0.21194220481776,0.7603743824476876,1.0450939505296943,0.9889730031454067,1.0364330833433009,0.946784722046049,0.7424283068673034,0.5525370338578102,0.40606915990857506,0.814373897203906,0.17577528236003137,0.11696810233922172,0.05041733992928932,-0.01331400653326742,-0.05943442043811409,-0.07758941562717292,-0.07989077122925042,0.1300632575805139,0.45460460837938765,0.6770463456130567,0.7296819053646394,0.7357916181861794,0.6951824146546222,0.6465432123772681,0.63047001601532,0.5447441179041668,0.5453415267432447,0.45292969330189936,0.4390057899262205,0.4202226834265881,0.40230432781858305,0.38470151423090526,0.4158070941730912,0.5640791604565247,0.6763444638161845,0.7192519488788398,0.0,0.0,0.0,0.0,0.0
2025-06-01 17:56:58.152,0,0.0,0.0,0.0,0.0,0.0,0.0,0.8669299470442657,0.5577908906690225,0.28564664677264395,0.06913656340057972,-0.030349411277752036,-0.06658380559902477,0.009924266569470097,0.08820948728764189,0.19226652407124434,0.31393119025094307,0.4192250499200841,0.5085582827301348,0.5954882747016512,0.6298461098118767,0.6930130197016093,0.7653765691986774,0.6808281068370527,0.4148375183309159,0.1523600518143674,0.027580343275204422,0.03564356477879249,0.08260107947246498,0.1842481192116876,0.32395805917821874,0.4016235877450618,0.5232961063639965,0.592893723462263,0.6666873288113601,0.7491781815217595,0.7930683744026431,0.8448881081816284,0.9405232270304317,0.7356106070926949,0.2746618602048517,0.02246347702071738,-0.02003982279643779,0.06968686938728763,0.19713071442396113,0.2783543473397012,0.3191832078730794,0.41153904934843255,0.5182228901479695,0.5214859784070862,0.5463752659250666,0.589898638579572,0.5411345264694427,0.5686525675172385,0.5911563724098576,0.37070111668453826,0.3183868098423,0.29344980787762853,0.3047038619814211,0.3439650327779409,0.36348047392256705,0.35702673440036004,0.3341964718481712,0.4285373132243302,0.7200069445974012,0.5520034372722208,0.561249689112435,0.5207691938005712,0.48748483811970633,0.577408524359164,0.8878431055339424,0.5793329816238031,0.09133994101349655,0.05536173460228366,0.07917044339867707,0.2502776577618946,0.32249239765375326,0.4699967503141378,0.546736552871969,0.6341156372930004,0.7200984667806369,0.8198747073784316,0.8887481495213498,0.9882297130596925,1.057916662889452,1.1107243418562143,1.1705222714839807,1.1557929844017738,0.4209070974203604,-0.029712088903505296,0.2163978913472615,0.39989325317502455,0.589700365052497,0.7485926599588151,0.8323553684737193,0.8895533563517275,0.9368747319166679,0.7436992017419348,0.9378728578515323,0.8997392187853007,0.850806738110938,0.8206666903184073,0.739609003848485,0.6833655728892235,0.8082953917185655,0.7908393693163686,0.9051216508977409,0.882347368882223,0.8275871393183645,0.7490299445425468,0.6981093103501506,0.6128578384465908,0.5844058805009247,0.5033669102292313,0.43776157289994355,0.38660069552237464,0.30711676788093834,0.19265425105076306,0.0639894045186602,0.1720755866186825,0.7134500128718773,0.8823314389128687,0.8918416291162756,0.8128656549754423,0.2517078208179359,0.7338622921529259,0.7199404846598085,0.6051844236174271,0.0,0.0,0.0,0.0,0.9044278185353509,0.5139392948003225,0.3510402438843585,-0.05494236137909331,0.39269397992353755,0.7256296991420554,0.7197782203097003,0.6808563160112019,0.6754670390114725,0.7353728438594993,0.794471167983716,0.8219255207946419,0.7913317414323866,0.9250299508224802,0.8975552167379566,0.8763859510796297,0.8922458640234261,0.8754375027909318,0.8929189345367421,0.8021392682029578,0.2692057855411547,0.34650929697111343,0.36151259234355804,0.47607262512055937,0.7182396667341691,0.9327271213078365,1.155591887648789,1.252967923937372,1.3133280228656046,0.7558770011951059,1.4059825855633754,1.3844546020845407,1.2997339201042024,1.1952081425876853,1.0655115630936594,0.804605903974859,0.3247434062108082,0.08513151386148676,0.3273120117157663,0.5844587704957389,0.837868106769756,0.9372614157171595,1.0793526025847604,1.0681142009397064,1.122732281332366,1.0624767593904663,1.0219024716487373,0.9154883190011659,0.8262502759800007,0.7201667286931217,0.611189205616681,0.516661953432802,0.38157870084233986,0.22369210988128305,0.39975671185671946,0.5868577132178233,0.558620167755441,0.5869697428409192,0.6533767896301251,0.7885298560058139,0.7084161533970592,0.3684381939083742,0.5025599548551207,0.7780059104044543,0.8809371109459329,0.24238873277171302,0.26436189699264556,0.30990844294626746,0.3888818924773098,0.7193501734182634,1.384281142861992,1.2270966455495826,1.151007811629746,0.9987047561712297,0.8153181237442932,0.6520001527898307,0.4803696910359829,0.3475590298137412,0.2916788127644008,0.23531253186411027,0.21383284445539763,0.1279622488647124,0.05678472821210956,0.040249963346132844,0.18492282913277597,0.6524092784787392,0.9638682664567821,0.9143363270830971,0.9602649613289908,0.8667243868332679,0.6956804979128992,0.5358277516026779,0.39595682131904186,0.7174166560183913,0.20403082697582509,0.16724191078847417,0.10392105205207525,0.04891461823314358,0.02141114081454154,0.0030650084236129027,-0.024254817505296566,0.11917500671371523,0.34686532799237546,0.579094930672809,0.6440710281309409,0.6554338627242433,0.609699430900055,0.6023630895573935,0.5978626509959339,0.5356439785941758,0.5598488374338306,0.48736233110351157,0.48601209931975475,0.47088276569160237,0.47679274447209996,0.4688424549096082,0.49157569200892154,0.601602929967459,0.6545052633668283,0.6508580767539403,0.0,0.0,0.0,0.0,0.0
2025-06-01 17:56:58.155,0,0.0,0.0,0.0,0.0,0.0,0.0,0.8006093622513847,0.5154722563117223,0.26668046683679136,0.07709477650095053,-0.018428982293058782,-0.048960250486844825,0.026748046302609962,0.0967708070486285,0.20056242129285407,0.3167891150254425,0.4191181452112401,0.4995473387399072,0.5762655824982834,0.6242820450150329,0.6780791921038198,0.7207754205046367,0.6472475421107597,0.3964739920699349,0.1541953651291288,0.06197585088213409,0.06312467710021408,0.10717234019015565,0.20165354354123255,0.3410914716291602,0.4146386003401594,0.5364021011865008,0.5836806548876298,0.6722491157372307,0.7448446605123229,0.7845652256911905,0.8351794650949569,0.9297090781903222,0.6662607850558102,0.2574710147713539,0.04090019036268133,0.007699060887167208,0.10205772708450978,0.23072852113114473,0.29085017959819126,0.34602292582260064,0.4239236830204858,0.5306345052383981,0.5447379712121001,0.5384176811878872,0.576947450277653,0.5411920514980004,0.5320558991801884,0.5605975388456159,0.37709265366620814,0.3400923298268103,0.324609633139586,0.3519243183574434,0.3749023893846861,0.25584286306718756,0.29957983251240794,0.426905215010098,0.5991945937693026,0.6626051374482483,0.48496072173360005,0.6048550097410148,0.5278333231064574,0.488452910946907,0.5870580537190334,0.7880045145938701,0.5011595091929031,0.10264101403871004,0.09401962011458886,0.11996667153921048,0.26926718038167863,0.3400792236805734,0.47577405735747624,0.5497144398217333,0.6272353965440265,0.7092411491709076,0.8034993766189866,0.868205240249661,0.9641497714929627,1.0285106066096843,1.0747673596924612,1.123503215053586,1.1188330259874693,0.42231079867188753,0.023036567996233992,0.2532007399247249,0.42859400602650455,0.60463922926889,0.7456575624151212,0.83349853493214,0.8806034259182676,0.929149508947331,0.847813943944772,0.9188924932483398,0.8781591644102659,0.8342741948386135,0.7964386290283266,0.7149667679722769,0.6812231108280732,0.8474124729414072,0.8422795489647622,0.9575324562616259,0.9077613997396063,0.8509602023936298,0.7565631065191714,0.70553692129802,0.6160161012169714,0.5797508810196683,0.501691633425549,0.42888511903980464,0.37451052152367303,0.2960078943868665,0.17999348347860822,0.05757550622637542,0.19025138094749022,0.7394636306473813,0.8961451639117577,0.9108308500208457,0.8291658639815165,0.3015847223973544,0.5756616992831212,0.7274551112151673,0.39183194976987734,0.0,0.0,0.0,0.0,0.8909111298042476,0.510725662484149,0.3653561212147083,-0.06952452405716147,0.4069189428046573,0.7365807612273841,0.7286604299455706,0.6848971310546988,0.6872488251826872,0.7417680644669142,0.7950858282451465,0.8162471900357846,0.7784534712092568,0.9096845059036647,0.884702145190047,0.8661956709213743,0.8773622545254662,0.8660742516311752,0.8706927067898671,0.7763734726247948,0.2647332886245311,0.35215129771865794,0.36402508515935716,0.4749504190858076,0.7121586679075447,0.9198421790489046,1.1453890324650566,1.239119095000883,1.3008154634123914,0.8346357980433765,1.4009110921822,1.373900138703703,1.2962582615599698,1.1874956379204584,1.0664315139656286,0.8042531041190532,0.3285901588764311,0.05765072844854757,0.31516956847300925,0.5605878015725863,0.8242308140377941,0.913347941981163,1.0667176195643338,1.0502175348657763,1.1078063228440178,1.0508304123407224,1.006732537468741,0.9101395939279214,0.8194548928060007,0.7202081764774435,0.6156346458584311,0.5141044915983924,0.3905136851895567,0.22952152368612685,0.37409186857952215,0.5534817895272629,0.5219111361338097,0.6561960484257221,0.7077479440555708,0.8090316743683917,0.916844533835897,0.41776843751662396,0.5061807268590064,0.7741849782718324,0.9910601294306794,0.22299540674742657,0.28093863210189607,0.3085589630759456,0.3905451845229391,0.7067842107808725,1.3554973552271719,1.1844500443983685,1.0976711545775615,0.939134446385296,0.7659261859077067,0.6297311991652337,0.46148768740093193,0.32966574220914535,0.2882447187222177,0.2339323654314982,0.2208967862651139,0.1253222065695967,0.07387623362762263,0.046727916262397806,0.17329365614835562,0.6052251661860273,0.92369608259844,0.8765337135115936,0.9076443428034323,0.7985262006644713,0.6485328886687167,0.5065845955762633,0.3656125690180929,0.6408333599074622,0.198262126844035,0.1766898035738571,0.11270826722173832,0.06268325255499796,0.04722382304916106,0.03292998805563796,-0.0012770831402908467,0.12951588025415534,0.30663242176913885,0.524633661761958,0.5940207050222875,0.608805709068458,0.559147183324336,0.5575436314153284,0.5577613126930931,0.5146607114530666,0.5420302399916337,0.49391552750347545,0.4960156678738814,0.4861894721793385,0.505743875474899,0.49415654539066267,0.5325667744111011,0.6273282668762244,0.6517174968624843,0.6360407085724891,0.0,0.0,0.0,0.0,0.0
2025-06-01 17:56:58.158,0,0.0,0.0,0.0,0.0,0.0,0.0,0.7771946168351574,0.48786533473270044,0.250613267609914,0.0807745821557816,0.0046403670504892025,-0.02296182576902217,0.05853717813670356,0.11758031740963026,0.213395612035577,0.3315963562554123,0.4277867362304352,0.5003378001134203,0.567063927575576,0.6189549771673188,0.6700547479217218,0.6877855020253028,0.6158815642257639,0.3823150796351232,0.17271466697277038,0.1085256701475742,0.11373537853250504,0.15616557001774978,0.23623090457318296,0.3632404636268274,0.4329735581253993,0.5534100873951597,0.5305874673802435,0.6847468716413928,0.7406003121310112,0.7762292884638485,0.8247144153030803,0.9139081870218723,0.5940997139249866,0.2371915318664759,0.06273165641496259,0.07161147321680028,0.16333449008281486,0.2622262277342149,0.3390393259857223,0.3886197872686481,0.4434965197058054,0.559510063644189,0.5649231503987546,0.5591824095810248,0.5784869350056963,0.5437140707207604,0.5154669574172318,0.5357241552907306,0.3859967470707161,0.3773127275821061,0.36241040453936113,0.39525335767760494,0.4208818990138383,0.09273188297040869,0.22929504504134607,0.48726849096440955,0.694787462424832,0.5734984052117144,0.42086810306753364,0.7117759617531823,0.6113550434756265,0.5291360783077511,0.7103192756368494,0.8075244476423589,0.43314486254096957,0.08005182638595107,0.1366342635150486,0.18603596894837704,0.30680584430057833,0.37756174869882386,0.4940351628655115,0.5717237385689182,0.6376455622868156,0.7173745001144947,0.8024919644743977,0.8719288948517374,0.9602428197147378,1.015520514344103,1.0553890235429757,1.095841231830863,1.0790694662012703,0.39173503131068327,0.04779573351186739,0.2951595391007389,0.45897453747919537,0.63816079306408,0.7678194177106614,0.8515074208469593,0.8911783359782062,0.9385223955359223,0.8811742228246682,0.9194272046934684,0.8750835234631987,0.8295436174202356,0.7924228506693053,0.7022315745591057,0.6712513201040626,0.858598237703397,0.8738205989994844,1.0001784911756015,0.9327471338423041,0.8713675844663047,0.778395384839863,0.7199402688360395,0.6332897506098649,0.5871736351759018,0.5170573893313679,0.4424155760320585,0.38228761940975575,0.3073417769696942,0.18833080042582606,0.06316320508078466,0.19233428798144253,0.7437813333647586,0.8984982963778823,0.9176538758073158,0.8397196608647981,0.3548379705225117,0.4421532198950667,0.6985045289221095,0.3070800655983441,0.0,0.0,0.0,0.0,0.8886321694292558,0.5899454197385277,0.4486582085705493,-0.1005989844649417,0.40052249343300056,0.734302578704828,0.7283128202169495,0.6899166575795458,0.7037654795212664,0.761035702494121,0.8105772725975449,0.8359547239083676,0.7961216990791611,0.9198760845875316,0.8947359529936776,0.8717117307447504,0.8806394111136162,0.8704182218688279,0.8635087119795133,0.7488147582232898,0.25322194660054465,0.35044754889813345,0.37074417981411245,0.48391504578405886,0.7284479528910819,0.9295126839398149,1.1558016118885073,1.2540490385335594,1.3171978353760083,0.9081273969142227,1.4212032528340934,1.3823040808181797,1.3130721869353388,1.2008545451987716,1.0812689148596237,0.8141858073573067,0.3267715016564933,0.03367401747432053,0.30830216061652604,0.5555614540792215,0.828691073346989,0.9180965362675668,1.0760656855468653,1.0616945136226115,1.1197264538188199,1.0625154571915942,1.020491809700932,0.9292603839841208,0.8329377904900638,0.73566664468223,0.6345176454247767,0.526797797879875,0.4077562010108077,0.24324073553750689,0.3506994102495413,0.5400740906962723,0.5969023398621403,0.7010170114481208,0.5866012742796861,0.8502327061148115,1.0746303490767732,0.4607606229104634,0.4992560913253588,0.7909328778801938,1.0851169730727497,0.3381476558444919,0.42254182196779333,0.332317613214737,0.414469204820578,0.7234656515469091,1.348514572337941,1.1568345170216474,1.0726769707003072,0.9161167728111259,0.7438022979423586,0.6258154156984492,0.462261810762955,0.3248202299802687,0.29741735407032444,0.24661069505786082,0.2359536329256835,0.14906957047044478,0.08908763783554541,0.06077261133397416,0.1858289676108939,0.59950719703424,0.922029011677529,0.8714569437012989,0.8994211581241355,0.7704762982676987,0.6526624712877509,0.507946308074102,0.3625540743958886,0.6007258340232831,0.2044827579746613,0.18902559005490782,0.12330535175477264,0.07317543508668678,0.055050547727941046,0.05030563260804888,0.019520873348319312,0.1135662419628789,0.2754097692601257,0.49955416820233894,0.5727253104411746,0.5866969241321602,0.5283425534742345,0.5364771951519129,0.5323559783104064,0.510630163596707,0.5417566926624005,0.5022667171231152,0.5037891680057984,0.5081454596252366,0.5348326341195261,0.5214938054353255,0.5675850676003373,0.6260701320838579,0.6185969193186581,0.6052452865879236,0.0,0.0,0.0,0.0,0.0
2025-06-01 17:56:58.160,0,0.0,0.0,0.0,0.0,0.0,0.0,0.7644539930165064,0.47503204247304354,0.2645872814778797,0.09572752836117071,0.03040344064631506,0.0005822337940367683,0.08230257062187463,0.128953912001478,0.2230672073038642,0.34509601517417465,0.42507871168292005,0.5012441190217996,0.5582688292909059,0.6102963138837747,0.6546655250066129,0.6748560082684091,0.6017893250460037,0.39348233087881895,0.20158766740965373,0.1444691105978474,0.1439955010562317,0.18742316582027607,0.25999768402070167,0.37264821888530775,0.447742939019103,0.5556532532270844,0.4411077487069627,0.6768120211675429,0.7257494341243804,0.7527367224560979,0.7922185074978236,0.8778635649640604,0.5491636159826885,0.23404708773645466,0.09354451525516616,0.12369179475186898,0.20421903129384833,0.28237711501668383,0.372013204301084,0.4329820914404261,0.44711153874747445,0.5515926098250847,0.5405018583367953,0.5615191134479908,0.5834294702563232,0.5325182909235926,0.5150922623491673,0.4871536389241989,0.3959694117508311,0.39907160865655356,0.393795403854847,0.42427735543411016,0.4505730784511317,0.07737740453195247,0.19372856834756946,0.5706251283287469,0.6934130257843445,0.4724668418516128,0.27043082728263257,0.6927449467527371,0.6197232434086426,0.4078896216272331,0.7541268579492584,0.7784236577384587,0.3695897767085439,0.10235179707961481,0.17289529879530097,0.22255521274294,0.33081169386012754,0.39542520868791775,0.5035725315453363,0.5772851400165513,0.638717134014293,0.7212352045853243,0.7957307883006424,0.8751255762522221,0.9457346762079631,0.9954816783757985,1.0311966751039243,1.07396396048874,1.0351104332297307,0.3706375794738544,0.0685561051049054,0.31672399891406333,0.4845555338112346,0.6582065367522747,0.788762822822421,0.8539920166658375,0.8965457474777838,0.9318051593703836,0.8462317914712543,0.9089447051558099,0.86552535308369,0.8059935203842404,0.7821196092367136,0.6816720024926255,0.6470299093762325,0.8471723045822599,0.8830735181618491,1.0116855579397606,0.9437366352731942,0.8694287277170607,0.783069275137722,0.7145022982100553,0.6302029280778583,0.5854895342967221,0.5105846019228024,0.43857262048166934,0.3749171111554519,0.3019072912301557,0.1867130540357994,0.047978276075067106,0.1816894459861475,0.7395153981638161,0.8973758194359074,0.9127788524244218,0.8346583841623088,0.3607628602632777,0.4276318170721683,0.7803362663729796,0.32599174028122535,0.0,0.0,0.0,0.0,0.9003552896595495,0.6543331807221096,0.471664953498792,-0.09721260575772867,0.3935406748208374,0.7277119580215399,0.7195349899814265,0.6859008099036047,0.700360674306095,0.7531949688999544,0.8039459034967544,0.8283595711335048,0.7887254305447553,0.9140715705874327,0.8967850924308918,0.8633253402262906,0.8763376917256853,0.871925253368125,0.8768507096089191,0.7748309940571714,0.26907430008152045,0.34194074141262554,0.35508491133028164,0.47040948026817664,0.716362632891397,0.9216264961578582,1.1428689287972138,1.2423177280409752,1.3139841567155173,0.7406317808340406,1.427428887137816,1.39012409229974,1.3249743976186041,1.2253710925684946,1.1071850264386494,0.8506943597201077,0.3723135205925076,0.013164173644331145,0.27059901601131464,0.5237986060368023,0.7982261363074206,0.8961318517919044,1.0515718071384255,1.0442017666126755,1.1206138332776012,1.0613775578018418,1.0242166584059884,0.945615162121462,0.8491909213682761,0.7564737633449012,0.6571953720945881,0.5557723097383631,0.43942715001531185,0.24865767411217368,0.2924422798116534,0.49299497562670125,0.5816624186623062,0.6130876485740016,0.5726721622534955,0.8225736514583063,0.9807866706657224,0.4663145739554423,0.4618900512965421,0.7074864601316884,1.15306824719885,0.4561852087646623,0.6158764384618698,0.3627459811630425,0.4392159134158477,0.7307327099483556,1.291110457338888,1.0913582290152866,1.0155489729427574,0.8604586590941188,0.7202334896997524,0.5931562543579574,0.4607276093257462,0.33499584793672943,0.3034244350058466,0.2627881360056572,0.24122490150930798,0.19030489612943646,0.11400611217044565,0.08353678366998951,0.21124455740550868,0.586111676893637,0.8909462585274319,0.8424885281694647,0.8710487155131167,0.7263995762327455,0.6240391871059985,0.4952136389756563,0.33943980558117426,0.5660184215686099,0.2037662968042604,0.19610516343825246,0.12973792393790373,0.08666831732030744,0.07424853917946705,0.07560607425408594,0.055496466453542614,0.12380260629532241,0.24032851236426456,0.4820386358489967,0.5408017171089432,0.5542390158059047,0.4783717790904456,0.49807713829266653,0.49820201814485454,0.48544627536861773,0.5350643247974705,0.48998295158778093,0.49292609911327556,0.5107944240710811,0.5504827814744061,0.5438154069960179,0.6065898120303825,0.6353170914541079,0.5992789763634888,0.5562741855273061,0.0,0.0,0.0,0.0,0.0
2025-06-01 17:56:58.167,0,0.0,0.0,0.0,0.0,0.0,0.0,0.8307861076215767,0.5215119446157878,0.31012556738900954,0.10217172510147243,0.011112981395361099,-0.03589563374644045,0.05836920307341542,0.10545136168794911,0.21663645315695368,0.3435891108139867,0.42824664988611155,0.5262782615776324,0.5787547886236954,0.6386326596163845,0.6910908046038925,0.7267327695072334,0.6417974852354337,0.4141057211692932,0.17935064051198013,0.10229251460796085,0.09295880618141683,0.15156884565932272,0.23267767457343314,0.3439263396155805,0.44929121045277953,0.5524241359741591,0.3954632427398175,0.6884020525994442,0.7489250379927226,0.7797834695596623,0.8275340452505935,0.9490462374938277,0.6063115803872734,0.23935377304961336,0.03925132943524079,0.05712379428705483,0.13682986683892362,0.23458460393610858,0.3185439048190828,0.4333261819268184,0.42893572018843984,0.5249670696986395,0.5264999764456431,0.5818808160074936,0.6222545155681994,0.5777565212408007,0.5712857416840911,0.520709905296862,0.42483681422990194,0.351120201287737,0.3086639172441622,0.34413640324190964,0.38017265388129773,0.1521995427068693,0.2211882161681199,0.6144982262576086,0.6748253015256986,0.4595309481963379,0.17702330288568313,0.5767063064231851,0.717276318072154,0.252666878748082,0.6502989760511936,0.604659449727957,0.49181553692562413,0.1293242607847945,0.08376125946618318,0.12978368554579833,0.26649217418406157,0.34559262769111787,0.46372756447755137,0.5506407665896933,0.6210687298718944,0.7131383521919337,0.7978232815901587,0.8896858406408457,0.9519487997308177,1.0177262240823393,1.0619772058670431,1.1207140191776337,1.0998681103514163,0.42062463012948675,0.03759579633656884,0.25642766451020127,0.4445078782137468,0.6249162196454348,0.7650647648701767,0.8276308297194519,0.8847516257485788,0.9194379602373683,0.7842010094846026,0.9086102803397325,0.870130119423805,0.805507971370044,0.7885646922374837,0.6955876785700692,0.6608533184388821,0.8246565517643287,0.8461382945881614,0.9715887853644212,0.9188223490074561,0.8368478782668671,0.7626942648766046,0.6981084508773501,0.6179025005427978,0.5797482062103454,0.4970464713860756,0.43111546588976335,0.3691480154749329,0.2966558250540019,0.18649251394030697,0.03663570257217852,0.17026861189634612,0.7248750635519687,0.8843274850193266,0.9017748901327509,0.8212149709025764,0.29249921045722443,0.4147409177363765,0.8198822336535376,0.3660288296360422,0.0,0.0,0.0,0.0,0.8718946164933916,0.733406828173361,0.422040613456213,-0.07994798520417584,0.4039207119760249,0.7323365264732796,0.7181308869842302,0.688078620395412,0.6919143637774086,0.7427974314617163,0.7880969422656237,0.8071328695308302,0.7707893037760694,0.8944817046527582,0.8783256354321596,0.84509495094535,0.8549187001015164,0.859836888799363,0.8772675147628977,0.8007291547743534,0.29393347031105327,0.3524564132313939,0.3565139188327273,0.4757285823990771,0.7186455625118959,0.9174107284841866,1.1314449991842368,1.2227033779138143,1.2909347219471015,0.6424730607761147,1.4073931654435778,1.3744626134311724,1.3051860226247787,1.2108944187831683,1.092724453629187,0.8474525361006755,0.40594650424990286,0.04446329177409791,0.28040385015585867,0.5360344306108265,0.798781327854325,0.8940892313479976,1.041126800338957,1.0296784729366595,1.1112403353382754,1.0469433109296538,1.0125664010768216,0.9333252956149837,0.8386251297636232,0.7446752353510904,0.6473453652739332,0.5484124997639386,0.4277224919900827,0.2222277377937056,0.29246030815585256,0.494961851447952,0.5322659677331172,0.5829560041994046,0.6309791770326142,0.7799656595271723,0.8393845030662164,0.43816477099902407,0.4805506406042647,0.5709035939828628,1.1512033757348443,0.47849081207358957,0.6303042332624037,0.34266298575353055,0.4272901654165527,0.717528779237417,1.2718544155481797,1.0737629834639175,1.0126112016557807,0.8312955747366724,0.7198308294115401,0.5562745719937388,0.4568419014462446,0.35096268775445183,0.29324900949757193,0.25234843167141463,0.21345239779507974,0.1862123814745298,0.10534571577842877,0.0920618052529324,0.23198986684637807,0.6132608080854363,0.8907782878666997,0.8486645368965287,0.8620059142081321,0.7161883392004891,0.5877339580004151,0.4647454813114422,0.30029189143160173,0.5876055467776106,0.17599048789469207,0.1579435873447601,0.09352248005605701,0.05621498567455585,0.04914953847243919,0.05066064041904805,0.04657085529378763,0.15715606228157747,0.2798892851670546,0.5159052519899545,0.5453865694286425,0.5603848428827503,0.4838537666791727,0.4724102403453505,0.4772575591922812,0.45244726343486996,0.5036230885502311,0.4456148261897839,0.4437254608645891,0.46653416338670994,0.4979959282011458,0.5046685841898284,0.5864992053307567,0.6415138207946057,0.6314559185362473,0.5842269099046458,0.0,0.0,0.0,0.0,0.0
2025-06-01 17:56:58.170,0,0.0,0.0,0.0,0.0,0.0,0.0,0.9312944091207792,0.5763133432741991,0.354340479440709,0.1095848009932211,-0.00697327472146525,-0.07423999427101124,0.028090428304651804,0.08382287072185313,0.20091480888000857,0.3334468129682876,0.4332125840169993,0.5445055208413665,0.5977165905060815,0.6559645034976729,0.7321636563676155,0.7797059863677349,0.6884988992058118,0.4449368503082633,0.17830494089433846,0.07263069075896345,0.06353699558737458,0.1259884493546093,0.21461319607464424,0.3222693364661162,0.4484975388115775,0.5537233818404637,0.33427865355191977,0.7043461818844509,0.7705273768960754,0.8104464285635967,0.8745050222643611,1.0201526203841436,0.6676953049463257,0.2646973327136215,0.0037194572680252502,0.02263877393379543,0.10920834836644344,0.20228808149130084,0.29015262235023953,0.43522533382185236,0.4268256789010223,0.5244192497915878,0.5358270596868286,0.6027852450461314,0.6472850040509414,0.6226653513538023,0.6214862181620364,0.5745220390367121,0.4440583513948789,0.3315741542527473,0.2416837753285609,0.2880675727607158,0.3316914447335557,0.23893000576636497,0.2395022914951042,0.5741715961759721,0.6421108069186919,0.5407017651236814,0.2094774049328345,0.520109078824899,0.8114877775133207,0.3580842252376283,0.628168480943623,0.5230295647010965,0.5994147208651601,0.13075647251828917,0.00559968127080912,0.06755195172405526,0.22650010209075555,0.31499258844077693,0.4343773710779151,0.5391061631589402,0.6163068248763011,0.7160694365954812,0.8082190285605064,0.906776790115347,0.9718828583019846,1.0545366640327702,1.1084968086560192,1.1737785221718822,1.16385235342698,0.437936355618113,-0.0033616606816178063,0.20999891585317476,0.40207112328338246,0.6075787585490817,0.7486856937655548,0.8199858388124466,0.8852797213900057,0.9275692760754086,0.7080371350100971,0.9299669491287934,0.8931850696640348,0.8312282659872662,0.8100842059982779,0.7294832537601754,0.6883901370873442,0.8086777035827475,0.8175632236003217,0.9472137744283602,0.9083965520416595,0.8257118025427228,0.7622691749467203,0.7089341976029098,0.6302692438724176,0.5917218739433106,0.5085180736473771,0.4539040684358773,0.38495484959501036,0.3143449142415957,0.20247964074057812,0.05449978214996831,0.17086274460556483,0.7217260038340162,0.8789813505928659,0.901764937347511,0.8185000460840008,0.19069193634661546,0.37106686754523793,0.7485764295434396,0.4553804844808387,0.0,0.0,0.0,0.0,0.9068835420395838,0.7931338336675164,0.44867977216640187,-0.07998738766421937,0.4162546214864878,0.7394146258504507,0.7245337501180658,0.7001268395879306,0.6947640476960031,0.7506318969976553,0.7852920036499729,0.8037211882290745,0.7703608343889057,0.8856563530079526,0.8558624911331534,0.8353265648314867,0.8436033460193002,0.8479236007061801,0.8669494268987354,0.8048235503180101,0.3043463414781128,0.36696925160363014,0.37275958965786526,0.49205640475749735,0.7406094639160232,0.9204447235675413,1.126201222124346,1.2192130779255572,1.2748204373518888,0.7644360180482115,1.3856985641468595,1.3568140942587976,1.2851247574443625,1.1824678132820288,1.06490807203711,0.817451771348959,0.39954353701058093,0.08107334571914748,0.311043205831972,0.5794817915503088,0.8192315466752911,0.9166702768400807,1.050053148129149,1.0364451548359612,1.099523604586345,1.035150561570659,1.010403493904863,0.9158849949107754,0.8183372187249572,0.7234829289957978,0.628561817736456,0.532832332355043,0.4012980348379816,0.19555924579523065,0.32784822191991225,0.5249350709702009,0.5032152140375092,0.5718617070082627,0.5725720531978411,0.7840648712024177,0.8470593104436908,0.4427339600315655,0.599892586981785,0.5322640056967909,1.0031570294558438,0.541658144570161,0.6325036980338327,0.3129469532101788,0.4051954176645917,0.696257757810555,1.2702615431247168,1.101906282604703,1.0432333130164633,0.8531828935128458,0.7371794404781682,0.5528015407057478,0.45105431572224974,0.36895344182726086,0.2915958332092212,0.24600675610767042,0.19518023605463686,0.1731709340760501,0.07890992188905743,0.0834545458880327,0.22611171565295335,0.6425257307565622,0.9199183043748668,0.8821682172925644,0.8807931948063498,0.7515843076751392,0.6040281719569704,0.4618119280543722,0.3056340580249757,0.5435863847538341,0.17610978491067475,0.13166599484355235,0.07288570181051934,0.04592575507147989,0.025530097227416948,0.024885164904530965,0.024134989088039016,0.13901614144324254,0.30549186579322785,0.5531378549024002,0.5742109292686645,0.5852998754129941,0.5268571480795956,0.48796321765125095,0.4985227308079645,0.45848766404603336,0.5003934641945058,0.4319292025067858,0.4212834902269531,0.45328719325048694,0.45990694227653306,0.4782445691905062,0.5484375545491624,0.6354082082859661,0.6535112636974233,0.6191702755073067,0.0,0.0,0.0,0.0,0.0
2025-06-01 17:56:58.173,0,0.0,0.0,0.0,0.0,0.0,0.0,0.9597723030248245,0.567484134186917,0.3504825179352603,0.10382616409283563,-0.022957857092976153,-0.08779798711071274,0.013689715458865215,0.0708494654885996,0.18690740599658417,0.3181297873046781,0.4288182333005858,0.5391857592967924,0.5926020459005572,0.6386699158688427,0.7274797645372629,0.7831178328678787,0.6931457983677586,0.4524019521215738,0.19145124218122445,0.067506901471858,0.06143092254101834,0.12102560266441298,0.2139762106979386,0.31853576218131585,0.44643210063629946,0.5501729541159321,0.2283696633720967,0.7016424750673779,0.7636445471533269,0.8056284238586185,0.873828297406487,1.0162195863088916,0.6860198996033109,0.2874146744807622,0.021578247794355243,0.032367288310760634,0.13309701683748543,0.21209440945773594,0.3182017561199977,0.45797699103418354,0.42351500421656896,0.5179329456836097,0.5156701885717976,0.586629571446844,0.6415172428190022,0.6349780102319966,0.6245153393412746,0.5857845452909647,0.4425907835511792,0.3447199980583453,0.24956108066494642,0.3078860645381829,0.34150604154900543,0.4176599250777839,0.2944916748492035,0.5747355789411903,0.6300592434999855,0.593648186987881,0.311443673371849,0.5316988173014349,0.6605332817785718,0.4735235256506648,0.6453333459459207,0.6382379324340473,0.5735366235600363,0.14839449783928585,0.020635354531655437,0.06947161341320518,0.2314956508500461,0.30784326676493756,0.4218017886129848,0.5240273843560683,0.606244496283084,0.7038887770212212,0.7938210552986562,0.8912708563738672,0.9608992453715858,1.0488657039356766,1.1058947907269692,1.1653057106040974,1.1496115080680804,0.4160939598963988,-0.012451045816697093,0.20176721814656617,0.38561984082720446,0.6068591754677415,0.7397398817692453,0.8142436886942863,0.8848117549072598,0.923137482690007,0.7256967042118732,0.9317194131448676,0.8988636643773832,0.8366372508225698,0.8106183729686206,0.7405248387971848,0.6945879912726224,0.8091280474908914,0.8146416443945917,0.9502781216379756,0.9110390392169785,0.8335634233043445,0.770417004821973,0.7204982335351411,0.6379340436104313,0.5976488412329457,0.5094655051380377,0.47130482275290486,0.3891133715624835,0.31855598619624437,0.20710709252694592,0.06840834480370817,0.18332989250786508,0.7363295804987673,0.8879190861372184,0.9089527072798476,0.8232651791360375,0.14216736870337893,0.3574714070148603,0.6537959382368881,0.5310337377533686,0.0,0.0,0.0,0.0,0.8888118206368005,0.7803871112627774,0.46225693791993905,-0.07327411321011229,0.42614980031107347,0.7397300228742424,0.7305528221445716,0.7089370265339318,0.7000499829154885,0.7525892455978929,0.7815793624687739,0.796842779856044,0.7680973619672637,0.8735713264938436,0.8329088825676008,0.8219077442106786,0.8360061046834864,0.8370551197752782,0.8538645160555594,0.807078889048932,0.31350944965962124,0.37096454446660454,0.37244333599824375,0.4852712581751184,0.7439985671801772,0.9091996554757991,1.1099895760371012,1.2111049547333026,1.2582844989111595,0.7074726535668936,1.36311387173803,1.3473967143397099,1.273293448646524,1.1648909198567177,1.054202764546629,0.8020015674713789,0.39387881901767685,0.0906691889911252,0.3099888473570064,0.5912768808121578,0.8071030735791664,0.9147626185193725,1.0356414881026725,1.0338469880123913,1.0784813551795618,1.0175234575354386,1.0043362916990173,0.8997655806448882,0.8038876068745321,0.7126548843278278,0.6179967526423419,0.5363116624219805,0.3929853764224274,0.1837903331643436,0.32869761272884657,0.5263343307763307,0.44941730684062986,0.4660639043646103,0.5110000344875193,0.75973269433431,0.7856153626135234,0.5175952109661578,0.6901427321083067,0.5954651787876704,0.8250543026099219,0.7640704158119274,0.7131427232489194,0.30476955884469586,0.39410931186517334,0.6679930288017965,1.230433651761349,1.0954034061318498,1.0358749004483383,0.8543122630372526,0.7328362273039126,0.5491046610752544,0.4354597562357825,0.37234975130847947,0.29350083990715614,0.2495113974907297,0.19120145177910586,0.17076002505808385,0.07928992152413439,0.07540388828072786,0.2050958637100973,0.6261708379777629,0.9128394250601412,0.8754934700181625,0.879047462367864,0.7615990331768276,0.621370251822146,0.4763789238718943,0.3317457303823623,0.41802193377926666,0.20542749421431528,0.14381379442236764,0.08837379160555692,0.07824127464374986,0.04671204097012527,0.04302020858841049,0.03664540383542997,0.12119401485591602,0.28059333565734046,0.5622434565484875,0.5888147484043093,0.591651089080375,0.5499765567507924,0.5143378189418808,0.5318074707761147,0.4847664317999838,0.5263133190220275,0.4521154217445338,0.4444861589404012,0.4813288319051965,0.47835982099215524,0.4913300840900243,0.5505712320730141,0.6507293326806042,0.6682438434385117,0.620530549649168,0.0,0.0,0.0,0.0,0.0
2025-06-01 17:56:58.176,0,0.0,0.0,0.0,0.0,0.0,0.0,0.9826891990532415,0.5648537142817498,0.3358665260475776,0.08943865568114773,-0.0514454010873705,-0.10652775913995072,0.007152708070327307,0.06418843768282412,0.19320928291658834,0.32089640460042557,0.4439853723748211,0.5546903133670675,0.6176683135599745,0.6510433547098271,0.7436385132733789,0.7953970249818716,0.7119898284228685,0.44136017991445603,0.1755853254208155,0.03365547921436729,0.03141987782742284,0.10366332523342936,0.1984670020409789,0.31879098536825246,0.45225281297516573,0.5587071263269601,0.19155748227365543,0.7166957743926433,0.7863558516607787,0.8304548174668499,0.9009400808859958,1.0526798922203922,0.7530986952839371,0.2915353893282857,0.02202612103597401,-0.0092035826268837,0.1128155655254861,0.22100692970142388,0.3088687366317362,0.45194415381920283,0.4026070578170342,0.5099427074710616,0.5048372296886228,0.5748003364089517,0.6535483898203694,0.6675056689954126,0.639619602624132,0.6396308677133542,0.4496030082701209,0.3287139672536476,0.23868796956643423,0.2975905064762776,0.3297862127397486,0.6287137209128413,0.3783027522558401,0.5991466911083303,0.6073885360061992,0.5574158776191267,0.4753278633010194,0.577691640587307,0.5385369923515197,0.5203579060102055,0.5612097505780083,0.7682563085622021,0.5827834324628003,0.15143418234718733,0.018175928297859967,0.04269805418054751,0.20996168574135954,0.2857022083292844,0.3998951801251487,0.49701552160903795,0.5846404293451719,0.6763688643221233,0.7772295571739931,0.8689597902651984,0.9435017239955609,1.0351984990493242,1.0965201003784733,1.155725306533987,1.1506281195043326,0.4365610728687875,-0.00698499646282047,0.1842124837926844,0.3708919194927407,0.5844672534918296,0.7167095213514991,0.7966660475690395,0.8681151562850205,0.9049370082371853,0.8288330372073804,0.9156621364620345,0.8896513234012421,0.8290038988378327,0.7964275746769741,0.7487185226964328,0.7044851217617605,0.8286560596052559,0.8234771202622063,0.9540256849510476,0.9058987151128945,0.8417723752985322,0.7653745228109303,0.7150799236264813,0.6304198381846904,0.5871729412621549,0.4948697265585804,0.46759126230100345,0.38221113429193143,0.3105056393385286,0.19934006695103068,0.07119434763474652,0.2008335333951886,0.7562493067629561,0.8985554250069521,0.915595413098828,0.8313661302048347,0.14406476765202603,0.34015625382252707,0.6630779997955953,0.5307404212589699,0.0,0.0,0.0,0.0,0.6843246516802752,0.7554874498762298,0.45216956656832386,-0.05751088948285865,0.44960359164923785,0.7506572802238513,0.7448732344437672,0.7217994641178941,0.7095125464217702,0.7545055623820376,0.783769326425058,0.7866155159755799,0.7578726006368157,0.8593854129509468,0.8083554643785726,0.8042898108326584,0.8122811073805014,0.8131469943712817,0.824661724744072,0.7834077155437182,0.32729581380388784,0.39282786838599115,0.3884375257830952,0.5023203507495322,0.7538065325631773,0.9119461397691899,1.1202303637898323,1.2113598823579836,1.2473038233116356,0.5381599173795983,1.3387247837243197,1.3313790219669683,1.2509855629638118,1.1348633851831975,1.0274841546530067,0.769772510256592,0.3900241150957402,0.1316505652776092,0.33802431363780505,0.6203881703598517,0.8238664866293073,0.9263793797126161,1.03699427059935,1.034982301943857,1.0626246716592704,1.0048711130557102,0.9904138961262325,0.8802456470370145,0.7860585261630123,0.692583693440542,0.5959225474476348,0.5171079103695548,0.3668271981750861,0.17203374307800015,0.3529310616043245,0.5550965127905573,0.3771998424880194,0.42418760359656504,0.48228595109914074,0.7056698188030247,0.6984362909484096,0.5852062649774445,0.6558823338158877,0.6440716759893483,0.7427688494456309,0.8722829164089072,0.6381472408985339,0.2816553828609755,0.37130073735933594,0.6383527360666166,1.22685466705661,1.1040029759374914,1.046765931044653,0.85437433464711,0.720441592202054,0.5423080109086178,0.42212242291921886,0.3719323313265528,0.27435634062254355,0.23213787066582436,0.17509287769265103,0.14268823751980753,0.08613612717632835,0.06999666460657616,0.1906004946121685,0.6329263077689986,0.9072562232098932,0.8642118151483076,0.8774503020693506,0.7547699493489792,0.6088927875676653,0.4733324301977835,0.33289824152827374,0.3884082762547234,0.20435448664047362,0.13267750676366408,0.07919322796227313,0.07482754796566893,0.046015392542644196,0.037960725098614034,0.03631106607617779,0.13717607453461428,0.2927958225811871,0.5755720371009982,0.5955414641285416,0.590452022602614,0.5659722199704367,0.5239077256625997,0.5377938439361396,0.48649001560910166,0.52239545987315,0.4539883914566083,0.45394315236592164,0.48457792124843757,0.4774310568831547,0.4816231421384769,0.5451771002897221,0.6640794295295908,0.6890933906808289,0.6296067736721616,0.0,0.0,0.0,0.0,0.0
2025-06-01 17:56:58.178,0,0.0,0.0,0.0,0.0,0.0,0.0,1.0056210385169941,0.5757898678306198,0.3426982330130829,0.09106200030237888,-0.05406384571273115,-0.09769354169998679,0.02397161009907367,0.07706242930808538,0.21069038794697337,0.3371247089351376,0.46916443535892466,0.5703912288610998,0.6490346716788116,0.6740710668835929,0.7685351324526851,0.8047302598627384,0.7350809544346457,0.44334672647196954,0.18808374621839696,0.03698051125975532,0.046748312298514394,0.11966582027673245,0.21328889296212794,0.3463999151053223,0.4743754789506762,0.5838012250647182,0.23815361341636365,0.7398065920490428,0.8082510992407372,0.8605440529876528,0.935022640876884,1.0838746104228774,0.8028196277960984,0.3001997673183532,0.0488693865219163,-0.020701474776466222,0.12245625492116896,0.26460278717402086,0.30437066833888227,0.44609505933090254,0.41837518848786104,0.5384078795865099,0.5221968567703401,0.5918861783200725,0.6817914269764981,0.6840466471095672,0.6501715290508912,0.6836370553123998,0.45817650097806606,0.33034944002125743,0.24045855478409883,0.2984538695733656,0.3382135070816896,0.7517656998886728,0.4339367816795767,0.5299515036964526,0.5560653003311751,0.43543454580432117,0.6134622918059793,0.6835296784368983,0.5481339709459276,0.6625289460014064,0.5312740098036445,0.8931822243930443,0.5845204963367128,0.12058676868375359,0.018206619855001827,0.04540569489135793,0.20675496927982406,0.2963413817164007,0.4021247589019956,0.496999248381474,0.5839097013996792,0.6741089662511399,0.7844446212883012,0.8615381985308301,0.9423258416727781,1.0325257267301575,1.1011103590873206,1.1495740553022973,1.159350387470175,0.4461531527231471,0.01213756825778678,0.19528265282535884,0.39113031485491767,0.5819546207821669,0.7132903626902478,0.8049751154702749,0.8649110445498125,0.9102577798221676,0.8338663215252275,0.9173000064859032,0.8876995388820957,0.8372349285538471,0.7938707882892778,0.7622146419517786,0.714185817231029,0.8523690505939551,0.8431257774830437,0.9684329219648049,0.9181985915639082,0.8671804369292999,0.7745035676744132,0.7242130764052286,0.6425807924649805,0.5885637509075672,0.505334996266424,0.4747734839579598,0.396992558196654,0.32094842266583323,0.2111393686826436,0.08909851839262806,0.21815462621897386,0.7655840304999235,0.9032432396050094,0.923700655039662,0.8427011717384347,0.1865775181082806,0.28971389638635564,0.5941286991149066,0.5161377052669168,0.0,0.0,0.0,0.0,0.4939163059989634,0.7069353141678636,0.4709287533302622,-0.06507953891766494,0.45885025488379744,0.7598544403728323,0.7605174195704496,0.7326254515151579,0.7236714756611349,0.7672456697424004,0.8018637971307117,0.7941232317452513,0.7534216132324763,0.8608854236401071,0.7944503238556286,0.7993424074028264,0.7981453370749196,0.795214649253186,0.7904485500811957,0.7334548047308593,0.3253534754801538,0.4121953327035013,0.4163005761719607,0.531843455796648,0.7726142846333459,0.9274369232669675,1.1432222165570907,1.2235530236510581,1.2469430985065182,0.6515656242813608,1.3319137052527452,1.317040369859087,1.2392444915933818,1.1086289945084604,1.0074993299507897,0.7387423046316196,0.37330086010615027,0.16741470293689342,0.36990160298083874,0.649825110978264,0.8509805962490256,0.9449162206733492,1.0524349707698155,1.0469349363632576,1.059119439291642,1.012415147994263,0.9854048690454977,0.8792661025934357,0.7767769187496562,0.6817314016126941,0.5822364443312148,0.5007150889068641,0.3493071575878121,0.18239746307191199,0.38719966795612715,0.5823498426455144,0.2774418293915373,0.5479954658504947,0.45095859754641643,0.6415023296840572,0.8552775879139356,0.5857722415665516,0.5996811892966813,0.7202223619546537,0.7431249032904892,0.8083826120209998,0.48817977344103813,0.2680179148006257,0.36794645861860303,0.6368905727979982,1.262751131489418,1.1324870445260726,1.0661915706966467,0.8662685393785434,0.709393782006029,0.5525568175730751,0.4124542888156255,0.36183306890398326,0.25475134734661675,0.2121041036895912,0.1683470784784009,0.12046670749044508,0.09362236719872241,0.08448070132318486,0.1910109749894005,0.6676250346798076,0.9271647384811736,0.8685104699678825,0.8874008531705743,0.7554090004970264,0.6044982620285277,0.4686787334510989,0.33609808368754956,0.4129440488431978,0.19399586753197728,0.11026681464163102,0.06546010294432203,0.060865939470230335,0.03313741370915557,0.015909907185694627,0.028879014088626254,0.1371152505405881,0.3132486362662784,0.5820177077673965,0.5937697058610535,0.5806116384680378,0.5605034677102865,0.523188891281317,0.5336076391852382,0.4823879395735846,0.4998206948095292,0.45639054008557434,0.4536136419316623,0.4860546638578265,0.47141675963959984,0.4731862710234622,0.5303129707962613,0.6632525954849559,0.68908368769086,0.6321859413213606,0.0,0.0,0.0,0.0,0.0
2025-06-01 17:56:58.183,0,0.0,0.0,0.0,0.0,0.0,0.0,0.9388305886941183,0.5354318233143172,0.31485556492433553,0.10824587389217344,-0.01269348937936643,-0.0364270025321759,0.07570772790523439,0.11236145366577277,0.23170695728740265,0.34228107537858943,0.4760131644111694,0.5591597236333818,0.6347523319999322,0.6515447856206614,0.7279943180648825,0.7557776883217495,0.7004905048742651,0.44254058423673054,0.2415941938294729,0.11531869793104554,0.13746330723150635,0.18195993355571316,0.2795730168888224,0.3939506713344405,0.49325846573903,0.5987969286282446,0.24369944571307034,0.7229129211392088,0.7703758313914322,0.8192188582668952,0.8829425040525012,0.9807071219603604,0.7061611114582815,0.2962510351292599,0.13008436120880473,0.06836117135185815,0.21471706275737756,0.3475209719321162,0.3595651288758659,0.46682212044232485,0.4490407863651029,0.5630229894829313,0.5132022494213662,0.583726784950045,0.6491032849685946,0.6447342582075504,0.5914176948060036,0.6108557400384549,0.436205341520048,0.38513149732493923,0.3166829454539526,0.38182546372818993,0.41475457118020387,0.7754012041154243,0.47228965351505525,0.5731058715817348,0.5696890462446585,0.3278219314556744,0.6604210044794699,0.7085620548527806,0.4801323003720476,0.726563225945065,0.5269227683045546,1.0244023432046663,0.4483119069741724,0.11308140322906499,0.10786281447039081,0.149698075570305,0.27806721783964683,0.3524134573299964,0.4393346805847833,0.5210135257070121,0.5986081197897983,0.6859314330629469,0.7852583946549567,0.8433554576495383,0.9266220840780027,0.9990780141482041,1.0622283695239865,1.0840113650900873,1.083906478598978,0.39245598004177734,0.07603147068528149,0.27960590847881495,0.46704980450053446,0.6308824813871274,0.742205641843011,0.8387467981031524,0.8846897064494428,0.9206338801617144,0.803892748320794,0.9088876901487246,0.8730739242531876,0.8312149454330743,0.7680976185907807,0.7374754239538726,0.6771902799796035,0.8684311779379182,0.8834832935784608,1.0171948161725006,0.9586632078162138,0.9035656746917906,0.7995312596443405,0.7391860291550443,0.6571675159800869,0.5887173185997467,0.5177239410963357,0.47704103688758637,0.3987846579589034,0.3183620077421476,0.20237087112482388,0.08798755727506358,0.21049721667515287,0.7591390008420189,0.9015149530199931,0.9275251375324141,0.8496339105406325,0.29068623744437877,0.29913545906927624,0.4920130828834412,0.5398445895887823,0.0,0.0,0.0,0.0,0.5242491118764296,0.6462076920223796,0.45258642249038206,-0.07607639091832014,0.44100757943373153,0.7441233241414459,0.756372571242383,0.7282001500659204,0.7286641851803652,0.7735443869554499,0.8162458857114196,0.8149369744590538,0.7825984898601543,0.8919489396590556,0.816565814072258,0.8248811023666232,0.8302766216709481,0.8256565053778642,0.8078239544447288,0.7492458754523537,0.323418794219117,0.39319847411333086,0.4066554457268341,0.5199418973271221,0.7629972795890823,0.9286563108880936,1.1579642203789433,1.2536869179051677,1.2703552221862198,0.7415864780750252,1.3712317009744708,1.357315539376331,1.295735119156255,1.147845040241457,1.062584804958593,0.7976608337735773,0.4065139662746614,0.12013161872637501,0.32310078066135495,0.5929676374141448,0.8112012137386508,0.9202369744308367,1.044535541090628,1.0584480415160005,1.0758253007198895,1.0484970528063657,1.0197184121652278,0.923460337270113,0.820043589626975,0.7236377280681305,0.6286966454796182,0.5514201879012953,0.40330641475742307,0.217218752627418,0.31083823308786185,0.5156527511955818,0.296205444199064,0.66828519143267,0.39062033656331585,0.5500623789440362,0.9699260047033627,0.5766260556325687,0.5628282327963294,0.7152319628345323,0.8050365591797197,0.8361483020662295,0.4915676541083549,0.3237944590345601,0.41397497978199566,0.6484514384992849,1.2208254531588871,1.0711662332608576,1.0079104175689744,0.8302557727515267,0.6880546031540697,0.5710048261235832,0.4165383007217782,0.35711731798919155,0.2843641212833534,0.23144623618178572,0.20592089487607756,0.16661362163370863,0.15504232033917464,0.14233943077086653,0.20517951500904635,0.6330684927634802,0.886449442549693,0.8250130215655702,0.8404965923278392,0.7268481146141641,0.5869642307876077,0.46447081849226035,0.36320765936718646,0.4045783265103333,0.2250753725382777,0.13931402598049303,0.11531481707113245,0.11551939473558959,0.09194408189187198,0.07015740383796021,0.07983812336348589,0.12178481761491261,0.23921680755106667,0.5175734942676804,0.5414460565882941,0.5219784472152076,0.4970786743552733,0.495632931194226,0.5270812617251754,0.49875674923328295,0.5062084251163712,0.5019786740426242,0.5019896406283906,0.5481332101612295,0.5445023691141894,0.5397325729766254,0.5908023441597487,0.6860556060077879,0.6518425649263268,0.56198983282016,0.0,0.0,0.0,0.0,0.0
2025-06-01 17:56:58.187,0,0.0,0.0,0.0,0.0,0.0,0.0,0.9153105105905618,0.5221296424477297,0.26608709147973786,0.07612337180046791,-0.02401499884331859,-0.03513201477720662,0.08006150275559054,0.11783143609991586,0.23557815641840463,0.3454992736975565,0.48046144236558613,0.5675280874060501,0.6415861372069211,0.6525047584954361,0.7237699792844285,0.7495869657821863,0.6806780660182112,0.41450865488537875,0.21539507192438812,0.10984051716969823,0.13904679716790014,0.1873337042600305,0.2958963177367526,0.4069260525211009,0.4957952201010367,0.6065985700498455,0.33082512876315573,0.7244455713845853,0.76981175598941,0.8166590760853384,0.8737849911971165,0.9639949424535429,0.6754814349522609,0.2589141502082658,0.12340348130858947,0.054795684757653396,0.2103460389983025,0.35048497690748137,0.370700687226285,0.46228991471071024,0.4477207008502817,0.5582191273425934,0.4975146722197201,0.5750247009882127,0.6322350650775296,0.6303620453331396,0.5813446858876139,0.584616600453425,0.3872149140895378,0.36529686986503995,0.31392782826324783,0.36581623966828225,0.4051242227299743,0.7419007522885877,0.6266860681621187,0.712987854179812,0.5264517171937402,0.32427839646701284,0.6812425622170484,0.6495692999101857,0.5436103456088301,0.7018214648916525,0.48059927690411774,1.1728905548760924,0.45832876302670295,0.06428164761462266,0.09646801248177328,0.14038705256973638,0.26844514368340633,0.34341444439678637,0.432539586869481,0.5111126347779185,0.5959422922399316,0.6863123186550211,0.7791424505308386,0.8357736217361915,0.9256069151475929,0.9873896458003548,1.0540141158652194,1.0783857059781683,1.0816930523614003,0.384228821289416,0.06663144507566388,0.27553107800948995,0.4696962287217348,0.6254325008051003,0.7367067080211287,0.8391535779521391,0.8869353991919451,0.9170488793015006,0.8019206912949366,0.8965460926329236,0.8607813712963127,0.823615394238839,0.7515967615244293,0.7177788613348637,0.651815942577378,0.8571379382654081,0.8814097339334607,1.0203893793729848,0.9563274319214641,0.9009233432538453,0.7992288790891104,0.7266036085556338,0.645579844908355,0.5751792917598266,0.5085376077286239,0.4637365308644523,0.3841596624360768,0.3065106824469792,0.18204236822838948,0.06268734579806012,0.1866138488604983,0.7419959632904097,0.8964325635464365,0.9185284887594596,0.8430183463741301,0.4653664183066049,0.3499496396659682,0.3765190110545122,0.5720009855124365,0.0,0.0,0.0,0.0,0.59477491757097,0.7151332309857839,0.45409163096848926,-0.06071343905207194,0.44595236711047664,0.7360122129082308,0.7512203009229572,0.7207319566368776,0.7318564232673743,0.765556696022532,0.8113243398992789,0.8104259002273486,0.7883023187959068,0.8941500969816283,0.8251463733749105,0.8291218064003361,0.8403921076144365,0.8361644085918374,0.8171492336721853,0.7604678256201931,0.3408781199744569,0.39837599895764575,0.4017031673593068,0.5159451358255231,0.7558450021233452,0.9280919027064334,1.166754146705736,1.2618946485299614,1.2782963965151188,0.6026029144455558,1.3843541546397948,1.3679426939353316,1.3141964984169485,1.1639987361571769,1.0790709397652734,0.8244181591429073,0.4330240785948367,0.12033328669577015,0.3224949488694263,0.5686662099856377,0.7937118337792102,0.9032219854887271,1.0404007431609945,1.0536685254114733,1.0834470111260348,1.0603808505088086,1.0297877129729205,0.9326342750485085,0.8335598059500989,0.7356378791739437,0.6413247445625525,0.5631335239201939,0.41354206969788715,0.19811220040231522,0.2752792651120728,0.4878196130174678,0.3369891772250758,0.7090592340960871,0.43974829128946236,0.41742654194885986,0.9039554902594058,0.6089597066544284,0.43176092295445706,0.684946118169999,0.9359361996104619,0.835965414033623,0.5180480331574338,0.3387402794574949,0.42400582840633555,0.6424082046411295,1.1882876505929192,1.0298230212458088,0.9845857290988501,0.8010003015816591,0.6744561535457756,0.5759503004113693,0.4185857998662441,0.3351998277847654,0.29023402978243484,0.21379862994371712,0.19282006513090155,0.1658580905497371,0.17292902019376488,0.14865879625117095,0.21319673587210336,0.6356840393739651,0.8645203202650042,0.8084003588117212,0.8133026786534082,0.6936350604060932,0.5544293119021333,0.4402787434241311,0.3480961235900957,0.5089862645313232,0.201376318386979,0.12665408211710294,0.10375649274881571,0.10015685609463498,0.08398091021928056,0.06713154653718767,0.07437753805963282,0.11994478434122124,0.22636464064768846,0.5064819265940503,0.5293475670853651,0.5041604370592292,0.46763020060035476,0.469887346609271,0.509423955396243,0.48135107608204164,0.480305004412261,0.48973000295477753,0.4922084408038705,0.5273662867095428,0.5350517024300779,0.5225412197772832,0.5845015658490724,0.6569990199987831,0.6173879156025676,0.5314482823511466,0.0,0.0,0.0,0.0,0.0
2025-06-01 17:56:58.191,0,0.0,0.0,0.0,0.0,0.0,0.0,0.9711594668260933,0.5732509397663406,0.27892294437733745,0.04811786416938979,-0.061676714077393724,-0.06573115173070565,0.05880360717724953,0.10751758652906585,0.23492624997894873,0.35551288832537054,0.4870885926073431,0.588751055795777,0.6751384341999835,0.6885918872335286,0.7611516597321359,0.8023586463233304,0.7016838462353273,0.41717221009589717,0.1874015001984568,0.06872334549754788,0.0975014384085604,0.16513735129846863,0.2845161146180153,0.39839625115700406,0.4946029173019333,0.6178764511645247,0.44376888659902447,0.7444192555075159,0.799424539699169,0.8573442115486752,0.9149807647227575,1.0308642009380113,0.7331105940295188,0.2477844757950769,0.08475052440049358,-0.01742256811088927,0.14722695143302378,0.30867102666719526,0.3427713333504292,0.42162576956461106,0.4419150640825136,0.5701352674253231,0.5082324122706354,0.5783535162144385,0.6373509182018874,0.6274799387619108,0.6178909940908399,0.6083190668663221,0.3605037796911114,0.31158581522288115,0.273860597088296,0.28244898272175,0.3401121971019938,0.7329327523749651,0.6798664445561458,0.7297898574943875,0.492370058799811,0.4777854682093955,0.6896725733202942,0.5745691972757068,0.8183987852766097,0.6014835947219431,0.4374101107176339,1.0408821745893162,0.5750466241161132,0.007830662521103315,0.011003848620332546,0.05931515659272102,0.2101397053745997,0.30855652417560586,0.4154149700172327,0.4985896933022256,0.5917586485525754,0.6958778890192967,0.7880072547771029,0.8508528582529422,0.95025559443732,1.013456666149578,1.0948471127613033,1.125888591864531,1.1491637612702954,0.42463700351771866,0.026839971131716545,0.2340727822458366,0.43723644793343386,0.5973144910297561,0.7183097452318234,0.834006053465302,0.8914279606222508,0.9241779294020638,0.743077512584861,0.9049432046437491,0.8701995741885237,0.8397956885433219,0.7644624876244962,0.7274496182305878,0.6596853011252,0.8401287646927745,0.8476075243696791,0.9909173562945046,0.9360560293008147,0.8824683502739223,0.792804542810271,0.717271149318151,0.6442308664346017,0.5757697920390317,0.5100335975661632,0.46517585155296404,0.3934349796569976,0.3081090700971896,0.18130728972504462,0.0574490232181879,0.16474475395140686,0.7237348547735428,0.8897065193362776,0.9141798210499137,0.8369964064260571,0.591501635554798,0.3920646817948304,0.39603724361157194,0.5449510651083759,0.0,0.0,0.0,0.0,0.601075855730766,0.9328789705285401,0.5861230682128011,-0.05001020027338238,0.4620580113325106,0.7438066202905169,0.7548176223840417,0.7150929878892885,0.7320562523006928,0.7643406675377131,0.8073920155312799,0.8073780664830288,0.7837717236994353,0.891933924128526,0.8267151400241226,0.8288999116245441,0.8426437953496526,0.8398241543474245,0.8148538640328018,0.7576263667615877,0.3577664480798489,0.412966075388721,0.41456127094341877,0.5311825157428227,0.7629196544116479,0.941525702089375,1.17665976774969,1.2723285877918855,1.2859748646015088,0.5727415931418636,1.3802560501696517,1.3585665312486017,1.308462744121932,1.1592465773635943,1.0674516243841254,0.8223764969125799,0.44385077165430853,0.1647316218571604,0.35999263995909236,0.5882099305090576,0.8113970788526879,0.9197624148320409,1.05572378368189,1.0573652889807852,1.0856957354524295,1.0652143804707892,1.031760033356083,0.9306070157170908,0.8281135196500348,0.7268804063216749,0.6295414997477029,0.5450028087908589,0.39366089651686936,0.1567909589526448,0.2915347037953915,0.5037234813777006,0.3318077770170491,0.8234685070949417,0.4861966880769165,0.31876234298219275,0.900623278737505,0.6507685512304927,0.29678666119852437,0.7450955467443612,1.2038525316674793,0.6551973186477035,0.41922370955319554,0.315740332962164,0.40808533574520806,0.6257669341978633,1.1966592275423131,1.0351391489985586,1.016206499010118,0.8088542635797191,0.6948844322676566,0.5952284525833167,0.4503462239605365,0.33467225295474057,0.3022262220819416,0.20688308111570342,0.182719032973079,0.14880765739813173,0.16163960573684888,0.1279416522057003,0.20125552094926852,0.6351903622329274,0.8711718389389839,0.8280321057471209,0.8166838408354485,0.7027856485696591,0.5504658749403162,0.42903909356302994,0.3368908628183558,0.6433134569058613,0.18499375208592017,0.11622340339876547,0.08294564563670592,0.07510089306228684,0.062350819420279424,0.038462282400008374,0.03959168837687782,0.11546926988491224,0.26063073376730084,0.5234058381478999,0.5405589338816899,0.5282943911011253,0.4925343006440912,0.4774090839946974,0.5182207905850333,0.4757111512827126,0.4635409957562402,0.47457445763246686,0.47191494734779393,0.4965022907216905,0.5002496183592627,0.48773466241879904,0.5556058908318868,0.6282849899434279,0.602676563720233,0.5536365428141146,0.0,0.0,0.0,0.0,0.0
2025-06-01 17:56:58.194,0,0.0,0.0,0.0,0.0,0.0,0.0,0.9813359636264404,0.5954943636811425,0.2945324752870524,0.044351481998348374,-0.06859203176432693,-0.06921284508421788,0.0404719937476089,0.10184471268578232,0.22343293048068436,0.34541236049365387,0.4744604647655328,0.5837597162623895,0.6706750092430926,0.6833838206577624,0.7582336305364529,0.8173598455036092,0.6958955201532724,0.42659428477550493,0.19336142453736693,0.07401445349119806,0.100873663173767,0.16315632056768736,0.28884469658353784,0.3983091173826925,0.49727736042331916,0.6191177656899018,0.4053231999279351,0.7460915262797368,0.796463345448758,0.8621112579104634,0.9220186857165267,1.036075826494958,0.7273302209693757,0.25824927737498404,0.09099183269740474,-0.025652342753307966,0.15958861545539893,0.3020504495476608,0.3363676730440144,0.4101277120605116,0.452505996020514,0.5670973371940422,0.5190132710536584,0.5666171387444005,0.6170684222388175,0.617120528122048,0.6179273600189181,0.5800960882253103,0.352695984368146,0.3050793548182557,0.27818339076107745,0.27510790766701887,0.3403236888679513,0.6739687198707693,0.6098591795787316,0.5893003389067191,0.5294675675818821,0.7035175625569954,0.5838628463148356,0.39487773258827374,0.9721122111114631,0.5538470056462224,0.4771932431883542,0.8180101522757404,0.5959595981750596,-0.005768527203320939,-0.002821473976123312,0.04241313488824505,0.2039057049150017,0.30978477538490745,0.4254633386405329,0.5041958530089714,0.5944037619656697,0.7119112453923071,0.7915121097223217,0.863029715645629,0.9613332189521612,1.0225578107188746,1.108113646861663,1.1409362953654845,1.1700459208777736,0.42432287119044415,0.014472172794421367,0.22693092167674855,0.4347776803313348,0.5983437650352272,0.7198735160537018,0.8410835528210132,0.9026155528298281,0.9369202062970794,0.6260279764233785,0.9181820987976528,0.8827665768726737,0.8558509147284793,0.7743577555723004,0.7274031418219129,0.6598368484166689,0.8321845347597139,0.8353001159496575,0.9871312383195892,0.9341751268232852,0.882578275975592,0.8016001225838429,0.725885550661082,0.6579199506717339,0.589991681075632,0.5223742889822343,0.4796414210160076,0.40976376577824825,0.31578452027731374,0.19236210163312373,0.06242579414164562,0.15228835307287963,0.7157220139558338,0.8921253956226065,0.9232405532675483,0.8395465940695057,0.596116502759725,0.4768517682922209,0.39231502600297513,0.5388249501730775,0.0,0.0,0.0,0.0,0.575511294294539,0.9360678602535077,0.5676052486173869,-0.05767040354398617,0.4631211027886611,0.7433039005747246,0.7555349157363658,0.7127577026097075,0.7361435233642073,0.7709651873928014,0.8105616661169432,0.8164324516192938,0.792339121103383,0.9000153998590132,0.8326973437183001,0.8327248729916257,0.8530624531540734,0.8481800787448521,0.8157369043017584,0.7590626971900944,0.35821132733354155,0.4130393231932271,0.41658757477915254,0.5352788950215259,0.768985000389897,0.9530194108305525,1.181799301271977,1.2805319397383974,1.2979835204890031,0.707123231567393,1.3836678121831505,1.3606224435346128,1.314080515162657,1.1613452229176215,1.0641346609246283,0.8281187471475226,0.4331591939570264,0.17820020193415542,0.37323214592444265,0.5983608575850607,0.8238502082624861,0.9333325315999594,1.0683694700261213,1.0659563016458804,1.0965825552332582,1.0693878714244218,1.034011873514686,0.9338936725967913,0.8253120544109905,0.725726999350133,0.6260712209210537,0.5421880381039079,0.3896654327424449,0.11224322071856574,0.2989316831001074,0.5060714683224475,0.29665484729607206,0.8523474152866269,0.4737380374583996,0.3123009672208319,0.8732535672787949,0.6913450752761875,0.30247965728139203,0.7923057197818897,1.2182608265337014,0.5615982809824305,0.34782912496970486,0.30358841140944676,0.39212115453405433,0.6190634449869751,1.2037450696917196,1.0327026359972775,1.035670618174616,0.8146662051962477,0.7252716740929832,0.6098874301970181,0.46993690135997146,0.33904940076351964,0.31834276232665726,0.21907098399547298,0.18381452328994308,0.1659415886714557,0.14611995036062786,0.10653414879806611,0.1750761912478342,0.6104024583545962,0.8626287265485,0.8465083213201103,0.827446910393611,0.7320877299893713,0.5730033459864541,0.44772979476336583,0.3523041818722872,0.7067358709573339,0.20453007617167818,0.1346890397507785,0.10234132509544835,0.0926989056521762,0.07598477941329773,0.04050986406670398,0.028885104129199923,0.08456833014468651,0.2642525421608346,0.5252667414829477,0.5487531189146033,0.5572786795645319,0.5268718693382015,0.5086560921901289,0.5538284081290006,0.5028737828468277,0.48648116855159973,0.49571764836933263,0.4873620889754491,0.5050415329943789,0.506425405540362,0.5016251324627816,0.5564535142957361,0.6275662502452887,0.5956105751293842,0.5607251315342237,0.0,0.0,0.0,0.0,0.0
2025-06-01 17:56:58.198,0,0.0,0.0,0.0,0.0,0.0,0.0,0.9848882211960809,0.5904266547075131,0.27045945751812006,0.017921385756985098,-0.09399212548096769,-0.09072524728974996,0.017199707370744943,0.09191240515660282,0.2109668856825737,0.3457898473221792,0.4733419766638048,0.5932873376243248,0.6740778898574662,0.6903002135891885,0.766339485087559,0.8442603191302012,0.7001004499524156,0.4248756661021534,0.16121457176773457,0.047809628985240105,0.07382842758298946,0.14010179567776126,0.26596808933178306,0.3768356944034368,0.4939584921004867,0.6120864865573772,0.31191917841598704,0.7569792489377484,0.8208209455732298,0.8869538315982483,0.9395581923046297,1.0812484186051545,0.76040096678276,0.26926523772563504,0.06931063595516318,-0.0347844930120933,0.13080004913965593,0.273620477686239,0.3381547040061865,0.4172282168095458,0.4524694180211577,0.5617885332054571,0.5390378095592239,0.5602181991298779,0.6169337355673218,0.6348703433149483,0.6463990794073765,0.5884242314030022,0.36767678863087166,0.2965972283493524,0.26824488248835676,0.274774539388283,0.32941865199571696,0.524632249095021,0.5655465606487875,0.599658359865932,0.6225322979991184,0.8233605156659787,0.5485362007199617,0.36552096370258225,0.999547353453563,0.577880324654551,0.616015307249007,0.7139785421805654,0.6285819924305318,-0.016152085553446438,-0.011290935886576925,0.016811909266298386,0.19480237001581902,0.2952546387479631,0.42021537666737396,0.4930372729510766,0.583622623072596,0.7024146469772412,0.779110234865759,0.8668948865349055,0.9591353612918218,1.0201081463560568,1.1001777678591755,1.1515549283112985,1.1804547637343648,0.42706174860786844,0.004420444192542949,0.21147495679767103,0.40600601226919597,0.5891172227652748,0.7110925911254116,0.8297655172281568,0.8907533803464465,0.9289437895537309,0.5598148910067902,0.911778633501718,0.8841608608588419,0.8567431955207724,0.7823197617749201,0.721397185807747,0.668676962193939,0.8440841735149771,0.8342492699202729,0.98036095024269,0.9236604423876054,0.8737881067941811,0.7950339516118017,0.7214929784675581,0.6554135612545027,0.5966680434213172,0.5240474030311635,0.4849045928464599,0.4110755799200596,0.32271293324156813,0.19997160536343583,0.0696878139738204,0.1573750692896092,0.7251470346629688,0.9034583428031542,0.9335518568352397,0.8412866997332773,0.5727729012097755,0.5589320323169893,0.31913563912471826,0.5938912169482032,0.0,0.0,0.0,0.0,0.6958836469808287,0.9183256307512615,0.49665795860147355,-0.06441082398295767,0.46794915209946014,0.7460269901744909,0.7608617659364689,0.7265585106218632,0.7422136969856783,0.7798079979699961,0.8115023668908421,0.8175613035578166,0.7917227455881664,0.8896431807829299,0.8283043683605471,0.8170621973300394,0.8423162086704088,0.8369298616803198,0.8100406444103327,0.7408500191101888,0.36024258023511624,0.42543150379002914,0.42274707556245583,0.5400956738915543,0.7757837353051935,0.9628327627276918,1.1849224293744514,1.2710402693981402,1.2979516158113011,0.5639789129736039,1.374366995443724,1.3537695247355996,1.3017894906803358,1.1511853266757082,1.047753713698696,0.8146997863140605,0.41681935195083664,0.1868254941730918,0.3904827173532558,0.6184549669243322,0.832652123072513,0.9401026063925066,1.0743595371834616,1.0677145322152526,1.1029641496299756,1.0610999457061454,1.0233988208227944,0.9145047707537143,0.813361970575306,0.7106228518133413,0.6152936822807433,0.5292721236779536,0.3759828280884344,0.08170466826915554,0.3184033783322905,0.5267821471235684,0.4344895000283987,0.8704183658443819,0.5142259653284097,0.28045319983084127,0.6728869949361744,0.8347105313385875,0.37726454375744684,0.880207568675496,1.089207713590195,0.5639912924374063,0.39816162136484823,0.2773316511123341,0.3659269999897778,0.618049749957385,1.192461605904707,1.0318492626123776,1.0413657793164597,0.8190875231126042,0.731414528225738,0.6079849467016989,0.4739051205810816,0.328722686687112,0.3155396403038049,0.20652072469726024,0.1693018021846373,0.16664896596963197,0.11385051571151084,0.07174092746666472,0.15013591051933622,0.5855936478738588,0.855764196684468,0.8557313099923354,0.8269372008212198,0.7475693226057525,0.5922033435583556,0.45814252815807577,0.3495100169765848,0.7012382696602467,0.21030464120243608,0.1436129841670677,0.11145984215536564,0.09863296031220037,0.07345335822285393,0.0462864283290626,0.01872646522156307,0.0615870673910614,0.26696837018114283,0.5241017255091718,0.564410055051166,0.5868019419718296,0.5620343325795203,0.5246535519152025,0.5695585340761848,0.5259401300029121,0.5127111658498262,0.50627623986914,0.49547616874266653,0.5048090068507369,0.5108045842854015,0.508498705977916,0.5561233072843346,0.6197556936686647,0.5949071907330529,0.5590329124692575,0.0,0.0,0.0,0.0,0.0
2025-06-01 17:56:58.201,0,0.0,0.0,0.0,0.0,0.0,0.0,1.0464803522904584,0.6299826104995604,0.29119464028778663,0.003958758362930248,-0.11946257506880797,-0.11903221059036562,-0.0021041512619961455,0.09190767976648495,0.2145606314963402,0.36993075796761865,0.4874699722884282,0.6192743721223856,0.7043699088337254,0.7307777720899203,0.8098297582205769,0.9038468063704049,0.7383361378364299,0.4412495015760252,0.13057143713889352,0.0062809524651578075,0.038703732962861004,0.11239419739944512,0.24066198549946027,0.36839000797414845,0.5033267354927724,0.625830257185904,0.4115500118688237,0.7945473117153555,0.8798817805742545,0.9428353071890526,0.9982531547609406,1.192414277517809,0.8609178094650727,0.28414190689692076,0.02050195195962512,-0.04763946103689287,0.1051558689471237,0.2742163552340797,0.34245436972859444,0.4240264142637893,0.4821740444781202,0.584897829805739,0.5641450717486918,0.5799209596034592,0.6544964170321143,0.6678424864077621,0.6928160676951923,0.6727136336617412,0.3701874094697967,0.2650792860887512,0.22886364628413602,0.24914138532170194,0.2913079819304878,0.6185641906739567,0.5229069295090998,0.6351080823448598,0.577452838680632,0.8781870901371582,0.5572340260448709,0.4863818428517369,0.992783015579215,0.5546743397763018,0.7854857379519071,0.7015115239589382,0.7185070185435436,-0.052323464558418464,-0.0561968095029286,-0.05502913324653713,0.15259453968116676,0.25390320059835547,0.39990502593621735,0.47015533831281364,0.5704192625512963,0.6914014377699269,0.7695902032982678,0.8733294887582637,0.9607303756300373,1.030622014281716,1.1117984978903066,1.1769228266869423,1.2182591084045855,0.46083318402081613,-0.02905606540494321,0.16579556563009779,0.3593014287461471,0.5608371272811155,0.6928011897675401,0.8069984001700954,0.8694409122358793,0.9140225365179047,0.5169828557150478,0.9084371324412188,0.8861451835072681,0.8536769572411779,0.7992452756349234,0.726868003998691,0.696428596660061,0.8545323746782462,0.8345127332587313,0.9637213769550117,0.9161732855519908,0.8581281182153992,0.7821521565863525,0.7142629004364491,0.6436323402643969,0.6017109146910078,0.5185579547843009,0.4898954176015877,0.4114830389480464,0.32858276373315065,0.20797189096777113,0.08026768711671761,0.17731296139510416,0.7511020420828537,0.9229373822752529,0.9489839477358675,0.8508199070119307,0.4925725472049031,0.5414136898420365,0.39787439149887277,0.6648179939935889,0.0,0.0,0.0,0.0,0.7438967974221935,1.092794892738187,0.5557015610868655,-0.046275435983953506,0.4974506470906362,0.7738056879849546,0.7808458646095446,0.7521805941691696,0.7527912102161551,0.7959456493947938,0.8110762352139935,0.810261322964005,0.7720632238162759,0.858223508738281,0.7996856182684862,0.7805219172926352,0.8024505925837853,0.7923508899471461,0.7700727678478716,0.6790218659283942,0.37414701083878793,0.46094346937661257,0.45802644831787487,0.5726752835964453,0.8051187996250941,0.9929209878481253,1.1932827620247775,1.2611461285577759,1.283692349213686,0.36144749380264235,1.3442290573354851,1.318505907029671,1.248584124544393,1.1085986491252684,0.9900764618569521,0.7472738653477596,0.38433506349777447,0.25398548760290174,0.464115735490363,0.6954065683102577,0.8841379967303404,0.9825758389667378,1.1020577331156431,1.074231430346811,1.1057317096202972,1.0359638888766813,1.0011426552432843,0.8735866847462922,0.7780474760799466,0.670928029716948,0.5740641337206053,0.4772947402731301,0.3207207077300414,0.06653280629393077,0.39455868898020063,0.6021171632065857,0.6143954805325113,0.8684729419642164,0.6434283022308503,0.2831183963466106,0.6097432432343985,0.966572777668553,0.5586174234177375,1.0007178913911807,0.9811867168114509,0.4965224657575835,0.44019134498257784,0.232609020089448,0.32136995203059243,0.6104571017616748,1.2121730573148672,1.0932958339778376,1.0876070800708275,0.8554285987633414,0.7364341194446065,0.6121013265688484,0.4642983607017983,0.3214801177966513,0.29105811265552295,0.18206187548678754,0.13784183727459798,0.12492635712220035,0.06522124174031219,0.02295671359027629,0.13826212608623506,0.6049400566344036,0.898929600055425,0.884535053927288,0.865294773438421,0.7662860841720598,0.6132532274303579,0.46457827931858175,0.3259552750797414,0.7118948383714211,0.17689551482126165,0.11687357614549398,0.06512153138548316,0.05253595440224068,0.0193566216657185,-0.006777332583495221,-0.029305016774607007,0.05934162592277398,0.3098116642041816,0.5584244281384494,0.6017654026853007,0.6289491948813788,0.6024392713398437,0.5389418510807538,0.5628898346743647,0.5094500994656523,0.50179261843045,0.47631141399130716,0.45876885070175266,0.460084899815435,0.4614025328596981,0.4489902819761762,0.5026423760146583,0.5880624103951524,0.5814446458414991,0.5796387913859113,0.0,0.0,0.0,0.0,0.0
2025-06-01 17:56:58.203,0,0.0,0.0,0.0,0.0,0.0,0.0,1.0544602937869902,0.646259437747027,0.31400269393815006,0.019762780317291728,-0.10519237658588165,-0.10420463403333169,0.008431104939988776,0.10698304612553888,0.23102917816017832,0.38304131610489334,0.4986142800138487,0.6154696891034808,0.7016520547637832,0.7391958986663277,0.8146100174579951,0.9118142228314782,0.7428086182704374,0.4545011667066566,0.15439916987411983,0.02871306517063099,0.06184529715726206,0.13059487265511782,0.25295038440415696,0.3899724928282189,0.5209724567127882,0.6331787903436814,0.5149776734463094,0.8062736848723476,0.8920205386675635,0.9439211292366606,1.004546138786358,1.1907755957807757,0.8630014803397834,0.28583618765735197,0.02184052487731114,-0.018963674302884703,0.13590081326347492,0.3242893452113491,0.357396812307458,0.43988775285093373,0.5009988634632236,0.5863661044416748,0.5596575064937848,0.5983473941799026,0.6708333993738617,0.6650937330432107,0.6877454266662583,0.6847989620714539,0.3623156520689979,0.2802828588975534,0.24073772032300167,0.27688080309543817,0.2970050151227437,0.8321590253984417,0.3449598511765578,0.49322899931312275,0.5422871669830841,0.8069070974050903,0.5141314222057085,0.586692795220313,0.8071306208970417,0.5201842637374215,0.9133079184686239,0.5890897341585972,0.7095231823895587,-0.061184879331919614,-0.03799348994689278,-0.06416765078537257,0.15903303135930402,0.2566907537326264,0.40784881227533654,0.477927099544454,0.5720143887362015,0.6917603617681043,0.769690422043035,0.8783134445812462,0.9607376848039041,1.0331402311111697,1.1098096254617713,1.1734717155917807,1.214353480504233,0.46778859927311506,-0.014258262804482391,0.17598437440687764,0.37014205186133786,0.5645718764321537,0.7077709367829406,0.8110134581356538,0.8669727776198148,0.9094959801189886,0.5137615762511318,0.9085719684783367,0.8919843049203297,0.8511793346284454,0.8051659945820523,0.7244005468742476,0.6954291366829485,0.8471599311772114,0.8370438351534085,0.9623760137656636,0.9274544504081501,0.8685016017748672,0.789527784971505,0.7243977703699396,0.6517835678645634,0.6163522240542958,0.524576343318468,0.507207209273707,0.42601154293139465,0.33865925431288124,0.22365089238051972,0.08800828746263767,0.1800942949474651,0.741467744935347,0.918635391995988,0.9490099196144541,0.8563869072394723,0.4275032278306607,0.5837237115542038,0.3980300903141682,0.5457779854255185,0.0,0.0,0.0,0.0,0.5946704380737803,1.1030046054135083,0.5142951560651472,-0.06348500404389978,0.4779054299088286,0.7710795290906485,0.7805678534258069,0.7607962205939586,0.7573544962714565,0.8152108834473204,0.8322801703601148,0.8353781168410133,0.7995834813521521,0.8893914280252284,0.8235855703961039,0.8003901739757056,0.8158905494134956,0.8005126397586058,0.7844165649366903,0.6978793455049648,0.36342890833968167,0.45265974673867604,0.4651917677367219,0.5854017834725622,0.8218908805216916,1.019945283933248,1.2174190550527757,1.2882476016368332,1.3051844683014424,0.2927126100866167,1.370443947003912,1.3504113975760736,1.2630562739655011,1.130622120841517,1.0055277970929437,0.7540983460735414,0.3813871061053219,0.25615822288584544,0.4650213144681751,0.7157973621529661,0.9083850332515602,1.0164436510334867,1.1326593326177266,1.1017173739649417,1.1352881820007208,1.058992286779144,1.0216917374127612,0.8940015432201694,0.7982141284348837,0.6847655864042284,0.5848893154875235,0.48443457939984913,0.3302604037388276,0.07371939494519225,0.381997867592183,0.6059368656820424,0.6179341470888812,0.8468429242688275,0.6179799329563394,0.3296421543276441,0.7471255293946271,0.9818939819964881,0.7276684132345901,0.9351876812283113,0.8692893166172294,0.4788487946092853,0.40603780784059484,0.25254435911758794,0.3225404607433609,0.6085014500827943,1.211712535948601,1.1073597717643162,1.0779199798699386,0.8663518142314968,0.7366671032966579,0.6224093134898454,0.46966848777184134,0.3422341279534771,0.29690792052155457,0.2190022323647094,0.16691527854361787,0.15534949327979364,0.08865249617304927,0.05449196911254084,0.150652335112279,0.5936303990706937,0.9041849924036129,0.8895431361978414,0.8920055984455691,0.8003157829697203,0.650294430548715,0.49517370154486673,0.35201343415784336,0.731337017028486,0.20299698770989583,0.1458346492104028,0.09266070105024826,0.07185775237930125,0.04100732806413243,0.004210662430201295,-0.02245190357881771,0.05395239945883501,0.31338289577191025,0.5586970956578245,0.6072356677640837,0.6484042227855638,0.623841100580051,0.5613275350933433,0.5762391044221955,0.5374078221781631,0.5233293159838817,0.4974452857064726,0.4794030659356576,0.48486604232966224,0.48590290043060247,0.4667401507671223,0.509001943745581,0.6089953865593792,0.5657365036987007,0.5663500239817911,0.0,0.0,0.0,0.0,0.0
2025-06-01 17:56:58.209,0,0.0,0.0,0.0,0.0,0.0,0.0,1.0553647924282283,0.6584464624686485,0.31653947096339397,0.0279217108174582,-0.10361841772728408,-0.10580948565425119,0.004547766821201837,0.10363255049132303,0.23234035074459636,0.3811058242261792,0.501214897815448,0.6115996614185552,0.6943825723449537,0.741975572580352,0.8238645352758096,0.9209989307040393,0.7583962643531811,0.45449992870127903,0.15554192006336087,0.038759746565598996,0.06499929728138665,0.12667722155502292,0.25320969750371014,0.39853970352911894,0.5234693641715156,0.6312113880578805,0.4450739920551674,0.8078612528756858,0.8935713903503393,0.9365443178389768,1.005612990611753,1.1754207424464846,0.8626646837960852,0.28377678563376274,0.028950676979278,0.004616671686236584,0.1287049225763086,0.3474488757237384,0.35457995586643754,0.43866777598493467,0.4937613824279554,0.5603129343834414,0.5647068047837371,0.6097534132710051,0.680872268157232,0.6717336538828218,0.6723236675679618,0.6726473815054255,0.3387467813920611,0.300522862196091,0.25057099081906264,0.2899576740033003,0.29956537132857,0.7093959819580233,0.2834843933282308,0.472980693021021,0.5152970616809585,0.7585356280065413,0.4016892938958343,0.6763521558407185,0.5422063616576307,0.5981862406390882,1.0465047620518246,0.6733378069028857,0.7076041552083436,-0.058617516769801356,-0.034045577787522596,-0.05945362504146923,0.15527812561384913,0.2417237910738408,0.39676744927565855,0.4734359415706739,0.5604743931828244,0.6887015613348191,0.7705468121684902,0.8752140263297319,0.9582873513593736,1.0312822428018686,1.1004372241737792,1.1705145409467406,1.211850950041023,0.46068557122133397,-0.02228247355600832,0.16725612005183677,0.3708544030082408,0.5600846104999071,0.7153163406090592,0.8023766274876021,0.8558691981235187,0.8954454716633131,0.5576517278396349,0.9017627046247398,0.8896417190444624,0.8385578016787764,0.7974197128307469,0.719827015254124,0.6772240387511769,0.8339262137989133,0.8423670907916251,0.9567231897540833,0.932573336679581,0.8733797224090163,0.7777290227220652,0.7175566057788481,0.6459443449809377,0.606168892944037,0.5169187458485869,0.5032439745532877,0.4161811957230024,0.32892597937327905,0.21210589852558093,0.07549191683568535,0.17243989614101446,0.7349842064157477,0.9092497031463751,0.9363949330771413,0.8541196063006833,0.40310169838207216,0.7138206571085632,0.31878086586964244,0.47674239387809947,0.0,0.0,0.0,0.0,0.4981000279202391,1.021847541309723,0.36118010872539363,-0.05030468406616001,0.47495477296216265,0.7681099117369423,0.774238027993698,0.7592834652832893,0.7432803261234846,0.8019036585244017,0.8246117330567699,0.8226731061152601,0.7987868084701364,0.8878172489493439,0.8188718524810761,0.7999496882604458,0.8064689115783656,0.7959474564401454,0.7994703718715468,0.7261067659345553,0.37102323710433494,0.45411410518150164,0.4620820974102513,0.5865283571613362,0.8133526188768714,1.0174696559275538,1.2224612732893854,1.2862612659627788,1.2930144904049194,0.3143715305610723,1.3738855268017804,1.3647083403047455,1.2670352919877792,1.1378971901985206,1.014582476485271,0.7623415176482422,0.39282495194786005,0.26538608837641475,0.4579284338751436,0.7233886994105567,0.9156181245158561,1.0236820731779617,1.1329964440824867,1.1033400535870237,1.1467489262685424,1.0666733638509056,1.0196838920265598,0.8989367796708073,0.8021264025243892,0.6866286516915023,0.5895875333586934,0.4923895448327684,0.3342588557340125,0.07692017104061852,0.3590623848568033,0.5914446220596509,0.6510839646941423,0.7676085989291753,0.6438196174219762,0.42232779365124495,0.7529882101372767,0.8354944373570267,0.8477082121912483,0.8210739796172559,0.705707189823013,0.5687830387230987,0.43959879191841933,0.2545907663105073,0.3209029698760077,0.6027966236484207,1.1874084242930296,1.103753220153207,1.047092591793405,0.8510732452522105,0.7079236879480664,0.6119463786715569,0.4439014211801062,0.3298867093115292,0.2783011799294435,0.21021595491411782,0.15619561549049,0.15370892792113078,0.07951443586255802,0.08117049256401632,0.17600980947515826,0.6011787218569049,0.9129585934252054,0.8919086744248939,0.8911535027915686,0.8006043479518568,0.6481002055559064,0.4812230113858569,0.3323798481699394,0.8004254948267272,0.18505010670662592,0.1225924028788632,0.077165665786322,0.04939418504357096,0.01710168703812609,-0.01636302268396883,-0.03528906198181936,0.05450289814689235,0.32435704882238336,0.5750236116476366,0.6220842566021448,0.6548623507215883,0.6085176463729856,0.5528574507081685,0.5547288590700863,0.5160783942484903,0.5057102476779929,0.4743245609064417,0.45541206493274977,0.45874883732233673,0.4575792285352803,0.44452562125341233,0.4879164429567521,0.5952048381264955,0.5752516684236894,0.5530689546792869,0.0,0.0,0.0,0.0,0.0
2025-06-01 17:56:58.212,0,0.0,0.0,0.0,0.0,0.0,0.0,1.0760243567801595,0.6670897286415695,0.3064782318995086,0.016347225851660152,-0.12332995494994325,-0.12354466748572468,-0.009760125364660421,0.09332582896261454,0.2268751544109927,0.3840298237722761,0.505650958629178,0.6191672880602094,0.6953968773253107,0.7563096278162035,0.8385225533464099,0.9338112600047294,0.7810280846518035,0.4619330430946094,0.1278484531216305,0.018231205854788657,0.053998545267920806,0.10152415419703709,0.25140895111964645,0.38968288910038384,0.5182241579757436,0.6329502120755179,0.4893103396383677,0.8110014993754243,0.9117915245970385,0.9446905371718465,1.0213505839257109,1.1960658780456424,0.9136349756650823,0.2793572132602091,0.006301740790274457,0.019451362773750924,0.06944951839178448,0.33471871489272953,0.34311470584668213,0.4392039204186837,0.5033899098629966,0.5702737577040877,0.5699811097759477,0.6147215350407399,0.7044932768520954,0.6807964184576634,0.6828023127535399,0.6945658869854028,0.3654214048962772,0.2908297994655513,0.2154086625641336,0.2725732921094428,0.27945027572803727,0.7668848747385306,0.34509325158286863,0.6228578445459394,0.4304572555748102,0.7023505962588658,0.3040224598136655,0.733076679559028,0.451375594709928,0.5746780630428089,1.2349090560283182,0.6710573580028543,0.7484791826777983,-0.07308961483163942,-0.07178548920785777,-0.07508974422293369,0.13487684231382002,0.20570755094447613,0.3754715135905964,0.4616968726877839,0.5559722897744293,0.6866274733061801,0.7786120388831177,0.8789795023368152,0.9628787713020078,1.041120254557806,1.110373346570032,1.1865769423218522,1.2377423983384301,0.4820920841115181,-0.03867530820277054,0.14636907334075921,0.35206163796784784,0.5491634249213713,0.7092285479342899,0.7901800106169139,0.8456820607859918,0.882525572758625,0.5491086435498593,0.896283957209391,0.8892957754774308,0.8355632473722444,0.8000160973827425,0.7283720441145327,0.6813902107448067,0.8250603907894879,0.8326707332554398,0.933581537336635,0.9276108583537022,0.8627470866033422,0.7586067503025304,0.702216828625255,0.6311044783511921,0.5958274059641215,0.5109460961759713,0.5017157675876556,0.41273025607186953,0.324967341054635,0.20411506076382058,0.06911444667070654,0.1807642165073835,0.7291553878701046,0.9011016201963757,0.9226387260731594,0.847518680843055,0.48381176621744965,0.7177543996049423,0.33332383543292193,0.5072121515078537,0.0,0.0,0.0,0.0,0.5506487319218089,1.0658397948654823,0.2930340290430721,-0.031579048588610104,0.4832882651395904,0.7767341791355024,0.7722921384642649,0.7595734785834553,0.7279380425337016,0.7899071209969926,0.8168325783348136,0.7964885438989544,0.7877122824158196,0.8732522889287972,0.8107685400867803,0.7960508271797124,0.796688729674337,0.7919275924312439,0.8133060082290229,0.7467903198835688,0.3886404451403548,0.4593594129073607,0.4554688301634995,0.5800845209453271,0.7980234322474187,1.0032714416158615,1.211198321588324,1.2700747617474957,1.2732758354959655,0.26980505721424813,1.3624599128730686,1.3607068750925317,1.2626259179592245,1.1385448102946958,1.0209991480989493,0.7721099625431869,0.41457377353306457,0.27535925302019926,0.45212816824778723,0.7152321266345725,0.9059318924813864,1.0124241326143253,1.1127057109770457,1.0873271269286306,1.1352855186734252,1.0600646762532002,1.0220464645809106,0.8907887036290566,0.8025449190612309,0.6840544006691369,0.5976917639708829,0.4974943278205335,0.33968266289002397,0.08387759674798356,0.33424517638266815,0.5625903681344832,0.6735023825851031,0.7830113739825958,0.7356428974867454,0.4110701030650078,0.7001192115743502,0.7481240198776377,0.8415770059004959,0.7387767888686336,0.7117892612518592,0.6024934547152605,0.4823700574310261,0.257614398038258,0.3195963752699988,0.5786403023612683,1.1288990055334835,1.1037929844361138,1.0150993132812354,0.8398121572893098,0.6984197457972321,0.607987283726648,0.44207910514905335,0.325604143405275,0.28102581310397223,0.20011843093469217,0.16514083243043576,0.14275856062462733,0.07871291969608685,0.09988437870912426,0.19491096600856977,0.5668482527837586,0.9016453040202431,0.8720006545410706,0.8773087115849644,0.7759433862092047,0.6327116543402487,0.4622207600326489,0.3141886927866122,0.8524986217936595,0.17647025202990085,0.11568112650945306,0.06645939812726231,0.0495267031650245,0.015118730678727377,-0.019648153849949,-0.04194027505797604,0.051935133684305745,0.3119958031254667,0.5658367259680748,0.6179110677731771,0.6362255999452857,0.5734469968004159,0.5343183797918998,0.5328728573197308,0.48554646397770984,0.4936009208703547,0.45168074301607963,0.43636791227305105,0.4458255236841524,0.4479358999911004,0.4318569069532314,0.4800180338342213,0.5728113766217197,0.5674941926711571,0.5411810802117454,0.0,0.0,0.0,0.0,0.0
2025-06-01 17:56:58.216,0,0.0,0.0,0.0,0.0,0.0,0.0,1.0630491936938953,0.6620636538435486,0.31168032212766195,0.028842537362308573,-0.11374251447300454,-0.11764567397435544,-0.009643505330944158,0.09617470027016928,0.22869483827814352,0.36738393887034315,0.4970282140635098,0.6099563951475204,0.6772365819521606,0.7442414265353153,0.8191143136568462,0.9035040746747892,0.7728161746973677,0.4561719018962636,0.14315687668044286,0.034546860481825425,0.07815588627146397,0.11642653818602611,0.26862454863798546,0.4075485352439987,0.5219234472318441,0.6402877815121903,0.6351163881737515,0.806101255941693,0.9001272018719881,0.9222222267296193,1.0083290198888748,1.1679352116322637,0.8939005234606239,0.27026823110598575,0.029581815186456528,0.06990083405704017,0.11408171514256904,0.3678371066243753,0.343180455879462,0.45395750651643696,0.5117198104481304,0.5829819569585153,0.5681929424125829,0.6058305371278573,0.682033681338185,0.6654664406464774,0.6346674097299169,0.6780676058617228,0.35713888401612576,0.3194213980406269,0.2450173702587377,0.319412959514777,0.309467767104985,0.8013241914703664,0.41289547165084184,0.6428281414470998,0.36809179188525865,0.7578942280409928,0.2536423824845163,0.6702903117399496,0.598888604789569,0.41489593820656734,1.019653134780082,0.5813213132398815,0.722931851316069,-0.06626915754864444,-0.059794885984749246,-0.05248956410583072,0.14833733217029765,0.20208249024840397,0.383112860239579,0.47674070392747914,0.570543910124435,0.6997233295791245,0.78980265200234,0.8861396104416295,0.9686394318251733,1.0478485637016999,1.1202858805986078,1.1893651409981079,1.2425417620282282,0.48223916991174415,-0.04920020280662796,0.14879573278558889,0.36931312003642036,0.5639884217323214,0.7232754950743896,0.8007498812318006,0.8574794763815121,0.8903024989443582,0.5755659385823695,0.9061363005460052,0.8947955015474812,0.8429613213580628,0.7984628521212617,0.7359893320552873,0.6867654925364235,0.8211717299286254,0.8351969648426788,0.9465903228046613,0.9383562107822445,0.8661852927879392,0.7665274605369723,0.7112778305291299,0.6399168022848585,0.6016290077932387,0.5145695144368316,0.5093694481931241,0.42053978290500305,0.32427969096607434,0.2041039509693393,0.0647657761242656,0.19413377621922934,0.7316343935812968,0.9041594436813367,0.9218721632235971,0.8561763579411281,0.7762225600606494,0.6289147113623224,0.4476991077278543,0.501933404331253,0.0,0.0,0.0,0.0,0.5720925767637998,1.052569153756832,0.3140657143163068,-0.01798979174568871,0.4957533855259993,0.7854336851289441,0.774762935767003,0.7569746763263366,0.73279579792295,0.79208234356081,0.8280060983625801,0.7999226950973641,0.8006206409250809,0.8840646403233459,0.8255660284606072,0.8066914777916354,0.8087703317145714,0.804179535566645,0.823578487651575,0.7795272647339777,0.39159915580098037,0.45338598325331214,0.4483942781819892,0.5808289667995945,0.7994768268698074,1.005402303204138,1.2125084993049517,1.277300488447499,1.2796989236068168,0.40162497989324125,1.3745997691481442,1.3714672232677967,1.276196426750318,1.1549547341258184,1.026600226187364,0.7798808063326781,0.41531898292450997,0.27545771123731266,0.44697386586757915,0.6994460228146566,0.9071230192005295,1.0210109025698355,1.1147680745270798,1.0918731642991724,1.1294899645699839,1.0658271049092503,1.0317356819988044,0.9001572312568816,0.8105214382716021,0.6977470479575767,0.6094559232868005,0.5052994132106824,0.3485272695639437,0.06858126713168936,0.3112171755003762,0.5406195307360507,0.5811945637853229,0.6100257488243912,0.8457698869356042,0.6224805950950664,0.8551660081476793,0.5659753494531524,0.7406784505703274,0.5667196566680146,0.849567990576278,0.5777422487735473,0.37810542490363686,0.28325513525628193,0.3221172319655417,0.562162649995001,1.0981397096915813,1.1070404222713628,1.0010706437117296,0.8243085670944208,0.7111324817284526,0.60668539362335,0.47102235832006634,0.3459830382694553,0.3077131511987321,0.2212980892835097,0.19891336607791232,0.1447597847865666,0.10032384962408036,0.09980438292950966,0.1870643684715288,0.545264114888115,0.8893942634332999,0.8618667629729602,0.8829376274238004,0.7674911285128803,0.6448323357301935,0.4773107288865457,0.3389529675683922,0.9329030113540727,0.20077883170396116,0.15240037572677334,0.0920765295431476,0.0739759443007878,0.04391881001675357,-0.002621287141604922,-0.03509741839101366,0.0384440210569143,0.2923074748987745,0.5549284742851781,0.6147244777538358,0.6260894902382312,0.566598734257703,0.544569491988262,0.5389328752910612,0.49124333996571634,0.5038586624458983,0.45261289853422726,0.44959382669146386,0.46653415399827725,0.4668230538760444,0.4462451915873731,0.4899457445199003,0.5738942499887787,0.5648496899939347,0.5448073929489219,0.0,0.0,0.0,0.0,0.0
2025-06-01 17:56:58.219,0,0.0,0.0,0.0,0.0,0.0,0.0,1.0242815180796758,0.640179316795132,0.28587184430844903,0.02118900965945736,-0.10783353585550792,-0.1191902908563095,-0.008140093838278073,0.09739496204424292,0.22790420218033447,0.3462748152053746,0.4882331419729447,0.5985196923368286,0.6650809349572577,0.7292075828545372,0.8109217651979229,0.8847302353223593,0.7692963054401035,0.44631318127748804,0.1506836233986466,0.052678407260564386,0.07533648395373027,0.13369987345728296,0.2782072537245257,0.4163349305954751,0.5220061616115703,0.6434579917685901,0.5679529816896359,0.8042303328663737,0.8850882339497788,0.9081970520506296,0.9945427782109812,1.1385025659661676,0.866560213561161,0.2826050621305275,0.08201835895391496,0.0903663584657346,0.1355574320337487,0.3650587658919582,0.34971510208378254,0.4671988051973053,0.4928363294170559,0.5868109862939974,0.563689633397547,0.5869058500505903,0.6710670824746644,0.6721679576455091,0.6288567939844615,0.6554321757966557,0.36580637140980427,0.34951172635170685,0.3039283454636399,0.35704504317848174,0.3482384277778885,0.7064339176040721,0.407815661990527,0.7001042171653551,0.45428420336789677,0.7209504348052025,0.32798250457650613,0.6342567684868536,0.8074186218313273,0.4358481397473609,0.8854534143780894,0.42784371363091755,0.6678277691550245,-0.049423004917260246,-0.026892519103046242,-0.022075457512171992,0.1717962590816573,0.22423178092882656,0.38724392082013814,0.489766428828764,0.5739262328027517,0.7036355610903193,0.7913469194984157,0.8801294565450939,0.9645449798532927,1.0428689675786198,1.1224330640212317,1.1894647220933923,1.235644010071928,0.47488451165802986,-0.028209944185966562,0.16996814868484966,0.38094592120839454,0.5710724362532191,0.7273009637527954,0.8059480753778474,0.8639702015554716,0.8994395722455606,0.6053602736288524,0.91197552626806,0.8966079906687635,0.8450069862601012,0.7941070101754305,0.7418775291136934,0.6941802900707761,0.8357378963987666,0.8495779940670166,0.9689626156508422,0.94198140872479,0.8800538836700527,0.7773844968120309,0.7232408284520289,0.6549412466338826,0.6086713050650234,0.5222986558633735,0.5169075299520098,0.42742339720576616,0.32944566343142623,0.21488666048188898,0.0715688105532567,0.21585602996051645,0.744322336736726,0.9070910696251893,0.922212820163185,0.8600861230464565,0.9255645003436133,0.7303952585132019,0.307686646248527,0.35174006563431626,0.0,0.0,0.0,0.0,0.5323883320683636,0.9807518883197042,0.34850303587383147,-0.0250321349818316,0.4999136996313002,0.7860154251508622,0.77984816362432,0.7506027149520383,0.7435233587841295,0.7864901578885577,0.8261603891483871,0.7968369820037764,0.8027503420911537,0.883217343313051,0.8300831552540902,0.8038798766673974,0.8063539250689857,0.8057101810153486,0.8197775975155646,0.7842562358963399,0.3822370710606055,0.4476778832011681,0.4396268275624793,0.5703564516353665,0.7845707667066566,0.9789065297799682,1.1901291439632944,1.2666662376338833,1.2666199654539374,0.5310794772343732,1.3684241566386488,1.365562837309367,1.2781563639784874,1.1583146659309862,1.0288625890790126,0.7813566947191108,0.4023302165197983,0.25153161037393823,0.41501943115992346,0.66470824919871,0.8878811179522526,1.00026448219003,1.094085634405451,1.0798340194403917,1.0999988427592573,1.0473138291444224,1.0205526751960168,0.8927669719174122,0.8020753123964189,0.6975589736478545,0.6068249880046545,0.5154909219701029,0.35999504436156643,0.03959191497555498,0.2749821231705868,0.5058392501358419,0.5159886580975858,0.5477838283250105,0.6640881535941504,0.8246208459496679,0.8242177401709996,0.5466490827018773,0.5852956410520662,0.5094811450871828,0.9722806366972409,0.724450779842881,0.2597227998213225,0.2951431914646346,0.3238138308102741,0.5651739008353188,1.069797362301944,1.0776925443948395,0.9686226143983868,0.7998502276352188,0.6907957172788699,0.587180769997456,0.45741385939276813,0.3367397168435602,0.3089883646321341,0.22889355947407508,0.2196973931949524,0.14733621072689962,0.1112669259284359,0.10685458282812388,0.18107099339430205,0.550711430813825,0.8749067184723335,0.862759802617669,0.8766168002276412,0.7521670550592974,0.6501563376298716,0.48389109824898857,0.3639944569938913,0.9163185429838118,0.22543713977221502,0.1795641517959179,0.12331723610741507,0.1007793232842934,0.07144477928818904,0.023023330322551216,-0.013511737235927967,0.0184916470707695,0.28022891540549344,0.5453054364144418,0.6076091670170986,0.6178629634264776,0.5651727077080433,0.558496098854562,0.5535375906252158,0.5022539405278867,0.5165053532779587,0.46397692277198144,0.47125456641726604,0.4892198178740559,0.49276419275958105,0.47818549005553956,0.5158965315464812,0.5830892017279108,0.5779028261673816,0.5492948612899742,0.0,0.0,0.0,0.0,0.0
2025-06-01 17:56:58.221,0,0.0,0.0,0.0,0.0,0.0,0.0,1.0314724757609215,0.639685627303163,0.2767852995794442,0.022604198182117563,-0.10069512034264716,-0.12764451654973585,-0.0005446022034203413,0.10201502662390727,0.23736331874875716,0.3538133439086403,0.4953873471151535,0.6146032155093839,0.6901821979084257,0.7488160844274451,0.8320023849403102,0.910810116466655,0.7916105161092541,0.452171564394012,0.1433798437086674,0.04991524606558362,0.06685663740648318,0.14707091979049092,0.2747201368817431,0.417184102371303,0.5281826968827694,0.6635328775094471,0.5409998262117062,0.8216773462783745,0.8977336852255187,0.9356548186864296,1.012765756635548,1.170400467310416,0.8948292096564654,0.3112255198820023,0.09021581497482689,0.10433381459334878,0.15130178224985857,0.35075697920388227,0.3633542585713838,0.4787182403515726,0.5157646515662542,0.6345995577095809,0.5972128385566597,0.587001071840234,0.6912076422892329,0.6849712317642809,0.6429771548888578,0.6574233654898849,0.4302277503933517,0.3417908350661537,0.321435723215974,0.35330281894016435,0.35000149124831226,0.5286505226904161,0.4516120282825239,0.7734283264566191,0.5262950448827359,0.8868370891873469,0.3946812413992661,0.7010942317473293,0.9767231805148799,0.5505288864624219,1.0052268368035824,0.4169238936780576,0.6488835802064248,-0.057138668394730974,-0.030677645719213498,-0.013333523404064351,0.16764708738721423,0.2254773769473588,0.3773683437427293,0.47746336411460844,0.5623663117147626,0.6827943452821836,0.7836014584679742,0.8727443060601747,0.950704076846108,1.0308798507267696,1.1141224901062095,1.1779674762756498,1.2325939175864626,0.47618119067054415,0.0021435194823243853,0.18997557935953813,0.3871108050105425,0.5797488077460538,0.7211555085146779,0.7971405942348939,0.8589816435728741,0.8974528604227217,0.6414861787236175,0.9089787426615386,0.8776090262029937,0.8303611802288168,0.787109966324928,0.7368765437813791,0.7035044760003358,0.8655075362988169,0.8845848017477708,0.9905233435125225,0.952438526863445,0.880398637482237,0.7725218493048704,0.7284225702946308,0.6568250617886688,0.6035251322202255,0.5227594584310591,0.49686425074617513,0.42520384639435016,0.32315101934053825,0.21153349060087823,0.07745291438099111,0.2390741653235447,0.7743119180952857,0.9257390421405081,0.9411559274301062,0.8718402817188629,0.9601411527161521,0.751851435665676,0.31021568974718533,0.4857278062702963,0.0,0.0,0.0,0.0,0.5073387251841042,0.9546269974297648,0.5593177375986869,-0.009644804382779482,0.5322387464962572,0.8081152592000532,0.8028214464985624,0.7583960220965106,0.7586957243041301,0.7883321361354414,0.8258339027725152,0.7921719886032164,0.7706867520020668,0.8582779956452558,0.8073772763008622,0.7743123595969672,0.7746021060119623,0.7732103732735882,0.7804148692284274,0.7340145316465525,0.3953747805271852,0.4744159686566778,0.46080417812788665,0.5811197852515462,0.792233423206427,0.981980483257332,1.1733872526248632,1.2376938293837954,1.2539324742716687,0.618801207042387,1.3432724570051007,1.3276079689385702,1.2495720115147313,1.1286687519969303,1.0001080478584154,0.7466052214279366,0.3872124943458956,0.2798965361793849,0.4450493710558575,0.68114391523279,0.9061761439553884,0.9996432250954699,1.094017441341005,1.079748977227114,1.087041674732912,1.0265565883567773,0.9889908973396575,0.8709915066965458,0.7801081263366837,0.6786722221345625,0.5859087290661353,0.4957075139637366,0.33868517963840106,0.023241032339132113,0.2984959308032734,0.5278623891053077,0.7180373242189343,0.597292937107608,0.5860976926982326,0.8193022902095205,0.6860066093990318,0.5844460309868555,0.46849092629163186,0.5189343834950608,0.8990228716566501,0.6843625851351053,0.24626641764689663,0.2784687897697669,0.30846152080530714,0.5707233034900216,1.0719666432183934,1.0732677841968927,0.9778560238147701,0.809221488154132,0.6768207795273973,0.5724960581370615,0.43358386300527996,0.32056663203795766,0.2857650175269575,0.2001506373412043,0.2063636322888438,0.12154278333948121,0.07944556564948035,0.08463392250234525,0.16674848568988526,0.5570427373864415,0.881646733220301,0.8649541414750097,0.8656153036730806,0.7256891442836995,0.6365543228291268,0.47968863379618143,0.3393734021197983,0.9150654970706998,0.20943532030516665,0.15792285268210682,0.10488540845703542,0.07509259859172224,0.05492792370414723,0.00895046333148708,-0.02436724724896544,0.010988159565176459,0.27161252814418024,0.5467768559953634,0.5991792201631777,0.6116058243154203,0.5489651441160117,0.5523742348497924,0.5347306084242509,0.47655268658902483,0.5118717721576538,0.443180324656423,0.45217880050308135,0.4752752624252319,0.47740017123655465,0.469720583001908,0.5052669765071478,0.5658656981282324,0.5905091131573593,0.5389794084699853,0.0,0.0,0.0,0.0,0.0
2025-06-01 17:56:58.225,0,0.0,0.0,0.0,0.0,0.0,0.0,1.04328973913609,0.6375359286733019,0.2831265244955905,0.04032219851468044,-0.0759229847187386,-0.11458804525367872,0.012234750006145267,0.11766624297496464,0.24633248407876052,0.3560557956954512,0.49843601751208394,0.6242263374197974,0.7063353763919016,0.7566423291208606,0.8351188077551094,0.9134370887360171,0.7957958255620717,0.4684494643139598,0.1544612985864927,0.060881552399011274,0.07827523474258391,0.1612621594963901,0.282361416598506,0.42570549079440445,0.5324298087580872,0.6750518913805628,0.7386650829475097,0.832829795098388,0.9087592998091625,0.956417931835892,1.0193365342465055,1.188821653956225,0.906789598889358,0.31532150472881293,0.08184582625987424,0.09511716700854511,0.16292499414996575,0.34817466930561247,0.38625258917890415,0.49830917933283625,0.5406984218737803,0.6664912463317676,0.6222025290622286,0.5866819248142158,0.7134334035166944,0.6921076981953114,0.6526848590707988,0.6993802170156145,0.48784076681098554,0.33360241333929685,0.3175372925374156,0.3525267556225138,0.3538949144040391,0.6141943686208391,0.432855134364728,0.7637743702702777,0.5469117285943296,0.851667796910546,0.5130280002133172,0.7554750413114053,0.9869561137382132,0.5370725679132934,1.0397106979120496,0.48092832968057786,0.6467708192653496,-0.07242023530630999,-0.035524013836616075,-0.009264626488352468,0.17076028968003687,0.24538870775680288,0.39061986741548305,0.48727229585303466,0.574835053076715,0.6796730535856601,0.7897479875339104,0.8852418559496746,0.9526789746735337,1.0344540715870671,1.121466956660943,1.1812001781321158,1.2432694926085464,0.47952319687644845,0.019713320508671583,0.20224310598789286,0.4073162796156691,0.5991405662817824,0.7220684288438091,0.8126279022910494,0.8718237472077219,0.9115251736362253,0.5387561199349784,0.9204650339444782,0.8789459561456706,0.8432160993180823,0.7973548007123953,0.7467198024274597,0.7034554293722993,0.8608926633800879,0.8773862826341478,0.9885512943421642,0.9508285575648656,0.8730752792482337,0.7862911062206781,0.7418005814485036,0.6688942555804385,0.6197307583222702,0.5474070160220204,0.5008519836948169,0.450346300315392,0.3503106690771389,0.24217402475789418,0.09321409070908826,0.2366380730086391,0.7475899269668386,0.9228622820989891,0.9459609344429243,0.8792324846382635,0.8787638660224677,0.7609722518234483,0.4595133008536459,0.6329571425096752,0.0,0.0,0.0,0.0,0.45524163044525023,0.822637145837978,0.6625139457089368,-0.04422727344270244,0.5200554359687912,0.8037006279656825,0.8098874640694198,0.763522068329742,0.7843221297093321,0.8192893872164528,0.8563263520133009,0.8261354219165398,0.795317296561636,0.8951627045131172,0.8339528184270515,0.7937064473700373,0.7945878566328275,0.7837827619431244,0.7797249567498541,0.7141424338371145,0.3837303545672577,0.48024439694695564,0.4730754247632889,0.5961767431053813,0.8202397623468898,1.0107711123585736,1.2019267595523697,1.2649968176371906,1.2959813809653442,0.616584365417568,1.3749114735285146,1.3391887010510368,1.2677506552056719,1.1405016293548642,1.018010131459061,0.7549884797453732,0.38173932969177743,0.2786184551662415,0.45822232347112923,0.7003774810943948,0.9247478137412481,1.0171239371934833,1.1211477789146196,1.1117816979372523,1.1208837640624205,1.0609072066220429,1.0111546795490631,0.8996894137274837,0.7967532419741724,0.6973558110100568,0.5990878694724399,0.503143702781982,0.3471622922796039,0.033113049774962995,0.3069246638429891,0.542769098661083,0.7114863621217952,0.5445566745236131,0.5302192949722825,0.7277295613928744,0.59872288731542,0.7049797031995163,0.35533658576619814,0.5188937938894447,0.8002239819164518,0.5677841223424501,0.26861970675627855,0.3104759854502523,0.3213710453691621,0.5959842852004748,1.108675007099891,1.0813493152084546,1.0036555289044906,0.8430798716872707,0.7252878573679917,0.5997349418306483,0.4512990046710159,0.33950503965732337,0.3073262182055796,0.21170063242776327,0.23114142061793297,0.14943826748209676,0.09410923054727505,0.09509284891281788,0.1642952598420297,0.6008430364778281,0.9078153636266397,0.8704430787405719,0.9025353409119427,0.7615525896428716,0.6798196488461188,0.5135791582843876,0.3765400363599116,0.7481408022277997,0.23347806525262116,0.18521854551714534,0.12898014905621857,0.0799217064394736,0.06650564913625712,0.020913632303498964,-0.02045811016416771,0.01886703745824375,0.26885698074790587,0.5455219770141613,0.6099227643548838,0.6229195725279586,0.5726342055143134,0.5811129288391719,0.548150753199494,0.5012179304862008,0.5416449618607726,0.4701534865132213,0.47311250797317594,0.5052702853618751,0.4986221587995542,0.4906267053865818,0.5274306718332571,0.5582728311052718,0.574241585638121,0.5222612573580339,0.0,0.0,0.0,0.0,0.0
2025-06-01 17:56:58.230,0,0.0,0.0,0.0,0.0,0.0,0.0,1.0326166659040366,0.6277948715804593,0.2954629310237773,0.04885436870123405,-0.05814666705937177,-0.1046780373770072,0.03541498094668083,0.1315471584145006,0.25606003841841474,0.35219933555318383,0.5016599309423464,0.6232289874395213,0.7028124245387224,0.7560497756491147,0.8314247465979266,0.9098254972168419,0.7947756928116908,0.48730848499175966,0.19145056906532587,0.08800470482151102,0.09204753446184277,0.1790004484721348,0.289819320377658,0.4314054861685228,0.5365965556171626,0.6684930807527787,0.7574090375157942,0.8229685518209658,0.8934769487010745,0.9498524055248779,1.001193847346724,1.1651762326721826,0.8644518675653481,0.32031041356843726,0.10600745648033438,0.10733664594843173,0.22089892872734906,0.390408048932835,0.41174520205357257,0.5019399646655525,0.5336484256206089,0.6639341831165928,0.6240771414201598,0.5774302639441314,0.6999629217097331,0.656361664242151,0.6343365005238637,0.6721665453998789,0.4397292340528367,0.34892929856039284,0.34112953970766324,0.3777428248335015,0.36676751303613053,0.4302668386005856,0.33578059164511764,0.7159034108922031,0.5541334535916957,0.825655784119004,0.6258172008926483,0.8521041336896686,0.9451019004985146,0.562077253800257,0.8364395222453864,0.6502297633967095,0.6232011407191338,-0.06008529893169709,-0.018875690155979674,0.0022013118587844716,0.187912355472297,0.26590620870894965,0.4037500547474564,0.49712393730420223,0.5766954794875876,0.6813215196896323,0.7870611772469032,0.8783289697688106,0.949456942698684,1.0276023941060575,1.1106443335587983,1.16673213138301,1.2158894759176249,0.46441204916203943,0.0351643765730284,0.23382687503410393,0.4391222711230718,0.6201530177959309,0.7312345397622191,0.8192398676633732,0.8802090116453689,0.913229646495114,0.5446376174811116,0.9179518773491051,0.8696119470930973,0.8346807771843997,0.7834111529391722,0.7283022368152199,0.6817504374574576,0.8542891197767689,0.8912535579346051,0.9968456156828025,0.9670947046111686,0.8776416976132866,0.7918115456285599,0.748042528475029,0.6715227914546036,0.6167417553564409,0.5405896805187735,0.4856421714018406,0.4348974749284278,0.3382706871425234,0.2299082063252459,0.08169145065580674,0.21482504326905355,0.7404936764059143,0.9229301551583524,0.9519310490410786,0.8822236422321978,0.7315644134292005,0.7128419183925692,0.3802060424842045,0.736987021025553,0.0,0.0,0.0,0.0,0.3379262987240238,0.7722995378515236,0.7276701861293283,-0.04051687813561722,0.5199063982246759,0.7942258086798653,0.8065535627317186,0.7622717847526094,0.777897966855811,0.8156038585174932,0.8434841279761383,0.8322801571452119,0.7935412070858621,0.8967766288775181,0.8330628738454366,0.7957601424223912,0.7988948200346904,0.7936324335843228,0.7787959038889005,0.7269642139951182,0.3935014379503513,0.48280368771217885,0.48160736804334237,0.5947290448963314,0.8255667361272929,1.0117146575140978,1.2055256126951037,1.2765480327639123,1.306228108901437,0.5047748563860945,1.3928537675758954,1.3545202034458144,1.2833239560078766,1.1551209688983457,1.0376831333882586,0.7724731412097454,0.4031860912438932,0.27639359068788216,0.4410363107451084,0.7008063021795505,0.9086959207108327,1.009759912680506,1.132033514189568,1.1181438599246258,1.1302037440166521,1.0728452480756534,1.0199031176097146,0.9141546583668666,0.8064751419037565,0.7137403830198543,0.6067272233277733,0.5144258400735358,0.35967412992049325,0.050534894834885914,0.2807561713862061,0.5311534360696816,0.7665058339910668,0.44254561290667505,0.5273047973398053,0.7882740434128565,0.697922232135771,0.7243600303929394,0.4372562255596886,0.4975525618945294,0.7632877057618042,0.5085640193929856,0.2115301088196496,0.3379719196452699,0.32973608207598776,0.6220252271998952,1.1076525516954923,1.0505726322307483,0.9807519311405034,0.8280512600549357,0.7038177300487429,0.5925754573790538,0.44095288717556325,0.33116092192841795,0.30205321861705126,0.20737906801113293,0.2314453423273457,0.15851645418609195,0.11609296550744219,0.10856625072968806,0.1717650687063343,0.6559898521364012,0.9247472669712856,0.8655264497568287,0.8982471716424779,0.7709261468943549,0.6749467914475598,0.49763337053626144,0.3668516954158523,0.5826167166959921,0.22716325153446815,0.1719230687440354,0.12304049067711831,0.0661001684331809,0.0448753893952869,0.010709736006653925,-0.02274222026814765,0.03875271383550222,0.27741360979172436,0.5467317951239161,0.6020294027421703,0.6016332104408133,0.5631737169397653,0.5683985796097875,0.5259668888524553,0.4928973658196272,0.5197991610768096,0.4684123110596323,0.4579229224455017,0.4857780769889022,0.4744576286536778,0.4653881404286888,0.5180664770824976,0.5425378912525903,0.5873442611236556,0.518202423730328,0.0,0.0,0.0,0.0,0.0
2025-06-01 17:56:58.234,0,0.0,0.0,0.0,0.0,0.0,0.0,1.0261006346029888,0.6198136263101119,0.2836533678417211,0.040192491760314475,-0.06490517041821176,-0.11439309916788054,0.0347553348212335,0.12669251309841334,0.2588889474846968,0.3591539773914256,0.5081742241198453,0.6316255995213169,0.7041299775829846,0.7561233231700718,0.8468524169785363,0.9163114093558137,0.7905556294787275,0.4886050464264114,0.17998785986459565,0.0885533616609876,0.09331219566176818,0.17258965283063143,0.2912505357405728,0.4192374707858546,0.5300926086999636,0.662955136958816,0.6352889389149247,0.8177541072852074,0.8824095823193481,0.9446681128295563,0.9887116034558123,1.1464065055194372,0.8475039451264723,0.32464727087147305,0.08576031561267972,0.10920747509322237,0.23174176644313538,0.3835567710541603,0.4007555862082439,0.48543187750634686,0.54317004326684,0.6417978126270596,0.6121600555002449,0.5853079151715318,0.7039998719204145,0.6356724646000391,0.6444154663067062,0.6533064404774984,0.41104818974427426,0.34461622203224196,0.3212711912051277,0.34124677591905583,0.3481295305680743,0.4730856769313481,0.25070845178472756,0.7044493011542332,0.5467348927246292,0.746466859153183,0.540262722406902,0.872635667209926,0.7889937683973178,0.6666624474975401,0.8254035116881917,0.8174300305193369,0.6441719646092554,-0.05108325303242754,-0.04991598624323723,-0.016215784741636208,0.17866032496358275,0.25628966761003036,0.38905833854149696,0.4867053863601294,0.5663059496806733,0.6755062901399924,0.7860946058985259,0.8725187521078044,0.9449049253890115,1.0253394244353766,1.109591194238572,1.1673880444034688,1.2199848285229147,0.4776146166954283,0.041522945004930034,0.2389200346968392,0.43592595436827564,0.6162875334446578,0.7169144501587441,0.8098916671614518,0.8773993783931151,0.9051834496007627,0.6774337632846035,0.9093377928730455,0.8562917420307058,0.8223306391015114,0.7725272990645483,0.716724631628928,0.6641025216652545,0.8493798916743796,0.894764166630582,0.9859163414348799,0.96182275977057,0.8633650085638511,0.778507045486087,0.7349690195889433,0.6574124181893546,0.5971150339099347,0.5272599373244349,0.46274105549205546,0.41011422231380346,0.31753458925372446,0.20479950024662708,0.06604787946972412,0.19621908680827088,0.7348259959431189,0.9120897438835736,0.9472529759980315,0.8696130604079142,0.5392723962955155,0.7615352858845954,0.39677189159414833,0.6571225126180302,0.0,0.0,0.0,0.0,0.1971729747879506,0.7477896013604683,0.7446109268184485,-0.025047176312134933,0.5231027828126649,0.7885897403350132,0.7978191152178518,0.7495426690092525,0.7601677992578897,0.8015594826207966,0.8188903488818955,0.8178680633291369,0.7790395330704869,0.8838408419897146,0.8242607691977344,0.797614944153656,0.8030608643333277,0.8069477741258722,0.8000428763304448,0.7674852709754707,0.41472807841750514,0.4762837046509937,0.46077276471899675,0.5683611715669274,0.7987901268073607,0.980972080814698,1.1867124215814195,1.266412229911661,1.2943120998780124,0.3631533240017372,1.3917402959220029,1.3583226982797276,1.2969471380215956,1.1687107884967416,1.0728002323844672,0.8146410602435408,0.4752998383353735,0.2752390997496751,0.41059279922531966,0.6702851597679966,0.8708454889231159,0.9668390202481361,1.1137352270768446,1.1009635141788017,1.1171828091986074,1.0663178932316635,1.0245003431625501,0.9192593779199544,0.819216320502317,0.7219731583357101,0.6206755771659803,0.5414651350018038,0.3837326500581933,0.10399168830585939,0.2144230942365729,0.47746495358687124,0.8431309357052125,0.4889797868277441,0.5982449295018398,0.6821298646352613,0.6565160131041246,0.7238380643068296,0.527847520472696,0.48605411709363083,0.6079446212729376,0.6664441022734009,0.1876758246621146,0.3527568941882579,0.34272982351726405,0.6306067506707503,1.051566048368197,0.9851534237372237,0.9434975688398092,0.8159050274720328,0.6675636465259311,0.5700224299483021,0.41882960060645,0.3279522008109179,0.3006839729244575,0.21741710551430704,0.22620527811941282,0.1755686377248602,0.14558374156045772,0.1540181205357649,0.17301810600981532,0.6459966147701175,0.8794722877950046,0.8405785975350202,0.8551121430734782,0.7483527573043933,0.6261710965683993,0.45595240033118656,0.3457130445372276,0.4472420313004728,0.2080133532521946,0.15500284222961191,0.1287422540669454,0.07589195221309486,0.05145837400798148,0.02755077559317287,0.008691973834632716,0.07388857762177647,0.2531680685531291,0.5137375489327167,0.5675051498018852,0.558168876840984,0.5362007121581194,0.5383447548156364,0.5023165458018528,0.47448610498368504,0.5130356341341644,0.4788387817002966,0.4525320428290931,0.48779339040288283,0.47581947526301105,0.46955296570216154,0.5457302930770631,0.5592813377361745,0.5842914972034355,0.48647537097730287,0.0,0.0,0.0,0.0,0.0
2025-06-01 17:56:58.236,0,0.0,0.0,0.0,0.0,0.0,0.0,1.091797832600566,0.6695124862011901,0.31875703981464654,0.05139595581853473,-0.10239907623960409,-0.14727222609162227,0.006982008279876939,0.10759817774968972,0.24783813274180932,0.36106538788479803,0.5214727998219915,0.6448088444510817,0.7179733205855143,0.7812834861889533,0.8764715056843847,0.9592727966963103,0.8288749793389197,0.5008557868320718,0.16898477512523702,0.04745374216065901,0.0722704186308738,0.13137007475985807,0.2700490135767242,0.40062596153269836,0.5224743155262861,0.6647604817305963,0.6993410926908502,0.8337097091043485,0.9078148583500956,0.9747968249364717,1.0275012943119068,1.2241968612850305,0.9413803007476675,0.3558435128407861,0.04038984491063613,0.059867358544872795,0.2296005076273968,0.3503053751571614,0.3798616197069751,0.48700155988435845,0.5305590277628847,0.637571918482726,0.6322576189869973,0.6020971460773842,0.7277099773550856,0.6396184438297425,0.684570421493589,0.6893282335573725,0.44439608886928483,0.33201199276631604,0.24774804498398306,0.2916149520143525,0.30381680598210714,0.5281030276956664,0.21796545801077627,0.6576163536957376,0.5745632767342139,0.6847453077811773,0.49011692273649776,0.8118308461280157,0.6169307405741316,0.6287254463479506,0.7745585262227357,0.97170766378024,0.7359089569498314,-0.030351463913668025,-0.11582304480449801,-0.06751240169207762,0.13699885952647506,0.21924968166862535,0.3660639001976145,0.4666017139263301,0.5624703401714488,0.678195796950003,0.789657956711781,0.8864462480875717,0.9656850520681154,1.0560825412805772,1.1393121992825337,1.2063833045874288,1.278476385771902,0.5090915261188409,0.01023552509563641,0.20096010604332148,0.4172318885294972,0.5994737599772175,0.7009838088113844,0.803322461249361,0.8824018704177155,0.9072182742899011,0.8532363870031987,0.9193435444721045,0.8692129070453031,0.8380829234724646,0.7857083782786508,0.7303882123527883,0.669782239662815,0.8295647723137952,0.8657196421080314,0.9585267319475652,0.9521379174742417,0.8448772341093373,0.7743414969468299,0.7333133257800775,0.6565096310935741,0.5964876913314814,0.5256772091600102,0.4654925602000679,0.41145508401313635,0.322625518795183,0.20430833692089567,0.06602829047952097,0.17342309854746746,0.7158906939474801,0.9026129793915685,0.9436210320903125,0.8715943209875101,0.467504226358793,0.6545897863987244,0.39001501852406556,0.655285470498342,0.0,0.0,0.0,0.0,0.046106134326761083,0.7379371878827266,0.6947580365510071,-0.017543223705264233,0.5276130101827203,0.7834503035550833,0.793629388699959,0.7500115877113375,0.7592450462803166,0.8189522704730254,0.8431189618248984,0.84898135336066,0.8111144330029774,0.9153827757030624,0.8484274756547934,0.8238663049189756,0.828930516981403,0.8288853168288628,0.817677391072501,0.7921282995732861,0.42479637179047136,0.48289505957849066,0.48014428842284107,0.5884145913698651,0.8359531477138453,1.0155493727330471,1.2295697879874279,1.3048642496184708,1.3352478577479825,0.33197022483799316,1.418139139675334,1.3812746286305586,1.3169594440752743,1.17339711945402,1.0760573798374493,0.812851075945401,0.4884624133730544,0.3212326355219327,0.45751087361552545,0.7204813165740946,0.9249976261212942,1.0253988778165002,1.1738140745190888,1.1398719520932283,1.1560338607434537,1.0986753147287551,1.0417237522489264,0.9338800087491793,0.8271382727101445,0.7186909131865507,0.6157639327227055,0.5278253787186545,0.36351160083073325,0.13144596202238143,0.27222266025647424,0.5268758043175196,0.7120590769453718,0.4655807519757411,0.810535228790726,0.5919630369444686,0.8623877329032958,0.6968446369103358,0.5719578672958399,0.4241879498343852,0.42112970157382623,0.5569869294606327,0.18553667608284377,0.33455387323117586,0.3284901428711005,0.6310167495841293,1.106727910250056,1.0369446045014132,1.0066673757179938,0.866966424189012,0.7248953434876644,0.6124094568077387,0.4515120731777753,0.35019498057002196,0.30010810601086635,0.21225814243982777,0.21329924799119548,0.17671215435018328,0.11968738795149991,0.1272310166199233,0.1581440917569376,0.6773077118559347,0.9152135805953323,0.8758606580236097,0.9074270234906007,0.8128599951174025,0.6560921800576285,0.473415680111575,0.3632050632852406,0.44416652738232787,0.20360198285102538,0.1583716518029279,0.11539577535313406,0.05761238419884995,0.01789351383008775,-0.00345606728226866,-0.019321524545853785,0.09922925726364307,0.30786790543402176,0.5678590825200596,0.6184016570109717,0.6026276162029829,0.5934568454659992,0.5808177839899549,0.5324893243393032,0.49799718942344473,0.5247186724151163,0.4815096489295405,0.43454178972155333,0.4705273231410805,0.4382529683569142,0.42859171733763546,0.5077814982526783,0.5536160527448479,0.6196170160616156,0.5312395879413823,0.0,0.0,0.0,0.0,0.0
2025-06-01 17:56:58.242,0,0.0,0.0,0.0,0.0,0.0,0.0,1.0867963763404076,0.6550025424298926,0.29162702352844794,0.03456086751387677,-0.1316571287871492,-0.1564767594177785,-0.0090568265314116,0.09633416565069564,0.23145049836324427,0.3593323151910859,0.5254678504041683,0.6415414988445635,0.7065162488979324,0.7790326533037951,0.8661018046448603,0.9527286822561555,0.8321149527409158,0.495751171686829,0.1633451106205338,0.025702489948905227,0.057518433635809885,0.10589780239374469,0.26305486287730684,0.3951427678327559,0.5126861418635564,0.6519683047190903,0.6389785154986677,0.8343510685315952,0.9183871667862715,0.9720256665257426,1.0358500804833823,1.2622024349345131,0.9718182083146489,0.36336347801261304,0.07293450991075967,0.0531844000452375,0.26361153289536343,0.34331120255041436,0.3869844887380598,0.5033622749907181,0.5158340568864455,0.6287984493632077,0.6326659895801894,0.6127195585069697,0.7278679202431148,0.6402688805447556,0.6871280776051447,0.7307998423632707,0.4307501471353321,0.3633535178833112,0.25462460509958085,0.30716008498254066,0.3261119183014525,0.4870909943195579,0.21912958220645723,0.6439413836710468,0.5580557639443232,0.6251420191392598,0.4868766828773514,0.6704963452606574,0.49933432072289824,0.4806453339541642,0.6283359517341419,0.9680204550837082,0.7229374609895363,-0.01160721819266683,-0.09080483123531968,-0.05006303800095302,0.14705425730439403,0.23503111164898272,0.37597348779964945,0.47501161063128805,0.5693440369677798,0.6908009127808805,0.7934235942323209,0.8838605618660991,0.9686570132646338,1.0570543626123199,1.13651404074323,1.2134104453265389,1.2765276018078375,0.5100073421209246,-0.0061130235733979355,0.19024681593315917,0.4184135066619561,0.5933745068643834,0.7020975348354597,0.8156641984210014,0.888232381989384,0.9122190156707093,0.8127165302045827,0.9224486808631822,0.884708130569725,0.8480762986204354,0.7938278272190132,0.7403834780886058,0.6734424478104091,0.8308716449796112,0.8473686966536119,0.9656544852731641,0.9605777250538552,0.8534992312436753,0.7849150540980665,0.737968839858,0.6584634546884742,0.6068470413238474,0.529548055142322,0.4865821422391434,0.4174718608851631,0.3367804213165433,0.21625337685534818,0.06819091591733084,0.1738176815983138,0.7176394010840307,0.9070495396342795,0.9486641369607072,0.8754201941700399,0.6889991075598345,0.573082800088687,0.4185211901794213,0.7865004203977044,0.0,0.0,0.0,0.0,0.0874343480494772,0.6485842580793373,0.4642443644155837,-0.025436787914925374,0.5343653669579962,0.7819627794629347,0.7903044686075045,0.7530876383108639,0.7696892192073801,0.8224125763022891,0.8508323984889055,0.8560826832202175,0.8247855617652529,0.925505396324299,0.8526905789519912,0.8275436762854298,0.835532553733098,0.8362399159251468,0.825231421086372,0.8003692752170324,0.4228033118331662,0.47691342858672525,0.47477551508878646,0.5892086119973585,0.8285817319413435,1.00085221775739,1.2305598951741263,1.3136891257845849,1.3338873957932533,0.38500933957754174,1.4228525786130217,1.3880770739119113,1.3223238554441192,1.179994410589754,1.0813502889817947,0.8269300641916497,0.4833178123592897,0.31554355447540006,0.44339158641042486,0.7097855319227417,0.9134488560031238,1.0171957522380548,1.1566149396022842,1.1278331628030152,1.1485148913572836,1.0977258546855322,1.0493171777236223,0.9322176035135276,0.8267424054294813,0.7192081341916305,0.6175272779146749,0.5281089620328061,0.36548456782571037,0.1419738507917419,0.2704969323702845,0.5128105186047499,0.6431760371263817,0.42903548045428175,0.9387963922723107,0.6270536951042909,0.9286309347027129,0.5786203559467046,0.5481936963001945,0.45487831265616746,0.47856500223972764,0.7254109060642433,0.16016559349452633,0.3255196321980282,0.33954505033640986,0.6255865355146577,1.1142953857308322,1.0596345136110379,1.0136398865987766,0.8557646867584512,0.7411963148630891,0.6229706692593573,0.47155090604593686,0.3568544604172834,0.30808000902090393,0.2094924614209972,0.19820617520973682,0.16889955015577018,0.1249511043762711,0.11677433488271671,0.15021104688363435,0.6800043095279262,0.9249581250018686,0.8832404756404624,0.9350632385338488,0.8556253512363836,0.6882484703243152,0.49457967464192243,0.39358121416173986,0.4295576661843241,0.23055934837078707,0.18846806107569924,0.13479996225412183,0.0803754877505446,0.028591416261590452,0.007927391005594586,-0.022300400971465684,0.10341606642290924,0.3133724266408665,0.5830663590799523,0.6416818443320068,0.6242102043350164,0.6196677162435589,0.6085110489420913,0.5668391893115867,0.5271224062164157,0.5534407699161885,0.5081175220639929,0.45770302138229835,0.48797445370295156,0.44866940660795895,0.43774224154012575,0.5238377780336905,0.5674237824147491,0.607150475402677,0.5652811530864987,0.0,0.0,0.0,0.0,0.0
2025-06-01 17:56:58.246,0,0.0,0.0,0.0,0.0,0.0,0.0,1.067141565736534,0.6312365709421215,0.27014486562600426,0.01651350737477142,-0.13745805485117946,-0.13894946057876867,0.006010776542965557,0.1198356068766997,0.2436653975982085,0.3814894592587782,0.5405483268796858,0.6566545197271935,0.7136457914452499,0.7896285767904044,0.8669146725309748,0.9586309201984763,0.843787240765864,0.49990894934734703,0.17464192926835764,0.02094943682892625,0.07228232501486853,0.10533668427838072,0.27025000821834433,0.4028738590679073,0.527622030417858,0.6553619458168871,0.6409530015841857,0.8371271056829549,0.9158229825106075,0.9695042525150673,1.0284720862721912,1.2647328521139811,0.9644880530135336,0.37992066651138046,0.1152909767000031,0.10222405273020363,0.30325039424071276,0.37688685675696965,0.39355173966477786,0.5307763228377989,0.5090645188669156,0.6310368621354443,0.6153249668162906,0.6293164849662226,0.7310745047059609,0.6295062346139766,0.6809388701728247,0.725009578193077,0.4276347356635487,0.3904622616448592,0.2784520525011319,0.33095215304089076,0.3555667664119302,0.43358107090712367,0.18502308611881563,0.6748306422713708,0.5044578589164294,0.6056288240016283,0.5703149547609695,0.5237749304253728,0.589598606041712,0.4231791415121283,0.6921379638577082,1.0320740492491025,0.6624027285522895,0.035483767941415334,-0.036042434189920036,-0.007836655972775164,0.17786628100369084,0.2471680656017401,0.38207346175647516,0.4781711172675529,0.56667988896111,0.6840078598997725,0.7747194236820143,0.8593269568374997,0.9480709033861295,1.026508635616206,1.1018247433514308,1.1861248632174206,1.22757607185289,0.5187793655542348,0.040790975305819877,0.23954960975379236,0.43692153128929334,0.6037395025653256,0.7021581945253015,0.8101798074477893,0.8781130992736501,0.8982403364768718,0.7782142088542217,0.9035592752773847,0.8635699258792545,0.8178576583750087,0.7657894397073811,0.7054631337893777,0.6634275565258749,0.874688790279581,0.89212907322098,1.008614621737523,0.9807828409378174,0.8694384626773111,0.7853025395456921,0.733955406368132,0.650969750784792,0.5950360383392599,0.5127113628319808,0.47331081811305653,0.3862459473669515,0.30300265022566797,0.19153864415716437,0.04953935650431207,0.19247521693263908,0.773409421174361,0.9321239440571949,0.9746609637403905,0.8843181111843572,0.883190630445015,0.5415175655560698,0.42394056773210015,0.8320693191638178,0.0,0.0,0.0,0.0,0.15939335217366007,0.7632858810069354,0.42531326129908664,0.017756829035127042,0.571835253175621,0.8010696224971303,0.8058158983310217,0.7689858958462873,0.7674190054410375,0.8180484349843942,0.8398725601917398,0.8398463941883771,0.795315544598096,0.8908979367873773,0.8292317902322965,0.7974295838101477,0.8123066392856013,0.8206708151931199,0.8089755641533265,0.7819742737179061,0.44132650312580113,0.4882272826190047,0.4907774339246225,0.5941907108034845,0.8254150476743376,0.9889358126016954,1.217336313829744,1.2990598028290343,1.3150394645599153,0.47120382052391635,1.4023905228052502,1.3736598154540927,1.3089695194643522,1.1656138959333164,1.0666042005413479,0.8146323220933671,0.4873126140669528,0.3259689985516928,0.452079898783447,0.7066135467550632,0.9148087525679536,1.0122064175449699,1.153934192384451,1.1162254478314615,1.1297240830566477,1.0758901691088099,1.03616541462439,0.91382816661638,0.8201717548877038,0.7077330664143939,0.6118926166783599,0.5189577694242702,0.35868886825209434,0.15403135804984894,0.26726064424299034,0.5002230657962697,0.5832965017390928,0.41109540302823144,0.8533111089328301,0.717884275873624,0.949831092535083,0.5238060810904407,0.5843990429433803,0.4309016394018786,0.6786129268325516,0.7684739532928162,0.10514260254799987,0.3143696149783681,0.3379688223437875,0.6033556711028004,1.0797410350863446,1.0473740977001071,0.9985414865637018,0.8386355900277198,0.7092389928258054,0.6061408804607562,0.4598354376194054,0.35264115086664716,0.29727099944721225,0.18951182639545427,0.18830106314278194,0.15157886301745838,0.11754669167228382,0.09691607425748827,0.14599688789376702,0.6343565858857707,0.8978397853747648,0.8726183376837648,0.9082041622039402,0.8407140732410345,0.6554736422692344,0.4880859710054153,0.37893184006179514,0.41383011290815985,0.23738546301122598,0.17674477106750164,0.13125064081086624,0.09015418453308521,0.030085134591053553,0.010270451622729548,-0.013269444178426126,0.08424953300285687,0.2828880408601808,0.5573596713369515,0.6108420596078371,0.6028127511170682,0.5833018053332286,0.5802034972542147,0.5499512683320613,0.5183342815698955,0.524886630637379,0.5013985514889951,0.45275315594427856,0.4779884072672853,0.45496323783897663,0.4384455396990683,0.5103923460057356,0.5815432885201535,0.5756468395625091,0.556209862906808,0.0,0.0,0.0,0.0,0.0
2025-06-01 17:56:58.248,0,0.0,0.0,0.0,0.0,0.0,0.0,1.1279695642294751,0.685416219099996,0.30933631633059366,0.028777758677444143,-0.14875279259957852,-0.16085145869859807,-0.021651495645295338,0.09868665397554721,0.23711852698392788,0.38937489893822763,0.5452747710457113,0.6664487603131791,0.738630171582503,0.8122954367176587,0.913509607453386,1.02723141004852,0.8976791741685471,0.5148096768458381,0.1588234713578509,-0.017923114164340448,0.02812397502451014,0.08068615229597476,0.2375674066066047,0.39049352756581857,0.5228594311009716,0.6558583161040217,0.6850313129978608,0.8610810461441679,0.9458995639369581,1.0026312136850326,1.073265833727558,1.3356345780156444,1.0540768957482902,0.40946705781780346,0.11520345201181259,0.05973439075425979,0.2836118690244729,0.34432887682420543,0.39323665338503533,0.525546522922576,0.5242546230392351,0.623731700260062,0.6366657277138641,0.6550746849740096,0.7409356647370474,0.678606962884827,0.713756898605774,0.7795560909529635,0.44039457731466114,0.34848830701958855,0.24156403953305317,0.28406126505461393,0.3307141347843854,0.6034621599101411,0.1844639672756358,0.7012765388055866,0.5380701546983232,0.5627741081880547,0.5095656336098271,0.34406614790704404,0.625609798001669,0.4490589984813427,0.8546428231827248,1.0077389822029743,0.717028889385279,0.038043963649214696,-0.06790989771167533,-0.06367724124466512,0.1434029808330517,0.23529993051191567,0.36798796580268633,0.4734341235163233,0.5671924444706711,0.6848027727710222,0.783063517337885,0.8808936235807832,0.9695953930735722,1.052988772155688,1.145281703685374,1.2237127684844302,1.2754300478367517,0.5487081259562174,0.001053736736174482,0.1937209118232981,0.39225358462993487,0.5800991233333213,0.6952975261019221,0.8030406408225956,0.8719618846168613,0.9043956199920984,0.7049537527606828,0.9178720475400952,0.8774102122893136,0.8318670459654943,0.7866539453463469,0.7248837446572347,0.6849995631444699,0.8665545801204675,0.8616229421520049,0.9992852307581357,0.9622257449811256,0.8663992416380017,0.7858139354430131,0.7453987805523226,0.6594823372686198,0.6063463332825163,0.5252565772382765,0.4864841479327162,0.39958989450964455,0.31869434777057104,0.20854409137675278,0.05661089405494757,0.20060164680171605,0.7699373817206936,0.9360310683517581,0.9799708868110462,0.8901575679525546,0.9740461788559955,0.4303288937184781,0.40848154472366444,0.6933860856410586,0.0,0.0,0.0,0.0,0.39449150969663027,0.7459366881152523,0.4237811477960488,0.028630700288711952,0.5827332058559866,0.8116815821714057,0.8216923717606486,0.7874796615448753,0.7987132352031738,0.840609205824083,0.8722405492085925,0.8686184059835274,0.8157679671427536,0.9085007285848548,0.8468429987108821,0.8003328360426358,0.818697676984931,0.8113423615197122,0.8072129479455019,0.7834152891043407,0.45022231804872503,0.5092906623866251,0.522571324836723,0.6277304921929425,0.8603802079278584,1.0258940842170285,1.2465035513632094,1.3237138397534187,1.3439208291828828,0.580360194452249,1.4082267109553888,1.372525063150464,1.3020017305583065,1.1528107171984607,1.0406761085789367,0.787519485139269,0.4764653486433824,0.36836284618849735,0.5084502336997218,0.7655583068490137,0.9824205317934882,1.0685134633291844,1.2070465986642493,1.1547493555595276,1.1573596550594196,1.0963276385448029,1.0405785987571599,0.9186209640241966,0.815409260176366,0.6941162025083238,0.5911952149458178,0.4971202777241783,0.3255187155000819,0.14826643298955852,0.343637435535178,0.571731511230496,0.6045828339453606,0.4507247397902613,0.8446012653146534,0.6093502178045684,0.8921886485040602,0.4995150624834558,0.4904218194983891,0.3705844845356056,0.7895600045923807,0.8148269876703691,0.1886501487274175,0.2920765363790024,0.3378213102751724,0.6081367705398396,1.1905893876690206,1.1329443273628466,1.0973364462267714,0.9061264319780835,0.7688704510194799,0.63918785534903,0.4831454323850586,0.3763360548790793,0.2989679482680425,0.19248522032640714,0.1622025920141763,0.12749870673168062,0.07655222597015043,0.08268617022942004,0.16692003616479018,0.7150720391900931,0.9663847309567801,0.9409080748998053,0.9742618809369837,0.9158770986451203,0.7099850725300993,0.5473191762409633,0.40748165598290886,0.4090545115736268,0.23439215899414867,0.1727767048609472,0.10771350126374668,0.04535632040668525,-0.007641139845785072,-0.0336167631056733,-0.03104437968674184,0.12086151459572592,0.3858900744655319,0.6400825077103762,0.684448257616627,0.6893361080433673,0.6382146823166788,0.6183140952728707,0.5928489133796204,0.5441232641103457,0.523093562468762,0.47911878001602837,0.4436389617792027,0.4482580141040937,0.41554553359342095,0.39919574239728817,0.4671100090391274,0.575784756382942,0.5954250025215889,0.6331042713992834,0.0,0.0,0.0,0.0,0.0
2025-06-01 17:56:58.253,0,0.0,0.0,0.0,0.0,0.0,0.0,1.1703632666703465,0.717134273361202,0.333407054583017,0.024659045524029533,-0.16901860179754202,-0.18795101827301874,-0.047934178226623825,0.08420738779387593,0.22537770843755323,0.38412600479362524,0.544341741247891,0.6637576063216951,0.7525689868141829,0.8359661544909315,0.9360385562927521,1.080628197521812,0.9337361698719053,0.5258070532793722,0.1526960255658374,-0.05711278758635008,-0.024395452029771558,0.049825718080960035,0.20576713014961912,0.3724237721248551,0.5195877457966183,0.6555334891214886,0.8574993281858181,0.8783694800614775,0.9754288818417125,1.035297254811689,1.1296670712707308,1.4106302574836787,1.119990946247786,0.41859759644700956,0.10912621616852891,-0.0023442108456379618,0.2448329275357357,0.30050303690856595,0.4027991269334359,0.5232494730125199,0.5093543724178464,0.622406931692195,0.6443844286466891,0.6818987156373725,0.7604642594383998,0.7180432587567123,0.7468738206489143,0.8349895371321672,0.4751783883436538,0.3034382218800718,0.1962568504202834,0.2374815222659612,0.29373133122951867,0.8211230166791299,0.22000345171825014,0.7281366460449819,0.6210283380538972,0.6437633422529213,0.5676549502078687,0.30372131516768186,0.5577983720207056,0.3810975839236701,1.1416130505200124,1.1051253844415743,0.772683270581557,0.05326399885575686,-0.09982867413280305,-0.12352604795203903,0.10136591448011889,0.21358790530566618,0.34866032938593294,0.4520483604285208,0.5487111552996649,0.6762104117181291,0.7767022535732708,0.8847598885344967,0.9850889289153758,1.06806950678099,1.16414619925648,1.2521836392658505,1.3038194148598605,0.5713793351042917,-0.012224410404794273,0.15426403087724827,0.3496710922139761,0.5506695826671735,0.6889989738470859,0.788765405024094,0.8567174318244422,0.9012966984167929,0.6201185147098554,0.9177575650935281,0.881750444619512,0.8375233626576345,0.7944531464271242,0.7254656285121441,0.7040871463704874,0.8491616874602468,0.8379899094554418,0.9920958503884627,0.9520295242449086,0.8628433816017236,0.7813742895742084,0.744837886162312,0.655406453662168,0.6074674728242295,0.5164639925628038,0.4878223621659947,0.3985331250435,0.3216240879917813,0.21505077575362874,0.049881367563363144,0.19325846269465424,0.7558352530150646,0.9345209554722516,0.972677591672866,0.8942231824675386,1.017808357343264,0.4104960834868581,0.3520775357666484,0.6450510486121034,0.0,0.0,0.0,0.0,0.683094767295719,0.6137393392085324,0.3610212269520904,0.039869076545787974,0.589665477705227,0.8179125586065713,0.834013926732978,0.7980245487248653,0.81475848007571,0.8483650262643774,0.8846979844749749,0.8816414781393469,0.8248433749444506,0.9170472499677089,0.851129449597225,0.7974905091322775,0.8138677834786012,0.798213511407547,0.7931833679439437,0.7775484162969315,0.45814952645549345,0.5319278187558555,0.5574395247299435,0.6552508164651902,0.8898360354097681,1.058691608817425,1.2621186356737852,1.3363656596953273,1.3534084612337478,0.645088720966716,1.4081596435539403,1.367845489261367,1.2889415790253578,1.1380268917862737,1.0165811260994495,0.7632257179388792,0.45864492687627956,0.40308843526284655,0.5534324245861563,0.8151643717030785,1.0354968872224055,1.1162117580270767,1.2383540075672257,1.184428661300483,1.1781085190417717,1.1046004013770396,1.0402627995093061,0.9171735814805656,0.8014402445569774,0.682339575297463,0.569193235120691,0.4700240707589567,0.2920612694019238,0.10984991827386431,0.4170651070362893,0.6218843407352291,0.6462191086742185,0.5205750583656852,0.9276538062127148,0.6437170124763959,0.9672667571140352,0.45707762004145336,0.4799845921215043,0.4942068953823911,0.9543816476775714,0.7438222555918126,0.34148149152413776,0.267065843119864,0.32140371490076375,0.5909018924436386,1.2656712100986,1.1912391695030309,1.1283691697054583,0.9024065956941882,0.7993455105583622,0.6628117709149546,0.48501933352015425,0.36617517613663253,0.2931271511094451,0.17340745841433303,0.13730085231917255,0.10506824625406042,0.024115342367801995,0.06893784776299794,0.20042006062114343,0.7806683561385654,1.032695186291027,0.982723070649961,1.0215941513737805,0.9487896118025454,0.7487767753378471,0.5734294717515549,0.3980286529048469,0.47866391644424067,0.21534818813200052,0.13868067588307142,0.04858064870641421,-0.002347460964793213,-0.05280852185179685,-0.08972192206853069,-0.06319556249588698,0.1484223472602914,0.48532965851803667,0.7135508880599588,0.7415135300410302,0.7484370873695141,0.6810940953192146,0.6452552131254614,0.6117046363933902,0.5286171637855821,0.4954761830670553,0.4269040707413245,0.406841111094814,0.38902576402701894,0.3523787173225278,0.3471188058032949,0.4018229749230355,0.5526256609525448,0.6304278548624535,0.7071724070399634,0.0,0.0,0.0,0.0,0.0
2025-06-01 17:56:58.256,0,0.0,0.0,0.0,0.0,0.0,0.0,1.119670230039884,0.6588678893525414,0.2871134567647957,0.010867712104369764,-0.13279518298033632,-0.1383113694833752,0.0018659693807546729,0.11705170354947758,0.2455944129110973,0.39343359119472576,0.5427803387904084,0.6626137647885285,0.7435315442598078,0.8196191876953526,0.9194573387280746,1.0291832701552077,0.8992479567708842,0.5038105071344776,0.16706466780967266,-0.023471695175661944,0.006606057865417014,0.09882432997983437,0.2307246604301636,0.38582618827278825,0.5242891541383694,0.6563983740080728,0.7789242223303847,0.8611453797118308,0.9454485399663108,1.0014506565497516,1.0877942517767127,1.3196469086359337,1.0399027503281946,0.37379204720204295,0.13998240242441118,0.034457107739345405,0.2499483850823374,0.31615082307315445,0.41663499032652607,0.5214255926863143,0.5462144483076201,0.6100475599754402,0.6613389699087433,0.6834951553383778,0.7253494419599186,0.6753205287724726,0.6986555911951239,0.8013049790476352,0.47327840721265824,0.34305756001509435,0.2677914745806286,0.27397217493087944,0.34743504169593153,0.6780815649024683,0.3803536596294286,0.5937250556637788,0.6185583940087008,0.6818913701863846,0.5421808352575618,0.2693468360545462,0.514893398434753,0.4492834532812081,1.1996440596622604,1.1778789586956222,0.6765356508803706,0.03271126122630327,-0.033915042302747334,-0.05226198320235187,0.14420659246517564,0.24889124237473692,0.38408349202289327,0.47042369220905855,0.5559153744073997,0.6742122884028239,0.7751618896711214,0.8721018968938703,0.9707106391733161,1.0376301137522896,1.1237998598786607,1.1991557932799952,1.2397593470161652,0.5580656670900015,0.053963192066162624,0.23916265959977578,0.39578339295521614,0.5955258592980492,0.7228046857390562,0.8044794488526681,0.8611270895090026,0.899826185817729,0.5785398493432885,0.9051387007170104,0.8620740911740102,0.8159618917504915,0.767457467001886,0.6996999352832727,0.6909799152054312,0.8800813265169686,0.8914336086746112,1.0380652135998951,0.9720667117325574,0.8843521727038854,0.7929547471562957,0.746841820481186,0.6594536183904594,0.6020198648000747,0.510262156117514,0.47603190515663574,0.3818788286602992,0.2990883430368485,0.19427401828219037,0.03493617332741561,0.19803513509256532,0.7641457758182642,0.9489897403655783,0.9882959837900145,0.8959812403690324,1.0003348136166905,0.46500042789467516,0.7407797283186563,0.6507112601042024,0.0,0.0,0.0,0.0,0.7352457440557738,0.5538452787949188,0.2945723369698403,0.05496375317140145,0.5946740098047909,0.8238952519381888,0.8389821469765459,0.7983771865746206,0.8161510828565719,0.8369481349451589,0.8726442395278675,0.8797524895656994,0.8083706013315206,0.910633305707051,0.8409629163914611,0.8003137024703186,0.8178804334729615,0.8112956385655574,0.814726185897956,0.8170090844822067,0.47384072538021327,0.5200286646503332,0.5313036078758273,0.6204746701389656,0.8500077455783275,1.020912626477525,1.2226050988073447,1.3174390852505915,1.3348190640733313,0.7356467415428223,1.4123662781143165,1.3865910699869524,1.314630647376455,1.175242261707143,1.0660953414748184,0.8327433940740876,0.5211878064428829,0.34504385242996227,0.4892923604097569,0.7406852084403339,0.9597459473716818,1.0474860938765798,1.178650391427781,1.1521898050090311,1.158470045966459,1.1046578826131133,1.0610217819725674,0.9337565767258927,0.8290406754233249,0.7211980966315459,0.6153355720843251,0.5236578874679296,0.3506172133137649,0.12274423717780086,0.30547632931840485,0.5201163243082702,0.7323379573643496,0.517713090612611,0.9464226189298114,0.6601981936732684,0.6922007107193346,0.3810930388641651,0.49366437837545935,0.40406323587923393,0.9424945658365055,0.7642037313640713,0.40328348614602627,0.3201066129616001,0.36653378957021293,0.5670944453462643,1.1463708677416125,1.085962080573985,1.0255394738784087,0.8479681101930354,0.7436103597838264,0.6435182916118856,0.46658222947691086,0.3767968612554258,0.3316281716577385,0.21466694042278123,0.18920897771874912,0.1531767564882356,0.08562690669650508,0.12494305751737689,0.21737379807258678,0.6757069846631294,0.9376529736999074,0.8989863284719795,0.9293641708870494,0.8641749125071769,0.7047286273995224,0.5476086928490671,0.38701520123695743,0.5976882613520323,0.2339217577824262,0.15904529420535263,0.09039385551754031,0.06224396178462255,0.018450073764958552,-0.01162873644299256,0.0025901785222652296,0.146095290181198,0.39571797577088297,0.6190143961263512,0.6572432748649283,0.6747008979141162,0.6001257748997688,0.5845731725985255,0.5750287083115977,0.5102989415484938,0.5026864355751717,0.45150110213916794,0.45003873872851186,0.4425254718362157,0.43007789170389643,0.4269818025950871,0.4674416062955418,0.5766671750383195,0.5708389641847099,0.618359550286913,0.0,0.0,0.0,0.0,0.0
2025-06-01 17:56:58.261,0,0.0,0.0,0.0,0.0,0.0,0.0,1.0711831969948349,0.633935944925085,0.29314156244608836,0.036209610061156416,-0.09511874326665926,-0.10760468560562708,0.02775346600921902,0.1326880659195333,0.24912946702025096,0.37391956182557795,0.5167764111882178,0.657546520838404,0.7225041487516066,0.7848479782353067,0.8844381907646132,0.9838908018228941,0.8749343564100904,0.4937774792204915,0.19633975161853745,0.005117898934674292,0.028882440148479294,0.1224885752018452,0.24194683565914343,0.3849137583526938,0.5161206266701857,0.6548946367733892,0.7538531372869921,0.8285812898276576,0.9144432028227276,0.9648484698916392,1.0523645106855477,1.241258320509702,0.987017545836431,0.3606030474113028,0.1353432937208906,0.10182116688988652,0.22242235700164348,0.3381448347513376,0.4172309924758517,0.5005634280548594,0.5620806809588099,0.5795076994369013,0.6557517834217281,0.6848317008163379,0.7188621959431706,0.6589820621075131,0.6732840378764989,0.7389894756823783,0.480110101213431,0.3599183297361698,0.3046805061120428,0.31154824480659404,0.3922426676300028,0.6783823917112528,0.41163334060089674,0.5133766954833003,0.6871709525061792,0.7079619321783539,0.5879256108658004,0.26268527274891607,0.46083398748245336,0.5019049395709753,1.0568902308480785,1.2650103295399289,0.6204998750831794,0.06713504755254557,0.005802634118086458,-0.018643816072553276,0.17285616409200522,0.2627977138079267,0.4005825539484331,0.4862932352411773,0.5659126966921695,0.6807391162747409,0.7693856189046842,0.8672804681276425,0.9678555136690049,1.0291025751477627,1.1084895147435578,1.1672258116728735,1.197046639186236,0.5373793078713549,0.08781719907358754,0.2848051709911186,0.4334863565969882,0.6299722512154091,0.7414617686194069,0.8161900005442186,0.8724408799890151,0.9062291824123838,0.7379791711484118,0.8990562568071343,0.8532999998822107,0.8047640336071079,0.7495098854387418,0.6807977294015626,0.663457555911497,0.8815352760560514,0.9271709799619688,1.0603576323185337,0.9805882220459032,0.8956538924147155,0.8103502498937101,0.7541699807386966,0.6682220644205787,0.6017491382638285,0.5105063823176006,0.4773331985840985,0.3737836108527517,0.27926102395771646,0.16786619560898364,0.023532353072855505,0.18997839827051222,0.7640762522159643,0.956735318220483,0.9923399499352883,0.8991610599887818,0.8564539942118738,0.562488317913842,0.8400497170014092,0.49060828120121747,0.0,0.0,0.0,0.0,0.6829253211505684,0.6585104751721158,0.4690501894103637,0.07720106745591371,0.5996385778173126,0.8306702397975813,0.8454200506984659,0.8046654102276228,0.8129321353223844,0.8523711449812927,0.8813702280370372,0.890952473404313,0.8269801798321685,0.9177182837004323,0.8506529234266411,0.8133520386052968,0.8342929781153052,0.8295939683605646,0.8272195804918587,0.8346371502479848,0.4880325296434468,0.5206632275934594,0.5306565964884764,0.6191331293587745,0.8626140580722257,1.0293616285483602,1.2355038177570972,1.340495736610236,1.3557792948005505,0.8006880504067879,1.427924266395972,1.4113714504843475,1.3377842621030358,1.1871613209308252,1.0868341245761994,0.8649020329354962,0.5620037400069324,0.33984616904872134,0.47758825129254523,0.736574659340407,0.9647993160508688,1.0575530033126228,1.196969999511472,1.1650525041005741,1.1731965182932678,1.120802033117517,1.0881554847926922,0.9548839771921315,0.8519860675097953,0.7417331980324187,0.6352062014582629,0.5476350589518454,0.3722611918089717,0.13205567964661766,0.27578364451110804,0.49381255552865555,0.5548360149761201,0.4826318093542121,0.8479710107084738,0.7260156354459254,0.5849362398196083,0.5803383494900416,0.6523102146289441,0.28468278438548505,0.9020208464576355,0.7113705554554124,0.614764280741269,0.3536056692691208,0.3785578675785099,0.5711062563834696,1.1218259150135221,1.0460532477685651,1.0018258668990803,0.8599535713651876,0.758635539512303,0.6517906568113414,0.47776957617334026,0.3989972744057737,0.35838202671970554,0.2582315739422594,0.23142184352874895,0.1788106547826187,0.10841596997928649,0.1405267515923072,0.2192251056512176,0.6368782230417238,0.897762890235308,0.8767445455490916,0.9062743532319767,0.854598841066631,0.7003904914376178,0.5600230196169662,0.40192391006143047,0.5233826638220938,0.25377191191674564,0.17664748328095636,0.11439992146613487,0.10430869616123684,0.04412840324392031,0.017500417443330085,0.03298831911815575,0.14132790005695134,0.38039036296957207,0.581520503887289,0.6297500490766076,0.6486604307756554,0.589902723824171,0.5691502776374868,0.5725013061237432,0.5205265407621891,0.5003562887591961,0.4749341964248972,0.4715029023145285,0.46462674469259624,0.47406401678295673,0.46228284360091476,0.49467727326210126,0.5737087947934234,0.566300944759983,0.5817098207930103,0.0,0.0,0.0,0.0,0.0
2025-06-01 17:56:58.263,0,0.0,0.0,0.0,0.0,0.0,0.0,1.106565117738649,0.6802793422859774,0.30683530570728845,0.016060918118786738,-0.13210848360343264,-0.15269319199466835,-0.00887802168173013,0.0938381775252436,0.23334616022785115,0.35840096732785254,0.5094277020525011,0.6646348527458535,0.7352071778434113,0.8120160723940747,0.920447956861889,1.0295241243514957,0.9168121570557035,0.4967859182188183,0.1735176688733564,-0.035087956684752286,-0.03812581014455363,0.09063141248587137,0.21117982640168909,0.3573420799304823,0.4952104407549356,0.6497735795725159,0.7010746878288594,0.8373225912231198,0.9340007129088113,0.9925067911417446,1.0835106440919193,1.3084353236305595,1.0755266803776713,0.3852657436132174,0.11092459227898332,0.05340694791069778,0.1749031980283715,0.2995508805470619,0.38545031648879724,0.4613389438175872,0.5868586475590494,0.5848391420262498,0.6803125547575881,0.7103263630919191,0.7233143946230526,0.6924297285864152,0.6973586597162797,0.759920880579336,0.4989074222772467,0.34921915810038384,0.2773475788556128,0.28852715816872876,0.38298463087770007,0.723955371439055,0.4800338471531195,0.5441898201611843,0.7651559713389533,0.7102660150195206,0.5012051217352996,0.34511209812850885,0.3137925930926076,0.6571883053649149,0.8876683849116052,1.2246268517753751,0.6656407693923558,0.025388542682170084,-0.03849357701467182,-0.0557864674535713,0.15743896843034677,0.24981369991408275,0.38273891597782606,0.47923468056940965,0.567299420179278,0.6852259434128056,0.7835268159869055,0.8874852035606475,0.990197960439191,1.0553160551026073,1.1395052373808967,1.2026420275189542,1.2388484354727523,0.5220536763825796,0.036146962960516116,0.24016651116807064,0.40652435954849464,0.6152010236472105,0.737711687407292,0.8119494847488471,0.8782718006392818,0.9179577331310014,0.8968888768277967,0.9144206810741131,0.8719781024514476,0.8255553403223829,0.7734940096554693,0.7124541582107891,0.6758362309141466,0.8532304887297592,0.892425818882059,1.037574177404268,0.966691475060413,0.8903056130423102,0.8149567394594566,0.7606685550442434,0.6790684585044993,0.6143281742463162,0.5230073027885602,0.4910065986137513,0.3944395022415508,0.30696410773626104,0.17650843742827516,0.035173724931146344,0.17966522687368214,0.738576524184414,0.9516506778980012,0.9831422616906345,0.9083102033857338,0.9069343718796257,0.4349969826826375,0.8758045385924178,0.44101264472699087,0.0,0.0,0.0,0.0,0.6225850803185043,0.7517059123858234,0.5826891902273997,0.07078625563420482,0.5892201741845557,0.8351225734665005,0.8468684657703571,0.8083772938697636,0.8302767297279654,0.8629986582234312,0.903455280927155,0.9222926077473748,0.8523697069327367,0.937682356984257,0.8665368862389689,0.8323083063218208,0.843914132475537,0.8360872495824851,0.8187122339006729,0.8392417755102799,0.4936450442886464,0.5288842187210492,0.5400994170117557,0.6378694420348427,0.8799950362127043,1.0550060597498363,1.2503686893873054,1.3525111208380551,1.3735263388637546,0.8367768761750094,1.4402007832519135,1.4068613477506555,1.3343209891987586,1.178633331661863,1.070860813758482,0.8423576842043129,0.5486367999070938,0.36195310703317185,0.5017538356684806,0.7666078664340625,0.9975325270124702,1.0896574014680407,1.2225334847075788,1.1905342052008334,1.1816601585150894,1.1253357651047673,1.0879470773813673,0.9560112833967477,0.8384370945776064,0.7314249324154696,0.6178450187455692,0.5314438854384967,0.35261162120095413,0.11050545800590347,0.33210263183979116,0.5483158713767186,0.6757760241578596,0.4123863844243706,0.8958398111178233,0.6672920761399972,0.7078123795016873,0.7613115895502824,0.5948811078599223,0.2420620843811757,0.7041842646095353,0.5700347441252548,0.6258347087801853,0.3297085708286894,0.3567923000696645,0.5886896160292231,1.1982800830910625,1.0969593671980826,1.0502346610112987,0.9018073299963403,0.7873841758067346,0.6580090350231247,0.46682605529792975,0.3798158395590243,0.35399748998697067,0.2588141643367958,0.21590991875188625,0.14740651914715275,0.06861592105896064,0.10424753729847569,0.187785312333208,0.6960244666920814,0.9386914825109366,0.9257434738873,0.9603883922488891,0.8806168611754506,0.7431699897492381,0.5852374782775553,0.4285817499847646,0.5043300320917965,0.2450607110907752,0.1718664472172473,0.09793209083854748,0.08503719378250263,0.015523049312682335,-0.021558081369289495,-0.0005139569352941575,0.15495987467457523,0.45897007569287207,0.63980531362041,0.6793763235823681,0.6989968397075281,0.6587092443367144,0.6257847783023056,0.6102550894862269,0.5395689550285199,0.5217770368569068,0.4840550651304565,0.4691318675675753,0.44569546509265767,0.4437449743280443,0.43915999304616316,0.4647347951257054,0.5353209240434234,0.5862766849511333,0.6337008289942936,0.0,0.0,0.0,0.0,0.0
2025-06-01 17:56:58.268,0,0.0,0.0,0.0,0.0,0.0,0.0,1.0933824137997046,0.6664963936807227,0.29921554020966834,0.004079193384868951,-0.13984885442699801,-0.1393302598207552,0.003477094182153584,0.11135921609215726,0.25631187521773724,0.37363668527083505,0.5312857594202498,0.6890814308331042,0.7501930843957885,0.8360421231973746,0.9263375456828243,1.0386827251941972,0.914973798115906,0.49373094987250893,0.15916896527362112,-0.029321393026133236,-0.028701971425690864,0.10605231242686153,0.2297967896358073,0.38421643073073475,0.5200861676284907,0.6818949345310477,0.8195672186746803,0.8613593808846597,0.9572161000512187,1.0078002120185054,1.0968245290541412,1.345134201175544,1.1038699288076914,0.40228796184424276,0.09361224567557935,0.039670085113961084,0.1532407111170091,0.31349680472772534,0.3710804145906401,0.4983200727609698,0.5990120216821646,0.6369966747553111,0.6867621896381526,0.7559185991518366,0.7783468872236133,0.7400947242610847,0.7241668024817175,0.7910744250315263,0.5820667595839061,0.37135875020983916,0.29897382856792654,0.3011327310770566,0.3965795260658791,0.6428722241892282,0.4622700947076819,0.5056924423551323,0.6286904194334749,0.8042310383998424,0.5063422228256632,0.4509919570340306,0.36844471574875043,0.8439902125017821,0.788517221475106,1.1259199208139865,0.6735543182927117,0.011340271043808747,-0.038534801628699156,-0.033685562886512255,0.16748296891482584,0.2611414084476338,0.38201132156812356,0.470973191954418,0.5709865584367322,0.6880853178978703,0.7792991339176907,0.8767906143366146,0.9896494344400751,1.0466569259384197,1.123498703322438,1.194783371050625,1.2382060000845052,0.5252410750387477,0.06698784208772934,0.26959366351222913,0.4145417504760145,0.6198467929393405,0.73925868343993,0.813351057577028,0.883376923845153,0.9148401796029837,1.018502628781027,0.9091784311001481,0.8659179563188587,0.825669749330216,0.7654424186042673,0.7058590833457339,0.6831180253086044,0.8834261202898123,0.9183768687673629,1.0620723946478314,0.9724294869257422,0.9038961693733583,0.8230508260322476,0.7582282554895361,0.6823612170829789,0.611502313694914,0.5242702616239421,0.48845705390115457,0.3948172286535314,0.308046811570275,0.17619289800770999,0.04383469736430612,0.19768503644057234,0.7627158387638557,0.9668939411148973,0.9894037319594473,0.9174726961858992,0.8625146026175816,0.44926432462035676,1.0393741330670796,0.6850249852126848,0.0,0.0,0.0,0.0,0.5204241279646242,0.664889804653102,0.6227789872239821,0.0823638157511053,0.6109665428542408,0.8494254524595365,0.8581361583228055,0.8142944696111779,0.8482034048861695,0.8740244051703103,0.9004243582093077,0.9224245621449376,0.8396038259449443,0.9256957807598565,0.8459393115775122,0.8161680640780262,0.8177480862625437,0.8119248963967398,0.7745011645910269,0.7856399761068249,0.4988860367609175,0.5445739510431884,0.5605000233718274,0.6599704056638416,0.8994986843458668,1.05684844292912,1.2484234175208964,1.348702709173588,1.3602713515201768,0.882043334235439,1.420679827307001,1.3791542644603396,1.3165265065608227,1.1540033005340353,1.0463106018992148,0.8044121597593394,0.5400460011443474,0.37315593411557435,0.5294231485171547,0.7827178665932617,1.018588496463194,1.1044176025201657,1.2269288279939494,1.1992202065866608,1.1774763600263451,1.1053456468976934,1.07686317184712,0.9420021515162383,0.8152690849106291,0.7095471088282528,0.5994924607182963,0.5107551397439036,0.3301357200420781,0.14098302230541507,0.3776555750657662,0.5735177774685841,0.6031730442959945,0.441951896856258,1.0678674348303048,0.7527390735980758,0.6552909201375812,0.5957847790435525,0.6186858793755219,0.20979442206756838,0.5910123698852936,0.39911247960593055,0.7551503178742686,0.31099871836871823,0.34521391155536457,0.6097391887004527,1.1868422260019695,1.0904829856286729,1.0277067272512128,0.9008238037173202,0.7763576240777825,0.6543672765565702,0.42948909312186623,0.3494525583306767,0.328594349718208,0.22798069177467606,0.1857984000755093,0.11874218034982564,0.04877593459298657,0.07843406854162538,0.18719090277162814,0.6796174660198113,0.947150100923962,0.9249332194686504,0.9498072527944127,0.8432197499943828,0.7153260244177644,0.5423948111612258,0.4137120422659579,0.709629773997862,0.21510573714523118,0.13775003922190976,0.06444532073189557,0.07167286372441384,-0.011044005559198822,-0.03358617679132159,-0.0008376381470167615,0.16961344328605027,0.4520611954617002,0.62032042462011,0.6595725905838666,0.6736371359590569,0.6520478087906869,0.61243765552689,0.5714306136214846,0.5036803629356639,0.49799534635151455,0.4681790596155526,0.4404424857971949,0.423012543681746,0.42526617708255865,0.4206873508047009,0.44795269329986925,0.5268604101357388,0.5632318348189261,0.6225149001797923,0.0,0.0,0.0,0.0,0.0
2025-06-01 17:56:58.271,0,0.0,0.0,0.0,0.0,0.0,0.0,1.1171623640750488,0.6876883108726846,0.3098501188196724,0.010516190711296947,-0.13798231650720827,-0.12207405803044047,0.016074133653090183,0.12885252459618923,0.2616453390564183,0.38295539845642457,0.5453678298706317,0.702480250351223,0.7729412333506231,0.8510430185255761,0.947709702258637,1.0474271079998785,0.9402455051339784,0.5212188234104103,0.17532323214011325,-0.017154316336603803,-0.029691104803851287,0.11528418361847081,0.24868946918163926,0.40985767488043146,0.5279016628944584,0.6982638698619685,0.8345341940089035,0.8706379411399751,0.9698878286866603,1.0301586526170328,1.0891450553016255,1.3614828330618294,1.1320009766540708,0.4326631290105699,0.07519401097386313,0.035357889651255636,0.14121653834157,0.3200391672804088,0.37019539672671997,0.4755496505689645,0.6128862544416855,0.6686967170634013,0.721953962728161,0.7680282691684254,0.7915008189475133,0.7636634549174712,0.7549507807804343,0.814510013132349,0.6181068011545638,0.39370168231543734,0.3354158597552027,0.30999227555792785,0.40292094729252925,0.6414554773106516,0.5210755972967964,0.4902154083628037,0.5741205652564529,0.7907758977890953,0.40002459120439193,0.4615638930487965,0.3905835379275568,0.9334703429440824,0.493130851551995,0.9502932458811642,0.6515483423892472,-0.009257534908012899,-0.02450587457423492,-0.0090181057913985,0.1833016867817956,0.27517812581700496,0.3839951200288463,0.4744269258059888,0.5868019127624013,0.6981917329083762,0.7820640725561563,0.8685151809783884,0.9932526869324291,1.0537700240358787,1.1311404545796557,1.1853195447081575,1.2353184651890006,0.5237608070586304,0.051529539225044885,0.27840442351132944,0.42435427142848914,0.6320501673885277,0.7407321891830558,0.8248347761145376,0.9031822291638547,0.9245339425579975,1.0479801513639846,0.9217937604570305,0.8802809295497701,0.8371167064209265,0.7742829925039979,0.7199658313054336,0.6718008289655668,0.8829084268975717,0.9223095865992875,1.0571804288341586,0.979559565362558,0.9126166026048133,0.8354216859340451,0.777409875014551,0.7057461945842123,0.6253809302863933,0.5454594811575801,0.5087706910468881,0.41244350341786085,0.3233371463298067,0.18391907637535965,0.06643212066554438,0.19314607474311546,0.7648613737447572,0.9752653505156581,1.0051942546448298,0.931632241743708,0.8016671472030013,0.4057074168724149,1.2134313827310466,0.6951763782370817,0.0,0.0,0.0,0.0,0.40119649905956445,0.7523621594608731,0.802980430246886,0.07006073326487627,0.6072015626311249,0.8559550986232227,0.8643634519018963,0.8327733195481971,0.8607979624393212,0.9031531100815535,0.9354106240922868,0.9575600107678945,0.8843525379369681,0.9611910715494858,0.8710237724392598,0.8477932139583422,0.844380622042189,0.8309419066678789,0.7752607918520373,0.7581649163271125,0.4920978958805179,0.5523169943904538,0.5825566974678269,0.6918924633725896,0.9423468725209261,1.091767635218197,1.2953873132903388,1.4069575514708939,1.4013615942034237,0.8862448854676881,1.4540986548852648,1.4122152868182165,1.3400982127269212,1.159454428345967,1.050536972060432,0.8111207582318732,0.5107141896559575,0.3719105940298595,0.5556602836148813,0.821323823497454,1.0483439631481075,1.156622231125729,1.2766337907117715,1.2544369157753563,1.2278656902568397,1.1480122400337902,1.1163780938528243,0.9657026249604695,0.8294212819832264,0.7226513647289428,0.6116547928249633,0.510041061695857,0.3261766467828427,0.145039379480989,0.4198234756651481,0.6266516306784181,0.43946727009062814,0.3338506787041381,0.8975182546693942,0.6704396473329042,0.5266261604314089,0.5887639645957642,0.6418998700856751,0.06942794135757996,0.48225084015194497,0.26285468990237326,0.7095037080195529,0.30871814012696047,0.35230255738559674,0.6362947955766324,1.2411567471799303,1.1280344039685317,1.0737708876080592,0.9847650385520788,0.8017702013119024,0.7011277996077441,0.4440916285766845,0.37859419910127046,0.348951029778916,0.23194474941652343,0.2006726276774926,0.12866108840531676,0.056843325928691235,0.04920698238938548,0.17306807232478122,0.6999168364296269,0.9932032242450421,0.968495632628275,1.0021845938380562,0.9042686920091916,0.7779788217468178,0.5873597804264203,0.47186649051200136,0.6986730472872907,0.24820356426835533,0.15076901256908415,0.08420983318308006,0.06466897684556028,-0.021601180998729874,-0.04491187314244183,-0.01992657134563014,0.16428524718379683,0.49677623681094807,0.6552465372826752,0.7034491242361262,0.7117285346090649,0.7032921665019458,0.6569668048208666,0.6053539889542541,0.5393365491820974,0.5152341436847185,0.5084426541150564,0.45031634859698566,0.439840439572853,0.43111015376184303,0.40460299009588874,0.42494858314134504,0.5039230690984167,0.5623525458639941,0.6448717954257994,0.0,0.0,0.0,0.0,0.0
2025-06-01 17:56:58.271,0,0.0,0.0,0.0,0.0,0.0,0.0,1.1070048134681316,0.6871566387947834,0.31672293310275856,-0.0016384541135262554,-0.16155505336125797,-0.141575700249153,-0.015247708088448886,0.11270882097969837,0.2470761920139073,0.3776025764884555,0.5426322188752863,0.6998911502094852,0.7645902275953944,0.8516571084921339,0.9491217933451724,1.0528865417268725,0.9404989034335105,0.5186091612902595,0.15508770704020958,-0.03611730018404136,-0.056402139829444975,0.09213895019221452,0.23973041143688056,0.407850985529046,0.5241513071171382,0.6922690291421529,0.8110400843476302,0.8734957897246801,0.9758241096686544,1.0499674391046656,1.101542835215729,1.372856015721882,1.130960931246829,0.43301486330375183,0.05179218270840269,0.022177255169442578,0.13709640667585576,0.3332446411306913,0.375252077148019,0.4573630000714861,0.5675284263637856,0.6978903643895713,0.6794151461447144,0.7499917509843362,0.7969641095150991,0.7973719009562585,0.7563882873823646,0.7974656302443135,0.5851894153434883,0.36874785553742,0.3111167752006604,0.30191926505228794,0.38175056909347393,0.7312885570839047,0.4274486910328993,0.5602314553980581,0.4583529719916448,0.7575838502262074,0.27195929765004856,0.4667123616569345,0.43541551585442245,0.911343928931026,0.4704812956534572,0.8787532985952926,0.6723333631960955,-0.014330141442519817,-0.03758518613184869,-0.029068781222928664,0.16850171958107896,0.26522232296165726,0.3642799442032456,0.4648347750563022,0.5766558688164085,0.6920317078245577,0.7786211449814346,0.8598182545255102,0.9882196910739965,1.0512749298766901,1.1334953493769022,1.2005421187935599,1.2262762153137972,0.5052383140179144,0.02741863965151048,0.24006302857212614,0.40297991824197643,0.6101354539327726,0.727482395912729,0.8142607313883383,0.8984444767960067,0.9141906973100535,0.9493715590097584,0.9109487846736426,0.8737722502136628,0.8291296113849064,0.7685000789784663,0.7083948597593492,0.6344477058037736,0.8477960068398293,0.8936967037828251,1.0229658622791948,0.963794943240561,0.8965724127281949,0.815667631820195,0.7637917088459711,0.6916803188402199,0.6152955465685566,0.5341705775043071,0.4904222567680663,0.40518463282099404,0.318842787133655,0.17223993998537124,0.04447776574021378,0.17508699276931272,0.75052762635871,0.964669260669186,0.9981922644120889,0.9215564929684372,0.8039451186506295,0.37447463020207933,0.9481798698526349,0.8069581076960191,0.0,0.0,0.0,0.0,0.5796707682271713,0.9142577778371948,0.8652427529029377,0.07891299970809884,0.6037656619923255,0.8589591609851024,0.8613834671738938,0.8342257052195631,0.8594809838193058,0.9071699845162706,0.9390076384602648,0.9431104519339408,0.8823516738875772,0.9562825277865237,0.8702051521981056,0.8424985067245705,0.8365328636672222,0.8190540547117113,0.7619321609543086,0.7490456407360697,0.4992233220597332,0.5704434804043674,0.6003449265425327,0.7160416276910542,0.9682060935907153,1.1210478565310953,1.3286821054773,1.4223149362608642,1.4124648442834278,0.7312776676892141,1.4560667750946812,1.407692009969412,1.326809074754756,1.144520187314615,1.035208801724425,0.7934183594687982,0.4845216254042435,0.4040537352172374,0.5939902100181865,0.8680917483447999,1.084690176331855,1.1921351569890108,1.3047875940029154,1.280424316033568,1.2499399529313107,1.157378926867107,1.1087892483382973,0.9564704695065659,0.8176789861105597,0.7043378161224811,0.5885809289758076,0.4814318003292829,0.2938180783756795,0.11520226733693509,0.46036621614001216,0.6668398125334439,0.32407416259586486,0.359744278655715,0.7818553236969169,0.5991191294447711,0.49086916021784016,0.6189927105290355,0.6244629773107888,0.36405603542786186,0.547805320726415,0.30117689656374336,0.6571823627690757,0.2774497584467382,0.3317295395653666,0.644036907921284,1.3184349012144863,1.1646685608857243,1.098799202411715,0.9955684228394457,0.7861230278466362,0.6798707877852834,0.4320716483899314,0.3530808539232124,0.3172303885697514,0.19816277447800923,0.16118856988486696,0.10232612874110714,0.02902566438310017,0.031556466980624975,0.1887824123236161,0.7705570684428733,1.0492146288838273,1.0137108605140746,1.0441706171904448,0.93610594892462,0.7785580060731929,0.5881127993015511,0.4548297414009832,0.5948556626788605,0.218493777193697,0.10764925455926622,0.04025038714809437,0.007109543723785028,-0.09166657232007303,-0.10151554232078419,-0.07783638500827383,0.17053448980944969,0.5361568001716024,0.7112583162514143,0.7568998159536534,0.7642765827536031,0.7256278867323767,0.669214498299203,0.5966871271157739,0.5266725014683045,0.4797839734139966,0.46635365303739573,0.3965016885049544,0.37658222372651706,0.3603044854774452,0.3272347278952461,0.35786307432606373,0.45666225744743116,0.5927584328507017,0.6877574181185064,0.0,0.0,0.0,0.0,0.0
2025-06-01 17:56:58.276,0,0.0,0.0,0.0,0.0,0.0,0.0,1.227619872967772,0.7656694117516374,0.35828810291475954,-0.017273538797643817,-0.1867111232469829,-0.1594008812545583,-0.02619686593503845,0.11595795820955179,0.25525099875036183,0.408413211843502,0.5807490317031132,0.7379405094787671,0.8134194404370811,0.9070209435082949,1.0232386735551553,1.1406000491206028,1.007689766376824,0.5458510560849128,0.12720976623696734,-0.07489450312197332,-0.08504517575493509,0.0727035878482718,0.23170548215614595,0.40813020726147564,0.5392612205785627,0.7078308884357247,0.8977369565636131,0.9059229395592535,1.009555207849952,1.113359597896995,1.1572781595623014,1.469062021636574,1.2459858687821295,0.46423719157450627,0.03655561228068582,-0.07805031458464295,0.10085676909591235,0.31053241481905247,0.3424197984003865,0.48019577214261866,0.551463570976721,0.7214819951088534,0.6583708235250705,0.7575392957794386,0.8153523409124565,0.8508477698035184,0.8070562825895607,0.8730192743135419,0.6112139239461795,0.3425376259096338,0.25958273988410585,0.264047603557511,0.348232286353404,0.7110774321001465,0.44172019141330454,0.6751375862757036,0.45127402339036704,0.5761052491780101,0.1320155134734028,0.5733606048172345,0.47282308193918815,0.9263955814735526,0.6396177104448416,0.7640030215048961,0.7855824361142392,-0.06222706642159252,-0.10971280942829498,-0.06751625785453519,0.14191109655638257,0.24457982646549548,0.3560450720437065,0.4604833964738495,0.5870306796375007,0.7098443976083848,0.802069382156106,0.8814605150595995,1.0169311514991994,1.084184712207954,1.177988698684762,1.2607837877970125,1.2973605885445954,0.5439278062602129,0.0011382238486745688,0.21099320196097993,0.3745449625420396,0.5899244416481386,0.7239706097240024,0.8130449554842749,0.9023294980863255,0.9255396086209664,0.805307643775671,0.9285377652827067,0.8905030413961331,0.8487646984649192,0.7940315328509043,0.7349581060365251,0.6712043754072098,0.842160848349227,0.8661183819533941,0.9836588786988849,0.9414319847209762,0.8732555166961145,0.799390306035628,0.7556574724150029,0.6895599134982491,0.6150245319162344,0.5378522381354371,0.484808479957453,0.4147343796492524,0.33702086796847897,0.18924568378063655,0.05438537626954443,0.17086278729274912,0.7465420532961036,0.9506216407114367,0.9843515242546177,0.9172994962276932,0.6673776074926652,0.4698179938154912,0.8083745263137914,0.8392463266543828,0.0,0.0,0.0,0.0,0.5600563859887558,1.0846101661309737,0.7107766037463074,0.07056989921475276,0.6000125019007543,0.8599248296923278,0.8546709102585068,0.8265371227743769,0.8530284060766513,0.887498729796732,0.9245262014118278,0.9310462536451469,0.8669470246877515,0.9441990918288545,0.8611752925191247,0.8391354158853372,0.8292072177923164,0.8106161588244511,0.759012547171618,0.749663899524464,0.5041760242017981,0.5808773969365827,0.6013637093228246,0.7255903504134236,0.9718384222615206,1.12937190334369,1.344059656052357,1.4250189138184297,1.4139992970041841,0.5638235904946369,1.45411296099293,1.3963247345562535,1.3202973384691694,1.1451373941436969,1.0278720894969178,0.7778434951978069,0.4769110497325838,0.4311207669358881,0.6300122371855342,0.8993204303346454,1.1086051798034786,1.223339116297139,1.325871663184175,1.2975183744387515,1.266140870430514,1.1713208773789714,1.1072621430823588,0.9529925290216205,0.8154316895451458,0.6948088374089156,0.576102453733058,0.46753958949255814,0.2724181094879928,0.11025267095186381,0.5146108005908664,0.7096947283139324,0.5501176260765319,0.3098008272710442,0.7494638215038686,0.5341112785012122,0.6583635039172726,0.5764400070534338,0.4228133122357129,0.5672004353457534,0.5507489593455678,0.4132427984730206,0.4563554120483211,0.2537961794742291,0.30997890854800497,0.6364562618611739,1.3402005208063463,1.1853346003445073,1.1309823799334762,1.0118067074263393,0.7694881070296622,0.690608015015199,0.43383793291028416,0.32946971777868606,0.30460508359119753,0.1777728420477942,0.14989528944017638,0.10976188460736269,0.011553287485781216,0.008281782612215127,0.1909643892821667,0.8070949222984005,1.0674172575555043,1.037022345424378,1.0710990275137435,0.9287016636080734,0.7909992850480596,0.5698169613258572,0.44439524822202414,0.6915342640698604,0.19403034656517026,0.08489943948138401,0.008858066453447666,-0.028266169488657455,-0.11407257253804581,-0.14072128491274227,-0.10445328980133134,0.17486838540442745,0.5562471235520432,0.7411380474221123,0.7806643793293485,0.79486713339457,0.7332604756090415,0.6770568447790373,0.5970203459380174,0.5034220897913699,0.46957668889072957,0.4411707155353135,0.3688730909738691,0.34480555048439765,0.3148158417374173,0.2761717377080255,0.304336185483508,0.43949628796447704,0.6119894729781693,0.7247189513763508,0.0,0.0,0.0,0.0,0.0
2025-06-01 17:56:58.279,0,0.0,0.0,0.0,0.0,0.0,0.0,1.2231669650352126,0.7404267475672639,0.3633032122099473,0.02395623328992702,-0.12602346347119286,-0.09207624339814435,0.02503576047813627,0.16021560204209462,0.2923140819713935,0.4361608241505839,0.5980687422641462,0.7427327369867595,0.8066388347153355,0.8785110872712741,0.9969493901342527,1.1090046173089523,0.9688560891899809,0.5631640128366686,0.16437134660767128,-0.01239075706444992,-0.004986892337980331,0.12422019134296725,0.2821477023170451,0.445126051086953,0.5657792901704204,0.7210662647634494,0.8632654463337495,0.9015137292470657,0.9977771153475268,1.0937147852430653,1.1385355210210484,1.4059983219806376,1.1858788639853073,0.46385615080986475,0.07066842416445074,0.017282327436661804,0.15438875499975557,0.3619796273628637,0.3718229880435733,0.5207372013860945,0.5421801890164419,0.7104362940948339,0.6406980703551255,0.7424423774373105,0.7907168904285601,0.828922648417804,0.7808179256990586,0.8376034062805231,0.5778730457263269,0.36772777842901716,0.3105096352187854,0.33469147750066464,0.41160893221916584,0.7451256345270159,0.673536904881814,0.4612719453320632,0.6033668771818619,0.4798402116103775,0.1837676915073816,0.6883593929982905,0.5361147310570762,0.8695013213168238,0.5548855263176428,0.5882462181419467,0.7114821724945999,-0.02037141479661192,-0.05161422347165656,-0.01517111388031922,0.17804504168857682,0.27742142860552366,0.3981585718479923,0.48694694073073164,0.6148854049481434,0.7362553312318219,0.8206595884623851,0.887578948056621,1.009768233560706,1.0820973843501702,1.1605809688677702,1.2389316415834646,1.2656540767278652,0.5517446310472369,0.054576700245092646,0.26077065734701455,0.42274823101223014,0.6258845880801542,0.7646655123167414,0.8448642087120937,0.9200325578594,0.9345958518579083,0.658321636591003,0.9322639874487268,0.8930287460410032,0.8434720143834714,0.7922649591584744,0.7195504578896523,0.6730311168434392,0.8633956606328674,0.9028263789040288,1.0056560264722219,0.9701022897709668,0.887751124845322,0.8073166599916182,0.7627264522316048,0.6961721548052067,0.6246558288979431,0.5376166317292452,0.4882649928614351,0.41083420654500213,0.33215107623050755,0.19239826472911348,0.053037975256507996,0.17836409392889968,0.7642618776448313,0.9544811161709754,0.9924493895594415,0.9130468934119615,0.45162105674283654,0.5130717814889045,0.7509598985661134,0.827166665385896,0.0,0.0,0.0,0.0,0.5185805408726721,0.8855817239475701,0.6001558153962622,0.06881787115000837,0.5941245261022643,0.8596248336211474,0.8447400466497019,0.8236711165449292,0.8297378977178533,0.8726187008926345,0.9085919670053717,0.9044043770034063,0.8591507368662676,0.9406570166662767,0.8540301029719441,0.8381666619236101,0.8318824364697321,0.8177357760082735,0.7970638625972841,0.7775209185214433,0.499664892177492,0.5608400767771594,0.5717098257820434,0.6964331068958836,0.953584785150057,1.1145989969592462,1.3358484087543676,1.43679260227525,1.4167464466936879,0.3536296309793541,1.4690513689887643,1.4223073574639344,1.3373787973187097,1.183795458862055,1.0618499343735799,0.8278097022451305,0.5090589614639639,0.39968289973021653,0.5944537704222189,0.8748164609997289,1.0763426800958875,1.208918675221341,1.3120705117369913,1.2859465958367766,1.291210025455206,1.1942584938103042,1.1364209496342852,0.9678849534457593,0.8489172014947072,0.7233161365658205,0.604016619262115,0.500151280296595,0.31309688798264973,0.1358556672068938,0.4639077962191738,0.6640671163850144,0.3885597057275382,0.5195949064837283,0.6815561762317925,0.4891410006777531,0.6572899982652274,0.32983581671939577,0.4228185546767072,0.6047144211301472,0.6704789083681685,0.5088235816895147,0.5399646781769502,0.2868998583808851,0.32580910843804817,0.6246319401126951,1.2280282333800456,1.1300982504381278,1.071954620670153,0.960986630873041,0.7484366882576554,0.6941784309130399,0.4505572743272519,0.35381105831950443,0.32079047351627055,0.2180064978766716,0.18585577516073815,0.16468209092416197,0.06172335873750223,0.04557002887232309,0.22653722356254186,0.7217022097311554,1.0074572835659266,0.9839039198513928,1.0174256916201303,0.8797423622193479,0.7642103883530944,0.5387367266098184,0.44306653328826484,0.7281585025175724,0.21422761869122975,0.11319786210974914,0.05109040991450087,0.01879267030674414,-0.057143008280427066,-0.07402017644750492,-0.05069236396375815,0.17585171506138758,0.45648132441145806,0.6668609863721884,0.7272970181827355,0.7446864475189778,0.6723172212501014,0.6292861528074356,0.5725205506493323,0.4712723268748267,0.4786599157145952,0.44191119604375095,0.3919483848466756,0.39210147420293673,0.37366140247960067,0.3272172364427892,0.3565595190357916,0.49314300780667786,0.6082390884213987,0.6649217592984198,0.0,0.0,0.0,0.0,0.0
2025-06-01 17:56:58.282,0,0.0,0.0,0.0,0.0,0.0,0.0,1.190283041514506,0.7081299495723988,0.327514720017424,0.02319302412483859,-0.12278440101721078,-0.0955358344247419,0.011778758841081483,0.14475330418724308,0.26809779929287825,0.4059233218822629,0.5716018634115962,0.7015104378330203,0.7798641789456078,0.8266231595187037,0.9562908504728947,1.0679488153099035,0.9499799052581328,0.5328421020362915,0.16656865304242796,-0.01996010010925886,0.0041938246843988836,0.11191399281639502,0.27435475643046425,0.4208670045671723,0.5447268706211628,0.7044381861930447,0.6066501591468345,0.888883932632823,0.9790043301663145,1.0790477090554131,1.1236364222480322,1.3709068866004421,1.1543263194540163,0.4404687568603951,0.0642991244010831,0.030912853696358544,0.19128380280266266,0.3488785746279741,0.3802542347230471,0.49608787440959845,0.5264322206872214,0.6813060848768411,0.6357221802156809,0.720371225853846,0.7843414433185504,0.8144556749811112,0.7757376160854703,0.8099100253146785,0.5249527234874266,0.38550210940435237,0.3100454612153807,0.36973140359553813,0.43207458265374576,0.9773949951165566,0.8484620127373501,0.3222365954268476,0.817421601589069,0.3539173767249728,0.07208438857647098,0.6004907340357912,0.4880791780997659,0.649816532950092,0.45461893175444223,0.4881747248352738,0.6723139538494063,-0.0027618484189467774,-0.04383591945602816,-0.00018883298209892985,0.18469174022821067,0.2771562633919471,0.4122143393184423,0.49943177067070055,0.6152506837030847,0.7396802591539888,0.8253196898158948,0.8858021020008833,1.0072630504510318,1.0804986460049653,1.157661617236348,1.2348885182207505,1.2486238299927042,0.5285198404696159,0.04583242934693843,0.2415441593640184,0.4403436828503886,0.6330351227042763,0.7652845005793356,0.8496820132328762,0.9189177633785488,0.9395165527539671,0.6566756002723635,0.9362716398150999,0.8974291955457164,0.8488625784359894,0.7995155947696099,0.7281256302828503,0.6730139412546544,0.8489831620786708,0.8988202094892775,0.9860532077644826,0.9785599891008172,0.8873077361114412,0.807117909061364,0.7669090011163666,0.7025172210736335,0.6353218079610075,0.5415816929233719,0.49513759932632895,0.41513602086599644,0.33744382259178796,0.19920171972258072,0.061561403758188304,0.1851591759654072,0.7693512528263985,0.9619488761158448,0.9997596910572111,0.922473297492584,0.5060776189667207,0.7897031021680085,0.806443398683836,0.5802870153361859,0.0,0.0,0.0,0.0,0.5292375659408898,0.865931870183714,0.5891837814168935,0.0763829359624485,0.5962333492839658,0.8623502838428416,0.8422321625425124,0.8241693098500665,0.8185719382159551,0.867429192371753,0.9019974932730612,0.8918638982275726,0.8563085232966783,0.9354094942047402,0.8505851215132036,0.8347176299860493,0.8319496730152587,0.8161266335790591,0.8069629146113759,0.8000142349571613,0.48701393654262615,0.5504723214482813,0.5597915935138993,0.6808561294688944,0.9366455239221538,1.0928261236260424,1.3289748984256096,1.420376775405811,1.4061899079065048,0.4235164819545057,1.4633170843833656,1.4211969364707175,1.3266992500098522,1.1784455962539955,1.0562339900089097,0.8318683312005858,0.51348349750454,0.4062588673024493,0.5877009517637602,0.8645608062422283,1.0561521546687889,1.1986221247883495,1.2971076115809552,1.27135973048993,1.287717162172794,1.1962145605239898,1.1306391611729985,0.9532102226375972,0.8456875582345903,0.7233001510553854,0.6055441516201527,0.5013850223376464,0.3086692423500814,0.13509801371260777,0.4628488173660532,0.668424127912621,0.34453909320363163,0.4621292391102316,0.5726309796555159,0.36486363079916084,0.7086995634642885,0.5444231456320988,0.31401921657568893,0.6750061011870343,0.8639322767360677,0.6328385900928245,0.48564880582678593,0.2706789314186215,0.3141470062610641,0.6032544420911559,1.2501400894029746,1.1410921493021493,1.1020673729124342,0.9662697816981165,0.7566721852384355,0.70790689399468,0.4716964592185746,0.3537281653919364,0.3173913027622419,0.23404576123796428,0.21928925877188754,0.16358934472663278,0.057954305160406894,0.02952786878281044,0.21312063672672082,0.7237681857661471,0.9993539709219916,0.9948846030221881,1.038383680984054,0.9050969705553966,0.8063407489180952,0.5912707216873001,0.48328556557530944,0.5236847968178288,0.2513204215952949,0.1515871870653107,0.09559593161270219,0.047551066861397984,-0.021811315992114055,-0.06954992763055512,-0.04946501133416481,0.17423808254374412,0.4605037737162032,0.687631165567022,0.7490505834243087,0.7718477574374669,0.7234052702306002,0.6709427930175993,0.6255980916121668,0.5207373824150241,0.5241652780556949,0.4738647947012342,0.42625467354166213,0.42395159896868373,0.39758257547384723,0.3497954047286447,0.3697388524118513,0.507573608796429,0.6529040953673794,0.6874819113731787,0.0,0.0,0.0,0.0,0.0
2025-06-01 17:56:58.295,0,0.0,0.0,0.0,0.0,0.0,0.0,1.1073766409315537,0.6319921523331484,0.2699134954443265,0.020945394122060534,-0.08267937390960756,-0.0523208232801714,0.047014835333614946,0.16383561864709173,0.28869831961959747,0.42399037698114905,0.5678480862002324,0.6932463109628287,0.7607000049425596,0.8035682553550404,0.9204774204565881,1.0118287431552155,0.8783427186058845,0.49025871648991554,0.1686544017805196,0.023701999599607837,0.07233144005162728,0.16452060562432358,0.30260695922460545,0.4430413245745528,0.5590634191288573,0.7036062526403308,0.6075700865395554,0.8667286182961883,0.9509411496327587,1.0372583520307452,1.0982870664149975,1.299064840744479,1.0728188258065083,0.42726590918561747,0.13658533847052678,0.10266307433323973,0.24339174086124382,0.3903908843159436,0.410643525197137,0.5429972146664035,0.5431213385282603,0.6752773085688848,0.6270255803775391,0.68873484376685,0.758552906799279,0.7916681312590634,0.7433729652223592,0.7592285773592882,0.5179283612361496,0.44059991735247794,0.3749500769581001,0.4727550980373776,0.5308038177854844,0.8123521648188929,0.821740007119101,0.32821168034715203,0.888280223594428,0.3385598667252073,0.1743153420632883,0.6212089069306532,0.5324507094334892,0.6650050287495025,0.7221517095262514,0.45936897657138986,0.5180903835404178,0.04019354247730106,0.054590059540292946,0.10107775727760182,0.2419386102692067,0.3344295317929882,0.4601524834729689,0.5392937765546468,0.635033895652765,0.7341578479753244,0.81739012534087,0.8781108673792293,0.971974658395942,1.0386162212583472,1.1007856676078962,1.1704995204233648,1.161445248490875,0.4921418011569663,0.1429274791681331,0.3318960275415783,0.5119264991422945,0.6775326591196744,0.801818350888956,0.8668124242722755,0.9137358074372592,0.9390156275649113,0.43893110675743835,0.9160694078994387,0.8692201311012008,0.8171569741020003,0.7682128328858698,0.6935446606345075,0.6610012257621354,0.9059282646599313,0.9723689387119187,1.0593340484817944,1.0292268636248287,0.9251536771241138,0.8335457982360583,0.7781857375175649,0.7060506379841849,0.6395137589743076,0.5430608245200368,0.48751882397799173,0.4118420601702124,0.3287880237300751,0.18933711852555402,0.04365764476838152,0.21001580546666093,0.8101129364579974,0.9893856116814823,1.0214155944868393,0.9396709634699534,0.37943484487691465,0.9171176060587827,0.6697675992116812,0.536701478515769,0.0,0.0,0.0,0.0,0.4559600430088989,0.9332061836347316,0.3938766059243026,0.0715304208900992,0.6070167354404763,0.8586017769307976,0.8456685648463524,0.8266126395001187,0.8386964150504619,0.874500369552089,0.9021719554244405,0.897796831222526,0.8430371460160444,0.934152930653005,0.8537019319659245,0.82570127624811,0.8216328731244327,0.8065654110699656,0.8188249405319417,0.8221168347275076,0.47474504339502255,0.5369310150021958,0.5340805019935331,0.6599025889081165,0.9008888680859772,1.069434020544548,1.3079150362061398,1.3857584834158516,1.399113720015565,0.5595815562071664,1.4626445721400874,1.4196435597658477,1.3371303333882383,1.200226309264179,1.077258206799321,0.8403749262321704,0.5228646327296017,0.35561784136058827,0.5341182131253323,0.810246408988718,1.0114300004578198,1.1530388383151837,1.2579206505414842,1.225084525605838,1.2610093039229442,1.1812246967672735,1.1034644440102754,0.9496577681370478,0.8525290976455663,0.7317473932836851,0.6151743825959066,0.5175934832613504,0.3316315702013811,0.11759560396268853,0.3928267082881287,0.5971092676137698,0.3865904925008872,0.48095503499336945,0.5958764880398913,0.4700858698440278,0.8164288919556244,0.538603600410227,0.2915443903936269,0.7069137805927774,0.8477789962599406,0.9083214411202991,0.5093563338598074,0.2904034719142124,0.3230682000785439,0.5742555347307811,1.1510432182155796,1.0724899976214026,1.0502377068021094,0.8913093917880333,0.7297953936226962,0.6696482995993986,0.4480324319228095,0.3299820738332424,0.28347234717949443,0.24135627329152887,0.2176735219964847,0.171666998415702,0.06394481739967561,0.04728395129261742,0.172544537964679,0.6395031998760525,0.9193328602411485,0.9187160957741951,0.9543231561181714,0.8333047671446423,0.7453365714877092,0.5787079235639567,0.4652633147913521,0.45246814254963685,0.2726914262223479,0.1981044926302309,0.1514279252820272,0.11010257663641754,0.05166368246974784,0.005753646269994306,-0.00912191192447348,0.1120309610891021,0.29838255872791,0.593183027686319,0.651210948582405,0.7162699822799388,0.6571274061694345,0.6374465345320708,0.6135972934661831,0.5374733917071157,0.5585201696434123,0.5084931816427689,0.4950216939834877,0.484680510063519,0.48630308780995735,0.4375787659894763,0.45280004684571923,0.53204255575204,0.5716594011853345,0.5791743645378722,0.0,0.0,0.0,0.0,0.0
2025-06-01 17:56:58.298,0,0.0,0.0,0.0,0.0,0.0,0.0,1.078428918582895,0.5967189710254409,0.2605581882834086,0.05584991030989006,-0.015388477941875367,0.005702713394485914,0.10541792025222019,0.21541966513929145,0.3283101251684938,0.46188995717975967,0.5898315816266495,0.7085232248918137,0.77161189229684,0.8048212565997335,0.9094936887524685,0.9972972744312577,0.8490111388018768,0.49202162546158773,0.20551464182572676,0.08568232119657948,0.138270840937033,0.22681130919327974,0.34431244782757964,0.47741240352068015,0.594416021819528,0.7259702669718444,0.7623204627711768,0.868220734769691,0.9483464526289576,1.0151209403166264,1.0807035422980933,1.2776985054166863,1.0227594779602671,0.44218207423706246,0.20041453442805224,0.1866577605988582,0.3274911801376412,0.44019223840502186,0.45758223050979985,0.5974052185068164,0.5891659822936453,0.6713489873969274,0.6492435652356772,0.7226302272604049,0.7419304945661206,0.7718013846779832,0.7460454976617235,0.7686755524154574,0.5603828525305179,0.48077332257727723,0.45201773116069577,0.5697998889981233,0.5873545356324807,0.7473383554264719,0.7887404319182204,0.2982987961142303,0.9065590871049924,0.35466983037268807,0.16937313488891692,0.6950982199415928,0.5133735968951552,0.7697825728991781,0.7032901203560847,0.6354926442211195,0.4079545698216723,0.09649795905054279,0.1363050807888676,0.17676333065641825,0.2970931597281461,0.3653466474473521,0.492617677017527,0.5617225282661822,0.6410547759953624,0.7320536093775738,0.8032861583333593,0.8550343978280635,0.9407763180231222,1.0019047531068082,1.0543398631564733,1.1071279516577133,1.1155478619303623,0.5008002735538168,0.2165951064136339,0.4052466060752742,0.566074539814406,0.7060558038440619,0.8258386517342546,0.8818490685384401,0.9081749762921789,0.9392706296479052,0.33078974613099527,0.904563836668282,0.852208755085384,0.7897725924910745,0.749922595887213,0.6682647172435165,0.6721369739378216,0.9729595891082649,1.0483759822803749,1.123145131045853,1.0800760645629015,0.9639319158627859,0.857023841753678,0.7864521533945048,0.7078576144827999,0.6409631050106166,0.5386865471994611,0.4904940770794699,0.40171072116341056,0.32543791870613115,0.18663282247740642,0.05419036587942361,0.24631838054248917,0.8757056792768693,1.027752266051654,1.0487742252389036,0.97050789376859,0.4561462628137816,0.8533222001863452,0.5565033618601465,0.6286974204783691,0.0,0.0,0.0,0.0,0.2639038030071935,0.6527619217122729,0.3113631577101552,0.0790577039919117,0.6316676179532601,0.879751754352018,0.8606461756950672,0.8486259631365273,0.8542766529039725,0.8938745023820049,0.9086246412821448,0.9038276741171858,0.8366487647052687,0.9149055912193504,0.8350129740449492,0.8073897187474612,0.8026779560502022,0.7816042493006023,0.7902396246117469,0.7822374935690204,0.4777306681172415,0.5481496495094186,0.5502086874695344,0.6777425447352678,0.9060657099387155,1.0868044957972445,1.3064547701616758,1.3843265679958956,1.3968168368335732,0.551783549577674,1.4549291032736087,1.413730106066457,1.3283974784782933,1.194156652891091,1.0650611187648955,0.8280042736734403,0.49956648317673935,0.3504717016858341,0.535886526243282,0.8252825245095958,1.0250776408509483,1.1591745744508521,1.2656866780812446,1.2188011701100454,1.2672075485955396,1.1763070564676945,1.107809493835331,0.9556957486170204,0.8529325357124501,0.733827421800801,0.6191127686124415,0.5196114285059906,0.3332381856424013,0.10738202715588496,0.4176936205960782,0.61700925430243,0.45419671505508286,0.5094488314933282,0.5285725789681602,0.5323894795035713,1.0182977539556104,0.6777345817371524,0.26242071502748526,0.5180393936571517,0.907783475797903,1.0512171815052078,0.5088429792867931,0.2812401911402886,0.31989235722185755,0.5728051621409611,1.137183046177294,1.0919460793177709,1.0557664136463658,0.8816478755191635,0.7503711989629906,0.6633933386407116,0.45953999745769547,0.3407001922948021,0.29193354136892724,0.23569958660625367,0.22312970618042915,0.1567653526353986,0.06722472317605677,0.033427800638059724,0.1548973962787487,0.5912829240641586,0.9020594514282155,0.9029162080895166,0.9340421155461832,0.8232403626331986,0.7373532928818678,0.5812859273374278,0.467477009401273,0.4474428369237894,0.28025811132823053,0.2165239759098916,0.1745626544158625,0.12516106273033534,0.08856496813515424,0.03128272818096012,0.0039342047151946224,0.06939269576289125,0.25585834761881954,0.5468181688514973,0.6030800808154494,0.6696395197579545,0.6256915096744002,0.6043557277214391,0.5917187467529976,0.5370360904335867,0.5665520630062235,0.5197101919428286,0.5248465576038308,0.5193521966187327,0.5220231644543639,0.4811747424391082,0.4804033008392313,0.5365355896828258,0.5009900118577352,0.5117206866407238,0.0,0.0,0.0,0.0,0.0
2025-06-01 17:56:58.300,0,0.0,0.0,0.0,0.0,0.0,0.0,0.9770282832854144,0.5328349811466099,0.21612502468805384,0.0727155242635128,0.0070290129311497695,0.03277109827465885,0.12203577737625426,0.22475091162589456,0.32539205043789143,0.4605142004912255,0.5696521115350197,0.6699693224564321,0.740462641503074,0.7689150190229532,0.8620124982937428,0.9279842941337731,0.770558469057217,0.4799001759068536,0.23051319004872994,0.13397071710900887,0.18699961035307022,0.2642762160540908,0.36712901845812307,0.48835515638861926,0.6081226473002894,0.7224650989653176,0.7311407074795189,0.8591173834233657,0.9276570379309745,0.9762620875572255,1.0354691947057042,1.1946366457841688,0.9133632604446953,0.4182966976283694,0.21202176564379804,0.27308298389461005,0.3977838402176992,0.48626781081758685,0.513264781045988,0.5701752884795266,0.5938292769653382,0.6716387707875071,0.7024702531721789,0.7074774543004893,0.7107993219540131,0.7094264038373199,0.7109227228402946,0.7238953469321407,0.513825420268667,0.503872137525329,0.5227805354155356,0.6110475146546699,0.6367089480150518,0.8200236769928475,0.7098489622245351,0.29741515615563013,0.809086599634004,0.36636420886899024,0.22377899616712338,0.6122348376018715,0.5280785679290771,0.8307874951757915,0.5360014476176862,0.6914409369848751,0.2923141389597287,0.15787028232745912,0.21271590332287005,0.23779514097791044,0.3375328434875513,0.3969592401916564,0.5134073683072342,0.5768317108727399,0.6448315045083002,0.7119962939655542,0.7859233347703023,0.8399928159654018,0.9128400918828637,0.9678865283017368,1.0070394646764247,1.0454960405081044,1.0372205320626648,0.4685449967527178,0.2579461465210532,0.44507800072065584,0.5972915070485931,0.7289476392091438,0.8452785734739909,0.8825658776851002,0.9036139009771382,0.9310616697876972,0.5048562376037296,0.8933133174718291,0.8302254092649822,0.7689758027694774,0.724373331389233,0.6310183322162761,0.6335235550264718,0.9868058836487733,1.0727268510986345,1.1782509174691067,1.1138728003800613,0.9921611566995152,0.8736601730693765,0.7949167700973785,0.7126052408257757,0.6395964610503688,0.5381376342251714,0.48369346937333857,0.3975946886740611,0.31004418705004766,0.1797195884834929,0.0424477228531247,0.2518374543408815,0.8942747002288803,1.0421240885595642,1.0668683487827517,0.9795691532421169,0.3937515415846847,0.7716782886463869,0.7273939451687734,0.42661223984516083,0.0,0.0,0.0,0.0,0.27454999413489434,0.411424404677398,0.297359616287458,0.0803403731796768,0.6315349105414778,0.8734809485484651,0.8633667522947477,0.8522918169532289,0.864516453375533,0.9093565320931221,0.9286050723291757,0.9198852068703469,0.8546261918763585,0.938493394651279,0.8637186521783362,0.8296049197232234,0.8260078892260878,0.7982308786312171,0.8121526015468825,0.8119411042995155,0.46172302338655047,0.5273594233216345,0.5495083997614354,0.6735827895995194,0.9098334100599088,1.0969278172961108,1.318739248879437,1.4022605294928454,1.422225373927709,0.5330655244012292,1.4861291761873172,1.4474401320014487,1.3549015574087575,1.2228948595446,1.0798930690425785,0.8338949654742797,0.4864524935484209,0.31007264464438966,0.5079687126651117,0.8108172937262106,1.0263545987950273,1.1544397226715952,1.276979028600239,1.234409831192614,1.281701704776232,1.1953821941188751,1.1171425462450704,0.9808294645294359,0.8658924143856416,0.7517240750124561,0.6382441372138447,0.5297298791525301,0.3505165949042761,0.10404572185472083,0.392386468173322,0.6144399890050044,0.2567331632668295,0.6016533375272579,0.4762599695576468,0.6100785947318362,0.8641462773652862,0.5707166196742423,0.4099004709156335,0.3568390207039939,0.8670488707873133,0.9285747734566456,0.5748514758804651,0.29733438194108913,0.33888319156210717,0.5528644534717323,1.1168893264840158,1.0768877933297405,1.0372468264398313,0.8759403901980289,0.7838932536457157,0.651515562220156,0.45287946444771765,0.3663613065365736,0.30858452933014724,0.23692739135320773,0.2286441965750392,0.1565535104324538,0.08374385516934113,0.038899835407413375,0.12759248029713083,0.5565427948432744,0.8982875789495495,0.8824063575276917,0.9119808333750671,0.8048068042168761,0.7214610430465704,0.6008573752584729,0.47205438967982105,0.3696204080492048,0.3007307054236059,0.24303112976857366,0.19848568047311588,0.14778827378810278,0.1025327371505319,0.0676255970615105,0.02956375387958493,0.060278715488126355,0.2078301370086244,0.523690221539266,0.5745337529473641,0.6365706339180885,0.6173388464080158,0.5996169866921064,0.6037505952286082,0.5476435996143136,0.5793061478897883,0.5430819319524403,0.5476769608419472,0.5560888527817442,0.5603992334566071,0.5249055198478554,0.521613715471656,0.542807030243514,0.46918988376061443,0.4803764544239202,0.0,0.0,0.0,0.0,0.0
2025-06-01 17:56:58.306,0,0.0,0.0,0.0,0.0,0.0,0.0,0.967317759874008,0.5376217094664807,0.21533521909886544,0.05495604944608801,-0.02640824840734257,-0.004486090134136034,0.0964512939660872,0.19683977073924552,0.2919649888399586,0.434231794329651,0.5530061527730632,0.6500410303018881,0.7199691955048231,0.7576511820896039,0.8549334270111633,0.9077773425211438,0.7511678442744123,0.46313661278849466,0.20162075860494744,0.10875870904727136,0.15550127505418554,0.24860056897734406,0.3370551147065648,0.4724265007205315,0.5981346036523398,0.7148630455372169,0.7118103872851781,0.8642754087340213,0.9384225271206221,0.9782317119054905,1.0544346114819934,1.2324235088159932,0.9450607463205185,0.4120731232109074,0.20785180313260632,0.1893321824476799,0.379788040314746,0.46962283594324084,0.5243511125339411,0.574301571821165,0.5886225120015776,0.6928588185893467,0.7412718859593499,0.7112675371649132,0.7410526561624041,0.7110836545026207,0.7596691611780972,0.7459551790827736,0.5588800259995804,0.5269001767100985,0.5355530050085083,0.612438545932636,0.6286095408316883,0.7473162285913764,0.4807452091950205,0.45289287337178524,0.559105355020478,0.5862339408116458,0.06899383789753849,0.4709557370774,0.5858909039881479,0.7414395003762455,0.6687681171081689,0.7480528963307868,0.3001229492970399,0.15666548553979545,0.20148495304328362,0.24046352453922926,0.336085099454414,0.3892814213900859,0.496337729390669,0.559616583854684,0.6283481776072171,0.691339687173417,0.7599339720443936,0.8171709971592254,0.8983207410179862,0.9601664443239808,1.004950651125058,1.0323280569008593,1.032550239419277,0.44593529860704856,0.209736530538276,0.42128812605825283,0.5761976906528679,0.6968197461138483,0.8163669712714521,0.8584114354860746,0.8900554954006776,0.922675482271144,0.5071532654574418,0.8851248138728016,0.8255162475351606,0.7684167707200776,0.7172148950993823,0.6392168985189295,0.6311895981707367,0.9766996175349488,1.0463308388747743,1.1572143643098474,1.0933290942274347,0.985565722207254,0.866333038190789,0.7903572351318782,0.7051881069778347,0.632761021144183,0.5367002369545912,0.4868297213453736,0.4046861960428727,0.3121952160567081,0.18468392802053002,0.05418296522073485,0.26463728432284467,0.8968696264600499,1.0490183335649437,1.0629212044514444,0.9822820062155371,0.47916299667051615,0.7824730429458491,0.5608160254188845,0.5338687258226872,0.0,0.0,0.0,0.0,0.415184974325289,0.3874756770547005,0.2579243449874057,0.09500068817735574,0.6522970915678132,0.8824867904115072,0.875136432591282,0.8615393714025038,0.8843544204633893,0.9230202854343659,0.9292802855033306,0.9163143543582413,0.8422370051769175,0.9178897488914561,0.8430368258310197,0.808556599023617,0.8082917104319334,0.7696126589904888,0.7620858477355756,0.7598129797168154,0.462115060146164,0.5460292389396657,0.5734880981213923,0.6961081620579803,0.9160670666315596,1.0979115815399316,1.3096503629973042,1.3739125274265926,1.3947766481558654,0.48070330411463663,1.4484617098784631,1.4156036693184602,1.3271240083201707,1.1780618035999355,1.0428036158101661,0.7818709238298323,0.438985647508505,0.32959291489369824,0.5392329522811959,0.8224292242382998,1.0488351173789665,1.1561491589417956,1.2696916469693833,1.224175191471778,1.2448064885776033,1.1681781879919577,1.088105210445688,0.956747922834995,0.8254658760960526,0.7193285937816079,0.6069215845233715,0.49358997068514077,0.30300514010458746,0.08765897514915572,0.4486458912188497,0.6549105691526705,0.39681530609896,0.6897681720276243,0.6788332204534342,0.525720236187049,0.7703070261366611,0.6909766259064068,0.39093644403064615,0.38966520380908004,0.7995787047971377,0.9241826099087427,0.6120008126540093,0.25932921642009715,0.3273861678948124,0.5722865628368597,1.279810941743496,1.1214098092272502,1.1014277299403816,0.9166230493624772,0.8070426763461589,0.6686245455109412,0.46005528935959594,0.35372119367049626,0.2775426778521888,0.18307260187069008,0.18767541361177598,0.1125852317026087,0.027679678630375237,0.011545715942082202,0.10776716862160524,0.6360842841935768,0.9630898395626981,0.918866714687212,0.9658610899157755,0.874904577708653,0.7456531777856341,0.6389013302465563,0.4798781312979872,0.6337341422706391,0.2902599569151736,0.22916263679221505,0.16403676967138825,0.11247963157517848,0.0543577531416245,0.0104178349571169,-0.024406154488391174,0.04831735156480954,0.28385018870800816,0.6092284139773354,0.6404565220742057,0.6973942922474523,0.6915383626290605,0.649937045224251,0.6372224310366608,0.5796936387559704,0.5795567983887702,0.5487633201549975,0.5287015370476211,0.5247281778897868,0.5082474201427519,0.47061121343664736,0.4735845054373407,0.4990374851754391,0.5063901619922196,0.5447059885465098,0.0,0.0,0.0,0.0,0.0
2025-06-01 17:56:58.308,0,0.0,0.0,0.0,0.0,0.0,0.0,0.9692737905771732,0.5109421014637704,0.1841803900850726,0.020643487491275092,-0.02862602436649131,0.0010256824090605354,0.11784137984813381,0.22613453705864606,0.3040346356786724,0.4607187781263622,0.5619321571265339,0.6756316260270606,0.7339461331913721,0.7907893383755946,0.8706871761121713,0.8999327001386994,0.7433327654737181,0.4707254027946414,0.19036361132527357,0.1157990710413489,0.1597822241892055,0.26699163633115175,0.34900874236227164,0.4887633777610134,0.6087385225288025,0.7155676904745012,0.8330705827940263,0.8515668318361177,0.9398113331195779,0.9902899930760546,1.04277069095037,1.2034407076448956,0.9307531274927425,0.4246236843373479,0.21541257094243693,0.2300627844351364,0.3439232523102187,0.47715116853678663,0.5223903978998281,0.5692030325593576,0.5920523355927012,0.6897598312832303,0.7580549550786115,0.7059444564043854,0.7041141861882957,0.7004558705357262,0.7435349667074521,0.7197484704707711,0.5910170244143705,0.5328092155158064,0.5543803766905496,0.6256559438302267,0.6635833076670994,0.609647995166055,0.5781839481014948,0.5559062506351771,0.7120957927673054,0.6992189727547258,0.16964782311817145,0.6127061881007314,0.5377687451088036,0.647704717738351,0.7651843889931873,0.7418937813026746,0.25009820645939707,0.1558198119989859,0.24969021223300925,0.2930584309131661,0.3687241826536267,0.40841434816935895,0.49662731284495254,0.5624091439735202,0.6215339624381186,0.6751728202315881,0.7419295191068918,0.8006710735136744,0.8636726444062649,0.9347316615046894,0.9724217926348315,0.9988343017466025,0.9917697587169887,0.43287209482482686,0.24935986672762744,0.4622206395595585,0.5905689732300066,0.70478775700561,0.8208764140405713,0.8592670812399072,0.884414011744799,0.9163896524303861,0.28689605789725275,0.8741536351166692,0.8034539965248267,0.7450769578879949,0.6995892314780808,0.6161107254954519,0.6126391108166986,0.9993087949449994,1.073310647196895,1.1829749225761947,1.0934953015553581,0.9839217367624855,0.866457498431741,0.7832819232967516,0.6958898391136281,0.6236837552233407,0.536181570361641,0.4819227258771863,0.4064997894890092,0.3113375195052599,0.18017141835723238,0.04512248019398224,0.2589709339912712,0.8993961100741011,1.0438470874369468,1.0689376910058768,0.9872189012959176,0.415393152932172,0.4633797915601569,0.47237411047634054,0.6296154084950826,0.0,0.0,0.0,0.0,0.6035460174580768,0.5781353663721263,0.23319800341285268,0.06370985490123471,0.632355817013168,0.870837951308388,0.8766188501887235,0.8614975713759258,0.8944623502940299,0.93651619239868,0.9506011569074806,0.9333612650342973,0.8588299710975589,0.9350497952913308,0.8643601405661596,0.8280372300690253,0.8255979596694742,0.7924594126210656,0.7882197398531896,0.7501075594458699,0.4489593102683693,0.5373807564879443,0.5596614681528083,0.689200300360572,0.9228335960267862,1.1268854437874856,1.326383542802493,1.391775797082259,1.4224110280736422,0.3139803894923095,1.4818977170553738,1.4508215440702479,1.3590766873542934,1.2103048680149797,1.082057665547765,0.8101146457649688,0.41587024369486614,0.28696637463070584,0.5135521898311234,0.8101809033450205,1.0423640408057127,1.146195519840625,1.2642232767113022,1.2346545814531729,1.2604264173855948,1.1921438198683,1.1038273969033394,0.9816380402184369,0.8540355672279379,0.7441781068476374,0.6251364752228153,0.5148616058316803,0.32858671324526306,0.058986599084773085,0.41373717490705453,0.6171400485864585,0.49051844343534623,0.6405695301848093,0.6282667239477566,0.6722781142091324,0.7620052426971915,0.5418233192499823,0.4734250486285982,0.3964539350971859,0.7599916896162258,0.9493823840713911,0.6784571035361711,0.28975917559223247,0.3382227552824805,0.560612704079019,1.2224823163315481,1.0787062383774662,1.058802936179133,0.8698190482104557,0.7871240233621604,0.6410087503907635,0.4699635397033124,0.3590405536939474,0.29572899162296706,0.18790125938599367,0.19077759786179316,0.14899272575163192,0.05102585697775219,0.017465929648660006,0.09898175805480552,0.5748725859248611,0.9246749071248296,0.8904317125861265,0.9342129042312523,0.8449343016557711,0.7423160475964283,0.6317926045567253,0.4669973341702056,0.786655580617455,0.3021682200631124,0.24821960804933108,0.19146121040104047,0.13901778549688737,0.07787196410991504,0.040928144219502416,-0.02689727157320959,-0.006212458660884657,0.218061414888019,0.5746692616104314,0.6149813323193952,0.6901331044737107,0.6712825527404127,0.64490036904099,0.6350693577548343,0.5857530557753401,0.6057816942866874,0.5785808030751878,0.5483464512946699,0.5610983320108331,0.5632613306295716,0.508301892735459,0.49684464295335756,0.48342021465661866,0.4477057163270094,0.4816762158372099,0.0,0.0,0.0,0.0,0.0
2025-06-01 17:56:58.312,0,0.0,0.0,0.0,0.0,0.0,0.0,0.9830876801335425,0.5363073292357795,0.20204619953486636,0.014243466603882315,-0.04896432183466104,-0.007459030742694717,0.11921952906841338,0.23695594774130013,0.3103327332929452,0.46211756397092496,0.5669218729636369,0.6854593289932353,0.7368193355878241,0.7991836945775537,0.8691014497803317,0.9247665147116467,0.7688958184794912,0.44980495045554575,0.14676748646714322,0.08492465146740436,0.12990305287926085,0.23883253864647402,0.33785596441283494,0.4746267570998528,0.6110883275732824,0.7229167067202755,0.688057192149618,0.8742469421363287,0.9615995958317278,1.0075921078299483,1.0658318711452062,1.2291646357026305,0.9741568599603496,0.39127756576583417,0.16007643652833115,0.1950845752259398,0.32079268321855126,0.4479460193203526,0.5363620246072325,0.5532899778642455,0.6055999231275229,0.6844493166881027,0.7878571949021305,0.740335579249754,0.7282335912974186,0.7454515189518309,0.723914149028421,0.7490961258774862,0.5988766868209889,0.4927900175566192,0.5109519186425856,0.5856607684073554,0.6298538428621869,0.5246094095663991,0.6172312789890525,0.7248123660175831,0.635571112186793,0.5433260579197466,0.2008677472580504,0.7138967273378972,0.5138614375786663,0.623236232615198,0.6865976519081184,0.6310137511202446,0.3617286990653367,0.09799902328645269,0.19851313699971818,0.24837331341912416,0.3688928599048653,0.3865897347095901,0.49172791880676114,0.5655911747613909,0.6343417942834837,0.7060211939170791,0.7671771231940563,0.8285192549704559,0.8987435703723682,0.9680659719761557,1.015737560302165,1.052100191264707,1.0588423627143555,0.4473772310054039,0.1899919792785586,0.4301081319006672,0.5774125700101713,0.6941403451534056,0.8181684038338508,0.8660619456990393,0.8984684784405448,0.924841777539964,0.40751557145300604,0.9011159276887295,0.8311823279105618,0.7698256711457133,0.7313021103689118,0.6454344231548492,0.6306607855813096,0.9615913582976873,1.0210782555727644,1.1346713445994427,1.0671981185817911,0.9652940176977285,0.853564228030929,0.7738744574923322,0.6935192721669985,0.6340119755201103,0.5423799650689318,0.49697797358335394,0.4232034818690569,0.33665769678708113,0.20877379491098613,0.07373891872315907,0.26308725097125757,0.8700778545166871,1.0192780691642582,1.0448549745561508,0.972033381366981,0.6270902869635393,0.482636868891999,0.5564624841062877,0.6574678361689955,0.0,0.0,0.0,0.0,0.8493611697782697,0.6126994588791503,0.2711215583634454,0.040126312291432376,0.6179226171779721,0.8710980621868992,0.8706454952015874,0.8548005009125436,0.8753239844476617,0.9289701571029914,0.9582184099000775,0.9163326653387123,0.8566127334240439,0.9262999263408562,0.8525915874800676,0.8207633093208588,0.8146522374986798,0.785792057250901,0.7677764398963409,0.7024779638167438,0.4422269960266122,0.5407437051969205,0.5761452760611396,0.6957472626169383,0.9387672193559891,1.1383794443234292,1.3350485106073249,1.400021485929307,1.4257433050391353,0.24894837993809033,1.4765246294888028,1.4511957386102017,1.3459562658742874,1.2026211044100212,1.0685728876807505,0.79971867579603,0.3868201668443916,0.3054161458742721,0.5289703640825311,0.8315830782314273,1.0781622134664248,1.1762195118160637,1.2974938148750987,1.2636395643671177,1.2824435224016186,1.2058299588259902,1.1242149132410848,0.9885347981342297,0.8546884420803499,0.7456702880881954,0.6251768411370303,0.5116492626910861,0.32414388303933267,0.06502187543940371,0.45711802633113996,0.6672401783377836,0.45349258104956225,0.7094030101439026,0.5952496928337065,0.5928590377542335,0.7407641261235238,0.6850433709157461,0.4487256013222431,0.44856260440660795,0.7186669646642606,0.7184927718124128,0.7045429687902675,0.29281311582331987,0.34824572283895133,0.5956172658628559,1.2904241359039104,1.115283206687068,1.086285661596472,0.9032341584859713,0.7924111738614432,0.6460003541520551,0.4842963599658965,0.3591092070194011,0.29879271768887494,0.1880385005595837,0.20530905333091143,0.14447596659893103,0.06154749047629948,0.034095685703220524,0.15631996192840908,0.6482832543007364,0.9820634841105644,0.937275255285281,0.9842412795967163,0.8653786236957368,0.7668667537000862,0.618257800938504,0.45954901230094847,0.7099537112099389,0.2703442223395751,0.2166582688492169,0.1415013017540585,0.08025965122138567,0.012065299726703893,-0.0033278124634651407,-0.06552129816873231,0.026218119408610296,0.3035880681402531,0.6281542168409322,0.6691308914324593,0.7027555434790602,0.688606005169933,0.6503928011262556,0.6190728583562903,0.5666509461072688,0.5790209464922729,0.5345720271187868,0.48474928779295445,0.5111635937233592,0.4988698503871155,0.44029261488313365,0.44473676382362465,0.46175787807922763,0.4809829267896274,0.5456278148228748,0.0,0.0,0.0,0.0,0.0
2025-06-01 17:56:58.321,0,0.0,0.0,0.0,0.0,0.0,0.0,0.9978607516809613,0.5692376635576774,0.20427749795291017,0.022177036080502477,-0.05081376778276203,-0.01461255056533406,0.10746791158387581,0.21292905430904496,0.2951281156116067,0.4386757246732078,0.5539966144075352,0.6748052991567978,0.7362080463422016,0.7824101053445683,0.8451995454557776,0.90882909294052,0.7660817701668028,0.45202126809943016,0.1610057786639162,0.08287246151803396,0.12889628156813626,0.23232428263912341,0.33320567223280406,0.46961570201476355,0.5977290620253584,0.705104225604922,0.7043723103227265,0.8672032948423646,0.9437811846184101,0.9985747577002376,1.048385201543226,1.2146279010891745,0.9714727874863855,0.3968898057448873,0.15289919121035933,0.18686001866189716,0.28444618336161476,0.43790984464513905,0.5281644393724483,0.524604566976616,0.569179135950878,0.6687048813597649,0.7691615654562833,0.7056645585543334,0.746530011834159,0.7303094735946623,0.6970921163510632,0.7142904873866571,0.5474780326657014,0.4787448019216525,0.49530487033072046,0.5614376921026047,0.6579002683652129,0.6590207354767721,0.7272246752855995,0.9185015020952576,0.7661625687978072,0.5648654621790478,0.2669781537621658,0.5666702253629907,0.4585843513382593,0.475097119230933,0.7452759436078895,0.39738667312202436,0.380413876134073,0.08408768973271072,0.19783863554827197,0.2523128457502015,0.38379339756133035,0.4071656941494657,0.4946634071278462,0.5729033074744534,0.6533590661950763,0.7316781577203035,0.7888328962307243,0.857553123603551,0.9201307872710526,0.99526686216704,1.0468215615513126,1.075271197065621,1.0577424608903512,0.4104447741486951,0.1555273954959172,0.4026375196433962,0.5634093350711398,0.7048281524122377,0.8183392700222245,0.8715467745001386,0.9200289849819949,0.9374806421581268,0.6165150945405338,0.9225864715547247,0.8486271873978298,0.7889489811623759,0.7369984195373805,0.6606575189879851,0.6175380808756035,0.9132147972842827,0.9690115618419458,1.1052412373613438,1.050124729837561,0.9510172332233189,0.8532669858389295,0.786088110877289,0.7052611294088837,0.645919423509487,0.5613224866151141,0.5184281498718641,0.45209888095701367,0.35177616773533416,0.22644148284228727,0.0772517142503375,0.24012829413991027,0.8295108956701988,0.9905039620976328,1.032958394415174,0.9541550985838567,0.5012992347223677,0.5426591119737245,0.8095792138361855,0.6127584971739546,0.0,0.0,0.0,0.0,0.8374640337529797,0.5375231208942821,0.23002477849578384,0.026640046094041803,0.602285192872265,0.8523224408991327,0.8582930980167858,0.8348035656654748,0.865897486374928,0.9101589766098124,0.948728382537904,0.9255686953197197,0.8728473844912341,0.9505274208115275,0.8769678829698613,0.850576379668277,0.8448045327476166,0.8214757659398677,0.806394184300546,0.7626445397027988,0.43815015936198487,0.5144586446100304,0.5434997196199949,0.6757444672923372,0.9232306557692309,1.1161339535993058,1.3242310019828714,1.4155697863020726,1.4396542467308404,0.3163801159836734,1.5055132987360436,1.4783513621436697,1.3817160729006626,1.2303382397348588,1.0995019186198223,0.838917884073105,0.4233427589361486,0.27621052751941355,0.4869600732761824,0.7832094727811383,1.0389409509025596,1.1618368955268623,1.28749060365578,1.2772157949246725,1.282419897181859,1.2225221842434353,1.1409773156766776,1.0099120462780768,0.8745625826950058,0.7642486210698747,0.6452926598499829,0.5406210747627718,0.35797286313912496,0.09303646902332696,0.40742583164368007,0.6354358616524115,0.5975330529636206,0.6393998773388954,0.6625358974373579,0.516684380457577,0.7169985418953289,0.5793558702308794,0.5508730956757886,0.38953621717219716,0.6094293046522605,0.5698065063221266,0.7996056187412909,0.3304496330971715,0.38191770356438076,0.6092642564981728,1.2702878857541906,1.0815024463364995,1.0564247157838933,0.8836431627450785,0.7809988239058161,0.6804437673996566,0.4801892761283748,0.37125972523795125,0.3197699604296804,0.2253911728497191,0.23031299717886622,0.17791797437254142,0.08001927314512947,0.07913869435411391,0.16629117033073887,0.6733972879956951,0.9673832722557147,0.9243411284842891,0.9909934800105885,0.8869733762458127,0.7715723313701854,0.6258820053243979,0.47783777517415893,0.6931849033766586,0.297890634904195,0.24436435755738528,0.14766101275079824,0.10624217092209742,0.028281936485072046,-0.0019056278000604276,-0.042705058037544874,0.030352556013102605,0.31255196056488166,0.6429698944942559,0.6835911605527895,0.7069594301503144,0.7142593529634462,0.6748512127323498,0.6610264602226343,0.5822724397505858,0.5937639506830752,0.5512323705030271,0.4942677618900282,0.5246371431841585,0.5044698275240301,0.4464374374648554,0.4588736834999188,0.4763042203170098,0.5197411882856108,0.5694772839088837,0.0,0.0,0.0,0.0,0.0
2025-06-01 17:56:58.324,0,0.0,0.0,0.0,0.0,0.0,0.0,1.0573992376394683,0.6226040151293577,0.23584697637824525,-0.010767043503070006,-0.12571350117809332,-0.10002785285276472,0.05005331688484149,0.1640932305963001,0.267512620456409,0.40759702889083593,0.5482106189741878,0.6794553222695371,0.7509169994025762,0.8033985964213082,0.8723918835790524,0.9541998300242959,0.8392633190697629,0.46320489791428937,0.10853617785788638,-0.009665601040157124,0.03023335809780736,0.14621981061670142,0.2736371986303725,0.43057857943969235,0.5531198963451085,0.6892042344755185,0.6207177161344887,0.8728716245150338,0.9602558665243115,1.03495156572885,1.0945815107852264,1.307060025526166,1.0659772634873352,0.4048718339787716,0.06254610278781902,0.011160653362790818,0.1654432943700015,0.3244857222998907,0.4281199041199961,0.48462729577885155,0.5285587386777781,0.6547177399371296,0.7318582159072136,0.6882977397349638,0.7809376629054893,0.793408592893099,0.7530573736988551,0.7854816381846097,0.5946708219511733,0.4310987511363459,0.3637271745886551,0.44885644259699875,0.5436830163861999,0.6451918608222704,0.6818646460797605,0.8519226457347091,0.8578737498278433,0.5377670549636849,0.48714138804963336,0.5482750064442108,0.4718077277292257,0.38761289766606033,0.7852472096143255,0.35138555245574243,0.5487057762463743,0.038731990489138196,0.07289431610843433,0.12897755004922384,0.29133748125834424,0.3304065076824596,0.4324765733958711,0.5191736357756966,0.6159647474708263,0.7228819909532862,0.7853790030339185,0.8573282220270804,0.9324419472888675,1.0235930388224905,1.0880240217327977,1.1338295939944136,1.1395461199450188,0.45769456345940124,0.06493126001641925,0.293729898047854,0.47687242926724904,0.640475210559164,0.7486271559881068,0.8361035807936528,0.8966629412864187,0.9138889574377271,0.48764448670843613,0.9145184388804883,0.8531054384637909,0.8054867826020081,0.7470363590265413,0.6883277739927534,0.6339664330676953,0.8594449809963233,0.8873532269591936,1.012626826318475,0.9755551842268468,0.9018960987171922,0.80691540621962,0.7521264194654353,0.6832901224814707,0.6227440877690789,0.5523556460414523,0.5147267697860316,0.43967564092705524,0.34897301555760585,0.22218828967153292,0.06894178838892384,0.21872061255247988,0.8037492679648007,0.9691175884977596,1.0095370559498478,0.9388859035025652,0.5827743421174374,0.4168192035175358,0.716998751476088,0.8163532093730514,0.0,0.0,0.0,0.0,0.922625415799587,0.45512578151801225,0.39686921625599025,0.06337290995317402,0.6104107582709486,0.8533991260079025,0.8549458424680405,0.8269070201398635,0.838994781072915,0.8799195452028015,0.903846538664852,0.8797603252233848,0.8380210815313656,0.9072455465087428,0.828908792353154,0.8099862444680976,0.8073182177544564,0.7973842793562838,0.7823517783270262,0.7571663940618971,0.4619042934920845,0.5331377154481781,0.5501173692436101,0.6686788976396147,0.8999956066918198,1.0888582789089893,1.2796771365981892,1.367011629031173,1.386995746432803,0.3479870715900442,1.4522138843467602,1.42251338856869,1.3337402199259067,1.171316079025479,1.06818598854447,0.8257405057204699,0.4445769592083736,0.3206905851020282,0.5261273776922489,0.7970119591157796,1.0270597675305257,1.1486137926651983,1.2549442747082922,1.2411913640226169,1.237015909101527,1.1728375010204934,1.1138065809720912,0.9621822841803581,0.8292495688914655,0.722471486771376,0.6025761799235987,0.5127836792234631,0.32173566953812166,0.10251949231752819,0.4477092367480142,0.6523957072896088,0.5774732099131221,0.5249299520541351,0.7357393918680869,0.4418835320151723,0.8924145920754907,0.6568227617919821,0.5574294986832005,0.5450355854100946,0.775692676522468,0.6792465380199861,0.7350206777615876,0.29441542395892834,0.3398703743975085,0.6059605325900799,1.303305567653882,1.0879622364481303,1.0688529759093663,0.861521245700084,0.7432244938772172,0.6522660411532257,0.46184023302861266,0.3242037482847089,0.28525742189646897,0.19542503049741144,0.18884667036143088,0.12845546185433543,0.03424384957686277,0.06758460392504317,0.2230212089599906,0.734881000853399,1.0137952408192934,0.9606358068558112,1.0143646112454534,0.9238402330854865,0.7682461672876544,0.5938729847931319,0.44197523262236627,0.9173561604058144,0.2509143030680605,0.17744625659406,0.08530628944651908,0.032488347638800374,-0.04215261771761869,-0.07099561085918904,-0.08637124526347661,0.08884814022148052,0.454122054528448,0.7275545834297319,0.7664324888186275,0.7716539675998071,0.7579304055509377,0.6823449119172387,0.6369533420062394,0.561367789822699,0.5511234998325996,0.4926043875110615,0.4324623043466653,0.4331418769604991,0.39333593772759257,0.3509377030867551,0.39846360199531855,0.4738214960090952,0.6030294408089917,0.6789136268310234,0.0,0.0,0.0,0.0,0.0
2025-06-01 17:56:58.327,0,0.0,0.0,0.0,0.0,0.0,0.0,0.9938875392013965,0.5928646695260892,0.2256208975391274,-0.0022433916841885226,-0.09274508040589358,-0.08707452094186763,0.06210243087337286,0.16898735229058182,0.2642727227961327,0.406422234182926,0.5432110592962123,0.6578565213081492,0.7380041796915282,0.7869462173765704,0.8456204411796366,0.9183069411576888,0.8285094185336824,0.45226806795841007,0.12899846886898136,0.02174597559730329,0.06706810991515222,0.1682977447093379,0.2930204397846887,0.4439994364385742,0.5508992459965454,0.6819540430040842,0.46699543241682306,0.8537341303435707,0.9403867501547327,1.0166115009715841,1.045398395016318,1.258548026593131,0.9986105884706251,0.4103268227046969,0.07466295979338622,0.06028073913791809,0.21394270535993476,0.31266600859033855,0.40254396433374207,0.46217920920226696,0.5353015438591924,0.627022865192951,0.6925177718287971,0.6696072318934071,0.7423472824754193,0.7892582774502273,0.7077160157294637,0.7600172342681533,0.5830893203945137,0.4255651956271749,0.4020979880284301,0.4721730383743483,0.5669889196477447,0.6275682611634059,0.6411726923594461,0.6963079664686589,1.0196179804685424,0.4096036137805179,0.7193996198108336,0.588635399427936,0.4651142272529893,0.5513935678154573,0.7022056885113087,0.22193446799615693,0.5091432640125333,0.09209343519521915,0.12426862329457655,0.1745405498808521,0.3172166557434879,0.35277525907823337,0.4566482530224001,0.535948997434353,0.6175789560376381,0.7221882802161663,0.7951467223012623,0.8589337980594578,0.9341333046786672,1.0091222753928568,1.0690744812224522,1.1101329742633421,1.1039596224303263,0.4414611564393333,0.11316532471569463,0.319977140090832,0.4851387389529842,0.6566453632737794,0.7609587050022775,0.8427316662928521,0.8886217798354408,0.9138071070503264,0.6445613176304545,0.9112498711631345,0.8417477205727161,0.8016003543024449,0.7454088057532332,0.6756104746431069,0.6255620547455142,0.864541249633972,0.9073859230170219,1.0279715212485265,0.9817125448259925,0.9066092788305513,0.8128996856760133,0.7517279529906267,0.6911879355607229,0.6196883844682473,0.5524606688791631,0.5052308356524311,0.4353075629183214,0.3548374845936413,0.21851757696746377,0.06377660362326654,0.22916635645011363,0.8193382935020336,0.9743547005584641,1.0143176411613113,0.9430128185316233,0.41606821789799603,0.44351338150357084,0.956152790104958,0.8101942827010695,0.0,0.0,0.0,0.0,0.7928395181295942,0.6160750984932613,0.5730987480236646,0.06649359829004797,0.610438913320619,0.8445129751172785,0.8556821679080777,0.8110729025118052,0.8200689260859579,0.8639717994809144,0.8931083128040203,0.8741635838507271,0.8227010478848604,0.8981727704940194,0.8284445070781068,0.8080115731207822,0.8001120134476971,0.7974851617192893,0.792192904937294,0.781804077077616,0.4601949364754405,0.5248887444159285,0.5403073022304503,0.6524434939950001,0.8841497204806312,1.0717553957395687,1.2640780054624554,1.3540522125308143,1.385438604908434,0.3789167495978674,1.459722644584597,1.4163119344398254,1.333746583755434,1.182528982576434,1.0788866562710002,0.8403351216181746,0.45616959124775425,0.288068371410671,0.49971014668954494,0.7716289583745364,0.9926687558756719,1.1227263050406118,1.2463347598671306,1.235156329390849,1.2313406394023128,1.178973773341363,1.1062339381877115,0.9698030310874076,0.8482313386309462,0.733770836691575,0.6087857293188178,0.5286866428899507,0.34039369677494025,0.09384005969615308,0.3985605975078671,0.6147601212389856,0.6323383417321069,0.2776605125692362,0.6290882115327334,0.642914662183091,1.1483905862437553,0.6266922061430018,0.7217370617003778,0.6351272841287876,0.8145253353952634,0.8849310170023117,0.703161776083596,0.32062480074460803,0.35694890587311884,0.5922159241881405,1.190936180911654,1.0618895198748235,1.0080148940523248,0.8335205593883581,0.7268845486548277,0.6123051702619136,0.43221737531486104,0.32170908103210505,0.2914355919254481,0.2192361422723994,0.19563472743521304,0.14590747063280685,0.06755645980586167,0.08012045616519048,0.23018743434677852,0.7032882507177087,0.9814279038930476,0.9448249893151488,0.9724473354119362,0.891845791665798,0.7490043672887503,0.5709860058104559,0.4245031469998557,0.7475986286095226,0.25527699918074065,0.18113329054842708,0.10579034229361106,0.05048385946281819,-0.004904656239009264,-0.04402199747356772,-0.05482660452456589,0.09528121568196735,0.3998928469319525,0.6875347307734061,0.7206250654202327,0.7314666355126678,0.7178311319460171,0.6497790375099601,0.6146173785100741,0.5596244220685083,0.5522179854322065,0.49412210569920445,0.43833465945169237,0.4452709170354028,0.4188971335317887,0.38371530330445347,0.41874047151404975,0.4926173428380044,0.5777393034856112,0.6412918281700606,0.0,0.0,0.0,0.0,0.0
2025-06-01 17:56:58.331,0,0.0,0.0,0.0,0.0,0.0,0.0,0.9450557992994862,0.5746570211045045,0.2184665740216396,0.021351967848600273,-0.06561896276446244,-0.05536191891783615,0.08706374836163178,0.17826838343510332,0.28369507832183205,0.39854660906372796,0.5493557840041265,0.6588856621562956,0.7321804215178978,0.7638069570974904,0.8223133154988536,0.8918331767155032,0.7865350283425487,0.4288501592191673,0.16163665338691868,0.0592631312833477,0.09282157043987338,0.19566264129890998,0.31288875025985097,0.46384398798560733,0.5618182036131008,0.681464489728288,0.4630241067718218,0.8505671948957364,0.9188978531819014,0.976427315725873,1.0263833176372232,1.2240499789823702,0.9636143658492622,0.38652924214470896,0.10174132194958174,0.0664912620593785,0.2515103557927796,0.31664598566111235,0.44238275037564656,0.4615534659705285,0.570474518224366,0.6273026553078878,0.6671956419385499,0.6622234866295357,0.7309766815323885,0.7607209680879627,0.6903719173951071,0.7719610335698912,0.5915546266789791,0.47359472827178584,0.46775309647808017,0.5098703792779917,0.5838685188979538,0.5776615270075978,0.4793946011217506,0.6573752991952069,0.8894371800868761,0.22255683676852425,0.7194767563998803,0.4624343950137022,0.6317911475667046,0.7619619941151796,0.6570312529888795,0.24359641068326252,0.45598137934960153,0.12821668171500303,0.1924207690884212,0.2149303937123792,0.34540284874499316,0.3707138856151595,0.47930957237690697,0.5474935515742698,0.6289193453275386,0.7285208307990554,0.7944384222735983,0.851590925995753,0.9322039604684192,0.9925608836258959,1.051476304336536,1.0730518567224343,1.0704279753361965,0.4523274436296168,0.15833232104804773,0.36040617984145196,0.520323503279545,0.6779869764986282,0.7694984130142859,0.8481362251912588,0.8962767804760388,0.9080929190543288,1.0192924464231068,0.8981343500384751,0.8327622300004266,0.7903012203194734,0.7311023793920085,0.662121666663017,0.6213353521356534,0.8806524472265723,0.9202292115109282,1.0464426741798345,1.0030026696731424,0.9146071372940343,0.8200340145000118,0.7519536296982943,0.6926560237282744,0.6088567850687812,0.5401326434661025,0.49621135262553473,0.4191772623258976,0.34393818233376194,0.21266579484030468,0.04978851599336942,0.2383227542533864,0.8351273030397616,0.9871094481348459,1.0232279689337538,0.9365084855257935,0.44546851386413394,0.6032620134110662,0.9469806581166562,0.8229963331311525,0.0,0.0,0.0,0.0,0.7109248340105028,0.46627641333185904,0.5074248184433664,0.09136059831168297,0.622583718601116,0.8500362413610548,0.8539156675000044,0.8137494527083481,0.8074704415746692,0.8477215201013173,0.8791525732567993,0.8701876456324129,0.8147026546745608,0.897125840795411,0.8202427753830084,0.8144337371035191,0.8073548096103529,0.8136167959918112,0.7922271440037625,0.8035090159833718,0.4655916831379472,0.5126609449640879,0.5265027481729783,0.639962808927085,0.8568911107811192,1.0446762095240723,1.2519130656502244,1.3540954022543479,1.3754295090327358,0.4671479320065391,1.4726251720930188,1.4290907206153758,1.3565327348953522,1.1947309890516653,1.1034680194071742,0.8733604273727942,0.4804433500292997,0.2507287301104931,0.46935899090236466,0.7318222404171428,0.962450599367418,1.1039893531874616,1.2391226870407213,1.2226726992402035,1.2297459806004034,1.1770996402888643,1.1272734474734207,0.9892030873461192,0.8601453343201632,0.7502605615305995,0.6271153976652674,0.5520663646707081,0.3750789855579196,0.09316619862293055,0.3287972370243981,0.5731801858985096,0.6049891388647128,0.29846988362478033,0.5742921117364096,0.5259541037218847,1.137601156340296,0.6231592021536421,0.6503039977887839,0.6855669950534591,0.7071202204725132,0.9124347409261833,0.6193490107930445,0.3392869692888623,0.38803745275395457,0.5976287384553055,1.1107783393184034,1.015321402431031,0.9597722983466254,0.8222730065922437,0.6967311195209798,0.6006771641658597,0.4249238564802178,0.33169258222294196,0.3265347185948617,0.2549054700380722,0.2375877188814972,0.16081261136049152,0.11196669929220937,0.12104948810221583,0.2127281917601515,0.670975674702184,0.9431673571250008,0.9012478243697848,0.9412056655123578,0.8723688520398147,0.7097309145821007,0.5427764456882709,0.4228678288128085,0.6181679209254888,0.2789638786304911,0.19265759648895697,0.13486536889910772,0.09093556339034825,0.0414170344543201,-0.003606948750396799,-0.013779011940900698,0.0919391129942927,0.34663101406450414,0.6405969948667674,0.6818716258470808,0.6670817115057295,0.662409313927665,0.6132074930111115,0.5999133939109327,0.5529572476213411,0.5469826097288246,0.4959873625590072,0.46181625622071665,0.47911503057172244,0.44450643049049987,0.4308573508619242,0.4643423093985724,0.525526292748566,0.5691990480048389,0.598605323722647,0.0,0.0,0.0,0.0,0.0
2025-06-01 17:56:58.335,0,0.0,0.0,0.0,0.0,0.0,0.0,0.9317520230784923,0.5531735869996421,0.20219233404781878,0.04024046751058774,-0.03095338941706971,-0.015029986515934124,0.11218565554189663,0.19238105351918855,0.2956733492764979,0.4017552672334439,0.550190326493206,0.6650001964820361,0.7266327121819283,0.7482645049018479,0.8169483574368762,0.8412653897618263,0.7566311210840299,0.443503037232103,0.2292812796223329,0.11381534932512893,0.1505441655021149,0.24187973559933806,0.34416010507480443,0.4895349619965452,0.5734842332899204,0.6905268056749108,0.45318496911107664,0.8471243320283167,0.9000065240459498,0.960910317968784,0.9844184692425733,1.186090980337862,0.9051775016415791,0.39117723547284333,0.1492999938411501,0.10073280449388378,0.31642736576577746,0.3964452552980928,0.46432073934920126,0.5024774170664903,0.5746122889132033,0.6386408557340582,0.6439391229996416,0.6401525254042163,0.7043575660726326,0.7070330116831323,0.6806009125305961,0.7232022182253535,0.565290924333632,0.5002345072482524,0.5222112398716167,0.5432705467464758,0.6281086432756813,0.512087919602406,0.5751575628878378,0.5556730499359195,0.911741647313077,0.231156879608701,0.7717297321727379,0.38889617008787514,0.7404802942486033,0.9140077728263764,0.45831358696231117,0.5705859181477912,0.35393307017184195,0.1858680812586501,0.2606622841668257,0.28355819148196315,0.3630309055776344,0.3937488858074305,0.4913631584359688,0.5372004290498549,0.6136754037670518,0.7083523016488398,0.772084280086347,0.8131058356198699,0.899039772581356,0.9585904107185761,1.0109314547851576,1.0175345422920166,0.9873056688735611,0.44059785791899825,0.22520203734165312,0.4103369522625959,0.5480204993822864,0.6991824719605206,0.7640396444349649,0.8433608470911316,0.8936676465830984,0.8958744522891788,1.1588895321517274,0.8712874056453757,0.8022051813547789,0.7649669332189154,0.6902700833209249,0.630970174513886,0.603457795132297,0.9084526001234484,0.9692732528022113,1.0875643033092364,1.0184532612734911,0.9198841902310593,0.8220276930776971,0.7568837456087012,0.6854698172650275,0.5933549730027596,0.5234875301227446,0.48206324352035756,0.3939483594209716,0.31709033093738315,0.18255967479819846,0.0324696835727587,0.24511777682557495,0.8727036635539384,1.0034927149371067,1.0445142100414289,0.9440363454471525,0.5037250314825064,0.3813879174083054,0.8906520462077843,0.917560845519098,0.0,0.0,0.0,0.0,0.38626456782236385,0.3566996383197896,0.44329999136958154,0.1312211007501316,0.6488532415655066,0.8617400607099789,0.860208490514782,0.813048969759317,0.8007334893614393,0.8378049206620253,0.8496481167015668,0.8545259673584615,0.7972764557265304,0.8689287819866887,0.7875412103102493,0.7995823517523575,0.7998271453869126,0.8087740073021272,0.7787679143967532,0.800799332773515,0.4786312919979755,0.5102201455849846,0.5174151686271191,0.6219022170709738,0.8384127484471826,1.019375990070737,1.2223939980391085,1.3355958930398464,1.3471978613541908,0.47222778402315363,1.4532050928473956,1.4177218836983054,1.3512944352971286,1.1856852923670602,1.1082476215861952,0.8749684123556873,0.4898219356919957,0.2320761342975486,0.45851628494308627,0.706201414859198,0.9289291494429532,1.0679847633382542,1.1980960210134426,1.1957598626899417,1.199798214487854,1.1560726782226625,1.1144613266758916,0.9757067036445967,0.8529589734753379,0.733890122485132,0.6245205947175947,0.5548768129659597,0.3859908242242131,0.09464323189556448,0.28376880741191135,0.5291841340970652,0.773336790923434,0.3608361777168274,0.5384796170866595,0.5026897318842842,0.9758069014758564,0.5257828675391102,0.7389859446367897,0.751963175053225,0.6671878011490154,0.909440302719414,0.519692919177217,0.3431398543592156,0.3865495687347567,0.5725022708762632,1.0323606651288126,0.9711030676693457,0.8950217891380238,0.7845841429286786,0.6409106984955744,0.5507123666725025,0.3947124352487783,0.31869121016811075,0.32100770539668644,0.25911544886255133,0.2300370991392897,0.15773066269718294,0.12517392520496518,0.11744374884639075,0.18259705511008267,0.6322934627438741,0.8983415695774368,0.8680955982613237,0.8891567554627563,0.8357577900553157,0.6602560858781743,0.5011621857538355,0.3988476139584469,0.633961768189036,0.273815640638172,0.17641261488422377,0.14106845441378502,0.12259755989388654,0.06933795467552006,0.007753213388892233,0.0003651681638772164,0.06918963830271119,0.3023438530214615,0.590618358361704,0.6447871853220043,0.6302373968729376,0.6075629888979217,0.552833083177193,0.5729469830254863,0.5326500108926298,0.5306932909764022,0.48591444897576186,0.4821811441588779,0.5051293953708791,0.455077127001014,0.46463567215194956,0.48803453621908893,0.535191550289803,0.5212700310161852,0.5491343761770535,0.0,0.0,0.0,0.0,0.0
2025-06-01 17:56:58.341,0,0.0,0.0,0.0,0.0,0.0,0.0,0.9417150311651118,0.5530910975771341,0.2075317579955951,0.03493919789607325,-0.057909322127474905,-0.020065829601154772,0.1095209440062549,0.19274468576576376,0.2913800487637531,0.41032413856999206,0.5576265400156892,0.658449632891868,0.7235937231000464,0.7589259968151324,0.82988436123355,0.8532517763119002,0.770262087287931,0.44972000276957297,0.2270520259996468,0.12077861339583629,0.1496722554700478,0.2308869613115696,0.33479818290503305,0.4857440938355322,0.5681150405170126,0.6997629054617764,0.3598181440526368,0.8381431929020017,0.9010064953968309,0.9642706344571103,0.9898231902458714,1.1753071905908241,0.9159655638032964,0.3802374072860315,0.1383173465708577,0.08064193532595154,0.29627903936525546,0.4091513333932082,0.4387136498549675,0.5001761727798371,0.6044447357059957,0.6335283440339168,0.649332983213424,0.6563436470420906,0.6994588547231398,0.7220712318239311,0.7030553718328374,0.7352525829700898,0.5940113985494259,0.5233297378971005,0.5189791168824284,0.5364184878984035,0.6087308867203749,0.35984229963555486,0.6032494508761136,0.3282043738315255,0.9217123496526904,0.4286196859275654,0.8050971880337483,0.5697550796581106,0.7733117687752038,0.8949065774637729,0.630827553639484,0.6328137115072221,0.3418417700250327,0.19588123016512807,0.24986186633946428,0.27838407952273836,0.35681143399114235,0.37822075156585866,0.5013630965467779,0.5428385872372623,0.6108322369967152,0.7016187095015782,0.7647967080610432,0.8073143456943752,0.9004943008534715,0.95395659617981,0.9962850186525953,1.013479332198382,0.9919788740184676,0.43566472297396824,0.22009319371325542,0.4104069900699563,0.5533256051627031,0.6951722854835969,0.7616494743314282,0.8455467880460832,0.8887887541392381,0.8951759551586222,1.1399432474551123,0.8647438467094415,0.8039386715128006,0.7679429140473922,0.7032375439272865,0.63493078419284,0.6048908932061582,0.8915879768047908,0.9574573341492164,1.0724805174898449,1.0093098877728142,0.9118261465218314,0.8213100716588897,0.7485909130315527,0.6833284702874405,0.5966127930117862,0.5314559670932093,0.47882011434200145,0.39663150085257315,0.3261347564038368,0.1904948543632189,0.03839782482572818,0.23629734254484097,0.8705887692326578,1.0049845782278264,1.0316749877650067,0.9439528367105463,0.44316290468710634,0.4608532313046802,0.6450265450144719,0.9074000264976763,0.0,0.0,0.0,0.0,0.3753172738912057,0.40588436932575694,0.7115934495492914,0.12057780720019862,0.6318184470343302,0.8629053490395452,0.855800686500978,0.8060061303013039,0.7890675886766609,0.8344221478491611,0.8549150671541454,0.8372841300384066,0.7832762726920102,0.8622707631523303,0.7865628136425749,0.7869061712977883,0.7915473923059138,0.8000947144565633,0.7783630815470048,0.787452905369098,0.46977218795342734,0.5090663510116734,0.5111045901372155,0.6095073524105388,0.8304767216542952,1.015289942422449,1.2209129731194888,1.3240345491539085,1.3471963662448625,0.6892781736359594,1.455547600009814,1.4079659337779993,1.3434389772161224,1.189404689737,1.1107672725031894,0.8570325508989639,0.48343190595265106,0.22914992294811787,0.4740636115925191,0.7130331256104101,0.9440959019134652,1.0646348496176035,1.1909701559176646,1.1856149467550747,1.2122165538857477,1.1532540817630852,1.1170766429540748,0.9754231633783607,0.855003220063491,0.7379002438695503,0.62086206439202,0.540088395599064,0.37935556254008174,0.0966106885306239,0.277733411093368,0.5232463997528206,0.6600631426414858,0.3896572533118545,0.4853036572616062,0.5643989553630996,0.9006939249910415,0.45116385275541426,0.6796794868224205,0.9025905069991131,0.5807846473703707,0.8907546356557234,0.4772890660731274,0.3353589874149195,0.37495948564263365,0.5736439373680813,1.0280581398663668,0.9695884046869037,0.9079996859241081,0.7870879093337833,0.636726969884372,0.5216418426304879,0.4043963415690648,0.3209584431287913,0.30242272286061556,0.2526777063859149,0.22419364662829322,0.15510816119542414,0.13275480451180577,0.09379245765954014,0.18755686866856952,0.6492366177145952,0.9097042840514065,0.886691256907405,0.9018023034868426,0.823429384458968,0.6730731691175049,0.5227411909542978,0.3952942887050177,0.7437218087413534,0.2657141187884615,0.1674631645894782,0.14546313494552154,0.10570059821916311,0.05722654768535995,0.007907161343067348,-0.007753170082169525,0.07355126962477038,0.29442470959710676,0.602111001856551,0.6456600130835258,0.6460487598860114,0.6080764317109955,0.5704848008311156,0.5631812432209122,0.5280433273959293,0.5272829643434929,0.4806380211091268,0.47724406318321466,0.49370109240545035,0.44629369227756766,0.4596883615558789,0.4684725768737233,0.5235498164598387,0.5010835545329372,0.547505307633817,0.0,0.0,0.0,0.0,0.0
2025-06-01 17:56:58.344,0,0.0,0.0,0.0,0.0,0.0,0.0,0.925265920882476,0.5176692162787898,0.18455830945551577,0.022165186874278375,-0.04507002505980917,0.011421742308741378,0.12561991807744788,0.204095139167346,0.30152276359875263,0.42380450187375995,0.5619576876524499,0.66684337217094,0.7140256819285784,0.7625719966125838,0.8223591957822607,0.8505693367979053,0.7497366297883093,0.41963102612187825,0.2328991589327093,0.149389724477078,0.18820105425929157,0.2534305687843261,0.34937464726392475,0.49443150921719936,0.5834743063751915,0.6987802615379839,0.42688111882107915,0.8327953008557368,0.8956781882948925,0.9520699469093729,0.9712549581646048,1.1551759835249458,0.8615618194296011,0.366317892117503,0.17444529491697736,0.12470206463468703,0.2998632219159785,0.4284140014327522,0.49101986929248964,0.5182437947244192,0.61290315034297,0.6229684490986176,0.6544978674554809,0.6732969312652354,0.6868402802293357,0.6763479135870529,0.6722806562381132,0.7145295726394785,0.596088202800999,0.5273846431665438,0.5698500249933144,0.5613512130779899,0.6494993548633361,0.5162206292625469,0.6320232091659138,0.24927591377664743,0.8591577513571111,0.6817952531200518,0.629750892135866,0.6232315713644715,0.9337414609422034,0.8771000091906928,0.6872075106317211,0.5830908541412277,0.2552466284205315,0.17970748467980183,0.30040345583038386,0.3330518082799707,0.40179930329436075,0.42460154199771627,0.5389218657232038,0.5684337315986945,0.6276935841008167,0.710672419291579,0.7717806147479347,0.8133504572521686,0.9000953419881365,0.9440604554204493,0.9831629462768035,0.9917857275124103,0.9606611011850581,0.38872911187500264,0.24341210036827066,0.45469770833042,0.5926305204125129,0.7211521183839118,0.7917173942120708,0.862017633925932,0.8994878862463009,0.9036269130713983,1.1077805562749337,0.8669392227394306,0.8081765468659464,0.7636698823512494,0.6983512368269141,0.633453825904817,0.5991424154080408,0.9062610219595714,0.9847138509550378,1.0934200866933574,1.0345649508141477,0.9258170493476758,0.8385745593867415,0.7605031620103664,0.6930440970419136,0.6068185701396047,0.5326264102674791,0.4792647314167353,0.3991496530772738,0.3318925804646935,0.19462651139692533,0.05172582165975559,0.2469592648223446,0.8788813397852723,1.0096206783789006,1.0387269650320343,0.9453433213689697,0.4097085067260095,0.6219885318354119,0.6417155116905733,0.9099429417565115,0.0,0.0,0.0,0.0,0.3225956566990288,0.47826313210802435,0.7302130290920109,0.11393475751264881,0.6291108009001087,0.8631380608797639,0.8488318072566352,0.8052328706906545,0.7841266283735719,0.831950307600233,0.8582066252478069,0.8382068984056343,0.7796876866256723,0.8571378531684464,0.7935789010564664,0.7923990458769212,0.8036474695025739,0.8093330049512122,0.7894975014204448,0.7965345551106844,0.4650051895848786,0.5035077341281442,0.49980342414932344,0.605106260449757,0.8311475528218073,1.0129717281923027,1.215957703784242,1.3266013349297532,1.3567088194938768,0.6502697411385592,1.4693533388233675,1.4233881035546778,1.3629806473954742,1.2115953227963856,1.126973168002373,0.867030657390712,0.48360239253980075,0.21849989493539423,0.44931402135273035,0.6932593841334604,0.9261688233895526,1.0549609400305322,1.192706857774318,1.1907834183933186,1.2195747263726244,1.1655303891857685,1.1218242984194813,1.00041443202604,0.876445450830888,0.7581234054160624,0.6432436765796377,0.5575828786130532,0.3984536258463216,0.08386716631905256,0.2307192282918603,0.4924016665895542,0.6047566876410267,0.510152639029631,0.6367298494642244,0.7015248757134543,0.7491890637473315,0.427841814080021,0.652071044730641,0.7216994856755772,0.4953659894155029,0.7978604003255452,0.5416698130622412,0.34728297216241494,0.39228237343381106,0.5842642557231336,1.0143313288755404,0.9717011302488694,0.8813161347633426,0.7901691437142786,0.6387169574761551,0.5194655886731239,0.40410063383675965,0.3441498246777124,0.30230894842273925,0.26181339399591796,0.22731103987565837,0.18294073549888745,0.1618727030383651,0.10840218798015044,0.1433417745141949,0.6354533580329784,0.8751599680505562,0.8683019903348232,0.8704845997720893,0.8086975221927981,0.6681670672698994,0.5148220720785985,0.4105400364206233,0.5596471539590149,0.278197444833866,0.19090912399987392,0.17352172254523834,0.13107933630513913,0.09436292504374633,0.033303093170437004,0.002474895508010222,0.02755583425017044,0.20532976148311743,0.550433091364714,0.594096297402683,0.6120694731174534,0.5702143639945101,0.5703544298381877,0.5582361966544882,0.5309182892085687,0.5360276617274582,0.49467873736412793,0.4920676279513334,0.5345698487239048,0.4873292910336987,0.4903232753203832,0.48140225071628423,0.4778887804855735,0.4327347339581368,0.4777972449415093,0.0,0.0,0.0,0.0,0.0
2025-06-01 17:56:58.348,0,0.0,0.0,0.0,0.0,0.0,0.0,0.969481054423131,0.5446762069963892,0.18422826171217055,0.004579007959646608,-0.07868950032280086,-0.009519767513840982,0.10620876120578304,0.18809787927811406,0.3036328882766949,0.42240256430911427,0.5707913029090141,0.6831430762656897,0.725079495176711,0.7813521140118058,0.8576740184040906,0.8923931371148883,0.786377518219989,0.4111565369751175,0.19493000646958025,0.11224304371298588,0.14764953404486691,0.2118761468918453,0.328880205781547,0.4701656139298125,0.5880616176045907,0.7045156739735008,0.4921341227635889,0.8465334656199842,0.9154393428061616,0.9738957787726225,1.0106737750061776,1.1964660357523678,0.911142988141475,0.3338219689375943,0.12975604602982838,0.07901809846485608,0.22214147784354,0.3994163090311582,0.5020244715010602,0.532486425182457,0.5838151428430773,0.6271591702356698,0.6440695397845588,0.682618724044643,0.7189500400399772,0.6858331535528708,0.6919984492762117,0.7419615194377378,0.6277292738739447,0.49009543307334524,0.498178799766697,0.5184562390227883,0.6060372398840168,0.5248369414407921,0.7638293191732021,0.33995940162003896,0.7183703961680055,0.6637471936105401,0.5713468868112977,0.7333938379657123,0.8527366290730947,0.8108376441011856,0.7413126025405902,0.6495736732703576,0.3204410623280097,0.10484476148226471,0.23898894862267106,0.27666907247539574,0.3583734172444579,0.396794026381043,0.5188775737544593,0.5611837885020161,0.6211816204559211,0.7162597050438113,0.7747517511864446,0.8351483946375018,0.9153017653140599,0.9636966624227543,1.0158577812941583,1.0321873583211993,1.0134566596957388,0.40745795889066055,0.20384911087349755,0.40387750582610993,0.5641580279049738,0.699626223762978,0.7787677651273968,0.8584316874039,0.8989038346651324,0.8998931608613792,1.0353738386475788,0.8661535482809082,0.8189206289847236,0.7705764980306208,0.7093719485952193,0.6454701437298724,0.6152521330575715,0.8880111570572865,0.9489191674158085,1.0723233301283184,1.0253460861082149,0.915813389952574,0.8315570465425528,0.7587462249821795,0.6860602954324366,0.6173411302164122,0.5320333499422385,0.4927480708665428,0.4035147751516521,0.3315192675357683,0.197454135068447,0.05536974322779975,0.24786149432064414,0.8706545765375043,1.0071821302568056,1.0384843230559655,0.9428877366313668,0.5449940794633519,0.6228699487699911,0.6109711990700262,0.7800195122519262,0.0,0.0,0.0,0.0,0.40408563165235756,0.40328452934087483,0.5194671143518999,0.12406869168988588,0.6435654061189386,0.8705742170447536,0.8491235600154805,0.8154326505724209,0.7950680231294491,0.8398394314362381,0.8664739328248166,0.8402369572945201,0.7959563262251192,0.8711587623604311,0.8043160450037945,0.8013503385786318,0.8092588774644449,0.8168836687959249,0.7971568750906779,0.8091938310959923,0.47306033109251755,0.5134565606036647,0.49888325981736936,0.6169238485128286,0.8478573311707176,1.0339214549731155,1.2384383977457336,1.3420744641530986,1.3697838836590537,0.7868284774772678,1.4715802035951397,1.4383517230111926,1.3674063618880121,1.2110132727301224,1.1157911482313245,0.8521509079756812,0.4770721108266949,0.25503769702599755,0.4849116040657836,0.7353774271673212,0.9718052507312387,1.0911607686316407,1.2204031910910573,1.2115315081442921,1.2473286193734672,1.1658981287291557,1.1297400135001903,1.00012193576061,0.8664277002422004,0.7525691523795865,0.6424706676811417,0.5397972886879887,0.3776662695229988,0.0825376564213694,0.2698606337881393,0.528462771466007,0.45598093011807317,0.5880160426952096,0.660715515031434,0.6665088523059347,0.433190579363038,0.47717778633833685,0.574050666616865,0.4758254849544808,0.43920453423539385,0.5346388746418435,0.3845903290621344,0.316032096223066,0.36968275793310984,0.5691054498867324,1.0455348048335689,0.9810444030019794,0.9262240592665819,0.7943815780092709,0.6587832878892479,0.5378271853545069,0.4277676289593151,0.36075910512190523,0.30374862390232704,0.25694806235903145,0.22652919186133968,0.15813198007426965,0.15067119271496165,0.08632610549390929,0.1376931885890718,0.6508322725540356,0.8892757966009412,0.8950700598291432,0.9127957127916896,0.8322752007999197,0.7035721468035554,0.5376030087648689,0.42013096589713617,0.40710687195526707,0.2671689046560277,0.17877056459733942,0.16311429653607412,0.10563534621576298,0.06922978044448913,0.011740831875089341,-0.02857998435474246,0.031012130649479275,0.2647881468827755,0.5831796673235492,0.6381440982904588,0.6408014851972406,0.5864675215044617,0.6021078306087193,0.5735995194733272,0.5436522901731209,0.5334759982290807,0.4843535418925191,0.48765652450620234,0.516425215612909,0.45475810354886115,0.44894015918818053,0.4570634480061199,0.4556251725008146,0.4581415467922424,0.5282820568744939,0.0,0.0,0.0,0.0,0.0
2025-06-01 17:56:58.350,0,0.0,0.0,0.0,0.0,0.0,0.0,0.9719536613673468,0.5537885756554032,0.1902687301696676,0.01289849491693107,-0.0776532515183429,-0.008008234814416815,0.10852981407135409,0.18601999956502135,0.29971284449377056,0.42927048453092076,0.5663988224090255,0.6740151241000741,0.7195376083163252,0.7751143711452217,0.858008375208646,0.883689054401844,0.790155028826821,0.43092801678019194,0.19985769181910773,0.12012114071122049,0.17296761311099296,0.2116496796972871,0.33061548103142036,0.4694399629865047,0.5906667412092488,0.7105187626041503,0.5493202140447757,0.8526574090003757,0.9174698175267222,0.9791535724045018,1.0090148613786658,1.2190292292381337,0.9122660513312193,0.33708783765805195,0.1390028126601921,0.08114565007389563,0.24900096355164325,0.39487675925512544,0.4896956490987012,0.559118848072637,0.538747278689343,0.6392806877812172,0.6438557646890912,0.6989781011453046,0.7163396695162171,0.6795555999227856,0.6790030447619536,0.7329159066920703,0.6440039638654228,0.4867366042776502,0.4979147922150392,0.5431680119897453,0.6169524663294892,0.3607964886912372,0.6938356607079099,0.40021240606826164,0.44307573390564514,0.6702000327025812,0.6811616636602086,0.7775823799006363,0.647024182848797,0.8017841487891162,0.7587992253617266,0.6139303033941841,0.30130723093153583,0.11255360284405311,0.2143601487769834,0.2809083088500679,0.36201584896002026,0.400654433259523,0.5300449208147102,0.5689573354546533,0.6226914459368105,0.7163476250649459,0.7796107811217408,0.847901629945905,0.9135371606738826,0.9694560313521483,1.0224070668627234,1.0496858658244368,1.0134599939348201,0.37967804948163947,0.16296213789070013,0.3910600545873928,0.5441104194870454,0.6866377018481351,0.7877434890015897,0.8630592440334506,0.8918966535298631,0.9085290001565178,0.9634987542600015,0.8746364569052163,0.832350093601626,0.7803284430804257,0.724878181976543,0.6591835659171306,0.623114783162382,0.8740898888344942,0.9356590885311512,1.0660536085001513,1.0150427315126789,0.9159851875000096,0.8353643716933992,0.7647951681765734,0.6902887788286871,0.6406991364585377,0.5503745060386134,0.5156128688123303,0.42693054593493307,0.3478875614459007,0.21841221637975872,0.08269898142731924,0.26098054883098826,0.8661905313075063,1.00375268723418,1.023153919361814,0.9452044472760042,0.7479957848786671,0.768339073262623,0.46930118076729993,0.7824369293600901,0.0,0.0,0.0,0.0,0.18614170432720045,0.5352620143416849,0.5737513849770608,0.09399962283039898,0.6308758381861801,0.865883149486691,0.8451693604741717,0.8026562660033346,0.7833059807097122,0.8377338575635778,0.8625237434227699,0.8305258856597373,0.7877447368732495,0.8636078903138071,0.8123136885019537,0.790662838220999,0.8039634864036687,0.8040808914992346,0.8064011353959175,0.8104825062566599,0.4557564300403679,0.4996886104939723,0.486862330972899,0.6004016328231017,0.8304027941522205,1.0291237737148689,1.220474168737093,1.317869594822761,1.3603032407294011,0.8136830268299013,1.4499238692915153,1.4267318704700105,1.349881992405657,1.2194522147511409,1.0978338099784148,0.8365508300754143,0.45319760222292915,0.2504329363887595,0.4782384934130489,0.7346423558116806,0.9690867790842708,1.0882433826383433,1.2085442244911913,1.1983268784803844,1.2294167922758676,1.1562636515090987,1.1086427371845735,0.9861769874408773,0.8621981403513591,0.7438405043172638,0.6428497043371882,0.5304370103962058,0.3660536526882456,0.0724280851255398,0.28664972822679735,0.5271816585237398,0.5130101364945211,0.6339338112481177,0.7268192450369845,0.6533716014054025,0.5088553000495506,0.556362893083402,0.6050136452583144,0.5367070494480848,0.4649765348073377,0.39408803857845076,0.22653268521628453,0.30771474971630836,0.36215502261598603,0.5556623422824092,1.076062569361668,0.9976760908210012,0.9223350145788488,0.7843300947668077,0.667659795883196,0.5404558507917123,0.4169067754049618,0.34893718303128995,0.28081424634735885,0.2196147023780335,0.19417580124843536,0.14994995257707755,0.13007626566006936,0.07470526595107696,0.1402286081131407,0.6711002060345928,0.8958350172837595,0.9105859690550613,0.9162915212753336,0.8434244561747806,0.7131604897125143,0.5495209384694568,0.41974882842625605,0.5141190273227869,0.2652388439067037,0.17916398782627785,0.143658193514828,0.09006088913946841,0.0627091122008061,0.01804940084464901,-0.036997971923907025,0.023618463030407155,0.2876576288270446,0.5961569286060011,0.6428894980020802,0.6658829242866617,0.5896755450403981,0.6114352783671393,0.5741653381503138,0.5512966702110405,0.5420838191539794,0.4832488218917246,0.48706732678443654,0.5009792446400059,0.440091564604555,0.43356633166475045,0.4443474130595478,0.45653445939971204,0.46893419473878273,0.5462174456905866,0.0,0.0,0.0,0.0,0.0
2025-06-01 17:56:58.354,0,0.0,0.0,0.0,0.0,0.0,0.0,0.9637025349525102,0.5515878132826175,0.1858058858924646,0.0005487624746216557,-0.08641071122874255,-0.02984690613329921,0.11525539468945001,0.17706062783797938,0.2982620852269272,0.43076691159943903,0.5801751407765559,0.6807144799288404,0.7306708761691616,0.7885608607259371,0.8529178721767615,0.9091938411446866,0.7860032935634079,0.4422801616170497,0.18339435497707834,0.11244483148708018,0.1707631817352051,0.20107480152757873,0.32525657379382533,0.46998547275281854,0.5957374180205495,0.701812127486291,0.5256410065217333,0.8525355477864912,0.9218022049211738,0.9803396923247146,1.0182739067246416,1.230595840885678,0.9270732963488073,0.34296775070710395,0.11057299590545577,0.07482897358151752,0.23587729571066118,0.35139111578066795,0.48321492639220165,0.5423566951865479,0.5364494588435562,0.6276769145544376,0.6578663215615732,0.6839079947804535,0.723175968689915,0.6663247526918261,0.6977409515204633,0.7508685390377472,0.6951405709228999,0.4958717435876391,0.49999287962430994,0.5557347578127676,0.6161156734399391,0.5833227695017704,0.47630931448065006,0.2194274687021583,0.458699412321829,0.8315657478646301,0.6381933358911224,0.7247879876351121,0.4941167404240721,0.5968349023868241,0.830006092984175,0.45366382153504503,0.3105203416594604,0.1199400408396101,0.20405818502493234,0.27603163426907384,0.3582574622541781,0.401206368920382,0.5247679253695756,0.5656233634328414,0.6089715382266936,0.689146006909235,0.7657019045962492,0.8393380973312645,0.8948763147795847,0.9530747259770391,1.005961994120637,1.0332887940962583,1.013536364300941,0.37521185041276167,0.15818820760837393,0.3657129478999259,0.527464275243283,0.6661560805422211,0.778789514520434,0.8483901410524544,0.8669715007096865,0.8946347835605499,0.9138326788223234,0.856332353656595,0.8165245515559095,0.7668456559651401,0.7202681953402749,0.649511669718073,0.6050304594821673,0.8602768148721587,0.9157105736313519,1.0459650047288473,0.9920421232619241,0.8998425865943267,0.8246708649184284,0.7492172030833433,0.6822060144729996,0.6275974989338875,0.5496001265263355,0.4957977094753605,0.4224952236016162,0.3415320787368228,0.2192751910328795,0.07399520663696368,0.26325228338104006,0.8550677631177938,1.0120000260003217,1.0186578297025608,0.9401019503443262,0.6861208574150688,1.082049567867229,0.4703594575520122,0.9012079982322454,0.0,0.0,0.0,0.0,0.2574999893750022,0.5321224919523624,0.6548403401913937,0.09633313892964401,0.6292124851952607,0.8613135808627697,0.8393581274820383,0.785798406898835,0.7642942586072015,0.819750394012835,0.845161062266274,0.816691355229445,0.7593908095505695,0.8509831291556922,0.8223556978629367,0.7826216974213864,0.7998421043264874,0.8096628346638441,0.8225517614230151,0.854002430984796,0.4468555464668237,0.49299618422158276,0.46004099945570487,0.5874697371237869,0.8144347584597147,1.0160759704668214,1.2134889451789799,1.3035562941131078,1.363032820542274,0.7366709413709676,1.4545650948221387,1.4253810203376265,1.3480367696172346,1.223146090494938,1.0934632610989552,0.8335726307288485,0.45870581524377196,0.2603025615632346,0.47792232913881316,0.7331341422585695,0.9671251071082967,1.0853948908741662,1.2079295804713217,1.1907262794272382,1.2257936929870548,1.1549635160565668,1.1037054299655704,0.987100305623651,0.8598469887176684,0.7518347802092811,0.6383919147260929,0.5316484157393752,0.3590083112138505,0.06976506141593361,0.2808900436085082,0.529599629943602,0.36766607679141416,0.5276906992523416,0.6011836567028478,0.6828224841386413,0.6005695671963496,0.47780932711458646,0.5113088121080587,0.4919109424794032,0.574007398395771,0.41566272119904724,0.27781647831711487,0.29560198625881867,0.3561745309472722,0.5459135686659489,1.0734287036059325,1.0087695871315217,0.9174382366191393,0.7538832091169752,0.6897162536791568,0.5492315522115421,0.42579023279306427,0.3438321721116251,0.27921797370039037,0.21450667609714547,0.19109945924318605,0.15845505407935545,0.10689992560249484,0.057266313407334235,0.13237092069033068,0.6432976034112852,0.8780908182237442,0.9001212444832716,0.9205390664026792,0.8492321750639327,0.7215858527298762,0.5798117774815597,0.4286870275857948,0.7094181979704092,0.28633567824131667,0.19621127137268246,0.1608265423672106,0.09136714099082643,0.07669431179878228,0.026109669875345687,-0.02930665458534515,0.02007678944072644,0.26256626371110214,0.592948489573627,0.6325787040962204,0.6724464344380194,0.609494341631936,0.6456821771081702,0.5708828513672108,0.5508548579338577,0.5651610786507553,0.5066803247885736,0.4909778637680231,0.5072746512891537,0.456790600087435,0.4384699078366163,0.4441268540048526,0.43579802537586876,0.47657840300867493,0.5166611330980957,0.0,0.0,0.0,0.0,0.0
2025-06-01 17:56:58.358,0,0.0,0.0,0.0,0.0,0.0,0.0,0.9650756072015324,0.5506285426854014,0.18316322727397927,-0.03156659728046074,-0.10227301433262737,-0.0574700271009676,0.09452371604415977,0.15984749718804747,0.29523165203621404,0.42606370099383284,0.5781261303146379,0.695861656294661,0.7487966093350134,0.7999282756423824,0.8716888893989476,0.9326913037753167,0.7809179997346242,0.41561750923398694,0.13628033590793465,0.06280274463282332,0.13811547939419522,0.18381299306712018,0.31259154162755,0.4665176943129443,0.6094577729720092,0.7027350725604711,0.47151324905099234,0.8793135992036846,0.962406929607369,1.0068787026076316,1.048194434660136,1.2726967464543772,0.9859118677852514,0.317960863743447,0.061079981168472686,0.024401138897075736,0.1978939314269379,0.2850891721635793,0.4855641597273246,0.5634783328916309,0.5301835546856333,0.652402836588116,0.6975364187940547,0.7001781082333102,0.7514509015255889,0.7020216624718387,0.7540573189535368,0.8022966262367981,0.7030753744414421,0.45446407151920465,0.4540841726614576,0.5220177266378665,0.5978645046002808,0.6590604330083853,0.3824908326144566,0.40405337765035826,0.4216119887692361,0.6368492663197305,0.6405726191108246,0.6969494915699433,0.6664454912216065,0.739040338729581,0.659490343492812,0.5248559557912574,0.39280715983638964,0.07429943787895765,0.15877392514128075,0.22681523655844127,0.3134340870157317,0.39002151307661204,0.5013809536018567,0.5535331728456969,0.607378873074907,0.6879563023697073,0.7734375479324307,0.8523493712187593,0.9087686588467071,0.9715721367070278,1.034371976776459,1.0722224896598767,1.0532633072609474,0.3961158117475779,0.11489166676034979,0.32863950496950767,0.49587380011921534,0.6428148301407861,0.7659576773917762,0.8374347547154599,0.8577164324278681,0.8931555203295132,0.8734151246134914,0.8665529535568808,0.8271066300909894,0.7816523859003311,0.7400355807144258,0.6686085853998112,0.6206447118921172,0.8444862491601542,0.87676933092846,1.0227586400740654,0.9640963210435258,0.885945152189471,0.8131603224419919,0.7551815342150432,0.6857308492268186,0.6334768950672529,0.5597082125139101,0.5036784483115211,0.4361567260715047,0.366515211875837,0.24425493130711617,0.09840496590235515,0.26803508636833345,0.8317733157722026,0.9927403527453111,1.0083094670294757,0.9364468220267952,0.8104917746278264,1.1108374993905044,0.5971197516345277,0.7997107858368553,0.0,0.0,0.0,0.0,0.4730602477731445,0.5966706760457772,0.5990178185557741,0.06214353039979925,0.6086339303010513,0.8480502099180677,0.8326623661295043,0.7857940788194783,0.7532898210146597,0.8192690571964436,0.8432646271733133,0.826562196008251,0.7639366084598311,0.8555640182855653,0.829957717178188,0.788342283459059,0.7950965784529918,0.8056518085044713,0.8182128191311302,0.8202594675943968,0.41813099236833995,0.48729633414282403,0.47042819214243914,0.5977770046209732,0.8280267873796612,1.0331639482262092,1.2337898199816801,1.3085781979297793,1.3664280883704072,0.46657591794382064,1.449003410988281,1.4214120819638092,1.3372440460668666,1.208130217221819,1.0674811514021387,0.8077575845807642,0.4124879403719127,0.2675551666082656,0.49938779138009515,0.7721673009211358,0.999209600208669,1.1155555762885474,1.2438867443786217,1.216746822657117,1.229883961860415,1.1641844931654068,1.1009637710922893,0.9875164388397067,0.8555678710010836,0.7435239831316924,0.6300119389073731,0.5243007448488305,0.33281529340594496,0.042230660007324845,0.3474985040364801,0.5765098672181935,0.32454084224207025,0.604224653279172,0.6381547276365914,0.6485752525603172,0.6151375606206728,0.5893395514524049,0.43689078550672217,0.38262369789369605,0.6161016321962338,0.3749347167895194,0.2682262668488993,0.2892323762212408,0.34397442427539143,0.5513911284353331,1.1124472984043179,1.050956981670398,0.9481630365927366,0.782516604147725,0.6960727959442383,0.547862526077505,0.4277619791968552,0.33448592795846244,0.2809842170147048,0.20446588486497785,0.1675934878310652,0.13707813099171262,0.07981277179627766,0.04170354824288136,0.14570887107721703,0.6636470149734801,0.9122594525483041,0.9297257127418594,0.932936038877883,0.8763921584033161,0.7351904087530081,0.5831310550867672,0.43096496572156284,0.5747936827930583,0.2766923188847965,0.1820984644620054,0.13841758075430022,0.06580338163312038,0.05835206736339271,0.004321941564226384,-0.04764697863988143,0.03981766487796168,0.31491098578286136,0.6074255258315695,0.6585183614244473,0.699904238876544,0.6433235443526946,0.6529274963372447,0.5720832468710455,0.5490512564045926,0.5787641442136717,0.5046618377265073,0.47305726656965263,0.48525349676992935,0.44385322639023383,0.41386621499821574,0.4361620134145597,0.4224875544033869,0.4952836095620442,0.5543375313175893,0.0,0.0,0.0,0.0,0.0
2025-06-01 17:56:58.363,0,0.0,0.0,0.0,0.0,0.0,0.0,0.9937193381819448,0.5795821303136041,0.21124292301485714,0.0083304214161658,-0.060631401795304685,-0.029507740604079236,0.11224247501488083,0.17780839892774458,0.3101962707828022,0.44046968322374846,0.5964827592817026,0.7040881644313491,0.7612557773223259,0.7995645555027142,0.8852263458229693,0.941444271185954,0.7888827039304368,0.43896954713626507,0.17495363637012507,0.10522773987339884,0.17563811666315132,0.22451687295489142,0.35393217311494785,0.48869274737512036,0.6350113883758646,0.7249780306217879,0.4475224350335507,0.8955482933714948,0.9621671362381816,0.9895358353330811,1.0380333538420157,1.2261811774936135,0.9952633849410826,0.3215966645535805,0.11024398217493792,0.09219847288935368,0.25342783433689453,0.3167040208554597,0.4806852617667128,0.5883636929718246,0.5456877105912386,0.655453043347358,0.6781831657409583,0.7060902817478033,0.747471526946966,0.7122597605222585,0.7392729378466794,0.7552077483719986,0.666313668808246,0.469804314067235,0.49480171265582473,0.5973539358976736,0.625939346857936,0.4761804211310569,0.3522278100852849,0.5500614298209534,0.44068689599779154,0.5145085936736592,0.6044676574741721,0.5989000137909362,0.5338827741329812,0.9218472118466617,0.7136256685044104,0.630705913006221,0.37449155341224466,0.10136926587316167,0.2025192506851835,0.25624431087978716,0.33634196913780134,0.41687386301741736,0.5219976789608605,0.5809888541970991,0.6258107042382066,0.708564593090856,0.7888619141662387,0.862872168525668,0.9095420518356211,0.9784654723254564,1.037128610115251,1.066991284057484,1.0394053775252452,0.37763220390389535,0.11246175845504391,0.33986123574125626,0.5125051133423626,0.6635936004195957,0.7858818191919865,0.8491531771601184,0.8663135836469644,0.9085888679030607,0.799230537559904,0.880457237865458,0.8393970409266877,0.7879450190158285,0.755024649170651,0.6696361740487993,0.614700055998208,0.8288404566782583,0.8641098887275992,1.0146344531054035,0.9654755428447508,0.8941442128885859,0.820369304104396,0.767789093959232,0.6947848910531462,0.6561869488807577,0.5789008867885168,0.5202518851163169,0.4627685407790101,0.3890146829324861,0.26829060008996397,0.1098494664566162,0.27062063039672585,0.8197317299882253,0.9893904686504884,1.0072595063229492,0.9436615197834466,0.7386782499368847,1.13962543091378,0.719473419541947,0.7601309215810241,0.0,0.0,0.0,0.0,0.46990877909000206,0.6128049330500192,0.6706711309295967,0.02752003687312843,0.6006377799618674,0.8427761980588347,0.8317802333283153,0.7880495899233214,0.770276981368625,0.8285347135926464,0.8636661373378365,0.8494799984924879,0.7803757147964983,0.8812609433465339,0.8489934046260812,0.8038781193357114,0.7991618853540303,0.8132169784403951,0.827256680950655,0.817109127133262,0.40690282905339614,0.4788818743226172,0.47140922448231737,0.6045368848395714,0.8407453824687992,1.0598589022565963,1.264354221870747,1.3397579544366216,1.3937831391944842,0.5536850357134067,1.476625088719559,1.4480694520325192,1.346887655332404,1.2245055384958161,1.0731763758007287,0.8052251657204829,0.39208827483562775,0.26016066165424223,0.513394419954407,0.7969341499741454,1.0222485207038758,1.146906799196499,1.277316640757435,1.250677814910466,1.2657354804828467,1.1925431358187315,1.125467885491736,0.9972006259786571,0.8706381256071413,0.7536926957832899,0.6377583656634196,0.5273036662035281,0.3366451872976665,0.0324128761452401,0.3732921096025942,0.60598886188625,0.4537950900401281,0.5660134101082008,0.43537272545009265,0.6165381305724378,0.7463977600133616,0.6398244150557406,0.44183734881554854,0.4834968372887128,0.7139713651249431,0.23987490642883702,0.31205652883579216,0.3034131143658156,0.36743021801183756,0.573740210483668,1.11698171652692,1.0711680066721185,0.9850828438548137,0.8088547006112761,0.7153025327788798,0.5827123353945938,0.4637251261757658,0.3545504542469009,0.3067337994153252,0.21460163684945588,0.18067740603481064,0.1360449637968112,0.07041715730400855,0.04968080926506069,0.19746156091876038,0.6816936772042304,0.9502232650708362,0.9593421263635977,0.9719475524711175,0.9016818560174313,0.7614763605282509,0.6206526234343153,0.4427266696860246,0.46027150779044657,0.27241296408589455,0.1823248062969236,0.11956703329399665,0.05699338510430263,0.04035269398168728,-0.017710386508811737,-0.059862461704733916,0.0443113051441707,0.35601865594501925,0.6271261964512493,0.6813066194156038,0.7139934282497233,0.6624070100380748,0.6465693137613577,0.584322705069793,0.5564174143293632,0.5807919815865683,0.5045235810050892,0.47029368945501404,0.4730930023948896,0.44239819714617534,0.40467733927981775,0.41397512763674266,0.43030576483703376,0.49716433971757923,0.5533589318482688,0.0,0.0,0.0,0.0,0.0
2025-06-01 17:56:58.365,0,0.0,0.0,0.0,0.0,0.0,0.0,1.076810594578386,0.6437162968365299,0.2522714766969256,0.022462943210070363,-0.09416093457595187,-0.07772763826237372,0.06519035269070017,0.15195362371933208,0.2916194442472969,0.4425870939977494,0.5966209559105571,0.7248156507252793,0.7971219483684202,0.8420738518399303,0.920429406706253,0.9954706638606837,0.8420931236640156,0.48681379083389303,0.1866729380567509,0.06260464071892391,0.13020956206032896,0.20395343795022214,0.3315353409892845,0.47266785022886126,0.6186507898425571,0.7224802150455769,0.47593754831814683,0.9157240655100466,0.9841726843359939,1.0052911748355133,1.0843397391616025,1.2717657782599514,1.068872430628053,0.3635544612371483,0.0932791095167047,-0.0030422795680300485,0.2096414958766568,0.25087938221362394,0.4329791321917229,0.5460057541795971,0.537099356026058,0.6473434189879685,0.6906157108909756,0.7055399603785127,0.7474928796385257,0.7286447766430113,0.7650162581886882,0.8004841930812265,0.6588743385302206,0.43747899233848087,0.4336979982795831,0.5242317580307323,0.5434503298347455,0.6293546678011315,0.376229778385499,0.5792259188957496,0.6222439340868038,0.44724320422626185,0.8059757621480552,0.42888650063257305,0.5280712234255447,0.9303122639168927,0.8252725757366086,0.7615726925809606,0.4889172792687733,0.12003556412528085,0.13465942158999378,0.17392467944834422,0.2846966139432485,0.37486929507481803,0.47607311543748354,0.5564866947987179,0.6158550453875573,0.707176030124756,0.7872855556716907,0.8631507716797102,0.918806246282731,1.002391767259777,1.0668864148254635,1.103884189147724,1.090255417117496,0.40414437986903856,0.04650880196650353,0.2792132914469212,0.4636462058881565,0.6313460992707334,0.7573527934845754,0.8203997152568285,0.8544932451384679,0.900543158078406,0.9467787622418031,0.8884428200836438,0.8477399172894434,0.8030389841638744,0.7662396765164167,0.6899212930322975,0.6301463145371359,0.7907961552850908,0.8052825103876776,0.9514364165736988,0.9142232099013234,0.8641800239262813,0.7939473317524188,0.7491986424404757,0.6854665630875192,0.6382803842453264,0.5771531458207755,0.5123218343389617,0.4646719005351361,0.3889672603741916,0.27912536124052945,0.10927854673273085,0.24193303587023757,0.783642553273639,0.9587572631602403,0.9786029052767238,0.9241852370716883,0.7595442843849753,1.1684133624370554,0.731253569986082,0.7495305963680295,0.0,0.0,0.0,0.0,0.5692431715351365,0.5354055281724712,0.8308697484077786,0.013083375131487052,0.5830010597415414,0.830962020202563,0.814810858141217,0.7776065005721565,0.7516968489286353,0.8072224694864591,0.8369537543115815,0.836301502645016,0.7641580204988188,0.8712403173438612,0.8495024510587856,0.8050556447631487,0.8078863538351759,0.8262877305440306,0.8413773086589311,0.8410912658313106,0.40640079843493115,0.4651546975688886,0.4773506321194796,0.5917982148043632,0.8236823624941219,1.0411579794073638,1.2466317313587845,1.3379124084367466,1.3843035458359536,0.5630569328292827,1.4739436698681607,1.4434571962234148,1.3450987145208921,1.2168287778210272,1.0680157873088594,0.8050739750353709,0.40747133941677416,0.28319750711181135,0.5072842822168652,0.8033612857441463,1.0221481528148963,1.1492332093254267,1.2720829784248382,1.2411612055988097,1.2538435414094065,1.1883333541577037,1.1172045844328378,0.990719395645982,0.858387879679741,0.743915194538078,0.6253606858224399,0.524736874820463,0.33333139049464583,0.04770434926876201,0.38686773422596366,0.6162502580124357,0.5748925488304878,0.5614679194245573,0.3681087799787661,0.6404140261000683,0.8121788570779913,0.5515000000153113,0.5710501789446871,0.6460310832454568,0.8683509754766502,0.4049398212375519,0.5097712303652637,0.297919378625546,0.35966448225709396,0.5907860120648625,1.1101183688651006,1.0786788163155694,0.9720902016192806,0.8353373934484012,0.704405653520155,0.5759825507102945,0.45576365748539627,0.328885296197164,0.30291014179684095,0.19707599516528318,0.16712355723164762,0.13589923491389,0.06897588652981745,0.05736509832597003,0.20580143457161687,0.7027993750646275,0.9876667355856388,0.9611574275584174,0.9696649356693071,0.9001794448355549,0.7444295381274437,0.5930344552281126,0.4180976695599832,0.6088114343121945,0.24618930273254858,0.15611871225147733,0.06969416003777695,0.02450049905202556,-0.005108438918190905,-0.04315082427014871,-0.0633211575509704,0.06574408641376045,0.40559065797561167,0.6449522874393012,0.6846447545382505,0.7091630526190014,0.6630364667475024,0.6182360053807909,0.5665546105418917,0.5238529196253019,0.5447277108012791,0.4692411451261427,0.4243622472297568,0.4264070284631407,0.3993817636294935,0.3727856284725012,0.3873197237015415,0.4468309722985091,0.5371623301803855,0.5849039154069438,0.0,0.0,0.0,0.0,0.0
2025-06-01 17:56:58.369,0,0.0,0.0,0.0,0.0,0.0,0.0,1.1715060643060489,0.7363061102618346,0.31646845475440466,0.03296205555383225,-0.1380368011251436,-0.13538358431432673,0.008029832491177169,0.10902303942842739,0.26226164966206034,0.4315296984615795,0.590596787185264,0.732516973977689,0.812252944494968,0.8804943424559893,0.9656113039171347,1.0617361787851058,0.9135194910696499,0.5056136139015943,0.17614527413318282,0.006127662590997396,0.06631591373920864,0.15623495352221917,0.29604815404862483,0.4434945907931851,0.6059319182829628,0.7206885626584558,0.33742064662449556,0.9335104250741987,1.0139214506048755,1.0446453046526731,1.1423385966784592,1.3597702159925413,1.1389854933296608,0.39888519770209996,0.06797037378074511,-0.0812688026782109,0.1453105587645367,0.2176257426768835,0.4031626187681754,0.5095438622299711,0.5565012104128793,0.6318640128141995,0.6924727253798479,0.7202304505075058,0.7829997582287661,0.7668260483482356,0.7950748690488817,0.8478244461805655,0.6312313731859464,0.3787265048626472,0.34470451402724334,0.43383299613193516,0.46369356080393476,0.8627864749480667,0.39503690943185266,0.4850425922347578,0.6695037350282,0.5929258985309057,0.7417213905314283,0.5179893090619859,0.6341572025856808,0.8926355099687954,0.9587892644479681,0.9480128936279144,0.6454170446607579,0.06592465883257223,0.05513264432512344,0.07802207080897494,0.21075358359052143,0.3258146569237075,0.43034511068451686,0.5328590726304794,0.6056955627703433,0.7111304396321723,0.7916025165984966,0.8783205808282433,0.949171641076609,1.0412767367560594,1.1185915928174133,1.158247436122256,1.1735302597704445,0.43045719260904586,-0.03468287408683868,0.19266941438664564,0.3989414001535527,0.5926105219157798,0.7151436491005518,0.7953949457792096,0.8473801582113771,0.8982376497048963,0.8878538270041751,0.9041218849603554,0.8631183536691304,0.8251872855451933,0.7828603292608368,0.7167092832595325,0.6444464012299631,0.7344546167474831,0.7357642744423397,0.8790201419635584,0.8606445156259761,0.8222439729584712,0.7709734543289655,0.7425778773108904,0.692349789012388,0.6284689428406167,0.5760450009127527,0.511303655958687,0.4691203111073603,0.3942303000359304,0.28094728448426987,0.1090948184448447,0.213232804887527,0.7443693485485865,0.9338417672059887,0.9614993471117852,0.9092120050756951,0.5147265556190936,0.9489110160919627,0.7844068888603446,0.8019940340783,0.0,0.0,0.0,0.0,0.6413670734699826,0.3900204181767036,0.8274089954534215,0.027689612416402054,0.5920143531518722,0.8306271976456224,0.8121942314780708,0.7718736721091682,0.7506005515869818,0.7995512742798605,0.8260379109373535,0.826470070235314,0.7564098518725295,0.8629311974537743,0.8403215039836724,0.8054467527985099,0.8057687195282401,0.823745091807371,0.834659276239736,0.8436925914685565,0.4220287040933275,0.48683707671320886,0.5045030069558238,0.6162710321643268,0.8579207755060902,1.0565137173571242,1.2619901589103715,1.3604794480668938,1.3884448119878103,0.5585115363519093,1.4692754213467913,1.4212546873417766,1.3233553348972733,1.1823075193888273,1.0356480812481605,0.761826296359056,0.4161985162612667,0.35806921474257425,0.5763992204955505,0.8679456500666556,1.081186137815473,1.1929875107104617,1.3240164747220198,1.2719713723231856,1.2684693784413144,1.1889181905743547,1.1130561508613108,0.9796245929018134,0.8285943779689883,0.7179018543113973,0.5896385425817647,0.4932128262681714,0.2903775126222494,0.08282181752398321,0.45701185219174456,0.6912963799246942,0.5409481438813097,0.7019579782405678,0.3209631606993536,0.7218428287583828,0.6198137886592976,0.5183102524177374,0.5889825799194406,0.5225707959905264,0.9129561093534261,0.44495333472782395,0.6294458384886054,0.2631814173025358,0.3256629992604944,0.6019374617191408,1.1807341609920288,1.139928046632219,1.0457400093480769,0.8992865029740869,0.7353968444873649,0.590036747748929,0.486492571598818,0.31526437130094265,0.2964405130827583,0.1945358130291035,0.13795680838755509,0.09860857855837013,0.03291322188071388,0.031173177280965025,0.21848007396593055,0.7785138397480347,1.060088357785967,1.0084491629849706,1.0316449143910114,0.9393712257410696,0.7620364026619657,0.6164450195476701,0.41103441754821124,0.6357542106493044,0.20184012173712573,0.11817748977236642,0.017806328904308888,-0.03884747597086158,-0.0761825242205525,-0.12777919466935517,-0.10581194397536725,0.11453371604593826,0.5082007587648651,0.724199482724734,0.7543713190168736,0.7569282825631856,0.726559641343056,0.654910632382891,0.5796747757718772,0.5086967661771744,0.5057204730911302,0.4366068768621769,0.3708060040386214,0.3607639197928776,0.3208881575457577,0.2937837888959993,0.3297475026811069,0.4425877541565977,0.6073659444138685,0.6918875916806324,0.0,0.0,0.0,0.0,0.0
2025-06-01 17:56:58.373,0,0.0,0.0,0.0,0.0,0.0,0.0,1.2806378231340367,0.8340229748713011,0.4016840152769692,0.04752332481364607,-0.19166088769292122,-0.19812228299399082,-0.062058451952351934,0.05662918564106045,0.2276016287613496,0.40495967259226484,0.5751003607599594,0.7240026681970005,0.8311533134578761,0.901041711670188,1.0153430389553497,1.1271542883574242,0.9867400650816949,0.5359129547233101,0.16744426118985067,-0.04876979303548379,-0.009511973085205794,0.10319449391011837,0.25195912643379814,0.4088453264792513,0.581342655802104,0.7208713800937552,0.34723558837514545,0.9505021968650166,1.0411399065325557,1.0904339029878831,1.2069474049731752,1.4594694773982972,1.2514210687805776,0.4477071053548275,0.07763838841075754,-0.14909982988752002,0.06415532402580482,0.1634348386094311,0.34815235725140714,0.4904712273223566,0.5244243085995157,0.6306289097291837,0.6635900001415531,0.7402818126308651,0.8155501954777103,0.8216078502376007,0.8182942386909156,0.912493701324808,0.5959438788181473,0.3433376363344028,0.28222047217233814,0.3628770933331078,0.4102982496905443,0.8485677335076018,0.4424567656929699,0.6155470273301722,0.5203486253544128,0.524303957075214,0.7734939667068148,0.6833667412518636,0.6513477343496987,0.840546268707513,0.9872483849491955,0.9428333411108192,0.7687215847466855,0.004271833307325723,-0.028628561586138135,-0.003363136267134692,0.16376483061343983,0.2809754778875886,0.401169913842536,0.5209227941211365,0.6087310807514037,0.7246147851325158,0.8120537813019713,0.9135219297669217,0.9887908888320508,1.0867289081235254,1.1803617972617504,1.2354408380461717,1.2671068016996596,0.43168427210083077,-0.16870348867655982,0.09382978185805091,0.3243973417988024,0.5515616145689266,0.6890766155852215,0.7841257236973598,0.8538439704594634,0.9128349685848087,0.8870109944128945,0.9423390164602112,0.9105629055568752,0.8760035219394008,0.8338299971423432,0.7760235478568522,0.6884854082763134,0.6880014825503931,0.6520695732358642,0.7969095163280411,0.8153536158967565,0.7944254394415575,0.7599033622223688,0.7415671875746979,0.7071903593217743,0.6465733155057596,0.6003437221346886,0.5533471605936462,0.5048934671647638,0.4353996927710797,0.31726006879218327,0.14331242861520876,0.2082938820289124,0.713231197170284,0.9042836267428331,0.941949003171521,0.9007052555428166,0.42609951921395345,0.832733670343589,0.6495164409401253,0.6714812362256373,0.0,0.0,0.0,0.0,0.5282736093494236,0.34867694263146504,0.8147811481349537,0.009697040747420616,0.5738130327336319,0.8171174341014718,0.8071951084372266,0.7791628237708975,0.754250378441943,0.7932593320626677,0.819653657591914,0.823289578865749,0.7626099232875334,0.8662833009744517,0.8249759127289327,0.8018348158663078,0.7986143637444807,0.8047502475162276,0.8194080696346087,0.8050935527063039,0.42033961853445245,0.49844039574595733,0.5320759482172153,0.6406040659391032,0.8759519933607669,1.0673204468102968,1.2738232634726248,1.368125119401024,1.3818970738895404,0.6752686989074967,1.4513486271829783,1.3946405464961598,1.2984152673236047,1.14732146324843,0.9922916744066322,0.7129670363819951,0.3895987052003816,0.4132553445706242,0.630826029465141,0.9312590588387877,1.1323750289185228,1.2357720717766625,1.3555096529489234,1.2892842269435525,1.2635399664417952,1.1745431245735296,1.1008755535098143,0.9515946653741766,0.7962914542555598,0.6813893338810506,0.5510175969740755,0.44881287793042424,0.24063822138484325,0.1247802443580242,0.5535754667928533,0.7655644178973046,0.6648799552005782,0.7923334442744167,0.42547400953538284,0.6691126597202633,0.4795973017013206,0.5659361090301633,0.6648495737197977,0.49984636285367684,0.9930657062101643,0.42018567953933295,0.6913982369976,0.21960042059488677,0.3078739670667499,0.6268742311803698,1.2932219100690636,1.207932433426067,1.1374723497553214,0.982573813821237,0.772496694056197,0.6307648455012451,0.5036812807358537,0.33469718402179116,0.2849856658250478,0.16123993229215827,0.0985622283653933,0.04679044813428079,0.019234007309556933,0.018803487699784793,0.24524270374158402,0.8739490276718254,1.1476217568418012,1.0797677086927242,1.123736171793193,1.0125807215899687,0.8160143687817749,0.6371929018715117,0.4203867122463223,0.5026311449924262,0.18210784197172103,0.09063023959973249,-0.02746429826186536,-0.09197459924404394,-0.14019013183558526,-0.2060563228843318,-0.13746723057468485,0.18732249391963424,0.6497577031341808,0.8255273206648781,0.8572930576603698,0.8311823722909779,0.8062656749828618,0.6986473847825434,0.6223859561404477,0.5379371178570895,0.4940640756133112,0.41232312258621606,0.3373170387586242,0.30022774425464593,0.2516518588771607,0.23179726298932524,0.2832625396775244,0.4827131439532657,0.7301025913341933,0.8392734607745158,0.0,0.0,0.0,0.0,0.0
2025-06-01 17:56:58.376,0,0.0,0.0,0.0,0.0,0.0,0.0,1.340651811011846,0.8884290448411869,0.4212652869307788,0.04451716450395815,-0.23652708754188323,-0.23045393801554237,-0.0830535090695419,0.050104371781290014,0.22510686399041113,0.4058770383212287,0.5781272349103468,0.7313200594239776,0.8477394446631552,0.9245727373804843,1.04675607935165,1.1681443657104666,1.035283574035571,0.5834275931496009,0.17728550627612005,-0.06577460670564106,-0.03282605830367302,0.08149364422920402,0.23824595294725737,0.39718720007297237,0.5702111454724867,0.7266647501904187,0.2997377125838854,0.9585034281435226,1.0512849987626007,1.111655629774291,1.245563818025099,1.5169517906906616,1.2969214387652512,0.4824952561371,0.0943879045457866,-0.17558133095824768,0.07380267391683559,0.15300859353189944,0.33426150417240086,0.46691214017728555,0.5249517704770084,0.6346072053197038,0.6382483706434137,0.735933804704718,0.816452322354139,0.8102226964451424,0.7803538136283515,0.9482904315279355,0.6065349644680986,0.3388682408006257,0.27332996642967067,0.3544494805718337,0.3901878521512254,1.019714292333802,0.5022393823829724,0.658265306526558,0.5996443154853308,0.6140818849513685,0.8707369194765038,0.6476584852894216,0.4691427598444698,0.7061913890131192,1.07055811681253,0.8834798412288292,0.7745474440864786,-0.012971023378427343,-0.05361738122250437,-0.02412134663936194,0.15788678254839272,0.26840827906514675,0.3845327768417821,0.5030051019133481,0.5837897805363068,0.7118962997728535,0.803648730042037,0.9009731396644378,0.9825390544525908,1.0780700674183614,1.1815455278296352,1.2382925846052393,1.2698951324611722,0.4207553373800808,-0.2008680924324907,0.056409930838213995,0.30290354667518704,0.5257630097982517,0.6657014540902937,0.7629507203142962,0.8425578014668105,0.9004172993409674,0.8452340644132887,0.9306964795124932,0.9100744770414123,0.8794419554315062,0.8306948633860906,0.78513816685216,0.6983964377908036,0.6801823854148675,0.6408932943199247,0.7675692404577599,0.7950406240521002,0.7835873967962088,0.7502373720355344,0.7245984747047847,0.6978303651122122,0.640387471704839,0.5886884836558455,0.5599940499600351,0.4932870048472544,0.4159751277195922,0.30565664383657853,0.13403038799671518,0.2233815278211948,0.7199644393230146,0.9160107026709188,0.9462571316398563,0.8926676557403093,0.47969919390636223,0.5723052365533576,0.49015726552322286,0.5788176766655866,0.0,0.0,0.0,0.0,0.44269312120168935,0.2535545119210427,0.7081956837789383,0.03775096713473253,0.6028553329612745,0.8187595985115309,0.810182653017927,0.7795501926383334,0.7690905563559085,0.7839443294316466,0.802891462304558,0.803298635025326,0.7601079890578495,0.8549272261324261,0.8024964731452084,0.7874278392492273,0.7967543682944476,0.7981261230730192,0.8038765367483265,0.813934036508664,0.43256369710015385,0.5054328314095199,0.5352438031988331,0.6474316772016855,0.8750321319909238,1.0565804090656767,1.267181499175643,1.3626417946634388,1.375786111125908,0.7063234559292282,1.4303668146494455,1.383256528649078,1.2834272399351865,1.1279062642886442,0.9699976926004888,0.6876348389238814,0.37997092536773097,0.4494991695437134,0.6549155903200251,0.9541857589871194,1.1579922796737936,1.2481655383351236,1.3640764127963876,1.274611754420483,1.2514068908718525,1.1596611459585557,1.0876994684541628,0.9250058012265324,0.7674222628472348,0.6555387953663494,0.5198283777198895,0.4227499851934373,0.21592667851925773,0.13829914334344462,0.5700770363221006,0.7922727407700844,0.7623516269463645,0.722938942667218,0.375769403521122,0.6926081588890475,0.5732065789883343,0.5931860474642667,0.7841903414797202,0.5235615528503823,1.0826346364574446,0.42320775452959025,0.736314017326922,0.18355085983569114,0.2924557055686841,0.608206047348788,1.294683177904001,1.2160058574970904,1.1479692477843297,0.9927276950785124,0.8107047198287802,0.6390035806919605,0.4880609573851682,0.33131676275272404,0.2674503525940737,0.14247470874147306,0.08604152810924548,0.020519537909487684,0.017616890777527594,0.012366053746122763,0.21330810058460342,0.8835214329738368,1.1495195336968964,1.0769738006328067,1.1382810124062428,1.013829034030979,0.8302318318013522,0.6337721172574862,0.42076994671929824,0.49662634153699814,0.18090114101181887,0.07706351606118722,-0.03870548699987064,-0.09510566819711752,-0.15355180429522375,-0.22406324403937672,-0.14976008794011575,0.20573290566815755,0.6861164734308127,0.8496734665069077,0.8827447972894605,0.8507320311346367,0.8164769839983426,0.7182798115461919,0.6518527701952048,0.552152178467769,0.4912050635477103,0.4001173567566485,0.3370199921636814,0.2914664803111089,0.22701282401898581,0.21127056066739391,0.26067840240659507,0.4912686849559582,0.7709445052481404,0.8704024233098873,0.0,0.0,0.0,0.0,0.0
2025-06-01 17:56:58.379,0,0.0,0.0,0.0,0.0,0.0,0.0,1.3572327422016948,0.9068607904373502,0.4375037362929829,0.025798647387347606,-0.2633626021156874,-0.2536376307833482,-0.09643103244000295,0.047571714972944434,0.22711292254158122,0.40855536220699795,0.5835674453612048,0.7451860331554477,0.8637485166334393,0.9507259744567947,1.0687088160550067,1.2091761897499773,1.0578504752712576,0.6010261283587659,0.15178064995191043,-0.10184519590550667,-0.06305759802913724,0.056874097588439865,0.2139989409291898,0.39657872878914935,0.5714803781044724,0.7338383103856168,0.3560890083058206,0.9769356201216753,1.0831899262844442,1.1506974849112543,1.2946567859417086,1.5942280146049064,1.3655980287087301,0.48870793379626487,0.07146914785588443,-0.2218784185566357,0.04073372170959266,0.12266910593524849,0.33338451264250546,0.4629849030257849,0.5498504725435758,0.6742839678295707,0.6533124747116266,0.7516147518987678,0.8415938469170413,0.8486721467561775,0.8312343983803381,1.0290748013642155,0.6520828581792034,0.3104817844453789,0.20646005224999797,0.2818072827923308,0.36324101003216636,1.041699156219352,0.565904900899886,0.5804426253793138,0.6936750354845869,0.6617566287235722,0.9758920773437412,0.7460349769571135,0.4309145876412079,0.46931964330846476,0.9616411372222358,0.7829189629059357,0.8565242312077954,-0.02152757516729098,-0.12390119527412358,-0.08624366775366754,0.12317810549774633,0.21478515143229981,0.3520446669239803,0.4732022792556483,0.560033017439779,0.7027729057542524,0.7949420337962148,0.8991525638417146,0.9947115966906411,1.0872265354602753,1.2007994913143976,1.2705026381540798,1.3269139434850272,0.4590905513758344,-0.23983984309292838,0.0015096183748404268,0.2705238995177677,0.48718299652156216,0.6319668463190777,0.747543154901122,0.835615004945216,0.8895229500314008,0.9294745305925969,0.9276803848739934,0.9175963229839966,0.8949766852448332,0.8436674433665342,0.8136110214611929,0.732316823172732,0.662447147931474,0.598721252631841,0.7190850873237062,0.7577843293944893,0.7539035752427392,0.7336378814306868,0.7094033383253113,0.6906231599340451,0.6366048422676196,0.5877905168561983,0.5739477161516289,0.499545567123042,0.4266226140938545,0.31833706892605507,0.15644418179651398,0.23116527410384202,0.6834209320275496,0.8917835313557783,0.9246807468037219,0.8716815887627205,0.5619613566320325,0.5354979789336971,0.24540559178543359,0.540257395601654,0.0,0.0,0.0,0.0,0.5196132036069886,0.1589971806316583,0.5535611750666045,0.006708765764032565,0.5750427562201574,0.8050818029956566,0.8079002237000159,0.7759556564524769,0.7650036107282521,0.7915044601207757,0.8044390933065415,0.8116923971381556,0.7753478844820858,0.8739440281205679,0.8079955220261108,0.7960082476303105,0.8032758612170348,0.7957531118311645,0.7888955383476906,0.7683189910002863,0.41500563697535786,0.5041225484425677,0.5429504246452803,0.6597872558473632,0.8870400110214509,1.0621606763822466,1.2849447106673528,1.3795864868489078,1.3835904593724024,0.8463131051496315,1.421438279126333,1.376025717516125,1.281126345295031,1.109047588385125,0.9522636268505736,0.6510474432808616,0.3422609786063135,0.467276788732371,0.6753757956406651,0.9886048745873148,1.2080322175371374,1.2752643119349967,1.3870572848521592,1.2868213465015879,1.2659938300073055,1.165017060042444,1.0886296791621812,0.9180559812690253,0.7521856578906178,0.6402522176872882,0.4989272941422581,0.3990026391410806,0.19039622004749776,0.17451658534392878,0.6101162587988147,0.8266061717863363,0.7814267554673894,0.7700427693666436,0.5237432264774211,0.5133890576458917,0.41140251589147575,0.47949505927163305,0.8313992293956671,0.460624484449158,0.9259723705427249,0.5178716604743373,0.6619205653803261,0.16120537849461541,0.278748949574241,0.6088902100039317,1.3378696618700672,1.2381336470269921,1.17559869269423,0.9913798100512494,0.8269233046809801,0.6236622160660517,0.4521101295122374,0.2939842665512955,0.2496841435845616,0.14475081781054788,0.07712550409368713,-0.006022368431618741,0.021640602212604443,0.002959674581331617,0.2196837376954643,0.9162162813891483,1.1771552666879364,1.0862409019057764,1.1638293267251822,1.0256204460198164,0.8376660024718197,0.6230037000094886,0.42400007807183315,0.5176156019794711,0.17909832980577955,0.06366207477937125,-0.047774018142668684,-0.10968722058666525,-0.1728904795237053,-0.24128792899986834,-0.14167581407217467,0.2408048461114331,0.7369920349564647,0.8788676710621277,0.9130287009025614,0.8831982927964084,0.8509794889134521,0.7537114056907268,0.6618541896837717,0.5575900952672526,0.48555423074396886,0.3883737047035005,0.31756495882466096,0.2747610134737797,0.19679434550833086,0.1942649750471619,0.2607590291660384,0.5143251778242488,0.8428131839178946,0.9275234338468394,0.0,0.0,0.0,0.0,0.0
2025-06-01 17:56:58.384,0,0.0,0.0,0.0,0.0,0.0,0.0,1.3303317605950573,0.8889868420642626,0.43951576176527096,0.017772487196690667,-0.22828330562824362,-0.2119081484633758,-0.045060102211347486,0.08577646794798033,0.2558928773496446,0.42171229267979893,0.5979133109664367,0.7523091440132433,0.8564167352953216,0.9447673497223746,1.0636321080143318,1.200601297734921,1.0321731552744267,0.5908384271694271,0.1625063168330655,-0.05015652101785828,-0.0016559255427175401,0.09548004642512042,0.25288808148257425,0.43580283251976915,0.603562825578448,0.754623558874318,0.4074994943061442,0.9694512800178835,1.0696459264088485,1.1424417081812674,1.2560643731768963,1.558971039795125,1.2918022161775071,0.4724215660676063,0.10586249783198698,-0.1029073821910036,0.07756500422069124,0.18901479620614436,0.3793241960374292,0.49736251992941116,0.5766247700444991,0.6832223445165511,0.6458823669685829,0.7606335193731516,0.8244966901515455,0.8489569045808008,0.8227667843301989,0.9846600795600682,0.601476403620002,0.32478895037319977,0.2452335452386738,0.3242608307517456,0.4297819524440849,0.9024362930675054,0.4627191749614199,0.5232717232633117,0.5762588155482816,0.7186640340076269,0.8087654413335892,0.7947803362158489,0.6025051819249427,0.27700418898532175,0.7834554083277587,0.6768957229211312,0.7869296482537991,-0.03526879746176001,-0.08230240758291718,-0.03513611349744239,0.15561080082710177,0.2371296027472254,0.38571957823092906,0.4875525329314436,0.5720142502629437,0.708652587772602,0.7988400305678987,0.9040595480918381,0.9971404286443432,1.0789319524812675,1.184697910736032,1.2518124246935627,1.2986214215770546,0.4426613932437426,-0.21676289962100515,0.04334695076052286,0.3106065803928979,0.5100109778557063,0.6517723338863188,0.7662412719417433,0.8459002752480318,0.900659728357726,0.7987145836211649,0.9306704769880307,0.9215171627008955,0.8961770333702245,0.8379715110424014,0.8094276730426351,0.7188657648808561,0.6533670840300385,0.6092822091473654,0.7376333319760988,0.7781046028006371,0.7614838375649484,0.7527175603397203,0.7200522078704474,0.7018539281995051,0.6470137031755347,0.5992373803880158,0.5886976427124175,0.5095729472314794,0.43812728085476915,0.32327096022041213,0.16637198719141866,0.23302114466569213,0.6631483840423947,0.8872315590502531,0.9300410354879798,0.87098502846943,0.5589761875126813,0.630560417769396,0.04727111638367715,0.6246172538365713,0.0,0.0,0.0,0.0,0.4430788176424415,0.26821365661691987,0.6083763851666698,-0.016497688317604398,0.5470916532722023,0.7925671112768239,0.8078890832981742,0.7676052760080013,0.7736491776365952,0.7987208172687941,0.8273418637331651,0.8369838608658036,0.7948928937142914,0.9016777689659441,0.8240339997239379,0.8185426522714954,0.8212586435754943,0.8029294822791455,0.8004353417000702,0.7635210316586358,0.39833254244258853,0.49788031711574354,0.5255736739006605,0.6578804091395742,0.8950390717326793,1.07669783462548,1.3047838528171813,1.40143697013612,1.4173836251719545,0.8849166972538682,1.4512522689358693,1.4021770050393338,1.3116051135456166,1.1324345484072311,0.9777827930696276,0.6670107664316702,0.3299649655399393,0.4417737288391259,0.6755600514331584,0.9791845999937114,1.2119870657366119,1.2932258542119766,1.415665788121406,1.3248676874765535,1.2967797260318612,1.1936012775496327,1.1174856179350487,0.9415344083338634,0.7801388327678253,0.6594151399199539,0.522103353815535,0.4151920927286188,0.20643190553724622,0.15648023484497384,0.5981474214481324,0.8097056056562028,0.7012931018602563,0.6901968802838665,0.7659486308236049,0.43621429470124484,0.31000137640255837,0.4762775266414683,0.7238667842112612,0.35062121358578285,0.7754474599382195,0.4179581392534255,0.5975044663993041,0.1934600680191551,0.300824856356013,0.6087358350419125,1.3598719480639432,1.2199474285589371,1.1936186522715042,0.9673758350242467,0.8266787136063793,0.633962391417354,0.44755434115459236,0.29538891152480073,0.25540524321723246,0.1619049633328049,0.08598014138955912,0.00871140271676707,0.026917582657555505,0.029508463018759867,0.25872536147990494,0.9245822951269127,1.1703017821752517,1.0899431914662074,1.1627526901017564,1.0224075590110704,0.8354619241643273,0.6195229796520796,0.4371872685668088,0.45471441862487316,0.18916603533201237,0.07385325744073534,-0.032236253420662164,-0.09437618563801853,-0.1565439397799273,-0.24069492680996396,-0.13108074821537885,0.2364705491684394,0.7156950934405626,0.8710214198235631,0.9124706168846745,0.8780566235233889,0.850686620133589,0.7663171463089795,0.6683147698090299,0.5661581461137162,0.49773173919568237,0.3949048070726957,0.32737733101910593,0.2822001206770788,0.2108121862208382,0.1978522044069616,0.26785604290954884,0.49907299840893293,0.8139964248149384,0.8874547590195172,0.0,0.0,0.0,0.0,0.0
2025-06-01 17:56:58.387,0,0.0,0.0,0.0,0.0,0.0,0.0,1.3044980676635538,0.8691774641376397,0.41648621672909447,0.003705633685347598,-0.20907501211003698,-0.19270779309408115,-0.018309070890267676,0.10936234051778759,0.2675511390507176,0.4326434588771093,0.6089443676116202,0.7601192736376511,0.8538936763715286,0.9353907264299027,1.053591005501536,1.1804887612250357,1.0076894460588985,0.5912935347221437,0.15102634510194668,-0.013598709382061203,0.037220445173762995,0.1350563224245347,0.28349407953431616,0.45759876264325805,0.6174369869271328,0.7598714654597827,0.40752645485739036,0.9585343562601455,1.0572957831427405,1.1193601168850886,1.2095488484015464,1.494206178555451,1.2058045026445223,0.4276704893914699,0.11003488182926724,-0.051456497482239794,0.10203691919651336,0.20453849509986521,0.393745972673212,0.48723621273455087,0.5495401699214846,0.6688164960300635,0.636621519897171,0.716992178519399,0.8050834822093175,0.8156691679101669,0.8186117818238705,0.9170811305071997,0.5355477490848423,0.32060908105696856,0.25832543106840633,0.3440169194097904,0.4505431806871081,0.7155822734091895,0.47318870181832595,0.6075313636888837,0.6504017990265671,0.667261706580674,0.8167623162816706,0.8379029869545791,0.5926341180084596,0.2963398183706084,0.6101019099663451,0.5684235378336906,0.7467117634592559,-0.01845680598270033,-0.07432135397494699,-0.027826996340261978,0.16894516199759768,0.23913029426585353,0.38458615531632034,0.485338027313696,0.57431521399425,0.6934791845814776,0.7977129757363259,0.8967908478916111,0.9875916163976698,1.0682761699160959,1.1547041068471302,1.2355409152689059,1.2824048867940123,0.4250774387253829,-0.21508789417322305,0.05209090711851094,0.32460973148661765,0.5033915443367774,0.6558740630188051,0.7643344013955722,0.837949815128785,0.8950031267048273,0.768246137306835,0.9179061393266672,0.911986232504231,0.8830894550537597,0.8306827897581842,0.7996981249337693,0.6913626550998296,0.623030244664742,0.5904162726484744,0.7198566488714677,0.7655353508096565,0.7542618648714179,0.7368379443873765,0.6969235082695291,0.6738797302831503,0.6345881841219054,0.5875059717016908,0.5696947295288302,0.4961384198447052,0.4319484868047674,0.32057042934053637,0.159551211435364,0.21686056974716023,0.6339405427347217,0.868534955273558,0.9144594393350709,0.8501278180099461,0.675217315573831,0.6771430464032273,0.14761392791326838,0.716730020863602,0.0,0.0,0.0,0.0,0.4275571528018881,0.41436907760547154,0.7045442391636386,-0.015298834479656742,0.5195374250993339,0.7756200681077476,0.7815700304488011,0.7451031300048833,0.7379990717557867,0.7663302406160601,0.8077853734418738,0.8108882234500698,0.776027739849189,0.8942733306904493,0.8191232156321655,0.8214953838125332,0.8282006798195816,0.8162544404512397,0.8265493955973913,0.8058692739491449,0.40139251445866264,0.4709255062704658,0.48488465006543247,0.6152439616789531,0.8439327008372237,1.039736319624907,1.2645679644864587,1.3664986237476044,1.4037110072820649,0.8246546782167321,1.4553033783815748,1.4188189487021758,1.3285592640997208,1.1626733711062673,1.016324291723087,0.7122676270746221,0.35331012196380607,0.4006742846609721,0.6148636315916768,0.9163182863077279,1.154024383257668,1.2418382932733827,1.3667535074745154,1.2990070339973199,1.2819370059323223,1.1863396236788604,1.113600071686669,0.9472383642518502,0.8005193644496752,0.6816146402891663,0.5520099528532272,0.4446356715545191,0.25004445476888126,0.12905624040759897,0.5253502455163427,0.7263907505779467,0.7043949124464965,0.5492125759746159,0.8623644012050716,0.44340147101000726,0.4231277396301066,0.6027475288583292,0.784326706830208,0.37919824179668865,0.608518495997107,0.47563898956762907,0.5378091441839068,0.2257339151138406,0.3202211506743094,0.5857917149534645,1.2579689566069678,1.1247716945235593,1.1106862359767526,0.9056466307749464,0.7892594467717922,0.5987734025523559,0.3961239943940664,0.3023787165365559,0.24496131158593903,0.1687417484357694,0.10576860431534207,0.04394722719508193,0.04359629061332648,0.049702111400093174,0.25720697950172894,0.8639598724567863,1.109063814386942,1.0376069630773992,1.0991141367491073,0.9666082136351906,0.7887644353604717,0.5616567187330601,0.4215473168513293,0.44637537614336475,0.19203839759538077,0.08061110809354388,-0.007709602655216363,-0.06175293074720911,-0.12099032789930331,-0.19637240985592708,-0.11506512634886057,0.1930424727379551,0.6339220745711933,0.7964150892576272,0.8523534589624345,0.8201590646230443,0.7969015486773174,0.7191698675462344,0.6275728402655112,0.5541800951488074,0.5014235658317727,0.3991723903151987,0.33367245329138484,0.30750977871153506,0.2405368137617251,0.22820989641714373,0.2811825592762393,0.47195541239989014,0.732097716031736,0.7929588280056403,0.0,0.0,0.0,0.0,0.0
2025-06-01 17:56:58.391,0,0.0,0.0,0.0,0.0,0.0,0.0,1.3008154587313656,0.8678666640604353,0.4009531908718915,-0.002155704485137133,-0.20086869638070648,-0.18863625275239382,-0.015938113894832573,0.12046404931234644,0.2706849631088867,0.4400063600286952,0.6064793822678638,0.76413176283483,0.8509530912598744,0.9374996498572249,1.0595980651365662,1.1782184341993402,1.0156882375357223,0.588922928792946,0.15665746936105251,-0.008913511278085373,0.05147709602097961,0.14295759059995805,0.2928302199009345,0.47206385094476966,0.6291995140317972,0.7675500916945681,0.42115671536005417,0.9632842370312636,1.0617252778368163,1.115097840958563,1.1957510761078667,1.4829545048238266,1.180999297649713,0.39923923716421705,0.09254109353870921,-0.027657848646909455,0.09628202772876215,0.20436033634324335,0.3905749905685767,0.4480955180412942,0.5287656158996705,0.6665947266441896,0.6404493664094353,0.7141798016612505,0.798321807871985,0.8042868469594151,0.8213942339094162,0.8660068209956779,0.48937861553218087,0.2944552544764799,0.24127259825112024,0.34219189792511684,0.4418333195817772,0.5983230124985133,0.4082601328438291,0.6635767354947402,0.8204405304595108,0.5971854223231168,0.7788603459271912,0.8450168874407693,0.6557150312160849,0.43341337313844863,0.5746817957642093,0.5230111777660504,0.7744027568330447,0.0067498689728538175,-0.08755327484315378,-0.04988449151150376,0.15415360125373345,0.23494173451749734,0.3839957604248272,0.48433330190729107,0.5768825019998671,0.7009543019000928,0.8011181306268038,0.8994374366244564,1.0012158520563612,1.0798014535988236,1.1561618076585345,1.2475800074831924,1.2896388573375253,0.4400943018217967,-0.23392682765033135,0.038851420174119244,0.31902404747420166,0.49215971226057253,0.6514075200740375,0.7637762403147748,0.8374272940200465,0.8949829084040968,0.7479348903953706,0.9143629823052482,0.9111705105922466,0.8802289541507687,0.8302564502863888,0.8022887138520738,0.6893413101538843,0.5997838015226601,0.5585919896338577,0.6984633624916654,0.7475072616131715,0.7504181310086249,0.7260567989928071,0.6891042028276964,0.6601149890259284,0.62695283828539,0.5805215298114828,0.5616989091935485,0.4950699984289162,0.4289870580455355,0.3236603203684162,0.15502514582222238,0.1992368801870265,0.6094202825073509,0.8570907546906212,0.9014658609197057,0.8380946108926384,0.687148411948791,0.7248492782574225,0.36298966026911067,0.8576354878526726,0.0,0.0,0.0,0.0,0.5290475055422043,0.4902118128293284,0.9061624495530475,-0.014476238278533393,0.5078689164862435,0.7722697377975771,0.7725134272441438,0.7357761278158627,0.7350481810768168,0.7616855257748851,0.8098806762588535,0.8073724853116668,0.7821484512919774,0.9080562720268319,0.8362517282443109,0.8433892603855295,0.8481037936123219,0.8400555666786755,0.8524579880036913,0.843358258983141,0.40188702067725346,0.4525136378627139,0.46933935820872064,0.6001553407644302,0.8423728020052981,1.041407989091824,1.2668367409451609,1.372855715379974,1.4166692721811496,0.7372635654272588,1.469627475716773,1.4382156131073174,1.343570564815467,1.1799018287826812,1.0374443024523357,0.7299851157078994,0.3824420970820753,0.4033544917111217,0.6159584457998951,0.9177901432284077,1.1548089974092166,1.2435998278937388,1.367118897894569,1.3002049388245076,1.295696027278371,1.1959989565716054,1.1218663204570158,0.961893055696834,0.818812201982471,0.6936124619074175,0.5659779523132651,0.45949977505364237,0.26487671347130126,0.12060376914429125,0.49483250950453783,0.7082293601196042,0.6042653263069557,0.46979827527062157,0.7715186679866067,0.4800861422176288,0.515484305087103,0.6771486655237037,0.7244138475710158,0.3306634989981467,0.47269403931442866,0.45567877986105165,0.397449747403244,0.24787110812243113,0.31003728232696043,0.5711745380431652,1.202011405713747,1.0957864645066524,1.0997713191010194,0.8850237240462073,0.7967661921460578,0.5885982712234874,0.3718030117188422,0.28390570667545467,0.2615754679372426,0.18195317789776988,0.11960302523597566,0.048261005886654496,0.032813366261851384,0.03311651697808882,0.24616614680183962,0.8281286582055243,1.0835517193349764,1.0117611091305103,1.0688127720870346,0.9566429503443963,0.7675564352081441,0.5449330089072577,0.42009935818267397,0.5506719397209356,0.18553486771257122,0.0852570632540024,-0.0021570667686641176,-0.045883716521372464,-0.10523028355929032,-0.1760513724175986,-0.11057856568923041,0.1528952775223152,0.6115501278078022,0.7766076893729588,0.8203643928395971,0.8093397256519332,0.7847142156551272,0.707498465184969,0.6269096552678444,0.5474533370662698,0.5051277365470777,0.40652806534035446,0.332569094090686,0.31651195754524,0.24515541200174462,0.23098700842245967,0.283596090113241,0.4388925835421893,0.6978454760432341,0.7837835458742173,0.0,0.0,0.0,0.0,0.0
2025-06-01 17:56:58.395,0,0.0,0.0,0.0,0.0,0.0,0.0,1.2974001396594446,0.8575382103195526,0.41660565733809307,0.023475408815755383,-0.17814908508543126,-0.17618616571625223,-0.009816253681928067,0.12328285018290219,0.2708763040754535,0.4355320948220047,0.6048449139709082,0.7748224006191645,0.8474139980184872,0.9344115045009161,1.0638616329894597,1.1882556036521639,1.0258584381378406,0.5839087729939625,0.18292951470932428,0.009553282197052204,0.07729734766602925,0.1701039769186874,0.30870954762266267,0.49040136646257304,0.6494705906077141,0.7799021117636358,0.6781623274082544,0.9832607034968873,1.0540899646433923,1.1046425980052983,1.201011189203731,1.498670173063969,1.1684057770503506,0.4183486255678426,0.10331300821708578,0.02649202882324242,0.09501171445531864,0.248929675960043,0.4129318509821063,0.44967679965817364,0.5358561465124216,0.6673463302648426,0.6538470139091113,0.7261939331183181,0.7895468435570389,0.8151157835370808,0.8311874483107363,0.8181066438082443,0.451447671691091,0.3004677782524777,0.2551834448327229,0.3460277810318857,0.4590396515310087,0.420836670119266,0.29476191827298737,0.653769819623871,0.6968038230830124,0.5295611969640068,0.7446717251153802,0.8281149787510715,0.6682208648836387,0.5219513120874351,0.39839270315699304,0.496816855980573,0.7845290332615895,0.0317910554645168,-0.0751150778208548,-0.03752680200991487,0.15625039125526552,0.2361202659498587,0.4011735682428583,0.49357064660940275,0.5924274481104341,0.7054812115598992,0.8047612410333267,0.9145806454916794,1.0150789928915591,1.1027369937506721,1.1736496296156431,1.2612054509399884,1.3055557399757607,0.45063989547467326,-0.26035399461181297,0.026959930039712088,0.30679401810859375,0.48905987893687786,0.655692784604764,0.769291737104624,0.8438605131536963,0.9064310906034734,0.6732876790395401,0.9327135785153569,0.9216048264022548,0.8914877752415994,0.8463981039399023,0.8171384839758238,0.6997654320336215,0.5898527466128001,0.5290240882585898,0.681154576482148,0.7383555291924433,0.7397567167657593,0.7235386158878077,0.6941336413554278,0.6654915919215241,0.6327912945576861,0.5944227938644193,0.5649621706891483,0.5169760449682066,0.4576562781487692,0.34700921346668856,0.17682032539878345,0.19988826824824873,0.5957466743530269,0.8433079045359824,0.8933394454144508,0.8398622089925243,0.7276773467011675,0.8505386733880378,0.4511534443188873,0.9990651657245673,0.0,0.0,0.0,0.0,0.6147963709126154,0.5859452186140086,1.1010581384009184,-0.03772030716418845,0.4853515645224425,0.7727514233332077,0.7663172264666933,0.7307495546804293,0.7202830302355057,0.763566295424815,0.8121119144025415,0.8159673859298877,0.7753296631006505,0.9127476985145968,0.8450839268739987,0.8522197942269747,0.8567781716259666,0.8468731814829578,0.860578582028275,0.8309349437663835,0.3873363717627929,0.43943510818847753,0.45261417029486384,0.5836273065766144,0.8317521239802173,1.0317908165019545,1.2595828297070724,1.3635833146963898,1.4085868631941223,0.7949624269265214,1.4694967005842576,1.4314506941186997,1.3393281719514296,1.1759480568324974,1.0388220310882783,0.7200582619269021,0.3681353149001261,0.3973770274342219,0.6046621771820991,0.9066895584329433,1.134783175902466,1.232121136472126,1.3523083589432567,1.2957738548073963,1.293028320413549,1.1859662657016363,1.1079836073912364,0.9519630545061942,0.8149043405413737,0.6886300907564327,0.5658833124884585,0.4551584957032868,0.2639399069420418,0.1187507356747686,0.4882188340679492,0.7012235538489539,0.5241481669671912,0.4220423695617168,0.8171166307720087,0.6471664876917211,0.4053718921165697,0.6174387363423314,0.7733742879808185,0.42084893232664716,0.5514625427412135,0.4959554179018424,0.4010145326569914,0.2588524601572902,0.3001766078461054,0.5796691869076078,1.2183383902122253,1.0840350887014005,1.106178258630048,0.8703448118673847,0.7795277984089666,0.584816783741394,0.3699953640851301,0.2638017549457148,0.2640769070877902,0.1643571980346008,0.09670421445251476,0.05588068528840806,0.0012830734771902552,0.031767378735829244,0.2609690211436703,0.8093870093368964,1.0843615368101085,1.021761777812716,1.0768502202572585,0.9655373804204574,0.7649961300957928,0.550032757564326,0.43132664793187714,0.7514321034663316,0.1844850195135488,0.08921947915436679,-0.001259545992233324,-0.051966493075323195,-0.10652918187441507,-0.18172025503779426,-0.1129127396071199,0.14181899851431273,0.6230105468467602,0.7924577076731485,0.8207854950855246,0.8196400035436671,0.8019522329541746,0.7069811812454994,0.6256496538414231,0.5493299380288386,0.5109849813265572,0.41478122456920463,0.3344368986380677,0.3152278197432421,0.24386228080197425,0.22660728932852836,0.2873887502467006,0.44947056480390224,0.6884753139216876,0.8144301391846465,0.0,0.0,0.0,0.0,0.0
2025-06-01 17:56:58.398,0,0.0,0.0,0.0,0.0,0.0,0.0,1.2896780582169791,0.8466244791756177,0.3965531717619777,0.011599111546427343,-0.1804714893118199,-0.16241292803775376,0.011907228383385315,0.14087176833276538,0.2915410347696442,0.44842419263463906,0.6168796933560066,0.7861893896143938,0.8557841598882816,0.9401899578911995,1.0645399216579192,1.1687004812194997,1.0247014380115984,0.5887887551678719,0.20877903079218463,0.04875890293541807,0.11929984834350704,0.21859199506372384,0.3368012692047817,0.511362110775873,0.6709383959860602,0.7928078930305036,0.621202785645786,0.9926554424657167,1.0467540956822055,1.092913809370311,1.1918502307087155,1.4803360622623551,1.115870535687325,0.42631633796488744,0.12055990626018809,0.09851135894738627,0.14645320752924063,0.332454423811652,0.453949288044174,0.4502059216178591,0.5492090688990865,0.6604951048913696,0.6666108928765595,0.727183380242563,0.7624046021189997,0.8004124537387556,0.8077761982008214,0.766187261106966,0.4158040032064011,0.3351916136817467,0.31336452720775554,0.4003120138662637,0.500781494473403,0.3949890752946242,0.2947344836666653,0.6629132081412998,0.7019045652045772,0.4424422452929868,0.7542326161046048,0.8351070137828478,0.7327684619430768,0.6675029957928535,0.3779670822307911,0.5779935942669151,0.7009348464777483,0.02288959839160007,-0.023419534840226297,0.026448335285985447,0.17964854505877015,0.2513806469009843,0.4139251148776679,0.4937906285067428,0.590637003861797,0.6871157351303592,0.7880951638896261,0.8964807321629769,0.9951388027379807,1.079845162387204,1.142205626105575,1.231355485511251,1.254460482654361,0.417710365024662,-0.22765993246375338,0.06404203433390698,0.3205242577790517,0.5055075552192816,0.6607867319975691,0.7632477217667737,0.8372564545769374,0.9004234708310717,0.7126477962204265,0.9269747054223914,0.9035333441777001,0.8678541871062239,0.8283097350236893,0.7849853067190184,0.6771121382907513,0.6093121298128803,0.5607428793958135,0.7179997032293004,0.7563944879638631,0.7450682974038723,0.7274040261997812,0.6961985009868714,0.6650574481718672,0.6261111584273469,0.5895121240738517,0.5416722720764262,0.5062676840487903,0.44725498166016053,0.33071677408205147,0.16484041969928664,0.20035540530388174,0.6239172308457246,0.8627739455503791,0.9076787660095367,0.8542041465214936,0.7981155481478379,0.8849649511716473,0.5997496346901456,0.9615398095294474,0.0,0.0,0.0,0.0,0.6499159576520376,0.6920034810408919,1.2503998650959303,-0.021553749972892833,0.488824514839404,0.7799935538433935,0.7684552754797302,0.724855568166542,0.7128115381031586,0.759810396807475,0.8019661202108033,0.8070941001241265,0.753401003060679,0.8915293446417092,0.8335858629083157,0.8393662893155924,0.8484687022044897,0.8460689588036157,0.8618868994253817,0.8355079918116652,0.37819454045033934,0.43349727163595175,0.43526907751433397,0.5670886069905974,0.816304227636681,1.0156125449978601,1.2390481545551468,1.3368913365356223,1.3922881392831614,0.5906326630575556,1.4662353721935513,1.418349749635508,1.333036164690374,1.1755854967792043,1.039379145286052,0.7245050445906185,0.36001571715255937,0.38528230832145005,0.5955961560630555,0.8803017332724321,1.099157429033125,1.2076716720130156,1.3242985764393418,1.2721687352187414,1.2646216365808058,1.1616724360562203,1.0757149462198967,0.9333082400900033,0.802044458981133,0.6825875705820295,0.566925814856519,0.4522954327031111,0.26430227594194894,0.09837879962303375,0.46139006267348504,0.6709115570176204,0.49573700964549916,0.4199660666684992,0.8267521289944474,0.7283983286625112,0.4447033166321624,0.6636179254176625,0.6566308959052314,0.6469091854708016,0.5871651614834861,0.4326465103304933,0.37049658411951314,0.26326010826838947,0.2917428123972113,0.5706053394155389,1.1865874928269284,1.0412209679881854,1.0615886718922272,0.8454280984086533,0.7471290725205637,0.5728982987956543,0.38186139274529274,0.255629426759324,0.26244682461032265,0.14372631683894133,0.08863624644825485,0.0665091550827972,-0.021907255062473818,0.021770684695974207,0.21620805122808545,0.7572315617289236,1.0379271837194968,0.993631400598521,1.030701909520475,0.9391742339239395,0.7280737415088301,0.5413764111126758,0.4279398111879156,0.896129051874165,0.18773334816628706,0.10286555328461278,0.02023424510594074,-0.034870076743254264,-0.08344597815053623,-0.15261385905735997,-0.12394897082916062,0.09994745748889422,0.5678854059637448,0.7667129524653553,0.7847206594501474,0.7885857895766031,0.7889253108318965,0.6894923454723338,0.619024777790097,0.5507250080019395,0.531770305078505,0.43243676994144975,0.36615399763355816,0.3433513427433499,0.2762218777187472,0.250317222250356,0.2958215187926411,0.44222796241684115,0.620396355462035,0.7643374231005313,0.0,0.0,0.0,0.0,0.0
2025-06-01 17:56:58.403,0,0.0,0.0,0.0,0.0,0.0,0.0,1.2930810622851054,0.8314071824147407,0.3831068087461281,0.011090171865198006,-0.18053434893488163,-0.14437318334874005,0.029215475517777145,0.1711209591899514,0.3129774094173424,0.46638472510052,0.6329776311158641,0.7992906385147763,0.8666585555806803,0.9479696376609755,1.060644461115138,1.1686095856475975,1.0186496714844095,0.5929376772074222,0.2261525464828822,0.07401373658915256,0.14916282393873304,0.24995361616815348,0.3555599835903469,0.5269595144569581,0.692706298085288,0.8091226476016053,0.5398570122945383,1.0101746857825358,1.05545271060583,1.0954923420787148,1.201389746310273,1.4744160224156335,1.1086211284621157,0.40287819250519397,0.09544065870716512,0.09515881751025268,0.17408517232675158,0.37217428435987165,0.46793592829405584,0.45510060485801174,0.5596962366881746,0.6855308585336735,0.6899888543485235,0.753375037363312,0.7715698000805326,0.7963681813619197,0.8124154583122813,0.7809122709490905,0.3990591514510139,0.34779479415847553,0.3296605317806922,0.39756274860541074,0.5037026624809389,0.35711894732374333,0.3942865063805112,0.754901327993704,0.7939008418930047,0.5121904167057549,0.64109038817946,0.7486858478821974,0.6494993565432283,0.7457884388220574,0.4236586421677204,0.6055437624276745,0.6949576697236426,0.016489158617893934,-0.014746323633657243,0.03429311152495873,0.1901220371822845,0.2626402876652043,0.4120896346126779,0.48930036906024243,0.5807219048083689,0.6763149150624823,0.7811927431534493,0.8806425887321887,0.9846182203281738,1.0677806253806659,1.1306441006054917,1.2224959421211188,1.2321196416837803,0.39889735670460374,-0.23206926872071643,0.05401954442440293,0.32108239998069377,0.5051400913109834,0.65627258384623,0.7622256037409105,0.8421773294980741,0.8959915099464915,0.7718212932036717,0.9284811467732876,0.9026774082970132,0.8620222592188646,0.8274097582992587,0.7781992182914539,0.6693791581029976,0.6042166103967134,0.5522880396343542,0.7001492807569036,0.7430820853876849,0.7295223786658405,0.7174865383441593,0.6930975692788355,0.6591869195863795,0.6255365288410639,0.5937586307473559,0.5394300238573992,0.5120232389764352,0.4555232058680949,0.34119436317894747,0.17714290188529458,0.19535353994028443,0.6160072828978148,0.8501240580962894,0.8969711258754609,0.854723656644174,0.8017404036530733,0.8740336644317066,0.7556875800793668,0.9236359367148292,0.0,0.0,0.0,0.0,0.652949596609663,0.6781252094227657,1.270188537209901,-0.04642370165633902,0.46255799720446084,0.7645567545031755,0.7594401797341019,0.7200142628145759,0.7157793965212234,0.7660371632734078,0.8033106495186884,0.814006113794925,0.7729148237255794,0.9013303932365231,0.8448953258599832,0.8491925623098382,0.8604357882556313,0.8650942200228222,0.8635871824959276,0.8239145312207654,0.35860315461635517,0.4175409893719366,0.4282524036283908,0.5662984384806988,0.8198565712829844,1.0193216200194937,1.2582658297366107,1.3592441922645897,1.4053365525646175,0.5833593132545583,1.4791657143345196,1.4349852667642535,1.3423091477452331,1.1846516245434926,1.0473850991548785,0.7360915528737134,0.3529035957579918,0.3645926700616169,0.5860985124841332,0.8767739931794811,1.1039381619537645,1.205445307972295,1.3276318118202624,1.2710489605936195,1.264796253804417,1.1667725107084013,1.0836341582905393,0.9351568011218564,0.8094191379062882,0.6851211732311921,0.5701258782100598,0.4538276320063216,0.2727692268955301,0.10225337147531952,0.4439828140245653,0.659473413748135,0.5044685687283864,0.4696509275521181,0.6121458811872189,0.6834195771712389,0.5491276691711897,0.7006046933498237,0.6161990709233973,0.8707376391608572,0.6355407422323037,0.5434536277036077,0.34850436004066476,0.26724224449915873,0.3003892964271217,0.571980631719408,1.1725922477870998,1.0287579135935359,1.0349736407570198,0.8623194562033247,0.7469855502114562,0.5638519094050083,0.3891576503087799,0.2624388289822601,0.2784908512116029,0.15194043789431078,0.11028387826031838,0.07202368780105128,0.004012551342114534,0.022772715008423594,0.1946645591414234,0.7534542086148273,1.0211753496433538,0.9728509788858886,1.0210857619259737,0.9329328586968202,0.7271124119669437,0.5548177166171862,0.44139866010327755,1.0081179047295585,0.200044839116587,0.1197262939166821,0.05243607723281807,-0.014799667330086419,-0.06281712023940378,-0.12890144266920867,-0.12381985754210767,0.07682253693233226,0.5384542575011277,0.7560186107186422,0.7705864266703496,0.8084054964207548,0.8002922739792719,0.6972230498036933,0.6279329061962249,0.5664403107250497,0.551765402009692,0.46221699358367063,0.40521488536248995,0.3832157867747952,0.30606223247577125,0.2882317982575595,0.31064208526008724,0.42445526939024714,0.5808585002413987,0.7503747302179766,0.0,0.0,0.0,0.0,0.0
2025-06-01 17:56:58.407,0,0.0,0.0,0.0,0.0,0.0,0.0,1.2699908204791401,0.7919636174726196,0.39129111713028786,0.039851789547953986,-0.1403635265412787,-0.09482397213041382,0.07280550454212109,0.21086343357567583,0.35126476573439314,0.48418812118095955,0.6464055605328558,0.8069049414384127,0.8758568583965567,0.9431017097136246,1.0476785770798274,1.1517644712827886,0.9965392946569063,0.6064154072396177,0.28948466419900676,0.1367884265345728,0.2177621161955674,0.3001562171037966,0.3932843033660003,0.5660364805936573,0.7142547257178249,0.8260326917483651,0.6557606748940055,1.0033851042512216,1.0341422689452013,1.0743002934517365,1.1750391261864275,1.4182170445304991,1.0776175523217215,0.41521529663700985,0.1405551049120588,0.16314677873449157,0.21197133324145967,0.4273904392562464,0.4910011342346139,0.49729085106185855,0.5955247116974718,0.7145026154601894,0.7021765455621432,0.7669641190079982,0.7462680063609678,0.7926556089698618,0.7722808245567374,0.7562364446657699,0.40394664169158545,0.40157222242778734,0.4018471190578009,0.4557642664086978,0.5559122248710497,0.4468266241709536,0.47778823183580177,0.759141517679816,0.7522217325261445,0.48632773597289347,0.6226224406798353,0.5600172606424073,0.5527218865580674,0.596758776353458,0.5117790742899277,0.6305968991346993,0.6416830307631847,0.04020266330454625,0.04124829307001887,0.09584928338831622,0.22558077574860014,0.2988612876763239,0.451373312165847,0.5094071663767608,0.5876058703010794,0.6891494687642021,0.7918485108725262,0.8810964260260294,0.9818477152340191,1.0583086327701414,1.124185091522568,1.2040598206588542,1.1820263546188017,0.35823592512052777,-0.2001066801579514,0.10235200332671601,0.3589810150817492,0.5490731410608578,0.6855531016246865,0.7887321265109097,0.8630167284336108,0.9087282378818358,0.8266690272721202,0.9363263776357804,0.9036202986087635,0.8663499450876279,0.8240126525176531,0.7629679796789195,0.6592837715014217,0.6106333319060817,0.5671110837124799,0.724922480412586,0.7673865710897976,0.7450204398993778,0.7358634503529597,0.7155557945865936,0.6789728543222755,0.6360405144077304,0.6074200189349512,0.5546038419873052,0.5273064299144055,0.46439215754350593,0.34595639278609924,0.18407435969071673,0.19119501418052448,0.6172236762706852,0.8436822209248054,0.8987551559753868,0.865350236865001,0.7590778796883177,0.8712956715503253,0.641469615669281,0.7029307292763158,0.0,0.0,0.0,0.0,0.7061822224440661,0.5997121107089538,1.2499474114390732,-0.08096339702556332,0.43474421945862723,0.7502691896245307,0.7586861586442553,0.7209477781910839,0.731152690199675,0.7800367118509464,0.8180740643896085,0.8361720172367924,0.8033011108642132,0.929906834494711,0.8690250906692469,0.8742023550061431,0.8836168850676582,0.8856099424765369,0.8767136365761579,0.8283012049581073,0.344004759160328,0.4047505208221267,0.42426968790087827,0.5709464312641772,0.8317275442131182,1.0357646630350024,1.291152867824032,1.395583875553623,1.444302319738645,0.6765630471529556,1.5155362039061493,1.4650573365917956,1.3821922826355626,1.2091963408113897,1.068040035444168,0.7582804736350613,0.34621227388248527,0.32630709085932474,0.5687272329538947,0.8651708240807723,1.1134629549697652,1.2160100742755036,1.3456882936994772,1.2916728333760317,1.2821926386644154,1.1982659168825611,1.111226918125607,0.9632792802947426,0.8398775319858988,0.7085915114690513,0.589050575616184,0.4676737725047585,0.2896643076868662,0.11679075619080934,0.4138391205681544,0.6393522625866507,0.4720321255709321,0.5213735574781928,0.5243419223117257,0.6219287595642258,0.5687149199878017,0.5959147633403117,0.5599338862524257,0.9229902562217291,0.8228065338884999,0.4446099913742514,0.36853384544483336,0.29438510608277085,0.33070446723412933,0.5911157031308755,1.1942692843321447,1.032804374636057,1.0222767690664418,0.8593974317707889,0.7377695042812176,0.5545601746971043,0.3884857016051071,0.2616524120036505,0.29277394835820325,0.1599277150731857,0.12964446003475882,0.09471936054373853,0.040113608112355426,0.04752374833477091,0.22426827242123998,0.7590695975579489,1.0200246834796909,0.9693419217740902,1.0163024528474276,0.928116975795817,0.7286671095650203,0.5661174202001671,0.44897389704892166,0.9369808641620986,0.21557474056806414,0.13030014872116724,0.0678234802924711,-0.0019497264697179162,-0.04628123312919685,-0.11392352333432354,-0.10589060370983866,0.08915645636350383,0.5186896669896801,0.7534604137930452,0.7624257086441816,0.8065524480157324,0.7872819722409523,0.6869663108967017,0.6407320908800973,0.5661023721505563,0.547476534208666,0.4710047546405509,0.42186489820691686,0.40111744491577506,0.3295021133539705,0.311536879910576,0.32321463896028396,0.4314446648740192,0.5737524212272122,0.7521064363534127,0.0,0.0,0.0,0.0,0.0
2025-06-01 17:56:58.410,0,0.0,0.0,0.0,0.0,0.0,0.0,1.2254044867523344,0.7394507686974244,0.3612003719668956,0.046559003883714145,-0.0941893372360304,-0.03118327699961876,0.12927322319505852,0.2609029463730741,0.3932125387514577,0.5168096485076858,0.6644523948787899,0.8171593189131513,0.8800192709893575,0.9424152885370821,1.029487691848756,1.1213804842815112,0.9596889878303287,0.6089211482096852,0.33137489694720257,0.2178991603558914,0.29314304326266827,0.3663144771759892,0.4453645786819289,0.6069255927575583,0.7395350065614972,0.8364720685929186,0.7649565578181039,0.9873375766411226,1.0064343985628255,1.0379714676953125,1.1308008436109542,1.3135618244836489,0.963103118655191,0.40491757173364684,0.18513221228809962,0.22295608101077513,0.27763384930783297,0.4914063565151845,0.5139825559273534,0.5582810853584044,0.6367078195415699,0.7178085253161475,0.6939474896748807,0.7545632181777623,0.7217046994515669,0.7411380881664451,0.7055772447522181,0.6882896711568891,0.4228752303659087,0.45220134827064185,0.4720433568262964,0.5198116176274392,0.5984160505569189,0.41144886388506935,0.493554610696309,0.6149233272728734,0.6569609444349821,0.505603771691318,0.7294044904474875,0.39849466588149196,0.5310329096092625,0.4676729389023022,0.6686065800061108,0.6427642237816291,0.5464763125140291,0.04971123705064601,0.1025595067323739,0.1656690717418241,0.27252093493945506,0.33290737975548335,0.47098949890204644,0.5291172123676711,0.5931360573984514,0.7023980565407508,0.8001142712705571,0.8756714497332103,0.9661704438890694,1.0450885948524637,1.1003781371368957,1.1658899338617315,1.1185432357280847,0.30981532353476926,-0.14021820796803797,0.1736940427825402,0.40737614502567654,0.5934336078084688,0.7121135559753973,0.8080333953764733,0.8718259615247916,0.9142756189223247,0.8806935139649765,0.9298308829600466,0.8929029749505611,0.8521195544990631,0.8078815341071554,0.7320528575270369,0.6341247399776309,0.6210190025519526,0.6017440761458274,0.7629037781713768,0.7983798305233327,0.7576442281237472,0.747780361924369,0.7180392147321952,0.6820347631263677,0.6390836319505036,0.6022049286203819,0.5545590691481459,0.5213025163228528,0.4538369170293792,0.33374418515715487,0.1749180860214118,0.1813724307130053,0.6152647505515344,0.8362434951256675,0.8953203691480403,0.8614232548260092,0.670316900046583,0.7738882079062666,0.38655266517960335,0.6131455944057622,0.0,0.0,0.0,0.0,0.7331393511464004,0.5255908914632939,1.1730315761973604,-0.09655158666228858,0.41291766138142977,0.7329901698470477,0.7443081002750433,0.7011699514154425,0.7128233446887735,0.7691615757418424,0.8107396151454229,0.8293004458279589,0.808714419661384,0.9365167082940986,0.8837357401595334,0.8895666024124262,0.9040110576666578,0.9118995296439218,0.9162568762870571,0.8860322215713576,0.3497699666967196,0.37648654329180387,0.3826922792262495,0.5336386360795347,0.7880932036220833,1.0116317974823121,1.2706187498300139,1.3877493753059185,1.4442379891224364,0.6885527935252311,1.541633385878419,1.4977267823648712,1.4279963963436393,1.2549843352742145,1.1202262872862496,0.826937301750385,0.37358826605928613,0.2367200618460913,0.47609188177891937,0.7837381473993805,1.0437887625679032,1.1566015464192463,1.30496488479861,1.269997520466035,1.2701159578272079,1.2035209485585612,1.1287482659963066,0.9849746354150598,0.8725263127416766,0.7472203322247892,0.6289845807656272,0.514925828981939,0.3502915794470605,0.11973710950465383,0.2989365444917266,0.5365877952768309,0.5311408392980553,0.5309073119977804,0.6108695647291719,0.6805462729263815,0.5156497068692725,0.5481059758053742,0.694339118455954,0.9810236894802233,0.9530962942228381,0.44310180135294974,0.46207227308590515,0.34428261394760534,0.3804044919999762,0.5805738395646363,1.1028942737150829,0.9411641488713329,0.9243699267708153,0.7834457912568069,0.6701529528599364,0.5163656636671865,0.3859630981714117,0.2703650572562972,0.30289876964397755,0.19020665011917348,0.16987005233260466,0.15626755862609887,0.0997265034649405,0.09990063253055514,0.2391173945562795,0.7031100336994072,0.947791932911699,0.9149761430416146,0.9381980329920759,0.8520403766867581,0.6766342341577447,0.5347223764894624,0.4447138310531702,0.8100027803170337,0.23701419593549633,0.16356904382969084,0.10822117398535092,0.04909108841485732,0.016631633398910384,-0.036597586730967024,-0.059635124309036724,0.0876027616587921,0.3950261086358795,0.6700975164822582,0.6937731030255551,0.7335483015421642,0.7192934021625406,0.6416130997971843,0.6223926475760442,0.5614075473164974,0.5445108184844671,0.48966664448452346,0.4578568779674397,0.45026621621116547,0.39695715909982277,0.3760142081228164,0.3699318072822631,0.4381860129707539,0.49789963787501124,0.6338367955011255,0.0,0.0,0.0,0.0,0.0
2025-06-01 17:56:58.413,0,0.0,0.0,0.0,0.0,0.0,0.0,1.2306840237591834,0.7452255693109424,0.36700689725948443,0.047517432822803185,-0.07687333793704398,-0.026182864186512167,0.12895525760663318,0.2675667386137459,0.39639493610045873,0.5309189896263873,0.6613656720676733,0.8045283828550432,0.8784767289557112,0.9441207039090139,1.0295259826058825,1.116124271728936,0.9549538810773164,0.6043913872836473,0.3309449883692869,0.23395789195216488,0.2913777192628475,0.3690577239864725,0.4524026896985771,0.6148717565087352,0.7436695131211926,0.8364206983455402,0.5842130112429629,0.9753353630777569,1.0218065028183494,1.052738273723349,1.1132722294453874,1.2939199547204514,0.9619027967568805,0.38847927247698844,0.17220596932471222,0.2146362108640214,0.2706906154096458,0.47898124786767005,0.5163227288337524,0.5673691081308334,0.6302780799417245,0.7054919745611585,0.6723218571638478,0.7419389977006018,0.7338562048983083,0.71344575910794,0.685281019049468,0.6787931118568546,0.4693329141800555,0.43902094189889396,0.4552170831184611,0.5188398668050314,0.5673004300200628,0.4200455566236147,0.6186130708659441,0.40623630525719184,0.7258654339695453,0.5547453370149442,0.8115701176832038,0.4519478213700472,0.6478837920179825,0.44209239894388386,0.6881939018554443,0.53889083301924,0.5790169866427795,0.05587520698152895,0.08203024047428287,0.14537978277752384,0.25660857422998085,0.31811352648822333,0.4462563002156521,0.5177966748668681,0.5879341745203932,0.7009921424305956,0.8094732926041546,0.8806611925784886,0.9712750666415751,1.0503842876426055,1.1074795177294239,1.1770013325932371,1.148884051723413,0.3204745450373325,-0.16386552466781612,0.1577470687257816,0.39147364752924263,0.5857415786080293,0.7100215465799651,0.8085006497560592,0.866789040661093,0.9150382078366308,0.9512233762889548,0.9304674655489948,0.8950213165840045,0.853676166617027,0.8182452378944186,0.730295951752377,0.6350375143960214,0.6126401374171933,0.5935784426765937,0.7513623070730469,0.7980672960053601,0.7567144095297265,0.7504805096126177,0.7171103085535169,0.6795509201465442,0.639342341286796,0.599693818839603,0.5598097630399781,0.5239553518165825,0.4482827826651501,0.3304596240884049,0.16773632688930618,0.16457341410589693,0.6022776049307557,0.8324367412358362,0.8935856716248585,0.8585527863405984,0.42734622840333064,0.7694924642697822,0.36010089820081065,0.5473611746453467,0.0,0.0,0.0,0.0,0.6962873830988645,0.48210758555651384,1.123582203273671,-0.08361026799294802,0.4153186922375341,0.7255618804282219,0.741725030972223,0.699011909366075,0.710400595843542,0.7747846970140564,0.8194379686870605,0.8346386477492787,0.8142118063826942,0.9474795499778241,0.8966575418944447,0.9020788699588969,0.9151634757167422,0.925790845157016,0.9389285005084713,0.929339223473272,0.35980813768443765,0.37633507599090943,0.38099753061812947,0.5298289620865873,0.7873626047583306,1.0187695531125804,1.2714917827345582,1.3876827821252775,1.4545851795304048,0.6700811424734507,1.5560902282548486,1.510271396479756,1.4405162051804357,1.2688680540338035,1.1274815009565309,0.8435860160925223,0.40007045093886645,0.23503961788385708,0.47689422473066256,0.7809483338996965,1.0440152724397498,1.1591006135720499,1.309359509745625,1.2745921998449143,1.2707610499325184,1.2101423386543009,1.1304196926118286,0.9952287417045461,0.8787991140365062,0.7518080675099732,0.6326794563997317,0.5202665251012696,0.3586865167632489,0.14869205305075608,0.2963862313182317,0.5258082766588016,0.6320926786890125,0.5850068197978032,0.5651809736627184,0.5680750105489146,0.5269970671845843,0.6144786386339138,0.5976704744837815,0.8487498213426725,0.957236188424407,0.4008388141273761,0.47984757903051156,0.34779290019675396,0.3885522669380104,0.5824693746424278,1.0875023474408865,0.9370612745107669,0.9128436746934779,0.7774115224623279,0.6632196287989365,0.5243623341086243,0.39305186493659683,0.2820086024812023,0.2918799221527879,0.209773331824346,0.19265461202317047,0.1516423795901103,0.10733804467030172,0.09318556438485592,0.2256299223183194,0.7210552660310872,0.9443288670005354,0.9137447592160373,0.9238819392935219,0.8442541459809061,0.6603447939903702,0.5198626374175206,0.42504204667655876,0.6392423487004922,0.23404094837198097,0.16702981202774914,0.11034162948696835,0.05184561763230067,0.02648423224018215,-0.023766664599557563,-0.03989108667939162,0.10971645782143258,0.385603660278779,0.6681509392280187,0.6918897208549256,0.7226025791995367,0.7262964062485229,0.6499046747396982,0.6290783193940661,0.5660618316266897,0.5445134855304377,0.48729340266210874,0.45624044605227154,0.4509512887245022,0.39659066590857794,0.3891430348711512,0.37816733127998275,0.4655143004031307,0.5266251203371975,0.6477857971843504,0.0,0.0,0.0,0.0,0.0
2025-06-01 17:56:58.418,0,0.0,0.0,0.0,0.0,0.0,0.0,1.2780478324149969,0.7907344395073959,0.40907397442492877,0.08678754853037596,-0.06804017887977276,-0.053325453209718265,0.10597047312516705,0.24959516780879665,0.37827976792147566,0.5291756193396389,0.6509202472412356,0.7975916681299849,0.8918702432628378,0.9510734201397181,1.0437079100846383,1.1459626660002993,0.984322693752469,0.6153085379926069,0.33218982223094695,0.2179218971778335,0.24655798161339182,0.3353643679479259,0.4363122680365894,0.608623296172061,0.734874921505958,0.8310935746361936,0.7250166922991078,0.9714710492366859,1.0439072122525614,1.0767804499474691,1.1259010203383089,1.3385498449978352,1.036207730186658,0.410136418969245,0.16235932295419642,0.18172802792124654,0.22910583170075127,0.42644622661635245,0.4933325891461817,0.5674108098758397,0.6166282985345413,0.7046668406368111,0.6894628513201413,0.7557138973968817,0.7372631349724127,0.7086262054462384,0.6832061046624214,0.7034067140940099,0.5039233760534979,0.42493439397045607,0.4089227877618692,0.4890698775588467,0.5187442786730654,0.5504310403916435,0.6680925773348572,0.45044688263827043,0.6490421603468449,0.5922076389526229,0.7876389012045284,0.46439764579873866,0.70859367162683,0.3147256573410391,0.6450499706159246,0.49918847343993045,0.6569764784419116,0.0671375544253309,0.0361167615538136,0.08963420071320649,0.21439458993475435,0.29916611733780973,0.4258582896041305,0.5096445249657018,0.5852744518654089,0.6961158577104567,0.8236862410220092,0.8971478378148143,0.9876300573180271,1.073684804017831,1.1398082512118737,1.212842998827329,1.2068512673895648,0.35317173024564846,-0.24084239020798992,0.09732210313841638,0.34672580375660833,0.5508496603640125,0.702802670133678,0.8098034801818139,0.8612430622028819,0.9255729011845857,0.8226648461544892,0.9448014638288396,0.9126557922380844,0.8761257030673634,0.8519792490856394,0.7624365130231536,0.6570182717432409,0.5847277788431483,0.5459983904810705,0.7044266370996612,0.7751613793564236,0.744709864367991,0.747328567025406,0.719465476406917,0.6840124266060696,0.6498672961333767,0.6120123192307965,0.5807514604771693,0.548362354479438,0.4749630170446846,0.3620739100109528,0.18090377300677152,0.15279511864088635,0.5764223623600888,0.8181789336995451,0.8877633678309902,0.8516885211261107,0.2921129938048414,0.7787956279851911,0.23245332467162377,0.6322251614177992,0.0,0.0,0.0,0.0,0.716938036322992,0.4092113355045071,0.9517900756063747,-0.08450279853641474,0.41352488089402223,0.7206314918462106,0.7367159331793431,0.6988140361011591,0.7144785672561451,0.7892701682376375,0.8312787707473239,0.8524125078945843,0.8269216451347203,0.9681309999465841,0.9167103545011823,0.9165754996312607,0.9287265335935937,0.931769127780355,0.9474722975986536,0.9420003544923601,0.3579102832960575,0.3808883954467418,0.3883171160288539,0.52944119231474,0.7989756722263268,1.042253569834481,1.2876587666999608,1.4002285473495955,1.4693901110925547,0.6800965321804047,1.5599764372587952,1.5181681090591352,1.439038892906668,1.2700339810095542,1.1167915405225308,0.8350235206567708,0.400163499651116,0.25222007149770265,0.49776694710635383,0.8143491872462665,1.0735914427549873,1.1851523397385393,1.3239196366681512,1.2839438141523452,1.2806888452236866,1.2205918138181606,1.1337006347397178,0.9985497428485722,0.8746475804652604,0.7390205883877445,0.6147995418383114,0.5083028439894172,0.34553277414208544,0.17512938862623537,0.3419478032874985,0.5596389927271069,0.6233189046834393,0.49228906793259963,0.4370463581084665,0.5457459965224507,0.655836759116945,0.6960053777270471,0.552171511384304,0.7250094905708548,0.9575212694105858,0.3872856275970875,0.5575347759904099,0.33227952138923506,0.3768174210992918,0.6073799211401708,1.1405333661173203,0.9789619329210459,0.9618018553532303,0.7923026462695866,0.6825090946562293,0.5520452747977633,0.3775018346317507,0.2785357822463659,0.26364460750901575,0.1891524697226903,0.18295178216589658,0.1315573500216105,0.0825501519978179,0.07144471710938427,0.23763410367427856,0.7770367245470713,0.9882714414950631,0.9616517367247124,0.9719167659313163,0.8836351108109517,0.7174219504884372,0.5427383048381935,0.43390147349366104,0.6181349283245248,0.23009539227497977,0.1573199122131943,0.08883498967729486,0.030139195416795883,0.006757879897084762,-0.052580311389741397,-0.041312420843315545,0.16236999448113404,0.466218502302882,0.730407271525894,0.7445516747832724,0.7849217960678152,0.7739906572136581,0.7017263516151337,0.6601878953470899,0.5828655158742193,0.5532474810831791,0.48595106470879523,0.43910108579451834,0.42630768509222206,0.3688899350547882,0.3668072415643647,0.3723434755782305,0.5109769366127495,0.6144620265028354,0.7500562167053104,0.0,0.0,0.0,0.0,0.0
2025-06-01 17:56:58.420,0,0.0,0.0,0.0,0.0,0.0,0.0,1.3093051168813667,0.8093313824898244,0.41441820140385144,0.10784461818446345,-0.06433061291346409,-0.051573120656302374,0.10635082661780693,0.24622939847747505,0.3808435338525701,0.5430704490091476,0.6587012953974898,0.8134580867338536,0.9230842190089001,0.9648523494963387,1.0663881042310077,1.169461690841058,1.0007611947973432,0.6315741580027407,0.34332850868031484,0.21386044614890942,0.23193095154868493,0.3367708620931851,0.43886115738403797,0.6198023363586085,0.7377449251305999,0.8423112744209782,0.8036692109283328,0.9799983392877888,1.0584575004120231,1.0878823120947294,1.1371832596445504,1.370961427983818,1.0846706892262843,0.44169147590677715,0.19757432494644445,0.16620373388900522,0.2358257608485843,0.4241200031362491,0.4934092058039097,0.5762860362674047,0.637887846345536,0.7214734172197288,0.6928937923551368,0.7386165796557317,0.7327545323952914,0.7065612416297691,0.6744665508169068,0.7107148544964275,0.5394019893637855,0.4175458745561901,0.40015582611281064,0.5027097743699809,0.5234713079071889,0.5748925381952801,0.5558806307821621,0.41741942508794877,0.5055952533185544,0.573340619801771,0.8758732979316342,0.44496179308971073,0.7020704262196176,0.28092060225184823,0.6528673440492735,0.471546363702132,0.6494906525874597,0.07113131555724869,0.02028669098571345,0.08604555401914649,0.207496147478905,0.2921312553028024,0.4236166752450903,0.5065213164279789,0.5862597379849388,0.6933556392822893,0.8217040522484316,0.8898547237784995,0.9837641278541366,1.0746598211014369,1.1448428743381904,1.2104506939263842,1.2062975772878777,0.3652841214570837,-0.23520777740061516,0.10549050290988649,0.33643015785200747,0.5521911540840334,0.7046346057164579,0.8087452498551295,0.8558199866823402,0.9289805323068718,0.6890028610405752,0.940792455915952,0.9065152094150598,0.8760093363677005,0.8526397692543147,0.7644408877119033,0.6619748843474471,0.6022263333404593,0.561294979050316,0.7212987812929539,0.784646042652372,0.7594894059204209,0.7513976572174303,0.7229824607596238,0.6875383601875487,0.6505779685267912,0.6055358954689822,0.5796309942752369,0.5458291691807438,0.4712504978391332,0.3590498176284479,0.16979369050651916,0.16113786387849804,0.5939938153186782,0.8369114849173086,0.8993700627505703,0.8524981701439089,0.1800586080179407,0.7621602415122526,0.1061845065394404,0.6753510906814864,0.0,0.0,0.0,0.0,0.7426655334059915,0.36771016621630553,0.8492487497550166,-0.06221649708038696,0.4386002321557872,0.7331555508351986,0.738722787685324,0.6975065517700171,0.7046290174283873,0.7824087862479321,0.8153774894597006,0.8320621218452939,0.800514299201855,0.9397319705931997,0.8896905637520338,0.8875311676653268,0.9008413499255836,0.9043712932522889,0.9177480156216578,0.9007817674431902,0.36516931489578747,0.3947165713524121,0.3988546482586417,0.5316186297187193,0.8007708257046191,1.0410234652731112,1.27264165625766,1.3799729241261425,1.4411820324708808,0.6074224782287556,1.5342819168242103,1.48695487089149,1.4132136940435334,1.2433618405716085,1.0881517004904242,0.8091120187481321,0.37447999745932536,0.2671164677684289,0.5159137098681464,0.8324651785514368,1.0769253430764039,1.1813073765457578,1.3023270276005285,1.2660652018231116,1.2605780345622724,1.1978660197072815,1.1072998887025007,0.9739018307419681,0.8429796395218679,0.7154029269902249,0.5887928446394121,0.48905553454277406,0.32039607671601145,0.18816920003243565,0.37103302239134406,0.5891910390693017,0.6076929619184507,0.5866069731231475,0.4631948156889599,0.5522876079196474,0.6542803273382767,0.6505423851197601,0.5276586336781304,0.6305465056441113,0.9017954839658285,0.42746114020845105,0.547752809366834,0.3052575091018949,0.35620684810219455,0.6090592179920011,1.1731324989331449,1.0113453436571715,0.9768765285479052,0.7656887322145143,0.6631662699185032,0.5467051776310234,0.3535880243935785,0.24572259298782329,0.21963747177793724,0.15281369033306036,0.13687118152421607,0.10262119191945951,0.028407845964877,0.04270103309350404,0.23534505638342712,0.7945636259451623,1.0015266306683008,0.9784908383286035,0.976532929239999,0.8851503008353225,0.7124466855549274,0.5260228833122127,0.410064037474849,0.5901330086534103,0.20613295849191715,0.12300689253078168,0.04575607950749294,0.001885752236651439,-0.021779975451706846,-0.08119947411610973,-0.057168831512747875,0.18986469237271636,0.512865591955008,0.7473498792971265,0.7642431142122731,0.7825707790010343,0.7755476193339108,0.6896753032023044,0.6420044072060969,0.5639269171787935,0.5358982895731883,0.4590909869096722,0.4040998685317805,0.3932372272486775,0.34046128465501024,0.34417114481537414,0.3623268794325099,0.5342533188801446,0.6533546508752076,0.7880032989733659,0.0,0.0,0.0,0.0,0.0
2025-06-01 17:56:58.422,0,0.0,0.0,0.0,0.0,0.0,0.0,1.336022751122819,0.8379660424503592,0.41938968591423886,0.10185413257578302,-0.067186826747477,-0.048284639027116216,0.10659361142497847,0.2462428717321108,0.3854865944497171,0.5620443294548969,0.6786112537902602,0.8358981571461216,0.9502188966826985,0.9881229747114567,1.0981439360797052,1.2075662408854004,1.0283450111248782,0.6381708956880983,0.328312775373128,0.19707534942301363,0.22385708410447558,0.3362719524221127,0.4465082446831976,0.6304341492090726,0.7547908302686142,0.8650551955096579,0.7020647989689691,1.0127601777282722,1.0933220270328428,1.1100097733064405,1.175898816897171,1.4201095770669419,1.1010390446084013,0.43629741364740937,0.1822924333839312,0.13886185569606102,0.23342512623150058,0.43164609261413767,0.503850590322626,0.5812715815620082,0.6405526145802294,0.7562720547480051,0.7011030213014369,0.7497982688943537,0.7578869439463339,0.7092522615942416,0.6990665889563501,0.7468474306052604,0.5350551980922785,0.3761948165646493,0.36226153897610325,0.4745086790810735,0.5075501852433053,0.4696391141989838,0.5187311657602992,0.4510751759866711,0.5376434715834967,0.5574138804610344,1.0057067199412806,0.4974350048662993,0.7203368880412737,0.3932106742338275,0.5523001047399837,0.38798256114286567,0.6590656577991054,0.05358375930494111,-0.01492845793444686,0.058924035125865526,0.2102811266747644,0.28115664484580605,0.40666364011031986,0.49902999878773247,0.5885461980206486,0.7037081383952071,0.8183098651419647,0.8872099419975916,0.9897910078997886,1.0842863046450177,1.1607603800759425,1.2217501428511648,1.23898366876921,0.39207830523641346,-0.2501322184371779,0.08351250781635189,0.32361785088582606,0.5362022374746027,0.6965069044425465,0.8004331475922499,0.8565094840866037,0.9284607923165316,0.7063841220374818,0.9427136132959404,0.9175814050016896,0.8845116461000849,0.8616588948256666,0.7848642883449155,0.6840516448806837,0.6094233513962996,0.5565329579321018,0.7129368128694415,0.78314081205403,0.7637544941420542,0.7506754317669457,0.7247976146757695,0.6873564925163702,0.6588242450942363,0.6081243694069984,0.5891384765051619,0.5470791962414838,0.47807950000785193,0.3644434624171454,0.1762849216911223,0.17619866987907362,0.5919954719683904,0.8497729441833264,0.9050961046856885,0.8520802299216717,0.17027879410170743,0.7252095032237493,0.07197103864203458,0.6992887700090067,0.0,0.0,0.0,0.0,0.6563020577838046,0.31318765948281097,0.7770850562179247,-0.04694015394950479,0.44594578896826004,0.7386591630275463,0.7401168678972945,0.7038473256051995,0.7027891040653311,0.7848091947755125,0.8152276466062807,0.8393840601066351,0.8058984730193703,0.9379705239834886,0.8836255640118638,0.8770015155427029,0.8956722316698968,0.8920805249066572,0.8967279435567721,0.8711412056729115,0.35718854629231944,0.39906584407565715,0.4022551162754717,0.5459200011903473,0.813528389003485,1.0530678447003523,1.2819407371406162,1.395756298155493,1.4343392879780417,0.6269908473229175,1.5284127534139276,1.4819299626726394,1.4000197599151878,1.2222053725798414,1.0705592578470482,0.7916366653743855,0.3417612485750945,0.2721942793356741,0.5397387303440438,0.8644950900537449,1.0929952989268963,1.2001279073697788,1.3170680881249872,1.2751442356998897,1.2692148215058623,1.1936344666156375,1.1134498722713069,0.9646377831493277,0.8278441733856085,0.6986637871893382,0.5781727323095264,0.47811655948952425,0.303401947287125,0.17591563424813073,0.41215063384778006,0.6321782265503092,0.6745001782615467,0.6206876424226664,0.4990031418940861,0.6064973783473608,0.6525362441130749,0.6946833697580902,0.5340841519459656,0.5643562489750287,0.7563755249229602,0.5776418192673229,0.5276296296536093,0.2911036385845586,0.3410690160295143,0.6173947698751933,1.2121170333125066,1.0574552332391796,1.0143652919576351,0.7680334303002361,0.6732918547011637,0.5841780604982598,0.36583120234311717,0.2529692165429911,0.21793412994200145,0.15087001459325666,0.12396652455778745,0.0756477950213108,0.002899747287334664,0.044986177952748174,0.23419314326167523,0.8387948564545906,1.0235873853204842,1.0011769066966825,1.0065292925295264,0.9215275330979178,0.7343585389572387,0.5409108176377548,0.414076841519069,0.7168447616436355,0.20071363780834695,0.11388149473217868,0.02759803331952404,-0.006036885567734518,-0.0399050594308219,-0.09837681790444419,-0.08149117720662952,0.1956237182701583,0.5604892074168824,0.7697737614520137,0.7959224647931774,0.8078105084585574,0.8127247703829497,0.7069651129782457,0.6518760630789724,0.5743126977430479,0.5544574366316672,0.4598621238922229,0.4042792298014082,0.3902755831892486,0.33399911932496795,0.32324823790746515,0.35233799413877714,0.5438624871494633,0.6695387379997689,0.8113111455913669,0.0,0.0,0.0,0.0,0.0
2025-06-01 17:56:58.428,0,0.0,0.0,0.0,0.0,0.0,0.0,1.3778628151591121,0.8959729340770595,0.4625116048046619,0.11364290894482676,-0.08104461020220144,-0.07268896511088774,0.08299049652425239,0.22874058198565517,0.374604805208281,0.5562484316057668,0.6875025287533365,0.849766045658204,0.9660265259256753,0.9986619445362496,1.1251703413281526,1.2456468086177774,1.076227201084302,0.6569074997801436,0.30417194133346603,0.16182817495504642,0.20127895888650849,0.3200086939703495,0.43786579775801626,0.624435568736526,0.7584257057981214,0.8736417540472814,0.6547212849027992,1.0369355153865896,1.1262483971440325,1.137841827430245,1.2038935715905346,1.4974987511044229,1.1587324634559066,0.43054059879505036,0.14521326072800234,0.13587979839300202,0.2361902275327945,0.4407853760281637,0.5197884876891634,0.5706128056688029,0.6304494781071914,0.7880981761661263,0.7238372389390402,0.7839293749382282,0.77548508729297,0.7356862365641275,0.7375336194909894,0.7921947966589655,0.4760483279772091,0.3269614967586186,0.3167923852986618,0.42875352052578464,0.4824029323807175,0.4419904136565194,0.6135975936056343,0.4701627426509751,0.5005341569203245,0.6790542807946791,0.9755502986674942,0.625761838942701,0.8150787829035815,0.5384682347981975,0.506621647841403,0.4139116617998462,0.7396155509432001,0.0508816800380148,-0.06095415504759272,0.012584703571471456,0.18032183013648373,0.2537549561976693,0.3880814696239978,0.48928967357192765,0.5820849175237097,0.7018209297612552,0.8183271617575891,0.8988730263526963,1.0084711815117529,1.1024172041630784,1.1930616129182894,1.2569115632556227,1.3019902548431437,0.4187519945210764,-0.2965077082286961,0.030883546142749463,0.2903203400011902,0.5056739470731892,0.6891484650803625,0.793112129593696,0.8557030469490372,0.9303856108448667,0.8203512883260264,0.9580389174933515,0.9336170473891715,0.9033499660972645,0.8840989095624266,0.8111155927573102,0.704835039983828,0.5843056502938686,0.5251829827542301,0.6781236299407842,0.758991674640056,0.7563587939767278,0.7371545826318642,0.7263676591988188,0.6898124022693595,0.6676612344862531,0.6178383798910785,0.5950027214808433,0.5578393595185231,0.4906743560967304,0.3798638166139673,0.18765738823738143,0.16905339287424753,0.5732934443134312,0.8492195207766651,0.9059109585005471,0.8508742693771831,0.3538492335590276,0.6647163471897997,0.22379253507773406,0.6215834161027315,0.0,0.0,0.0,0.0,0.5175420805102469,0.3740279110860785,0.6276624144809739,-0.03790489013154669,0.4441977889314233,0.742790231431769,0.745482531676021,0.7134510112038636,0.7108481634312305,0.7995193080443441,0.8318242516349303,0.8672909725398488,0.8203790976647896,0.9494159613337008,0.9007986878280252,0.8783838225598608,0.901860383196226,0.8833853442027719,0.884003483590533,0.8391462401223437,0.3378568840328441,0.4125179849472518,0.4321172320710751,0.5738333971196246,0.8476931425454504,1.0918224816792197,1.3164404410087487,1.4293235011656467,1.4591516670790063,0.7725395987503905,1.5358666694719614,1.4808633175564734,1.3828992979860495,1.2058886510974838,1.0444954416297336,0.7475911297631606,0.2942463208152324,0.30201964274862503,0.6007663568608813,0.9213415373616212,1.1501907394256508,1.2511536312824971,1.3660833186149204,1.3090955140484606,1.3017466318678124,1.2086014683999582,1.1165198607710827,0.9626023174990809,0.8141307145824032,0.6824762529014285,0.5610942810639562,0.44724998177925746,0.2649041269999764,0.15474803127705608,0.4992641987438281,0.7116085513962359,0.6747042392463295,0.6494457783439627,0.5440000452302556,0.6046787288635433,0.7284801298834527,0.6889878720110918,0.4014988714615226,0.4910265283989303,0.7106046790458265,0.607519921027984,0.49819502206316446,0.2651664302001861,0.3197305310434602,0.6373491756787747,1.301651129736797,1.1381377758860631,1.0867441181962434,0.8205078409500015,0.7158382666427803,0.612979761150076,0.3776913866465146,0.25541911878335455,0.2005017376864775,0.129096917685539,0.09456284255223668,0.04081137949026836,-0.04043232924461593,0.030888133194928447,0.2585179411827359,0.9301933994280533,1.1009376393374137,1.0600926138646682,1.0823676723695423,0.9867199460624001,0.7845149338157564,0.5726083331128728,0.41715318827783965,0.9445114974612129,0.17834961674181016,0.08400090221510226,-0.00677283254719363,-0.05625841517854269,-0.10266409040652036,-0.15872722703918346,-0.12070115016239186,0.22547099203104087,0.6939102283907588,0.8524972877304833,0.8680457068928417,0.8895472698342575,0.8815956842131705,0.7587604727370225,0.6688447034242633,0.5752357530058283,0.5527113233536991,0.4304741379397925,0.3636542938383778,0.3400797961699411,0.2706481772365915,0.2617493798189702,0.31779873844788303,0.5727101447247376,0.755324020531786,0.9314093794493936,0.0,0.0,0.0,0.0,0.0
2025-06-01 17:56:58.432,0,0.0,0.0,0.0,0.0,0.0,0.0,1.351791066796455,0.887323271977843,0.4434658715132639,0.11919874609469083,-0.07049539079048084,-0.05237953529183326,0.10179970574093045,0.2416353800330544,0.38845623606720514,0.5575438305495146,0.6990523051748898,0.8510895458461164,0.9598114556322215,0.985679334948408,1.098510076490712,1.220218225249733,1.0701614098124843,0.6766232273805002,0.32799697565280295,0.19130789697815864,0.2413886289748277,0.34759626471394744,0.4585410593157919,0.630268081974785,0.7601052607315393,0.8709640373245617,0.7021331060089295,1.0207943952934464,1.0964482055300129,1.105367844156534,1.161979891177513,1.4440572291762077,1.078380958397878,0.4224042835409244,0.17065541499775982,0.18392484744988358,0.28686525000774843,0.459757461603282,0.5186106161073039,0.5636734847918698,0.6380143478314757,0.770067680247533,0.7226743914706009,0.7771411471172444,0.759632048541239,0.7153676546994787,0.716231636698355,0.7468757938444572,0.4114197349722274,0.3221273037839012,0.3541387077279421,0.43415340164657734,0.4987981611115615,0.39771793447560216,0.5586542463790356,0.4355016331419132,0.367497301929939,0.6547245355953516,0.9423364704130683,0.6206165584016847,0.8912854423641585,0.6495876734825278,0.5652350705789733,0.4987402747898435,0.7335427674550226,0.07172014359768722,-0.03764799023121712,0.03160197634913353,0.19003455787795254,0.257325278291338,0.40251849828355657,0.4974227814823773,0.581212763720288,0.6942356682987718,0.8120784342214138,0.8908380083417629,0.9970559140478846,1.0887150319458734,1.1799774277847423,1.2365371032267487,1.2634586606368223,0.3918043101009954,-0.26778078828666363,0.045628497288962455,0.3101566036264767,0.516499918757104,0.6956884281036908,0.7959958945882644,0.8538962271729424,0.9306103436091335,0.8296519941213008,0.9504994925906269,0.9212379554560916,0.895337927053388,0.8654141212729188,0.7965964976122277,0.6858103493605963,0.5747083571395379,0.5382792446531383,0.6936586278554309,0.7538094872591048,0.7652154306379046,0.7288998822683277,0.7143110441902971,0.6899262174041016,0.6533100659226128,0.6102090988540829,0.5766738504594213,0.5427937797508589,0.46927713656360504,0.3612710172855985,0.16946333283248094,0.15176902881014925,0.5677192457671668,0.8513942374969463,0.8965708700926047,0.844008630931947,0.5937484247609786,0.5294112146508763,0.3661464065060637,0.5679891854603725,0.0,0.0,0.0,0.0,0.363084954028715,0.4083161901815268,0.5549406154462114,-0.014427763142742522,0.4390531371019694,0.7356804713357376,0.739543394151807,0.697656629527656,0.6900671802569376,0.7738949807732978,0.8086412092969053,0.8512023587669622,0.805918809342911,0.936222664283612,0.904109293770107,0.8775436518909803,0.9108585968227456,0.8947970374297531,0.8998730768478853,0.8726880418778675,0.3485493866421573,0.39903236660622243,0.4179491658124017,0.5474154754395164,0.8212544314209385,1.0678581208515738,1.288354124126594,1.4130714606325239,1.446121504890676,0.7784052115601516,1.5360809943670328,1.484785478792682,1.3958582198335623,1.2206739544002305,1.0685360235981474,0.7800703260495577,0.32626126171106234,0.25999855519191095,0.5584303059555852,0.8673819497000073,1.1157819644419238,1.2131394202995824,1.332264654040539,1.2883059855855132,1.2802821507671251,1.2044957090193322,1.1113103353727696,0.972828810437936,0.8214352904465875,0.6986512525745339,0.5767973097790315,0.4672984818148398,0.29231759280151526,0.1504368612658199,0.4400565280337201,0.6628200896126565,0.5863835185110964,0.7276418603146074,0.5903122658694762,0.5765646851797398,0.711457833285781,0.633358889022306,0.5690704227411298,0.5159332521371627,0.6061819190372686,0.6413232135856665,0.46347034148522326,0.2847555914211087,0.340602472413612,0.6304565091926535,1.2557603569573255,1.0914349434646473,1.0344185813877425,0.7924806944333509,0.6882318895642656,0.5720214008532576,0.3619630625006298,0.2321171606420127,0.195658906788988,0.13361314150370696,0.09664328966978553,0.06717102409787423,-0.024339461608981372,0.06155767253180566,0.2801457667473724,0.914366563283278,1.0806900089140787,1.0214337757486218,1.0478031905775667,0.9494458917160118,0.7653860230563541,0.5502892506146806,0.4057362430738569,1.0321087505690771,0.17550588505166398,0.08073415534787864,0.0027064029614527474,-0.04751898825746803,-0.08394127552003527,-0.13937601129765298,-0.09798771105420767,0.2178439352081321,0.6646514685069773,0.809862115376575,0.844281625001002,0.866675288810804,0.8278913773494896,0.7282723216418856,0.6347182749378086,0.5713929585078861,0.5344530085923405,0.4256790772929522,0.36356931730185704,0.3432708069003838,0.28073225939712676,0.27218627889934144,0.3361142167374021,0.5608593565318857,0.7342668222568883,0.8864850074604784,0.0,0.0,0.0,0.0,0.0
2025-06-01 17:56:58.436,0,0.0,0.0,0.0,0.0,0.0,0.0,1.3116636172760536,0.8575995841713628,0.41813752735172194,0.11783602414635064,-0.05202317143390833,-0.01281004863372237,0.1289063870321775,0.26000412797491834,0.40294170116195727,0.5551312136476017,0.7033898409547874,0.8485444801344132,0.9413165031576967,0.96311950923345,1.0671417734276032,1.182551823587331,1.0389355326261416,0.6824466516495769,0.36780789024591587,0.23681002179676713,0.2950923957128113,0.3811478415392171,0.4920847286577412,0.6416671270191012,0.7713489668991718,0.8823278578796492,0.5976397808016324,1.0080792413510267,1.0727669652367757,1.0753906017893258,1.1260742202012464,1.3638685357278457,0.9847714323251964,0.4106639965399871,0.19137296693543238,0.22724209830957376,0.31916733188167057,0.4808133269001491,0.5364272550602247,0.587325793111193,0.6690206506451102,0.7596994216114956,0.6891426706066062,0.7497666542281484,0.7554012869973835,0.6936378522351894,0.6982264973127239,0.6830961470702093,0.3542119491935299,0.3241187798251314,0.4156547959149607,0.4642322249829942,0.5257475118286452,0.29783546790332344,0.5139145943308978,0.38443619754757413,0.34657644948456634,0.6120929629500257,0.9522691407570836,0.6539342965917149,0.7734162545246368,0.8020874581314809,0.5684479992709911,0.47288822668168684,0.6947497925540544,0.08558559432924287,0.01566696108030119,0.06101219504995159,0.2246417366201967,0.27461906419134463,0.41850348563941786,0.5095459519574679,0.5950841826524413,0.7009903558282384,0.8138670958074072,0.8854524842041573,0.9918011865274102,1.081324275220707,1.1739698972744337,1.211896372446302,1.2272876725005606,0.35771300486576624,-0.23227051867375859,0.0773369247779887,0.33807506259207787,0.5436401705373586,0.7058511869659174,0.8051532997827464,0.8676605109585402,0.9331596341590103,0.881715309840809,0.9481550815944366,0.9151172890161351,0.894823013378291,0.8445506965447028,0.7826780906661903,0.6691884878740464,0.5710465988277895,0.5544440431181527,0.7228971496101391,0.7629169012015857,0.7811272947568979,0.728385582192111,0.7135613920877049,0.6942796971771723,0.6443092446532475,0.6049840801759032,0.5703643559120264,0.5263243157306841,0.4446082805266216,0.33908719124905795,0.1539893612772396,0.14327961939774014,0.5756789830764774,0.8587927379958211,0.8947208984513648,0.8435527575043693,0.7520568924292992,0.43805477383227814,0.5350674214315045,0.45505628007408383,0.0,0.0,0.0,0.0,0.3351738447383974,0.44174488566851083,0.5544322783314491,0.0019221357395922123,0.43547224665921297,0.7284344403619942,0.7310994395405026,0.6849184064573292,0.6662860283485679,0.738903359992533,0.7869788372854312,0.8281280457684392,0.7959639760368105,0.9280721259879652,0.8983108559259647,0.8847878801240108,0.9255009018311506,0.9136096860709177,0.9168897390378337,0.9055683200859264,0.3550385461107799,0.37386064544850006,0.3962562551033897,0.5303975012032345,0.7965896047598775,1.035670298486722,1.267046892940567,1.406853429811952,1.438990123240959,0.7629820394489195,1.545184676698653,1.497652163753823,1.4180032794441038,1.2312546842231966,1.0955751196262518,0.808769965648746,0.35917951566527045,0.22919940528799587,0.5231404895934278,0.8180912559067677,1.073813406096669,1.1801714013836746,1.31485062670254,1.2837774990454738,1.2635027139538346,1.1994788511781982,1.1206046777349443,0.984816449531798,0.8359950773251198,0.7194952357336213,0.6000718352800875,0.4918669780226592,0.3239454127676391,0.15521876307236857,0.3774388521559172,0.6206990420055042,0.7676436714562139,0.8233216644822556,0.6758555502006417,0.5815370098524599,0.5744827931466407,0.6518282789399669,0.7262046253135888,0.41419160249194803,0.5655916438544553,0.7037950423834227,0.39376795150017685,0.30841594418428914,0.3606104341284177,0.6231896187537467,1.215827064044531,1.0537339427569397,0.9941880197641347,0.7776909213957814,0.6846183996068602,0.538809769662822,0.3599387395117277,0.24853908045390893,0.21896216608364338,0.15502881731469076,0.1137296014821696,0.09723847838101829,0.01101500069570649,0.1029413258118358,0.2944385611220492,0.8783293756392729,1.048946928340479,0.9765249167807661,1.018568330257656,0.9185286210928869,0.7395404831285082,0.5287592284404312,0.4019491819260559,0.9399352264827653,0.19085754187153836,0.09791697809649036,0.029828772330899644,-0.021097671920395356,-0.05357940076051959,-0.10608450276205417,-0.07402938913704121,0.20223042086299609,0.589836472260022,0.7453563072592064,0.8039902876251309,0.8160606904721055,0.7776781718031107,0.6947578291408125,0.6108203510197723,0.5790789354834547,0.5298901297523106,0.4394384729425531,0.38844344928871677,0.36817452676868045,0.3051037317675994,0.28628960031900363,0.35699222031617434,0.5417228238920228,0.69923508050375,0.8323294039321081,0.0,0.0,0.0,0.0,0.0
2025-06-01 17:56:58.441,0,0.0,0.0,0.0,0.0,0.0,0.0,1.342290156790615,0.8854303343949346,0.45801718378550493,0.11876656904953709,-0.06277813201697424,-0.04349484475668641,0.09664097284337714,0.22988460390226217,0.37760105870277416,0.52833325631344,0.6820967136164364,0.836945189046414,0.9286337194747698,0.9581977613525371,1.0782976714496684,1.197844788571702,1.0648514643548,0.7010137580863292,0.3689424773978982,0.2153131653846988,0.2648528442481122,0.34859057896917833,0.47230576987720996,0.6169628572186434,0.7608543917730466,0.8732298658536801,0.6824478051838214,1.0113502243152852,1.0887030972236078,1.0899548797511773,1.1460414010677609,1.4052796244324393,1.047402956908503,0.4335922894917372,0.17147233063281497,0.21882551343656997,0.30685730429612423,0.4591779209214395,0.5193920840352673,0.5789483822709194,0.6754818427078217,0.757584980911828,0.6936672528573411,0.7518321588691396,0.7643731267927131,0.7132873605452223,0.6985772177020358,0.6873410782280349,0.3500020400487614,0.31566368352154517,0.41284427093424614,0.445693919940352,0.5105581084234974,0.31913702227548296,0.4402654110740395,0.46699351030318054,0.529796460086003,0.6680369289558735,0.9493384182051186,0.9562884547502712,0.7147507527613945,0.8866650180576913,0.5321821834414537,0.3925605415020451,0.7383269257218208,0.07979553254919133,0.01512792922895112,0.03781241906301758,0.21217832506754553,0.263679452173905,0.41621637137511014,0.5119960556439731,0.6043984793007631,0.707895081934415,0.8288587171228052,0.9082703750526768,1.0140156961787201,1.105553352466089,1.193960394838196,1.2444009590020055,1.2773339300471682,0.3570611887175121,-0.28681271723053203,0.038540771375818794,0.3126623531120709,0.5296185856126774,0.7029726731381678,0.8101560835001296,0.8802345403020664,0.9407026511885397,0.8679716067416512,0.9677881043906147,0.9388388754441622,0.9165273408132614,0.868918710655881,0.8049363074845195,0.6918746566152176,0.5565766106587361,0.5262957831141307,0.6941305593529745,0.7520148961770168,0.778235879139004,0.7260825434183318,0.7246046114546854,0.700781843566709,0.6560114232862586,0.6199753177015475,0.5844655764553812,0.541328917147867,0.4578933771044462,0.35158190186799876,0.16736120616552974,0.14298092081192015,0.577216034956147,0.8556082457205834,0.8976217710330887,0.8501089967264124,0.8432924969459403,0.474681195077485,0.5895455563477163,0.37483391950131706,0.0,0.0,0.0,0.0,0.4305582593382511,0.39975930307437785,0.5227327742879849,-0.00699654796643967,0.4269428712561643,0.7273673935428927,0.7297393645305863,0.6862107005049577,0.6610091166859964,0.735983761287555,0.7972549611150526,0.8375665624337909,0.8081834873729035,0.9460717067579729,0.9157585892987892,0.9014504970620383,0.9407287917905636,0.921643268150252,0.932423416748936,0.9184878946446873,0.3414016349157076,0.36378852171792964,0.39144676458912153,0.5343176944731254,0.8027073311875903,1.049150964205901,1.2811439256839932,1.419160399940523,1.4554651868082218,0.7619180536426475,1.553172973605054,1.510649503933318,1.4161436038290198,1.22644583718942,1.0925801922329683,0.7849848742871893,0.34797152864483766,0.25515718385688935,0.5423606722905411,0.8412133640607464,1.0937491880517007,1.2009912536160077,1.3377773443146719,1.2958743970622868,1.273026039957803,1.2016649333121494,1.1229478630194554,0.9787089634572642,0.8397010507507129,0.713768737470234,0.5927442359795393,0.4790204572519645,0.3162665572489733,0.17843522664756953,0.4106746160454082,0.6507644299977172,0.9390843763325137,0.8173923166838981,0.8344796425765938,0.6414267089168701,0.6456579232747046,0.815446477210079,0.7068542279099843,0.386982036984218,0.6816564913425864,0.6063452170195216,0.3643876996369526,0.29558707401858325,0.36120038420731065,0.6506082702213771,1.261806031329683,1.0938734910385064,1.042488931822644,0.8189953048822731,0.7283811798622082,0.5422170249417415,0.38009574758012876,0.2735453321328809,0.22747869521763087,0.146354545643671,0.11369925328985664,0.09123308242514028,0.006475751492369786,0.10073483463318333,0.32499517411534834,0.9161287171057315,1.081495391647833,1.010193930700588,1.0711412641601599,0.9753212798076418,0.7908059093589772,0.565020709361095,0.4291470126525787,0.802488344803513,0.20897878906294864,0.12071401422937211,0.036677011453166486,-0.029857496904335146,-0.07588475375794046,-0.12486901193308253,-0.07016797350701309,0.24275751332444412,0.6345709494285103,0.7976406889469225,0.8417803766800017,0.8721532289402756,0.8377681436314743,0.759641715965691,0.6599896090089703,0.6141711796597109,0.5542330853062858,0.45463632093629136,0.3967952793276237,0.3662440303050656,0.2876472174732193,0.2551249357216896,0.3622783141451124,0.5728248716237807,0.7683341592060121,0.9199125038460785,0.0,0.0,0.0,0.0,0.0
2025-06-01 17:56:58.441,0,0.0,0.0,0.0,0.0,0.0,0.0,1.3415427529987165,0.8771517236772766,0.4644650822680152,0.13495810133305908,-0.05103873900211775,-0.04625932914086461,0.08856843049060925,0.22771765442342895,0.37340332364323936,0.5195410115897938,0.6673936140714014,0.8271216592147631,0.915377930613851,0.9499992730154302,1.0688397712792543,1.1932746270396672,1.067447963585051,0.7221233491929935,0.3846472090430775,0.22366052522123325,0.25934524112215396,0.3512971324593417,0.47533867269664687,0.6118403060152444,0.7583904527519636,0.8610482618724862,0.7636470267234594,1.0052492403094169,1.0832640649849974,1.0913820837659785,1.1395074576325166,1.4111335231509994,1.108094422728013,0.47246790471933986,0.1943659199107094,0.2516752703239149,0.33384291080434814,0.4791342338955935,0.5179722886276408,0.597956338476253,0.6862021828865628,0.7422131938261667,0.7179054621500394,0.7439925419737844,0.7620783053687535,0.7184290967417748,0.681482576695436,0.6853995834915079,0.3942080088890334,0.36254888588560014,0.45169964921042693,0.45422575778089125,0.5390655458081071,0.36859048549249757,0.3730089841996206,0.4076302373272552,0.6958634859287781,0.7912388404692815,0.8562632763921518,1.0401370803829482,0.7525665461667603,0.8582049866638738,0.5193912535681413,0.41636763329224746,0.7120622061708333,0.10080064964573002,0.04703224965331121,0.06360683953742985,0.22136365674337277,0.2762966903598916,0.4233145054068437,0.5196176596004372,0.6018217950179461,0.700222594558956,0.8288948238269453,0.9065625502030377,1.0075202677699315,1.0962136352911396,1.1750788527953873,1.2309388533929932,1.2462285994745361,0.3515962874099284,-0.265694261074679,0.04734880649780249,0.3241632819585367,0.5369653937631196,0.7139562217558955,0.8191726602805955,0.8865365607694469,0.9382328863285216,0.6586526214073833,0.9679720917504395,0.9344262156184445,0.912213001637549,0.8653309973905244,0.7989896895585731,0.6932730707157868,0.5888471499980893,0.556118424979421,0.7179894252507033,0.7722694694364607,0.7936777239045834,0.7376330692257287,0.7324797879162994,0.7058518401574121,0.6559310425326597,0.6195898315443893,0.5834183801667583,0.5426118544537732,0.45171278813228954,0.3443960230937465,0.1640808036571335,0.1599510740559133,0.6226038630851299,0.8720071458071752,0.9167859764936366,0.8656532714640868,0.8577574857775421,0.5823900558323372,0.5480939772078477,0.413962918979875,0.0,0.0,0.0,0.0,0.4869212425102295,0.3833460052374131,0.6540979678356819,-0.010399592823690518,0.44632981565979873,0.7381007625358682,0.7408544992720583,0.6918470674943905,0.6733779401240689,0.7416745426158149,0.7977285701547099,0.8296463562595529,0.8015994205310872,0.9305547947633173,0.902389566769167,0.8866434198382402,0.922155548471502,0.9051172761115027,0.9168812085832836,0.8848169015475822,0.33604648350111843,0.37092399882413907,0.3991880621685937,0.5301691274777773,0.8071553667637967,1.0497885108743161,1.2706260913323395,1.4021140737955171,1.4390931361863915,0.6724997358058245,1.5306351197680388,1.4945076305239522,1.3942472958838514,1.2103557484415255,1.0742631240827472,0.7594639097288883,0.3288361234417809,0.27253987046292416,0.5455856560757127,0.8444423882353811,1.1000194411932167,1.1989327719888838,1.3278030568760824,1.2750730713616603,1.2554947620852261,1.1811648300682398,1.0974762701809624,0.955128977937698,0.8234675052424573,0.6962646722989805,0.572664813976212,0.46273194542387663,0.30479265728823923,0.20116409095226273,0.42779416020704464,0.6609688644883572,0.8367216331618083,0.8890559720842431,0.8564599555909339,0.7194208020613752,0.6563949459196596,0.9339934446400687,0.6471901829350177,0.44256850537368825,0.8881299960533465,0.5060389948343904,0.33633035996496397,0.2774526109533751,0.36352969938753726,0.6656163056484214,1.302263324274861,1.0978211006394218,1.0629630661026144,0.8391917746523274,0.7317047005615434,0.5224650100706132,0.370321760799726,0.2584879091922454,0.20555909175675713,0.11644822340162375,0.09505655832927773,0.07698092941698642,-0.011408538753540198,0.07343660615715575,0.3223721447072722,0.9122842060186647,1.0898736581143063,1.0163542236972782,1.0882313189899389,0.9773257335592012,0.7890644281372352,0.558975091193713,0.41891769739542783,0.6922618926225337,0.20353403424401773,0.11292228290396289,0.022785821045537835,-0.04433948247920971,-0.09095313429861973,-0.1405475016272233,-0.06039880493230326,0.258430995764555,0.6421257801444835,0.8108880696578149,0.8433927506133184,0.8801924960550167,0.839525695182818,0.7673335888257857,0.6659174543076993,0.6162950662114715,0.5436069477674095,0.4486023084060837,0.3886167339147726,0.3535694757920942,0.27306158914988876,0.24917898343051126,0.37346022006068297,0.5880443990470094,0.8018048278872308,0.9514345173104886,0.0,0.0,0.0,0.0,0.0
2025-06-01 17:56:58.443,0,0.0,0.0,0.0,0.0,0.0,0.0,1.3411908147977758,0.8500953990591056,0.45410998188846763,0.14781946267305335,-0.033724244084731736,-0.029684364674507857,0.10290442553044576,0.24318112418115367,0.38383375507508,0.5236178686876216,0.6703939356087574,0.8256088395925306,0.9074482812272104,0.9437677056433508,1.0537063573475094,1.1864256268014677,1.057813413316894,0.7293474293558464,0.41038145473971144,0.25392285803207726,0.279749351313215,0.3775909907655428,0.49440517825241437,0.6224521616629528,0.7623876284338111,0.8625623935083688,0.7539699471624379,1.003499810537444,1.0687164100553563,1.080110440618588,1.1305785890204825,1.3712048552895686,1.1029197844834415,0.4972544924671711,0.24607602317113864,0.27240791953267895,0.3534222018317732,0.500866408556679,0.5386973037983476,0.619257018824386,0.6966777519002572,0.7323713069809978,0.7272058324750261,0.7145381052842567,0.7621590838753779,0.7215803020254226,0.6722216316229651,0.6671527542725852,0.43716281648090705,0.4183303288285267,0.4936177084846144,0.4789941220604268,0.5634336272380371,0.41054002348888546,0.271911292905737,0.41100899074099967,0.7569066753671717,0.8595914949475838,0.7553139493568758,1.1239857060156249,0.7009222536715534,0.7387105354343806,0.3368330243176796,0.36646745803006076,0.6436629493015487,0.11663872522242383,0.08566661115800756,0.098950406198413,0.24494734766147008,0.30026313429477436,0.427000140857144,0.5259427938574104,0.5981739674788866,0.6936223536400501,0.820487271433687,0.8919193855331842,0.9933685448015529,1.0773791345354968,1.1512730076245357,1.1960044644913213,1.1948092154779961,0.3376457536155281,-0.23185621119157562,0.0841755277840257,0.3512175314213739,0.5614799246204483,0.7266223093019923,0.8301774797161534,0.8963281217445056,0.9362282323147795,0.3910910928010462,0.9615100567245889,0.928358697547408,0.9072845149033514,0.84921731092556,0.7882069160169125,0.6858096413977659,0.6192070539392097,0.5933755700093578,0.7645214572055647,0.8006896986104655,0.81764901746773,0.7578181899581871,0.7470503192125122,0.7180301069075572,0.6547777688580994,0.6170913368087789,0.5875948733982115,0.5392132689765632,0.4438738002342568,0.33500451328100056,0.16154989574774337,0.18181229449443576,0.6616776535453213,0.8894738073479256,0.9407390699027618,0.8847700899439097,0.7132203347209007,0.5751037946365416,0.5035126459456354,0.4559645164846333,0.0,0.0,0.0,0.0,0.513815162798355,0.3509822883897116,0.7191722535385626,-0.01716552023142437,0.46307541143743974,0.7453719079018867,0.7504302947806818,0.6986864745313749,0.6873186475459163,0.7503271054236575,0.7974974601297942,0.8261073811670938,0.8021247519732855,0.9265277811418029,0.8881369770135197,0.8793727841090946,0.9117000245610876,0.8988418394269946,0.89310431180043,0.8464694820924865,0.33362741936931123,0.3761007933497853,0.41108609652915606,0.5375276752635765,0.8173821966973078,1.049186286026627,1.2729633219159973,1.398595693133556,1.4293005791619786,0.49991395508594066,1.5214548983696954,1.487642883525381,1.393570978048116,1.2032593025057339,1.0664749663901252,0.7573149285770662,0.31674247814273676,0.2772242666282917,0.5451429151094952,0.8465385643564953,1.1043378478475518,1.2024782848201434,1.332350243077586,1.2729020427011861,1.248976270395195,1.1817305515782572,1.0981007837626469,0.9550791727379365,0.8206902637764174,0.6929587805724684,0.5714870524897064,0.4629664870199348,0.3063301273891648,0.20877052291025636,0.4260773812963261,0.6674381201291962,0.8039231024313606,1.086472976651097,0.7932179734878188,0.6768647227292865,0.5879579030578246,1.0548515506667664,0.6410080127120328,0.4995905028990088,0.938008843096546,0.5434361027953648,0.28745587330208355,0.27494131607378497,0.37214149275459146,0.6734048152159862,1.3362572974361686,1.1167006400807322,1.0808323071002777,0.8566388145426953,0.7411798307281587,0.5272205533949368,0.3628923540824667,0.25623750280040514,0.20937980716908067,0.1123253981040333,0.09085189025159246,0.07420534628257647,-0.011132282522609893,0.0746612788441251,0.3101596164235571,0.8885548483025016,1.092557005184705,1.013050083037218,1.094791483640162,0.9786558991577718,0.7956857205842773,0.5701043635743772,0.4261704457248132,0.5897035125808187,0.21543832565689813,0.11688912309403321,0.02354794914635705,-0.03901635198178577,-0.07807314721454839,-0.13157779724241603,-0.05462408105085759,0.24530910155577496,0.6122911950108727,0.798024579533501,0.8422389843966519,0.8686583518881237,0.8357965191258203,0.7607403624160773,0.6852923506696054,0.6321795355864843,0.5515485095776971,0.4695363644921653,0.4149505708111567,0.37659369220573513,0.2924355317001047,0.26278382926080135,0.37585456889040575,0.5799756668569315,0.7904508804434526,0.9287362711155285,0.0,0.0,0.0,0.0,0.0
2025-06-01 17:56:58.450,0,0.0,0.0,0.0,0.0,0.0,0.0,1.3907689834551087,0.8703906173979055,0.48518576585279927,0.15649606441136432,-0.04231303131527708,-0.04731633235470434,0.09057165527631084,0.23518723536314412,0.37378789562801373,0.5202603682909326,0.6716467982028977,0.8345976970375758,0.9182378903708346,0.9565093911576493,1.075749454154073,1.2170496506825934,1.0829276689233662,0.7394523944961897,0.402709882925144,0.2422891423667225,0.26521453067406764,0.37054858363282217,0.4835436478300057,0.6183053458324095,0.7628915143482671,0.8656404418315928,0.7734231775838605,1.0235469157684758,1.0843805642035316,1.101175139356456,1.1580401978903556,1.405261510777152,1.143484031095668,0.5059538929178952,0.26278061053910273,0.25059663259888887,0.35084491972295617,0.5136934603594687,0.5365985316001392,0.6122265971667487,0.6973462846111755,0.7537684994857075,0.7361632262871394,0.699678525326716,0.7577615005604005,0.748629048486416,0.6870481607609272,0.6737697189388545,0.46803303407032215,0.4272408769049042,0.47981225974937824,0.4788853824321331,0.557153224890369,0.49552862282973514,0.2554261208681165,0.6195260847654604,0.8141552879912879,0.8745747925218539,0.6476946853481261,1.0523347574014135,0.6434852240169402,0.637026002774865,0.2064348159635878,0.35691094788520994,0.6329911379767132,0.11334205355068752,0.07956566156864564,0.09121791439923665,0.2500258400384687,0.30127446185909834,0.4191114733004784,0.5291456926584439,0.5984548117658111,0.6990687089727414,0.8246123918272306,0.897244200859447,1.0028782907374905,1.0844902520535447,1.1540923570503334,1.2027890466341171,1.20624529258535,0.33340584491411734,-0.24600253574103104,0.08730096526348397,0.3460551364167179,0.5693309234799158,0.735852625781019,0.8392164117068894,0.9103250382976209,0.9444539952657329,0.25241612922551177,0.9722520588885828,0.9451847598768298,0.9156258730788406,0.8582561782478323,0.794685103190695,0.6892881836523977,0.6151678637232114,0.5876865811688913,0.7690223599810659,0.8088342768407781,0.8245704989894185,0.7700333503399428,0.7660010643888753,0.7265361066291653,0.6670403772024935,0.6233754886087381,0.5997471977179989,0.5486165531800433,0.45575141340559,0.3461785636726501,0.16834185930283518,0.19193739137854549,0.6684126119028658,0.8886700649550303,0.9529869202888728,0.8945600931183069,0.5086202796050274,0.6553689690770881,0.3839105430064413,0.4231899717658947,0.0,0.0,0.0,0.0,0.6202253931825563,0.37375656370351834,0.7696960325431875,-0.043330567117340346,0.46193384244421026,0.7517481435947302,0.7547400625657301,0.7104372837820937,0.6984388627211362,0.7712588144078116,0.8209330338994625,0.8421899137693516,0.8209796606041562,0.9447626358028822,0.8964096721628136,0.8874885610013279,0.9078312627400362,0.8913485322774211,0.8764041073389137,0.7987433032632754,0.31268705688069315,0.3874803769178464,0.4295905330105876,0.5706897616801592,0.8510295522684947,1.0886843487149447,1.3203519358596814,1.4313620190598726,1.4559787107419753,0.43727793915596375,1.5354150164776295,1.4956169129364487,1.3947219860347675,1.2010753410668142,1.04953054699344,0.7333077718858549,0.2708469648592484,0.31005502154125675,0.5914657166564282,0.9055709445685871,1.1533932786704524,1.255990361557519,1.3824069279834013,1.3059831320711288,1.2830370832130726,1.2065929640049,1.1179357709488813,0.9616336134133329,0.8267961084259839,0.6922685638564077,0.5688148493745505,0.4533352508321141,0.2885419495854019,0.18523716957915307,0.4829983725847682,0.7187299473528935,0.8635457428805972,1.0596541544044744,0.9131386922448607,0.6086636263683025,0.6807958910684868,0.9825033070660806,0.45888047195771225,0.4385603059094763,0.9257536184754914,0.6440829367976404,0.2600506156436194,0.25965465678776084,0.37609342502368265,0.6932220333880166,1.4178894650705531,1.2008345979993318,1.1389637383681963,0.8981581259949407,0.7726493113694051,0.563544656487418,0.376121939702589,0.2704456606373369,0.21183070160102102,0.09720291237817102,0.07033718437325942,0.047611129324988344,-0.02677051434274491,0.0625114737160739,0.3210054792930483,0.9362361235153078,1.1442831218554441,1.0710353409705984,1.1547094765635308,1.037419554432504,0.8501331475628562,0.6146254862901148,0.45128488035698244,0.5772908866145997,0.21736990125760358,0.11095322652083905,0.0021500721256220157,-0.06598799759362894,-0.11901423514760845,-0.16147274234640163,-0.08635994938654917,0.26398462161331554,0.6755407899356665,0.8619180753849773,0.9012897347520262,0.9221482014306455,0.9029687893551195,0.805226612556456,0.7359859478148771,0.6441748234071722,0.565238322806958,0.4748498277901001,0.414213779161716,0.3677550062901249,0.2717959464164955,0.22583285862530733,0.3513507589128267,0.5808695491430541,0.8371951288750598,0.9888520807673642,0.0,0.0,0.0,0.0,0.0
2025-06-01 17:56:58.452,0,0.0,0.0,0.0,0.0,0.0,0.0,1.3605900991180293,0.8396995792639024,0.4715374041218571,0.14264687813030696,-0.04365709103475501,-0.048054358552721665,0.09368691952323982,0.23420010233016897,0.36779489660124154,0.5143810210987989,0.661302953965722,0.829378922543958,0.9105072271940309,0.9439485466954979,1.0626114248773106,1.1952562041442256,1.065425874694141,0.7137920233564141,0.39268489876189006,0.2441712646020734,0.2722203928479505,0.38341014241558935,0.4812281558163418,0.6215789140297736,0.7578736378497595,0.8501923731609331,0.7524386540160133,1.0143138714298021,1.0602344771801464,1.0872562473931697,1.1301869641005398,1.3679889611728884,1.0814331467703227,0.4814902776899772,0.2716656282299972,0.2662019673192739,0.3840637343334079,0.5229523833749854,0.5227261344997445,0.5918836895669961,0.6716929183645701,0.7378517725457576,0.7294681412411463,0.665994734412226,0.7314410591047805,0.7253993927988358,0.6501983004277455,0.6271350972494121,0.4610037116179698,0.43743591752811395,0.4678469992205764,0.48138513202182476,0.5683997373536902,0.5459947006052355,0.30287930768479626,0.7106881271181944,0.8670709913525665,0.7864597810158794,0.5761798358049742,1.0095363214047561,0.7190623639640883,0.5176010095459396,0.20051632221745988,0.5424093734807042,0.5975065714020238,0.12785360436015494,0.08438313991621582,0.10955548074924248,0.26104556326727013,0.30731842488516214,0.4166562327671215,0.5296309625404103,0.5927634112124032,0.6995297004005758,0.8210343829647813,0.8916250834594726,0.9987089679130551,1.0749715426287716,1.134292972444192,1.1872317310949336,1.1700099258764383,0.3052225780692649,-0.22357085096599438,0.10766482195555338,0.3561233853860932,0.5828810488975689,0.7463880604795801,0.8418695319319411,0.9115558636111696,0.9423592845327324,0.16584989132432915,0.9674531602219225,0.9392114804170487,0.9014681474262459,0.8450725347532674,0.7773905990104566,0.6625058479972303,0.608801262997075,0.6054106368426576,0.7828778090835908,0.8214663040215762,0.8259254106526963,0.777580812573629,0.7650687343423002,0.7188286606801646,0.6618458107881213,0.6122167129227867,0.5888715374396891,0.5381547725858686,0.4471616342284144,0.3334137084667884,0.15276561643856645,0.18539683434748,0.6654296327079393,0.8835268749055858,0.9532233156179388,0.8944745321672927,0.4931165430380738,0.7730290629510876,0.23779887659210247,0.38941134851772674,0.0,0.0,0.0,0.0,0.5482032473680272,0.4917192165386512,0.8961749292103095,-0.045866396126116316,0.4646123087507517,0.7567807167808076,0.7558826370076086,0.7113973507883714,0.6951222108916963,0.7697786940521392,0.8184868441985818,0.8333078496612969,0.8148156172226324,0.9337456201908978,0.8878616385437286,0.8769250074422483,0.8939945860608223,0.8810286104196658,0.8661461537369595,0.7959168609421594,0.317117723127248,0.3955916109914107,0.42286491548878535,0.5700514038853015,0.8436359148779184,1.084888156138537,1.3143063545322535,1.4200823426419056,1.4408388088026418,0.555743343761792,1.5251015323394563,1.482992147989898,1.387814295466981,1.2073568574905758,1.0483399063215255,0.7365685722763524,0.26579765440802894,0.29674503393450113,0.5746774446097359,0.8959107754534898,1.1371190774859992,1.243120205056041,1.3638267244016924,1.2857166705428182,1.2745728723481133,1.1987389090850966,1.1096338104283205,0.9548974368657889,0.829793401894437,0.6983465492803858,0.5755605162359351,0.46168662226859714,0.299765301830352,0.14404833491784402,0.46510429052413604,0.6857719789349167,0.7236005503370811,1.0328353321578514,1.0013711814648554,0.6632747684661295,0.8170879918732197,0.8425532977125284,0.4336072366648824,0.36986895284883986,0.8951250150455315,0.7092315944781968,0.28294237461600635,0.2617918639177033,0.3981871910969605,0.6880976797369194,1.4053366674986685,1.2018233937775773,1.1116994915875043,0.8665225472938771,0.7371818777553563,0.5653847659898292,0.3633663660330706,0.25482215314489953,0.19782233182394338,0.0877857213409694,0.058295872251300285,0.03553426637763901,-0.019305917430544328,0.05096620830798548,0.3196246155537316,0.9449525578203335,1.1359718515478203,1.073329470181207,1.1537881292798748,1.0327570625604834,0.8352978838819158,0.6067576682804818,0.43775332387545673,0.6494519010797652,0.20694241742780983,0.09836022040640224,-0.007594180137257656,-0.06783993671594435,-0.13061776745341624,-0.16171543765309815,-0.09233972858083045,0.25279118435135656,0.6897205263563375,0.8677878930901755,0.9084297459311196,0.921098042411671,0.9013518234329054,0.7969030363426417,0.7408347090526348,0.6257636930364643,0.5578168186381869,0.46725556078203434,0.3987367163005553,0.36011817521261635,0.27334244401888663,0.22461435020499865,0.3462831905812727,0.5737016080747723,0.832723996721732,0.9749753170856286,0.0,0.0,0.0,0.0,0.0
2025-06-01 17:56:58.459,0,0.0,0.0,0.0,0.0,0.0,0.0,1.261691641427603,0.7665150757715995,0.39906110778715953,0.11995199010238056,-0.024999554318894557,-0.007583194783578606,0.1324818455742277,0.26337374559781535,0.3861370343941214,0.5171178740200046,0.6575016289097524,0.8159227084643202,0.8820707917549042,0.9081585242563531,1.007681219280769,1.1294995613224321,1.0132462619834768,0.675051477591577,0.40791314863003636,0.29720148079316655,0.3315310689228317,0.4392553919306399,0.5111807544688234,0.6436581875951648,0.7538726850712201,0.8374780170620983,0.6034935753046878,0.9797354229031704,1.0044173858711558,1.035124978445623,1.0558484537208404,1.2269270211297951,0.9274019587515374,0.4464948688775512,0.30221936409531847,0.3311141545399021,0.43417639714176626,0.5356221683330946,0.5381432103687434,0.5861106645563845,0.6585618752753297,0.6965261668082712,0.6954779610810697,0.6246109295136083,0.7114882717993279,0.6623921511549775,0.5964974802384376,0.5555013993322664,0.45552210621949796,0.4799274653573721,0.5097286668446116,0.5358676389265458,0.6080154646688913,0.50625081837375,0.3186587702110323,0.6275178063177855,0.6946016367889031,0.7498298227191446,0.5110175148228332,0.812349553345838,0.7935290351664934,0.3673488127530412,0.2482697765312086,0.72543430806807,0.5028395341262839,0.17477864722597738,0.14401397773153146,0.17875982713049776,0.3037571276665536,0.3423890256216735,0.42801403528092563,0.540707469007365,0.5934430136271989,0.7078104726046273,0.809787219761213,0.8727929069003937,0.9781147571183576,1.0470484214911655,1.1038049459691264,1.1312536039511083,1.0796172163850672,0.2611002321294607,-0.14034433844583627,0.18635437517407083,0.40912367674086525,0.6266862878834083,0.7684907395812477,0.8538758085915346,0.9180193070247484,0.9402901702461814,0.17042269911840385,0.952320967658604,0.9160909285254085,0.8784397315091316,0.8054033554312258,0.7430608101434106,0.6156596775643313,0.6187837969956502,0.657571074198883,0.8386810853404687,0.8566193711199077,0.8418755615110205,0.794756597938252,0.7639937127869247,0.7183749008911091,0.6505537016351985,0.5958144586247238,0.5777522153976571,0.5113506976657145,0.4191179963593792,0.3042225758127418,0.12778707903757192,0.16940326987606774,0.6669985356326951,0.8888802579522983,0.9618211543058184,0.8947526052612618,0.5409299461535457,0.7805546106071839,0.2157759895744496,0.36946205430451406,0.0,0.0,0.0,0.0,0.41451350428527145,0.6769389446883327,0.8214430218705892,-0.030267470410249242,0.46791382896132233,0.7546152755419574,0.75439683136897,0.70685637433127,0.6916655785737298,0.7570669358950195,0.8034265759477641,0.828957585701751,0.818517818538357,0.9355886861904588,0.8906885257957065,0.8819551186049026,0.907924824469849,0.8999136656632549,0.8815356425785654,0.8413042101792649,0.3283977811876575,0.38045484547732866,0.4050002868867768,0.5503312069978661,0.8203694388785465,1.0524162086600426,1.2938978741114666,1.4106024523949234,1.4308555466648551,0.6634493077995749,1.5354180376786855,1.4905630873092806,1.4120703069939362,1.2356820972246623,1.0829510684848005,0.7889644852608326,0.30350732863886715,0.2355955838672774,0.5127148754533709,0.836287370841106,1.0809730217371731,1.208442123389182,1.331235448877051,1.2709605724484263,1.2614819359034932,1.2016931194133509,1.1225060767868738,0.9730752128326597,0.8472497061428591,0.7275735450946503,0.6093856631675761,0.49981713929057714,0.34607285324172127,0.10985012564660651,0.3767132488534872,0.605646392197864,0.5495236337677897,1.0060165099112286,0.8638581759022467,0.6848199294124723,0.7794383044256876,0.7647411002512772,0.5693174014730003,0.3587301064263349,0.7403984887948535,0.7058254587736548,0.30461387110964966,0.30079910927178727,0.4241782777200596,0.6655790882813871,1.331155623943116,1.1400673988620673,1.047142720560581,0.8108308943539433,0.6976031500508724,0.5479682876953849,0.3475703550625244,0.25449500953713455,0.21713591126807086,0.1365192820111183,0.09705196962643292,0.0707051004612862,0.0292922942588979,0.07238338105412367,0.2776703313063997,0.8658374280563139,1.071345065411759,1.0172995371519138,1.0954218992495517,0.9848598490679101,0.7905469698241983,0.5830022064333791,0.4318007525624623,0.6805058030463224,0.22748149477845248,0.11867584245161811,0.03735470558159304,-0.010019297741583721,-0.06341008844906493,-0.09110800266427432,-0.06111157641815046,0.18516468945511294,0.5818610356156955,0.7762221841081876,0.842144201589813,0.8398941136872748,0.8238240378974369,0.7460713799021574,0.7140728293663541,0.621244934334154,0.5708863905190107,0.49919856913035443,0.43348706637682755,0.416391085474511,0.3448282984065155,0.292557566467877,0.3778443656213885,0.5503487190374869,0.7416845325238187,0.8546099756174104,0.0,0.0,0.0,0.0,0.0
2025-06-01 17:56:58.462,0,0.0,0.0,0.0,0.0,0.0,0.0,1.232772696535676,0.7554499967542168,0.3662388704161089,0.08773565251434967,-0.03927077787592004,-0.018193310256605644,0.13181590800757526,0.25905962562971685,0.378706605805743,0.5055321796642225,0.6519777742074664,0.8055849425040095,0.864033288944656,0.8986246811462236,0.9819301818363174,1.109026698469034,1.007104082937826,0.6601727602500682,0.40641068208635256,0.30574931657955917,0.3378381846645173,0.44697485818268157,0.5092391236500116,0.6405849961834795,0.7449264168868577,0.8294217906952901,0.5597626119485837,0.9677472445576777,0.9933356333171914,1.0237591381117066,1.0396861764119754,1.183169437597269,0.8889128956498704,0.43803410572916124,0.30956608879487246,0.3465780875983908,0.4449052544349341,0.5235919857278166,0.5376156164756634,0.5625709630095943,0.6604346341445211,0.6864591628016552,0.6503580865064822,0.617972228425575,0.7114976210285787,0.6283854261517694,0.5787919758707846,0.5400497424853459,0.4746900470481614,0.5007491008693231,0.5315935276711256,0.5891973785906739,0.6228916899537333,0.5397257153496713,0.3709733626047028,0.6340222483539206,0.5078159648167289,0.7549449833483298,0.5082606152103588,0.6526628222124344,0.8024103641190323,0.345135339371906,0.3311702062886166,0.8373490918737365,0.46001131270701695,0.20665868912631055,0.18248980817167548,0.210080574241297,0.33238876038241627,0.3580033531041922,0.4356364536064945,0.5460660029019555,0.6008304548482817,0.7183687936995073,0.8065579539734824,0.8741498821852487,0.9766959087973958,1.0425057612001312,1.106344575290958,1.1172016430497904,1.0653218159800433,0.23945317725917947,-0.11954725289634516,0.21169041577203562,0.4198338827137187,0.6505447074134885,0.7772882529233147,0.8624545816445628,0.92566625346414,0.9506825050810466,0.2288340625955963,0.9546749522742857,0.9206751008491306,0.8813963917139477,0.7993288057803739,0.7364314413419826,0.6042725941731428,0.6189080829733675,0.6737965805821343,0.8606819156151122,0.8746514434517365,0.8522724060133273,0.8096406237629352,0.7728312416913514,0.7261059850027847,0.6569459447601564,0.5984023727887671,0.5833954916517718,0.5039667388517921,0.4157264234887994,0.30070078283464385,0.12253006297596669,0.15723065328993358,0.6689397516787114,0.8974823883974465,0.9697962022669526,0.8993619689933832,0.506481927639866,0.7823023855232998,0.3338165773762078,0.3989837103384659,0.0,0.0,0.0,0.0,0.43212702564669225,0.8406646224643892,0.650598584909612,-0.02924876496013562,0.46575327017068996,0.7512986699219957,0.7476422774509381,0.7049425114872007,0.6885835758805485,0.7528067664393865,0.8047414211364585,0.8351393305450308,0.8307278242961198,0.9551141447945426,0.9069723513355665,0.898798678069207,0.925118220242326,0.9152509993580695,0.8968413644268352,0.8552107214915685,0.31419431645922935,0.3615735612305393,0.39464902697319326,0.5482202933005014,0.818333419787421,1.0463397616447185,1.2986641631759692,1.4223179777299146,1.4447760192127534,0.6535106857144237,1.5493779284505593,1.5007532045789462,1.4267697700162045,1.246719315123186,1.0940739024022197,0.8020431139385091,0.2914098896028211,0.2192525823624114,0.5030456972857883,0.8318581290226779,1.076816512548905,1.2192240999661548,1.331971502476228,1.2828457229742918,1.2737248631437996,1.2109335361688394,1.1355006647814885,0.9817270966354664,0.8495797240064235,0.7363295952006039,0.6153033694242593,0.5103338586376543,0.3525581753381658,0.10293333407705776,0.38088706360972635,0.5980249117608706,0.6389487260252248,0.9791976876646059,0.8693526619162354,0.5186437228255969,0.7172761459143282,0.6057076564467463,0.6086233379808914,0.33057431591015346,0.6063506281079967,0.744066571017223,0.38044014321238073,0.3138148384104891,0.42311272275730644,0.6744946462929094,1.329383823135727,1.1556969564147876,1.0471222376188116,0.8230991009544708,0.7101460259157062,0.5477285676840098,0.35981063646108247,0.2836948866896616,0.23535122501575367,0.17504525676525273,0.10886771127787931,0.0790940765702639,0.03931611748178965,0.0752565156468783,0.24317287827651785,0.8401315494882471,1.0618797804938331,1.023488178715453,1.0884460653243546,1.007714292249957,0.8219241308730796,0.613264132436212,0.46921520033113695,0.550490429849864,0.2616773214885779,0.1538391737838818,0.07595269618149425,0.02540257712681282,-0.027427246516279036,-0.052149067829892704,-0.04990961599859506,0.15835127752096173,0.5540208207702806,0.7609346089611484,0.8340590496400794,0.8304006220305749,0.8263910424031184,0.7735776758702162,0.7327632673781368,0.6496822566270368,0.6136244806587947,0.5379470139956575,0.4731255876932887,0.4604657245210768,0.3825437981269616,0.32791136705769375,0.39740079368145903,0.5519553011030275,0.7312085137703802,0.8390644142772523,0.0,0.0,0.0,0.0,0.0
2025-06-01 17:56:58.465,0,0.0,0.0,0.0,0.0,0.0,0.0,1.199083786534593,0.7363364965013036,0.3371883596244687,0.04886005004583727,-0.05937095944559334,-0.03258855106077607,0.12295514600722124,0.24915584379210132,0.36949027310695615,0.49826610806599736,0.6454596262314531,0.7974084767755328,0.8568833653414032,0.9024552555734905,0.9687019321132099,1.0902525048439062,0.9973884030908025,0.6375329754976502,0.395639010122968,0.2970452858434903,0.3319214723130659,0.4339612693151118,0.5113033847034012,0.636966025524947,0.7494007834003649,0.8283786070553243,0.650141104453836,0.965995497919128,0.9980661158982831,1.0254201016107034,1.0388480837694989,1.1840212725437902,0.8924636926397338,0.43692480296670966,0.30702284820117753,0.3538759813388357,0.45543147747059565,0.5240076597930616,0.5371512543174781,0.5540953699533222,0.6604040099705071,0.6856457065560044,0.6238960512643115,0.6279424198408879,0.7052628071311587,0.6072058919696095,0.5603023338014771,0.5432442523831629,0.4876712729296546,0.5184945566420822,0.5568753614995988,0.6349741024645819,0.6483686312234087,0.6698644868455623,0.46320815034692286,0.7175591459385713,0.5402372928150618,0.6716182937163353,0.61211066819208,0.6345336149106794,0.6984581701459818,0.4225034658968928,0.37721321390029805,0.8765995418425254,0.40574632706163977,0.22220785794336392,0.2284136110244619,0.24590381527331595,0.36393073002978515,0.37556590525709876,0.45570703439350924,0.5464326676922984,0.6108642907411224,0.7194909428532741,0.7980209181504845,0.8716243468232991,0.9661669026014675,1.0282499442690403,1.0934998864713315,1.1029655628787411,1.0455261171225867,0.21394560442763683,-0.08132108802401394,0.22765845026284093,0.4345861076694457,0.662465331419466,0.7819643153350158,0.8649559634744177,0.9281153085735272,0.9549159254140502,0.3619356935772761,0.9533130538522341,0.9182756793121852,0.8735356255355934,0.7934173055477535,0.7216373891697507,0.5936401552658411,0.6336145084617978,0.7017528171624042,0.8873488735967783,0.8956884696619711,0.8651009338668614,0.8214156415870268,0.7778122385544926,0.7263002724873471,0.662915030544031,0.6011547471386551,0.5766830539764658,0.4983254237111381,0.41542224482442136,0.29592193580765425,0.11902077170305647,0.1640684111779237,0.6937191282388135,0.9156373165777014,0.9780360088192537,0.9101528396054854,0.528361522648267,0.8145252574639257,0.37874548688845416,0.4811407760534079,0.0,0.0,0.0,0.0,0.5004631291367432,0.8776195676316296,0.6754942710280599,-0.025649300713505685,0.4754364498775701,0.7576548550632538,0.7446507166471701,0.7080895915933662,0.6880351893729744,0.7462978461504342,0.8049283402107257,0.8260162779480615,0.8205397102025969,0.9440588916713191,0.8942113692514204,0.8867173921074059,0.9064390400804443,0.8944247519421906,0.8760991763157109,0.8141689316692449,0.30186880468997274,0.3589186485331801,0.3878182561589072,0.5496183590872254,0.8166864429364542,1.0379489725344095,1.2817341588836308,1.413109894759866,1.43049233213874,0.7136299599293272,1.5285351065247874,1.4812407813596051,1.4021596078443948,1.228017603347633,1.0794678241208917,0.7756013568715308,0.24926955818596935,0.2241355623886252,0.5088830576296725,0.8336213391859775,1.072675376650004,1.2208307502466373,1.3113289848232474,1.268275981650855,1.2652212674656833,1.192765940146049,1.1108193128883652,0.9586687731782707,0.833109318293512,0.7217206636299986,0.5954676443324125,0.49770087353350156,0.338358975430662,0.11090128200552146,0.41847393867232674,0.5963884541907244,0.7587277211083377,0.8101392161491865,0.9064436383350086,0.48417412639727775,0.6763434062005134,0.5038436279604964,0.551018262109062,0.3492415921979167,0.48815130573903287,0.7149721949058017,0.5152680260429919,0.3055046089188656,0.4196796165083215,0.6919648701888966,1.3449679699298414,1.1618469682411532,1.0475222039350003,0.8380315165120578,0.7011819735080087,0.5337461033987343,0.355247422106028,0.27727015874694194,0.22423809467447686,0.16086818014084692,0.09019445111730273,0.055357416735651865,0.02168173768857362,0.051083801575533716,0.23676131756186186,0.8588979757149815,1.0678026076372076,1.0373241919942104,1.0843086997915208,1.0181537617352843,0.8305759464321318,0.6190111199897366,0.47598734865483006,0.4788687319667775,0.2625307274188118,0.16305963719697636,0.07456984380491005,0.03060816580614023,-0.03016582781415511,-0.054492017815111815,-0.06312863550543829,0.14418200948768684,0.5665945919157647,0.7729093248029155,0.8311860154066993,0.829136167821966,0.8296358829747539,0.7966207153285514,0.7248256748165591,0.6465973288325244,0.6231622211673942,0.5391829752983217,0.47601471576187704,0.46921767426324834,0.3869456796913092,0.3329809930768015,0.3999474249788612,0.5467868809781263,0.7415154920710584,0.836120270422174,0.0,0.0,0.0,0.0,0.0
2025-06-01 17:56:58.466,0,0.0,0.0,0.0,0.0,0.0,0.0,1.1563140663259537,0.6986214168642229,0.2932972633014511,0.020514118356668165,-0.06460162582129059,-0.013497529968557576,0.13487134084558383,0.2651925418021055,0.3809168301245468,0.5068712412318745,0.6488576146811784,0.7989869816503455,0.856820139528726,0.9004269224798279,0.967140179001499,1.0717935787583914,0.9726017062753083,0.6113750666735329,0.3886611237709222,0.30628005761095844,0.3464687559563333,0.43771657512043705,0.5361994578319116,0.650046448646286,0.7570219252677406,0.8342280230610961,0.6937849686592504,0.9607513994428335,0.9979915827695129,1.0152255161384784,1.027551307451488,1.151180199320708,0.8755542969990029,0.43578556197926377,0.3063207835289856,0.36065703467313437,0.47266746119367276,0.5334163024317844,0.5686111171055395,0.5654084154442014,0.671279736966667,0.6854749785843979,0.6301774559238489,0.6432064857756447,0.7172760181814118,0.589433598062469,0.5672622977538228,0.56225473182296,0.480051794271953,0.5428265429736228,0.5917884889062491,0.6660193545219188,0.6774692772513351,0.6797231906338983,0.4288852393465242,0.6584396189873578,0.53473354099617,0.6960876890865694,0.7175627192775964,0.6696772303470158,0.5780063724827036,0.36972131410638853,0.4227291885539346,0.8381457260812788,0.3318527527918882,0.2308025012662255,0.28035096525153347,0.3026900947649833,0.4003505639878253,0.4116165733467332,0.4851186142850963,0.5577295871798891,0.6281157672973305,0.7344924638464816,0.7918399604634161,0.8633200026624961,0.9519736302299145,1.0117981844494086,1.0741355109606467,1.0743839040547383,0.9958785211661809,0.18713102668900522,-0.018786090119699783,0.28055159636258864,0.48348134804133513,0.6870574790789445,0.7964777973657085,0.8764024795300638,0.9417568777744405,0.9575074826240086,0.5380368909610109,0.9494738704547603,0.9086426175320136,0.8603538527717293,0.7770931660159849,0.7052721122054535,0.5838554410250109,0.6625088486224292,0.7508967995854269,0.932733425090198,0.9358629116159733,0.888296963516068,0.8357753693098953,0.7892457357901281,0.7309797861845477,0.671423615088903,0.6023169544164739,0.5792374939101961,0.49296910245124415,0.4133355641276426,0.28944499967462856,0.11962166270515329,0.1771876229811878,0.7223886230248893,0.9356656118008981,0.9917285598951169,0.9243071828832483,0.5906826244077503,0.6787187513527422,0.35335355826288944,0.5870331754158418,0.0,0.0,0.0,0.0,0.4637932771775811,0.8297104734902614,0.6606002560149158,-0.025252845664333945,0.4813791761244847,0.7623137340079612,0.7496172202701232,0.7180554287159729,0.70786094543382,0.7543809569635005,0.810974671937867,0.8383689982755271,0.8382004437613508,0.9476549542255492,0.8898828314939546,0.8808768359986225,0.8974306755484631,0.8845593716056626,0.8526625815389361,0.7629504439835935,0.2919542209675822,0.36050686302615687,0.3988907343216741,0.5655369117601048,0.8323154577593697,1.0423980631909462,1.2848583163063139,1.4286716439581417,1.433470818205967,0.860858679101868,1.5261631494373185,1.485581988992613,1.39187008977048,1.2185235893704052,1.0828040991872874,0.7674338560980258,0.22356626294426007,0.21938383738941536,0.5106684959170066,0.8382856268627343,1.07860595841787,1.2327824762224566,1.315898339162687,1.278661712205272,1.2817989584321299,1.2003560290589648,1.1199244578069494,0.9600988206362114,0.8375141967039027,0.7229141954618206,0.5978271757274726,0.4975633160976064,0.339741065763249,0.11513029803961933,0.429445805524878,0.6018491059693091,0.7433801203343107,0.7577421176195575,0.7727632301104291,0.5716409979649281,0.5520429949688153,0.5599855602478487,0.4747114847320211,0.4283232711119203,0.43088005809790175,0.5470102406023112,0.5584965498717525,0.31180604547114604,0.4244649610297559,0.7043558790028869,1.3673134835832954,1.147527353893307,1.0652403866090263,0.8735352437735715,0.7149402674696999,0.5454622557539488,0.36768165928603636,0.28266949750595116,0.23855411588333686,0.16451034337148007,0.1037347281490344,0.05544905102184705,0.02081433503511554,0.042180742328097987,0.2451941019656984,0.8623455018116208,1.0705136182933161,1.0326239528876362,1.086771546927653,1.026224489732254,0.8241540391929694,0.6201056628656632,0.48721510292869064,0.5146787937196032,0.27013560648115664,0.17414406442420693,0.0851250733328659,0.05399683210697337,-0.016527889908993565,-0.04138740971030763,-0.068684529215424,0.10483293454965381,0.5434312291156662,0.7564666512776215,0.8064142602025431,0.8061171157664486,0.8153272960760365,0.7852443856896492,0.709602508680363,0.6417659797476316,0.6309609389267765,0.5521407020862008,0.49523631977601945,0.5000439414193787,0.4186744670174446,0.3646438747894667,0.4132139529555296,0.5273743428935362,0.7130954069134424,0.7993746395380577,0.0,0.0,0.0,0.0,0.0
2025-06-01 17:56:58.472,0,0.0,0.0,0.0,0.0,0.0,0.0,1.1395921509114997,0.6855122143766856,0.2582047870343124,0.012788729236732133,-0.06688807504418637,-0.0008609018186094275,0.145471377541461,0.2773085385446392,0.38458018932932225,0.5110247155842345,0.6535621347107972,0.7948679693958395,0.8477809195110855,0.8912713549849519,0.970559117910141,1.067966599110253,0.9665065180383094,0.615465759613492,0.38382470337941044,0.31611086920019826,0.3638304322596735,0.44361619597134205,0.5451738688181342,0.6579105581038254,0.7511621947547045,0.8342096759086004,0.7163777924152775,0.952373879902633,0.9936655551599316,0.9967925377967098,1.0202126825847169,1.1189070803209766,0.8760650440918978,0.44640312558876194,0.32622173958012524,0.3733887757966081,0.49422291794850204,0.5459037573021419,0.602230406240202,0.5624268575732942,0.6818525901688521,0.6993333890227427,0.6333031709734529,0.6510632664972905,0.7256010583112086,0.5627893391591308,0.5859880537990593,0.5756526953787802,0.5015780454138481,0.5710477666931062,0.6228684460494499,0.6994298430659218,0.6981923334893985,0.6019505904767182,0.3801920896702745,0.5408581749442232,0.48444921171654276,0.772936674746389,0.7692837767339153,0.6258744687985711,0.5726197869099472,0.34799775763354557,0.44237812026981216,0.764849726516746,0.28854587504131796,0.24877577031837936,0.3216953209734943,0.35335607504236277,0.43804199435554136,0.4461951270662443,0.5119242972751428,0.5773995720091831,0.6455548490660752,0.757508920116214,0.7969235677014246,0.8651196771319443,0.9487540372382771,1.0078793085786486,1.0602787615738645,1.0512545044289126,0.9614534001261998,0.17139278491043192,0.01492253167847235,0.3292637721675804,0.5286092396526527,0.7148182982131817,0.818861255186246,0.8953073996854521,0.9602205440510057,0.9663771320695471,0.5757597171515285,0.9484749107966046,0.9099319236946927,0.8546447194549777,0.7716477145380346,0.6992329222517653,0.5832002757927764,0.6868146080675714,0.7863913704865594,0.9635105375053117,0.9729340026132511,0.9137648745565483,0.8505514433820409,0.8026608453637616,0.738095570607864,0.6828619381903736,0.6044330767021759,0.5912038363015799,0.49022186990391314,0.41294057602864487,0.28504541106724013,0.12173522113104374,0.1825649874393146,0.7434194932744898,0.9482417510377616,1.0016933537006534,0.9333837150478754,0.5315232789988242,0.5777429542206196,0.35683905686653344,0.7328512632745495,0.0,0.0,0.0,0.0,0.481767341513175,0.7197066981340843,0.5551695613269064,-0.03775885168481552,0.47584695718059417,0.7571921798583248,0.748686651178728,0.7248233831129772,0.72365389225659,0.7748890075858317,0.8262709649440931,0.8628044969319095,0.8777060703873341,0.9760575018948403,0.9066151191229004,0.8961476262137891,0.9112741471114454,0.8967063416777572,0.8567211361116345,0.7372872877925303,0.2737341511976209,0.35294953023438447,0.41182187921874847,0.5766308064542378,0.8527904475656769,1.0630997432652496,1.3121722208668656,1.463339730789148,1.4592185009302854,0.9080670817529586,1.5472499577561534,1.5168907985904059,1.4072835729810367,1.2309599320266935,1.0978956029788713,0.7842950135270642,0.21427991645050837,0.2037055747910096,0.5070325794266529,0.8520944166152493,1.1034081941217955,1.2550803355409703,1.34596747987788,1.3081599852275498,1.3204605626213262,1.2274416341113223,1.1621834992574631,0.9857460674680957,0.8581349585875065,0.7363602175608848,0.6150986419712873,0.5124145735634024,0.3457546772373812,0.1296598214497303,0.42773035936241555,0.6180753772688309,0.7245238967927197,0.7637849790565355,0.6877302173617167,0.5028285845731815,0.4855923471835109,0.5740925717185107,0.3673206971984206,0.4482527667618839,0.5532954537636052,0.4457701406781561,0.5582464518643321,0.3311826087384366,0.42849890164597587,0.7241195078662419,1.3987341020401163,1.1583017892466845,1.089865601211868,0.9273060597287834,0.746227588152973,0.5651697573032961,0.3997586682109371,0.30520024198522644,0.26063534068934757,0.18184997977185224,0.13067045436700675,0.06306008182043377,0.028357147516914538,0.05101939694625468,0.2527237824378971,0.8558622234762339,1.0737223012161554,1.0375683369249509,1.0975329623175454,1.0518446023739012,0.8433340030563454,0.648333345585735,0.5224823206339695,0.5557794069001316,0.29983419111710785,0.19733458868791187,0.10938018492363333,0.08813948321793552,0.007274340479048957,-0.021562742750541264,-0.05759413246555234,0.07570741712931245,0.5178178065362755,0.7448444079021717,0.7897936906483322,0.8009603286112517,0.8166250766427265,0.779772543207168,0.717708407651505,0.6595074426607193,0.6566415257202254,0.5786040932570415,0.535751771666559,0.5382358777559799,0.45788039220365506,0.3998564742367853,0.43635793046312826,0.5276941043602073,0.685992629779225,0.7911143328307448,0.0,0.0,0.0,0.0,0.0
2025-06-01 17:56:58.475,0,0.0,0.0,0.0,0.0,0.0,0.0,1.1539985931605479,0.7073275090956774,0.2594356564843696,0.009991097570127394,-0.10009763269250449,-0.03788470461748472,0.12263135871028352,0.2458887084305108,0.36115427676745504,0.49498690870644113,0.6483350353642692,0.7814003016475656,0.8420759983674995,0.8922393363537827,0.9748291296052066,1.0815436728335275,0.983030313139239,0.6211710681377483,0.3553099941894263,0.2838969333453599,0.3357405930335724,0.40885524289166586,0.523103374003747,0.6400490049017233,0.7399130648753753,0.8254931183664505,0.7645069264101294,0.9476701010664969,0.9912576714777082,0.9903871006784263,1.0288592790130806,1.1241451130260716,0.9019262310284699,0.43869585600744576,0.3099531756934073,0.36463143452341473,0.4671253689996957,0.5153147436852026,0.5947511489571196,0.53994220215082,0.6535802396369403,0.6943879113790661,0.6215387979718767,0.6432505344956273,0.7033718090093152,0.5535328081858222,0.5929906480215784,0.5558355342349135,0.4950892113666763,0.546132817103696,0.5969124098113973,0.6674626814146454,0.6762257787742163,0.6261373387601237,0.5396453585441067,0.5002267273225924,0.5236845328414322,0.6961324245481338,0.7786731470279011,0.493433471834992,0.5809337783467854,0.4802434394979457,0.35382582323083955,0.7212263566757265,0.3366916329798979,0.2510134793886485,0.30535261546712533,0.3255608157870571,0.4246254253822992,0.43326902109057497,0.5060581144157712,0.5738357922144115,0.6421575642632618,0.7546090305085502,0.8013884623342045,0.8688980607035193,0.9554292289127545,1.0126962474728671,1.0633548023503494,1.0606595603916884,0.9748556931058276,0.18237382285055098,-0.0022448912719051917,0.3150396781778857,0.5180108948762965,0.7024088733788767,0.8123587591717758,0.8897846470205155,0.9537378168706234,0.9625912081983505,0.5635660331982946,0.9433022288614168,0.9100242933238268,0.8483227168879864,0.7732750019145261,0.6949324748422154,0.5859577813689156,0.6810786925980571,0.7835357796982302,0.9519782286718228,0.9669678354395186,0.9121160132276998,0.8413426898468355,0.7915315332468507,0.7254787894710226,0.6750757972696875,0.5931955720456292,0.5800897212368141,0.4783008300023903,0.3979599510769085,0.2708765379319603,0.11264147667500002,0.17743933498704456,0.751782327960125,0.9520611865554809,0.993889412491491,0.9295534888980643,0.5055468626552573,0.5353024611568533,0.3984335651823541,0.7911421759644779,0.0,0.0,0.0,0.0,0.49958743884831713,0.5936699473275127,0.5671852873553959,-0.03142236979184532,0.48186047733332554,0.7571066598953112,0.7432711042501252,0.725986144256458,0.7183969550400522,0.7765374040712472,0.8293383620883574,0.8538310403991436,0.8713339581062871,0.9668047005888063,0.8974877829273029,0.8879004858860589,0.9004537172690759,0.8843909627879665,0.8479010060963854,0.7158591358128561,0.2768760455047702,0.3640533658697025,0.42643630606277494,0.5772254046684018,0.8547683418103491,1.0643761438020651,1.3051968761680293,1.4526962194187754,1.4418790974428808,0.866598543857676,1.5244464452732522,1.5031071598567918,1.3869007230973696,1.2156679185714498,1.0795053187349624,0.7668340571027853,0.21429980279917876,0.21919587362204707,0.5167372455064326,0.866035404557991,1.1156117992269037,1.2529266515167763,1.3476296672571833,1.2978593533851337,1.309010659446117,1.2116183835904888,1.155470551149815,0.9748301212155431,0.8460225845884556,0.7225489921652437,0.6035714650743801,0.502862542639608,0.32558303129671856,0.14828910097563008,0.4441126289219105,0.6286848425890631,0.7380152918657673,0.7366103748362055,0.7067964069444778,0.4836931576868023,0.5477711489140151,0.504736903338037,0.3167881546953399,0.38629612188660206,0.6530302168687393,0.4058554773454143,0.6050275064370141,0.3226894905591687,0.4205644528052513,0.73017597765531,1.4007143161034699,1.176988941340121,1.094578914942001,0.9382012711537553,0.7424649073388874,0.5472664712337347,0.3871241399552803,0.27702961860076547,0.23180532761622907,0.14502311858943662,0.1158717603378725,0.03171647424743895,0.013518056118925537,0.03974731776111262,0.2729073394084805,0.8740438623519102,1.0959185285778195,1.0552222903134039,1.0982061819276434,1.046602479495076,0.83729282439355,0.6429330995486,0.5057044355774807,0.6446345830169763,0.2779582369301965,0.17152233159656194,0.07911698142923851,0.0642852835827713,-0.023161297617557697,-0.05247179622419018,-0.0672900822741555,0.09287318729807781,0.5573176308476222,0.7719583451904095,0.8010637865122953,0.8129737887342445,0.8233357735095548,0.7698498939612772,0.7069589544888357,0.6445021647784266,0.6289938765857495,0.5471647813518947,0.5090515155910535,0.5049741239582131,0.4270386127910949,0.36679713976105444,0.42351549085086454,0.5479075594228412,0.7131554261830199,0.8244052632200929,0.0,0.0,0.0,0.0,0.0
2025-06-01 17:56:58.480,0,0.0,0.0,0.0,0.0,0.0,0.0,1.1979354666913105,0.742203786433719,0.2881124035573339,-0.010056928375797192,-0.15980867522300624,-0.10565736177395735,0.07439622734541196,0.19559022162572104,0.3291509607469981,0.47286304894738085,0.6373616554110797,0.7710579064689641,0.8497713776299483,0.9014206538828898,1.0007584267954361,1.1153344087642356,1.00407639203108,0.6077558223787105,0.3060101893294642,0.21703970764059022,0.26531925234873976,0.34940799725316873,0.48440803059558757,0.6080129615406822,0.7204836859763362,0.8124412763312994,0.7167434796983222,0.9460096270734054,0.993170441452842,1.0045772182829882,1.0493147119869461,1.1592068690291177,0.926717333393871,0.41088791521314016,0.23915475403231368,0.3089012462493803,0.39726122483805604,0.437764466402939,0.5571668883009326,0.5128018379982575,0.6120474848634934,0.6680313846500701,0.6255909493583627,0.6281728360070759,0.6963186784665417,0.5786242136832485,0.6162347894172342,0.54636803279504,0.4463026624077525,0.4655348259227897,0.5051055586915637,0.5609532632353944,0.6042046567949053,0.6908334188508913,0.8367322549845688,0.5429636963735252,0.5969444978287334,0.5856592259194188,0.7299671091825246,0.46486879663994884,0.549202480446118,0.5649016659432646,0.2773737256520601,0.706185773144374,0.4429117019179491,0.2120973756594259,0.23403475510345018,0.2319378861273944,0.35609637962933527,0.38644982439384346,0.4808194670287165,0.5582580153405747,0.6327699527787283,0.7454210923074727,0.809452947529306,0.8793932976907091,0.9782283140071525,1.03627388950953,1.096400548925615,1.1072926236556624,1.0295199214844137,0.21171393758001117,-0.05861635380619068,0.27094814215000596,0.47551497191642245,0.6674448748063655,0.7896870044794038,0.8709355063187814,0.9432150918187379,0.9576282738678905,0.6264561061869722,0.9477725934802017,0.9148930080037626,0.8518654036692984,0.7841960912281248,0.7045937525995447,0.6040763136753416,0.6576161490903971,0.7552248698730267,0.9212071126622576,0.9415934781070814,0.897606727384521,0.8263604080502087,0.7792862263609148,0.7142410101717704,0.6681464656535507,0.5866638408301119,0.5722457110806014,0.47758726079484504,0.3847509081025855,0.26590735610754945,0.10585502030277139,0.16373274274628963,0.7387423057699821,0.9522314602909612,0.9837082847063998,0.9251025528331951,0.5623319975329044,0.3999408927492862,0.40337666184002346,0.6614200304368143,0.0,0.0,0.0,0.0,0.37832505906646097,0.4842925457110094,0.5865935703420682,-0.01646512688627033,0.4843099179409332,0.7633874937397832,0.7482848112682423,0.7342896683464105,0.7223529520958492,0.7832959394890884,0.8328207030902788,0.8591899217138033,0.8680380059176303,0.9618795419237056,0.9001005467921068,0.8830193481875857,0.8921450220184788,0.8752169793302722,0.8354493265016816,0.7053742956054088,0.29010052216091703,0.3897466321585117,0.45898797665047475,0.6005265999308629,0.8684461197113971,1.0766101434310986,1.3083875059596703,1.4439809841378783,1.4336511713993068,0.930882427932066,1.5030123816311862,1.4831572800193196,1.3625543220387553,1.1906574553088007,1.0514322696616472,0.7313190706572359,0.21611239733536697,0.272292372923709,0.5576035552104465,0.9054741108951798,1.1448263049221854,1.2661400904101823,1.370263303139168,1.303100624203984,1.3027821416026173,1.2035823184876047,1.1473872911736036,0.9616992330545696,0.8308579566260642,0.7033116696388122,0.5836514531526631,0.47582689272005285,0.2959819987812823,0.15514594835356357,0.48473328039191454,0.6722650372877735,0.6847831317498783,0.7429667305043497,0.6880748465355869,0.5549292397999652,0.6518530917232404,0.5027835327408652,0.3334264532806948,0.3816032587922887,0.6814693418977242,0.36182268280377894,0.5391805520456259,0.293913198931773,0.4057722413089659,0.7234366370886605,1.407127939760976,1.2094258944064669,1.1323570276803547,0.9490192880053279,0.7576289583492553,0.5633146408086249,0.3924462541398479,0.25562170041193766,0.21293584536045262,0.1082176991914352,0.09424001033223695,0.00046109522056603236,-0.009794119046714012,0.021419351299303058,0.2995561537874298,0.8952985304233907,1.1369094358757699,1.072041879289848,1.1293550528825365,1.0576006693954085,0.8462362817817883,0.642447424055445,0.48667395849388373,0.7795724925493982,0.2427337025828793,0.13633362743288768,0.046823322019650115,0.023865164379840542,-0.07204940223955325,-0.09806380278667992,-0.09328428595842309,0.12064904293788287,0.6138381859716298,0.8148965460572795,0.8400339823175763,0.8488721746827765,0.8566862067121757,0.778784273727231,0.7129627326904053,0.6316346268943855,0.6010792525613609,0.514283536845556,0.46579802285188365,0.4528671340365005,0.3759663651424777,0.3163124684668427,0.3936431417629674,0.557253936433524,0.7698877747263525,0.8828029819170842,0.0,0.0,0.0,0.0,0.0
2025-06-01 17:56:58.483,0,0.0,0.0,0.0,0.0,0.0,0.0,1.225468367058317,0.7637081360155525,0.29503721362729174,-0.030238525584560194,-0.1947425714013642,-0.15249084952527125,0.04288267429832893,0.16845387297864267,0.3110604788706647,0.45495084855924417,0.6228139464710805,0.7538835822050384,0.8432474698105528,0.894496988115458,1.012453175951331,1.1348457520954613,1.0082467196708373,0.61182410980881,0.28037149043993737,0.17926811026230627,0.22626377446239654,0.31940729929749656,0.4522129855427568,0.5836657142122941,0.6955327899238548,0.8022904094368555,0.5662507657113133,0.9373684365770002,0.9897424052642094,1.014752812833071,1.0631004996549787,1.1909235968114933,0.944736589834241,0.40790671723979266,0.22125970875690681,0.28071498343110357,0.36075598482716265,0.40927929858005263,0.5286462758197188,0.5053362711322045,0.5958956917162661,0.6586836764378328,0.6423711175071238,0.6101916444364018,0.701608397021723,0.5968902615826781,0.636842000513674,0.5633575104591975,0.4493856792867923,0.43168199527858664,0.4588342205769401,0.5189053319232226,0.575764457924298,0.6226897242599252,1.0139071775543076,0.52282941129089,0.6274836200697979,0.5408433956486376,0.689833441530087,0.5138603612623494,0.5350018606297371,0.5580556883320391,0.32493779674933654,0.6868900049650135,0.4856089712437573,0.18179238678513618,0.20274676549956638,0.19750698365248054,0.3295336697963096,0.37126258291643777,0.4825035157069406,0.5574579836348963,0.6365922458048756,0.7538991067987593,0.8210942093150992,0.8913858788738167,0.9935440590944696,1.0574895088100662,1.1144208931975819,1.1300296437293866,1.0491176097276322,0.22745749575199437,-0.09324820946726409,0.2562219652671873,0.4627002878836852,0.6591127211771408,0.7925357279956482,0.8708022176305548,0.95016687402082,0.9652165241967341,0.5931893529069856,0.9574969846592574,0.9245069731372321,0.8626866740597884,0.7974936138798719,0.722081855217154,0.626438206074024,0.6610206754378763,0.7504452402352811,0.9122496025230826,0.9380386007502566,0.8987651035101896,0.8338007136699039,0.7818782559904482,0.7198183666307165,0.6752335639292284,0.5932187685698151,0.5829107077915443,0.4866966079784809,0.38482682475230723,0.26904440839480814,0.10568624882003386,0.1614738039316993,0.737936017734364,0.9564640705213538,0.9880826457056839,0.9295034833006361,0.619684070185905,0.4188147511707075,0.4291197234704101,0.5515753677251279,0.0,0.0,0.0,0.0,0.306925496014018,0.49154552152412273,0.5424750809744743,-0.0190104482101891,0.4813839851339859,0.7651835541243073,0.7580707027987352,0.7432830383115593,0.7333501859748379,0.8017497424741158,0.8388623375748714,0.8810558478201962,0.8880247819788831,0.9783562243063111,0.9157656073281704,0.8915186700130118,0.9007890161581262,0.8801783684558957,0.8347431963858336,0.700300887115979,0.28246125819682594,0.39801981044714363,0.48050039517786214,0.623262322272707,0.8848850627948843,1.0992844392362433,1.3367750149536604,1.4585039863137295,1.452146416943567,0.9873714639485067,1.5107697598766423,1.4864365256078802,1.3663349866279793,1.1845044405666867,1.0384223941461463,0.7137608452938745,0.22077840533102544,0.31461516584887683,0.5935699929758312,0.9471088663437921,1.181431919944398,1.2905781148460431,1.406937528966591,1.3291970268308242,1.3209153972899488,1.214135146740932,1.1648839546316028,0.965429640618776,0.8300732722054885,0.6935691165950089,0.572292084400547,0.45935983416492066,0.281968862440321,0.18314542630357114,0.5250345709115016,0.7278831296301317,0.6012503755390591,0.7507289928056463,0.6193263442747068,0.5002264229912465,0.7182106780135924,0.49454910887918013,0.30999871938290674,0.4061253976802844,0.7393506446872066,0.43281037658666244,0.4510714174487761,0.2790965705840209,0.40105414410405266,0.7373946844143663,1.4577556119283492,1.2561099234790793,1.1912919992828899,0.9786327362915483,0.7912981284591949,0.5999251974243918,0.4189040884020294,0.26302647697682313,0.21471527725027784,0.10554540640413523,0.09269320785824009,-0.013618290190925197,-0.01786565327875289,0.021383194072587042,0.30995801648660987,0.8964406873794839,1.1559132151532365,1.0807849193633514,1.1710743977672857,1.0909070805469867,0.8909928096405011,0.6678779616377917,0.5066706490674149,0.8338341130874113,0.2488973865484656,0.13383907869052192,0.057215948350057166,0.025371184054567286,-0.08065831012214664,-0.11322832330865074,-0.09525167543869195,0.14001844239420408,0.6324434343943726,0.8333693228903463,0.8696526915222565,0.8909433176362773,0.8952445598868524,0.7999007097401316,0.7419351109593846,0.654663544011669,0.6185137067718856,0.5269457107603892,0.4698740610693699,0.4422747436669985,0.36603189147560367,0.30833657961715766,0.39411646414055207,0.5711970430698805,0.8066051435711151,0.9458410358586631,0.0,0.0,0.0,0.0,0.0
2025-06-01 17:56:58.487,0,0.0,0.0,0.0,0.0,0.0,0.0,1.253709376943014,0.7899206664358933,0.3054132771780387,-0.04763641857892342,-0.22631347808772628,-0.20341321500214293,0.011793645887796522,0.13560141202805587,0.29081702967266054,0.43583424417056005,0.6088449223833288,0.7406452759841119,0.8407823727032313,0.8985922293377869,1.0137499168456126,1.1593712631918816,1.0195816183118385,0.6351839484907038,0.2694949426453528,0.14594032956665426,0.18688598833766967,0.2863024379116137,0.4134368803467363,0.5600188774387449,0.6838026274750464,0.795786974115166,0.4554463382172155,0.9402850847934282,1.0019940355386379,1.0323873218727084,1.089236250594034,1.247688424832468,1.0048019555501204,0.41860472297742546,0.227200515992953,0.25417426987347724,0.3242120191396167,0.3901359004531253,0.5017492375408188,0.5129288178745701,0.5709334063511267,0.6664584192061309,0.6431447467283358,0.6137843157057369,0.7065110609668422,0.6220000399358123,0.6341642852181099,0.5934942977172493,0.4603021300560841,0.42531307596420487,0.4410822260395143,0.5115242326073437,0.5747115623392889,0.5534067012377624,1.0407217625535263,0.4136053157799167,0.5964527519245358,0.5292634318162616,0.658346965841398,0.5097390831162336,0.5299559916903829,0.5472066160965544,0.3963900894610689,0.6563457616909498,0.5040783784096305,0.16386625900905136,0.18532070833725778,0.18253979292893163,0.32251222334630447,0.3605906918968973,0.48067333038529636,0.5457954205681872,0.6340597243169122,0.7471638141453165,0.8215790630730737,0.892082332446686,0.993607052941445,1.0576261990734885,1.1125884608153815,1.1343200268469413,1.060148127763753,0.2522424186201147,-0.11660046396164647,0.22950915696294993,0.44155381758366063,0.6445644144986862,0.7847447417831641,0.8645708334551374,0.9401603996812407,0.9627626424954048,0.5158267269436139,0.956624087950104,0.9271975198667274,0.8696497161657563,0.8068739573876952,0.7345215880787885,0.6451927441299178,0.6804500527329364,0.7605124205030954,0.8989672470828993,0.9261993511662021,0.8903725529904396,0.8308305309890083,0.7740209823467126,0.7171332778419015,0.6698952123851492,0.5920974117603204,0.5788369799290007,0.48182061761481143,0.38315119546719045,0.26548972730093945,0.10702659542331816,0.18537516469914178,0.7669514004876128,0.9695669348186611,0.9949240721077779,0.9368280502008799,0.7442983458370365,0.5369401677473911,0.5387943191549591,0.5397826600377393,0.0,0.0,0.0,0.0,0.281174465115796,0.606143833604722,0.4837799263366982,-0.011802181289407576,0.5089079196956898,0.7750277532328,0.7677418380416137,0.744919856044936,0.7337248121557163,0.7996833012136342,0.8327503638229135,0.8630027671646583,0.8559316881280381,0.9517975943040815,0.8891458789210769,0.8632765006602332,0.8727405413854412,0.8463880825907042,0.7987836452367403,0.6557350102169612,0.28383952387161476,0.4158942322301644,0.49652046837907515,0.6321786926091468,0.8849255448460391,1.101045635619628,1.3302229594334216,1.437983588176371,1.4289901787679982,0.8443704240293763,1.4753984287958728,1.4422438293244753,1.3306551979686745,1.1474288542601818,0.9948514849975646,0.6585897377410697,0.21570796874321663,0.36945843466850736,0.6320544782034602,0.9787845369692982,1.2055632104695686,1.2938128884759637,1.399891126552792,1.317131576641114,1.3012413242373393,1.1847806621196049,1.1324574806034562,0.9333130130491804,0.7952452676990508,0.6583076734474329,0.5325036436794702,0.42303072619767257,0.24858962962340686,0.23559762767703077,0.5931773885919375,0.7806992584162021,0.5534299872291132,0.6229085018688733,0.6177267141368442,0.40233415874975087,0.6672603612515435,0.45406541848468784,0.35642095293512094,0.434275613728106,0.7806182962191889,0.5757447351400166,0.5388219694684445,0.24548195850917104,0.38952167410344013,0.7632373429265875,1.5198173841061493,1.3159068683225317,1.2393090053452527,0.9876141994456828,0.801624384510043,0.5879266814323745,0.3943853246451794,0.23174275404402356,0.17565223626376048,0.06957795458408245,0.060998572571285825,-0.052334105607542036,-0.043839564621931615,0.007512706319754203,0.30503611545926496,0.9240572816100887,1.1812766505367394,1.1074162237519989,1.1898412597828845,1.1061689674482154,0.912231793835943,0.6704370381555609,0.4964074683489421,0.7601860311247858,0.23504629406178523,0.11030513888952997,0.036121146559571216,-0.003774906639512965,-0.10780996404482435,-0.15081321904995704,-0.10607339487399797,0.18452357362766364,0.6763813837428587,0.8692865341250713,0.8983249677626196,0.9275138907175278,0.9192745257636674,0.8159857823502703,0.7547141434993412,0.6624986036714509,0.6101874112747925,0.5109114659560827,0.44109627904548,0.4054977231825563,0.33066076911715714,0.2834328197350553,0.3838216054452345,0.6015269271080067,0.8495881112720044,1.0053855874124964,0.0,0.0,0.0,0.0,0.0
2025-06-01 17:56:58.489,0,0.0,0.0,0.0,0.0,0.0,0.0,1.267343843943869,0.7882451674306863,0.3185703333700538,-0.06545738560993308,-0.24634265414357626,-0.22716652351590705,-0.00810996808852893,0.12293016108454335,0.28542202870346867,0.43959154168067593,0.611885056970328,0.7456878037715625,0.8551564617970111,0.9186371867925615,1.0275942105262783,1.1779659500179962,1.0158106304803538,0.6369318251581118,0.26390194673338674,0.1268782393919511,0.16790357984221527,0.27252459798206075,0.39354649071516845,0.562716676389633,0.6994816062488107,0.7984155792239129,0.364858436811497,0.9571305966257663,1.020752224484847,1.0524880674711339,1.1001648618644424,1.2998943474636566,1.0420197123815138,0.4065794263190523,0.2060764583254452,0.2263158872804294,0.29983850062193795,0.3804000771283027,0.5044173518414692,0.5442261640121717,0.5571645305403472,0.679622973667489,0.6400360979427071,0.6440535087921432,0.7308371940184274,0.6602827423144664,0.6241871621031352,0.6181507130271873,0.4626133640714122,0.4165507945353706,0.43284855526014143,0.5131905760632833,0.5806541972711774,0.608796962137578,1.0739092458524004,0.4309777065444131,0.5702461696626996,0.5767037224650315,0.5376973054671766,0.5462829304060547,0.42648372763142756,0.609515138410083,0.41282085364084764,0.5699061145724175,0.5041937813350801,0.14678878261430464,0.18628871589959928,0.17046192956071105,0.32143637801858516,0.35903962465506956,0.48624833115160215,0.5485967087943411,0.6408912840195298,0.7365568771615165,0.8228289016829757,0.8972403608852488,0.9939321080852664,1.0474995719218505,1.1109498684359151,1.1400077824451187,1.076817267002234,0.2733426973785139,-0.09988840716753966,0.23833982502126672,0.4398248264096476,0.639873235098231,0.7850839047428892,0.8633752757374196,0.9303062752222457,0.9639802866997995,0.561458915824016,0.9598971378360381,0.9242792295382741,0.8695207930191721,0.8129334686211437,0.7349533945990641,0.6549421018944716,0.7069593798636463,0.7794575403578757,0.9129364043717225,0.9277991620096209,0.8979405291732474,0.8309130009892567,0.7749121311916114,0.7204878002994537,0.6686453126013456,0.5972456149254151,0.5680302011647715,0.4865939887987518,0.3891748305656937,0.27293040751692244,0.11398970267111086,0.21983661153654088,0.8006472582002843,0.9948021256687731,1.0108391228042561,0.9523372001281547,0.8053763694258351,0.5975107031962033,0.5890712882044713,0.45531602272801674,0.0,0.0,0.0,0.0,0.2968372719119835,0.5994090741867322,0.49055765331981294,-0.01023364485685474,0.5356034836524386,0.7931543733377321,0.7862207302190276,0.7544658485620784,0.748947039485339,0.8117731130811727,0.8520634410473629,0.8659286401826041,0.8284824178607098,0.9413578383039773,0.8837024675987495,0.8422459804152898,0.8431244004769134,0.811652390527748,0.7599679797135088,0.6048444692278074,0.28388294657431623,0.44419970108354023,0.5308873505033913,0.6550457984438394,0.9060703077077046,1.1230356523489609,1.3329572716842093,1.428285322488031,1.4270453404391195,0.6821452781525499,1.456551931629825,1.4046133703034882,1.2956614113330378,1.119110592666332,0.954271333852471,0.5997514165428568,0.17394286468106496,0.418488782823526,0.6838230413954297,1.016751685106304,1.243954186290607,1.3224025036224447,1.4140723487201758,1.3271462888002252,1.3062354488177945,1.1858159867530977,1.105231196017256,0.9216692870309381,0.779291497884525,0.6404757085985731,0.5005359913414841,0.3890448213219331,0.2162559824760159,0.27191356006299955,0.670658231617898,0.8435715919906733,0.508493752186429,0.5224576670017335,0.603960073211499,0.34481525992768836,0.6176814047298624,0.4471356639540447,0.3811899453424396,0.5571356154335008,0.7644417852915061,0.7498899405246402,0.6231962716743256,0.21750266178267147,0.3804323713890791,0.7856159166230252,1.577792272504749,1.3662581090028294,1.287938429029619,0.9967020935936635,0.8092579920168446,0.5859504396463464,0.3908286820628757,0.20955697860695288,0.1534947722581812,0.03900387010847961,0.027816517652388795,-0.07649267589827813,-0.07981627505128297,-0.007594522200473075,0.2860573978040412,0.958070344485241,1.2203054794777954,1.133660622960234,1.201801106737428,1.110344031143194,0.9211757811376384,0.6786704524442937,0.47543867645576987,0.7500017833694321,0.21190146969986823,0.09569210962312535,0.014553290243966455,-0.04416881473934364,-0.13151845680521213,-0.1838271775862263,-0.14197506085246525,0.20297193669114683,0.685998299288334,0.8915373255037764,0.9117185533382376,0.9371011902999518,0.9215047647035934,0.838719406946844,0.7563742144115762,0.6575249928041649,0.5955011711230256,0.48638304705590185,0.4065017048388151,0.3723812381235472,0.3017893845852432,0.26232452091933367,0.3637699038310948,0.5925660620698051,0.8534729373357609,0.9946745545632742,0.0,0.0,0.0,0.0,0.0
2025-06-01 17:56:58.495,0,0.0,0.0,0.0,0.0,0.0,0.0,1.271843617683215,0.783562782295992,0.32413426335927153,-0.07628945388687647,-0.24398377369556812,-0.22187839907675566,-0.01240694509515372,0.13575296190683594,0.29225907033021714,0.4452768478487006,0.6141796256332279,0.7495313953649848,0.8609935722009741,0.9224025799460654,1.0304671210640222,1.1703778085359986,0.9855359011975364,0.6247064353228051,0.264374676258755,0.13128259462266334,0.17574068902065898,0.2819488380026898,0.3985943135385468,0.5781985637681877,0.7116767075067649,0.806130735764421,0.3428974915359879,0.9653273280348603,1.0297132850717954,1.0609512619205599,1.099184188888242,1.3286490695541193,1.0246462980486377,0.39787549945654466,0.20567698234468634,0.2136442719902898,0.3034083459201782,0.41241385447877255,0.5351799307440142,0.5641999965022919,0.5705781410839059,0.7034714275714835,0.6478158084657577,0.6650577926396123,0.7636639705618643,0.6819875692778186,0.6268805322853269,0.6286737338183814,0.4673626870072597,0.42773832719501115,0.45819623157483325,0.5409304043942176,0.6012885185197052,0.5594472638273051,0.9207469705234812,0.40939010983989316,0.5526229041442899,0.6444016687974202,0.4551368175199699,0.6171529285113387,0.2935772154638505,0.6127036960800737,0.4383556296387201,0.503047460595741,0.48798862499732004,0.13724972753554035,0.20346127008393422,0.19025191332229818,0.3425453029124512,0.3787267442515516,0.5098525380463939,0.5671995241523893,0.6592224325526976,0.7520877180861842,0.8362259106145162,0.9106276933700859,0.9967985226350028,1.0511298374860303,1.113798123947527,1.1465844298909733,1.0832573019998213,0.2640974729290088,-0.09907545676453422,0.2545009283829862,0.45646339213643117,0.6523790227793655,0.803369988398094,0.8777859042040692,0.9410389731531059,0.9798648874148317,0.5692160982916161,0.9689589915001757,0.9307812328635768,0.877408419611997,0.8246585701422032,0.7434249093266518,0.6615819405391452,0.718624471747964,0.7863310593034537,0.9327284922141468,0.9422322032693471,0.9191091108894656,0.8439101347363296,0.7871837223718097,0.7350270585450485,0.6837018944548576,0.611511690430754,0.5786422342726618,0.5097860023716758,0.4162471398413039,0.29407921534854997,0.12222028502021653,0.23498492269568377,0.8009480169812512,1.003493423709895,1.021357553733235,0.965119676336825,0.8464505124880541,0.5856615948791626,0.623614938237852,0.38251162007715267,0.0,0.0,0.0,0.0,0.3706507065835647,0.5924914979859908,0.6116932259828202,-0.032378552580295816,0.5274793626366316,0.7946863914486573,0.7999169650900682,0.7659363360849522,0.7722448233947161,0.8399091457576062,0.8858513921330089,0.9028205284635438,0.8563263573594786,0.976054888052238,0.9109598997901003,0.855169013179361,0.8456377192150184,0.8113878630581022,0.7515342400881333,0.5759783193696275,0.26143203454338304,0.4533620060232618,0.5472946261023894,0.6814060925842049,0.9395506183879683,1.1590272746917183,1.3700027583730163,1.453898179231561,1.4613355063943925,0.6302948203694014,1.4826889911807566,1.4209831877303958,1.3069870043989142,1.1306665409859749,0.9520594110581887,0.5825676813733107,0.12377332863415562,0.4344189356646607,0.7164224502045177,1.0530717256750337,1.2858521186815368,1.3692881274516993,1.4556675966696653,1.3696672321789236,1.3525166263695727,1.2237746225697306,1.1326999445869297,0.9457948993856596,0.8006455316362137,0.6495913705811824,0.49605476723151665,0.3815327094064087,0.20949611950552677,0.28938167251851193,0.7254966855610131,0.8990931130518321,0.5079684410417482,0.5642589552793094,0.5029099561629423,0.3990824013298502,0.6202762304212408,0.3768359728378703,0.324730513333716,0.6105870413860508,0.7359066228686872,0.9924650663343133,0.6206694486019338,0.21796240890532376,0.38851049379258945,0.8184442623892766,1.6508387412745247,1.4013148826206363,1.3358551811397636,1.030000268346325,0.8322623447391055,0.6264386824665578,0.415453865720969,0.24280597477237187,0.16572428071495215,0.05083887335910742,0.01866296120816502,-0.07466022585807508,-0.10292791721454975,-0.007974900917962158,0.2880931388105548,0.9948432900581732,1.2493075491024266,1.1524875817574363,1.2237838420543872,1.130097055029817,0.9600670030485454,0.7117305042765556,0.49963830617358274,0.7517106634722682,0.2191436521544201,0.11671415765312831,0.025770130915798717,-0.0439645545300098,-0.12554473299202762,-0.18523829115427565,-0.16301717111446962,0.19929316554749216,0.6916956037659834,0.8982067890961081,0.9325363863490846,0.9582956578175024,0.9481417965165058,0.8677552278560952,0.7868929894759646,0.675987808422188,0.6070612025893134,0.4963273213403754,0.418066253999253,0.3819726934398697,0.30647206569736907,0.26871745045535855,0.35716036022775627,0.5694174352274731,0.8476423877109237,0.9863757166160649,0.0,0.0,0.0,0.0,0.0
2025-06-01 17:56:58.497,0,0.0,0.0,0.0,0.0,0.0,0.0,1.2466873883552014,0.7673015791020298,0.2938323834588218,-0.08734719803546553,-0.2462347588674324,-0.2056909572551313,-0.00017940665974036651,0.15461785457043253,0.29634100879391767,0.44502289904820236,0.6084541257178633,0.7483408724603905,0.8571053085552904,0.9121386376598358,1.0101178405541917,1.145012324972314,0.9555816487568112,0.6251800784890371,0.2829579223086721,0.1567752184720138,0.19720608355917868,0.29854032161433985,0.40525383382849944,0.5864486695602456,0.7082563949463623,0.8092027739226224,0.4508633725104517,0.9564231605131605,1.0162738373047555,1.0395342792021547,1.0822875320944858,1.313918806356591,0.9819316134273086,0.39665302970603455,0.23666241161611634,0.22497955407956294,0.33477502270579196,0.45005548414071606,0.5511329078915543,0.5644224633337014,0.574832827714884,0.7279164141175543,0.6307084830177736,0.6583637355538986,0.7598393754227578,0.6575991303117481,0.609264143001119,0.609321671342077,0.46300183190509336,0.4710232182598755,0.5097354571034539,0.582202956459569,0.618654816346174,0.45759159000239374,0.5745980407246212,0.3099866225450281,0.5392542822693248,0.6335099077506906,0.4910282201574194,0.5493521259577189,0.3130556714687655,0.47356845793289204,0.4759405552932462,0.518348790375551,0.4471987836708368,0.1450211695645672,0.24092091986449626,0.24160466863485142,0.37379368935106494,0.398660725167449,0.5185926403466901,0.5634232301873368,0.6577399084610971,0.759367912691558,0.8334716094309484,0.896835769844682,0.9759534425404292,1.033445425048658,1.0813988127196703,1.1151067941253885,1.0413248608515664,0.23748102605536292,-0.07795993781429833,0.27820380944567336,0.48586389954451326,0.6690776042865341,0.8117506362573064,0.8839226572345726,0.9447037539008019,0.9754367957347128,0.6087640984110585,0.9527858959111148,0.9169041473819782,0.8606092990154149,0.8085700286435872,0.7230525471022367,0.6277550431704845,0.7349240890025478,0.8044223982160871,0.9558938925405354,0.9557440736937022,0.9227168910345853,0.8384715468713122,0.7788000095312273,0.7283760607089889,0.674026877734412,0.5958087498559528,0.5673734083858617,0.4931302879368473,0.4082976918978163,0.2741416529873485,0.10259778262283026,0.23906747589261773,0.8080126572012832,1.0010394684949875,1.022525654985074,0.9623933449485305,0.9458294002674783,0.6525564282689207,0.6153021255504951,0.5142630621459415,0.0,0.0,0.0,0.0,0.542897589295967,0.6235409672215015,0.730548529860932,-0.02022167965400795,0.5322303773109895,0.7921445002386835,0.7983165128214638,0.7623603228061412,0.7665682220306176,0.8334413138045826,0.8798366097853592,0.8973556170421233,0.8587565636449188,0.9676364744343817,0.8956461264329252,0.8479462427543598,0.8351391529578722,0.8070335062202583,0.7425912505829497,0.5570930757112802,0.2624603010759924,0.45439264461105533,0.5338269181408357,0.676220804631759,0.9396566902201335,1.1554886524431858,1.3703575169665063,1.4539893113955624,1.4550972048881643,0.6761434327810949,1.4849233522843708,1.4291750911126204,1.3138731755699604,1.1378976434532633,0.9591526741224935,0.5922063624584124,0.12067752756869048,0.41582766378988645,0.7070334312650978,1.0417332809533322,1.2760679882739865,1.362002811271777,1.4428431322587065,1.3724289718810383,1.3556467576622686,1.222374990074956,1.1439379320283392,0.9469788421057109,0.809052140802606,0.652583842968234,0.49913457934207117,0.3878930745539587,0.2138429656995116,0.2750673061012115,0.7085375131389947,0.884720309513232,0.46179528962159155,0.6037908832169989,0.5068111097665582,0.5275055404688929,0.5296909260486746,0.41715206846157005,0.307979699775024,0.5765832592533824,0.7405050164576074,1.106808546652391,0.6603045498442652,0.21920569816104823,0.3874880399547394,0.8135618483269167,1.6540213752910387,1.3675795725956783,1.3030363065607107,1.0024073238204911,0.8064723135650975,0.6053798799786438,0.38609551155130206,0.23707039856011636,0.16319334820801146,0.05013072686084352,0.016041879269056425,-0.06985729315301636,-0.10816038922541538,-0.019197665442328926,0.27664837952162075,0.989750423955025,1.2148348128318305,1.1247841342476157,1.183677609996142,1.0932696371810027,0.9245017138903582,0.685194148456677,0.494125049538652,0.7101154618702771,0.21877871132729698,0.12093209496604063,0.025061831702597237,-0.03165766592379149,-0.11921552087624654,-0.18066999612390278,-0.17117948600272648,0.16899924314183717,0.6504475824459186,0.8656920125935628,0.9110840621545951,0.9322766241118325,0.9202578083631745,0.8402252610392913,0.7699939346382805,0.6658017426953091,0.5885787109454015,0.4924079216854156,0.42924763107897257,0.39119620248298315,0.32218098423043007,0.2799910730692995,0.347122336795093,0.5333263041363928,0.802374625137883,0.9467928657841542,0.0,0.0,0.0,0.0,0.0
2025-06-01 17:56:58.504,0,0.0,0.0,0.0,0.0,0.0,0.0,1.2009420991809654,0.7287229694525859,0.251554927260214,-0.1039025102787049,-0.26626995739083203,-0.19914509227784927,-0.00436492732408722,0.1513390625462251,0.2882459397561451,0.43533782061347015,0.5983640837676898,0.7448448194391214,0.8485202803505623,0.898176139095025,0.9805240826978808,1.1154059294779513,0.9296305050798923,0.6063984146573316,0.2866812854601428,0.1656376386576398,0.19962863037318201,0.2941311280475136,0.4001734161307542,0.5851673217017161,0.6985779003933144,0.7967118061624254,0.5023439074797039,0.9414219728090768,0.9927256806757576,1.00776788838962,1.0543769776031044,1.2712172901508243,0.9319238275656505,0.3712394089609543,0.22049839570042917,0.231897010103016,0.33577890166991753,0.4432624018750686,0.5470085503570197,0.5412742672798501,0.5731133032349902,0.7191951948950297,0.6158899138764895,0.6574677562920316,0.7286266023561628,0.6333637760523656,0.5770060828470405,0.5640258830095555,0.4576609781491321,0.49625916713270235,0.5253232483125462,0.5979364081128626,0.6246507496823228,0.41592000433631265,0.3257314417881879,0.25356825867328875,0.4166736901653466,0.5600354266733469,0.49758473131845427,0.5036798328258466,0.4252288722889202,0.4067414706857273,0.49996753015937456,0.6289349582856169,0.43585755235732865,0.16273244100959985,0.2651967046909388,0.2610295196386776,0.3830913158591316,0.3996831666568581,0.5098363197601921,0.5607041742995136,0.6536840228842034,0.7568856188545259,0.8320599835554756,0.8826441917795895,0.9640257180468671,1.0201021392344656,1.065811168032713,1.1020257980852364,1.0242299237182642,0.22564210542192376,-0.06638892258736906,0.29421728660314783,0.4909064946751336,0.6710445893525121,0.8034800470053667,0.8814886941406557,0.9367841638637784,0.9638820105483312,0.5752767060401947,0.9392553267445869,0.9052495455973847,0.8429235875610309,0.7885296124898512,0.7022126809266245,0.6012096253828744,0.7310397995696871,0.8023552707840326,0.9577221847654029,0.9523973263639507,0.910452258058202,0.820734625193537,0.7659805883455184,0.7152252851778611,0.6550485339378487,0.5732117746523682,0.5482402103655664,0.46989143521001964,0.3939330877284666,0.2480196316008053,0.08709389896684172,0.24148326612613874,0.8056727819896817,0.9941486951536938,1.0151420476587893,0.952349898740239,0.9473975750645427,0.7774006638839415,0.6337763153856499,0.6471302686309344,0.0,0.0,0.0,0.0,0.6793569057343949,0.586706292685969,0.7948386076690607,-0.0005565002342439729,0.5408245089307395,0.7914499667308796,0.793819350771533,0.7554457353710925,0.7547763412559536,0.8200620682857138,0.8637282874518575,0.8777111715711889,0.8407658300609873,0.9468154461405085,0.8717724296272484,0.8336194847057905,0.8238018363209094,0.80351663017649,0.7359265953303651,0.562897958273904,0.2777446610730188,0.4561520691694724,0.5211883455953283,0.6590458748940236,0.9219073482314546,1.1310001963426242,1.342615430824352,1.4319124817838593,1.4305062809671518,0.6383536179644966,1.4721547591795385,1.4230332005839204,1.3086787686181915,1.1331750518556087,0.9629264935422251,0.6034765798178272,0.13782258544954235,0.3922241443168637,0.6834452224353721,1.0058516545905107,1.2465237464502832,1.3336190804748405,1.412684705137174,1.3597598825794421,1.3313391544731554,1.2057663165578067,1.132323404374147,0.9419273366921036,0.80754315769412,0.6560027418737229,0.508119573180056,0.39867418444741975,0.21752421207604417,0.235622670733556,0.6691531817635182,0.8352142023743593,0.4571638992812461,0.6011518652357883,0.6518658947398647,0.5786829496421888,0.4945949142795601,0.5116531768535957,0.3895810406308276,0.5396976394233242,0.6507245076555099,1.0552923004035204,0.6658813315192103,0.21541728337854565,0.37617721688911226,0.7830626993754756,1.6022163559450464,1.3131322586994898,1.2411478567632583,0.9514428118961451,0.7777034591647889,0.5680214547462641,0.3644331104945817,0.22908826032958673,0.1680252644663962,0.05134226220244309,0.014611197278086019,-0.05984290879408871,-0.10205941731487356,-0.0381294932143299,0.24756125740722573,0.9485814644373098,1.1693257408602429,1.0895536380498296,1.1234677189719884,1.0558948242330748,0.8719436128048872,0.6543727632480214,0.47684128874525356,0.6342591566615473,0.22419357999796552,0.12844730705321727,0.03595135438954622,-0.013071614124963049,-0.10182047977914388,-0.16346363185084123,-0.17379288721324143,0.12304525583817388,0.5931372878469914,0.8239547405719194,0.872824704097008,0.8837383602170064,0.8756986738897701,0.8074031953685021,0.7546758459168008,0.6599134888574718,0.5773020648730935,0.4937327186979532,0.4399847672175059,0.40359682858219004,0.34498674084997505,0.2979987378846779,0.343952345248222,0.5101845964172168,0.7486059480480999,0.8887812417416503,0.0,0.0,0.0,0.0,0.0
2025-06-01 17:56:58.507,0,0.0,0.0,0.0,0.0,0.0,0.0,1.1199506352382889,0.6680865283368004,0.21560677084246904,-0.10794236458754547,-0.2498749007941975,-0.16167807170821147,0.011434722876122128,0.16251760194885345,0.29410322989446025,0.42896567164304256,0.5932936201908179,0.7371389877175761,0.8258061049401519,0.8651632916476054,0.9404223449778751,1.0655698887082954,0.8994441858262281,0.5833571894555347,0.29878062375446734,0.1963104616623782,0.23111521402712576,0.3139998992146127,0.4188889641626219,0.5980475414151043,0.6945529497386635,0.7887067089374669,0.5376439488632029,0.9226985517900043,0.9577175933872475,0.9751957027881147,1.0163276203216551,1.2138402690595145,0.8939883606918748,0.37238496641966623,0.24377302334554607,0.31608315856894986,0.3718472526113694,0.4752420351212332,0.5657033604928883,0.5484005760341288,0.5747484468191677,0.7126942757631958,0.6206273755439891,0.6526703071193064,0.7085393751154899,0.6124365258091291,0.5369217150684785,0.5193823746065753,0.5021851002872275,0.56369390801447,0.5782529992527122,0.6623184958804269,0.6879950973156506,0.3899788545503276,0.3289357697170763,0.3377825209457292,0.3907046931244256,0.55777209742396,0.413076938522556,0.5388154268764979,0.4341150781809369,0.5345166265867586,0.5348833719869704,0.7343365548275959,0.39241324624041757,0.21626145536332378,0.32759642269408085,0.31543699964603356,0.42524285096622894,0.4362689337441017,0.529715918905074,0.5929790016109624,0.6679826535486664,0.7682887696167726,0.8438203180252757,0.8829752138252462,0.959901405632085,1.0143678775471285,1.061552203695035,1.082415452060486,0.9861146001435177,0.1927317963575958,-0.02543106857963351,0.3370056249556437,0.5224602532424498,0.6984656543172096,0.8239621067487701,0.8972380818429762,0.9503723382406322,0.969407540219452,0.5708384493679077,0.9380825497377347,0.9051630385849315,0.8387791563622095,0.7737053239627846,0.6934896465605249,0.5946647581807332,0.7371028270100195,0.8157001077834855,0.9833513018112483,0.9746411176932701,0.9328406390228074,0.8375208653017261,0.7808978217089706,0.7232560973031896,0.6603196541557692,0.57328383634019,0.5513515224803254,0.47291616167162354,0.3948708831300054,0.24561800701293468,0.0889133248984354,0.2486447665817209,0.8040814334761989,0.9975034213313878,1.0232131069291124,0.9569120303934475,0.8374490852027034,0.7943374698613987,0.7168700847998313,0.6462992513341607,0.0,0.0,0.0,0.0,0.7179181601567006,0.39561749871818946,0.744688256284299,-0.004724740052684195,0.5355607331805479,0.7902350562993756,0.7978945042236807,0.7654810980108225,0.7696262911029135,0.8271162286894904,0.8693005537689409,0.889811093030159,0.8629192326231188,0.9598447093527644,0.875130921847536,0.8432267114962988,0.8349621771115399,0.8180304867515542,0.7435347246743615,0.5728781519825106,0.26608469985805544,0.4496229358152657,0.5089315930849161,0.6533792694770466,0.915388735087143,1.1246810746831968,1.3413834872755501,1.4294060190628353,1.4351576980825096,0.7842302150820968,1.487426816556658,1.4451625300493016,1.3261319254799626,1.145788870504306,0.9805294116195039,0.6262669287134814,0.12836310846914628,0.36424543629246064,0.6577491342332885,0.9879830064132815,1.231623572088882,1.32858629379954,1.4124512919972552,1.3677234685812152,1.3254900143866015,1.2083156673424682,1.1523083344313143,0.9559577925507733,0.821834336259866,0.6722600218638579,0.5251618278997572,0.42125253246847727,0.23346805466103432,0.21108732894881607,0.6362905955631208,0.8043516940867784,0.5321694373205464,0.5223264060934274,0.6148769587273634,0.6471153980609281,0.5396400288846062,0.5029348385488692,0.4536266937536128,0.5482166626267726,0.6269819594638903,0.9396390587618095,0.4949346644077993,0.22460242438152717,0.36886191779139327,0.7628260154993997,1.5591521253575213,1.2731141354045132,1.2072657776125184,0.9472023769493032,0.7705261687184202,0.5693781553933359,0.377782484236314,0.25954895585313387,0.2044953601619348,0.07885878030637139,0.025765877323149944,-0.03620762079245743,-0.08326291749129633,-0.055488472927657684,0.21126191718967963,0.8797767671177743,1.1225680609409887,1.0562162713752505,1.082956042488099,1.0544516880750503,0.8594626600297648,0.6602852101444607,0.4978159896834986,0.6141417626274056,0.2562727255003274,0.1747914466935394,0.08449370544058699,0.04187749420141296,-0.04415546079588062,-0.11521714700823105,-0.15497124922066852,0.06660840895782882,0.5244925320789589,0.7542209050232342,0.8321929242294753,0.8500996206979017,0.8517535425431371,0.7989045025333228,0.7635502229843194,0.6793965521219465,0.6086836126751041,0.5322215877154111,0.49001243731229005,0.45356913880273786,0.3996110996111447,0.3415592841719046,0.3733507464845424,0.5103014201224807,0.7052015744943184,0.827413667482648,0.0,0.0,0.0,0.0,0.0
2025-06-01 17:56:58.510,0,0.0,0.0,0.0,0.0,0.0,0.0,1.080019940273202,0.6372763660341675,0.19405698092576995,-0.0981659140655391,-0.2300800848541198,-0.14383532664409482,0.032610499913646285,0.16280884842262888,0.2954172736968145,0.4261797947893291,0.588143194937873,0.7266888903625669,0.8056808592120868,0.8430167482907306,0.9068331263716685,1.0360733956771722,0.8801919210334025,0.568094301425492,0.301936267341555,0.21893688792896804,0.25570137862177966,0.328840203503981,0.4403851290611205,0.6031002509542676,0.6883985123807284,0.791152693881968,0.6197411676604746,0.9097402385003225,0.9398530054010568,0.9615856134501176,1.0046276773586673,1.1791581475084083,0.907544568040126,0.39853020692585195,0.29351530395755476,0.39061225082398376,0.39584296455418144,0.5273352051610136,0.5592191187870366,0.5655748691009082,0.5791520145378188,0.7093051946383302,0.6417142330359771,0.6582554438731064,0.7028958703359617,0.6035348951682633,0.5305349577314932,0.5175769119149003,0.5305131610160785,0.6143816634860993,0.636552473999023,0.7069104598429896,0.7404673318202106,0.339927927937069,0.4098023039451145,0.56082033197482,0.4537342927878998,0.6300156168788643,0.4553955671771943,0.5630516311560213,0.38896820568370855,0.5879804554394092,0.6207229444237463,0.7918571081825763,0.37385646088450947,0.2622142082854143,0.369122586940005,0.3629555861577849,0.44852800024522965,0.46427879625571533,0.5458216704707002,0.6110858573581812,0.675135657827419,0.7760833564154024,0.8492965829789767,0.8818816368477187,0.9514393364788326,1.0138269021683586,1.0522895808417345,1.063416047261811,0.9555838767116838,0.1719440086438641,-0.006208263407289083,0.34543750541360896,0.5439864777004599,0.7201220034164899,0.8293372960278007,0.9082608753768002,0.9618563428777298,0.9743658938060553,0.6947764057768431,0.938455468421403,0.9077885222737897,0.846550753021918,0.7677757768765311,0.6978701521905468,0.6000446374976081,0.7455097235440631,0.8230642264451814,0.9914954919063836,0.9839354090994494,0.9400441507241248,0.8485652091002633,0.792518804444287,0.7316573318005264,0.6645906013191618,0.579067154471208,0.5594609963610788,0.476098408831481,0.3956884417433557,0.2500476099207315,0.09817539220108573,0.25939218770429623,0.8035306615360295,0.9978370931521954,1.0298120601664282,0.9619311939755679,0.8228842248196018,0.7289531505431215,0.9289467345769378,0.6971846205040864,0.0,0.0,0.0,0.0,0.7827037603420686,0.3381780517297987,0.7241776057151456,-0.012138436102914707,0.5241293928962252,0.7866054945720219,0.7966168373091713,0.767104390037248,0.7764976176127985,0.8209538475957576,0.8657076197564981,0.8921283355785512,0.8747434200903466,0.9543132242771897,0.8707049844204708,0.8458050493205373,0.8395960644981983,0.8214297074187737,0.7414600926566222,0.5571094433612274,0.2453282337950613,0.44066714525786144,0.48836882053183195,0.6493124872034335,0.8975546016233362,1.10730475326204,1.3380781919555114,1.4204663907372466,1.4260221497712908,0.839065145658032,1.4918727389342146,1.4527858268383804,1.3380172268893142,1.144666002139462,0.9948322216283388,0.641438331450486,0.1126081774605334,0.3421048548481166,0.6353522978721892,0.9692857746150974,1.2140044634241876,1.3069744936182806,1.4029883802434013,1.3618836617575798,1.3085671986117866,1.1949678378438922,1.15935819741404,0.9494502535264066,0.8164191184711126,0.6685915469780399,0.5287831845560887,0.4328304688549607,0.2466493649127563,0.21214214919786425,0.6206082058979818,0.7920347712049286,0.6385922299490915,0.5794584918557896,0.5521160256605503,0.6303817576552299,0.5108659354239589,0.5117693720319811,0.40782649107034646,0.507495798516427,0.611973425462445,0.7604260852620801,0.4351603037587417,0.22659412903575898,0.36603246850538723,0.7571002369661982,1.5465677080912537,1.2535341095872152,1.1885458011358843,0.9570219204886623,0.7694371895315311,0.5689616731528528,0.35762509344643556,0.2665571534840794,0.21791651211533392,0.09879397618742014,0.02523596201111067,-0.036365233326876245,-0.07032251787357136,-0.059819733209844184,0.1987312497418217,0.8427163794554788,1.088853191033393,1.0333757397613776,1.073338524664781,1.0454162773893743,0.8472176074926638,0.6521052219254166,0.517317964091865,0.6155154384967956,0.27879630930275523,0.193080420268551,0.11182444496359167,0.07308562711344535,-0.011962241341998303,-0.0836777528928716,-0.12314009255696051,0.06039206996141383,0.5056625794544345,0.7133973419033828,0.8125599750533713,0.8413476043499932,0.8513141543518561,0.7908905654024454,0.7581839480887451,0.6915968976888447,0.6251673258969779,0.5649762751227789,0.5201824843439986,0.4870565865609451,0.43190274517520855,0.3694428331346242,0.40274842819645323,0.5472706841562991,0.7099911697661879,0.8313659659376647,0.0,0.0,0.0,0.0,0.0
2025-06-01 17:56:58.513,0,0.0,0.0,0.0,0.0,0.0,0.0,1.0793142921209324,0.6223738204574437,0.18650109824325423,-0.10426700589317883,-0.2311306858976071,-0.13789715299088778,0.04387907533484248,0.15555796629179774,0.29244197344483436,0.43649319190570823,0.5935551850627341,0.7271666503053632,0.7993985083526398,0.8416005533399215,0.9035810937804889,1.0339800630551648,0.8840649258363719,0.5636367120297425,0.3105611011255264,0.23501406659229407,0.2753223867917618,0.33140874890155936,0.45316735822315546,0.6157812362399591,0.6915157138430101,0.7992669403748203,0.6740657541055698,0.9150200042891609,0.943348993425762,0.9699421270668719,1.0152901416756657,1.1578151694075034,0.9398246326267516,0.4031991770427217,0.3122757510611551,0.4092342512691556,0.4268122628114006,0.5612102195368784,0.5603325458519348,0.5865035261166418,0.5748172649711967,0.7078908435453879,0.6749304370297324,0.6724614490248423,0.6936312860114583,0.5979997774294763,0.5371636914430477,0.5356641292628275,0.5064832021134972,0.623885711293833,0.6473221412920834,0.7158063718062855,0.7674993942910997,0.2992721362599476,0.5375275523555997,0.7300801364377729,0.6091664444264984,0.6133030968145907,0.5606130267380361,0.6757602491826941,0.43653530941423163,0.6446920389124188,0.7143598972588106,0.7387785102913216,0.3469287374656529,0.26482573531250353,0.3879772954575038,0.3834511210498768,0.44427632030883,0.4799364764108671,0.5587664539075206,0.6114214028869516,0.6779441557662687,0.76607014357187,0.8441231816773447,0.8800229996631517,0.9462700869311435,1.0048842568133867,1.0363125526818489,1.0494010010281398,0.9401663135226002,0.17074572828431966,0.025974056344120755,0.34992938612861924,0.5504065833725584,0.7289873695804936,0.8350324792714354,0.9134053856304529,0.9609131271131846,0.9739757396778448,0.6306389925426812,0.9387503863495408,0.909072690854969,0.8481238115908619,0.7675891154043296,0.6978666451893905,0.6008922416115068,0.758483110941411,0.838356816901969,0.9989612387560212,0.9919169427293462,0.9403205847878577,0.8538839598896197,0.7988434170661103,0.7341371726328525,0.6694510246470393,0.5865616985005646,0.5602656717179924,0.4750027072484493,0.39377106057996847,0.2507644934026828,0.10853736744998033,0.2792240713636464,0.8194670242918428,1.0059805912556496,1.0351131702601257,0.9681552888177951,0.8791335840984595,0.7340208636545,0.8917048473586675,0.6535797125864035,0.0,0.0,0.0,0.0,0.8701533677623696,0.2780582969509852,0.6654324297241575,-0.012787915151666551,0.539813352889112,0.7999167261758572,0.8038080787855444,0.7746400283034917,0.7940087801094347,0.8319142832504978,0.8688503055843131,0.8863416735314464,0.8714839059866626,0.9422127409946501,0.8624271905585656,0.8364662820503785,0.8304954745180577,0.8039566110509828,0.7211908734296304,0.5266378603698121,0.24663759421154174,0.4548539927229882,0.4974301762093192,0.664896440644966,0.9027300451689226,1.1176228035765572,1.3474847291814007,1.420421078078711,1.4293796559124046,0.7698318260172778,1.4872857703113822,1.4418425165335158,1.3319057289165832,1.137942805584231,0.9883125720520513,0.6252662273655291,0.09993879801341622,0.3699907184500607,0.6574687689806175,0.9888371677909011,1.2410366783326552,1.314803276908049,1.4168980028125526,1.3728731971311487,1.3137430868814635,1.1920996881816124,1.1537602828694253,0.9417894607822969,0.8094991733204565,0.6590652631182217,0.524957784012409,0.4249574741122387,0.2332055035988938,0.22015709035640543,0.6437605979726991,0.8157228166500184,0.5979896321654241,0.6506340366831082,0.5521002051994559,0.511669456728946,0.38760200138596185,0.5694818218780875,0.4045868586986809,0.5662432158198443,0.5655980058100185,0.5378721908471112,0.508131190150818,0.21142178146529284,0.3550824331099652,0.7607295475412474,1.5400696284965685,1.2747529641235882,1.2022345444054081,0.9802653483471286,0.7787883311394832,0.5674192210684543,0.3546619757014422,0.2575869948557956,0.21343628905886503,0.08460713056941649,0.015902586471195135,-0.04651454874133387,-0.06702919770383908,-0.061847633469249486,0.19551302433283863,0.8403237579942264,1.0861879620898038,1.0365878403733142,1.0823756087458252,1.0502314465954206,0.82877543932686,0.637458953933727,0.514859264459113,0.6292290273035839,0.27661993214018676,0.18090393777637948,0.11009612518060719,0.059282766165863365,-0.01509718965931095,-0.0890540063180486,-0.12153482819198325,0.05861781738921684,0.5148869789434571,0.7086803204951007,0.8062155392252107,0.839920177228995,0.8398068508143557,0.7762324885837373,0.7359453211697224,0.6772465714855613,0.6287106070722355,0.5670640015732111,0.5221490044236874,0.4863242203382132,0.43150681488421394,0.37468155964485994,0.40907767977357296,0.5508495424648745,0.708927108023422,0.8596520945837607,0.0,0.0,0.0,0.0,0.0
2025-06-01 17:56:58.517,0,0.0,0.0,0.0,0.0,0.0,0.0,1.0724571955862652,0.5936533874752151,0.1852591981262941,-0.0805974674170381,-0.1984638597035273,-0.10963316695363967,0.05939913504495675,0.16279308014633576,0.31183797546168324,0.4529505098822282,0.6072423985409947,0.7296105938062628,0.7948067255562228,0.8368489162245704,0.896072482623435,1.0221176491635915,0.8959894470667686,0.5734276460235335,0.34219447493173516,0.27339833319853757,0.320591462221939,0.354235534405438,0.47269205969428496,0.6325589777472806,0.7004618502779327,0.8016726226900617,0.7821121853529343,0.9080371722951294,0.9385366245429039,0.9616271029147317,1.0048261668500502,1.12769479637688,0.931122679074786,0.4229876364949491,0.3494020410205364,0.43912527329757856,0.46422071951334876,0.5839442213121426,0.5757540520526443,0.6093925916791119,0.5754885875222766,0.6834424805148624,0.695826984088944,0.6701176185181624,0.6564497783662807,0.5810824543068738,0.5247160100601516,0.5442504062961351,0.5343243510118074,0.638999751833727,0.6750627579089058,0.7463220226713152,0.8130876607049902,0.2713630608148823,0.6351543385390488,0.8008750605051969,0.666078308179876,0.6736765599605024,0.5566478520879949,0.705987062269942,0.44383637583249896,0.855863427224791,0.679508504123569,0.6993212337137168,0.30071252618038663,0.2856557741178225,0.4245013643669011,0.43118594679610545,0.46888342462828136,0.5079858209455217,0.5911968678615362,0.6400150039832992,0.6955104173447431,0.7640973530576889,0.8452179303569862,0.886507875124424,0.9442330627664771,0.9970404124662249,1.0277001563431065,1.0353054230964984,0.9008897351928284,0.14971602351597463,0.066396661213317,0.38910072485467073,0.5679999649687151,0.7497456394618445,0.8640517988216385,0.927952268410349,0.968552008490557,0.9840360353076856,0.44967302666642556,0.947775302636306,0.911558027306581,0.8468512240140987,0.7676479600970553,0.6940399517035998,0.6050391420972819,0.7622108096101712,0.8548119105920472,1.0113560635645542,1.003002779190726,0.9469817658404305,0.8702778649187761,0.8143166491265013,0.7425461563545745,0.6818596226416853,0.6000773034486961,0.5670707282533709,0.4890811142649316,0.4081030582766385,0.26918096578550454,0.12271979845244496,0.2943773399731247,0.8233284819479604,1.0108257818245194,1.0382809771770523,0.9795922570264137,0.7558054036110136,0.6712657926164287,0.9756523826884604,0.47167880402126094,0.0,0.0,0.0,0.0,0.9092336514879931,0.24210101417036506,0.5435235436962758,-0.034021100437213514,0.5412404679301308,0.8040306898549903,0.81038217482555,0.7827177094188468,0.8096523962503557,0.8565691360635055,0.8844995269322729,0.9012027950350787,0.8777042549470511,0.9536419403625351,0.8744694326885889,0.8427400006411812,0.8436338332283349,0.805328236510904,0.7252451082875522,0.5306577286863248,0.23805271582455534,0.4576506343808364,0.5063369886753353,0.6710443689873409,0.9107194681425945,1.1388524522569288,1.3665083378200968,1.4377303483823913,1.455900479836098,0.6660232324968258,1.510643827786216,1.4565534393528652,1.3438726512535466,1.1565829430582935,0.999851750736564,0.6380401371651052,0.10054852347554004,0.36845407497310567,0.6645590462425447,0.995298537007703,1.2544390549390942,1.3375575743212076,1.4440482938085388,1.397412704194258,1.3382905596248111,1.221000110879717,1.1608450522374167,0.9636101980567396,0.8285561083572667,0.6743888528241646,0.5388642953722027,0.43340696172946813,0.24068108020186785,0.22811545970520256,0.6482666347450965,0.8229360979887469,0.5253678454224577,0.5961719150680008,0.470365126822172,0.4829084545774882,0.4330152087459212,0.47068414447164986,0.396342940318075,0.6188626751084518,0.4266235385280863,0.486801809985126,0.5845798454076332,0.22097715042261085,0.3659779534621242,0.7678576336876802,1.5234864784916922,1.2906548749725975,1.2132230113337048,1.0199811168785011,0.8038768265565628,0.6006000021678668,0.384996824425079,0.2711553592150633,0.2356463826047317,0.0958999215367018,0.03933138798806901,-0.02966131576154951,-0.057931860206069774,-0.04507327194734545,0.18976066226167104,0.819773376879644,1.0873808872480277,1.0435699112656205,1.0909139511258328,1.0628894970232652,0.8383634504396569,0.6576832167445794,0.5328138092949006,0.6506828016451606,0.30059789856284236,0.20065806675226328,0.13842889348773646,0.07637675094391116,0.017332352298485842,-0.06251187826357663,-0.10617628010064334,0.04819194309020475,0.4996839424076087,0.6924605540848501,0.7918516423973526,0.8399521766226048,0.8357696281472755,0.7777821492226482,0.7464338251809943,0.6872744927467083,0.6598265976747526,0.5836804568813456,0.54527712124088,0.5118836771415061,0.45304772908203395,0.40349358961446735,0.43835969797216484,0.5603471807023763,0.6819666180763101,0.8410221922090522,0.0,0.0,0.0,0.0,0.0
2025-06-01 17:56:58.520,0,0.0,0.0,0.0,0.0,0.0,0.0,1.0760456857077192,0.5867702608914898,0.20064394981394318,-0.05602901200478372,-0.17577824083080074,-0.09693626888371454,0.07329689182461596,0.16343366801928338,0.3196742446367643,0.46048019847624744,0.611922899800792,0.7321074683739318,0.7967128748722299,0.8309611712615842,0.9025060118012972,1.0106044055275951,0.9026252389568414,0.5928974004305767,0.35917128419529276,0.3023719100925354,0.3420334897050499,0.3769495693214262,0.48877045527080587,0.6400703179207998,0.7067837966264643,0.8020852873343489,0.7902083511447138,0.8981610838281514,0.9336290488026007,0.9492630803537933,0.9902582085447769,1.0952934383861557,0.9274166809915536,0.4556357555058236,0.3930844867756912,0.46895943498558457,0.4673961414382757,0.5858386899353345,0.5676246400808411,0.6205131472862597,0.5592298095673502,0.6651108534231205,0.6716464470969701,0.6582842003781152,0.6423376747677495,0.5563742149797002,0.5100377255328516,0.538453890606154,0.5277306494349137,0.6413662975567296,0.6891586904088512,0.7421734548593744,0.8195095248216044,0.36802266903285835,0.7189823254315563,0.7650660557725895,0.6636896132360289,0.7307227871867045,0.4026961224895417,0.7717071083361344,0.3977142083382113,0.8954434960249268,0.5949436371215275,0.5383949499654225,0.3050751494419079,0.2975477617462169,0.41827797951728773,0.4457920006327425,0.47630913302816213,0.5204968255946443,0.5988392897470345,0.6469895026356076,0.696155133864458,0.7669477246530692,0.842599762382062,0.8884721567664258,0.9393380969862094,0.9960706719158938,1.02448349739219,1.0266717022128704,0.8854726015879475,0.1502157698550881,0.08998804018182505,0.40252443380342395,0.5801853506176795,0.7539054422255449,0.8726148123727988,0.9317983158820051,0.9699559747493338,0.9851040520574583,0.4472536289659604,0.9433510066748487,0.9077906444181209,0.8402105735135011,0.7653225838279624,0.691353512065279,0.5958483162825782,0.7692157416029154,0.870073077175422,1.0098161749453927,1.0062458355647304,0.9456193187994619,0.8730507433173826,0.8114614841457168,0.7341962934732189,0.6808762966462798,0.5995270669401509,0.5669754689766575,0.48894662402749467,0.40573498205841907,0.26799348847526916,0.12284450413674752,0.29214332823661543,0.817353127857002,1.0078571268505156,1.0322962536043319,0.9772974198367586,0.6468793756227802,0.5510495808937568,0.9126378315033747,0.27100296537921714,0.0,0.0,0.0,0.0,0.8737494827003911,0.3568238262672459,0.5751766731228013,-0.0548719764176116,0.5273864116302218,0.7982774465655009,0.8028180647484267,0.7792134595177834,0.8035802229984133,0.849217906333178,0.8830798086683287,0.8939263947662668,0.8704813010487404,0.9511962334711979,0.8702103113893398,0.8380555473367719,0.8450781249413006,0.804900672169337,0.7289426975947602,0.5307476114803205,0.2318504564140445,0.45321587525296436,0.5047851219891217,0.6645813530960465,0.9023927631973525,1.1422560445015728,1.3714365063355696,1.4431469631465574,1.4609516482739104,0.6905162571166876,1.5171589150332268,1.4671711906894074,1.3496222264542195,1.1714642261849386,1.0159599126051202,0.6604519428011818,0.11474287892525058,0.3536649802383367,0.6517936920088913,0.9919133836148821,1.2417606927364107,1.338711367095094,1.448458391755243,1.3958119980411905,1.3526103945162982,1.2288526125729913,1.1637173654666761,0.969292693264373,0.8347059869846872,0.6785688790726823,0.5454866021522148,0.44056795044577934,0.2514281911567754,0.23297758464154575,0.6300031564090649,0.8106002615085487,0.4747155523124196,0.49933123978155214,0.35290245993503677,0.6191705983800745,0.43575157436525264,0.32853163754712744,0.36455354443399207,0.6505502204033442,0.47794708710928924,0.4540500099781357,0.6564408343038113,0.23429198034097193,0.37158130793136285,0.7622533338973128,1.486102798665642,1.2733739839286051,1.1824510697242365,1.0199699509766007,0.7850148684254876,0.596243030196757,0.3673002891904371,0.26023375133803994,0.23718531392382602,0.09828649636454001,0.04673884673928641,-0.018339543276016057,-0.044198364640359866,-0.02754151722321474,0.17957089131132947,0.7821150286832224,1.0761583434552606,1.0300595417152445,1.0691080136655824,1.031022240989021,0.8123338755950558,0.6409967863821111,0.5114170891763858,0.7008341773075505,0.2931465441765557,0.1960440326258237,0.13839258519636322,0.07397771566356826,0.029884678129308173,-0.04283611688789002,-0.0832814668180456,0.05867438652534801,0.46797586069174457,0.6672656580701286,0.7695097170205586,0.8122404565045622,0.8082797389948868,0.753370422726598,0.7239861223345474,0.6572566063435361,0.6483571341208085,0.5697825903060445,0.5377370308803975,0.5178978928192948,0.45382181524830256,0.4202175266158976,0.46481751663465704,0.583910374587461,0.675458467021898,0.8199899439138534,0.0,0.0,0.0,0.0,0.0
2025-06-01 17:56:58.523,0,0.0,0.0,0.0,0.0,0.0,0.0,1.1892074066410192,0.6723914377456157,0.2745999757918154,-0.04137722726154858,-0.20412783735395268,-0.14909056902441253,0.044401933750911726,0.1374346278066334,0.30071628326259126,0.4635518146245292,0.6148965584023027,0.7415116176294926,0.8317579166839273,0.8694676763877794,0.956280451966722,1.0752880118260748,0.9556644496959035,0.6259696121541107,0.35200412519339974,0.27212749016113935,0.2886819912272498,0.33506588087346834,0.45570345920499356,0.6174182106092758,0.701640291075269,0.8040889691075348,0.6878367786183897,0.9208549859734393,0.9680098430012316,0.9847010585305641,1.0344001265059932,1.1679875869953977,0.9888203265739832,0.46997529358044055,0.35339094124419745,0.36646697827368846,0.41107530338489884,0.5347617208015794,0.51246321559494,0.5882044387210466,0.5506496422041764,0.6568824121398824,0.6604763107537304,0.6563554751153405,0.6535334199953221,0.5799254729135175,0.5508984605699057,0.5723735972320165,0.47465972896819986,0.5764844821175237,0.6200872595356012,0.6538660146463084,0.730991106601858,0.45926727520752303,0.7617877404038512,0.7136370493172648,0.695283907863551,0.6963418176368115,0.38507510091047004,0.8348564850703715,0.38025783369480787,0.8387009424831274,0.5389810123824824,0.48503435373601567,0.39965534104739403,0.23353484805351724,0.32163915138188925,0.3512315762649356,0.40334996049026106,0.48424000647337007,0.573803623124564,0.6198774475397915,0.6810751099058672,0.7685716550832007,0.8443410800197066,0.9004194571514783,0.9626686118040305,1.0218610327443447,1.0588952315219105,1.0751369026228126,0.9751748133732872,0.21195801066894754,0.025364000868764003,0.3338385608406462,0.5315283022856452,0.7198567834755403,0.843615231504053,0.9142940995922899,0.9593401795029859,0.9818204354071052,0.6765593332481692,0.9517239764593948,0.9192823467826193,0.8523412155721971,0.7934274457994165,0.718573327834811,0.6144397592747036,0.7600735571488708,0.8322735927175858,0.9701532017408114,0.9694076983180884,0.9215395799318682,0.8519701310980958,0.7923848272499479,0.7279446466248589,0.6784624708085485,0.6006263980224831,0.573179870878102,0.4932467243829044,0.4118550156967802,0.2747450458625299,0.1308441436164146,0.2886929659487795,0.8102111312271248,1.0005457854737272,1.0259512663962331,0.9670620428321841,0.7351270219843282,0.5715142646414499,0.8462014746818176,0.29209391816973784,0.0,0.0,0.0,0.0,0.9421653115232693,0.5163338792548895,0.792381200361301,-0.049998412521595426,0.5251824178249853,0.8035768338188723,0.803786707928932,0.7786759761799052,0.8033152892840922,0.8513706021626171,0.8850185709183149,0.8903622675584324,0.8621791701243251,0.9464059796429223,0.8685077449919643,0.831689215247273,0.8362623827004025,0.7933786668261424,0.7314189039132102,0.5249672870017168,0.25451113296058436,0.4625570747990708,0.5229791807587127,0.672489005714916,0.9207189564950189,1.1487994754316082,1.3819029818045068,1.448553014784313,1.4629221819217781,0.6936106355742933,1.5080605052238085,1.452079607416156,1.3387569390008853,1.1613160733197723,1.0028523730546355,0.6455115738689434,0.1332012706241068,0.38422435283587697,0.685877127594371,1.0215044303447802,1.2670395336057494,1.361325392611567,1.4705927518552038,1.396501377003463,1.3712910528612006,1.2329090333462007,1.1558494980974476,0.9571465964108482,0.8190280395800839,0.6576452861902502,0.5278927536543049,0.4145507196913081,0.21650308892707176,0.25649164075436465,0.6674008797148121,0.8468282034236257,0.4819257846737277,0.5897639470159634,0.3779028263105304,0.5745001350485989,0.5206418478560957,0.36854028652137205,0.30419622470174695,0.5471039427371402,0.5125157496079953,0.5002643255589169,0.7094168661153566,0.22108880349987808,0.3535443231100233,0.7627790607638082,1.508763344141334,1.2977519091673984,1.2126660954046993,1.0265591584307665,0.7785732901339901,0.5982958399859806,0.3770779617903488,0.23142187225440836,0.21547623767476032,0.0786865768811924,0.032553822022752144,-0.03261935736569821,-0.0615274050409198,-0.03139015729561423,0.18592821814259658,0.8030982085088441,1.1098854102523767,1.044958180682344,1.0895420682362649,1.0286997653179062,0.8124876879210596,0.6272762774013139,0.48123678623288346,0.6978924587894019,0.26957133520728216,0.16107303883790158,0.10344652572190927,0.029959436468883438,-0.00937540833090622,-0.08419720993189528,-0.10380189053324301,0.09292862065418284,0.49343404264526325,0.7133247605974038,0.7987178027842979,0.825799356903661,0.8279818791522788,0.7564572827254796,0.7163233656763328,0.6320473578654568,0.6239555471539995,0.5356736271840647,0.49868866733101136,0.4736279762461,0.4061082922323197,0.3836620016933431,0.4472238434626153,0.5939987261407783,0.7286967474878417,0.8759560249122456,0.0,0.0,0.0,0.0,0.0
2025-06-01 17:56:58.529,0,0.0,0.0,0.0,0.0,0.0,0.0,1.2173442915053774,0.7006816507807527,0.29065506785057904,-0.06328019528829454,-0.22891273512889054,-0.18491245419296853,0.011391957500029304,0.12278637552068428,0.2897063692412406,0.4495625247911983,0.5959676446820394,0.7329743921624637,0.8323784045027849,0.8714051553765766,0.9687849631475837,1.0867583510179402,0.9707381879015273,0.6259250316055314,0.3404874493150536,0.25576318822221855,0.25952728568065564,0.30666618598159867,0.4405066790659675,0.5994512263734519,0.697184175007393,0.7977077866667508,0.6684484554474992,0.9286962008100837,0.9776207060383777,0.9946891848631955,1.0579506767736553,1.2024409449731213,0.9859445008050751,0.46065271323394086,0.31581116529534925,0.31392675364734113,0.4167639731095447,0.5281296692712716,0.519396104833985,0.5682542766665719,0.5469970650107407,0.6791975093844205,0.6548972649196827,0.6351117911829159,0.6461620667518005,0.5978791240246926,0.5652766026380589,0.5765556473965492,0.4293859771139664,0.5446322092212251,0.5884245195563186,0.6209483261794313,0.6930605899455942,0.615606327157862,0.7603938355354567,0.418661561110461,0.7009816661609155,0.5956150649351178,0.37624241941095926,0.9301471931462661,0.4141083095339289,0.7142230044116844,0.6416191071608689,0.49240967290142457,0.4240826265128608,0.20167060504764675,0.2836887771983284,0.31009304445507535,0.37571006411480634,0.45799195030945006,0.5553242144192734,0.6003889662215605,0.6635790828840136,0.7674390766637935,0.8320098770177815,0.8976008015162558,0.9714466910504455,1.02611537276732,1.074679170585142,1.1061976966134175,1.010597817723066,0.23667521667221159,-0.027369957218469465,0.29365464240359973,0.48701948433974307,0.6892952521723836,0.8333617603322372,0.8993511234350446,0.946192354518689,0.9715971545189108,0.6960348573332611,0.9491103597746113,0.9264649406111863,0.8503126490482148,0.8105415283290235,0.7284872233867412,0.6224439781884316,0.7500370501758732,0.8186076743064589,0.9529389770946,0.9570757166513697,0.9152527559624344,0.8486418297222784,0.7814482835464989,0.719020218407898,0.6818794801756842,0.599061375158096,0.5819781554530017,0.49493578444115816,0.41259249650764396,0.27673574948666924,0.13005898692733586,0.29138880517539983,0.8186832587773348,1.006701773961174,1.0335087010398243,0.9697522467059121,0.7956661931033198,0.5788685637070925,0.6799256910801237,0.3219648423757786,0.0,0.0,0.0,0.0,0.9542335048526671,0.6347001672371015,0.8893894584900618,-0.030590281769719785,0.5437963588389676,0.8158558112259325,0.8124944980590958,0.7952184784002038,0.8126313820002824,0.8685300486397429,0.8912905314711268,0.8878127056176597,0.8624246367505806,0.9476486202620347,0.8631181292215948,0.8194914944958134,0.8277637956027739,0.7737022300226644,0.7298885126306025,0.5214152904791738,0.2823144739709434,0.47949357736379494,0.5442081370258349,0.683494970869293,0.9392167557276532,1.1624947858001184,1.391454848741112,1.446027019816787,1.4639214662621882,0.8038303665908026,1.494005437990591,1.440454174012006,1.3184110914822451,1.149053179930248,0.9750099708564243,0.6159791984665286,0.14461180510172456,0.42508204919254966,0.7152484062888561,1.0541934110149105,1.2953562063733877,1.3930782870657075,1.4886823765168384,1.3899340694642548,1.3785940984805078,1.2214527517068996,1.1410891738507027,0.9410251449850603,0.8001906417863452,0.6334881848844605,0.5017669446783642,0.3868266875499238,0.1802283779614954,0.27189291414820543,0.7152944510110931,0.8809244159723754,0.3261870686834565,0.6645863577509799,0.43864394139014573,0.6376893309652011,0.491583700922344,0.38631069804083307,0.29326943765629704,0.5089697261809096,0.5747388542402279,0.46266560965752324,0.6371847006808258,0.20207562772469972,0.33552138884493715,0.758917112292276,1.5338849315040828,1.324228314431468,1.2491843325179448,1.0333248850684993,0.7801877978642977,0.5967765846418831,0.3948609865023316,0.21654006248863222,0.20130795394461054,0.04927923521648392,0.019448440703165093,-0.049454427309561955,-0.09599931558893982,-0.0738067595784434,0.17871743693992753,0.8184523936306254,1.1219770453405082,1.0581112565574917,1.1065992347405889,1.061013030897412,0.835910977341976,0.640075895889259,0.47021168648677514,0.7151095674303343,0.2619958819065944,0.15745906937197152,0.09425015312819984,0.022894107719679035,-0.03319866363331603,-0.09894795499378906,-0.13143615206178727,0.08574304714099651,0.5093455245496827,0.7536772784026513,0.8359810773024318,0.8543092727895141,0.8608352507710184,0.7720702230557888,0.7458974780230392,0.6392015012883543,0.6308313239862207,0.5205112688457083,0.4894394465713796,0.4561582883324429,0.38086524858843507,0.3592394058959263,0.42570034488730796,0.5824352201686684,0.770513431423438,0.9133053062233794,0.0,0.0,0.0,0.0,0.0
2025-06-01 17:56:58.532,0,0.0,0.0,0.0,0.0,0.0,0.0,1.228289325927719,0.7152121327298535,0.2854615475614183,-0.08545436972066878,-0.24318864128260043,-0.2049537379324896,-0.004001959923007337,0.11925922031615199,0.29275990415445563,0.44369385644570736,0.5886035178252569,0.7337836188145338,0.8420185737342494,0.8777673440109913,0.9786737275686338,1.1013375828237093,0.9942387389646374,0.6333247034237077,0.3196342732052647,0.22454405337594252,0.23143047276945294,0.2879440601044707,0.4284301652359135,0.5772804113155925,0.6930515948713034,0.7934185202897521,0.7321433527333352,0.9366583003800949,0.9899689466366595,1.010105185828882,1.0794908832878725,1.2513726355117716,0.9962364843425806,0.4731566873349131,0.3108146592875263,0.3014472386507574,0.41019373912320467,0.5294164999911588,0.49985531681972106,0.5611634112767241,0.5604922988147794,0.6996406039352356,0.6493444053810169,0.6310140921455009,0.6697242647325207,0.6337276679349446,0.593953169660869,0.5798849670925463,0.4620191181274319,0.5488765304414358,0.577722360352824,0.6204888501195112,0.666780968806969,0.7769304692156176,0.6470391413178788,0.3298868081388588,0.658746236347977,0.5906787535636641,0.2646911409326823,0.8018615835896097,0.416279825714499,0.6645169505463644,0.5703305089094718,0.584983849482761,0.43389823729202565,0.2019897839086294,0.27504394134974,0.3030372006190416,0.3822025345104054,0.4368234135495781,0.5353198299448445,0.5851752831338153,0.6469184116815423,0.7636397784551603,0.8193022536800008,0.8886448338308739,0.9670926804648098,1.0238207944654423,1.076743655990309,1.1136529368374415,1.0149424765285635,0.24393565335136147,-0.04615015118222687,0.27412900034732224,0.47381081906144384,0.6721024047330209,0.8219909682958506,0.8841057846580531,0.9360897967376616,0.9620934451852128,0.828209832178431,0.9456484746948071,0.9281757027625434,0.8467560810662879,0.8154625242451002,0.7307594651533977,0.6288788585181553,0.7680225733993896,0.8132602663734289,0.9571108327506139,0.9513650156498261,0.9103747855964712,0.8504080148854645,0.7764727776627867,0.7170805364308803,0.6816489512822097,0.5974431459459102,0.5870820654537423,0.495779163912643,0.4070127408133595,0.2805751187442612,0.13127393281049093,0.3049165600469084,0.8342107220727263,1.0126691859704497,1.041867245272703,0.9761607426287129,0.6602765487589166,0.49684879815156985,0.6754594485598637,0.37846347644737655,0.0,0.0,0.0,0.0,0.7414155878031643,0.7977979223115974,0.9834476155638597,-0.01391976423262442,0.5529415431923359,0.8186171228719824,0.8108989674300848,0.8025923012933774,0.800700643015354,0.8595974133589006,0.8830756077597384,0.879564004230827,0.844977077822016,0.9310764616276552,0.8482746347892629,0.8009654344419459,0.8132118434048026,0.7607407664948063,0.7159875852216411,0.5123265594629547,0.28824647787406643,0.4822779083811505,0.5404829083710074,0.6805421844226012,0.9344734467285398,1.1526355768618943,1.3747065086038872,1.4287880555696255,1.4416171895543963,0.907221650792609,1.4713638161205789,1.4248122025741496,1.2970534584204974,1.1261179286801912,0.9545015562766926,0.5988660282330658,0.14922110928881527,0.4272755686367663,0.7213186187317578,1.0464918903858862,1.287207162967976,1.392057584559091,1.4731681571516928,1.3670358083238974,1.3607628033578791,1.20220881882318,1.1163021025880973,0.915616875086669,0.7721519746292141,0.6141474448635185,0.47824471767668086,0.3670674093176597,0.17395517894668108,0.2915678802798026,0.7410890452072482,0.8874122822655305,0.29936219778689177,0.6238803844598129,0.5935575762698265,0.6305250933570975,0.5606108391770235,0.3636201793873308,0.3133763170696294,0.4907672627146707,0.7286925911084672,0.42645880377410095,0.49761038398367985,0.19029374125523885,0.32978623714494987,0.7468611067206429,1.5641043287122602,1.3226349914651976,1.2488501705338657,1.0197371631540975,0.7769628785157698,0.5962232422012277,0.406736162737547,0.19446562758726982,0.19322494042944527,0.02377613486358343,0.0014700342471122285,-0.07881321126341534,-0.12458591445118872,-0.11000806880478986,0.15654140755015206,0.7996501233590603,1.1172884326380366,1.0591969105906942,1.1168469155303788,1.0686885397856491,0.8458379597259107,0.6539201583173162,0.48326443156375887,0.6597204208613968,0.2751281317494556,0.17139973978194245,0.09314707063759564,0.03804502787789488,-0.034579975872923274,-0.09770086902525255,-0.1426918794884307,0.08183175312981822,0.5023113314582122,0.7791490022577663,0.8527840959727783,0.8696655022772901,0.8925905562252625,0.793862419683967,0.7803739221510972,0.6651720505144756,0.6536764939366002,0.5209888442178787,0.49861431581240434,0.4569489257915269,0.38304714586522903,0.3543998825350688,0.4171872149162605,0.5903493565978157,0.7855655189238836,0.9065154527907031,0.0,0.0,0.0,0.0,0.0
2025-06-01 17:56:58.535,0,0.0,0.0,0.0,0.0,0.0,0.0,1.2207482153586895,0.7240652106273736,0.2761587582745604,-0.13304937852752668,-0.26747550942919873,-0.22888062765614292,-0.02018913779715259,0.10774731228621381,0.2720104288093391,0.43445781199149347,0.5786938792311074,0.7209852510563842,0.8348673607845796,0.8697984299520184,0.9791833515894818,1.1004601978229362,0.9766715210693155,0.6135727695528739,0.2699742790495361,0.17629347781566695,0.17719056878350248,0.2501311414966849,0.408892726014664,0.5486152163250066,0.6713780728423393,0.774568365348208,0.49860722298170057,0.931861070837329,0.985310191379289,1.0166037871337086,1.080823032029267,1.268097064285823,1.0033395727017924,0.4419790057741859,0.2708418196805573,0.2876233567816535,0.37922291922127416,0.5266349473475931,0.4782981027625324,0.5436094460070637,0.5584037285854411,0.6980705670796461,0.622531177101868,0.634344686397981,0.690734698800142,0.6576892064260662,0.6072793380130505,0.5705917504943707,0.45746490250477456,0.5249235866982697,0.5459525229012087,0.5656317503661368,0.6004373649006596,0.9367915735171397,0.62734537551401,0.37485977280000665,0.5847388212215102,0.542733430818904,0.25297673446487834,0.7687580033681458,0.45508554336380386,0.5709135339959833,0.6045180331746817,0.5429058524019292,0.43116727338133815,0.17877317979330223,0.23700370465105036,0.24933366871425222,0.3465465656535347,0.3967568438244564,0.48712030624445335,0.5285306555570515,0.5974586151933099,0.7229637021632844,0.7680826355254402,0.8482452790628006,0.9243007807004374,0.9851886798346359,1.0409377688409314,1.0919752004305536,1.0063125180273846,0.24828310707279488,-0.059052202064091786,0.23046785251331459,0.4319720259992703,0.6218979020992796,0.7677691841899903,0.8314601119879246,0.8846342972870169,0.911059389228819,0.9499268081403167,0.8996128639200369,0.894053187072707,0.8175144236309783,0.7901837162112958,0.7118764797850763,0.6222077158685966,0.7681304314960454,0.7905066894401204,0.9164135384285044,0.9049855614849218,0.8713328110592433,0.8031396459775475,0.7242214819074508,0.6712315894382392,0.6393792809090242,0.5576137546551192,0.5506145455872262,0.45833811066366037,0.3735717912518024,0.2563676453918261,0.12650415575522012,0.3169690443744681,0.8411706989239612,1.0011105053512277,1.0333051894841108,0.9550509811353098,0.7178021051456758,0.598480017014432,0.49271155975833986,0.562337011183803,0.0,0.0,0.0,0.0,0.5281011801102046,0.7891597037513474,1.089729465457617,-0.002079319482018893,0.5507375252100575,0.8156707034312523,0.8015185976488493,0.7913080244848657,0.7762804294912189,0.8156981344320953,0.8377816068147808,0.8266150804706807,0.7899663702692798,0.8740654938825019,0.8004195486700223,0.7511388591852821,0.7656495618521519,0.7227078992775295,0.6663224000530257,0.4493365292641149,0.2967808080863928,0.4884816869973092,0.5383453695763363,0.6643138662483208,0.9050553486479569,1.1109662316371467,1.3191347394785229,1.3641415582659835,1.3725243843218504,0.9217029342393419,1.4010196439394371,1.3617612477077925,1.2378316944291023,1.0740756557162574,0.9074311248721,0.551790208794487,0.13792946065305012,0.44106406815972354,0.7192040047593903,1.0306312645082565,1.2663876964796703,1.3588057742746307,1.4244629856362345,1.310123326903504,1.3071604709713318,1.1388078955731018,1.0656176889739575,0.8623147563384236,0.7206153879510538,0.5764169300492474,0.44085953116470844,0.3316316346379032,0.14894005334109855,0.3150910300235751,0.7700875133898047,0.8962695235012831,0.4205376851707252,0.590284129500768,0.569042076799438,0.4599616623510667,0.4931790880503521,0.40045584942961665,0.3361143922173974,0.3646048968479388,0.8884375374361059,0.3331321657082652,0.3641085852403093,0.16294046162852655,0.30927517378354935,0.7350231549667153,1.5634868829803696,1.3133427146606702,1.2362277617551793,0.9851163694176361,0.7461474499751681,0.5353588886139291,0.36455689588714413,0.13898574770078742,0.1446228619835772,-0.008163349162072064,-0.05004799227584855,-0.1234328186297502,-0.15762480431983106,-0.14909569036270787,0.14006596142194955,0.8031745038353095,1.1153875358905658,1.0492875431375503,1.0981943479773384,1.0324521333750527,0.7993198502380712,0.6184570515045353,0.43826445191466923,0.6979651120688752,0.23171366096596402,0.1363746310812377,0.04588700270676438,0.001263797053718374,-0.06744905974468429,-0.12654686916120994,-0.16345372999398855,0.07788262577875293,0.4883322759635198,0.7821818728574181,0.8389925434305284,0.8414765495534682,0.8600239838163022,0.7531394971550163,0.7432265593199587,0.6215371770267792,0.6154041385129592,0.48219649389783314,0.46002422741611615,0.41894246521122236,0.35088846979158983,0.32950053781298616,0.3838622614997999,0.5628349601347292,0.7719717125495184,0.8801004336547376,0.0,0.0,0.0,0.0,0.0
2025-06-01 17:56:58.538,0,0.0,0.0,0.0,0.0,0.0,0.0,1.1872577746380368,0.7119932029641091,0.26983942484253465,-0.1627510491973564,-0.2996697836557497,-0.27053215035811107,-0.06718662782567442,0.06870297255896662,0.22182397644820495,0.3936887325762186,0.5352735728119811,0.6727460573537668,0.7834902170750475,0.8310929361070497,0.9446387470889931,1.0678275256051117,0.9386569245653205,0.5721506886368464,0.21670957523630996,0.10367790390791531,0.1066521920770458,0.1682293669684083,0.324749708132851,0.46037126861673006,0.5908849665732545,0.7008168997927622,0.3991504658580899,0.8696008835894237,0.9261302016933828,0.9734997749909519,1.0415649672634295,1.2441932935239501,0.9675923521331309,0.3926736784283602,0.2052123084635573,0.196755583920448,0.3145909907102493,0.4546568485354878,0.430787985912058,0.4747936198446365,0.4985173605341269,0.6397345559073546,0.5564079390208847,0.5885262395096728,0.6492423132513577,0.6408309486361645,0.5897455997208556,0.5499993171626074,0.4245365115022125,0.4745714319703932,0.48036901551780475,0.4732208279160375,0.4913982624260913,0.9275069251340853,0.5841665290066324,0.40470540085322165,0.6452785635923393,0.5706956936935762,0.2922143820875045,0.7010486750468286,0.4629946840991524,0.5273822899723043,0.6132841800699096,0.5267643489787464,0.4247168586568563,0.1534764288239561,0.17232813681456927,0.14667202006920355,0.24674349875350865,0.3011266018716283,0.3893261927644842,0.4301881495358797,0.5017203894477238,0.6206812428039812,0.6752645889537292,0.7703266904293906,0.8463373492023768,0.9120876521329528,0.9750011239426077,1.0460209723655227,0.9852827734316203,0.24164124113594426,-0.1316255759247481,0.12947346112310965,0.31911565312119805,0.5080693605318649,0.6468667931374035,0.7091142388584406,0.7679985629593995,0.8031669979218974,0.9616680679968952,0.8115897108821699,0.8131060141824621,0.7513349054906425,0.7373141962336823,0.6713749764233217,0.6007115412291482,0.7155860014333588,0.6933345687314659,0.7911256030971292,0.7708793733442285,0.7398656180841934,0.6721562433738402,0.599936955293471,0.5638435392950378,0.5345621689276536,0.4651930118448546,0.4591446214475159,0.3844753841556092,0.31064680591008553,0.21688761834540193,0.10435645643545433,0.2988518386796812,0.7971832476856909,0.9498878662018058,0.9709782261561093,0.8805665983818447,0.7867219201185707,0.5624343802237974,0.473317576349037,0.6128854633561797,0.0,0.0,0.0,0.0,0.457778394355837,0.6858045744902002,0.9553811455070901,-0.021587430445891675,0.5068648783119314,0.7854841610248536,0.760062675149048,0.7351032352143133,0.6990286254647002,0.7256536629651176,0.7384612446498879,0.7212479331912913,0.6815957056218163,0.7663826923459109,0.7229147851239481,0.684312511871187,0.6965453508543133,0.6682847385979764,0.6194044279102735,0.3919191994087849,0.2802862601755664,0.46587861803371966,0.496252697355412,0.5995517547688598,0.8176621381969309,0.9979382224863818,1.1784385853621662,1.2154016850667244,1.2380503227185586,0.8083400762862492,1.2814817477264127,1.2438188056059496,1.1400902031459306,0.9975217730940152,0.8411517721314627,0.49340667207737715,0.09997053977780727,0.4274509076743006,0.6731371360691784,0.9538889658032217,1.1785603627097974,1.2468984821010907,1.2961738642208855,1.1797815947542254,1.1798779508767865,1.024985776399855,0.9631094942345308,0.7794722438661507,0.6491066549277597,0.5213974419663561,0.3952251417635989,0.2966852431561254,0.12203937608839269,0.3254673369130437,0.7666066160807473,0.8684096398552498,0.4006068845317592,0.5997896238877765,0.5286875893283121,0.37362192954112305,0.5009807901936494,0.47261303354845297,0.31624053510013145,0.32131875046336206,0.8959133150313147,0.2846550216334307,0.21636870172842612,0.13111247975855805,0.28278851831281815,0.7188695007063085,1.5171911160261669,1.272215701670374,1.1836308773612227,0.916758098175595,0.6736583220961767,0.44251059492216216,0.29063694556440556,0.05459273770501638,0.07292301763335196,-0.06980292331504612,-0.1045867208822896,-0.174394418723248,-0.21039582955808334,-0.1864218045075346,0.11761769709891318,0.7972362884371356,1.0863462444869094,1.024139981345706,1.0442508143157072,0.9550804079863691,0.7091885085992389,0.5295742471844187,0.3545179984966236,0.5906331524294934,0.1530670170898607,0.06793620113724486,-0.0281938573799827,-0.05688874976602176,-0.1280316827993716,-0.1757458935172619,-0.20168214056164424,0.07346211369533723,0.47861296769991424,0.7607653649331383,0.808519205234055,0.7985275615052414,0.7801960317159202,0.6702109324509569,0.6494745044266526,0.542528253255592,0.5327724193406822,0.4041256608681776,0.3779413975859762,0.33600139181756883,0.2780876670170066,0.2550249251238411,0.3243110941068546,0.5054769644837511,0.7368662599375743,0.8427580927247664,0.0,0.0,0.0,0.0,0.0
2025-06-01 17:56:58.542,0,0.0,0.0,0.0,0.0,0.0,0.0,1.1603237082254854,0.6971085707172144,0.2579667565665045,-0.17576481232405583,-0.313868815042737,-0.2784314185328657,-0.0792266234890866,0.06738483800367834,0.21513874677017497,0.389010671860616,0.5329911761144688,0.6695961028638856,0.7671513090648625,0.8230092021284335,0.9381589990551996,1.04747597414799,0.916357819493951,0.5439867097255258,0.19216080139833636,0.0864491895483136,0.11200010882977773,0.1694513563809592,0.3201421283012018,0.45186593300211353,0.584252385783147,0.6998038218857263,0.511522150537762,0.8612491537113073,0.9190960158637762,0.9685898346059952,1.0315574537196062,1.2165186640796661,0.9416378795007374,0.3574085943707508,0.1522867138795726,0.19160829318568617,0.30171513309080167,0.4208438425433927,0.44837900203895353,0.4788045020414651,0.5150065150682142,0.655412754343141,0.5587936024226712,0.5975738513486936,0.6290646692354206,0.6330672235265828,0.5771435116168753,0.5345033845644844,0.430183557854656,0.4403524161242106,0.45144570352557134,0.4227604330931365,0.46010359051117056,0.9999915141191442,0.478445392470608,0.4696188700057596,0.679115418142648,0.6319016743546486,0.41934643623048506,0.6616140584950768,0.5960091517191828,0.5001952645711568,0.6403796959113861,0.534838033441395,0.4733853776477121,0.18074745944313877,0.1480455920548348,0.12563394976587605,0.2188248446643255,0.2650879129983774,0.3656094171142166,0.4187152721036971,0.4978460858938625,0.6090373040129191,0.6666721220542802,0.7760366599432478,0.8449581283460837,0.9229782534235431,0.9832456928646187,1.0611312480448545,1.0029688085929636,0.2564870870499211,-0.14629866575272032,0.12042579424003574,0.30429447040364277,0.4983868791006054,0.6414882415600567,0.6991549135873312,0.755420533754144,0.8048968544370452,0.7102761108487066,0.8125613441019333,0.8055659257924718,0.7473791146643022,0.7340544691999217,0.6642805202248356,0.5863411599347006,0.6935478974068537,0.6735446397448382,0.7892970002115987,0.7604768766227352,0.7219300938985456,0.6637620717697088,0.593384700330033,0.5556137828384315,0.5253015786664104,0.46068468197033097,0.4442479980871221,0.38314899170005523,0.30529843531611145,0.21809636982169456,0.09613153042285916,0.28085027553912506,0.7852893152802475,0.9413256769173513,0.958159729305532,0.8726359600774529,0.7306519493304349,0.47580320901356005,0.42639686549757555,0.5300154184288111,0.0,0.0,0.0,0.0,0.39533496091967146,0.6048509698475031,0.7815416573000517,-0.01872051448580281,0.50034267742191,0.7805422876868119,0.753867413797874,0.7263104235767442,0.684700651493529,0.7196702548523357,0.7337071376884641,0.717206298090411,0.6676605448926014,0.7656888149975658,0.7279355446572644,0.6901242274304187,0.6933015145650139,0.6736586512995733,0.6181372697358611,0.40798865839245707,0.2712079306390014,0.46722383459738626,0.4890709738071295,0.5936354146967711,0.8056856792735465,0.9912909093567692,1.165346867248251,1.204999445877588,1.235660380530294,0.6107077588656418,1.280631729565501,1.239468113656863,1.1331996141003204,0.9983586761718336,0.8327632450861336,0.48833445117075586,0.09891515376289196,0.4276185137920584,0.668884941831234,0.9477911780756136,1.1726943585439789,1.2316304921163919,1.280779789850179,1.1774841627220363,1.167459746383662,1.0163930057155324,0.9459303578418821,0.7725958560952145,0.6493773288679742,0.5215356257232726,0.3956696378276384,0.29566478206785546,0.1195872486471728,0.328170493986595,0.7697964921969264,0.854584850978429,0.3921371708663486,0.6191188317224525,0.6794340301200804,0.4790449867225113,0.5207116262324265,0.5415029683264642,0.2876853973174124,0.2768155303359442,0.8939684590468292,0.2333960066475016,0.22905321361029327,0.13580624184288342,0.2924509471020817,0.7203305801562019,1.4965627368787993,1.2633467322295675,1.1554821238908595,0.8922493844192934,0.6553219688168583,0.4245751208214117,0.2541480833892247,0.04361833329578646,0.05475059278691696,-0.08280303127217459,-0.11379264259229771,-0.19661009496359183,-0.22710495526136432,-0.19406579854553713,0.12520568124397652,0.8106657522486296,1.076925035016611,1.024878482567417,1.0214462397883408,0.9264927742415161,0.6908051716343646,0.5187080886775195,0.3520868725197417,0.5497364658510755,0.13222443618502688,0.0559537512194046,-0.04591103723298118,-0.06767943496515183,-0.14897633414228184,-0.17839217519971323,-0.19327252855404997,0.09670721455344722,0.5130460691960108,0.7659563988514262,0.8074973063605081,0.8004653153550698,0.7647372862500257,0.6654126990697975,0.6205150633226786,0.5256867129861904,0.5134756114121328,0.38318825061754946,0.3501897967192449,0.31075846947193475,0.25943269180453743,0.2460444402284343,0.3243635223957149,0.5262043709640317,0.7809480326059414,0.8689955906236106,0.0,0.0,0.0,0.0,0.0
2025-06-01 17:56:58.545,0,0.0,0.0,0.0,0.0,0.0,0.0,1.2332688329144257,0.7687685762675764,0.33185289718434885,-0.1367305958370335,-0.33641696832597623,-0.30706869691358485,-0.10763656864585835,0.04964556905198236,0.2079328797468598,0.38741210572071605,0.5536472362512315,0.6878981777013825,0.7919842194781375,0.8632057316781886,0.9776184624552219,1.109464663139248,0.9676678784274457,0.5906108815004838,0.17350285237569574,0.034977914294178514,0.07042117070154208,0.1329043130525338,0.29510100492969005,0.42822495797388704,0.5767086490951907,0.7037115811100461,0.4488859401074793,0.879009549609704,0.9472609787417796,1.0083611174150797,1.0654915473472355,1.294270538058735,0.9973587381293751,0.36526140608827407,0.1107810301111396,0.10668126571439651,0.23509451282154425,0.32735926570646146,0.4181966971727824,0.44491037216915386,0.5090248625987326,0.6388066571104167,0.5651194786239253,0.6109211559876867,0.6428585551053861,0.6508145843135933,0.5947041478157425,0.5798197223332391,0.45903823309181957,0.3934143322009406,0.3732154872387541,0.33118679138768603,0.3961203229900434,0.8246795629620005,0.4127185180093257,0.7414544096258722,0.7215111803682959,0.5501735901689062,0.5479859637981161,0.45645423671105523,0.5850496433978372,0.579154139595298,0.4973522001024202,0.532831531049112,0.5669334723757642,0.14914070661986542,0.05784161116975983,0.04055571252603829,0.16504808058582943,0.2148997072557819,0.3418992202682207,0.40405752978695775,0.4954415797803524,0.6033545834254221,0.6741162308623836,0.8008077171226851,0.8730172002467617,0.9577992601921708,1.025846778048403,1.1102437881396976,1.0926065192387375,0.31613745826660994,-0.17959546070064825,0.07450441891789339,0.2762590066592647,0.47862744387977485,0.6294562874547398,0.6927723685681677,0.7531723701267881,0.8168041553974612,0.5373893893554156,0.8303184685960632,0.8212964592996627,0.7716489546931208,0.7542279729350211,0.6884191696618964,0.6170780182580077,0.6939350061410877,0.6512479477810057,0.7650611190799266,0.7389585519175628,0.699841864383737,0.6581539101872476,0.5996322575167574,0.5628261901186002,0.5319449178699085,0.47061094705866946,0.44306200348986713,0.3955826675970322,0.3172088948087295,0.23296092938168134,0.10708311120573344,0.27726874100213855,0.7838965844138953,0.9292863661424531,0.9476399784914584,0.8655189838917896,0.5619125367638584,0.6049068391160703,0.34332565992319414,0.42102742883939204,0.0,0.0,0.0,0.0,0.27258308853583924,0.7220197601132519,0.7709975841300588,-0.01342481906475218,0.5061957105732084,0.78051020345276,0.7521350465720693,0.7170152815019913,0.6766725960829318,0.7097418369150701,0.730713640249451,0.7114163453852052,0.6514433984979369,0.7546382107204122,0.7248390773036606,0.6904282424206614,0.6862342788482674,0.674402037078432,0.6133068205334755,0.4208255803976046,0.26956876520058987,0.4701458887870573,0.48441969035649235,0.5973133188690618,0.8076011810887003,0.9890107421193739,1.1593833319940354,1.202502294939433,1.2277733677486535,0.49810767788542193,1.2733041254716846,1.2293566750831082,1.1229253415424263,0.9889818795423116,0.8199131049549799,0.47207299494040217,0.11745742159980586,0.4478088208301003,0.6934823481722426,0.9605820668775966,1.1801750307230838,1.2295150752150998,1.2865489800708692,1.187712686298774,1.1608902120836313,1.0189344390380537,0.9361383366826082,0.7639712711412611,0.6460665069322865,0.5215955537034673,0.3933776095308984,0.27835986302040777,0.10555041219235498,0.340061031623853,0.7952321802621579,0.8775805788871437,0.5406003166218744,0.5467014641998013,0.716620220046614,0.58181530790956,0.5415535942027669,0.5377870438931811,0.3395597983283591,0.26962685172901885,0.7298387375232817,0.2776363564859281,0.2780174768208361,0.1148499125614047,0.29002591557533264,0.7252736015123554,1.496656526379512,1.2825235154488992,1.1529335654713728,0.9031445054101246,0.6587880995081854,0.4468473976689331,0.239474684107571,0.05340269635770967,0.04618614150204525,-0.07766390750972518,-0.13127933757805332,-0.21558374595065355,-0.23662778079336866,-0.19219309032730159,0.13768780450834867,0.8407108621678365,1.0921085072325385,1.0307859113466773,1.0208153792484644,0.9155136664085133,0.6902670671684974,0.5117494972460712,0.3382212998492471,0.4558613787699013,0.10642335551443693,0.03328010164102824,-0.07602084126171915,-0.10264761404434375,-0.17263250444544143,-0.20463581758893762,-0.19592322545803675,0.13950841429667743,0.5600887117042355,0.7850579070092767,0.8217284516356388,0.8010319627058311,0.7722209446116284,0.6717063531895526,0.6031617397984521,0.5057620927851241,0.4831066715279697,0.3574149153114856,0.32579093018409777,0.2675160531410725,0.22870434477511548,0.2321067959086086,0.33100079492007867,0.5542473461149545,0.8278368180621821,0.9197617121410162,0.0,0.0,0.0,0.0,0.0
2025-06-01 17:56:58.550,0,0.0,0.0,0.0,0.0,0.0,0.0,1.2169756723288983,0.7595742260451525,0.3544243461224612,-0.11392136772699396,-0.32785728666321845,-0.3064977292930601,-0.11733228633244563,0.04207046468506925,0.1953075829283455,0.3718822354301441,0.5478880776001669,0.6785326031086271,0.7825009081288836,0.8610742279401319,0.9720316708213289,1.1152155570698716,0.968301827012457,0.5994043395001576,0.17614570893253856,0.033790330648807876,0.054351668236475525,0.1335622574526656,0.2852383048681755,0.4221593487389901,0.5710429839226516,0.6968022054377236,0.36516200380172814,0.8725571754754543,0.9448496775835125,1.0059296100481243,1.0598470590439966,1.2994123601984189,0.9942292043549281,0.36413310907298857,0.09990146997871174,0.09850319922458262,0.23336660734974868,0.30064483289015476,0.4210878522261312,0.4445510852199166,0.5105650968144106,0.6284003780143916,0.5649731654020573,0.6167598241907134,0.6339092981132582,0.6205169982434597,0.5701851347365444,0.5917167906154328,0.4317567807093916,0.3643555620109362,0.3661259472606062,0.31984086052252847,0.3951422418901802,0.6874111359115087,0.436913980483734,0.660889994898417,0.5758311982844774,0.49152957073033177,0.6382247057647615,0.4893876832943106,0.5580943814992907,0.7571093274210325,0.5543898587217989,0.5549168460021967,0.6025367624558025,0.14351194058204345,0.038283984641282465,0.01217921715552217,0.16057341875722164,0.2117021685046725,0.3455862983044362,0.4112990757759971,0.4971403680073607,0.6019973735187956,0.6862908980376168,0.8116808154837416,0.8844285161683821,0.9696564652173951,1.0413747252029748,1.1294674372425795,1.1198545788435346,0.3337670639350248,-0.21045488313031668,0.06139703270326047,0.2659017437200073,0.47637438928966813,0.6309236978495667,0.7021242684125415,0.7637591598278402,0.8254724307595505,0.4270424942686039,0.8385810813352033,0.8279099811854816,0.7875694064254787,0.7611516460892965,0.6982680021373078,0.6242810902310726,0.6688520021029722,0.6442472621169374,0.7489574928691236,0.7348807391167276,0.6978947646216616,0.652761430341722,0.6073097519041482,0.5706251775713382,0.5345103713372767,0.47706247129070034,0.4437118137274205,0.40426052009139,0.32681356930486904,0.23440737346319784,0.11850210243410053,0.28213949021119805,0.785049033375186,0.9254512772186456,0.9533138951601472,0.864056472922627,0.6916207653162874,0.6154050189173959,0.28892889133239813,0.41929346847876126,0.0,0.0,0.0,0.0,0.323572655106663,0.6686269851564675,0.8258040717149878,-0.008143022526309496,0.5184698791224431,0.7910555406163432,0.7664098924402172,0.7156661719088088,0.6816299181216574,0.7139796919538541,0.7335701981294389,0.7173128062098488,0.6501082463491046,0.7475609564945045,0.7143951113897882,0.689380065225712,0.6810382842223366,0.6731438046803666,0.6099839018435804,0.4113718060601242,0.284838176764732,0.4773313314036226,0.4968773681935761,0.6047579173736628,0.8105014984427037,0.9970544133969055,1.1581524377318315,1.2034514631511624,1.219288727364838,0.47737303975256146,1.2651855515100134,1.2164437471714513,1.1104524853593745,0.9781212234518329,0.810740782458892,0.4587680448273302,0.14710506910828863,0.4692853376649877,0.7067463621442499,0.9774206829669871,1.1815546373241403,1.2249393301473221,1.285669112688967,1.1884254540200165,1.1475761904073818,1.011773196990183,0.9234938257812662,0.7594871574871306,0.6427360777384031,0.5138654068084025,0.3893702556818347,0.26956323484256456,0.09103224076700339,0.350644031259422,0.8075299387198672,0.8915217431984522,0.5753278905140854,0.414859267487552,0.7012862975444948,0.6173899754870159,0.453730487736876,0.6418410545450578,0.3953590796885575,0.19717965515732488,0.5389913874225091,0.2193832212946174,0.21901527127096962,0.10158187593275031,0.2920688697864348,0.7335067215775402,1.5122960164231563,1.2810255475139083,1.1518436804276773,0.930159695445147,0.6706834109573505,0.4590547655601085,0.2247936719298782,0.06123648337778054,0.038319186640093594,-0.07568496180080353,-0.1430411475307799,-0.20631906994792382,-0.23501476228776108,-0.20165410007881535,0.1427691160544881,0.86864718946871,1.1001074792406975,1.0393890524578075,1.0210473682136687,0.9304366249083842,0.7030516442539065,0.5224550928579463,0.32030792980625056,0.5210975016293032,0.09640915582210341,0.02806665607861425,-0.0801655731926878,-0.11792363387292593,-0.17772031412642142,-0.22298395096481177,-0.19385588367579204,0.16121133762943257,0.5733988830949399,0.7888410556228569,0.8298724374082972,0.8173601691808248,0.7874859559651224,0.6853038774214171,0.6049256163398615,0.49750523742960917,0.46562040360724244,0.3584961820182324,0.3145813230728731,0.2561210813360133,0.21659228311963685,0.228501886511712,0.3314869538173015,0.5804650884152724,0.8734847878238917,0.9645002455680067,0.0,0.0,0.0,0.0,0.0
2025-06-01 17:56:58.553,0,0.0,0.0,0.0,0.0,0.0,0.0,1.1667129546973152,0.7058408298926728,0.3243032648196601,-0.08477924426040373,-0.28749893660220416,-0.2577449304253008,-0.07766892724340135,0.07694496022597475,0.2240051992123241,0.38031818411117535,0.5580229438258315,0.683138093251917,0.7844341449853314,0.8524318468875763,0.9537630466280577,1.0991319832793525,0.9552224523176387,0.5964284868947147,0.22483439676236772,0.08740888288745896,0.1175494529305896,0.18980857549604724,0.325913975386799,0.4510307996647194,0.594894305304468,0.7184340286367255,0.42678586415386943,0.8831828760390882,0.9429778005963125,0.992980936446585,1.0443701933516882,1.2644285294392819,0.9700738030690548,0.40041007655518435,0.15662130330579827,0.1591024616304495,0.29950036925023116,0.33962515031810026,0.46940232412421534,0.47256939185710745,0.5346061877706356,0.6410093350263306,0.5913514050984372,0.620405133244044,0.6629031318780095,0.6149185251765308,0.5629372266178001,0.6059545730370304,0.4848789919557376,0.4153446301838668,0.4192964736912109,0.4115677443889014,0.48507686658585825,0.5255341803506386,0.4939255942918658,0.49770521017625796,0.6498143624052066,0.5665114938014477,0.5896003479187839,0.4796687789318844,0.46115375048593527,0.7110883274872696,0.588531462737703,0.49177251161628677,0.5837426506499264,0.19050500137248363,0.10292965850516234,0.08583618562297679,0.22721799740048865,0.2706674388127923,0.39710603204952055,0.47336287951516476,0.5511271066721057,0.6455925447212731,0.7381149270974456,0.8490606405945296,0.918774884344591,1.0013914351955095,1.0623308014455182,1.1333310935362393,1.1119639431648405,0.348989409154916,-0.1552756761429297,0.1344880492529823,0.3437477386762837,0.5483217040576405,0.6947104147927852,0.7671188615002684,0.8268496200448703,0.8826287049827564,0.33691916873397226,0.8870107849545665,0.864596137080193,0.8179363670437595,0.7856148665075101,0.7231598406112301,0.6327311055940031,0.696779621023529,0.6986820767418332,0.8095493320622311,0.8119838747235633,0.7618254345370483,0.7157216028842297,0.6747642486586662,0.6354546423009113,0.5868719452943256,0.5296700839828676,0.4890137032930433,0.44931406263616713,0.36373497205704464,0.26384393173656806,0.1379523782714488,0.2988612440677912,0.8112571205206022,0.9502755803972434,0.9776571624815189,0.8929149927333626,0.6668960926739473,0.6311783293399509,0.3838928200195922,0.3653681006403585,0.0,0.0,0.0,0.0,0.5643104643675358,0.7214762430782662,0.871029161025972,-0.026972846559062735,0.5174869325705338,0.7997045655233441,0.7845370037457502,0.7330623971177338,0.7049268932915265,0.7453139500800605,0.7781475918728078,0.7607641528610185,0.6953421071598336,0.7931402540497499,0.7493933712988974,0.7230944073546308,0.7088817871889637,0.7002773377081628,0.6359212734470276,0.42986936826101935,0.27285694600998617,0.4637600935218973,0.49011102423578334,0.6162863468983559,0.8271897149534875,1.0147823883883338,1.1928619805745506,1.2453392116067892,1.2691273604976396,0.49411521815765985,1.3177283749788269,1.265075223506868,1.1645051024674655,1.0165538932061917,0.8571229429025687,0.5045428755488337,0.1375820137356521,0.4312647541981437,0.6805597702361325,0.9654735428471974,1.1765940669317363,1.2211321109360764,1.3026937464118649,1.214746484954757,1.1701690125100512,1.0532088092096186,0.9561041834122115,0.800493366236063,0.6731265804067729,0.5463691139140259,0.4221147548182581,0.3069597584297653,0.12106849362388611,0.3386023132781244,0.7671312527073414,0.869935596774792,0.5223943924626734,0.5586012142007569,0.8046503268331232,0.7556112157074607,0.4736257591274348,0.6767153597818932,0.37524042771415594,0.35410634739767294,0.43335204634190894,0.30725132455129445,0.3103570024903477,0.12766003082310268,0.30701051739819,0.7382957670188878,1.5203200025913193,1.2778040628260106,1.1620215266017526,0.944655855755824,0.7052256263423005,0.49290612800131584,0.24814020172032003,0.10353966950134263,0.08038992452871718,-0.05637850248006715,-0.11594652161132668,-0.17016463897869538,-0.2098979681818236,-0.18184826876308463,0.12136072779331303,0.8351859510903024,1.0718488067300518,1.0315991401609497,1.0180220047655935,0.955623197018254,0.7444282111729725,0.565176616615622,0.36516105293781576,0.5353498237055079,0.16013223843095736,0.08836583499848549,-0.018703283391001913,-0.0501357714472217,-0.11227988229592778,-0.1635082419056027,-0.14443442541193602,0.16467708632279338,0.5271768628753122,0.7435127315658132,0.8076981733373417,0.8286823664081175,0.7973397772117474,0.7233227838690488,0.6454159349243909,0.5460193651853205,0.517446292602159,0.4225229966808741,0.37986163010238516,0.3198182475237601,0.29130193725671505,0.2947400395723022,0.39249040661197093,0.631467766034507,0.8649559758908879,0.9533237968826098,0.0,0.0,0.0,0.0,0.0
2025-06-01 17:56:58.555,0,0.0,0.0,0.0,0.0,0.0,0.0,1.1663462332985766,0.6815945921958819,0.28816595711795867,-0.07515495372872771,-0.2211233657991556,-0.1781038183888759,0.019816852066444346,0.1511745993310527,0.30148504361120676,0.4508803266788146,0.6187012119918809,0.7306753993015994,0.8407398967577486,0.8981745267438291,0.9880298203319516,1.1259960592169913,0.9693940425747731,0.6186729161111841,0.28559169552615205,0.17356919385995184,0.2202463417996896,0.296370194124975,0.4321328104043629,0.5519785991052306,0.6956576994221173,0.8025134538475376,0.41477688140456204,0.950515205512252,1.0029830867164924,1.03889275014786,1.0652914054360816,1.269871249909316,0.9864311347554433,0.424227072530447,0.23336620085608772,0.25751573313322984,0.41082766607106946,0.45731896939752925,0.558638378204728,0.5609509324544508,0.6313382241436227,0.7299012896891808,0.6638405763345983,0.6792084609087573,0.7355256061086798,0.6527711637498619,0.5868118489110005,0.6518344340781224,0.53846450958955,0.46683612902219385,0.5033609643799236,0.5342608699529885,0.6156162951059425,0.3683197058597422,0.5334678910316386,0.4819396079556176,0.6842813975439294,0.5113031225035023,0.7011618823148139,0.5952417924188942,0.39173174716552656,0.7475378112821963,0.6724752893791269,0.5444217297562975,0.5650457829393591,0.22955274266103118,0.19307105648273204,0.20417420226553862,0.33572757849706547,0.37869423274328073,0.5156550175630652,0.5774909072325973,0.6534522856856715,0.737260571948037,0.8284366208297738,0.9280960620979359,0.9933698868691127,1.0551920734389797,1.1107686348985844,1.161005305547206,1.1103156893974468,0.3613867128262969,-0.041859482346301324,0.2709191165494036,0.4733672152632047,0.6848896819030517,0.8326936287758833,0.8988697995900434,0.9422454279324697,0.9958057262082007,0.4360553370109776,0.9789564099738677,0.9389923812119086,0.878848479378436,0.8317648336122817,0.7552085351873699,0.6523168846679672,0.7721529138042664,0.8224598280679297,0.9669032182428787,0.9779945051748486,0.9200054224405807,0.8585103446648488,0.8132464637553505,0.7561089801197354,0.7004645934886573,0.6308731433945982,0.577444460203697,0.5286219060392601,0.43024242072808994,0.31822203989713815,0.17193302252398657,0.3400722310490644,0.8923777458872592,1.0236083819810784,1.0605551557748434,0.9796183640967129,0.6400007519471476,0.7444309841936325,0.31463011195239704,0.3737785481995003,0.0,0.0,0.0,0.0,0.6288003344000577,0.858791717095249,1.045891746880752,0.004845182074198318,0.5790786265556027,0.8497418023812816,0.8491752901217928,0.8136847531825674,0.8112843555278175,0.859218633622987,0.9056221128692035,0.8879861149435451,0.803243897450618,0.9077326708380871,0.8509164498677046,0.7964082838748001,0.7703391716724224,0.7467201426667733,0.6782583338385579,0.47717151585850687,0.2954768219544431,0.4963779100421044,0.5513139737050465,0.6948849118162419,0.942316534466882,1.1446113116158285,1.3495563615793298,1.3991762567926462,1.4271448942084655,0.5886985949491494,1.4522514867394474,1.376759369515323,1.2668164018038435,1.1014065700786508,0.9134118269898548,0.5546677000273121,0.14573638443674714,0.44542223055559105,0.7359774734446481,1.0554957126335254,1.2886051076503326,1.3418967447510701,1.441783454019209,1.353492689443616,1.3057149774012458,1.1889110735581956,1.066572935683641,0.9004542884723418,0.7526701946871356,0.6100932372836338,0.47274370579494307,0.33802619538180706,0.14328193709465908,0.3396154445818539,0.7928834177344216,0.9252146676272185,0.5749585358375138,0.6759397114940883,0.8876697125847702,0.6812420239396196,0.4117044980042092,0.8247076812657467,0.524651526404778,0.4409027385475727,0.4181947867195287,0.40821848144013695,0.40117395982316684,0.14943341339619126,0.32706517508965455,0.769912511077115,1.5999628541974174,1.3391996875836898,1.263626454517591,1.0229144011106182,0.8022991447221919,0.6051017990281435,0.36583464411124655,0.20678728932917934,0.1455974961491322,0.011682962093828353,-0.054814006592431186,-0.12384439398834501,-0.17008019496516447,-0.16421087047719846,0.13062328174261378,0.8622511303506133,1.1000295048562883,1.064947468360395,1.0910278652765815,1.0276356365638548,0.8389123356726462,0.6668298128619174,0.47024471078062136,0.6333554785558337,0.24940371172987486,0.1697355499317701,0.06431563602726142,0.014177438908891893,-0.039715054124105476,-0.11015148136436148,-0.1142784225492503,0.14720359631297192,0.4934798018286626,0.7435317708846836,0.8129549356428772,0.8634641899008655,0.869848284430641,0.8017752310379,0.7318155883017381,0.6306609095449136,0.6189575993733816,0.5151197578949562,0.47424870696120847,0.4154483353792977,0.3891323068412563,0.37905920568996176,0.454552863192299,0.6621844555962338,0.861521204866104,0.9352002155613441,0.0,0.0,0.0,0.0,0.0
2025-06-01 17:56:58.556,0,0.0,0.0,0.0,0.0,0.0,0.0,1.1112620554015658,0.6317045543717098,0.24839874632436398,-0.07344876258399213,-0.1634448980866805,-0.11926760807820813,0.06364375190195892,0.18551125673149338,0.32986742425483684,0.47020615571772484,0.6258697420091355,0.7305601291143359,0.8377913973731459,0.8766244576715588,0.9647326475762587,1.1011455437127577,0.9302049134761814,0.6113788391074471,0.3332155898447846,0.2245117107671989,0.2741825003415259,0.3545946124295283,0.4681439838726904,0.5814812468268515,0.7169236762717881,0.8016332349347797,0.3167653275881608,0.9355404117415399,0.9852886005328985,1.0081178353611628,1.0176330585114899,1.205535121657792,0.8863389359349916,0.41195246283127496,0.30468879922803294,0.32055665727927707,0.4661175979580763,0.5371781043358383,0.5989756983517411,0.594866413569751,0.6394700309691739,0.7186965650040522,0.6524483778631807,0.6640073540709152,0.7250498291797182,0.6330437306851879,0.5640135281614491,0.6221120156252027,0.5063425544963569,0.4830145668760617,0.5352796393191649,0.6040243263878526,0.6642344125172093,0.16967866745781518,0.5706103257777397,0.40396556863820504,0.6904458919196954,0.3588665714544452,0.6560804939656789,0.4786884903885299,0.23254726123668967,0.8150121194947167,0.6646852756698054,0.6771224018813592,0.5011271313669092,0.2264457658692234,0.25043475570509843,0.260174139715315,0.3794749480744011,0.4168088144538762,0.5457873318171378,0.6009632704529146,0.6662996763819653,0.7417924073128708,0.8380576177528609,0.9249139479870523,0.9907656463165818,1.0370512747390221,1.091663112067544,1.1357285758774394,1.0693398477919736,0.3132940863404799,0.004933491956427116,0.32050445327376575,0.5126885994516686,0.7169322424503364,0.8639127649407743,0.9232008424953926,0.9621967092036638,1.00453509269608,0.4847366787850144,0.9834045188481741,0.9406629424352048,0.8773575046542311,0.8238312735139094,0.7398642279500343,0.6438220895869912,0.7781992911888772,0.8492385293560963,0.9883427836518202,1.0081973563353597,0.9476545383029882,0.8778766589096303,0.8320071983395403,0.7721136536853321,0.7163773596393448,0.6409965575435921,0.5841981713363305,0.5350319583615661,0.445866997930644,0.32735435575891125,0.17561740616449506,0.3409111621524779,0.88410168720018,1.0301836867964322,1.0710490221549658,0.9904055875230444,0.5978441188849628,0.7371253056676597,0.3711633301550958,0.37900452532836626,0.0,0.0,0.0,0.0,0.7708871004400977,0.8542829242059042,0.9622341524222341,-0.021280195175066907,0.5670391839936062,0.8504125811177488,0.8554749873761223,0.8252187899473123,0.8336467342910112,0.883323722724876,0.939010553403222,0.9294705286258682,0.8432619932447416,0.9467752913167597,0.8906004010087418,0.8204517047276285,0.8058559312330627,0.7738408194147524,0.7080050964280029,0.5114117199526582,0.29002279096737205,0.4898521830856891,0.5490530421456292,0.6958566059867015,0.9609590832172319,1.1639659034474619,1.3750304120783916,1.432364007779935,1.4700400245070966,0.7493755594282601,1.4965543616152788,1.41902654274619,1.3182120005924423,1.1500582530472547,0.9566135000273531,0.5976942350827896,0.13229943683234652,0.39323720956972275,0.7051516635001881,1.028969561145024,1.2806685540929394,1.3466944740240707,1.4688535202281754,1.3864384043772018,1.3419118755333965,1.2394622339339625,1.1170845255932456,0.9505972238769741,0.7985141203506415,0.6484648256011791,0.5079971908838625,0.37373009562945675,0.17886402784653083,0.3085828210925677,0.751687009339545,0.9178592621572815,0.5579360860204073,0.5359592367662508,0.6816431246420146,0.5378193491108828,0.3529929438416893,0.8122919273725216,0.5948173174579259,0.5403071360546174,0.45635476885163406,0.5124341592384893,0.3857712093833163,0.17949193798072,0.34962782050145885,0.7650982199220299,1.6023423202149245,1.3304161787740103,1.2678173264923234,1.0319486526048558,0.8336724910198698,0.6405909450684302,0.40367345504563956,0.2534578133336891,0.18091198170584177,0.046469696269487715,-0.00924853354936317,-0.08242385439418387,-0.14459491050571338,-0.13562482629163064,0.1335037417905401,0.8395275240853786,1.0747037960563854,1.053934567418402,1.1127970667461913,1.0231669961581809,0.8631174374256165,0.6855998483789321,0.493850029587948,0.782791940636454,0.2909679297377563,0.21088213063802597,0.11092378109137147,0.05391173561990892,0.008091688975035094,-0.06773093634217209,-0.10195467978903949,0.10279761025959167,0.4158900624978715,0.7051409192469056,0.785373960460665,0.8340809372103553,0.8616529796143211,0.8094478245497738,0.7426831781889214,0.652991185520835,0.6637083177355245,0.576053735236602,0.5375973965542811,0.47297104024565173,0.457475271007623,0.42233161074143777,0.46180883842272463,0.6121989067169055,0.7728262634674449,0.8554347148605974,0.0,0.0,0.0,0.0,0.0
2025-06-01 17:56:58.559,0,0.0,0.0,0.0,0.0,0.0,0.0,1.039150390496113,0.5705506830644179,0.17589615239567735,-0.10531363774688074,-0.1374935604314631,-0.08394137653929667,0.09006238253953758,0.20426086876820815,0.3373217593688921,0.4731959629897824,0.6143458353421969,0.7229168709347286,0.818390826847857,0.8323577177460245,0.9279035819330531,1.0351930849857909,0.8760170594555647,0.5611943395100236,0.36318758784533434,0.2634038812536873,0.3214778364919737,0.40269261823289804,0.490933419160134,0.5969938045153589,0.7152694556197845,0.790553105179979,0.41695909439731615,0.9050386652683459,0.9463559560108183,0.9574585656964688,0.9492395257750699,1.0885129787169774,0.7724328691049376,0.3761499777612388,0.35835518378481124,0.40461182024061526,0.5170662808339428,0.5895448429034194,0.632882549936802,0.6086496160630421,0.6687295224559329,0.6859752806553663,0.6329144868200745,0.6420298126056198,0.6911445200234555,0.569552072867374,0.5005215771948198,0.5367907907513181,0.45126327173076,0.5117012649506809,0.5703557244072947,0.6627305283094269,0.693727464073139,0.2002417724713601,0.5629842674200591,0.1659515783091482,0.587102928752151,0.49551131641869484,0.5313643071951584,0.4825427727965512,0.20455029453543072,0.7413546276453102,0.5846242066689721,0.6102463919941392,0.4581504185735555,0.25846358207228626,0.30731192523771456,0.3163203243409123,0.4061136604982061,0.43709715742490807,0.5494403969100905,0.6037000894757807,0.6665137942665369,0.7320114213926576,0.8299405089135468,0.9071291241465278,0.9695087636527743,1.020330810327674,1.0669758342376763,1.0909261152424201,1.0023682955039372,0.25208186269103855,0.03440512263863671,0.3645337178969934,0.5505606158777137,0.7400586779741751,0.8742611750113465,0.9305685896132578,0.9734217222933181,1.0040969835468665,0.7015803269316268,0.9737487445548958,0.9197036697803301,0.8554596266368574,0.7965109891760386,0.7013628871774649,0.5920416707380887,0.7542302631709809,0.8579914363918978,1.0101687588838253,1.019039492328197,0.9429193466884744,0.868739632652934,0.8236022238388272,0.7664195729687338,0.7014677082069147,0.6290961524977878,0.5642445746554008,0.5172960722980797,0.4271593471532307,0.30069503256781893,0.15324999962273167,0.31198475308538526,0.855624977098055,1.0187172890226628,1.0627775187325592,0.9747855656148394,0.6472327874093993,0.5553247903201013,0.3807039180457639,0.5662181191445229,0.0,0.0,0.0,0.0,0.7995866991770058,0.6197050347596613,0.8935607651540788,-0.027138200358320264,0.5593677305806459,0.8435885090659967,0.850324599161784,0.816807387970007,0.8176246701675536,0.871394691279652,0.9267542730366811,0.9304059472135613,0.8426959378813961,0.947177260856805,0.8936636255743498,0.8212113937978027,0.8146420858015158,0.7939130239456991,0.7232291439611569,0.5329226832417315,0.3036664630687639,0.48415830742227894,0.5484425289175123,0.6818005874797755,0.9501076835976583,1.1506335329194353,1.3688754462425332,1.4380381531047475,1.4793448966381335,0.8371093745775,1.518855523596594,1.4368642756090813,1.3458837823864245,1.1749292240516334,0.992305812023064,0.6477814421316898,0.1320526196874665,0.34243355880230286,0.6552848407111586,0.9854036519534721,1.2431396368520917,1.32370160873495,1.4515784930707984,1.3869382858699912,1.339214666437916,1.2510560802792794,1.1258392689116832,0.9755964338706379,0.8141057480870962,0.6703716908896995,0.5301851859076269,0.4062927567338742,0.2051702587104931,0.25368007583529784,0.672384178493816,0.8529726383412207,0.52906152489394,0.46587063833850906,0.5276558083571635,0.46373030868412346,0.5406517776110684,0.7532244798138545,0.5680500197513192,0.6090312579528554,0.5770319135525545,0.5909151555728185,0.4093847539904426,0.21098334357456422,0.3554475159352091,0.745910290077918,1.536543755124532,1.283071002248843,1.2171017508392832,0.9741348413189601,0.7989877673796257,0.5868025150652909,0.38025966385553245,0.2499893611450401,0.19509902224435893,0.055201825043099007,0.01950610015968779,-0.062242022383399265,-0.11591277462175875,-0.12280712557317874,0.12826971962459682,0.7926428102458256,1.0518615710994097,1.0362005817387852,1.0777306095541395,0.9706239087409438,0.8166796792285593,0.6498979777613665,0.48082638239759334,0.7446525605399397,0.29094566311018677,0.21096800475881627,0.12083477580937618,0.06742718372368917,0.023159782448112898,-0.048454515044238256,-0.09204213611309459,0.06971440326835388,0.3597883034943401,0.6686236462251622,0.7279052490670249,0.7915969829435114,0.8103915082979536,0.7775123326059372,0.7072152007492036,0.6388632993676773,0.6561129326651922,0.578272646783756,0.5427463729049877,0.4914300709498396,0.4786280645765003,0.4321201823035543,0.4522081099691701,0.5858953489535729,0.7168055379944868,0.8064526471022719,0.0,0.0,0.0,0.0,0.0
2025-06-01 17:56:58.565,0,0.0,0.0,0.0,0.0,0.0,0.0,1.044289848982908,0.5754634273527853,0.16199453883150639,-0.12566556701952442,-0.1608924248366903,-0.09502102807173862,0.08840370803445985,0.1922743049907758,0.3346231865072141,0.476497927724165,0.6133024329515011,0.7255692582538303,0.8199993738833165,0.8211924414499066,0.9215193452975189,1.0239657892463245,0.8500168707433486,0.5345935880633808,0.3595102434124655,0.2557377611444892,0.3198663030166842,0.39029817510433795,0.48934087431223827,0.5977702754367848,0.7018365345262443,0.7854157258664038,0.5369571334549046,0.8888400124094774,0.9276105833954609,0.937249583705772,0.9160589625516069,1.0282861905534584,0.704667895563702,0.33819013641836804,0.3319917913274869,0.3638339691703689,0.47460421806702424,0.5464039838934658,0.6015977052813297,0.5583318880868364,0.6463413452754925,0.6237237248698417,0.6197577866124997,0.6064022143127429,0.6501246287057113,0.5569619754427475,0.49467735398834056,0.5080265999818143,0.4015155764484115,0.4881485054612218,0.5170817773426718,0.6130787875698465,0.6392182511244386,0.2741808828689905,0.5536075915312951,0.404873681566765,0.64293555879229,0.6590610708477435,0.5828407138480837,0.4281949072472452,0.35694851802758615,0.4588970445730044,0.6157048493220701,0.6423693391209747,0.4873576638713522,0.24203338675480282,0.2707978211449851,0.28609225069341493,0.3659039999746605,0.41094138641277,0.5328309941722786,0.5926292461518521,0.659132141422355,0.7243284603573783,0.8220566312600621,0.9054322992534769,0.9749432092226241,1.0273047689516492,1.0785329644376265,1.1001263636166034,1.0190174533073635,0.258048075213543,0.040057846860815816,0.3577402637618947,0.5460841746900584,0.7277141689787976,0.8563827349651301,0.9192060197468455,0.9673706869069885,1.0012268672573386,0.7567455731138804,0.9750131759753498,0.9100366818797573,0.8470934229052293,0.7910214822590803,0.6960712288528084,0.5838197024016322,0.7359800959893038,0.8369048016086323,0.9864949720317902,1.004225558341416,0.9272872441044637,0.854843087341721,0.809826988224255,0.7521137098051396,0.6899363248893249,0.6150575257561521,0.5508434157260813,0.5063157231597861,0.42077545792640336,0.29295065401811604,0.1364489501000733,0.28516097919691047,0.8294899604713454,1.0026885247440058,1.0365485494106141,0.9544920252950793,0.5430579920710461,0.6221768468881208,0.541654932921898,0.7091826308037735,0.0,0.0,0.0,0.0,0.8418090068406638,0.5652237350727587,0.6672254795142339,-0.029236394353214956,0.5432072730485429,0.8290545914706843,0.8309697256582984,0.8038303813700777,0.792491986029846,0.8502577501409625,0.9062970204599181,0.9006412009041571,0.8260414989759242,0.9394751636322405,0.894817887232938,0.8213520518939026,0.8212955057533857,0.8071004960806509,0.7484058295552436,0.5973258357685634,0.30169835252895194,0.47102466674197807,0.5286143008239292,0.6469048404683713,0.9215994411836446,1.1176229753230529,1.3425360940644029,1.4160699187171584,1.4747862456342709,0.8539063139138705,1.5219807871719837,1.445973355378825,1.3627640382292057,1.1987732303629985,1.01927504709502,0.692002382553965,0.1414421167083444,0.29311563332571,0.5905543149126248,0.927837456577558,1.1971873784495721,1.277501114880595,1.420660867870338,1.3586975180921026,1.3260654257904152,1.242742520079367,1.1289451729546984,0.9842676562314095,0.8258631631826902,0.6881592871396567,0.5476088663855964,0.43557258669549226,0.2239629223230269,0.19239093411361444,0.6036678342529554,0.7961744245888752,0.5162742713423476,0.5208497672570157,0.420873720812423,0.5294537840185155,0.6437951448823149,0.654293368706301,0.5413959422890939,0.5675360078353655,0.5956317043546173,0.7533147599429291,0.46206586191754206,0.2265906974612309,0.33386055406107745,0.6990843483679009,1.4392635016449027,1.2409790509496728,1.1649370060390383,0.9204663264115953,0.7626126939304358,0.5605390723440014,0.36935901128351256,0.2435046775420744,0.21246096201771802,0.0781243120095132,0.04386781530442074,-0.04911254697486056,-0.09667778739343491,-0.10355870922295946,0.08749996106966801,0.7302112292124585,1.0200748532706116,0.9939954019697965,1.0411837719786123,0.9127126344754821,0.7701288443258383,0.6121790592052034,0.4596614019134264,0.635922310136558,0.28800386159746605,0.21544142811758693,0.12983782938556065,0.09078075094093785,0.05026845886228637,-0.014677972373841386,-0.07015849662000612,0.026142260942085105,0.29607276612385747,0.6195998192639547,0.6794288806994008,0.7387269595927997,0.7560233628293043,0.7347279881908988,0.6742767343985556,0.6256986381104754,0.6500504368078572,0.5774658600519937,0.5473656956542303,0.5058879268416252,0.4994280942707293,0.4469057770878455,0.46830693131017503,0.5615252164139924,0.680984399754765,0.7482279540735091,0.0,0.0,0.0,0.0,0.0
2025-06-01 17:56:58.568,0,0.0,0.0,0.0,0.0,0.0,0.0,1.0983788990126568,0.6305498347700821,0.19040495085554854,-0.1364829320812102,-0.2241819758472705,-0.15039221642557998,0.047388269331864574,0.15184694008812605,0.30601544315226337,0.4672011612068778,0.6054849814463583,0.7262625713434475,0.8189933595687318,0.8347957167553633,0.9452470756073409,1.052951046086247,0.8718467864176055,0.5238439343310817,0.3117110575135327,0.20566943376707647,0.263251059252698,0.343734201416537,0.4507843256504154,0.5765770988288113,0.6915045813193159,0.7766322427710151,0.5970929465812095,0.8857058447752243,0.9425377332312228,0.9545365298449756,0.9365098384022474,1.0572834748298048,0.7024138116570073,0.2915856972807017,0.256162952417617,0.25198944646169763,0.4260617775105271,0.48703581066788804,0.5355345928429804,0.5378311019407049,0.617716083416054,0.6204204271201839,0.6063012647757455,0.6088221533547079,0.6366258112960886,0.5661808871567744,0.5031696454419665,0.4953940664453486,0.3335566824468056,0.4104315708615939,0.4286585000735491,0.5197946237602293,0.5385325104944794,0.417582623278223,0.46041312259965006,0.6222302993256215,0.5657972194904378,0.6308735824122639,0.6982004207719832,0.4969940445230946,0.40953281532174596,0.3983670705261726,0.5411330652717449,0.8378749148365812,0.5931327965773703,0.18488660693930978,0.17088486322607943,0.19147750821056886,0.29311518192130315,0.35873739158488305,0.49381247892067015,0.5638336171160094,0.6449828705011174,0.7268818423232459,0.8248214180603244,0.9183599552899038,0.9976388866683991,1.0528119771681321,1.1174158156753933,1.1554144852026447,1.1022404431109916,0.2769676618365636,-0.046018973285245734,0.2792260123232688,0.48325771687905883,0.6890947604037676,0.8335767586276632,0.8992953377730561,0.9551591200501242,0.9955528019367101,0.6937491533251896,0.9774993629242028,0.9219090544251917,0.8619556579463422,0.8110804749807913,0.7137547489170692,0.6004876797638009,0.692578863853411,0.7728495080490269,0.9348484781307165,0.9595762297780961,0.8980640233368555,0.8288982772208324,0.7882533141409498,0.7290158190018947,0.6813102744773205,0.6041611581353736,0.5481394617574675,0.49955695892527086,0.4220258917740316,0.2987533135742527,0.13095434668310846,0.26240229979021995,0.7913299768285883,0.9819824689384424,1.0178506344300156,0.9397429261372274,0.5143443046427896,0.5392915172359485,0.6465077223939875,0.7855285446620779,0.0,0.0,0.0,0.0,0.6427770672472912,0.7240426118157941,0.8865827332708268,-0.012322116214721512,0.5484676330970444,0.8233402615773531,0.8228453950131689,0.7964922266356621,0.7827008038378676,0.8418858812304768,0.8958193988556733,0.8938696770320917,0.8279038651641661,0.9397675815957047,0.8984014873904469,0.8252134094934997,0.8269807684796404,0.8121728599400144,0.771117872451146,0.6564541118859846,0.3175391167250622,0.4774909005918011,0.5323445112205856,0.6353656338941265,0.9197635563268947,1.1182497206991773,1.3311302260372848,1.4082823213819513,1.461082205649774,0.8014428667382987,1.5072419300095716,1.4402250732064483,1.345853498779488,1.1972564436087123,1.0103059466275301,0.6823663135967252,0.17587834750572096,0.30842451116344216,0.5966374774242508,0.9497348308044813,1.1936058457710703,1.2821614458587292,1.4187623626902517,1.3580762583106056,1.3342573010112315,1.2351618974825338,1.1237998754811769,0.9801228985061737,0.8287445364205642,0.678745628679496,0.5416164865475518,0.4241680024755502,0.2107484079601898,0.17854998734446537,0.6105724148659251,0.803645680976406,0.5142610143526354,0.49824824155750125,0.2761878588022002,0.43037971195104396,0.7321051328223311,0.6258706407984787,0.5260710361386387,0.5847570247453875,0.6416009954855522,0.6703679569851076,0.42369434360653013,0.2080978036207129,0.3205075504697766,0.6845620761939444,1.4301214796786161,1.2495374620291324,1.1501792332063907,0.9259918289457012,0.7417776494720385,0.5662467433540339,0.37948187310865267,0.24353861182771275,0.19617544414146293,0.0922329309013914,0.04915376129506632,-0.05942330229629744,-0.09931863565492904,-0.10874764925419778,0.0976551095606501,0.7319903027265662,1.0353519887270708,1.0018571230438673,1.0387809153617469,0.9131487264490923,0.7581498415591725,0.5987068457720042,0.4397812598984514,0.48507574862145764,0.25266188678825063,0.19212218448617358,0.1047582299761467,0.06358592013361786,0.023596549707253,-0.04059169735106727,-0.09150710085978614,0.025149680860500012,0.3269196201056239,0.6516156650901757,0.7083991683343694,0.7469316592543542,0.7610141341435237,0.72682179102239,0.6689946651489724,0.6189750968474574,0.641898450317065,0.5573999969633505,0.5094662385075244,0.4735649272194833,0.4606510375381564,0.4086258086557917,0.451541175968263,0.547282129208677,0.7411321064099196,0.7727277602361149,0.0,0.0,0.0,0.0,0.0
2025-06-01 17:56:58.571,0,0.0,0.0,0.0,0.0,0.0,0.0,1.137790648252563,0.6808677728824674,0.2380247465105486,-0.12372835005499183,-0.2672810817591892,-0.18468502820861543,-0.003861699982119715,0.12780546330408749,0.2758510115908904,0.4430698018392887,0.6013571385810625,0.7396178898092626,0.8199977487566947,0.8311291766604506,0.9498908975909574,1.0844061497760762,0.9010085346770607,0.5398921373707957,0.3004490892203473,0.18551925731655572,0.2239346533623967,0.30750504499420384,0.41372554864951816,0.5652083742673741,0.6783255963242052,0.7771316368638099,0.6931681090610884,0.8962469194449435,0.9602513080834969,0.9741379858530442,0.96797311600812,1.0947466794263452,0.7364389185679145,0.28888089284891716,0.22724962742793398,0.22577294891181343,0.39529103258345777,0.4626378516022671,0.5147701748856974,0.5249515244461702,0.6047007393130615,0.6304713154825328,0.6230786254251546,0.6203478796230367,0.6306823769617876,0.5896800506527751,0.5269863106067104,0.4827973034268715,0.31095698875619704,0.41154873593345864,0.40481816356525113,0.49789593416227085,0.5271150375695002,0.5281445602223778,0.5202361337474963,0.8007511817711586,0.4804212335369258,0.890370528252092,0.7999696056178947,0.36129331395635056,0.5485217779425859,0.44186404679310276,0.6113048679231958,0.9317072616420419,0.636851974486093,0.1574672849069463,0.14020032864970033,0.15979621921464182,0.2732470538213956,0.35271020767558814,0.4820677952663619,0.563655840865185,0.6551765774681881,0.7517635705529053,0.8415092438155478,0.9321543034058555,1.02502555879712,1.0857907899282453,1.1523288891504455,1.1902939884925487,1.1583925306654574,0.2686918830069591,-0.10540951898829132,0.22696660722028472,0.4774269001245486,0.6827647191758419,0.833606189580212,0.9084169809017095,0.9780114641571975,1.009319333055941,0.6546629461192479,1.0006604489234399,0.9494048741723901,0.8877749118312023,0.837032755597035,0.7436027319851204,0.6203423825846349,0.6601099864591103,0.7432961932368444,0.9067783987909346,0.9453165626436368,0.8907544040602351,0.8280518746662555,0.7927815892043206,0.7395818839227815,0.6896144230187493,0.6188725586284227,0.5706996767531869,0.5171621935237072,0.43578305081957636,0.3169805686419288,0.1328403064157565,0.24186229639906726,0.7710597487980909,0.9671076585257101,1.0036801402819149,0.9392624220903638,0.4373305094663797,0.5120672361897018,0.8183449192789372,0.6956489863956438,0.0,0.0,0.0,0.0,0.5597066361280045,0.5833913247328211,0.8131567799129403,-0.018192396400932953,0.539465525350356,0.8141646792944273,0.8115112958148023,0.7824433763808437,0.7805375934401326,0.8467249374432269,0.8965870935237961,0.9089037248660929,0.8592222014793887,0.9618414107525988,0.8994816317632979,0.8452562020695493,0.8456459905054687,0.8269673980806411,0.7886523364726377,0.6567110717360751,0.3119214528625996,0.4730333203849937,0.5226168831776636,0.6407819663019618,0.9192541777705203,1.1218936745910257,1.3498733149053268,1.4361038255691063,1.4650020259988639,0.8613513630373839,1.5124834716138484,1.4551837355344084,1.350257215175782,1.1949242918872285,1.016127019963224,0.6733306328919237,0.17911324056929834,0.33212765650936826,0.6107012261828683,0.9692166503679338,1.2083971153323527,1.3095022104086056,1.4351133230858957,1.3760282862895796,1.3459152998562458,1.2350975200445555,1.133227311009041,0.9746582283798154,0.8289136727004923,0.6710297187552898,0.5310433569833465,0.4181666541115374,0.1998953497791753,0.18497210635598058,0.6296568230395457,0.8309391498913964,0.5370676589949415,0.5167448715980291,0.2419253972115506,0.49316096981821245,0.7844009716162657,0.564075491581012,0.3938209173962985,0.5307055212279161,0.7269789259182724,0.7013129775561473,0.38464637957374503,0.2078008639813132,0.32081368262041604,0.6725765142506741,1.4691871751807757,1.2791096520247816,1.1834439987645267,0.9621722459097692,0.7641869581621126,0.5900107357332591,0.3723212390113726,0.2490406116301609,0.20804533202131603,0.08718478638267668,0.03433810180474928,-0.07066657730944559,-0.12484110675600257,-0.10901913458799761,0.08102389567245444,0.7311952930199537,1.0444422059661125,1.0132596762250075,1.0521555023856193,0.9556389541128139,0.801856954051285,0.6267310029512461,0.4514992459940499,0.4910198311126721,0.26278291599628645,0.20487591106236303,0.11213322150131333,0.08013246353834835,0.022920436870399352,-0.04049540495690018,-0.10268418246816413,0.031797126242976315,0.37614085960832977,0.6859494037466562,0.7415334807172717,0.7907272610981355,0.7967270593985676,0.7683400950242132,0.7113504452763642,0.6472676624335858,0.6540408641624582,0.5834184211394855,0.5129649289478466,0.47999950183730755,0.45729190646367435,0.39853331436853123,0.4471941721371517,0.5668599889781814,0.7864028440811511,0.830901256069563,0.0,0.0,0.0,0.0,0.0
2025-06-01 17:56:58.575,0,0.0,0.0,0.0,0.0,0.0,0.0,1.1631121606829065,0.7011781542118304,0.22745786506736154,-0.1458658292747811,-0.32116944507042455,-0.21679189881817573,-0.01716287506985814,0.11295155956969938,0.26913288534285595,0.437964162783119,0.6122615436776442,0.7464614077618567,0.8298898091230191,0.8486244831741373,0.9519731617873785,1.0958599710885193,0.9272269424631261,0.5615699775399261,0.25532871375435406,0.14235556187898302,0.17370541096690006,0.27235296222815686,0.3910846017848013,0.553068284329679,0.6618451577524913,0.7873478879725455,0.7385680227058997,0.9041749442084487,0.9729028250198506,0.9905593874083524,1.0056266216971343,1.139420132388536,0.7940142223290243,0.29604409457211345,0.19184179729126327,0.17511381809627924,0.34182587016919497,0.43829495110136585,0.4617947339487478,0.50759548079901,0.5985381514279484,0.6300946478218459,0.6287929600536271,0.6411299250336299,0.6477329468922958,0.6011463185017274,0.5678546039920815,0.5218538834546698,0.31477092362030923,0.40982071325492864,0.4011834633565351,0.4907534689041677,0.5139928138151508,0.6745283046987058,0.7329265596379801,0.9638635501017103,0.5823921920911493,0.9069646489106031,0.9227486387381973,0.3874254031842874,0.6257246693831897,0.3824063952487947,0.5714268797191995,0.6996245812700929,0.6157409646466185,0.12595631817599098,0.1175830539790742,0.14740320487087133,0.26235374892414143,0.3255004167133766,0.46222430051191044,0.5398309581967708,0.638363447880802,0.7427350462493192,0.8316559664155989,0.9147123359448355,1.0123598238515994,1.0817051356862994,1.1545604785384944,1.188718655160569,1.1497854296259853,0.2745439757026888,-0.11532799861757403,0.21603519944546035,0.4674118164698302,0.6852289391249455,0.8179276375363838,0.9000492271086973,0.9755851564649092,1.004964846816913,0.8654871031792866,0.9945268396569482,0.9518985046997755,0.8901143931336298,0.8405847918962545,0.7519622514012589,0.6349806017777306,0.6711464922767895,0.7421996822287987,0.8986701961548422,0.9485293441791913,0.8889989902315703,0.825227140864049,0.7924048516176025,0.7374508422500319,0.6897770976108093,0.6171501886017348,0.585232580702556,0.5143930394556295,0.423137711020412,0.3087386528976329,0.14421342738801557,0.24788223960378702,0.7867678141364997,0.9684155568316852,1.0036852929303597,0.9432204588393218,0.5338777304751265,0.48403201285479197,0.8586577250684579,0.6364029838721986,0.0,0.0,0.0,0.0,0.2924946966522334,0.567266561869074,0.928785744870433,-0.0030851153750320326,0.5540946441094428,0.8142003847011285,0.8096624291115044,0.7751417824329622,0.7686812768159126,0.8365973059922347,0.8711976407542585,0.8803683955264332,0.8437427469210328,0.9340208013133151,0.8620844891056683,0.8254184837625096,0.8317914747069912,0.8040821520408374,0.7663112723311933,0.6244457065239579,0.3193654304426861,0.4775938177839193,0.5300398030335538,0.6385970782988812,0.9073732135423278,1.1052867901112968,1.3343613236369936,1.417640550694695,1.4254648582979297,0.903092423943294,1.4752547156764595,1.4318057955642662,1.3215080569403828,1.1619094771230785,0.9937673348168073,0.665651798120206,0.16732449631187324,0.3454284289421016,0.6060671310862978,0.966536889744775,1.1893732332127334,1.29845592885867,1.4054371192366237,1.3421088618637753,1.3067045126159686,1.1873254072434998,1.098624842270469,0.9371686293112279,0.7897567314407122,0.6399725766185,0.5133647030123709,0.3964271909320276,0.18809062493379053,0.20631840030582696,0.6560918674129746,0.8429645983123141,0.5370174246511582,0.8120799014934258,0.3844339640916822,0.5319268041114068,0.7279037683836269,0.43892186953542234,0.2893765729296313,0.578018727977718,0.7306266188351397,0.5346409195113643,0.2897677663001681,0.1714197653257668,0.29892858148542306,0.6765734402902991,1.4894250132050286,1.290981218837537,1.198502640076395,0.9748463337939053,0.7679552302584958,0.569093220351192,0.34892423445788623,0.22296128765918866,0.19947274796761016,0.07514801470264265,-0.009272076140720342,-0.09760828465886195,-0.15878734473669576,-0.13053149523100505,0.05053020899583088,0.7203007604707503,1.0521352074422186,1.0092966733485333,1.0527457283048118,0.9579613608667554,0.7834666112157711,0.6190076410742436,0.45542146898822256,0.5401378381756229,0.2555246760483749,0.2029925639533341,0.10856302996133205,0.08543140905820368,0.014307313269815047,-0.04607300748145138,-0.11734670762286886,0.03985940639938368,0.3932549278704538,0.7153277390766519,0.7585947328513313,0.8173614588022478,0.8179350375964982,0.7815906747669916,0.7332792970964808,0.6650185521453411,0.6522909213967656,0.5647944727890073,0.5018276815189493,0.4777865200785434,0.44502015750923307,0.3853274896303006,0.44013179275025444,0.5713254973456653,0.7911611771507,0.8457061121457561,0.0,0.0,0.0,0.0,0.0
2025-06-01 17:56:58.579,0,0.0,0.0,0.0,0.0,0.0,0.0,1.2117530621072625,0.7476178986905666,0.2628149037807981,-0.1332683233263267,-0.35020035144960027,-0.23196693025234394,-0.028180195269383423,0.10367513015027108,0.2663378994674007,0.45129165117580294,0.6330508492147957,0.7673779121157872,0.8508296540775115,0.8936178667326417,0.9907957829782005,1.154662645145215,0.9727778267218627,0.5878157359213421,0.2219561236785924,0.10985362739243121,0.13349188757160868,0.2346860146375438,0.3723727284917453,0.560135086283152,0.6703359881163142,0.8086838246526664,0.7757715920296582,0.9382788098371612,1.0064401971405037,1.0323002560783197,1.0599809313839037,1.2299176525150033,0.8839044908396121,0.3096078147233181,0.11987836460759915,0.11875248656402637,0.30173622658727517,0.42557714080848585,0.4310021006865805,0.5018082639883714,0.5776756885951408,0.6332081948347394,0.6452018401130759,0.672329272730997,0.6898736556808084,0.6569048419724746,0.6566812172875575,0.5981870813690231,0.33695158650377854,0.38186545498881513,0.36987015227571196,0.45678641532915565,0.49131742180604787,0.5764464443880937,0.773738297204226,0.9884967511827505,0.5746092281290314,0.8246650421799917,0.9555592359979186,0.3973808527610252,0.6433356063158984,0.4845085700919195,0.6740248962724708,0.6245933553209456,0.6134581124342673,0.07569347443312785,0.0698896261658778,0.11225601788974293,0.23414513361815348,0.30450659976213745,0.4539694782187389,0.5296940380115636,0.6274863744470844,0.7329580765321229,0.830869567517841,0.9121684990170293,1.0122482910882473,1.0751185131599217,1.1527794779834608,1.2053145209718736,1.1704734279722495,0.31028390890556057,-0.12321556103139486,0.18886157900484912,0.452618720125602,0.6647389904367629,0.8039710367337198,0.8958908429749002,0.9669023837444923,0.9964305110795457,0.6579903855558491,0.9936781831162389,0.9562999727729294,0.8975321800101276,0.8526483704784981,0.7713265719034679,0.6671826902586948,0.6971950030138874,0.7422252046737366,0.8890064727853555,0.9526440856244529,0.9032513342066439,0.8252617117732168,0.786666700426129,0.7296793916488911,0.6859739844796799,0.6191251155897839,0.5958184970744169,0.52156028377934,0.43296528092319875,0.3141052389942144,0.16634844097625956,0.271511591933759,0.816735824200873,0.9848089321924915,1.0135533527091796,0.9548502046143408,0.5868464513287537,0.5503369973861665,0.8009439174560229,0.45109709964901656,0.0,0.0,0.0,0.0,0.17605922835711396,0.6911526165930344,0.8697634704182854,0.014655368141535619,0.5746970888241731,0.8277090596250252,0.8229572327145878,0.7902732799391504,0.7874979828051589,0.8556841002776754,0.8687638664527926,0.8742540067099926,0.8272799583647066,0.9176049479433543,0.8285924207533446,0.7949298712700508,0.7974161073335571,0.7578910595136052,0.7197091839744936,0.5570185754158516,0.33436638538700636,0.5077207784499206,0.5524773511102539,0.6735159546903748,0.9291661295067508,1.1292043583124296,1.3422521476283262,1.4127613250452982,1.403463288281394,0.8986475780383549,1.4346226140434788,1.3913482073718595,1.2787208369568812,1.1146397726943462,0.9433827872109918,0.60230030063637,0.19519558284544464,0.4128857983991303,0.6629913796344399,1.020331051596518,1.2371436339036581,1.3273677587403137,1.4175955455546143,1.338511181737143,1.3017658878317189,1.1713278692753288,1.0810347432769074,0.9096448011957724,0.7642854102475259,0.6058436310075894,0.47944893245474796,0.3604121769515079,0.16493005245911221,0.27054512187702695,0.7487843462847782,0.9220440230770214,0.584732087535315,0.9047452932898555,0.7116651263752635,0.43024867323500116,0.651078757986933,0.5036886348494903,0.2897754577896854,0.5811941489145156,0.6809610950271143,0.45366085739110373,0.29692125889344145,0.1487224528618843,0.2953825341223238,0.7077349302461668,1.5902389968494648,1.3393679424769889,1.2556051988729755,1.033299877084222,0.7905728020825593,0.5848949737942735,0.3445902370966025,0.20413777410877643,0.16182647305579168,0.04691063653833338,-0.053969251428393705,-0.1188513709633775,-0.19503268847283006,-0.12874932410797207,0.08995521399697587,0.7775316451625076,1.0771104731455319,1.028833448751792,1.0624995089560412,0.9738963001893539,0.7868503079086593,0.6100400151696006,0.43543997343173824,0.5900247016817138,0.22131806477981852,0.16390464942440008,0.06458727251876173,0.04243156848106311,-0.028016190240214622,-0.08606114000450449,-0.12328580724920529,0.06885665508414907,0.45327840963055255,0.7423160687056982,0.8033401827483936,0.8425129119593806,0.822764701328119,0.7593162017393769,0.7236501589426041,0.6382471217334396,0.636244744300781,0.5337214092998055,0.4623130122962327,0.4504885286385871,0.40042382498877493,0.3547288396628989,0.4261377653297827,0.5750010187061003,0.8352124314688146,0.8455782159410328,0.0,0.0,0.0,0.0,0.0
2025-06-01 17:56:58.581,0,0.0,0.0,0.0,0.0,0.0,0.0,1.2388042437616984,0.7834278437969692,0.2980283066423707,-0.09978299362286402,-0.33672400091766064,-0.23158133523928348,-0.03636324549759151,0.10685104743284657,0.2671476578579056,0.4684244609309449,0.6375993296911913,0.7791016791060908,0.8638343900434806,0.9208032840967847,1.0166388896329783,1.1810967504301684,1.0158758435825204,0.6028279077658509,0.240680522773268,0.0986879268024684,0.11773617626765409,0.2209024785067999,0.37061552299805123,0.5624159022326791,0.6794910543389237,0.8180140136115586,0.5347832422189043,0.9663003522844004,1.0244409431637547,1.0636873271706526,1.100173190684656,1.295446353181767,0.9400319548458682,0.32429796178786086,0.10941338962998814,0.09342799388360801,0.29008101371745787,0.4509491997950992,0.4411647415915452,0.5244949208393126,0.5823667643507597,0.6882480125967192,0.6513232706670702,0.715221693681196,0.7221189167739849,0.694844427048025,0.683615757412739,0.6750105838391827,0.38441355417665235,0.39026818674984054,0.3807167215186593,0.4514210835461645,0.5034175516898487,0.5128614002879861,0.7692770959032791,0.8015307355241916,0.5243903705094486,0.616701877684245,0.8677126996822737,0.4865782514187147,0.5856465975887102,0.5225030214280437,0.6271969710177823,0.5993197435492611,0.6456569053077403,0.06961555357623583,0.04892715107069723,0.09217581283148157,0.23065116566968946,0.30751731501209245,0.4503228495375884,0.525831877473,0.6363748888050849,0.7402137710244538,0.8474224192447106,0.9162214461329992,1.0250508606446433,1.0923302953121217,1.1687447083875913,1.2150797573770808,1.1961178079454484,0.3349423771352908,-0.15687382084028467,0.17288204119506334,0.44116365032316773,0.6685850867625207,0.8152351951876797,0.9047533493108055,0.9702780440230501,1.0105686108836285,0.6311755521836033,1.0049905486387283,0.9755631241777206,0.9159191382142778,0.8723711227760288,0.7913379376337923,0.6927528336629394,0.6909624125718077,0.717600081072571,0.8770519182214804,0.951510551717228,0.9023898298210573,0.8299462840860541,0.793290313510258,0.7437800829192311,0.6918316112600349,0.639626777093639,0.6127146240458015,0.5486223514382971,0.4488805858245195,0.3359035033962702,0.18429874168535665,0.27843421435556565,0.8026062362377492,0.9698682033925456,1.0080501884287412,0.9591449820544153,0.5678962741433682,0.6876013236313365,0.645348041302449,0.3248144822252401,0.0,0.0,0.0,0.0,0.09747120017392102,0.7867044805423635,1.0187009173690629,-0.015493743903572277,0.5562307909135324,0.8219114624056276,0.8291635829457717,0.7978027357962317,0.8152126720100159,0.8837285804522887,0.8938877507883856,0.9130286050356369,0.8593497230627971,0.9516004599226942,0.8519959408281186,0.814836288747288,0.8087393507223517,0.7610193027504557,0.7064755112796728,0.5061541473812432,0.3325579047667439,0.5160334664225343,0.5751920960273476,0.7128180765552825,0.9617914056985868,1.1655147877110044,1.3992258384840253,1.4550168733409776,1.4437453801902078,0.882162124541247,1.4611555043780045,1.4025886279536008,1.2931755679072057,1.1147529342088487,0.936651983150537,0.5871039281055142,0.17277374197623735,0.45022236613953925,0.7224977468742831,1.0662688673279332,1.2942008381670131,1.399299995423598,1.4779098912496664,1.4047468630606283,1.3410157300017556,1.219084083269112,1.108325072456073,0.9403665429263658,0.776783264331251,0.6106369536946965,0.4808711451254102,0.352614956724376,0.15429232436866105,0.3087899828654378,0.8068344799038233,0.9875250279436479,0.7021549962692172,0.9642198278935404,0.6879959019505362,0.40433984897763164,0.543290054909739,0.5638118330124171,0.3850410628647139,0.7826757911335747,0.8264083816935343,0.3967849385030209,0.39490922000688855,0.1537124732854443,0.3230793513893165,0.7559677797319032,1.6874628073520128,1.4025789858373188,1.3237954936772791,1.0888791507831845,0.8201443492198945,0.6190455237165091,0.3831024278428856,0.2274842639688064,0.17436805790697885,0.04987445765120069,-0.05703961810932312,-0.126090852443156,-0.18783374973049016,-0.11305309283417703,0.16992648734399401,0.8455616172611298,1.1212366048881874,1.0743687136661186,1.0939636131378867,1.0249801768192623,0.8416582367946894,0.6387120136059374,0.4674760373494571,0.5120318727442755,0.2129926659401422,0.14277802895588865,0.04603853125408919,0.011726515032127405,-0.05780892515707592,-0.1168236381507024,-0.14374425457569934,0.12415453032250007,0.5480010902103647,0.7973488661515753,0.8480376403907369,0.8892724101760408,0.8662695896216421,0.7995909810079587,0.7409647888921294,0.6482924826629475,0.6352898118506844,0.5225029463891835,0.4447429245134664,0.4283905372471737,0.37606584790434516,0.3301902253364555,0.41025100798502107,0.5921610036772978,0.8849976103440874,0.9219074287128659,0.0,0.0,0.0,0.0,0.0
2025-06-01 17:56:58.586,0,0.0,0.0,0.0,0.0,0.0,0.0,1.2698283465090823,0.8304918028482668,0.34683642842737583,-0.06977133750308928,-0.32247291359696695,-0.2522241781972997,-0.06942342783270328,0.08888737774716349,0.25328588432903454,0.46154407840734546,0.6253039456133973,0.7794300619270468,0.8756737241988863,0.9381860400122516,1.0331598814353464,1.2157546124156222,1.0286719276988912,0.6199878739420168,0.2307167300917693,0.0791154655768157,0.09405412324244034,0.1943969829621328,0.3544097399519812,0.5471491213581827,0.6735191336456334,0.8141434389827067,0.39523208254464626,0.9772808153901767,1.0310111696250153,1.084926135260821,1.1224185784817415,1.3204193110179716,0.9731874651287522,0.33300285017560793,0.07656316077395053,0.10314372316074394,0.23445001291070366,0.4201173024134064,0.46414559660293664,0.50689575326472,0.5936132841947415,0.6791356033220801,0.6652752321828446,0.7151497671848935,0.715342907290108,0.7307635354694244,0.6897173769484799,0.716260596366542,0.3475665158368168,0.3882188975555174,0.3613332421964579,0.4305117686925539,0.48953204580417564,0.42751465348930323,0.6599041357513842,0.5735456691854357,0.426888205768693,0.6875313638399436,0.8002637297431192,0.4786860636298105,0.5064855033228124,0.5204540339247227,0.7931349948816941,0.4774827284358335,0.7120654781759321,0.07914399672828473,0.028064560686064888,0.053133589747743626,0.2068592093622097,0.29110554046060333,0.4391401004197568,0.5166523125034859,0.6287201134015976,0.7312458762913847,0.85531954168272,0.9218546535968695,1.0363765300859273,1.1084535106678872,1.190114334195686,1.2346615749128178,1.2356067556470085,0.36140957956649616,-0.1996074438024591,0.13472658071188492,0.42375459335431076,0.6557158696347678,0.8013151035924744,0.8953839860576793,0.9633628762404571,1.010030241759705,0.7410143369837585,1.0098919002173241,0.9752775012607108,0.9284876918310111,0.8709498059290125,0.7989953333085327,0.6964062264970966,0.6686973696632347,0.6863860493106385,0.8623585784713979,0.9283923319570435,0.8857507975653591,0.8191378908438842,0.7813594944541431,0.7448580302789933,0.6801317379868672,0.6422741669513741,0.6083511816528462,0.5512085735658718,0.44590033495354575,0.33392482462282647,0.18140820233311672,0.2676825971963667,0.7797787508109831,0.9542194285372403,0.9959436457596649,0.9469494799024638,0.6759657382527817,0.6798415905023243,0.7816938298988669,0.2487906104653761,0.0,0.0,0.0,0.0,0.23435436223538741,0.6895283607128577,0.7881342270512283,-0.026478893408242887,0.5505574208066526,0.8180951282528427,0.8212352866930361,0.7874645424449557,0.8068349574199738,0.8788266248193823,0.8869355496011142,0.8969525499682764,0.8345716552422262,0.9355156656989188,0.8361616943693551,0.8028478920678137,0.7969486788093623,0.7473159477777243,0.6868273799958553,0.4911893712650102,0.34691945453706885,0.5321914594754752,0.5834599828878104,0.729130131046472,0.9698673467750345,1.1669865324455961,1.4077611814849238,1.4468648285003616,1.444002005946815,0.8981597349386792,1.452428545788362,1.3783744792558417,1.2822361829276583,1.094187433209937,0.9150000987802145,0.5646814982294307,0.17814697352978998,0.4889451552424986,0.7665032167774831,1.0751653914490544,1.317380713668876,1.4182633491883954,1.482540207376407,1.4090922280323774,1.3315976599708708,1.2154324942071089,1.0876159524661602,0.9298571063392024,0.7608027012311412,0.5989492649352064,0.4595351727089505,0.3378042713430472,0.1365214874083595,0.34109591023624763,0.8369745066758884,1.0160698713421739,0.7226397094494744,0.994621080687977,0.926471643982738,0.4811267909809306,0.3962942472090825,0.5475598112281761,0.4628234763273768,0.6299557230786133,0.7702283660644373,0.3417492673147251,0.3891782216882661,0.14503680290804816,0.3256426142273818,0.7782227491838233,1.7225228348497303,1.4088851410177619,1.3329183582598887,1.0874353672592174,0.7908104428288187,0.6071144576608192,0.36795590044996773,0.17483390695859757,0.1575373030220948,0.014981719959760609,-0.10319466066806393,-0.17009093371513406,-0.21066936251831814,-0.10841629646179213,0.21653453459641364,0.912930318370204,1.1453875818734862,1.1029580371985177,1.1272647427108216,1.020715369597294,0.8369269439741882,0.6111952353335981,0.44268659567356505,0.5053093516137163,0.17764995817858997,0.09648209801032381,0.003128801687233951,-0.04614609948801274,-0.1183897813450806,-0.17309767724424097,-0.16302839060861796,0.16153521519480535,0.6225408162575534,0.8357935458955594,0.8645122517750529,0.9092861304641442,0.8814074630448814,0.8095094123529272,0.7129227060289982,0.61580423794634,0.5796250039156225,0.47005356077375327,0.3964771501361801,0.3744337883589055,0.3161986919132814,0.2817569950782175,0.37687227921011573,0.6393601697789691,0.9480598642261099,1.0128405445649646,0.0,0.0,0.0,0.0,0.0
2025-06-01 17:56:58.588,0,0.0,0.0,0.0,0.0,0.0,0.0,1.383420318010871,0.9242805540413874,0.43357828085051264,-0.014852727629698248,-0.31071214840679795,-0.28431370045403026,-0.09381118987566262,0.07528723213431388,0.25892170206430143,0.4647377679067164,0.6318336951852122,0.7956841505109985,0.9017325266268859,0.9873033617374393,1.0879820177682764,1.270843693284132,1.108945349473967,0.6685789588160806,0.2457774359649747,0.047216848362274355,0.06255046173115808,0.17111548409586286,0.35546646545515714,0.5342887737641988,0.6741036037187069,0.8148705232535784,0.34202184235490163,1.0041727333035189,1.0661757712249014,1.1190661823145434,1.1819011747239567,1.409667924436354,1.0443571943860552,0.3719695472249983,0.0014829451713413988,0.014007059694506552,0.16077270261283494,0.36673330043477925,0.4475043109535326,0.4987254600338247,0.583744210194191,0.6578897800022339,0.6954043849775815,0.7157679995867342,0.739761660148954,0.744062835919227,0.74025897294176,0.7889076910206585,0.36635594263048604,0.3301205290617166,0.2825731351840034,0.3577767467132533,0.42515588570801466,0.5050049975569448,0.4918650586167802,0.4750158357862188,0.5627573252137771,0.48831509051218347,0.7820688745189555,0.5400432705176533,0.5580118306816171,0.5295801530691578,0.6508843972631253,0.3744889465261444,0.7892207641864686,0.05225832484434903,-0.054507850664554214,-0.015341969193783722,0.17249019674109878,0.25498121728588075,0.4234328055359571,0.5057182519090901,0.6295788298912635,0.7268680818218014,0.8697863109209705,0.9352024390215501,1.0528299066159055,1.1383012497106386,1.2294368997322789,1.2782816734371631,1.2939716597410003,0.4367878428332545,-0.24011466464510556,0.09791741255625275,0.3880896519315855,0.6363742120429372,0.7866817074557964,0.8936457948227172,0.9614822508787166,1.0179921515579016,0.7921666736395647,1.0233312100304783,0.9945306526725385,0.9560190659249507,0.8915199023692045,0.8264259534631131,0.736763097952374,0.6610293401207233,0.6466084801511308,0.8374925058933256,0.9065712727660935,0.8656511856872442,0.813653799761511,0.7894073132630499,0.7480762844427207,0.6856752957759287,0.6514701604628432,0.6247909373733471,0.563614902378714,0.46167355696248924,0.35365415906216857,0.2078908921742194,0.28506611144522437,0.7624242016040209,0.9384109553432798,0.9940745183708579,0.935122705380427,0.8601026640494089,0.5496915327262897,0.7270680177992002,0.2923797275881165,0.0,0.0,0.0,0.0,0.42393669342099527,0.5786641250154052,0.620790937327398,-0.029130499756889194,0.5546538166944353,0.8186905970979969,0.8219693642902002,0.7822847955192592,0.798232359600644,0.862512327737212,0.8683401315851111,0.8738326847841926,0.8100674753722132,0.9100454793004049,0.8102737420331587,0.7805354542743799,0.7815559463545632,0.7365327993796329,0.6648319445492685,0.4978848797795971,0.36130557186605017,0.5376034006904874,0.5945478063027387,0.7281420718958922,0.9628837704697559,1.1600301733303544,1.3878449652997276,1.4255396661705084,1.4238863820008791,0.6918423590442209,1.4341259234104924,1.3622496282718286,1.2626958498336986,1.0622319484833134,0.8924812036657176,0.5409115868846364,0.19943894644106164,0.5008730609745574,0.7945761213591588,1.079563230492645,1.319079458645842,1.4108437483730472,1.4825248416509154,1.4063266965717591,1.3138116998321911,1.1986443895924062,1.0670376164226947,0.9070562413694138,0.7359326010910608,0.5837118377944757,0.44422236680422555,0.3195741582986955,0.11500821406443529,0.3726120121797982,0.8656260417555758,1.0451213949472984,0.9442543008233938,0.888137009435691,0.9874941329852941,0.44258260669018323,0.7149068022169656,0.5054448457700367,0.579360040376272,0.6767237009186544,0.6487527304067934,0.3167245405070991,0.34710572096451264,0.1298570083622687,0.3145227718781664,0.7986786432146267,1.7182244579955164,1.4113966086655394,1.3198445603726223,1.0798302851760027,0.7875700799414582,0.6083611492387218,0.357451855079153,0.152644285356474,0.13834905012476018,-0.0015846405430897104,-0.11263825423121676,-0.1828358595664934,-0.20029852798752945,-0.10682947908884877,0.2545925885764691,0.9475138636556732,1.1709198344535243,1.1097019181970522,1.1321154621500074,1.0271384364297733,0.836678066190716,0.6039311592825347,0.43311904332407614,0.47000221756802507,0.1662066942221183,0.07037025034223965,-0.03816959962823363,-0.07022129350078177,-0.14920706912743253,-0.21282031609931257,-0.1722601211861554,0.1937051746355129,0.6814313858233634,0.8675402835791692,0.897708735285412,0.9236829918922629,0.894870404967429,0.8106838061758732,0.6856862628369651,0.5935141465087663,0.5520122786034263,0.43172425560245387,0.3743441247149797,0.3355732370267748,0.27300407248075176,0.25083700247687024,0.3597035189353493,0.6547522514748098,0.9876295927277609,1.0810976205304101,0.0,0.0,0.0,0.0,0.0
2025-06-01 17:56:58.594,0,0.0,0.0,0.0,0.0,0.0,0.0,1.3076386156437647,0.8601919050701299,0.40153321971204303,0.012313217748978644,-0.2487248706452695,-0.24130200940168878,-0.07226449894150122,0.09027664496727239,0.26642499890484295,0.46210774391084164,0.6113226216906156,0.7819840002774833,0.8745205373340375,0.9583750431627326,1.0594449274256745,1.2150975860754103,1.0678725743720199,0.6599982065840708,0.29756713574220217,0.12738806886300724,0.13199212478084,0.21873505127986537,0.3906480216390176,0.5535411247894533,0.6824183478223338,0.7964894873322315,0.3082276380598379,0.9772163672324418,1.0312295312070547,1.0877507345427595,1.1137953143912784,1.339111585867795,0.9806797579862687,0.389980746828012,0.04649235430148224,0.10365510245781229,0.2502436468117062,0.3894396390360766,0.5097823378987678,0.5217067111010769,0.5904715236298146,0.647962971090084,0.6866767617612819,0.6896196070876109,0.7198035526244312,0.7087678784144527,0.6839585089361165,0.7277982632788274,0.4296747157749732,0.3957484547627227,0.3303547092454292,0.4006742077453205,0.48425543339508725,0.5140734854885738,0.21123793931097296,0.2867528061842997,0.35006587749071827,0.5236310197049829,0.6243680550837659,0.5835988461748867,0.5393924308597995,0.4935836340118389,0.688419939729855,0.40220511205860343,0.7421000160735767,0.11789327576461664,0.0045403588529248085,0.04327991701456968,0.22364691168203654,0.3086176917765453,0.456494699772092,0.5367102653885432,0.6473470222248296,0.7338154004105735,0.8719191911734863,0.9444088938028365,1.0441605451480203,1.1236084981179244,1.1974856448525655,1.2435012009844097,1.2294475288819606,0.4232657542317921,-0.17065696007301778,0.1539823248889871,0.43569855954918557,0.6664922776796451,0.823531819055555,0.919656232525655,0.9763741810296693,1.0274601008570354,0.5080769104414617,1.0223158657907228,0.9823483493219386,0.9448796826947213,0.8769101645967387,0.8074857844407846,0.7109049189722758,0.6740116136949642,0.6836771621345515,0.8921863584470366,0.9322386715060176,0.8937469858975666,0.8367328823012394,0.7990430600234366,0.7543109184282377,0.6886551244544645,0.6614331100151505,0.6113975542574905,0.5571960578075361,0.46403949316528426,0.3449971851885344,0.19686107893797933,0.27874068877751906,0.7695946700282518,0.9435862789448306,1.0057046890479961,0.9449157431835082,0.8882698171510619,0.8090064005411897,0.5399175735754491,0.3202726740019852,0.0,0.0,0.0,0.0,0.45289003535900696,0.5915710678410055,0.5897022177880306,-0.02276661013006831,0.5484922300803357,0.8173665914234273,0.8183906933956917,0.783325941965792,0.794241806579359,0.8567397505006944,0.8816266490750797,0.8767527432854174,0.8046365345370847,0.9214492388074098,0.8400918629961809,0.7967225097525024,0.792478292788962,0.7603823850157623,0.6952997029388186,0.5559632494087292,0.35251021296431106,0.5141343697898798,0.567938157095323,0.7110861318298534,0.9406633002693134,1.1533047658639073,1.3855288628635458,1.4241751647903211,1.4378767901130034,0.5429290169668297,1.4640755784519586,1.3848256463159054,1.2841273206161277,1.0974321967292977,0.9271462406554973,0.5722994923164086,0.22818178148494705,0.4561260755929152,0.7635410751390758,1.0473428363606871,1.303013740513312,1.3972541121623936,1.4673682614713948,1.4036580765749023,1.3282263345489018,1.2285029812767032,1.0824647416085846,0.9357938287995106,0.7619621932021724,0.6189711601422261,0.46902572505658,0.345816830827351,0.13949170930975424,0.3381415404290862,0.7955954300022904,0.999675760421019,0.8163152864489219,0.7038533283916707,0.899840760320655,0.5984231487476693,0.8261930993487034,0.6636795516584026,0.7041186951453782,0.5720457943421136,0.5125867289447849,0.6269615678664744,0.4920680021975705,0.1605702049522219,0.3190591997090791,0.7662971384730312,1.6378296262220375,1.3834541041117705,1.271213741700663,1.0488236696887165,0.7823034931029504,0.6163302968337359,0.3878663598952119,0.16675341051645232,0.16726254367026128,0.02101897151026111,-0.06771945157208437,-0.15697933690377885,-0.15532007631687206,-0.10404365515384889,0.2155145880698815,0.8632095932131014,1.1220457511280577,1.0602465073509442,1.082147282670415,0.9892632431192425,0.8188983497067022,0.6044586504692566,0.42875892602654253,0.41429768253499544,0.19495419285340665,0.09552852347082341,0.00418176988826513,-0.02410878628463542,-0.08457925224380125,-0.15008726587122428,-0.10487764271933753,0.18093823343440457,0.5819259145031397,0.7717041348321643,0.8235384571960341,0.8514278109756275,0.8262205074838787,0.7558284475013943,0.6667438440743778,0.5800339934810479,0.5729471386399478,0.4633099474214102,0.4112265250638998,0.3868716944267776,0.331870335669879,0.32007493626980765,0.4172538850999024,0.6782953356996472,0.9263749353181804,1.0096259393437779,0.0,0.0,0.0,0.0,0.0
2025-06-01 17:56:58.596,0,0.0,0.0,0.0,0.0,0.0,0.0,1.3201362574430315,0.8638033188060983,0.4246511891151682,0.01102790968175904,-0.26747075086684413,-0.2661248661500861,-0.08765310503556034,0.07069650372967551,0.25997830193251803,0.4399157249263552,0.5901165943948778,0.7703967041571368,0.8688697660189266,0.9518632325650164,1.0588941176154516,1.210921936171971,1.0837055657468884,0.667174737337813,0.3043703530188244,0.10923060922062355,0.09960105965925825,0.20127134710865602,0.3717352329838086,0.5213724299121041,0.6656739250219239,0.7769602880797573,0.2614934322380674,0.9691940899935406,1.0271498878225507,1.0846283758906652,1.1346767937327247,1.3393934804011138,1.0106454899739794,0.4135094281699906,0.06065555976255299,0.06346442287352394,0.18481880492402714,0.351105779134794,0.48468773219033556,0.5158703056053067,0.5701222422073748,0.682863050665977,0.6716027351131164,0.656651697930189,0.7043495077465484,0.7059559130960598,0.6798181435223641,0.7414536383418417,0.438380368105196,0.3888411312197608,0.31338747227941566,0.3703487713863163,0.4581704148565686,0.7416072340878102,0.1714343625443675,0.3122344136367949,0.25563893661535797,0.4883710818999062,0.6711482054437868,0.6799249041117275,0.7051919902512445,0.35933614046979734,0.6230145679949495,0.5012217286212602,0.7946771198851148,0.11902504371910241,-0.0010086315848091276,0.025179586998670178,0.22858128150441415,0.32224693911096747,0.4524109989357268,0.5427562026322701,0.6575524132002373,0.7531592020653677,0.8821338094998448,0.94938328085171,1.053009812127227,1.1439930995924723,1.2184005177357238,1.2590905318306018,1.2548064189101416,0.4171518503177098,-0.18841672052982128,0.13054006189638367,0.42261516247888364,0.6695706222367315,0.8248650983058057,0.9217608232552568,0.9946686178948041,1.0400314512502364,0.6924481455498508,1.040537694476306,1.0017468185065024,0.9668610570267294,0.884715263648974,0.8242428996857711,0.7226421078493582,0.6535756864269086,0.6471352684688917,0.8775912236020842,0.9128969629137844,0.8880523826581996,0.8459333258747372,0.8137576540892475,0.7732422766623794,0.7077236135211187,0.6803918997902105,0.6366833952835116,0.5709234420262046,0.48417859495503723,0.37177274285567063,0.20368066130845852,0.2725346893061456,0.7441434657726086,0.9281864932636186,0.9954606471659426,0.9400144604931837,0.9254979458103729,0.7778420717073169,0.5512221550378396,0.35314491487823285,0.0,0.0,0.0,0.0,0.6517091547272428,0.5792452635541172,0.6556246029886796,-0.05320254317179873,0.5312482291180352,0.800151397229381,0.8059619749757323,0.7741634452717147,0.7931449325443103,0.8419999445611117,0.8864636839616145,0.8840074455857443,0.8300681763563946,0.9289521503807538,0.8637894481013388,0.82664116810682,0.817619556305043,0.7889226602251536,0.7204592157062122,0.5742726937706013,0.33138247949853444,0.49480517933766643,0.5472820856313376,0.6945163532635095,0.9311725083479756,1.1448859878187019,1.3887971010208187,1.4448764767901314,1.451451950592998,0.5954758400758293,1.485564283654468,1.4115544037755372,1.3101044138374633,1.111708702108361,0.9458706725975733,0.5960544487104084,0.19415855192529707,0.43698044811105974,0.7497933913244509,1.0338379275400358,1.2904410744804844,1.3849422158759086,1.4638968745272263,1.4046128441204757,1.3336938969963592,1.2326668478339884,1.097579305811835,0.9316543719446827,0.7597868008664607,0.6235500659818567,0.47870382924816,0.3550924971825589,0.13501993777039037,0.3233647288601785,0.7680164521272644,0.9864430254328035,0.6935874382893004,0.6820445700388049,0.6188321138040803,0.6952869776768885,0.7925163727216347,0.6485472312152994,0.7190481075824353,0.5631379317253635,0.44704583414018184,0.56960601096484,0.39327210296148607,0.15564331881050547,0.3347765093518454,0.7711521291604857,1.6591555841929737,1.3915375990947612,1.2875448716200197,1.06560678710753,0.8096366989070247,0.6454077627194406,0.4117721034120603,0.17607652436408694,0.20201062006041792,0.032165007560582826,-0.047116149898721815,-0.16541855965202634,-0.15382411429103615,-0.11732000112924368,0.20303622592943488,0.8688886649991341,1.1346454805976975,1.0691716767141295,1.1330139622473072,1.0446824670160135,0.8811628324883816,0.6559367499440178,0.4854952904042735,0.3389428575019512,0.2389771862980521,0.13519243249705326,0.041636699595033466,0.003124651621458696,-0.06265313746999868,-0.15079661651320425,-0.10750390065450316,0.1869738442647773,0.6135878002677426,0.8006253898213536,0.8562639975515322,0.9052871866680536,0.8921745037519306,0.8236749055320263,0.7371463244857539,0.6422558230513391,0.6124642290885498,0.5081469423476555,0.45258702530989003,0.40776317621189984,0.3646779171935467,0.33903559255839155,0.4263115863968389,0.6854041416989552,0.9300594009535131,1.0707871989034077,0.0,0.0,0.0,0.0,0.0
2025-06-01 17:56:58.599,0,0.0,0.0,0.0,0.0,0.0,0.0,1.3335194800428722,0.8668191924643078,0.40455788939798565,-0.008234328914877298,-0.2852511419740237,-0.26681512111678063,-0.08429577615784367,0.07895616814772743,0.27613381930423364,0.43453610531908926,0.6026931268444702,0.7828714443326344,0.8845484571667439,0.9645273632810673,1.0681701736164428,1.2321185040887208,1.0898440329768737,0.6807073467997244,0.28970098599071337,0.11507866080911,0.10362738937392035,0.211872430397545,0.37151698923065735,0.5136149674603863,0.6733133203281825,0.7831279992439062,0.4552491534622799,0.9724322383394842,1.043188559256335,1.0876808733625103,1.1435004288656085,1.3497018545631922,1.0548925597829741,0.43344080080836234,0.05154578320036618,0.070684572573386,0.17676679573683618,0.314515304339976,0.5142793781690174,0.5127795654790015,0.5958190859473034,0.6633002346450299,0.6763583166379092,0.6375168865008057,0.7175071799692371,0.7190685450646375,0.690252722461527,0.7421763556604384,0.4491455425705292,0.3951676952090659,0.2923470600701408,0.37344994139256094,0.4406136645703598,0.7811302677223686,0.14353415193683816,0.3615820310263242,0.2696791727448939,0.5255424128303037,0.8136114857982246,0.7517514059894316,0.77131344919606,0.3799998323377798,0.5250338123865586,0.4373407605856665,0.7634555675891161,0.0833172477368341,0.015263222576384128,0.05214341129003519,0.22743723345238753,0.3242334653048655,0.44676010023066937,0.5377622045303465,0.6494926279454412,0.7553949070149204,0.8596799572540281,0.92882135072201,1.030798745863709,1.1207225941131365,1.2047165937171498,1.230572539367412,1.2211933060889943,0.3933268102669149,-0.1363537101778296,0.16953489498745755,0.4522741719339467,0.6844308489630151,0.8217566833995975,0.921992471383791,0.9981188648958557,1.0275688717271854,0.9022338269954961,1.0275023579140095,0.9817823453490234,0.9541719736884405,0.8617948182592471,0.8044086076477472,0.7109054356017201,0.6912309620095876,0.6880416130590504,0.9183433522415969,0.9213371064830163,0.89830078198056,0.850505460296956,0.8160249255298875,0.7676113515268712,0.6971108392202845,0.6673526774880587,0.626915403085677,0.5411139955716824,0.46550448028604596,0.3490718592586596,0.20292096500770607,0.2843565083677641,0.7738676247335329,0.9506455536278313,1.0169096519882976,0.9490305017723453,0.7700404999480137,0.558631524290232,0.5683821779243452,0.32157602901865034,0.0,0.0,0.0,0.0,0.6040568013138204,0.5311102976685933,0.5690359892056716,-0.0049362897943011075,0.5772517888696695,0.8130069608005743,0.8141519646160742,0.7708190967798122,0.7770133060599285,0.8281677424605467,0.855834471628937,0.847476403749289,0.7841814407047702,0.8729840399241722,0.8013577384781745,0.78239008123165,0.771437163390206,0.7527839719518983,0.6801984584529537,0.5353888990515734,0.3635117139637204,0.5132770182886064,0.5641860263458047,0.6974530413756139,0.9331270294122109,1.1177265460534098,1.352794313415885,1.4186787795858578,1.410394292766809,0.710648751567869,1.445461707547362,1.3701988080972614,1.2645574859138724,1.0686857830061793,0.9102721616060745,0.5626353228016584,0.23017422986712205,0.4602103318431654,0.7635949682300197,1.0434233416398728,1.274334878846128,1.3569467603665466,1.4320391170554831,1.367923310274018,1.300728310187337,1.187024150252757,1.0621208342197925,0.8902615706065943,0.7261906144295173,0.5948994822981177,0.45367877471565343,0.3247066205102153,0.11535663198586205,0.3522507490346506,0.7856901017585364,0.9842659421456271,0.5928900651659433,0.7487724971707018,0.6835115115897116,0.5745500389519814,0.761202354861884,0.6171816236614532,0.6828968514227127,0.3566756678838598,0.2994137886509678,0.682554228242639,0.3152393114246812,0.13722736821434073,0.3201324292181627,0.7718883482716475,1.6769797761632808,1.3816468276570606,1.2894644352033149,1.0662977387016532,0.8094912949800885,0.6370716979212929,0.3516513188713182,0.14521451093171,0.16570861146622606,0.006327258006192826,-0.07142452670204502,-0.18349155209739976,-0.21030067653508355,-0.14169320819678088,0.1811347804976658,0.8592366469960437,1.125384312837538,1.046303257787802,1.1101697275348026,1.0069915179815283,0.8278621672576363,0.6102198386809172,0.4410706676686129,0.35683784952842645,0.21359902307088507,0.10912622966711294,0.01271021264669736,-0.02460257807679389,-0.09800943085983582,-0.16881630286604066,-0.12434282071507635,0.16653765115743174,0.5933134015923862,0.761760587525603,0.8311915247952856,0.8752334946916009,0.8416879736115894,0.7567250461116544,0.7013702081432736,0.5997510735969838,0.5686751605650011,0.4843387614249619,0.4314844846290353,0.3868124187879678,0.3470679275067855,0.34136006549928033,0.41481936464516883,0.6794083987864566,0.8812047515096556,1.015315998414279,0.0,0.0,0.0,0.0,0.0
2025-06-01 17:56:58.604,0,0.0,0.0,0.0,0.0,0.0,0.0,1.2783055804208763,0.7941320684636185,0.3540375930799674,0.019700481024287675,-0.20551371589710232,-0.16943235549125013,0.003649971962476184,0.1357858006253856,0.32141101144612916,0.460702356369616,0.6296205933173906,0.7901410602321935,0.8752745597899627,0.9429961645230348,1.0511000922745155,1.1655025897257723,1.0771141148617667,0.6975791993437372,0.3536088791995874,0.2107247354232703,0.19767126836153648,0.28780255368686536,0.41466737768753514,0.5534500722930968,0.6956472335363311,0.8003242482778443,0.7335403504029105,0.9502604989180011,1.0141487977738037,1.037429979356994,1.0852589532040984,1.2523422475905002,1.023791307870291,0.45781735124416956,0.16141662829837955,0.12054507737053033,0.2682231499960581,0.4045085393651555,0.5519173178403902,0.5431723115528493,0.600903510974379,0.6692532908280371,0.6756702652480007,0.627260324849959,0.7134040591785561,0.6459618905415052,0.647852015975993,0.6976014072237673,0.5125289886047645,0.4524082375174452,0.3542140293374819,0.45738993480368095,0.5134481196058596,0.6890004338108631,0.2068411647112205,0.6421743495341903,0.378871232978246,0.4412786655804498,0.8569852731514944,0.7470183073495059,0.9239286011330048,0.5723787593986278,0.32501424477127916,0.6384078957923721,0.6027213362491377,0.0980789375790557,0.11063414568651253,0.1571007334086425,0.3046693719977096,0.3842992493935178,0.49856071521903766,0.5808280138592241,0.6773892892829834,0.7746584288883951,0.861652239868451,0.9256178722530541,1.01623236166794,1.0963233798241112,1.1663641618726708,1.1736195429984142,1.1344768022871665,0.35043458988538606,-0.028174531050189744,0.2661483331327579,0.5382618811414006,0.7454545548027094,0.8646213528756497,0.9632679211112474,1.0221723427597995,1.0513034019628666,0.9252245600947833,1.035474832437736,0.9788617033730219,0.9414488953141481,0.8546511380538614,0.7809537781238951,0.6860559298482238,0.7222370594801076,0.7465596876697779,0.9805901870588616,0.967171920257891,0.9409202170106397,0.8841441642583068,0.8502551592203189,0.794962591411827,0.7188888412003125,0.6903124348818337,0.6329976521357346,0.5566874388605925,0.48302307999673455,0.3615592202594865,0.2133456434947959,0.28570849301062967,0.7764363415105767,0.9605011367941869,1.0277785294895183,0.9627476121429908,0.6459376091862776,0.6278831206187065,0.270120587079228,0.380196906573815,0.0,0.0,0.0,0.0,0.5330979479161936,0.4822176118681812,0.424804011757824,-0.021872737201152348,0.5616545989899888,0.8037175508920803,0.815811886088381,0.777072319317626,0.7873439359224779,0.8428769525876338,0.8841604949962032,0.8845500319885451,0.8140422445037854,0.9115972382417019,0.8495090377591326,0.8221896668885156,0.8160813692207631,0.7943626839107805,0.7315695163372395,0.5906174624746463,0.34164739610043665,0.4736262917372174,0.5315803643640755,0.670321971914486,0.914506758423103,1.1106546685107248,1.3552525474438486,1.4378634271401303,1.4492750191433823,0.692299124545372,1.5138080608418032,1.4366396370941836,1.3288897158665547,1.1403680206466706,0.9865377044444253,0.6385142475716772,0.27002577240791087,0.3562896573475631,0.6760273778096092,0.9759374987334215,1.2301755362344187,1.3319789935109319,1.440807780539655,1.3895116664613913,1.3403718267856766,1.2449614012340873,1.1238877916889076,0.9539262513475254,0.7828535868818006,0.6602202445036098,0.5218765442676389,0.3864140370117347,0.17825922682925321,0.3336535697940562,0.7015649516440934,0.9065447771544383,0.651547426221923,0.7225423126134175,0.7325462335604159,0.46261838613408524,0.8438869950472621,0.6121061015292993,0.6631174919556044,0.39098074269440114,0.22675229165216337,0.6745502979917541,0.48215766078915756,0.20381098477116538,0.3593146183890404,0.7626012431172043,1.6179845799579633,1.336329145396187,1.2602967140298382,1.0524756258077308,0.8490965074087022,0.6620731719995514,0.39709862597772116,0.2314074629281362,0.22014724481460002,0.06987499371544437,0.011769828046098496,-0.06663830244975599,-0.13160288507576523,-0.0968033275839213,0.15335831908405734,0.7607740223038539,1.0609759469829096,0.9956668969203484,1.0609864504271669,0.9839407975525118,0.8423227408687541,0.6590485378235875,0.49110562069364616,0.3322266582842307,0.2897658600807562,0.1959858240147001,0.10348628390747483,0.07915597918310768,0.014065701806100894,-0.0616622388886362,-0.047073683143573575,0.16228553850881938,0.45640742031535897,0.6828986852393628,0.7702472901976959,0.8032419620192084,0.8010474350581158,0.7352133539005536,0.7138231166343214,0.6532524379565485,0.6422309492867893,0.5651453239264221,0.5262435797889953,0.49630444052094624,0.4697199206837005,0.4580322912667236,0.504553391751444,0.6739741954816202,0.7714217160825244,0.885290448239157,0.0,0.0,0.0,0.0,0.0
2025-06-01 17:56:58.610,0,0.0,0.0,0.0,0.0,0.0,0.0,1.2119019686456667,0.7429461561322324,0.3214626178259543,-0.015665114831869387,-0.2203993460908985,-0.1611023626188317,0.002168929185531354,0.13522262395512052,0.30023976273792596,0.4527683142065684,0.6116298671162768,0.7593469371762901,0.8426452737161165,0.9094719831852577,1.0199850631638148,1.1086696893765775,1.0107326640122734,0.6602847300838501,0.330561593068212,0.20680211839550966,0.2069336691355026,0.28202815259393144,0.3964095444684621,0.5504908347979245,0.6858057082427704,0.7932613407256575,0.6787714898318212,0.931266736689968,0.9853670771599157,1.021591835311968,1.0505843860605157,1.206840170918868,0.9865958529919512,0.4180353367197407,0.1838135638027889,0.15137954569871215,0.2942347874387057,0.41542079973400403,0.5527754066596577,0.5243614559451772,0.6230594021533757,0.6468098892760592,0.63356149112253,0.6166383191099373,0.7000218385610085,0.6042522825523877,0.6056980730660192,0.6386656011188305,0.4580651292969081,0.4451738763584556,0.37218094536383584,0.46392256602291115,0.4948103673507007,0.7483275028818224,0.23227115635284307,0.6062609090965874,0.3582402008913794,0.48233577270220185,0.627293615320796,0.7589519437517823,0.8834892588303505,0.6124873623708931,0.3431710744107731,0.6493072324451626,0.5956732507379332,0.11839311057085974,0.1164709003569091,0.15785500836855704,0.284256266738939,0.3679487519233593,0.46938274380822786,0.5722865405046129,0.6462590114760893,0.753093089538516,0.8431533719945226,0.918515393867217,1.0031400630377356,1.0790820903426055,1.1458657751439103,1.1624621417142094,1.1219037339184195,0.31947048719668,-0.020736672017249935,0.25989700329722076,0.5236352317238442,0.7329273607492695,0.8542752300613441,0.9452854349618143,1.0057807461629333,1.041653354931532,0.8369340339871469,1.0172477077044173,0.9547412497567261,0.921153018958638,0.8473602689050964,0.7533866254522785,0.6478694087596597,0.6994271229744384,0.7360149199190752,0.9768412722783855,0.9490697332305873,0.9373027852052835,0.8754352801745513,0.82390287922889,0.776780090388729,0.7065304023195538,0.6799728358185315,0.6016127519986696,0.5400429769275545,0.46962869878010216,0.3370460208482243,0.19109037435887788,0.25229675509324395,0.7519245722430535,0.9502042169019813,1.0170677220086641,0.9543841804623148,0.5983688585452163,0.6030507032119898,0.35648323369708484,0.6332706283939681,0.0,0.0,0.0,0.0,0.41028509932983226,0.5755847290206524,0.4885105477364209,-0.021551930372521788,0.5465785420463352,0.7966410624475436,0.8109174933791106,0.7686844453737048,0.7707468989415847,0.8426071812005491,0.8770397175651174,0.8732300422250701,0.802094533839071,0.9116907527936293,0.8615788766778829,0.8199757851812797,0.8153606429190907,0.7953293392948122,0.751705347895554,0.6123643778576178,0.33964121405000003,0.4798917472464156,0.5212784245834425,0.6586026359723722,0.9031867702772003,1.0964402129962303,1.3277630955832977,1.4076769827241382,1.4357616189445153,1.1075499711479087,1.5045975139860626,1.4195000519927308,1.320851501655196,1.1583038443243345,0.9997720273430225,0.6496583477718573,0.2682332058624804,0.32833054649539073,0.6426878698625665,0.9419777831311105,1.2069455573656138,1.3087568499936377,1.4108102957349549,1.3619090446955975,1.3282486840742656,1.243051908550596,1.112761538401454,0.9608632552419233,0.7873698795949983,0.6627073953486107,0.5237589321856639,0.38759035271389575,0.18177893211203794,0.31062831785416684,0.684215208470227,0.86932075159244,0.44060720820211696,0.8803576122500124,0.6750186255623573,0.3924415906474171,0.4821111747733499,0.5121808101391542,0.5868508604815876,0.30346314449792583,0.45897970255851084,0.8763009694812678,0.5783728682736098,0.20687326006651102,0.3603279487380036,0.7425313975170043,1.5987108920826991,1.3084226595087785,1.2386942985732978,1.0109995910032121,0.8149523397770795,0.6063134489245785,0.3577217912450039,0.22075562967446616,0.19872352979718477,0.050422705895253994,0.004007378056132493,-0.07424254332139568,-0.1450722727772551,-0.09348589515874561,0.16330538414324508,0.7784693612646634,1.053188002286266,1.0010324041710912,1.0423853935209846,0.947504804665426,0.8140009006618909,0.6259198249752018,0.4565924297352104,0.2577177222804634,0.244756466237672,0.17524921484549805,0.09589940203874026,0.04224229020504999,-0.008193790779889576,-0.08283792960147662,-0.04662300232190347,0.1692320639415072,0.4526087334276935,0.6954121127888373,0.7650866957046824,0.7918079445220336,0.7723215754881871,0.7305784398505626,0.6870373372841403,0.635060346129791,0.6222899903399624,0.5375339335477556,0.4911381792182494,0.4697971554376339,0.4472938709074422,0.4368719692971246,0.4856992173168773,0.6496419319371586,0.7585015780512115,0.868336757473513,0.0,0.0,0.0,0.0,0.0
2025-06-01 17:56:58.613,0,0.0,0.0,0.0,0.0,0.0,0.0,1.2860935030207437,0.8146041136728492,0.3806199114936518,-0.039858778902002734,-0.27459472558349296,-0.20631630747990037,-0.023776652234543727,0.11263636653862408,0.2896439615037486,0.44732744317665474,0.6173009649543351,0.7659901536267145,0.8560747827503665,0.931583422071267,1.0490095901689882,1.1593712403011984,1.0500457548640527,0.6398856005638036,0.28961667062269403,0.13190810729345392,0.1446483600766595,0.21445925131652732,0.3582429188407934,0.5268481981797075,0.6774651953306117,0.7940644261709922,0.717592685776357,0.9446955010414305,1.0137306534884958,1.0496160423889382,1.098976139087558,1.2581405817778757,1.0549239214329895,0.37938304249133437,0.11904498114758222,0.04759959546706938,0.19296583556019153,0.3473355133570666,0.4940932932153119,0.4841279765533819,0.5869626301834745,0.641925463288644,0.6241775818061814,0.6055629504868597,0.7121154824339347,0.6329218222596737,0.6172790511070032,0.6718454573357211,0.4046386454574581,0.3497902839173664,0.2987494864232988,0.36402325970123295,0.4055754346660412,0.6657573672222159,0.3809772528206806,0.7519601817931703,0.46289674840158335,0.6407221964164862,0.6054839946979409,0.6667383210214586,0.9603394327317929,0.6778469006241434,0.2865281867630607,0.7133728902161016,0.674445460610934,0.042805715459512284,0.025859666435754103,0.055138462986091374,0.2123476847825665,0.30896622174076804,0.4253291355618125,0.5454778498023576,0.6354350938105442,0.7416946675648282,0.8440557526797179,0.9293993035560106,1.0275264616491682,1.1045462863839988,1.1829195674668684,1.200576116891551,1.2129219060658174,0.35853983625136804,-0.07632715271272994,0.2012250049472435,0.48556518206653676,0.6938707791552023,0.8267893909127326,0.9226322846740369,0.9980065779665006,1.0364334342080956,0.8366128177102163,1.023778100279052,0.9677160693019414,0.938903984509399,0.8672150661439856,0.7790253670095082,0.6761979545790127,0.680449800092415,0.6962966835852192,0.9238961929728498,0.9241015038351372,0.9044908448134101,0.855069790388532,0.8149473672306913,0.7730490450347665,0.702710473532832,0.6742776157516044,0.6063865102333958,0.5471204768944762,0.4759713960553893,0.35401855076904043,0.1889757569056636,0.2420406968121756,0.7312598994727753,0.9351752204567649,0.9981902574239416,0.9320848368426826,0.44400700978738966,0.3974591785311879,0.6010004522098018,0.87619386433444,0.0,0.0,0.0,0.0,0.46689211523284047,0.5359018891028804,0.4366742224712652,-0.024495620521224226,0.5228718344097913,0.7865811648915361,0.8013945930420019,0.7555097405467696,0.7572316508101027,0.8319827564068742,0.8508954534215389,0.8572680076280568,0.7805759761051787,0.8883493764359578,0.8363418062501626,0.804796571487244,0.8003750801643927,0.7845290298002936,0.7453235359136523,0.6052004810772835,0.3566923401515529,0.48017795600673374,0.5136524693632001,0.6506770136122608,0.8906193421847883,1.0723443943007172,1.30355651295063,1.3842483672599004,1.4109449430271626,1.058156657223048,1.481122082361693,1.3982192329069454,1.3067730025599693,1.138467633690302,0.9893526057287264,0.6394879359989772,0.2788466218324973,0.34076181677780026,0.6423581982560439,0.948690531766317,1.198488405584575,1.2869048190228247,1.4017998651151546,1.3467670803446012,1.3115284066918815,1.217117688957047,1.1001839931009512,0.9350701782703085,0.7760718488808226,0.6433798555825307,0.5089148325623466,0.37900703126512736,0.1765657944695396,0.2959427946126917,0.6990017944081754,0.8740554062069613,0.7365952676260218,0.9282349016493311,0.6677768592526234,0.1465697347550567,0.4586845509260206,0.4112279133115657,0.8135027544560864,0.3975161140978178,0.6738217974843179,0.8009124025530423,0.46265113988835815,0.1941066363317711,0.35277965611539747,0.733738457514626,1.5831970319071724,1.2768634500313916,1.2401267600065293,1.0029074007949412,0.7952958426529835,0.5999147855727083,0.33838312769205414,0.20062677670171825,0.15232148171078919,0.03377859903328484,-0.010360824347706576,-0.07444548447603316,-0.16839035937965918,-0.10407575626627502,0.17871105755903177,0.7960268670240567,1.0544098562821012,1.0132064364908584,1.0372576591978784,0.9547802114384021,0.8036965009161365,0.6198494613368293,0.44030787212593503,0.05230945645082649,0.2141025835190733,0.15592508666624627,0.05990151725351378,0.011731929430420673,-0.04215709695589254,-0.12003568646947027,-0.08455100667105314,0.14441706693471773,0.482335692060337,0.718482804207657,0.7958174094971843,0.8126307303686378,0.771757635756245,0.7461812909872214,0.6814599936479424,0.6277015848754968,0.5827571164978478,0.5027617878394064,0.4674219959153636,0.43485311593463627,0.40661885415587695,0.3898901035682575,0.449051727659215,0.637164760973521,0.7927399056087175,0.8974827963275636,0.0,0.0,0.0,0.0,0.0
2025-06-01 17:56:58.615,0,0.0,0.0,0.0,0.0,0.0,0.0,1.2197471553699717,0.7513307751892635,0.3267596042184914,-0.04847608421311422,-0.22791072129281664,-0.14906460195069038,0.012624423066181056,0.1451185444792379,0.3111011807694809,0.4682321137214558,0.6334117908926817,0.7559279833090261,0.8397322484521152,0.9070271423889132,1.0240254200912577,1.103380159621406,0.9904063651329742,0.6265573356300362,0.30974726249559903,0.19305877320627507,0.2037807456929548,0.26382363052896274,0.3993124590922241,0.5605865929146983,0.6931600713330852,0.8001528654281702,0.7511198084825876,0.9187946857749759,1.0001505579123247,1.0219792955194165,1.0429953033218138,1.2048085184819772,0.9814835203486258,0.34308034228571493,0.13111103022038362,0.12380795504520337,0.2984821582735284,0.3886492562635693,0.48843999145027395,0.5216619025540421,0.5851233468576165,0.6080668889603955,0.6313068906515387,0.5975183189159036,0.6999206617167472,0.6083001873565541,0.5762151990497166,0.6107959045269065,0.39719460796922224,0.37107241610350905,0.3254973432986257,0.41823872974665033,0.4578927970107143,0.5234481783013754,0.27054957527808027,0.7186325294973337,0.67639895263899,0.6898493135887968,0.6493622823481253,0.5382602394822849,0.9107084152483103,0.9801329917981038,0.3108715567053961,0.6369503353781283,0.6005759601749077,0.068785178960005,0.08972370978970101,0.10868432442506126,0.2533424699169562,0.3356833630928524,0.45505181148993756,0.5618158346165869,0.6429611970547777,0.7503301161866927,0.8490562239894734,0.9390581297594063,1.0235345711757518,1.0916092093515903,1.1571084502339857,1.1737808325599772,1.1767228323124055,0.3393577810722406,-0.028508432504605774,0.2648741577977647,0.5249903925901571,0.7316411308099273,0.8587894927167357,0.936971013526473,1.0016728270854647,1.046443993446393,0.9341001947217678,1.0244672970549076,0.9575893667662795,0.9176778740428485,0.8704974506359776,0.7581460393740314,0.6559848203889906,0.6937499294295872,0.7337345393695861,0.9494256754459927,0.9612308335177995,0.9269088527685827,0.8682349559545937,0.8248896467559845,0.7732480675171023,0.7126124479752713,0.6647131695295654,0.6012378037074935,0.5499456955875557,0.47423000177772856,0.35600426694159737,0.18857855581260685,0.2333488000452334,0.7174236550440103,0.9359762698362553,0.9985602542039917,0.9373741398922619,0.40075860522475965,0.3343956851653617,0.8374147285724984,0.912814802363237,0.0,0.0,0.0,0.0,0.3649121736231028,0.5050765836821849,0.44384270037595397,-0.03263400987905263,0.4900243300006703,0.7858114818059699,0.7881972977026275,0.7492496818331832,0.7452031633521026,0.8311507559904883,0.8487415227526465,0.8588936282245805,0.7827150994189513,0.9071522156885532,0.8573469053077138,0.8136898951683418,0.8136245373688449,0.7990697859677085,0.7798792583381544,0.6505551979601802,0.3341259690724449,0.45837017426350357,0.49906402763913627,0.6236229081367959,0.8836243223902749,1.0692938989701282,1.3021794373041238,1.3747143016273478,1.4204003541226637,1.0087633432981875,1.5056157760090723,1.4191144467650196,1.3226605489751115,1.184022682585474,1.0203498524432844,0.6808283061400383,0.2721375718016345,0.28656406978036275,0.6074741587127882,0.9221672550055684,1.1741577220775694,1.2811832515691906,1.3986656189193916,1.348609792991432,1.32976213665857,1.23594476224231,1.1197243217580803,0.9695801409648667,0.8059244363187582,0.6750543798930848,0.5398970223543369,0.4048936754767858,0.20655816591821868,0.2606095553893656,0.6549704719024434,0.8224002384760497,0.7079189997947792,0.9303080052339402,0.7324106325887229,0.1302045269694056,0.48121942131953327,0.5914020214400111,0.8847576243641917,0.3209770394602159,0.844342082667363,0.8997154516060828,0.6492263339868402,0.21182338118651328,0.33462645419778186,0.68931312843562,1.4732154313252193,1.235945784747869,1.1911315055053358,0.9493254102514328,0.7643786370125218,0.5926745819309756,0.3663553212237245,0.24015355936422256,0.17233563066210822,0.0650531440110631,0.0226297473780529,-0.029077871933071764,-0.13394864145809982,-0.09542078608123383,0.11581154638429153,0.6919306210084932,1.0166332840844678,0.9815876872063769,0.9911835357134885,0.908786673618496,0.7692790533428169,0.6218547198897644,0.4310480649652806,0.2502330614095588,0.24611870159130755,0.1925760860122312,0.10515727163304112,0.07166117397999028,0.020965975746172316,-0.03873994790470847,-0.06172113931058698,0.07934206394452936,0.34458998317741596,0.6325176815813913,0.714215331070044,0.7393627656660093,0.7171248742141692,0.724843385311448,0.6614075431036439,0.627652692534586,0.5967204952834075,0.5216520794123181,0.5174636035613844,0.49636282255810693,0.45677332478067656,0.4460651865832619,0.48954222563706634,0.6266538240519964,0.7122341987432813,0.786615285793586,0.0,0.0,0.0,0.0,0.0
2025-06-01 17:56:58.618,0,0.0,0.0,0.0,0.0,0.0,0.0,1.2321261720837473,0.758823414044456,0.34086264876986994,-0.04239571181298862,-0.24005652896385676,-0.1799996836985267,-0.005332831875704658,0.1397966675862805,0.29522195557372,0.4568147737939052,0.6385901643161502,0.745501320748528,0.834538456826643,0.8968778337864446,1.0321937764117903,1.1079189421340547,1.0002175587616122,0.6438655224954903,0.3016893144270262,0.1525203941741956,0.16201317901495393,0.21841975785931966,0.3667680701951428,0.5485399280492511,0.6751848669634599,0.7856136029403948,0.5486446047647098,0.9185543758393618,1.0001043304272819,1.0346744614273493,1.0627663303497668,1.2280774306494315,0.9971536413128106,0.3551209058366608,0.13419853352829358,0.11091772981765469,0.26199813813114425,0.39171901995059466,0.4076552199148913,0.5187553560074809,0.5360226679416129,0.5958122728527109,0.6186534176204159,0.6209541236430963,0.7178333979121131,0.5931836256745524,0.5871724159471926,0.611935392400766,0.43871840653708305,0.3425212099242783,0.3459930459255739,0.3923445364447409,0.43511515765265085,0.5874940475380623,0.4011487447272879,0.6867667701328359,0.8332457707602587,0.7001823738608522,0.5971637350842346,0.469050180034008,0.8174266500953944,1.037024279570312,0.33335934193943595,0.6831887301843019,0.6478824398433278,0.07503816603842273,0.04959410816420673,0.04828272461756766,0.2341399079538069,0.3157073652304798,0.45131061776648695,0.5631485472608946,0.6446154367681929,0.7469658382418816,0.8652452575491283,0.9619490049760369,1.0347084418482253,1.1013533201219976,1.1683131575023686,1.2009179271399142,1.2035130099308105,0.36206948945760103,-0.05521493449928194,0.24326659408979,0.5075749332190709,0.7159512357656996,0.8609074797159089,0.9385687582869555,1.001949648314695,1.052130715267446,0.6495273644402304,1.0353729679465575,0.9757026381353066,0.928346317956331,0.8888303097587872,0.7872301054386652,0.6712751530081328,0.6761014954403652,0.6989890594236753,0.9243638690768976,0.956891677626379,0.9335856454437634,0.8735868497017332,0.8249562953262295,0.7789408449101454,0.7257298688544418,0.6692994913589216,0.6118191412798748,0.5601324133113572,0.49518461558839166,0.3758476730391712,0.19745445348997281,0.22103911800081566,0.6976021329034138,0.9349902475924596,0.9903932067232883,0.9290163542383303,0.6147366210558505,0.3577446137539398,0.9020787035289328,0.9922807915839367,0.0,0.0,0.0,0.0,0.3439510795705051,0.41804857082983654,0.6909513846399733,-0.05654702056645522,0.4705017395873136,0.7758501125509601,0.7802500797937435,0.7541354622765041,0.7497054392237439,0.8260868924639937,0.8608828089012106,0.8597331895679798,0.8064757015649144,0.9322312819119887,0.8894277902011236,0.8381631300912973,0.8473639814779208,0.8271700568606621,0.812851754006096,0.7086669672894068,0.3003136881487438,0.4353571521169145,0.4736845311287061,0.604922086474998,0.8682839957204853,1.070762387865388,1.294456015159617,1.3752089183765708,1.4332705378603066,0.9593700293733267,1.5230054505897024,1.4451963952317177,1.3452842854119242,1.207411201659065,1.0375574049644092,0.6943637799362847,0.24607712664606368,0.2541802247352555,0.5766813174455229,0.9237192989368184,1.17421518670591,1.2817160242900048,1.4127759454190092,1.351479383104626,1.3292060837527075,1.2507977166029844,1.1362480702135538,0.9841902891549258,0.8197476718407305,0.6835406257985333,0.5507718192925989,0.4162594459759955,0.21716208076791377,0.24174046867884627,0.6527461230609884,0.8124914412686645,0.7009342784825069,0.84929441386575,0.5871054062823572,0.36252875456945877,0.49065184879281826,0.5153128740983395,0.9784901587143031,0.44398202117253877,1.0676676769440765,0.8825163396898401,0.690008604756744,0.21131698857289544,0.32527964185215236,0.6954112181830728,1.426552745210523,1.237208305685224,1.1931064330404446,0.9402173302451815,0.7827708843552765,0.5837740484076916,0.3914193286046128,0.25395291403965614,0.16997445823809487,0.06461020892241609,0.030211951255083358,-0.025468156903751815,-0.12051674432848591,-0.08745448672316175,0.09158374170837619,0.7073979752372257,1.0150899119575247,0.9991517156479637,1.0185704513690936,0.9661501527770653,0.8179351804241253,0.6648529049433909,0.47215510273913597,0.44707870542964534,0.28571114506697204,0.21676105282540004,0.1328811436796491,0.10647655732037664,0.05403194316051707,-0.026479962085415587,-0.048348721998222266,0.09511228968799573,0.35314804343509,0.6720991449555691,0.7518744933622389,0.7804537373712115,0.7783631197619925,0.7814061511000765,0.709802841751694,0.6698490131063268,0.6496376005782978,0.5546375585015988,0.5398454737520748,0.5203398468911293,0.4659933789169751,0.4485567582732066,0.48517183352827803,0.6434536213895466,0.7513936115525969,0.8249419287937436,0.0,0.0,0.0,0.0,0.0
2025-06-01 17:56:58.623,0,0.0,0.0,0.0,0.0,0.0,0.0,1.2063996120878635,0.7421552175224162,0.35701816081939497,-0.05749463518827058,-0.24261708090608758,-0.1789775456030528,-0.000833454709532222,0.1560695005963434,0.29646472913996347,0.4647462548158985,0.6331360787031104,0.7410034425858384,0.8301878319592917,0.8949419091863889,1.0119137987467512,1.1080016699142392,0.9736078689293901,0.6474229928695334,0.3184745964169413,0.14257563469326373,0.1645422186793848,0.23827975970948811,0.3874692603289629,0.5551979709270232,0.6844418514203086,0.7851323278633777,0.5583014641527867,0.9313549656285837,1.0102348336238571,1.0461929992502002,1.0713090131900265,1.2519483657153998,0.968267791056473,0.3524950281329642,0.12461362567514034,0.15811267384956817,0.26995174905881014,0.3860330667317948,0.3847421754892799,0.5307519784029155,0.5569345372629546,0.6128884340868253,0.6313430596143295,0.670810180725104,0.7342749809626937,0.6140815246657143,0.606732674518061,0.6313195859014584,0.4318608534315961,0.3396625041162818,0.36287612584449025,0.3864951730907584,0.43517921749473354,0.6210983445866576,0.5259374816320355,0.6406958154943367,0.7443098789020413,0.7561048161294803,0.5132854209391183,0.5424832728773537,0.7162138331113366,0.945403497076268,0.5590268588582601,0.47221816432026964,0.6332585667767539,0.07623411153269855,0.031241243776194083,0.0476083219026211,0.23416912680418944,0.30992898875769415,0.44525731816792313,0.5595365860964951,0.6518132480602292,0.7441691940030561,0.8548965122615078,0.9574767439671958,1.0201711354497411,1.0885307122507342,1.1552059958267733,1.1858343561266977,1.1672586150150817,0.37740676615009056,-0.016676487307134003,0.27339884295606787,0.5111585328288788,0.7236404862735102,0.8691118374875964,0.9355071325805118,1.0055079120494281,1.0437386341958634,0.7560885754643734,1.0340081902320082,0.9714629278035315,0.9197393628550267,0.8795226720629415,0.7842123723434316,0.6732012625015391,0.7011345228036837,0.7260236845667246,0.9435204282119058,0.9744199421038064,0.9326576383488832,0.8758639674450153,0.8312952344080902,0.781242147987105,0.729201497078108,0.6552078768208034,0.6163859375455261,0.5534008261375258,0.4909042926936886,0.37453373147620483,0.2026430407258969,0.23863929156792468,0.7236022799405053,0.9410976603956429,0.9970087587813437,0.9339856234314732,0.6533655738018698,0.2394149517479553,1.1184452121307122,0.9607847939584939,0.0,0.0,0.0,0.0,0.3126161397446171,0.34387880193797654,0.8873443561208109,-0.06214103198573301,0.47572801379315593,0.7858577581537065,0.7816934215402289,0.7577068736658376,0.7468741316074061,0.8128586883640276,0.8460912929172051,0.8355804603834209,0.7895685952499654,0.8963389818432841,0.8542629783461013,0.8044668486034539,0.8093708994238382,0.7965015415143963,0.7784073087030745,0.6596602305846233,0.2842417979223644,0.44059545124514243,0.4784674977843968,0.604076765354155,0.8617843618228187,1.0543939714124275,1.266306799060731,1.3530122871221562,1.394405746134631,0.9040796252526788,1.4757466542013584,1.4116247077605153,1.302207507199064,1.171402271810619,0.9994839579524645,0.6717374535703833,0.20610231263981954,0.27414469865271385,0.5881100380765042,0.9265820161627276,1.1602522917291727,1.2600801411515905,1.3905484885269956,1.325833281907831,1.2843535110446491,1.2051441367673257,1.1006001839182615,0.941048769505603,0.7933952446805831,0.652953120193118,0.5275065058087581,0.392291762141294,0.20851054977647027,0.22259663346555744,0.6669760808750017,0.8151800266273234,0.7184893203132539,0.7184515767240607,0.39508987261681505,0.4616552081441605,0.362497262872076,0.42654007925291704,1.047937500982389,0.42283701761957043,1.1017953524778954,1.0125916047710375,0.6650634773645794,0.201283688821062,0.3147835553894081,0.6933123792975969,1.4120532063168172,1.2400589211194326,1.189493322234513,0.8913756571797595,0.7521216988407768,0.54557943694169,0.3488926392944913,0.21665028088151672,0.11887250830147322,0.030350890508878514,0.0024853890836535886,-0.06632241764570346,-0.15088731142937228,-0.11072712491030018,0.07501067804524536,0.7286601038410818,1.0201447143357312,0.9848701227469727,1.0049641952222683,0.9457509307500656,0.770410625993057,0.6105032260943937,0.42343279132748646,0.5803768208198171,0.2525000695405841,0.16638227357654922,0.09414991207725931,0.059481559398276374,0.019978325633141614,-0.05568618889044219,-0.07328718762181091,0.07950648171565361,0.3765228263913807,0.6526350375444396,0.7328021918270117,0.7651377575134075,0.7571813403677119,0.7511534297366502,0.681187051440598,0.6087808569447377,0.598293460022536,0.5146351195509413,0.4974725903214545,0.479763664725841,0.423695042271821,0.41085798332741374,0.46085559880556654,0.615316548367821,0.7596268149986766,0.8002493672976416,0.0,0.0,0.0,0.0,0.0
2025-06-01 17:56:58.627,0,0.0,0.0,0.0,0.0,0.0,0.0,1.1190202165017051,0.6696677715765716,0.2891627710005271,-0.04462624850400132,-0.16566518872142244,-0.10731292136260484,0.06149401555798828,0.2025866453654268,0.344376731471144,0.4890612545114228,0.6460514881827357,0.7475703541757414,0.8252190656351832,0.8683053549762351,0.9734420696531177,1.0671768690357655,0.9395444530441845,0.6559909970747975,0.372750559204575,0.2222264059533402,0.2581238051558923,0.31973521822472417,0.44118416726118204,0.5942886648180516,0.6998574737381213,0.7865538917965602,0.7229983694956525,0.9017531574017049,0.9711720009332703,0.9869178937605726,1.0028666078536768,1.152463827080084,0.8781115791321195,0.37483122714779415,0.19878984586199944,0.2445921060397469,0.3631082192291064,0.4434923974548066,0.42880716761375726,0.5659947441260418,0.5467969121716147,0.6211564171094175,0.6258514571167477,0.6501076294720228,0.7096812295160099,0.6052096657295474,0.5497560609549355,0.6077262553063087,0.4682018442430844,0.4072817719870889,0.4353465547094876,0.46554635020775414,0.5148927887706165,0.45855162616003714,0.7235349817940736,0.6423708809749562,0.7179033762433311,0.7208959835154641,0.7463457828754372,0.4632671564674107,0.5969078594314388,0.8354030058699681,0.5693074348781074,0.3648956794648244,0.5040735118261026,0.09513643032533489,0.13265204877927828,0.13487341661812358,0.3082939504887834,0.36572989344217643,0.49775242973634026,0.5899694026519289,0.6769802345349796,0.752465254410291,0.8558360083109104,0.9424459937129044,0.9996959417048698,1.0510952367468882,1.1094660591515382,1.1264182358807462,1.0772031266188555,0.3379356251791064,0.08153361809123505,0.38579936079607124,0.599967612716982,0.7846661796901386,0.915852331432959,0.9695560765601532,1.0278324920539674,1.0526932021139566,0.6316153162725009,1.0373302447677697,0.9663151385847196,0.9065524678516933,0.8603611610463234,0.7641847125293464,0.6480851424045129,0.7289332945411894,0.7841108053155289,0.9989768284328764,1.0265310622126906,0.9718498912233688,0.9084941668593018,0.8664004972130681,0.8116147071410693,0.7487266555223953,0.6630012298974539,0.6275699003760449,0.5634760048287668,0.49853471663306514,0.38517578925215423,0.20955476672800566,0.2380684785562181,0.7355436729989983,0.9468178537991581,1.000966149061335,0.9432652446464995,0.5484713805845687,0.40876806128081916,1.0530340651318255,0.6969832676709116,0.0,0.0,0.0,0.0,0.42237789468474785,0.470314017329266,0.9215092871079477,-0.09570620521064027,0.4539907464535881,0.7736447580917222,0.7727345132714076,0.7641895714481813,0.7489370575041023,0.8155234725284852,0.8627036911312693,0.8617888640836995,0.8132980317403153,0.9289974563368517,0.8898546232458275,0.8390414531233268,0.8489403908760671,0.8311291505435368,0.8206277171966905,0.7204349886093229,0.27186342447852996,0.4024416591172737,0.4392606650093118,0.5797263105277239,0.8353888127604068,1.0408806154636805,1.2735782346061186,1.3673610624706256,1.4224647549172806,0.7119757112379834,1.5212013920578205,1.471101777285864,1.372914413139983,1.235545821116438,1.0629662898758405,0.7519152737365722,0.25843817369066646,0.18583004522134228,0.5048713763232576,0.8642884073838897,1.1076034376792672,1.2305284065210753,1.3783522325891324,1.3394645328950683,1.3162166472402848,1.2439989634825208,1.148278756593215,0.9939118572274629,0.854894035143711,0.7124968112009502,0.5980860243394885,0.462881135572359,0.2854230377762576,0.1919674894691781,0.5582726056273616,0.7346321837879842,0.8053513742477906,0.5810010028902469,0.4775638183662012,0.8030098750229561,0.40169120400312636,0.6222145138590697,1.0351609776454778,0.5147608054912118,0.94912117827707,0.9132495288143776,0.780279775107308,0.2678462994645259,0.3558160246761463,0.6943504744826049,1.3392439243290792,1.189750881475823,1.143066755607761,0.8816360764682254,0.759797333142757,0.5705098101797419,0.40089218753497247,0.27023767969699786,0.19280796638713138,0.1026308751886853,0.07782733735734859,0.029921049867120297,-0.07295681021637113,-0.06866814249261377,0.05203921214878321,0.6246238877471064,0.9414442574657367,0.92190770594898,0.9661157078038388,0.9257410914342461,0.7695777935782959,0.6462702711571049,0.4680753382831291,0.7181859775871606,0.34062799557417844,0.24531135500742818,0.18428753132030562,0.1610229301698679,0.13522374189822883,0.06636096442274975,0.010917865456824771,0.06851332249790032,0.2155107419048642,0.5322279610898495,0.6427562593134729,0.6969185772394921,0.7260788437441907,0.725683593578839,0.7128845178558345,0.6469910921616229,0.6558620109329236,0.5902954985642848,0.6022401062233407,0.5826875650456409,0.5486036554755459,0.5344765289571511,0.570215262525555,0.6558906457139427,0.6871842253477581,0.6470794678930198,0.0,0.0,0.0,0.0,0.0
2025-06-01 17:56:58.629,0,0.0,0.0,0.0,0.0,0.0,0.0,1.0565053229603052,0.6029243615639696,0.24603913366395902,0.005501275626233926,-0.10435149927091336,-0.040555991484144016,0.09983640037512165,0.23895571124617931,0.3671523724028535,0.5020113150046106,0.655202875628321,0.7456123359078187,0.814776431943119,0.8472746319217787,0.9458608644990166,1.0143067723829011,0.8984215796271852,0.6615388186806201,0.42022183156250426,0.29381048430611745,0.33273845593037765,0.3922341329701686,0.48487102432127704,0.6125212855499564,0.714216485942214,0.7974393638801207,0.6440648781333512,0.8944082663710483,0.9346717328320111,0.9414819031220142,0.9561293102627111,1.0683919442119603,0.7923386856259536,0.4068639576171451,0.27213854263781634,0.3347460392793076,0.4562439277950807,0.5174774228417434,0.46034285028396904,0.5846193104123145,0.5490530868172276,0.602579275935746,0.615336036111501,0.6027605195393656,0.6895759348295954,0.5732543880184293,0.5367365150092244,0.5563419703978567,0.4854096040335124,0.4807454124266335,0.4876003517262618,0.5365880267293572,0.5673593789738558,0.4099723566315054,0.6455181017744563,0.6225677843064923,0.6985915132203376,0.6266538082432482,0.829336424273927,0.49977120976816447,0.5222329892711237,0.9313836285513674,0.6111781627441606,0.36533901785570466,0.4342659671678483,0.15332498402648784,0.2047315791822143,0.20152518761056526,0.35593698978306176,0.4084983528471089,0.5249423834922806,0.606088162324854,0.6839410146674465,0.7618211441388607,0.8498521728562836,0.9307381371556123,0.976233507856597,1.0206140441696818,1.0703802284085213,1.0759325044731192,0.9830684728614882,0.2841217957306204,0.14301360501401106,0.44890180148284853,0.6498970497750753,0.8316013959059172,0.9425661380494743,0.9888571030593516,1.0320547571472516,1.0586741090175302,0.6930201103147915,1.0306416586503826,0.9534799867489693,0.8872498988743499,0.8334685601666266,0.7258555805490488,0.5923847765787744,0.7252939825477922,0.8014389813402388,1.0251975370888546,1.043611405569792,0.9894910276251203,0.913904506515619,0.8701439762639795,0.809637575048483,0.7418212826058534,0.6559890821732872,0.610583352881721,0.5581946903586095,0.48747945925372926,0.3768036731912313,0.2018928932952201,0.2235430214525202,0.7169756844411183,0.937237375298893,0.9881500408254178,0.9348174020333297,0.5536063441807559,0.3542824573681845,1.0666686558806906,0.5652797151761283,0.0,0.0,0.0,0.0,0.49590084031728243,0.5579997852594201,1.0859328226495375,-0.11086849221924644,0.45348966760012027,0.7634510662522738,0.7700724859287147,0.7560236677374522,0.7365651355680671,0.7931964099665529,0.8556534491563434,0.851884693595566,0.8121387464380341,0.9290281126810429,0.8909107874684907,0.8445452238575626,0.8555933341929638,0.845159454679264,0.8368273242644744,0.7453215428359892,0.26125751068031183,0.392036440109066,0.4235492265218428,0.5544488072556484,0.815168558634271,1.0283361881352735,1.2577517857302456,1.3537330559929204,1.4182478546874495,0.7202362864389822,1.52534707095201,1.4850224867845179,1.3903310191597542,1.2603120764076796,1.087388638711621,0.7876517491412555,0.3026166119272846,0.1469819477690527,0.456986242979997,0.8128160914180724,1.0631930319824479,1.200930904949473,1.354832585596375,1.3285073024436451,1.3039939712380626,1.2507273449089658,1.1498250613189236,1.017861476337886,0.869882642122901,0.7364739675512737,0.6236078028637156,0.48619132971961876,0.31425631449972175,0.1865937299707905,0.46992938431235454,0.673604548869479,0.6917352835034362,0.5507404732944261,0.3473349207872217,0.9994101048653187,0.30668393340263184,0.5516261137665361,0.7789431717898974,0.4094501063722223,0.7722909051473295,0.757168250260625,0.8309202936030101,0.3010936267437618,0.37743793586411406,0.6931813760666381,1.302337035177344,1.1279651480243316,1.0722441368518907,0.8357220662798601,0.7109059418808259,0.5234936671672918,0.3845295420592372,0.27528711097270664,0.21923848469557639,0.1077488378016418,0.09271135419062038,0.03911070742767131,-0.03109101086760535,-0.03274905424787966,0.06921807396580565,0.614787203162968,0.9203179014836652,0.8965881391673987,0.9443911432946096,0.8932720906790743,0.7314518939666228,0.6096657301681712,0.456693415129678,0.730616329785421,0.3376137673255115,0.24710742803548658,0.19530379378989737,0.17864260016498779,0.1578807731529288,0.09199349504113219,0.03171458026598434,0.08111955483145022,0.16654814311618293,0.48854954528880984,0.5823596167490436,0.6509124963566248,0.6844387689372433,0.6966970673581634,0.6805616476384295,0.6281547756132184,0.6429346447180262,0.5897459647709673,0.6003198912116503,0.5918571610899699,0.5712361205917557,0.5643495436029193,0.5965251285335487,0.658747417910177,0.6345937488021755,0.5851583116857542,0.0,0.0,0.0,0.0,0.0
2025-06-01 17:56:58.634,0,0.0,0.0,0.0,0.0,0.0,0.0,1.0971132222958835,0.6354127308276375,0.2572901234968832,0.023676269671384365,-0.09805895898261208,-0.05802465640153509,0.1027398798232465,0.23101253641698505,0.3768822671214952,0.4964248021359814,0.6634667334115316,0.7662817767022688,0.8338444749760481,0.8637153848634779,0.9563207252395768,1.0412852723406314,0.9313023053105853,0.6665503984112922,0.41409506059836454,0.2694210076672602,0.32501134158767697,0.3715334934540786,0.4603053550330731,0.6023998438460854,0.7139147517323767,0.7951405826460578,0.6915734767627452,0.9074518946840285,0.9295620598504819,0.9485589084479077,0.9764681052338935,1.1011923386481905,0.770420378043501,0.42902562461122007,0.27236393460441033,0.28070123978703143,0.386002169252744,0.48020170435676257,0.4502309220611509,0.5340073651170969,0.5447613535208577,0.5856138436971079,0.5858088914264299,0.6104902202855468,0.682354587670002,0.5628083673319553,0.548229817994756,0.5536166307416364,0.4690313732170124,0.47377792669221086,0.4712543987261818,0.5155133837164183,0.5204286530516427,0.5697090254673796,1.022018287475304,0.7026311131818284,0.6932011531304747,0.5086087767595314,0.6861490470335965,0.5980322841510276,0.485127645687729,0.6130452363145693,0.7150325848349809,0.5195481141896533,0.44838099639757195,0.12391172845603401,0.15188747103169087,0.169114850149511,0.3231525533843007,0.4024559977730211,0.5165755794991289,0.6102551746113314,0.6910144825262303,0.7584090954390139,0.8584584269286666,0.9361734237916008,0.9931934029124682,1.0345788118403876,1.088290270454277,1.0872141168641485,0.9958425244405107,0.29299510570537635,0.15447912586417722,0.45144003815383327,0.6534605295773193,0.8319642875260074,0.9421850301315056,0.9948802028789534,1.0317818546970567,1.0630825946738633,0.47800970472867205,1.0359859910637825,0.960954126517826,0.9012862596389192,0.8312355551356659,0.7457563006119416,0.5941225266604804,0.7180604425733873,0.7922451675788497,1.0204086747226464,1.0328749555266865,0.9826180068213024,0.9085044008197569,0.8690966653144092,0.8144341874219605,0.7344537482409967,0.6643531053811924,0.6036794945354054,0.5597215004329414,0.4871105213105209,0.37106832847320026,0.197065588830317,0.2347425733917068,0.723749764352847,0.9359040150530116,0.9778230222207085,0.9272009418197469,0.6314032534664982,0.5252225442275247,0.9864501056213182,0.5369260618763934,0.0,0.0,0.0,0.0,0.5873553878459616,0.44807050940246224,1.1810508021442399,-0.10277292483281836,0.4648329388894769,0.7476647681102767,0.7736015221703507,0.7453699918238582,0.726748469188683,0.7778181851558823,0.8391232581878709,0.8236949026425622,0.7828167923638354,0.9087282944615991,0.8777485703967405,0.831314872945015,0.8510395416218324,0.8458814613185093,0.8304907904576091,0.7854779468609234,0.27967075931440777,0.38496612158540267,0.4078286534797968,0.5374746752372397,0.783417877056108,0.9843978391578725,1.2112108622512934,1.3122707994455094,1.400576575846635,0.7522498587809181,1.506842123973485,1.4667097503980835,1.3930323879381639,1.2534297887380261,1.0991491653523155,0.7984892442063097,0.3410459599184786,0.12580272904571388,0.4108292220701938,0.7622563556624298,1.0180965350231501,1.158159173295515,1.3144373482666674,1.314139666460728,1.2680973234212742,1.240948930415915,1.120555661743814,1.0107113770005056,0.8730860033292321,0.7354049532118514,0.6245475143389753,0.4974448142751313,0.3288423008475131,0.14739561049484182,0.4133408829601739,0.6363959612174387,0.6546801485778546,0.5544615292047401,0.302819442281272,1.0275291718189918,0.2692633293859668,0.4037842016028167,0.6621975894806484,0.4874311607324248,0.8823682154739095,0.785660037092722,0.8473075512653131,0.3196738463616447,0.3817955996123639,0.6628546703579158,1.245347986431028,1.0621312346199072,1.0275234280450056,0.8169610710945838,0.7083549917491403,0.504443051446692,0.36264443303677973,0.2568744110695238,0.2022912557630394,0.11438928192211106,0.09469313872072083,0.062032709703674804,-0.017558087158759728,-0.02279530202216773,0.057835048378481246,0.5782635911245944,0.8735761120202674,0.8650811682266195,0.9073028322141389,0.861719202365433,0.678041038823376,0.5783560821640081,0.4491610398623542,0.7359717272579268,0.3221696320764338,0.23553892052630343,0.19358172577279498,0.18093911929708206,0.16873926320972488,0.08639683697033784,0.04729877640457231,0.07102472977374014,0.15313472597011557,0.4693442261615642,0.5562511107569634,0.626254453670904,0.6561222499941493,0.6588818504474792,0.6494015154160164,0.6062855970702239,0.6198012900514533,0.5794678193355483,0.5775465601031822,0.5764574000469469,0.5753977977293779,0.5673664292395426,0.6019369717466061,0.6647367131325067,0.6298445294463176,0.5649816198130555,0.0,0.0,0.0,0.0,0.0
2025-06-01 17:56:58.637,0,0.0,0.0,0.0,0.0,0.0,0.0,1.0141686281008968,0.5598651430544889,0.21666950268240137,0.0328276020204048,-0.027899837096534097,0.018890450090553013,0.16055584739968076,0.26280109323579937,0.395966742247189,0.5111483867533093,0.6437170959152785,0.7552321119695179,0.8072194861354793,0.8376298507769832,0.9025061220968087,0.9708431403445749,0.8730965354199833,0.6337206547242666,0.44612129260781075,0.3354470361901406,0.39382108795526793,0.44330788043626757,0.522379001507387,0.6288158842994733,0.7315995012651948,0.8002563306851125,0.6926003726789791,0.8830209014315039,0.8913201050695954,0.8962780160862097,0.9191660253763101,1.0196117215476708,0.6735066735270292,0.39685853953808836,0.33374504924546466,0.32872940286917096,0.4702644308959878,0.5209510876740664,0.4896158433409965,0.5614999230055631,0.5605118473988628,0.6013884079348932,0.5753390363061368,0.5672292236485096,0.6402843475435739,0.5220978743412614,0.5098522150919387,0.4791898747361741,0.4317092435825284,0.5251116591055606,0.5021662575002209,0.5936185569516459,0.5939437171124815,0.7448564922662326,0.9610972522827401,0.9568863711449918,0.650183431741523,0.7760924500954904,0.49817979744519936,0.49626671119482946,0.42615911584877414,0.49565709286638426,0.7309158091819725,0.4884590128934645,0.3751191889451652,0.15668235630972097,0.21945694911887947,0.25204417581454397,0.37397783609664836,0.4436545360458699,0.5503999569866578,0.6332442506202101,0.7039571491514403,0.7805204852916923,0.8667494075027522,0.9349155544826608,0.9917246209378957,1.0375019528756693,1.076285000389225,1.0705925941743786,0.9572770609500878,0.25554293114162013,0.19044346206162033,0.48647473671423236,0.6908566931530369,0.8750024767165236,0.9685750159528714,1.0156268501288808,1.0566313595402246,1.0727811478575437,0.5333907604525874,1.0414569457980531,0.965191278998163,0.8996784331537903,0.8266350861399293,0.7288982682160099,0.5762986901251994,0.715851796692173,0.8108409642831339,1.0480215195601024,1.0632508488563512,0.9943901405090732,0.9192347036864652,0.883050182737009,0.8232359684322894,0.7482001798297568,0.6702970411732436,0.6138480253147816,0.5683621319289727,0.48176026139558137,0.373286681336393,0.1872093185574556,0.23783419113526483,0.7347675699485626,0.9356490955696839,0.9810681530156158,0.9379421431837602,0.5446855544935534,0.573229681148882,0.8985478746947966,0.6025587905943918,0.0,0.0,0.0,0.0,0.6779397543658723,0.46950639864964766,1.007201624833439,-0.11866680848823402,0.45960352220543915,0.7475634473554059,0.7705158115397077,0.7423775846369866,0.7282567399935616,0.7742348126564405,0.832876900953313,0.8339771193658514,0.782867104709843,0.9026261210571649,0.8749078398943744,0.8307555571816385,0.8516259390230627,0.8498012972533484,0.8500219986216211,0.7985653665139678,0.2877517318523639,0.3769561571229222,0.38264266518881995,0.5089420794602395,0.7596567159164251,0.9665784521808805,1.1943925311295884,1.2986622623838524,1.3832840507488176,0.7890386296237466,1.4987133450584258,1.479430027350539,1.4097790557014591,1.2721806756105027,1.1302582369425256,0.8508150661528168,0.34666178289260585,0.09087343766907885,0.37000567039435917,0.6916034953409278,0.9699906058902723,1.1113915581571387,1.2545776096310175,1.2827384649417246,1.2698246172090157,1.2227384990638188,1.125697277243002,1.0059455038576628,0.8812779542612638,0.7549741266045409,0.6421779010567628,0.5297182057644626,0.3560201202437499,0.09975208145232195,0.3394562307859855,0.5767844182441725,0.7733802005685707,0.507986164454826,0.3006561399346286,0.828765660750172,0.3083930464102375,0.5971620436590344,0.5896313260797639,0.502320022633947,0.6382383511008369,0.7013752904900459,0.7934746834070175,0.34070975058596337,0.3896524564323622,0.607994127735943,1.1725932741465022,1.0218449214009762,0.9730651731308501,0.8027203253118125,0.6964672204152393,0.5232732390896255,0.37707925837345724,0.28445501093386283,0.2362373020384212,0.16398865254968098,0.13370951867131864,0.10515490710044706,0.027896502122640165,-0.02782316276934138,0.02859269417975807,0.4718327029040245,0.8210777901205196,0.8258016926333118,0.8696048224031011,0.8078730653455428,0.6464025322258795,0.5791300353648421,0.45592834211280775,0.6070429537427424,0.3472123092276722,0.283207808948456,0.24149948363664775,0.22874643780701331,0.21812716774793361,0.14308688768715383,0.08155394857223502,0.0058182059910023565,0.05202807513626251,0.397844724273625,0.49760060051342847,0.555425770023747,0.5974227683276849,0.6419578471084502,0.6284242401192817,0.6180832975015629,0.6333898202430328,0.6092025620034558,0.6214746979283856,0.6321523424316668,0.6347478031004233,0.6183346244840309,0.6495910809762375,0.6285543881158305,0.5465427566177813,0.5061469784801038,0.0,0.0,0.0,0.0,0.0
2025-06-01 17:56:58.641,0,0.0,0.0,0.0,0.0,0.0,0.0,1.0658687295292628,0.6015216000465078,0.21492865211492995,0.006937651129187872,-0.06828488147591882,-0.04172420913249697,0.10603566587440383,0.2268901371446046,0.3676729546770897,0.5023407283010102,0.6396251209819035,0.7600901645606425,0.8189934325705945,0.8482233890204637,0.9301268316602348,0.9968263362225133,0.9226239131792131,0.6206902284820821,0.393200167364545,0.27783029502565093,0.3303061631054751,0.3784992483177847,0.4826792674939866,0.6074269603890339,0.7113364883444024,0.7979485247486053,0.37020451993823433,0.8927559728334605,0.9211317354586641,0.9319926626555223,0.9605416937346247,1.1051264762432411,0.7523468913107305,0.39449548374974786,0.2796607025663147,0.20761905062260277,0.3854703778212698,0.4965107271727598,0.4782757578878656,0.5348991118425335,0.5489194890392262,0.5922166891964331,0.5679160671157533,0.5432933699119874,0.6511679943800154,0.5424515816116127,0.5524869158715475,0.5004513642344299,0.42170577096082074,0.5078719371964364,0.4597846680332188,0.5499386237429387,0.5687809385897844,0.8133837846556349,0.798016562757585,0.8272605044795815,0.6135046370610242,0.736635366864805,0.49124085910272475,0.4061242752179769,0.44431598437995307,0.46892346628658343,0.56976137362159,0.6329827826026072,0.4509708237344114,0.10446771999100654,0.18007024310424125,0.19720680710081062,0.3358616588426986,0.4251293859212928,0.534665386979569,0.6177614888991296,0.683600766903796,0.7770960477427145,0.8742956585583819,0.9424355459853011,1.0084768833806117,1.0592843694776215,1.1074490429965782,1.116485559459662,1.0339140563969167,0.25895799203782827,0.1193317101727348,0.42489682671585816,0.6424515208161647,0.8403925326099764,0.9477256799045999,1.0116198635797549,1.0550593829543762,1.0750088102173765,0.38630691474709783,1.0544935884067288,0.9852332487661065,0.9172700876090675,0.8619094890232625,0.7542538845772437,0.6121969312585497,0.6932290685851361,0.7649777934187075,1.01122590256555,1.0484380137503562,0.9858648016286347,0.9164693911312607,0.8738359155570579,0.8174937959819131,0.7655542541886378,0.6841117220500568,0.6242827769597776,0.5815206574886305,0.49832851641504594,0.3867361910868702,0.2010562525971361,0.24178943260629987,0.729779052067716,0.9385849142524862,0.9784615878031784,0.9343869132212259,0.618084963160813,0.6922705118373547,0.8305561300210615,0.5504152315773623,0.0,0.0,0.0,0.0,0.816611795488488,0.4508935088480495,0.7952524166490323,-0.11844158857199033,0.45939938066668823,0.7485350414571649,0.7710572560298476,0.7462416399592778,0.7406710384950874,0.7827417102210135,0.825947479350599,0.8368191547910362,0.7822013718598284,0.9040006757823442,0.870728919912171,0.830701560971838,0.8499830160888742,0.8454833438559839,0.851188265360038,0.7879141746737175,0.3006850907816146,0.3845271662252283,0.38605116965968467,0.5028330618783119,0.7489944710148098,0.9773109033197112,1.19221167343155,1.2893908917295078,1.3711698542881015,0.8485037014740686,1.4840652188403816,1.4612198863958774,1.3988181120152705,1.26176640835804,1.116450409126293,0.8308661916010545,0.32008238439266234,0.10707371643511865,0.38128293624976795,0.7057245532776362,0.9858523424757788,1.1133326777132215,1.2451727982339569,1.2611434509549346,1.2647435437196433,1.2055917385635238,1.113829225524134,0.9871084978567707,0.861384513208025,0.7361477876565403,0.617725727275666,0.514264682582936,0.32231944407458557,0.10693623669914085,0.386606464902036,0.6170179494798415,0.6727641578960127,0.6586653492040238,0.2503920812086604,0.6816918842540737,0.3817728208406848,0.8286000529838565,0.497995587897681,0.5782619674161251,0.6639182342817431,0.6897446747741537,0.7362792346907527,0.3079155930327128,0.37428094016972363,0.6039168546703493,1.2410045072610183,1.0760123078642947,1.0067716058875393,0.8616098429510717,0.7326538206895157,0.5432835341689142,0.3991057489232053,0.30501539158630764,0.2467177638036453,0.15485593374979545,0.12452611853488271,0.07733363009227245,0.011404201216408727,-0.06754250690207425,0.03287786170481172,0.4751697031425039,0.8669158169250896,0.8697975999745831,0.9364064054134497,0.8588499289089231,0.7054489253074188,0.6302895640237078,0.5011410626240644,0.5455271577188586,0.36759602603650654,0.311163156730645,0.2576244454147698,0.24863765779470437,0.2113534308885202,0.1427427131387513,0.04775130839047664,-0.015943115876133673,0.10744808483977641,0.4738435965922935,0.5758744939480603,0.6382432289158768,0.6861182355883964,0.7180369147926262,0.6927309680296192,0.6839961825354199,0.6878967694470701,0.6463254486410548,0.6450374860016859,0.6296795889438991,0.6297148979740207,0.596548053728233,0.6222232195341015,0.6220255317379916,0.573861469814385,0.5912313312669597,0.0,0.0,0.0,0.0,0.0
2025-06-01 17:56:58.646,0,0.0,0.0,0.0,0.0,0.0,0.0,1.1601219757403403,0.681915762670135,0.2730623555751721,0.0008029745863862292,-0.12663360446784577,-0.09775412594329169,0.06694726139509832,0.19473063262745893,0.3552636717549337,0.5010856937267598,0.6469588672309843,0.7764572075570187,0.845340242898657,0.8835613373691841,0.9849719075590718,1.0807964392071552,0.9727963529614603,0.6160328274613398,0.32947295677142907,0.21343932842690172,0.247356864812039,0.3168249592231611,0.45662145790197584,0.5828534165010757,0.7135461646991152,0.817455388291509,0.302600219939382,0.9357345465022268,0.9822222647718699,0.9987769766629896,1.0500227067991517,1.2384449131529882,0.8715662306901857,0.3867497919310272,0.21456084036053424,0.10712774173922046,0.28384367906618846,0.43647683491543776,0.42379785199420894,0.5209920980100515,0.5568863689343975,0.6227887403575005,0.6152124085137933,0.5808420750161546,0.7004126530875402,0.6035400866229492,0.6279556173940025,0.5697020578424585,0.4257986880781125,0.44638556471370605,0.37236264097207006,0.46173887756909404,0.5075298587778507,0.6990364227239392,0.5892846478634622,0.8064538948112467,0.6094401764464183,0.6504562313457635,0.3221643863035678,0.37953969192114234,0.6277512256760422,0.432280446847103,0.559523200818185,0.8577722684877929,0.5605680352537601,0.0364378500728775,0.0763013916143005,0.11730425688268276,0.26701548837092104,0.37367359967212765,0.4956499375263561,0.5852936432572602,0.6663827265833835,0.7787351691473057,0.8700603108742782,0.9452378122168235,1.01731729956225,1.0818308799283098,1.13800524305017,1.1532748647047217,1.087253062966867,0.2783623216156381,0.056025394349421886,0.34923662120979726,0.583068299729637,0.8038556612700851,0.9096643233028909,0.9886859755239783,1.044826415836611,1.0662883584855278,0.5036480923248097,1.056178838775524,0.9993543255550711,0.9344097442569504,0.8795090580860546,0.7852682010019616,0.6544593437852093,0.6846163827009427,0.7301564611005601,0.9712867494544155,1.022979489717448,0.958769891950982,0.9006132037726629,0.8573864543821097,0.8056494022767486,0.7600382538636741,0.6829079386357488,0.638324376801729,0.5802125206565216,0.5031986407039271,0.38328736141203945,0.21069057900902188,0.2659126649544809,0.7382364677806996,0.9479235170031914,0.9831415421297605,0.9397862739731246,0.6457590302575624,0.6266447048787704,0.9004951828049637,0.5539685180479145,0.0,0.0,0.0,0.0,0.8283437803682392,0.3161812977952641,0.7970271497672258,-0.08649299654204295,0.49676267915986777,0.7631341180577256,0.7836222957268435,0.7533592042628457,0.7515247888781706,0.7717565176271288,0.807461636676162,0.7952768412888092,0.7561222882167513,0.850308404745526,0.8055997490650497,0.7770761816764868,0.7861214964832639,0.7892803347689625,0.7770364891201444,0.6895610798428891,0.3244203331270174,0.4210278842615879,0.42736563470402467,0.5250894851549659,0.7751938891644368,0.9795120858334316,1.176798926793189,1.260486401343737,1.3234234834075551,0.8053322938203029,1.416217260962124,1.3889011755464162,1.3181213897708153,1.1757699897776352,1.037355269863851,0.739991355913518,0.25716367908706084,0.20754259980373324,0.46826037997856174,0.7857297871201929,1.0321460765992096,1.1414178871826082,1.2509110053895025,1.2426259128657196,1.2163762946386183,1.143021091327996,1.05892141869397,0.9165945743000198,0.7853320692437343,0.6705595264123121,0.5437045710991745,0.4352033800020595,0.2488495311687075,0.14796402537822767,0.49586697890422293,0.7057678516734774,0.629995808428052,0.6286122992748506,0.16195915540332434,0.4288916741371849,0.3911885621806018,0.6148955180725786,0.5091459903835551,0.45461112505277196,0.7107562294729867,0.4482705336396724,0.60554638504472,0.23979707443196568,0.339897238156271,0.6114231954696977,1.3346531021976553,1.1428797867664886,1.067066657733946,0.9070144277548895,0.7455026620568745,0.5244625624839103,0.3722401849597783,0.23011967885878426,0.17950171057729736,0.09193549550304625,0.0479360435538716,-0.015058578680789858,-0.05468820342742742,-0.11827460242409371,0.06548999606965417,0.5905089708317333,0.9504653325004455,0.934546150595057,0.9847087486512417,0.8986460605127375,0.706157717113669,0.6004499139458586,0.47487951514487325,0.5992612069662914,0.2873354955848051,0.22961346939079852,0.1720366291845139,0.14961967429937728,0.09057393148871418,0.025280731067166773,-0.0503499090856952,0.002673055007393621,0.27606414407112045,0.5802107517742439,0.6531627551232805,0.6880669403846631,0.7330228119519218,0.7233345080511597,0.6855786185850068,0.6613101637826422,0.6322916368609806,0.5836358234176049,0.5578188001911502,0.5356815237119898,0.5228720052767969,0.48884818731142743,0.508256714494457,0.5734959938603467,0.6111661100314497,0.7039724865700363,0.0,0.0,0.0,0.0,0.0
2025-06-01 17:56:58.649,0,0.0,0.0,0.0,0.0,0.0,0.0,1.1296884321031857,0.6734000089490657,0.27274727672110144,-0.032287218484918,-0.15842874924467798,-0.15309893855821666,0.013135675172513794,0.13008377827314543,0.2939723997633784,0.43998441000189437,0.5831132499546401,0.7134195511226676,0.7872705080161981,0.8369784770851606,0.9370825471601573,1.0539269449030169,0.9443543712953852,0.5827390872682601,0.26167542770795493,0.12972727320077138,0.1451304663898143,0.21282512213557747,0.3553422728325706,0.4857533676270689,0.6121589607027436,0.722661672551149,0.2936426480875848,0.855806922788796,0.919772303912574,0.9507465100059128,1.013717628655612,1.2120556921106314,0.8301136759195891,0.34058981688018064,0.13758611522004605,0.0007439908531619022,0.17009419074083532,0.3169358269872318,0.31802882016501277,0.43857590371408195,0.48883052115794623,0.5683931375962963,0.5575707749855807,0.5703402347310363,0.6562116350726449,0.5742186855258802,0.6034583368616838,0.5737307036966528,0.3687660124888362,0.38155477769047697,0.2834252581729344,0.350513170770542,0.3745689303781119,0.6586921509362942,0.5719512803628669,0.6944387050806444,0.7011586154445273,0.5328129626899469,0.2259851820312797,0.42070093617581805,0.5597749730781214,0.21338334750132146,0.50244560519277,0.8389683871015376,0.5534462775747084,-0.00506017581456028,0.003406636187848422,0.020540157059995012,0.15599492083189115,0.26209072049609206,0.3841952321745956,0.46883522428511615,0.5473391971551262,0.6647777238683248,0.7634153795223235,0.8336994858204871,0.9189035591667755,0.9936314070222045,1.060797041314867,1.095773041998132,1.0533137668766626,0.27150332389516424,-0.03145265390449126,0.23143480700777053,0.4421854744345963,0.6492753298348177,0.7535134630506226,0.8436204180426574,0.9058397932052422,0.9274359109162,0.5872146810679097,0.9450309363577152,0.9049562329988271,0.8530672268084735,0.8165102821938633,0.748474764907352,0.6442661900661656,0.6299991893849848,0.6308884339334823,0.8190133583910293,0.862174780287053,0.790861431436982,0.749618288170127,0.7123965543395738,0.6684714405524956,0.6373497208862748,0.5691111343936681,0.5498402748109041,0.4842545102033191,0.4211541322200092,0.32078185676870274,0.1799735622054932,0.2609879254529078,0.681495426272836,0.884074287082451,0.9074561004710586,0.8576438514163136,0.7131370127902723,0.5956876300013942,0.6841060713379821,0.47099397453014313,0.0,0.0,0.0,0.0,0.7616999106615361,0.2929302928844482,0.6325651028511544,-0.1188513425383757,0.4456993206996838,0.7175576484882882,0.7194379811432938,0.6791772837718869,0.6658294537698286,0.6682716909233635,0.6781373941332864,0.6650503154214915,0.6371403516437146,0.7196956588037273,0.6972683125684318,0.6875490982114054,0.7107889417393152,0.7201000939171653,0.7063289535130024,0.6139957519880379,0.2992283205277392,0.38855624827490587,0.37718309958663876,0.45158333246058424,0.6723468334299747,0.8452260894080257,1.0136986357871884,1.0972406288878178,1.15899490762468,0.7655656042872143,1.2661731255057984,1.25912210478996,1.2082864510424665,1.0780968121335222,0.9647688419323232,0.6842960359478338,0.21283788165331313,0.17565570080168702,0.41880161169721386,0.6917344103060465,0.9153270251297481,1.0180136619362037,1.1016240699668898,1.0962366260609209,1.076621215281965,0.999380703704738,0.9487790375631917,0.8074748175816694,0.7009182196838283,0.6025386090547236,0.4848157484760873,0.39775156255118393,0.22349102262293968,0.16441432242276882,0.5039150547738794,0.6640233993798738,0.5007063495983057,0.5597814977798243,0.2934308939052045,0.2873831123453241,0.4418335349600923,0.623425653215788,0.5112786961616906,0.5313231388808475,0.7746635730468623,0.5044185832565964,0.5262548065805689,0.19073580090155057,0.30887438814329377,0.5814235536462616,1.2819433109111158,1.1190289788856882,1.0161387913702695,0.8442788035605231,0.6836586473896096,0.4497813176405423,0.2784828286527694,0.15942685769458698,0.10861887992074815,0.03324294440922082,-0.014456703004128268,-0.0548035674059012,-0.08818727269123128,-0.13170530678747538,0.052726312464889735,0.5658025647375533,0.9142760815922859,0.8923433951750379,0.9094664933597153,0.8051554037068873,0.619425471249698,0.5088055832727363,0.38451682880294435,0.6142885155106493,0.21223012142616948,0.15397963773475531,0.10597116568707432,0.08955185841084645,0.03601615684870996,-0.024885360936724,-0.08015570252728277,0.00011360356203821143,0.2775386934836842,0.5607527194384478,0.6310138979246237,0.6310926539845851,0.6660715877505616,0.6213356443954177,0.597985849425388,0.5755759032008547,0.5431667274443679,0.5032972938642895,0.4865875450288233,0.4610737086615395,0.45201940086670367,0.4304978832420967,0.454789548573648,0.5302284094775425,0.580625210494001,0.642353074926794,0.0,0.0,0.0,0.0,0.0
2025-06-01 17:56:58.652,0,0.0,0.0,0.0,0.0,0.0,0.0,1.0930052422954615,0.6453297598372338,0.2591417182252419,-0.05342675035276556,-0.15170505218829,-0.14209572933434622,0.0080574408484968,0.12737645747101778,0.2708295409484299,0.4321944474973516,0.5532734035096247,0.6814471643457664,0.7573562320943816,0.8052929966011189,0.9041546295780009,1.0321471053947393,0.9047498568713064,0.556546979019666,0.25840259402791965,0.14336154696242154,0.1501275004715863,0.22667067607801972,0.3657481487485248,0.4879578168099157,0.5924353047172017,0.7073133057175229,0.10349197832711904,0.8309129583873035,0.896210737485535,0.9196141678450621,0.9738300311783767,1.1513025164287125,0.8212143490142201,0.30807409234274696,0.1534584210301465,0.0505169478195,0.24032848007156615,0.3594334910941124,0.3302216968462426,0.43788665500101853,0.4813877913807083,0.5629467748499728,0.5600440671812457,0.5417233237556184,0.6377057261390146,0.5662365330672674,0.5809861134507697,0.5444350598589787,0.33043391977529674,0.373929924551625,0.2890894308387396,0.3410832170594338,0.36246426793698383,0.4965817700163369,0.32726633123480964,0.5868449972457779,0.6157276021166727,0.7317288696175005,0.23437055014968677,0.4124234668815735,0.6188513785211696,0.2134495393823516,0.45592651865420475,0.8691391296341957,0.5825205830400009,0.019468938770749455,0.004176950088569109,0.00480726476260096,0.12373634001021228,0.2243285458236246,0.35823226696152766,0.4310560678446267,0.5136310226468501,0.6418289753793267,0.7390951087056206,0.8092277839376223,0.8905344107998429,0.9709455981921173,1.0412198813086464,1.0741544632272566,1.0188479320587325,0.2652805085305292,-0.07538089484993338,0.2015672410561713,0.41145310252002476,0.6109652892877369,0.717553864161478,0.8128459160191115,0.8748501460449618,0.8911381203912774,0.4990727159037122,0.9097781106015759,0.8793094913325704,0.8295923954118313,0.7922945430113303,0.719836417323984,0.624352809819456,0.5954720984041869,0.5937981474600341,0.7742616351246827,0.8258242457411116,0.7532445597119513,0.7106147864726988,0.6735667016890958,0.6330549470116824,0.5989323140859788,0.5313285477274148,0.5211791971576007,0.45385285006869824,0.3862558020743305,0.2988789013486338,0.16270696363044246,0.23373637924441332,0.6427697957645576,0.8540757851757714,0.886609759843044,0.8287680936268873,0.7079439270955221,0.41264666692072444,0.6210507486950165,0.4982685259769557,0.0,0.0,0.0,0.0,0.628640104745462,0.3428368581898224,0.529409589334209,-0.12201144667955666,0.4243607020693971,0.716028244349856,0.7039043921078298,0.669991067792958,0.6380090362919539,0.6430902330612767,0.6468338484559304,0.6453209746783775,0.6213752080783115,0.6942838937792577,0.6669082666103296,0.6763611058831365,0.6984437013764282,0.7160917154133892,0.7040622759445052,0.6150738511067919,0.30458475298495347,0.374225621608528,0.3658376677942812,0.42568899699002083,0.6394015206359305,0.8064098854937023,0.9724603235563904,1.0623266362528272,1.1119708692869674,0.6024081395302128,1.2317755914090864,1.2460340474041618,1.1911285931787208,1.069050037487481,0.9556884110459377,0.6904277496226098,0.22220652774587207,0.1598896828532842,0.3947094500367464,0.6586916639269975,0.8714766851080062,0.9791658951160256,1.0608242155026857,1.0359084715725764,1.040174463260505,0.9558796231087499,0.9346804930386763,0.7849139332620593,0.6816589789366153,0.5965718277767238,0.4782323013637727,0.39720796076769194,0.22012970207900728,0.15785981440538224,0.4919497307875008,0.6347919126105114,0.7129684241014648,0.5887619400432604,0.30954018281172235,0.30530699209182843,0.4118887039619042,0.5173170367650161,0.8183249511165278,0.498517605013685,0.6444472994727005,0.457816696736396,0.4308239666664593,0.17931702400240296,0.31138297316437197,0.5966789706482264,1.2537015064631811,1.0821961388510997,0.9686109849630119,0.8048646457358799,0.6411015909163382,0.4319122917236513,0.2456080813005861,0.13719596292991776,0.08788500303174862,0.0032971568196893397,-0.02507013974600203,-0.09013820909509018,-0.10478123257150562,-0.11614882482908245,0.07028421073024532,0.5771364435210178,0.9197582773397467,0.8807593832543865,0.8933529236195675,0.7705112318763458,0.5958563277295568,0.4659113950510745,0.34848571621454116,0.47760583528294875,0.19260924941254687,0.13021536819943091,0.08402258450522426,0.06612713696222661,0.002284821736300291,-0.04301039645403881,-0.09459250123418395,0.019407528175085398,0.29072880277978574,0.5745460722313223,0.6407836717874192,0.6231974332258625,0.6449952074952403,0.6003352231211943,0.5740339274426363,0.5509964725440433,0.5240996742566919,0.46558061850155963,0.45032751696282247,0.435178019621713,0.41611732151703984,0.39196019502158364,0.4142716634973301,0.5031059632018875,0.561137112050457,0.6436603189178178,0.0,0.0,0.0,0.0,0.0
2025-06-01 17:56:58.655,0,0.0,0.0,0.0,0.0,0.0,0.0,1.1613044103175671,0.7086833754867286,0.30029443126020916,-0.05200092601559547,-0.17661026290828397,-0.15741461530370748,-0.004378977454767008,0.12965894254723842,0.2762809153551332,0.4425800051398492,0.5777327531285921,0.7056199780022271,0.7765634870062772,0.8259236592787436,0.9317302745335149,1.074876892772106,0.9413723937639469,0.581792951294182,0.23594834628067063,0.13021129673328813,0.14055036281130429,0.21895310371961707,0.3487189290877115,0.48736306813950736,0.5899011397653995,0.7166005230167651,0.21712677267144642,0.8505275896301457,0.9216471392833065,0.946423345208336,1.0025235921463707,1.1980789757238246,0.8869086348112114,0.32671846592736964,0.12286099636623349,0.02778727384372126,0.21697187399263473,0.34831882344504184,0.333870414382768,0.4157726257831005,0.5003895613463725,0.5605097762998283,0.5822055299146698,0.5494026675799756,0.6283669650613876,0.599950495840688,0.5757667969770232,0.5571457214523534,0.31554833576862695,0.35101482764657793,0.2625541588662048,0.2802223448076644,0.2950921970223306,0.3199258939827981,0.23979523976001121,0.30393174217490243,0.43797987460859533,0.5494428777360523,0.330995066862131,0.5152691498629486,0.7407054456522078,0.3068282523117799,0.5018816037197436,0.8095182588951412,0.6237264420160238,-0.015495782145035802,-0.04806948875978423,-0.04125013163481661,0.09775734688251814,0.20263030829309492,0.3313443222520962,0.4115590012538133,0.5142444230636676,0.6370136174998178,0.7369860316773631,0.8121458089678533,0.8962169120335081,0.9785359452420981,1.054291608205935,1.0915452300414885,1.0613765764305059,0.3091605567283614,-0.08458669421147136,0.18151252762417758,0.39799550817090346,0.5849011522003418,0.7049428267090541,0.8063396251940227,0.8646378952289018,0.8895827649888661,0.5170439109977019,0.9089015647201484,0.8841330239800494,0.833209583830487,0.8001358527955428,0.7262292613739292,0.6439993696184699,0.6064247136331128,0.5865764501968985,0.7560469361655895,0.8041322580986623,0.7390544799929712,0.6975102815393572,0.6579541109753078,0.6233724407198724,0.5911107839924157,0.5314340158548072,0.5169591458976541,0.45155048869985026,0.39608001205634547,0.295450503407532,0.1687380483013482,0.22827927136855142,0.6255889617315998,0.8399129282069218,0.8708254222844098,0.8144348271664166,0.8122934801846531,0.309776080474857,0.6506684333284771,0.4344968222201805,0.0,0.0,0.0,0.0,0.8970360776953001,0.2750745806079338,0.5977421431029485,-0.12521574103848265,0.40607115358226414,0.7099350120483298,0.693285625444267,0.6636485873007544,0.6232894140684306,0.6416002463306143,0.6389082073253212,0.6300683339274573,0.6169319426317244,0.6899168628657781,0.6652641133871038,0.6759366228406276,0.6993991601521934,0.7219556850215592,0.7110015849039475,0.6454158991692476,0.3045901055917028,0.3583141350317812,0.35133902955719,0.4133772038926984,0.6236619740275366,0.7842003343076227,0.9535651991013951,1.046057887400061,1.0973181393680222,0.6014476841663143,1.2285190421118788,1.2518110510028087,1.1969412455508486,1.0782807263783978,0.9632198541228366,0.7060461088405978,0.2454949341161431,0.12479723304315249,0.3705754286940838,0.6385950376568617,0.8456149500970476,0.9596938241871455,1.0490686629160662,1.0207567150849266,1.026679726197456,0.9559950981840837,0.9386134802386219,0.787877031515077,0.6912957557310629,0.5989213309446915,0.48763595020950756,0.4016335605399398,0.22451838881903502,0.13178298999235646,0.4663240633298392,0.6125791478708845,0.7375813604301945,0.5490581888300512,0.4416695609622956,0.26307096635077487,0.3840880151794614,0.3575850673569224,0.7381783763666108,0.5279196260152093,0.7673357031952692,0.38587063326950566,0.4918121616237445,0.18763479905026453,0.30576010208574006,0.5769978581068734,1.2071169993008892,1.0325418592222264,0.9212817535386769,0.7546656050922438,0.6233914479425542,0.3851979726584476,0.21256758520693464,0.12329247877246519,0.0707512203676397,-0.004728739960427442,-0.0375074463185221,-0.09596618690061187,-0.09866766061533039,-0.08804335374179262,0.06675879561481574,0.5722364534527231,0.89679260127692,0.8632675462454242,0.8539604186399546,0.7377620317481963,0.5758881985757478,0.432459852654153,0.33931489985431207,0.581355065358294,0.17328548110202324,0.11714025748431944,0.08026781923038162,0.06967956963306554,0.0031993185220078324,-0.03792142485756622,-0.08344811326924789,0.04738517428296274,0.27169655149708016,0.5616499268752442,0.618479745820007,0.6140137316444934,0.6228948252905462,0.5715191995616036,0.5609801959771838,0.5289691494218476,0.5072532457057184,0.4435651727552601,0.43400309096259737,0.4204885555284468,0.4129427772590132,0.38482399006588675,0.4135432962709335,0.5263602404559283,0.5473519464454067,0.6154937231800892,0.0,0.0,0.0,0.0,0.0
2025-06-01 17:56:58.658,0,0.0,0.0,0.0,0.0,0.0,0.0,1.1764220461953439,0.7185017457561327,0.32265560432623774,-0.03120033986193982,-0.16747467996563015,-0.13239416677680427,0.009239983697604592,0.1356518340617484,0.2911441850708968,0.4407239533517491,0.5788953812180766,0.7070497740161891,0.7727272824481535,0.8222454502594674,0.9311862443103639,1.0702616078886342,0.9205361958443627,0.5832165301944925,0.2551980984261457,0.14109556908291376,0.15701236919803385,0.24039381517820435,0.34509919831841707,0.49581005344689766,0.5978584555359798,0.716885895030571,0.29463986022974886,0.8567466428225455,0.9150718913741991,0.9341363126797234,1.0087491934938666,1.187558009080877,0.8960650717041259,0.33114644199447596,0.14175636883790765,0.0671124799101066,0.2144981461222868,0.3162223281674117,0.33455028155995503,0.40266718025436377,0.4990364073747766,0.5609304249684726,0.5870137295296862,0.5291946154533914,0.6166961012800408,0.6116438451622817,0.5663490909802595,0.5412654040243912,0.2930675491840406,0.3350281998719878,0.26804277986281266,0.3004238117468023,0.2863153379295653,0.23481864810202618,0.33315829616312553,0.46448391967454244,0.4979425343554599,0.6578962587709714,0.4119265277276798,0.6041949294632075,0.7269128765341728,0.2990704543259568,0.6234692209189875,0.8000926063389364,0.6305270002122192,0.00278961189466595,-0.050183229059021284,-0.03474422121988985,0.08795735513630021,0.18936372540024426,0.3240898941272323,0.4030762376443304,0.5082978630982993,0.6375021845920004,0.738547000721498,0.81430742498048,0.9034328864414346,0.9829710971862697,1.054368487553705,1.1002900937064286,1.0653906795409713,0.30448634644449724,-0.08230081917340537,0.18327969552767343,0.4034768372688955,0.5859000072087344,0.6995615917380116,0.8053006577844806,0.8566151431487063,0.8937358114128677,0.5378225075303795,0.9041302193606711,0.8826169192308041,0.8367756540057133,0.7943736463555394,0.7290560766489047,0.6410797569765256,0.5897890581788999,0.5838774931619185,0.7400068665806292,0.7892492500054569,0.7379223187390342,0.6931840626188348,0.659555652812843,0.6243484983784389,0.5767500892206312,0.5323797804284451,0.5214606054514082,0.45687865614858136,0.39115675927422133,0.28649673970062606,0.1628878688216201,0.22263772526276693,0.6227738771214381,0.8384238903831288,0.8711951063964534,0.8127546823009271,0.7170998503790089,0.2515878301284698,0.6030460612733548,0.4951184393966058,0.0,0.0,0.0,0.0,0.8189511621348928,0.4866257863002104,0.6651858912032734,-0.10713805727719278,0.42044466443871903,0.7163250618397732,0.7010638341565303,0.6636461748760959,0.6186454307465581,0.6452913699461511,0.6398826856918669,0.6170297903841782,0.6147392473534117,0.6841375944466113,0.6598149368362489,0.6718502316924899,0.6957133318659381,0.7203727149521084,0.7051214746038454,0.6667747891442526,0.3224423253797975,0.36558572953832824,0.35671058331440597,0.41993842239079093,0.6292286757933414,0.7710541308418892,0.9559623112705729,1.0421557229979752,1.091706530293081,0.6622516112849433,1.223789048033201,1.2483361030363453,1.1999933136559058,1.0711819341616295,0.9651496101834708,0.7028861170355788,0.26942391750293093,0.14598579988233273,0.3813164066131477,0.6457723179209991,0.8492879992502331,0.9701323025227777,1.048475462789927,1.017907956004999,1.0333295880803317,0.9586177104288942,0.9350664538091267,0.790850493907094,0.6977783698942613,0.6003701320699264,0.48704948857518526,0.39705675534245766,0.22351145979377945,0.1237155313832543,0.45149185073711307,0.6126859064350113,0.6934917237731782,0.45096467000545204,0.4878637353212606,0.2537962977014595,0.3784020282600952,0.2719886140409875,0.7246369893488849,0.5682687937926385,0.7735550016410337,0.32912343626215235,0.4985033967526191,0.17969447748226758,0.29554866891569925,0.5461493199589544,1.1532775419294896,0.976351079016186,0.9203857780629839,0.7521686792345423,0.6003092936487515,0.39087624764410833,0.19307813718155198,0.10732828966886254,0.07729191995223994,0.01579561464767476,-0.042109186798101494,-0.08630573552102894,-0.09420194062912957,-0.06468240788987212,0.055770905121539205,0.5730466787719908,0.8800456218577444,0.8570890333376675,0.8071688655312254,0.7290326929471009,0.5834383923341435,0.42725009705547623,0.3427589766320842,0.5114957782022169,0.16523206743566643,0.11568708977763587,0.08669645976918483,0.06820917020117079,0.011862948533613582,-0.03505276199260643,-0.07891276918405116,0.03091183265925801,0.2436771125668422,0.5382024128606608,0.5956005725582333,0.6048643384982948,0.5926252718016893,0.5615115129409776,0.5521562644386531,0.5203110229465548,0.4950638249331114,0.4425064594884951,0.4358777271522394,0.43521064265938536,0.415810508303028,0.39703327166138835,0.4050805125034285,0.5222014781421764,0.5211215297264576,0.6003771172918606,0.0,0.0,0.0,0.0,0.0
2025-06-01 17:56:58.662,0,0.0,0.0,0.0,0.0,0.0,0.0,1.122586718957721,0.6770763128500358,0.28952411594321414,-0.04020598594019287,-0.1492087707802906,-0.11493311270700246,0.024695455913587794,0.14530848009474562,0.28459796296141093,0.43728888933538523,0.5699929928886336,0.6972016829175566,0.7600074660185414,0.809448638375711,0.8955363847191601,1.0149373240739847,0.8894733438132382,0.5609877094633107,0.2730624562919539,0.1582432450711958,0.1805380713387552,0.26132131586389273,0.34863188037975057,0.5014783726659193,0.6017652397667304,0.7052442516165647,0.2481505985524649,0.8431667132915072,0.8909611034429021,0.9168582792965186,0.9805496972788947,1.147696366497466,0.8559789176576742,0.329186520769451,0.16397659677178167,0.111073787721921,0.260261344501064,0.3326309468164306,0.34547571877883,0.3872703866768259,0.5023285853758388,0.5473241698968427,0.564096354693677,0.5183922057529288,0.5787650793816131,0.5724347445628022,0.5643467835701375,0.5109324260362285,0.3053627861703662,0.35931684272363584,0.31590748337117514,0.3408887761246704,0.30550782080856265,0.3383219636812465,0.38149647928604236,0.6105344374351971,0.4112497436617044,0.7904562091612671,0.34532793237942183,0.6563837915946813,0.5092444282163646,0.39932549138072826,0.6487655515923942,0.7920319216132625,0.5802240514993453,0.0194491071919399,-0.010567303721159438,-0.005210769117524494,0.12909745790228233,0.2180047307799542,0.35189447425501164,0.42263099160307216,0.521317777985101,0.6420684203140772,0.7452301707161795,0.8292488929667734,0.9090055593540028,0.9896140212681999,1.0478622957992179,1.0967660274908484,1.0622623740886348,0.2968021456841683,-0.0718513111289869,0.20356009858305302,0.4264105505923479,0.600107183843176,0.726917379464914,0.822439836473849,0.8656987774927605,0.9094110477525372,0.5018842794128351,0.9115293582214592,0.890593262803505,0.8393313708522266,0.7994678801338911,0.7290475220543142,0.6324903464793598,0.5885989340664989,0.5910615209301898,0.7515366831438097,0.7964412451451441,0.7523368690844652,0.7044103297149065,0.6694801927015259,0.6265492882100401,0.5860034967519405,0.5474764684476772,0.5246347670557718,0.47344757211931787,0.4039444896933997,0.30787576903483893,0.1650212113756414,0.2270467442069009,0.6092822389313663,0.8350190369917871,0.8660934709970685,0.8103320390712228,0.8643670698826409,0.3432833888491445,0.3668193510000454,0.6628083925826304,0.0,0.0,0.0,0.0,0.8320729990523366,0.6021575580865879,0.6885792017412333,-0.13778732346838174,0.3875570900212359,0.7140107723016117,0.6919935832073372,0.6540453283271602,0.6095873771083262,0.6483812619583367,0.6533961637219994,0.6361031836400799,0.6221130570394307,0.7072103492519486,0.6919911624354216,0.6949923308397505,0.7185347693132429,0.7409329766526647,0.7305371474236384,0.7132184934617771,0.2976569818250573,0.33716785267293303,0.32554731697852934,0.3979929292108486,0.6048733783673952,0.760878497719109,0.9494826665418894,1.0481650084463865,1.0964056492285332,0.5917670023201487,1.245765570899977,1.2678789448877428,1.224927554797171,1.104882775487987,0.9954645133047578,0.7468840886703327,0.27250294803839914,0.10184900169273559,0.33831590701159786,0.5943212076254603,0.8198496507705588,0.9437207433328736,1.0340282448574558,1.0011150576875496,1.0452598436349456,0.9738734594940306,0.9425843819973028,0.8120406368481489,0.7205534923063134,0.6219240759146285,0.5065102434002269,0.4288928978121791,0.248642987442102,0.08379327946833828,0.406608986231371,0.5832300502386888,0.5650996377362756,0.402862656292413,0.47497592089646234,0.25728035876504185,0.488944223645465,0.3614657429107908,0.7256834513216974,0.5881895969624111,0.7323856626630066,0.46072169833885823,0.46351862552599,0.2008583378900492,0.3015998040314521,0.5215021267116379,1.0953203139361594,0.9609717339610948,0.8899699398358981,0.7214294432672919,0.5808813846352507,0.4124393796682506,0.20301129066281343,0.13501937418836762,0.097417340035586,0.04487928592580559,-0.010736766799297581,-0.04711986876057195,-0.07676491001155994,-0.06514522436083892,0.010490220426761898,0.4895750879760294,0.8409191218223039,0.8539051295708033,0.8047325085723095,0.7295913131968759,0.6010459590674646,0.4701933377219183,0.38027769365781405,0.5438468778113887,0.2288972584020914,0.17210890734501905,0.13953947443357984,0.13333602809538803,0.07393989904282472,0.029983027338335466,-0.04490884678439422,-0.025231119360341614,0.17324470710464845,0.5079323876669455,0.5803495877951167,0.6123798652197614,0.5885511946698048,0.5908909370621722,0.5786025908357733,0.5539343995442303,0.5506812952115063,0.4931213671735344,0.48972921459140184,0.4907870899197351,0.4655343973113041,0.4462672639584877,0.4514410335930354,0.5298800014886492,0.50501659419927,0.5691556083203895,0.0,0.0,0.0,0.0,0.0
2025-06-01 17:56:58.665,0,0.0,0.0,0.0,0.0,0.0,0.0,1.2199457254302057,0.7364141228456297,0.3195281025379536,-0.0348090867809594,-0.1321967355798772,-0.08271525062294582,0.07520783977990797,0.2055850771281742,0.341956125699718,0.5117251000782925,0.6442075128168359,0.7868744829902393,0.839914529578484,0.8900421638333512,0.9784236255320472,1.0966166878258785,0.9697177189723032,0.6061317940629045,0.2996553066206823,0.20735726332126203,0.247000226184932,0.3306203630817006,0.43214540159826065,0.5990040621503516,0.7145230145219603,0.810903886380216,0.32255357665096307,0.9613648693832432,0.9982805711472906,1.020787296313074,1.0830451309278337,1.2691874578113151,0.9903108029934966,0.3781415513353368,0.196199932081619,0.17742838245180081,0.3448182158477895,0.4224605289516046,0.44857885436398615,0.45396213088301396,0.5994719659200907,0.629580098019912,0.647547111302248,0.5989524886282537,0.6592029333221804,0.6342960383447362,0.6519609729740259,0.5787133604099757,0.361080906584859,0.3745067430520268,0.36779141832838436,0.4239432360390385,0.41378557039918484,0.5170998364190393,0.4123497069664176,0.7221414637670711,0.4021015791968907,0.806200404208725,0.27363576588508143,0.6814193537529291,0.47272514319724696,0.5287441166853514,0.7664961202710393,0.7762344817073619,0.6317755873704947,0.010964623937218337,0.011273129895921219,0.06540760133259105,0.2179281800474162,0.30327610568662267,0.4547490430062515,0.5266443409061596,0.630634017794417,0.7580145641484943,0.8512309980036459,0.9415222040323035,1.0187479190000208,1.0923234245281634,1.1421430714542582,1.1789673278937758,1.1448635637608187,0.32144944232879996,-0.026142805986590356,0.3036360529883584,0.5330596198278519,0.7303886903823711,0.8681921263642072,0.9557738222095864,1.0028116560765423,1.041822664648005,0.44614435779295475,1.0274746444594867,0.99698974046221,0.9327910658430626,0.8743348712377977,0.791047127939212,0.6840210833825284,0.6469283514255211,0.6934361321771602,0.8931424214473389,0.9454361816724062,0.9118876439368819,0.8543451673277309,0.8174909837977569,0.768501730980176,0.7177796965380316,0.6694394710313358,0.6358278407677014,0.5764430469686925,0.48819114790344553,0.37476725363533736,0.21108393860404429,0.26142108144848336,0.6924980271507216,0.9106717135613549,0.9617043870459696,0.906758314325188,0.8819991478813485,0.582079827279133,0.4144570550894073,0.6827582453360518,0.0,0.0,0.0,0.0,0.8916371950522908,0.6016057875512735,0.8004991008270305,-0.09082711986596359,0.45994791638814264,0.7766384725526131,0.7660908628309719,0.7386130720087366,0.7103370899470158,0.7649499983993004,0.7811246227404607,0.7626099361904695,0.7423507852269471,0.8211272147438864,0.7724481691917398,0.7643399091181089,0.7730009760474186,0.7795004271651795,0.7617620865530466,0.7474716850382892,0.3299216274150878,0.389467769548659,0.40484386347099965,0.4982037969672841,0.7303380088721882,0.9084012800873538,1.1126059424257533,1.2179195244429584,1.24951397876675,0.6443541809066902,1.364841554952616,1.3728847554834562,1.3096248677100313,1.1599888526539552,1.0263579803790306,0.7554735052352146,0.2588858913246192,0.18072191748644173,0.442149905881874,0.7377332657283042,0.9864991876440485,1.1053550697252301,1.2097457051477298,1.1586709322868407,1.183480487192285,1.102482225325625,1.0451352509150578,0.8949994760134802,0.7789914354937856,0.6595299651525135,0.5337192406382929,0.4333475737613711,0.23652092814584458,0.08761289652651719,0.506369779168095,0.6934411716081238,0.566434188364159,0.47414810877104663,0.4289011526649731,0.23120850984340058,0.49319334353702,0.3235921131567243,0.6753077139254555,0.5975740855365195,0.7466300364141106,0.34663665192157245,0.4891712134831596,0.21053253976750436,0.30686865081986664,0.5556782940141329,1.1936850792552265,1.0767456111690914,1.0197070431044217,0.821576501216583,0.6779209827124835,0.5301091125205226,0.30380449945163246,0.21337489577178004,0.16230508158015478,0.10015414342621876,0.031738083231962255,-0.016334040986353382,-0.06865464850680247,-0.07909424954584421,0.03222367962822209,0.5457416382700451,0.9216910408438331,0.9291595411589681,0.9242402429637123,0.863614567728759,0.7410591978687195,0.6025013071377108,0.4911571368162353,0.6092077184115514,0.31299379532517646,0.23341082651826728,0.18813585357734008,0.15925524803453095,0.09239556147197947,0.03395060533937366,-0.06584868064348487,-0.03497594684573241,0.24784055145881667,0.5878714428086202,0.6743498347946156,0.7284584838393613,0.7307926675071474,0.7275323254689101,0.7041252592745506,0.6571906208757261,0.6557390013587256,0.5737273962066003,0.5494906983156356,0.5463759359113933,0.4972412838581802,0.4638607454615904,0.4600474989290693,0.5392332797580738,0.5582748129124605,0.6751383209776325,0.0,0.0,0.0,0.0,0.0
2025-06-01 17:56:58.670,0,0.0,0.0,0.0,0.0,0.0,0.0,1.2932131837488272,0.808774849102589,0.3837377506904055,0.007399715778924398,-0.11424113581920559,-0.07348799683204332,0.08031046517080809,0.22015274355541492,0.36004830579843083,0.5351906826042432,0.6719177656921129,0.8268624458399559,0.8785946149043593,0.9307657177126892,1.0252390104504863,1.151645904776556,1.0316886369889036,0.6509446336892177,0.3135186519775707,0.22051048576770038,0.25387352672369334,0.3329186060986098,0.43615534599060757,0.6054266045072396,0.7433531221796725,0.8421444355132712,0.39799343614096605,1.0099863334891452,1.0472287925025763,1.0789452418092933,1.1479959742016586,1.34748673642674,1.077296355635636,0.4096518154294566,0.19217506588118372,0.16157087204623255,0.3088538907141192,0.4115685494764716,0.4731848190157395,0.4790595080818727,0.6236731493261798,0.6876092783113679,0.6916468307070718,0.6467364486855766,0.6961284233446047,0.6764588632281074,0.6753661264863414,0.6438095175965501,0.43847859241932174,0.36308063874099167,0.35366287708384325,0.41355422832279687,0.41739746612626205,0.6704686932007495,0.4556452236338666,0.7933321037833871,0.4013691602929399,0.6540909513162887,0.3659140605028999,0.6645966764433845,0.4275213919861734,0.5993552707022738,0.6857385032209643,0.7086194805285909,0.6747546324179587,0.0015894486025448407,-0.019335013852432303,0.05237102313396402,0.22783462489901396,0.3182574526003057,0.46153379604556277,0.5501909185380047,0.6561008775251562,0.7840304641193296,0.8746578306701671,0.968683933768111,1.046722831298878,1.1199620907074075,1.170054979734166,1.226724297353877,1.2095125107731977,0.3441471464140314,-0.03228303984465064,0.30591258116828524,0.5286569414159175,0.7460642221935314,0.8935301301475094,0.9791510353888837,1.0319934818128789,1.073511336242835,0.5659333372026873,1.0644425267274922,1.035251533893193,0.9644742114365749,0.9105123685806892,0.8264815278025031,0.721502708189106,0.6644303573025092,0.6912416370107505,0.9119298758542635,0.9557841536466427,0.9328584275748877,0.8834395062125904,0.8508334894885787,0.8018747575052365,0.756256669970752,0.7087992649628596,0.679387673073027,0.6131324626310963,0.5303935517261265,0.41187383445558734,0.2380056137227904,0.28457488255488134,0.7117265654848473,0.9208921873288038,0.9802584050220757,0.9316836305451441,0.6789079745916298,0.6644173872717543,0.619462786976626,0.7092137748595977,0.0,0.0,0.0,0.0,1.051118234434812,0.7193685167281865,0.8920446389198721,-0.10396703925625317,0.4754808708929829,0.7883268337210506,0.7873367733932428,0.7636911440187658,0.7598512983167629,0.8167249252475923,0.8439352197844805,0.8269333090009545,0.8027477868370871,0.8748365564276641,0.8160916024192622,0.796095852496667,0.7989566403283359,0.7868903687402262,0.7667260927553794,0.7282314534097762,0.3253412594244278,0.4122147706384741,0.4405490854294778,0.5397291470939667,0.788645039310828,0.9865831991785492,1.1843048649195884,1.2938294468860898,1.3156892073257624,0.6101379053965035,1.4098082025129686,1.408276565317716,1.3297542078192035,1.170900467016362,1.029236521322345,0.744338247276904,0.21943774607482475,0.2169187072706663,0.49509241394561443,0.8060679189113165,1.0806722448964412,1.1880425569479527,1.2988423273518053,1.23805154288729,1.2508672114823107,1.158618441209868,1.091711288662764,0.9294413050336982,0.7989545404017845,0.6681115993827225,0.5330517343365209,0.4223569179748512,0.22405594924479488,0.13993416034905148,0.5892041168505231,0.7815351152985442,0.35277654116191615,0.46127989848139506,0.5664308624146391,0.1982698143129923,0.5105499621035896,0.4540630096431272,0.4184728163116583,0.5898778564908846,0.7606153220948108,0.38808812993057074,0.3817285347889381,0.21700206320990184,0.30096428327263597,0.5748736270681075,1.279261343765125,1.182545587257513,1.137549718673247,0.8983770857612279,0.7503372079787762,0.581969762227637,0.36881116056511254,0.24926008299877722,0.19211315398741546,0.12996649584066766,0.04909874269055803,0.00238362198733566,-0.05161971809790655,-0.08128935063433529,0.08395348005645126,0.636092525840142,0.9886763198141237,0.9881231566299304,1.0045416324549223,0.958183937919779,0.8510207323267549,0.6919355552857749,0.5518613493182778,0.6963516715851665,0.3395308141105602,0.2578716478931631,0.19108485123723407,0.14559887887205936,0.07725846087190191,0.016190064516932834,-0.09408802253106108,-0.0076460043921115495,0.3354843277232413,0.6454271444853679,0.7366470703058324,0.8052236788126614,0.8099479248699542,0.7906974924987278,0.7612925880627954,0.7028166596597423,0.6937295209290095,0.6110218209915228,0.5659446337395244,0.5433823991932787,0.4908320038310311,0.445647084792568,0.44746745768613777,0.5396270339789382,0.6185779984118361,0.7338712027462759,0.0,0.0,0.0,0.0,0.0
2025-06-01 17:56:58.673,0,0.0,0.0,0.0,0.0,0.0,0.0,1.3158336286236898,0.842958398586213,0.4220926824506357,0.037795445150269336,-0.09882768996489055,-0.08648254174192216,0.0656614068906809,0.19909917094945073,0.342447280830111,0.52296508374026,0.6642566827024807,0.8153604313480113,0.87921639016545,0.9377059351211038,1.043926398683376,1.1765140068281872,1.052282125831742,0.6687829321373131,0.3401543139991877,0.2337780970615625,0.255742506258982,0.3249717602046831,0.41530171974367747,0.5959388436778306,0.741705558608736,0.8394879334995018,0.3704634301391829,1.0148572180379092,1.055427387426379,1.0927251584192883,1.1634877765943303,1.3676898668254824,1.0883874894221373,0.42661070695705783,0.1917693008587239,0.16390063224740392,0.3030234749594598,0.4149008546802899,0.4895105073869468,0.48208551851730586,0.5975284088270527,0.7143381054676119,0.6675693334755681,0.6608325999155112,0.7219774363571702,0.6749014548209029,0.6753633200770874,0.6485149987301901,0.3968310880654847,0.3512320142854326,0.3438727966378927,0.41856625258503843,0.4175484498873061,0.6434942500691105,0.5257829209177741,0.8338906743864876,0.4154730678030123,0.5521829398437459,0.28506032256578095,0.5536050603587778,0.3522890642214493,0.5511132172735743,0.6798163883912397,0.9395478731788753,0.7243036559238103,0.044580451620773176,-0.03717182504261474,0.01362865201399055,0.19373198795679625,0.30101295876347267,0.4474486323262239,0.547756515631314,0.6389096628610449,0.7738830424644023,0.871383187508487,0.979501082869066,1.05594548342598,1.1309388211753268,1.1768507300926285,1.2478167703437073,1.2392398586692488,0.33403601745674344,-0.07710784329719145,0.266063878426372,0.4927158372849192,0.7272247579673239,0.8875539420232395,0.9661853831697429,1.0201181364728047,1.0742259066599662,0.5665367906010448,1.0694811643247266,1.0411874899536961,0.9699216369917208,0.9198159151182802,0.832942111784797,0.7241160327993408,0.6260204261482596,0.664207114558203,0.8841703848046847,0.9452407931447178,0.923992585898114,0.8812748953386127,0.8520118995476382,0.7985364272207991,0.7527377147877761,0.7038251608286297,0.6830084988000731,0.6158249073750226,0.526956216858733,0.4196519931223529,0.23328201967941897,0.27029402528343965,0.6986209815739363,0.9143680311526259,0.9717443689294254,0.9262631522191729,0.5460781426836407,0.7747254578832616,0.7821483767662396,0.6148973863876709,0.0,0.0,0.0,0.0,0.8196848497865239,0.9749682247996647,0.8616397223387121,-0.09634281012264562,0.47989569558126693,0.7915420334121195,0.7944271361044888,0.7658946218848394,0.7782377218050975,0.8217658264366869,0.8569855408302582,0.8420227899521415,0.8118535241214215,0.8890683756031623,0.8314527428585003,0.7977420066782883,0.8058113716706179,0.7812373678870417,0.7689858904151343,0.7237623281484962,0.3338691677351558,0.42678047960139065,0.4580528420037653,0.559850430305106,0.8074681580883512,1.0173822954636758,1.2016610073714542,1.3090947786602471,1.3344541198383577,0.4941900528623548,1.421172376987057,1.400988664510134,1.3180281292092795,1.1680618108708396,1.0164604038397504,0.7233646083624027,0.20590479210500062,0.2530961793865729,0.5249737585400335,0.8496204821838782,1.117884385738853,1.229522618978584,1.341010391947084,1.2644179950216066,1.2689574632386424,1.1663171689473537,1.0791520164170523,0.937252616521257,0.7875853150550182,0.6658584182990546,0.5132393799293693,0.40149457197942984,0.2032594114340281,0.18454233025059824,0.6335908738142444,0.8328240454655861,0.20405061143758738,0.706579042622871,0.5833584482613575,0.2891013560554998,0.48230198476911806,0.41065884504186045,0.32294460769151284,0.5018332589602088,0.7125022064991191,0.4256380324366108,0.3589707315611754,0.20965521135150883,0.3031561636840128,0.6050781378036789,1.3419495788932234,1.2289058314582322,1.202332723214456,0.9275295623272029,0.7461388679338368,0.5914605873142822,0.391579026702646,0.225456852515435,0.18679739282363195,0.0999388930508871,0.04107218403139501,-0.00814025831667109,-0.07017450773006817,-0.09930491679305464,0.13588697925497123,0.7220478012463605,1.053837390393782,1.0247904149441718,1.061984286797895,0.9963382615486049,0.8705687866655571,0.7021104878651891,0.5391957081623346,0.5219075926966757,0.3199892113039038,0.2244504541602621,0.14036535037768894,0.07920893683615249,0.019375924604849604,-0.040999069958562284,-0.13858592091110467,0.023941641120732327,0.44307210048835866,0.7232905540560106,0.796240039942289,0.8572770654538708,0.8549514889105736,0.811074562959651,0.7643669946614198,0.6914576132752479,0.676756815202046,0.5785867405781486,0.5271461716042136,0.48590140737450604,0.42695423063439,0.38902271859926374,0.39692171956478767,0.5252376918779713,0.6947339362675425,0.7822115252245305,0.0,0.0,0.0,0.0,0.0
2025-06-01 17:56:58.675,0,0.0,0.0,0.0,0.0,0.0,0.0,1.3745284973682255,0.8999780455537718,0.4659848457857082,0.03829402033777063,-0.12801912376986668,-0.1376140289002723,0.04100604627017024,0.1767649749451965,0.32021712051666074,0.507741046953126,0.6620103768767671,0.8226103083424826,0.8958827519049204,0.9707638304510354,1.0726024880549172,1.233069570622477,1.1112683737385418,0.6916365313502539,0.30854050306724656,0.1971568580986064,0.20083498780793785,0.27182622015735736,0.3878184778154117,0.5583117562679523,0.7283158137486327,0.8322650250137198,0.32269729759505894,1.0254847782086425,1.070391933037261,1.1178114752521189,1.1957423730100127,1.4177127378283072,1.1180800390056982,0.4342238450827203,0.14402275739119852,0.10231539433398718,0.2600102267644242,0.3720813404576684,0.45322156866069396,0.4915765684078286,0.5851617082215161,0.693722234057728,0.6630189941762525,0.6699807363432683,0.7281784322191857,0.6897370305690385,0.6606748350510214,0.6751609561414404,0.37339264678473627,0.30075517648448125,0.28810969219541327,0.3260486896103205,0.3514843407631869,0.8229405527320417,0.43073592976670183,0.7499731387861952,0.44067149562951824,0.4584185784864896,0.13342816145623781,0.4159285649532718,0.3426952665182988,0.53764530736659,0.5742828323949031,0.8100183940990754,0.8395051674864014,0.05698713265655456,-0.12779216505960977,-0.08727212118892025,0.1267692160298417,0.2512172877478609,0.4062378644970752,0.5135080624608706,0.6283975406724036,0.7685171309647902,0.8657417147539663,0.9856913947847976,1.0716343662317223,1.1591723495330806,1.2177092865264076,1.285044500567739,1.3013977010441573,0.38505516903052567,-0.15913155945979574,0.1861020809338021,0.4383976043395861,0.675716380972976,0.8581905678251598,0.9368110954143023,1.0096699853243258,1.0607962952328955,0.5277806764606887,1.0730394220727477,1.0526064658249936,0.9821632145557274,0.9304288531900861,0.8510322710164011,0.7392185716206937,0.6126427395440097,0.6063731790759342,0.8337233520760674,0.8999788643762379,0.8892185233261565,0.8508520494873044,0.8290986849871529,0.7823277611426835,0.7412465264476074,0.6873743773739953,0.6706371702761678,0.6036418171961577,0.5260603945530096,0.4212375971263126,0.23073871793416423,0.250227126398677,0.6653039001843305,0.8827118511244916,0.9483258162130348,0.9086883644538093,0.46661549327744606,0.7920681502969142,0.9601921228944772,0.4750623026696821,0.0,0.0,0.0,0.0,0.7338670160153193,0.8574187056724742,0.9624175969266012,-0.09833042211276144,0.4723977396737878,0.7809894607508191,0.7807856707833847,0.7525183627274296,0.7598795425018932,0.8041489066819694,0.8443975576207547,0.8417104061738305,0.8052544111730224,0.8841497079206233,0.8270777636241511,0.7965895036540611,0.8065740396300536,0.790648563327583,0.7735877532600002,0.7423140762140825,0.3484251964183045,0.4274599036584916,0.4472314312518275,0.5563715765279695,0.79742551057324,1.0094135886460096,1.1907114463353228,1.3024517687706958,1.3251675285774802,0.4312824118707716,1.4136402351903796,1.3980965250456223,1.3108362472246131,1.1644922522716743,1.0111768722718752,0.7319953660012511,0.2204942438183924,0.2565749216570986,0.5209669715807134,0.8477633427774578,1.115480324386362,1.2262427573626684,1.3433327027246955,1.2635961295444484,1.2618885915236668,1.1556268675609038,1.07497590347202,0.9297450364610048,0.77275839650148,0.6572757411020007,0.5049043114909386,0.3924724760393521,0.19946676349283088,0.19037047857800055,0.6469049134970631,0.8417302136584898,0.30390354707940725,0.7648299433975561,0.674790662604409,0.2828786298006746,0.5388656800493099,0.3842290643367806,0.43251569376534155,0.4181390651766544,0.8444786702048431,0.3713655737060694,0.25770947328049487,0.21110681724665886,0.287977900533893,0.6170035787821931,1.3474536991806725,1.2476290209448617,1.1833377954074948,0.9227648989302053,0.7288572191891671,0.5811673992602113,0.37808361344086605,0.22005803709832183,0.16615323503032808,0.0684793166287927,0.03446440786516014,-0.019188821745227624,-0.08405898095229991,-0.11819271430595402,0.15030359548461664,0.7545899048353462,1.0672382685110244,1.0272018859203698,1.0869988168544933,0.9972122530326761,0.8471396814271008,0.6786833862595898,0.5124954996953075,0.5965825515078279,0.28670068310259955,0.18885489089685703,0.0820638053033822,0.03572652468798021,-0.03467613928769908,-0.08947731424744232,-0.1634479858088821,0.05919754126383869,0.5180618228040763,0.7677456830378928,0.8264241651801197,0.8680453606336109,0.8686938192931004,0.7895908016235924,0.7422749385979412,0.6639636954664709,0.6342315873859738,0.5269808832762448,0.4693544606190261,0.42868641928026663,0.3723073570352632,0.3298172253819307,0.3682556218246745,0.525712252251131,0.7389529829177616,0.8224031117147361,0.0,0.0,0.0,0.0,0.0
2025-06-01 17:56:58.679,0,0.0,0.0,0.0,0.0,0.0,0.0,1.3742459835414176,0.8878670395984234,0.4862101961611397,0.0753408850704328,-0.10102232064818129,-0.10303637069789029,0.06348827708096982,0.1842267072518311,0.32947054077323534,0.5069235050496574,0.6617803292550881,0.8147825592928793,0.8887080988167289,0.9578442385645333,1.0622711006280214,1.2279345693862884,1.1193080232531378,0.7161593605848704,0.33980449475577024,0.2285829029970493,0.2283000422699808,0.2818458087239022,0.4022023537576618,0.5609669903000642,0.7313474175519372,0.8309051035236046,0.42944986072275504,1.0117849284691864,1.052631637781897,1.0946391743798085,1.1647044060056229,1.3757881267366434,1.0918131182783803,0.43873934093970457,0.17364592554838754,0.13774177658935338,0.27730728587747944,0.38876791695869195,0.4892399221914634,0.5118064997841159,0.5804770992054242,0.696605314324588,0.6540023029709592,0.6651527855731699,0.7181137304124682,0.670544070520789,0.6099475953328878,0.6503306339694779,0.38258318563803984,0.30516400198854643,0.3060538373605395,0.33625793111069724,0.3694845284759034,0.8188587893256531,0.4709870598776259,0.6487571050047547,0.4575987606403311,0.3185537098368072,0.21926760859674765,0.43280450201595044,0.5127917910890778,0.45540803950611786,0.6305002718319686,0.8388296127848183,0.8416513167632294,0.09645407090889815,-0.11859524928313758,-0.06962107196024614,0.13578736167179684,0.2556518034957338,0.4092565974074769,0.5223153053545164,0.6464734485884123,0.7741480486741228,0.864132667418495,0.9845291943881542,1.0740138108975814,1.1568821078411162,1.2189626750187534,1.2829242473859255,1.2869529611019765,0.38378412465051875,-0.13527274494976538,0.20476037289826632,0.4484460557800345,0.6850046226850204,0.8612103512187015,0.9355455489338302,1.0133066038126177,1.0578792350995474,0.5619080871433562,1.071772607920331,1.0436419765862435,0.9764865635591421,0.9168474426083092,0.8388667477583904,0.726398157253143,0.6230696409136924,0.6102124376540853,0.8387997623689567,0.899858855774448,0.8846360376437492,0.8453136136080539,0.8304894022817497,0.7836440307792865,0.7366907053550025,0.6723584944882619,0.6600271401184965,0.5912107167863612,0.5121936426533016,0.4099910730677324,0.21830182528232012,0.23025265799164246,0.6532795657376206,0.878825047950748,0.946881419899329,0.9027318826651316,0.37073528200049505,0.7086575918538862,1.132950055247318,0.3358264752422693,0.0,0.0,0.0,2.4363143631435062,0.6406388458548796,0.754716069839608,1.0713582802100814,-0.08399123622307164,0.4753365182246622,0.7701397976485075,0.7802718573048384,0.746653067752228,0.759732658100118,0.8035663258486292,0.8427001507076657,0.8507990742992386,0.804264008922297,0.8890500309840843,0.8340061354298025,0.8099781714727363,0.8266413417231637,0.812216461405072,0.798447340481943,0.7809606257674433,0.35926162805986717,0.42102818289830135,0.4395570240854334,0.5457834823304031,0.7887739373948748,0.9987925874072827,1.1875840299411635,1.2996792078191233,1.3395724023753155,0.37301295834026155,1.4289043236004133,1.4207814944079975,1.3315513044569487,1.1867355262113222,1.0343537971651418,0.7626065899291288,0.26613855961390176,0.22573493400493527,0.48197310681373373,0.8130810902591754,1.0902490929190152,1.2121036743036384,1.3380540382236927,1.2693158770376087,1.2676637744087107,1.164797986603448,1.0913409215557048,0.9505923910352959,0.7931458207483085,0.6796216557182067,0.528846319593822,0.4137775425763299,0.22590426802410168,0.17893898319369614,0.596525092747345,0.7945839567944347,0.4132962417957563,0.8761590218354648,0.7403701974265348,0.2565753009251043,0.565256321289002,0.40452287909095774,0.4050602380395571,0.4757705317492192,0.9274731544383022,0.36059145045788554,0.23873462692877398,0.2308923524699496,0.2910433198026799,0.6139574751200514,1.2845060484922894,1.2092361427129983,1.1474347477068627,0.9076690403046253,0.7290182353256462,0.5672711225746201,0.3828342188457414,0.24584553855105695,0.19203532491020225,0.08182587039974365,0.06301084754373854,0.010760917400066794,-0.04568874861630168,-0.09215578850982453,0.15028846755784803,0.7144431938183522,1.0364839168662228,0.9752505485233807,1.0497332042153298,0.9539721400664722,0.8253363646462093,0.6484005763628378,0.49799888090697286,0.4524080136088853,0.28540775605542423,0.200449791301905,0.10658201854563742,0.05377454779603974,0.007166882272227948,-0.053460962327115835,-0.12136099537131056,0.0834810004190435,0.4435536065995169,0.7116380131975306,0.7849766947768321,0.8331876521925068,0.8289851912430861,0.7516792997043948,0.7164102775086358,0.65198336022752,0.6172592868978286,0.5292283898878172,0.4714366342569769,0.4420837611872461,0.4019169545661848,0.36036718714008,0.39924423369225565,0.5521134102311979,0.7211367384757034,0.7934439689917216,0.0,0.0,0.0,0.0,0.0
2025-06-01 17:56:58.686,0,0.0,0.0,0.0,0.0,0.0,0.0,1.3861004151037621,0.9352868721876131,0.5346518712748498,0.11807439822342214,-0.09994628413505258,-0.10627865105315715,0.04797238776016943,0.17313573006424487,0.3192872908866803,0.4885588363069151,0.6512804320662564,0.800174467002689,0.8818072470183735,0.9505927249720091,1.071139898923012,1.2444967149682258,1.1439964235516333,0.7391995043206576,0.36331242113640283,0.21737590964493247,0.21947990488211122,0.2676296030859924,0.3983673236334022,0.5562662924745909,0.7145224890777886,0.828980613469835,0.45265926836212,1.0069839982920055,1.0579440081927027,1.0981052230527883,1.1764355841574123,1.412211639321332,1.1433871033416325,0.4634241447069838,0.19564195588718147,0.13810619163311788,0.24640062205156843,0.38059397695496133,0.5112250175411857,0.5317792949472999,0.5703737783824403,0.7017749180126704,0.6593841333884982,0.6831767678144588,0.7034596890235015,0.6554199972769092,0.5983397776081542,0.6447622029183877,0.41370899639573644,0.3230259696113651,0.3084496374836708,0.33323336582367324,0.383982377954885,0.657497075656164,0.5578999493241987,0.6983301778238415,0.395112410016052,0.46998192381936055,0.28885099602002395,0.3840504018134052,0.6930168634650766,0.3808171122881139,0.5378805398728004,0.9224797055352194,0.8742255040035651,0.10630293457893383,-0.12387558871597859,-0.08669021559412338,0.1376813236471064,0.2564376194543345,0.4147616783964112,0.5350903709639645,0.6593475385973717,0.7907095386392506,0.8909233850625708,1.0017190624688501,1.092585789333151,1.1815950583454486,1.2542322244601773,1.3230020396417124,1.3363559084504948,0.41542421340515573,-0.18635206065540622,0.16681106837027193,0.43128702841424227,0.6738540605670933,0.8606151957852188,0.9495754164907031,1.0269122632142613,1.0731947364757624,0.5624719197503976,1.094374372643211,1.0659037993794702,1.0011032376274502,0.9487595485114367,0.8690619817458165,0.7550421825589341,0.6125534432461577,0.5733151506967472,0.8151349510582606,0.8879022889373915,0.8820329570728258,0.8513023056208457,0.8323128749227933,0.7872139977578789,0.7517757407010695,0.6853263694282226,0.6775751213501737,0.6110216590773256,0.5395714888584691,0.43793533904901294,0.23745468091148292,0.2319773697173081,0.625333342085878,0.8660047030024942,0.9330916312762529,0.8959079953028772,0.382591989984915,0.4973625052951452,1.1560276586118488,0.3019268092285443,0.0,0.0,0.0,2.1140921409212985,0.5907430882342861,0.872056679321235,0.9789241120366238,-0.10188244814578745,0.4678956975675686,0.76209099908253,0.7749174081211028,0.7446225437986985,0.7610591121725025,0.8063217875388531,0.8471647015390675,0.8580170243100964,0.8080501193344998,0.8980669152803706,0.8426963295291756,0.8133397083999898,0.8312249566089132,0.8136953843081205,0.8080715751681613,0.7724423632766331,0.3576056748630196,0.4150098380328925,0.43238879053176116,0.5358602353117574,0.7808462689028748,0.9869446240121675,1.1773205834851979,1.2871292702946577,1.329580588842892,0.2723439652462694,1.43273286427753,1.4158214817036203,1.319171693702619,1.1886890362809468,1.0321035252193793,0.7605137432135916,0.2609565658566166,0.22046735274742724,0.47279490586885664,0.8031543141620998,1.0721116827724395,1.199843430193552,1.3219050730044102,1.2559353025932476,1.26139067948804,1.151700143139562,1.0851518076439666,0.9414273291366814,0.788890679760308,0.6748046490374089,0.5241569491540937,0.40722226354270996,0.21974801199731497,0.19904178009261012,0.5906589041768753,0.7945878301454569,0.3873540082667982,0.8410913532509982,0.7409881394103252,0.41717074877580473,0.6067890545414036,0.495852546134965,0.45787351952043426,0.42883253960225914,1.0271503977740015,0.5428266423890692,0.42675280162110285,0.22616429484414108,0.29714588813693615,0.636899073982144,1.326438519084622,1.1985323194102475,1.1646317456577844,0.928493489571717,0.7531233489568672,0.568599734158894,0.38005645808887967,0.23485901435954948,0.19360497115327413,0.07480589011556815,0.061807532424122735,0.0011763938132349772,-0.05593388160208557,-0.07845989315955199,0.1696085944629288,0.7569984256767579,1.0599177644060602,0.9934856538100556,1.0694650907520225,0.995789837442081,0.8462369234664489,0.6576170422474779,0.508961138560512,0.4993200185024512,0.28664045494310053,0.20436961422238742,0.1125836051323601,0.053830034485191525,-2.9917441485061147e-05,-0.05918793523976751,-0.10591414854397513,0.12361294941839956,0.48630666732173333,0.7549888271576322,0.8072727564242478,0.8669708284127089,0.8489407587105191,0.7722063192689808,0.7355592211060054,0.672121275529451,0.625072697306289,0.537886877106375,0.47058328682065076,0.4322841777171351,0.3924327170397478,0.35165168447812556,0.41202813061347693,0.5960160623061967,0.7844668424018878,0.8619407792273719,0.0,0.0,0.0,0.0,0.0
2025-06-01 17:56:58.688,0,0.0,0.0,0.0,0.0,0.0,0.0,1.38570482961958,0.9459348340478302,0.5314390813400174,0.11323677176468716,-0.13464647377197358,-0.1302437793210195,0.030641678079983525,0.16484434074439247,0.30909598525305426,0.4805427023559097,0.6497695002502972,0.7983804589648708,0.886242090313847,0.9595246249065582,1.0888912685071763,1.25453515137237,1.1648195223237712,0.742007770951751,0.3472227082432633,0.1669018118685116,0.1919496372710292,0.24214698345219277,0.3797365358070284,0.5494489273663321,0.7017285830275963,0.8268831095821301,0.4506172169549426,1.0087560599776988,1.0702084372338858,1.112287202142578,1.1997152476961674,1.450709303059441,1.1951982625622886,0.4861758483460483,0.17659410157071864,0.10923953710865342,0.2141826996422329,0.3801143789500949,0.5081750346630889,0.5460428521869127,0.5761439500113328,0.6787992863842971,0.6529337833813138,0.6851137998678632,0.7212289322823485,0.6621447252992139,0.6169880560704315,0.6653034588123081,0.42558153404987353,0.31068569488659026,0.29305233317269686,0.31995398085218474,0.3979689598136087,0.5227593355849498,0.5237822290146106,0.7593330203371984,0.42246092151459036,0.574977908183892,0.2332161018417631,0.35540970950220707,0.6270728243240347,0.30520467772017945,0.6732032799117357,0.8203614356162472,0.8793907609562002,0.09679323407772797,-0.13142905271669358,-0.10221258198643857,0.12727057955640997,0.24273319377938374,0.40778307894773724,0.5228650232595144,0.6447500390164336,0.7878356627402123,0.8861988741475606,0.9909849598360276,1.0864776789273916,1.184195744791241,1.2654344443358205,1.32115822164427,1.3437314336923953,0.44092993055788526,-0.20170336998573646,0.1508921928219007,0.4196497686453302,0.6633905253315862,0.8473334549204363,0.9450260952010456,1.0235934998923506,1.0723580601142115,0.573793334679223,1.0911480956944397,1.0655238789765011,1.0043997599343935,0.9519071905676083,0.874462050148163,0.7649322147890566,0.6224068149025611,0.5785685239683166,0.8130032457513785,0.8898520445745415,0.8837934671302892,0.8542580325849161,0.8283647382625774,0.7798157129090213,0.7578981393492159,0.68590319272759,0.6760590790733969,0.6091782508235193,0.5382663954404383,0.43582482877919315,0.23848515556508265,0.22627421573080297,0.6327480556517594,0.8738265873340518,0.9371324312961886,0.8968388276875223,0.5598515381138678,0.5190166031143759,0.8878801916529049,0.24078349290637063,0.0,0.0,0.0,1.7918699186990903,0.5742470606935798,0.8358783520607926,0.9777671977312145,-0.0917303667108117,0.4738948130236979,0.7663614986352413,0.7802990844184152,0.7486564439445954,0.7612566291532967,0.8021098226974026,0.8345843921056866,0.8336120347950722,0.7887618112946027,0.8736818536230437,0.8166215081089276,0.7915961871865977,0.8115088520943636,0.8030718846710312,0.7851476774813932,0.7402567243941645,0.36450708040530777,0.41899543252608873,0.4251727046522842,0.5353460519251549,0.7664833402833862,0.9688533861986968,1.1595132212694446,1.2648027126266232,1.303483757176198,0.27979932749903685,1.4065862369120339,1.3899809661446416,1.2988761335979429,1.1613942241452508,1.010955276056989,0.7385345513497157,0.24904549628045491,0.23479684465347528,0.48841469789503533,0.8030611987758891,1.0514590367958,1.1830874682917234,1.2925736785902235,1.2275956339343195,1.2353995243170321,1.122118591707507,1.0534825922605253,0.9085906851148041,0.7669185899987329,0.6461230710719976,0.5019484836982904,0.38866820183668094,0.19909369179831907,0.21378569324534905,0.6112825276869582,0.7898324102367665,0.4735211968577958,0.7984815377043092,0.5930337046883069,0.38456909486044566,0.6447648380645878,0.5222694929805068,0.5623648515015176,0.3832160510902309,0.9954185515819792,0.5416439849321343,0.548939126514179,0.19090635772695158,0.28718285393383475,0.6423930317524073,1.358855814557511,1.1963718757108366,1.1692233621140389,0.9287770850794814,0.7231443524430865,0.5573676929982754,0.3365002890197948,0.20380628238506038,0.1800258407034565,0.04833372584929929,0.024166221113975928,-0.018070205214871904,-0.0860715654231069,-0.09552981067676236,0.15050812227346483,0.7550047326093017,1.0536715373715968,1.0069757794577638,1.072975303166897,1.007286922710885,0.8325733439138032,0.647799325741705,0.5082491434547258,0.4107838585513107,0.28369133852768647,0.1896056097012817,0.10861789316730297,0.04794377019006879,-0.013533797470192788,-0.0771558196029728,-0.10168136335035466,0.13026540230642375,0.5082383746081154,0.7748356913195906,0.8311640195944191,0.867851100218062,0.869849725678776,0.7753319993710299,0.7445376683900244,0.6738684243656614,0.6192284943554223,0.5302220742703914,0.4725342304708833,0.42709520505571974,0.3746394351126551,0.3388063743546448,0.400067794808695,0.6122709560278642,0.8080242524802704,0.8875253660290392,0.0,0.0,0.0,0.0,0.0
2025-06-01 17:56:58.691,0,0.0,0.0,0.0,0.0,0.0,0.0,1.3154743324435896,0.8744089949220826,0.4909931832345439,0.12535032671477797,-0.09947691343459186,-0.0707108739435095,0.08347291883547425,0.20491488894203225,0.3450096417344558,0.4963116403550323,0.6546137185690268,0.798401968372655,0.881505000107532,0.9357774265187363,1.0612186220791,1.1930093198594103,1.1304817068390007,0.7251441429333156,0.36631197089557843,0.21178834261301882,0.24760615286554066,0.29244765851250754,0.4321249783966463,0.5823421514726208,0.7211552800382821,0.8359737301119796,0.4082782271774684,0.9953028305220634,1.0514989540937516,1.0873623868518731,1.1554442790230453,1.3824583050573196,1.1507744583057613,0.48597729568840775,0.2233833262813043,0.19048476793169877,0.2872099706929354,0.43929064087180647,0.5329684575782094,0.5838423662330126,0.611744806800063,0.6693715494000028,0.6638348012203084,0.6768374602476387,0.7309435780474055,0.6606893695509728,0.6064970628079805,0.6419252135738867,0.5156161037403928,0.3520543458317753,0.338354735280745,0.360607157371444,0.4657973464523988,0.45755275451100935,0.5621149440946253,0.700360279561766,0.5827930406947023,0.6811752128440239,0.4112523723754906,0.36319613058177425,0.6585088449630674,0.28740099909969663,0.7369654761626618,0.682179509340013,0.775003908685961,0.09781298662684598,-0.0686764501473246,-0.01827046957039502,0.18106479707647982,0.27905268433719477,0.44163994358263015,0.544440337997899,0.6623237057436839,0.8000357902100648,0.8808376073190163,0.969453814267095,1.0686469169076158,1.15604816033241,1.23342880837697,1.266125719351618,1.2614830602098805,0.42739501000165886,-0.1179128972663055,0.24426598372533848,0.484204325430746,0.7128529857331654,0.8727734510862861,0.973198567274788,1.0428732409884245,1.0763627253005466,0.6217774868250483,1.0822918168642375,1.0543374371152439,0.9877314967633778,0.9279559162299412,0.8530149974616132,0.7400454158309163,0.6568714417166726,0.6320555276891809,0.8670233405630792,0.9211477705070126,0.9021810841423827,0.8704049362544126,0.8386845385501833,0.7919383424470601,0.7691864730490969,0.6949378382244604,0.6793461496978079,0.6116184667869751,0.5365386210343599,0.4309931642410384,0.2457836459218724,0.23965293468386567,0.6427386220057014,0.8783545249820541,0.9489110117742305,0.9018249902007291,0.5916744756621433,0.46969412666195626,0.8472943922721707,0.33780914528741923,0.0,0.0,0.0,1.469647696476882,0.6010834325551503,0.6366731164249919,0.8792075811934826,-0.12507058602133653,0.4538003258006918,0.7605091613685515,0.7775367599510525,0.7460112788484731,0.753338871486352,0.8039130658820073,0.8359136297544776,0.8428990155048095,0.7951278172243734,0.8734470415521223,0.8096704753158455,0.7956204089626508,0.8103251663219451,0.8047094705059818,0.7768647967981883,0.7189905252756892,0.34170749531526023,0.39836608353261227,0.41263373604233067,0.5145697878228255,0.7464003447758738,0.9461280088565562,1.1498183654104568,1.264069789945253,1.298024746484162,0.406227228967274,1.4074296853105537,1.3994403077783022,1.3197861030536353,1.1670610014150022,1.0337117252288348,0.7660226032854287,0.2557487608820003,0.18139480801923058,0.442033372199394,0.7546627056339061,1.0077950065923105,1.1393145916299277,1.2628421633490068,1.2093793633977599,1.2280185687399547,1.1235963772754132,1.0619198030661265,0.9122867552603783,0.781431944058257,0.6551097740670528,0.5272223527397436,0.41545819575904874,0.23589137892642909,0.2067112355168121,0.5620215818587714,0.7397162462841106,0.46904953092150425,0.6717313322689864,0.581286768320098,0.3138784947198756,0.6995737861102009,0.612054976254247,0.6550373374095437,0.391278037502444,1.0303018548320595,0.5916536013739178,0.5408528903592337,0.207218958643469,0.31011508639163704,0.6541493545493511,1.338303098440573,1.1626556019660323,1.1162517507227472,0.9098897960635335,0.7121403932127117,0.548722426856243,0.3156155048155367,0.2191274586299623,0.20355644431649123,0.07932643787141047,0.03827882333720045,0.002983945478856387,-0.059653847928650916,-0.07603075737277554,0.12411016466796637,0.6992270040013586,1.0079820482935835,0.974541475875981,1.0276347516403161,0.9711942589098779,0.8021594621859154,0.6373205087977956,0.5063361760606118,0.4794709795583204,0.30752997889559963,0.21417800255356823,0.15090399459011605,0.10791817096840484,0.03320029221985943,-0.018597303264007214,-0.05185021207422591,0.11159215352074409,0.433022473661535,0.7064771897381563,0.7860493274567791,0.8150775911796035,0.8278089261717296,0.7514336242670132,0.7312896605239518,0.6797346006968181,0.6296025220829047,0.5611312229116137,0.5091021000303808,0.4731888642965749,0.43013930813614387,0.39791518762678335,0.4517089290522524,0.6230552114123219,0.7526006099475994,0.8201502294859535,0.0,0.0,0.0,0.0,0.0
2025-06-01 17:56:58.692,0,0.0,0.0,0.0,0.0,0.0,0.0,1.2533749795691225,0.8113230657671132,0.45701230522599834,0.1362453652900053,-0.05874423143124907,-0.010326521218490536,0.12106788785057299,0.23480495971359416,0.3772748518835688,0.5095887011909077,0.666498871963533,0.7975505633154935,0.8729538867292423,0.9089480767717338,1.032939476145665,1.1368342938853186,1.0838149827579695,0.7111257241942406,0.39702870916710664,0.2633011867950351,0.3127800692287235,0.3391982109657481,0.4752895916197688,0.6183729164381373,0.7347057538408033,0.8386771352058124,0.40035232424122125,0.983869348608679,1.0284726347817312,1.062502399926883,1.1033161233043656,1.3076164261972703,1.0911770740221078,0.4799285420852829,0.2592262398498172,0.28152542047289675,0.3815399315346235,0.5185641480586933,0.5814363513798033,0.5870116984164924,0.5983552732562252,0.6657360873406346,0.6424850533725193,0.6827296510693658,0.712946010160772,0.6360617659619219,0.6047682923191401,0.5987848094055606,0.5366418905646492,0.3864075222477735,0.3838665006311297,0.41129510295074034,0.5140177231904055,0.4103635119842081,0.7089304986422563,0.633852155622393,0.5925696360391064,0.7487215666621289,0.5250963726859629,0.41789893556422064,0.7690260219402134,0.2791236062187684,0.6591596335890995,0.7981416627932323,0.6935496523755225,0.09369205116603394,-0.004169919315649251,0.06909118360940592,0.23028800472186117,0.3194226735168908,0.4756774855613992,0.5820606269284296,0.6734185060848994,0.8048856074951791,0.8830311037360252,0.9638406217879019,1.0576196837827303,1.1347534845725789,1.204318617321141,1.2288929161840518,1.2104148871684843,0.40094523324439707,-0.06065144781815279,0.3194453540355875,0.5324429866896856,0.752297602641024,0.9018102682911242,0.9982612070569084,1.051846026227539,1.0820403590617274,0.7541197430045572,1.0749463115054325,1.0419255440326158,0.9738363125510231,0.9156267950111022,0.8305994587908196,0.7245177986980581,0.6631138608604319,0.6633906961965165,0.8967601907432319,0.9534936807952643,0.9157008486062137,0.8831945990228494,0.8447482577440386,0.7948345935553718,0.770259568790211,0.697974870872399,0.6800045706043683,0.6114315749525008,0.532830220994905,0.42266890747789543,0.24831335259172194,0.2407075411025545,0.6404748740410263,0.8785840461090808,0.9484061051280459,0.8958316317703732,0.6555208200477569,0.43904709526281643,0.5966198387767179,0.4737680429593001,0.0,0.0,0.0,1.1474254742546743,0.8303941062981577,0.5377682011714551,0.8942917102846001,-0.12790912563746953,0.4327780351315081,0.7519169296649104,0.7697864442847127,0.7385178770234105,0.7450506008884286,0.799649769550397,0.8304495816945239,0.845009564682603,0.7974414694193923,0.8813711111598543,0.8161201866569903,0.8043350603945538,0.8245490129752231,0.8073423234190655,0.7958798725591649,0.744059974857834,0.32523593306348136,0.3735144730441944,0.39984430324531695,0.4890100565618716,0.72776140956751,0.926926347347687,1.1346840696182001,1.2550700840574776,1.296632531109579,0.38201427401084037,1.4183680733598676,1.4124659741869015,1.335644586024289,1.1918360533421408,1.0621850892992224,0.7966564588136996,0.2787158692718294,0.1276844420476203,0.38560920090814077,0.7089635519394122,0.9602928829605131,1.0993052319817347,1.2320723832869116,1.1936096374754614,1.2222741896534726,1.1285448909377314,1.067929572494188,0.9331150356612105,0.7988384093146298,0.6750336810981798,0.5550033599592227,0.4444607594109038,0.26886326005492767,0.18742104230786372,0.49357002027663577,0.688188487297355,0.4566837688706471,0.6730937642040681,0.4621482689900216,0.3995774288622014,0.5804411383590684,0.6646479940285639,0.5741760615230551,0.547941003116545,0.9291420454446603,0.730880421278661,0.6230904814709061,0.22926940165447302,0.33191062410353894,0.6472187425887536,1.2919137122441933,1.1289353750565043,1.0637827873744534,0.8848399705768979,0.7077526110401824,0.5290579020268669,0.31239891572071343,0.2165984707034192,0.23019102238555433,0.11840971791646515,0.07144421628815367,0.03705454585596468,-0.02638417832444484,-0.04754885184247004,0.10100940717982682,0.6459169116738872,0.9634362883074248,0.9373919851478729,0.9905300851828368,0.9342396761007647,0.7824846453462468,0.6247372547283756,0.5007944710280994,0.4760455380960864,0.3334869579483881,0.2420634881692929,0.19559435149655013,0.15781968150041015,0.09049779571630678,0.03684486604914383,-0.0011201811305653897,0.10240924424529207,0.3263811972909314,0.6465590781702915,0.7354287209790319,0.7630637785577492,0.7785101194703343,0.7375146657910827,0.7253934250146661,0.6838882912661681,0.6521818518726075,0.5803353912970959,0.5475891730185258,0.5165928822505621,0.4833030276816671,0.44925453343572985,0.49598823390626795,0.6165427083875062,0.6916228987744829,0.7484155500700074,0.0,0.0,0.0,0.0,0.0
2025-06-01 17:56:58.697,0,0.0,0.0,0.0,0.0,0.0,0.0,1.3039545656709568,0.8366607541636912,0.4703892852058754,0.10991025423316791,-0.07547735642771902,-0.04353220649679135,0.10309915245373757,0.22997789881561448,0.36899894853613946,0.5125077722149916,0.6790493213403319,0.8187514020707899,0.887539604913308,0.9277970910545524,1.0586696144948897,1.1747713845245165,1.1058108094413777,0.7130782532886857,0.374870747090322,0.22794430381996433,0.2789551803093626,0.3082594577804467,0.460939302756612,0.6091631212138955,0.7150385200163103,0.8418621924370191,0.35451586957568637,1.0069946817798106,1.0487213082011304,1.0877270520179088,1.1372110492600696,1.3507347678421682,1.1140752016386515,0.47360402902602805,0.23000504444244385,0.22949761960779114,0.3541116384911833,0.4831220927580222,0.5318262942406993,0.5649671172382151,0.5731753860693505,0.6373396345680908,0.6388362752868104,0.6812001504610444,0.7301431069038965,0.6605174131132328,0.6379648392367278,0.6132868529950612,0.47298481738560916,0.3448272690044292,0.34210344180158125,0.36251080549005543,0.4629349015825568,0.6189666054708218,0.692896322309272,0.7895087646383043,0.5543920604798029,0.8117816787949574,0.5035771345529825,0.4383357576896273,0.7155942110386933,0.34394829458102805,0.5352296460524205,0.6942744162345883,0.7616702162373212,0.06118091981066287,-0.05560949312925212,0.013085932789308696,0.18279652887485898,0.29067851251612975,0.4452578523866906,0.5621004323966805,0.6501438225942471,0.8053685847336274,0.8904949760797336,0.9700855489428009,1.0733732763361297,1.1557479059173108,1.2345217829320847,1.2618210675161183,1.2690917773222172,0.4275137427177394,-0.10943051202919096,0.2821545242911123,0.4971885920777561,0.7225241618686125,0.8797592861311179,0.9861891825360733,1.0421856428316145,1.07581508118742,0.8040986557869987,1.078909649635505,1.0535857324271953,0.9877456347789534,0.9307910327442858,0.8484290893870274,0.7476896924806457,0.6422559290907521,0.6281152022468278,0.8500554688018638,0.9260201821147518,0.8896639090109091,0.8612800169294224,0.8239687492906365,0.7810552222566409,0.7605703269748745,0.6962501041550015,0.6779672214168604,0.6102160168211641,0.5360393592877819,0.4209617953359325,0.256232111279838,0.23831988086411332,0.6251520571460265,0.8583680642090867,0.9327916182868647,0.8764965120939312,0.6801845681923966,0.6828821729656294,0.49836788200166565,0.549512481307938,0.0,0.0,0.0,0.8252032520324657,0.9415162904391943,0.4905716331622781,0.8556150059353925,-0.12192598462978321,0.42184505347633866,0.7512178467209314,0.7640248488154542,0.7346109517616445,0.7270402310611768,0.7844043055446555,0.8117300069621547,0.8245786806627335,0.7981362338335045,0.8713118408753573,0.798600111501351,0.7941229977772879,0.8200241528049286,0.8046610924882258,0.7987303207216794,0.7537367838517344,0.3403778012501111,0.3766881503049927,0.3969267218656649,0.47526432401443164,0.7055709864298321,0.9022368345946794,1.118878210398392,1.2410202128256833,1.2731539544097974,0.4311969145946439,1.398542302572518,1.40135036003619,1.3306632736539197,1.1824402837184151,1.0611425985317666,0.7981598308289144,0.2849477727773828,0.12767536298613846,0.37813500333766503,0.7034904771648831,0.933882423953512,1.0740971712984229,1.2136913245582592,1.1707693212483525,1.2001589433530735,1.1078693847954866,1.0599908947036818,0.9188796556794278,0.79101857801168,0.6670518686670388,0.5464266778629181,0.4442456946444403,0.26435634537546104,0.16613353964943023,0.4929385294612303,0.6786426910248818,0.5171225681856837,0.6270895573963874,0.3754405215915848,0.49875732963287345,0.4148313760722124,0.6172391818464653,0.7213236907300771,0.6339726097464176,0.938991550047794,0.8112943819024325,0.6401901930899355,0.20988131969209617,0.32177557345524227,0.6289366397515035,1.266691801608213,1.122137806082766,1.0455673169524595,0.8953574864503291,0.6975728769649014,0.5188895304297532,0.3043359483393009,0.20246042026187583,0.2209432580841164,0.12247137740352132,0.06009941591563761,0.017679825883264444,-0.04409556034022222,-0.05096966698247618,0.08333590016466746,0.6468318552067456,0.9693134051142751,0.9333884036926947,0.9899615354587655,0.936778162829645,0.7668655597989957,0.6161073650147959,0.4849987661539472,0.5378748639181344,0.3198407944702495,0.22799712223075597,0.17161559900700607,0.14670779022189417,0.07194770874384704,0.009002316673015875,-0.019182784936025987,0.0982630591324084,0.3535145160756866,0.6709514875055289,0.7455019593562627,0.7594482634437005,0.7899199084322102,0.7391309227124432,0.723661128870535,0.6663598198922895,0.6449732857781338,0.556146940233005,0.534431021453619,0.5078878709963459,0.457420905576689,0.42044422947993554,0.46128362220997027,0.5740467031578744,0.7091655555363902,0.7591397367135491,0.0,0.0,0.0,0.0,0.0
2025-06-01 17:56:58.700,0,0.0,0.0,0.0,0.0,0.0,0.0,1.3084291317284178,0.8151861028563978,0.45333318078307294,0.09369953330684655,-0.058801963920990574,-0.03776987681870436,0.11982719999489888,0.23739725489026142,0.3775010153318191,0.5293422787679174,0.6894233474559439,0.8208187428151653,0.8928152728429786,0.9283318134282156,1.0583669455918208,1.1742437606476845,1.091384392178944,0.7095758785667086,0.37993422204481886,0.238297581491287,0.29039792153977406,0.3232614584863467,0.467692314384188,0.6259597899296547,0.7293331610064131,0.8501365696924215,0.42255378198555316,1.0135150997148084,1.0495297088512987,1.0922393960123842,1.1247729867634273,1.327782491111889,1.0605422066575507,0.4496345637172189,0.21459031653220717,0.21925348218882923,0.3674706937358372,0.4719529160890512,0.5064380651019864,0.5456220060376875,0.5945124865817146,0.6469528541378842,0.6396937983004924,0.6661813586760131,0.7512963352102823,0.6741201963984773,0.6306285875121228,0.6093533809555955,0.4078479769177902,0.3264622137841902,0.34123307434986583,0.3610519193902255,0.4433509493424208,0.858379193256896,0.7474015313436914,0.805173671499233,0.5229699437022259,0.697293686581052,0.5391009728802804,0.49585218897863714,0.6200215469966923,0.3189683990855935,0.5785352074336614,0.689783015530097,0.7807030401884067,0.05396754174399143,-0.07318787477848931,0.011081346336382358,0.16215071469533826,0.28745483746151623,0.43988358388735915,0.5577747962271407,0.6497343574223675,0.7936156480784269,0.8865250197854533,0.9755749301711132,1.0826311014305903,1.157090845903999,1.232425082262037,1.265449824822102,1.2745884604037592,0.4209031699519749,-0.08553161539034426,0.28778924274354356,0.5016108585421506,0.7288702873810171,0.8787896017437986,0.9828306554395372,1.0362934764658127,1.078654437145116,0.8450657107111776,1.0762524429235316,1.0468844074658592,0.9848079239504092,0.9206987081906631,0.8404885415219998,0.7323603937334497,0.6399860458643675,0.6315028854997703,0.8443570015113977,0.9246210651400653,0.8889980753692834,0.8511655469008124,0.8245579727214469,0.7843692004860228,0.7559815205874323,0.6970742696021941,0.6639916718547034,0.6089497754385114,0.5311447062108468,0.41163688359630635,0.24703748358312594,0.22972967458226828,0.6141343102003385,0.8525576196518709,0.9286606347695054,0.8678606791893941,0.6804167737664717,0.8862319558089746,0.5941023448493667,0.6359860099621721,0.0,0.0,0.0,0.0,1.0331837257380598,0.35167113200596695,0.9497715525668043,-0.12832573547292853,0.404025316315945,0.7479723694036542,0.7630234815327734,0.7364868218095676,0.7325466830305003,0.7966827518962447,0.8281312645317844,0.8378316163581752,0.8176114431196941,0.8978645340903149,0.8282935261406519,0.8171442285235688,0.8417748085612005,0.8318475476124276,0.8243515970799651,0.815483596267716,0.3441221832308435,0.36688831959113255,0.3833512825266292,0.4703625234172646,0.6948169014867343,0.9007893142119281,1.1364281739298931,1.2554326339490418,1.2946918709655957,0.49935397225336425,1.4255264531710936,1.4208238391193948,1.3609134370515295,1.2099515136809011,1.0930796462948678,0.8267718140223168,0.3098615703187536,0.09411879182679783,0.35629270981533334,0.6810275874816132,0.9285013391726289,1.0670805513859574,1.2209852518048674,1.1827204309843824,1.2081728355276424,1.1342241702566032,1.0742529353264612,0.9447285303240537,0.8098774988817629,0.684686052719226,0.5617242607077338,0.46491864147178774,0.2815531354830678,0.12071144134998077,0.45745554213087214,0.6548000442521403,0.7042919703239082,0.6722236578913304,0.4415452660873286,0.4894130224966643,0.4990147052820236,0.5610587724955091,0.790244036507499,0.7189477497198922,0.8728219071688091,0.8008028709844457,0.4815270751887011,0.22608413232043373,0.3151023443825686,0.5860671816572821,1.1997839124053837,1.1093348187299068,1.018492053372479,0.8932215668252854,0.7036801982751084,0.5223529049519375,0.3371925792789934,0.21942398318156275,0.21988016128081833,0.14222441337822556,0.08113526220472922,0.03387631357740872,-0.02589233908860289,-0.059463299110769974,0.030041660354248656,0.5791809253030247,0.9207286715956269,0.9052195529689866,0.9630327015098977,0.908984091366585,0.7590575996779703,0.6205235112715897,0.4808245011149552,0.5774824933379326,0.33779524472186084,0.25148148597922115,0.19735350455890233,0.17948242341898946,0.11257642424258929,0.04334610550901141,0.003279669624917103,0.06008333107648517,0.2942692663514478,0.6191884820655811,0.7141764852563993,0.7140609512509721,0.7660876607813232,0.7218886061215395,0.7168941457683546,0.6621662335982739,0.6546086906635387,0.5689657435954578,0.5497477420114709,0.5366968763438384,0.4880426159550487,0.4511082366107031,0.46091616283402365,0.5238448626835152,0.666428634665693,0.701215417880404,0.0,0.0,0.0,0.0,0.0
2025-06-01 17:56:58.702,0,0.0,0.0,0.0,0.0,0.0,0.0,1.2596013550486775,0.7585941167346636,0.41939820648641024,0.09721104028330518,-0.010977651221636853,0.0027747496402409366,0.1665049037371057,0.25302383418832,0.3913193050894165,0.5379289728788046,0.6860849754110607,0.8035881111444035,0.8736061766508552,0.8964825117676801,1.0256154898507903,1.1249978854901157,1.0400978966507743,0.6876445045440744,0.41207995014447707,0.2959028450088882,0.33519492562744335,0.3733220285010339,0.5042536500656307,0.650316099133784,0.7541713465361235,0.8517478779233358,0.5042549258424268,1.000977907450646,1.0327319821350998,1.0640628370154588,1.0738960523766123,1.2626931465695637,0.9761970934616768,0.43107014725068804,0.25015306847794105,0.28240652158066637,0.4480891659017012,0.488668824843967,0.5344081274789849,0.5333615503888816,0.6173264981471542,0.6598330180331473,0.6429142957227041,0.6711840559472794,0.7289017125799956,0.6469522387783513,0.6197725369608394,0.5554614504367241,0.36731068835759434,0.35674551737580523,0.39069024080279513,0.41839514246436926,0.48335438334984304,0.9487297451765055,0.7738214830645923,0.7375494175102166,0.44808884609436506,0.619636395634956,0.4813702196187043,0.6524263589816826,0.7160031084409222,0.4263948366435505,0.4966346570916761,0.8287277312110657,0.7194382408948377,0.05964104897086306,-0.023472954844416805,0.06473145169781747,0.19202997890472928,0.3183810123315731,0.4640147125408687,0.5810422141603235,0.6778490078890884,0.7961497022316766,0.8990510901150544,0.9877574312355262,1.0884704851176865,1.1491107285663913,1.2148621451897008,1.2488968573730803,1.2471937372588948,0.3805625068567214,-0.04346473573735821,0.3260303357992673,0.5370258048915688,0.7540303415171417,0.9053252064140191,0.9986164197147964,1.0418712338639136,1.0857086264336016,0.7667231299917747,1.0757893560465865,1.0408098722385315,0.9749798075389132,0.9110592265229404,0.8261115427900452,0.7097488011424355,0.6357727993174292,0.6505006203856666,0.8657531734101385,0.9462280298217027,0.9081602430527214,0.8626637192697684,0.8397167098797205,0.8002109359029106,0.7578767763605858,0.7016123327337493,0.6612906552150501,0.6140254138806001,0.5307328723476401,0.4098788568114139,0.2376919834830844,0.22862855905742252,0.6109777359254188,0.8587023808778027,0.9320098202442382,0.8722603113651475,0.7200972760411242,1.0145269694976666,0.8184201251207825,0.7039693259628358,0.0,0.0,0.0,0.0,1.0519589217203342,0.4207385523917562,0.8377008335392527,-0.13959148602220628,0.39789025846967746,0.7434368745001533,0.757164710462439,0.7311033681602835,0.7318822685109316,0.8082707752934246,0.8459183305346594,0.8583183222625359,0.8334453694354593,0.9217113491473072,0.8669518315058493,0.8461836639732336,0.8669625298697905,0.8554904561498737,0.8620985304565543,0.8803443291131119,0.3414867063008882,0.3487684511485897,0.3645142134288504,0.45775292749356056,0.6823293659549943,0.890933005348256,1.1350382351042194,1.2463499701092802,1.3068794518066393,0.5474434859567232,1.4490336168721871,1.4387910573105431,1.3826788051888024,1.2481774996428094,1.12659502711443,0.8626115412371615,0.3422929875135256,0.03907104384438531,0.3114012960467888,0.639781348667386,0.9029903239096901,1.0449871134211481,1.212446582433106,1.1878925519107353,1.2101944855923534,1.1529263583170422,1.090370348408908,0.9700460712212063,0.8305767120769726,0.7141029524417513,0.5851708877706497,0.4905137158322477,0.3102905845962602,0.07278457343038772,0.3888559723768493,0.6131449281366933,0.6917301833490347,0.6294863898425664,0.5625461702660283,0.5103875015575791,0.5273056773984923,0.48891092339354913,0.6944704938489143,0.7960361562499798,0.7892087286942047,0.8962112003905289,0.4238646703310758,0.2628675612452877,0.3196531131151656,0.5455935720211115,1.1309033922413538,1.0739153468306402,0.9716390549193569,0.8782078085107079,0.7209960595134024,0.5280900028353086,0.38196880135516165,0.24085184922667402,0.22772329188350704,0.16962184595033647,0.11693327128110798,0.06273555077364379,6.838295756517176e-05,-0.05950519911936669,-0.01964222472052446,0.4979845194369254,0.8631998712082731,0.8619955174866742,0.9227425457324728,0.8643461850558707,0.7439417746650472,0.624579443306222,0.47877224577002475,0.543369216410484,0.35191361667781274,0.288682216710189,0.24305839468280488,0.2270139134755479,0.17941511169824598,0.10524670366669264,0.043684200178083665,0.01632936845398214,0.18718373694325408,0.5494261203136421,0.6576048634029396,0.6669645940929125,0.7132512204486816,0.720756171615557,0.7109393379334694,0.6691370671571999,0.673006627617023,0.599819855624272,0.5737402028569916,0.5808987563400196,0.550835902695436,0.5108829007618245,0.5012692424333132,0.5009045475264847,0.5895397611363861,0.6288590644918384,0.0,0.0,0.0,0.0,0.0
2025-06-01 17:56:58.706,0,0.0,0.0,0.0,0.0,0.0,0.0,1.2924517583864752,0.7827070995463711,0.4105083434386524,0.07088489855638436,-0.028577410336312115,-0.025853715100262686,0.14213848046484145,0.23428020371765146,0.38116920634004503,0.5422325028839143,0.6903925635345469,0.8107578544424915,0.8878116760174151,0.919433192098111,1.0490574192582494,1.1583688356589372,1.0559878163637844,0.6795173850894776,0.3877722962644444,0.25845059030577355,0.30518156928646545,0.347322790639885,0.48161623374072926,0.6444200549225014,0.7541657724199711,0.8510262840429661,0.5932755707273786,1.0120606261902867,1.051679041520167,1.0836233604082421,1.1088103326923968,1.3221396125788698,1.0265759605221016,0.43387437196251777,0.22746198841878973,0.23036366434946154,0.40917556243342257,0.4524076835387847,0.5238942006098009,0.5195716379529216,0.6114335484619076,0.6631750039310074,0.6495603044160001,0.694399963519572,0.7103020443775366,0.6402172964143256,0.6516781299880778,0.5758979919089007,0.3486515861065222,0.3343777968862,0.3664651029072209,0.40037023831057605,0.46232265646349746,0.994180156010007,0.7908575485139356,0.7706760041192264,0.36556670155141235,0.5129622466560324,0.2867276208209546,0.789974936247886,0.7746766236067419,0.4834783757110468,0.4343188293542727,0.9060588543868904,0.7246564821309915,0.023406944418780773,-0.04825495476488206,0.04294637137272561,0.16846495165102193,0.3063863339632511,0.4574557536825006,0.5777071662439341,0.6748593215017371,0.7850212236238421,0.9066266830351866,0.9979182126942931,1.0948828609268828,1.1579540875207883,1.223716523269757,1.2730850726888132,1.2772863955489908,0.37288351935799297,-0.0742137342362218,0.2858970640447034,0.5127836166267139,0.7309019160145735,0.8985745661048217,0.9852988680048971,1.0323440327704096,1.0854669362819374,0.6798340433448669,1.078038034495062,1.0427531398325436,0.9832297674801144,0.9292759526616269,0.8411152284105967,0.7219903535941319,0.6318643230279027,0.6313808421601356,0.8452349106069184,0.9317801196645348,0.9056164132827711,0.8626045220764242,0.8455131974449466,0.8007191256650166,0.760329352489775,0.7086265236620815,0.6606248101281225,0.6227812111847102,0.5420903772885082,0.4241448134138036,0.23534060975316484,0.22814125288078907,0.6117555525707735,0.8691473124503624,0.9386181031843182,0.8820606576506427,0.7852818996058302,1.1071747183457155,0.6859884102429346,0.686774140833969,0.0,0.0,0.0,0.0,1.0034275885366286,0.5419391910383526,0.8006859213051899,-0.126163648598641,0.4051951765758451,0.7495917301885586,0.7639450419038933,0.737519389579688,0.7418931851942352,0.8230077272123368,0.8596771778562933,0.8626330259373467,0.8350583350100087,0.9333823573293984,0.8895756543201911,0.8557930595082435,0.870509561766313,0.862833662815766,0.8790405194831108,0.9036158231342617,0.35096640062918444,0.3600676241302313,0.3645688504523963,0.47059728696877023,0.6898025361641251,0.903298209435615,1.1468791429732041,1.2393022931735846,1.3149572525584847,0.5339357831610851,1.4511816325663727,1.4309272390026595,1.3744470457252989,1.257081448638925,1.1238201896438544,0.8437384824016186,0.33397062026500524,0.05693742353342568,0.3336699441430889,0.6532460591439906,0.9267716500229572,1.0611239360933753,1.2149248643520356,1.1905368890746504,1.2145837427078576,1.1606790653054087,1.088685905528732,0.9669440202043996,0.8229443315571893,0.7098433667421484,0.5717042300242936,0.47434091363351416,0.28555344496199,0.0577268168087206,0.4106379356718197,0.633025842411768,0.6860515513065938,0.532103493392679,0.6345204858241772,0.5677611337460883,0.617076860442471,0.48333399264829313,0.6934995476056718,0.7896641576678876,0.688460581937209,0.9437598739428079,0.4734936484055954,0.24779686045718347,0.29167136251457654,0.5224297166045392,1.135653527007082,1.0871892035229123,1.0077503625005546,0.8942107686274183,0.7383896719334324,0.5489056678040489,0.41456184049844547,0.25061288066686505,0.22802942518036762,0.16543663271763953,0.11996795182228492,0.05995892146076309,-0.028061698421208647,-0.08418777741466743,-0.05807620138023223,0.4918303453516926,0.8537636944379834,0.8707393824055227,0.9471822765604158,0.8870283562180854,0.7841864112522057,0.671071732170738,0.5156169325044277,0.48865879872376217,0.3688117574640215,0.3142085184719554,0.2695780884612127,0.23903995928386623,0.19994892039999457,0.10649125409857418,0.02574441657982962,-0.0150680478528189,0.17412133397560203,0.5636614635060486,0.671522391930523,0.6933453739188005,0.7578016651462844,0.7777491306863191,0.7499828636013017,0.706232590973308,0.7106004527019971,0.6233334913215771,0.5911790882087968,0.5961002500561567,0.5717889733360692,0.5147563078756165,0.4961577748870127,0.4616807334669907,0.5759216910789483,0.6453109050834296,0.0,0.0,0.0,0.0,0.0
2025-06-01 17:56:58.717,0,0.0,0.0,0.0,0.0,0.0,0.0,1.2861852265405633,0.7793596247280573,0.39172991681736813,0.0958612505295211,-0.0006370812259864911,0.0069510902136965536,0.1745661696118942,0.26223288178703386,0.40348348588611926,0.5709095094676906,0.7102988132627956,0.8261106454943085,0.9026703977513033,0.9345108240793844,1.0576961595865098,1.1678871486319153,1.054662818478661,0.687910044871044,0.4071862851738509,0.28716100258817223,0.3363212442528578,0.3872807503774487,0.5006168616032183,0.6725620345306524,0.7759268989985146,0.8721627850922962,0.6717687998432135,1.0153496684774024,1.0596280322556975,1.0888996673984104,1.1173457650309309,1.338337197095401,1.0331731132649091,0.4591294833541677,0.2798281022403889,0.2609049095880951,0.42844373258122026,0.46486167822529256,0.5376548009293793,0.5630938197101389,0.6535535262695642,0.7066209699103967,0.6592895277017985,0.7033439685139443,0.7336796798253306,0.6321773039696879,0.6550600316229678,0.5858130997697617,0.40738320566524755,0.3662571221795087,0.3988799382840955,0.4504756654245978,0.4982925494147663,0.8767466660692462,0.7671486085910645,0.7122581825860863,0.40433473139615306,0.4019373980965669,0.2657447959712741,0.7815889482977858,0.7367484731963683,0.6603726830288587,0.5182726499447775,0.8780369164370401,0.6407967543963828,0.016897700538979016,-0.008714242054538524,0.07517450516800239,0.20205443146880242,0.3271920627009903,0.48092272601852515,0.5842544474732823,0.6749059021740094,0.7820718592571021,0.9010225529541349,0.9865587949021923,1.0741850090208684,1.1312413956821747,1.1960423378525438,1.2375266987875557,1.234883629893788,0.36367799151224106,-0.011475881804942967,0.3273884195938901,0.5431209377575112,0.7496737984363435,0.9154126043443536,0.9928755386727763,1.0373345866213777,1.087882369181138,0.5909330427163766,1.0712160003900892,1.0350594526766064,0.9742182304022208,0.9179933524691689,0.8342330335421737,0.7067968801976859,0.6680557328057806,0.696354456251176,0.896051686001023,0.9573517944695291,0.9316001998621959,0.8875207094208089,0.8613086270009958,0.8120642051855751,0.7696536910699325,0.7146391864265746,0.6631743540196384,0.6302157293819473,0.5471388808510911,0.4326357511927291,0.23389550035891105,0.24117301249197015,0.644106243658722,0.8994825004521914,0.9575667510753425,0.9060751200178265,0.8387426679017851,1.2009794738346669,0.6728843999423368,0.60159812396284,0.0,0.0,0.0,0.0,0.7636930001481448,0.697659599795601,0.7921866616718255,-0.13725849263390566,0.4150749754413417,0.7608742449993672,0.7820127264802499,0.7553161204265532,0.7713356315937641,0.8504068498852153,0.8885700474600045,0.872655121425713,0.8403132134567062,0.9415058818059276,0.888351045387068,0.8465794496977492,0.8546097025168211,0.8506254320094999,0.8570274049305406,0.8546865108420079,0.3469158891645759,0.3807784042621105,0.3859196958656723,0.49727415215972837,0.7125491653192524,0.9300586006352325,1.1733824256517242,1.2528392829505532,1.3279364802074143,0.5047078563408953,1.4552565596975762,1.4294288207911534,1.373705599089844,1.2500943134802367,1.116994412429396,0.8244917601955439,0.3093451450850453,0.06652307862093843,0.35968549079168655,0.6730022741261759,0.9535524702383715,1.078081766945876,1.231485214827015,1.2025858669211742,1.2212281089774168,1.1739403916338729,1.0923846621854416,0.9646548953800934,0.8232236485177381,0.70489690739001,0.564710987888674,0.4614250361075988,0.274175350434442,0.06825569104321971,0.43680764686602147,0.6519533708213688,0.8029620066018938,0.48484442674640627,0.6750192473788226,0.545748866042216,0.6809852873009519,0.5725235439160377,0.7713843408882826,0.6715481990852807,0.6398606150203066,0.8854439277577317,0.4015170965785877,0.2424237861246003,0.2899998488569998,0.5377508200156932,1.1520757850036425,1.0961571874669902,1.0438149786219904,0.8916325248742725,0.7632314652696957,0.5697732659954537,0.43339091190323975,0.25554260671641904,0.2264916505397554,0.1560694834649694,0.10808603187331967,0.043505071783152105,-0.051591825697343885,-0.08854264812502283,-0.05406909688609246,0.49896956380045604,0.8532976881899658,0.8729629593303685,0.9414139215925706,0.8873434511900273,0.785404549057716,0.6770887406029298,0.5260444622598752,0.5477766262999583,0.3680864868441611,0.317124130036748,0.2724017161232031,0.2403764615008911,0.20397084317731673,0.10413258461127495,0.025171662219440172,-0.017334526466845024,0.1674727739115578,0.5511897477088583,0.6604554324187794,0.6816127863491088,0.7467650067573075,0.7722665938342113,0.7391636067484448,0.7040111825201119,0.7134644462180719,0.6279380162546995,0.5943963638891394,0.6003166025341402,0.5868076833309154,0.5284590648751972,0.5085146401819831,0.46772137505201683,0.5702232490359579,0.6257946364403211,0.0,0.0,0.0,0.0,0.0
2025-06-01 17:56:58.718,0,0.0,0.0,0.0,0.0,0.0,0.0,1.20531113006553,0.744470296892425,0.3699408534031561,0.14037909909768054,0.05701292274044367,0.08326259203225772,0.23423268329997737,0.31138996150944886,0.4337956629317691,0.5907231224081142,0.7186918412137333,0.8192375972516214,0.8914300001167115,0.914411556934512,1.029410756273291,1.1146571032955017,1.0028881564517926,0.6808322795610651,0.45547772652714114,0.35592450610611814,0.40464129612711774,0.47010099777916436,0.5448481469983941,0.7076759355277356,0.8064742272603425,0.879991236107968,0.5524253506180552,0.9962025795863109,1.0401670998983443,1.0618679341996144,1.0714706113731591,1.2672901944232717,0.9646956475391406,0.47909848539332667,0.33163578706346863,0.358900442028959,0.5042374616063059,0.5307429228643104,0.6098739066469048,0.615100011472939,0.6858452512874864,0.7498595495825604,0.667152971903439,0.7149158986289076,0.7432800147245687,0.6162307285693698,0.6294332761968038,0.5557043567090378,0.46539067342332574,0.42886677849894095,0.4684131308080547,0.5384565787053668,0.5764607961833159,0.8046664497459368,0.7538158295668599,0.4137803817211175,0.48279215462599656,0.38627438470120035,0.45114611005172056,0.7243287498174653,0.6837853944236343,0.715867586234192,0.5830034332971363,0.9223836624922566,0.5190338617985069,0.04340140692829092,0.07572428905415929,0.1533301789353394,0.2742954831811055,0.37533081296756077,0.5247202717056962,0.6092902667588798,0.6971491920289521,0.7956020222257583,0.9007751139501019,0.9767561019034072,1.0480450500600367,1.100810429713919,1.157076699869878,1.178454589679736,1.1497524547857878,0.34014939907449576,0.07041315649243207,0.40172002712735466,0.6098391029697292,0.7980851297687119,0.9497225773432763,1.016735255519726,1.054974978624775,1.0961688008769939,0.6600779042807217,1.0629275232667108,1.0233679400730242,0.957303597760567,0.8989503664830164,0.8069315381942876,0.6761159940016286,0.6924821188039196,0.7587152190838736,0.9685313429271867,1.0027361142838338,0.9731390283405623,0.9173941138698896,0.885089456160602,0.8293198495509322,0.7825347950567629,0.721925594284865,0.6737179833938225,0.6384063756838387,0.5552408559148878,0.43961268832098177,0.23989101625547848,0.2463251274669031,0.6607954513074648,0.9128867054725609,0.9689248986804613,0.9200333178324329,0.8484954265291347,0.9666869525572606,0.728206776607216,0.6269264610112644,0.0,0.0,0.0,0.0,0.624138056206245,0.8805696315154785,0.7509496393437348,-0.17013716744138674,0.4064760423798544,0.7551951222631464,0.7836132826349411,0.7643157986576007,0.7899593036328392,0.8722686479228099,0.9152032854097842,0.8923546016587491,0.8588163722886555,0.9573542593181146,0.9041123087979623,0.8513708533277284,0.8578711973704847,0.8485816350636928,0.8457363774906774,0.8213840280907077,0.3226772417829056,0.3815185197641755,0.390768729601382,0.5101095861984741,0.7306928691615571,0.9543722142723454,1.1900282032677034,1.2755910236358134,1.3523930052428141,0.47563663938270345,1.4778616435760799,1.447536331287297,1.3888910541329624,1.2668086063703545,1.1308317265574146,0.8419236216265721,0.31874647234954195,0.03527341955535457,0.3433060981021382,0.6710469197252453,0.9617083416911618,1.0855320531669566,1.242992484977551,1.2209318129550637,1.2400014278158396,1.201459714206961,1.1132459565753545,0.9803179227222899,0.8398878493724061,0.7196218894523354,0.5807874702396373,0.47165410575397415,0.29785942209778077,0.1081273858174697,0.4221628363686766,0.642759256201986,0.7370089325232173,0.5037155003005297,0.6494938694779112,0.3727106865541857,0.7230386498975545,0.6804760945172176,0.6976346675218763,0.5505328660620041,0.4909674605796023,0.9191434396325531,0.33895297414551817,0.276963490355184,0.3207054342451366,0.5707017337872204,1.1907062752976327,1.084079122064137,1.042540432555187,0.8710171977222476,0.7677902611117917,0.5735225370598012,0.4342316719993706,0.2629360929057927,0.21872059115932796,0.1494421376185544,0.11670947819343702,0.05540189035175902,-0.04311503353419821,-0.0765114425767231,-0.026052050045131225,0.507531633478143,0.8423398112204294,0.867269711704902,0.9249824724037022,0.8700129610032128,0.7742199314952991,0.6609410754693725,0.5200154780908621,0.5125461895937786,0.3636468519631595,0.320985803803703,0.28134909505315076,0.25528769197948853,0.21802394589978336,0.13181352923315126,0.05453290292165519,-0.01044794641011787,0.15398110434929757,0.5200152572535253,0.6304153636124842,0.6538606251680565,0.7023132216189265,0.7379185279022398,0.7173539806335847,0.6923386711707524,0.7121534850205264,0.6433040745957175,0.6039330717899649,0.6107659683044793,0.6106405317311631,0.5549918443892066,0.5537386752079336,0.5094115713224404,0.5440521818865461,0.580288488133464,0.0,0.0,0.0,0.0,0.0
2025-06-01 17:56:58.723,0,0.0,0.0,0.0,0.0,0.0,0.0,1.203605574871472,0.759456362602487,0.3951898582522152,0.16704947156262762,0.06890051482002657,0.09901399705536129,0.24153293800808073,0.3233555901009657,0.43532903951929736,0.5875248179787262,0.7170660462248264,0.820659181474659,0.8942196971560183,0.920754943498295,1.0230705304118484,1.1133892096437412,0.9920608605250263,0.6825904099003648,0.46403498741695703,0.3610472666132686,0.4040597517070543,0.48612379754713175,0.5479101984655819,0.700301402055755,0.8012636863453029,0.8715307636073404,0.40541019919454824,0.9862106613293221,1.0269391288134668,1.0554161130802966,1.0624949827245929,1.252067687795936,0.9646104123605961,0.4895309242499033,0.3322843664549444,0.3684015993771106,0.5283594004082341,0.5367512838481436,0.6375762622688934,0.6331116446868492,0.6689288689165696,0.7448420959917541,0.6634149478466114,0.7114296660876264,0.7387256385205906,0.6110797550623213,0.620344370163801,0.5347347627201637,0.46305155414708776,0.4284481945933728,0.4737991429309222,0.5357080841063504,0.5722410264409776,0.8447806135904825,0.6225830090984665,0.19692578829156898,0.48457348187687876,0.308191786872117,0.6311520156227529,0.7157142501480435,0.6301817679280346,0.8105790028598968,0.6502848514102557,0.9171047985514389,0.53220495130725,0.07387745015873182,0.07610313921444445,0.13808580591095665,0.28078209733568515,0.37373153582494445,0.5243358644972529,0.6116361134010531,0.7036797219399455,0.814452704633466,0.9115093681909345,0.9775782867032332,1.0522803590294818,1.1101958799508067,1.1609296406266376,1.1783751067079535,1.1395832444741298,0.348267059562886,0.061909661314438647,0.39746595309980304,0.615942391310913,0.7974225244505877,0.9525553329842698,1.0187869629939121,1.062314294659278,1.0981314358737875,0.7050182745723066,1.062675118294811,1.0306969650851712,0.9597459286461764,0.9013391455057401,0.8071464440271976,0.6765315503291395,0.6717275206963637,0.7485605420219276,0.9806466764922019,1.0040751028432136,0.9713827077508983,0.9219438228466326,0.8876785125654081,0.8252731465252001,0.7786796395906628,0.7185694877832103,0.6837033307570428,0.633453091123138,0.5585628518612926,0.4430511275696126,0.24190155994753615,0.22978957328615995,0.6461588141488588,0.8976101126195424,0.9610549703242801,0.9162934977242363,0.8625945488086038,0.8055292617453529,0.5992418781454747,0.5944529914084633,0.0,0.0,0.0,0.0,0.5589104732176112,0.950925245103605,0.6206589560900203,-0.16873020761646051,0.4032496673441042,0.7478273459281589,0.7798813294600762,0.7609011622748542,0.7829056155808298,0.8690793186303207,0.914691274137053,0.8958618721110994,0.8608257728046764,0.9513652525845733,0.8954916807845743,0.8496126871433234,0.8568698675264552,0.8470838753919965,0.8450610992328234,0.80898121038979,0.3283943550162323,0.3858834959955686,0.3890454780697392,0.5090610742801507,0.7380527096306684,0.9559480236195519,1.182850056194562,1.2794821561087064,1.3562834980545329,0.5107544531688224,1.4729761825050844,1.4518695652150861,1.393524361346073,1.2668323636700518,1.1328163422753754,0.8582908791566587,0.34400916921660657,0.03832195115587922,0.3343637474497799,0.6680150151296864,0.9490990461569586,1.0849316382874459,1.239911877315473,1.219152742607985,1.2472381144927702,1.203020437190459,1.118073683724957,0.9775934605083866,0.8442941462891672,0.7243633984082689,0.5831127335239688,0.4756797898252647,0.3088211496912711,0.1396531672836961,0.43408993964178944,0.638380510496782,0.5874891097448907,0.470131816076093,0.6154933948479417,0.2915124355489296,0.7290436596440488,0.7284596329391451,0.5561855813723904,0.5181637069942566,0.5171622469045951,0.8738154883212439,0.3393277241978081,0.29080545912649286,0.336240084665306,0.6064837182726038,1.2237165006049888,1.0788284311571334,1.045869468890781,0.8546144572881378,0.7629749763158433,0.5554320050771655,0.4040267922296301,0.256507099766464,0.21222542121710775,0.13432325982721038,0.10649599887400374,0.05794917704291802,-0.036644017581558774,-0.06274983000585882,0.019972942863712928,0.5460515415940601,0.8702235652340096,0.8774293014224996,0.9374095234058742,0.8626490503917041,0.758361106492675,0.6362212378928673,0.4992754781798434,0.5219560182133819,0.33316593076667234,0.29165549578962935,0.2495529435374486,0.2235452940510051,0.1756091164802137,0.10287404487068652,0.034865500949599115,0.025589709257230864,0.21225095123251148,0.5466839999491839,0.6403419475589428,0.6709713124291188,0.7030556011714499,0.7252307569187364,0.6966061868811475,0.6610691924473027,0.6787470338524015,0.6150131199043136,0.583668170334237,0.5724844463118461,0.5697783816216121,0.5201547866640721,0.5534024898973391,0.5479022602474771,0.5665621888343325,0.6069218549602817,0.0,0.0,0.0,0.0,0.0
2025-06-01 17:56:58.725,0,0.0,0.0,0.0,0.0,0.0,0.0,1.260951758439729,0.8132933476321728,0.43805117425024576,0.17699160609660902,0.04931342542203487,0.07708525092750274,0.2084229091923494,0.3154696810528246,0.4213195180127004,0.5806760092852079,0.7237833292030313,0.8389710821762099,0.9074341747130903,0.949577605885889,1.0414464946465896,1.1520093515751286,1.0216003535264007,0.7131319645947491,0.45082348325083654,0.33084839329329185,0.3661935455014529,0.45074749234255185,0.5219904929727845,0.6778044477065066,0.7829463696356775,0.8717897860891182,0.2912615661435971,0.998590936397218,1.039503679421146,1.082834379362102,1.1080630348465355,1.2925710740393646,1.0172694585273219,0.5147745607318773,0.31028650049778983,0.31774194387501464,0.46239146601471703,0.5127037716876008,0.6326674296658188,0.6437482416919595,0.6478757597416251,0.745567740088884,0.6605245531305892,0.7161683583967039,0.7605012544376805,0.6362656828453455,0.6128574185637972,0.5813094796470057,0.43919208105887264,0.4097658115276748,0.44478937416151376,0.5057632212391763,0.5349086362633544,0.9047209917134404,0.5568327710829252,0.15392914461026203,0.4982406764688293,0.27519436607349956,0.719400121424825,0.6713909529724905,0.5457074968905709,0.8634756783256027,0.6432176839885867,0.9180362593654261,0.600219141999714,0.08972179101268488,0.03165062187893264,0.09112784997123602,0.25929201614926956,0.34825890266670356,0.5054565206280657,0.5990972205045335,0.6970682735177658,0.825828363648351,0.9134808932964507,0.9786612800681516,1.0710750998668956,1.1329414082743172,1.1847792105764414,1.2089554539413228,1.1692318992021602,0.3841257339645178,0.01752042281767474,0.35125704271482094,0.5847027466430204,0.7755760193846857,0.9312788497807949,1.011025469406945,1.0660729113765344,1.1023415905974463,0.7961906801901686,1.0760119937908466,1.0459887893010023,0.9822355979285414,0.9161544339573681,0.8288897744776695,0.7071455150862281,0.6601815322710005,0.7189659180425158,0.9551040352041156,0.984053721269073,0.9565094138469956,0.9221941602778505,0.8880388307703599,0.8252515653907202,0.780625357760701,0.7216112456197439,0.6970798763673829,0.6387728654701608,0.5681570524047619,0.45369734220273983,0.25787227101417365,0.2315995374644479,0.6381071819463855,0.8759596336435853,0.950665719570704,0.9103644896372547,0.7764615960598888,0.6716741131241464,0.3645683829975543,0.6039763214409632,0.0,0.0,0.0,0.0,0.5970925869090551,0.9527594828332253,0.6447862088353428,-0.15737799114225143,0.40031808324040413,0.7440131531880767,0.7765658382260823,0.7573620904743618,0.7743859686142964,0.855506040977027,0.8912350230100508,0.8785479613435756,0.8383869247320823,0.9269480435216235,0.8551178076101285,0.8243145076771858,0.8339028597755658,0.8223744728942644,0.817470042428202,0.7686965276210769,0.3345425191173573,0.39699189745861685,0.3996113346575674,0.5101074151540721,0.739249238683853,0.9426652512946214,1.1646926904873411,1.2675786815463426,1.3305406763494354,0.5002998089016342,1.4424785465599852,1.427169225013122,1.3715587423527056,1.2345829339992052,1.1066533941547618,0.8379156238420133,0.3309099584448225,0.07789044199043882,0.35105181757914894,0.6853522171208379,0.9536574483256564,1.0853217602767644,1.2282196118309323,1.209843562092556,1.2301408384975243,1.1806529178136644,1.0952462127847653,0.9543541303926671,0.8224225510163999,0.6989006633310946,0.5677003354645148,0.4561584898835336,0.2945373016428297,0.17393436333464588,0.47905768992590547,0.6687591173917947,0.5846523902341537,0.49301271463813867,0.5852033781041039,0.3617553109511915,0.6702883011220226,0.7945232856221668,0.5599944405168846,0.5633926196642378,0.5504914699042673,0.7926961812109827,0.4302693149880674,0.2695699592164022,0.33341918819874933,0.6387127558254606,1.2866822457515603,1.1012159435083642,1.0913699240825103,0.846152473672191,0.7642032089021471,0.5461348921083089,0.3583759035764873,0.23957060994724988,0.19234812352491515,0.10233879714757155,0.07272355002950714,0.02875420302630005,-0.06623021019930031,-0.07839519069469358,0.07597758639149393,0.6162622000934836,0.9217591216631495,0.904892287387723,0.9727219931194008,0.8931156560008537,0.7527642027197943,0.6256111220642089,0.48808951193309125,0.6016616229031603,0.3105922696363568,0.2543613959531137,0.19178518996593197,0.17407847256404618,0.10567753664798174,0.040074024665863184,-0.015803523592740176,0.0649829000684144,0.3001430894570123,0.6065186579282564,0.6792515290096636,0.7168567087797346,0.7418880086776753,0.7212180774130519,0.689990258663411,0.6383708128763359,0.640768988435328,0.5727702837288224,0.5493024757239684,0.5190070343407833,0.5015984491880737,0.464531686746565,0.5173426666403258,0.5689252979741818,0.6427108323385008,0.6956882175657468,0.0,0.0,0.0,0.0,0.0
2025-06-01 17:56:58.729,0,0.0,0.0,0.0,0.0,0.0,0.0,1.3155942941206202,0.8624492891478368,0.4826424840092274,0.18757456969044473,0.022600617096263265,0.039422315487700366,0.1740935475314277,0.2991887676382998,0.40389951088816345,0.5657524237750104,0.7216100131623424,0.8522119216319134,0.9167111519548821,0.968566674494938,1.0667496258266724,1.1898058026886122,1.0519739201203984,0.7462427573499033,0.445208832625163,0.2941590209519863,0.31298079560375824,0.40572913683296696,0.4867160614134536,0.6534684393145496,0.7690145804287933,0.8716684281105618,0.23676744045446618,1.0092083569217087,1.0593990553654893,1.1147518831379686,1.14365447341608,1.3474109669170606,1.072187512371219,0.5385575406803833,0.28496937000414735,0.2853430576857827,0.4098984303309954,0.48967595364776395,0.6077153750664424,0.6327791462248371,0.6341709439237859,0.751386238378142,0.67057344178363,0.716513147394292,0.7942172330667788,0.6737293413404637,0.6128765770111096,0.6449610576024067,0.4276232849575923,0.3988686259496004,0.4110321214290418,0.48176602352329456,0.5040040556354617,0.9496467327417684,0.5251006378037917,0.2005415494268491,0.3955251663236562,0.32883990452969947,0.9120142289476312,0.6098527770036704,0.4722306624073533,0.98673092456795,0.5920508606012269,0.8388494848031576,0.692667417741063,0.11223241877460313,-0.01357833949927656,0.04391802099431441,0.23277928792991132,0.31858556601543064,0.4884043383579375,0.5834237736743233,0.6995900743402068,0.8365726032613656,0.9211259692193592,0.9913329867176959,1.0957598732011093,1.1625622377440958,1.220657767978015,1.2479690786720399,1.229650936541007,0.4357391201813761,-0.03059738874294282,0.3031762904572157,0.5419865923875218,0.7546326184956962,0.9092582816900299,1.0071566805828747,1.0696306048832551,1.1094136354787854,0.9040396561595785,1.0972011790919705,1.0630585995874378,1.0062559945146998,0.9362979959397565,0.8549258086016043,0.740770497814651,0.6599623118445266,0.6898672900614492,0.9221830207428199,0.9649782020758837,0.9522288575921236,0.9256213708920147,0.8896068602387444,0.8361229326290407,0.7906419866258882,0.7341571082362583,0.7133970583600802,0.6573267723214071,0.5834498554052845,0.4662044164675384,0.2785015319218054,0.24512054537990774,0.6298205512880551,0.8587035776300571,0.9439647107789197,0.9040886105739421,0.6667900046372774,0.6748267340675227,0.3970799055594501,0.6039241420113387,0.0,0.0,0.0,0.0,0.612838885097846,0.8625501395841082,0.6485846222683826,-0.15639541763387177,0.4039711568106941,0.7366156560540488,0.7727277807405029,0.7593953810547979,0.7708110617726935,0.8493637276298671,0.8807179378068093,0.8776066259119069,0.8358300441367961,0.915837920753964,0.833858511493689,0.8127371845373708,0.8253642272801875,0.8083687767989904,0.7953429960053395,0.7497631613693496,0.33516568520706885,0.4066424565221529,0.4136375332559932,0.5159342226333823,0.749896307290417,0.9382320580555907,1.1592262934234028,1.2602379989433865,1.3166632432847842,0.5159277066314654,1.4207386030695646,1.4082731033291607,1.3499846444454,1.204400621175754,1.0780434014829865,0.8134751739631795,0.3106254925732656,0.12201361007630429,0.3776681704421797,0.7114595542695876,0.9758736651237103,1.1021576162378464,1.2369577187880982,1.2153210633855405,1.215955775071207,1.1637330598605162,1.0752861615728695,0.9365540494808756,0.8082421214977561,0.6734858168430924,0.5484664515818365,0.43439565697650484,0.27312206214913304,0.20742046411927997,0.5236589657437383,0.7067786137559106,0.5978857142268121,0.5668301649173934,0.5201484665921806,0.45379878133169593,0.60735568938642,0.8501111689785993,0.5649908303091613,0.5515227198650574,0.5778531445945971,0.7982595267319617,0.4438049290066821,0.23799538314028484,0.3308199435831272,0.6644399529261795,1.3641171516402615,1.136867728865742,1.1334177524736249,0.8632288043437164,0.7665598241733733,0.5572012799132562,0.34222000310227285,0.23054605766772984,0.1620071123468816,0.0739113786182326,0.03524783893902006,-0.010470738067835828,-0.0862372507823651,-0.10110211780846429,0.11844275467912185,0.6557077071883952,0.968327467273401,0.9408421149117907,1.0133863152573706,0.942453447328208,0.7677492097504817,0.6326804210748114,0.48080956549192977,0.699860595071229,0.2964223205774865,0.22761259466393646,0.14763641096768798,0.13404344670998591,0.055742338173980444,-0.01425970488608419,-0.05373321629331956,0.09718779239936826,0.3801977654985874,0.6613824195137066,0.731135134958499,0.7692967606884853,0.7751135603866395,0.729026001412628,0.7036023501934352,0.635668639762083,0.6208207205922036,0.5528735687094055,0.522386629102128,0.47853222089908365,0.44215757976327363,0.4140827606591211,0.47303266920147186,0.594763346671793,0.71353344946108,0.7886895516399004,0.0,0.0,0.0,0.0,0.0
2025-06-01 17:56:58.731,0,0.0,0.0,0.0,0.0,0.0,0.0,1.3354460136933584,0.8815934592852308,0.5116055992085978,0.18113209470499803,0.014087319660109232,0.013532504810760515,0.1528083031929034,0.2825865630102553,0.39492881806671687,0.5449865045404789,0.7089079478655662,0.847973126863237,0.915833653236809,0.9723394791889611,1.0734843494840032,1.2045160157202401,1.0535377145738978,0.7518136205006312,0.42620567352523786,0.2642867252054154,0.2840459934021389,0.3749491346830838,0.47173893921266496,0.6428925968400971,0.7616061216896055,0.8653903635504341,0.22999120669100237,1.0142991859435209,1.0685226933639458,1.1250442534328164,1.1535182247328364,1.370897986051363,1.1070206802047466,0.5359638011549548,0.2724542869821529,0.2622247979362189,0.40385737961956725,0.4886027750687698,0.6169791387945431,0.6178657316964336,0.640535804291753,0.7618466283379124,0.6877458915678603,0.7093703300109394,0.7827201909762592,0.6850459988967084,0.6380282621955758,0.6560135097014779,0.3985694020450372,0.3959006790864671,0.3893195239360412,0.45707376453301296,0.4919841394072084,0.9874442594812602,0.535632482678759,0.3444434348163485,0.2986627232442154,0.31112874887231023,1.0223219944270046,0.7120627438881928,0.48807371456572285,0.9518888454561071,0.5861396717012783,0.7694065517439289,0.767299429303367,0.11545066534805146,-0.04723898814120009,0.008528073832143823,0.20663069090014763,0.3053567840388536,0.4804370145283656,0.5801793105106452,0.7122684266279984,0.8473741531188947,0.9359996587193209,1.0125980627855462,1.1233575395222908,1.1983405439119477,1.2504750448038495,1.2877393443523784,1.2843263956015498,0.4495190275953989,-0.0841533735610761,0.2688463943936745,0.5160209874162729,0.7433741733013044,0.9043667188165125,1.0091325459557456,1.076802920665335,1.12061396586154,0.8738586346556336,1.1150881730947309,1.0779111871049984,1.028071519001637,0.9587922790260864,0.8736850388530457,0.762825043947035,0.6418222476428417,0.6461712270111907,0.8919745097306975,0.953938588476934,0.945925050985365,0.9249395380231895,0.8975284218597159,0.8442796256351728,0.8025321010574105,0.7490622912482734,0.7298568140718384,0.6735403957731552,0.5968470875989271,0.48032269706223907,0.29323551660088887,0.24764723180480602,0.6112260697618249,0.83993133707949,0.939247055413732,0.8955434752005671,0.5759391131277158,0.7047400361863672,0.46200140761246017,0.5547756140689742,0.0,0.0,0.0,0.0,0.6102166926724567,0.7690826156094717,0.4477448574356252,-0.17130385320404706,0.39874957918953063,0.7284493705859235,0.7661497268806663,0.7578991583118241,0.7703738974183929,0.854994911069922,0.8893181598189139,0.8994082429267931,0.8560463322378711,0.9299344015738273,0.8526150897363776,0.8337919369372566,0.8445559001155407,0.8256701504855717,0.8090913102970125,0.7736435815339475,0.3314976361719769,0.3985631864917004,0.40721612700814314,0.5183071104300228,0.7505175535413244,0.9378900103008938,1.1630761732495327,1.2618315536439677,1.3257311210810963,0.5643480268493359,1.4273103458317289,1.4132441085917256,1.3575674300899256,1.2074962515856655,1.0804402004615377,0.8225432447983415,0.3165056525558856,0.1262377148636541,0.3773462783691107,0.7085810108628694,0.9826121941073644,1.1130414408406522,1.244186597001137,1.2254369795754643,1.2237385534305831,1.1653249141128361,1.082046394042262,0.9401425528319803,0.8133857710605993,0.6733045000462285,0.5482777776138182,0.4321133141903769,0.26694351832411733,0.217518695541824,0.5350950147856642,0.7169952742485192,0.41673253965267676,0.5533500395116617,0.48509608370602786,0.5530138472078718,0.6435993295764952,0.7535895731870533,0.4991815801404292,0.4986443831454374,0.5814408395540949,0.8384890592733414,0.44622728763373376,0.23329922218688443,0.339697898445768,0.6811804178299719,1.4138491429236473,1.1440770487106766,1.1477145162021611,0.8853276191904849,0.7600851765226666,0.5662624590795184,0.3478353146346791,0.2349899492344878,0.15261885354019578,0.07050873958373427,0.021407494055495246,-0.035467648054105405,-0.07932598031921234,-0.1026178157654446,0.13882278874165815,0.673238226254643,0.9859679822563534,0.9611322790340335,1.0382181125245324,0.9644510900912191,0.7804284946706348,0.6439578992386392,0.4780257227529596,0.7104757138674048,0.290683671256442,0.21362888980548855,0.1382324531499286,0.11099703094800561,0.03581499053376902,-0.03696052234044789,-0.075932897498448,0.11310918144488302,0.4363299461442386,0.6826715961504037,0.7607724388901617,0.8018873912711464,0.8151487558247128,0.754969041692124,0.7189359151490851,0.6441283296257763,0.6207200759475491,0.5575986056009234,0.5150050137652702,0.4662377951903325,0.40900634055440366,0.3919572550396525,0.4421767866292556,0.6036006294660113,0.7412781856133194,0.8294489598766317,0.0,0.0,0.0,0.0,0.0
2025-06-01 17:56:58.736,0,0.0,0.0,0.0,0.0,0.0,0.0,1.405675482305058,0.928034521462513,0.5429921794851363,0.16808801939336016,-0.014862456706251748,-0.03318277958289639,0.10820418248565444,0.24101713475570108,0.38619744358341423,0.5314556231164556,0.7055134729681674,0.8584216703250757,0.9387084394585323,0.9992914318553175,1.1099841571005329,1.2410347585665746,1.0866764616169275,0.7593062149585217,0.3787017619163676,0.21018671873142958,0.24182514278966694,0.33074829168374276,0.4436671303961919,0.6323507663705787,0.7608966483749153,0.8703399824987621,0.3331020185916951,1.039728518511644,1.1016705754386527,1.1655840913163622,1.2041769319952138,1.4443033057275239,1.1969049725173093,0.5262978390758928,0.24114920699821363,0.20468477737595103,0.362813628095739,0.48172919099672473,0.6091502315740427,0.6117391255206774,0.650755311409613,0.771284271040112,0.7121410347713109,0.7090333467526352,0.7767595984384842,0.7129904712900179,0.6698535052068798,0.6879297848016381,0.3735843156294244,0.3538690293802211,0.32664520540500797,0.3985883227267919,0.44871329370306,0.8050703051809083,0.544312443863087,0.5390275854356821,0.398495623913219,0.2858175576808657,0.9195383791793874,0.8054748787538559,0.5088492676591438,0.9136591542666112,0.6708616744574805,0.8055230963673157,0.8750746007976582,0.10629363135406314,-0.11132116528732916,-0.057500545256214286,0.14402946472636824,0.2718111061001447,0.45075242731787246,0.5627443670022523,0.6991858670784035,0.8314287131435258,0.9401818610892392,1.0297067649864826,1.1512906733781199,1.2290695256552524,1.2850771968628272,1.3410865080425234,1.3663720868964007,0.48242363988480436,-0.16432529777743088,0.19580021463660624,0.45415896816111045,0.7024602140448806,0.8820423527897754,0.995820426844515,1.0650637125489846,1.1237445013948755,0.7354195443146645,1.1280897268962786,1.0905909349544172,1.0494016690023855,0.9855411506340964,0.9015202458710725,0.7904666388613172,0.6199397343393633,0.5899454216460646,0.8408009030933155,0.9219856470780472,0.925555039570918,0.9151548293383824,0.8972083912156426,0.8499345151448892,0.8103709415467677,0.7608848926796634,0.7353803400391807,0.687649900578688,0.611181352938337,0.49086132247702674,0.29922590033678065,0.24976102438016617,0.5897398145620963,0.8319623297831596,0.9351343817818687,0.899297417982627,0.5166812726451453,0.7225741662594891,0.43584074071998274,0.40369176463271383,0.0,0.0,0.0,0.0,0.5343574478327058,0.7169633042600194,0.32152906376473955,-0.1674518815677702,0.4104382201871614,0.7361553248170006,0.7685451341294227,0.7632461034564902,0.7868426703284765,0.8760580228893244,0.9096507850142381,0.9275781852952032,0.8700150187719786,0.9524903022387523,0.8764288938885683,0.8555303229038624,0.8555725974083102,0.8398014734200185,0.8226546499384946,0.7949992560950856,0.3395685639379315,0.4052477993688727,0.41179548548277944,0.5365059941245385,0.7661737889134821,0.9574197092705927,1.176423708795272,1.2637595253453051,1.3393328048202002,0.5449487006644025,1.4325879743780803,1.4106740013005479,1.3532672852984422,1.203419945773744,1.071171639942193,0.8036644737837821,0.29200952296441374,0.16290853078177547,0.4167606444180706,0.7304698012993791,1.0224108663370641,1.1451211110047803,1.2611794635022666,1.2465613490114202,1.2418092848895728,1.1785371548890136,1.0771118994335747,0.9440815105713322,0.8040912225614855,0.6635772201322363,0.5369515792723714,0.4111103386202347,0.2330407160306353,0.20710771997439906,0.5849897623883279,0.7720174560079968,0.342277480244325,0.5428340701863048,0.6302633589697978,0.688031872933437,0.7731119970187312,0.6206561645069251,0.4835558586578104,0.5059624141961396,0.5605863257308532,0.7015068260136976,0.4500511647916495,0.20877119209239875,0.32682977819708453,0.6820890316548309,1.468263825766104,1.1723498665570677,1.2007770974383383,0.9229234588465576,0.7716026995132601,0.5867657318338297,0.3758653084704795,0.238599390830043,0.1628299258703696,0.0708255652987575,0.0027871007369336676,-0.06344428358181253,-0.10304627298609759,-0.12020348925144608,0.13915010519353704,0.7179820452447132,1.021204143691768,0.9958618077992087,1.0799713072160788,0.9970727778948667,0.8133029159996648,0.6769127822888674,0.4943897843807401,0.8283482779153727,0.29184985055778045,0.19340678315359283,0.1175416147562871,0.07197404215650438,-0.011392035976941495,-0.08338636573013025,-0.1277383043373574,0.1164327857086454,0.5095873902717887,0.732223534079613,0.8204283345262767,0.8643082731761327,0.8942611223483365,0.822594614883593,0.7486710262976755,0.6668960046393246,0.6309320750730982,0.5434698661076434,0.49994602908750263,0.4406401932232076,0.36478203897261363,0.34465510696726465,0.380145920698496,0.5770383721716296,0.7718640020449447,0.8931626018271124,0.0,0.0,0.0,0.0,0.0
2025-06-01 17:56:58.739,0,0.0,0.0,0.0,0.0,0.0,0.0,1.4036777809943748,0.9084466822061996,0.5190054739467291,0.15840999757369367,-0.017231781513126876,-0.04064860507562551,0.10476785746498052,0.22840908991050268,0.3865677638789663,0.5267188536646756,0.701123842987857,0.8559800759202335,0.9379377550616548,0.9863502195217825,1.1082717249915426,1.2145727155608907,1.0828256753519343,0.7559240496414599,0.3727381077662665,0.21874186201496582,0.2532589882978211,0.3347645690728114,0.4507661147700921,0.6405447240545885,0.7676466000029689,0.8744343402442742,0.4283935232967039,1.0361976610849246,1.102638981882543,1.1574047766108584,1.2053459787723988,1.426690202037694,1.2070938261490392,0.5290958544469211,0.25975074928740516,0.2353982753819288,0.3587993927243385,0.4961895881655567,0.5943803066089652,0.6214947818368837,0.6489942420294064,0.7637656477253536,0.7233032078420218,0.693045585973265,0.7550784524847426,0.7128145083920774,0.6551689291201578,0.6827145085726685,0.3887832755992052,0.3771773059278373,0.3120914815602286,0.3998630004353838,0.4491670345774741,0.7125119960602466,0.5462518175611774,0.6902871371246742,0.4393968859083518,0.3683399592247292,0.8486383760544807,0.7877960506327003,0.49802288734149164,0.8419563945654654,0.6225452767687496,0.9238738603206991,0.8684000021027911,0.10038557261005057,-0.10263871342702069,-0.055372845264372916,0.13223325987536216,0.26593706328926947,0.4434590724757066,0.554547884887423,0.6830778639960349,0.8070743685412731,0.9238007115936882,1.0213102520770154,1.139039488822894,1.2153099967278975,1.27596452994691,1.331673548110862,1.3602526945956694,0.4766368897632682,-0.1675813675631539,0.1920667771103295,0.44141319803215007,0.692083520736271,0.87783155808,0.9931021589461051,1.0473194446387337,1.1131599606903035,0.6703234130871214,1.1200610937038544,1.0781175072541358,1.035665924467076,0.9753210149564299,0.8896149768262707,0.7724172271068773,0.6236496761246569,0.5910561511116937,0.8358535882611466,0.9225904450274929,0.9269496825083234,0.9101698151189168,0.8903453781686963,0.8496869341976332,0.8097185954559729,0.7610932891485875,0.7260924823125874,0.6880500984381888,0.6088014371219228,0.4816821397144667,0.2919928027557046,0.24622150922456137,0.5813660589485106,0.8369237925170967,0.9321138207870254,0.904840362539735,0.4695122071120968,0.6786763609909283,0.4820010157424101,0.36216237501641724,0.0,0.0,0.0,0.0,0.46088576862268615,0.6310025507230739,0.319866151656662,-0.16562096489352007,0.41033078731312017,0.7373459702657372,0.7640040070500362,0.7649733495559866,0.7898810676835728,0.8804350539843318,0.915608683161512,0.9354769340778306,0.8788239463463912,0.9719386573055737,0.8943102823625169,0.8703718017800006,0.870691621820042,0.8539906992663506,0.8398417504871063,0.822301153585008,0.3453228480135535,0.40543250147038035,0.408110971238691,0.5319878673414311,0.7585923021651337,0.9547718697348677,1.1743335738976892,1.2515518149208809,1.3388210912444507,0.47967398579682835,1.4421935063861748,1.4198318815796802,1.358875022978632,1.2219560419910556,1.0842678177754081,0.8142055596695414,0.30626916769266366,0.158852873107584,0.41082620688083515,0.7101311622075261,1.0115958906212388,1.1375641264153125,1.2485113444359843,1.2405649834587014,1.242248991788323,1.1803436151841118,1.0722384031665264,0.9519152457659624,0.8079040412072437,0.67167330169428,0.5495952497409442,0.41920931178019494,0.23710187743209615,0.20255711281749078,0.5584096719808275,0.761329180180995,0.3771033166062272,0.5644520516056192,0.7279303780691838,0.7162305497169971,0.9400491099968165,0.5712745433551296,0.49586081864439385,0.46275821712004833,0.46720101248368584,0.6044626208019962,0.43443121175372945,0.20717274483217624,0.32407930623136766,0.6646310956421314,1.422464501074782,1.1464743171702096,1.1713414219766585,0.9108969038954204,0.7303744750284025,0.576808954527765,0.38410089923580193,0.24831589948178912,0.17659191513172412,0.08333896272625219,0.012234145316275757,-0.05969795914046294,-0.10195889098748812,-0.11633523812908364,0.11853959079716475,0.6814349801207678,0.9940132623438256,0.9699401956807145,1.0314054121888265,0.9694217685172057,0.7926089675063057,0.6856578949696714,0.5048436266503373,0.830559986710718,0.30774309114304366,0.20598202870890714,0.13416388461166218,0.09323410549288391,0.014943458856990666,-0.06018939080936603,-0.10632154399208643,0.10553202573986659,0.45945167863917136,0.7020364567272677,0.8068007860821614,0.8497967282303565,0.880206800115249,0.8318530285143715,0.751550671878189,0.6838807698147515,0.6553918687863698,0.5579759692969366,0.5127259194334164,0.46791529845712554,0.3966924178432548,0.3698859911803677,0.3886412954769695,0.5692260316231617,0.7396562141783775,0.8614279392870015,0.0,0.0,0.0,0.0,0.0
2025-06-01 17:56:58.744,0,0.0,0.0,0.0,0.0,0.0,0.0,1.3839840878930751,0.883404961805152,0.4984079228410645,0.15398414553901607,-0.012459812104270163,-0.033188829967592426,0.11632728736155828,0.2287218063880776,0.3942259558653717,0.527769321541077,0.6919772179047992,0.83887105458623,0.9320119978580335,0.971234405998212,1.094043549500309,1.1936410652549594,1.0768042846445414,0.7464767049642849,0.37836753890625896,0.23347360264034778,0.2665009522949173,0.3472133056335729,0.4590639743059539,0.6398331058590947,0.7671726918311119,0.8664324613403713,0.5178674753705856,1.0121652560293195,1.0790985610770438,1.1272277466805465,1.167542248926378,1.3813194285512953,1.1803391074721934,0.525958030530937,0.2779587744986799,0.29139775728808237,0.38707026697485003,0.4948305914487998,0.5647660440216391,0.5997876469503793,0.6354940911116393,0.7384416872257373,0.7145100976488752,0.6685058735143307,0.7187701580988982,0.6966387575337556,0.6450531978590156,0.6354657375938046,0.4180369399184104,0.40054132813650156,0.31078390096499975,0.3834503974369339,0.44348367362047947,0.7305201024495374,0.523289796982216,0.870844295651455,0.46048339867115895,0.40911315264950776,0.8732637317378706,0.6856471560794564,0.46245403855245354,0.7345227582274668,0.6355205408510303,0.8575760452223133,0.855027927563341,0.1159604965920861,-0.09034589781720881,-0.05342922283770912,0.12038110598328733,0.2627026812359876,0.44338027595707064,0.5498874818359243,0.6708241743341501,0.7879000340822158,0.9125743158966901,1.0186214169959862,1.1201519835010907,1.1981898618274622,1.2636461528345508,1.3180938909990387,1.3501840809584538,0.46962640103923853,-0.13949574243676133,0.20476895097221504,0.4498797344265939,0.6956068955964885,0.8863265566793275,0.9951004358789484,1.0339012235655822,1.1039282884192516,0.6279442523395264,1.1056614506842461,1.059410423372062,1.0147285863238293,0.9576965884622811,0.8713493587152699,0.7429332672343397,0.6239351586493179,0.6103535069498728,0.8479950098602904,0.9294031014592583,0.9300507244280822,0.9005450227109264,0.8763168124846441,0.8401765005573791,0.7997159889732319,0.7518655596884858,0.7086620283786871,0.675816418052126,0.5962593740939952,0.4625256498573337,0.2749599493383361,0.22790540599548798,0.5690778080952753,0.8431752998603701,0.9264971958957045,0.8993955967234055,0.5102122009050205,0.575872751437636,0.5565092301545789,0.35285668187040253,0.0,0.0,0.0,0.0,0.3122868853678291,0.4444958385003,0.30865825484479403,-0.1570334361451335,0.40445817084398755,0.7326850381484534,0.7588289191496043,0.7595839307568694,0.7831306349394074,0.8717787624427766,0.9213796982950568,0.9321565988427545,0.8863656287472601,0.992382623339755,0.9188985508138661,0.8851177431373989,0.8911915089312923,0.875310016233158,0.875878016757961,0.8860788503976165,0.3564886936811235,0.39673886425660065,0.38961737692888665,0.5144281802047117,0.7390940961684904,0.9457392887589076,1.1694494932337092,1.2418327714854513,1.344085389931389,0.4748725716409777,1.457109444876747,1.4422089426238967,1.3826593177262925,1.2545170452437375,1.1153652172612947,0.851771927954402,0.3612594765090346,0.12631041083212724,0.37473374089642875,0.6722505525908469,0.9724635568721354,1.103923573176145,1.2268970727592277,1.2159832685058032,1.241773491432438,1.1841335329387426,1.0806090970342384,0.9666034649889216,0.8277184027459558,0.6950151930626942,0.571263504163404,0.4443430981942712,0.2634349504739878,0.19284550870490513,0.5020942030750901,0.7049506272415379,0.3802460182620623,0.5082382827880625,0.5955140416514358,0.660648038193474,1.0475750119295408,0.46986194114323765,0.4081856942607425,0.48910510518274636,0.44175160369609134,0.4842078695976286,0.3230683610336602,0.22567164700397507,0.32868576591064064,0.6427306268583507,1.328585143482494,1.1042326672700842,1.0996754140639982,0.8859100540738245,0.6970866776338649,0.5533365225379434,0.3855639845509835,0.2593863140904009,0.19711351911307484,0.10006362642206268,0.04001180244264213,-0.0445545828537236,-0.0674044506162349,-0.09436631720875371,0.0790381614223366,0.6032629855470775,0.9356085929252612,0.9142950265655292,0.9479915793086001,0.8975900391645613,0.7582702283074636,0.6584797279642973,0.48811902585595646,0.7290774747267235,0.3100424063930458,0.22191316127064797,0.16557316175662184,0.13404592639530455,0.07155605391699649,-0.004880473264034957,-0.05799755198783929,0.08503834065572335,0.3710994511167861,0.6348977195506009,0.7530323990201583,0.7861932675812706,0.8175186584291589,0.7932150079950433,0.7194631908433022,0.6681274875263497,0.6694859163388047,0.5745768429367797,0.5285497711537708,0.4941155913164499,0.44103068351741725,0.4100311921919577,0.4281891460663219,0.5717310199421671,0.6765368891279063,0.7746684147463563,0.0,0.0,0.0,0.0,0.0
2025-06-01 17:56:58.746,0,0.0,0.0,0.0,0.0,0.0,0.0,1.3104505927315329,0.8339940813106415,0.45859457193475117,0.12876275298889062,-0.03054229320078694,-0.044397946894282114,0.09674468372690492,0.19281487697488875,0.3633823135839672,0.49679505879652064,0.6489964500443017,0.7843444207091604,0.8851978335039576,0.9220334587531301,1.03544296521134,1.1277993724256503,1.0304526003313037,0.6971147251981777,0.3374669738006727,0.20583353655716208,0.23387838498319402,0.30860211882199207,0.41568169989446146,0.5734816250020742,0.7051187438403073,0.7982950457798523,0.5758636256901949,0.9432706066222197,1.0076627836655427,1.059414280329011,1.0941376374155956,1.2928295467197035,1.0875893248312838,0.48255334980261955,0.24904515271465621,0.27106397735283094,0.36089602868126924,0.42898206733124344,0.509720811224126,0.5286492680628712,0.5806703910533113,0.6628828935594413,0.6689194710332866,0.6064847901406935,0.6567806287345744,0.6514014233847194,0.6137122851668009,0.5611982525532044,0.3976666287923759,0.37835725832620687,0.29168941438899976,0.3209355494444164,0.38289713726483154,0.6692869632520608,0.4250197485304468,0.9442970394028531,0.5981969044450922,0.37763360062234896,0.7309859981937484,0.5980424890352593,0.40698996061949017,0.5956835404802169,0.659190084500519,0.7313418466719303,0.8054610901614985,0.12020423651852993,-0.10461107663995783,-0.09607483977195197,0.061865856520005424,0.21051101018691964,0.37559164873244577,0.48307137312359694,0.5964104566238702,0.7072138635628469,0.8411124808360204,0.9527416286091519,1.0469000596830855,1.1270823899045426,1.2044457246327023,1.2618383117843774,1.3023823719255843,0.4448601012141488,-0.15498765528955227,0.1464762385663958,0.3862608890783177,0.6179718093863336,0.8027929206481907,0.9056014566692836,0.9434399573751566,1.0163481985014184,0.6950067103227051,1.0236986969202506,0.9812018548639748,0.9486555302981127,0.8965532486340678,0.8206577352691249,0.6959297808257945,0.5937119519891727,0.5752381797947766,0.7783633165997115,0.8330274316104791,0.8278917465293423,0.7954708154626944,0.7771467276247122,0.7473074828491355,0.706658046429774,0.6645821214054615,0.6211263592049241,0.5958637421651742,0.5257016027045855,0.40551802614584453,0.23026392004174068,0.19664782409977827,0.5386866283179482,0.8151808112149737,0.8758381989986592,0.8444837561856837,0.5609655737326036,0.4635096407064276,0.5106362534645483,0.3565741716327695,0.0,0.0,0.0,0.0,0.31088922038104405,0.3598202038508587,0.313039924509636,-0.15386644548371164,0.37588406854196227,0.7081434556550514,0.7219224302764924,0.7033961497026494,0.7163123365602913,0.7874849464387761,0.84040890169178,0.8402243313193822,0.7958835247090712,0.9193664401480839,0.8660718578733668,0.837296087951197,0.8516943872902503,0.8501192631965022,0.8631715638632462,0.8808890526326114,0.3466955317345388,0.3664118826519933,0.33685229782114834,0.4493613960975802,0.6554236691354067,0.854848085743348,1.0589955898087022,1.136810085136813,1.2477094239351152,0.40822647263464923,1.3822568910021809,1.3773702182345087,1.3307365044838386,1.2195854023501447,1.0981930498121701,0.845267037027844,0.37576075951832044,0.08207985254313355,0.3161254176524856,0.5875840940079056,0.8627401083658692,0.9918172230482851,1.116177538702722,1.115130522958853,1.1498943247485198,1.1072765576540444,1.014786677675422,0.9159094215165536,0.7844982686665668,0.6745393043728776,0.555159137122801,0.44220568606869504,0.26900095994187373,0.1667452362646474,0.44727507208305506,0.6327524509935313,0.3835409347937001,0.4443107317035421,0.47381355725827834,0.5401618389185545,0.9892348151426285,0.3126438707515399,0.3454604002228521,0.5551641067958437,0.4357304902955673,0.3915233739448586,0.1934376895475223,0.21897949245499676,0.30767438298136623,0.5921442549661946,1.2058529450136148,1.0361658026866136,1.0010917154137973,0.8035569080133624,0.629326208881779,0.4779766015938567,0.333119076625928,0.21839340932361528,0.18269604903399927,0.07197243570596568,0.03469491798260238,-0.0495608226579769,-0.07295106732990597,-0.09903758322914175,0.017427157007330607,0.5211752715180809,0.8659974338725829,0.8364731570318054,0.842273869324421,0.7625612505373465,0.6550050129915337,0.5540592063233001,0.39985842163464036,0.5763681824844681,0.25153505681982025,0.182595359433668,0.1419641543357837,0.11580667752332319,0.0719315395937078,0.013877457473598143,-0.042736549174953564,0.04023321337055946,0.2723830126835576,0.5524739713355498,0.6642812617871642,0.685922156072087,0.6999258295588975,0.6869376950699606,0.6153437878395791,0.5842513552294599,0.6082372938075125,0.5194521667023968,0.4875580256718719,0.45985233975808915,0.42415661823612283,0.3978519613941487,0.4241148972637178,0.5297232845960911,0.5864130643937532,0.661048932137742,0.0,0.0,0.0,0.0,0.0
2025-06-01 17:56:58.751,0,0.0,0.0,0.0,0.0,0.0,0.0,1.2331539102944014,0.7875478921065976,0.4151060551238299,0.10249308870895923,-0.058117688152266145,-0.05890403261205435,0.07958047226771792,0.16813675057990074,0.32306603342092954,0.4694081843088258,0.6112936508800244,0.7405443625586866,0.8388959523461947,0.8718034757219507,0.9845607149004499,1.0730729904057965,0.9896353928946338,0.6589765589084993,0.31130886915933087,0.18709544145558887,0.20758759482848355,0.2677838495511544,0.3743012583231802,0.5173754791697949,0.6432694857139221,0.7459952468040834,0.5644722892599655,0.8913928175781424,0.949278787906304,1.0119165236519012,1.0474614450657451,1.2325945743223041,1.044439267158124,0.46266031175406563,0.21824584886555864,0.2651269854599221,0.30277614566838396,0.37560211195371696,0.4653972642884916,0.49320828143564266,0.5197385569002912,0.6127267093977746,0.6243561352043399,0.5509468707542583,0.6053380299774963,0.6124525759955344,0.5672832348183527,0.5178390444024075,0.4029662513408342,0.3744226263678898,0.3043213974879463,0.3080518287698031,0.3513612037629745,0.6664679613479023,0.2973278241644097,0.895335485098947,0.672576596581061,0.49876100817022073,0.564269616499934,0.5671527662899869,0.2868630253598517,0.42167847784388446,0.5478126777129384,0.6903570877301222,0.7390704090187559,0.12638383169062703,-0.0929501127202107,-0.10997247282449862,0.032727692737900105,0.17003542894229562,0.3228848117990477,0.4306811780714901,0.5384007642963013,0.6455546885277335,0.7795245012243703,0.8830525812008225,0.9850907722600902,1.06185484540347,1.1527309373710939,1.208190017201893,1.243919101218818,0.4153015995547949,-0.17261868548173998,0.09846298172238455,0.328037078780844,0.5559384886622973,0.7250608764929756,0.8304294471710305,0.8726173647236637,0.9429495664158767,0.7702529718437132,0.9606665169424999,0.9222035131905454,0.8956984884388982,0.8461589767662362,0.7827627814120255,0.6684305528268268,0.5818063554422473,0.5505395684969637,0.7231990965569719,0.7580241933948797,0.7504320861749292,0.7202310807702907,0.6980131922233674,0.6774397043535778,0.6356082951409234,0.5963564333286393,0.5608712153236131,0.53331526133733,0.4670299781877003,0.36099452302955937,0.1995985830945639,0.18163537320970957,0.5314700621414883,0.7980091400638566,0.8380236362582942,0.8058256130310033,0.5345749687592918,0.3193311915229991,0.39908100516316897,0.43206233390855275,0.0,0.0,0.0,0.0,0.3899778887394636,0.2612568326183634,0.38093147163692775,-0.15643620164816574,0.3524238746683713,0.6890820349620621,0.691284552691438,0.6600170082266371,0.6574907604382461,0.7159111426792844,0.7613273475668159,0.7556397348290793,0.7154509498088171,0.8467155332478571,0.800534077890223,0.7861427717517975,0.8128156119215126,0.8223131144771418,0.8359908068064572,0.8507863874332733,0.3359840936987256,0.3432348964602322,0.2957462247194431,0.38930071591173476,0.585537326496264,0.7639569352924735,0.9522129655486435,1.0445618316719611,1.148031520265271,0.32451561025223946,1.3008662428919373,1.3085853931206954,1.2724677852962494,1.1789356152969854,1.0733641165109113,0.8257182821843347,0.36506434648237934,0.04473750972695634,0.26894864427523524,0.5192879642443105,0.7630127930744948,0.8977982704734921,1.0177830453999088,1.0278012007888984,1.0537316766377232,1.0206848198475607,0.9448951371531158,0.8542323286975012,0.7342858514743621,0.6383242121398376,0.5294021609306047,0.43097920591838634,0.2609369081412324,0.1577833164336163,0.4213359577620637,0.5898733487059878,0.48594612375560553,0.45095383535974076,0.4368579987576716,0.40747201298978264,1.0169690330023158,0.2550136333591396,0.36750138052792697,0.5308959444614239,0.47221538995395285,0.35460995799838535,0.11661362255516824,0.19513206195715144,0.2768644329223117,0.550914264404823,1.1341564605222232,0.9852004795586182,0.9422056134705664,0.7363802700262805,0.5747524270830684,0.41404325049549406,0.271440603120491,0.1884917857368884,0.1557285807886497,0.030319128176707455,0.030555172592708457,-0.04410779647567464,-0.09425434819126555,-0.11341703132098524,-0.04273377160683722,0.4396749410010757,0.8205970947481248,0.7835568492314215,0.7757327116475353,0.6885610544226759,0.5812100371251288,0.49757033107156245,0.35421733501203634,0.43555673520740756,0.23000506197898507,0.17176985570135317,0.13837359051915676,0.11850533366369109,0.07780560764467925,0.033596242374339225,-0.016519752964808232,0.01972539863623879,0.1927520048266107,0.4999976842348602,0.6082236715983343,0.6253826518713805,0.6195194312401919,0.6223190611700038,0.5655109071766389,0.5458377171731947,0.5770651505976367,0.49756639365584054,0.47642732580638203,0.45437314122353234,0.42850759354050016,0.4001148969569752,0.4297210202713158,0.5052683195429439,0.5504620835123534,0.6111428185016452,0.0,0.0,0.0,0.0,0.0
2025-06-01 17:56:58.754,0,0.0,0.0,0.0,0.0,0.0,0.0,1.1302816295003444,0.7114765202829767,0.35195168574633917,0.08042186561699127,-0.06846959210067405,-0.05981097746723363,0.08224484080985117,0.16153723526726127,0.2935266481848401,0.4421494255486502,0.56973077727836,0.6919027968649921,0.7792153400436679,0.8140130959371265,0.9158043816350757,1.0087869670342677,0.9325089665784518,0.6211294091470458,0.30224977719777457,0.18397334572687674,0.18986363332286804,0.23626803291974774,0.3391138693105902,0.4638565935424377,0.5764063890455329,0.6895283921590212,0.5173632767820184,0.8245822795108707,0.8720572687988801,0.9383103772786613,0.9752339361269207,1.1430502744105744,0.9785985613052,0.45636374823328885,0.22652764371620726,0.2876511483663353,0.26148349797080606,0.341550895672325,0.42441510868388566,0.46069412517809405,0.4617291491608142,0.5650678817155692,0.5435621828429626,0.4913362533170177,0.5473399621542475,0.548412706475738,0.5077987021741048,0.4693661525597093,0.4300663927637176,0.4085046453245782,0.3409229565846278,0.32251107502724263,0.33571908047780896,0.6752126594264045,0.19600725777415612,0.8271766117173776,0.5044983289016649,0.5768127197288174,0.46393797398324654,0.5258656234861228,0.20291439815450774,0.27886515948143553,0.34604701522634795,0.5575889232568545,0.6243609704818232,0.1338321804817648,-0.05193851023320173,-0.09351778080217588,0.028540103234696357,0.13623873514036733,0.2789675072288791,0.37725916617086397,0.4810613585131105,0.5839628053376587,0.7064837988845056,0.7974811486924849,0.9042801266566217,0.9786649280986144,1.0722778470309517,1.1195539375984875,1.1369988013890775,0.3637274836409125,-0.15530216498591043,0.08611818315412001,0.29413605780912455,0.5056644755127107,0.6539491346641588,0.7556228667344467,0.7996165437114411,0.8604185938874329,0.7717733910567881,0.8838594573015468,0.8487950085997363,0.8232978970202313,0.7798664672730483,0.728766872838227,0.6275647769973661,0.5814819307198025,0.5481805436640609,0.6845268233662476,0.6992646788290229,0.6760316038370917,0.6506947438377189,0.6154059748234735,0.60261719967784,0.5556674425877268,0.5182883194018291,0.49976715911259206,0.46196011271546666,0.39551036329956557,0.3053734819477617,0.16422234241988476,0.17036363762912377,0.5371909614221956,0.7805247955005357,0.8038661270612841,0.7625215108531938,0.5223753642951339,0.22588454885934667,0.3142694582168218,0.5035535171247769,0.0,0.0,0.0,0.0,0.4133215509506155,0.20019551944330483,0.41762500047025886,-0.16618958515035298,0.3259702827883966,0.6659645460672191,0.6572961845262597,0.6122657428093482,0.5835068136306636,0.6285675212967237,0.6644023865442317,0.6516754817204595,0.6222235914181815,0.7450211278428851,0.711155271893158,0.7140031912848617,0.7607132005465838,0.778557813108131,0.7931918739819013,0.803840081352335,0.3200827299180183,0.3118918452479431,0.24965156289160828,0.31879864192911445,0.4991731831053563,0.6487391275413104,0.8255346441104892,0.9269920436224768,1.0174282274953919,0.4045180964512009,1.1928951368767398,1.2251327439417783,1.2009727907455274,1.1235951036235812,1.0394292480959995,0.8053720416007312,0.3643903326675445,-0.016917904405030215,0.1900376249178981,0.42580656561840224,0.6294979527139919,0.770725745503041,0.8920601936385508,0.9052161993805454,0.929409612449267,0.9037856464932332,0.861454062917647,0.7742952619633482,0.6805255222333763,0.5952110327312814,0.4994344401283273,0.42122368445713165,0.26294877423370544,0.15547204583090954,0.36317094946199624,0.5107039929986797,0.5578646018170821,0.4305460183194839,0.2976887818652587,0.30926031643590746,0.9116506757688874,0.2964268122155067,0.35991033253383226,0.46577193144487555,0.5441744594625122,0.33739398380514296,0.1069885841875445,0.17605977007785972,0.2571747701761002,0.5172413018478161,1.0435316480263106,0.9070054161712253,0.8308884697876441,0.6388730044837707,0.4898454027325114,0.3282341340181423,0.16654940410961916,0.12614130568370374,0.10158629553504572,-0.021051307312410117,0.004498874326059221,-0.050447171677839076,-0.10212288800346658,-0.12397944727210214,-0.08862654681059962,0.3353309601881756,0.7478793357708324,0.7142724284895814,0.6784656469590286,0.5877233378767357,0.46693954036059493,0.3994824103008783,0.27563974593254525,0.21548911008005298,0.18857561035103454,0.14759215430597528,0.12225890151725016,0.12030006856312225,0.09073318621901127,0.05527034907250883,0.01913035628044657,0.006239015283836913,0.09183567416787863,0.41655530005690894,0.5227626143886239,0.5204310164639501,0.49252321622414175,0.5031942322907668,0.4901956043924691,0.4781400262157136,0.5149371684484079,0.4635837946761623,0.4484178022889109,0.4423065269001467,0.4315900502598534,0.41562617059949303,0.4510276566678811,0.5007363704704876,0.5043246889173724,0.5275364603651871,0.0,0.0,0.0,0.0,0.0
2025-06-01 17:56:58.757,0,0.0,0.0,0.0,0.0,0.0,0.0,1.0377880127345627,0.65219824102437,0.2995700242551764,0.03966417851357107,-0.11507234475960515,-0.11630695274477709,0.01991993151878224,0.10131198599641433,0.23397522629175516,0.3802523102482135,0.5025203898472781,0.6246889959802093,0.7065420231355048,0.7565356008934344,0.8424211086469773,0.9397197688718598,0.8667607898228603,0.5545436837327531,0.23078574330777624,0.09432668262025656,0.08585477741684922,0.12126437422893876,0.23170914535861242,0.3409745170672236,0.4603844793987686,0.580477358317401,0.48310997802266986,0.7284131580673806,0.7809036084934029,0.8557112285731413,0.8977595968237371,1.0739222633088228,0.8843036280517509,0.4067231064123704,0.1668912099086649,0.16779385297798632,0.13560475391979665,0.239324429826981,0.31937421439010505,0.3511481879737617,0.38276954788936135,0.4733951850674789,0.44114650867095007,0.43086850331964544,0.5028043870948449,0.49578178935308764,0.47562765975707777,0.46495132652621946,0.4243220758842662,0.3614233980969051,0.29262034029678097,0.22413572012679905,0.21911788442595848,0.5393580107503573,0.12819112190125065,0.7181216108936119,0.39610228215351895,0.5338611161971624,0.3213039282397282,0.43404022867167624,0.22161556304932828,0.3178125131327624,0.2037728289787177,0.3127032910398436,0.5437518781324044,0.11304448572439771,-0.09093413285324181,-0.17636554823299133,-0.06385615725786264,0.024687339189731983,0.15507714458872712,0.24482028003216394,0.35214536454121514,0.4515256179164211,0.5693748316052469,0.6659817957298639,0.7765882238409284,0.8626986949052045,0.9630816445224064,1.0180994388217801,1.0531748989800518,0.33321825441706193,-0.2064064146391389,-0.025626938996799575,0.16450802473012693,0.353177838619952,0.4849025841618686,0.5819054116062929,0.6424837826483354,0.7011127084394928,0.7573511278966656,0.7468933490430054,0.7235849447084052,0.7165890834214296,0.6933222902440767,0.6604331627080389,0.5872488086263424,0.5437482569651767,0.4541102380718721,0.5272324914033129,0.5233972150225592,0.492727997317435,0.4803893533433097,0.4475616891909775,0.4469567340895404,0.4031046039902242,0.376931405241947,0.3737585168904731,0.34642420608053537,0.2905728330539259,0.23166205121057326,0.11877780078098188,0.15393260008601423,0.4956532828071015,0.7186453571256507,0.7195319953579353,0.6665529991720558,0.45189443276338875,0.28811422088051625,0.20393160171693053,0.5070638347332884,0.0,0.0,0.0,0.0,0.3769140143507901,0.26607665849001416,0.3911589558816878,-0.19733899512307967,0.270117208828841,0.6174621955883053,0.5920850437264888,0.5204017582037318,0.4625704329718039,0.4857896199336533,0.5046697417738444,0.48759165147761196,0.45596501430144754,0.5726752134724005,0.5747599342346557,0.5953568668159253,0.6572950792860419,0.6917797922998723,0.7097873243128014,0.6888612755468371,0.27120104563238256,0.2687605860533921,0.18710692064300372,0.22457853250478466,0.3694263955448964,0.49451818795636804,0.6350082048908816,0.7299201226848735,0.8189541379868237,0.4384251014495804,1.0101157442881101,1.0646895828624052,1.0577619476158475,1.0037479968062737,0.9494298745819297,0.7293972809270872,0.3097113514581522,-0.06125064902533245,0.12105508293860823,0.3250097977259372,0.48952752062175353,0.6042977572146222,0.7143578828946873,0.730321189353951,0.7494160049298775,0.7367629593098219,0.7190184937524298,0.647764200493672,0.5771894098461464,0.5127364147566109,0.43142847391582173,0.371617390419374,0.23034130418201565,0.1417850192036896,0.3302939706882455,0.44987401140482797,0.5015528201362274,0.37137576751711565,0.22550245575003292,0.27215156527212037,0.5398242760718857,0.2854140068930765,0.4119818748288491,0.4173759788760894,0.5584577992879917,0.38149713993574186,0.07708253472716228,0.12359936223307061,0.22285086055340364,0.47761190806245385,0.9799162474214758,0.8378460724616457,0.7164558396057702,0.52598425559512,0.3764218287730876,0.21054081051863638,0.037582113954831575,0.010765738960874183,0.005382228740135053,-0.1104820546005354,-0.07846390416270843,-0.10391007949197861,-0.15905041765873518,-0.16997987283284016,-0.1189687144534255,0.2960350524039526,0.694021947722386,0.6619444327148842,0.5905032215152742,0.45431369456158643,0.32319575190310923,0.2366785592948466,0.1323995921609349,0.08039704934819,0.07639757740556052,0.046966295564495386,0.024593941276986664,0.0318259413367451,0.019830895447081165,0.0005703430396890585,-0.02863937486249435,-0.0247750394107083,0.05551011483870827,0.36545488940010545,0.452722819668789,0.42407550573034203,0.35909984418392904,0.3562784695612855,0.35928016516215733,0.34971022193036494,0.38015199478782624,0.347018321047577,0.34382934207041393,0.34324038139877566,0.3407243319500747,0.3483560904921823,0.38907094046288476,0.4375045707718104,0.4400707317320932,0.4411809383755456,0.0,0.0,0.0,0.0,0.0
2025-06-01 17:56:58.760,0,0.0,0.0,0.0,0.0,0.0,0.0,0.9992716953983717,0.6336721814774404,0.29122472583851766,0.020078286949218538,-0.15421696639931193,-0.16218644518179604,-0.032688606041300305,0.06495528193001576,0.19713451403057647,0.3418586836231281,0.47008250501471865,0.597208347088173,0.6746028056622237,0.7361221190829494,0.8187798151079528,0.9182801047723744,0.8367205190688752,0.5193285669022849,0.18797703653450482,0.035120084877559354,0.02388476661220751,0.04544526750516931,0.17276147612296056,0.2797817565227576,0.4027417011429224,0.5311646530300227,0.4073593664685269,0.6915380701839985,0.7489916420628342,0.8315676134016482,0.8759699195130168,1.0674255782552122,0.8585821188204499,0.37750467305225766,0.11866104731773153,0.06622655019678914,0.04555859864707634,0.18031028134612592,0.262130652251092,0.30038155655307985,0.3609041420578909,0.4378672278162514,0.4011955396646434,0.4153888259615762,0.48544035002849706,0.4788693778200133,0.46941860019997916,0.48459748960570354,0.3973177754487498,0.3103288466756999,0.2455080445056329,0.16649528728881258,0.14996347850790603,0.41642417806242477,0.11291338678435875,0.553232559200866,0.40180781894797624,0.5800209127397679,0.24974563587609283,0.41530472064466173,0.23614096853719185,0.3816014635036056,0.10129268778687148,0.2508546309371683,0.5383454236472973,0.1008228419846979,-0.1270502901440249,-0.24580720740247153,-0.12193664135929083,-0.0474546749206437,0.07914989197412714,0.16760836402436663,0.27879019298555896,0.3826891310600913,0.5009268013920067,0.5995089486113705,0.7177275963840603,0.8134139962822475,0.9198781834886174,0.9879398935501714,1.037118169957274,0.3245782119892553,-0.28098153427213035,-0.10959704972244277,0.07616488996556248,0.2561682569767785,0.380752000841333,0.4822160108663951,0.5598328987072216,0.6181399375243928,0.6974993437962957,0.6810147173845456,0.6656524175318616,0.6699230806728399,0.6598334973454018,0.6324888889091613,0.5731873904311222,0.503173263202041,0.37651822926555056,0.4204387467736017,0.41389663362959594,0.38719241218226785,0.38476033503517404,0.3581510788250699,0.36296019447448824,0.32735544422155693,0.311161783371388,0.30924143894404965,0.2934274346940351,0.24646410924566586,0.1992854428006171,0.09878813514444251,0.13463730988341838,0.4579303410010528,0.6778750117526491,0.6687589092858011,0.6176038247604636,0.35227999536170623,0.3593579800060945,0.10571704785677077,0.5135643492578007,0.0,0.0,0.0,0.0,0.38656913265942416,0.28521871975024077,0.4459255901058329,-0.20972053611324504,0.24445082544021096,0.5924452998556885,0.5580990012597755,0.4758804450148789,0.4038959591261191,0.4254009251105981,0.42971840771606384,0.4201730504054173,0.3794621285998603,0.49623768110173305,0.5143534726332755,0.5440355062007638,0.6078847579158861,0.6542827065118129,0.6714935482882918,0.6113102625758375,0.24167531440535917,0.2573150027128265,0.16676303243681956,0.18576982197987157,0.31594965748250625,0.43623206822410987,0.5579128156924753,0.6452235868201368,0.7344317243138028,0.39164516917628206,0.9276004654703573,0.9820401578705582,0.9830941168949421,0.9418458185040258,0.9000749598801375,0.6841539867859017,0.2640742148678056,-0.06786514673773902,0.11296692990045487,0.29624537757279,0.4485336108935505,0.5456853968530229,0.6487484994479749,0.665739814697093,0.6738294823587427,0.66253307776701,0.6502259086089002,0.5874176286210439,0.5239676615785419,0.46479693341216516,0.39379143162434527,0.33647671327576156,0.20077437319202157,0.1304149100824249,0.33744988441499135,0.45621256409689737,0.512501952781955,0.41260793749659674,0.4483806816933116,0.4099138380394446,0.3885404190771848,0.258192684217308,0.5583808481484249,0.27461890915590226,0.5239510146833337,0.5753978739834029,0.1299557681211557,0.08351687445019274,0.20128305830053267,0.4599818743923248,0.9908457514054887,0.8178159034973673,0.6837779304263333,0.49482394994182766,0.31567284201527146,0.151117153270655,-0.01789006027387141,-0.049944181134695675,-0.05768500489568451,-0.1673419218456158,-0.12492272892446477,-0.1428871024357159,-0.21426316988067517,-0.19502091403490301,-0.1295882090500966,0.32904160319840675,0.7033803130845558,0.6604586466972471,0.5709498711912863,0.41327863906486484,0.2639431089988953,0.15490168303644913,0.05723968179464678,0.08491008646293716,0.008253380445531144,-0.02234364391656296,-0.043021237583884986,-0.043705771356522205,-0.05522818777227123,-0.06211839662061569,-0.08708324266918183,-0.031217906848300336,0.08754824639461745,0.38022441009221514,0.4555696523152317,0.41064396096570177,0.32708575167965903,0.31566547752008134,0.30691726158388155,0.29218857725013603,0.304430041529854,0.273922369395454,0.27864666126645043,0.27686695314473364,0.26331672256110916,0.28255652410998655,0.33139598487703387,0.3928415197171554,0.4225560921476915,0.43513138538145624,0.0,0.0,0.0,0.0,0.0
2025-06-01 17:56:58.767,0,0.0,0.0,0.0,0.0,0.0,0.0,1.0749429334701701,0.6862807545830767,0.3505574174622046,0.05348244688802317,-0.1446776608066156,-0.15081110125905628,-0.024746504024883986,0.09574909736661696,0.22635657124246034,0.3782320595153654,0.512741981286573,0.6442715538484031,0.7204293982128014,0.7897117564408999,0.8794969858490821,0.9944040905839832,0.9006273935767447,0.572270033433059,0.2309514632978522,0.06340110828671508,0.05607330759597451,0.08085892745098833,0.22001728559870992,0.32986660275685753,0.45826714307235084,0.5928057721550526,0.3375538029800704,0.7560861520115095,0.8102057596362897,0.8931694043427828,0.9393838895515239,1.1516706605154563,0.9553194390859248,0.41976960310151945,0.14977399223350907,0.07363109968811243,0.060159194004792305,0.2090465964659176,0.3159117422910884,0.3591877757828976,0.41282894318268504,0.496521961019573,0.4333266722554572,0.480540576534214,0.5250340347135631,0.5196436140030007,0.49888841140483864,0.5320953137865287,0.40078581767029664,0.30524044412946216,0.23983154049953403,0.21488876679309277,0.19939805005470945,0.4497497187671426,0.15292093120911998,0.44105678293281453,0.4151616955231322,0.6362178063198087,0.31239645528499516,0.45408928121564796,0.24541567865350838,0.34825749541139206,0.022795161504605838,0.3093645438990611,0.6235867658562506,0.13206812356267075,-0.12290806026300816,-0.2420487990968645,-0.07903960216118922,-0.012246952062719307,0.12407896642624672,0.22335427617886294,0.33947505871333883,0.45223802697775217,0.573114142909221,0.6682616308054223,0.7932016095124886,0.8910917860055674,0.9944696553581847,1.0663806911029576,1.1173787120189613,0.3671172239743619,-0.28130167505796444,-0.08285822990884473,0.12585829657150827,0.3168259168855714,0.44532171622102634,0.5569304337541037,0.6401967767246401,0.700284307783219,0.6404037823310118,0.758527347465823,0.7387605302240442,0.7335216443804103,0.7199426791295765,0.6779568494281729,0.6106312649274558,0.5173625559650432,0.3985716687167299,0.48093555847327885,0.49343794607729996,0.470099201768271,0.46869976885117004,0.4437028797261018,0.44326440851855153,0.41060183666459005,0.3940448123724365,0.3789966500832491,0.3623072399627161,0.3115978878565835,0.24573888985550452,0.13046643879590758,0.13585733978838066,0.47148645326526095,0.7037787817109925,0.7107479522347733,0.6689057559859748,0.3488659644852345,0.410042338793927,0.1541599997514284,0.6025080177953045,0.0,0.0,0.0,0.0,0.49690344291100774,0.274188436974328,0.5987629929712536,-0.18106267196222192,0.27918389982200936,0.6197099885680887,0.5938279559632564,0.5278033791692139,0.4669076869483133,0.5084727258069388,0.5148236670092663,0.5167122363381287,0.4659931915855027,0.5819562760277366,0.5844933579433114,0.6025066254412632,0.6554694075231287,0.695351912320922,0.7133186170774926,0.6429439249869571,0.26545199675315634,0.28994952120629797,0.21456630883328554,0.2408299958999145,0.390746240592067,0.5272698994213716,0.6636423649243413,0.7514525135304659,0.8388073103250651,0.4651586065533481,1.0146119864102983,1.0548171796276191,1.0447315750241568,0.9933736539579824,0.9328574454723639,0.7104004749486424,0.28496212896940953,-0.04378139449390894,0.16021585147229234,0.3636519180521274,0.5308038625040674,0.6316581959265746,0.7538705760425595,0.7587457181341357,0.768327015883127,0.7446297747268251,0.7171509429994385,0.6410496193004706,0.5704169966067171,0.49425772726207934,0.4194203449682864,0.34736338936461986,0.20330240496509855,0.1463110841418574,0.3674808526606881,0.5137773670640412,0.5766406197352522,0.5632037970038924,0.6373775224892075,0.6205926558485191,0.5289458759514962,0.29910131120410277,0.6840288512838548,0.131206924410536,0.5189807065046677,0.7722720165404404,0.30703593513625893,0.0958971315276374,0.21103847869768566,0.47670126300565124,1.0661227712669732,0.8665437228141248,0.7493845271053617,0.5665119440799704,0.3647294519993136,0.21407370016773886,0.03956736043076048,-0.012566441225103864,-0.03717204222831905,-0.13256768647102235,-0.10473481707479515,-0.1291597671149345,-0.21200934755803857,-0.1850171774240676,-0.10630893700216276,0.39832834620966057,0.7617460803231804,0.7036109471765444,0.629823208585217,0.4929389719864754,0.32830176018822166,0.2046567510644708,0.11228810722494709,0.20633831731104382,0.04080599370578253,0.000193177883098139,-0.02479980670072046,-0.03315485142039676,-0.059326308026584784,-0.07136426234005167,-0.10081571086694929,-0.005437022453959717,0.14842178807644313,0.4350246675473512,0.5091212769542155,0.4690722143157571,0.4085303349655083,0.38618622581172124,0.3678993467198626,0.34074943345907505,0.3344151485468929,0.30264904044813923,0.30245877644938957,0.29755120816576675,0.27039456383566696,0.28629077975171646,0.34854348396256724,0.43236313645969704,0.4848590145394366,0.5125463730613509,0.0,0.0,0.0,0.0,0.0
2025-06-01 17:56:58.770,0,0.0,0.0,0.0,0.0,0.0,0.0,1.2096501385824974,0.7867993972717428,0.42983229690419167,0.06693158529803966,-0.1713473019876518,-0.18886095376106116,-0.06212351152479045,0.08077763289898277,0.23447321960314138,0.4038259023458539,0.5465897993145101,0.6905826409753929,0.7825551744541592,0.8625809948809823,0.9595027960955754,1.1001559286724698,1.0109003417484352,0.6232781494107886,0.23290541988129831,0.020429800486874705,0.00896820812779664,0.06091167968990563,0.21822017750312162,0.33793261769021776,0.4972736706626062,0.6338073671032531,0.36904107120765783,0.8196706903221317,0.8913729198917029,0.9784758500398888,1.036265306510499,1.2945436290272117,1.0830266681584786,0.44625471845605524,0.1294860205735694,-0.012307785148480077,0.012606331010301952,0.17116072898725965,0.3200788981878975,0.37496215006493006,0.4442068875756544,0.5231638240630732,0.47686948823377295,0.5665991179212303,0.6077208290088447,0.607202112289609,0.5655644489192816,0.6317233835746658,0.4113132591466486,0.2523993808355717,0.17033508828279897,0.18117073778036863,0.18443622428218065,0.506493971097888,0.20543846310103253,0.41908337415161395,0.4376688553593471,0.5519156339299165,0.42882150001942987,0.36343277632273385,0.31924378443522033,0.4016550208020647,0.007380039968384322,0.30916755469712964,0.7898540458057832,0.1517933942797989,-0.1915703471109439,-0.3023162123324943,-0.09199468025624702,-0.017510938375655982,0.13227583927744035,0.2546621995698719,0.3780285339459768,0.5033828652205405,0.6415939614348802,0.7481564423554032,0.8775953553173202,0.9872648980553846,1.0939156140419355,1.179310867131559,1.2683321146048616,0.4662036797432301,-0.3123421810917012,-0.13089281324099677,0.12932930122562958,0.33861986757406926,0.4836330271025142,0.60626396830693,0.697858396439671,0.7730376839984594,0.6355413006961486,0.8351735060513665,0.8185256065635039,0.8052327196989396,0.7973025497090859,0.740696390809602,0.672757920425537,0.5302988147389557,0.38799254748803313,0.5037209265679863,0.5443583736411173,0.5312968856939977,0.5305858744521419,0.5175083076978528,0.5110911811405185,0.4882034041896184,0.471291362813997,0.44081800539625804,0.430990997603226,0.38337882779968635,0.3055331110606142,0.16517327702887274,0.14848783886232825,0.47186629311878925,0.7272179364238884,0.7509521330762707,0.7158804999399193,0.37907245287749985,0.45995989267821974,0.31523313241772416,0.6499448561352675,0.0,0.0,0.0,0.0,0.5525422986316586,0.3617101056888172,0.722475068011405,-0.1416612320278976,0.31314779953839417,0.6496128959768134,0.6316385487612559,0.5838991798194865,0.5450422919361839,0.587816837990385,0.6062886432263066,0.614515937741547,0.5490351369605841,0.6648326708523538,0.6570791882632805,0.6548290936153329,0.692841044830919,0.7162855576970901,0.7459214782928727,0.6711027534618677,0.29663711399822135,0.33936258914033623,0.2741466464903103,0.3138301293794137,0.48119629259136043,0.636667130079204,0.7763292574132761,0.8533006930317428,0.9398675894574084,0.49264871387802905,1.088232243823318,1.1128729049713342,1.0819275054136341,1.0226024023534301,0.9324372572110773,0.6953044543176081,0.28341145992161887,0.041073229302630576,0.2532889828783499,0.48189246587726453,0.6645920189058803,0.7411843918954861,0.8739451590136298,0.8532744965546006,0.8683571805472292,0.8300228630408593,0.7726603298961476,0.6794234928886916,0.598845552046681,0.5067697752326517,0.4211890967921037,0.3305624425343799,0.17119774999069842,0.18877707612181152,0.4584815843406409,0.6110342365868219,0.518461146893912,0.6936541022262279,0.6330950331768358,0.7340396776715755,0.5867150262415655,0.2649658240650603,0.6656314183230678,0.07266335419463565,0.4880933131407895,0.8622701794637464,0.5199678564559022,0.08411372621268087,0.19819984101915966,0.5018636625304036,1.1778457102606061,0.9781149608070718,0.8751554945249241,0.6604823955084436,0.4593812577001364,0.2993209159339736,0.12555330281284216,0.0277820383838141,-0.01128565944465687,-0.09823929735820536,-0.11620831510130614,-0.14136545085373964,-0.23853956961578332,-0.22196757243052456,-0.0658366336649992,0.5140143625984332,0.850844862351577,0.7768267506788558,0.7316114021061039,0.5996690767366393,0.4291329937255952,0.28108167486706237,0.18050665137936117,0.3953906749261632,0.06603656042684825,0.012660238828938297,-0.02966046379217291,-0.051222640451109136,-0.09133347880246812,-0.11709718473675534,-0.16673082319635885,-0.007134592020801633,0.26069590076693827,0.54354900064849,0.6002572097276307,0.5704979753229336,0.5309437544048667,0.4819703537565678,0.44148016383524924,0.3911490283249506,0.3676805997615895,0.31776416431996624,0.30357634382172227,0.28255478792147914,0.2416287889696468,0.2467684494778174,0.32593089049778917,0.46008140306947276,0.579845984144104,0.631034859777337,0.0,0.0,0.0,0.0,0.0
2025-06-01 17:56:58.774,0,0.0,0.0,0.0,0.0,0.0,0.0,1.2809078583223705,0.8479764419642564,0.47280412468711597,0.06858086662401941,-0.18257163311249935,-0.2021538750936327,-0.07348926114650156,0.08319974256830376,0.2518553971073878,0.4287438561281989,0.5789187224837529,0.7285249971047464,0.8356719638750383,0.9180796777203032,1.0151810127417393,1.1706724935048625,1.0801474314171582,0.6455813623919897,0.22688012109714217,-0.0021411956615753347,-0.007851895742797765,0.06408763224438419,0.2327837095491634,0.368309473398426,0.5486664788376334,0.6775139385994255,0.5011243174549411,0.8717003511127343,0.9646637775821996,1.0552060922804425,1.1082847503135653,1.4085172468205047,1.1472405736314288,0.4624504427297381,0.1155501359517469,-0.043461055047713915,0.022572685089711886,0.15927562194180855,0.3381230311809329,0.405652339343717,0.5016198961055414,0.5543444663969725,0.5521921895265756,0.6412582838426123,0.679222270178946,0.6771931354940732,0.6245329212843417,0.704156840256547,0.42326598547755734,0.24366977588720512,0.1588573619445669,0.19545954916506947,0.20915726957258252,0.546500658207937,0.36770627672025036,0.5948923243488773,0.5165498444146881,0.5225478863944226,0.5196191258321459,0.3131567769321314,0.44396392885719377,0.612687986157265,0.043819688962921405,0.37409657545754793,0.8945304243179715,0.16649127423179796,-0.21608130236038126,-0.30378715293985414,-0.0727328381263892,0.011932888587957269,0.16923835583674984,0.30678002975665963,0.4278970735473162,0.5624612772670106,0.7167608019199436,0.8280533904805314,0.9511533732767331,1.0687039017791378,1.172750103857359,1.271765932428186,1.38351404280592,0.5216871827663563,-0.3380333298735092,-0.14658336673501826,0.15686372601645204,0.384262858761929,0.5520826754619059,0.6799301715326034,0.7684829015265273,0.8580386310086972,0.5630853446629973,0.9152751605046687,0.8995455694880693,0.8760894379954193,0.867929228698976,0.7942110195830265,0.7205805011190627,0.5420898847113684,0.4140064073468631,0.5642167087639018,0.6210850123158986,0.620619689976657,0.6154312536833844,0.6090042600785219,0.5879292960420166,0.5783713772790462,0.5560795148338569,0.5094984334323409,0.5067965468428228,0.45700533271764976,0.3648319434469244,0.19339549517490973,0.15820329914116465,0.4946297148449331,0.76181739434707,0.8071392010648113,0.7760563323174654,0.421908584812067,0.46243474783925603,0.48989008903222603,0.665285004957343,0.0,0.0,0.0,0.0,0.5814792693608223,0.43292900086600333,0.820639191392618,-0.10074570446549919,0.3544073515779101,0.6815878385390739,0.6745941835449683,0.6436714628528232,0.6322114954798994,0.6747701900315508,0.7064352499597266,0.7167171910158037,0.6395345863191162,0.7638628862107626,0.7401459683527492,0.714566224578981,0.7347296865542186,0.7416430228629536,0.7852052663706732,0.7126360573478907,0.32833134236319095,0.3868375306467451,0.32629374630406327,0.38786754142693636,0.5685984294622373,0.750060160678971,0.8963456901552789,0.9600751265243141,1.0454888593699139,0.34216071595171765,1.1778849555304163,1.1775822372253324,1.1298834398585853,1.0659642982166324,0.9470778440773745,0.6965483526126621,0.281307576481439,0.11924746900094718,0.3456642606556114,0.5948431875299935,0.8024097301754685,0.8601015958716924,0.9952291971471996,0.9517329935575971,0.9749774294652593,0.9185115226599265,0.8362972547483285,0.7305948548370961,0.6348714863480688,0.5257210953381632,0.42745504808346746,0.3216384521234792,0.14609759517015336,0.21995519240276687,0.5479186708220443,0.6975473223198977,0.3929386360880093,0.6919007899293004,0.6368474448058069,0.8570074117640997,0.6292180049977723,0.2010041889135423,0.5972721989697136,0.10305483401686333,0.4222728241972429,0.9105814829265759,0.766654938724923,0.07018899326539602,0.18571564740953517,0.5328548857040613,1.2873623220248689,1.0895790548315103,1.005068999859621,0.7592508284092199,0.5679854179348152,0.38776954388468177,0.22483360641473094,0.08611429294463968,0.030227974331799023,-0.053994367636106766,-0.1027129459227808,-0.15183566638314572,-0.25776206328166607,-0.2488365416353019,-0.05117886861096982,0.5911075401736883,0.9196972473631568,0.847275245689914,0.8276044397705319,0.7170004069640956,0.5482165137039701,0.388008196494684,0.26676168238209175,0.5086945505494033,0.12069596141069461,0.06073529281123391,0.010796149461043791,-0.03774375405102948,-0.08539905116558355,-0.12071674152751821,-0.19786404119569712,-0.011500753544837483,0.3220782811847476,0.6293904917680913,0.686702837305382,0.6656380468612249,0.651413145163044,0.6011534477050988,0.5378676631577155,0.47736829668381486,0.4452051060444451,0.3769573803230928,0.3466114204876889,0.31299590483699014,0.2571747146857627,0.24617071850215588,0.3310812108414873,0.48800195990166706,0.6489347039712611,0.7323197669888513,0.0,0.0,0.0,0.0,0.0
2025-06-01 17:56:58.779,0,0.0,0.0,0.0,0.0,0.0,0.0,1.3467383967354645,0.8986279925988285,0.5162816378231954,0.10208495676514506,-0.13580388119896214,-0.13454903139878716,-0.0029532244523078344,0.1614896934344774,0.3240823693369771,0.5063149880331574,0.659637252447068,0.8049619545384937,0.9210653808205294,0.9978134810778584,1.0982455035055918,1.2600433897688033,1.1526149280465616,0.7042237203518429,0.28461344625013096,0.06857717954396925,0.08368580112175095,0.1706133569762911,0.33179550145033043,0.48525950249413263,0.6654870073387129,0.788245464356564,0.6221639609990204,0.9755733488547572,1.0648907728051524,1.1571420853811938,1.1926873577800834,1.528694251866916,1.231967869015791,0.5122403743968753,0.16593502489250844,0.0640959358789881,0.1519546158652143,0.26327863881155333,0.4486096207086807,0.5212972426541129,0.6006083223793961,0.6694035006693093,0.6556938847136511,0.7327067636615542,0.7588535157440323,0.7311618697910458,0.6844797368410812,0.7537969505974254,0.4763387815141079,0.30633810206617573,0.23830623625588387,0.33215323154377296,0.3574988572162985,0.5381851995356952,0.5840047632539734,0.834400808728541,0.6384383712042488,0.5924424523741043,0.6036713642353168,0.4945645486169793,0.552330146099117,0.7630344156618801,0.11357254649675588,0.5842784514078584,0.9358001660157256,0.1983460530582599,-0.15770275019544422,-0.19579441551780596,0.04125134834837718,0.14190735356357975,0.30851023536768096,0.45159148454404385,0.5684150039881743,0.7083900894507571,0.8591938194043724,0.9631582254030859,1.0799877870741224,1.187015062265012,1.2786658703467129,1.3768028451052876,1.4815132860481253,0.5442906945262265,-0.28623136051273124,-0.036950401360427376,0.2963379820944254,0.5444101550087252,0.7319342780013081,0.8627060415423,0.9411760513484113,1.0313456222842954,0.4399908844551131,1.0648955136998202,1.0344054566161853,0.9938948460152733,0.9688972845238834,0.8724448421738196,0.7707081443816141,0.5948581676866347,0.5295913207719617,0.7438662768001336,0.8168203459205385,0.8261919535617734,0.8136214414673744,0.7992624495396146,0.7606219141251298,0.7531143264262325,0.7163836785437336,0.6534457321712013,0.6459258776852932,0.5768224195266098,0.45862193330251577,0.24878926282113556,0.18350848858796948,0.5724147582295936,0.8383609045812825,0.9183949850307758,0.888405084740179,0.46673301009026097,0.504936617827809,0.6564420371425974,0.7025035728947177,0.0,0.0,0.0,0.0,0.6665173018748385,0.39851853651130215,1.0006286323270892,-0.07413303457467246,0.4184078848367658,0.7360673986239522,0.751477789629045,0.7419502968886421,0.7651633365499466,0.8293540470367866,0.8767584499608874,0.8837864510713294,0.800981610429603,0.9353721685203427,0.876382868615897,0.8225699148036953,0.8176698560504008,0.8095846499850414,0.8496657936162697,0.7917635654711765,0.3687799685190426,0.43514060420154255,0.39971036874889476,0.4935220539791143,0.7026566955419924,0.9132424370578631,1.0867019493374297,1.154587954235635,1.2298891335660966,0.2752897346632646,1.3451263725971385,1.314312250247268,1.2502545722945464,1.1674778271322785,1.0184438938960751,0.7454604592477394,0.30361378821428564,0.1571278818200923,0.4278388698884873,0.7090928099875733,0.9496686965964667,1.0284870968907047,1.1736707873265306,1.1180587955289008,1.149681953216418,1.0725563976987975,0.9660238186253114,0.8434913893447701,0.7248073451619651,0.5923603994513842,0.47203481845749584,0.3508679410742461,0.15757920159289457,0.24071078458019843,0.6139803165784996,0.7801823009660726,0.3813846168329885,0.6486766071442128,0.5991619902843661,0.9062591795546441,0.7870896110271037,0.24307281945950035,0.5968376354041565,0.19041284139488868,0.465513854260484,0.8662689393862337,0.8907854880386136,0.09813726577507825,0.20933947592164742,0.5904649486715657,1.4212441602257484,1.1982782847408135,1.15098577826395,0.9023910014032555,0.7075824727948843,0.5276608682696331,0.353202783023131,0.19747851730158295,0.11137132885254908,0.02965643315473021,-0.03260443358033227,-0.11461226803037938,-0.22700076330337865,-0.2182710462871451,-0.03421941415873303,0.6448896326017521,0.9841233304853543,0.9204035978556044,0.9385563376097105,0.8569736977372797,0.6915448180764132,0.5343237585567768,0.39998463368062764,0.5498703784954133,0.22841793340431304,0.15863651358370645,0.10946859890503635,0.039098652749809504,-0.019751993913559862,-0.06785825830906733,-0.1535274843149328,0.02159743289897248,0.3388545543424992,0.675282790018219,0.7471867711753045,0.7534284212637448,0.7758125901777162,0.7386703999219395,0.6638508057774217,0.6046718953345431,0.5729218536571916,0.49315852085992384,0.4527050106056625,0.41304305405411035,0.3504146578924504,0.3186098711429266,0.40073250734414384,0.5585213034357591,0.7240488463067251,0.8308164486870802,0.0,0.0,0.0,0.0,0.0
2025-06-01 17:56:58.781,0,0.0,0.0,0.0,0.0,0.0,0.0,1.3630696787367063,0.8965827393350119,0.520172369392062,0.12191921124368188,-0.08088035703418461,-0.06351935326609126,0.06887102672736778,0.22193721217849904,0.37692079979796145,0.5600198953929834,0.7083987790416906,0.8503418587002253,0.9683256050329192,1.029669168362739,1.1353073942923344,1.2901480013565523,1.184246207505339,0.7354482691175119,0.3318355085400806,0.134269320927637,0.1604987567781102,0.2559454883181669,0.4006956372002992,0.564635263025276,0.7347720227491388,0.8478952634364472,0.6339328488105145,1.0278668710477241,1.1043807543631248,1.1885991669104556,1.2194227195301537,1.5582902186339274,1.2535463957503368,0.5339611661507269,0.2292664124339232,0.16200731795925982,0.26959513947310687,0.36647715217584853,0.530370014606794,0.5982728097792445,0.6552657008690368,0.7353443964861077,0.7020580370913658,0.7717308997936086,0.8026346229340028,0.7396816135913922,0.7081711962785779,0.758525075971046,0.5253807499615515,0.3641497233620098,0.31726501700266585,0.4429425089531567,0.4802790981533396,0.48922315459056614,0.6452088578098277,0.8595628430457392,0.6227623770491467,0.6504033099063866,0.6630890542262599,0.6284989401887768,0.6317000426193478,0.7327490723261838,0.22876984259086522,0.7104734398249328,0.9114881314983507,0.2048808365904715,-0.10109409135376479,-0.09761870776555104,0.12834873769183686,0.2382963792259094,0.40703388650517014,0.5533051417156434,0.660767830490834,0.7990603624546582,0.9368867806299923,1.0392096711363692,1.1497953614399434,1.2440052058925144,1.3255785940013012,1.4093650332549257,1.5031764981559026,0.5321083227010646,-0.2187942267461115,0.05853833711254253,0.3999874548058946,0.654997353192458,0.8462747036780476,0.9719804675887191,1.0450197071467002,1.1288148080839402,0.4001023900081539,1.1451185089391058,1.1032183787448413,1.05264223733906,1.0157247064935158,0.9051319493187369,0.7803052473228494,0.6359311136056102,0.6146649485597694,0.8661484953917347,0.9466812345163274,0.955128318774592,0.9345157032257434,0.9149686687440353,0.8672344558043226,0.8529965332890563,0.8059318742713719,0.73677923580062,0.7216345950644092,0.6377038734915501,0.511105834770219,0.27566891122547577,0.20898689710421148,0.6252741127142923,0.8925730414257893,0.9874707552541957,0.9550315908872635,0.41753050380053963,0.5381574362178398,0.786394169144375,0.675786020382104,0.0,0.0,0.0,0.0,0.7211468857650141,0.41887115632234057,1.0750090215722934,-0.07250237384765573,0.44366992997501725,0.7669625040772523,0.7973042203316978,0.7980045878574403,0.847065161771068,0.9182230476147815,0.9821793401001635,0.985036880937499,0.9006867698445271,1.0357327206608198,0.9588531963479716,0.8899480013350727,0.8706549321652866,0.85225292048173,0.880930333090987,0.8374451975716206,0.3906216561782856,0.4626184870629467,0.44442856627813887,0.5565112785086566,0.7838543010876495,1.002807711496331,1.1942494570393007,1.270368245220965,1.3328961646453925,0.3383313251255939,1.4429436748624616,1.3989282410088633,1.3255125902400215,1.227563895665389,1.0647182698715603,0.7708152322858621,0.3227776179878653,0.16372374907512766,0.45257351726339745,0.7596272404899831,1.0108674702212173,1.1181614666146065,1.2666095130801072,1.2179559612873903,1.2491643739800566,1.1634701743275384,1.0439191788163535,0.9105724752734846,0.7838173501329565,0.639802492647441,0.5068576906499288,0.37617138788052357,0.17532037440226375,0.2529797735434211,0.6344174995959675,0.8188936488061455,0.4424504654282031,0.6084458520615689,0.459498711702665,0.7051887312756789,0.9565870694848051,0.2812118149763133,0.542570373951051,0.22480580882639756,0.5464013936251079,0.6712307087569709,0.8073665385966139,0.13362136074214365,0.23824373156177647,0.6304350504798899,1.4804311836300892,1.252774015397634,1.2246422827642451,0.9829606214031386,0.7816186977944584,0.6063749653278441,0.42524516151106595,0.26859799579564547,0.15922310401291062,0.07935524253718262,0.0066713432590803645,-0.07445327632441834,-0.1945234171670186,-0.19024333115653558,-0.010542392579830584,0.6667101716647887,1.0074845909632224,0.9516146180359251,0.9952383377633552,0.9034482187128032,0.7385246118239288,0.6064124560574402,0.45756901983656406,0.5896317186982647,0.2789372737726028,0.20291352534325457,0.15587679813923305,0.07840094316656587,0.027092509997479808,-0.03734182229812877,-0.11043159410475589,0.03440725834069758,0.32165768944359563,0.6652630695841775,0.7394855513538382,0.7739270211669682,0.8011848131188208,0.77784523176447,0.7073008502998337,0.6510144117477681,0.6262239421306288,0.5401031301561798,0.5026546510475218,0.46918501702661186,0.4070663636606334,0.36601320108835,0.4400123575398665,0.6036786021591318,0.7433188341288611,0.8345657188306479,0.0,0.0,0.0,0.0,0.0
2025-06-01 17:56:58.784,0,0.0,0.0,0.0,0.0,0.0,0.0,1.2525530013849546,0.7990196149231175,0.44366007350303194,0.1152369658758794,-0.014503173048796336,0.012412266869424315,0.139750494415524,0.26396940702508664,0.4096308756665422,0.5758161160409998,0.7078779353408278,0.8406840322720363,0.9462275742227848,0.981268560439133,1.0821428090115188,1.2105328311635197,1.1020505770889466,0.6961743955459381,0.3551097048440447,0.20264475143023153,0.23850327472084043,0.3205025989176211,0.4426928184495613,0.6010103163726517,0.7496002092324405,0.8413203221655592,0.6928611067150954,0.9896428262876623,1.0567985707958008,1.121440978041419,1.1405243684755166,1.428116684436398,1.10640550177607,0.5068671646714267,0.2998735542305504,0.28606434166026107,0.39222502852893104,0.46215583289804907,0.5698399854356575,0.6337823949356232,0.6891045912948848,0.7199058896195851,0.7022940878862869,0.7390930320086476,0.7646391306200101,0.6828044273049076,0.6570829770095769,0.6618506496378622,0.5158049383673272,0.43421062546363587,0.4281155928288195,0.5329135106648071,0.5612546977253368,0.5223545931416578,0.6226042231666503,0.8333308832086577,0.5534889225652733,0.7376328703681405,0.6230691648337693,0.677541041820448,0.6553509535742514,0.7228909343614329,0.3855476380293159,0.7144800100033594,0.795751150074127,0.19327032663961266,-0.013041087053152989,0.002512865955389465,0.19362982150069796,0.29682809727091786,0.45174413837103544,0.5928494941177298,0.6839488882119638,0.8036004641645675,0.9276316119537122,1.0282802146321135,1.1220539132529215,1.206581707742626,1.275138614785132,1.3367955812994374,1.4014304268285138,0.44381148596494363,-0.1493002406819689,0.14639907814047803,0.4553029709364318,0.7059993113714567,0.8859337801502352,0.9966471533428063,1.0569559026808895,1.1322561158101923,0.43393433838970324,1.1312904955537866,1.0826890064700336,1.0283563037448298,0.9819577429868852,0.8657127177111481,0.7258950765654485,0.6375782580425284,0.6711506936041097,0.9313908563108595,0.993896650393608,0.9929007823842142,0.9621292803993067,0.9353603300761213,0.8793539535224246,0.8555254200570472,0.8024864559364353,0.7321023228626238,0.7124215375364735,0.6208846834352966,0.491864824670151,0.2512801651246208,0.19884051664961022,0.642295484996857,0.9117806879744816,1.0022224074316834,0.9660990196894699,0.3474683370161898,0.4571281093561353,0.8632599070639084,0.6034924627819644,0.0,0.0,0.0,0.0,0.6473896071514162,0.5628951460275435,0.929963758057159,-0.06029285038406201,0.43845264778095344,0.7631792732133836,0.7994051915878297,0.7921732484032292,0.8562010191227414,0.9198626496302025,0.9945408622508127,0.9963542040926403,0.91895788375481,1.0547848139883027,0.984129197821872,0.9137454344407734,0.9000025794186628,0.8803856612054184,0.9105903624688494,0.897952315757045,0.40535821874693234,0.45406025227295943,0.4258107192420608,0.5431036138823955,0.7640621309341984,0.9857654567863352,1.1844000335203013,1.2710607280961808,1.3353639707952254,0.402763159615321,1.4663899770898885,1.4282073698227258,1.3633708498165034,1.2655327039181743,1.1106634341768342,0.8283125965366822,0.3821564116210834,0.11303786914923708,0.38238924237403993,0.6926455403176601,0.9491749202218909,1.0857147169880224,1.2352022534876053,1.206477492185319,1.245115233449484,1.170385439066819,1.0613565548153097,0.9359651794774343,0.8131634214201237,0.6725956296768942,0.5448899224377697,0.41441391768634417,0.22739795165628435,0.22632598325543615,0.5535261374239331,0.750343326582298,0.4242691913176423,0.45377527264572437,0.39943996763234313,0.5181138544510592,0.9873404610198697,0.263633524200259,0.477652014900188,0.2955573659803725,0.537748089332802,0.4040569832450146,0.735554427670711,0.17553350167066178,0.27098630248761396,0.6166113019144903,1.3909894355897428,1.1982802214072432,1.1639663586401126,0.9467572513400828,0.7636100222721451,0.5852764105342172,0.4312379837763807,0.28307901552844505,0.1847052558886182,0.10863234396899846,0.04159265189637762,-0.029173068766912946,-0.1424207416291291,-0.14712081812247868,-0.02868308990421825,0.5670887424032838,0.9268950723880788,0.9029806507852132,0.9384438173794106,0.839683000800399,0.6978235998617097,0.6116404379883733,0.44553073459027925,0.6550635557613211,0.30583027232965776,0.2418589049794897,0.2098450925606754,0.13552550562200205,0.10956596802008978,0.04334770324646331,-0.02185883930629462,0.03534259431811254,0.20586418301648746,0.5531957577377866,0.6567229824881534,0.6996921793596507,0.7175751975953601,0.7328945526991419,0.6829418832570995,0.6501788235679462,0.6448775665486282,0.5689344787651189,0.5437961402997085,0.5336730558611402,0.47747699620806683,0.4392267055950596,0.49249271025296676,0.6153980647576501,0.6689379969400956,0.7141737719425763,0.0,0.0,0.0,0.0,0.0
2025-06-01 17:56:58.788,0,0.0,0.0,0.0,0.0,0.0,0.0,1.1534416168838448,0.7130680844728245,0.36882325964462315,0.10097900349485933,0.03700517514953516,0.08259197302709465,0.21157590061759357,0.3115061521672631,0.4486500495168334,0.5942558903599535,0.7145672133408045,0.8345472520865028,0.9281482930544627,0.9454520446936591,1.0371160703799376,1.1350803785832844,1.004913738085404,0.6544033229823893,0.38130364630594094,0.2706114569841599,0.31494090176335465,0.38015144126405676,0.48440496881299566,0.6293317705127273,0.7560075813099396,0.8402622302784915,0.7732157716025081,0.9537918875222228,1.008298554366306,1.061388655436956,1.0650806622772695,1.297441301269894,0.9557402336291947,0.4682271474196079,0.33591389573883623,0.38593067447960583,0.4874636964035224,0.5636776620278208,0.5905394062433289,0.663755803429517,0.7040702767191802,0.7089639807165253,0.6879548046796198,0.7053197247359598,0.7158546043517021,0.6158570260972236,0.6050632380084272,0.5537716435694915,0.4807641794081484,0.492859113954522,0.5145785940442641,0.5923515873324827,0.621328203337292,0.5864746634198323,0.5795400137050518,0.783900114057202,0.5711771921775897,0.7688668458386139,0.5834358086142336,0.8047684448196127,0.6129503003385735,0.7269204357351982,0.4442163645036843,0.8440138752778572,0.6882252291800348,0.17138875629467507,0.0689188898052403,0.0773185916164636,0.2399681824957849,0.3427374464905466,0.4846430510505708,0.6146649587785908,0.698663356720725,0.8009197522926343,0.9081184907660209,1.004058464974519,1.0891842233814848,1.16261592366599,1.2190229225532843,1.2686335412563028,1.3005532444484664,0.35385159299143837,-0.09093123831635852,0.23189379918231712,0.5039842632328075,0.7448566388391884,0.911078327160213,1.0128359787891879,1.063681469556669,1.1254519589390755,0.4787065111293715,1.1083464576976751,1.0508861827832678,0.9946583474223541,0.9381857782469948,0.8253957869453556,0.663386497725038,0.6289982046678021,0.7166271680748527,0.9771085279456821,1.0146685489276026,1.0104709208688638,0.9742516300931159,0.9375571379261394,0.8783826464391229,0.8431454742794109,0.7891942462895307,0.7144750344108635,0.6903093315314641,0.5960631498336328,0.46361350978316784,0.22460346829962452,0.16570512533274956,0.6471501530719447,0.9118015715219228,1.0001696252918335,0.9639782260872516,0.35372500373007515,0.35426163893970447,0.8829212320965047,0.5653031445630362,0.0,0.0,0.0,0.0,0.6207057167429375,0.6129554102101331,0.8150985980316604,-0.048727133074995155,0.4324315632073867,0.7558211324099507,0.7908741040499339,0.7678437371641632,0.8367299676275406,0.9003481415852568,0.9792222291046833,0.9797797859756585,0.913712463871772,1.0545296214720978,0.991622116055908,0.9246798170241564,0.9208957999272229,0.9131365679901786,0.9397236190486806,0.9527460502753613,0.41842591854449696,0.43097263136492436,0.39217351098483055,0.505428412737168,0.7204017641427443,0.943819821329702,1.1508275074349852,1.257401938791461,1.3243133366501054,0.5237102333937724,1.4770482922386745,1.4439195534652915,1.3942396525096472,1.295921479860565,1.1609989478463152,0.8982538378707421,0.45354134204383056,0.0543156536739291,0.30476222818782406,0.5944412582174081,0.8587008591206833,1.033583618563157,1.1788039651295645,1.1712304361096788,1.2181535928014031,1.1625760936914618,1.0680619812965233,0.9571362872058392,0.8359643878536535,0.7080916204230026,0.5814456177080585,0.4612506561949471,0.29498118523622396,0.17618875723216101,0.43413235157805474,0.6469354401513173,0.4013238335028696,0.31715015131138824,0.47626997123657233,0.5132355081149593,0.802770924079234,0.3802592109458258,0.47075368099739184,0.36578255913861596,0.5429086855393741,0.3323535672722572,0.6763292088003363,0.22284238373703952,0.30749740803690245,0.5830432059338516,1.2481843489529645,1.0949060214346114,1.045538538663076,0.8762861530102124,0.7085804957622612,0.5330023974794553,0.4069923987201709,0.27673216606357887,0.20214122928826828,0.12776146186461412,0.08525315024588664,0.01697120077076697,-0.08036180071027577,-0.07989038103578494,-0.055940625295519575,0.4377553371907494,0.8213594491411391,0.8299566726376333,0.8262379649758044,0.7337445728918224,0.6206585430321225,0.5646490135263635,0.39675537689502405,0.6509465794050119,0.3139485466135943,0.26541741285416687,0.2544903477500047,0.19810070187931716,0.1858840765938633,0.13265812753060957,0.08869092361926839,0.06845224364025237,0.08251872005558525,0.41253141031591006,0.5457056544502773,0.5937143596032699,0.6024377174225157,0.6472473094836277,0.6222333752167861,0.6216508479719765,0.6407605691284204,0.5840408834275472,0.576797036708796,0.5886461180417317,0.5479601651495262,0.5192857384250655,0.564685308321051,0.6252255686986498,0.5960620282149677,0.5953573030696335,0.0,0.0,0.0,0.0,0.0
2025-06-01 17:56:58.791,0,0.0,0.0,0.0,0.0,0.0,0.0,1.1486431354592117,0.6955365013636606,0.34835187444641613,0.09640796472869784,0.052682189391138556,0.11447170419958363,0.24427891199167717,0.336563206672688,0.47514603510818654,0.6015307340782676,0.7274876931882175,0.844104379655683,0.9304584722074267,0.945861850817839,1.0369312334960639,1.114969874849429,0.9825816192002919,0.6464686428205106,0.39691982794148994,0.30552890525917953,0.34228244224604976,0.4022786829273488,0.4975471196211725,0.6391276257567511,0.7542495458097529,0.8443096504090772,0.6755327240401217,0.9433688223491444,0.9886107487521492,1.0428863396670043,1.039806894882269,1.253500647125548,0.9224616214931407,0.45283779333124674,0.34512792988706165,0.39021748912957466,0.5133650495110595,0.6205964798685164,0.5971926716673575,0.6659054110677805,0.6883650448000358,0.7036048554745873,0.6789303908021638,0.6919017761228466,0.7128925744781828,0.5977632700993563,0.6040653536384044,0.5195059595609468,0.4624375219175322,0.5040145503134431,0.5337063477888987,0.6003875291641974,0.6555964637036804,0.7403989507509523,0.4468548628318423,0.6401514476631096,0.6677822790069468,0.7702869237633676,0.5805176496246073,0.8018994854915376,0.5674177530710109,0.5807135667911195,0.44214970385025043,0.954055984064158,0.6580073454667954,0.14879624539330152,0.10201417332404095,0.10322531953370628,0.2543842057115584,0.36744038105641463,0.5125239045544321,0.6315468698727951,0.7142059109864058,0.8084765378380747,0.9047567111418753,1.0013816588134072,1.0870973559737185,1.1571318778913462,1.2110727931510339,1.2544621788322425,1.2703481359865607,0.32577594902713464,-0.056180315245823564,0.2721516470349874,0.5293228161553185,0.7671918540944629,0.921384950606535,1.023624038129193,1.0761946338307116,1.1282632206055216,0.499358804006748,1.10862780879598,1.0426842172244934,0.989147436302071,0.925167895860811,0.8209693384806267,0.6487834084067106,0.6368226311298112,0.7327896994952917,0.9899180147390689,1.0183414486418088,1.0172993156007053,0.9768554101632632,0.939071954142594,0.8860735664546056,0.8424909304072121,0.7934094566386167,0.711770252112043,0.6849339273138724,0.5875848912880974,0.46210971153577385,0.22371402181333266,0.1598145269411292,0.6512356096005653,0.9129943115458217,0.9956074867371836,0.9653020818682825,0.35282193549619595,0.36567681044886763,0.8799562853585428,0.580928733200942,0.0,0.0,0.0,0.0,0.7714733435260135,0.5319188131829864,0.7131907612752851,-0.05221400850418417,0.4301284876281701,0.7576939576196432,0.7873107605246863,0.7549250918558449,0.8233739047900037,0.8886516807517981,0.9728955676845277,0.9712633812012732,0.9090673615636069,1.0503526815121975,0.9875244838285067,0.925234146542234,0.9236112747764911,0.9306779800827598,0.9416100364211442,0.9633687449864603,0.4190572059183151,0.4192789665446932,0.38556398132722447,0.49009039852669445,0.7119889165058504,0.9287811203786305,1.141850573373742,1.2603521125902752,1.3286413530126537,0.6128888244359134,1.4822636030336236,1.446455824210314,1.4069636227561724,1.2993903428750162,1.1809439435342248,0.9145742560308625,0.47741812841234876,0.03989454838845552,0.27701803337507747,0.5553418231650571,0.8243850164380833,1.0154135448075425,1.1557209504955406,1.1643315493689215,1.2070974633358413,1.1641480092563374,1.0709895398091347,0.9665760107683244,0.8458188494036013,0.7256619070891306,0.5971457967896856,0.48431817908792596,0.3216512789090475,0.14228589039859213,0.37892786941687095,0.6110735818168139,0.4138071070745687,0.3109566812140626,0.5006832187761332,0.4990300910483475,0.7104802049370074,0.5884548294084448,0.45426006166925986,0.33986751766758455,0.558596740532145,0.40563055039683693,0.5083073022124468,0.24854896540635701,0.3180173095090077,0.5581103414404724,1.1681459737748325,1.0479159772197113,0.9883111984091802,0.8623747868601561,0.6863209668563581,0.5261339928317308,0.39371905649514427,0.29125948588380846,0.2183001963240483,0.13497726413556888,0.10374515037251864,0.048814766764605166,-0.04472369412900412,-0.06476887864634567,-0.07452525228548634,0.375173095187229,0.7846268657949512,0.8020428986750558,0.7760226296578804,0.6841490028275989,0.5814824603224742,0.5356225382691842,0.370622701320211,0.6623884577112863,0.30643976159059294,0.2641343328256234,0.2600145299998968,0.22190615181596385,0.21739390389211521,0.1649322475573305,0.14216769319346384,0.07940340311523747,0.027655328716699734,0.33838307358212144,0.4731621249993586,0.5370985798498127,0.5364062384287347,0.5844714866709508,0.578272591039066,0.5891882659169114,0.6165569683581902,0.5735575724159443,0.584696541558499,0.5976624313790968,0.5745586694217107,0.5527344416774,0.5931276952868811,0.6215594658981459,0.5656119697983443,0.5365154085106321,0.0,0.0,0.0,0.0,0.0
2025-06-01 17:56:58.792,0,0.0,0.0,0.0,0.0,0.0,0.0,1.130641549041776,0.6857238387908554,0.31866788981422667,0.07791433919958435,0.026030506458249003,0.09639916436590801,0.22939298995811275,0.3210045699735484,0.4681638235384554,0.577799625495885,0.7116159698838398,0.8352159523125452,0.911126940376126,0.9263741160513376,1.0202955099278301,1.0922615191576255,0.9666889060989727,0.6202456474274278,0.37865218858471494,0.29458912437870877,0.317585574760582,0.3803719753422663,0.48104987856681847,0.6236901129099255,0.7310544190894417,0.8263786493382002,0.5561011326971101,0.9252485968693381,0.969974299556652,1.0220673946037482,1.0209409701596552,1.2207757823365841,0.9160788440658301,0.43152520692536955,0.3349842782199318,0.3472722750763897,0.48222659115079436,0.6208737812839966,0.5885656378110142,0.661684713286836,0.6832904104401023,0.6830182074530766,0.6913848191348215,0.6742062214036523,0.711361201582852,0.6140616206833547,0.6061422628656304,0.4927220474441471,0.4136266991319756,0.4872950571049902,0.5342884633221482,0.5854625406104155,0.650200157657967,0.9524394793544155,0.37774098683897883,0.547590669987887,0.7666463762533577,0.7308969045809107,0.5725716712586391,0.6551137553154909,0.46184578109344815,0.41045623756008687,0.4895730180936202,1.020461168181125,0.67772391919327,0.13288091152393575,0.11088633901359657,0.1111370725358134,0.25623759002366553,0.3666837050993619,0.516537611491076,0.6293127067777984,0.7132427912732029,0.8070334518665248,0.9027711287534614,0.9959558571348803,1.086480453825113,1.1579119803660163,1.2207061761987548,1.2510720644147337,1.2520954685417185,0.3269355370502823,-0.06590206943166876,0.2688363703481631,0.5241879000153937,0.7651198633008696,0.9085758182495378,1.0199909239444125,1.0789536652525933,1.1249413543245266,0.5300713426972594,1.1084745749928062,1.0435900321746225,0.9900156013053855,0.9264006902714265,0.820132027707603,0.6522937958708909,0.6371867547985883,0.7285856046923845,0.9826855632345537,1.0197695245068752,1.012876690177429,0.9763337541700448,0.9398224831828474,0.8862161662933876,0.8441061251699933,0.7947730463679905,0.712354990283538,0.677344688616492,0.5781791158890837,0.448772127078222,0.2167593153682048,0.16119107113004477,0.6630732277157486,0.9289182401171059,1.0021769453391782,0.9771436850060531,0.399979878378898,0.3946780329960508,0.8912852277091672,0.527520534111332,0.0,0.0,0.0,0.0,0.7591165111799543,0.5667285423105204,0.7211468195563357,-0.03213726321014587,0.44736211593643377,0.7663036689644993,0.7907263448256023,0.7595101005598729,0.8255102728427544,0.8883731426947687,0.975171138749837,0.9746705615687317,0.9165297527672487,1.0464062868270085,0.9764243163183313,0.9227341905360076,0.9263803403098261,0.9337812145417512,0.9360160777232955,0.9596429846571433,0.4259153619415068,0.42502282415861303,0.3969931284680752,0.4975189941480185,0.7211305115887219,0.9310764462440666,1.1507469363587743,1.2662107276946475,1.3324414754853693,0.6572533447243636,1.4770890186652572,1.4442485237888132,1.4035476336417687,1.2828777484623552,1.170366888971024,0.9064727355762058,0.47308661057711476,0.059187876419533825,0.2834195243961305,0.56361936562379,0.8342852963193739,1.0124236160059723,1.159005350723274,1.1629546409943645,1.1985622702714283,1.1597346172497462,1.071966319811366,0.9553514199564158,0.8361839371730403,0.7157548882133224,0.5941251212471098,0.47870247185722703,0.3081751081484725,0.1373143715186984,0.39617395130407795,0.6272128783771475,0.48740654470469724,0.34306609005310584,0.508283572198842,0.5065128896952322,0.6559640274066869,0.5902710630594893,0.4202166686057544,0.3717465307207776,0.48013209361685694,0.3683594837080644,0.46793877547256824,0.23590888596907228,0.3064511802505178,0.5521273987663484,1.1672864059596721,1.070462028953144,1.0159161156074354,0.8901252070538863,0.7048116520627092,0.5439497620361631,0.3886229810422588,0.3068441946819791,0.23687092569894674,0.12829130926438492,0.09023192476024877,0.04419274247871863,-0.058124547527948045,-0.11165344237001612,-0.1031465596497988,0.38106810370030925,0.805478444566752,0.8182788317436791,0.8014460316576183,0.7149764261472227,0.6119156230534206,0.5613902203423364,0.39653868909342127,0.6809172663093809,0.31481292940573,0.2801479847126169,0.2681938691940342,0.237606357371266,0.22037763076048067,0.15710883784840268,0.123796748237128,0.02550669648623871,0.022148122573667606,0.3487223544753472,0.48227273051053643,0.5576249422244637,0.5624467725285762,0.6039983967359674,0.601626904775804,0.6042665377465641,0.6212417086550079,0.585128338367257,0.5963468997057217,0.5987081707230106,0.5787919651583652,0.5467202170234162,0.5713487925458824,0.5924654188875685,0.5668406200305943,0.5368178097734844,0.0,0.0,0.0,0.0,0.0
2025-06-01 17:56:58.795,0,0.0,0.0,0.0,0.0,0.0,0.0,1.1315501441170541,0.694343939728852,0.3028395961547671,0.05521051820618861,-0.002224752569027877,0.07176029336410139,0.21284971492547278,0.3152104076309883,0.4677676906676308,0.5735176500051744,0.7115969883854556,0.8362806549854677,0.9059359685197763,0.9223387391112979,1.0174765730740085,1.1050847278331448,0.9587602614146322,0.6014181285395293,0.345678546295237,0.2646538891362703,0.29388276088653775,0.3458537916195772,0.4604860008975984,0.6085688398394549,0.7135206603722917,0.810840775573342,0.6050437745623967,0.9254696327278479,0.9706026119914484,1.0210307290513079,1.030151662738417,1.225768177687601,0.9359658081825786,0.42637610701202,0.30173200667881683,0.30262765213585907,0.42775354788889497,0.605457112157999,0.5972865882448837,0.6591435220756803,0.6784185381344214,0.6684705114439431,0.7204834398433826,0.6695816896196144,0.7129692122145802,0.6459368076711809,0.6077384990104677,0.4968607752621486,0.3985409285150635,0.4700951211200295,0.5445545725743813,0.5689071917575335,0.6240019646099584,1.0377309489436501,0.5795173218310337,0.583142620201722,0.8199305851186127,0.6103370847641051,0.522752674513261,0.5651156947673492,0.4004131345088208,0.4234730635022175,0.5041342652787085,1.0777939400157062,0.6815037607589578,0.12381774285650513,0.11167122156366405,0.11384873732055079,0.25535042153279575,0.3558807481055333,0.5048733228074662,0.6094162821740035,0.6953100751886951,0.794047620275697,0.8934300135396478,0.9786690934673603,1.071590146069036,1.148910724283101,1.2170936986818657,1.2354100154091436,1.2245147566926127,0.33255877581086307,-0.07203722318828731,0.2564416451333742,0.5113359126654817,0.7501295389825688,0.8896982316149487,1.01024286954098,1.0709114699314095,1.1124021211338915,0.5737392601584572,1.0949273160715551,1.0428385008311083,0.9828947829901659,0.9191429821779741,0.8144484882194574,0.6614555210313827,0.6434131020475586,0.7342368462650913,0.9867714635667753,1.0228362911308657,1.0045206676234135,0.9739266401809117,0.9364091863199588,0.8788696852342768,0.8393530383566941,0.7873671090811829,0.7116352086450053,0.6647306284720909,0.5700426918495523,0.4265391817429437,0.2108554783695875,0.16317201121787467,0.6850709841678555,0.9390872064858975,1.019909729211913,0.9932408096784846,0.5001403707361498,0.4227243485231144,0.9163397712272681,0.4199776425587112,0.0,0.0,0.0,0.0,0.6361295660974255,0.6370102882720416,0.7329487873528655,-0.017713510548874378,0.4710538534671977,0.776615949618446,0.7965163336804879,0.767966631628418,0.832197208825429,0.8950047696192891,0.9717935940917166,0.9778607760892495,0.9262712552051444,1.0448366660098012,0.9615350338603177,0.9173155350128399,0.9303574191468,0.9320729347487926,0.9243876735388019,0.9481427270883598,0.43135418685310234,0.4235958964803157,0.3994233173113777,0.5020276061133151,0.722797464336326,0.9290860729293038,1.1551284284958925,1.2686223313781768,1.329126213970823,0.6198300715840563,1.464009558039327,1.440174059255721,1.3950036491899673,1.2634262137828607,1.1547878203504818,0.9071443491631032,0.46274852693828017,0.07173230395889096,0.2970662320622518,0.5726941621302124,0.8426208723659094,1.0081082505531664,1.1585280396681137,1.1551841601758681,1.1839885776831887,1.1432418970528557,1.0689744498194518,0.9398276666829065,0.8187889511874679,0.6995947549718515,0.5809947267613903,0.4685748932377407,0.2903555805458802,0.14334587123075412,0.42340927397825956,0.6367431711466406,0.5329442342128973,0.42071859020672653,0.4584792463030225,0.6031690035097782,0.5635331807718802,0.6161971751275653,0.39049410947430857,0.5528503811673859,0.45399571161367414,0.33672240365187467,0.4894004984250354,0.2143598689603095,0.29803934355021916,0.5598235722375148,1.1837045931243213,1.087171145962374,1.0520258156358313,0.8888852572115193,0.7315281151165769,0.5550244009630783,0.38245018046202284,0.2905820483845647,0.24610852667358118,0.12291922258589438,0.07937279027230848,0.020948913373776468,-0.07308268463321976,-0.15401968619296375,-0.10923716421064406,0.37581015070272544,0.8177450464438752,0.8399984061450563,0.8139301287408985,0.764966493881517,0.6476701257186326,0.5691656613274565,0.4210564194208162,0.6515993897845712,0.3227421901783474,0.2919628702763182,0.27538196617626753,0.2532750920742136,0.2153815111993892,0.1534692190712521,0.09927994115380018,-0.004755604353084586,0.030127470247526378,0.3758646872877584,0.49895192522158816,0.5814878234890082,0.5994918318528559,0.633936071200417,0.6371448966499609,0.6306850418879046,0.6322704096143454,0.6162390575683849,0.6089703816567507,0.6107982376978014,0.5886593208386109,0.5483720417508202,0.5594791063449958,0.5715143412011512,0.573571117015916,0.5521847808977514,0.0,0.0,0.0,0.0,0.0
2025-06-01 17:56:58.798,0,0.0,0.0,0.0,0.0,0.0,0.0,1.1836348236595151,0.7358609795522325,0.3217775314923623,0.0330186780913454,-0.05064014276802353,0.010773883220370872,0.16296210338673134,0.27862242967836925,0.43864557825409756,0.544363666517405,0.6982717945188681,0.8327487807681208,0.9045893690757083,0.9284679177512513,1.0298347273333999,1.1394256934112525,0.9892858110150844,0.5940974556603704,0.29667443321518827,0.1871059000672396,0.2166147394007627,0.2687910318107567,0.3941388214023449,0.5555377692298133,0.669233331769298,0.7801344656108442,0.6040728578045922,0.9282681095464916,0.9826730065377329,1.041237872777154,1.0666585842461578,1.2768742293053394,1.010296393703227,0.4193080886814402,0.23441893863634733,0.18662151569661578,0.31331455692812127,0.5328274603574845,0.5625093926935976,0.6194598147668462,0.6403795671366892,0.6681479438241336,0.7349375522678372,0.6878631526569358,0.7434242378634021,0.7032533366419573,0.6381428942797374,0.5694309332485381,0.40048931124894627,0.41662612560201073,0.470535365754697,0.4791588886332172,0.5388432100837512,0.9278572478913221,0.6413561620463888,0.6050614893552202,0.8607859908644624,0.45382196051844503,0.4691905926422715,0.5780741972631376,0.40440711002640467,0.4006690452589977,0.4180460200619315,1.16289037052409,0.7132302112733326,0.10517787587575364,0.04590510836845074,0.0492754376186928,0.1920812477777225,0.2904810885255851,0.43955935707759,0.5341674798433254,0.6228749732542374,0.7454968707147893,0.8460557701982807,0.9289364759348744,1.0281447538853503,1.1175114228049765,1.1936430896665693,1.2302150980538755,1.2305251855010904,0.36098374928826577,-0.1527885116707628,0.16494953013504632,0.42339614380400237,0.6588334683289607,0.8097665324823136,0.9345949561559408,1.0024232026208924,1.044452700766114,0.5793768042763767,1.0433503049719566,1.0123356491275617,0.9503135034292135,0.8973985667732495,0.8093491708274805,0.6730908923802159,0.6182637891432856,0.6914647670982285,0.904339705862971,0.9521957088170663,0.9315235788999574,0.9058925096751127,0.8720304959612948,0.8123808166355069,0.7878535061669789,0.7318131734525983,0.6763694794496458,0.618614847230367,0.5348619091644091,0.39615212513997833,0.20208062348057965,0.16629844095203655,0.682697069883763,0.9186498931807814,1.003137983450786,0.9691648868944804,0.5524259265019409,0.5151525713430238,0.8164984679551361,0.2948555879314593,0.0,0.0,0.0,0.0,0.5368257156500847,0.70853731708111,0.6822840256977143,-0.03507732383890949,0.478147603801987,0.7786078584460749,0.7797525992611527,0.7548343662893714,0.8035612702135393,0.8574454386967882,0.9223144936755654,0.9184949218896783,0.8801250909832237,0.9789409426316649,0.8871974950415842,0.8574027883713489,0.8716426836963056,0.8742711282059561,0.8527321260953018,0.8466536700375928,0.4196363156430877,0.4271500576365399,0.4093404313987199,0.5017110778247615,0.7131037466758843,0.9018223142361159,1.1139153426201522,1.2125022681688822,1.2526205373905894,0.532232366832089,1.373642369619629,1.3635745486346131,1.3107550657117433,1.1813388328973211,1.0784206875545619,0.8308234801100026,0.3865111512021937,0.11892885610422232,0.3394698261157326,0.6052598138861214,0.8555762773302757,0.9952319905803522,1.1226765624447146,1.1064751260443606,1.1222755202597066,1.0707499864169878,1.0065631554903138,0.8670238070850879,0.7527312241862848,0.6366391888678038,0.5208370499123549,0.41441994965966267,0.22351837061987379,0.17852119373743505,0.5168257425819003,0.6908467305851277,0.5497399554152552,0.540893334204748,0.31645123897986505,0.6199362036185606,0.5062037304426874,0.681696782636365,0.41544819855392817,0.688968192721251,0.4570157909743364,0.33709549373422376,0.417287645490097,0.15665128010512236,0.2650492752413602,0.5894108433039464,1.2695012860248227,1.1361269042175424,1.0929675070005382,0.9068967202892151,0.7206501013418298,0.5400224512117591,0.3267109051302166,0.22927300354069002,0.1955957602704328,0.05675122080510886,0.01347429424486124,-0.06308402531059709,-0.13671675648414172,-0.21283020851261525,-0.06644103227206838,0.4563402622907133,0.8756374722004489,0.8768717778779638,0.8393109754943943,0.7855441924380953,0.6243738077907053,0.5115282297842765,0.3738016730934175,0.5268773857372177,0.24208671344898058,0.21245659647014614,0.17710479969738868,0.16718985927513696,0.10690409802611833,0.05161786979423244,0.00014690050826676737,-0.022935261527952222,0.12086408937061022,0.45323929860304696,0.5351716674217286,0.601471950554531,0.6074773356189056,0.604257865448234,0.606713958390642,0.5732702126141456,0.5593651910919129,0.5511781908790712,0.5277171505182339,0.5220722412478291,0.49312827386159663,0.4556826895569255,0.48165252485080884,0.5340912186704152,0.6042029806434926,0.5967400405384886,0.0,0.0,0.0,0.0,0.0
2025-06-01 17:56:58.804,0,0.0,0.0,0.0,0.0,0.0,0.0,1.1407557284966554,0.7147024169145395,0.2943828130798509,0.003855770822997928,-0.1051188283459511,-0.070174392823798,0.0857684275030165,0.20275754470535534,0.35569941759055224,0.4638225016070576,0.6269091712662549,0.76640502101812,0.835934667062681,0.8638853261762695,0.9714562083262873,1.0879573213825153,0.9534860019612736,0.5555781823393628,0.2331802319333155,0.09472991974614187,0.09765556647360452,0.15458601937719307,0.2771172944176783,0.4406141527849945,0.5559189669520714,0.6711121667131981,0.4571980894000782,0.8424982398909396,0.8990858312105268,0.9670741230137475,1.0057340792551002,1.2149902082583885,0.9668436686752784,0.3804118864891698,0.1602551772448204,0.06723845554372887,0.18235169116591643,0.40030459095871906,0.47474911187836843,0.5005813967584822,0.5468295322456129,0.5940868164855098,0.6621113903377029,0.6255727463791058,0.6983965365455908,0.6749243488285748,0.5975540383310326,0.5683429592316267,0.36265807536920924,0.37175065143722397,0.3851457886227392,0.37338592185377806,0.40603948934883594,0.747373871186181,0.6391677912590596,0.5938958420057827,0.7769786096977886,0.33245254655851453,0.41200515258621406,0.4592316423107027,0.366683943136848,0.34993229221378686,0.4289056436953036,1.0529855281441745,0.6753700753739524,0.09034005862281033,-0.02086391891201811,-0.04080193103874463,0.0912957245213799,0.1723073079179358,0.3111305468371368,0.39176802972184577,0.4797079579155221,0.6145741619282767,0.7207030176437395,0.8032677648273914,0.9069771865420767,1.0073448568514853,1.0918440723608316,1.1527164892165294,1.1527658632008495,0.33772637291802327,-0.2543252706647404,0.027323298538831864,0.26612846501850296,0.48776280799103655,0.6402340425574304,0.7605700916319971,0.8319699827231757,0.8789859984751585,0.5323946487800735,0.9046734570346249,0.895324165514466,0.8481215979863738,0.8127002975644161,0.7455653889370013,0.6329526119677656,0.5553428142480363,0.5744066013470889,0.7212005015404372,0.7770023170808307,0.7456908458109794,0.7219886856374782,0.6945986965018212,0.6425473540297886,0.6315643840073688,0.5812139808539305,0.5524828047910766,0.49892921225300846,0.4267013681750278,0.30878637217935057,0.15430230661733169,0.15115633747091478,0.6251876979753318,0.8511866588124821,0.9143111197225071,0.8729460299768255,0.5660777309645044,0.5270069807430919,0.6810843982721988,0.243597842046808,0.0,0.0,0.0,0.0,0.4019779279483944,0.6594805278559195,0.7364554843841664,-0.07494660802139513,0.42318635781187625,0.7303239076837837,0.713722994419864,0.6778842750316992,0.683604808874535,0.7278009727682717,0.7743899748858611,0.7645960508532754,0.7360508165368214,0.8277934955212585,0.7588571516915035,0.7549380800346768,0.7765455821587122,0.7879937576697655,0.7692416329691565,0.7382626387457347,0.37224505322142637,0.38888806437687296,0.36462786859680985,0.4281550651906394,0.6087831176560747,0.7731964079942837,0.9585484906007253,1.0383976894339113,1.0747714467610685,0.49721695868328036,1.208784304271254,1.2209108408889646,1.178813844448134,1.0720158893816434,0.9855931046962964,0.7494133489981745,0.30930255588611516,0.0905763783308342,0.2967956829482413,0.543640501975964,0.7584024116081722,0.8666321148519252,0.9774378771998911,0.9565699679171991,0.9667745020606233,0.9208081623241515,0.8843894021880123,0.7475823303379622,0.6584938957510896,0.5525591650854678,0.4534709028447782,0.3616341941312636,0.17449868836056445,0.17205007675256279,0.5388457643300627,0.6738120095680774,0.5871366477159266,0.4907849964980495,0.26995445945755336,0.5253254908277559,0.5269650754905744,0.5744271443158264,0.43026050256959764,0.6889605929734715,0.4628635931796594,0.27678700132448364,0.3081664599177064,0.099142215963467,0.22103441431283877,0.574896455680578,1.262273678934236,1.1105117776123237,1.0358979637160015,0.8493655179644675,0.6314968392862803,0.45888655552200963,0.22613721691124766,0.12834899368205765,0.10057957099381043,-0.03621684078544751,-0.06736248386599808,-0.14074636752689473,-0.19894030257184891,-0.2740883774505581,-0.08153987002236546,0.48263086723501863,0.8839191817282954,0.8605651752845209,0.8040974932386692,0.7139233794652464,0.5182371685114031,0.39251845657321405,0.2700895265707002,0.39602826226232124,0.12944906982651117,0.10268765106850086,0.05590830598456176,0.05560469876603047,-0.0026470219962297925,-0.048330976008927995,-0.09657249779219129,-0.10018499769525341,0.12286753961390195,0.4810985456545495,0.5321265886816943,0.5638022140147934,0.5295946610161959,0.5010941744699466,0.5123552487909497,0.46249915057296076,0.43215418927544125,0.43275200711099626,0.4135487535379836,0.4094594455291729,0.37040601193652967,0.34666766762476664,0.3795412550256156,0.453746402614699,0.5389513414714132,0.5573487409012672,0.0,0.0,0.0,0.0,0.0
2025-06-01 17:56:58.807,0,0.0,0.0,0.0,0.0,0.0,0.0,1.0968669904452732,0.6874652453987031,0.25677653904503295,-0.01623284020988547,-0.14609304858486327,-0.1355172288735237,0.027512079797337607,0.14381032289293194,0.28836816585562486,0.4097890726219895,0.5705808641956938,0.7126078186072659,0.7868434018420749,0.8100815625331249,0.9192895919005558,1.0429573502085534,0.9083256146924897,0.5234751402056628,0.17804335688564454,0.017694804774684214,0.010318798437855436,0.06635059217184902,0.1973671716855243,0.35768081005435515,0.4727803614257291,0.5900428181890431,0.4420123770279534,0.7820228526432794,0.8365750733239397,0.8987946744740497,0.9568057276858255,1.1491074538414945,0.8948628368399856,0.3350918165930751,0.1002631224956243,-0.005140191797603499,0.0876142421001267,0.30115561113891975,0.4066599891849074,0.4197948481929237,0.4820497867023674,0.5283419418796391,0.5990581304085898,0.5659864498299533,0.6384735962951517,0.6470378101770633,0.5433613870491789,0.5325822786849559,0.3118507050503965,0.3317575243045271,0.32747505157428813,0.29241319485714135,0.2937474159303519,0.5673942223020194,0.6538558857519255,0.4602532739898428,0.5935750273894849,0.3141164803277894,0.31131243305934364,0.48460308931148754,0.2948530652202765,0.4028398892094961,0.5705746586143045,0.8987000517575452,0.6691119323147485,0.09496190326097617,-0.07943587888286219,-0.13024374228193336,0.0053070350748722905,0.06971839097227539,0.20052019220413286,0.27870539227555624,0.3752347452317504,0.5166459034979138,0.6263991309092967,0.7093720159299941,0.8171463373351818,0.9287048294721392,1.0182060433584643,1.0910044749320336,1.1024681590541183,0.3172341269377848,-0.3397382941548335,-0.07799872287666099,0.1426530301367388,0.35794783687731013,0.5067104420703092,0.6240216477777305,0.7019832773765526,0.7531391572204831,0.5562730269742184,0.7970252390839314,0.8017557843652018,0.7689829351822509,0.7425536232305524,0.6891297067758808,0.5838801537929678,0.492395549345073,0.4758851959393283,0.5841980288107957,0.6429480043620048,0.6019825195417672,0.5831106401889696,0.5628089140036843,0.5127061563285591,0.5079479001387501,0.46071828886107724,0.4502394093789579,0.3978926545409749,0.334638287583773,0.2250630528628993,0.1043927320152197,0.11492586521238779,0.567916592307041,0.7986899935494629,0.8424564909245775,0.7940537535195422,0.5150926013142496,0.4910424924691659,0.5079549400360444,0.20441601772307844,0.0,0.0,0.0,0.0,0.23088302868892963,0.5781890574931621,0.7859909584470718,-0.07120100156634657,0.3873703663059295,0.6881966551536519,0.6670570523828381,0.6192847964106009,0.5958903028345475,0.6280513954396831,0.6596020956930242,0.657788217299661,0.6367277354151706,0.7246550302786785,0.6783578080479444,0.6925103727132307,0.7261164321060709,0.7367433449491094,0.730498578304895,0.6978383366470433,0.35609397629954365,0.3654823530990232,0.3303353579945941,0.37130733836004426,0.5247541021406961,0.6737108559010969,0.8396146941010287,0.9140258970663251,0.9481997371674444,0.559457854029189,1.0957322183162446,1.1318061198016611,1.095884940417966,1.0048972590722673,0.9288283151558994,0.7178144659629206,0.2879387227698905,0.06374782941538693,0.25155294085468693,0.47989901714329153,0.6669776892284602,0.7610821436689805,0.8671600759276425,0.8472277827755048,0.8494122091555352,0.8143207987682892,0.8002151666958295,0.666428149721065,0.5906438878846952,0.49464065210926583,0.4132970845184174,0.33255197782541085,0.15683430751725874,0.16080924014635634,0.5393411978578453,0.6398603898797665,0.5950075667246902,0.495394336218566,0.35684699028703326,0.48310183713948285,0.5633875066162299,0.4783285531525907,0.4778752635416272,0.7426387070260458,0.5570635298368212,0.17337453003064823,0.30097973609331463,0.06720822987410574,0.1966749037062595,0.5595256741405523,1.2341183039993953,1.066316784348875,0.9846635111226002,0.7731424462314593,0.5519912202363011,0.3803195097429206,0.13890076944752328,0.03765671243689783,0.02204139965681784,-0.109558414917164,-0.12485457432366442,-0.2022916453061432,-0.2400390056158519,-0.2944591639961525,-0.08532384674793375,0.49996533679423133,0.8786739073774175,0.8323919438376348,0.7621086858471394,0.6352160365513544,0.42519965788677005,0.27997328478794214,0.17894563313530365,0.31117997324874314,0.04073145012630697,0.017190961119069925,-0.03982157618019588,-0.028150190585976453,-0.08872900152254537,-0.12496306488616005,-0.1695013743815973,-0.14865854814998913,0.12562185866493858,0.49308298698011294,0.5320878711896336,0.5294210070974892,0.47329818745397434,0.41560127985473794,0.4228305886862693,0.37398607529295824,0.3276145803847612,0.333828536389545,0.3130087398656838,0.319001110917023,0.2686214809460924,0.25833441277746316,0.299362403097496,0.38798815497795547,0.47006735296822766,0.5351771243332673,0.0,0.0,0.0,0.0,0.0
2025-06-01 17:56:58.810,0,0.0,0.0,0.0,0.0,0.0,0.0,1.1184521190678696,0.6774765810562052,0.2536404006059365,-0.011342064371242633,-0.13488954701460099,-0.12652869337577588,0.0425529671902275,0.14845002262656926,0.29776832812673015,0.4282743261560571,0.5789261265030607,0.7170417411706907,0.8026043289133649,0.8230923413938607,0.930654045389275,1.0534551151633103,0.9102725231972424,0.5316950375990472,0.16528057540111418,0.0062166556306176846,0.004648937606685388,0.06345850571628553,0.19588293501089038,0.3606214967169141,0.4783431379044498,0.5946454545357727,0.5044569966193725,0.7880568061684373,0.8425206400713106,0.906229656388262,0.9618597974580385,1.1511776954283048,0.8871326205723673,0.3226087157850879,0.08719379379593928,-0.00045023098800589523,0.09825160811455635,0.290990061094883,0.4045206966899213,0.40467287702564314,0.48691209510213307,0.5287630673364814,0.5982400559170951,0.5679938649378485,0.6214212523299519,0.643956665522933,0.5192905005930555,0.5301463645800437,0.2952325338365755,0.33036919078254,0.31098277572860733,0.28388851231429224,0.2792121223325408,0.5127940541383631,0.6080641058988987,0.3825456806122764,0.4218030034918079,0.42790939992673405,0.26560809669726304,0.5929324537552028,0.31214749544726345,0.5335419505466854,0.7997528463073131,0.6772005443518121,0.6933988604647519,0.11071383061758786,-0.09706455480041276,-0.16601414515738688,-0.008030018730240007,0.05376374504989401,0.1836284901836729,0.2653725156509259,0.3676471762635587,0.511195129891117,0.6217759174675723,0.711918167497974,0.8174736690088428,0.9346396620668702,1.0216524322445955,1.100361001146608,1.1294063233575093,0.32595701583955855,-0.3614474221117664,-0.11027931141038283,0.11914484506493728,0.3405015577722541,0.4933391907902318,0.6028752752053346,0.6809765986242895,0.7387809092420479,0.6810503267992465,0.7846533206971529,0.7908096883370109,0.7607534059218483,0.7292333551587226,0.6842761278241709,0.5747384707619065,0.47774480615640846,0.46195498220481623,0.5692611060160773,0.6201682422310479,0.5866584500720899,0.5630948031792327,0.5477235895565702,0.4982854858196202,0.486396323355893,0.4348248483863508,0.43224070230459644,0.37835325322638913,0.3134700870029796,0.2093533289645798,0.08422651581350127,0.09331783195929788,0.5428558381068194,0.7863035746498468,0.8243562811590839,0.7805944254403188,0.400341910795965,0.3269196808647314,0.37498998578972903,0.3784727712697733,0.0,0.0,0.0,0.0,0.4265427951081129,0.5345742137704934,0.6064612344369197,-0.042325093217021936,0.3849849913620869,0.6823058229126195,0.661326744148792,0.6120632206960975,0.5864718661686974,0.6138336922259102,0.6474482108047588,0.6539383445782443,0.6353351564662582,0.7285805915014043,0.6888797091515599,0.7041746020751318,0.7430390666543778,0.748605149141327,0.7516128161179305,0.7511771563397358,0.37285279386219483,0.3645476131832234,0.31757097241917875,0.3610829524358299,0.5173520457803853,0.6649391944992824,0.8290649627390225,0.9073711180588167,0.9423057908019958,0.6352012243077321,1.097844089193639,1.1387668573498142,1.1106947322407779,1.0217683229238217,0.942751052209655,0.7403399618593202,0.32902926651420206,0.057777858085409695,0.22830847551618094,0.46607179111948804,0.6463485185722146,0.745566147148611,0.8491918678771446,0.8457797593506922,0.8424825291166922,0.8097104469829604,0.8039343967745112,0.6728791382041045,0.5990273629221573,0.5047575970588905,0.4210764390660061,0.34272390153858445,0.178395821525188,0.1321963735598522,0.5133225397263962,0.6137104547129267,0.5228346196783996,0.5423114412574563,0.42315033756889997,0.41199508215979486,0.584859257707149,0.5823581272332655,0.5674379793617936,0.8257817576487654,0.5838775887777036,0.2609045082297219,0.28943559123842477,0.08336759273358735,0.20047887482238902,0.5429833398532925,1.174480950202086,1.0187848891664404,0.9474188832805764,0.7431263723686592,0.532710493987169,0.3636826174184218,0.1377083861037367,0.016531185772047374,0.007081108095875699,-0.12220430974210705,-0.12121041634409635,-0.19998187257348832,-0.23253637460504095,-0.2670734818567777,-0.07735245272444874,0.47982923793489946,0.8427458829461513,0.8051137295699591,0.7202418234715456,0.5838778389776418,0.3814438966399476,0.23435625520979686,0.12853703845320985,0.3623299339309557,0.0162473405844501,-0.01419952369770705,-0.0671849311386683,-0.05270885409761816,-0.09743054882283797,-0.12953505519111053,-0.16243696118405404,-0.13554539633405827,0.11740496168474379,0.4658271757374188,0.5017182108796892,0.48987345054463693,0.42553061374073264,0.36262854386468213,0.3699405708857362,0.33709103459404366,0.2920835980260321,0.2942065020790232,0.2803190283988537,0.28838513596090953,0.2428228657145849,0.2543562982617382,0.30582987835768155,0.4053386019389702,0.4587786553716041,0.523672993223502,0.0,0.0,0.0,0.0,0.0
2025-06-01 17:56:58.813,0,0.0,0.0,0.0,0.0,0.0,0.0,1.107108704458153,0.6395621005207214,0.24078297929465609,-0.0021151603007225628,-0.10878988350746077,-0.10077860726070154,0.0700147856253428,0.1569176098491747,0.30403450523110076,0.4334857235006584,0.5737295168409502,0.709350312710794,0.797663982059539,0.8206940561730266,0.9193586428662709,1.0289334024827255,0.8875237730624043,0.5159627373653617,0.16424657962046474,0.010026097156600522,0.007976409471150081,0.08601022607686803,0.208159698579371,0.37164184964340885,0.48336884745026265,0.605597947133486,0.6111973045548651,0.7714194079417541,0.8304885501327961,0.9069580553949753,0.9486649100525169,1.1427015174673798,0.8638510764979712,0.3061246532052423,0.09389957233526547,0.03524058733656732,0.12483185951513964,0.2937425661901325,0.3975139922242439,0.39722744965862966,0.4987318635639657,0.5485098656708789,0.5933128438181181,0.5656176513784167,0.6226268287356834,0.6340254155496556,0.511696192662932,0.5296203340025549,0.2872189984331648,0.3584413206535712,0.3032777036568719,0.29743103146331284,0.29110653726429714,0.6878583345989642,0.4170927317397204,0.4314773237228355,0.3053882694690664,0.5724847345397691,0.34793132850098374,0.6176328130846938,0.37457596591110615,0.577120749326049,0.796625196557333,0.6520941749750987,0.6917650691607102,0.11733802740509416,-0.08783262570671424,-0.15684792317860885,0.00900025493291623,0.06428177615666453,0.19288008810482582,0.27522618491471795,0.3773647406992209,0.5217893275353913,0.6267383163006266,0.7207989011636635,0.8270818931519478,0.9424898480561092,1.0263616756347003,1.1116620074061077,1.1472266048726587,0.3291939185841493,-0.3736446849251158,-0.12332886721023972,0.11355252072990374,0.3386879548881778,0.49608793888834546,0.5993422171952338,0.6763457136370681,0.7416874433425653,0.7039596970839825,0.7899070142327822,0.7893077460876955,0.7654102203644978,0.7301734067848761,0.6904826966454298,0.5782962774159832,0.479282484683904,0.45725350690642175,0.5629646930609082,0.611967594140687,0.5840079177046638,0.5618536940803553,0.5417224828113727,0.49787555864728494,0.4800275842417101,0.424556210462923,0.4304039718884449,0.3759634502334883,0.30610310005251606,0.21301052714258473,0.08014373937148356,0.08585096551786509,0.5339602805098088,0.7849753815519781,0.8171329054932632,0.7731307510591212,0.4067400776534765,0.2295751054888015,0.46347056019686156,0.5905267065808333,0.0,0.0,0.0,0.0,0.6158955617993866,0.5849926362653215,0.4677171494483958,-0.02582338501255199,0.38638368908570314,0.6806049987331352,0.653392879263639,0.6055133176359887,0.5676246709210826,0.5956703854125849,0.6352499105532536,0.6383277721097089,0.6234178852377381,0.7159783169323952,0.6868107540915467,0.7010834855593173,0.7425014567207402,0.7520978652856245,0.7645415580805821,0.7888775150343514,0.38003582818931453,0.35992811187503604,0.29980475704247367,0.3477922719195605,0.5026153382993521,0.6434437762745673,0.8069228696667796,0.8831085123424731,0.9206530877093309,0.5557229512202295,1.0949376694018564,1.1259030474680682,1.1103038895881183,1.0309874112985273,0.9501433008873913,0.7493319194958449,0.347438192605496,0.048573830007694996,0.19875193949280023,0.44256967248806145,0.6247116620660145,0.7144187897747452,0.8195057513883901,0.8237039566694124,0.8299971119340781,0.7928893801455383,0.7968621364195696,0.6769139522108779,0.6019130499119781,0.5141067630994653,0.4283752607735065,0.3543140765461624,0.19966159467748654,0.10911609261806796,0.4772355828498547,0.5861669529616876,0.38851840934063586,0.49069410470677544,0.43888652212877344,0.32949996422480254,0.5572228145632416,0.5598626556558257,0.7893411926266958,0.6759823569580841,0.5942020506985733,0.46847422425239627,0.39125695935916915,0.08811409101404105,0.1960443614966096,0.5190520055119613,1.123059979594156,0.9895723761934359,0.9078043594437682,0.7463882408207518,0.5287104342709488,0.37214524940924476,0.15525153283790272,0.03301774029254534,0.01468046227767994,-0.1109479490284353,-0.11216742050693407,-0.17615749244748724,-0.22569964220108296,-0.25311410779658533,-0.11045145492192837,0.4479416686496637,0.7981568976103587,0.7809819897074575,0.6937772158137442,0.5414699212777512,0.36295618652477124,0.23029041273494388,0.11400853548189138,0.48707652054587314,0.026387727796665983,-0.0048220870657627035,-0.050832814093800804,-0.03962713255578676,-0.06447113904110802,-0.09312440254071186,-0.124788160384255,-0.13859760612787242,0.06091314483002508,0.41623050320638705,0.47079680699869697,0.4467035675445432,0.37993698256357167,0.32164314316420684,0.3427041685590617,0.31811187411108865,0.2889630811886357,0.2939772345817513,0.2833302148658772,0.28947386007122855,0.25659988745281315,0.275534094642213,0.33395188114740343,0.4313191851790886,0.4705284409856737,0.505712591690467,0.0,0.0,0.0,0.0,0.0
2025-06-01 17:56:58.819,0,0.0,0.0,0.0,0.0,0.0,0.0,1.0604665253633252,0.5987629894549731,0.2055104200566069,0.016400301298776787,-0.0722599890204908,-0.04969722600750803,0.11728301732329827,0.2007650075119638,0.33809593072541866,0.45785260617880996,0.5923736970944733,0.7191133746520225,0.8024474872584713,0.8247368599042811,0.9111688964685792,1.0069140664636356,0.8554932512875969,0.49720551821185216,0.17024457005957017,0.043513271933717346,0.05034574325196939,0.145368186871508,0.2612004220592765,0.4208797895978138,0.5276387806776788,0.6480447416424602,0.6232246015949817,0.7957545467571793,0.8456848514295223,0.9168434881611153,0.9617333179801735,1.1388961863819977,0.8334725655500361,0.29357680734731073,0.09573825359295718,0.08568273057245746,0.18500556286062086,0.3586687905436987,0.4533775418932373,0.45654647253619984,0.5419752809180796,0.6081011904334943,0.6119312325530066,0.5958501273856688,0.6361220589861284,0.6250061977749426,0.5267786549829694,0.52082939568795,0.31311518108404346,0.4096890695336073,0.36672520894002525,0.3933839909447474,0.38641843256581443,0.81442749908615,0.35659443843610505,0.41121780901546506,0.2681972321317324,0.5980304908607446,0.5300971777020418,0.5399520156757759,0.3609158310272524,0.6509466138791502,0.7495222312986292,0.7212802041580054,0.6736587316397558,0.14134991338962619,-0.022785878435487295,-0.0861401048249717,0.07985396644319698,0.125781373903185,0.2520665301703726,0.3395909341245149,0.4433760697043916,0.5737939224378361,0.676388708239271,0.7659579953926194,0.8709876684638597,0.9793967260527334,1.0601835858775366,1.1321455875677504,1.1496798554467145,0.3107560373135297,-0.33818812655262875,-0.06771895543423123,0.18748489595068651,0.4087441447251774,0.5703460099113835,0.6714054117047659,0.7455701498723664,0.8082163044318535,0.7069204485208591,0.8469366090047654,0.8370271491883564,0.8089423476258158,0.7640729979303597,0.7114013877849152,0.5824770185271183,0.5106638324741081,0.4952302417307407,0.6471792544649664,0.6964780792209659,0.6661814304319191,0.6453280427613339,0.6172723141562426,0.5719803016961702,0.5516064496469373,0.48018640717493355,0.48898618755367296,0.4239958057025741,0.3456517310789229,0.24807849857977848,0.09830673144032975,0.09416528771391197,0.5653941075235923,0.824283846324157,0.8600225319479304,0.8228373728859335,0.42985119600694227,0.20861646080908897,0.5770543220019959,0.7704743058035911,0.0,0.0,0.0,0.0,0.6237104187929488,0.7310307024836316,0.49796816532477306,-0.015073469464103761,0.39710864903064386,0.7008693868802666,0.6827663229539143,0.6439906140795281,0.6088112487762232,0.6530968949891702,0.6959265240003201,0.7091362118532905,0.6909084767073126,0.782188389596139,0.7456725649327396,0.7484329239434058,0.7843182470569259,0.7849341125148039,0.8007684679668676,0.825121739403053,0.38375159604129794,0.36937899685012676,0.3244323172058394,0.36915580368560263,0.5431636463055765,0.69251681234975,0.862587226110886,0.9449386328850815,0.9810336407070313,0.5294487387794784,1.1557185105717536,1.177546643300217,1.1543039377284638,1.0689411833348,0.9780368447772959,0.7732786106247218,0.34703164483503735,0.0408071810324141,0.2135919459380896,0.47222821663434256,0.6576107849927473,0.7559302108122956,0.87227761358657,0.8736962628863238,0.8867198217692507,0.8355116298224234,0.8487604370529231,0.7181992652026882,0.6277066862694901,0.5419093522608567,0.4480522584446057,0.3722000890437149,0.21620957888129783,0.10853374844718455,0.47798973473141715,0.613911613295891,0.3241146119504219,0.5053379381244472,0.496309754008738,0.42879835635912567,0.5546833823306185,0.5872326450353081,0.7093004395860583,0.5405685661638007,0.6822540452244248,0.603539238205706,0.6221590335245455,0.10134940279240884,0.20723290137060252,0.5400815140005121,1.1632002983420222,1.032004627460221,0.9643063542642895,0.8162786581712391,0.5839050993318955,0.4392924669822791,0.22651126435856006,0.08903630037400956,0.052650930347767355,-0.0678405088860301,-0.08473600609588428,-0.1421861884807707,-0.21208840574457888,-0.2685078190333559,-0.13731063987193837,0.45759522893323995,0.8133573462262524,0.8070300299418316,0.7441112354590059,0.6025504007000972,0.44748674658389964,0.30706871808723557,0.1929848044825806,0.5114280671901389,0.10538757649716857,0.0682241115201252,0.024215319012966807,0.016614904925713492,-0.0036222464501105556,-0.040040449092454855,-0.09405421037468731,-0.15718069563439666,0.04302434280893075,0.4119114148827722,0.48936725804686265,0.48300213140260606,0.43401009283798264,0.37879805251305276,0.4125255318761867,0.38681845956439176,0.3545095047880704,0.3577840800762142,0.3426154630500635,0.3526870371251345,0.3216483038332766,0.32762586496371604,0.37240307892025676,0.4621416894911603,0.5098972468706585,0.5338790278956995,0.0,0.0,0.0,0.0,0.0
2025-06-01 17:56:58.822,0,0.0,0.0,0.0,0.0,0.0,0.0,1.1265384703116563,0.6348319394049218,0.21886145804055435,0.03694126489514071,-0.03710727347645981,0.022925249455954977,0.1921707554698736,0.29958288566111446,0.43318385757973277,0.5442225129784177,0.6762153278636454,0.8092544941722656,0.881488201544216,0.911452766672726,0.9897733898609337,1.091658703911065,0.9118327169977068,0.5364719232158741,0.18879322797763298,0.0889958928431348,0.1308813348929414,0.2443542567671675,0.3652640783303416,0.5315336924406042,0.6392540960450941,0.7679962361825823,0.7847351552862807,0.9068958840862603,0.9631597340451141,1.0218986497942133,1.06289100923879,1.2476549588393735,0.9293784269916725,0.3268492221008076,0.12628301119741547,0.15740077563308486,0.2888366487057261,0.46941498304805673,0.5510074133210627,0.5667593107118885,0.6457494236628656,0.7221516201153806,0.7248954888798622,0.6863578032258831,0.7189085392143574,0.7027886722803753,0.5944017809437578,0.5899637435841647,0.3600377830603293,0.43656821641655186,0.44346278057529853,0.4904063897769215,0.5238455907364703,0.8617235176659046,0.3843599239669778,0.40363547915229453,0.46318641643050706,0.6128795869889734,0.6857098023080381,0.6020434312845264,0.4020644644683072,0.7529987832865591,0.7811532161358428,0.8208396059618654,0.7205901245030646,0.15406733738039083,0.026556382989920135,0.018813936747934967,0.1922009020036941,0.241208667455741,0.37640036553653067,0.4707426754754298,0.5767923129359216,0.7093615296607823,0.8032642431901222,0.8859645755575161,0.9921587034107046,1.0874206808969649,1.1680368884336811,1.2193984842537557,1.222374852097581,0.33068669014766483,-0.26382050591160444,0.057949740062713806,0.33785018538810774,0.5735306565342728,0.7386682634389685,0.8477610792777504,0.9206028885268331,0.9767589255013382,0.8180459754630738,0.9922188822687905,0.9647390511669293,0.9177231985659807,0.8569412918965101,0.7805582553541177,0.6192317700000235,0.5754682110115287,0.6303103058714398,0.847251200981149,0.8981799128375518,0.8736881702076695,0.8492285270033568,0.812699207568083,0.7546647600756398,0.7254186161685447,0.6364799757040966,0.6306807095944762,0.5518182527074493,0.4522117128935088,0.33211173582329223,0.1402389953649641,0.1166622285870409,0.6515591671785401,0.9201645043891826,0.9791417435309506,0.9468413469658472,0.43890504861130936,0.39540183604728524,0.6169188797374399,0.8629030439669545,0.0,0.0,0.0,0.0,0.8256374941377873,0.967388609209658,0.5696115331230748,0.02076168592074884,0.4699687332993974,0.7643416172752899,0.7655100856042485,0.7508478541916671,0.753808862411073,0.8184988188931299,0.8739996219847344,0.9032327906573738,0.874865235516697,0.9621151637969794,0.8822129460992763,0.8553656449513838,0.878932394718765,0.8584216154791986,0.8610526521423036,0.8837730848273215,0.41918713018128784,0.4258453785095524,0.4115659573077495,0.4852895474497785,0.7005418587154126,0.8699131699493221,1.0655391029571906,1.1562916069350246,1.1770834633234137,0.4494788988099974,1.3204407283199475,1.3198125839695862,1.2724841810574379,1.1560902284407368,1.0416716362490945,0.8011188654386279,0.35472435189356905,0.0961489454589769,0.31236563301498343,0.6101352986566801,0.817656453580681,0.9332693498781273,1.0532539555841107,1.0559661375833087,1.0687297470400376,0.9861311098564913,0.9734452178483801,0.8273370919598225,0.7105286780473435,0.5995180135766034,0.48577878753874415,0.39339622164054444,0.21461322848935221,0.14868569522718034,0.555415848011965,0.7208688644190938,0.4125372348032731,0.5394203815128936,0.5327078097399764,0.535801039949107,0.6029507525348496,0.6270795972487583,0.7092134567058748,0.5968009705589845,0.6468967434986117,0.7911052613572485,0.8217418381230387,0.12571144709885668,0.22906035211019155,0.6102064735639791,1.3039212767001032,1.1685827370552557,1.1457785759364132,0.9674373432023207,0.7234253762297345,0.5592355943080998,0.3535506107907218,0.19929353841368358,0.13330595637773968,0.009727457014825358,-0.04453580331329654,-0.10886122234170492,-0.20700778834239952,-0.26115341880979565,-0.11325612938653168,0.5476178040374591,0.8985839726597687,0.8898338829525267,0.8753912391898703,0.7640432599032436,0.6131303905197991,0.4532355618817532,0.3293051342453379,0.6531760505874273,0.21050486613528507,0.15966045144613972,0.10778754948631075,0.08609180471317901,0.039271216930728436,-0.007259817430630533,-0.08135472309668923,-0.14244301835312762,0.10912315789321925,0.4789286960122238,0.5560359695471144,0.5907454944330295,0.5645764376847933,0.5271226076700415,0.5359952485892223,0.5032107913371671,0.4713776298322012,0.4600903574785098,0.43014256877964363,0.43355838065177843,0.39951246328090206,0.3808591683954833,0.42463836135120997,0.514296119917695,0.6002494010018403,0.6288841162740009,0.0,0.0,0.0,0.0,0.0
2025-06-01 17:56:58.824,0,0.0,0.0,0.0,0.0,0.0,0.0,1.13251063256367,0.6387522173208477,0.23273708344964728,0.04471855892916232,-0.004714823832708381,0.08385506183010205,0.23173991198815502,0.3559665458736143,0.4827681691327276,0.6057736210986175,0.7237967987295637,0.8473554867653933,0.9173221987523374,0.9553373541348836,1.0294167655458022,1.1248327882845768,0.9315801545142928,0.548236342903744,0.20866992224214043,0.11874815730493349,0.18175067287973645,0.300484511610579,0.41897971602720085,0.5903225049312044,0.6985214081315911,0.8230484000693881,0.8625321751295814,0.9535676517538892,1.0206948133216007,1.068865045966571,1.1003837560581344,1.284858976235539,0.973285074493828,0.3319408405425812,0.15115628326615393,0.2390938413970891,0.35274368399186873,0.523978088062635,0.5984746129444787,0.6280600227030055,0.7051970000084999,0.7890843691921732,0.7850994616846336,0.7509783068687715,0.769737669970313,0.720291210838679,0.633087192813512,0.6374109748433512,0.363445123399908,0.4411864565136473,0.4913591688471858,0.5383263191733996,0.5995595589466161,0.9477513229828982,0.5172940164938036,0.54136903076319,0.6355393847793164,0.5899940991582239,0.7103544451508339,0.7202397313443113,0.3998009096352249,0.7791473379189218,0.7541132235697254,0.8175311448359586,0.721160931937872,0.15094245455695623,0.06337442851641129,0.08825556569791093,0.2543829513140079,0.3031220215711903,0.4455095719216098,0.5370989588401207,0.6401059938803904,0.7619697210451202,0.8520929887913475,0.9401501597550961,1.0402391311840735,1.1239446017261365,1.2044696883653971,1.249966478795324,1.2468325935253115,0.32367254827434033,-0.2305243398898451,0.11843842694522877,0.4143832150571911,0.6448781951452423,0.8201945590567146,0.9286636456174615,0.993937125993237,1.0521836155645061,0.7964697301246242,1.0511201911196817,1.0155833426673837,0.9554306368195958,0.8973302148152545,0.8014581880327802,0.6304671797762315,0.6051748827022635,0.7039166521754107,0.9350954385594998,0.9812769531445278,0.9677506611838285,0.9388136947881669,0.9031357989519764,0.8371871291025204,0.8004089402981476,0.7092401302403695,0.6839523527531874,0.6142753091921891,0.5062675013437099,0.37340827474839255,0.15537019102936356,0.13144561517459652,0.700507580264063,0.9651374448374854,1.0333833389853082,1.0028671720958686,0.43364050068952725,0.4029930096358923,0.6336357654868101,0.8714510450358437,0.0,0.0,0.0,0.0,0.9593185865046614,1.2429846428352889,0.585494995858747,0.020793779011355262,0.4967281638741278,0.7983113029927438,0.8048484453230269,0.8016896356167781,0.8197353653374277,0.8975046806720341,0.9548584270052078,0.9874212611957471,0.9362110383620186,1.031743997113714,0.9346753169872581,0.8918627219856996,0.905924886093959,0.8752203455198799,0.8690232221392553,0.8680917335333425,0.4277558083729941,0.4574135404691779,0.44664498012625553,0.5409042808079891,0.7747635923006901,0.9564673777442914,1.157941799008908,1.2373269841924988,1.257513459230511,0.4230591342109962,1.3839013192562901,1.3589639702640972,1.305741424505318,1.1839799813120027,1.051083958404456,0.7875222162658625,0.3319477469040003,0.13762014800131583,0.37070103891389594,0.6805958800351402,0.8949513064326147,1.0181897705917053,1.1255824552585803,1.1271701341030178,1.1417651500512669,1.0467842178122724,1.0104412452965406,0.8679160937502554,0.7451818890304053,0.6199798794376452,0.49586907555951976,0.3885329307738401,0.20832011206903917,0.1757093477354173,0.6013809721530692,0.7758770810336576,0.5687104736280012,0.4940805317167446,0.40548083638752463,0.46017496392576995,0.6015211643133167,0.6511772533428373,0.8050948890215264,0.556511055012894,0.5758613656499295,0.8213722931165053,0.8470625250223452,0.1328229259033677,0.24621602175969287,0.6536275208688599,1.3796881893621318,1.2583023624130407,1.2304940102536608,1.041900179419898,0.7890791105429533,0.6085451899786474,0.41839391186392416,0.24736459289909085,0.1676394617403436,0.04736046574694419,-0.03168362092724597,-0.09254857610223843,-0.21616979395128683,-0.2543121722519334,-0.08034082947806137,0.618178337032439,0.9431515999831455,0.9341179455291295,0.9371439974928247,0.8186354475096185,0.6774637197075526,0.5224009006641641,0.36815810365769397,0.8651707956538238,0.2345729729854611,0.17973982343511485,0.12957608951734234,0.09484051253917236,0.04376397461872017,-0.0016672192339518555,-0.0935238358145084,-0.13190500832646546,0.1354881867447999,0.5025795249740073,0.5765496341653867,0.6252218928134885,0.5981693474352878,0.5814443191332397,0.574763702789453,0.5280732698239017,0.5140525064763499,0.4918277076069377,0.4518147207824861,0.4507057607574694,0.42439572001479775,0.3975704162115873,0.44168426840214653,0.5275659686621466,0.6442161278166839,0.6471346420385953,0.0,0.0,0.0,0.0,0.0
2025-06-01 17:56:58.829,0,0.0,0.0,0.0,0.0,0.0,0.0,1.0517278884842898,0.5979561283801109,0.20989697245873218,0.02048306330125127,-0.03833570590242319,0.04864113755640098,0.19139418088937077,0.3126841435992258,0.43059484104180223,0.5574078995431204,0.6762631189354529,0.7943776701447024,0.8580738930137191,0.8983917381891987,0.9720034616559162,1.0646673550068049,0.880672838339835,0.49917319166208324,0.1628050360838431,0.06575562953696446,0.12324862534195047,0.2219728263710028,0.3428207841565871,0.5073345259335811,0.6139645412406247,0.7417107882802416,0.8201836232832491,0.8695712040393181,0.9533880738930778,0.9949104480479795,1.039498558449556,1.20589887449453,0.8854927784956448,0.29443510220594504,0.09419016749615583,0.17957869746469868,0.25605326393132977,0.4348910440580813,0.5250958420401115,0.5519511467238338,0.6187299882867894,0.7054908517435978,0.7162274736407579,0.7009985863957061,0.7274249347091885,0.6671695378812812,0.6177077575368873,0.6115586687906454,0.3488683978216101,0.4140399521046788,0.43839405905533646,0.45835279028328,0.5207210434720573,0.8168235934395534,0.4386608074881526,0.47470193888729056,0.6703575025480296,0.47603055502277425,0.6180515058310945,0.653454333379057,0.3609464552478154,0.6737120529947748,0.5385022538121258,0.8240787415561359,0.6700649164787558,0.12739064080480497,0.04178053464679088,0.04849139540814007,0.1817445418564232,0.2264094392596776,0.36054105641477685,0.4448884047064896,0.5438790533803368,0.6561683560410689,0.7551664817598789,0.8448509133405697,0.9458562099250737,1.026139833452316,1.1150877616665507,1.1778258463598585,1.1761427084320388,0.2909804525653897,-0.2655995574827501,0.054346424023376416,0.3172320237827402,0.5304058091959865,0.7035319717390416,0.8105019804563836,0.873718716150639,0.9359963129996227,0.7174362130055896,0.9474573042307155,0.9206928050611308,0.8721618191722881,0.8333949662885464,0.7413637508534889,0.5886135974191258,0.5625338847519035,0.6309243655621061,0.8174621946111578,0.8538963579884273,0.8318136699880367,0.804261808751664,0.7745563906520254,0.7160313178518249,0.6860499762087808,0.6098631042760294,0.5805187360042756,0.5267312454653605,0.43749852124132316,0.3179479279337306,0.12300831504642251,0.11234423787217457,0.6584020459731377,0.914371431057772,0.967933523008695,0.9273568279526925,0.47684255229931277,0.38306719668986106,0.6030717364826823,0.6986201775253963,0.0,0.0,0.0,0.0,0.7069570174643269,1.2575619019059143,0.553653647357951,-0.00573968590281243,0.44373551554671337,0.75966669958014,0.7535682785716122,0.7339560573870915,0.7352556425385561,0.8036943034716131,0.84326602589418,0.8714941758300725,0.8208950408547908,0.920826366649234,0.8505830262083385,0.816613989652998,0.8390027163872844,0.8245389382000532,0.8205998134332384,0.7972785838536007,0.3946932362235738,0.4219917542180469,0.402434112699688,0.4689881017626951,0.6852966323022824,0.8510235700476794,1.0328185999814061,1.0998735809779399,1.1335288430226582,0.3616262294408606,1.270306319549083,1.2528527764485253,1.2105307084577661,1.11241941169515,0.9967286522867141,0.7440591666225468,0.29257600367640446,0.10673672437160131,0.3311967380837725,0.5996891655178198,0.7953126512808386,0.9094202976684718,1.0029294561670579,1.0056954439046548,1.0289870806703139,0.941752375811995,0.9075059776238716,0.7897897678610731,0.6858148994080776,0.571759203485317,0.45854295074260976,0.3621659186193583,0.19112180654727193,0.17929226663899894,0.5699992067712757,0.7351917081156593,0.5538380575258945,0.3971912687551118,0.2773891206875544,0.38974566571401414,0.6055265606805824,0.6105449724651854,0.7250083641919092,0.42223978147973756,0.5559494787311416,0.7301857950318589,0.8128660695047206,0.11320159545168579,0.2351940175168442,0.623106657416726,1.3486921197984296,1.2252108169438718,1.163971972437892,0.9605861037879686,0.7087738552915186,0.5227962628338667,0.3409367245962336,0.19790034038150917,0.10445484817301098,0.010058671120431129,-0.07455110203631454,-0.12169002772041149,-0.24383105073807188,-0.2717572597400662,-0.0892095355378838,0.6045557326110635,0.9189197421213778,0.9029748709694909,0.890391716113769,0.743892066302257,0.5919977835060184,0.4490353312097024,0.2996420827176012,0.8173557467790736,0.17488081280787293,0.12611482781092187,0.08186571003585996,0.046448466692645796,0.004990350592246506,-0.0207166382183972,-0.1187523201076901,-0.1468477655600011,0.10693577170474433,0.477492314754736,0.5427534933087207,0.5694418236001262,0.5050546115850763,0.4989141588443915,0.5023073716750632,0.44641981521259644,0.4460233809390628,0.43581169664729424,0.3812680650918485,0.39783942977731335,0.3774855205749573,0.3454800997962135,0.40366491578797253,0.4742317953100764,0.5827585577164714,0.5735767644777039,0.0,0.0,0.0,0.0,0.0
2025-06-01 17:56:58.832,0,0.0,0.0,0.0,0.0,0.0,0.0,1.0160652929836687,0.5841062696717176,0.19003640703049085,0.012753418039750941,-0.045321826087754036,0.05210179140731108,0.19685955954929824,0.32015242217343354,0.4342194346736846,0.5571166371248311,0.6794239606302872,0.7993376157704611,0.8589212373981783,0.8895432702001204,0.9643558835558298,1.0416986251332923,0.8575865183870901,0.4668246091275671,0.14445333126642979,0.060111855729159225,0.12409158171225587,0.20836356659512,0.33285866306380774,0.49790348019382025,0.6118121170988342,0.7285066707917942,0.8288948743329938,0.8620326288542098,0.9515495839564845,0.9765686459814978,1.0226630152957321,1.1595475843361767,0.8389703794685233,0.2517595014095796,0.05658826530928751,0.14218678308585964,0.2532320292572281,0.40578712203476486,0.5430788744613444,0.5488514069067105,0.5895504886863339,0.6849361189248231,0.7178881443288501,0.6984388805341589,0.740559286494657,0.656334165813417,0.5983457189267335,0.5921221653205171,0.30549834610216947,0.3780321325118686,0.4304159846080412,0.4393793482701043,0.516202482664897,0.5946335022226836,0.5162852753826711,0.4913744028856844,0.8427993031533254,0.4022424486543348,0.5394504868171609,0.5727382460598563,0.3128114675173322,0.6954356503834148,0.5760498494754454,0.7431640053638437,0.7188396042173557,0.13869713792313684,0.058434599435250645,0.034551692325816896,0.1600777619781788,0.21321390992296196,0.3549810672785174,0.4421864972871099,0.5428470590577281,0.6407430649433099,0.749647191394764,0.8487476480978946,0.9388739884993956,1.0195260958136723,1.1177540514092306,1.1775800645418606,1.1764404029480615,0.2845265763374698,-0.2928177972119397,0.05090603441934549,0.3025174055941613,0.5260781513485198,0.6961962333853036,0.8022815738096565,0.8630767401539212,0.9234773789454465,0.631818405204698,0.940893815472206,0.9080729089728906,0.8623479828029453,0.829452816454432,0.729760551979971,0.5648388540853144,0.5322194662609891,0.6111293552808604,0.7994126383671718,0.8370682474158004,0.8224998032170954,0.7845510045682091,0.7643566928500984,0.7049394632106369,0.6750809514842155,0.6077828836244694,0.5620949904418706,0.5185891551006234,0.42467884693865,0.30803039070011373,0.11157561770844515,0.086533118636544,0.6380888771900731,0.9017601897152554,0.9575682941460009,0.9150600369879034,0.3888851174485078,0.40577310162814045,0.44846533619777856,0.5059044325970314,0.0,0.0,0.0,0.0,0.49832717542921534,1.1784914715234989,0.47584383062969016,0.015582207112061042,0.4458818568433986,0.7535722197466226,0.7505692917073254,0.7193347408343614,0.7307915744311073,0.8027871514630525,0.8328854047240197,0.8696204056386887,0.8108568692920337,0.9276407546442162,0.8621398190949847,0.8216924595364463,0.8464515865430919,0.8358748154577407,0.839190748412908,0.8291161564342318,0.4037426903829392,0.4188817595872468,0.4058065501559647,0.45685624816481774,0.6780029812585282,0.8454161318025406,1.0259880888219883,1.0932155500525853,1.1403866106658749,0.48656544514940553,1.2715341306494645,1.2538547236661182,1.2115544161370182,1.1175280349038905,1.005873126952424,0.7546163548421382,0.30539711607423875,0.10096293428301162,0.33109056916365265,0.5833324006104033,0.7832185980867226,0.9044018998299161,0.9962911512362509,0.9964519159450289,1.0253339983005558,0.9503177840080017,0.8949290111310835,0.7851570683653798,0.6900910893880424,0.5712129374170631,0.462619193783259,0.3599805711789506,0.18514998052466877,0.1639256070273117,0.5603963397509013,0.7277852800365928,0.6599266127401534,0.3872297881891267,0.29162574958342247,0.38545366544564286,0.5935418099492136,0.6394774126503002,0.4855546850718067,0.3790771462502189,0.5257789317619271,0.5756635836927996,0.741360006357935,0.11955170785563457,0.2236191840408091,0.6026763902028262,1.3574648442660462,1.2162705657625763,1.1606783956500744,0.9589913205493446,0.6947571429830635,0.5001186959032884,0.34179266262737196,0.2007437620992265,0.09816793428777615,-0.0006934894333774366,-0.07309824658893993,-0.12259743309031335,-0.24151811577225885,-0.27321110598799275,-0.0794495003202581,0.6109441307203187,0.9276196168795025,0.8921047883407973,0.8945127632503486,0.7349203099602495,0.5820669352237364,0.442449393792115,0.29904184013048773,0.8477509161514217,0.16618344395502516,0.11461136983131137,0.07224113180181391,0.04435248550540549,-0.004250125182500231,-0.025763021918024154,-0.12185412041471783,-0.1569768684838279,0.108199706185924,0.47825600101036886,0.5363720722225648,0.5714974338998928,0.4831931646404073,0.48206361230888817,0.4841998403171157,0.4316963153762372,0.43427683685239304,0.4136991961593557,0.36082232663837366,0.3814719848407746,0.363344178777277,0.3301384577805525,0.38938008502420524,0.4543994321807202,0.5451487579711095,0.563103928088845,0.0,0.0,0.0,0.0,0.0
2025-06-01 17:56:58.835,0,0.0,0.0,0.0,0.0,0.0,0.0,1.0620281771357052,0.6139773485329943,0.2124404184315536,0.01608962731961039,-0.03799744290603757,0.06446368273466618,0.219039010086303,0.3331718554280061,0.4472580687552902,0.5755175403137276,0.6944854726221548,0.8186576157762261,0.880803170585388,0.908356688389588,0.9889965991879238,1.0588766951154038,0.8642248312536901,0.46482827125649834,0.15452847745732878,0.05645863955628039,0.1265659000413184,0.20420055698960615,0.32870614351294725,0.4993078402120563,0.6081768003760271,0.7298431665169387,0.822602150386122,0.8615777028884174,0.9526331825762515,0.9800143016519532,1.0195374848699745,1.1816301782990717,0.8389281556176575,0.24011408997688322,0.047545354719129684,0.09744419318682018,0.25206330109813213,0.379493167687764,0.5334927487449954,0.5448746183725299,0.5998616478579835,0.6645515375567519,0.7157085506873393,0.6972044007408348,0.7600361061149553,0.6619399219026896,0.6109530058316802,0.608888153858546,0.27599502006627474,0.3432069025105459,0.4110261937042814,0.4155936048044848,0.4991201679155166,0.46964324281248243,0.7025319586361505,0.6294489232769529,0.8653008041432948,0.400877804652786,0.46476910024377827,0.6091738905471082,0.3941606411181728,0.7671854192550753,0.6430652469582113,0.6009039356152978,0.7380605091744388,0.12369459726382068,0.05819869341266515,0.024037715104935353,0.14152522498348197,0.21181784356897237,0.36725209868053144,0.4454679220243394,0.5446053802457924,0.6485928247291932,0.7616943866677046,0.8620818754241908,0.9512250591331063,1.0332257202784405,1.132371612993419,1.1860700255139767,1.2041050781436438,0.30283823759772843,-0.3073601555778199,0.06796416144538453,0.3025068658247412,0.5297544004277277,0.6939033188514654,0.803417275328917,0.8676949911730198,0.9290598405514963,0.4570993694738778,0.9482607653860702,0.9097869092300394,0.8666880524333099,0.8357051682519209,0.7359626628038991,0.5734477607805788,0.5270910267924018,0.6017101781167383,0.782709084578745,0.8175951347869119,0.8236574816941251,0.7774846775776616,0.7622374302515742,0.7106895590309672,0.6671435964190333,0.6171753120615366,0.561758284335441,0.5339237987151517,0.4321891516002552,0.313331608048124,0.11396156692357873,0.07931955132836693,0.6206781242688097,0.8870421977269225,0.9477257076640164,0.9063231033628174,0.3184501008950928,0.5091284205159292,0.2619387148032504,0.39597362816309667,0.0,0.0,0.0,0.0,0.5819935389476399,1.0994210411410834,0.48366724114800663,0.02055883340459036,0.4508597269198061,0.7425550861983227,0.7446668220899686,0.7080393304613243,0.7292875618837344,0.8078548459366595,0.8304861578730827,0.8687282523506346,0.8070809496863149,0.9431649080871409,0.8776674051114726,0.8372929606207324,0.8607056534946551,0.8585198552514934,0.8514340135448231,0.8518182316952925,0.39699779573607175,0.4099715453329278,0.4074913682394845,0.46002762580008194,0.6762325521181023,0.8499974444097278,1.053690933828447,1.1162187680875901,1.1743915587779978,0.46782829641672924,1.295353455980612,1.2695619561149472,1.2309091896160471,1.131042135079594,1.0218018648427531,0.7648768549918705,0.313043713580255,0.10387444832762327,0.34027443222023257,0.5845511069438722,0.8001704460979555,0.9152462622170934,1.0183778258405103,1.0137274781621317,1.0395046839900868,0.9796082463350135,0.9056145481810458,0.7992376663452879,0.704637812327508,0.5834430614619426,0.4704013447153843,0.36335789922863476,0.18234068999567093,0.14721171357671603,0.5488950461580179,0.727777933937736,0.7297599183858352,0.3521491475096369,0.3819272876334209,0.22971339264453916,0.53014257218469,0.6771798988980963,0.5286898207024839,0.5367257352404724,0.4481155029370477,0.5030945964491048,0.44977215557367434,0.1216637134240624,0.21412378676804195,0.5743869571886414,1.3400073916831416,1.1964287590564253,1.1573013625942856,0.9515218200483009,0.7018456802503945,0.5070577962880369,0.34277612622707876,0.21694828010868505,0.11419259668314008,0.012135267547372042,-0.055670036536423884,-0.1088187798168887,-0.22838625332840223,-0.2561363835500045,-0.08197802484942052,0.5993699806032928,0.9191366608937912,0.8707988776088704,0.8801995400098522,0.7158763799725165,0.5573073739511956,0.437994740490496,0.2936320087982225,0.8155232362514048,0.16152403516934388,0.10616550387818768,0.06880760168403222,0.05734547780422916,0.0034733595554738983,-0.01186022355216687,-0.1077617848580727,-0.1749043757690939,0.06611647398702902,0.44995957174788187,0.5221332000133917,0.5486769848280875,0.45564224859624525,0.46658517719280446,0.4515888581830867,0.4154560460404242,0.4317874308785006,0.4045231127967084,0.3625083354613947,0.3831790626645244,0.3637688867028438,0.3409639720494595,0.3925730773932548,0.4521139474299487,0.5015522808123613,0.5371527644660623,0.0,0.0,0.0,0.0,0.0
2025-06-01 17:56:58.838,0,0.0,0.0,0.0,0.0,0.0,0.0,1.0224885952243523,0.5840820972981753,0.2053926726123656,0.02956538439159795,-0.017896785600693965,0.07459138742373084,0.2206638389745782,0.3112572679734087,0.42550369400613974,0.5636844088875992,0.6846378960464339,0.7927059464335234,0.8581413258957284,0.8841591067451443,0.9704878539252654,1.0244312396923831,0.8362125902625377,0.4404494872601376,0.152147243943198,0.05567771682288847,0.12305088924719687,0.19791454423499255,0.32644113557938614,0.49135092482025877,0.6032884200266018,0.7114020328215163,0.7468901884582666,0.846386327746048,0.9244996157191723,0.9539825403956298,1.0048511977508805,1.1678854529319183,0.7998039835567978,0.22746164360060883,0.0599333072310384,0.09264724828884874,0.26256238733512616,0.36280299787226045,0.5312008523202907,0.5576893640508833,0.6195349000783268,0.6673034567603269,0.691323278690468,0.6901580100395189,0.7722067455796352,0.6549862598532865,0.6172452106602706,0.611860506756531,0.2459621487393709,0.3475824670536181,0.4047459673676054,0.45678557533322395,0.5235551468045323,0.4710880151714489,0.6507077655828966,0.7040045591872224,0.711875316091654,0.5707668326750448,0.46559013366128943,0.576865379843343,0.4488297614505689,0.6891657770128004,0.6420612470864757,0.49275222637213045,0.7308066560347137,0.15499757128575029,0.0839029198061988,0.0489322364224718,0.1576087887547355,0.2297660621992843,0.3877654897400171,0.4572336478731267,0.5547773823461106,0.6493094746863781,0.7756016181722203,0.8760855925957718,0.953738962128175,1.043181420702408,1.1301902930162349,1.1836269586309607,1.2059778184118708,0.2846856968053379,-0.328467292047411,0.06630338648243606,0.30100585459869467,0.5225227679162161,0.7025446387020464,0.8010455455684484,0.8644080128761682,0.9314179754250038,0.3109072899711192,0.9483303674942507,0.9096195782957416,0.8690109812389669,0.8351665888862344,0.7347473220455742,0.5784175061292057,0.5158805290073747,0.5938529166453185,0.7793376718104166,0.8165934308833422,0.8300009564692352,0.7752850260908459,0.7603800933188216,0.7163446046156872,0.666277678123272,0.619741646312403,0.5615802180268525,0.539591871531657,0.4366732029796343,0.31234732861335146,0.11325696416712394,0.08026900458125835,0.6251431028187858,0.8863972139981602,0.9509629047841917,0.9087681582004696,0.24816560428100282,0.5796299137131049,0.33854498468115185,0.32628785639248825,0.0,0.0,0.0,0.0,0.5083405898095479,1.010647321937892,0.31473940682311385,0.03415765646507407,0.4622193635963567,0.7469331069240984,0.7540077789241448,0.7130945245367167,0.7393805082764235,0.8152480444904511,0.8334908295569745,0.8626523092495133,0.8032492565458016,0.9377729381334445,0.8893917057670655,0.8451537484534628,0.8593835172390922,0.8619893471985391,0.8548939752007372,0.8643228622976744,0.3985425302385356,0.4132625994013397,0.411567716916057,0.4663996473529617,0.6757382015191988,0.8620192927167669,1.0619859662038378,1.1166306527524317,1.187190114454934,0.5314468941986068,1.2946563728531206,1.262723344129546,1.2270837577901546,1.1266736626391558,1.0113291966666855,0.7582502584317462,0.3088441569781998,0.12719139203498775,0.35272597196714306,0.5906192561936585,0.8159619523224233,0.9228498036205142,1.029771656214145,1.0169722529091276,1.037271292939408,0.9822161346901219,0.898710197833215,0.7987640090982572,0.6984145560747993,0.579376402542843,0.46929881701814247,0.3580989339563127,0.17186330413178685,0.15424326923045553,0.554379113934321,0.7377122446667578,0.6214156031040384,0.4370917326951168,0.3686375796823821,0.2524778241537772,0.49433856832908113,0.7932909215519942,0.5520015188549672,0.656420978965222,0.48730532048709874,0.3598096523830788,0.20199561776288524,0.11146196454616336,0.20218985593545674,0.5648815046013482,1.3722193029296244,1.206103634921336,1.1798181132645356,0.9661901222369536,0.7369971390480201,0.5237774415537331,0.33784155053468345,0.23012116044812547,0.1247600467038732,0.024782098916778184,-0.047104674696726634,-0.0995856496827997,-0.21724643880264394,-0.26870703664475365,-0.07008581112580059,0.6044487887400818,0.9376141354347945,0.8856649151437244,0.9056759118066963,0.7252605883190342,0.584028719679472,0.46018935409712536,0.3147300026498421,0.728963991365512,0.17309589070166154,0.11616790528321341,0.08259737450653737,0.06325941110003253,0.02587746878210684,-0.002862700904962101,-0.1124092249456134,-0.1914927539844304,0.05865304104712832,0.4473338815722984,0.5317692203752168,0.5509602339907713,0.4852021923937404,0.4745773361255905,0.4627470650793015,0.425341891222482,0.4476831088831845,0.42213196442358214,0.37135376745930104,0.38204553639528394,0.3663526160952838,0.33978459956549456,0.3870405047363629,0.4558503268172919,0.49188903595889955,0.5302393530746321,0.0,0.0,0.0,0.0,0.0
2025-06-01 17:56:58.843,0,0.0,0.0,0.0,0.0,0.0,0.0,1.0658950414107062,0.5979042687833331,0.19879775357537355,0.000982688821836164,-0.03994173163990211,0.05958347798826791,0.22783412981376017,0.31274324840276857,0.4339746588442771,0.5691671102410973,0.7056730060828438,0.8274610607487228,0.8855354872126953,0.9063569887298307,1.0032614293765159,1.0714131301763001,0.8730370983135721,0.44032858577486184,0.11922302064245582,0.012361214168468804,0.0887665745604651,0.18220219135936944,0.3147552250343786,0.4944627867227904,0.608086705720575,0.7264404033499026,0.7590387629195816,0.8696802359941719,0.9441676494617435,0.9848683353845865,1.0492521958839598,1.216898741522206,0.8588677645202056,0.24297232835841076,0.044143872386566585,0.02718196872127643,0.23200244968487427,0.35280760174888925,0.5410791323234989,0.583398452280445,0.6295629554294428,0.697652419105262,0.7149271782294322,0.7094601571854252,0.8086714516193113,0.6868226880789976,0.645040712196979,0.6454881748923229,0.2814665184415465,0.3399875675916713,0.384858649746305,0.4708274000592756,0.5322869946567792,0.3703486836834529,0.51948512566792,0.624859416723077,0.5978341277714018,0.6693870942621232,0.49591703536096265,0.4923181904364512,0.5395059406675085,0.7312057294429443,0.806373486088624,0.5255248085216025,0.7647461227607508,0.15975766162321578,0.07082100024135873,0.049963057624736074,0.16629660244815203,0.25191320646788884,0.3991272602447973,0.48395241802998945,0.581369756493747,0.6885136260257783,0.8185235954562782,0.9085403618698336,0.9941140844501603,1.08443143127025,1.1714304207000261,1.2216917620849936,1.2454903647749402,0.3079440639967066,-0.34814396906113665,0.07622665866920753,0.3178662576255906,0.54490709700419,0.7296086314326837,0.8365575660306903,0.9056375572604098,0.964620659837861,0.2967030659006306,0.985384543363695,0.951929294221442,0.9090905531898114,0.8596738983117763,0.7708069995234839,0.6096877486173686,0.5334206327546746,0.6163550681728479,0.8148353689431196,0.8701220485416268,0.8741954728085559,0.8265125808758078,0.8014853580610879,0.7610373430946966,0.7120478922083431,0.6571651851971532,0.6099923161562562,0.5680599821702363,0.46252741712537415,0.33089741181405363,0.12614179696841488,0.08597300494101656,0.6410731471378974,0.9039496597980505,0.9840840583824331,0.9419541682177146,0.30074253162404724,0.6342450177699497,0.5515065365713481,0.2868145217390118,0.0,0.0,0.0,0.0,0.3537899586531058,0.9156147074057976,0.27088228547585647,0.04979753822987398,0.4846914918215463,0.7597963535958553,0.7751220707263509,0.7405183928816931,0.7818623401056164,0.8595593272125874,0.8777831117682124,0.9057363522364223,0.8711198119505785,0.9854669720394682,0.9309168930616099,0.8856900346052146,0.9002519885194518,0.8941257700437697,0.8730110834183569,0.8831758509155176,0.40951881355913067,0.4234510952392424,0.4418917717519939,0.5074816022486788,0.7249644634126982,0.9200279107160876,1.132983605092543,1.2022312169479237,1.2574487681926663,0.5453944101458976,1.3455645618082364,1.3202232139545167,1.2746865014368467,1.148295532373849,1.0324992674994318,0.7734323419222655,0.308897935657298,0.1611849258505048,0.3829037427397507,0.6443002336791797,0.8746589484437344,0.9847457428387039,1.10421346118408,1.0827697417299362,1.0954857225756052,1.0281390897297809,0.9500066017222117,0.8266992466633315,0.7152933774520337,0.5911029276187205,0.47593869990934,0.3558646778945712,0.15564514108595032,0.19097183952951122,0.610953018425904,0.7935788188530327,0.4539508330427704,0.47188071825894595,0.40955016136573996,0.37551289277175137,0.5861134354987789,0.8467119417149315,0.4274030413084608,0.666792894190638,0.46548984531199267,0.24756378026014747,0.13352084262285255,0.10536588829916199,0.20350891530914417,0.5896216929887579,1.466056886089505,1.2526444118239788,1.2627205848603613,1.0209484342999287,0.8065268519977427,0.5895186761368985,0.359580774852452,0.25361243127636257,0.15705402880708208,0.054617737714529824,-0.028157887331258236,-0.1078072747813481,-0.2079639838160442,-0.28470534328305963,-0.050739486237395715,0.6443081913997628,0.9863810563101312,0.927865956523148,0.9815567025795148,0.8323594450621041,0.6800361401872226,0.5317765637245693,0.3932792262646687,0.7263888774840811,0.22784902448101807,0.16025390506142267,0.1159424782513141,0.09506994509206834,0.04422757530815258,-0.004151830334704343,-0.11261933145144887,-0.1714960455984351,0.1274414377501104,0.5135827088223899,0.5841799722557758,0.6188258325615548,0.5674303782112557,0.5462333041722607,0.5249551148884171,0.49706042542382356,0.4960031100178275,0.46629018701072633,0.40841311968701355,0.40891731143975885,0.3881312163676641,0.35584487441146484,0.39516217928818625,0.49804339654283436,0.5405889313231315,0.596849106397739,0.0,0.0,0.0,0.0,0.0
2025-06-01 17:56:58.848,0,0.0,0.0,0.0,0.0,0.0,0.0,1.1466045308326092,0.6453192731046133,0.22156646764479893,0.0025305231810001105,-0.021288004661502713,0.08737293438817517,0.2552102908623003,0.3600375092139003,0.478428520528109,0.6200811840811824,0.7634811170930604,0.8844181830770638,0.9427110549605713,0.9702141884170982,1.0639701838432738,1.1437028454024931,0.9229421455855127,0.4753481327604279,0.13526036687282117,0.009817419649135628,0.10978086276813803,0.22428460357763913,0.37095086370077035,0.5483127616149093,0.6716546592389432,0.7897750235419081,0.7747649804122889,0.9460486686158097,1.0090543851127718,1.0584790943263327,1.1227728836455277,1.2981271959299137,0.9751300385436141,0.2836526531883822,0.06765900702501348,0.03369493584471561,0.2705241681454005,0.4231550137416902,0.610867772664635,0.6741604231070673,0.6916327409273437,0.7744523269407191,0.7711843649187153,0.7879964405876664,0.8525117642058525,0.7504314428677372,0.7056182023258231,0.7028076555610236,0.32497363606806046,0.3338152938930158,0.42862579975067894,0.526940430807866,0.6021681331367739,0.5391228986939687,0.6341219400323486,0.6430905350253235,0.6853033721512394,0.6595652665035626,0.5709718617409182,0.42934271569665516,0.5319563982081568,0.7206179943339847,0.8137522231598688,0.5765471181904528,0.8165585658737418,0.18085876535807402,0.08243798893070042,0.08148511543312709,0.2308991068380144,0.32189768514152894,0.4666164592536739,0.5551870042981302,0.6563917707404914,0.7721261884083117,0.8913250558219683,0.9732523793438936,1.0671187823558426,1.1569387891880183,1.2365647491713236,1.2823900655003415,1.2933920793556988,0.3274732166706747,-0.3366174899868012,0.12298063312780716,0.384308497246697,0.6200596207928217,0.8158475839044046,0.924871665469706,1.0003277469903487,1.0507361195319678,0.2932522221222323,1.064509655914635,1.0261931158571511,0.9692654006445968,0.9126528500910366,0.8231067337365412,0.6445812403048095,0.5661189980834506,0.6791542891127921,0.9075252611602909,0.9810922117718073,0.9840292195213969,0.9372889307010646,0.9040119846717998,0.858722378157406,0.8089291351588919,0.7422675313852163,0.6998283278477462,0.6334201458658895,0.5209787291728463,0.37784899914517844,0.15154052216752845,0.1152898242669057,0.6941759489073022,0.9577486746463719,1.0520684546737298,1.0098271149528681,0.2206760985729333,0.8341186339946987,0.6019968761878802,0.25329851468817466,0.0,0.0,0.0,0.0,0.4980876861540927,0.9607340856108915,0.338610872044915,0.06436773183726863,0.5396538580298025,0.8040047340816063,0.8290142567653029,0.8096893599778067,0.8690868078260603,0.9483826438643781,0.9729567440794296,0.9992382686026562,0.9673888400914281,1.0618920958111975,0.979879952983818,0.9267898434581143,0.929260446638206,0.90235375794673,0.8734878650414439,0.8420011616656176,0.4241404699189397,0.4756609432751101,0.510016800714415,0.6007190248455607,0.8282561605003449,1.0309699618223909,1.2549658699952895,1.325132475024876,1.3586759462670013,0.5269160963524524,1.4183263873330532,1.3833334048360464,1.3146551818617007,1.1659690738153907,1.0343472066294939,0.7513864056641649,0.29296242149387625,0.2376619676282451,0.47153681252144886,0.7614736279810106,0.9892376883893133,1.1096599543440322,1.2237438797964826,1.1797248134323841,1.185961028623665,1.0989802965870399,1.0152117750386576,0.8621170963984571,0.7366217930733178,0.5992338799443409,0.4746813791767548,0.34537996549548433,0.13032172245705448,0.2603721639236423,0.7089991978899818,0.8839664301411007,0.6191269741515588,0.5860996537075258,0.4490279794299712,0.5908549893064907,0.5521522251104101,0.774622319940835,0.41158502083625254,0.6744763581315967,0.4989623553359389,0.3446991447778833,0.23490136049702334,0.0946742414096205,0.21873271245199,0.672366875238873,1.6066406160012745,1.3607545604474027,1.3830685233617879,1.1225985834772456,0.8970785794481533,0.6642101587259304,0.40974362975489886,0.27356707500859745,0.18829378832588972,0.08001106883739784,-0.02260672066327718,-0.12294277529842357,-0.1999912080180798,-0.26143324122264466,0.02744487246654631,0.7574577835597158,1.073733166345957,0.9989269016960345,1.0666268652465538,0.9421390934683493,0.7774050506105112,0.589538030696865,0.44516947002499907,0.6723697547463601,0.24549322226354842,0.17751009375328075,0.1083048424742068,0.08452283353999201,0.016472918133118686,-0.04761733103406962,-0.13338949062314753,-0.11164908676074775,0.22573671563387143,0.5882161379365158,0.6489263225422414,0.6874431871699069,0.6540358803430024,0.6036984768957665,0.5733356055087886,0.5287017952702449,0.5196224413268475,0.4698768541403793,0.4142461621960778,0.4098550192649739,0.373861601783514,0.3458255288029124,0.4027533829487518,0.554924795031066,0.6368025200130117,0.6960311191473247,0.0,0.0,0.0,0.0,0.0
2025-06-01 17:56:58.852,0,0.0,0.0,0.0,0.0,0.0,0.0,1.0539992515296317,0.5897656510144783,0.18510799659195576,-0.005771326629619433,-0.027067151891097985,0.059703274509615656,0.20840541662233003,0.3060512966751956,0.4230385612001756,0.5618103348342112,0.703506367189253,0.8121735553848174,0.8657440133725514,0.8986520927960086,0.9837684235158969,1.052233301936934,0.8465444544156495,0.43916553637841166,0.10352474435701453,-0.03090751743173281,0.053176007415353777,0.16146050084534647,0.3059954920018051,0.45932783372267894,0.5737173881354303,0.6962423360274566,0.5702787377002381,0.8555225875946785,0.9195689830983578,0.9756786618433076,1.0400312915292742,1.1942900983365488,0.8812645353320612,0.2646384544330328,0.05404359135769854,0.0046938604013679885,0.21363162449242146,0.37073897664481814,0.5197332873083484,0.5981440115973324,0.6223288775646292,0.7025583003406268,0.6680397033121583,0.7320963792638716,0.7643134599063685,0.6930112846750822,0.6653985520043506,0.6607738187265988,0.34563672889171376,0.34258523182908635,0.39285529137117103,0.4936178586718114,0.5259431466594604,0.5082007579134156,0.5170592883110952,0.46537248596008657,0.6306051739086881,0.6510273512409592,0.5103214634853116,0.45146182899596987,0.5621382027029258,0.6250701624610496,0.6618243045389107,0.5378875368434871,0.7093552392803186,0.18622699776372917,0.06887397184450261,0.040865396429055734,0.17603486202414298,0.2515821260036333,0.3689907694661143,0.4438629774211118,0.5397168287378475,0.6549552975453263,0.7708730564623392,0.8448125995324403,0.9476348189805922,1.0376324609813297,1.1170703963622353,1.1768875858449777,1.1768007386937251,0.2650580493016055,-0.3389747487701972,0.06569381671352859,0.2988394814735065,0.5017429830984217,0.6901014686312914,0.7893620177730996,0.8668764978468593,0.9183240977433498,0.27368476266815916,0.9377827417340108,0.9161833277073711,0.8627953524267286,0.8179759672409589,0.7460002120026499,0.5868747084388864,0.5376214664296735,0.6286217288363737,0.7995522923135754,0.8538036359444956,0.8415816622250885,0.7990417311640716,0.7626349411838422,0.7235194486044958,0.6839131716659839,0.6212362499566275,0.5920650002295564,0.5270890906527015,0.43509249595247423,0.3101110310657368,0.10330296285430574,0.1003074266625002,0.6559801812045272,0.9085196289439208,0.977185129695942,0.9259330445529639,0.21585860207048202,0.8821176995842386,0.6762827881077258,0.22037792467185746,0.0,0.0,0.0,0.0,0.609940067637125,0.8945491065947007,0.30461834959155787,0.017055845508487377,0.47231442488412206,0.7561712439476096,0.7694368221787542,0.7396646391666072,0.7726119274012428,0.8325060524480705,0.8579211793635886,0.8784347873464378,0.8591326703514177,0.9479413787865454,0.888174379680414,0.8531654945414517,0.8572020882766609,0.8440307841411281,0.8232432733374762,0.7577820211863624,0.380255876499948,0.43571658575234984,0.4523242692742091,0.528707789942982,0.7342963845494024,0.9242110012749611,1.12684878379202,1.1929149594445343,1.228526136277406,0.4498467302331732,1.3033139280294082,1.2909763463557207,1.2330175713425628,1.1033377895542609,0.9882110790083097,0.7193800304075963,0.2729006718947923,0.18432885651246966,0.39900401999532653,0.668552491360813,0.881319281573365,0.9927455937572136,1.0973040725696919,1.0520192834734978,1.0626285933772284,0.9859949523233547,0.9267536805943029,0.7871390831313866,0.6746766128826119,0.5582596792335859,0.44506456972618835,0.33325422291477896,0.13200510789617262,0.27727430726612956,0.6669543018498473,0.813596151802381,0.43521249850368793,0.6747518715700426,0.3774078418652479,0.59946452730544,0.4316413316657948,0.731545700933647,0.4029121891288457,0.6561296147931639,0.40407394788836215,0.3789716605432485,0.25611190718526355,0.08202984210011627,0.22371506263817303,0.672848062735701,1.522584661150792,1.2959671904841468,1.276775160854851,1.0102822154566593,0.7957770573999847,0.5737053649794381,0.30798533030533326,0.1914141975984447,0.12211502883971126,0.04774748662277384,-0.05995499302243801,-0.14484758111807217,-0.20439113816442178,-0.2518118326195102,0.02102334009768464,0.7140396590652862,1.0293453389904657,0.9471894775696648,0.9770977857698154,0.849949515283192,0.6654981537094504,0.4875017232619452,0.35698732827833424,0.4682654614423539,0.17275381810348756,0.12654751349146398,0.051744645954281854,0.03727927310318069,-0.022398874279514813,-0.07525608516473892,-0.14204987074873177,-0.08416861380101281,0.1954657072216518,0.54457208732834,0.6014301502231786,0.6143083220081298,0.5602261932908381,0.5035924700955419,0.47841188886453323,0.4369942041309778,0.43945322892627003,0.39408177339201855,0.353755480478388,0.3556610891646068,0.32982392140538586,0.31988137183226983,0.3889430565202488,0.5399615685706182,0.5892914972215336,0.6225118472197091,0.0,0.0,0.0,0.0,0.0
2025-06-01 17:56:58.857,0,0.0,0.0,0.0,0.0,0.0,0.0,1.0397040019147785,0.5906766176938882,0.1571597080088598,-0.04168922118152707,-0.08002603792691387,0.008323288186178446,0.1678652599373084,0.27181493087659425,0.39827599514564194,0.5373507693102899,0.6909038356915307,0.7977021717033822,0.8494553927686836,0.8893718298087293,0.9700083495032211,1.043461871344688,0.8536897308820298,0.442930280587538,0.06723837220525164,-0.0793532027642243,-0.007172411883940466,0.11340897731025446,0.2763226443051088,0.4218428263580847,0.5459769717437732,0.663745830568073,0.45714350646871915,0.830541204307876,0.9082405379311467,0.9672831974194721,1.032254660613477,1.1849502890610224,0.8777271739785539,0.2580810348166642,0.013830600670528437,-0.0034964775953068017,0.16233272025084977,0.35364413817688045,0.4728733898697246,0.5477861730963565,0.5872011970549234,0.6946805342579239,0.6485330792050603,0.7219231488075412,0.7601430402709962,0.6842286940017981,0.6620964653519306,0.656559325632194,0.3235665432294972,0.33357586545617773,0.3455300303296759,0.46234306551850524,0.49897602026002885,0.5056691867160041,0.33158722107371497,0.3647458585490408,0.5940723925367857,0.6085396667087727,0.44664469661662953,0.5002816953380156,0.43748205593201156,0.6469804042906878,0.5674542721598386,0.5750267262159964,0.7465123482368934,0.22842312082867702,0.0677433334944959,0.015280198056139893,0.15718536196646626,0.22116244876944546,0.3311728546910777,0.4072840079140858,0.512034722631578,0.630769654355555,0.7427540795477656,0.8235929449761668,0.9305242758188784,1.025858549808782,1.108912851236591,1.1776443742968619,1.1689745270309935,0.2661326640287042,-0.37400205758940164,0.0068829022880088075,0.2609942833479868,0.4668839898296,0.657496998343718,0.7583012246375005,0.841017251841905,0.8957359302630123,0.45274922601863915,0.9184355561608413,0.897415003867767,0.8446919096240734,0.7975378285156237,0.7321704625748173,0.5670928754159689,0.4945887848571925,0.5988048453564562,0.7754089612069772,0.8303730533066853,0.8048199291034168,0.773197778583995,0.7351857640584596,0.6969804384436218,0.6612657497360497,0.596993097074686,0.5739102690194182,0.49582510015137693,0.41240256046609813,0.2866180651308695,0.07553834666603798,0.06789977219252319,0.6381861935540444,0.9004407293575909,0.9630780298340096,0.9089163864708327,0.41808895624868686,0.9138283260998108,0.8710177033905748,0.17323450493060683,0.0,0.0,0.0,0.0,0.7803388610891386,0.9223894866046658,0.26336987109237286,0.04921715870415333,0.4640628966701707,0.7527042772090903,0.7596574854728786,0.7278760940406485,0.7500626484550335,0.8011357202846148,0.8422081838765658,0.8670756397930264,0.8582331201090043,0.9297859711001273,0.8779112685022645,0.8455359802787792,0.8534783559871717,0.8342514686194553,0.8289642619437638,0.7668377723326749,0.3968342664673479,0.44043546012480805,0.44076094055897896,0.5321767765240333,0.7377383571563574,0.9298221523986498,1.1141521611134042,1.1978372757916047,1.2162742426473183,0.45862087026242476,1.3000894136444372,1.2857201715400133,1.2273853589021102,1.093426373325101,0.9771946508184203,0.7098068376143806,0.2818268429870637,0.193065560736574,0.3945274366177668,0.6691322655435954,0.8800445447895653,0.9991334729945829,1.0883263441217093,1.044750859162469,1.0576674160633077,0.9685091477899244,0.9154773449266971,0.7742172437920724,0.6657588852951654,0.548727556180816,0.43807720104919623,0.3288751242129815,0.1308488938784442,0.29482413126880563,0.6840985302965109,0.8021534681238299,0.4272005843465696,0.646281775641883,0.3368664666350555,0.7106085717765275,0.38214549369481504,0.6620547254581104,0.3832914635386983,0.5052230523481145,0.3825571594722216,0.436781021895547,0.4024430071528776,0.08076869247116042,0.23371228017638696,0.704846795676733,1.5507549472294408,1.3155906268348228,1.2847978041712014,0.9953761655984859,0.789572659414753,0.5509006666906013,0.28325976615906456,0.16913326040395615,0.10341634819617762,0.02823556729461818,-0.08277143039118218,-0.16278830708021597,-0.21142064259728788,-0.2288873400884608,0.07428997644942509,0.7679808093550979,1.0560189437702945,0.9891260167142335,1.0083583489109307,0.8818177896378068,0.6608012195121669,0.4768699081847576,0.33682377406368413,0.535739199490594,0.14419646632461247,0.09890932788235451,0.0025375126524485037,-0.014355741722407833,-0.08198998238500776,-0.13054755657035166,-0.1686599915471192,0.0037118392805078892,0.29320839020218514,0.607859644071336,0.6406837290717279,0.646526141996072,0.5789024333189587,0.5029499316508703,0.46307014292614035,0.4142786591674661,0.39769350889780997,0.35059684654505263,0.31370632034862944,0.29795892334987917,0.2748319646563556,0.2732730348771909,0.3742529497786445,0.548166791034004,0.6593867639069496,0.6750769007651864,0.0,0.0,0.0,0.0,0.0
2025-06-01 17:56:58.860,0,0.0,0.0,0.0,0.0,0.0,0.0,1.0345150610317388,0.5798783045474113,0.1583953719138106,-0.01084165977236351,-0.04602754021970856,0.05001552933931264,0.20662970907560918,0.30942807635373026,0.42876307601952657,0.5596697285429131,0.7064578319494326,0.8168193485421883,0.8536567090278453,0.8910093205617023,0.9604307463788676,1.023940378372976,0.8357307586946282,0.44178795089609807,0.09329380733060011,-0.041115941922236,0.03419652852048438,0.14178705467938646,0.2939514432634187,0.43900885146601887,0.5569162316703455,0.6659281753417869,0.38043660619813957,0.8157921761204748,0.9031198224780521,0.9506995321637167,1.0001381724199194,1.1419283618440579,0.8259498215683851,0.2656438688150963,0.04708761571265563,0.05920067318182043,0.17045513380909272,0.38799842977415167,0.46362675455298863,0.5334156042794838,0.5739747439683713,0.6699321526223179,0.6508398376683551,0.7091157784985905,0.7496821804216743,0.6685409636487618,0.6431980043169193,0.6172764396949701,0.34769179063810796,0.36780443248215655,0.36816487879909554,0.4806625437030738,0.5175714756245349,0.4826638680653655,0.41400228619598656,0.3660069866031214,0.5888777883762372,0.650756817934612,0.37036184297206987,0.4932918558501326,0.4007711091541804,0.6934129963579719,0.5084349983313154,0.6358987046602478,0.701810691773258,0.2371659531066602,0.12033961763023748,0.03657654175084546,0.17940858828556827,0.2373453859787109,0.3388863569193854,0.4193961243932387,0.5184584445908254,0.6442042668889649,0.7337624109970926,0.8199990644805961,0.923597041993898,1.014899206183169,1.0924069240945506,1.1573434464676828,1.1240745189048102,0.24677810506399112,-0.3258567273076476,0.03930748505461823,0.28644143487611395,0.49433186208490487,0.6700623152981589,0.7668450074379214,0.8448985366129946,0.8917394188653576,0.3273275719978062,0.9110355176978249,0.8872470623417855,0.8325618730233771,0.7870070229140936,0.7123750812739857,0.5520224913540793,0.49476492212919876,0.5943539612390084,0.7778618772075414,0.8382625745267818,0.805118887705998,0.7766907594935433,0.7349948270932134,0.6894889368932007,0.6578842234069582,0.5869405024618333,0.5738831477364579,0.48463304065916923,0.4080686674023335,0.28345579968621426,0.0751441301501391,0.056453780935582176,0.6254183174816156,0.8870506985652624,0.9498392414522956,0.89361516936708,0.5236277189755223,0.8975859647166875,0.9257845237509787,0.22573141141975334,0.0,0.0,0.0,0.0,0.9854413062805487,0.8841899501400281,0.2565753406530018,0.041046652611170464,0.4322242957978471,0.7316054311078996,0.7352490874616204,0.7066309514938977,0.7127159706222508,0.765213915819366,0.8197293984954368,0.8491818507824527,0.8551880888394066,0.9283389375379265,0.8743093794454557,0.8502631134920007,0.8647381231482634,0.8393528208032219,0.8511731971300565,0.7814262086471657,0.38050714531731633,0.41335746740979906,0.4156775563441091,0.5157007461107628,0.7250087345201874,0.9177094994424335,1.110056507685866,1.2017680900991523,1.2202191944038427,0.3925355777454414,1.3166480445045403,1.3107042416801713,1.2447216055888772,1.115711274830082,0.992720504480075,0.7408385482627422,0.2995213849424776,0.15193155814191306,0.3623310752454373,0.6552007827876605,0.8544888453884671,0.9853203010950671,1.0815484968317075,1.0371289978285507,1.0569374801564728,0.9707849087453528,0.9299371112575354,0.78481635729709,0.6769398775314436,0.57053081733094,0.45906784966561953,0.34914515015850606,0.16749168423460828,0.2610807818559637,0.6474721798636918,0.7699137803229984,0.5270370138351783,0.6029705742988507,0.37628158850858895,0.5429264445812595,0.48452541975904145,0.5071706921027994,0.2894833592128991,0.570650092830949,0.4762844753006704,0.4537017564568674,0.528423820169497,0.10545531476977515,0.25361344040564615,0.6822762181227591,1.4917050083553278,1.2724062136002008,1.2299092125976339,0.9641164447889872,0.7645158145249076,0.5585904332656666,0.30907223548720575,0.1738162822272329,0.12052311121654968,0.03439310546005658,-0.048396497625422974,-0.14090846082291475,-0.17789623826101286,-0.18383136501057135,0.04131041680884334,0.7019478508426116,1.0044979548909483,0.9545335621444846,0.9691442160116343,0.8664663458150981,0.6263827885248068,0.46336253573666064,0.3286327526020636,0.6927218257029685,0.15406197358859464,0.11128922085340598,0.017377897821972965,0.007586520277216402,-0.05620147546303789,-0.08995667898108017,-0.11348772580168975,0.06031094182318292,0.23957712168452727,0.5522097818761214,0.5968191709092737,0.586438225834699,0.5180442397157288,0.4542808384220014,0.429941269463606,0.39366116795690886,0.3852200540430899,0.34178164915695275,0.3126897667582196,0.31430482137284477,0.30753208344201,0.3175984337370772,0.41627642837963647,0.5633560522343904,0.6473505513970171,0.6202625953811669,0.0,0.0,0.0,0.0,0.0
2025-06-01 17:56:58.862,0,0.0,0.0,0.0,0.0,0.0,0.0,0.9680565614747193,0.5387258995542644,0.1416754411399469,0.024971954951050646,-0.019564879879118258,0.07243957113441912,0.2127235715423489,0.31790998923754765,0.42439612675833904,0.5417852667076983,0.6901216156374836,0.7847474974896068,0.8243052697723738,0.8535353525259805,0.9253869653231886,0.9665143990161532,0.7687042034257915,0.39950041570862954,0.09607679324085894,-0.00011279954821841187,0.0749391114006841,0.16557347452325755,0.3109577130223373,0.43996705906337463,0.558518531415449,0.6565080207866973,0.2532487526005548,0.7983080818512293,0.8787714096957464,0.9184808152616756,0.9627396657251808,1.1000893468771045,0.7444696257250136,0.25853315429497903,0.06287118354162147,0.11914217309666664,0.2155372507964355,0.40908560850562536,0.4682409336316098,0.5232894234163419,0.5969505103341479,0.6656751916837722,0.6406841511104173,0.6774566638680694,0.707014058988375,0.6572043295604668,0.6215017650707835,0.5810606718772933,0.3447026083683209,0.4125925064985849,0.41250544659684796,0.5260720569040709,0.5723159230214758,0.4865079785698136,0.5636255524184638,0.46831465034434366,0.5859644512025981,0.5515163892348591,0.43525616814283885,0.39848820757326986,0.44118990109067396,0.573489916022877,0.4477069712561297,0.5801221121994029,0.6710069115033577,0.2856500574103924,0.19666387665660756,0.08223776360636692,0.21322406312323694,0.2588389907513462,0.3691121427667228,0.4292848602737871,0.5226337520269289,0.6385171654903508,0.7231923422617945,0.8158127186437361,0.9113760074460829,0.9995230045744163,1.0646578801387032,1.1294132417242708,1.0706596726686868,0.21808047103406458,-0.3059834870848821,0.054500563048604844,0.28262123760065916,0.5078787219194629,0.6798038613051993,0.7652033915793339,0.8457340450722808,0.8922190773768903,0.3277740861164405,0.9065717824221722,0.8752087492049451,0.8212815021659351,0.7741991100312912,0.6918171925169632,0.533595283491478,0.4883488279288186,0.5920227800852461,0.7892547279737161,0.8487632473764017,0.815528345003522,0.7797229320705246,0.7301448237044501,0.6862336675035774,0.6464029238796647,0.5788241938943597,0.5685405992989245,0.47635753570636696,0.39768307978054085,0.26979922327821393,0.06599143888673964,0.06024023935950068,0.6374711655330467,0.8958477207860636,0.9602732405165664,0.8922087997915711,0.4244739145841752,1.070824229029348,0.8471476334609114,0.36329405997951214,0.0,0.0,0.0,0.0,1.0631585397013301,0.8439405140828327,0.42308030163755617,0.048668432683328544,0.4423807516050971,0.7312226491752236,0.7318324909809115,0.6961832583503312,0.6975383785941052,0.7468996595046125,0.8056186901769982,0.829256065356812,0.8354132667312997,0.9133477082542991,0.8593993288912203,0.8373842234631985,0.8410082591278021,0.8288249980457008,0.8464041536705629,0.7843690191195618,0.3685243885174869,0.40340703871033434,0.40889519332436675,0.49969150369513726,0.7191976606681745,0.8975561574146163,1.0910755844319455,1.17614184725606,1.203037240096663,0.40389797101442565,1.3023149452517049,1.2916590619582182,1.2217839947604103,1.0995537207513615,0.9791278230012793,0.7284239979719397,0.27829167294632856,0.1367624026365215,0.3593349590125491,0.6448401862117434,0.8458961688457114,0.96754558139036,1.0589656757048087,1.016565022569451,1.0346975326593988,0.9526473625488467,0.9132354517941272,0.7726328401719039,0.6672047351271663,0.567599206790877,0.4531702885942489,0.3545944007806693,0.17907881095333833,0.25648039346522084,0.636067169558643,0.7657039774061875,0.5955001923853022,0.5938083877052697,0.3348774946924371,0.4479876366731368,0.4154359682112108,0.466751154195851,0.29722520701705146,0.5478125362240314,0.6037102284355967,0.6362122386075268,0.5926756190796204,0.1056946567724883,0.2605199003325661,0.6840321107282452,1.51203515446286,1.2797243118552086,1.2326273169465525,0.9880641567854171,0.7525599845688273,0.5465816617790709,0.32940637520092864,0.1872408013257758,0.10473088871556402,0.01906686765806187,-0.047004696578969996,-0.13628944731656012,-0.18758583208516033,-0.16849677225117504,0.045425518246585195,0.7048695641217428,1.0119704243885723,0.9646782780598715,0.9836139219400174,0.8856792111309668,0.6398930466961303,0.48102784757501715,0.34398110548690286,0.516345701870155,0.16625602545829032,0.12026651024589707,0.025427653821921137,0.009469518886964345,-0.049284472959010284,-0.08681492308504624,-0.12074683742799874,0.05665216467957618,0.25400799012466035,0.5483697631260793,0.6094513888456253,0.6011523796000888,0.5288909221377482,0.4572550568811391,0.4375007322258482,0.399001640886405,0.3831354831014018,0.3408160113221501,0.31297656661728634,0.3122499018778959,0.30776738621104804,0.31396304553154086,0.4140490640623716,0.5422703637778563,0.6493616622852437,0.6119062440094296,0.0,0.0,0.0,0.0,0.0
2025-06-01 17:56:58.865,0,0.0,0.0,0.0,0.0,0.0,0.0,0.91843472381814,0.4860222537242055,0.08015444417843937,0.014150935287085553,-0.0048266223839620315,0.09184142471247891,0.23412017894798132,0.33663413448739954,0.4464867080653384,0.5457774518642264,0.6905733750391161,0.7944971438788361,0.8207386067558433,0.8496476885161742,0.9233014200472051,0.9393357646420161,0.7326253921079562,0.3590052816398908,0.060193428393190085,0.014505107525353722,0.07875710514257572,0.17653918233703636,0.3110360356582278,0.44910462295182363,0.5568116746137814,0.6622780950988327,0.17575058276937533,0.789085391596204,0.8705109059628546,0.8963360593283795,0.9398816559098673,1.0858322603712427,0.6845272624865355,0.21192071455642997,0.04822080866898548,0.14874658637017268,0.23184766889637887,0.4053033478414587,0.44101105100588467,0.5132833102015599,0.6162496481540256,0.683494133826394,0.6380036740195507,0.6678287521521004,0.703711388670064,0.6546884788552274,0.6203508903577594,0.5590142482809257,0.3142016847814479,0.4277457168427393,0.4236416841091851,0.5343479222862517,0.5956124365734627,0.39061482713847945,0.5465790737415228,0.4744759503092449,0.5171401872955862,0.5942268647022615,0.4477667667594347,0.4504652743737171,0.6969833683095839,0.46192939205147443,0.4005851924037044,0.6676347352776194,0.6358843344338474,0.2806894066394031,0.2180941577051574,0.11207767028517113,0.20299597593578156,0.25409634599939435,0.36640503153651816,0.4208430407769521,0.509890320855342,0.6211173201675391,0.7091222513360957,0.8018078356555667,0.8915314048920381,0.9744748649795734,1.0411829807123856,1.0918783410768467,1.027252768314117,0.19341349192533341,-0.2835199526727026,0.07702762384054473,0.2988882245554607,0.5203998944013588,0.6765758424543815,0.7626157377733378,0.8415332463604521,0.8836189975107029,0.218145575914992,0.8956361589525417,0.8617511686187679,0.8145973352937418,0.7558549528149047,0.6710390822038488,0.5066435132047569,0.49697528305276806,0.6144854423134108,0.8139219950665604,0.8613881946334618,0.8248252777791765,0.7901729212436164,0.7302488180376931,0.6908228477835388,0.6393493335101936,0.5753580340296671,0.5575689215714219,0.47534317380833935,0.3791299814394251,0.2507524993439879,0.04918566198639451,0.04367423236624757,0.6537257122793741,0.9076452889476088,0.9679406211215624,0.9075511320299134,0.46980814027087975,0.9879093556523924,0.7644560693815761,0.5080065964621167,0.0,0.0,0.0,0.0,1.1408757731221113,0.896744305901666,0.39532608842864225,0.05538791749561167,0.44818795337651657,0.7284309395452561,0.7320614957305345,0.6925798981862533,0.6993279584875334,0.7552795110898984,0.8153671112586367,0.8402141442664663,0.8525337818607359,0.9399903103501366,0.8858617665900246,0.8571717160066261,0.8634255885484563,0.8594389781590861,0.8737490526289897,0.8315442842908265,0.369870064658334,0.3904321440798303,0.4050743689284193,0.5052934794456454,0.7247621138642224,0.9119610807094567,1.1112325862306704,1.2074711778410985,1.2336114709107633,0.45686582356910815,1.331646212467255,1.321878443591642,1.2481397157694585,1.1218815196641998,0.9985689785081354,0.7528057792541715,0.2692284849394329,0.11450757235257714,0.34846643224654084,0.6436780573260033,0.8458708328141129,0.9721734370478197,1.0730332250844214,1.037773196879151,1.0412184073760264,0.9724949162955805,0.9252162595309832,0.794677407952003,0.6743655672462857,0.5797014311585476,0.46757795739531127,0.3640277411436719,0.186910830711436,0.2274181592979976,0.6227381168580113,0.7620094168243473,0.6055513878942606,0.5506243918091147,0.433053521579144,0.4613698437000091,0.41966636440246613,0.4755543442796244,0.3526103326861965,0.5966443600082376,0.5631349733653672,0.6316816735186577,0.5120463577317417,0.11132200507564621,0.2508745243730368,0.662634460729569,1.5145320534947084,1.2671928046486531,1.240304155001112,0.9909964496728407,0.7803877830811008,0.5762290436191426,0.3620278919718034,0.2228436180612201,0.13550837464882437,0.025809622664613396,-0.011044346549187956,-0.11789606682569254,-0.18175267506724602,-0.17540528501001645,-0.0021047823472026828,0.6573906173389592,1.0074587422341152,0.9702997632587014,1.015125762051321,0.9147514507411845,0.6775692368450104,0.5433538996916616,0.3943358973373401,0.6550507438226271,0.21364721017753263,0.155975110444869,0.07231217608440521,0.059119082949577906,-0.010093228578984648,-0.04895422896311663,-0.11457620825363979,0.01715361597023346,0.2380495378766211,0.5273117112434977,0.6186997219699558,0.6157714522019215,0.5534829234859413,0.506853694225639,0.4727822685652261,0.4439156864884535,0.4246484917245632,0.39054894896215653,0.36173537835900493,0.3551487724138971,0.3518709818175113,0.34484696304647766,0.42478466959090316,0.4984520049140885,0.608908547405879,0.5738939400759231,0.0,0.0,0.0,0.0,0.0
2025-06-01 17:56:58.871,0,0.0,0.0,0.0,0.0,0.0,0.0,0.9196548603461264,0.4731429982404036,0.057242518228438066,-0.007900254102985782,-0.025321186655737904,0.07402831887438521,0.22150088576360527,0.3344638715430237,0.4360119538016699,0.5444395907770594,0.6844900422737124,0.788482846845462,0.8214128699318841,0.8477233120932625,0.9292790249123121,0.9443716001567176,0.7255216021946878,0.3439379354669932,0.03406228829795355,-0.006954518383802899,0.05596049059167907,0.16087379982677197,0.29092300103941726,0.43553121674695494,0.5447584633030165,0.6541087168254107,0.16257321668334973,0.7800872218470022,0.8673312060977818,0.8910881448655833,0.9431577783233172,1.0942318580320896,0.6716908089460496,0.18832033092023537,0.03194906398015629,0.12448402157838867,0.18599820060800898,0.3631591889779895,0.4060736999346848,0.5041135850044931,0.6076486096973621,0.666098284955116,0.6434658660364472,0.6697492280307721,0.6977198293484154,0.6657085533773959,0.6427795179644485,0.5544400192276828,0.2580489544176753,0.4042000053467131,0.414128245245447,0.5055775364161081,0.5832401773262472,0.28802698411716704,0.4860326951866063,0.5186421556553149,0.4321059431712593,0.4588564798525704,0.579060401101113,0.4280211447124441,0.6222753455299228,0.434973588671836,0.41568580792744136,0.6916772909396519,0.6304381639264585,0.26130261571674906,0.20166553863870895,0.11283399784679471,0.18558724054303366,0.2409643476782748,0.35528344757127095,0.4094500410341342,0.4917979217877766,0.6094450655923638,0.6975556822043958,0.791339235541195,0.8791014107543939,0.9670887692097572,1.0293483772644418,1.0798651207445333,1.0227334520246705,0.1897173120785105,-0.2929911411390451,0.06783957681308195,0.28833754225389363,0.5090324670553581,0.6630852594966248,0.7486673246580713,0.8307382480848835,0.8708572034491218,0.16513127778143366,0.8850909823294242,0.8509818132967307,0.8066394552169619,0.7519997566077327,0.6599752250466504,0.499699163066335,0.4803884045154142,0.5979143609520144,0.7970723617846613,0.84823025310098,0.8117816760786207,0.7760954673756972,0.7165496799045488,0.6773330364995926,0.6280155876103686,0.5597526316409431,0.5463968405091044,0.4674828062606202,0.3715261520958213,0.24186108678139873,0.047588176030691764,0.03145334613941103,0.6454380356299119,0.9020147503354596,0.958660020840622,0.8978219304807911,0.5260273320287907,0.9094953097525877,0.6693229868560708,0.5429273766686867,0.0,0.0,0.0,0.0,1.0777247863367798,0.8271815912703222,0.4889441467402924,0.05559914410442923,0.44248290964398834,0.7250573156212214,0.7226880265675761,0.6859680327279204,0.6906792248927971,0.7437667445075646,0.8038385764878893,0.8309884130935319,0.8362059514286861,0.9305688064724542,0.8792277073751364,0.851961160302861,0.8593808212412846,0.8516788716791437,0.8639491294960853,0.8050267200340813,0.3524174386044623,0.39140894164857576,0.4088144669936864,0.5104089040110047,0.726912177360618,0.9150347868257529,1.111480521092123,1.2073379109925606,1.2283709233354878,0.41008663402785356,1.3208821096154781,1.3067583704137387,1.2265275074679811,1.109179579743333,0.9805637288628964,0.7292611317832491,0.23914443930214024,0.1323667575160543,0.36869298733030653,0.664798832813984,0.8554507912815899,0.9817528849191921,1.0723840958530921,1.0384298876389664,1.0317456515574972,0.9650611349056666,0.9181107192766627,0.7806511074483963,0.6633308018152532,0.5624082929004324,0.4507907455047174,0.34875503750836045,0.17502149241957846,0.22627332705143458,0.6443895485935568,0.7891345646499711,0.6314165753991416,0.4172883310978369,0.37471706394599014,0.4850585844641411,0.45984044565149124,0.4847287787929133,0.3711496182759619,0.6089140912846271,0.6057939844864495,0.7220516221500572,0.47391556128438583,0.10609055571573406,0.2447985155469113,0.6660998392030701,1.5560255864029637,1.2935403705788435,1.25230440830215,0.9884427522982171,0.7811605055734734,0.5859732264607551,0.36955704945412937,0.21714084989321703,0.1326278725384138,0.0074907318483545815,-0.024658565737396776,-0.13649235559460038,-0.2004430610579977,-0.18578767109701483,0.019069304027542755,0.7012839332890535,1.0353280604366895,0.9967901452755055,1.0564294261174783,0.9459201717748524,0.7111231780980365,0.5666862143418492,0.4007410451273612,0.7101203772444917,0.2136789513639623,0.14625935984899519,0.06217560973046754,0.036590512146674636,-0.030786157948794468,-0.07840207545137423,-0.14997881822425402,-0.013476596450920086,0.27035053971561707,0.5631140658660798,0.6434150127414363,0.6420477135444758,0.5924057496510107,0.5314610733923442,0.4850309247122837,0.45083938273151714,0.42645488105368745,0.38104841770095543,0.34966906145167664,0.34924926979559023,0.332060405961741,0.32145250598358466,0.40299724391849906,0.4736448395146986,0.61259710393842,0.5915841045819374,0.0,0.0,0.0,0.0,0.0
2025-06-01 17:56:58.875,0,0.0,0.0,0.0,0.0,0.0,0.0,0.8577750893950896,0.4132337629618086,0.021498970107046156,-0.00412946706861661,0.013734512359700246,0.11139856065491427,0.24621727898537837,0.35552838412628507,0.44053220892995826,0.5562728280275733,0.6818816629995912,0.7764837685689271,0.8074664080607206,0.8338483419369341,0.9052698489132378,0.9049420327386665,0.670468926719916,0.29533691012390645,0.022977155255680892,0.021205647830160546,0.08103967344844487,0.1835487518289114,0.2970392316274493,0.44104307702839884,0.5420591941139579,0.6629715805318619,0.10558451842402428,0.7683158077883022,0.8490294292231073,0.8594608600215258,0.8972958741275749,1.015727984613716,0.6003734908179812,0.1554987549757944,0.06514308561951354,0.16961185930648992,0.2006123389078982,0.3753281494996379,0.3952818159131031,0.5372452028292212,0.5988792707790085,0.6597441931298871,0.642063181484329,0.6566806109359754,0.6577269537120088,0.6132564986376576,0.6165308492972145,0.4863774967164232,0.24154965409331702,0.43338454912852,0.48018492794791945,0.5469332493168546,0.6102260933746253,0.3604698800438156,0.5540011566715464,0.610213151401023,0.49131430304029655,0.4710595874096738,0.6961818459749467,0.43809652922446685,0.705903506200463,0.37737308948185433,0.5551024411459023,0.7031852631747878,0.589389267823984,0.27315846778452413,0.22584150145481696,0.161739561861461,0.21204517632892128,0.2665879724625988,0.37289513438738076,0.43149571002868914,0.5034150468743734,0.6127324644028007,0.6941127470654704,0.7847968156281868,0.8658578326698486,0.9449672706421748,1.0034099898740652,1.0486152102061244,0.9784632466063208,0.13101973890649105,-0.2569006372312572,0.12058857803594525,0.31354021946565425,0.5334537108114368,0.6850884628147096,0.7588535012165805,0.8343978895314041,0.8669970859704275,0.07823409630281025,0.873748784045034,0.8394730415308546,0.7905660164997274,0.7384478256630257,0.6322292987051121,0.4683001026113992,0.48070372769662095,0.6298633520888223,0.8161723480228162,0.8695190273910944,0.8192827632587185,0.7770135320182538,0.720435707862511,0.6772043101382526,0.6298975877891559,0.5503287535251591,0.5306570538440589,0.4549999034281802,0.3618026299038912,0.2269537916062475,0.03802730213159311,0.015908034512644442,0.6535424523858773,0.9086829618571783,0.9606372962127401,0.8976561474818368,0.2959475189375515,0.7897943692468685,0.6471986837897346,0.673262953186981,0.0,0.0,0.0,0.0,1.131194644139883,0.7869158041938347,0.4917893099364121,0.05956157764685854,0.4375286248571974,0.7221335874143343,0.721867458797552,0.6825483093767334,0.6861849007150866,0.7476398149232579,0.8016984653689887,0.8357290895384852,0.8291569212753997,0.9394872495888213,0.8934586130874451,0.8600122889642094,0.8701694894533658,0.8612262399938999,0.8709566789698031,0.7997911379157476,0.3358594242096711,0.39086809322556626,0.41481952362023633,0.5141075573254408,0.7393215798847137,0.9251348603346119,1.1309811814752004,1.2170727034032265,1.2521499173063562,0.4985000586797759,1.3380393724151323,1.3199935264301539,1.2360752958088195,1.1261887964780146,0.9938902401575173,0.7388806591777478,0.24460044044824691,0.1275407454721137,0.3683282861685674,0.6606368096011559,0.8472207566061365,0.9834951175764235,1.0744587723818984,1.037328103873665,1.0401830453180816,0.9729600894675152,0.9254269624716884,0.7979793513252805,0.6798532939903118,0.5694476150231675,0.46561878105532517,0.3605586187165467,0.19024506788027307,0.2105299209873802,0.6267065063755309,0.790658131739853,0.6292375046664713,0.3608586745648409,0.4134155014746572,0.42905881121513567,0.4926505593029749,0.5957973955860082,0.458709900330915,0.647999928046699,0.6109775870171271,0.6538755354531369,0.38736404113538214,0.12002989043630802,0.25168794772010955,0.6572391600223259,1.5519741568167253,1.2998464052083174,1.2526041453466834,0.9881117469036189,0.795262721640752,0.5850060622437998,0.40380987087618214,0.2445704859686504,0.1412412795354332,0.01195539199802953,-0.008435118856311319,-0.12403310947891588,-0.19433694666758572,-0.18245505389757294,-0.010004159346746033,0.6951405959850492,1.0476898541991424,0.9993666088264019,1.0599081210967096,0.9567559050630001,0.7598409732705114,0.596912918238693,0.4346051863294027,0.6873225415784301,0.24376268921163535,0.16479776130502266,0.09090968148741019,0.05185724930152136,-0.006237806045287786,-0.06335619612567178,-0.1577163400731466,-0.06007015726211001,0.23418832768444897,0.5510087549566842,0.6182115151642472,0.6454520837719562,0.6028561306728057,0.5324329690411238,0.49773012531249083,0.45910216627357814,0.45044658790629666,0.39422397876059523,0.361522687181127,0.3663747543772955,0.35358669671099296,0.3372076673177704,0.41009885992027034,0.45570259554724657,0.5578594797131574,0.5848560449975253,0.0,0.0,0.0,0.0,0.0
2025-06-01 17:56:58.879,0,0.0,0.0,0.0,0.0,0.0,0.0,0.8654850774601306,0.4110542371941207,-0.021085698723025903,-0.07518911875133016,-0.05712822741443968,0.03751596604493279,0.18136334391022257,0.2992336113818048,0.40157554700235976,0.5207401821323885,0.6536595745918534,0.747271867365917,0.8021876205027212,0.8277295259794656,0.9061373199843952,0.9189193810138564,0.689251896964775,0.2653285846740183,-0.034709246613569666,-0.05259248627791713,-0.007165747273396805,0.11222872658235494,0.24581609303470486,0.39003900182128803,0.5036332088915978,0.6322446208417436,0.05223329821898287,0.7551624428252702,0.8281189048768531,0.8526130211370332,0.8943112160093964,1.0061094384335103,0.6288239163054792,0.11833076317143176,-0.027419208918092686,0.06794325260996792,0.1073926644607428,0.3159567708501687,0.35306696551477534,0.502224292024767,0.5477062616269344,0.6195819573618337,0.6095644215259561,0.640586577489698,0.6331971687944936,0.6181750223324745,0.5953633825931748,0.5014272669832562,0.2213818486720302,0.3646993931108154,0.4284201551359744,0.4691479515559782,0.5372171745919541,0.4747318401339777,0.5056497498220863,0.6181805634629662,0.5232761741016467,0.3156832017115435,0.7643653316065742,0.37370777561284385,0.8372925543021525,0.3314012145575519,0.5532877808767386,0.8318083682597233,0.675733460023231,0.26837286084342005,0.1639486599299136,0.09697407596803509,0.14794581365877124,0.21422895840658995,0.3276442311097747,0.388212033457884,0.46835547806508937,0.5776607002309755,0.6684355321601647,0.7619829185163232,0.8487109516205452,0.9325740652311303,1.0081136107239594,1.057239142618477,1.0178997333329973,0.15881729866936123,-0.3432098192286698,0.0418667536911379,0.23565563684471047,0.4674453288302438,0.6241549011501788,0.7132357782708465,0.7902581085697338,0.8289586395610382,0.19297255744226055,0.8509624331220744,0.8257737425528336,0.7786220691747586,0.724276995938239,0.6316383390395421,0.46210089046032976,0.4383846668070869,0.5873652700399165,0.7507866067213729,0.8150770887263212,0.7615580260623733,0.7228026064001336,0.6729014332098009,0.6391540705731309,0.5929758190591985,0.5200461129069223,0.49681194506807436,0.4219672487040169,0.3281479080093248,0.2077642079127956,0.014478392010984886,-0.0017087512132203941,0.6305020716990101,0.8977136324971329,0.9413455933067545,0.8825215820975869,0.28080153821979,0.5769684592514739,0.6583384157034555,0.5736589555777103,0.0,0.0,0.0,0.0,0.915779609478615,0.6197798813357596,0.5542073845464446,0.10021148090859777,0.45606951402013546,0.7226788047396013,0.7148199196457345,0.6620373974145733,0.6699843684972522,0.7288025592874707,0.7715346398114145,0.8130499278040091,0.7934170314909523,0.9167666881628538,0.8805128936956432,0.844787082724312,0.861660567471978,0.8535266658330993,0.8602272403574991,0.787517466059203,0.342243736447524,0.40074687551775634,0.4175642481783164,0.5085991296377783,0.7301231387381744,0.9064819468669314,1.1083465671220933,1.189228647561998,1.2201661271527076,0.47657584994857943,1.3124651699088554,1.283982145360107,1.2097629900157576,1.0996325454463487,0.9734684320119126,0.7190512402419283,0.2413321364884638,0.1589259568586272,0.3806411685826837,0.6509292618307283,0.8415073003488969,0.9658617349236185,1.0525799086107663,1.0184256610001643,1.0164013863545964,0.9437752154347532,0.8921418865692741,0.7713590760245733,0.6588604384749065,0.546546461230849,0.4385461402331834,0.33939563162500386,0.15862186606496284,0.21508787500713852,0.6562255174417392,0.7993791962074431,0.6591737134967215,0.4367687538984715,0.42855161050848467,0.5113985529336624,0.4065732700412927,0.6317738186892674,0.48630543422060296,0.3779890179513002,0.4890159078102255,0.6457804001201103,0.31803792160676336,0.10256978535968103,0.22842648605335153,0.6682980123868828,1.5469427213409856,1.3291872148441382,1.2529402624608004,0.9830074813780127,0.7808651894786636,0.5721625221747066,0.3685804266109596,0.21982611292346044,0.12449397301688148,-0.004779553137175263,-0.03779205739298952,-0.15521968995571023,-0.2231130860591859,-0.23053433294192455,0.0259229749929627,0.767816455782653,1.0852531827913716,1.0289204594741748,1.0854861064420027,0.9784319841750497,0.7787981200687675,0.6237762764233887,0.43009253960579286,0.5117440399816952,0.22109866438399806,0.13387545953025226,0.06198203294086624,0.015486588356886988,-0.04683704014353607,-0.12719213101998394,-0.224433399823162,-0.11134977397414281,0.3085885659114743,0.6000998795166588,0.6600370638176708,0.6880384472090046,0.6395552272127487,0.563424336021715,0.5131889205591553,0.46519566130177314,0.4283723012326133,0.3667648004173565,0.331786520382112,0.3316753892277937,0.3014569449521626,0.282375602772754,0.3449254833093733,0.41370410817809344,0.5566176671870237,0.6299667991624385,0.0,0.0,0.0,0.0,0.0
2025-06-01 17:56:58.882,0,0.0,0.0,0.0,0.0,0.0,0.0,0.8478055269761416,0.39215531267065007,-0.04092071357100774,-0.1341737538345909,-0.11137519025684295,-0.026786526009439204,0.12370489104182758,0.22789187929557664,0.34616409268014336,0.46906565911938514,0.5903562566883314,0.6944275498239417,0.7458451528050791,0.7879085584181735,0.8555452548709792,0.8739146228088597,0.6720282684674403,0.2563553343421947,-0.06730858564550046,-0.11831563462718875,-0.09806712894742664,0.015129289705189342,0.1575574875726411,0.2958126958174232,0.41153561683540896,0.542062240780325,0.05469208148696025,0.6703512014652121,0.7567302254420423,0.7962300115487569,0.8328362125064688,0.9393070920561991,0.5806577445663068,0.08019276588583968,-0.08612203862013201,-0.0525012200708046,-0.008275716222543528,0.20968002276938935,0.22700400994223258,0.3890790856602109,0.4281713547548496,0.5064943378735709,0.5235277240187632,0.5826582631481282,0.5872973886592294,0.5517128189824829,0.5532310557938149,0.4674353118747285,0.1871815269074641,0.3085215957506484,0.34134117067488734,0.33463174943917795,0.3844738308537521,0.6546990375857942,0.31561366051840833,0.4702962740748324,0.5156597273021863,0.31380533407214306,0.676319937160361,0.5407389715459706,0.8892421790215694,0.30201152114078733,0.36156790226584645,0.9037490841756814,0.6588270168271839,0.22127355419024372,0.06755401885336842,-0.018402933639016572,0.030822618674614555,0.09024712766657839,0.19400034635063745,0.25802660704000147,0.33703941688400163,0.44734422285587705,0.5478219987698014,0.6394264980665008,0.7337707344335304,0.8276931395343037,0.9223897521989823,0.98308480053751,0.9648162566537131,0.13934027287083467,-0.37721882176979427,-0.06937095184760311,0.11549093951648981,0.3164443992989454,0.4591231493969734,0.5523178659021628,0.6294068974840799,0.6731615924999723,0.24613742433771474,0.7156964189025621,0.7024918771195175,0.6748133295642739,0.6409516673807626,0.5628561722409136,0.40933509481780506,0.3810112459630236,0.48321405457594035,0.582959183110725,0.629755629137591,0.57012321649979,0.535089767680869,0.4972886759292723,0.4760406134674824,0.4441082270615706,0.3852583231270894,0.3557530451831026,0.3072056229060818,0.2307006059868335,0.13609884727670496,-0.027727502120778014,-0.04119042665877279,0.5573478881762174,0.8179345017560221,0.8265570250922953,0.7739127897230882,0.3438306467788767,0.3788856692306904,0.5419944534140202,0.48808730114314647,0.0,0.0,0.0,0.0,0.6871129657548853,0.4772365286081674,0.42940695907336135,0.07266075936465644,0.3845261618886506,0.6641342509514045,0.6394748615875485,0.5685662908271504,0.5385393278137578,0.5898477552614689,0.6202504902566734,0.6622124053706009,0.6411611091515366,0.7791662249366316,0.7751688384504005,0.7551334634977478,0.7940063271947824,0.7921873766132683,0.8170329376377681,0.7321372612016139,0.30122434871025755,0.3617720783201466,0.3428334918234065,0.42164704079785054,0.6050980933794534,0.7710603715021609,0.948825638338469,1.0235285301954267,1.0633965310456073,0.4284385662273748,1.1834653644641882,1.1669376474851938,1.114577879681763,1.0280822574584034,0.9197437711663339,0.6759102100766413,0.2260522008498958,0.12933882676472508,0.3241796467371306,0.555582808738964,0.7223055418333333,0.82900526711323,0.9086460517747517,0.8736416622092225,0.8799923525932765,0.8174427490051439,0.7705670215625104,0.680142989016335,0.5864075110860932,0.48918814646248804,0.39440479974569087,0.30428736616533303,0.13685147173542903,0.1995118816073902,0.5975159095480609,0.7135918115098,0.6637114764136333,0.5842770427316792,0.48293036065660155,0.5327181056637187,0.2753477060257398,0.4687279102487786,0.46403468684960786,0.3572921388446986,0.3478219870093615,0.6366383088145947,0.2528263031770577,0.06738741324699016,0.19014201990305463,0.6032944493276992,1.3796766797971358,1.210654639711449,1.0913702857649596,0.831827315786495,0.6622481435843881,0.4635114701806431,0.26407084247403256,0.11802747557619919,0.05538419447028531,-0.06639585546015714,-0.09141412396265858,-0.1884071247336122,-0.24945111335415854,-0.25928335400497254,-0.013287952875624398,0.6924801348813159,1.0031458413043801,0.9550924102930567,0.9580452251791095,0.8241790990565658,0.6244194229816142,0.48061222260507086,0.29140560006798655,0.52290753523154,0.11472479235170119,0.04782918722421092,-0.008853552928924424,-0.05104993235338762,-0.09852480360857552,-0.15914741438711022,-0.2386416317922531,-0.14269637514850533,0.23702165030871802,0.5306515844281579,0.5797570006629092,0.5795467798738438,0.5124892967093064,0.44257902317240183,0.3903796144349889,0.3392493794650475,0.3293297359837488,0.2660771936479953,0.24553022878543906,0.2613163608801452,0.23219928010163893,0.22733068285820368,0.291221167895748,0.36291724432277395,0.4655392919545679,0.5380185714901862,0.0,0.0,0.0,0.0,0.0
2025-06-01 17:56:58.884,0,0.0,0.0,0.0,0.0,0.0,0.0,0.8245238760028446,0.37074981706333276,0.002977404284393026,-0.09431885487369251,-0.0738677618321405,-0.0036265408294506862,0.14614962851301783,0.2342685877267443,0.3439791219795404,0.47600758899272155,0.590088271394346,0.6859038826832321,0.737228880382325,0.7687296319835714,0.8276141370583197,0.8488106576154323,0.6301048303991676,0.2622691766737728,-0.040350641049773706,-0.07998895592558164,-0.06399694785163446,0.04369330745947786,0.18381610170809126,0.31590610684235587,0.43284371394108145,0.5447891998288952,0.13458825408663494,0.6736541273736748,0.7540355756085011,0.795855319200984,0.8162186992766316,0.9049608151645755,0.5559932297990644,0.09527122315813802,-0.06373560515995957,-0.022570175549945892,0.027559419915243355,0.22183561467907809,0.2450447931232933,0.393320245308717,0.4466192120170196,0.5183301243024383,0.5358524580519908,0.5721317521287795,0.5916822997594501,0.5393433440941187,0.5126931403258358,0.4503674009068965,0.20659130219547778,0.32925681125537615,0.39212002205472574,0.39698682091724846,0.4168596297945193,0.5968209009178143,0.1933414939074018,0.39020256221325894,0.4375411713684514,0.26659042681862255,0.7109532627922431,0.4917376578596959,0.7365861277981383,0.6282567715455427,0.38126772992560376,0.8530279213132412,0.6536021369407448,0.26433392806189515,0.13021482781360594,0.04243262970203632,0.08749134252557544,0.12253802293670413,0.2304634105823411,0.29409155019604416,0.3616081449916906,0.47235806968870175,0.5670178212716486,0.6628724093788021,0.7449078330277258,0.8379624748214585,0.9270444245978817,0.9909184300927699,0.9680441358419505,0.1099029288177486,-0.3519129735048083,-0.0411450535319815,0.14686630767433617,0.3441211702983702,0.4874151663067754,0.5839509924842545,0.6547886149402444,0.7032784116764692,0.511053055389469,0.7338423048113722,0.7193599919078816,0.6853092179703172,0.6578763591645737,0.55988380261466,0.40722585621239626,0.3813977409382142,0.5073515504695935,0.6087638899649135,0.6679942104772809,0.613396366830022,0.5600107642049201,0.5303842693483771,0.5003959395786239,0.474180988562394,0.4086743308341674,0.37606961058217747,0.32829152121006944,0.2549894508803836,0.1455295832390976,-0.017575301663954157,-0.03588585222441945,0.5617725490522036,0.8264153756364182,0.8440625013918517,0.78035333609991,0.509171865311455,0.3981565330631485,0.7982049365449053,0.49695778280165126,0.0,0.0,0.0,0.0,0.5802667230850197,0.290855149135206,0.42313636983011604,0.06673484243608463,0.38290399577509754,0.664359563739647,0.6442738648915391,0.5785535073690354,0.5288166436457675,0.5944442216513302,0.6259385336843093,0.6732429312009534,0.6400104342350357,0.7884095164380214,0.7863900008935101,0.7620214283395839,0.798411639488888,0.7927684742708929,0.8146964230546798,0.7177038649314671,0.284040145491991,0.36087873471390797,0.34600974645489335,0.4262303662540179,0.61491595777982,0.7858380214953646,0.9653258941274299,1.0321328926646978,1.083742121574468,0.3717959151491012,1.1919928889204434,1.1695807379983791,1.1224844381638037,1.0371874753517458,0.9176656990544358,0.6621319605266851,0.20145431698511262,0.15729207073228135,0.3343793856899312,0.5795122280822123,0.7625002921661559,0.8490993634793631,0.9294950636114456,0.890895984348804,0.9077829341175341,0.8312829696997399,0.780709284969487,0.6848785608467892,0.5974585318765092,0.4906406063375242,0.3910434543873491,0.3017508147252977,0.1458455243060589,0.2269450736539851,0.6207117000420003,0.7322629095836543,0.5547543133978783,0.7009641540876601,0.46408894042989735,0.36304731854256933,0.2375900319944309,0.37497813768701393,0.5292869793709842,0.343565040668014,0.4487355365892469,0.5495491419051288,0.31259025206526214,0.07269141584310923,0.20486224975770123,0.6317195534205711,1.4053727229852069,1.2695191657634708,1.1428711844986177,0.873349186788698,0.6960447970356733,0.5087064185346883,0.31672293573807764,0.1518524626959772,0.08879491871472944,-0.04891043408019535,-0.09638254923468104,-0.17978757344125118,-0.252461779883887,-0.2688888098633241,0.019127055120203684,0.7725342117903091,1.0483223441295668,0.9947089537633358,1.0047461720001167,0.8863119208656063,0.7022869349542851,0.5249933398797715,0.33747168052398946,0.5152741006552174,0.14780482935938144,0.07569016199659462,0.014655898370311338,-0.040698300752681105,-0.08624935785746046,-0.1617147243884005,-0.2449926348997616,-0.12723310064654608,0.2728607184522982,0.5836201329677353,0.6233876944178013,0.6353459851983077,0.580173460865473,0.48778744002600605,0.4412337416285672,0.37734336331635454,0.3665973681963981,0.29577589447011854,0.2599808188322452,0.2771192928200934,0.2506095863059191,0.23715359775231626,0.296405889118526,0.40318641636844377,0.49268519491341156,0.5975779492287181,0.0,0.0,0.0,0.0,0.0
2025-06-01 17:56:58.887,0,0.0,0.0,0.0,0.0,0.0,0.0,0.8691364430997022,0.3961363056849211,0.008952927241774156,-0.060543154456149995,-0.01523172810813378,0.08522658958259599,0.22691372790869824,0.309414412127029,0.42954865408100196,0.5488146302175929,0.6667696154434566,0.7652917006206276,0.808579660418205,0.8333410439113756,0.8854283796434965,0.9001144135909854,0.6656787161183874,0.2814080164496027,-0.0077751050647199005,-0.014662709751022351,0.02342255189965381,0.138752105809125,0.29122246753586345,0.4256307137040418,0.5426459234612597,0.6520225353226903,0.3350031993922087,0.7742264769370516,0.8257275345639545,0.8638886845988886,0.8839854729759371,0.9540165890579663,0.5700942797264335,0.11149062485053507,-0.03176326955498199,0.05573647845150731,0.11805076490298094,0.3339600719575697,0.347993311663513,0.4818705698768999,0.5432627515705661,0.630316785607199,0.604894965516525,0.6171757398528895,0.6619350018494802,0.5747233384523369,0.5363634968351598,0.48933730408432424,0.26044277843016994,0.3550931617170221,0.4583044931572585,0.49717136896705694,0.5338334412172865,0.6424450918310498,0.24897985765075842,0.41865564750640977,0.4243065656494366,0.3826835636670246,0.6687455015841115,0.5295440438859695,0.7842277234429227,0.7338166336357725,0.43480708626255427,0.7513386378526079,0.6593043740513413,0.30604289442376265,0.19210228775595128,0.15326165000748482,0.19973114037933137,0.2310459163114038,0.33981200664840583,0.4038063206805478,0.47243718519023914,0.5720869162482527,0.6668930982071339,0.7508153175667189,0.8268110769128684,0.914562485341659,0.9936332340544689,1.0318120498844698,0.9825601961287036,0.09174792653021441,-0.2707865870880024,0.06080712727696724,0.2703716375274623,0.47672035111300937,0.6138215413378436,0.7123789956683524,0.7766623653027205,0.8222025925864982,0.5764487985416205,0.8330163519679363,0.8022159496403817,0.7567492161714461,0.7038746931185952,0.5991681001142877,0.4198651881029959,0.44004404132951236,0.6305852194924605,0.7797371608182577,0.8335005792679555,0.7843907237020862,0.7121887549273189,0.6825587039750518,0.6388927264351048,0.5942515312193934,0.5239556949386475,0.48153594623471707,0.41613762610909766,0.3144373141279275,0.1865408905384195,-0.008002963649566652,-0.011894259111325661,0.6399975219589127,0.898033798576114,0.9380754560578748,0.8839262148789011,0.5162658223707803,0.42861098017052884,0.9145574635575755,0.6422016423015896,0.0,0.0,0.0,0.0,0.5519389205033184,0.4076680021899948,0.41523171384502133,0.09338151692675967,0.45947842912183673,0.716130244153714,0.7120298183750347,0.6610406016417661,0.6430598401786451,0.7048257496815744,0.7368766831731639,0.7885133210080637,0.7613864963453261,0.8938279771798956,0.8586767171146916,0.8188727947455003,0.8508366061124311,0.8309901035658411,0.8265431084106931,0.7273786403601348,0.3172854536069362,0.41065139827560704,0.4217404992190956,0.5360493006101843,0.7636387051562668,0.9293152173519963,1.1262738286855845,1.194443096178979,1.2397118060878178,0.31991110909015225,1.3099733102458981,1.2713134547950182,1.2112360573897574,1.0792940206867647,0.9435776520449085,0.6561725873148531,0.19279288640279924,0.24886955785332665,0.4438736102299873,0.7126488713989485,0.9281913420062171,1.0080775545377134,1.094058973814135,1.0483403832034337,1.046977513632862,0.9491165232753547,0.8803678004598079,0.767467014094002,0.651213433713059,0.5289472189131235,0.4117032750335188,0.3097454870061012,0.1383453829473974,0.26534698370613335,0.7158318646089435,0.8297575161282694,0.6724257711082806,0.8261237961637522,0.5125635191047151,0.3985350285644623,0.450202519146177,0.5093618592327986,0.6750553250926423,0.3714487228494097,0.5761140905501412,0.522242422753365,0.3191679654645623,0.07998153143416192,0.228736917764444,0.6787482118193063,1.5426766130478373,1.3779247170150342,1.3043609477567144,0.9883463521509883,0.8352909694138384,0.5983796540226192,0.400663237259141,0.22657981481842215,0.15626873655834994,0.015517748778091978,-0.04543245255503581,-0.16225110658555209,-0.23757864165173925,-0.269324117978462,0.06971677795134473,0.8561959673436963,1.1390896035105609,1.0811915302152335,1.137509515666164,1.0330550280278443,0.8378377944307034,0.6439382626792083,0.43644991154574897,0.592834350228396,0.2109634890328742,0.11913538378742006,0.042992364172057096,-0.015592324135405788,-0.07426813206701277,-0.16254174540246003,-0.24952073117715284,-0.0847707647970149,0.3557556690704362,0.6416589574411389,0.6873715795852481,0.7077842227335076,0.65888610239629,0.570327521642608,0.5234250860091214,0.4574534708009972,0.4201183583213963,0.36197531069409083,0.3169724082228067,0.323023048633035,0.2856397929311606,0.2649052636641096,0.32154317543778704,0.44360671320024136,0.5410115113555384,0.6663303810973391,0.0,0.0,0.0,0.0,0.0
2025-06-01 17:56:58.893,0,0.0,0.0,0.0,0.0,0.0,0.0,0.8526241649922925,0.392946255956827,-0.0005580602767006893,-0.10746078907754364,-0.08940451101768654,-0.0009685301981652295,0.1458528098390598,0.22694142670482886,0.35818526368680004,0.4733578237655436,0.5992740597782509,0.7075322193057164,0.7587824472602123,0.7833748883351126,0.8520593436254847,0.874849374767761,0.6524888622880204,0.2653818883068101,-0.07102562169701043,-0.10430951734199112,-0.07757114206763727,0.03225677080786182,0.19844985527639314,0.3255652952926411,0.44715164170197497,0.5534400477797401,0.4820317419996203,0.7007945341374436,0.7546201202613481,0.8163743661168507,0.862897984471066,0.9242768444201298,0.553556036884123,0.09595485060846376,-0.12654372702393468,-0.09091082918215587,-0.01099236802692971,0.1923748576018216,0.24269304292995897,0.3502254976058725,0.44240434875773693,0.5160652322683028,0.5135786983975759,0.5405154805298783,0.6097530331515117,0.5713597829719106,0.520760062575566,0.5112246525173669,0.2686696706090395,0.2881463522300531,0.3347122277478253,0.3416171947653397,0.3729869887491877,0.6420342868555748,0.19274424389855355,0.30850035576014484,0.30416706695523577,0.390132279911812,0.5080220429329211,0.5017456657413462,0.667431466651357,0.7479663120085581,0.3949566418554259,0.658677478121699,0.6316585630452975,0.250916007675719,0.11983716828558999,0.03534002465834529,0.09027284260979607,0.1087101699650419,0.2144314658894395,0.26843450918471357,0.3347071472643304,0.4365338373598373,0.5423343262052942,0.6334079566773365,0.7128815529826013,0.8107452269720667,0.8926263963328191,0.9531310895701314,0.9230753750747254,0.09803977932950919,-0.3377335021364788,-0.07494863757819958,0.12064321357562213,0.30424651530630054,0.4323258032329189,0.5410497506580656,0.6109707384654852,0.6630894141286479,0.5226494454498241,0.6980283103624965,0.6872125282257674,0.6609526028227605,0.6225572764572133,0.5497525819189983,0.39178952230853825,0.38939354680604177,0.5031721012445908,0.5989380236756636,0.6319118477774321,0.5956661734823918,0.5319057072860118,0.5083709409953538,0.4745344858517311,0.4354872108368608,0.39334378007957715,0.35503659339176985,0.30938409675556433,0.2193662737042592,0.12661279154536775,-0.03571351736676698,-0.019502464650827583,0.5648483075696334,0.8176899664246874,0.8401690998755715,0.7767177988353409,0.6030806300375551,0.42213056834381496,0.8007484225729784,0.6685827604914754,0.0,0.0,0.0,0.0,0.2590641247548887,0.41259492387085533,0.42676956421531476,0.03315716333782376,0.3948297917224897,0.6623635552884238,0.6435840849330334,0.5789589657114754,0.5317847480382418,0.5668491400773334,0.5845815437070758,0.6215068518660645,0.6091770894973947,0.7352528370808931,0.7243123767989208,0.7108882978432989,0.754315868746879,0.7529916464094575,0.7453441523609181,0.6144330579566852,0.275848133323794,0.36961176884044167,0.36002715521670225,0.45110620720355676,0.6458056966192502,0.7837213914486392,0.9424419521048177,1.0091444394127704,1.050817638436378,0.3054975691009875,1.1426353508685874,1.120070244011926,1.0795925822785712,0.9661732131423214,0.8580950117828186,0.578319772921716,0.13847374262854628,0.23129907124254823,0.3977581780535021,0.6317107088243432,0.8186932976642032,0.8740092377988524,0.9466582104839292,0.9083131051721403,0.8999458141075003,0.8168838589440313,0.7519829364735626,0.6578106414559753,0.5566073931499701,0.45989731405981843,0.34773943827437026,0.2641366033042741,0.11022177952726248,0.29003057785490033,0.7057832555186166,0.7775053403083411,0.5943816259749273,0.8483925267613993,0.48415943886994794,0.35177106001304725,0.4255964055969585,0.45681008279886715,0.5422915735811598,0.33639778426703765,0.5404520379619853,0.5064217092244934,0.3627035887021217,0.04238352593628342,0.20685655515757695,0.6568822001888333,1.4781772696141884,1.299587109921479,1.1980086175651539,0.8743527416647354,0.7212549477270487,0.4877007439008383,0.29447253903631165,0.12536156900027717,0.07003800929334947,-0.05223033271766142,-0.10804327482919185,-0.2050371927758502,-0.2763356545987006,-0.28061758031766076,0.0908554718834868,0.836362084109896,1.1113460944281495,1.0369619761392317,1.0664034574372234,0.9388362685261196,0.7252136336561463,0.5229900574358044,0.317318775781801,0.5666330672094269,0.11235026254040448,0.027144675792503792,-0.03820838521682912,-0.09639468145193142,-0.14785379163505696,-0.23159439360883705,-0.26587563535527337,-0.056963068362705316,0.37723860605326964,0.6286723498486637,0.6767460495088261,0.6556234877530038,0.5729610410025681,0.49453295056362157,0.4426286033688849,0.3753551325312061,0.33190344959075535,0.29028750139200254,0.23940727409650608,0.24435135826083165,0.21404900912528135,0.19455443009241224,0.26152616529153455,0.4077501624248754,0.49220763973361514,0.5985984870313872,0.0,0.0,0.0,0.0,0.0
2025-06-01 17:56:58.897,0,0.0,0.0,0.0,0.0,0.0,0.0,0.8923190472550337,0.4204631355319287,0.02848572056439952,-0.12054586066274098,-0.104373833982775,-0.017712233290710477,0.12992803891444693,0.22208229860115747,0.35519072827758913,0.4862280620701893,0.6115263427339672,0.7189792392348328,0.7818277816678523,0.8080338567674458,0.8756668449105578,0.8892584888425067,0.67394531986953,0.2844064866662091,-0.09423726209805805,-0.13221539195367304,-0.07559654279733308,0.026387162707561584,0.20479254788979895,0.35104570967343784,0.4567914658077319,0.5765008160630267,0.6406123782067987,0.7209798031435694,0.7833808634153738,0.8452733990475599,0.8903954882659535,0.9787631326306462,0.5741573351916169,0.10262623603195437,-0.1416734400059445,-0.09451613311769691,0.015420448059679126,0.17254709581498062,0.23122392506445388,0.3839141684272276,0.46156628002557776,0.5339758488998161,0.5350520312015203,0.5729778463253178,0.6208774277921464,0.5702258966844569,0.5586356752769631,0.5155959806403043,0.21771048573368595,0.2778272669136657,0.31049237347183645,0.33994184890074397,0.3712771984937966,0.8240915450023656,0.19694631581914107,0.36265523983118336,0.37278400146965396,0.4726451046724197,0.5267844653233236,0.6208147353827116,0.5744749343481501,0.8264506256809198,0.5009784362254095,0.49975123124295484,0.6764525222596456,0.25720200056651343,0.13007594444161463,0.03111626147973645,0.10293104520840646,0.10131617541362958,0.22070456749798884,0.27627555749117194,0.3297283980201775,0.4302774972645942,0.5532411232815801,0.6436719944761131,0.7104108224970803,0.8141635787755284,0.8917121863668482,0.9683013678751343,0.9368446252507336,0.10366325109160068,-0.34846077656302277,-0.08703136629481079,0.12804281621726243,0.30400521125101654,0.44438926882983765,0.5380958033258678,0.6126191491070512,0.6708703774145695,0.5351974865192506,0.6987476528892236,0.685817218837307,0.6616235916437841,0.627292582161524,0.5466966603684169,0.3733798985243032,0.37640234188115906,0.5002638117466353,0.6169889652574971,0.6351392022811992,0.6029380256536909,0.5444990876410933,0.5133298444789078,0.47616181061140495,0.4427399238637928,0.4021283666867792,0.3529016178250062,0.31847256830279735,0.22820934382269642,0.12386234319316636,-0.04331254701132592,-0.04101253826204582,0.5614091089833901,0.8186595400550171,0.8472613013037109,0.7790350569533788,0.7426457889112443,0.7488859913594119,0.7063878515494182,0.8132427241996298,0.0,0.0,0.0,0.0,0.33270289596715086,0.4866170131731746,0.5265803348717423,0.02248234245151548,0.4010295427484973,0.6701532439900519,0.6542552192740718,0.5986868905616259,0.5476516095775203,0.5937959992146189,0.6192299124121798,0.6449383886631068,0.6339367260555724,0.7541175745512323,0.7305792508149755,0.7138727039137454,0.748484966870195,0.7503066373356257,0.7338998011404783,0.6009375347031305,0.2784056485896578,0.3927624682549138,0.37958329597308427,0.48981048616302747,0.6974722072474668,0.8432693953737065,0.9937480044436433,1.0638391217422891,1.0934966590209612,0.29595582674048765,1.1569724295110153,1.1379443910571942,1.078486670140937,0.9622126641340715,0.8436427009012752,0.5349017181314221,0.1185596210598764,0.2794289856380625,0.46007300147017716,0.7017789574432556,0.8958071665392722,0.9475123555710188,1.0073477639385828,0.9494263991708098,0.9457025899646014,0.8481509102914351,0.767482199119276,0.6582494432741034,0.5512754968231851,0.44587789653031323,0.3310928671889557,0.24314109087008795,0.09651551841946096,0.35925305634004134,0.7740004955190093,0.8426424546289327,0.4620763663607791,0.697771196237875,0.4531571635065287,0.40241436659204544,0.5868190105288578,0.484926586765859,0.5751350615102013,0.43079551714200187,0.5556494046884416,0.43132380524608327,0.5350957630289677,0.041305692393202365,0.2428130278492729,0.7138090396944694,1.6087125220952005,1.3520099063751405,1.256832665537809,0.9244193424759084,0.7658920736907622,0.49364559212919934,0.3162579634041045,0.12310107784586077,0.048052436023511946,-0.08944999568400291,-0.1413583045520248,-0.23018432783017517,-0.3067802457833786,-0.23707938829987113,0.19088243880090366,0.9617851214358595,1.1817993542825518,1.1101866702592387,1.1328202289532414,1.0092729052255625,0.7900286488868602,0.5320178224784826,0.3159402705469596,0.4861895493024534,0.07657530745061014,-0.012629613210869195,-0.09050863213543936,-0.1596703617301256,-0.22595993223776656,-0.30787018552857,-0.26172420103735583,0.05981329573705346,0.511646102987803,0.7326324420099826,0.7554492407864816,0.7410347189184183,0.6385282589978076,0.5322375039253588,0.46682619166039885,0.3609148128885269,0.3167214724159946,0.2595508345870019,0.204769360114734,0.18430898488340985,0.15007919874630027,0.13718129518924838,0.23867251174844123,0.444189021044022,0.576329459092397,0.6836346405033169,0.0,0.0,0.0,0.0,0.0
2025-06-01 17:56:58.900,0,0.0,0.0,0.0,0.0,0.0,0.0,0.9659717279017347,0.4881989455221991,0.05538412948549021,-0.12353237553845664,-0.12925121501929804,-0.02939252197665765,0.14617370041186273,0.2480469886585912,0.3880417946078064,0.5288973013150005,0.6726923043238267,0.7882490827800911,0.8563411715741918,0.8768425270331534,0.9524062496209905,0.9745018700303157,0.7433404567971621,0.30633320112557244,-0.11121111030673964,-0.14048137118844528,-0.058782791483623864,0.061413536257506784,0.2556049779572964,0.4165735193152287,0.5297982463526927,0.6560191275390892,0.7225192481178971,0.8088623151311537,0.8572207952655606,0.912963355437412,0.9604993496326231,1.0654520668709333,0.66133495329052,0.11439209716191162,-0.1835633820153591,-0.09627022306684951,0.03978366026259339,0.20657146637616997,0.3140893982084174,0.4306414903801348,0.5180007493796848,0.5791718545179143,0.5939735689655516,0.6262774321439922,0.7023994919378066,0.6405600954515771,0.6402075854249873,0.5785257245530435,0.21879644000794118,0.2577459249980201,0.29532945679079015,0.39819994797312397,0.41112610198947563,0.7526192778530252,0.18074185338964938,0.42613098563295143,0.4191423607691309,0.6353056889284554,0.4820020566660931,0.4783404677603005,0.4466385793047864,1.0617358424477756,0.45280307018851007,0.5370002462186962,0.7993141098027108,0.28576394484264545,0.15890386152963787,0.05920658876393192,0.1563598151502681,0.16966705648877345,0.29132051080254895,0.36090281245067013,0.4225003979656985,0.536188824846136,0.6559467656546225,0.7554522694924206,0.8175612050619941,0.9183726416207545,0.9994301765724605,1.0677006711552997,1.0524446481420944,0.1750197100234066,-0.37754060252365806,-0.049975632556096494,0.19307671493992595,0.3958901482928272,0.5564028188650272,0.655039709688217,0.7378725434571414,0.7944304179535717,0.6165026558106079,0.8133406691029521,0.7987854350262883,0.755603828506202,0.7099451953601527,0.6205439711859959,0.425799474590565,0.38538625430125495,0.5524004942365383,0.7322844886919149,0.775409832950056,0.7588280755634387,0.6924505823088889,0.6594831877785023,0.6094076816443805,0.5693661185841414,0.5147804530283309,0.4710884594933591,0.41562496938675375,0.31105587065662044,0.18406194870320836,-0.01499314860963985,-0.03243156698030866,0.597115258896006,0.8850762817027529,0.933036823968129,0.869661282848043,0.77318650894788,0.7991208184506966,1.0708779315597332,0.9854608086643653,0.0,0.0,0.0,0.0,0.5320724037913472,0.7695153421315406,0.5589806865098129,0.08262956402067823,0.48331208076419024,0.7235333394110047,0.7168581732888177,0.6797368074875182,0.666231214257744,0.7231794498579702,0.7604476879985747,0.7894879125866843,0.7843695684179548,0.8954096894580816,0.8405100735693747,0.8117508120322905,0.8282348695993411,0.8188657011343328,0.7866715755154081,0.667056873918586,0.32809281760779385,0.45013783058589507,0.47102712510227285,0.5964450485561403,0.8386516161820456,1.0059828487754743,1.1761701658479473,1.2494490130769142,1.2543429784693811,0.2356221544371665,1.2901885748057844,1.2608540621747393,1.1737598827086193,1.0351416625681695,0.8828498983045363,0.5668847816615767,0.16211084420533312,0.3670037962427807,0.5539448237466461,0.845418197321115,1.0520272559075594,1.1204599366667234,1.177086684205178,1.111449184125194,1.0980248630092388,0.97947215389198,0.8910453520256687,0.7448585809919938,0.6167935885957835,0.4860468301681529,0.35695326257552695,0.2522674244264747,0.08921787288932506,0.3962775951005847,0.8652153475522723,0.9491982123237696,0.3857416280706145,0.6026461466743412,0.3993419086618737,0.40101197160638224,0.7325386069500077,0.6436790503036728,0.6056785245231102,0.6805997990202273,0.6357210413770679,0.3749404607226001,0.5371665570780443,0.06713624593973916,0.268973158132579,0.7982757271695644,1.7527644941068532,1.4748844179884966,1.4298377118385037,1.0951613856144644,0.9055193445979686,0.6125583171461764,0.4043961444913444,0.22060102159845485,0.1440987893920742,-0.04211975635657583,-0.11364807636533991,-0.2115563043232226,-0.2848661531013605,-0.21072110890750928,0.27402613435626105,1.0948704453704825,1.3048822834220954,1.2240897030677649,1.2903850773140313,1.1878925205282542,0.9671291037132281,0.6812786204460501,0.43918370106651916,0.3995615784655141,0.16148159396525497,0.046667085789009244,-0.053154292658539326,-0.13268486247459133,-0.20536558886050715,-0.3313075731544031,-0.2688497070263487,0.16317665410729593,0.6442060715153435,0.8666676130086552,0.8786913419574048,0.8914212734479141,0.7997786487746419,0.6807783729331098,0.5965975537645816,0.47383721237759313,0.4044585298451955,0.3266454926624287,0.2529453719612407,0.21263978260693261,0.1671561408062876,0.15028411737472802,0.2504263212443874,0.5034430897782195,0.6922216870516308,0.8283462476389283,0.0,0.0,0.0,0.0,0.0
2025-06-01 17:56:58.902,0,0.0,0.0,0.0,0.0,0.0,0.0,1.082000562218861,0.5980069433542267,0.09728303158530638,-0.14915145861951612,-0.19297813691741939,-0.07852767282365125,0.11889450870915874,0.23466931044108397,0.3939775376733422,0.5386657179416225,0.7014993974657702,0.8157819590652039,0.8952541706743111,0.9150784477139372,1.007241084976592,1.0489409331095052,0.846034681696507,0.3354379537735605,-0.11710709888081211,-0.1996847521781152,-0.09263459258891982,0.027828873244310603,0.2400921388043229,0.4119331130559125,0.5371161775409732,0.6722697130998545,0.5996193719572989,0.8383690341594746,0.8897833621716031,0.9539476474403438,1.012938437624228,1.144754854949721,0.7356658210156148,0.12457779184935858,-0.2256072541027403,-0.1934354821460863,-0.01871807738479636,0.1559830186842608,0.3020867757770611,0.41277434049370454,0.47409307553695235,0.5715083651442623,0.5826194925348918,0.63671354359237,0.7287851169465337,0.6749669603445065,0.663351458569919,0.619956692127682,0.24711589387460436,0.21067168102319983,0.20367930605198659,0.31360646930960256,0.35738603845381056,0.8575168169614122,0.30366665471164117,0.7540335122706856,0.6028499262899057,0.7836834724489108,0.38726978053164895,0.5289951496710796,0.34401531442911476,0.9788792075222527,0.348213916977662,0.5206515792649422,0.8427429137324387,0.2595646887563202,0.10323886120815728,-0.0005395618471788488,0.12488596067821978,0.1447901583691389,0.27318795342235225,0.3563726332754318,0.42259298186184524,0.5346573989606054,0.6621295831870273,0.7644048693650216,0.834571198401108,0.9410046526370883,1.0220353138530296,1.1014285294236505,1.105848668527299,0.23069604801667365,-0.43570425726953765,-0.11034207044623257,0.14413267151120057,0.36743700028999116,0.5422397232295282,0.6373816554282299,0.7228063545696202,0.7873966126587189,0.4351551689583429,0.817055178722931,0.8033529116502663,0.7619379674670169,0.7213758958679478,0.6408261777124209,0.4486678469313232,0.3474566979134376,0.5022649751728846,0.688193625505856,0.7345925699502283,0.7322420262844294,0.6785228650590234,0.6444988125598825,0.5950435604700717,0.5618695393277651,0.5121394738111866,0.46783629577051,0.41517618713099824,0.3175753571341049,0.19533940210441914,-0.008071937277099095,-0.0457679876745401,0.5674724361780439,0.8676243476463787,0.9075465703388075,0.853390425412818,0.6180086811375869,0.9592998350046662,0.8827848454273768,0.9847892318094267,0.0,0.0,0.0,0.0,0.71011617546418,0.8562414623548724,0.7652591087804251,0.08266714802618091,0.4789436238918217,0.7179733207665878,0.7134560920900339,0.6705860213195568,0.6666506727445463,0.718280651076187,0.7707627281772593,0.7888334111505735,0.7871318324798566,0.9044476429671495,0.8528539939890898,0.8203722664200781,0.8326730782871614,0.8160187215093611,0.7868196550810724,0.653395798292965,0.3194696271809091,0.46039629069263954,0.48412180745268674,0.6228692008419965,0.8802339699301049,1.0468242673896948,1.2193387851360304,1.2894136741570408,1.2882104344839191,0.19155497078919492,1.3174728416825965,1.2763150936450804,1.1742425424126033,1.025877860852202,0.8656110220311429,0.5356219888710458,0.1967382570454665,0.42834828242962775,0.6399461810550099,0.9230735088858995,1.1281609547323868,1.201638679613312,1.2471425011495545,1.160594641309484,1.1412294824998588,1.0134222994541027,0.91388422727877,0.7555043344347617,0.6178695685458727,0.4859736993063491,0.3421702676744546,0.2332322588998726,0.0702704515211723,0.4344873239803492,0.9238165946282654,1.011512667977867,0.4269549707262825,0.5540449858052456,0.551814300011283,0.4256739331379651,0.8503644502828964,0.6718849036152319,0.5701059207428536,0.6192296534629371,0.5784434687482178,0.36802132409163524,0.5333316411632466,0.0623120501430498,0.26659644455421083,0.8177603952358391,1.8251054777188154,1.4972407173566684,1.4493192432003132,1.1387309860314763,0.9144378393515165,0.6086340747983012,0.41003216360279526,0.20900603130591588,0.1273910502957507,-0.046024636782647566,-0.11647352641862752,-0.2226418906451224,-0.28768169589490666,-0.19306170084208224,0.31426990533748617,1.13264490834274,1.328846415531269,1.2566363712973416,1.3314057922038485,1.2149906802250856,0.9713065067331232,0.6930244174019331,0.4365469482024349,0.24071565403368408,0.13183895446839555,0.017537418966536267,-0.09213366553478419,-0.17198243655280232,-0.25142196766667124,-0.3880254180546851,-0.27620251692739084,0.22000182086727688,0.7047069320683446,0.90291729636586,0.8970199439951788,0.9108938795826369,0.8237211609128292,0.6932596205861032,0.5942319719636622,0.4728395982266582,0.3938187845975205,0.29133802896010685,0.23094408875408012,0.16871233464192326,0.11713624815299173,0.10344846395223661,0.22338780879743042,0.5048955005626594,0.7294182289639283,0.8528963977797086,0.0,0.0,0.0,0.0,0.0
2025-06-01 17:56:58.907,0,0.0,0.0,0.0,0.0,0.0,0.0,1.123518765973588,0.622902458153299,0.12676437160076837,-0.1852984106721265,-0.24380328106674531,-0.13744733448093982,0.07971062566563225,0.20750745766226175,0.37179675288376035,0.5179410352504339,0.699393664370972,0.8052897209429627,0.8911474160504256,0.9266689971949792,1.0203841138034369,1.0833689943787792,0.8830482711226185,0.3504802760762528,-0.1356239770615083,-0.24915076429156535,-0.13985238203244776,-0.004715039155973377,0.20527793248568682,0.3746241199747258,0.5284397693953626,0.6570548020157903,0.7640187635505618,0.8355907312884258,0.9146280114547138,0.967960744538609,1.0320990179851837,1.1888857124400007,0.8150961394225809,0.15202955210094687,-0.26153449175350696,-0.22100861060293275,-0.01278932668629884,0.14007837689394953,0.2948200317761094,0.40327110812302447,0.46236927972701225,0.5539128134292322,0.5871311902033218,0.6574611793170456,0.7261777731580837,0.6947952742745713,0.707051251181434,0.6545056365119302,0.2554499707229246,0.21251309596051782,0.17893885364714224,0.2987556454561695,0.32912793225083203,0.9609228763367283,0.3429770070244601,0.9172881609628691,0.5807947413035474,0.7844583332888809,0.3832588793894911,0.5680101201412713,0.3321817491829712,0.9716987209423259,0.4196651506756537,0.5914266172530092,0.8931064547354488,0.24395742801822204,0.10185184591848262,-0.027682863641750766,0.11735474685657832,0.14050934653651126,0.2754306499272672,0.3632169897870483,0.42430128326716665,0.5494747569915501,0.6652714234610082,0.7855646983143549,0.8588761072844661,0.9592629469952518,1.0462395492197498,1.1478754035139138,1.1708525515241461,0.2626913272685541,-0.48102489086886957,-0.14143037497862743,0.12168441914349559,0.3451589647753741,0.5397297404437,0.6449411764903252,0.7318556836222068,0.7949041103844483,0.49293595085072844,0.832854133615121,0.8302105122728259,0.7858144004706605,0.7585293237695186,0.6740488467906696,0.4812832175862106,0.3205692331017727,0.4561346079420662,0.6473575081767455,0.7246764520256137,0.7223198811411591,0.6799554935916012,0.643714801725404,0.5994309580386381,0.58123986108309,0.5259735126471456,0.47729269230651816,0.4308932622470585,0.35332283635951467,0.21550671322352832,0.021273162766717202,-0.043224319176764475,0.5590226496360191,0.8652629863627497,0.9061134176620786,0.8485385124034459,0.6838983129348264,1.1299842002573943,0.7354156972994805,0.8520596574060666,0.0,0.0,0.0,0.0,0.6761947758777791,0.7094398224620606,0.7814104342970526,0.0689644351148031,0.4641423275000411,0.7174413934423,0.7063209443014118,0.6605445602556862,0.6495327844636134,0.7218498979537407,0.7693832886228655,0.7806214457857781,0.7688099706455449,0.8917922119835877,0.8453860015963266,0.8202211087591205,0.8199537219376136,0.8051977069569114,0.7852493556517963,0.6092406774576908,0.30619062733076163,0.4697609162504638,0.4939642659033392,0.6252589307350633,0.8734280503740222,1.0544049272063778,1.2304930914987966,1.3039933763255773,1.2834851048383797,0.22454885174033123,1.3166804834025227,1.2662886035307626,1.1489218191966426,1.0133390596795953,0.8514334441920094,0.5153916521218681,0.19205047459853358,0.45859302551071035,0.6771015115110585,0.9660599789971489,1.1494979430140773,1.2271518584154328,1.2717695168740084,1.1674691055162338,1.1602674616196471,1.0141641606538414,0.9087861072348051,0.7396569149256703,0.6057019497974013,0.47010518030191534,0.32324948677772725,0.20777914546801968,0.07091965751971438,0.489183218862476,0.972811354334384,1.067148116542743,0.4580607364372682,0.589883618198786,0.6223843781007281,0.4896667298583569,0.8431698123272211,0.5773517356143271,0.4513287566454531,0.6597176497257764,0.5065182279536266,0.23704741778461924,0.5121160403548545,0.051196933944065104,0.27858585721334433,0.8941326858577237,1.938277238353923,1.5581241188722947,1.5210786779099639,1.2051853099277126,0.9587985697076988,0.6430466022709473,0.43187396355260965,0.22833271586362192,0.11215416758438113,-0.08088996702716877,-0.1463943957701962,-0.2355904244670074,-0.32312279903950136,-0.18336622785442241,0.35868878441925106,1.223931233742251,1.4018742607282206,1.3239350100759624,1.3875639320077626,1.3053678326191787,1.049420485528323,0.7534610251711744,0.4857003134300142,0.22521739707921476,0.15510469474894517,0.03508614278213251,-0.08966831224125893,-0.1814788383386099,-0.2845058150123617,-0.4176114218648694,-0.25832569511041414,0.3014161507324355,0.8117050226771392,0.9957394600280551,0.9817731828435335,0.998741113527194,0.9338797953840912,0.7828356149620999,0.6549500780036275,0.501193685961935,0.43833744832145327,0.3099213049292666,0.229155296127471,0.1514726884739781,0.09611066546414149,0.07465281589215533,0.21618628595433237,0.5508227105313184,0.8276165584735812,0.9425354203631988,0.0,0.0,0.0,0.0,0.0
2025-06-01 17:56:58.911,0,0.0,0.0,0.0,0.0,0.0,0.0,1.120394819339849,0.593220068535157,0.1187875118888072,-0.12265307961066108,-0.1455985947748587,-0.016763560339239425,0.1819080452875702,0.3206567633534074,0.47466543533613426,0.6216794699433414,0.7846528294157651,0.8906215422868283,0.9514450898208973,0.9944744879973083,1.0646163599245364,1.1048667695991317,0.8753547616118573,0.361134011193272,-0.07938483291409115,-0.14187297208146854,0.002259159977151315,0.13887660435867555,0.3315552009349716,0.5146014611703629,0.6588564866652953,0.773588473503634,0.7732156411415965,0.9343616279066919,0.9914201556437339,1.0207809224887539,1.0501754161247545,1.2053834001355388,0.8011468995306619,0.1585598867474331,-0.1681592247343478,-0.07432050222065145,0.13958710170044242,0.2778344284127092,0.43947279302929654,0.5184990939659908,0.585953859779857,0.6603438401212698,0.6487268694254678,0.738437067091647,0.7696680345336081,0.7435399809198413,0.7125058642835925,0.6609973026240261,0.25612767643336537,0.2689483220470598,0.26118264478864284,0.4354599262683079,0.48798449096855867,0.919293636887413,0.473231924343014,0.9310409715352439,0.6141801499364608,1.0127102891418942,0.5302182706069355,0.7226081787596511,0.43660269851700356,0.9764470543683673,0.4532325544485398,0.7395823309093936,0.8595052707653186,0.29391816671384063,0.1986708240409073,0.11233841657090449,0.2597612227315844,0.2722037184921813,0.4117031465511032,0.4907430342697141,0.5438314907701094,0.6538722851765435,0.7697767098935036,0.8763092778224746,0.9366396667764013,1.0142726227280936,1.094915744226441,1.1798420244065082,1.1807267682070883,0.21989094336418008,-0.35582750445912503,0.005877890851341938,0.27477571972449466,0.5031288484910978,0.6982659582891637,0.789899607833858,0.8628701645500114,0.9214594773112033,0.5300647905564497,0.9331866813544101,0.9098777594060233,0.8558359844279976,0.8083645885366023,0.6913743518671973,0.48156027422083736,0.4169874072372046,0.6174281523301183,0.8537680094767288,0.9339505707334828,0.9174993616978269,0.8513838937691258,0.8046231769078807,0.7470641834938703,0.7166626260590785,0.6401454340686614,0.5814918905928772,0.5225016383978207,0.416908528387683,0.24839451867925655,0.025490266633742764,0.007262061619282056,0.6612619078746359,0.9565340159353442,1.0160233179942761,0.963756471796088,0.7941887643799266,1.0654574646660688,0.7632609333341906,0.7603948334745849,0.0,0.0,0.0,0.0,0.5713124715320452,0.7927645574789255,0.910416731526987,0.12154236320654421,0.5534717499902173,0.7868376683285561,0.785138355881511,0.7500996549706059,0.7631094387055981,0.845879566439393,0.9032000284411934,0.9075921994041609,0.8779233761111764,1.0086860606496253,0.9403014401799843,0.896300431921714,0.8755514233067732,0.8438138061658151,0.8205001891789223,0.6653358176460362,0.3405875774534683,0.5192417833605814,0.5642398353567526,0.7226648639388473,1.0095994753520936,1.2052631538474503,1.4148363953207275,1.466447336963651,1.452393623650431,0.04003645952175022,1.4582818761389982,1.3908537162442958,1.2548843925550242,1.0972584390795714,0.9029078049887536,0.5512935548084477,0.20965218392217944,0.5121797203319544,0.7646076240392369,1.0962214717557746,1.3100652118543534,1.3792357467273233,1.4433907889996251,1.3300041260543691,1.3123563222002006,1.1501537111195188,1.0243405626264122,0.8408514865045987,0.6790832965856236,0.5218724790773022,0.3608209132464252,0.2372126469485798,0.07753877994023523,0.5057880267616041,1.0359365604045698,1.1572806739790202,0.539109694010556,0.6091583299072405,0.5044649290987121,0.6317016513617113,0.93119408613241,0.6155158006210787,0.508606964719895,0.7639185261989925,0.6209284811131233,0.22376925547702897,0.6107649719002373,0.07529639894620938,0.3053279782273243,0.947954175037903,2.0141143717070653,1.6449229134299725,1.6403851611172628,1.333458578753263,1.0775264784126526,0.7569963250533349,0.5320683276138827,0.34619814730461496,0.2089496188206068,-0.014583398056269292,-0.08697554547664688,-0.1920128979488065,-0.2913608968622771,-0.17529214832198092,0.3894177688281299,1.313946048623964,1.456070282481626,1.3946901534878156,1.484867893002877,1.4331155380243972,1.1896247587762008,0.8958639731241329,0.6177232416681993,0.18924601863057475,0.24662725729176138,0.12001543451594698,-0.01816848244698499,-0.11158663087663034,-0.2196382911795579,-0.3695403350002581,-0.2610870653587506,0.2858053598353009,0.8323568600227944,1.02969432848554,1.0186501910656176,1.0642185791734493,1.022604525997005,0.876298785044832,0.7525560201348851,0.5914672647485739,0.5283888901116507,0.3933473765455504,0.30253974130041517,0.22917236929582607,0.17408923701848378,0.14144046837421476,0.25291828635035235,0.578249968487577,0.865407570328876,0.981510788371184,0.0,0.0,0.0,0.0,0.0
2025-06-01 17:56:58.914,0,0.0,0.0,0.0,0.0,0.0,0.0,1.0396988270659675,0.528868955534639,0.08668289724410216,-0.05436164606449623,-0.08153664585404785,0.061466420319852166,0.24257766789724589,0.36648956177599845,0.5102259318667898,0.6336848596027764,0.7961678157335528,0.8982102102999491,0.9403127289279323,0.9771385608611359,1.03932411704577,1.0500924993018685,0.7967331258637045,0.30623196020908344,-0.03509074917448063,-0.07161427567507606,0.06907426266749273,0.2059909617246467,0.3821277779074046,0.5446157015231183,0.6938854816899687,0.7944667273172528,0.6972210208099839,0.9364847125835766,0.9836008566466818,1.0075637002910431,1.016393637046618,1.1379297922071903,0.703172033366376,0.12173038502678951,-0.1125275661690005,-0.0127393033754859,0.18749302492808906,0.3224436202247627,0.5064051751875125,0.5377958024625233,0.6017950086532795,0.6862593973582953,0.6485386200731875,0.7544381559288219,0.7776021466259592,0.7319224569560407,0.7073546861193799,0.6661129886463157,0.27212333382525267,0.2963459902311357,0.2925944828198779,0.469397882385173,0.5436464991280274,0.7786999051313594,0.49380838811701866,0.7325562580083262,0.5281167616401637,0.9588611491028363,0.4371685923734734,0.5968020253682088,0.42348059827397005,0.8900769432098635,0.621047404652662,0.7740082062577871,0.7939426110736278,0.29770245112607496,0.2259506360656135,0.17176790087614235,0.2851129445286311,0.3168384308579393,0.4477785980480433,0.5064876293618747,0.5685588536487154,0.6623410673318391,0.7694011394418703,0.8635672595733181,0.9357733002253333,1.0035110371515765,1.0847894280516663,1.1438959061739138,1.1278569023188303,0.16079194208757375,-0.28274183499090444,0.052061391792780354,0.3076680809946071,0.5310849897643977,0.7003378250016041,0.8069788566077385,0.8773090582630116,0.9319218833355978,0.5663918932638916,0.936617605793588,0.9003420582815153,0.8518806906372923,0.7979467710026004,0.689948653458988,0.4719624458818229,0.44155710707093543,0.6545857226754815,0.8765074698864219,0.948571236698587,0.9351817188664995,0.8670429742094867,0.8208052773475711,0.7711622386302528,0.7184778797818481,0.6581086572747781,0.5841840114946459,0.5377672624462246,0.43412268503786255,0.2580680571407491,0.03630027888767551,0.0240270890484382,0.6576357577240407,0.9530994109928506,1.0118148350376133,0.9671022482314158,0.6098196287830346,0.8457024778055076,0.8769436683390863,0.6927539350394821,0.0,0.0,0.0,0.0,0.38182050940449197,0.7576269310285226,0.7632593158353128,0.08314913955390801,0.5118822743496654,0.7672411174316481,0.7705870903637635,0.7382300976033013,0.7652113917760355,0.8392095774976738,0.9019097616233656,0.9137648938562393,0.8654228081783422,1.017716743227203,0.953702493911861,0.9127579195813942,0.8849064845930534,0.8559695286488358,0.8242217354832944,0.654832064065261,0.29808750502611187,0.4948261693614411,0.5562291378480038,0.7127308615136829,0.995524728359001,1.1789503257391472,1.4188895483681558,1.4595190247621026,1.4751585066933417,0.15293592260652422,1.4864937722236577,1.4030843832301003,1.2865761846736659,1.1233768317505484,0.9384250951242237,0.5890353362288246,0.1830406903920055,0.46378349472711544,0.7324701086707112,1.0545848695906612,1.2890756027918666,1.3589209405386182,1.4457257013934988,1.346764836334865,1.3174655894696818,1.1846676790275814,1.0510893389811868,0.8870779192221326,0.7160941693672845,0.55773813842946,0.3962617719162893,0.27617716489867133,0.11812614169464689,0.47940392048130814,1.0067836992596155,1.1271417170704785,0.48758401537332985,0.6831865955115687,0.46936260282190156,0.5935799922996539,0.8059275118600393,0.5230337115860733,0.4651529014664783,0.8097922029565532,0.7127319918980128,0.375244793658533,0.5446382442723625,0.10142800784889433,0.31268097761194774,0.9312268843498142,1.9924743596450005,1.619717204245425,1.6487864960067857,1.3181879120618851,1.0880872385358262,0.7853631248526223,0.5426538342567999,0.40240860732905537,0.2566590257601882,0.03908407752738796,-0.03802502395010643,-0.12927787946144131,-0.24164951831249765,-0.1592865132073954,0.37271967331072614,1.280031161431482,1.4487162471408288,1.363053775051984,1.4914206521150795,1.431478210459219,1.2094557131276082,0.9192854933652341,0.6761644329921077,0.12973687705707052,0.3099336514032289,0.1765217778154582,0.03865077464979194,-0.06290769975687605,-0.14950278390833394,-0.3065727512331039,-0.2629143938449261,0.24214419900901357,0.7695325765060428,0.9922880606647291,0.9960777896492302,1.0416462135082323,1.0148846886377392,0.9115201470450369,0.7618286096660212,0.6483319597959072,0.5855162752177345,0.4517037277382969,0.368229231997971,0.2891989398398709,0.24302165061703074,0.21212159891153348,0.2889177098358184,0.5733479555664523,0.8138059346000431,0.9158297572441929,0.0,0.0,0.0,0.0,0.0
2025-06-01 17:56:58.916,0,0.0,0.0,0.0,0.0,0.0,0.0,1.0093786349830145,0.49294389476081035,0.08462133986424908,0.015732926382418855,0.00973242424573073,0.14202851455842624,0.2988061232638023,0.4259436455287957,0.5450632072249227,0.6657632141453813,0.8096291681620693,0.9060916375759837,0.9423825605765579,0.9752145284495478,1.017065403456677,1.0027922280236352,0.7670920259991196,0.3044415795911299,0.03269286678708028,0.013499642141492019,0.15917379199400195,0.28354347502437305,0.44232160745081317,0.59436019272746,0.7234591922784157,0.8128545878690876,0.563205510307406,0.9323726467871135,0.9784359567636183,0.9854708028384506,0.9847333561151173,1.0556935597267185,0.6211186661279662,0.12694311180158457,-0.010925672787203022,0.11542916073153342,0.2618193297044844,0.3943360089403125,0.5603047741845701,0.5818510882871761,0.6275255094816361,0.7182629143836907,0.6779165395813762,0.7534325669006262,0.7213171731350404,0.6890464412848842,0.6438135161988251,0.6013309956225994,0.28097765291881294,0.3719948952099381,0.3892110387902732,0.5355539427835256,0.642418597196599,0.587242125192107,0.5157375816189124,0.7011199903338317,0.44072102359893583,0.9181420312764561,0.47554114822523286,0.5684598583272374,0.32263728335159597,0.7354993061416727,0.7312629691253603,0.6440316676781169,0.7035255785516583,0.32793220328795836,0.29040846622952143,0.264112539346703,0.34915486040414234,0.36391807865795545,0.493638939883668,0.5445039527042697,0.5980106183210923,0.6720897231157243,0.7712828528142011,0.8445252133874237,0.9278119807231692,0.9838115883392471,1.051169210592274,1.0937492630320582,1.0446725496465277,0.057336147261053655,-0.20013099256333178,0.13063233794196805,0.37121299593638324,0.579798481424868,0.7300454082111791,0.8329035801204436,0.8922663642546014,0.9364342409486162,0.6911144236924776,0.9349210025594206,0.8873186681249886,0.8347060611795086,0.7735466377313022,0.664577071812263,0.4412233756579441,0.4582002327127367,0.693179295307777,0.9148639425452294,0.9736076179022082,0.9425331260715797,0.8762041581287432,0.8266229368284086,0.7771616241237824,0.7191065339412857,0.6563951774810679,0.5808327994647617,0.5303289494892585,0.4299470736712634,0.2543236215955954,0.03657648621400944,0.023647259362746698,0.6611667772098583,0.9470738375334082,1.0151654370634386,0.9680551801382329,0.4941677839651924,0.7069172488469506,0.45270283056221977,0.5980589683425805,0.0,0.0,0.0,0.0,0.41408743124946135,0.44533526238791493,0.7006231667071035,0.04347470313666035,0.4761829507858421,0.7581177351765258,0.7676705971288973,0.7390445781916711,0.7643393715440365,0.8239420106678768,0.8947198932542104,0.9133618870470204,0.8659364348462466,1.011442574810074,0.9519283029402823,0.9097728930015496,0.888807265450658,0.858524251144545,0.8240768299276551,0.6343315039484199,0.2797231398884058,0.47304821468816416,0.5496081510152424,0.7070322392829567,0.9937626910562771,1.1786052762578367,1.421685361099557,1.473990996130807,1.4981639927042163,0.4722806933699672,1.514583712818165,1.4313783547017356,1.318888804435196,1.1417378935875742,0.970996936715851,0.613625328125308,0.1652876338739649,0.4151185428881383,0.7068086665043122,1.0350788564904339,1.2819547969975695,1.3558349558711587,1.468055380044949,1.365248968563683,1.3511444047280952,1.2180571506665587,1.0773944426370168,0.9125458316469025,0.7412812874401372,0.5833890576809961,0.43209148626346716,0.308822670461753,0.15792157091357895,0.4489154415356493,0.9868199419681277,1.1179615164699936,0.673840455812905,0.6069132169597313,0.5291674904975927,0.6340783268655695,0.8556016193471874,0.38277028667038615,0.4002861065442969,0.8081082984437935,0.7504239290039423,0.2627188468158519,0.6467096085971213,0.13748515763946595,0.33293856715183906,0.9187024276402963,1.9902479493051888,1.6042800820192724,1.6236652988870315,1.2739946260709702,1.06833427691398,0.8013963663086758,0.5727168962349831,0.4115153207098452,0.2609395144455462,0.07261991785430744,0.012875324084742457,-0.0921853798621396,-0.20968366318519682,-0.1350343930533658,0.36124491433212175,1.2602452464074043,1.4282949431909437,1.3382059965239332,1.4797845742550497,1.4192430491039045,1.198678678675285,0.9251211455103758,0.6988770991245488,0.19567598795746957,0.32249292116299855,0.19984958452058743,0.05431876940943292,-0.03321788098221734,-0.14483632215323627,-0.27179104004102206,-0.24229812988970473,0.19739997278446447,0.7397139906262216,0.9502969881503209,0.9629023514966594,1.0076087793657187,0.9957510776974483,0.899733308761677,0.7619759990927957,0.6553420940466061,0.5936413006829577,0.4774861043604579,0.3985571092414857,0.3342648601580829,0.2725038778272101,0.24764049822427914,0.3249420129626864,0.5613785647128292,0.7729933559426297,0.8508992126780182,0.0,0.0,0.0,0.0,0.0
2025-06-01 17:56:58.922,0,0.0,0.0,0.0,0.0,0.0,0.0,0.8926197185658791,0.39880266429921596,-0.011419842508938183,-0.0018545823648236093,0.03823529769997447,0.168100057220551,0.29619553624113226,0.42055336458181447,0.5366994928111902,0.6570366192512356,0.781377520354507,0.8704277874798633,0.9068516694483704,0.9332369366990577,0.9653101010005712,0.9261013879498349,0.6733261154794389,0.2507005963410579,0.03230481096879112,0.05436827408577838,0.1782812822018114,0.310026263416614,0.44442697699240097,0.589760088629586,0.7062105741346263,0.790534035735992,0.7626064635270615,0.8984077477078599,0.9341475895125391,0.9343065534030256,0.9271290665416285,0.9597307111817032,0.4954508559672904,0.0645354031795381,0.006921769385215604,0.15667677567939076,0.2862649893268612,0.3938299486735486,0.552391036544216,0.5750252715707393,0.5924549371192489,0.6754409254302636,0.6572424477923018,0.713773811068036,0.6809020892916909,0.643803515616074,0.6186277892146268,0.5526719701925544,0.17723443727813915,0.4104848013041822,0.4333089664863562,0.5767481958492604,0.6581084241172839,0.3734865823841144,0.4798770992412824,0.36126467645865495,0.31164015661951405,0.785852275571904,0.5641344961304849,0.5324809539640335,0.3436564264661796,0.5091513572499654,0.802898310069889,0.6505754638360198,0.6618691046095222,0.34506826317316897,0.3330236859405369,0.2954550604878028,0.34819173513513135,0.3740881902569717,0.4892179829335992,0.5321817548236047,0.5908876970586088,0.6572632505125062,0.7496330150028958,0.8209298555647742,0.8997331355399499,0.9635911378703574,1.023395483943009,1.0575340767328312,1.0034950286613753,-0.004989171629948663,-0.16740073773187325,0.16012980850075853,0.38820580825400786,0.5880107364894254,0.7237118343673452,0.8213681478478962,0.8764883993241344,0.9153628184907034,0.8607504551545566,0.9113529534738698,0.8623279807775365,0.8114947842006098,0.74266022096781,0.6336582081016875,0.40997780039262477,0.4745261980719646,0.707148383738475,0.9331217858046332,0.9687339088201978,0.9299737126167289,0.8542829178046627,0.8072106155067922,0.7599313527708484,0.6994524105333502,0.6279372358439215,0.5620164681791253,0.5047079728465542,0.40492479396152903,0.2360944077187762,0.01624331713424576,0.02374136507904745,0.6711688693908112,0.9354471115574552,1.0103796659203557,0.9599728248682668,0.511408006221284,0.6130528590493469,0.4027022809148169,0.47548549586935074,0.0,0.0,0.0,0.0,0.3049268447088086,0.7043236010167031,0.5233083654221078,0.05844050708573345,0.4767354122042015,0.7579762923679656,0.7514695491493908,0.7205326049023332,0.7420037752190642,0.7964181266886883,0.8551243844281062,0.8891413625012521,0.8408211488948747,0.967877646090193,0.9240044769538525,0.8948953469735554,0.8807154008083613,0.8582539659615747,0.8221704911084113,0.6492339892813015,0.2892958285156724,0.4576191769681055,0.5189708101593309,0.6656613120363633,0.9427946961184099,1.1282697640192163,1.3668727100478377,1.4197702652641475,1.4608862860700633,0.6171770117767548,1.497247617648311,1.4304055211830495,1.3289282485654106,1.15860468512538,1.003237902786534,0.6663946497406,0.16216153790729188,0.3307406519845032,0.6278774998192823,0.9492313344751724,1.1935114578024155,1.2778671451298027,1.4112345615590969,1.3233360968237513,1.320222502502809,1.2023060788405315,1.0715367086310552,0.918678684874847,0.7555341275115134,0.6020869651022347,0.45832698423303486,0.3448416613427935,0.17373326616191767,0.38341113453722614,0.8954502697473471,1.031856723436401,0.582382480422496,0.5768728043226349,0.41125792877214673,0.8176557881238423,0.68520691871898,0.6967021040149829,0.3787680618458223,0.8963274434338984,0.7565949392114497,0.27909509306355895,0.6153962129772739,0.14761698757540115,0.34148725033893684,0.8644293690964555,1.8667471417777528,1.5282220167528522,1.5314992432395154,1.1790913063967663,1.0052750241178348,0.7708777382324183,0.5565125583620769,0.42734833996277866,0.24717383153784067,0.0876001062807863,0.01812817195464722,-0.05620270285080853,-0.1808256946806286,-0.1371041033038602,0.3214675240925004,1.1754249825827676,1.3545889681938064,1.2752994039079215,1.3969099955969804,1.3616101420785107,1.1463561004978096,0.8835057358047125,0.6709209447475681,0.17446892655958582,0.3299796636931156,0.20468641304727697,0.07656834734670936,-0.007810864599661627,-0.11349169129332692,-0.21205996753205564,-0.22846362742834195,0.14673819406948024,0.654678922580753,0.8865511478841182,0.9176625560266963,0.9516841351696419,0.9354843484183575,0.8544756755952143,0.7276392191665444,0.6278158365983018,0.5873551277385844,0.4810635514119279,0.4075057687712409,0.3535815406445606,0.2993885602240155,0.28931805104888364,0.34199102631277106,0.5338347933236217,0.730758511747874,0.7771427059409541,0.0,0.0,0.0,0.0,0.0
2025-06-01 17:56:58.927,0,0.0,0.0,0.0,0.0,0.0,0.0,0.8996778268196197,0.4020288017360938,0.00020054006394593094,0.03119555599144419,0.08291903108193699,0.2101825376079941,0.32998349854099207,0.4556549741722322,0.5650376359928216,0.7046335538094808,0.8054381186386417,0.8929523563701495,0.9242456194568973,0.9499087139526491,0.9807261783601201,0.9215046188435912,0.6692854032682142,0.2781975838924193,0.08274958665456855,0.1161417477459098,0.22941182031935958,0.35391667525102233,0.4874798864853247,0.6459139467781716,0.7323376899991882,0.8148514002935767,0.39211984044871095,0.9132050659794536,0.9261548937482844,0.935495560807586,0.9005001566794675,0.9451705680989834,0.457663281683026,0.054453442123228946,0.04954260862243032,0.17560148209813886,0.3059934645646929,0.3839644216033562,0.5544356220540414,0.6012814292782593,0.5978376010657758,0.6877084967697986,0.6545895321379416,0.7288674818692843,0.6835098795457676,0.60802195010915,0.5824907936795594,0.520328058405757,0.17083422247137214,0.42597219904548733,0.4873599442868909,0.5827222348251044,0.7043590287021031,0.28375827485402033,0.4056463207105697,0.08593692193694652,0.5441991764832889,0.8196275262138242,0.591365921214006,0.48509370013102104,0.30859231445708935,0.5101699509137474,0.8105952779915948,0.5677395646845725,0.6107791644430616,0.3633583809473502,0.34948868400011346,0.3387479972882792,0.3773324431168723,0.3888847096773411,0.5116780922246627,0.5524728571520205,0.6048015736444812,0.6683448292049701,0.7695143022880151,0.8251461445635282,0.8962621018163678,0.9563191511191895,1.0073084992872032,1.044477933320909,0.9684106590759685,-0.026248175369352283,-0.13634416110325254,0.19998050120344502,0.4124304808532111,0.613582036069013,0.750191271236726,0.8256755901260817,0.8778629551003698,0.9144946506713361,0.7492734428972512,0.9025382872687884,0.8501172080017078,0.7966663680058609,0.7287337520773155,0.6114765342634081,0.3887464603165659,0.48732841206033795,0.7389853305721225,0.9455054452624134,0.9686844952377263,0.928787862635023,0.8567155453483897,0.797563207763726,0.7472101018177639,0.6866605415826801,0.6149670347720488,0.5509261928929894,0.49741573151630947,0.39229637728860944,0.23800608067743256,0.014829612575728124,0.026955688888463836,0.6456579476912644,0.9222032271691403,0.9994621178179361,0.9439912289594923,0.6171163161795106,0.3918204491552601,0.416801632592443,0.5528558601573224,0.0,0.0,0.0,0.0,0.43324932564302965,0.7300723183811177,0.45069930394305,0.05288447753199765,0.4566466742203184,0.7517370208996628,0.7398329689764265,0.7144197636319781,0.7231935632602429,0.7880622209721906,0.859683761184622,0.8938391352601132,0.8527462622899264,0.9813511669088868,0.950583588092869,0.906325595619198,0.8925737619375023,0.874639457511835,0.8392729460655328,0.6996421998811513,0.272826197213013,0.43384021419702135,0.5050732328169105,0.6568075695581324,0.9317190545382623,1.1410093878233014,1.3784420889338245,1.423703148196618,1.4848908122349507,0.7092440119563166,1.5365041244408895,1.4701249383252164,1.3707620348983445,1.2064901716849423,1.0390824126868035,0.707804108847007,0.15458672658207623,0.2891150327145119,0.591746789853211,0.9404353111029018,1.1954748804543236,1.2923665040515815,1.4286190414691768,1.3499335735180134,1.3495519774743348,1.244896561360453,1.1131148290638682,0.9653068402665027,0.7979776721831485,0.6427205900957806,0.5017252179144178,0.3774752170501168,0.17438155733704885,0.33490488518835687,0.8498080100038269,0.9891034542303346,0.4508176584814543,0.4466502827985106,0.39705866286410696,0.7225956340252014,0.523100521222936,0.7129476510509527,0.39922156902227274,0.8587598486288253,0.8313537590718315,0.36410572018844134,0.6737977107713772,0.17604138535706432,0.3238299147859976,0.78300387621396,1.7220817380080065,1.4461899712116084,1.434707076101438,1.1520157050732207,0.9728983257374912,0.7696956879317454,0.5776679143490926,0.4554882097975421,0.2890958051020094,0.14004634979823116,0.07426540690084305,-0.017308432252433392,-0.1338095622618206,-0.11740483686700637,0.27162908772728783,1.0842380760246795,1.2753508204550688,1.207238493635034,1.3274775454472136,1.2704684342278154,1.0849769725157512,0.8428193033829066,0.6457539355206434,0.10938625280677913,0.33307643424480826,0.22064037976337691,0.11525724143453409,0.03602947265142242,-0.05257216744949489,-0.15609107213533951,-0.2360657540338226,0.0499384861372168,0.5422704603785515,0.7960383663680617,0.8372154945651152,0.8700802860097387,0.878419250568947,0.8062430403646239,0.6988178045411639,0.6208506772996447,0.5982819852611301,0.4967779053306618,0.4344089778316296,0.3939666966531852,0.34426829516500745,0.336672294899763,0.34467846998843826,0.4912927431204036,0.6445540433728502,0.6920236445169208,0.0,0.0,0.0,0.0,0.0
2025-06-01 17:56:58.929,0,0.0,0.0,0.0,0.0,0.0,0.0,0.8783421792788901,0.41851121640130573,0.03412770747685656,0.05552792145927865,0.09742580935309963,0.20420199172780007,0.32379832539966225,0.43883023849477465,0.5539619731750166,0.6937458562079615,0.7931018182986713,0.870209434399169,0.919095665616178,0.9340300231824544,0.9595838838727152,0.8969841633095924,0.6671332555469065,0.30344428437781873,0.1128584330042618,0.1365930927035487,0.24471123695012564,0.3574132327895092,0.49921611550946343,0.6469838292136476,0.7233754435743285,0.8145299235387939,0.33983055190559974,0.9062638875919312,0.9215249437912973,0.9299421848346378,0.9025259618643806,0.9490151013106641,0.4766395143431797,0.08392954691612914,0.09848964704793106,0.2185477571291825,0.37187888262700763,0.3925581131353699,0.5353255032515687,0.6078557018764073,0.5844681080096936,0.692086681383401,0.686523279009442,0.7268380164023543,0.690110139896536,0.6006693453263428,0.5887724932310427,0.5072874980160516,0.17288463543694288,0.4755058513407141,0.5460055869327075,0.640828833386321,0.7490069896521709,0.33032898891225476,0.3822612814790347,0.10374994958152661,0.568540123756808,0.5547039130165257,0.4635524892672058,0.21660635510862314,0.25140048115371433,0.5234217909382636,0.7684622718664442,0.4537513935722066,0.6142257618777769,0.3828225076184304,0.37437522763963393,0.3837805149029714,0.39130214997839396,0.4157356998890198,0.523930515749442,0.5764017231803658,0.6252905413676977,0.6848921304440019,0.7751598716993187,0.8399703659865716,0.9097035722714112,0.9783006507095482,1.0239796749758754,1.054251105884601,0.9736540121915027,-0.02319596937314672,-0.14376672012261582,0.2014034277207204,0.4093150059879993,0.616652411310439,0.762025322767331,0.8341591224386944,0.8856561690874529,0.9292529270816374,0.712442158112323,0.9200024996615197,0.8642150847513838,0.8048041548208943,0.7460792132042343,0.6335747130696128,0.40143814317338244,0.4631759376939748,0.7176994972973788,0.9376449285723032,0.9631782315695288,0.9300570137002933,0.8664647261381153,0.7990856335578096,0.7493046683916069,0.6907265547543509,0.6260757848971581,0.5571398209211977,0.510116490955538,0.4163866590127887,0.25889662688287773,0.03958088555048245,0.019301996999692594,0.6327963147992332,0.9123364088982269,0.9843040124418307,0.9242534487575853,0.5759489375667537,0.4873770512438768,0.397125362991476,0.58433278521588,0.0,0.0,0.0,0.0,0.5023274645257116,0.5022673192814693,0.4929327992125956,0.007226584708922457,0.41575564209724275,0.732225891083749,0.7247144879674261,0.6989156571368097,0.6968177222718646,0.7687105537068162,0.8474522591613236,0.8798210682338317,0.8467303684514467,0.9777663764777915,0.9448080696306986,0.8969323249195085,0.8883900714233028,0.8733347638439724,0.84319959404575,0.6875032869356921,0.2451723873905851,0.41021475316366496,0.48361134292768804,0.6290165168219937,0.8900275355306053,1.1184943109999859,1.3416556085513296,1.396217416300703,1.4668994351426738,0.9472915446346073,1.524216030387389,1.4585317624942973,1.3634670825622972,1.2073355287106686,1.0458419047526937,0.7123082956735904,0.13844033505167086,0.2567226952521253,0.5524437812671729,0.9094589901381409,1.1668451227815506,1.2763811289060338,1.3992325535378094,1.3306914253907267,1.3337398444895858,1.2340667687899396,1.1083108228331797,0.9582866707268979,0.8044557412957068,0.6501390339311546,0.5141783809372572,0.381245506565859,0.1929230578601065,0.32651670071455347,0.8374750338594902,0.973101545724469,0.4857344699877876,0.43560650597333217,0.48053162377310743,0.721989520148837,0.45334912579781134,0.6372051308813711,0.40941272238750864,0.8348227393488963,0.7249834046604429,0.32938684779965444,0.5754229525346864,0.18773074435119702,0.33181725757253094,0.7784266199926202,1.7412734948321162,1.4655484360766065,1.415327383816348,1.140764024970399,0.9733354652837536,0.7835938827637499,0.5633793264839675,0.4272358486239598,0.28150954366163017,0.14938867962349156,0.07981538067055283,-0.020993985593702358,-0.12562046557756967,-0.11713019661413943,0.27814649444465583,1.0549348515627543,1.266999839071749,1.1918482477877794,1.3307807870119452,1.2623544545659844,1.083413346921152,0.8501160201565436,0.6536477377409768,0.08683547925040411,0.35559932660106885,0.2455500907494783,0.13226157204758682,0.047911724892049645,-0.033778681643400144,-0.13622663737690577,-0.20455689487369116,0.06329057408005723,0.5718818199957325,0.8028193205004839,0.8484566915866386,0.8800672610859797,0.9221457792958114,0.8318036795805552,0.7184868813441132,0.6529125145727765,0.6243190554772273,0.519113479536699,0.45647873995052257,0.42143708376394184,0.3508832493727344,0.34972020254868186,0.375901673393459,0.5210190244811566,0.6804801504930186,0.7105766181794064,0.0,0.0,0.0,0.0,0.0
2025-06-01 17:56:58.933,0,0.0,0.0,0.0,0.0,0.0,0.0,0.8801817255613528,0.42641549346852003,0.0324872696798445,0.019462823313691535,0.09201962434342137,0.18865069857514383,0.3271514468828448,0.4368027705446791,0.5576605905039159,0.7012778957536085,0.7915032516020599,0.8788469593893905,0.9291239903171349,0.9434959447669174,0.9676050909638273,0.9359118441806732,0.700174577568737,0.3174417980902913,0.09247126947746276,0.1370475222512656,0.24916865623097761,0.3598071433105807,0.4909119785020164,0.6516907617103547,0.7237297331307742,0.8125525360237158,0.3544319716564942,0.9128048538692232,0.9339215980937661,0.9236704445086691,0.9116106608607282,0.964553039172119,0.48574844441251214,0.09782061485151683,0.1121827231383078,0.21117721690003144,0.37658837401912737,0.39211776584436575,0.5067587863534102,0.558508319385431,0.6052436664112724,0.6999498880726349,0.694419642152093,0.707962733192186,0.6908449531222823,0.6201229029523652,0.5609029833478267,0.491528966680217,0.16158992578976167,0.48815809317093106,0.5718437546115528,0.6524514174648908,0.7299673468966486,0.1702557692959764,0.4057281472772296,0.2346392526038315,0.528412881777392,0.5247526071331307,0.5167628247653815,0.280824923300965,0.26896618576040277,0.48829511930025293,0.4982489173123864,0.36618157768571624,0.5364010835477431,0.3773643165260965,0.3751463153311827,0.37536670871445454,0.39213747967848045,0.40228512584160603,0.4990363877740065,0.5630591332560477,0.5986836630418024,0.6767314256442636,0.7486557228614037,0.8197076554094045,0.8871168337146308,0.9522543827721488,0.9934391463851298,1.0279657817175925,0.9482702248951136,-0.02328967875435181,-0.1399883654345686,0.2093837726614407,0.41261476407463205,0.6054119393240753,0.7586898267331565,0.8127642572149112,0.8605862532034472,0.9005335500523384,0.6952835348725939,0.8967617023933647,0.8466739369516122,0.7807724114491078,0.7246241889587975,0.6083583428545238,0.40945639798688815,0.4980875914299918,0.7346646174311323,0.9543322609408511,0.9739595066424556,0.9266324108241399,0.8509584960388732,0.7838626275966387,0.7234041221652383,0.6778808197819324,0.594544302424131,0.5481921685965487,0.47981510916394465,0.37921035567142836,0.23050904909674552,0.029030203655051823,0.048049054787597245,0.6734029000176273,0.9257062171547861,0.994920770638873,0.9258737460142621,0.5087432155627118,0.2919161646396374,0.13657480816084483,0.7273996392509089,0.0,0.0,0.0,0.0,0.7706669017542995,0.42781891527155774,0.6107743895011417,-0.002153026951881132,0.44762613549000446,0.7436338297990693,0.7294542788743346,0.7000878587417653,0.6718715686228334,0.7526036616383001,0.8160863576703807,0.8370539482177328,0.8280572688764765,0.9325331033269189,0.9048993623682695,0.8587065508676843,0.8589927768007624,0.8453289814094938,0.8210150890645871,0.659532610112757,0.26064219660697585,0.408358675265752,0.4783960547178354,0.6170736035645985,0.8694025317447573,1.1097457173120397,1.3030509271273965,1.3648037968178814,1.4249940965388423,0.8696743952653443,1.4923819627093842,1.4475020748044871,1.3368216846981407,1.1867172058277946,1.025839086482132,0.7008655893757764,0.14036211178442592,0.2654541230749724,0.5491304290561768,0.9247179007256994,1.1600330236359602,1.268175087969287,1.3820967885867237,1.310607683709802,1.323257955826572,1.2024305497149523,1.094927494406078,0.928082872949325,0.7836751648858734,0.6320863606289979,0.5055207390149804,0.368146485907675,0.17699917930262477,0.33239780556692455,0.8291873325464522,0.9793249834148928,0.6910512809060846,0.4148224387237547,0.5703706044802507,0.6647869018633872,0.5586457548623542,0.6801788706990469,0.46700395194913663,0.7712956707459704,0.6028811206901182,0.41895492458086037,0.5337149751910009,0.17974838703238166,0.31958318049943396,0.7819981799406921,1.7027795766249958,1.445141202841074,1.3754381379151583,1.125406958927579,0.9453860700252867,0.7720879491666444,0.560769966977529,0.39293026694877,0.2533111629980358,0.14034278088571295,0.06880705173686374,-0.03835897961294432,-0.14154036765123668,-0.1326791829089845,0.25764976802489686,1.0025917283836612,1.239934693097146,1.1880849933989202,1.300459104702393,1.2361804396686382,1.0366162831241903,0.8203851139529184,0.6084261599177887,0.20741059067289067,0.34675855832247926,0.24330905493280364,0.11297581378989752,0.05651299752217198,-0.04164657456410892,-0.1339889350057223,-0.2021111902043663,0.046164463456046356,0.5547711869902483,0.7904067982319167,0.8400573599348443,0.8657811994421936,0.9241101687865809,0.8048710532162753,0.7264017381938919,0.6200573726636254,0.6148517375695954,0.5026384695268045,0.4402632676852116,0.4298340841636834,0.34898819869664066,0.33474755390008215,0.37081741802132,0.5023048992127074,0.6734529636640728,0.6857848244771443,0.0,0.0,0.0,0.0,0.0
2025-06-01 17:56:58.937,0,0.0,0.0,0.0,0.0,0.0,0.0,0.8337727596691538,0.3859903842224679,0.018052389584228667,0.01456580585762035,0.1066928600825634,0.21132468883543998,0.35284997658823547,0.4338879441098631,0.5709046174894329,0.7010803812417352,0.7939111653800772,0.8757054069923799,0.9260701646972285,0.9330604644880461,0.9547114494358283,0.9280155979970631,0.6520195512443476,0.29390110256154683,0.09170993021307772,0.1547814082829887,0.2759057542486367,0.3782108496389598,0.5071596162488126,0.6743915132926344,0.7424231330389044,0.830220205371121,0.5061759602365767,0.9226102766411545,0.9393869273699038,0.9260887857225647,0.9159638115660493,0.9872147809842041,0.46444746381706276,0.07120673625625284,0.13233382837529128,0.22627870996776656,0.4243639808642381,0.4003695592374157,0.5162851491314169,0.58076676650473,0.6425750260279839,0.7315919689816199,0.6894979372612713,0.7318959555788792,0.7399153217976787,0.6614099507220668,0.5834471691686784,0.5076786068905195,0.14043614769542762,0.4683913867123064,0.5516894453770825,0.6510226089825117,0.7297243873246417,0.5293531196342545,0.5053601619181644,0.34194122339679917,0.5004601957334931,0.5691542643888357,0.48753760089122156,0.4096996135761648,0.3617001776619397,0.5407685685045753,0.6460169358773982,0.32620879288453186,0.5071374149870325,0.35448749454063344,0.36149396633587005,0.39542649398046614,0.40501847743084807,0.4243345365461597,0.5147780273925644,0.5728561228833191,0.6104295109769573,0.6817660409101025,0.7539249420202754,0.8302761085503663,0.8830915213309539,0.9480787675905333,0.9882482958750147,1.022933763357356,0.9573751167642996,-0.01932389360595832,-0.1095136593546574,0.22855109041122668,0.42188390622341965,0.6118064893966151,0.7667519199321235,0.8180550128237134,0.8593473363482897,0.9075657891350606,0.5013511034828055,0.8968843439954466,0.8442759071692553,0.7841285453632637,0.7271294876674329,0.6087807420763669,0.40264585757960114,0.5198835685640644,0.7590917297346566,0.966422568534758,0.980260245442776,0.9338015712632342,0.8534295713994589,0.7870287514037075,0.7239393976059199,0.678531121480596,0.605054082254711,0.5537995249134904,0.4897489977703311,0.38693494214493085,0.24200514835728104,0.0429670115286106,0.05689692794526535,0.674683081450862,0.9163886506842487,0.9869126183460974,0.9153961223246607,0.6261089108243072,0.44468950232886834,0.25532608589503997,0.7163793209261874,0.0,0.0,0.0,0.0,0.6624583867546145,0.5131856854765315,0.5377988342912209,-0.0474512312279346,0.4175193958081643,0.7357551753425874,0.7161444016504848,0.6798969781203082,0.6576129758754425,0.7497988759146892,0.8088521721900794,0.8232709431752077,0.8213118059660935,0.9194969517924148,0.9001781669361049,0.8511680465899774,0.8454377979897723,0.8348029480046357,0.8106653228461211,0.6281379133192482,0.22199877138261265,0.4023894151792534,0.4602910952658581,0.6046188685440081,0.8530126440115529,1.0885232059420424,1.291184731994579,1.3478067419300628,1.4113591059206503,0.6924552576882317,1.4858149223189052,1.4437365356710439,1.3380821138511971,1.1961417921863111,1.025631419336456,0.696009716585562,0.11379185997069881,0.2354393669881366,0.5480378375572544,0.9002141814138189,1.140233014256688,1.2644502531840816,1.3673080063154104,1.3067600658935585,1.3116902157500614,1.1980456816784129,1.0984822892222286,0.9380046707862965,0.7851933660996017,0.6542544719711842,0.5124339867155029,0.37576392916266005,0.18073243022502733,0.36914443597598207,0.8256360465936122,0.9596843097730247,0.7127450331206816,0.501089483233772,0.5937752930820808,0.7856235701710802,0.5174866450746389,0.9212044503671183,0.6579582737649023,0.5771910770868915,0.5180544947240847,0.5229321780107626,0.4116129891205912,0.1931507088577929,0.33598693715988076,0.8011890509277582,1.7205671394213211,1.4584185743080735,1.3556384247647775,1.1177560741547592,0.9444460076719958,0.7385747962839235,0.5435187945463424,0.39199975674232346,0.24281407482490636,0.15088504124728064,0.054998885866793135,-0.02968343482734448,-0.11962148564610209,-0.1112843677874355,0.2764194273627257,1.031928472818042,1.2358537243205254,1.1934178449471877,1.2642676432266295,1.2183734446176426,1.0146796327809278,0.7895861599168239,0.586048480829797,0.2686810063892996,0.34046112119769645,0.2355446712809457,0.11402056137863203,0.045414408082198876,-0.03062473521803244,-0.12192520360188741,-0.17414387357730954,0.059919594895364026,0.5443604609976547,0.7822382967009547,0.8399098581089742,0.8483595700625843,0.9160539331439246,0.7846727681667613,0.710717032743784,0.6032365816220813,0.608542952057838,0.4922809119794964,0.4463565063006327,0.4258919270589343,0.35907891238743683,0.34220145377418687,0.39659378917074534,0.5132871503365266,0.6827157839146979,0.6807659641394945,0.0,0.0,0.0,0.0,0.0
2025-06-01 17:56:58.939,0,0.0,0.0,0.0,0.0,0.0,0.0,0.8251865794567371,0.3745752632085676,0.04957945556679633,0.0540035650767513,0.14586074543714267,0.23761044848140023,0.3820130482431693,0.4604122161230022,0.5770852973475459,0.7021537790407513,0.799680456870939,0.8911026332289954,0.9331334688595077,0.9388165084276777,0.9439679898816363,0.9124052820301468,0.6498720055525792,0.30646649716821733,0.1229214013692862,0.20004922569527095,0.32267347403465907,0.4168907903034582,0.5465753760196903,0.7012912448782633,0.7655320469252587,0.8488533882056915,0.47932872085107214,0.9322600916975489,0.946246734490142,0.920747643282038,0.9146528384309318,0.9802384405743928,0.44857024418785946,0.11765425083428477,0.17563280785045587,0.31233217521795176,0.47628444418976423,0.4463082158885412,0.5501381953863569,0.6025180755518169,0.6976415525015056,0.7520389885750023,0.695697741096386,0.7516824397578451,0.7438491440757201,0.669729955179353,0.5802398208421036,0.5033492184598227,0.20388999357731324,0.4681584382871996,0.5782757973350471,0.6726247765340025,0.7496454758320383,0.6845435613923252,0.5591159463608668,0.4822831629141236,0.6552512665273255,0.6408765463590246,0.5265660234419691,0.38314587723566207,0.4965332755574255,0.5955411707022371,0.7236992088927393,0.2573392014431445,0.48975450409699367,0.37778078267366,0.37225827082066165,0.42053287996514066,0.4488930752378406,0.4475866858692028,0.5368581490843904,0.5917789277262486,0.6277965875050036,0.6950234333067766,0.7654858186809268,0.8316414343443326,0.8815038766078541,0.9398542771435647,0.985472968709008,1.0071244029166566,0.9136821704973517,-0.029342272764200122,-0.07198621449837272,0.2665844714802934,0.45500487454493577,0.6271345761705678,0.7752316369074865,0.8266967555562283,0.8750724915374888,0.9106926427400912,0.32795402004032176,0.8940641343201399,0.8415569891010372,0.7738222697868705,0.711859293888574,0.6009701651513257,0.38357855066222235,0.5406871142884342,0.7955005886954029,0.9796387336935273,0.9965070589946896,0.9339833604005203,0.8592484286010131,0.7855757456270238,0.7186769094020522,0.6687189320089548,0.5984793724197193,0.543806583890605,0.47267401827143196,0.3707351720590788,0.2289173952248974,0.03819667892824441,0.05686109486108387,0.6754800576213136,0.9191924405933043,0.986234185089373,0.9116298569689945,0.7785502808854268,0.27450416983048337,0.4700676473857865,0.8369342378820082,0.0,0.0,0.0,0.0,0.7519496727432557,0.3102279882672598,0.58820120091855,-0.07393326608389994,0.39850536718155777,0.73049163697219,0.7073969545305276,0.6785065522529293,0.6508124552402172,0.7438570351355487,0.8006373695619584,0.8078821369462061,0.8130017890745243,0.9056316612021558,0.8824081168081417,0.8390446515865941,0.8341668376772058,0.8239163919466788,0.8045439309952438,0.6131656683493383,0.2151637166512198,0.3990519289444766,0.46159511829056243,0.5925678056678698,0.8446927488893519,1.0731195907888007,1.2731277350089862,1.355052577688758,1.3901836510699275,0.5334348770378561,1.4820588092676727,1.438310470246698,1.3373155580994347,1.1955829229707504,1.0305516648770594,0.6997017879332413,0.11892645796029054,0.20507318448457412,0.5289277688313493,0.8664504903540642,1.1192620068250574,1.2461830366048876,1.3470944559225662,1.297113472929652,1.2966313161573653,1.1856896318542285,1.0918833410070823,0.9333514711254173,0.7863354430358486,0.6566576075762498,0.5267659809440964,0.383466925084298,0.20397135822986018,0.3637710531896096,0.8068641227617271,0.9481177797772361,0.8186450305251828,0.5159125155757622,0.5208613857821153,0.6540223976767292,0.5965876982630283,0.6301140068397627,0.6723424191564811,0.4209997255733951,0.6044462707903896,0.6380111702950039,0.5079237156992127,0.21717889481897795,0.34297904735045265,0.8158521953547399,1.6934230260244605,1.4301086403282188,1.3309066675441175,1.085932897530269,0.9149742919918891,0.7028059514039131,0.4876270060510859,0.34042940708322145,0.23657309795095438,0.1405694006252327,0.07121039794626705,-0.03087266260056376,-0.11891290131351062,-0.08219224270239806,0.2981203688078992,1.0530381419249244,1.2547583373243447,1.1837817860398718,1.2447058680782863,1.1895926672461463,0.9651512613878146,0.7623201933189783,0.5567081724576559,0.45557751342316166,0.31676168203275723,0.22117272701450608,0.09088625468646327,0.025666981991390947,-0.02846907256092701,-0.1277576781024602,-0.14824660421413954,0.08678213850458888,0.5590846708950861,0.7883090576056189,0.833099535238956,0.8408699358632417,0.9026066943715958,0.7636047578220566,0.6836024357724271,0.585936600409096,0.5713423619951468,0.4816999810235676,0.4288624698829193,0.4212400346816534,0.3521674973743397,0.33869951792971076,0.40567415118319045,0.5469946357475326,0.6896065697938368,0.6982043239070546,0.0,0.0,0.0,0.0,0.0
2025-06-01 17:56:58.942,0,0.0,0.0,0.0,0.0,0.0,0.0,0.7887073379375348,0.35700826740952574,0.026590897811381242,0.05290134191414242,0.15208352801261948,0.23274525828527926,0.37453537859467445,0.4523176764734824,0.5738834036100994,0.6869415012492333,0.7853332924120886,0.8882963577276123,0.9295798663127299,0.921824633410058,0.9269659653621835,0.9003085533645657,0.6375481770151015,0.28483502520007836,0.09976123397988501,0.19976828559379356,0.3284143538670603,0.41951229418233127,0.5542776819737734,0.697173576532448,0.7629496571615113,0.8467306315367809,0.48399116610913384,0.9280297086948858,0.9518199512531766,0.9197994323678756,0.912716662741133,0.9802787167507819,0.43458877448641203,0.11142200708655647,0.17402290943056398,0.3004605698284455,0.4634601270557559,0.46665779829872966,0.5634141403463466,0.5915302563741698,0.6992074573012101,0.7120415549433257,0.7264962032222497,0.717530418796663,0.751775640092326,0.6889324336418652,0.555292302946709,0.5117337265920687,0.21012847837301402,0.4529769601112459,0.5601719236251336,0.6742400895395615,0.7355956959032914,0.6656795844351997,0.6132582461266841,0.7293928201863762,0.4976972526206779,0.6606163205941461,0.5843062531144819,0.3415153829359524,0.7648452375463413,0.6578404630926211,0.7509856715082601,0.4629773887222468,0.4927342815356089,0.36540952973501106,0.36925284483379417,0.3925768258727149,0.4404377344970227,0.45821702986435975,0.5295111213840491,0.5850195324562046,0.6333201576761625,0.6917349941112554,0.7624787522075116,0.8283373740360644,0.88269854992281,0.9396625161588255,0.9863788361027905,0.9994396302989309,0.9275165929940843,-0.018614994814512342,-0.06376978954459867,0.2622457724868148,0.4452407275377648,0.6166356374215571,0.7631797169056385,0.814557019080381,0.8682838728866096,0.9068475892238601,0.31236301097255376,0.8898401142332608,0.8307644054875946,0.7646749125181797,0.7028140184109789,0.5978204434573886,0.3894569008719675,0.5648702030790317,0.8012475588987268,0.9826781954026624,1.0022727185997853,0.9298067677343946,0.8484316644851913,0.7829722923655451,0.7148372274400496,0.6542334077847107,0.5911153747575186,0.5268938014992315,0.45730241282406303,0.3578347641168289,0.21159041549225754,0.018882699768096645,0.06112141476105204,0.6964678794614213,0.927319065136851,0.9788206878670569,0.9108997568513715,0.7253705460649988,0.2973753908089671,0.5292491893525406,0.7546358908407239,0.0,0.0,0.0,0.0,0.7346868023945197,0.29769704312954376,0.6883965077812849,-0.05531892102093011,0.40738666357770464,0.7305443746874255,0.7102533976739276,0.6771525349025261,0.6520041683631224,0.7326879927782224,0.7908039195152758,0.7940812196330849,0.7878156590624523,0.8877408272813532,0.8631650685225121,0.8229593253699672,0.8302887722816306,0.8145931068975374,0.8045857163389114,0.622776624084926,0.22757992350169115,0.4011639656542453,0.4511649006970182,0.5688283455466763,0.8069405196883197,1.029871012904997,1.2204978711178258,1.3236569926792876,1.3549827407025046,0.45589210978532174,1.4557024133469256,1.4205614522441627,1.329329652247488,1.18792739330843,1.035230818005852,0.712046832628436,0.14534514599295817,0.16074605455533109,0.4840060854551985,0.8032191897071674,1.0647388596524197,1.1826951652111444,1.303636091679245,1.2543348193893797,1.259517602645567,1.1617291182957987,1.0597930319873785,0.9212829365350265,0.7780293774013848,0.655074541468164,0.5185212940448914,0.3930174224781162,0.21974809981772286,0.3381150963661371,0.7520200322292533,0.9035735951356366,0.8636112503099743,0.5279434259531282,0.5717313765729517,0.6882335308309194,0.5764639767017521,0.753678974568335,0.6397124033757171,0.43485605902800056,0.45726192756573925,0.6569586202287512,0.5628921528477291,0.22184636997540336,0.3538750745607791,0.8110752546605894,1.6596201329124416,1.4184714501626488,1.278203526626137,1.0186050921865029,0.8691164517668921,0.6743309538139317,0.4622800569871328,0.3061537564919201,0.21444543632437973,0.14205739133954043,0.0618794471752806,-0.026722936938721742,-0.08483165627173772,-0.05816462491676161,0.29606641335305545,1.0332912014150977,1.238800820424081,1.1560423510965274,1.209080265392862,1.146800581671734,0.9392103805282184,0.7432799385399675,0.5372402658198261,0.48411167278944356,0.3094219731500796,0.2104539090791635,0.08470642776813353,0.018220849790260174,-0.011846578787472417,-0.11237470269568706,-0.1129650462681342,0.12579097542314172,0.5454666542479201,0.7816840353814829,0.8323624512977638,0.8354839169126815,0.8632447904367684,0.7437155634569983,0.6598549417004764,0.5799046758054323,0.5409102341630625,0.4577231952138232,0.412583929496356,0.4146396481018122,0.3434634811009406,0.34435518235474094,0.4264768932391821,0.5665844447682471,0.7243138525532417,0.6945823444465236,0.0,0.0,0.0,0.0,0.0
2025-06-01 17:56:58.948,0,0.0,0.0,0.0,0.0,0.0,0.0,0.8268219531290701,0.3674836045750566,0.02674756951160845,0.043106370235118985,0.14705871544741023,0.24562078680970634,0.39190245534068324,0.47160046226860874,0.5875241666970864,0.7047977614835288,0.7979639236965095,0.9066760979370968,0.943948997240855,0.9311991004023384,0.9509650078888444,0.9300361564830958,0.6798823360477223,0.28349465959977654,0.10252881957434357,0.20999992314778082,0.33007457289804165,0.44065796975545846,0.5739871435018087,0.7153819029111395,0.802173614691247,0.8653368834071287,0.5435369669798691,0.952250279091856,0.9793913179026448,0.9443257632210403,0.9346366397724328,1.0171752095350235,0.4127410823404379,0.10106346382402553,0.15245183206508695,0.3086106429217863,0.4275650671053426,0.4885272005683581,0.5944481482877237,0.6098574472389806,0.7137698071181628,0.7229983266639866,0.7178701563044558,0.7175891307211794,0.775072275872675,0.7039937575110733,0.563733275498403,0.5402912982925936,0.25147529036729976,0.417901906965231,0.5496525629982473,0.6464372279377846,0.7234834572949103,0.6330601900332702,0.5644229977043729,0.6500502209807215,0.5459313753553018,0.8206119420985893,0.6089748523540425,0.4312436446849087,0.8775631648657338,0.6251474903633752,0.8737734125476249,0.5250659949967834,0.48250800244665876,0.33093033732988664,0.34619517457946336,0.3764256230221861,0.43581072437652857,0.45352358221313294,0.5499427438075541,0.592029908178153,0.6481132115288115,0.7171237619596611,0.7886513912025084,0.8441882411202684,0.9057770154538521,0.9628204014583432,1.0047769723475075,1.0209128372146878,0.9464516476684146,0.016348233796064038,-0.06447017029288726,0.27177073212842773,0.46814471309178396,0.6374629323726413,0.7786087609670598,0.8248054900071291,0.8868005267959469,0.9195371289038377,0.39978130412225604,0.8986120575084391,0.841318280136849,0.7743043060304552,0.709776114833173,0.5997176460160534,0.4082741016270409,0.5833474066890402,0.8288942993582341,0.9879802291992932,1.0150576405135812,0.9392887540461368,0.8526766397019123,0.7989064850700847,0.7241838299179797,0.666046263729726,0.597887137397302,0.5386006322085881,0.46138369171446825,0.3589376060082501,0.22042155191766633,0.022538392022910858,0.06303491711013154,0.6824004033305712,0.9211982064762994,0.9805509471192455,0.9165062740663026,0.7165500444523258,0.3505020132406084,0.5994882193356579,0.7185286180735049,0.0,0.0,0.0,0.0,0.8967613625803161,0.45642423621651024,0.6432486595551579,-0.06652361423149289,0.4049607524620334,0.7205266109119846,0.6972090430987745,0.6688283175497299,0.665014965755387,0.7489741733612341,0.8028188206234228,0.8196603961188633,0.8065498091829748,0.9036787328363785,0.8824945134221212,0.8433680510328574,0.8515591906133524,0.8287315158741333,0.8160714376942755,0.6422299256680251,0.21650408280830918,0.400127343772273,0.4498635612663493,0.5716960254332015,0.814475093974125,1.032525213520449,1.2437719658165398,1.3503944418224265,1.3786972106858462,0.361915487396229,1.484197153703248,1.4493169012184568,1.3528715942611107,1.214646077858398,1.048646138598184,0.7316588964265568,0.14837655788149173,0.16310765316508102,0.49213953676296474,0.8041724696512296,1.0706676140700764,1.200304802195119,1.3308542390105589,1.280908898216331,1.279941315548256,1.1896362293499987,1.0852705626410524,0.9445830830898533,0.7979309982861972,0.6751596270141416,0.5325097486425414,0.40754630454607443,0.2265674711120872,0.3311136558349804,0.73230764380512,0.8989836748099548,0.7248466013420285,0.6061708624219481,0.6168555484051079,0.6454457165020556,0.6304254838724126,0.7267410604084512,0.7808042420498409,0.34859295164277554,0.7313089386129568,0.7101186325355839,0.5197812793039734,0.24671451179709497,0.3509675215928942,0.8034591278238608,1.6049839281359524,1.3782738604627256,1.2898417890897496,1.002959620744483,0.8586948467741673,0.6709307836964276,0.4935630164447302,0.29963337009177726,0.22552911086712313,0.16371586750991862,0.08397106497105922,0.0014983332182063602,-0.058185181545410525,-0.023778649372126925,0.28050665982067285,0.9841211868411874,1.2203470413607256,1.147293948320077,1.1821621602637231,1.1263017142105862,0.9128671517648974,0.7258958307538019,0.5350388221212146,0.7624308878855143,0.30086263090708787,0.20616605814647926,0.09207485378269697,0.039671259178735485,-0.00936044020431337,-0.10189516874374371,-0.09866640579807912,0.13127492996563933,0.4971698964300726,0.7595592538920999,0.8151641255438679,0.8146351561490697,0.8338040834519398,0.7348260144010084,0.6420938675175112,0.5710057041812169,0.5351140569917126,0.44919155250370135,0.4166171784850168,0.4078518201836949,0.3547894991592505,0.3571964378279846,0.43240551055088455,0.5780193068239241,0.7217389113028628,0.7005402518773305,0.0,0.0,0.0,0.0,0.0
2025-06-01 17:56:58.951,0,0.0,0.0,0.0,0.0,0.0,0.0,0.8266192931794795,0.37618872909490775,0.06507870077584077,0.08039828721629017,0.1714033086312724,0.25677030958985403,0.3963883200223727,0.47661558350402267,0.585038130399154,0.7035022202483792,0.790914058323275,0.8973540150510558,0.9404784155739505,0.9202063575543592,0.9433696478782215,0.9071040740787745,0.6840670879635724,0.3212649573983341,0.1564354967638777,0.2438568292094797,0.35301784150786775,0.46882051712980677,0.5895691319986609,0.7301417045347507,0.8168675396954403,0.8786854634365819,0.49055725666104566,0.9660765974651432,0.9792850545240979,0.9587687028443964,0.938795926455311,1.02203317419128,0.44484395457062637,0.1388019917823548,0.19044368279560486,0.35401231380711673,0.46289879494432595,0.5174431239605786,0.62537665844614,0.6582912885147938,0.725617656074679,0.7401714375620498,0.7314358735373148,0.7238215627053269,0.7582522337489904,0.6867260646276259,0.5778202569478244,0.5328006424184999,0.3352838294250009,0.4538734427650122,0.583003570514382,0.6750062861242458,0.778113042690618,0.6167288339235795,0.5563238115623894,0.6029166329549271,0.5362642133641563,0.9867695376485666,0.4228920798360908,0.34371503870028175,0.9271316868885804,0.73677863926837,0.9257361586913275,0.7222368620746078,0.4671339439703864,0.34471783960173286,0.3922844775986689,0.42886641158366934,0.49123139580952024,0.49978403175945907,0.5938930042919075,0.6312437661822028,0.6927118949828837,0.7414218872927365,0.8199066186809361,0.8734825399865669,0.9266372848237122,0.9815505099643929,1.017320241120824,1.0326518994287772,0.9516801441922125,0.024627717352447703,-0.030848513096240926,0.3050097828263958,0.500003086148328,0.6704683542337915,0.8039348315507593,0.849257759262481,0.9143222161862306,0.9494756794709824,0.4126852268879812,0.9175497899356155,0.85636754486997,0.7906155343511733,0.7335231704729087,0.6071760072747254,0.4189583951720217,0.5966515398338177,0.854405761625128,0.9989404233186763,1.0404607459053874,0.9615955812421786,0.8761318326737031,0.8222295444351482,0.7477667249418136,0.6842035847340993,0.6196583581860637,0.5520598953109046,0.4825705874587545,0.3842759719362361,0.2426896620008515,0.0362014582467558,0.06649578285016522,0.6708384152909093,0.9229358256115345,0.9780296352396205,0.9155615301811919,0.8102469583573735,0.5522438322105012,0.7260699067673961,0.6632829927119075,0.0,0.0,0.0,0.0,0.6567501356112128,0.6666773273356268,0.7225797201598718,-0.08106104558806093,0.38038903118444417,0.7161493995425274,0.6960398813409518,0.6689741296055741,0.664781523783921,0.7463953834210535,0.797273348625736,0.812249716990638,0.7831939599661282,0.8943107016903107,0.8729863125197306,0.8323903232482321,0.843050238404154,0.820195300915838,0.8026448314158676,0.6290476290516611,0.20535111357127395,0.3959228997309543,0.44485556520749814,0.5558713733142582,0.7954567182529455,1.0097869739314946,1.216293215801619,1.324251984660221,1.3569856709820483,0.3516479742241208,1.4690363239204012,1.4294008431628664,1.3462253062430842,1.2168598117822635,1.0508413218498653,0.7258303629602384,0.14074910460396267,0.14015677279778327,0.4808202130134681,0.777429264910589,1.0453561149957964,1.180823763329237,1.306417979345083,1.2640573460878672,1.2611528576834865,1.1792848860468643,1.0673050044831087,0.9372880750067184,0.7940692089968674,0.6805036077087903,0.5295672900189433,0.40869551777426094,0.24655606416952536,0.3378335718489647,0.7314631286119758,0.8798370303335176,0.7614064911919142,0.5782775735434421,0.4586919731570128,0.7352693388364583,0.6936015566427816,0.7697102098510996,0.6954449138095946,0.34372684934449743,0.8251604983119855,0.5825435068773878,0.43160486298133294,0.25281790259794984,0.37148251735204413,0.8228907100993076,1.6177903642694214,1.3917080870966443,1.290697447525241,1.0109444145795514,0.8416366051654738,0.6602191322230095,0.48540150400135684,0.3006779395126451,0.21790988426090374,0.16212856648994234,0.08599915251559986,0.0015861236824423752,-0.054665205989434695,-0.009431577182517747,0.2779709045283219,1.0053874064671253,1.2209028041705714,1.1469944735951008,1.183152307342112,1.1326935174844437,0.9221203221910361,0.7389050620430495,0.5381836288563668,0.8298134758741126,0.3034894790429301,0.20751157909690132,0.1165575199918909,0.0410703670974385,-0.005026017020851925,-0.09041986368897104,-0.08253314874549972,0.15477202842385024,0.5266750255881056,0.7731759491561714,0.8121790114237456,0.8296628297377782,0.8370136892385407,0.7453820278141503,0.6320507902717916,0.5864471824066393,0.5303540686517272,0.4603306923595456,0.41098988761764144,0.4000505894933726,0.3570381016373253,0.36507267174597036,0.4519696276831002,0.6208717687807855,0.7554966746278663,0.7590080866025377,0.0,0.0,0.0,0.0,0.0
2025-06-01 17:56:58.955,0,0.0,0.0,0.0,0.0,0.0,0.0,0.8461178156953315,0.38095288519871573,0.05114425534962336,0.06312514664126956,0.16342223007964496,0.24987635012179343,0.38571038656401047,0.4883554136602277,0.5884621138861174,0.7117699776875657,0.8041794542596308,0.9000682194103874,0.9566406973625046,0.9345065479732139,0.9684122019487024,0.9360574291442575,0.7248922795866962,0.3453515240594774,0.16503502443665985,0.2410378359869939,0.3456725964226621,0.47023025878568947,0.588593643938033,0.726103317139341,0.8327712288281428,0.896264775535244,0.5506509232863301,0.9859053265252765,0.989313233316462,0.9892884436944872,0.9484538612461524,1.0564865434301107,0.5042916683968393,0.16778865636769663,0.1921689254124339,0.3561335871050104,0.46170252224176545,0.5030487944056963,0.6365983586525024,0.6501653511497782,0.7220349530992942,0.7320593895987078,0.7246557192790388,0.7335066326977805,0.7508624953539592,0.682557945562531,0.5817771536480383,0.541070290257541,0.3750713795377061,0.46521442626391507,0.5989299164123988,0.6643241648830012,0.7782091196539205,0.511657044309433,0.5672769437868683,0.5285505767796226,0.5468557866884172,0.9551786944701759,0.5452050146776364,0.24397978402926024,1.0235141498538423,0.6539160309072334,0.8249061588637723,0.7721940663353168,0.41838935584363307,0.324352991986404,0.4085426251431532,0.4269845329702906,0.4944372985299683,0.4994977418436386,0.6054931092551648,0.6398941268737037,0.6927299836886587,0.7404224577085134,0.8197456404900834,0.8737827734598194,0.916889078113205,0.974881114100373,1.007012891780918,1.0321973762393406,0.923637654830801,0.054386366834494465,-0.00693715145235374,0.3150912823688903,0.5053114840392388,0.673805105230332,0.8015690294894329,0.8437392397184165,0.9056828715166971,0.9393570310136881,0.42243969981982904,0.9092636144784654,0.840582335816148,0.7785728481521018,0.7266220794633643,0.5938870531766294,0.4320709031134481,0.6410408243622405,0.8799522686361304,1.0191125105325511,1.051087084971224,0.9701884082901511,0.8834735617633223,0.8209095706952829,0.7482125160999638,0.6792106761213772,0.6120454826006694,0.5266121336257787,0.46908318238539914,0.370901157632491,0.2233070003989125,0.01518854431099248,0.09266333706543445,0.7088646321447171,0.9481772614942419,0.9956992262415907,0.9290529041513118,0.8912891445360414,0.47241018474210733,0.8103234297476172,0.7184271995153513,0.0,0.0,0.0,0.0,0.6374459898308371,0.8450852289697934,0.7712706246377611,-0.04972079066792767,0.4072561492450309,0.7233927184442762,0.7111269190467298,0.6790775586018248,0.6559934423613207,0.7469373726987241,0.7891353449861969,0.7941577511483717,0.7405592205654528,0.8725120411254288,0.8540605694884036,0.8023664752796145,0.8194289389707452,0.7989034931529515,0.781173210557943,0.6306747544912641,0.23520456759659347,0.40447489838811157,0.4501140449945218,0.5514906065078029,0.7836939143858606,1.002528532834165,1.1872103213450198,1.2942640801939664,1.3387207310315745,0.2506888665533317,1.4464421791139341,1.3992584801754107,1.3162369433298506,1.1985873793351272,1.038710454421639,0.7132849581922863,0.15545760903716577,0.15651254882974142,0.47823575008078867,0.7674208468576385,1.0399985198355752,1.1543365587646226,1.2883246545319293,1.2468072261525605,1.2367557493459262,1.1648692220148913,1.03638952366909,0.9296723672025061,0.7871031074535851,0.6607694477576773,0.5162490155931331,0.39785035477030506,0.24612371443179965,0.31903408277772227,0.7302867976737696,0.882384875274372,0.6003025923041744,0.6628047326596285,0.39450118771345577,0.5155536181258443,0.8313033137446169,0.6180276567406153,0.6372112209221206,0.3953394672181679,0.7725119141057613,0.579237436524051,0.4122085729115914,0.23105339810716713,0.3654172332115066,0.8077556070881021,1.6083794587000109,1.3597527431640033,1.293084746726818,1.0139288187577495,0.8391527306399518,0.6680386497697404,0.4927829619872852,0.2991505051851089,0.2129779553687816,0.15232619500158573,0.09100979060257175,0.005149922908546545,-0.07394559476375295,-0.032063639732575866,0.26294112112672147,0.9409940800590679,1.2059979856594796,1.135070950281408,1.1845465075797192,1.1277890559068104,0.9248951003428889,0.7619227966487971,0.5419074553251051,0.8815466267316628,0.31386945584464643,0.20921076382474824,0.13555717066584028,0.05291318525539468,1.4388085077143842e-05,-0.08581871434719279,-0.07761993625496749,0.16445904762368785,0.5328452170726206,0.7798381457388672,0.8180009671298601,0.8401913810971753,0.8490227270260391,0.7620275506452705,0.645384048263381,0.6028402249318174,0.5420199627699174,0.4703968206163043,0.4043228467226976,0.4042444430280516,0.36556498120141734,0.3683889638787483,0.4522745401567662,0.6517411169163158,0.783287080953358,0.7823687133685329,0.0,0.0,0.0,0.0,0.0
2025-06-01 17:56:58.959,0,0.0,0.0,0.0,0.0,0.0,0.0,0.8517811897459477,0.377030678944961,0.06401214539352001,0.08052937137525851,0.1708292842951945,0.27273318632493726,0.4150147178842899,0.5036094832089038,0.6054907396125951,0.7215211167132469,0.8142367621354512,0.9053494788765811,0.9592440739992205,0.9386534471908706,0.9823126517933615,0.9459122125239537,0.7346001176425769,0.35888417888441454,0.18668178724616868,0.2536353965031487,0.3715527805107084,0.47891485221501107,0.6064769072809488,0.7582825718212589,0.8536004141870766,0.9200256295463487,0.511614505634652,0.9990376099953656,1.003969356354561,1.0089757272293383,0.9597376705532834,1.055735157956656,0.5415130640823629,0.17255106784510837,0.22747648699529066,0.37132525862187116,0.48078480317858285,0.5669342031013216,0.65433409454385,0.6462271255555649,0.7362664879323553,0.750784410983411,0.7418632150852893,0.7501414410328925,0.7518447738486745,0.6778875061734253,0.6038709369245883,0.5594427430021545,0.38325635780007605,0.4837294123372339,0.6013768641588298,0.6860889621274673,0.811432453463981,0.4981040502233813,0.6063851003644986,0.45685398858547094,0.4382689471460902,1.0179810759889143,0.5982520337038131,0.22018255683711602,0.946633986784631,0.6047140763069194,0.8261877117627658,0.7255782003152551,0.38637560417712663,0.2835797261763554,0.4274086869894538,0.4578949475246519,0.5145467802921828,0.5335875246881394,0.6419020705086111,0.668418041315405,0.7112183715676015,0.7663828870424694,0.8406254755497875,0.8932763387589193,0.9372278067913137,0.9856513097324289,1.0128496693427345,1.050965681458897,0.9350912262495354,0.07967953264991517,0.021679443290313904,0.3435950721497094,0.526472041786413,0.6984839511187746,0.830350205143501,0.8704012587152499,0.9266860904291079,0.9679549749584482,0.5361417612405515,0.9281606998910557,0.8545957532802072,0.7972560573210391,0.7521010413242196,0.6135965833299608,0.46823483655629294,0.6675701179132295,0.9005660499122808,1.0450684369540855,1.074966506152317,1.0010695088316932,0.9140356640843532,0.8514084664202173,0.7741805274505071,0.7065793510255209,0.6404123329211915,0.5502418839702725,0.49919392594948,0.40148534427953364,0.24463424083802743,0.0406377757150822,0.11718422661152367,0.7161402466409041,0.9541489082346073,1.0068734680613882,0.939503579538195,0.9243983381127829,0.6652624959128488,0.6123805526171389,0.6615008881331251,0.0,0.0,0.0,0.0,0.5853519020264293,0.7791236081582249,0.6856575235318252,-0.08387889777351804,0.3915515952598068,0.7125303998548175,0.7171113722678903,0.6771653330112825,0.6653795945736263,0.7561182248349072,0.802632216492202,0.8091992400686174,0.7495175382037313,0.8958065531881947,0.8633429343102077,0.8011392904086154,0.8173249330722541,0.7996541525972851,0.7702046395064508,0.6047276045302186,0.20823694210967003,0.39683230426197613,0.455327192615093,0.5579123695409054,0.7872396554306638,1.0123907881992067,1.2065031911080322,1.2918219657975334,1.3510115712012236,0.3504709579385595,1.4485228577337685,1.4041039846269188,1.3198837890308142,1.2036607333440195,1.0463963111863974,0.7191764840495048,0.1435123440495294,0.1633091180576839,0.4692939209703272,0.7773735850344128,1.0406283400720304,1.1552343650812193,1.2941920308758066,1.2625044710367146,1.2606684468649347,1.178095816882014,1.0523906813357535,0.9558686581882897,0.8032237715626797,0.6765407518632189,0.5284477377908304,0.41127499506400744,0.2631136392174565,0.3465683076057579,0.7581041240183747,0.9019268827168537,0.5935215577277287,0.6728284413453995,0.38936542737833457,0.5269480937919088,0.8560869474302055,0.6844288778669078,0.5570024480380502,0.5913129591002153,0.5711577283651879,0.5729611784435046,0.25494910779996693,0.2381654979254733,0.39250634089189934,0.8408519759401911,1.6665893211026586,1.3882626987720839,1.3232897584625154,1.0447441110051958,0.8867752668585689,0.7021884269824583,0.5165516776738894,0.32130483036372515,0.23655751311233764,0.17951214854031794,0.09671612022204368,0.011791850253968672,-0.051264922159997006,-0.014340389977885004,0.2882736924721801,0.9511227548844139,1.2177524527157586,1.1481901120128655,1.215541293385289,1.1379474703801853,0.9646427876249546,0.7725773006742125,0.5635814978823646,0.8683860145761678,0.32794458339207444,0.22862465081484107,0.1652116800808816,0.07074350696369003,0.008461954161725571,-0.0635010898614281,-0.06582332934912,0.19546253623488846,0.5726116205921181,0.804656779121343,0.8352895068012046,0.8544535025132634,0.8642597063939896,0.7831351051516142,0.6763052458696754,0.6305073953640004,0.5703124723347879,0.480612040608849,0.42493811816057425,0.4294576053956638,0.3873351925397531,0.3962561179872601,0.4785669144620723,0.6897450024073187,0.8055256477972693,0.809417319185163,0.0,0.0,0.0,0.0,0.0
2025-06-01 17:56:58.961,0,0.0,0.0,0.0,0.0,0.0,0.0,0.8538274157068185,0.36902511355576084,0.0856563008568581,0.10488065289563109,0.18090893072491998,0.29139507233377226,0.4384821158260527,0.5075663419486836,0.6008202226117806,0.7114677308488588,0.806189980955146,0.8988715763255845,0.9512141297972276,0.9284785820959071,0.9674693073909152,0.9428005571016108,0.73892921069329,0.3764470475997134,0.22119991061172528,0.28143967052834384,0.4011784059755066,0.5027589468562785,0.6162453229802178,0.7708134253213463,0.8738176129376833,0.9343384250165512,0.555765438333219,1.0071035930283165,0.9995807331744115,1.0022192055709749,0.9800645707128195,1.042166464824882,0.548237787594541,0.20928860991906068,0.2990996088587572,0.4336888943176931,0.5196870703370511,0.6094135324806937,0.6826907629635546,0.6665159605064785,0.7438514431021324,0.7840140285354305,0.7173236597285688,0.7557956822943367,0.7253670531509403,0.6647874680811336,0.6126425073572546,0.5398188533361032,0.3971163642762954,0.5297521653226225,0.6099719202615229,0.7339138100430767,0.8381706240589133,0.6728905119656134,0.684542558280874,0.3362200414053667,0.4861942318304894,0.9864355503598674,0.49752962643358123,0.30654395655879907,0.7486399100172334,0.5593650091136697,0.7539528756867115,0.51827800783474,0.3832292219906897,0.289972816291735,0.4555515743150991,0.5099976551210552,0.5395957032290843,0.551622760069703,0.6640499172731518,0.6861278937559472,0.7235656280973577,0.782848781848454,0.8510109736789631,0.9004974821599689,0.9445888588477419,0.9930472852043852,1.0207784029676124,1.0519782403289364,0.9129986159678756,0.08007855186143367,0.04120451828732408,0.36621080668185924,0.5581843488635427,0.7250189329556347,0.8426574063803209,0.8915588450889982,0.9440200633857874,0.9804646507535011,0.5929325861086598,0.9367122569485524,0.8663785869241539,0.8080115025318962,0.7525234905526718,0.6111015032054938,0.4733573137910644,0.6930391429406194,0.9228523501311722,1.0871691642682437,1.0949088049150182,1.025679845025193,0.931670235714168,0.8672045675118474,0.7906261250023521,0.7243436321662908,0.6447949424695212,0.5632054703778022,0.5002722927672705,0.4009162195596827,0.2451767821271612,0.04360893430291235,0.12598230884681555,0.7308934174214629,0.9584740103076901,1.0252092389747334,0.9479281953313425,0.9006133372499645,0.7617207432347306,0.5012303664521953,0.6521982175117805,0.0,0.0,0.0,0.0,0.6780357551568454,0.7392228186577767,0.6525235234734822,-0.10990347967955111,0.3889234053559531,0.7047300061558399,0.7171676461887457,0.6778646953991986,0.6686001555203807,0.7552588166725862,0.8006005127705493,0.8064859098007151,0.7641602329408288,0.9013566966106343,0.8664077875581029,0.8083973474460711,0.8193433120817297,0.80155698255212,0.7611321334602728,0.5895748827307292,0.20188473523011252,0.3888059760223941,0.45476745435079935,0.556724449220585,0.8006706572123667,1.0101978750827079,1.2164433343685541,1.2962005518549031,1.3568485072864689,0.3975583311811221,1.4475901268722633,1.4104140011677258,1.3330956302410684,1.2055625793033822,1.0541472582420592,0.73309937769257,0.14970836152839923,0.15805225067203554,0.46562829976996667,0.7709988570297892,1.019850532722618,1.1580364929665714,1.2844567719372892,1.2696142435504518,1.2618648114835835,1.1730997332011714,1.0695597969880022,0.9607769020297537,0.8100961296729551,0.6852113356275773,0.550160124410895,0.4287115301261698,0.2825738796448855,0.35648525828197486,0.7614892017510123,0.9082223347070745,0.7296513859975269,0.6737695961411182,0.4382601329383259,0.5170675392049074,1.0569419333833894,0.5034776695657952,0.6132920106351958,0.5808290406296794,0.6365942872512778,0.4690977822431468,0.2419315056480402,0.2620011638550949,0.4181933028330032,0.8650107750433174,1.6664420882912985,1.3790346797162214,1.3419566313691234,1.0472473954933323,0.8917134507373798,0.6892438047573854,0.49036865445630196,0.3097722895741202,0.23673048531402885,0.16255928055943847,0.08699259187838915,0.009724964851767992,-0.050061501408006026,-0.009594264188043877,0.30661059722442136,0.9911476547073341,1.230392345430968,1.1571450482627932,1.2264247139920461,1.1443182423241256,0.9504215232593207,0.7500219599034137,0.5473856799186299,1.092184685779318,0.31854040738905653,0.21441049104308285,0.150459910011997,0.06199551766013822,-0.020841519772547223,-0.07656210728829105,-0.06160345207890172,0.21076733139107334,0.6315726420140717,0.8340416325165734,0.8564809405107331,0.8767761061588331,0.8774670141521246,0.7899709701027149,0.6826785385666403,0.6190233292525278,0.5606419475773312,0.470899676541773,0.41456571482609483,0.41294629338315847,0.3789828026513443,0.38566622878041723,0.490865504819964,0.7051205604214076,0.8038173993357839,0.843460566358837,0.0,0.0,0.0,0.0,0.0
2025-06-01 17:56:58.964,0,0.0,0.0,0.0,0.0,0.0,0.0,0.7885173407855436,0.33971053126389517,0.09969813863048049,0.13924370291271426,0.2131735833962135,0.30578268776812123,0.4408697136942502,0.5016976608197388,0.5935829727218359,0.6858217748569,0.7868095558123878,0.8803266711711287,0.9241973255470466,0.9014711140900235,0.9269288355467066,0.9047986378822336,0.708745235639043,0.38866538651366384,0.2673443861489061,0.3004737701434196,0.42424514846507955,0.5155326539568166,0.6149000157772528,0.7649614731802474,0.8584315522203401,0.9194543885858293,0.403206192756943,0.9820358952628568,0.9679649765077705,0.9682366621438084,0.9459552861828169,0.9830672117908109,0.5401550181827142,0.2433430229100163,0.3433014090366472,0.4575104394744711,0.5524382527896141,0.6141447467722911,0.6852583228735474,0.6532161933866434,0.7265157637791761,0.7577745312962954,0.7191355586691945,0.7158420156282558,0.6881529286717333,0.6091586246318792,0.5587128168745266,0.48523590143969547,0.43339795988925756,0.5570067625045394,0.6273806360563098,0.7605270924742591,0.8385741229642343,0.7950708907933466,0.6717469882520242,0.39130338610521737,0.43979295489773984,1.1004595713939742,0.537825475456635,0.45103007238008397,0.6096771330714081,0.46426332755894484,0.7316340414000588,0.4104931542891316,0.38270569581169284,0.3040660515557214,0.48411581300425954,0.5334936950045683,0.5685208564913231,0.5598120097805772,0.6577309033050336,0.6782754852578774,0.7135343589194674,0.7777116863198006,0.841546973526736,0.8855371675340586,0.9335196015311863,0.9721722925987566,1.0099088827400806,1.0284289225672438,0.8937770076094389,0.07281093018506513,0.053861190076920695,0.3673963535278879,0.5660472427623748,0.7275532778561622,0.8323975754282267,0.8934621103540916,0.9398446269532514,0.9660656775876209,0.5653085335686521,0.9203773206395749,0.852452555641284,0.7928045201135524,0.7308310775655317,0.5966533368162346,0.4668462822462063,0.723640518266153,0.9303994296948531,1.1025571600203956,1.091088277519107,1.0147497132603112,0.9225633049579114,0.8521939945350621,0.7764187847828321,0.7111547917518484,0.6252092867407373,0.5499913933213298,0.47209151281486417,0.381888691204872,0.2186270238502136,0.02123116032802219,0.11706325679104668,0.754442710549416,0.9634266034000769,1.0250736441779347,0.9438342181948234,0.8285619984390196,0.634415696704981,0.5788663741373614,0.6042500203679083,0.0,0.0,0.0,0.0,0.5277532256049933,0.6997774704352433,0.4990155156085716,-0.08057937525075581,0.38455405004677584,0.7023273307210997,0.7075403547254229,0.6667124204296216,0.6337651984143953,0.7233656012020588,0.7648321380208789,0.7675548992988852,0.7401895158231282,0.8760856190405661,0.8402764336118365,0.7938740394516746,0.8094918007275662,0.8066885674906559,0.7681704626183956,0.6219538231533042,0.22712566791474842,0.3652728255766654,0.41439537044735375,0.5204468486926819,0.7544092651334664,0.9574465448952441,1.1600928300986455,1.2618730394182915,1.3125970436954726,0.37424582806786594,1.4193846630116385,1.4072254215149593,1.3444335669041159,1.2103643560850852,1.0884087235859652,0.7940827119658392,0.23209971954076947,0.09077279950819828,0.3845098287627978,0.6776711692845137,0.9190568912424646,1.064092036767131,1.211293309060558,1.2050656005464544,1.2289905265616712,1.1381356857160307,1.0660787687504896,0.9586180972558019,0.819600327864591,0.7017791822032404,0.5727201252258881,0.46424087163814587,0.3308555712427681,0.3459756318793667,0.6663690390957407,0.8064537329414238,0.767145060586598,0.6136497516964586,0.6055552877190167,0.4028245929152089,1.0309973191481263,0.44207476511453714,0.5028727729659368,0.5880619743876241,0.4998068275568316,0.4449381916544668,0.29585699231502205,0.2883085192955402,0.4543401525436574,0.8458757901416053,1.6124591216722197,1.299321512341853,1.2312739367564123,0.9993971411714453,0.847502634040376,0.6577098623022768,0.44729915536697096,0.3317880641103095,0.2572126159100985,0.1744272228647057,0.09963005945107195,0.04473189446260828,-0.015129915115090431,0.008012455364791227,0.2983679861047796,0.954193166698464,1.1669367276437568,1.0955011429913342,1.1644610538383495,1.0818859375714036,0.892074867481591,0.7010155699898839,0.5043522296170047,1.0048059933468316,0.3221479395131428,0.21517789808762777,0.1658586883697737,0.09298784729107823,0.01926580740203454,-0.02125099158725996,-0.006409943109278615,0.24535667290387492,0.606372166631757,0.8058331937976948,0.8361469575792554,0.8451608540621105,0.8228350180499238,0.7455366941653812,0.661589036745394,0.5964378395983936,0.5506068789465848,0.47047618646534994,0.4230753978489983,0.4371713184103334,0.3980890129146565,0.42399023852203643,0.5252320316681636,0.7340641868318992,0.8212534711669576,0.8168591289026357,0.0,0.0,0.0,0.0,0.0
2025-06-01 17:56:58.967,0,0.0,0.0,0.0,0.0,0.0,0.0,0.8322563264979472,0.37442341414019975,0.13030313100082258,0.14003959272068922,0.21319568292126123,0.32074129150036657,0.4550043188453151,0.5241953946817719,0.607889732857822,0.6987673748561194,0.8042180688213005,0.9013596343205189,0.9352358226702859,0.919253423397646,0.9423570022774871,0.9278947312466218,0.7253611761191294,0.40802055345386107,0.2819671863451635,0.31588698974303553,0.4295099728326712,0.5144150225594788,0.6281697007530296,0.7798272616296045,0.8610346053945745,0.9306043864628852,0.4100923895666343,0.9827510968208103,0.9771963090828624,0.9746678311924931,0.9556391106801221,0.984585777911993,0.5935696569226176,0.2611825773297002,0.3527347943453846,0.46501386462454564,0.5514323584755594,0.6082681090518334,0.7113479930454016,0.6376813791750635,0.7056297702526941,0.7214154812438687,0.6969395369183433,0.6933418839109763,0.7000130352813149,0.579793266428086,0.5636336794397818,0.4830273443996436,0.4519562501551092,0.5459855070168452,0.6120908675589712,0.7588106770271597,0.8249871675932137,0.9795173817095013,0.6323836493293513,0.4112655561813489,0.49686941756153946,1.0122337025757295,0.6789825310963492,0.6784727132320968,0.4468721756553093,0.37211460852983647,0.7657712675784016,0.20263662196516222,0.4069540355598686,0.28021707578948907,0.4495567313445634,0.5143929182355258,0.5608191641905529,0.5518219329001715,0.655269872548667,0.6814623544217373,0.7147901259071612,0.7962428193269862,0.8500217168308184,0.8906501179161073,0.942309406432012,0.9864812041351223,1.0262538238156385,1.0424203681018596,0.9037397976223391,0.10317581580802965,0.035430218510007605,0.3640787087068409,0.5593648687519757,0.7259830370418763,0.8320281506560914,0.9046953730875718,0.9505271965904112,0.9624109094699504,0.4696973521320957,0.9263651356258074,0.86417461653812,0.8022652817466364,0.7316729315578924,0.6099094524813296,0.479209699746838,0.7296379262558629,0.917166219739788,1.100989546656106,1.0760507967352562,1.0035243629438269,0.916266720599691,0.8507670159839367,0.7669077973098615,0.7091313675116406,0.6182041658149391,0.5576130273120248,0.4707311766683606,0.38115208383679033,0.21931676200531014,0.026413446074280866,0.10590581395675952,0.7419066521716351,0.9481794521598315,1.0118886995987741,0.931648402800737,0.7513984169118113,0.6877008590722524,0.44396616428346886,0.5091050882417001,0.0,0.0,0.0,0.0,0.595568761560161,0.5404242163711117,0.2497612188704912,-0.08219539286807587,0.356734613103215,0.6839668374887016,0.6898103900880601,0.6440566696688722,0.6061033070516342,0.6966732995973739,0.7440006614027812,0.7581980832121578,0.7551904310291206,0.8736826107503015,0.8369677772869641,0.8006987267602299,0.8228783047518382,0.8208868701594585,0.7831025721182066,0.6325908590451419,0.2158311473521306,0.35028100917962257,0.3971118614361109,0.5045859975153237,0.7415511562322419,0.939955797440891,1.1640637272392955,1.2749083971945188,1.3109073238064741,0.4511377976085191,1.4272821630070847,1.4282164319885862,1.3625964075726744,1.2143156081820585,1.108972403596213,0.836611684933324,0.2765441744882871,0.065249685306901,0.3487696654397524,0.6440479905497953,0.8826512384999523,1.0387670060845753,1.2065492708821157,1.200400423549074,1.232506911373398,1.1426012724397347,1.0950269249661955,0.9784064642541858,0.8412741027031031,0.7245913014573073,0.5957427884962254,0.4952719683663437,0.34739308930278934,0.31449224522549785,0.598853090259285,0.753694416991021,0.5834215854420274,0.8305690562643225,0.7997832169387061,0.4432220611218375,0.8088236164930238,0.3884562456470263,0.5018268108891875,0.6696610483846004,0.5558086276286388,0.41282524560915446,0.3334375401455182,0.30394308696347777,0.4576660950706343,0.8106562446358535,1.528776160689007,1.2367344489982866,1.1709410724428846,0.9676151484281559,0.8373060945888622,0.6457773571667591,0.43601776157458083,0.3259780485657411,0.2935482882651439,0.2001373758450573,0.10629183944567999,0.07330512498471498,0.02317151131660733,0.039149220054569556,0.29610599523110265,0.889453906695866,1.1283912666318305,1.0599238874869774,1.100261737982998,1.0295561095784478,0.8429531045295864,0.6593203487474504,0.49121713277721635,1.0931211386755197,0.3099795178753555,0.2121305577097805,0.1737041346314685,0.11515063109484525,0.04908345634834799,0.021239164296879665,0.03198477203654254,0.2522125838860007,0.5604275453235203,0.7534306657106078,0.8012084822749782,0.7964336884553156,0.7648983697892642,0.6905556044088024,0.63871620658142,0.5747229664391578,0.5319628231948139,0.4657725080958701,0.4420164727487046,0.45815947739254703,0.42181107906453275,0.4625564680590426,0.5633195977763126,0.7523292857259612,0.8343219052620622,0.7908466100760181,0.0,0.0,0.0,0.0,0.0
2025-06-01 17:56:58.972,0,0.0,0.0,0.0,0.0,0.0,0.0,0.8534396318064482,0.40871674081063536,0.16889755891718194,0.15733725747484673,0.2096228003224493,0.318921794625879,0.4494662626787834,0.5147819683001209,0.6046900618827246,0.6992429212349021,0.7935869419920412,0.9003474894557845,0.9224186474973202,0.9153285245053994,0.9396581202787498,0.9387510970677392,0.7325575127104436,0.44232524184510597,0.2929689937992238,0.3201827225288002,0.4325849716824699,0.5138197731979695,0.6269470013096465,0.786075818750255,0.8506719262366129,0.9176409005458315,0.2748782570518489,0.9816263048425372,0.9880464904924626,0.9712234586696212,0.9722652381960217,0.9996444631955966,0.6275154084841408,0.3002335405184988,0.3524453924635912,0.4568225198181797,0.5349508299323258,0.6319175206493612,0.6987742254345715,0.6440421765500477,0.6912869751238044,0.6961786069695879,0.7006124023596081,0.6586286378295928,0.6964837282877926,0.5607247036209733,0.5729806205698403,0.49887280735652967,0.4812492945000846,0.5688535951631579,0.6354731639262189,0.7997998846189107,0.8480016208102743,0.855228033291316,0.6707867602722527,0.3933841665160171,0.5102749574947785,1.0147925801615703,0.5927279335232015,0.7164331708179112,0.3191054689001333,0.42457582873989574,0.6152947530334516,0.1513611087685969,0.4096676817574482,0.2934918652552776,0.45380230783724995,0.5304056108178801,0.5873756702415374,0.5708301387211665,0.6720452279155664,0.6943243469609583,0.7374976254944421,0.8202117998226184,0.8652790675407604,0.9082372618055108,0.9642297312785907,1.0075114003670804,1.0531138312392274,1.0629863764688339,0.9311181814075669,0.12367938401285106,0.011270814683041697,0.34364415450050223,0.5580076854874223,0.7330660365005361,0.8448691630994007,0.9194098547332885,0.9710936522708575,0.9829319660364473,0.5365886754727041,0.9489726879162064,0.8919040386855163,0.8231837167101684,0.7578868159003552,0.6352898713471451,0.5096216994245727,0.7332141598315782,0.9098450302429558,1.0984848192823704,1.0760891255315788,1.0058591567966582,0.9224292713361975,0.8689856938071361,0.7829053640786272,0.7320107579721318,0.6325089108814526,0.584432926769521,0.49293075428428934,0.40735075729072623,0.24627810079757995,0.046378091230206864,0.11085871878989922,0.7236861871917606,0.9397305974319481,1.0036181525091374,0.9301189779459624,0.6585149914290043,0.7848377966458218,0.37693189708456093,0.4548654475396283,0.0,0.0,0.0,0.0,0.7270587811762004,0.4192730359172719,0.21974946555907576,-0.11927496336367421,0.33499506310134103,0.6695861536103855,0.6730625143483757,0.6315800547875815,0.5929874485306372,0.6858896566088635,0.7390597655330424,0.7640714158998558,0.7693609280558462,0.8813521106009277,0.8412718636528353,0.8150700076696282,0.8361508692116773,0.8270595135127838,0.7964294672622658,0.6225453834816921,0.18256716390805544,0.32742084421356377,0.37182404256983825,0.486518593098475,0.7293834977530349,0.9209578594075851,1.1512243105540803,1.2716113700297818,1.3005641555797,0.5844423126888354,1.425396802714118,1.4264524395171283,1.3682155750112786,1.2182240663692152,1.116927195010559,0.8610204490397763,0.2797529752883049,0.03465497381966298,0.31391813608506614,0.6221702332748922,0.8475248468090695,1.014253276202281,1.187385677777654,1.1809774610266424,1.2306776024678712,1.1337121563599464,1.1066141912182048,0.9756481007293151,0.8490331639134981,0.7380103407441023,0.6103560993738697,0.5188625374366919,0.3703952211850484,0.3049041085608636,0.5494583041721423,0.7181314421669521,0.6220892013406418,0.8016965096878917,0.9417333399301532,0.692242207202629,0.60078780732717,0.5781970689012789,0.5014696149692095,0.6313002256996314,0.6789624741299174,0.3445668227272388,0.4284972075406732,0.3192950255737042,0.46905199332602504,0.8056468516160441,1.4858892474540635,1.2307458074167688,1.135997294166014,0.9557136990924509,0.8069544023510253,0.6510078130858723,0.4293416775619492,0.3151113168333488,0.303261841901721,0.20250305628834075,0.12447416609916928,0.09290045340748276,0.048021499235349596,0.0776615020941519,0.2886881030406448,0.8841430806313848,1.1036774485888403,1.0444092126866773,1.0944958074256017,1.0180489288646897,0.836763511039579,0.6488125556534634,0.49779242504107857,0.9786409156328187,0.3066159691484227,0.22288839411590788,0.18113438384685,0.13462836186295435,0.0781832657305701,0.04967485151975448,0.05616067199064695,0.251879754440905,0.5444591418405946,0.7328196023856959,0.7910645571900515,0.7916466300728573,0.764864375432607,0.689420467514223,0.6377236923361285,0.577501425178824,0.5308773478906599,0.47823509358370386,0.4591025162860949,0.4726239461806543,0.44101842096328403,0.4929850792793533,0.58421479658139,0.7595832260812115,0.8368447045924169,0.8065372535197326,0.0,0.0,0.0,0.0,0.0
2025-06-01 17:56:58.977,0,0.0,0.0,0.0,0.0,0.0,0.0,0.8762088269840672,0.43167050149397723,0.15679271730095434,0.12989669296949913,0.1885797814570157,0.3006871611916798,0.42423046590452074,0.5038057278285872,0.6025207429801259,0.7059894847467398,0.8009539999375992,0.8989138106390774,0.9355025168043893,0.9270941049565745,0.9594565269712575,0.985078058806565,0.7665282778204225,0.4611379907129825,0.28990347746436307,0.2990831276326157,0.4177564895613841,0.5160583363433731,0.618427613111135,0.7751293874848937,0.844823857220055,0.9202097061675922,0.1355336775910737,0.9950243766895116,1.0074054941470325,0.9856032873941226,0.9989964465543046,1.0463021570828008,0.686182502605265,0.3360500116085392,0.3515313721127079,0.4373640613154477,0.5134982963306864,0.6079875963777583,0.6956592809143458,0.6690210082017816,0.6760324526392487,0.7037350136473162,0.7025601645353801,0.6446770975610551,0.705696822627662,0.5673405858611462,0.5724353178498275,0.5057323230521691,0.5208093808372308,0.5834484764272094,0.6542446110237438,0.7923905802038538,0.8428748446962921,0.7250167292613368,0.5878088311378316,0.43737536648363246,0.404727919519532,1.0431433854447805,0.5815855045093825,0.9126935460580672,0.35084306543641935,0.5412135363414434,0.6899654797173268,0.2940749363715365,0.3784516436222997,0.2874474262062868,0.4289556718648506,0.5112841751494734,0.5765326359768166,0.554908316984259,0.6508678719931236,0.6712252068273912,0.7254087106598546,0.8026642063986618,0.844470536317161,0.8904357690292892,0.9453166652260395,0.9926399715355543,1.0454249306590713,1.045781378212208,0.9376640703923937,0.1465819258580362,0.004511221660048026,0.32647220158004564,0.5331883252923024,0.71049503651114,0.8225011814828993,0.8967146338553786,0.9456334553038364,0.9562012878368285,0.5037747188515882,0.9362194522196139,0.8818549018412526,0.811663687227021,0.7419015680236186,0.6281719114414506,0.5183992899905822,0.766110273379545,0.9215723811251056,1.1134844556462444,1.0748015404463451,0.9931051072451187,0.9045245814563561,0.8522017644885844,0.7708851053448531,0.7159372103826096,0.6172119428278311,0.5684397757969146,0.4788335061085618,0.39307269540147827,0.23382764851846172,0.03297848999022435,0.12418577120996177,0.7491125317589973,0.953785888399828,1.0074269688061679,0.9326545867326228,0.5308937772947118,0.6589041210322695,0.4319667098336282,0.43407141982594577,0.0,0.0,0.0,0.0,0.6962091877913776,0.4875481171337073,0.29786244218600866,-0.10771021304884554,0.3423805090420255,0.6722285577984652,0.6694498340190058,0.6284252023148592,0.5903180993350141,0.6762796357832241,0.7267770299142184,0.7490850167589529,0.7551780798105932,0.8653783335829575,0.8303977153741287,0.8098612041313182,0.8314082241317511,0.8166292643785247,0.7974349532365832,0.620288151339645,0.18866004527442254,0.3326127546085135,0.368132713026019,0.48253810989474455,0.7256220106724316,0.9002605008371738,1.1297677777070123,1.2556000809125043,1.2811528465210802,0.5935020170579797,1.412834599267489,1.4069146420475707,1.356135658907133,1.2077932711469623,1.1051304054390285,0.8587862795354455,0.27841130582896084,0.0277975865762371,0.3029924819601729,0.6165268111197744,0.8291672886023957,1.0009234214223472,1.167057308286394,1.156153945658149,1.2071515262022605,1.112630864444116,1.0901085312957401,0.9546808376818264,0.8352361530694826,0.7233564154219079,0.6019587034534123,0.5131903703632162,0.35856353413646497,0.28135893247121513,0.5243859371521632,0.6895261956596005,0.5055493119875137,0.745694789024466,0.8759171345391373,0.7226346460579532,0.590162450998805,0.6462548616506859,0.5967268884059389,0.6015750242011271,0.7633739181918022,0.24668085912812043,0.4496023539627879,0.3114352218738555,0.450767876932137,0.775960000826287,1.4434710811997762,1.2019626502882188,1.1087755968443012,0.9462336981513082,0.7809724506266738,0.6424607040162904,0.4236530924537143,0.3139074433101223,0.29537103486527005,0.19064212243604906,0.13181227518486938,0.10688126437878631,0.048647284932190726,0.07266532655769875,0.2681601234695677,0.837597642641313,1.0733138300616918,1.0228755670007506,1.0698726025978442,0.9976439261579697,0.8127906033599266,0.6452307547362375,0.5000749435990153,0.8510711574710158,0.3139478922447132,0.22342393515533576,0.17890241904495618,0.15236082294241793,0.08950407779262137,0.05436878182332017,0.06550732028422662,0.21265826286965,0.5243611803155834,0.710261623263253,0.7846835822846246,0.7925114608998187,0.754136457951716,0.6848009903910794,0.6342244741127971,0.5673563428592299,0.5270660867934558,0.4937095862022576,0.47010164813824495,0.47417073777109087,0.454270108402237,0.4998604779152267,0.581215474360439,0.7294498004445936,0.821352590379438,0.7878053681294863,0.0,0.0,0.0,0.0,0.0
2025-06-01 17:56:58.982,0,0.0,0.0,0.0,0.0,0.0,0.0,0.8692518248447556,0.4359781938344487,0.15519698991718434,0.12155451643944837,0.18482463570506857,0.3066584510789846,0.42015218911289154,0.5135272171502203,0.6110193944825252,0.7131595953916365,0.8072959716152788,0.8946929696183176,0.9376150090356299,0.9330071982711045,0.9687491161581884,0.9986755381765496,0.7665389179106707,0.4698958917147265,0.2978480153122831,0.2943483112541502,0.42481859219307716,0.5148606667297029,0.6253558432048478,0.7758645236709276,0.8388085499668834,0.9200822455662816,0.08564947733335276,0.9929063779464927,1.0172614047934296,0.9961734056212997,0.9980081787200807,1.0468377034097736,0.7085019438667179,0.34095915656394016,0.33668108608656666,0.443383410330467,0.50263278297773,0.6012120384468085,0.6808847818205426,0.6676618051279515,0.6795620074371289,0.7127714619210186,0.7086126307611647,0.6532292593994468,0.7326520106949675,0.5844813573121637,0.5878187794051852,0.5245231781055699,0.549588549493811,0.5671667169803518,0.6493622088340004,0.7646466635992479,0.8386223281652376,0.716217162639448,0.5613371743013679,0.4093690649855935,0.38155905396105716,1.0341425233118924,0.7013603558018928,1.0361699112396952,0.28607349259433773,0.42285211811689716,0.9442036997476406,0.41230329433752133,0.3369104500499813,0.27477791070159885,0.4131379845503176,0.4836655771737277,0.5700972700888158,0.5525328308923572,0.6457968982725524,0.6609486078909563,0.7177252261449409,0.7939118633091793,0.8417813173080717,0.8730552061000671,0.9367270050608373,0.9907945915875183,1.0404381871198725,1.0430546670386542,0.9496572826709544,0.15546438668089063,0.00775761366451333,0.323599171095577,0.5179086448110226,0.700894725273095,0.8099844673749574,0.8870860614104035,0.938778681950283,0.9482204657982896,0.8289325734096502,0.930612254971565,0.8822338933931374,0.8114632690919691,0.7402392070216274,0.6423841945703708,0.5336705033302263,0.7800528638081856,0.9304044841635061,1.1055097662457518,1.0685588343690167,0.9780186224254985,0.9024992611953511,0.8551616831739457,0.7641275213368899,0.713569057904923,0.6196324564323716,0.5812006487093686,0.4874135737673253,0.4052214114246988,0.24423136640420517,0.045959125248559385,0.12897633921856216,0.7390899537029889,0.9476205134088296,0.9988196665359095,0.9264144607267095,0.3344315817113985,0.5086358835854683,0.4987701423537119,0.47566852539739435,0.0,0.0,0.0,0.0,0.554575174837691,0.5732408195432139,0.4894180254795185,-0.1346202761637622,0.30480158548411557,0.6595964209516929,0.6587295743438544,0.6141608515534193,0.5885243819229296,0.67669759878872,0.7286677090353733,0.7558643662616005,0.767987382798506,0.8748653141842087,0.8302621479526928,0.8164705292310097,0.8419475271724699,0.8241519822028902,0.7962344180142253,0.6022076522657842,0.16267822148424788,0.32306554582816116,0.35835241336746293,0.4898121682418346,0.7247884677830398,0.898758925828135,1.1355516807172576,1.257033149645457,1.2784434066256594,0.7683299370137415,1.4106183536885655,1.4107773909772603,1.3530858433578308,1.2061625559508444,1.1060255666342704,0.8690779468608568,0.28126841988493995,0.01010791541843975,0.2891137425583411,0.6073511618925915,0.8261600734012018,0.9872706803149522,1.1622476346999133,1.151958385152968,1.2139680429090243,1.1171680699841748,1.0994787762037919,0.9576104585398987,0.842705498149468,0.7299631784134228,0.6089093781024244,0.522360727312282,0.3729097680747887,0.280241569254661,0.5146624652447224,0.667405132800268,0.27366221156159953,0.7064689023796228,0.7264263829124203,0.6764947334208953,0.46486784379335017,0.7238525245091405,0.5511809860128716,0.6661247953691574,0.8675184833057995,0.28414225954709915,0.3207224536190628,0.32183976154106747,0.4591060825852054,0.7854690114752939,1.4594070892217366,1.187562910155571,1.0981249029851226,0.9493694167572331,0.7573211993620308,0.6428542248406428,0.42243258307689446,0.3229081984727886,0.31753270256773636,0.20999718414570534,0.14198146873317308,0.1335040850689,0.06600038509610184,0.11113566430380029,0.28437808456542296,0.816886349166386,1.0486358382689351,1.0039992507983195,1.0489865143854677,0.978629767191806,0.8003802073461417,0.6416539108694932,0.5084440029396451,0.774447297349682,0.3132384089326785,0.2346951522736862,0.19946219700930112,0.17900417510172606,0.11535790840898819,0.081331591436834,0.08360945144453497,0.1994433295701739,0.4919015105450055,0.68844618092754,0.7571660261060987,0.7604435901778992,0.7258487894920354,0.6653449143592609,0.6253070122001219,0.5629494355807574,0.5353282470555778,0.508015776707869,0.4944514415959542,0.5014825221305275,0.4838943863240349,0.5231958225582982,0.5887466368635983,0.7275312239350488,0.8195203765144933,0.7592750368909185,0.0,0.0,0.0,0.0,0.0
2025-06-01 17:56:58.984,0,0.0,0.0,0.0,0.0,0.0,0.0,1.0089956810820029,0.5383871813192902,0.2009023268033432,0.09588159843082378,0.12561723082069443,0.256799233330386,0.38952867155571724,0.49409903295459023,0.6025125759617141,0.7200759959829499,0.823210363963631,0.915145458307527,0.9733773582607774,0.9754131489543042,1.0419065584557767,1.0983873590045607,0.8491898022535497,0.520464809749204,0.26462193633200126,0.2578275274248535,0.3803263477760275,0.4782394462559063,0.6032691419409093,0.7563829405931928,0.831808045327421,0.9292546687715773,0.19905449868871128,1.025804207101007,1.0663329942721222,1.049157796438418,1.07781886305628,1.1497051270316234,0.8471723414960486,0.36393964082507513,0.30368083192586093,0.40343568781749983,0.4515435512382948,0.5764642438363266,0.6788823172573759,0.6742679281466208,0.663873841406627,0.7400870847255245,0.708175073860414,0.6858574560111114,0.7882338399755676,0.6290999748545605,0.671559773759506,0.5956308228081382,0.5265390094656315,0.5383012445580938,0.6214982319223875,0.7251100280654486,0.8201404720355439,0.7167797350473804,0.5937795799260788,0.5068411132490795,0.49826368410291033,0.8907387201841517,0.7040537253384149,0.8628154798127168,0.3014093060258369,0.4288754655204886,0.8935634864029725,0.5099319332576983,0.3571409721506628,0.22156516837055953,0.3533684873613254,0.4194840110567992,0.5364428353403605,0.5447385541973084,0.6482208800188516,0.6651330595017992,0.7359985496460466,0.8107178991012893,0.8557474380942132,0.8857095763642195,0.9567425191691702,1.0253799375044383,1.0663402576614347,1.0902686740252867,0.9944425754002124,0.18977387789533867,-0.026023125481867027,0.3000106711321828,0.4871003930527116,0.6846713497045027,0.806486416714427,0.8851760785784442,0.9519326604594855,0.9617776477387949,0.9489087154853326,0.9503971415140289,0.9117764371811324,0.8375761594141365,0.7675773616475382,0.6747257881411399,0.5638936931319479,0.7709900169213412,0.9043417218589308,1.082699040333369,1.0635670331503169,0.9760258889662234,0.9071805583220207,0.8701586174016778,0.774910567445724,0.7332139814402965,0.6355914929698927,0.6117212642654268,0.514780988612626,0.42848579954436716,0.2800205318469037,0.07285085963744453,0.14014921282255394,0.7144051420549167,0.9420776074732482,0.9985873549663205,0.9326574012951043,0.3142716950969638,0.5312589906819034,0.32847134515314397,0.43467131272215664,0.0,0.0,0.0,0.0,0.5531479523130679,0.5897989917507593,0.6270067781637177,-0.15873853224828105,0.2885944895288463,0.654773274924178,0.6641455769656712,0.6214385670278596,0.6145269859309821,0.6983938491918298,0.7587307966597359,0.7895128098088593,0.8086565503684371,0.9029497845088503,0.8524474292542292,0.8291769534900322,0.8527016711137627,0.8212074049640252,0.783113590104414,0.5463727803684064,0.1441428607122512,0.34434949321251507,0.39883663355054866,0.5348612952771377,0.7817298043470589,0.9545206866599885,1.1868774716227874,1.30098027096554,1.3143097271734832,1.0326656979665874,1.4265035423948769,1.4171595450208208,1.3422034951280342,1.1862802780844999,1.0754320043927474,0.8169232246156027,0.21679578169419317,0.06237500881405367,0.3578957864281581,0.6849721754557143,0.9041787466404463,1.0665747485344583,1.2213452599465042,1.2027180940817075,1.2483496540855326,1.139934759003134,1.1164645696566025,0.9547418738979675,0.832108228292849,0.7166535252395272,0.5908765032129644,0.4958407429711643,0.3399559651367111,0.27436448961632326,0.5899503392804931,0.7480742668737225,0.3915776602326353,0.6138956203982109,0.4654548844455251,0.8152024779831771,0.45839384938121613,0.8700950956764223,0.5270335429203321,0.6947556194237012,0.894748654283905,0.28355693632440493,0.205741954334466,0.3051954254471388,0.454164031093974,0.8205526018655916,1.532759310696038,1.2487799495792193,1.172878431427261,0.995011658070962,0.8022229983361047,0.6754929618180068,0.4309522709008746,0.3148441298523541,0.2986618700932371,0.1956326120834715,0.12823160488511332,0.11962843258142974,0.04243464406149511,0.11975684493338468,0.31536058079868595,0.8905834534165595,1.1132594850986999,1.0614978351575644,1.1066166240584958,1.0330191469802485,0.833552547530783,0.6643197754746824,0.51737635508131,0.6893242439025891,0.290712803560373,0.20709339972701946,0.16012504838560204,0.12392936308823199,0.05454011724391905,0.015136079305213768,0.0385243055422973,0.19446015166458736,0.5698798385033614,0.7525588479448269,0.7985865497168977,0.7920880998427839,0.7793696115811612,0.6880996861978326,0.63995641840826,0.5521873072213364,0.5205826258929116,0.48114354065864484,0.4625783771206706,0.45925220804335853,0.4407457063125456,0.46748856324513843,0.5492680806590757,0.6923229897257029,0.8299210216414571,0.7690288532348861,0.0,0.0,0.0,0.0,0.0
2025-06-01 17:56:58.986,0,0.0,0.0,0.0,0.0,0.0,0.0,0.9801125565403844,0.521415084882384,0.19635383346427238,0.11085735273595376,0.1177320454373928,0.23634736250534372,0.3730156069053562,0.4672365846058313,0.5865719373913502,0.6975189084516633,0.7994868598089144,0.8858376841019514,0.9441273424977767,0.9545679138634718,1.0186779834794861,1.0824814754432992,0.8385180337080037,0.5412033175961495,0.26915197765634546,0.2650147831133095,0.3723773511688728,0.48086778011721254,0.5883065393150817,0.7335928656507538,0.8144952624504336,0.9090066192699287,0.15667903578783804,1.0045943011891558,1.0471763105320007,1.0257111333723565,1.0602304717760462,1.132936573566143,0.8314887966329034,0.39321808492707777,0.3085083726811514,0.3983127470471719,0.45847330135770203,0.5844089150056722,0.6467670154901457,0.661947494502279,0.6353673792549925,0.7272889345556364,0.6864679110306651,0.6629722321248132,0.7386914815096234,0.6436048907773777,0.6298253310053039,0.5806634901916823,0.5303250231016652,0.5649604668477884,0.6497547837331908,0.7149706613961819,0.8147851849499506,0.6534153062365744,0.7391177810227648,0.534763021079889,0.6169694417233637,0.8909030346352855,0.5813163060307276,0.7313431582696373,0.44288913044390427,0.4569338242263311,0.7924632435451429,0.650591183213373,0.3353619586141537,0.2374964704040203,0.3739727371116308,0.435545992889371,0.5384820847941993,0.5524964326813819,0.6512464155536157,0.6535403243345723,0.7338513308060335,0.7951725811219346,0.839691135816008,0.8717110919375868,0.9450921375452791,1.0017717794269878,1.0440055507070296,1.0750032363201316,0.978991713764312,0.18728492790777312,-0.0021609737774654914,0.307150220786667,0.4777335110178593,0.6752243504983444,0.7982832196904566,0.8660147864380003,0.9356476400780371,0.9440563662344867,1.1177874284983034,0.9326610618464197,0.8959374555956253,0.815639896727281,0.7497268783706609,0.6599629705184447,0.5511164580714042,0.7839203289336534,0.9210553589914897,1.082524837429915,1.0678662551349662,0.9744740298378007,0.8949143072963512,0.8502393974501623,0.7565596853316294,0.7210145937210666,0.6179493409526366,0.5919913529463392,0.49068055591720383,0.40945735838274944,0.26105173677031346,0.04907381728576521,0.12979477876660828,0.7226261006107147,0.9475210944998316,0.9978294435270978,0.9289364818693719,0.2976628320231031,0.43017636595385106,0.4082293416959169,0.4268213684060781,0.0,0.0,0.0,0.0,0.6188308242824595,0.6448551017052642,0.7591240305618342,-0.12497666217318165,0.29652225130292537,0.6526803872055659,0.6584603016421096,0.6152746261389045,0.6157641230106801,0.6933777659363705,0.7565749154219783,0.7882526693080747,0.7996446794169687,0.9098325271926209,0.8716100439330283,0.8426675883288903,0.8663388855172192,0.8345223039600942,0.8058317436892017,0.5947989935157176,0.16898274992548812,0.33551177887620254,0.3798952883115423,0.5156959297858448,0.7662021425797529,0.9486927483534844,1.1762653414247546,1.2773884620676623,1.3087555060493152,1.1230697625880106,1.426374507130411,1.4182667956037656,1.3435651417738304,1.2057614666945082,1.090237356681896,0.8382245398222746,0.26193695939217404,0.04879509456622344,0.315140157794093,0.6415864560424993,0.8706309589907395,1.0331107338121452,1.1742273522686708,1.1714581419837857,1.2224955909000874,1.1245028488073174,1.1015589873514258,0.9532881788101925,0.8340358831210869,0.7179434447995634,0.6040988343472846,0.510348777801043,0.3664319758075391,0.2719318838434778,0.5317331092239472,0.6867076726987896,0.44917600969161886,0.45228088944801703,0.29337411131794855,0.8388772904381389,0.6067401039657787,0.9023784587319402,0.6167004460137486,0.696622972523967,1.0337818251396915,0.19841367911499636,0.16218184786026055,0.3253483253554949,0.4724647903015537,0.820742757971943,1.4844248284540296,1.2120479406210862,1.1260580974567507,0.9359876789645556,0.7630714471729803,0.6467896552992274,0.4014921326953722,0.3021983174502043,0.28249419681841714,0.2049002195479961,0.16497120327600734,0.14194264108478272,0.07116858139617566,0.132557831257204,0.3245534575705383,0.8636076224601548,1.074967937416141,1.015218536559575,1.0646513390996994,0.9757203558678647,0.7792830509900286,0.6276820063542645,0.49483260228963144,0.5823432674144258,0.2806658415596459,0.20313416627907377,0.14908886748978012,0.1256814248755983,0.061006319250549224,0.031226299510482947,0.06430952367982751,0.21200352028615027,0.5360722976727872,0.7250578975872923,0.760102301269067,0.7406181657060626,0.7262576777537633,0.6304853812504119,0.5969602308970412,0.5145161809440235,0.5079583311142857,0.46616990437549144,0.44097422662594554,0.44553754963863357,0.4375151169932253,0.4755591781295214,0.5509143458294552,0.6870264802155049,0.801461510088532,0.7117996583151609,0.0,0.0,0.0,0.0,0.0
2025-06-01 17:56:58.990,0,0.0,0.0,0.0,0.0,0.0,0.0,1.0059213169135928,0.5624229444931053,0.22871231585951068,0.12358657568108555,0.1064366159452036,0.20206114168869427,0.3601042788466412,0.44868880258026467,0.5760098760587186,0.6811520811424099,0.7940182626712402,0.8794176338487646,0.9422258373649715,0.9614653204806528,1.0297914524667648,1.0965921798180098,0.8697312737788189,0.5588582792616941,0.2842856941389653,0.25017958561408193,0.34977213697538256,0.4648808738751824,0.572308352447465,0.7175112486850777,0.8039237862167856,0.9120107551522068,0.205704432681533,1.0085770631778281,1.0551675633912196,1.0424688101834336,1.0878611145431778,1.155178031071879,0.8942688422704546,0.43096477423887714,0.3185996696363831,0.37839308688894135,0.4564728096708066,0.5764908105738531,0.6254030292469244,0.6534198230790074,0.6313411207785751,0.742901273651777,0.6801396091068961,0.6880953727114564,0.7193755140502339,0.6630635340113571,0.6308295439983035,0.585873490802767,0.534071186403089,0.5533438310589982,0.6397698743306918,0.6893826416061113,0.8047371226938815,0.6895672073447232,0.6470524978089328,0.6309086908219403,0.7836162986722692,0.8116406696048641,0.6278770680170361,0.6733343652891277,0.47055246120708055,0.35222332141062784,0.9176411052894442,0.7616249185222389,0.36825442578855133,0.20210364443598502,0.3471290761097743,0.4096704492843215,0.518840909903344,0.5449873115567783,0.6352492675679098,0.648971757619875,0.7266575268327597,0.7966222998481376,0.8373746708747165,0.8675238231548525,0.9487321635824429,1.0049212125969096,1.0452806253269282,1.0795859947989368,1.0014947491886907,0.20781625025090583,-0.003941906758064828,0.3064196779495765,0.4781573325255941,0.6631938093759222,0.7816339953967404,0.8531727888219995,0.9245816428754479,0.928455220702842,0.9947075187666916,0.9196127084981318,0.8863790610192633,0.8093642088121492,0.7344520236933999,0.6538902393289412,0.539703618015872,0.781220155688493,0.9272214017978037,1.079426115329528,1.0644026993219649,0.9699711232503117,0.8901486127895593,0.8348714857680402,0.7453852768582756,0.706832214972555,0.6073267934576583,0.5880401980517875,0.47563054993845033,0.39416523866387676,0.24423478656517583,0.0380381882127494,0.10859915657684394,0.7158552090270546,0.9411582638961102,0.9912386465012566,0.924590615198414,0.2477895444931963,0.4675246498420274,0.4611161214561214,0.3794829740415614,0.0,0.0,0.0,0.0,0.5803256693874311,0.6568280134046793,0.9049921469588363,-0.09090042647870156,0.2888967303689843,0.6525678044889868,0.6536014055001125,0.614756375191894,0.622179895451024,0.7011174780882057,0.7749055982446413,0.8086616804733802,0.8310233212866449,0.9480698308715687,0.8990349319928201,0.8727909998268331,0.9016530221590868,0.8675804887753813,0.8322839347965179,0.6328196246745277,0.18503072170406587,0.3367595581141519,0.38929295823268784,0.52894922984529,0.7843224005567377,0.9770086273091336,1.2105410013723086,1.303679723546389,1.3358658537073913,1.0348864858301299,1.4490780735560538,1.442191741831211,1.360787466103537,1.218113043541908,1.1041039394979142,0.8403360086033684,0.28178013623933196,0.0753627402486734,0.32486445085263627,0.6535514253998909,0.8959063800000053,1.0587524965325923,1.1874809489803715,1.187324133608285,1.2285997715122838,1.1295701974689085,1.1036664056049288,0.9536975522976746,0.8349326773960347,0.709842601736361,0.6054310960716054,0.5082097901964935,0.3574770404226657,0.2629054147993016,0.5188918694775435,0.6693324658316034,0.4111372050042357,0.444588078168732,0.4061451311595008,0.819018508171058,0.7894288293823277,0.6269496262721304,0.7263284274859825,0.8389189041897962,1.0836198447527572,0.13769370292870725,0.08388203254585194,0.329454861144212,0.4665459946690926,0.8124879812709214,1.4403392532336643,1.1759602033033594,1.120236973223475,0.9206116221512239,0.7655494809259877,0.6394426950113994,0.3909286864649244,0.31395609201252617,0.2797697322054553,0.21075607927613738,0.16520453996325002,0.14777630964699828,0.07906825308986609,0.1392459278841487,0.3367842924138961,0.8646898007203754,1.0680626453520616,0.9965410341722427,1.0407228720286263,0.9407614246206057,0.7414786181764184,0.5981777160789747,0.4732330901293367,0.6970246865184039,0.2668802039280058,0.19790823675677616,0.13095185770430362,0.1182281071787944,0.04991803992118138,0.027757507569007966,0.058270794129697545,0.20921921832427887,0.5142923183466535,0.7131186408626533,0.7315740562448537,0.7090751573351455,0.6703708417411769,0.5949274731054248,0.5708465695971077,0.48826918255433216,0.4958719625572867,0.4529032286852326,0.42496358279827295,0.43247417152297274,0.4256360172603805,0.4563359665286779,0.5333931148541831,0.6687980946076649,0.7700559920648814,0.6646295437762331,0.0,0.0,0.0,0.0,0.0
2025-06-01 17:56:58.994,0,0.0,0.0,0.0,0.0,0.0,0.0,1.0402596391025507,0.6110212376071598,0.26838367653961515,0.12517044821674217,0.09745634316209018,0.18510019683574475,0.34677954531969324,0.441809966623679,0.5692423650832624,0.675211244845553,0.7827301651548468,0.8820540557245352,0.9439944571715135,0.9696643060647533,1.0369531059081218,1.1076661835876862,0.8995168702194666,0.5863589982854291,0.2893735013937343,0.24078162698351846,0.3324415382688499,0.44008655904251737,0.5488911038984101,0.699484707108248,0.7917469362956331,0.902407410861783,0.4146571819621365,1.0130320012687122,1.0572227080417778,1.053522849267593,1.1098365605511473,1.2008226297792417,0.9580829700003453,0.470549244772149,0.350110969565988,0.37764482664569243,0.4879473310919906,0.5678952489285889,0.6220182996538202,0.6596218679583195,0.6519798350612491,0.7357539673852747,0.6987400681677436,0.6938953977739252,0.7428569168000853,0.6809506096410727,0.6476378673830364,0.6177086770602842,0.5661415907237392,0.5435912212326178,0.6415029636542856,0.7168423222119311,0.8137634429966423,0.7918586129841145,0.525848560144248,0.6976991709073042,0.9137734000399864,0.6864031653062145,0.46261150336943313,0.49269162062870797,0.40694454978422384,0.2865608182724273,0.8459860498695246,0.6291758646555516,0.38142739464831216,0.18910074320504902,0.3383199230997551,0.41520522641502566,0.5237470171912748,0.5521391235763293,0.638178660638842,0.6702723334828546,0.7426338898942626,0.8205202830966636,0.8587012141542656,0.8825735992299955,0.9705130647687487,1.0277866447686879,1.063128372381122,1.0908615885748296,1.014515424698949,0.24563366588558916,0.010117565169606935,0.3251183004631668,0.49855883237277965,0.682790149758455,0.7902022022068946,0.8687086961463661,0.9445537336754475,0.9466715786356767,0.8703006004293963,0.9333610992080612,0.8970590494823117,0.8260716483547613,0.7425006790340719,0.670452029066029,0.5551330852331626,0.7972535877446494,0.9492741427160473,1.1026621710190145,1.0751228588462742,0.9901664081233508,0.9161445705911488,0.8561893853826232,0.7743872920916721,0.7260623913042574,0.6314345261117951,0.6139119433212696,0.4950055937642941,0.4138034405545934,0.258329152945035,0.048657069967233846,0.09755431609687859,0.709758085686771,0.9384625589464692,1.0024658301968987,0.9381803625822276,0.1600005032744734,0.7067788304318166,0.5590443487786312,0.3581256188526831,0.0,0.0,0.0,0.0,0.6392376583163139,0.6744627882708127,0.8426554723369343,-0.09827851911437985,0.2812285164227956,0.6526626526848597,0.6576508361099382,0.6311479134560448,0.6326226762739013,0.7255769083367547,0.8063014867943155,0.853639359387321,0.8795424720216398,0.9925102579934593,0.9356628712957753,0.9109244754377854,0.9361780172071943,0.9014290903282105,0.8458938528892161,0.6473873219632591,0.17027474637224888,0.3275635816183706,0.39517990100074174,0.5409459907000587,0.8073970500657868,1.0093172285316152,1.2464676712656875,1.3489944590717011,1.3696629555528734,1.0256168468301152,1.4738032056636894,1.4666620779160664,1.3760253116819985,1.224716703210825,1.1181615721206288,0.8443691547724379,0.2732292846425516,0.08926597548894366,0.3411615574641932,0.6534932121198549,0.9196960122049536,1.0791332783464822,1.2074039205813798,1.200092929736256,1.2322649480987078,1.139239966628255,1.1127095839209313,0.9518814411037241,0.8295657713041932,0.7116302382166722,0.6002551088248835,0.503237094244453,0.35363421789724814,0.26533397116939705,0.5155015901419792,0.6651237105825599,0.535026414122004,0.58811736723894,0.5686281297212082,0.8283723945906626,0.913377309876422,0.5412237483265095,0.7600487331173529,0.7643945251687654,1.0843072527652153,0.13274335647552543,0.13492831348580211,0.33037061702187526,0.4552648615846749,0.8034615894324576,1.432301803170704,1.1761709562770466,1.12089849216586,0.9414443622024811,0.7790185537319869,0.624802239211772,0.3946747748721249,0.3101909093498989,0.27919404773278034,0.2162078925623272,0.15584570637361095,0.14533379932789503,0.07940152746929097,0.11857003455698667,0.32115126332184624,0.8775442737861374,1.0713811214283095,1.001655676364084,1.0455345735427795,0.9442749208667467,0.7475185178403643,0.5994375838527024,0.4731539663380937,0.8615770999382891,0.2689653699372889,0.21091658913624367,0.1335174855306318,0.13277985398640835,0.05310451123055682,0.027722230041423934,0.05054588268889121,0.203282536917816,0.48671082802372023,0.7091593239911742,0.7187825173910355,0.6900649079163585,0.6825321776010815,0.6047820437410394,0.5768669436459029,0.5071404524752663,0.5018905212887084,0.44674568446432117,0.4300678192286187,0.436571378417403,0.42481268772602265,0.4396587399997125,0.5291709099603294,0.6590740758098189,0.7489419339486342,0.6347979503614989,0.0,0.0,0.0,0.0,0.0
2025-06-01 17:56:58.995,0,0.0,0.0,0.0,0.0,0.0,0.0,1.0827246820361047,0.6364967250957563,0.2606205822769725,0.11057277923434028,0.0899525225145672,0.18410886376931923,0.3531703850809703,0.44851129474037155,0.5824674305838665,0.6856582711509045,0.7993276522537678,0.9111706283933715,0.9698825587887367,0.9980509530935892,1.0614319963514531,1.141975449235694,0.9364515111579892,0.5914259191235665,0.28149488113870924,0.2370452865287508,0.3177743086397964,0.4360384386924796,0.5388463017309075,0.6996598943078665,0.7929860872293077,0.9114400185488327,0.5568059347246163,1.0317472024002936,1.0735059225599646,1.0749128327682471,1.1392190135475286,1.2635941096601955,1.0294434740723273,0.5099899246276489,0.36317819435040455,0.3749499502242917,0.5318085677621984,0.5730231607090803,0.6324779391836388,0.6773159332093162,0.6577565901268387,0.7407504768069151,0.7122397158196994,0.7036282852013912,0.7699054901167409,0.7066889711876407,0.6698619457792443,0.6518342771583916,0.6193293758817657,0.5547689903920956,0.6673789829438096,0.7479309490067225,0.8364741690212281,0.6572370178388887,0.3715437255931947,0.7562616664834474,0.872987064036777,0.71448354786267,0.35730100780126317,0.4969609047558986,0.5110830165865741,0.24838743596149102,0.5373061390887837,0.5674550810690864,0.38425154436055015,0.1799820580882215,0.3392047650656269,0.4398911795438474,0.5291752124473743,0.5498934793806338,0.6404372640809661,0.6755914817901039,0.7498700540281218,0.8286401139104767,0.8504929486809971,0.8804998640422033,0.9643128572669405,1.0158993294018854,1.0488775274260442,1.0724803448377696,0.9999020073698333,0.30253573491855473,0.056593667165485084,0.36265498101278837,0.5234447646463316,0.6961944498171879,0.7980562330497305,0.8745839509690727,0.9430211343773478,0.9422255097183625,0.7270384163904795,0.9249176436449587,0.8818228430698049,0.8129438489086654,0.7280260172539667,0.6574270288050486,0.5618730944539301,0.8451646538823212,0.9943148998208756,1.1519562617173107,1.1096780467667526,1.012732874558801,0.9329451061018295,0.8610934567510311,0.7853416733398229,0.7253786396724429,0.6336040187861554,0.604609249301393,0.4858976322338928,0.3994840664533301,0.24429915658916668,0.03261509905296667,0.10312846830018318,0.7430882649667631,0.9609605214935764,1.0273364190520293,0.9651795239423464,0.3271674230212413,0.9666085436238654,0.6429608511551068,0.3216693431716192,0.0,0.0,0.0,0.0,0.5908960477417048,0.774101429812696,0.652346369343429,-0.08533147263377855,0.3139276352013313,0.6671420216561598,0.6747848709117477,0.6554741170583182,0.6525406335816544,0.7474033649261818,0.8244693566379611,0.8803445563179877,0.8958356203679458,1.0093049749138765,0.9535671604950746,0.9215290739678967,0.9410685484373074,0.9042416513274489,0.8520328097531198,0.6366308685061581,0.18202918244266403,0.33680739695615936,0.41152608297587956,0.5499601621878443,0.8307391872270202,1.0362472612093305,1.2680126114850734,1.378784402319458,1.3879364191759092,0.8360029076218312,1.4876106396362472,1.4672886483162686,1.380151986265161,1.2221840730114404,1.1178512589949137,0.8378517322380047,0.2592822251527672,0.11701000630028058,0.3678676297551703,0.670617393755846,0.9351838435268389,1.0876153166012734,1.212042106341002,1.2040862190335717,1.2238175113709113,1.1348211541494626,1.1045989454747094,0.9324188615404706,0.814726833918049,0.6978427704571928,0.5849130155544513,0.48926889383178684,0.3385793885390415,0.24862265549596588,0.5025079743363909,0.6512308364252369,0.6285751117038126,0.717122268328933,0.5560151627947103,0.8513221737391129,0.8937848676392752,0.41278636847969463,0.7269440878511164,0.6289890196672929,0.9644247729148362,0.11069872545162857,0.18266678471743183,0.30977987039234395,0.42800124194982964,0.7758741382644686,1.3938017025095986,1.162764479198069,1.1221529913536155,0.9249288527449124,0.79627223472771,0.6158663459245615,0.39153261536081985,0.30782865302151663,0.27305422745138364,0.20823990006378024,0.14876579324741535,0.1275361056746821,0.06431646210539632,0.0672447541322706,0.2880803593395704,0.8352593108162929,1.0611351132162432,0.9908311417592299,1.0401877167603715,0.949220810710105,0.7404369894693557,0.5943849183638219,0.477534400515381,0.8528980875826914,0.26981572062827963,0.21291527976234526,0.12143031860964193,0.12655496686021273,0.043454028618036156,0.019728735629639282,0.031317823112806675,0.1799216605144494,0.4622021663307745,0.6804525943344619,0.7064033999623042,0.6827164952392977,0.6885816493179222,0.6013183453461144,0.5858407571053952,0.5191554942593231,0.4973011669958798,0.44497508404459896,0.4293009617843915,0.43630243979021555,0.42058450971145744,0.42862691396679664,0.5241770078654797,0.6323178772987671,0.6947739594910333,0.5834467184924452,0.0,0.0,0.0,0.0,0.0
2025-06-01 17:56:58.998,0,0.0,0.0,0.0,0.0,0.0,0.0,1.0132104895994258,0.5718745432864561,0.19120014925874418,0.05406467912164892,0.047318540524713515,0.1426603150690836,0.31274508412925683,0.40616946648002106,0.5372562208962334,0.6347629685486449,0.7598632449245672,0.8677870618755107,0.9227022046163302,0.953463632727603,1.0128309480597286,1.0814690884769147,0.8776025193274334,0.5226848495436047,0.22876422806515528,0.17269328453563537,0.24672787495011916,0.3555371142933601,0.46590962302298733,0.6264872486096673,0.71759916199612,0.8441764606624536,0.5958272848363336,0.9684822472163611,1.0079558669017161,1.0298545012283287,1.086903472076207,1.2243625348400653,0.98245710376893,0.4742798334649727,0.29751425835539613,0.2942062299274286,0.46653749518790755,0.4968355449229216,0.5458535073494004,0.6112808755185495,0.6037749110628552,0.6842458975956847,0.6753180634815799,0.6686778755105264,0.7229089264185248,0.7041006447294942,0.6515087536105748,0.6577665413650549,0.623733738380927,0.5173115181550018,0.5964956333815933,0.6587362943578456,0.7430896621708896,0.460139485572763,0.22968855497366664,0.6820103123785672,0.6851713494231939,0.6825286914582727,0.30141931929932286,0.5935612113865038,0.5882709912170607,0.2886917271452363,0.4963441953630485,0.4813430455915082,0.37202141383716375,0.15404147957782208,0.2814423069841737,0.36438903648898435,0.4411453561263996,0.4593365266551308,0.5412158978095689,0.5858387042287843,0.6525443708900822,0.7284327779941702,0.7610503529944188,0.8001173199990004,0.8814577834814848,0.9283212146010202,0.9753563405524055,1.0025956560113944,0.9493293261122093,0.31602779446086904,0.05715556694024493,0.31757671631056494,0.4505158891341017,0.6037838547473064,0.6945706357823362,0.768003146939789,0.8237032693036439,0.8316340608807213,0.6001796013703966,0.8281899632866292,0.7844304893791995,0.7300050675701631,0.6612764905236755,0.6049045722166744,0.5333363285960732,0.8373119898692294,0.9570610017581364,1.0660406635847273,1.0058468954222228,0.9039588962517062,0.8254938591345555,0.7469014849098423,0.6807119450004198,0.6147196427650632,0.5405117718060124,0.5016743321237875,0.4054079442101699,0.3239838067412293,0.18059700522288147,-0.006512692869077852,0.08712142391089872,0.7204467629472141,0.9210832397997459,0.9697583156801362,0.9044107172865508,0.3335111013857866,1.0258707468408998,0.7808371022060294,0.3421664370211539,0.0,0.0,0.0,0.0,0.6532065819748839,0.7359078376219075,0.5943680747381037,-0.11193973849403993,0.28368904958396374,0.6384125007707899,0.6369266890306191,0.6073486262804758,0.586568146855768,0.6682314535471796,0.7359168703962906,0.7891953336476369,0.7965672201766325,0.9202861505671245,0.8807031220873167,0.8580067014068109,0.8825313449294856,0.8611540714931274,0.8113347846719523,0.5880666120524141,0.16013050164829373,0.3161548052327696,0.37373353637341244,0.48410858763010034,0.742016796345957,0.9367045413468773,1.1452931914309623,1.2441439017533538,1.2656037615765248,0.5266205310867871,1.3773257591401062,1.3625832981491137,1.2968479520855545,1.1615289734315093,1.069544862316241,0.8013825303928124,0.23930588880748527,0.08972842863153607,0.31538372341378695,0.5910956409758719,0.8335774341437578,0.9695997412006074,1.0813944421039943,1.0810588704242508,1.0944665010288825,1.0255209006149855,0.9963748561076717,0.8468826043396694,0.7476622030233692,0.6424023607331082,0.5464323556720487,0.45868019844525443,0.3188844075535642,0.23527600476847485,0.4517481544996399,0.5779720069967528,0.4855259691316768,0.7621689990916536,0.5321383755195361,0.7396857155541737,0.8101136369738484,0.2764390509858805,0.692328288186278,0.5247487739427663,0.784304656737514,0.16579874316955934,0.1927670717678723,0.2731981860408606,0.38586951834363176,0.7198798343957776,1.2788068831786474,1.079689842556743,1.0159359974989899,0.8036954623650201,0.6726281659549429,0.48852218057064745,0.30031896666414704,0.22176840389197694,0.20461941100878733,0.13710568784362853,0.08991713760183284,0.06236846541843133,0.02482741809795741,0.02561997152851725,0.24114668435602477,0.7552745363097333,0.9993481116947904,0.916857079269175,0.9349171971819575,0.8254406539406849,0.6200312483458612,0.47778063310037644,0.3800249699055931,0.8361587491431585,0.18846498701120917,0.1525056105517948,0.06467658268449061,0.07886778763779245,0.012396197159065925,0.0014958160339678672,0.010724464339324502,0.13964120081993042,0.38417009848426786,0.5976495442192704,0.6214805093677779,0.6036250680996211,0.5595740581211204,0.49195949553597584,0.4867936715963743,0.43337547549979827,0.40892315176099614,0.3704354584866121,0.3704103697238108,0.38760882969096344,0.3789383472579372,0.39416303496414085,0.4933954622954853,0.5702468165623006,0.5821454266450669,0.4935247911265521,0.0,0.0,0.0,0.0,0.0
2025-06-01 17:56:59.002,0,0.0,0.0,0.0,0.0,0.0,0.0,0.9682256794008278,0.5471258457664028,0.15604850829698225,0.004397736975659927,-0.00045856881210815104,0.08565316037811643,0.2457226960866038,0.3398642614553764,0.4635876475502848,0.5717745359076161,0.6996732525715861,0.8074848623785108,0.8598092475334089,0.8884333040117539,0.9580272202559378,1.030909806343169,0.8369295922051951,0.4706151904221923,0.18062408093786586,0.08238784637358265,0.15752308440233742,0.23962454394647748,0.35877014584716616,0.5100836688659103,0.6134280671389118,0.7357980497764274,0.6140427820186245,0.8833156045779192,0.923184313331046,0.96372777211697,1.0280894817657835,1.1708746128537122,0.9545130651333378,0.43362966317200236,0.2420644030413368,0.2050885723106164,0.3510991305038498,0.3881838032397176,0.4475499168280246,0.5219510530424456,0.5195123451406789,0.601143279609434,0.6036228875026215,0.611062115912547,0.6920400509470398,0.6535634351508637,0.6385843367073955,0.6538199887618179,0.5832230893138171,0.45475519147733223,0.5014559150020644,0.5594876035767966,0.6092649520905491,0.43545722307447093,0.055388440396541366,0.6007403228259625,0.44767808145286103,0.6670651349268524,0.3654179532562699,0.5335318890431119,0.44532391910445784,0.3152859980948455,0.5752265247257642,0.3144286181607564,0.34525649713807494,0.10777219442166705,0.19073628804385512,0.23438794662779028,0.3099624307729947,0.33402275073827203,0.40767896904140755,0.46413698614568766,0.5218112130794941,0.6002701462808306,0.6468713396425176,0.6934962309147314,0.7798953055115295,0.8343753470372333,0.8896499612382658,0.923050429036775,0.8884536304708164,0.3195507231088398,0.013891920276723035,0.21822960672577962,0.3338153293664854,0.4682344634034641,0.542507387832019,0.6205755995347659,0.6715519555954597,0.6923512677864567,0.4331287983831695,0.705587980423962,0.669408195256218,0.636454233526167,0.5809863602716153,0.5453597013719962,0.49972453865995825,0.7994300451161641,0.8592885292495726,0.9231507786749975,0.8401665604003223,0.7378844416765469,0.669458676708546,0.5951800769463849,0.5432014007360588,0.4716354243210692,0.4211080431343732,0.3790198469415986,0.3077125209678244,0.23138661649214853,0.10710577713868197,-0.04738584003659485,0.07087274125609888,0.6680547997037771,0.8593477090968489,0.8889552114721597,0.8198604695467508,0.40594390979370937,1.0418026924027883,0.8564247714371485,0.2529998293900098,0.0,0.0,0.0,0.0,0.5831665945381908,0.6792022789122107,0.5935840952711474,-0.15893271839490414,0.24056283018182872,0.6016399535392429,0.5869770270330523,0.5412523603508544,0.5049636964593365,0.5685719373784124,0.6261889496100883,0.6668759717869137,0.6800806627077414,0.7967199200633641,0.7719297835265344,0.7677562799000663,0.796937585586615,0.7919880304725802,0.7419269911615651,0.5068977176087097,0.12664259566198066,0.2956399310125978,0.33238719967301655,0.4217369605315009,0.6473842851470433,0.8083283521952636,0.9874508832806255,1.0854225454072657,1.106510916156653,0.4374067192225561,1.2265101805166303,1.2218499008581079,1.1849148514004346,1.06296329508347,0.9898550901254121,0.7306632934629603,0.18668217069550347,0.06143130335477642,0.2756446680761745,0.5113157067787748,0.7194955408001125,0.8401247822582942,0.9382731293204638,0.9391759900349108,0.9424502509798485,0.8897376063199771,0.8694997523240415,0.7352833320731414,0.6547391676539124,0.5679870990525753,0.4836334177572491,0.4083094683584926,0.27201319475658275,0.22088439981574606,0.4385096209600242,0.5451114297699716,0.37756101343364035,0.7018408682280968,0.5208908545683013,0.6524208884156147,0.6343350902603369,0.20865954432793052,0.6059865429563294,0.3986686509331641,0.4810450490263375,0.20575477971887102,0.19707718595194765,0.2105082320045532,0.33652045535112823,0.6662055827775584,1.2136386741087526,1.0058540296164618,0.9176557732379115,0.6944295066608697,0.5392852404220703,0.3479149766222782,0.1871770189789952,0.11743303223125978,0.10591145331042684,0.023305952203930058,-0.006972978567438171,-0.029984847362505285,-0.05327368046737058,-0.02622710448562804,0.1839449242115066,0.7088864340401357,0.9517731180691944,0.864088354725939,0.8472336694328414,0.7005557583599125,0.4945387494462423,0.3436405002408629,0.24846007205188791,0.7507076284713955,0.07632981375916459,0.05285614889927115,-0.025979692377147368,-0.007045625279767598,-0.059934016131065415,-0.07859584439727185,-0.05675631654951235,0.06850199309402699,0.3341478446541035,0.5460241260239505,0.5673098796932551,0.5301070210119647,0.45011649289830613,0.390586638263432,0.37267260196899143,0.3295264989165436,0.2926761605392505,0.2567087757393889,0.2749047314955706,0.2959696945354737,0.28827681865991106,0.302125026018058,0.40579791353276656,0.4726807314520881,0.46691356115300586,0.4039554244690655,0.0,0.0,0.0,0.0,0.0
2025-06-01 17:56:59.005,0,0.0,0.0,0.0,0.0,0.0,0.0,0.8821521385813743,0.46566065269839285,0.11847273945633818,0.028412459848180083,0.04946094888101271,0.1350274077152357,0.2613737778328863,0.35333884908572366,0.4595594986821375,0.567303212162676,0.6722881063357933,0.7789743885908563,0.8129463344948953,0.8308097082709506,0.8842313698403667,0.9431670964989426,0.7540824254126796,0.444479496360568,0.1891552174768344,0.12180406376096864,0.19064831301410012,0.2529005044813617,0.3613827240595575,0.4889737305605011,0.583555937295763,0.6876632105464282,0.48915178917466107,0.8194892022012951,0.8552595590278687,0.8902130399344329,0.9346078285364927,1.0535960884667763,0.8291217654091034,0.4054234053252346,0.2662294412463231,0.23550815320535068,0.3613158352261163,0.3854210330142782,0.44283490199831466,0.506281196516922,0.4834441444173758,0.5639276686320092,0.5459751308485437,0.5557300877607833,0.6559099886243024,0.5914354705070017,0.5901494816237821,0.5766777259309201,0.5744608740982627,0.45161140830253277,0.49623413432439933,0.5585214414999844,0.5916027474456527,0.3859276096591387,0.052201345894999,0.49788344380877464,0.3616396048459276,0.6476230543548274,0.37392987929688093,0.5656839207974332,0.47297804928559845,0.33069100441904387,0.4601070846563803,0.24920089445239038,0.2823474461508818,0.1352096406145004,0.20975665478428518,0.23069471304633282,0.29891908400026423,0.30776928061749276,0.37926462708229014,0.42835053069323314,0.47555013374202204,0.5511206714099399,0.6022097067522627,0.6500724553020718,0.7296096902708439,0.7791185863460999,0.8251648077929912,0.8610141086924469,0.8098530511338505,0.31888170812602357,0.06091039910124285,0.23374939785145932,0.32850011376524235,0.4455335383784911,0.517170317566348,0.5751248854157769,0.6168463326669733,0.6425173759726459,0.44803157585076064,0.6443667202199528,0.6133296905848088,0.5811030361899056,0.5295237895368573,0.4882036114776654,0.4634805998219853,0.8112123063353623,0.8571089033196583,0.9026550132850373,0.8076447274574983,0.691526799555189,0.6183752996738929,0.5454436567312175,0.480444205095266,0.41969712252017977,0.36682757622639794,0.3192869145070898,0.258621410118385,0.17721467660319346,0.06092327293729449,-0.08963979760552765,0.05069404223413332,0.6623495077731388,0.8448211442201159,0.866851429106055,0.7903814502157416,0.46563623871256526,0.9567018771373255,0.7039753411302834,0.1797835709743823,0.0,0.0,0.0,0.0,0.4015818923822493,0.5563565758505093,0.5188440025237574,-0.13866673072278368,0.2304429968912622,0.5831365270061507,0.5642963550183504,0.5128565800617112,0.47408661026500987,0.5258702150616568,0.5835636408571285,0.6196112650068999,0.6350072900380703,0.7536444098778019,0.747502881904579,0.7430075467230628,0.7752870666231579,0.7824957150143939,0.753530057998866,0.5714088345417354,0.14630337412438255,0.2743971899459117,0.2849261580084478,0.36327568206533756,0.5701724200951368,0.7302608543762394,0.8980803878736783,1.0049170206531952,1.0382858325962963,0.48057069002187797,1.1741217517099853,1.1936302259342035,1.1696160927363781,1.0681683421163974,1.0046655239649274,0.781054046149967,0.2615210724539383,-0.010030283938673112,0.1733475115593991,0.39457406261189343,0.5885334598362062,0.7184282179600563,0.8196144263155425,0.8413292472579956,0.8611743083654493,0.8316102241940135,0.8213640073388817,0.7062560131084402,0.6436787884536118,0.5761510841157234,0.4930837861889418,0.43175970162707067,0.30622422763886,0.21401891545158883,0.32600727877248625,0.4378898745691536,0.402118642994438,0.6070628796648846,0.3387300169091412,0.5410392971269906,0.4314269414318846,0.30665794669052326,0.4535823337254152,0.282451217491644,0.2646051607800699,0.36311851288648,0.2859928006098965,0.21903344923076312,0.3455323007877756,0.62945052808217,1.1079612314486864,0.9074001990909191,0.7768603102662298,0.5622381270306342,0.4317062846961579,0.23890634706451674,0.11505789013511403,0.0667064283499943,0.07044308733728055,-0.0026152319093335485,-0.020407292027954105,-0.04713413147065626,-0.03890171677996246,-0.01477353504629697,0.14724787043156723,0.610339531509489,0.8598274370596874,0.7796675306858059,0.7376267763749503,0.5922865074894468,0.4040819002287135,0.2616870397483102,0.18232823979764623,0.6293699621532449,0.049539579832772684,0.03472494861852082,-0.019918924451455933,-0.0030901435250880738,-0.03623589782286829,-0.047401505178021,-0.017838987182844435,0.052761668768526226,0.259598788449947,0.4594632085337061,0.4934574998840128,0.4430480192480062,0.35414973731100385,0.30382448144598584,0.2992152700055981,0.27660360887154045,0.25047882892390727,0.2198093290233829,0.2553198921946329,0.28720084647119837,0.2951366667563934,0.30947514533964315,0.4319168582266198,0.476260617203476,0.4174394333760133,0.3301629423309629,0.0,0.0,0.0,0.0,0.0
2025-06-01 17:56:59.011,0,0.0,0.0,0.0,0.0,0.0,0.0,0.9102084188319288,0.46924382803607556,0.1447164861700575,0.05474808365311001,0.060698258567083885,0.13608514723722764,0.26819128300165407,0.3604472778978147,0.4703544820389064,0.5828862024657788,0.6823617671389821,0.7989754450586569,0.8234358013807295,0.8477998660723153,0.892950137551917,0.9586146563805505,0.7551510601095228,0.4574365855605345,0.18198707281827053,0.11747135494810645,0.1853515768945404,0.2549529500415786,0.36707534277046294,0.488051800337308,0.5968916248599387,0.6876846841065978,0.2815597552728374,0.8196998933173515,0.866451877743531,0.8968539765933968,0.9179718910925909,1.045817120639637,0.8088737871458276,0.40202268800917973,0.22399531478879142,0.21697698118790276,0.306682870839456,0.38390406296103863,0.43332477221764387,0.48354788193810805,0.4589439434304363,0.5574181016638038,0.5320263635113613,0.5669891131243158,0.6434007786125423,0.5923696304799637,0.5958842208004591,0.5738582946028694,0.5532337829731346,0.4300407364219231,0.43769281398306703,0.4928072234438756,0.5619281425924847,0.39838756160710725,0.2626531191148289,0.4543586245964288,0.5284535296428365,0.7401250262637347,0.48266213459539553,0.6753826488726208,0.5174375811414875,0.5029762818551698,0.4017240725905332,0.2849477690746205,0.3541016992191003,0.11004458487071592,0.17988558519195563,0.17880675949865643,0.27584271130431537,0.3023604906226265,0.3747958284342192,0.4198759871786244,0.46914330549711014,0.5466567852246742,0.6093379886432368,0.6642270397409002,0.7399876886472604,0.790013317520651,0.8304528861977136,0.8885318549240827,0.8321936646493432,0.33682291306419204,0.06305857978253593,0.2092032745290726,0.314638323452028,0.43107312553227506,0.5246721134183638,0.57002965089971,0.6064471082259439,0.6375499691612181,0.5952503682346613,0.6412272557621701,0.6141203121622668,0.5778510799782376,0.5377104378001037,0.4767796684715379,0.4619588408290649,0.7990908242311378,0.8304141978222476,0.8750320833493106,0.8111814656487193,0.687589465623416,0.6102835703673841,0.5431719778988096,0.46139456807140045,0.41854371682224767,0.35561397934193995,0.3095503313842216,0.25484248695808187,0.1659438337622381,0.050604857279812676,-0.10898916928853775,0.033185022368494466,0.641117699485728,0.8483955800640786,0.8633649160370966,0.7840730017758799,0.541864102702283,0.7251326201916288,0.49239602263035526,0.32391571364625427,0.0,0.0,0.0,0.0,0.38540852883063703,0.5768508764305766,0.5204161541744121,-0.08876984007291971,0.23128346162266994,0.5820543922372985,0.559286968892015,0.5090880085606305,0.48558577534136615,0.5315999141732926,0.6016268378588867,0.6282398489101961,0.6484653139088525,0.7732402679589829,0.7757985965339922,0.7582876862082519,0.7908311564015076,0.7972434663838006,0.7922878212130369,0.6601217636167909,0.1852992742633403,0.2811860516515724,0.26944735342725545,0.3517463840775157,0.5584102798369643,0.7373272279834517,0.893154650251677,0.9854805487660696,1.042316078601185,0.47894463764733636,1.1816926856375058,1.2115358841745705,1.1830096168696844,1.1003673633978996,1.0155359040010479,0.816596035550408,0.32737900193118674,-0.02712066188338047,0.1386895419346652,0.36537263523295627,0.5612244167926574,0.6943927766550264,0.795306463966932,0.8251998587195446,0.8615376921923223,0.8366529953160771,0.8162422858456457,0.7156692517074373,0.6551071711653148,0.5888674508283727,0.5062135582413696,0.447428276713735,0.32084452689366905,0.20058849695108316,0.27230981836845525,0.3996263457246463,0.42120863470857317,0.4602468755402128,0.3150013534476547,0.4112162806665839,0.23552176242332795,0.33579621326900266,0.48558047035516455,0.32343425720712865,0.2502220478223544,0.47907824136605615,0.3042793545594943,0.22930431834226722,0.34497592174790565,0.6125540784400307,1.0510551110355293,0.8549319045816886,0.7213493579381093,0.5050652935890194,0.39175101440043125,0.21473464401650966,0.10639487037975082,0.06118682464372238,0.059105772774423304,-0.016885796105906126,-0.01734405374731729,-0.049520717352736776,-0.029036894211962094,0.00044728943938121546,0.11657624114418469,0.5558140711414021,0.81200818667987,0.7457551609313966,0.6879892646863718,0.5601635430346037,0.37343587506282727,0.23509613622475878,0.15179420021316448,0.5625080338731739,0.03747134372667915,0.020879661196379296,-0.020306340611593088,-0.017040267395107334,-0.0287996004548019,-0.030225545851757407,0.005533064500977958,0.0737534059608258,0.23843165807189803,0.4399199320503023,0.4722449212411586,0.42007928442902376,0.3103313931659579,0.26317440703664885,0.27102497651469504,0.23969713706630547,0.23837469941474154,0.21018827287989916,0.23831900166858078,0.28187058506552654,0.2935330942663731,0.32222267566458496,0.452646530783052,0.49322248410027325,0.4252795851316017,0.33679245270864433,0.0,0.0,0.0,0.0,0.0
2025-06-01 17:56:59.014,0,0.0,0.0,0.0,0.0,0.0,0.0,0.8816651959412916,0.4600955696379295,0.17016348392323577,0.06091549048719913,0.04060070595692378,0.08655090449276959,0.21990627652642514,0.31180469901725894,0.41594683447751757,0.5429312431516531,0.6332707331446963,0.7486631205341917,0.774661617273432,0.8064621589521709,0.8500019078306513,0.9132041910845242,0.7270956487977565,0.4487898334340145,0.16335374088679977,0.06742565059090222,0.11977341158049537,0.18465001779345647,0.2953888082962426,0.4076223046171834,0.5243298194904624,0.6069672561325969,0.1366847363116584,0.7494252330909897,0.8034668569060675,0.8399052264628152,0.8508648446729012,0.9766047198764857,0.7523522047386999,0.37354000212691896,0.16989521747664937,0.1542004447461054,0.1899341057732733,0.2966458613342007,0.3424414550421657,0.39016588859795953,0.3779281277564239,0.47892116483800473,0.4657377762584243,0.509386035336392,0.5770315879849843,0.5519682059389306,0.5532946920620175,0.5422514812540149,0.48411264959424194,0.39692573671439124,0.35458382335314775,0.3771652185144925,0.4452895534630752,0.41656854440465335,0.399788703105905,0.40015845320056737,0.632755037932944,0.7013393809130617,0.4336434736546948,0.5440552115001809,0.42805600884655,0.6253795903873238,0.4071201008519386,0.3247165564536091,0.3646072417977874,0.0788398916718682,0.11294189228238993,0.06762277812118023,0.18627485823446777,0.2221803024907345,0.28567462590862136,0.3330397233172637,0.3838451142100314,0.46289731852862315,0.5405941610761187,0.6083922459400308,0.6806702163926645,0.7415218638299108,0.789698964010197,0.8627300393551657,0.8192622578478811,0.32261954831959333,0.0014563575925253813,0.10912215912021694,0.2069938045494888,0.3233492614409317,0.42567295469799094,0.4684768325639732,0.5086713148376232,0.5499207090976532,0.4840889934050759,0.5711395682116183,0.5510937589823212,0.5297871249350988,0.5056508695016014,0.44501813744668245,0.44080879618541435,0.7343545476313611,0.7209703598412743,0.7334130318628964,0.674109513461224,0.5665047912043886,0.4894280285577366,0.4320774501133062,0.35750676387867486,0.32892430982253384,0.2705193901291687,0.2319336399402141,0.1976384787888945,0.11734364152324406,0.013200786034187617,-0.127964178462882,0.005717284085493823,0.5657772516835039,0.7941057230903102,0.7904420825724541,0.7097078512703525,0.4584440038231476,0.5641053239064167,0.39262617089607627,0.3792261003296763,0.0,0.0,0.0,0.0,0.4163011175884942,0.5249968464177373,0.4060609038374059,-0.08483763139448453,0.18195234680537903,0.5451587927248641,0.5066502924595357,0.4445689819812785,0.40670214415810513,0.44562479627933405,0.5197038104624587,0.5350432421829545,0.5581781708708169,0.6892132648163019,0.7153613387413904,0.7108985777626473,0.7534259289344878,0.7724335427878115,0.7846474981261935,0.69628565567208,0.18569536815414045,0.25330938937817343,0.21042071390304473,0.27405595279753703,0.45974335884054596,0.6328611762134964,0.7675575444735907,0.8400360882812035,0.9287815024905834,0.4591740276782114,1.0827135282979143,1.1316309680986563,1.1133774943312482,1.0668508392742946,0.9800459068394548,0.8036828093045658,0.3599228391339811,-0.07707416823553648,0.05924780813359887,0.2602965592895512,0.44618234236907917,0.580228159422788,0.672132330561503,0.6987305958687917,0.7517517728043575,0.7397098566557703,0.7259166850884309,0.6586911714477169,0.6053234757991633,0.5549750344665547,0.48184203853769736,0.43399894955610685,0.31360454257787573,0.18953003321433845,0.20337615685775878,0.33301032222641935,0.4851900004222929,0.3709976071172887,0.3911950114557915,0.30429247259329495,0.16371486889596942,0.3201852508819123,0.5262288412544982,0.41513517422882656,0.2670423829305109,0.536049786373472,0.3358459406057476,0.20902409179447573,0.32099399703380166,0.559814368737386,0.9364530434908247,0.7608228265671104,0.5888246930947364,0.4049146593852966,0.26823455458332535,0.12274180758920616,0.03046594198041319,-0.020248845508162416,-0.018445958741429846,-0.06922055070036204,-0.06071346020974111,-0.07239481508932388,-0.05114537023660559,-0.012724377245282747,0.06958494838879731,0.470934333612859,0.7313455695269493,0.6733265839311726,0.5754807544466706,0.4359737938674759,0.25274897221554427,0.1232089354066308,0.0376042085769106,0.4419592132535529,-0.02744412226827242,-0.035800736171883285,-0.06733742412218424,-0.051529221029412264,-0.03852201797174959,-0.03233010760243771,0.013713596982949439,0.08033254414784213,0.16544250761923818,0.38934589979270734,0.4047982517445281,0.3341727690609855,0.19476830883101526,0.15629799185007354,0.17244491522384808,0.15348951157331414,0.16953944597663817,0.14458231049306058,0.18449908347150434,0.22786805321627668,0.2589576817279299,0.30358018838572387,0.43548243516557966,0.4886692203283325,0.40218754935160383,0.30752227979604496,0.0,0.0,0.0,0.0,0.0
2025-06-01 17:56:59.016,0,0.0,0.0,0.0,0.0,0.0,0.0,0.8281811111136995,0.42068205656991153,0.1610442245281264,0.08719912087041781,0.06515463219030915,0.10402000866048045,0.22637054895850317,0.3087165922070636,0.410837629621167,0.5312899701335805,0.6129445518495655,0.7212569855110135,0.7472632428266273,0.7784948312019526,0.8055145823470198,0.863834303866977,0.6906666112316422,0.4335893541342111,0.17701050121840656,0.07963902047488947,0.1241450365923149,0.17652214900320162,0.2822874980331498,0.38289280755346633,0.49855120629458627,0.5683222346028938,0.08943958058347917,0.7005132323932276,0.7583790878481356,0.7917875150415156,0.7945151161387762,0.904043803936409,0.6683466764302999,0.3631621876278688,0.1789317436240857,0.15511523425581597,0.1769204731662064,0.28136797085193677,0.3216134681916436,0.35267261865914423,0.3595320764699108,0.4350866336626684,0.4237036589343177,0.4747976603966114,0.5511030207026779,0.506149040396128,0.49154830556860785,0.4917411715478687,0.4544403894396931,0.41642082715664064,0.36150793672951886,0.3691294163318406,0.4220481809879002,0.4543167949943904,0.4683472172511495,0.33543037799681125,0.6457989082390344,0.6091692116498768,0.36500247151305043,0.488758460429363,0.40868645613694127,0.5829140061833415,0.34793865453556017,0.30748772236262245,0.2929960253247489,0.0993158268330018,0.12950567781880906,0.06681030371640939,0.17162607668783236,0.20336485828286133,0.24948184906122783,0.2950774235011213,0.3394247062655078,0.4202933310332375,0.4965634374152561,0.566887449869145,0.6341563380969318,0.7017746762425885,0.750262858268804,0.8164136550540365,0.7714633624505411,0.29709008510169876,-0.015170637432944556,0.07922578657856638,0.1724702903302855,0.28080794010106525,0.37815450707191456,0.4197962700661444,0.46528265901850174,0.507031310359553,0.41351717299730845,0.5326474707379114,0.5161411054160366,0.5016747659717246,0.48110779450462504,0.4249009229996998,0.4272930755681321,0.718480901279786,0.6856952897697733,0.6853558833900029,0.6181034298433634,0.5189542981667772,0.4339197559068986,0.3803267390224834,0.31488457331313313,0.28833609249923464,0.23045800683001216,0.1918020144578929,0.16438497853212808,0.09239410505997636,-0.010106391412857518,-0.14013771351772464,0.0006710293106820808,0.5445390046352473,0.7717944145083351,0.7635919692570923,0.6785388365058695,0.5059439746226673,0.47196374598017826,0.31379888888634194,0.4169082000965665,0.0,0.0,0.0,0.0,0.3710488651642101,0.42707182916885117,0.277950704072888,-0.09144143353365558,0.16446050305385046,0.5298318666213955,0.4829349979695842,0.4142270562199487,0.36872742995496366,0.4016645209309635,0.47278241112546837,0.48884966833074817,0.5058232815850268,0.6372295849506049,0.6764655860302478,0.6850751590462192,0.7337913600470902,0.7604439552385664,0.7799122450313651,0.7086458192014107,0.1870982447799655,0.22977344560807167,0.17595357195877637,0.2295219848500174,0.4030946568350615,0.5699780328112358,0.699553966629634,0.7721585154351487,0.8659507433857521,0.515685730833215,1.0326001554190398,1.0901001516783655,1.083435197131403,1.0493853167006635,0.9745561838056108,0.8083006839050407,0.3959633578069457,-0.11608727829131438,0.0040033812331355945,0.18752594429731784,0.36434260345810743,0.49565527295973166,0.5901542989987454,0.6198427889449041,0.6784879420800012,0.6790839446371026,0.6741551473771681,0.6268313666475777,0.5798389266030793,0.5401375780780968,0.4722259830249368,0.43384718297934055,0.31824364029131375,0.17599176716162934,0.14842784392700048,0.2745205339718546,0.5176999832416334,0.3588223873275289,0.4494349763975387,0.29858848569704044,0.14249679717413255,0.3244289100949207,0.5086149506479192,0.42622818518165956,0.29673505693523766,0.5815424811103596,0.3767355534090103,0.19215112832346387,0.29820407416279876,0.5213759885251856,0.8516962059259345,0.6874666458269363,0.5033348368502136,0.3422271123735541,0.19686993973651945,0.06914792189437291,-0.023833642731433846,-0.06694071380606137,-0.05374942658939186,-0.08233620692377053,-0.08175225866955926,-0.07346976419366236,-0.05633222747469491,-0.029672725510251463,0.03197787219269027,0.3915133297419762,0.6634717919437487,0.6155804926343993,0.5035323486160882,0.3598307042934352,0.18583490321983032,0.06907525372817092,-0.014222338376540744,0.34365596637356166,-0.0391389638445887,-0.04756758031210895,-0.06705572464806453,-0.038279731524984206,-0.014453472637061426,-0.008054392962120627,0.03227783929929645,0.06076853540164612,0.08256428456846876,0.33604414829593526,0.36186682519183777,0.27194834540168134,0.13280394622523484,0.10261196131718275,0.13338669163355177,0.13342032888084487,0.1560317253094352,0.1411911455686179,0.18025298684068836,0.22770476895575986,0.27077429548571563,0.31129121648444125,0.4386218354057689,0.49345441406761703,0.38725324617451395,0.2817952241795211,0.0,0.0,0.0,0.0,0.0
2025-06-01 17:56:59.021,0,0.0,0.0,0.0,0.0,0.0,0.0,0.8777030169904156,0.4301562680877198,0.16388249606121597,0.10071042210926606,0.09680740423244594,0.16856361313516566,0.30031303320950287,0.38478640020832544,0.49707690600257315,0.6063439284123511,0.7008465110807176,0.8029382030208275,0.8332634454069112,0.8551742929167706,0.8774827450505956,0.9240736529487669,0.7326924787974108,0.4413768545395447,0.19510739365812113,0.12876921695720422,0.1903026496020772,0.25574535092744544,0.36735335721599194,0.4781837098880575,0.5959191017445411,0.6632428897209235,0.12447165032177421,0.7805843455727525,0.8391284401599248,0.8654155374409481,0.8590915135730488,0.9738281524875904,0.6754837445344175,0.36355986393312867,0.19490405437805391,0.20209537956272228,0.2721137316111739,0.37009145548947275,0.40932133576920915,0.4359166839202515,0.4415994650302033,0.5191106206146117,0.5171680806189589,0.5580867533551678,0.6141693923402073,0.5764453914131542,0.5429731441412707,0.5317267382247652,0.45761995028187763,0.4184467887122142,0.39629152984260785,0.42213023128508786,0.500122091433296,0.40239398455434644,0.5367595164560385,0.3709044631491511,0.6947374492197815,0.5425928020858727,0.35647832361733156,0.5679419532402071,0.5462224260254016,0.5696207344283101,0.34530542242428075,0.3959577929710867,0.31913204366617376,0.10207685773138805,0.16600231480393812,0.13492646082722226,0.242525878003361,0.27313090520293337,0.3205769516933321,0.370113708090249,0.41630553749161403,0.4970218077019386,0.5725799245336922,0.6343181866822849,0.7056568641665827,0.7713485556601067,0.8227882028397104,0.8716220093010681,0.8268146114010382,0.3005290287112786,-0.006023611959771191,0.12804669175376882,0.23972485874842175,0.36363099051489844,0.46090121119285854,0.5093966696988614,0.5578919114787788,0.5990624208916764,0.3819091808753183,0.6148987928956857,0.5953683327260092,0.5728299078631433,0.538554730185096,0.47764230552524517,0.4689364130495385,0.7565808541569972,0.7571378268029508,0.7906006751449048,0.7332938677925716,0.6379526402950539,0.5442923854113981,0.4949961334717652,0.4229231255670731,0.3896257809507062,0.31962115674290925,0.27429584270277085,0.23597898255604166,0.15312104255157433,0.039960439784230695,-0.11352738695883424,0.022069567567323534,0.591023446078013,0.8211255504244424,0.8372541484033904,0.7535326594503016,0.5364665901107633,0.4209827020217783,0.4356390087763706,0.6790893983667227,0.0,0.0,0.0,0.0,0.38339852775065575,0.4087794122799571,0.26416082390267503,-0.07335838380728843,0.20807087239825967,0.5653907236950041,0.5294144686592153,0.4752491615769566,0.45026525338108847,0.4953483417839264,0.5704010835145445,0.6029993692989741,0.6108661016788131,0.7438062510874124,0.7580075985923955,0.7536183761420447,0.7958204490736809,0.8048969563838171,0.8152540943750617,0.7324423199816537,0.2102373286438869,0.2687304043430423,0.2384770284569785,0.3100767814132377,0.510569826904574,0.688039221086389,0.8358614920582617,0.9182016817235568,0.9924793322543912,0.6404752787549497,1.1435066221240184,1.1805914925761143,1.1595929817858144,1.1042783544814143,1.0142165921184005,0.8289539732656228,0.40913352132393643,-0.06425869703143444,0.075047809243461,0.2758961550297305,0.4679359099415743,0.6101757827395387,0.7145379973488835,0.7345842128213074,0.7843199187288863,0.7731366160273834,0.7583003993367878,0.6960751778497346,0.6283561463031732,0.5773639613193022,0.49995760510794796,0.44470893544216605,0.3183618691122683,0.1557782178335858,0.2044435541974854,0.3421511831568056,0.6041367428626045,0.3861270596161579,0.6059708058607447,0.28067053752862103,0.2955162702981063,0.41581049840855167,0.6854119052683687,0.4822896716839055,0.26001351696327296,0.6534644427629444,0.37393209567773844,0.20044704703534283,0.2884282109958679,0.5218029416277731,0.8909920678614442,0.7429671016895081,0.5719378962636067,0.41776490183863824,0.27436525961797864,0.15533711553669893,0.03468683709535658,-0.021797921314851143,-0.0001480921931114043,-0.04402145149105996,-0.056468649937944315,-0.04320790552855558,-0.035719687569044756,-0.03798325465464669,0.02973446006414432,0.40493627717811637,0.6903326273735532,0.6562261998412511,0.5636705469547499,0.4489378979110692,0.27255740455153044,0.1538795399942281,0.06161508877726596,0.31266991387355914,0.026944352458454945,0.004146890767994016,-0.02412527213054183,0.007146517717239731,0.012784526686368314,0.020325979280630846,0.042827627440195914,0.0671592089284398,0.09084478918694561,0.36871979673252525,0.40606519391803353,0.33373454886898024,0.21693940405241263,0.18641995081243756,0.22413833660029825,0.21157831579614128,0.23492447973058495,0.21938525968547773,0.2455637646168869,0.28045588150060663,0.3238877959355032,0.3432577649144781,0.46939804170478167,0.5263834140819711,0.42083279001840446,0.3525067121248777,0.0,0.0,0.0,0.0,0.0
2025-06-01 17:56:59.023,0,0.0,0.0,0.0,0.0,0.0,0.0,0.9103993476179851,0.4494435270855932,0.1675316946994706,0.05624052697575033,0.05102829931664654,0.14682013517588965,0.2890322603414043,0.37718693764824907,0.4964494200184787,0.6076313159683266,0.7205521430764403,0.8183090626631412,0.86286860526656,0.877963893400653,0.9100166944148765,0.9478907647395202,0.7631526881939518,0.42186134559313876,0.17079164357569954,0.09709421831043274,0.15354879157174128,0.22563961664166077,0.34180232765719554,0.47020423175418924,0.592111315710039,0.6619944100596402,0.2424554106208342,0.7880483991864832,0.850233930630937,0.8819081492300492,0.8824267943436712,1.0062138052173846,0.6731109162091038,0.3290025339721959,0.1588919983807754,0.15698622626464043,0.24483656218153027,0.35428039508704057,0.3954017223421096,0.43125890618226626,0.4373538016284746,0.5233846966802203,0.5417334381920473,0.5758711493186403,0.630228425583604,0.6112148401474453,0.5564094837833338,0.5696250466767978,0.4033340271540584,0.3774178408105285,0.34424380024730417,0.35927835447275935,0.4276506753559013,0.330408177153184,0.49919575211145906,0.36672374323166085,0.6699178335405205,0.4687147054682458,0.3041124627707351,0.5748402612560366,0.5299437082962724,0.5817145780758964,0.4639840680566849,0.43421096656428626,0.35540057232237443,0.0773290651143019,0.11068086785692022,0.0774346519334721,0.18066172680613346,0.21704626986195485,0.27031012910931507,0.31730505495115513,0.3678130617469677,0.4489889574796444,0.5370554558180636,0.6005238741281844,0.6799988853590836,0.7505135518898562,0.8228701432708829,0.8696119219182167,0.8399148167449125,0.2653998764251198,-0.08767389896326827,0.053037946194707475,0.15743532077901112,0.29690993267110977,0.3906267424171852,0.4585039621786904,0.5100426854021918,0.5597036287526111,0.3752900873132899,0.5921921410462954,0.5797429221521645,0.5678056871354732,0.5391359671283104,0.49067623508804853,0.4785474899959654,0.7134309430905363,0.6932318697241496,0.7201425222787683,0.6663786490108647,0.5861400065394264,0.4928889547756252,0.4517117145986478,0.396614065340132,0.35447792731857786,0.29289750098648537,0.2513837488113919,0.22204658791007992,0.14178384609983863,0.036979760516641424,-0.10803959083523973,0.014675321949404074,0.5635201777506459,0.8001059624366602,0.8138009220095461,0.7336998909884227,0.5420863767896578,0.4049349465818513,0.5976183592367814,0.796883466072486,0.0,0.0,0.0,0.0,0.46961022112208706,0.4000137478924202,0.30773027044135237,-0.08796128831192701,0.19671658554256483,0.5554390459232649,0.5206336939610381,0.463179650402023,0.4315814132468334,0.47986171940335587,0.5396396511942134,0.5797755656992476,0.5806449242363585,0.7212042425147911,0.7315290591770625,0.7335664429917998,0.7753271731452211,0.7839462034629812,0.7832339836444182,0.6753142479727492,0.19929559404307756,0.2773442055293902,0.2536606516556005,0.317561211254229,0.5161327179706883,0.6825072863501234,0.8289315232976713,0.904307482676421,0.9721991383054045,0.6319195774365269,1.1185238802517046,1.1423825163418133,1.1269887660424505,1.0680394110127422,0.9763865834415743,0.777162291511198,0.3591173907236398,-0.0472808374593387,0.11677883625523267,0.30113165007321196,0.4913768672651244,0.6285097649074805,0.7312841248225204,0.7393792052958015,0.7733859133030023,0.7605368673248836,0.7462414818175274,0.6809905478249666,0.6018167639807531,0.549789503048417,0.47483557517680053,0.4113927633706691,0.28177905442820167,0.11393026873868176,0.26870299383056073,0.40083520693594443,0.5954651793956693,0.331467386361637,0.6145069728139518,0.266233338776822,0.3859681936444633,0.40138375737326615,0.7516555795626783,0.5198895962804233,0.30739103712880056,0.6136037096351552,0.29371175276797623,0.16997971105055493,0.24979439074507687,0.48999435073433534,0.8944044964196651,0.7659690852791041,0.595519746952942,0.4351292599991865,0.27924779672641087,0.16061027130374694,0.014732929504484238,-0.04851999580415822,-0.022712736789603172,-0.07172392114866621,-0.09362762262782076,-0.06893445004195009,-0.082786672517146,-0.08697083453963567,-0.0005283703835489706,0.40314620960148856,0.7065019113913997,0.6679482827861729,0.5733814596300272,0.446739135507622,0.25711773800026516,0.13724208209827982,0.03209331389347736,0.293902289329402,-0.0017935578473196045,-0.029598908817188407,-0.0679141876016256,-0.027878344000829003,-0.03081087337474564,-0.024268216134382903,-0.006161688899226303,0.029829117197795796,0.08515756742348723,0.3883519498663823,0.41663370493156415,0.34236842405824586,0.22060247799530375,0.18286141473236905,0.2181747659979656,0.19517042658249228,0.21773352803038204,0.1980348703031185,0.22121616226262075,0.24598620082017675,0.28755390138765013,0.3064173139425702,0.412386793795175,0.470475390034909,0.38793807882179665,0.35133482674144667,0.0,0.0,0.0,0.0,0.0
2025-06-01 17:56:59.031,0,0.0,0.0,0.0,0.0,0.0,0.0,0.7993699154436396,0.38066999264767043,0.15187538133853806,0.08014059438019117,0.098759590996223,0.19570060649040333,0.313684909980367,0.37833895932610395,0.48769223836987663,0.5847182995227642,0.6969490907786644,0.7736812826091343,0.8105368869276963,0.8149983369994604,0.8400349244121291,0.8511535524393616,0.6987342937337548,0.39232167892404984,0.22501589059198923,0.1607424671140899,0.20735381020374577,0.25389915781944294,0.3516616498530123,0.4687481123306205,0.5650303506747922,0.6249909567379806,0.37872427266803244,0.727418535284163,0.7713940712409189,0.8018953486117472,0.8022093950648665,0.8799821945386791,0.5828335033589349,0.3183873103020828,0.2222865555868565,0.22033329371680233,0.3075650925186726,0.38542159962776346,0.3939931799118701,0.4231372289323698,0.4238816655519635,0.48470513047117825,0.49144588169811576,0.5208109798864614,0.5866218368332221,0.5288096938099405,0.4703928481459958,0.47001687965657307,0.37519648396473304,0.4093734212869624,0.3812635683079665,0.37991334689786127,0.4204859939964112,0.23514276896099456,0.339936091593257,0.3105748563146828,0.4735127824305463,0.34911742601272133,0.242807682838644,0.5001241961150056,0.4651394853242163,0.34050109272218076,0.49027829765098363,0.4126425258389532,0.28644531020527014,0.14710405351374098,0.15057448682105268,0.11069834898186626,0.1693298554823126,0.17978035908049472,0.2315913904543856,0.2639438838283552,0.30346264318709415,0.3780972594743306,0.4688177807363454,0.5334821901400102,0.6060250348449775,0.671585849717415,0.7534205002331247,0.7853916133949687,0.7438213452627923,0.17464752525010324,-0.11330256835693431,0.023683253120774683,0.11469864435233945,0.2457096930055036,0.3246271757092374,0.39084068485929935,0.44260667393684283,0.4907559250799949,0.44793994037635215,0.5291831241074665,0.5222442662455552,0.5168518604468394,0.48607121207275183,0.44826775555415016,0.41962014498508593,0.6556204914469096,0.6481990224354651,0.6530726293950471,0.5821480433098298,0.5163968101504002,0.4135950889151039,0.3729612998238112,0.33196245237366195,0.2803468435843339,0.23340383262170672,0.18892991928438652,0.17101103725329425,0.09174334929523553,-0.0036643578257335996,-0.13471386504985794,-0.02051989335943208,0.5271000872611602,0.7564247386129598,0.7596323494904358,0.6797919879586249,0.5666198975773118,0.4572015118066644,0.7329140195182156,0.6688644760403248,0.0,0.0,0.0,0.0,0.5220903261129319,0.26012104045400214,0.32055833634750985,-0.08785948818562023,0.16367098008748288,0.521273768407143,0.4834456666011883,0.4116352175920234,0.3689766701343362,0.4172367611539296,0.4688919869837891,0.5141212487240239,0.5159122438853272,0.6734217494302515,0.6911741790652688,0.7059453013649333,0.7530796547527261,0.775755860877194,0.7787133805369717,0.6781644096297801,0.2002917853535356,0.24476078285450265,0.21908981275054795,0.27079359915901424,0.4521673543087912,0.616849491275556,0.7597437570254759,0.8434966319648385,0.9162252477885111,0.6628334105384874,1.0782277431770941,1.1089540137970362,1.1123118278828048,1.0491135316137936,0.9818712465822551,0.7810224314314722,0.38195968276585635,-0.09802544430949678,0.05931615210843477,0.22874859614837595,0.424302322406076,0.5579679850234485,0.6673916448685278,0.6852240975914039,0.7135866531314843,0.7180948165993035,0.719526103768322,0.6641787701593694,0.5926670226972782,0.5444170655799985,0.47840322917203404,0.4169399721405016,0.29558318685315926,0.10805026094228909,0.23167283388985926,0.3564995478314238,0.6049768298352849,0.30680996680238337,0.6678093783688148,0.46922802100573435,0.44110057927890206,0.3833849069599653,0.6259515309313859,0.5106359853090203,0.3536881346455849,0.517770718877965,0.238201893707174,0.16609213617029778,0.25594700478898746,0.4582581007993714,0.8311182944958151,0.7168770236250215,0.5370816292296207,0.3825393317368797,0.2220632580333477,0.108222558036837,-0.0345265306742919,-0.08774855679996318,-0.055356849222384596,-0.08134490787184778,-0.10828441699913405,-0.07426218755322078,-0.08790124184442893,-0.08896811729415777,-0.01521822929825467,0.33967923158434704,0.6529061466400208,0.6109705316193994,0.508795300870612,0.35413987819088555,0.17253521846253062,0.07575313592865185,-0.017078298469033415,0.25649427015960635,-0.026570806236314803,-0.048950226204894864,-0.07928964042035558,-0.024879856354793617,-0.016768356404405105,-0.01618030010275917,-0.0030245815320374403,-0.006538749131569266,0.008791240632324282,0.32401042713530864,0.35426476430585485,0.2800061472802351,0.13977594641225122,0.11848900050932576,0.158767602761114,0.15433305567483369,0.17955035465948654,0.16801311628506177,0.19521180214943,0.2308600848578366,0.2800271693265629,0.2995082253638668,0.3900953818373721,0.43140980194301093,0.3249275490988365,0.27779040109738085,0.0,0.0,0.0,0.0,0.0
2025-06-01 17:56:59.034,0,0.0,0.0,0.0,0.0,0.0,0.0,0.8314828195885757,0.4089714206237983,0.17516362741317792,0.10364594603116595,0.13147866279466514,0.24550302432983584,0.36373458314911866,0.42676427305956643,0.5410087419492405,0.6308667800342886,0.7510069129793115,0.8221917956704944,0.8585033507896489,0.8581059871694111,0.8823034228672926,0.8917288052049785,0.7464099112224685,0.43268810147375975,0.27691366380215865,0.2322268662073418,0.2905138526175395,0.33914904765817844,0.44198992724833674,0.5613042410965017,0.6465286989268038,0.7071981591335872,0.5520940997943489,0.7854034087870102,0.8188374889687822,0.8428494188701997,0.8382769834490451,0.9178407554225653,0.615031501217602,0.35079107749021565,0.2934326277732642,0.3027032382971724,0.4133230847176068,0.500703266282591,0.4989869041489745,0.5073825233467444,0.5043977647783922,0.5577767862495604,0.5513837860673054,0.5654731900863478,0.6242830794052513,0.5230317341711359,0.4843368583422255,0.44160050217137065,0.388965662274646,0.42460637558679026,0.43485530902340164,0.4472243654120851,0.4994091934647771,0.2219900476869331,0.3308502260397872,0.3098750272681507,0.3924681137571602,0.40964651828824605,0.33478914950881955,0.5085617307464138,0.48761690058779955,0.19166856550248781,0.6285955345625441,0.36454546397064336,0.35021784989248184,0.201865246799486,0.20455539426335967,0.19231238702238662,0.23042242767600518,0.23679125503240916,0.2988253118081692,0.3305767991917756,0.37305485544435535,0.4465139264224516,0.5358041809940248,0.5982517895608364,0.6699994613764381,0.734754432252374,0.8144048904431669,0.8340869302325046,0.784746372107974,0.16084449412987506,-0.157980267948302,0.03789999383764142,0.16695673119805643,0.31336851638550933,0.3944915873820536,0.46942778339187186,0.5266910729542524,0.5731360268088219,0.5357536201898017,0.6077556341572614,0.5983599246777082,0.5808160661049969,0.5369528595700758,0.4940831249773961,0.42430756919100954,0.6229373137742718,0.6602716601629087,0.7090023067971152,0.6533232465164638,0.6055485493428476,0.5045164982307624,0.4649035324818449,0.42229547149915936,0.3630055779389816,0.31694932932365827,0.26501231749918697,0.2389345834252341,0.14313824003993147,0.03393143551352773,-0.1132416618585238,-0.05044702994803102,0.5383881939192763,0.7732705286872776,0.7918267243479353,0.719798565548804,0.5305067942612476,0.49430457733957894,0.8222107455989376,0.6724811713727323,0.0,0.0,0.0,0.0,0.5938595925834845,0.260237657702927,0.4334583206195596,-0.03130821641053194,0.189715148845582,0.5352231728543677,0.5101463673306228,0.44815701635188565,0.42100083102198305,0.4843364199818798,0.5529485927463988,0.6135513563280952,0.6229106501731612,0.788492325871943,0.7846389374747764,0.7893405984981128,0.8267945696773527,0.8470700081073801,0.8421971653110745,0.7630632209753425,0.23540266314471592,0.2648136352549478,0.2661424204491136,0.3347027495521715,0.5411485420060851,0.7243267332074654,0.8903380462609962,0.9951045531413236,1.0496551563827972,0.7093850514681588,1.2059596703435083,1.2239381681016628,1.2145877685288327,1.1182713899871892,1.0498446737320064,0.8337820724333628,0.421635286532535,-0.06607175889132577,0.10067329264882885,0.29362699063019115,0.5249247059385012,0.6691800464107345,0.7933625775735496,0.8153420771305673,0.8260331484391661,0.831282369536821,0.81764739415912,0.7513420334858306,0.6572084440987785,0.5962475418524673,0.5182364141410036,0.446134962317584,0.30967431687117086,0.1180804005021878,0.27477885345173747,0.4196990627470705,0.6683804223632851,0.32714321498233234,0.741016201342532,0.6844540772412041,0.5411768211680339,0.435359363341033,0.6324390534684554,0.4890928345545093,0.373365217882634,0.5224176475929354,0.1930574073527173,0.17206611092082064,0.27353496049875153,0.4762028804362031,0.9141458237315685,0.7908348162356509,0.6364688674185573,0.4929583640864108,0.332610302083963,0.20243029782487598,0.05090968589979372,-0.002864414111596547,-0.0006540251919628925,-0.022151492341990542,-0.060570942822988694,-0.049550253877482464,-0.06730070617101247,-0.08369295349023625,-0.0035255257722835442,0.3658056432904789,0.692989502997721,0.6632485075193466,0.5905899362969323,0.4480708338267638,0.28559717896145553,0.1766592624408021,0.09257197435145303,0.349947180542448,0.044440068518490694,0.017337384071143047,-0.016215946011281623,0.03070558326265116,0.01570623728129339,-0.0040092001648549536,-0.0032314577730588323,-0.013043681878471158,0.04430731766368201,0.3675553599507125,0.4118015402361491,0.34962110227601606,0.2413349070637001,0.21953271042414868,0.24549666000434422,0.23437790850830376,0.25141553615239953,0.2382817657105485,0.244488570578832,0.2840467467197343,0.31550666011741535,0.32348104899518737,0.408178596648853,0.43921944133021695,0.37548008451620685,0.3482369870727877,0.0,0.0,0.0,0.0,0.0
2025-06-01 17:56:59.037,0,0.0,0.0,0.0,0.0,0.0,0.0,1.0130009318074462,0.5532906150874437,0.266596214309086,0.11082605148249303,0.13147452800813653,0.25454013328533487,0.3911913714664129,0.48388212067114766,0.6033837789782149,0.7165851006665667,0.8434441065729807,0.9341149629376734,0.9765470763540034,0.9812908607679048,1.014830920937972,1.061897664454745,0.8979498025879936,0.5361326142242893,0.32837481983802064,0.2747441894778372,0.34928854117868213,0.41380358475651,0.533432957917477,0.6849141383281554,0.7684751557988636,0.8408548847770321,0.7160053811596857,0.9216035578717806,0.96077638911197,0.9782519733507103,0.9662097502597047,1.0850939132685475,0.792826270122833,0.4101295376046471,0.3558459773790711,0.3408165521006823,0.5194066808866953,0.6002091425292808,0.6318997749683619,0.6362070014188768,0.6335684556408241,0.6918324388085437,0.6840323327592566,0.6698138623959592,0.7048163301926839,0.6034216813415298,0.5809126963020474,0.5114105367904906,0.42307976702546535,0.4193300325494773,0.4570505394060148,0.5156153557782313,0.5941266260584237,0.4013413829838231,0.3687295130756215,0.5035370851409764,0.45555638709928403,0.6005305505409116,0.5290091568749269,0.5901510476833488,0.5506535399922732,0.22786531779148314,0.7510468438703327,0.47476469456934645,0.4984178219053775,0.20299080994822208,0.22703458024380574,0.25220042787425667,0.3021055038186313,0.3276106630256166,0.4112633287774199,0.4505320801716539,0.5001413161329669,0.5720157903287233,0.666049958563538,0.728583164070743,0.7972607160946991,0.870354895522415,0.9447889596957628,0.9594831739309139,0.9272831516440179,0.1995422616001576,-0.20903914498025034,0.053681917824267344,0.23726930146584513,0.4133262159330433,0.5149600770699712,0.6025853397098273,0.6632157722738707,0.714616304682204,0.6667141294551653,0.7430916364848312,0.7290173339909259,0.6976488189144289,0.6486607732239217,0.5836810189616468,0.47862789290316043,0.6005915893870268,0.6680788674890629,0.7938113945519985,0.7713658079621475,0.7387552406569802,0.6511248978679209,0.6169288081080984,0.5720341202964159,0.5110287899156842,0.4578184038232931,0.3971595516359474,0.36354480043390347,0.2512312922533497,0.12012803015977214,-0.052639266656222095,-0.06375540871598398,0.550665127178626,0.8120649051369525,0.847404627220341,0.7920107416574032,0.42241042242732935,0.5149344561154072,0.808773392518557,0.6514979610667567,0.0,0.0,0.0,0.0,0.6227830350977498,0.43975839297876135,0.667099556493869,0.032707729754121395,0.21753087399541432,0.5638689888164096,0.5548866929466294,0.5146168325924448,0.5154322502679682,0.6081161998550619,0.7000109018752538,0.7746825638786161,0.7890687881736551,0.9665514352102091,0.9327780244688246,0.9118983114886798,0.9315265673543278,0.9335685559504621,0.9226760610762703,0.8598376632602196,0.2662860198653886,0.31292699939912993,0.3510228308152643,0.45507349495959004,0.7057809659356227,0.9180550727940826,1.1152949536262637,1.232757695166829,1.2720843510680868,0.6702743951665635,1.3986603215194604,1.3884830934831007,1.3458946768643443,1.2175500352157909,1.1142698535208158,0.8764359311720383,0.4223051567306444,0.01843759765145908,0.2243622147858032,0.4666276293604874,0.7366248958951389,0.896185659752261,1.0300825445463024,1.0358852558520495,1.0388756607444658,1.0248640133336466,0.9697510319216724,0.8766516062786233,0.7513492226107333,0.6611801432268747,0.5553254521095979,0.4593465229489687,0.2978328437890561,0.14131353365173946,0.40019268841772415,0.5738702769169836,0.7076352348828744,0.3854665644540475,0.7561108435014997,0.7072009502961877,0.709986752740845,0.5409812782854495,0.6433304614065429,0.6071940611010234,0.42590021703834946,0.6240344485556593,0.2700631230271653,0.17482107293998267,0.27800030571116496,0.5149194849501618,1.0882926901962733,0.9427915766953516,0.8377903386417919,0.6913889975540166,0.514616552553981,0.3789430072108575,0.2136578152577293,0.13142196620951174,0.09333793159521475,0.05984716176356408,0.008489848629134156,-0.01735846904578453,-0.05440165163550004,-0.10054844825457043,0.002239178593810953,0.43806341406000043,0.7944849142750329,0.7751568548005399,0.7353411828939894,0.6316169572657393,0.4780274986041433,0.3486201751114011,0.25728880907398355,0.4621344988741657,0.14116615668752086,0.11536453909751465,0.0632400801408195,0.08601328712589262,0.047322097473086244,0.0021455187871523007,-0.022169940308803926,-0.0069847251925850284,0.134028297797264,0.46425679827535543,0.5184396353838996,0.4778306913568513,0.4263926935425353,0.3922491466960649,0.394015866058107,0.36195209332209033,0.36755396557325737,0.3391325163424823,0.32411897751768426,0.3500098523023818,0.35723411203686395,0.35484708413132304,0.4352068140491507,0.48158421724647316,0.48506200965843116,0.48388359010524384,0.0,0.0,0.0,0.0,0.0
2025-06-01 17:56:59.039,0,0.0,0.0,0.0,0.0,0.0,0.0,1.0863428514686708,0.6348201813863402,0.336834925504795,0.1333527591692807,0.15287706075438423,0.24750315360579955,0.3794683009072125,0.4899853753957264,0.6069544675766735,0.7377456272062304,0.8548198038343509,0.9625789145008946,1.003775095085352,1.0211239431822237,1.0585332295467156,1.1306872276496978,0.9717806616942892,0.6016617004057458,0.38719337441620894,0.3134578249369889,0.3931781512709198,0.44904097383687436,0.5699131737629655,0.7341640826404461,0.8094455870463382,0.8884645425592872,0.8476801811479309,0.9806617206731926,1.0217604494965282,1.033152007719257,1.02212031371938,1.1503223591596488,0.9128990718121925,0.48623060974393617,0.4262020164920587,0.4006670181813312,0.5835130099864563,0.6450175103531068,0.7084862211234932,0.7006433273342225,0.7000004676753608,0.7746674424170539,0.7336266799843594,0.71870232466392,0.7304532231410211,0.6225907980259004,0.6132305063287917,0.5377105337020867,0.4661420035065512,0.4741441962462978,0.4964304965889169,0.5983667316175083,0.6776070107905445,0.5289184833250644,0.395407338601502,0.6612994371095315,0.5644315412453733,0.693938967610226,0.561130228268374,0.6916137622092154,0.5585881807963065,0.28825400112339816,0.7771530062250231,0.4700521030263993,0.5439040408939779,0.2406584220845723,0.27521697531004585,0.30384508860852866,0.35441209312118716,0.3869661081647908,0.4710950536647047,0.5044516133444217,0.55491306520451,0.6223061342507425,0.7129660902124684,0.7757678404713757,0.8355310289559464,0.9155376515147937,0.9766699149410605,0.9990250793382568,0.9790952803329667,0.17595987210928682,-0.2306938118057903,0.05010448941795542,0.25555418491219917,0.4378798287611747,0.5631222658550037,0.6479338343707339,0.7094411728950618,0.7675339713716836,0.9185267413901479,0.7944425335566374,0.7757305813262377,0.7400677171065256,0.7039188235653794,0.616574646930695,0.48944781622376343,0.54441223299607,0.6232549532324642,0.7919802211679667,0.796857665803717,0.7795232355718913,0.6981083578250356,0.6706355602799587,0.623593464956699,0.5695278548939668,0.5164932349132005,0.45343833374867937,0.4175352827840335,0.3112524967921553,0.16672729562323896,-0.014877906205529534,-0.08612012331452801,0.5223888686399589,0.8061616521989268,0.8415998829954288,0.7943984740679488,0.3860995920943246,0.5258063025113624,0.5719512094768551,0.469851402620592,0.0,0.0,0.0,0.0,0.5620692538236483,0.5897421090196424,0.7811759548572202,0.06652599172396645,0.20153877769851197,0.5519805966591607,0.5450583125038999,0.5144925305594997,0.5204313008684711,0.6391056313831152,0.732961871960784,0.8192821632892011,0.8341088807614518,1.02027560835201,0.9840876338856015,0.9541827124073117,0.9677972256834255,0.9621964864434407,0.9565636421451025,0.8986363143621037,0.26297724477963647,0.3099351244915898,0.3591272428859844,0.4882805486886528,0.7320267357268258,0.9781911470655813,1.187212683256111,1.3048662530882773,1.3528856139141403,0.5861107667142778,1.4597145317896283,1.450050061088218,1.393557571503037,1.253402400329481,1.1339006335039292,0.900219686368957,0.40457466952137344,0.030796872668447328,0.2555144593086812,0.534565933085684,0.8239780341149636,0.9850371556173794,1.1162582405470185,1.1075431025006608,1.1258718589972152,1.1052219608806828,1.0250235812801312,0.9142562814078233,0.7958163862020525,0.6815866235921584,0.562821594913269,0.46158133596379225,0.291656830466928,0.17944216646424987,0.46144820723567714,0.6533099699523587,0.6877460112265181,0.4606611904956296,0.6532672874167086,0.6513718125974115,0.7560661531893229,0.542065067667063,0.5576594682210874,0.6613927048448118,0.5367852750062937,0.7107144447481744,0.38554846317384284,0.17049579521239328,0.2712382301430139,0.5412101372009404,1.2003254798259153,1.0262506257379127,0.9634969622475994,0.7920214246617956,0.6098610030784124,0.45713260218851137,0.3121062641591248,0.20944166273875076,0.1410990857060499,0.11127833285711453,0.0414822406154054,-0.0009079200314955349,-0.059714661039308115,-0.1233697209344396,-0.03066646932222855,0.45076070293580933,0.8399212634455481,0.8249701767534083,0.8103970906566674,0.7239370299338981,0.580102492570842,0.4588541468634333,0.3590940584919544,0.5420540325603219,0.20576464260344562,0.1897842703119319,0.1356908839159321,0.12525843381832147,0.10189190101564616,0.031971434005067634,-0.02161504880808285,-0.014346618064976613,0.16881676670660606,0.5145869201990556,0.5716472009431516,0.5550932435658054,0.5283400312395976,0.4877788891982544,0.48221415065409023,0.44447485114148466,0.44635786955338763,0.40044868490567676,0.3777040891528114,0.40323577608582295,0.3933477654470513,0.38454491038972083,0.4584352959475379,0.5124897742134289,0.5498721837560204,0.550204300598109,0.0,0.0,0.0,0.0,0.0
2025-06-01 17:56:59.044,0,0.0,0.0,0.0,0.0,0.0,0.0,1.1277090338095648,0.6733804607811092,0.38043755933421464,0.1689897867196014,0.19738753025518074,0.270118126253864,0.40066148116907174,0.5190399328878301,0.6344670897857673,0.7690917546250877,0.8732525245229295,0.9899771846273596,1.0315103164221426,1.0512635375996027,1.0919279776262525,1.1762589657352411,1.0248193909251748,0.6492014805788633,0.4450305424390425,0.37360286851872726,0.4683742604967751,0.5282011370786643,0.6387916531302393,0.8004716311425208,0.8793688356875979,0.9532630793790524,0.8143345163674875,1.0482169170849072,1.0726799733520143,1.0821385313954506,1.074168900016908,1.2144503169696979,1.004436921434843,0.5635752411200943,0.5045261635297514,0.5212679016615573,0.6891455605677788,0.7340330317167634,0.8201230794728724,0.7796229592072905,0.7918100951229836,0.8714505817609033,0.8037251831662395,0.7822760444070308,0.7701781234092299,0.6518586157623378,0.6449658244141869,0.5753345188280838,0.5285834449165309,0.5501649100244346,0.5955398898295526,0.7400186359958194,0.8307693796412439,0.7331730900075559,0.4704185248597259,0.6511316949056791,0.5788615216855384,0.8391800748716356,0.5196912591832435,0.7376259537070057,0.6180460817651647,0.3799765741278476,0.7856392080437484,0.4491399478467685,0.5213533687834218,0.3148978367424935,0.3820489155757587,0.41463721075989146,0.45812688597492457,0.4888643572426834,0.563899756942831,0.5903411397138838,0.6399313623705918,0.6955627846575672,0.7766388822522756,0.830825037084906,0.8793162553066921,0.9540038955967107,0.9968432594802488,1.022401853890241,0.99559570065917,0.13056395077193939,-0.19417217816320653,0.11818012615925255,0.3341913057397683,0.5147520642506216,0.6544645501353883,0.7323335882725259,0.790938925020058,0.8473767056591004,1.0861426896838355,0.8649095829681221,0.8364253452448053,0.7873354893822345,0.756587188507886,0.6457777933479869,0.48725068949477046,0.5127834282035951,0.639538343301305,0.8619144537929904,0.8850427247099832,0.878246172958409,0.7943984023160551,0.76561890094654,0.7041336447863444,0.66158214308435,0.5988012971293069,0.5340555628280461,0.48673180165729923,0.380963306453983,0.2208815766972979,0.019980573596619644,-0.10066599694684328,0.5197018640881627,0.8239642299074276,0.8676319156465744,0.8206759676057986,0.34133176198690124,0.5516436164973073,0.4419375697600448,0.4289745889664721,0.0,0.0,0.0,0.0,0.4729766548201483,0.7542912740823098,0.7948428438649447,0.09629641935239786,0.19868556100318263,0.5507737474917968,0.55294765544151,0.5392424209820926,0.5473574222945545,0.6901164971463503,0.7905435012395081,0.8897629768161432,0.9099613934982047,1.0872373335603984,1.0459467701614518,1.0042281189885551,1.0110017176808856,0.9932245408885223,0.9873718441073056,0.916278633273957,0.24893198552010098,0.3146177684117315,0.38833835648778514,0.5372488004818574,0.7830433328952788,1.0578842717634909,1.2835323004431456,1.3984231809486445,1.4517010034621582,0.5538255157718308,1.5386534684797657,1.5288397321952472,1.4538705598434591,1.2988925827035431,1.1642725816065393,0.9312782690035123,0.40241809493328307,0.043840823282072394,0.2896444025097059,0.609411852836631,0.9216765051007512,1.0775392738228364,1.2189828166018897,1.199494212504076,1.2289936088653413,1.1968062622228879,1.102277651158008,0.9705097226116589,0.8518340385673112,0.7167947008261679,0.5844614342657742,0.47721303445482854,0.2991495907020715,0.20825977556372435,0.5123233072614739,0.7218125453955956,0.686236006414671,0.49548328402738884,0.6109548039062238,0.5735666229626197,0.8804790952686377,0.4558883216514177,0.5497169814521357,0.6642834525005474,0.53496441067212,0.6821840458819545,0.4273824178044334,0.1766500744288509,0.2719414188845835,0.5743502933871236,1.3171862465425324,1.1120686768846257,1.0877581391054565,0.8936662956134418,0.7082096352447984,0.5416372380007681,0.4173781865825861,0.29214263845043686,0.1992148372328526,0.16513024617176608,0.07335410883019367,0.025139584810837,-0.046933283773467505,-0.1349392564231614,-0.05090049722740003,0.4670702620976545,0.8803330987756429,0.8740817415236042,0.8924274285532819,0.8266004399323792,0.6953844105400542,0.5721545831366772,0.47953010611652025,0.7842018197533275,0.2901018289324464,0.26851693137776445,0.2171842602351124,0.18158489702570935,0.16664265887990837,0.0784396797238357,-0.009033286014678565,-0.017103360113876365,0.18994428277469189,0.5524150448782452,0.6278965448131762,0.6400478386912949,0.6360313105539288,0.5875512527534097,0.5881302231501131,0.5426913171865406,0.5429338328464053,0.48765531760717074,0.46061434168375937,0.48446147136484163,0.45498923102698263,0.43013051090528354,0.4946639036174146,0.5393938301273589,0.5836930583687784,0.5934057518879106,0.0,0.0,0.0,0.0,0.0
2025-06-01 17:56:59.048,0,0.0,0.0,0.0,0.0,0.0,0.0,1.2192821529919298,0.7277692137748165,0.4077792344406388,0.15966301665149307,0.18238519013411614,0.24525229136437787,0.3880307473168346,0.5233738363755538,0.6391399803725041,0.7889089578602642,0.8922715312596343,1.0206321743714426,1.0732543258282983,1.0934613864219074,1.1506757164922146,1.258298483112228,1.0938458599296261,0.690532343580599,0.446837021664264,0.3768443934026836,0.48022183167528354,0.552386432295352,0.6616754200889843,0.8370662681593655,0.9232164645436316,0.9995311577713377,0.7083830773752474,1.1054732689677795,1.1290596473880246,1.1495644899182313,1.143116611465701,1.3171446749636915,1.084765976992121,0.5924605102307136,0.5173234628173823,0.5513404598143243,0.7447947402395814,0.766742406262112,0.8956313482052418,0.8329668624780069,0.8689842360592916,0.949799692475084,0.8798477165706144,0.8445330713463132,0.8068493243982019,0.7290064123627902,0.7066004978787526,0.6472513513634326,0.553701831264624,0.5684034894830353,0.6510491280595824,0.8256102012830266,0.9194112311393954,0.9485434628547726,0.4724374156218527,0.6420724549656678,0.4897682255242921,0.9864822199677528,0.537667818277608,0.7721895173511757,0.762317956302192,0.4880940858906724,0.7271749094143607,0.45318785259433125,0.49406035370552,0.33559875782275994,0.43336653985398166,0.47210059687012507,0.5191355271914415,0.5446428135399721,0.622434887795557,0.6446176399315668,0.6931838405560533,0.7341314443116098,0.8124021686345047,0.8626472842128308,0.9088187290351862,0.9758592062221476,1.0123557198964976,1.0378309982508562,1.0090950256950675,0.1105602667240802,-0.1694859267983687,0.15508840679809932,0.3852221842533061,0.5611299116124864,0.7007663289379988,0.7849222924516259,0.838101851532211,0.8952286745333551,1.0290943512728605,0.9108515906914161,0.8748459754963102,0.817410843893093,0.794774233164855,0.6690756334065204,0.4892580681630607,0.4794011087766954,0.6321895464858293,0.9026959615158834,0.9311499274305388,0.9273023486554333,0.8523205330618431,0.82488612787825,0.7567669766939069,0.7259302717170886,0.6517165344256242,0.5890955604191757,0.5352356977930843,0.4337348386875046,0.2718029276733641,0.04979078767387202,-0.11533718883041297,0.5155184371312735,0.8335846093956097,0.8836324655473398,0.8363045042155774,0.2938723365217433,0.5406817260287804,0.45961275230079396,0.3951679335863869,0.0,0.0,0.0,0.0,0.44684577950906335,0.8232524255696096,0.8873410288604368,0.10819117146955781,0.1891183507180471,0.5507533131741593,0.5603206524507778,0.559775592778308,0.5672739490029086,0.7248674375419786,0.8295306558020368,0.9396678479678946,0.962316182909206,1.129287886514771,1.0857852088709592,1.034508995382689,1.0333340645669449,1.0038296592803184,0.9892954299528018,0.8952437566845577,0.22471083774673617,0.3376055006195211,0.4253768607256485,0.5925022233242603,0.85260127467862,1.1290710698052826,1.3701247645178323,1.4749225352647948,1.5325896401459687,0.49321626445878936,1.5930389752262806,1.5697866753278018,1.4779806642359639,1.3200009692076908,1.1654176298501486,0.9220214487586347,0.372316550470377,0.08983094972041716,0.3653732092432641,0.7190259100024241,1.0211655650977494,1.1818541795847792,1.3256258416382374,1.2969717367157336,1.329807640496861,1.2760503595673387,1.163265575180049,1.0140988227787346,0.8882511053146304,0.7361543963218184,0.5882673666602092,0.46938361031447495,0.27952944950674424,0.19843293328709133,0.5903118637340042,0.812266142327139,0.6224436709534529,0.5120753540423684,0.509046842659275,0.35651882940192836,0.9492362359508097,0.45182295830982133,0.5724369534551828,0.6511245889829806,0.5345091444956859,0.7994082411132513,0.5780283256074017,0.16282600078376325,0.25227530372507767,0.5904657331969633,1.425548250405945,1.205376955540656,1.2063813819762217,0.9962136958582524,0.8043177932535415,0.6486493509828963,0.5002124389977733,0.35397383560176165,0.2549254932457419,0.2061932176366681,0.09366203824043673,0.028929363066517166,-0.05625681051669695,-0.1714387090777595,-0.08554239396734376,0.5011879291729997,0.9340988195192008,0.9289293502944518,0.9732074391862108,0.9303835840879289,0.8050122837402167,0.6607683894281686,0.5745636207636051,0.8867831091292463,0.35029429039106885,0.3240052629801238,0.27182606909930396,0.21218341960339016,0.18337888218350862,0.08481686675356015,-0.026768996858230254,-0.057407356044843816,0.20607883899220614,0.5866611008509255,0.686890350589051,0.7180505517884903,0.7396442941296582,0.6904350766690799,0.6843549109137679,0.6306385370496355,0.6229756798156321,0.5611919699145895,0.5321714214326636,0.5440310463774654,0.49416470742020036,0.4465110202173346,0.49853443556059013,0.5236803259337142,0.5756506195226462,0.6083913292326422,0.0,0.0,0.0,0.0,0.0
2025-06-01 17:56:59.051,0,0.0,0.0,0.0,0.0,0.0,0.0,1.2150570584486333,0.7130750112331091,0.39737718406504974,0.14213081560781748,0.16635395354489646,0.2142040347378601,0.3572716677650546,0.49203818592508175,0.6082832742000807,0.7644894077059836,0.8636291409296912,0.9984842112641729,1.0482184910991068,1.0697758692606731,1.1382253669632165,1.2635780356202435,1.084998047887932,0.689964729867087,0.444484627827915,0.3833093433177456,0.4739549437348971,0.545618174864182,0.6435928150365169,0.8236879426513133,0.9039839271401813,0.9806102118498452,0.5427027771916658,1.0936922883280906,1.1231016569135923,1.1498679602868849,1.1361236194894924,1.3124618158671155,1.0808614485652097,0.6054059955919878,0.5398262340505734,0.5591896015575761,0.7733920044183877,0.7768342347831139,0.8957303018201528,0.8403716594249064,0.8837789262672064,0.965971410251395,0.8764377906007468,0.8399252153684394,0.7943471731940704,0.74509912942034,0.7075750532848624,0.6565094365040764,0.5824414591999069,0.6109622614995067,0.7019326110644172,0.8924746980871896,0.9812483034448394,0.9584341645575394,0.3737794311035678,0.6615479642385145,0.4307440836028871,0.9591760964112634,0.5032800668982653,0.7727760889067857,0.8083716828708893,0.6543524302440631,0.596731405387409,0.5274764343490964,0.4205569761410058,0.36266892092062153,0.4814336041472118,0.5184288164374948,0.5597369678047293,0.5690702214688548,0.6334944032223999,0.6534641535247838,0.6885750066339804,0.718254049773182,0.7908285207533372,0.8357783431424222,0.8803444104171162,0.9356040573470028,0.9670231976953461,0.9966542376707924,0.9493501432164155,0.04636865003471827,-0.10774876255669674,0.17572854133457994,0.39919047348187675,0.5570379018261258,0.6916767101441694,0.7716860840774173,0.8161054080988976,0.8729432111666824,0.9869961418001014,0.8862206420467083,0.8469289465164799,0.7915847643800374,0.7804382769459856,0.6442512928056332,0.4530521236491304,0.443325593166336,0.6137325890651962,0.8907054650813491,0.910802045983701,0.9058615683844045,0.8296267453455053,0.8065311209873847,0.7355288951007162,0.7111419253235314,0.6335063870962325,0.5735035500509464,0.5200941221758026,0.4285231820779025,0.2792013719522949,0.04627365531213501,-0.13505466988779943,0.5039819208134931,0.8220882350500046,0.8674967798554538,0.8170929352676035,0.3315302107980724,0.5206323050592305,0.5036102215102878,0.3116649767653058,0.0,0.0,0.0,0.0,0.464648314430124,0.7255325999399256,0.8653344595760163,0.10562889766916095,0.16413794298552148,0.531844302327882,0.5399312888060108,0.5373809311494689,0.5417965894361745,0.7029115087120565,0.8035822305103308,0.9151186810328058,0.9332677289118307,1.102545897361792,1.0716283708741265,1.0170215201637018,1.0154892873833037,0.9792610207035866,0.967046007804435,0.8561729202769006,0.19962845180919375,0.33732815953149153,0.41703021206104385,0.5914650658344494,0.8485737280876353,1.1232534180490137,1.361407721910167,1.452304025536091,1.524155427511784,0.49143747051085135,1.5753153480638447,1.5443322837022655,1.4531485894053506,1.3108442461656535,1.147915100322755,0.901592553891755,0.3485809779429875,0.09832974298468156,0.3883047452233569,0.7508425872898186,1.0343501541494748,1.1950830392792648,1.3298857129083719,1.2977787364123075,1.350684854793712,1.2863631379781775,1.161714289537299,1.0123812224671043,0.8955451378628944,0.7321805574206359,0.5857077008334827,0.45748198474805735,0.26451908864622187,0.17154746967502835,0.6078103025950397,0.8249968809680853,0.5612830698422236,0.5607582436550091,0.4112420483775582,0.2453781764806532,0.8320294648387276,0.48630979502444316,0.5578940786872972,0.6667132928022241,0.5930150416108818,0.8491996967904414,0.8340962044857781,0.14993346400662538,0.23559785732152755,0.5794289993823872,1.4442830416653811,1.2296772717966928,1.2324048441243778,1.0159291663752206,0.8185392125409197,0.6768418160689706,0.5182492495928732,0.35030116261834654,0.26719761609948534,0.20046781572778638,0.09608862273276642,0.02329266469161584,-0.07699334242519751,-0.21494938866432295,-0.15255141319640608,0.49020611355680116,0.9416003779842579,0.9342612844363669,0.9847861442189899,0.947618692793643,0.8212867235983019,0.6827603494011625,0.5904456881568476,0.8150610921932006,0.3717775984148708,0.34790447206041764,0.30341349600965883,0.22428248645863202,0.2025906149572988,0.0980664728117483,-0.029368242871659123,-0.1154782407484794,0.1623171461768439,0.5667429398341393,0.6804072990123474,0.7419980560321953,0.7639476126494924,0.7246794859106593,0.7136603845398133,0.6665431861053595,0.6597954136573805,0.5917718494450195,0.5620582212747849,0.5600387080267648,0.5164520182074398,0.4545649759405408,0.47516698827666154,0.48068351070734505,0.5149363827805772,0.5551589910950399,0.0,0.0,0.0,0.0,0.0
2025-06-01 17:56:59.054,0,0.0,0.0,0.0,0.0,0.0,0.0,1.139787609062385,0.6431496169964777,0.34516646422223707,0.12101741976792058,0.15618520339528874,0.20002001401449998,0.34631893621993204,0.4602325504251388,0.5795388158647145,0.7281754540918115,0.824835402501664,0.95041042268557,0.9965941844183936,1.0102994490619048,1.0834957103399656,1.1998902852811313,1.0277375288607817,0.6587993880945566,0.44151192903256187,0.41074101261670515,0.4828098822491953,0.5555907236071642,0.641016449875659,0.7968369263327548,0.8788344855024564,0.9475031422237246,0.46604244026557406,1.0491318971892047,1.0713245004142185,1.0972789807331567,1.0805332582438962,1.2371298142614426,1.0040547017469559,0.6062588121652337,0.5578692559564721,0.6314144514495899,0.7811254706082846,0.807722762110072,0.8657849517471563,0.8248791344141873,0.8683714700806477,0.9484324170921137,0.8402134383734321,0.8046921160988204,0.7615107337037871,0.7157905883664697,0.6723657904445851,0.6274904670332953,0.6330561762060364,0.6672516519243045,0.7679190445449161,0.9435990592979502,1.0428381173208292,0.8288502832837867,0.5225541457206985,0.6145777917608468,0.33971603241753234,0.8871221921269787,0.43809883925911786,0.6498328367797254,0.7665490320729818,0.7446670937414198,0.5207518701812803,0.6147666078508233,0.3007633702687985,0.410906333470188,0.5467851984406384,0.573806180193341,0.6009133678794465,0.5925827650531339,0.6419548576068725,0.6606058304401088,0.6814024699374908,0.706056504577985,0.769000867452829,0.8000115854555121,0.843681362633013,0.8812838780709018,0.9060061781870108,0.9423724749118366,0.8660773689929872,-0.029239022360055045,-0.029887497501433713,0.22600519221950788,0.42019668901027885,0.5619911383188232,0.6931454976950042,0.7603179270614682,0.7954387669383678,0.8499810731166695,0.9136312445469361,0.8519527657616905,0.8137653270241759,0.7547445229799105,0.7481706977046897,0.605268473875789,0.40347919063272686,0.4344962394822466,0.632257241194517,0.886655816260018,0.9034750377384018,0.8951505549615539,0.808777351392534,0.7816753677310087,0.7039002907571734,0.6835654957109984,0.6063416895144713,0.5454280990092644,0.49420951328561147,0.4039698045337947,0.26746565206636064,0.027291805269995417,-0.1511948870011538,0.5091015956357102,0.8182367442129106,0.857339764344841,0.8025824982409722,0.3754920579804733,0.5923604983813942,0.5709424264517722,0.26821825262643506,0.0,0.0,0.0,1.61111111111104,0.4426049759549472,0.5446190254797199,0.6451591440930976,0.10879252165163555,0.15642458788699426,0.520140485753399,0.5276013324863977,0.5165927014288277,0.5131582610140255,0.6730452280902981,0.7762871800232425,0.8809380281863901,0.9016925708710959,1.0691421501498386,1.0498794735231889,0.9957314391532806,0.9959749762326702,0.9570469613038006,0.9534266095450663,0.8378825762556097,0.18472503205022273,0.32304690919529344,0.3987522901533951,0.5620103461119059,0.8184910608181075,1.0919997749499526,1.3210273248751334,1.4035893224517044,1.4856148525511201,0.5295350795312608,1.5482580564092636,1.5194561896609509,1.434958969522982,1.3051898150635406,1.1436756118924298,0.9068522745646387,0.3651551788352511,0.07720994719328989,0.358690813730174,0.715029326516667,1.000992640619343,1.1517704039118855,1.2904469463020813,1.2609473908353175,1.3300967954782075,1.2678112358224132,1.147189724121568,1.0063020565265717,0.8972170424321816,0.7321638901587102,0.5994429777109175,0.4681181716057381,0.28107086987134805,0.1409600877570787,0.5595139828369632,0.7712356624152542,0.5957375928232161,0.5954044153619877,0.5062274567511089,0.3398712028846673,0.8842122307892277,0.5011854430365659,0.5969081632490827,0.5868673179672195,0.6278720372772627,0.610018205502827,0.9792565692939269,0.16322705537601695,0.2333597241849802,0.551293036956745,1.3759499168865936,1.2068516836263725,1.193272987484033,0.9822722162545112,0.799732519224116,0.6584560744047683,0.5079798548821379,0.3365253940877253,0.264519347750952,0.1899130061090757,0.10406241050490728,0.03308876409790107,-0.07963918197967235,-0.216326819101001,-0.20544407498201994,0.44809428204895346,0.9099063990132451,0.9034603060967055,0.9555669250739486,0.9107982932314844,0.7902031922370405,0.6737769734729813,0.5816689166198519,0.8682521977048122,0.38936250603312006,0.36073274320960924,0.3285102376426623,0.2523074867190266,0.2400968170187331,0.13580904577070885,0.0021814304806581086,-0.15612375276637921,0.07317381462445283,0.5050790501169966,0.6277604643083773,0.7190178313037188,0.7397963898811222,0.7090478420788804,0.7086014815566246,0.674604019172818,0.6871187980229989,0.6086108581423435,0.5847672060680646,0.5799410079481568,0.5490960938650847,0.4831659627881706,0.4669642452115888,0.4479639502260644,0.42288429745146205,0.4627117881087044,0.0,0.0,0.0,0.0,0.0
2025-06-01 17:56:59.058,0,0.0,0.0,0.0,0.0,0.0,0.0,1.0728669653026326,0.5838558413464675,0.29101037455677803,0.09840770408023292,0.1249682421279199,0.17226637120745514,0.322960020631644,0.4249130773637628,0.541642131276063,0.6806666472724718,0.790387275295604,0.9006706910949692,0.9509938701714835,0.9578497547793724,1.0307275667319424,1.1424449985864173,0.980017845302174,0.6399976586036078,0.41611571776449774,0.40076383967323836,0.4593784330564208,0.5388264609899036,0.6181572672200528,0.7546289945739681,0.8442993643687333,0.9064644441064511,0.6432524328200171,0.9970058558105638,1.0148358594186484,1.037986822931629,1.0185437920581666,1.1694930949419278,0.9225756693527842,0.5859178000238139,0.5416072752795543,0.6562153813522538,0.7429318291505207,0.7906330070095968,0.8129325827000868,0.8034881677636558,0.8448895907872218,0.8933404616142002,0.8098804228017509,0.7577888220881498,0.745095361217475,0.7116159128122166,0.650124710705261,0.6104413810340616,0.6587706714156416,0.6767913858591975,0.7975508443282081,0.9429564412672462,1.041630190390082,0.7815625758593774,0.728912314760232,0.6353745401966027,0.2598830979850731,0.8955884987537894,0.4916681766710673,0.4619241014193677,0.7232031637911678,0.7087153132164127,0.5114910673687774,0.6764005353233499,0.23285299973673657,0.43240335543367625,0.5672009332892909,0.5989035826518709,0.6064722862093153,0.5847033669846544,0.6369421240929263,0.6532444150106682,0.6667508849980057,0.6961434492354246,0.7510064930452154,0.7730114957961576,0.8172336059278001,0.8452250538534847,0.8689922803423196,0.9006254209914873,0.8003852900308567,-0.04108008996173443,0.008943151481514255,0.26720760740800964,0.4351424310244285,0.5718726691081264,0.6895167386098286,0.7529553798224029,0.7878926126811638,0.8357571858149375,0.7340165347027017,0.8319813067240103,0.7942903248088219,0.7331118879481099,0.7182277318857447,0.5800771677795442,0.37287991680875765,0.444693029792537,0.6524548388391093,0.8867790623370029,0.8920411956303138,0.8759251794227547,0.7960104694421075,0.7597924309671287,0.6859087460140496,0.6623265431431158,0.5882123113660129,0.528490797092988,0.4820527258083176,0.38588100473064135,0.2582957913645382,0.018529871950652255,-0.15775237349495896,0.508449258555912,0.8146132868350894,0.8549846651063051,0.7961546009885854,0.42334005525358426,0.6739482798622178,0.6092042864864415,0.2709361738522194,0.0,0.0,0.0,1.6189701897018187,0.4405130431471257,0.48479224995335307,0.4184785762312848,0.10212690416151193,0.14978517621217952,0.5173820108277972,0.5292647765244181,0.5117804627142494,0.5033106712554689,0.6548720730759332,0.7709265611404881,0.8661485958927129,0.8981944155471653,1.0572013541228147,1.0413679488239387,0.9930887038985965,0.9933163097549591,0.9560586682298173,0.9460653313821845,0.8288776713689057,0.174358363426449,0.31679543006858124,0.39739430506215667,0.5463581060655882,0.8240646787264432,1.0791943549475662,1.3051718858891346,1.3860089524448063,1.466030631618908,0.49529185993776664,1.542039650203689,1.50819247868372,1.4255597868522119,1.301337034386584,1.1421491032441629,0.9033887843047831,0.3836655515169592,0.07277148451067261,0.3505963478435813,0.6988502854855434,0.9788281106138967,1.1350461054447438,1.2813555295522452,1.2588236812439668,1.3209050514418408,1.2542925077510345,1.1449048461889695,1.0128575735674779,0.8911097788451775,0.7339988718547841,0.6085231422178475,0.47493429443583557,0.29266145962241585,0.1060754717196569,0.5171862018567669,0.7340814668212919,0.6739873697837332,0.6991457990965874,0.7024535770687731,0.4028509281424506,0.9525571620810396,0.5885433875331932,0.548733562762745,0.4222537020894555,0.6084227238043894,0.4124451031169467,1.0493311767661204,0.17588813027555655,0.22634857703424016,0.5250016950095112,1.3024970333493744,1.1941496809926564,1.16868352865828,0.9812963071825704,0.8061246106395228,0.6663244108980688,0.5002469989512128,0.34053050510259153,0.28027403702239484,0.19832860729264334,0.12929847904103342,0.039120869953738424,-0.07397313717387466,-0.19892000586384506,-0.25176788001162714,0.4060197721762569,0.8825734335003937,0.876436878578305,0.9365493727478341,0.8868736800176877,0.771713234176012,0.6574394143216471,0.5790078129551486,0.8883537307448374,0.411882495017736,0.3717443648083265,0.34387224074082323,0.288787714205038,0.2614563039312928,0.16716103106661295,0.04319883451533518,-0.16102367439482632,-0.02747711348302251,0.43816027521191075,0.5766985357220092,0.6789689001328814,0.7098134675749104,0.6977729003851842,0.7091189190958325,0.6838132271589137,0.7042826411466232,0.6322142100836023,0.61151810823124,0.6157924550903731,0.5875718676178875,0.5141886017000477,0.47650607544405893,0.4189881495528619,0.3306397403167983,0.36774973750356144,0.0,0.0,0.0,0.0,0.0
2025-06-01 17:56:59.065,0,0.0,0.0,0.0,0.0,0.0,0.0,0.9876276366062241,0.5168908054141917,0.22454956968494566,0.07773600659567703,0.09830917837435538,0.15328633124845947,0.29274283441196747,0.39323012831119697,0.5054944999555707,0.6337368691575851,0.7556659084216912,0.8552472463732058,0.9039507675589975,0.9133345720109173,0.9740725178878412,1.0906846428108705,0.9259740819942142,0.6243126583383336,0.3904476095784086,0.3760382449889653,0.42169360236303133,0.5057738048658109,0.5710111818582839,0.7033501899688679,0.7936430392052358,0.8567513327407155,0.8647265029731228,0.9413770824611246,0.9652456633301176,0.9784931118782524,0.9568233835764997,1.094960989917527,0.8607128715617378,0.5656656930142795,0.5332801287453804,0.6143468177876212,0.6889131189577551,0.7505819464940731,0.7379274754790686,0.766909661231699,0.7971898082057287,0.8077164343063916,0.7662566286939441,0.6932015650286069,0.7188123190757513,0.6968869159168227,0.6280788674414924,0.5821110186888239,0.6673779678176337,0.68320439871853,0.8036347518228736,0.9286457780254975,1.0209018929850688,0.6590983561887189,0.7850112789844055,0.7229558966720833,0.2814924888874052,0.8554742599053997,0.5391547106570889,0.351996203274064,0.6139566243033632,0.7094190720811834,0.4692464643040929,0.6987284392154346,0.23650415234311672,0.4525070229990159,0.5756262002350951,0.6218584154646114,0.6039195555464767,0.5640422245516734,0.6237149328739549,0.6328170037793608,0.6465848727401988,0.6884110708579083,0.7288756577676654,0.747674734123869,0.7942275833875855,0.8233886601695481,0.8471290854412754,0.8657764294801934,0.7438601238061824,-0.020234986508001068,0.03913591432674035,0.2822924871510699,0.44523156507569084,0.5755192710812345,0.679532434292708,0.7392563251530002,0.7843472450301228,0.8213549810697904,0.5942882423344387,0.8138518804787269,0.7752189345787354,0.7183974085230679,0.688743291001121,0.5632394235013118,0.35692348314566336,0.46443431497126764,0.6639520366494,0.8845724925503888,0.8755285637262153,0.8493365544584097,0.7842785932079115,0.7439399682023895,0.6771726426524225,0.6437347151978285,0.5755627061542685,0.5174467986760158,0.4707823499714259,0.37363794484810153,0.24849645802542486,0.016247636221552342,-0.15714296834667185,0.5045982983782593,0.8089730263031326,0.8566440669486535,0.7982605430149026,0.494255945561721,0.6782372971213759,0.6286657845069892,0.2965389087387914,0.0,0.0,0.0,1.6268292682925969,0.45689693440597,0.5272040895194359,0.245631192882258,0.08661808775872071,0.14111534434358347,0.5191010687834512,0.5319692643214129,0.5098365077663675,0.5075806739968609,0.6500868349472604,0.7755763605349766,0.8653365705645237,0.903967559731639,1.0621520702252085,1.0411527969309349,0.9974390848689552,1.000912956218858,0.9643740179664593,0.944537180110518,0.8330349696142016,0.16642429813386678,0.3115279064287685,0.3904388532827763,0.5419450884621009,0.8349771687314933,1.070761940429175,1.2976275425849177,1.3823720402151072,1.4547907320339208,0.4888803723526231,1.5401510514287633,1.5018695337595114,1.4216218455839977,1.2976022916285985,1.1433161718976306,0.8969887099805641,0.3869778055447872,0.06983836640256869,0.3526731701723288,0.691590213696957,0.9592910497567577,1.13139584297613,1.2751369562078323,1.2604371502659844,1.3163156292029385,1.242937422535551,1.1418948221109897,1.01402563225597,0.8807078106399616,0.7314012725095591,0.6082662586637698,0.475550396322993,0.294694611754099,0.08238311733055123,0.49373127864692445,0.7142257603043639,0.7156479522136212,0.910030585180814,0.7823956095848709,0.433987542454759,0.8032861876698254,0.6704375714424241,0.4115362362273454,0.38872694697167004,0.6366228187531041,0.4381951117850912,1.0307225155621293,0.17952188851467749,0.22151954224949522,0.5143002383370733,1.2739559736908779,1.1946280502663267,1.160320275038575,0.9997358483070165,0.8309971266447496,0.6697439067029562,0.4983223286084024,0.34890619657739586,0.29803048214325845,0.20092069755354247,0.15046584831357412,0.0424357281674268,-0.07639182254978127,-0.19331409139707673,-0.30181330651454746,0.377340773793251,0.8636117985995241,0.8673732532335374,0.9379074770773778,0.901418569880404,0.7785905305316536,0.6653569929007637,0.589255972706954,0.6872973275236418,0.4459077337885724,0.39594161057645927,0.3679817530816778,0.3308947796770304,0.2846977642754892,0.20528137024328974,0.081418250145812,-0.1419339512983787,-0.11989019586808841,0.39090821484823063,0.5449532443976423,0.6506565317537949,0.7029729912897076,0.7173858094542731,0.729722403294605,0.7103707084423239,0.7279540013473416,0.6766441396528993,0.6424115174585268,0.6505667247678217,0.6306221107432487,0.5481477624021207,0.49623231013485264,0.4053309536510108,0.27303405218886634,0.3055170407502432,0.0,0.0,0.0,0.0,0.0
2025-06-01 17:56:59.068,0,0.0,0.0,0.0,0.0,0.0,0.0,0.9029757140453564,0.44587486813311394,0.15503842514866706,0.05367231609140244,0.08871227233118384,0.15495156429033263,0.2865998852704451,0.38148395815918756,0.494585586508017,0.611322852557137,0.7303516432086747,0.8253971850382907,0.8672367627110118,0.878528829932936,0.9234829941932267,1.0321481846799518,0.872922319980243,0.5946364780162661,0.3644645664860935,0.36826248166704934,0.4013622077474064,0.4848665256139455,0.5423360943099051,0.6616748452590941,0.7543369340784811,0.8178001039147396,0.9692825608187403,0.896070799988668,0.9201891513441545,0.9192371295987875,0.9097378528881501,1.0102125044739743,0.8012151609130544,0.5476046589821942,0.522215873242167,0.5846502783782661,0.6320435957665371,0.7185128062681492,0.6727335655049609,0.7162296711228702,0.7195668795997423,0.7472251868375297,0.7206997495269178,0.6474077797506347,0.6883079093891923,0.6626402062121968,0.5993416399164411,0.550450543171606,0.6640551746704851,0.6936760041252834,0.7982254247446773,0.9006655951387414,0.9927638590835981,0.4575117471225331,0.9477921800606579,0.7793473042390187,0.30334863846764326,0.7944234476031148,0.4452668527780449,0.3150093535406332,0.4404732405232384,0.7303593535813789,0.42660298424455345,0.7519214239438173,0.24554744969588038,0.4705800374493888,0.5952930285951425,0.6312795504739686,0.5991438281361217,0.5419004265376022,0.60717504632013,0.6115124491875432,0.6279184640844748,0.6806240772562142,0.7059807620343006,0.719724236180072,0.7642798093180231,0.7993836319856245,0.8194195208471797,0.8333841858211172,0.6931407303970603,-0.000841650409597966,0.06605809630982262,0.2973295559313336,0.44992407534653545,0.5714372621949007,0.6752665715132515,0.7209812984824855,0.7751140288755232,0.8007445419808856,0.5028352242672709,0.7825645240305292,0.7543894873892395,0.6953667571396328,0.6557053421646274,0.5396484929870333,0.34386299939729115,0.5019566970428179,0.6906406829712649,0.881244449223467,0.8759917721600183,0.834123767428055,0.7705708013742949,0.7263921363992356,0.6586518354129227,0.622187687607157,0.5537385053768622,0.49895904076092457,0.44482507285112294,0.3504442488582298,0.22195691535950945,0.0048132337226735045,-0.14503921507450718,0.5165112237050057,0.8099718191388041,0.8578764392820253,0.8016479145417525,0.5423176166815118,0.6700691642286287,0.5840922778527644,0.4358620964209714,0.0,0.0,0.0,1.6346883468833755,0.4295395288294128,0.5638587754750339,0.1891226896313366,0.06090817821391192,0.14133598277510911,0.5264994720678154,0.5349233014464716,0.5102116415186398,0.508540811786792,0.6424835576971548,0.7682431782647359,0.8528002585436742,0.8947604547145454,1.0483362532748632,1.0209941144557781,0.9779540496098431,0.9875508088092118,0.9480426504075326,0.9259824893251154,0.8019275677480189,0.15549468616943385,0.30647077612470774,0.38538723248452644,0.534086031057784,0.8246576610934755,1.051485655364294,1.2711451008563293,1.3602393550301024,1.4132854887922874,0.5551267966864051,1.5071208319173337,1.4811084852158727,1.3981684855869683,1.2750442822692207,1.1279481926651145,0.8874062324164462,0.36967464602937794,0.07071798708101873,0.3432396798961249,0.6757137697497824,0.9379167539279587,1.1043134079977197,1.245851680246175,1.2276799340334958,1.288966608089257,1.2118157896643904,1.1250365948828076,0.9914497194196455,0.8598422201223431,0.7186164985237888,0.5981678986893777,0.4733830776444897,0.29742809689374916,0.08135105291542225,0.48676984868852624,0.7009498261573178,0.715256944710529,0.9593414092062634,0.7454144343291668,0.5186548825251769,0.7454863703729544,0.6603694447564468,0.39271962050398507,0.42513911763890694,0.6832212808447461,0.3562793913940485,0.8213904099595234,0.18063236677632527,0.21467909012458042,0.5102297356468066,1.2541163266043251,1.185067759041709,1.138728361678492,0.9719891414592476,0.8263235939309881,0.6274762245249326,0.4805363914803509,0.34185857833250677,0.27826174840434237,0.17527520644494388,0.14358114526907206,0.03840415878704451,-0.09216900388760352,-0.191464522362765,-0.31536632631463324,0.3670156121814044,0.8559247800256677,0.8682994691802932,0.929864997880908,0.913504423457401,0.7625252337285722,0.6616921135210985,0.5757210974693645,0.6240191978145435,0.44776756727638145,0.3947345515934393,0.3608442996567278,0.34053620612726376,0.28861904574015596,0.2266500889384927,0.09839893572556108,-0.12540361526440635,-0.17833287527940733,0.36258969094765386,0.522475538845218,0.618388544213776,0.6838354264543174,0.7023792435310363,0.7249511781005142,0.7012518213454217,0.731626087643054,0.6858448250910929,0.6504216880942797,0.6559333812613859,0.6443448326500977,0.5683122286750595,0.509283678665118,0.4086720856423529,0.2323809312047347,0.2686635526699277,0.0,0.0,0.0,0.0,0.0
2025-06-01 17:56:59.071,0,0.0,0.0,0.0,0.0,0.0,0.0,0.8542165124292939,0.40353078922879104,0.13176050615104762,0.06514401006049442,0.11304262457274883,0.18169938717967404,0.3044661219136128,0.3942527374295759,0.5039821170125923,0.6067385260128342,0.7244263606197454,0.8125158075948534,0.8495615397039424,0.8603355748991722,0.8881394261053911,0.9758904255148441,0.8381962611796179,0.5754665688236071,0.3564627566705082,0.3738505349502551,0.41424118963320056,0.48543744593792226,0.5365931352493727,0.6481352976203758,0.7428854097061981,0.8032066977404091,1.0154755704372531,0.8740265106640707,0.888117797803901,0.8740955883816078,0.8748221092304895,0.9414395975953745,0.7495813088549363,0.5296528331176162,0.49704021337673654,0.5699297105354817,0.6040123875579126,0.6821133060734301,0.6431441833541021,0.6957879450039919,0.6806741467802673,0.7179809832791313,0.6978433382365323,0.6438367626088178,0.6704524609464341,0.6443720474959034,0.5707511377954995,0.5391135375762559,0.6345175343321751,0.6862818904896816,0.7816938557193759,0.8747038122284914,0.9568715629841416,0.4025351535856551,1.0422962159396199,0.8129968059706751,0.3767684301749846,0.8300533427135324,0.39252256310749745,0.2988768674726792,0.3986659922392897,0.6989113189491513,0.4239493130132972,0.7602778698823309,0.24756114072517232,0.4661675587647611,0.597796738268469,0.6302740523092409,0.5933334118668978,0.5294103869163629,0.6037601471455274,0.6050460539681175,0.6219264437205012,0.6770126052940313,0.6976221722681732,0.7094782668053288,0.7509246659133727,0.7897253389304328,0.8090732463397106,0.8169876506589707,0.6647510088133654,0.011951910406168581,0.07792290860076456,0.3218207017797421,0.4576696741586588,0.5781986701715465,0.6825274816075195,0.7181356211774168,0.7767957715512304,0.7972073818896501,0.39179046881833096,0.7711215742215161,0.7480617102620027,0.6877184275321367,0.6363147840283309,0.5261019649005538,0.3404757171618521,0.5352889664794923,0.7265785911910788,0.8928923962520519,0.895785133493262,0.8366821603793475,0.7704935150323251,0.7200986457508307,0.6559354067041809,0.6166269351622893,0.5460807020816993,0.49347459173418406,0.4337019654513645,0.3417694050303093,0.205734044530964,-1.551394257193195e-05,-0.12156344288849033,0.5175257158442622,0.8096111435670893,0.8608863741331854,0.8057762996366535,0.6456126594123608,0.7252150415684437,0.4573009777749932,0.6241176183226698,0.0,0.0,0.0,1.6425474254741537,0.44699840621812803,0.6581844530727068,0.28542797481754445,0.032069144244787184,0.13289170169289516,0.5299558041224414,0.5423469457383656,0.5233670537195484,0.52355902643343,0.656240554897283,0.7812581793512492,0.8644495942193746,0.9114739924330126,1.0544349999698284,1.0195327725962575,0.9735794142635104,0.9835051756886624,0.9387974206454692,0.9057493468807738,0.7529721843330826,0.13358304545887695,0.30889000235586184,0.3998311134430781,0.5468989045560875,0.8376386889710858,1.0586942720729478,1.2791640701625284,1.3702972922320968,1.4030788470136588,0.7147816078819376,1.495165827667313,1.4743282589628492,1.3819534895409633,1.2548373262151036,1.1121350105527887,0.867828383989073,0.34238926253519897,0.08625385692403675,0.35324529288076023,0.6913883989861058,0.9527909274887212,1.1069556345569305,1.2576215929315882,1.236806114305956,1.2974764378140748,1.2113893174980075,1.1363588682600558,0.9914842793620727,0.8591864894986535,0.7212175133215806,0.5954835345616329,0.47627334977827607,0.3033105365792186,0.10406248446032793,0.5078546252802234,0.7253645038083033,0.6834420739039392,0.8381104158834298,0.765679444467598,0.5172381484028098,0.863644191599156,0.6916150273165698,0.5149888699557912,0.40888150879850854,0.6794106130165499,0.24154524416190026,0.6254555737771388,0.19624351979109017,0.2205514366944531,0.5301274524917152,1.266724346919997,1.188287649743413,1.1463528574416078,0.9607859011531823,0.8208265812072895,0.6269820891058591,0.4817362242772576,0.34633416055004407,0.2672856697491668,0.1708345251363219,0.13500726623664172,0.038717275165883636,-0.09597786128112229,-0.17410626557967374,-0.2824626553437957,0.39120644172598135,0.8825303415412235,0.8870139191942621,0.9406949493969247,0.9271889930637236,0.7595228859907905,0.6630277202353556,0.5618573279332513,0.6827025890053842,0.4341004209304453,0.37627286166183715,0.33599301322852937,0.32116411157865177,0.2643704914915602,0.22013482761020298,0.09357224384683333,-0.11105820907436892,-0.17780940133988998,0.3700984506642469,0.526654551360662,0.6067974561770959,0.6708057081440595,0.6903393723867679,0.7181310368721117,0.6860083439783244,0.7222615430695807,0.6777605821881258,0.6473009797273894,0.657930373520258,0.6418912218235892,0.5694938077031348,0.5163380055038331,0.4046717722529526,0.20813394305884925,0.25197829452179654,0.0,0.0,0.0,0.0,0.0
2025-06-01 17:56:59.075,0,0.0,0.0,0.0,0.0,0.0,0.0,0.8164488657001432,0.3732616473630401,0.12115116869137899,0.07724784971540521,0.12315183167977362,0.19454612874865662,0.3005602043193544,0.39321512180005636,0.49688022084355754,0.5924533391466209,0.7099575852548277,0.7934593216537899,0.8311230806256571,0.8457440818457084,0.8626548866645076,0.9283044591823816,0.8061543994682765,0.5578054759523472,0.35093391609401703,0.3614538489098965,0.42099156306651553,0.4788277816583064,0.5163590299216818,0.6346771841664454,0.7213990413751541,0.785850926224275,0.9138599799826326,0.850095676221036,0.8628426875926052,0.8450236605390219,0.8428722817991459,0.8887771768640115,0.7071154286749526,0.4940057982148839,0.4555067595122958,0.5181594178484843,0.5762498194206291,0.6375258076344212,0.613864567270328,0.6656720135897851,0.6561202527242016,0.6764161925593903,0.6595638588374326,0.6207176131607862,0.6419907214870751,0.6142109475353255,0.5373597984894463,0.5146959356775112,0.5549506722304444,0.656068023424339,0.7430245485119803,0.8487747553102063,0.9078021930564395,0.33406648910107967,0.8087202166628061,0.745159611002254,0.4637518438435465,0.817236404629345,0.4086634222108678,0.33601517088375343,0.4121171896768833,0.745761804055069,0.43825032982790957,0.6752044627351923,0.2906303316006816,0.4638648887446035,0.5683783517824612,0.6087368649459068,0.5656962846008,0.5046051438227714,0.5849391548128293,0.5811008296484916,0.602929600519867,0.6645163251879833,0.683211866902617,0.7041343563824547,0.752243388313126,0.7921579966525489,0.8193972210291276,0.8245876397317834,0.6747686574568335,0.013997388366696534,0.05310516646672714,0.29985608193740076,0.43819468988633226,0.5597075154047977,0.6651900443084018,0.7043290724614248,0.7683542470410067,0.7877707776429073,0.3461721611944924,0.7679391254334018,0.7402996128982643,0.6894320928703256,0.6240127247130401,0.5249495172762229,0.33989350257911377,0.5273956176516632,0.7219752164014958,0.8917842348810896,0.8941977953291913,0.8236121008256034,0.7626318656719022,0.7080732714859623,0.6502732461556877,0.605062469251324,0.5351070400597577,0.4851267738298335,0.4226544585781411,0.33461902384493425,0.19129935049021085,-0.009699330056113564,-0.12376193475273062,0.4996025043317518,0.7964362788515184,0.8585020459874264,0.803270140888318,0.7908656095816624,0.7093550827946387,0.38547954563618264,0.7258104837906584,0.0,0.0,0.0,1.6504065040649323,0.4900849347794278,0.7755227747052553,0.43620544215719614,0.04045807275315694,0.12358426378324344,0.5252157810108924,0.5426242689253535,0.5323614425208322,0.5390677699989412,0.6787005261909431,0.7986169974488946,0.8896394254930766,0.9433931893910947,1.0867778762640223,1.039057755537332,0.9927834094352213,1.003074424498502,0.9556464296329177,0.9099308469134912,0.7588296077876893,0.12078677296706705,0.31140897006281065,0.40467313323676923,0.5633960239159603,0.8486250613350748,1.0623337056437312,1.2921381570856587,1.3879606417499322,1.4125916323222507,0.8626882874136215,1.5003556358022578,1.4752688989059406,1.3821320694645862,1.250668595207714,1.112731789735074,0.8611240561288529,0.3458350297414581,0.09839099644934102,0.36712687391541554,0.7056421113047591,0.9660178408105855,1.1159132180594276,1.274657771097024,1.266448680733079,1.3192369985276424,1.229066689022872,1.1585491379063608,1.0075711882165037,0.8751456254105529,0.7353853575567184,0.6017813868716068,0.4875684064724053,0.3111662353619692,0.11484425156681333,0.516948558086598,0.743486210868992,0.5879011385653339,0.7301098970726358,0.7102132505878794,0.415481759458754,0.8032074163637337,0.716640134651734,0.5784347052559384,0.4458652377372255,0.6675780051092,0.34058228476589536,0.49494853011855033,0.21753316302594244,0.24833354525494322,0.5613101798796583,1.2977063748519424,1.1763283891148932,1.1419969049702519,0.954212431495991,0.8182803828937482,0.6402753406084978,0.47754902785071063,0.3536118562483286,0.2600302740498097,0.17114102489488126,0.12128260764123477,0.04594597128950739,-0.08507243151824118,-0.16013230116601562,-0.23482554678039724,0.4232800947848248,0.905624849155475,0.9048304795581212,0.9624034637404492,0.9389235433487049,0.7761419429209999,0.672561309243261,0.5537785561030992,0.6665835523888933,0.4290499522922573,0.3601181592767644,0.31949558027241287,0.3043479661929894,0.23734138239817748,0.19977563909408347,0.07706106106731264,-0.09602063542924522,-0.12469524350485506,0.4228093331579839,0.5571436198341644,0.6308860886314005,0.6946869801897368,0.720968040887175,0.7304938740756879,0.6995094640727133,0.7171328660868301,0.6826555797012048,0.6446000740476576,0.654079927888713,0.6317809123574071,0.5510587333109194,0.512915086202602,0.3865921634740711,0.2250562490900585,0.28406849980347093,0.0,0.0,0.0,0.0,0.0
2025-06-01 17:56:59.078,0,0.0,0.0,0.0,0.0,0.0,0.0,0.8504860884014398,0.3871341977876023,0.12417950589422311,0.051784279654174314,0.08457470608746975,0.16762822302682612,0.2824609750638173,0.3712485364096787,0.48485371643061626,0.5885874498847099,0.6982465422824575,0.7941228965790056,0.8354267671920739,0.8518729115014171,0.8797291855501158,0.9400115237742342,0.8223412790836939,0.55036273371904,0.3351696530774928,0.3387246494493831,0.39326407072329905,0.45187748310796416,0.4975429161271434,0.6220345186955769,0.6992605096413396,0.773548782321626,0.6854535755377726,0.8363364868768265,0.8601773253847123,0.8492050136083645,0.8467977608030297,0.8853430274227531,0.7071909886825489,0.44800084043128185,0.4017190561008718,0.44189261845188943,0.5229756745135385,0.5952091191957289,0.568214409691524,0.6069566924428165,0.5961741044066653,0.6405467762904753,0.615153131271801,0.5861953559057548,0.6249626038664157,0.5820138099094705,0.5239401087998401,0.4955680153096009,0.4770873070080881,0.6080902035860932,0.6826243805081676,0.7855510810073596,0.839552534259258,0.21788650230458728,0.5637521469860829,0.6442987026972244,0.4137080715053909,0.7378635853043297,0.36656452731690103,0.3911650933351545,0.35312467544133347,0.7726663309845396,0.3960046908819488,0.7093074073483779,0.3469688408568904,0.4459152406903366,0.5330882685645855,0.5407458846776914,0.5209757880815797,0.46508075556421224,0.5414350020893923,0.5443444798550015,0.5727475390627419,0.6472352810401549,0.6657514711521499,0.6980225388942749,0.75329703743337,0.7956191672214541,0.8311868536097027,0.8477068140158911,0.7170330835555342,0.02109708188484788,-0.0014362631076297872,0.23842861500716417,0.39256466550894364,0.5157821720576343,0.630897330443958,0.6756649899577662,0.7412080751770396,0.7567889857173131,0.38654753652344814,0.7478374871853752,0.7271336757769203,0.6821790808316278,0.6110787767392597,0.5207935898036151,0.34019411887412454,0.5155382600634741,0.6992214587606213,0.872921390937555,0.8803653697819234,0.7971604106055767,0.7350714979730284,0.6783724195397931,0.617964231812643,0.573835637227974,0.49767444382629167,0.4578858772779053,0.3861426276151392,0.3000737821161905,0.1550821877363523,-0.04127333190569671,-0.1453808376600822,0.4965540986516753,0.7894319846458604,0.8501051131628172,0.7938165333289036,0.7849579076075293,0.6502116432247362,0.4550817536815211,0.7552394609692406,0.0,0.0,0.0,0.0,0.5342743958134214,0.7388306243150782,0.6196661181143743,0.07115139015685379,0.13602452140134097,0.5251822540846331,0.5372789371345963,0.5305265038830546,0.5409026888805086,0.6761288945697956,0.7911647597222498,0.8892837559192448,0.947649347014532,1.1018826326606321,1.0406253033832487,0.997725189158909,1.0077059933417323,0.9633028552659222,0.9174468541562415,0.7749631352698005,0.12794495702279818,0.3198109315397625,0.40269871639895194,0.5701308901339057,0.8482844286846569,1.0606682079288094,1.2899708204625702,1.390046684797795,1.40661741101258,0.9421958507861083,1.4899529253953814,1.468974802978015,1.3710318255843836,1.2426682514852505,1.1034800913812732,0.8574602393088151,0.36464361399855955,0.13187800294756669,0.38894182643791086,0.7290358735180955,0.9844027863093707,1.1225783431344272,1.279880164199506,1.2707574448011763,1.3276753554714409,1.2333515437431455,1.171120672331507,1.0138003119655967,0.8839027625306536,0.7423707070065877,0.6049150743234663,0.49110051766912033,0.3049689216507999,0.10590859702147334,0.5167406224083407,0.7428335847700068,0.5010401304307371,0.554692179740021,0.48805575549516833,0.3649921383752699,0.6296898237875139,0.6855500873118545,0.6020459397624827,0.5769535721755648,0.7713824159745061,0.4552575473269931,0.35687473599627106,0.223763525754531,0.26668159331325864,0.5633808518041017,1.287965010891444,1.1289145771906128,1.0949504014846916,0.9017976959846883,0.7785566285714498,0.6043247388812922,0.43756606699377065,0.331383104246749,0.21759033750358792,0.1404906735640976,0.09783043568135641,0.04258334231029992,-0.07578062870036617,-0.16978152107888111,-0.18240844147331275,0.4428512414032619,0.9003335995585977,0.9088849790368743,0.9495940010609273,0.9239023597699221,0.7522533612864146,0.6413322967168773,0.5098799263382363,0.7173136170319583,0.38913564347309926,0.32022977051100376,0.27595460094053914,0.2706372915452929,0.19979248049624243,0.15568312642268145,0.04596265190427201,-0.10963878973308888,-0.057004249955357356,0.47202731050984875,0.5769267864774345,0.6385901165013264,0.6939244104062467,0.7104706307545854,0.7081541146379111,0.6816922897871571,0.688611450969908,0.6483723434025044,0.6133059757658283,0.6131424886312264,0.5856142674094885,0.5103945014408136,0.4867678670449243,0.3718227953622665,0.2548900407196223,0.3386701607989975,0.0,0.0,0.0,0.0,0.0
2025-06-01 17:56:59.083,0,0.0,0.0,0.0,0.0,0.0,0.0,0.9531507570150567,0.4526655689090412,0.15561173010971774,0.016424121651237522,0.03302071643186422,0.1180254000646016,0.2580237792020982,0.3397503143305689,0.4715585032302413,0.5825793124447352,0.6992211304498814,0.8119371470519837,0.8618006565584817,0.8822707636376012,0.9307069271579739,0.9965210447381777,0.8820399703470471,0.5652115606229005,0.3246156986301013,0.31530155886378497,0.3615753873170895,0.4152974111780676,0.4888337084884069,0.6202129079614944,0.6944798783655912,0.7838827079005033,0.6009270225003314,0.8497866042541801,0.885292969108358,0.88579851756214,0.8860102065206763,0.9442278471437354,0.747431725057804,0.41422102194935617,0.3320471126510923,0.3857031996963689,0.4677081310720175,0.5553840459304404,0.5250030054992083,0.5761697717316197,0.5618509569121231,0.638818817566756,0.6059569197552137,0.6088284487316743,0.6333892539337905,0.5867284875312471,0.5493020459052821,0.5173584272126126,0.46606160957478915,0.5745985233456978,0.6317340588681609,0.7173037314397104,0.785491022582351,0.17394648711809285,0.4340588720999141,0.6641342420221168,0.38552930224801485,0.7333101218276906,0.34184545854089143,0.45422510122376947,0.40060936830144184,0.6903284072997988,0.35170529801079997,0.7451449490264771,0.355566953273591,0.39836958249356047,0.501087336377043,0.4689173949438523,0.49441766081305416,0.44924120120284194,0.5216489506513455,0.5373000664708927,0.5716271210406372,0.6475774196425321,0.6753805764138376,0.7089458460675797,0.7734201721266439,0.8175316681559095,0.864630564807418,0.8863419857786635,0.7839757983290075,0.022375656655476583,-0.06344082409276297,0.17532442902682166,0.35018316170187536,0.4832403882270937,0.6059561228976489,0.6653566678886067,0.7297170840012117,0.7490870863954269,0.46774280197110435,0.7492888063005536,0.734492096991774,0.6916749571007658,0.623218229167687,0.5353608207929517,0.3649444083052542,0.5227075035028133,0.6870996089632874,0.8637740274325996,0.8785140506073368,0.7861777957382035,0.7239085441886763,0.6660662860973674,0.605635909671363,0.5591730440497356,0.4793849907715866,0.4432842175067251,0.35951410877961276,0.2754344795242121,0.1320058000684693,-0.06587288631019517,-0.14300218471351106,0.5128967570056886,0.8001415184776224,0.8529546936977483,0.795181964127692,0.7297236933424356,0.7765065502891253,0.5261890629858881,0.6866561093411281,0.0,0.0,0.0,0.0,0.6173284907101118,0.5324259249578613,0.7763257712750252,0.08419788503764325,0.16649762539644336,0.5373711957782467,0.544012626302208,0.5361269448713021,0.5496437812089434,0.6766882591931351,0.7881830991713628,0.8891190119791741,0.9400082833088148,1.0996126580261079,1.0321064375509517,0.9951184705868701,0.9989443761552848,0.9612851752348788,0.9093786460479543,0.7535359613420829,0.14201113753491712,0.3421500116968854,0.4133481112964108,0.5877703333332354,0.8674156821864589,1.0797800752877835,1.3142417567374225,1.4141745977499933,1.4198715890497542,1.0538964778774231,1.4900915498932892,1.4642551439387348,1.358058623283453,1.2222939513418818,1.0815672290419753,0.8318533691965794,0.3566609100833585,0.1948327206611471,0.4394831131132132,0.7875434347957622,1.0383127069085871,1.1683869066252408,1.3211046039417877,1.2997823499262868,1.3560584323488145,1.2539414228272086,1.1912270158766134,1.0241281579348747,0.8935421334126551,0.7451774870176351,0.6066395068475874,0.48347388124073576,0.28486233866181093,0.11449978264963864,0.5468869033564212,0.7810315639097084,0.48478044288567823,0.3381142137463936,0.31843113534792133,0.2980802517280011,0.5911633207639266,0.703584663393591,0.7329097813217458,0.6249814260684621,0.9676926414696742,0.5394906526624625,0.37295997884708176,0.22369698262043142,0.26734302846645125,0.5575743017481406,1.2859200731400326,1.120661829957169,1.0914532314794614,0.8809671004213251,0.7568616231803273,0.6150403708148153,0.4297055752703589,0.31704945820161656,0.19487795942162012,0.12947307998890722,0.08981412229300467,0.030004519459617796,-0.07244026528756697,-0.18499786031166798,-0.12628300410611293,0.4918825632199179,0.9189719934963355,0.9319594045606028,0.9535844135026469,0.9248045142150534,0.7470127224114522,0.6283429529421436,0.4865409816695412,0.711117911877952,0.3521945681479506,0.28594117147754194,0.23381899481239032,0.22648197585119811,0.15151450596763727,0.10002227092148175,0.003812212415866878,-0.1469269472876581,0.02656012923841755,0.520161622996963,0.61090926711608,0.6511610746531853,0.6993150830601786,0.6982670835272144,0.6966600611556872,0.6620093078858149,0.6683169727076683,0.6059016048984585,0.5706057876030779,0.5714077103442459,0.5316065127205211,0.46652421207133,0.44753018306185005,0.3660804522746389,0.3056751533369859,0.40635911163176486,0.0,0.0,0.0,0.0,0.0
2025-06-01 17:56:59.086,0,0.0,0.0,0.0,0.0,0.0,0.0,1.0165188915087233,0.5078704162420538,0.17399269506583548,-0.04297995410192834,-0.06096647367561969,0.02275426256223534,0.18167102879819697,0.27635134515276505,0.41871254218835696,0.5287406358273776,0.6748944869412703,0.7977785866180823,0.8633874693110393,0.8930059209903379,0.9619491946413529,1.035691299831781,0.9146519695396225,0.5709944232303465,0.29308885962160036,0.2363954700826597,0.2940987344754282,0.3474451724094165,0.4438958353675271,0.5864709767300562,0.6636344633880535,0.7737218074516741,0.6707687378733683,0.8545857505774973,0.9050017472714682,0.9233583230313641,0.9230857160997994,1.0177134697873238,0.7857824226408889,0.37098051070710036,0.2348136580254533,0.3001754758091941,0.38297369869049724,0.4824947319324555,0.46452117076213595,0.5424766432225563,0.5545237618052603,0.6330259787056765,0.590247267463468,0.63054772615811,0.6611744029214489,0.605493528542081,0.59804219996238,0.5625965203692804,0.46763322410992636,0.5401340781382854,0.5792572799961332,0.6648056887145462,0.7254945413198786,0.19004463578558556,0.2903271288260778,0.7640226658212612,0.4702797781400184,0.77962707118278,0.3458585731666597,0.5464679434013225,0.5452486491243307,0.6622235898738573,0.4261729768046837,0.6958363805850426,0.3787510880184595,0.3491731435844988,0.430176427653433,0.3931609522877,0.44613476220161163,0.4249462517565401,0.5013916463430543,0.5250307407923251,0.569822726437571,0.6483777500118864,0.6883970242652895,0.7213029034642033,0.8012521800489615,0.8503477222287716,0.9166610729741405,0.9401520396315967,0.8706992621465777,0.03138630872442574,-0.1473778849841142,0.09730512896908117,0.29350269867132295,0.43754838333361046,0.5642028269697001,0.6499918669400202,0.7189277008309505,0.7476763626758756,0.5774221223906753,0.761809512053808,0.7471102012542002,0.7118540009916946,0.6465172923481358,0.5667263825214417,0.4063480684635641,0.5353724171245343,0.674193975712822,0.8608774462658433,0.8711725126133587,0.7784456792243419,0.7259512454489483,0.6645823330830147,0.6081182781909651,0.5557478879305136,0.4761269331949718,0.43553212067948066,0.34404822526232737,0.25792941454114704,0.10870482953293148,-0.08753570915382003,-0.12460757723948662,0.5510483968652506,0.8276491421236358,0.8765854931262813,0.8126907943004953,0.700629877057587,0.8827849933997425,0.5354432591531504,0.5948672823164853,0.0,0.0,0.0,0.0,0.58488313185503,0.4694288605174413,0.8129354073542409,0.10100262088222844,0.2168792603833895,0.5639583304075927,0.5682175219339984,0.5563721641891687,0.5690603802906564,0.6989743816706009,0.7977114045209901,0.8987863559061338,0.9363870635140974,1.0937955672798862,1.0203972375503123,0.9919976373965025,0.9932907276106995,0.9582353992185968,0.894837688909893,0.7322827398120386,0.17684296525861792,0.37634538917437443,0.4363358979002401,0.6200954250493729,0.8964080703910364,1.0984089172811746,1.346633140236738,1.4464233996017517,1.4329540287917213,1.068746765866024,1.4899004065585477,1.4465116721498483,1.3467264854204632,1.192004016025551,1.0577646927346145,0.7902681538400212,0.3568638548098687,0.2693777763805172,0.5076567977359684,0.8467909628874846,1.096009168202746,1.2233275160959678,1.3666433240659601,1.3448714771536092,1.3780660974684174,1.2747308441274456,1.2021398158328291,1.0264182004101405,0.8897596530032407,0.7325837829154509,0.5963008848421142,0.46258115480833106,0.25307890115552756,0.14831749222597998,0.6017475807590088,0.8419849952979993,0.4662151118280956,0.2767891411675705,0.33684407086575296,0.29360308542337454,0.5225572483071017,0.6948501260517592,0.7125458292906548,0.600068289228352,0.9573140788675655,0.5974027003904627,0.4709788618805477,0.21513886998424886,0.25894400992754524,0.5705000517761455,1.3208620340072292,1.1572282908011176,1.1314805715329386,0.901357126770848,0.7806827421700133,0.6562590024854522,0.43824864127893637,0.31415587512623544,0.2006316300671711,0.11528133724251499,0.07467063336835467,-0.0025818784113316173,-0.08154757507146371,-0.20183951317255566,-0.0709127546333369,0.5652490946378426,0.9569918693270438,0.9693415718071339,0.9957088539739926,0.9513261628358662,0.7847631868162348,0.6453217620673246,0.49765319840667677,0.6079741928475858,0.34850412874926495,0.2684041977324849,0.20596429978246222,0.1883643798226743,0.1061718352701354,0.04143638872428701,-0.04262993823359634,-0.1286196783566858,0.16691165583834167,0.601872176745343,0.6824527020739127,0.7172440932716588,0.7640923786632388,0.7452793437601115,0.7364537995352833,0.6837528469555525,0.671212553885562,0.593422043409916,0.5400903703811557,0.5318968610090973,0.4806348945430926,0.41242907365166115,0.3972164038231379,0.3725526155465101,0.4172775726435384,0.5240755176467056,0.0,0.0,0.0,0.0,0.0
2025-06-01 17:56:59.088,0,0.0,0.0,0.0,0.0,0.0,0.0,1.0980143867694825,0.581567742671873,0.18976943738434815,-0.11818916366599896,-0.19816780502432207,-0.10163524253631018,0.0874978908361429,0.20576953721409974,0.36018223299802965,0.47931062230557764,0.653946119519011,0.7901452059368005,0.8773481874053823,0.9109844583096415,1.0076382082013073,1.0924985565420222,0.9619234054736319,0.5765351222890964,0.24330282475100673,0.12063118334758605,0.17617862813864793,0.2569379696757945,0.3748165902016136,0.5358913132872674,0.6263773564435806,0.7562388757094178,0.7601189995664881,0.8693405038938337,0.9334943957188264,0.9807274931002913,0.988468183764919,1.1313053891834333,0.8682582629386668,0.3198528124848309,0.1169943630587007,0.16097583519058345,0.24984818460513858,0.390116731923974,0.3878136901957727,0.47182944653364634,0.5340051017617087,0.6021975923832108,0.5734352077419922,0.6309257196815742,0.7098253577772383,0.6488789207196901,0.6706756593140926,0.646562632133068,0.4500923611236789,0.4764207718973892,0.49201616952716576,0.5663342824324598,0.6340181451933291,0.2948194875430042,0.31650137504668574,0.8021722090941346,0.5732478118353492,0.821357059827116,0.3365139799369248,0.5789153541291381,0.6841054000473179,0.5535825637593687,0.43320261498785884,0.6179743650119321,0.4484775717505766,0.27796322074141444,0.3236552059933264,0.2807686738054098,0.36791059745237353,0.3697544413134177,0.4628105279506589,0.49573551928507475,0.5536976609446687,0.6425291422712047,0.6971852985684308,0.7415822324092405,0.8310730386797919,0.888118522474479,0.9705134508255298,1.0043371865862376,0.9825799714475199,0.09291299499086675,-0.24019807249009784,0.006908148014466153,0.23207931876275878,0.3902843968878946,0.520269097468034,0.6275386168386592,0.7016044362532248,0.7410903023141897,0.6126878811539511,0.7705737926353229,0.7560615412399897,0.7305363098273369,0.6702922045318905,0.6007069797130988,0.4598983454486628,0.5711381470941949,0.6733655511769817,0.84728082108637,0.867651423600331,0.7793974834646995,0.7330071526363506,0.6700698417137376,0.6138239228913371,0.5586791805376767,0.4810885873079416,0.43385857189942945,0.3429092618856151,0.24842972767797522,0.08612210925417985,-0.10549343142198198,-0.10158233533421138,0.6049928240698811,0.8673555289241488,0.9092834090937791,0.8416889668224681,0.5655083725151917,0.8330879016679866,0.6911412977580347,0.48868114566441345,0.0,0.0,0.0,0.0,0.4289149931695547,0.5318223914584177,0.8101619290027017,0.11318047252738417,0.2768488079565961,0.6063239810296173,0.6079477546679122,0.5864078041508763,0.6060231380920018,0.7394728483921467,0.8288563268811262,0.9211823359630902,0.9473623117196852,1.1065370952016251,1.0179404058462076,0.9920440485644026,0.985515872968391,0.9503396022424593,0.880795659131534,0.7131000786916215,0.221834139447107,0.42525996169900326,0.47248798717617446,0.6767660587501962,0.9471591949408709,1.1431782779735506,1.3968979509144348,1.4896551608496174,1.4630412484775992,0.983378944511476,1.4926137235632004,1.4377681420463206,1.3408801685189486,1.1656421608381424,1.0267769051169617,0.738507071106287,0.3734409613040962,0.3617635543897887,0.6006185051530858,0.9351547278935184,1.180804267214719,1.3052581410607746,1.4258960448002123,1.398266061056605,1.4014068859457525,1.2985818047206616,1.2085430751735506,1.026340113769184,0.8742760403671067,0.711912948847067,0.5711587142580822,0.42839446648034885,0.20345733116297815,0.20335893767487034,0.6918292845070215,0.924826778544458,0.4094020034782955,0.34577359502578964,0.4610596310129249,0.49676927267556426,0.5045786115727693,0.6812869397575677,0.5906070465598527,0.6261623761930222,0.9344938298277906,0.6482172820797609,0.46457059090830466,0.19490678760900398,0.24629911001766924,0.5914563816052598,1.3822235849202644,1.201720653749406,1.1905800417760957,0.9381420814821979,0.8246753450256399,0.6671477474289054,0.4308615842794814,0.31183735189468487,0.20554545258479529,0.09698692292867195,0.04552669308410229,-0.045391666943006004,-0.10050986959203145,-0.20292176536692352,-0.016302241724294286,0.650910652033396,0.9850447071964104,1.0074151926932253,1.0517893762393626,0.9905663976024661,0.8311755963294969,0.6612939625270526,0.507827305485048,0.545103055154314,0.3347432627120801,0.24332918948537974,0.17842540047542177,0.14724175434695053,0.06531262041474983,-0.022754250899896467,-0.08621188428063908,-0.0625501690179095,0.3348777229711819,0.6922067879800982,0.7677213029589484,0.7994295815850918,0.8400575574476363,0.8092086075169229,0.7705580533128167,0.7095372977007175,0.6762594447485442,0.5853946259636296,0.5154086924715078,0.4821730630874377,0.4240531989034161,0.35228819738353256,0.35252861900268556,0.4059745272259123,0.5388231710433916,0.6602255686740823,0.0,0.0,0.0,0.0,0.0
2025-06-01 17:56:59.092,0,0.0,0.0,0.0,0.0,0.0,0.0,1.1071132378538253,0.5961480267199812,0.1981261344967673,-0.13175273742693616,-0.23135091195232627,-0.13687695059052085,0.06413811945400483,0.19063441670162584,0.34002518862435516,0.4603214135423621,0.6390428885951307,0.7852166735550318,0.8735579294434677,0.9106538424352809,1.0134599457288451,1.1027963509353764,0.9696834859448236,0.5792391233721774,0.23557571927855836,0.09728884907397595,0.14824550136892967,0.241328009187179,0.3611106948923217,0.530686579699108,0.6209441315461088,0.7528060582883167,0.772866434867707,0.8883950630467649,0.9391568749688604,1.0021975684986053,1.0143658312585697,1.1715554778071438,0.9045178812688874,0.313554390252167,0.09111530656429923,0.131678663444607,0.21057608135514516,0.3772612781440525,0.38112776999602604,0.4550061836798389,0.5130929644669235,0.6057025552468509,0.5920045375126413,0.6418029025575825,0.7434475543615199,0.6779946144188613,0.6876301712760174,0.6770134997015489,0.45831335427458664,0.4684484544132904,0.4746110393251136,0.5248539258502394,0.6078604631498128,0.38358291347005097,0.3668381022374356,0.7106526261504407,0.652565628467475,0.8217905111149293,0.35275346390843587,0.6288715876452994,0.7153210959838678,0.42273525812587676,0.40924769549509654,0.5296918228758689,0.48859081119787445,0.25781867735659214,0.3039224143337389,0.2545842051024725,0.35425228633703987,0.3609932892975012,0.4577628753740228,0.4988992987605092,0.5585477203120568,0.6422457797396757,0.7081317450627334,0.7592544085168591,0.8439337804439647,0.9040843951977668,0.9895846145459848,1.0184420959199825,1.0178345237417403,0.13066102448324302,-0.24776600742985488,-0.005118641504105348,0.23076224648690657,0.3975901876982879,0.5169647394777162,0.6325744718434483,0.7057590088147769,0.7464901426471988,0.6648791250780717,0.7797956668199231,0.7591745707789636,0.7395991560497351,0.6802092587358709,0.6093174364493672,0.4874632482588853,0.6381213469542293,0.7297810695772494,0.8813295341658254,0.9030666160770562,0.8141235605771973,0.7626229907352562,0.6973500100871233,0.6391660851422754,0.5716940471351764,0.49753877295017235,0.4356213360385277,0.3472480695648754,0.2411406108199381,0.07033967050712653,-0.12176387546754408,-0.06884975584261335,0.6687194672669148,0.915766019046738,0.9528631736908151,0.8777921979811332,0.5940338698595216,0.8679779035399211,0.8634796689606521,0.5464057770630966,0.0,0.0,0.0,0.0,0.32512249247723246,0.5321887967886474,0.8320679381656769,0.09350413541244929,0.3272036824981384,0.646105119648552,0.6471654513811838,0.6158095717490878,0.6448162645866475,0.7722167267257098,0.8628985226767152,0.9385150382703884,0.9576698884845318,1.113588809509535,1.0228334636674958,0.9936145842415463,0.9795977659718547,0.9462529851283183,0.8688933756693584,0.6764041800519691,0.2591246666636555,0.4698093210336661,0.5094208017580562,0.7255066909747805,0.9999596919620408,1.1988944013379816,1.4470992541867256,1.5354237774447494,1.5091074257492634,0.8989679598126235,1.5152147337356214,1.4563005236027067,1.3520929475758212,1.1642511499056574,1.0176236222652375,0.7190073920345736,0.3903335515785997,0.41575666085292085,0.6605044540463255,1.0093521991134227,1.2433542288854156,1.3805480705851758,1.483082530666933,1.4524966154361751,1.4321072143809093,1.335306184336973,1.2295011623203247,1.046856216901916,0.8784404386503343,0.7192493088989131,0.5718313029202781,0.4224772712431919,0.18746955500729295,0.24011756204198473,0.7348078285482597,0.9799892032717518,0.4319312645516057,0.37485746813014575,0.5090352646810812,0.6107705644325767,0.5390075424345475,0.7018532156361423,0.5890869951725453,0.576048892114255,1.048765383810736,0.6107738301156254,0.4155660770126274,0.19752855725106327,0.2561841756946813,0.5979162347839085,1.4013633940793344,1.2193921126565024,1.225339745048247,0.9645274514233013,0.8581985100356315,0.6796008709967558,0.4425350632677745,0.3215321163006666,0.22235097686600858,0.12054799579435227,0.060426844323164364,-0.047898642124807544,-0.07962126998675911,-0.16448120651411047,0.020451533684810785,0.6777264670632659,0.9825744014646434,1.0151066055301272,1.0701576358162836,1.0053762297420963,0.8481731167502771,0.6661621145695265,0.5297515800504613,0.5603660358905316,0.33714942005351256,0.24498986975206916,0.18606830295638743,0.14594485925125722,0.07382604809082027,-0.018892808788824267,-0.06205039694069492,0.00922472344517239,0.39680358840847885,0.7047036180833552,0.7997762916084715,0.82585019793968,0.8529783356392775,0.8279988129670564,0.7861500327709776,0.7146095783944768,0.6852419312282603,0.5947238642498107,0.5188024326442515,0.4776804191905999,0.4239807740726983,0.35916283066910826,0.36778804797319536,0.4627177776746616,0.5861066618648288,0.7075889332444492,0.0,0.0,0.0,0.0,0.0
2025-06-01 17:56:59.096,0,0.0,0.0,0.0,0.0,0.0,0.0,1.045731513008246,0.5481046710850584,0.17444435445569084,-0.13691647954782377,-0.22032902749627148,-0.1312885253186814,0.06294401520742465,0.1963706793475859,0.3288476630177225,0.4428382465612981,0.6219700389697422,0.7669204005770492,0.8487234370162982,0.88612102653172,0.9742191810045883,1.0707526234024909,0.9289620728170016,0.5725151936678434,0.23421652112704006,0.09311094972007605,0.14998652495474585,0.24961910062751236,0.35564306127162193,0.5307361589946178,0.6145120809906643,0.7408369685556837,0.689290467695299,0.8828882124013638,0.9140476340466228,0.9730057872085484,0.994045169227328,1.137172799170716,0.8670313252031705,0.30794819542324037,0.11013769997642908,0.141365401167298,0.22285549376832803,0.38151599804851855,0.3958726472064604,0.46622067145055035,0.508345474471324,0.6222577383973855,0.6116914435732503,0.6503087331811931,0.7513428540391444,0.657468530826758,0.6726887467741898,0.6578978733820002,0.4887037716810103,0.4773123870530904,0.4836379897792177,0.5367760379655653,0.6098843276287327,0.4425414271984858,0.35497881850609925,0.5858202779233412,0.6517419649552763,0.8258200534493791,0.34548520882329325,0.7121997842040325,0.7224125501771619,0.37994427947507736,0.4281578236561401,0.4262867324318812,0.5060455272115789,0.26597855378713275,0.30712907042272897,0.2721192592175994,0.3603112877107366,0.3707339454640912,0.46604150712129044,0.5123532426958195,0.5757533126431149,0.6492153883881919,0.7183488424477598,0.7650933526947681,0.8474082336300318,0.9157352817850573,0.9969027774067185,1.0168368297773234,1.002216694944528,0.12963535505165658,-0.2290952077869538,0.018261197231452586,0.24921803735582992,0.4144199594402125,0.5290193817870263,0.6454250607964349,0.7163846892790402,0.7546662871098662,0.6276997444569214,0.7862163576551464,0.7604553269620232,0.7419646095577656,0.6836644391345118,0.610661705710785,0.4962704409839539,0.6822532664090173,0.7789173761567755,0.9142719808486435,0.9295351108642567,0.8408399727692089,0.7853774236784765,0.7176007885219127,0.6627015616198277,0.5881420069640291,0.5128600294313093,0.43926206216802033,0.34628845732901126,0.23608769056820123,0.057147116356887406,-0.13477074647839482,-0.03849562728484937,0.7153933951121063,0.9509128255469577,0.9880102060957356,0.907592614556479,0.7717731243638712,0.958736925173711,0.9261510443382612,0.7023391817153146,0.0,0.0,0.0,0.0,0.29142813143339175,0.6548587742343843,0.792535666807041,0.09356449723741034,0.36023916088146574,0.6693733909822616,0.6693883134627132,0.6381628770037152,0.6740063494914743,0.7939505969711316,0.8870875928980926,0.9593683553304793,0.9808694380836092,1.1317175409278644,1.0482324290793685,1.0104225422470672,0.9991829704783219,0.9676782630892058,0.8905840062863832,0.7042834463138923,0.2895818590325056,0.4843496925390586,0.5313051621134637,0.745272865448187,1.0350106786770656,1.2379369069372435,1.491081921257401,1.5854811560512092,1.5584662580215938,0.9003869566256946,1.5639250215249416,1.503461055170431,1.3967024339933232,1.1933388193825434,1.051240050215758,0.7510294289201654,0.42491586594176123,0.4169562396852997,0.6685270051560309,1.0301043778997807,1.261529140077554,1.4084576775276345,1.521467029286386,1.5044523027250445,1.4807614227376056,1.3862643694229728,1.2748153864576954,1.0907438916851309,0.9167254986241679,0.7547786759225499,0.6094276010733156,0.45312825001858914,0.21888679659811727,0.2486256591818585,0.7133387484740389,0.9827992441501835,0.5211563722549828,0.4025869498417677,0.6701670081174935,0.6796768042162585,0.5115452144808041,0.7145793702516974,0.5387090564544119,0.48332728614974924,1.114820551055486,0.49722519731871895,0.47464927915882427,0.234807496208505,0.27796950218072186,0.5958823601365218,1.3586009852088385,1.2134928560957816,1.2299883559928766,0.9791676477219733,0.9015461248260277,0.7356231487259901,0.49436144446527597,0.3573419309193915,0.2853733261869733,0.18107686310411086,0.1087478733644689,-0.004278979401367011,-0.03347429743606822,-0.11948091886408735,0.03760280638458152,0.6456803609600661,0.9610370235399883,0.9974292684597525,1.0650826381857281,1.0053354922127797,0.8714851001045809,0.6999370857919651,0.5837708208930443,0.4858956691291241,0.38612738836200355,0.30067447951363957,0.24833455332722454,0.195112159863421,0.13549648738165854,0.053675188639970006,-0.0071772753805978695,0.06098821522915854,0.3862555283853708,0.6778644006119174,0.8012139937928683,0.842147194470372,0.8710619350590858,0.8619564452941111,0.8224160864561862,0.7567702859067993,0.7325189385524296,0.6589541210539831,0.5666566685246934,0.5337599566018196,0.4796130511101794,0.41791923407862397,0.41205081457583,0.5079738309286047,0.5897706811908422,0.681454551052235,0.0,0.0,0.0,0.0,0.0
2025-06-01 17:56:59.098,0,0.0,0.0,0.0,0.0,0.0,0.0,1.004798282479119,0.527478893323428,0.1361502601058281,-0.18307639388248992,-0.2869639104213424,-0.19032311981018446,0.008379866188069851,0.15698783281795703,0.27620786003650466,0.40571616404890354,0.5791191877964958,0.7241017883005246,0.8066346264364168,0.8514933796279173,0.9359558132093228,1.0361099886564893,0.8901318700468921,0.5304031888943033,0.17205506604684584,0.011091512477982124,0.06639103347584263,0.17867489780271484,0.2855396459463966,0.4597300295927862,0.5511280036278781,0.6826532140476846,0.5376328915881937,0.8414214673243764,0.8690499881032396,0.9346769522695678,0.9733132238691098,1.1054131261945153,0.8252749474255028,0.25791171620504827,0.05008048887042327,0.04959312850073472,0.14098620953439367,0.3101300152296469,0.3475109191259229,0.4082610928779995,0.47163535529597733,0.5899304357848201,0.5821848966730809,0.6259446699074483,0.7433489869548909,0.6426645781845259,0.6578964734825299,0.6449258770235868,0.4433782661045821,0.4162351482677721,0.3998240316518107,0.4597968750851673,0.5102132625459492,0.45017352727272236,0.42405409435530583,0.41565909047427246,0.5753085297027956,0.7279478651086303,0.32460259233930067,0.6830016950728257,0.7033041018443678,0.3467199660402498,0.4109079992754583,0.36527859138265195,0.5608316365646673,0.2284566864473845,0.21861634516374895,0.19775349970542555,0.27939428776032704,0.3062502654877346,0.4033470789046165,0.4610226237881405,0.52970574107126,0.6083811117056603,0.6867506090214481,0.7445115233021862,0.827381351571029,0.9114525457038278,0.9895686891638806,1.0214318046788429,1.0084655653484207,0.16070426629487616,-0.2788553476704141,-0.031058756383049113,0.1846811581497485,0.3510280846940008,0.4706957175003832,0.5837821004675678,0.6564367246646174,0.6995275026166177,0.5076816056028339,0.7416541826224836,0.7229669314075132,0.7103567421315756,0.6575011141310659,0.5997610859279077,0.49992812180123714,0.669105869708688,0.7481355493604137,0.8364323085096803,0.8532476069712771,0.7731694982990758,0.7149507620180129,0.6514052830185921,0.6085714164191782,0.5300883824072458,0.46034100422322055,0.387513861500133,0.30691699727675825,0.19369854073175774,0.015779857924389185,-0.15652207995912892,-0.027594895078522225,0.7232831616410588,0.9386735966369588,0.9723658037387801,0.8840864183304802,0.8572952229924045,0.8139697817104672,0.9368190571429249,0.7407413570090022,0.0,0.0,0.0,0.0,0.22160868004618162,0.7692966147036204,0.8490077970774011,0.10181647483059963,0.3765314959341169,0.6655789409763218,0.6548194901705562,0.6163810995012885,0.6435272261942002,0.747134124796138,0.8314690696361398,0.8963941616800435,0.9266466947780652,1.0728954444868206,1.0069291354290506,0.9732954540271574,0.9712338423088378,0.9468072794523681,0.8775276116171791,0.7183202803808761,0.31377405867433616,0.47895598336170375,0.527910599714384,0.7126490806358137,0.9949164887622797,1.1881991862311594,1.4273955963327722,1.52108151884779,1.5027468859562927,0.9136228466536482,1.5134158577372085,1.4608129490703377,1.3673482963124088,1.1675348644912837,1.038633304402207,0.743817940060821,0.45282626358632394,0.42516151852121764,0.6512221876770831,0.9891721545077663,1.2132847707153767,1.3522179938203378,1.455895049534008,1.450559156392701,1.417871944331654,1.3398368479096936,1.2270112510536353,1.0574417499081243,0.8878564399603991,0.7337840056110412,0.596626678173063,0.44866933345221105,0.2254129340846891,0.24151781580960394,0.6925693784279933,0.949629273192954,0.4809176731297524,0.4295484996584453,0.8167156898112863,0.7870211201441094,0.48413193973433394,0.7195007136894652,0.48113712299810857,0.3420485652097543,1.1519959675093188,0.387840372386712,0.593086794567026,0.23187386587412256,0.2663338213912296,0.5637360859918515,1.2606163783454019,1.153435302053814,1.17429404387026,0.9287077183976389,0.8626622293058277,0.6942712291229585,0.4606139704841772,0.3292430306037324,0.2820709668116268,0.16299105147864723,0.08349027344198845,-0.006994422816563484,-0.04148382732225164,-0.11375947514562323,0.0058125546402151285,0.5786460072111173,0.9250438330949194,0.9473259296670224,1.0042028518232895,0.9262578237367551,0.8039590114771191,0.6394889693744232,0.5375854560394149,0.41415642550858556,0.3488847454900299,0.27487201453872245,0.22945063039591895,0.1798605489129198,0.1386356314372048,0.061110422361634664,-0.0057625792104864515,0.08742460502027533,0.37510182096911215,0.6576069807410936,0.7739693878782073,0.8238390303043972,0.8380627072076701,0.8302449525833819,0.7749585665561596,0.7291804001677986,0.6878352137442958,0.6391696150666719,0.5520410917186309,0.5072751755847738,0.4559215238769304,0.396795246008839,0.392379624546586,0.5095393494402588,0.5601785032663368,0.6493307049980839,0.0,0.0,0.0,0.0,0.0
2025-06-01 17:56:59.103,0,0.0,0.0,0.0,0.0,0.0,0.0,0.9753807608070794,0.5048534330345515,0.10659629042704488,-0.18278786122849383,-0.3017386985052811,-0.2023679387941807,-0.009496325488849156,0.1309920520400244,0.24141896157175413,0.38475905279470346,0.5394631980561784,0.6862439984127732,0.756620789416349,0.8023805021362481,0.8896326770220784,0.9802541216220423,0.8475212221653265,0.48469648726749864,0.13338555253932116,-0.02061559794199863,0.015933442761436822,0.12247570663451768,0.23120788522770663,0.39264048194698997,0.4886848776957464,0.6190217075450923,0.3763367556287731,0.7808379793988746,0.8078147267203057,0.8748585968171135,0.917829152251078,1.031324837615823,0.747578330459566,0.22491776077337805,0.030257387196009566,0.00020622882703325018,0.10772222910873475,0.263251866067725,0.3115220638004492,0.3813105375319161,0.4292788386013402,0.5363168636567421,0.5658623734794572,0.574568984068936,0.6911205794505523,0.6088341591118516,0.6025807382775922,0.6014006760273407,0.3950351841873755,0.38113152268275696,0.34135948578442477,0.39212651931047793,0.43539131650939233,0.46413282616309587,0.4350844762067434,0.19340313822451827,0.47880409291914383,0.5336552955790698,0.41675378621134573,0.6175132526714839,0.5618025511899187,0.3242104066947121,0.3368654305583363,0.39667461090965694,0.5601186492800696,0.2031570197103891,0.17000908618707966,0.13632522882437503,0.21522121981699582,0.24299775131064605,0.33374032587575253,0.3973824132294661,0.4669568627415881,0.548772253104072,0.632293070882262,0.7032830204384672,0.7847123576462204,0.8697628952271186,0.9486635394653569,0.9889426985343278,0.9843393634440327,0.15247614961376826,-0.31500715710885396,-0.07336033888488891,0.11788607270977502,0.27909795642637025,0.3993334071810417,0.5045096285835915,0.576678700323511,0.6203005131959329,0.4347604296712417,0.673948838137113,0.658560280475904,0.6565461679145949,0.6116294985415532,0.5685899195468305,0.4776415274455381,0.6335973702838302,0.6775455720258464,0.718612541290971,0.7377564143981024,0.6605648735411787,0.5964127818761462,0.5443736548485343,0.514195076679334,0.4366658931839582,0.3776898041787289,0.31069923568606383,0.2495904348976261,0.141013191642946,-0.014349121443350765,-0.16347424349316364,-0.033219910078283704,0.6831996579363627,0.8857665499035521,0.91236421261136,0.8231648077890219,0.8374238250531449,0.644988108441984,0.8618991434375043,0.7059385003106584,0.0,0.0,0.0,0.0,0.2740573228236921,0.6863220239140355,0.9195147660103434,0.08133724494162198,0.3475495588903856,0.6353445272667513,0.6145499023175469,0.5634239803204867,0.5685681398568718,0.6554435185592948,0.7346645755132988,0.785255191102304,0.8265271516979964,0.9743073729554221,0.926909160131701,0.905422549122475,0.9133825987081177,0.9027106446688764,0.8441005017687695,0.6936048336311784,0.2949311299748396,0.44552905760401207,0.49084775593983254,0.6403650732368547,0.9031564395950447,1.089107540856606,1.299695809176502,1.3956039541610836,1.3942285389559947,0.8273003782952222,1.4195216069904997,1.3793989290245716,1.2993514072791366,1.117658830708549,1.0008002519740349,0.7192568970419185,0.4415932351281696,0.4008347107652547,0.6009631702467636,0.9146758400938608,1.1145700302036676,1.24504639156776,1.3366372660735584,1.3295369512985167,1.300446105384904,1.2379867846392516,1.1343121847675968,0.990211596457533,0.831818484810601,0.695878628821589,0.5681769149242276,0.4368332368483995,0.22264476163875752,0.21350197492212505,0.643274342137067,0.8705561891802193,0.376309382998406,0.4465560161656912,0.7648022940462705,0.6963346849471591,0.5070728764076855,0.7022615813218914,0.5283897160593387,0.2608924742809091,1.2050654370789142,0.2568419943068594,0.6072028589339012,0.21045543271440875,0.24779952140307987,0.5069956063778824,1.1357371835235992,1.054019029195793,1.0588354232849984,0.8488097590415711,0.7579142477638767,0.6026442160393475,0.3644128515996641,0.26209085966316903,0.2420615278066205,0.13254777887318991,0.058803742733568365,-0.00972694222618653,-0.058864376602153934,-0.12297094579418266,-0.05551932143451077,0.47716692877297257,0.8530870177342934,0.8651285081397428,0.886930907166381,0.7854531025273384,0.6687776367068881,0.5209001600966199,0.4384494188175647,0.41737835004924506,0.27592673733636985,0.2218613460862635,0.18755680030641542,0.15398673870871982,0.13512453926767065,0.06335989209855564,0.006237038646566551,0.06149497014584632,0.2737791808722597,0.5892905698296609,0.6943323041090573,0.7358709029721915,0.7297358685537119,0.7353977790691131,0.6805142728453619,0.6537699493557274,0.614929894850843,0.5851134169877164,0.5150164209799457,0.47483192205648916,0.4277234999402789,0.3827890617005991,0.37556847119935394,0.4586272501272044,0.46794458728624966,0.5468397277277983,0.0,0.0,0.0,0.0,0.0
2025-06-01 17:56:59.106,0,0.0,0.0,0.0,0.0,0.0,0.0,0.9272156250388327,0.46033354225250034,0.07520308222947408,-0.15068934528781114,-0.23655412774442885,-0.14503248597399376,0.02979010731853793,0.15004608451958867,0.25606519232120173,0.40409122457068114,0.5377040714747907,0.6816499452045087,0.7369524111989116,0.7803511929378601,0.865095565772627,0.9313501227975692,0.8052438393683572,0.45999034353204343,0.14191660230800074,0.032058406387951655,0.06949529304989532,0.1576774692239642,0.2630100595927405,0.4089144893879837,0.5007537381384144,0.6181033373916054,0.2798414228183831,0.7624376674983798,0.7858438040609228,0.8388765650489795,0.8720565397122042,0.9533960651562866,0.6675402131414867,0.22781907007393948,0.09344781016542092,0.08463363262900003,0.19227735111346678,0.32104760644609076,0.37168011836033577,0.4476340739869631,0.46034247388130467,0.5471248889814266,0.6043526290281349,0.5848820873307573,0.680147182671082,0.5901949709735381,0.5714164954352158,0.5540153881468313,0.4162782042597071,0.41603929813954166,0.3922853687427841,0.4715400862753161,0.5089957324201584,0.45040915280798627,0.36921608746242573,0.04868143179252832,0.3378311327908682,0.3714569105616349,0.4947127875579731,0.5770439187155014,0.36695014361909123,0.4455843300893231,0.39951255860118184,0.4325110512276935,0.5235785836885596,0.2427139030904538,0.22836189897822012,0.198541181072859,0.27238755223683064,0.2930137327694151,0.37575574137225565,0.4321992208976877,0.5056196985896098,0.5801721126282915,0.6572099577105366,0.7278384125068622,0.8036679976823499,0.8796142230958266,0.9491289332539872,0.9772547223878943,0.9521041449886556,0.10747633012790653,-0.28177192769389814,-0.011502429300095374,0.16558318271585648,0.3204386078446657,0.4465197427299765,0.5395594678945423,0.6047298312321541,0.6407453963703131,0.541089244443717,0.687182351711684,0.6623671297383887,0.6577126855110683,0.6120047133745404,0.5612330503064273,0.45851108411446206,0.6282018282788949,0.6824750011167525,0.7399023296468306,0.7494188968415896,0.6662373298084263,0.6040148603440618,0.5496755154586852,0.5209289032984521,0.4470439755870894,0.3801060031240473,0.31086206530659055,0.2522786731742983,0.14859175174279216,0.0003099497230081294,-0.15787350526141913,-0.029975197048068586,0.6852125827075867,0.8815369650903291,0.9179704424589217,0.8283913967143162,0.8612003812068791,0.5911049302899707,0.812143352844293,0.7131747374216566,0.0,0.0,0.0,0.0,0.348176807253195,0.6325083036713801,0.8136112850299418,0.0916597068435232,0.34736551664695475,0.6352914440541035,0.6123495598420616,0.5681457988005075,0.5604232871171446,0.6524702679786418,0.7329433436665909,0.7772808349176858,0.8274786065471451,0.973037674067796,0.9294099292017206,0.9102192329873144,0.9196745732914813,0.9096971412629364,0.8600670588494206,0.7180417374175101,0.29085983962845835,0.42692332808411015,0.48792349335971985,0.6161218308959153,0.8861894724055432,1.0862894381805814,1.2812146979690722,1.3884383351257734,1.3983038731738209,0.8492496643659608,1.4292804506271244,1.3942725974532393,1.3102154606733674,1.1348908211150155,1.0162244198238106,0.7444626272178712,0.43735129424350816,0.37672959687546714,0.580521812010193,0.8901402243840388,1.0854516378053516,1.2158765633745452,1.3219523649039844,1.3142893440914152,1.2953818490288982,1.2286685857536135,1.1319267254487513,0.9961276960979318,0.84374488662443,0.709035215940502,0.5825002745162559,0.45460999514011446,0.2446445829326973,0.17345891018883286,0.5970715002750154,0.8228027943371793,0.3705974993440766,0.6300005072598425,0.6340593600498918,0.4154372313169248,0.508836167956574,0.6754329259845853,0.5858261953431827,0.2000201771497252,1.2551825304664326,0.24134276276643374,0.6113245058327595,0.21690715350492723,0.2377027832183416,0.4663826870698949,1.0706395254874506,1.0315703811334507,1.0181349296090367,0.8425323362214958,0.739862210691349,0.6142915823698964,0.37474846780360416,0.2841270319555782,0.2644166481722665,0.17301436637254652,0.09995590357900008,0.02669743747317732,-0.037481908317177015,-0.14322169110334831,-0.11611313388846806,0.3995754417128374,0.8204598514676109,0.8355120615728022,0.8404736940443155,0.7546899565054563,0.6480262566643069,0.5208636835684393,0.4519031547420964,0.3736803723670772,0.31431576567653097,0.27247075902076845,0.23744078066133478,0.21071855345627022,0.1975396272614528,0.1268263052786488,0.05619717413751485,0.0005010039978705638,0.14885995408266273,0.5401322472155929,0.6603171876877304,0.7074904517364877,0.7334215884128508,0.7425224156162051,0.7073300782494565,0.6869467660118056,0.6615033055120774,0.6380248268155051,0.5705262358655869,0.540979063913902,0.492106902264665,0.43309120554068303,0.40890443993583486,0.41757411829982005,0.41426220338646014,0.4905711965160251,0.0,0.0,0.0,0.0,0.0
2025-06-01 17:56:59.106,0,0.0,0.0,0.0,0.0,0.0,0.0,0.9541816006278568,0.4701823554657383,0.059066683123386365,-0.15948636360021978,-0.22985754717033058,-0.13397157080294386,0.03708345409237601,0.15247837460223268,0.27768882036443177,0.42872627679364306,0.5606285757665592,0.700762890732117,0.7532201983424172,0.7922425917291177,0.8874990859919698,0.9469610256260245,0.8129252226191743,0.4566166320807055,0.12892878547214293,0.029048540456962146,0.07223548776878497,0.1555750237613729,0.2678402706984422,0.4072229572673287,0.5126560959039395,0.6192130515001883,0.309501925181341,0.7604970518598576,0.7975766219271452,0.8365897640611658,0.8705727584407015,0.9658824831576845,0.6659876094748103,0.22928505522484316,0.11316730353629578,0.12052547397248703,0.21726664256437966,0.31094186248872213,0.3894098905172614,0.4593415160836545,0.47996210044151066,0.5583931360642058,0.6019986551219845,0.598265391798339,0.6876717573789554,0.5873598410094674,0.5754640368604531,0.5616950151508553,0.4312180008475419,0.4210168428287894,0.42726556514279534,0.5269729164857604,0.5490374147199073,0.4647634325865378,0.5300438547749559,0.08806729038297983,0.28642400911899923,0.31528198316476475,0.5613984037220798,0.49905859239858086,0.31889288045577074,0.5386879488981745,0.5091756166408994,0.44380070077763956,0.48568310534760933,0.2436517400609152,0.2508736371609819,0.20917955689054546,0.29452824562581625,0.3131996998814317,0.39914991180653914,0.44369709785465505,0.5238775466189582,0.6022528472368367,0.6743107515681428,0.7423952403208351,0.8181853596165863,0.8872586791642503,0.9473845353426609,0.9787055222547351,0.9298932308679655,0.0925855029539081,-0.26788947020490295,0.02761016573285935,0.20395032897607646,0.3521082457535647,0.488537170607104,0.5613501469715572,0.6169337013657294,0.6555195494791726,0.5419455357274812,0.6908603914600393,0.6633539143689996,0.6490125063927085,0.6103287926669895,0.5508629212154743,0.45076201672560523,0.6187315139749132,0.6863183332261805,0.7549087007087358,0.755005646271184,0.6661737368208718,0.6076561211114162,0.5477398106840639,0.5101842647799026,0.45013715036101964,0.373412478418679,0.31169626820299445,0.24482101237492393,0.14982062965235388,0.004353963799375582,-0.16280061748346686,-0.028565955622896017,0.6937109001816611,0.8838552364276215,0.9206669229035911,0.831699498512422,0.7364252673980474,0.5596743098919004,0.6779395580822627,0.7186632084255796,0.0,0.0,0.0,0.0,0.3596251804459073,0.7265239542686825,0.7656594060790084,0.11061695018571027,0.3486504427033004,0.636676905182371,0.6092950856140478,0.5774282192839829,0.5653032147914892,0.6567179904447868,0.7359019800215476,0.786675411085727,0.8332782294839882,0.980072489700603,0.9381209997977735,0.9186903264727695,0.9272249088760596,0.9058471965320007,0.8737416554053881,0.7433690686343226,0.2898545896542264,0.4151661470738366,0.4875146381034843,0.6072589681808083,0.8827963415757389,1.0976456900072362,1.2842281804224411,1.3881420647646407,1.4021240432977946,0.76553186732609,1.4364279515490126,1.4037756354684983,1.3140357724259628,1.1463267915915947,1.0209878171989473,0.7458710351943326,0.41628366694019914,0.3772354399254345,0.5806366301624873,0.8897127538506593,1.0835631082205501,1.2114095393721158,1.323510627288853,1.3108735452567124,1.3015355389514873,1.2230017491340854,1.1344449820511113,0.9924974915526122,0.8462131024500198,0.7045855953502247,0.5791137526399104,0.4463814718029149,0.23887341768190812,0.15895891630005368,0.6014259137334083,0.8251107885936079,0.3668787695023281,0.7788281727487513,0.5590450498528372,0.29231886873729485,0.4785125629265306,0.6075772601403963,0.5053543950879353,0.2113578049771484,1.18450800067161,0.26653504854155585,0.6638225345901969,0.2075425524885947,0.20367412943837715,0.4365507214581415,1.05915079190175,1.0515904773724165,1.0192538220199459,0.841763191762747,0.7479594651377839,0.6073831651396073,0.3935152055654232,0.29106546096289865,0.27261235335411205,0.17770273583830232,0.10440678357044697,0.008665705741690455,-0.04390407715699873,-0.19236511445453802,-0.16311248975737946,0.38043865697937856,0.8124741392451593,0.8314287603276598,0.8288274046772127,0.759710563306333,0.6474924217136091,0.522205630191009,0.44605924232467564,0.2926593787814411,0.32521101336239067,0.28496056446994245,0.242681834023045,0.22044733210673384,0.20493766843469385,0.13663884050126385,0.041374022333302285,-0.08370924244939859,0.08923430516523911,0.5151173262330142,0.6503609774641651,0.6999214147200032,0.7486888011919972,0.7467451622598253,0.733433566116755,0.7079347636836109,0.6918428816673072,0.6614133847445354,0.6039472146316447,0.579230094946869,0.520628759065264,0.4477960077903729,0.39279117293367755,0.3740086476856006,0.35725496967407844,0.46537710589096726,0.0,0.0,0.0,0.0,0.0
2025-06-01 17:56:59.111,0,0.0,0.0,0.0,0.0,0.0,0.0,0.9991319440850192,0.5143667321127833,0.06917632876407803,-0.15622518958675347,-0.2495816722840376,-0.15180413869428666,0.01433426971811802,0.13578621034916583,0.2752365796904389,0.4335579855443572,0.562787949406089,0.7023404617255765,0.7637101048808332,0.7987289716971209,0.9120300890389952,0.9626236857802833,0.8220276373794934,0.4459497611542525,0.10420551164379599,0.0029992128364726423,0.049868241630060206,0.12886895465571313,0.25225978662955373,0.38159252873790517,0.5042123294824981,0.6055846638266054,0.5034555401911327,0.7562612573216013,0.8014124979155306,0.8521421439831433,0.8787637548330105,1.006111439819748,0.6649084229696884,0.22220044688232737,0.06436402279292064,0.10303091946156973,0.1879770833931398,0.2717290232928229,0.3841189222038477,0.4342449080149866,0.4871571830143815,0.519163562840026,0.5871717128396208,0.6072830733785438,0.6829083071915986,0.606272248404021,0.5893408817555442,0.5886883007992025,0.3990817106891694,0.40828597090603724,0.43413133893751,0.520089700879764,0.5472827799716815,0.4351110345775057,0.7380179385558147,0.1781125719172968,0.5812442857454837,0.3376824039414391,0.6365800629526466,0.5070666481243177,0.3169827397432378,0.5519953654721771,0.5414680935526673,0.4585845085893394,0.4705794352422393,0.22652312037940883,0.23309719446093868,0.17778516753407803,0.2784926864158739,0.29823714764991704,0.38982956152150994,0.43111075188810544,0.51069653737286,0.584235898521116,0.6682424950972226,0.7458709906046501,0.8120086936895773,0.8743849055502557,0.937663288407629,0.9752148604423753,0.9192329306596352,0.08395251946249174,-0.2695631305311401,0.02534937674899318,0.20055061125545626,0.3544346701266019,0.4899190022451503,0.5499998456925073,0.5982114688708746,0.6473789223659459,0.6834851189673523,0.6760064453392891,0.6446591654542265,0.6268624451084369,0.5945225679682419,0.532480461719339,0.43658935315734115,0.5928095217002946,0.6634951832494541,0.7328914195959277,0.716515866085562,0.6319277839408015,0.5718222180402177,0.5091551274811508,0.47007573201771313,0.4103544929983596,0.34420713974946526,0.28353580251639166,0.22789623793236413,0.13760632272455475,0.002278657153343966,-0.16152675037344277,-0.03250789502526297,0.6748842850986737,0.8616256242548743,0.8892627388749399,0.8014767023950089,0.5190368112422248,0.5172494001165706,0.5242652249813642,0.5228045130888165,0.0,0.0,0.0,0.0,0.3508291567745072,0.6406480703581898,0.8361534067982394,0.09243186745493881,0.34605408512937125,0.6337756494845131,0.6015775595714923,0.5646675949876269,0.5430491916298543,0.6281550816516999,0.7023412593381688,0.7487253338554498,0.7719113036700245,0.9225683503640667,0.8893038389088361,0.8726568797321792,0.8797258621887531,0.8526663073219707,0.8299549593236955,0.6849483602555761,0.280994594511691,0.42046073564031794,0.4839727583161899,0.592105957487306,0.850704301499795,1.0552701406350056,1.2293192871451297,1.3137643017095078,1.3370951740411414,0.6013105334056743,1.3695771450631935,1.3265531372677253,1.2428465231073866,1.0906314116082951,0.9695923090107971,0.6809234466377193,0.3775870323202786,0.40877425669176504,0.5944012633137629,0.8865451086330143,1.069463387214094,1.1799131998221395,1.2749521662244239,1.2528890551338236,1.2308570724588805,1.1592555797355582,1.0620120487456752,0.9255658836045623,0.7881996747333192,0.6543378316381536,0.526632640586755,0.40084524981108716,0.18844574161381375,0.17691024988446927,0.654042795032309,0.8455436143245713,0.2179429186807513,0.7201052815319168,0.5764889427656651,0.3359842901493023,0.4386813997477124,0.5290685895185561,0.5845580607150471,0.26224542130756134,0.9958545236610713,0.28852745785814105,0.7141977947785247,0.15525697027858515,0.16818658720951685,0.4291144124977038,1.1006948544759576,1.0577806159062086,1.021963095721726,0.821038687685222,0.7040258113566169,0.5457156420769729,0.3464643800426035,0.23965602582820988,0.20607121458002098,0.10317405374753452,0.039350488705776066,-0.05442942786827276,-0.11256110655582896,-0.2341499026789961,-0.1728838321898814,0.43158760358597154,0.8376209625766305,0.8419391576475224,0.8246932555222409,0.7435622255347922,0.5888547644675675,0.4540960056879244,0.35069829190928226,0.2814489321291693,0.23977154697524306,0.19087958616830414,0.14896853828809653,0.12575667204000285,0.11959176805623184,0.053479557618071105,-0.0427704349092462,-0.15879343216182876,0.08999412864564149,0.5099079789141039,0.6428915746112404,0.6624218851221708,0.7001814962915334,0.6928888723973459,0.6714449579491761,0.6381304757507325,0.6198337860485459,0.5860294719485797,0.5381426108407494,0.510079209881156,0.449382218969291,0.3745076327507484,0.32227647141776233,0.29816159185605196,0.32827175186690705,0.4684109623592507,0.0,0.0,0.0,0.0,0.0
2025-06-01 17:56:59.114,0,0.0,0.0,0.0,0.0,0.0,0.0,0.9766392540135612,0.499957217756429,0.07542540915213775,-0.15671318358354608,-0.23967103450130522,-0.1632210810413679,-0.0065822092657148445,0.11884670557399024,0.2588976697811477,0.4115614337423692,0.5448666403271483,0.6830776616782831,0.7425505773277841,0.7749766801351972,0.8899696953478784,0.9318474862180789,0.7988686357700702,0.4295940708644383,0.10354966271996213,0.0034610638678618244,0.047605620296548246,0.11644770818854377,0.2372804498972798,0.35664593913749765,0.4828333187682863,0.5744246984194006,0.590734622022806,0.7259494130090943,0.7749942528480074,0.8219710609516943,0.8437297618640434,0.9690370774507976,0.618080845099686,0.22893873788317487,0.060652581681324924,0.10208496800260902,0.18285210396833174,0.25101164323767566,0.36310787134614353,0.4150304465150203,0.45845420542283577,0.47649872666996496,0.540242001118036,0.5765230879775604,0.6282146945584831,0.582328365050095,0.5535275351134806,0.5649409978467288,0.3678767362684722,0.4145432587165765,0.4443857880462171,0.5012685198827285,0.5245013672677674,0.4824791537297372,0.751383945439002,0.21669944826572862,0.7142426224272691,0.3975066872967511,0.7003262991203258,0.46685933591666096,0.3324712876043833,0.5712991340776038,0.5440424717921181,0.5033997923601067,0.47539771102910416,0.23250645944332307,0.2317778082441727,0.15526743948786925,0.25109133529870364,0.270885827310243,0.35954436935887135,0.3985567613345502,0.4790738750600998,0.5548219050726648,0.6415001756093559,0.7215390449134067,0.7860498240125352,0.842917186946623,0.9127076929357489,0.9508908816002747,0.8899096640183062,0.06831660760395838,-0.2682040493346004,0.02309373607637677,0.19347503997236037,0.34716527971819766,0.47451361410177384,0.5285007345147261,0.5769297269266289,0.6250889330295102,0.7356926950911624,0.6521155273956443,0.6195068259916131,0.5992162139671054,0.5723037467530393,0.5041765431347782,0.4044803366593128,0.5672228655575026,0.6331356481956142,0.710141347337244,0.680101997750928,0.598405667332021,0.5309818186874768,0.47159495211153857,0.4249027482749499,0.37615379959098694,0.30905018001652085,0.2545893253438194,0.2017387825553698,0.1186506445452431,-0.005602331656302306,-0.1633428550319685,-0.05823260965336921,0.6326424200216453,0.8304609569520901,0.8516245982782507,0.7626267496597354,0.4197645939356956,0.5102824901231355,0.489116984705163,0.4270052837056819,0.0,0.0,0.0,0.0,0.35652177206942004,0.6549095922412429,0.7342458996515897,0.09443547729701018,0.3288658651222141,0.6268554036792461,0.5929735730330428,0.5491387537681217,0.5116642233850262,0.5977039933842148,0.6699034244312423,0.7172342094083812,0.7334172100219414,0.8838726724324575,0.8560050694301737,0.8486251294412415,0.8555792686374069,0.8340579297212138,0.8178668479155458,0.6680480371385216,0.273148778149382,0.40714964562905687,0.46351145558324447,0.5636126753838624,0.8044229955290938,1.00530585615078,1.1716897930804655,1.2494882282736046,1.2749698505982312,0.39186575210862945,1.3211733748184136,1.2795860575199018,1.197118760641807,1.0652199914730613,0.947956924878892,0.6693560367242849,0.36785275737795536,0.3922413569404499,0.570566816847122,0.849891509818917,1.0212305376127588,1.1249586582959352,1.2151318287661903,1.1919361598632119,1.1730983047786325,1.1018200674982257,1.014713406032949,0.8825011132936268,0.7587674475053537,0.6341786059280075,0.5069956179350555,0.38980097264677815,0.18379366490440113,0.18211477975814822,0.6453082755154921,0.8172418795894912,0.18893593989768068,0.6555596688878554,0.5370363011393546,0.3467081135456277,0.4685606647435166,0.4780788860148568,0.5465761331180328,0.2923354454099294,0.7059973513629161,0.29928429965876335,0.6423219498431999,0.1312349328115337,0.15700013342462144,0.4102593051593371,1.0938725914487941,1.033853851491512,0.9787328941147467,0.7869992710746814,0.6657465551809885,0.5025881819223339,0.3141541741221707,0.2110670775875343,0.16391058379515222,0.07411531852330433,0.023858226342512,-0.07544098836378865,-0.12484073706076626,-0.23979555760990695,-0.16774228263144803,0.43610013507631556,0.8337846201637458,0.8263033213514301,0.8073052448419488,0.7169077960937409,0.544819192569046,0.4038476899893111,0.28901110253355733,0.41793904266974513,0.19360089637136002,0.14333177953873544,0.09811362799061962,0.07960817753196736,0.07182410858791144,0.008416765369462342,-0.07905272297535743,-0.2098783740871333,0.071469635437854,0.4855929167492297,0.6210599243332954,0.6259189483415066,0.6494318830717809,0.6418241312461022,0.6317748324006027,0.5894217241467199,0.5798317114260163,0.5333135061178029,0.49074402201233625,0.474047745454083,0.41688276723825257,0.33962094081864136,0.28743858326417965,0.22490349260915932,0.3090878887791755,0.45405648862540815,0.0,0.0,0.0,0.0,0.0
2025-06-01 17:56:59.118,0,0.0,0.0,0.0,0.0,0.0,0.0,1.0134239694739762,0.5306262530087964,0.09706867966209021,-0.16262415728070173,-0.24513267527493565,-0.16212005588962408,-0.001983743859667375,0.14628304609599174,0.2891448119089818,0.4424687918799748,0.5867056822135752,0.7237277400544121,0.7882909399264371,0.8195693761437397,0.9355485660770629,0.9855629490385224,0.8362594101356005,0.4560731913162526,0.1342274181754176,0.03361004608407858,0.09115133151121602,0.1655759816194613,0.29111725135341304,0.4255550785515645,0.5504468886262537,0.6347728287812411,0.6345193840936574,0.7903741555987992,0.8363800341986385,0.873583920818228,0.8955017415497417,1.0214503892178017,0.6575705380334755,0.23790603823147982,0.06698269040104166,0.12889520610558947,0.2180733649720452,0.30660304516937753,0.40443698222463187,0.4491118616389247,0.4952728086348732,0.5197042203053468,0.5593611273225785,0.6029052143123935,0.6503373627303496,0.6144337591263707,0.5578530249616948,0.5702005924402351,0.3513323868106294,0.4288107659596382,0.49592340862899975,0.5490605350203792,0.5877934902099351,0.5695892810900531,0.7783715433665271,0.33157058893773134,0.8305701277442739,0.440858544435317,0.847957565321217,0.4947126287976005,0.45173828698235446,0.5556403836937802,0.68645439420032,0.6887743352257872,0.5867845139299985,0.2607451343454805,0.2632698658389827,0.19396394868677524,0.3059493236653883,0.3368216433972977,0.42915147716125324,0.4732140679762342,0.56102512092733,0.6467591491585034,0.7294281968334324,0.806735387176041,0.8750325634813542,0.9310817304707322,0.9960076261949036,1.0292156179203733,0.9667599403395797,0.09366370928733653,-0.24787629411479073,0.08186253572002244,0.2882195789549571,0.45878179751891124,0.5872940808763953,0.6455096816898367,0.6936830968278436,0.7392314599005132,0.7708704911266637,0.7475684792844255,0.7057247287848131,0.671584495670383,0.6321605878758151,0.5397407606544105,0.4201023248620994,0.5807001473495996,0.7059221313290375,0.8286727454946665,0.8066633000818728,0.7304044170551351,0.661945781224907,0.5977164508253567,0.5323234509800967,0.4830025364979915,0.39990114465070814,0.34747895464631084,0.274151492951173,0.1817391282609564,0.03749320899364783,-0.14459325358792424,-0.07829611860478167,0.6471214812567339,0.872477395924433,0.9049872674352042,0.8206806481980016,0.4614368516537462,0.5187814190970819,0.4550270583863552,0.4136187453780915,0.0,0.0,0.0,0.0,0.3272152554491604,0.9332039349779313,0.6455823075248962,0.1715249884873319,0.3813770497582614,0.66888398227847,0.6461550710047952,0.6173285550237358,0.6005197558559547,0.6983013355138044,0.7882018269558642,0.8459390301369321,0.8677845248246432,1.0147810899979564,0.9643788038271874,0.9489410402274758,0.9429775016808826,0.9122989785831184,0.8938429006023709,0.7629003944673809,0.3148484537866099,0.44055977443611927,0.5179617190283821,0.6441148793634828,0.9041636225462975,1.135297518605665,1.3242844785965522,1.4051925143458603,1.4212585750032234,0.3861817380011729,1.4493539291446824,1.3963416242626137,1.2835322619730114,1.1451939971905016,1.0076349868806243,0.7265977645135722,0.42829927312739846,0.4406310183953923,0.6376425376675606,0.9471346496518442,1.134008347046207,1.248961742078763,1.353266880858734,1.3251077233710167,1.2984285753888218,1.2091955253311375,1.1199703219077204,0.9615483844946718,0.8295028976965008,0.6860284583272567,0.5480976764253727,0.4225678808133232,0.2092201406608586,0.20504071310226335,0.6883198654073803,0.879240816914835,0.37853437179239713,0.5694812712637394,0.6080684964773408,0.5135598071618118,0.5742198700620824,0.47768730184358865,0.5204997087529493,0.3176703291260952,0.5217995747138552,0.43072557911930354,0.6691483097020463,0.15670077322570514,0.16153272046890105,0.4083389915909761,1.124516423184942,1.0830124665868563,1.0514582397631402,0.8572447325223673,0.7537672208889481,0.5779923193181569,0.41038052296522065,0.29714177956024024,0.21445405844200272,0.14420677867284537,0.08196153884725121,-0.03908718209056694,-0.08067700001750333,-0.2171722006569165,-0.1453473664620733,0.46777416101477826,0.8801697562390906,0.8679336813098022,0.8909358809854756,0.8185505227826411,0.6411300714405122,0.4816359853341392,0.36113572524901216,0.4744989008894822,0.24485074277397034,0.1882456430868289,0.13797630812296569,0.11098386558827766,0.08845173445678389,0.015788440046128227,-0.08370296378147263,-0.24727006663699524,0.10011465940411812,0.5117232005920533,0.6555890779894668,0.6876538511419652,0.7260790465528619,0.7130263289724228,0.7039049674449367,0.6548280771146309,0.6541034472450644,0.5836298848409049,0.5375171597600534,0.5151317596395297,0.4556510344946526,0.3599392385012151,0.304822924768174,0.23235194373748824,0.35578424401740616,0.5302797000023736,0.0,0.0,0.0,0.0,0.0
2025-06-01 17:56:59.120,0,0.0,0.0,0.0,0.0,0.0,0.0,1.037752420748959,0.5709884190684422,0.12378287047620595,-0.19508732729642936,-0.2977392437814296,-0.21819522666740976,-0.05715830946052325,0.11620868947904728,0.26157028192105336,0.4235356788945772,0.573338143611289,0.7101403931561888,0.7846326953258167,0.823462763338574,0.9384458671213506,1.0207631400916395,0.851641677102965,0.4661762045667042,0.1254371735312284,-0.010328043380753549,0.03957990511607257,0.12075808367370433,0.2556562380767671,0.3963996824000666,0.5177545716359739,0.6148671397196641,0.6875694959240745,0.7796145223509784,0.8303231777507365,0.8755507479250207,0.9113180935780834,1.0348333975082986,0.6852528679293777,0.22672110597051576,0.01476682530081963,0.059902944457315366,0.12070250911880298,0.24771109751387965,0.34791501172711503,0.3824604866254673,0.42727991567767476,0.4750437163195511,0.5043065257803627,0.5617547970165516,0.6199976488977753,0.5867007035280112,0.541142612630372,0.5712821652811866,0.3049047171366673,0.4086604041333254,0.4652234913339647,0.4641193988755421,0.4983556084541376,0.6777600584036418,0.7164225287928196,0.40905341988739735,0.9010821989802844,0.4850276287720062,0.8799652858105651,0.6638481889969384,0.48033175958607716,0.515658509158056,0.6800034939168026,0.7048756025057534,0.6367873169779616,0.23515938730121852,0.2131728482946439,0.12706837002370852,0.23684032551840262,0.28004406475541965,0.36844978065532974,0.4264068737385118,0.5106194200432468,0.6130138388334283,0.6965009723564246,0.7745287834529986,0.8564818672903166,0.9192114089004588,0.9908433381301809,1.0395207139501697,0.9887676779772325,0.11570320394650518,-0.283504665572451,0.031017754498386285,0.249626278834856,0.42354910401336165,0.5428028820261468,0.6115309679563268,0.6693888002994122,0.7182539360667886,0.7578465573788955,0.7329221613719821,0.6956826379841702,0.662382755614562,0.6308312882139419,0.542139484462792,0.4207498915839799,0.5483440455957865,0.6691617404593108,0.7796328511997355,0.7591883387973264,0.6953132685789314,0.6290856793462198,0.57351011475872,0.5064637780841328,0.4500800937661198,0.37988126200170935,0.33293256579238295,0.26396032534743186,0.17133476250779234,0.034538775290740564,-0.13592216001577334,-0.10747121462398118,0.5931509686796606,0.8392630628982439,0.8630005006797277,0.7862910326316768,0.44965744018105375,0.5140577092848329,0.2838374458672564,0.4023689329058774,0.0,0.0,0.0,0.0,0.27628395204685663,1.0022149772506883,0.7482612036924282,0.18093565126112676,0.3729601179705982,0.6550948916853688,0.6304008586069203,0.5956641234491685,0.5768642187505817,0.6610147134448228,0.7506983052916545,0.8115581368008087,0.8344191764542286,0.9856088791547841,0.9468023885354793,0.9345312890490687,0.9383462523009365,0.9111208582032102,0.8898471631354545,0.7699784873632791,0.3053061191030129,0.430930034873083,0.4967270979491014,0.6222759162323761,0.8749829981747383,1.0917530491882657,1.2843068783142964,1.3598053547941233,1.3749680533100495,0.21478076093075477,1.4148122024983354,1.3588736623666038,1.2529439344933249,1.1240030972072304,0.9892055322445051,0.71157536564184,0.4405985435912525,0.4339031429629302,0.6166734981575573,0.9218229793009602,1.0959264357434222,1.2175599261625243,1.3085422156271425,1.2752361594822188,1.2477088755182888,1.16148373462828,1.0791795732510323,0.9216943474655467,0.7988169303104969,0.6583862629731574,0.525241608621686,0.41172789405207166,0.2123376338223792,0.21892996686683572,0.6931479182763404,0.8616418442084665,0.4762808095195624,0.30628101092687443,0.6597645917203353,0.6795644642447164,0.7613413472504664,0.49851450655450125,0.472355918926012,0.3758142024828916,0.3631069404743329,0.45354677705965163,0.6345217190545251,0.14652715694778878,0.13996880990893484,0.37088133570345383,1.0536872526113694,1.0415101918061551,1.0165894140014515,0.8259892156706035,0.7308369260640444,0.5463824057270008,0.39435302345884016,0.26631203999493835,0.19861599136286667,0.126710373584203,0.07588355864426544,-0.03400480449469134,-0.08716001430059228,-0.20953446669632447,-0.158981497858602,0.424477042328904,0.8495727823629121,0.8396970420726646,0.8566309512310567,0.762228920244657,0.5875703230409117,0.42316000773954765,0.31363885697808036,0.5974882695401795,0.20196802973941752,0.14744965444668323,0.09924867180300478,0.08019817671029428,0.07034036743000971,-0.0017335941013537637,-0.10170049660217195,-0.29366950670092395,0.0589271739150945,0.46763461695824,0.5971232284698432,0.6353491534726237,0.6517080907545401,0.6436618579191586,0.6342348936345215,0.5872524902293192,0.6068950514697753,0.5328837509604418,0.49932237467009655,0.4787276032612806,0.4241188922690807,0.3439226350178014,0.2866240363500831,0.21553507384754889,0.31389166728089846,0.48814543380251796,0.0,0.0,0.0,0.0,0.0
2025-06-01 17:56:59.125,0,0.0,0.0,0.0,0.0,0.0,0.0,0.9518731792658771,0.530044755539751,0.10269761766623242,-0.2333237876358359,-0.3593401235183238,-0.29121604078085317,-0.13014787038864795,0.03684724401745565,0.17866603160112549,0.34010039954043414,0.4958605188299617,0.6310766516238787,0.7070672787476242,0.7589764439481098,0.8589331139700987,0.9466547261785329,0.7866854582911356,0.4142368287302853,0.082622233005479,-0.0719678736507311,-0.046689997937318095,0.023624100706818085,0.16435121466347247,0.3009791625973388,0.41862337011257855,0.5247108712640922,0.6253592967650616,0.6933326218526129,0.754068849699687,0.8120115379211604,0.8554213611247363,0.9628170183429979,0.6129961747598633,0.1788381464754052,-0.04567549633321133,-0.05713945866196535,0.005439463051010174,0.15821320382147985,0.2432538904263395,0.310800047084248,0.3275032326714373,0.36648182109831207,0.43216277292414906,0.49141212873305895,0.5532795094207149,0.5442599132229595,0.5065762819931615,0.5225646076581292,0.2684292527900799,0.3735787649967575,0.39061067110215486,0.35101397580178295,0.3780354992791337,0.6456533536683007,0.5224428723140025,0.48768104766389225,0.8423669420413988,0.5559343102886564,0.727623743503353,0.6608759642086179,0.4296517742453206,0.4911465571257325,0.5713827985212803,0.8116407060685292,0.6496375741069031,0.22338355522527978,0.14603092871177725,0.03667027715719784,0.13331315620505468,0.1741491518889251,0.2581433981109271,0.3196090838861336,0.39956497576689687,0.5050881753102809,0.6010780954625743,0.6816344384963458,0.7656097902737397,0.8456781647092246,0.9272603004292426,0.9903298522796985,0.9570892612105899,0.11324314566625643,-0.337722010865928,-0.06570031611951532,0.13329068447533676,0.30005957348498424,0.4122053060701174,0.49797632364420297,0.5673697255889736,0.6171565422996663,0.6880153494739023,0.6495159224669897,0.6259693779625756,0.6036935489804568,0.5805774930671544,0.5104830786670682,0.3915614828263524,0.49530594254106997,0.5728997283404741,0.6541820167859536,0.6233262898817837,0.5691451669400311,0.5058948922370561,0.46042422548529105,0.40656721255540296,0.3466406638351034,0.2954269135764256,0.25151259175567353,0.20363610021412537,0.11652257570525526,-0.003452139344832128,-0.143379083213585,-0.1357541865993525,0.5174240059778281,0.7736116512051622,0.7810745218070829,0.7015911738251159,0.4137924234632619,0.4191883081813948,0.23567340915494756,0.35221539315436035,0.0,0.0,0.0,0.0,0.2942808636166645,0.835730101415993,0.7231742925380273,0.1539959650015802,0.3459852776921469,0.6196404295185385,0.5906185201145786,0.5282309234160228,0.48590447241305856,0.5570090349157362,0.6252669790023222,0.6813408970244459,0.69762921239312,0.8541911078018121,0.8370342247354166,0.8408315091926484,0.8617206754465441,0.8554322865796511,0.8294429240475556,0.7136837321859888,0.28376325729949775,0.3997609925845429,0.44429157429524513,0.5396575852911158,0.7613362825554837,0.9440794580475789,1.1274337629088516,1.190736926806571,1.2088381155013928,0.22204653221528148,1.2698463548779602,1.2201419867769787,1.1348386587678776,1.0270476155283959,0.9152246372986719,0.6503341336640514,0.42668774919189345,0.414495225210583,0.5583083329181301,0.8212194790308751,0.9760767667878056,1.0756760110674815,1.1506664381101448,1.1135804369820554,1.0892799529895538,1.014072212453239,0.9430199684143554,0.806888372560456,0.7025682701980661,0.583565511104752,0.4654610274562798,0.3708747531130017,0.19085309781489307,0.23205811329797435,0.6671165696938237,0.7911302690216216,0.4689999588910324,0.12233864725521962,0.7070402527364165,0.6263978033852526,0.7339275713572648,0.5363333483286338,0.46467986014713,0.44536844341037335,0.2758038030466937,0.46029123205262656,0.5784431914007496,0.09692920037925562,0.10439656533965957,0.3384249506175542,0.9698321842556734,0.9719321572819573,0.9320362563286687,0.7627574184112997,0.630221567839717,0.45796399238072616,0.29682253049795326,0.1870924557017566,0.13717359882527158,0.051407812113090756,0.020560807719033014,-0.05681541335505258,-0.13915082689608738,-0.2269575738134993,-0.1834612205761338,0.3847245800240678,0.8207986924371593,0.7947372470237151,0.7810530813667268,0.6564794734157291,0.4716926768974852,0.3122701224112179,0.20776748179952076,0.6103854633910787,0.11243185344978546,0.07436687070442072,0.03353010291300329,0.01409632669491867,0.020902130813266195,-0.0502340874900038,-0.138063469641465,-0.3169932658172791,0.014956104851262086,0.4316983724835077,0.5338989951333644,0.5577869503899868,0.5326901817422343,0.5321851699938762,0.5093007539769383,0.48140395223199217,0.49914032642119777,0.43453761833877436,0.4041831729175862,0.39279560035941374,0.3367122661007055,0.2726835557335613,0.23861204230459226,0.16172591089864596,0.2902136915053871,0.4311668126483672,0.0,0.0,0.0,0.0,0.0
2025-06-01 17:56:59.127,0,0.0,0.0,0.0,0.0,0.0,0.0,0.8943175252982304,0.4932792116755057,0.052964720871770066,-0.28279101959118447,-0.38668882446041614,-0.32653014552947446,-0.1626300202236095,0.0027252933966778192,0.1483951929390276,0.30707343871090864,0.47427465605685964,0.6100985407735332,0.6763758346140438,0.7442106758353805,0.8375832347569977,0.9187739239192109,0.7541782893178307,0.38903094457219306,0.05594537117505327,-0.09110042919392136,-0.06643452118899207,0.008093161832563034,0.14993211193878175,0.29460656520429573,0.4145485633248902,0.5318709393787127,0.47006710941050656,0.6941266367403721,0.7658983053161557,0.8134141484257559,0.8603379832590199,0.9577382366631403,0.6185514513170176,0.14552062269663252,-0.054784067873028364,-0.11415102717972636,-0.02070220418647728,0.1589098301927825,0.23498535825370226,0.3411271131106377,0.3410829527418464,0.38098173467337704,0.45670666220632894,0.4910800390351012,0.5713699150279585,0.5631283529811901,0.5036548805240952,0.5134806099422218,0.26781126022841445,0.3918156309301396,0.3858777443904322,0.3654470973770956,0.3975089017189497,0.7072146734581362,0.34644449309163394,0.6429806035778172,0.620959867525919,0.5497681301892708,0.7040897881808386,0.6796735470152206,0.5877299209759512,0.44683068011847127,0.6105657252279402,0.9154295005716444,0.6867477128777548,0.24548168679501944,0.1637480943654106,0.07207439104713598,0.14217938575211364,0.18131754946211576,0.27525164040595707,0.33394705566200633,0.4098750137475129,0.5206110505010788,0.6159708537942739,0.69518368332283,0.7835461731930001,0.8649406290022346,0.9481339550269821,1.0117596341657857,0.9964854652573774,0.12553691686660573,-0.3472395634043123,-0.0710786630888336,0.1426251170145887,0.30897946379490127,0.4254057389069268,0.521906581203754,0.6032603045137792,0.6506648046178543,0.6247895377116917,0.6850723902285663,0.6631296657280642,0.6403091093382028,0.6091335169753674,0.5359513020418236,0.3989444064341997,0.49953082716324526,0.5883164346216542,0.7038966468960295,0.6778871877160164,0.632705112798041,0.5665044139708504,0.5279807030602273,0.47021076589898403,0.4144660529934858,0.3544233418622087,0.29980214576301045,0.25513258232443414,0.16151384994072782,0.03235755298555987,-0.12434620786910577,-0.14783050342023613,0.5171433846924436,0.79555078034486,0.8101239147848727,0.7357023799162652,0.40004125192879986,0.2769388348529455,0.25474993987561695,0.4024365709022961,0.0,0.0,0.0,0.0,0.33583046437347164,0.7717281682075301,0.5878242937647155,0.15612875794734715,0.34978024575129335,0.634357239341252,0.6217420474345035,0.5659532097112873,0.540499647689199,0.625207468749178,0.7036504284229927,0.7538963340636959,0.767458921215733,0.9218331023212132,0.8865906077413657,0.8838514678391842,0.8966386190862232,0.8795853141773982,0.834483552772749,0.6935816196623454,0.2798148029686778,0.41945651244735427,0.4883700297249445,0.6002013712291041,0.8308484140446335,1.0304779197192016,1.2259118881022175,1.2827597442194423,1.2858267559314671,0.34334302768896313,1.3244507689436622,1.2603113122436111,1.1591780408239147,1.0327510788959753,0.9051275867406502,0.6186282631387413,0.4171197290132146,0.46766569791813517,0.6346704652622189,0.9038866065039588,1.0698082098639605,1.169634047927364,1.2478538669784203,1.1872557657702665,1.15632927822355,1.061117646857296,0.9741443354945623,0.8310826214578163,0.7127500731082069,0.5821127934281873,0.4519781472456159,0.34514252235502474,0.16278853964329068,0.2977024362529787,0.7624792217880537,0.8711923268296845,0.5081129324356375,0.25769141213161373,0.6502179493847111,0.4646363752344701,0.6909460955923143,0.6980983353978703,0.4206588673204766,0.3911387774760295,0.3168542865480659,0.48608663858529566,0.49618318965846375,0.07183363782247665,0.09541070825653392,0.3967634880612812,1.1137637438925592,1.0991151393505691,1.0775393584036461,0.917877442016497,0.7280285308998959,0.5672761289072357,0.37968237415880135,0.2559837055180674,0.19325601457358355,0.07944392489139496,0.043737054852679424,-0.05435864921485489,-0.16213370012482797,-0.26740957298797563,-0.14504295121341082,0.47192707091423775,0.9189586902569944,0.8866215680005143,0.8922314717611511,0.7857554799872764,0.6077107703033495,0.42381732394007865,0.3132750987250583,0.6337392406486575,0.1814610390626128,0.13894254083813373,0.08430028782341314,0.04945014510194701,0.02494418746978244,-0.07117056005703404,-0.16351600751328327,-0.2905065975077653,0.10999842003482807,0.5129355060737704,0.6195399656764627,0.6629700725773546,0.6607236913901109,0.6502217010203202,0.596934763879527,0.5675472899778409,0.5664660229499836,0.4907130780214235,0.4469569213701594,0.4284821885809522,0.34889977319010945,0.2711093711629343,0.23391003634512125,0.17804827139592216,0.37743128351016375,0.5384645263942258,0.0,0.0,0.0,0.0,0.0
2025-06-01 17:56:59.133,0,0.0,0.0,0.0,0.0,0.0,0.0,0.8937371883954283,0.4907169260044204,0.02276953015229677,-0.3152704490325405,-0.3989328230291709,-0.3121493140874533,-0.15000651454413483,0.019612224128188305,0.16961225634134125,0.3300501489410941,0.5022141934767965,0.6324218365245247,0.6993699997484129,0.7714535605206716,0.865771984809808,0.9547159280820271,0.7697514787265084,0.39026805234486633,0.02384513091407492,-0.09421288995147803,-0.05739876906843455,0.03372978379412195,0.18904334904269926,0.34530676506971236,0.4709640855424462,0.5911731352576299,0.41719711485676625,0.7558888189619507,0.8237895304422849,0.8634873290732991,0.9098509407790787,1.0148025751054304,0.6655221356603065,0.11993783232306332,-0.07248420710603987,-0.10730878532472676,-0.012563444939910129,0.20701901932881883,0.26619116366018813,0.39140017874355104,0.39576111757725063,0.4389943014777751,0.5335698530954747,0.5416694093677562,0.6231065331608082,0.5959367277769874,0.5504450267363884,0.5509474635198766,0.2798884859834463,0.4079693736212159,0.41665078613188367,0.43654850260038924,0.4802162062832238,0.7563214523482069,0.257435667569733,0.7486746258736325,0.5101076675765053,0.4371139160592188,0.7256986773883952,0.7939371320028545,0.5939770086810718,0.4740604067152657,0.6713731241250164,0.9473724172609634,0.7214054206907172,0.2673069106951049,0.20345354792707115,0.13144894154761055,0.21223436581556943,0.2505742858778903,0.35978856145785354,0.41338367139982757,0.4861009810282464,0.5900867693790737,0.6812573256778021,0.7616288957765596,0.843072149936304,0.9169813430404881,0.9955314232444672,1.06381586645757,1.0485956669545082,0.13468641712097568,-0.33078378126170027,-0.026530354083983188,0.20557766983530623,0.3846307757815979,0.5122594278712089,0.6059537511951989,0.6891441876452515,0.7397849035152222,0.7349176875898102,0.7624343514757637,0.7353795713640267,0.7034704617179891,0.6656951185173688,0.570949588943422,0.4201851809155277,0.5364932615412359,0.6701567959664237,0.8300792113117756,0.8143060018827104,0.773368531834796,0.7016102708003464,0.6577885031924948,0.591535065644075,0.5321727009606356,0.4699443067405924,0.3975441359662195,0.34904912146244826,0.24329176805603603,0.10050578652564346,-0.09251024028594734,-0.14086278708459785,0.5568457019766456,0.8504318677176923,0.879017835135506,0.8141348626733713,0.44832444198986726,0.2937369526576748,0.16635293817088653,0.4442913219807121,0.0,0.0,0.0,0.0,0.32987383297199446,0.6726495917254383,0.6674498044502506,0.14995784153106595,0.3689485858770502,0.6646594312603974,0.6716728774323428,0.6415313767759628,0.6520930866013819,0.7537230829924002,0.8513475888178879,0.9071870916121307,0.9074243469316068,1.0671531016507396,1.0073511740030905,0.9714130233013996,0.9698136707735718,0.9216107054882592,0.8667481109048112,0.6869009937878958,0.2643640505495683,0.46234805431498993,0.5607948297374208,0.7224006453656888,0.985022159866517,1.2159331761854162,1.4205294967761333,1.466414810156224,1.4567182838688943,0.48172592511364426,1.4544436410289685,1.3676803579737613,1.2404542457729544,1.0843486687830275,0.921416293145608,0.5985242421783945,0.38656321686730283,0.5388320120362333,0.7597083831146701,1.0637958382660984,1.2526687279554407,1.3467415425057159,1.4385230434922294,1.3538469244967024,1.3120032225611005,1.1962006176442594,1.0712911980084328,0.9074644051589332,0.7636820694843024,0.6070942060719302,0.4593889739531838,0.32753288688871596,0.11734510468022014,0.37078084751681667,0.8963553699435954,1.0179394645211772,0.5347928718602931,0.6224559624255477,0.6587914577836597,0.4290298351017813,0.7642836366750743,0.6984814988281379,0.4107108946979175,0.46451410995426273,0.3260103199430542,0.5377935533003804,0.48504260743735317,0.06862046057724136,0.11109772735094608,0.4980128264084129,1.3642346662448595,1.2781048065265292,1.3016020112078843,1.1173686790835085,0.8977355812020302,0.7289557571831069,0.5257244373431054,0.3502637550042218,0.2669923072232123,0.13118180690884285,0.07792959592988491,-0.03966761684476905,-0.18051046115281122,-0.29518583971557655,-0.0687718196280756,0.6292441879582731,1.0508442564391587,1.0241648527152178,1.065814776523287,0.9895010043930805,0.792703184301415,0.5919887195860063,0.4619918916301564,0.5735431468642985,0.2719000894461321,0.21013872697549774,0.1404526290275705,0.0892566912422913,0.034320776220636895,-0.0757319797008561,-0.19526563453858692,-0.23624305080638178,0.2539892727757821,0.6331060415723968,0.7298064418052866,0.8022415513765453,0.8140329343632806,0.8032088231637826,0.7354754342537868,0.6758250907150838,0.6678443416501374,0.5796224754876032,0.5222255590053979,0.4866100973066336,0.38207577101457313,0.28817301485793334,0.25291083356620364,0.2245073226217642,0.47626063792077333,0.6676992839429643,0.0,0.0,0.0,0.0,0.0
2025-06-01 17:56:59.133,0,0.0,0.0,0.0,0.0,0.0,0.0,0.7913699234097147,0.40260918173327154,-0.05862995073104632,-0.3238445540769992,-0.37837904569709857,-0.30578730280463906,-0.14681709902817786,-0.0035283179126944786,0.13712322593756332,0.2951517305589604,0.45978947182719493,0.5861014777907337,0.6539996078893395,0.7290656503498282,0.812791451260341,0.8820321246970229,0.6921174399033683,0.3142028271473319,-0.040327759811103925,-0.13080430774110652,-0.10256740158361377,0.006188355296331993,0.16338505324422736,0.3073945857588656,0.4357086304414781,0.5608172176204511,0.3715813273102505,0.7171415679218472,0.7812267672987518,0.825105511976752,0.8638868832597559,0.9437329981391803,0.5841928413435833,0.050962612646750505,-0.09767529210440296,-0.13269185254773852,-0.04173091898244419,0.17508339695360298,0.24425644843668692,0.37337273905353663,0.39197574185903794,0.4354637152962131,0.551506641945291,0.5415459731654969,0.6289156767057799,0.5762895917439852,0.5672315026963989,0.5527727560833051,0.23163228008822512,0.3788077662859053,0.37522804307698676,0.4284150604128949,0.4591452288346638,0.7516449096977067,0.25650887297413666,0.6873868148798288,0.4003339185730662,0.388274583007272,0.6362836564316342,0.7714439621084451,0.6285395006603915,0.6031517787876,0.570457655924907,0.6603849563479102,0.6947908762911585,0.2749234600088263,0.2052512946965147,0.13088932872162373,0.2017913146840289,0.23535176399740854,0.33831273762660086,0.3869892121582337,0.461411478062028,0.5523013778058321,0.6407315678519283,0.7249469764261596,0.7953654774780533,0.8762186804555643,0.9504886459717474,1.022597565028628,0.9887285834161195,0.12364739202187125,-0.3388991834005104,-0.0259639148278048,0.16900645241076795,0.3499281050763663,0.4772600028623115,0.5579916054474654,0.6431380264052367,0.6930259218905392,0.7815083697027578,0.7240625678032577,0.6996981453290102,0.669648115916276,0.6347103847355412,0.5402705084210095,0.3898460878954879,0.5262336786223836,0.6629967802952631,0.8215627871111604,0.8056237362296501,0.7569620494200346,0.6802699256466977,0.6354024842470181,0.5732275492380081,0.5109506199196703,0.45468574901544745,0.37558797642372843,0.33484628124852556,0.23429481599063218,0.08902332479006103,-0.098646892201111,-0.1366088300385141,0.5617145605370379,0.840452217724489,0.8735528125101426,0.8051095641322665,0.435038765003765,0.2765748807504734,0.23057750713628916,0.5627257300940218,0.0,0.0,0.0,0.0,0.2288450106125519,0.5478769901273857,0.686252194972881,0.09693770221338227,0.35642102546604454,0.6544070595971806,0.6643660836153091,0.6329938279825112,0.6466815465793299,0.7456630503484691,0.833637423611624,0.8862795926957325,0.8743278486599428,1.0316692832281689,0.9871869839100542,0.9406690458603324,0.9400237514427272,0.8847184797597232,0.8236844283059221,0.6201673214161381,0.24300681425167725,0.4645055589073138,0.5667573910752617,0.7209220379986017,0.9876559775428293,1.2052262010910866,1.395066877336823,1.4308195156456207,1.420004022992736,0.516751033778674,1.4151409610141683,1.3271445844231873,1.213024122685225,1.0437682292318713,0.8797962677349979,0.53971171504184,0.31812630690390836,0.5305267491344543,0.7628258546171315,1.0611775210641918,1.2461428082608923,1.3341205970542893,1.4174112698641839,1.3306967432446901,1.2837779474807776,1.1726808498933448,1.0312514922467044,0.8811344179312562,0.7313641522014688,0.5756488085083546,0.4297503379257034,0.2961094958763435,0.07417433224673534,0.3906616043437837,0.9250345815153996,1.0440871999089092,0.43801818432601547,0.7032897866768354,0.6897275568537806,0.2656660983459419,0.8069635521429981,0.8434689771520704,0.35057393298441547,0.5801687913841165,0.3709784256302997,0.5714286453939281,0.35242822814649655,0.051037985580736134,0.1338782813293693,0.5764082251140732,1.5147350826654584,1.3689007311129324,1.3820610826701807,1.1793212180053843,0.9484959411170257,0.7599313655738191,0.5604694310312708,0.34804362992575544,0.2669323907170045,0.1108869514546087,0.043914779006967164,-0.0571215862504626,-0.21559701156988748,-0.30358442207647623,0.011438675331887915,0.7355746292319869,1.130002238691416,1.0895693106486881,1.1414523086601491,1.0637688745361318,0.8333288973218576,0.6314897114776008,0.46773224788697587,0.637987942706635,0.26318073498696193,0.1890601642187706,0.10834139526252029,0.053186027284792714,-0.014585853489977874,-0.1297723689110214,-0.2527345795021033,-0.16841383971754964,0.33034677837186266,0.683911809264236,0.7662700198301967,0.8159927655511585,0.8193338512482087,0.8099583558656307,0.7133104788031996,0.6558911083590429,0.6385048731301972,0.5537387871429611,0.4937457122761999,0.449600616749664,0.3483272973373349,0.2610539382780239,0.22375762043672448,0.23326931197378498,0.5012257136154948,0.6975524102670658,0.0,0.0,0.0,0.0,0.0
2025-06-01 17:56:59.137,0,0.0,0.0,0.0,0.0,0.0,0.0,0.6559864426009355,0.2842068286193332,-0.15359932312457364,-0.33466201941959817,-0.3656965104086764,-0.31041153419625156,-0.15836108845018004,-0.04900139448372187,0.08191896511551688,0.22677829218095946,0.38737155236397186,0.5063520485884149,0.5667676570885203,0.6421016984204396,0.7141579509055108,0.7587486689515346,0.5761933430871853,0.22145969462912302,-0.10975169201991791,-0.16659033935318024,-0.1464923350823406,-0.045693570194142996,0.09671626481886819,0.22233929237836114,0.36078467802413017,0.4735654466398278,0.2811861081415291,0.6314256091564351,0.6966634963245504,0.7373084017949643,0.7662853203615305,0.8181257310678514,0.4374856627173587,-0.01521020102571946,-0.11038697092160787,-0.15889705088849526,-0.05104440767491614,0.13877913166045674,0.1908804139885143,0.33167104960485094,0.35010396187609105,0.3769965977300793,0.506399433911727,0.4845094062322436,0.5754834270855517,0.534794042119008,0.5268403427981271,0.49070435236882476,0.1697451874138129,0.33731356618069197,0.32556303252228813,0.3777337504863518,0.39877327894027403,0.5662324128075549,0.34282629640604867,0.64002584147547,0.3148420593362182,0.323570071169509,0.5191106264297259,0.5237221597204397,0.6773081121371232,0.6493270948023027,0.6136732684049617,0.6608569887499866,0.6645831602632288,0.3009918798758192,0.19060344371384708,0.08793835829566166,0.15377918247329858,0.1788379450442108,0.26930598210228895,0.307852885498622,0.385373909003502,0.46231563843506596,0.5600331888138199,0.6454677194303677,0.710057489099931,0.7943206005171364,0.8717770141099956,0.9471398267306278,0.9098758550840425,0.08284432562136632,-0.3477455953987397,-0.07416057764487438,0.09458370694870877,0.2655491755344843,0.3922898070966139,0.46390209888478795,0.5475284837295784,0.5956623260278031,0.6940869177172921,0.6358145934543751,0.6185137381236857,0.5933560484509667,0.5597284450985954,0.47236190991480936,0.3250549566635177,0.49825219065808535,0.6185567875387074,0.7556782615715254,0.7281377174859791,0.672244623545063,0.5896300242079751,0.5434893703631132,0.4897600280141421,0.4281070079583713,0.37625079362756564,0.29947048684473243,0.26088452585824684,0.16682289781457693,0.033927027416472355,-0.14407788089053297,-0.14041854357969988,0.5564749362931904,0.8220161086576789,0.8386514108902117,0.7585125518118558,0.46650124007739596,0.23447792283672814,0.41067622721522273,0.44077078845553286,0.0,0.0,0.0,0.0,0.20995513705141178,0.5572070955700468,0.5700479503903344,0.09230389227302871,0.3452863458773843,0.6394420323201212,0.6393997995733864,0.5936979735174613,0.598085442625663,0.6815876466630304,0.75706840909417,0.8070209195620062,0.7873952328488345,0.9407004314454093,0.914733633754711,0.8780239413383482,0.8852025796044047,0.8457768979803548,0.7939257814289327,0.6017157042114063,0.24793309381845147,0.4466713497662187,0.5242102513152909,0.6602135733489694,0.9101272190695526,1.114742040324419,1.288324642621654,1.3158788215906079,1.3172354134623434,0.5208672001609536,1.3244888837749471,1.2527505332660982,1.1534968949270061,0.9956956534922833,0.8499844006605133,0.5214916753021753,0.2823487387239468,0.4850151079444921,0.7076982674687714,0.9781467684597562,1.1530317964671553,1.2204906478041948,1.3030723667268482,1.2255679949709604,1.1820342287153798,1.086735019332084,0.954695932543411,0.8191914802504107,0.6826965469817202,0.5368045294365502,0.40294353997841437,0.2731545326242937,0.053340808120229094,0.3709729127006779,0.875538246952054,0.9972905724961855,0.3022473783454115,0.8324814497651153,0.6152052379223067,0.166146831456233,0.5976605710599205,0.8281083822244336,0.3904147943695871,0.5905176977004347,0.4764450041623721,0.6588358659853121,0.3905880945217055,0.027694083758725008,0.14200465020212066,0.6079937228439105,1.537794679764217,1.367135488362735,1.3494083683493368,1.1408354955508302,0.8973018187901289,0.7113643022698222,0.5120262339628552,0.3119826351344852,0.2143427198676,0.060755606512807425,-0.00222540908847757,-0.10171458795228394,-0.2559408304666118,-0.31113093959423155,0.04314936541891884,0.7753432638974644,1.1569714625428924,1.0941177398018214,1.1507432531468003,1.0617400558947574,0.8083589982432735,0.6102808954501902,0.4295864126187261,0.5169002566124237,0.22110901730466415,0.14024028009232148,0.06192461196575705,0.006651295143715097,-0.07121294988625271,-0.17128237147906078,-0.3004148165219831,-0.12986992449302703,0.37642701112237253,0.6916410422128587,0.770523371695259,0.7870181181624811,0.773064574611698,0.7631014165222014,0.6655620674150211,0.6144003603191921,0.5766069759161474,0.49166512432069776,0.437388291692846,0.3963717317572055,0.2886917414677904,0.2143904019886499,0.1894653412803326,0.21883426951604623,0.5051425908008852,0.7101553808733689,0.0,0.0,0.0,0.0,0.0
2025-06-01 17:56:59.137,0,0.0,0.0,0.0,0.0,0.0,0.0,0.6161049228124457,0.23150030565780286,-0.2018146128163089,-0.33226565863344953,-0.3257964632730943,-0.2672714318512396,-0.12212417049567759,-0.03223814411520132,0.09474509372155748,0.23701664607870154,0.389719357570883,0.49754759417614325,0.5592707017494059,0.6247035021765077,0.7051239124037938,0.7300408558347159,0.5389729382430762,0.1793417351857528,-0.1375130606213782,-0.15951540178589774,-0.11831235474880075,-0.009853970158259617,0.1248796554513012,0.25417917189380157,0.39380870733224027,0.4928431943261864,0.2620323667550033,0.647230998300428,0.6995638821125822,0.7259594947876258,0.7503831435165833,0.7601848271455398,0.33652673591129684,-0.044992526892519424,-0.0966279202623691,-0.12112103124955964,0.0017056474046708292,0.19605831142480956,0.2245138084264413,0.3652943966182187,0.3902209959424898,0.4016910763372614,0.5226000578547179,0.49178643020389023,0.580343462097049,0.5425039627317987,0.5292734023910486,0.4831665339903815,0.13860563314785274,0.35507344963655074,0.3474000792629963,0.39860832210805475,0.4336874631234242,0.5815717388978299,0.4034860891642652,0.583944952908235,0.36863478601382815,0.2567758242329071,0.6881679003245184,0.539706311711789,0.7169707925775255,0.5579474123533325,0.6750630910003035,0.7493119524583141,0.7470566145264803,0.3578579556271838,0.2415909403710178,0.1402165439442713,0.20802099098328886,0.23115101107874736,0.32506632281052217,0.3652425141550144,0.45508134865268146,0.5205255650574923,0.6185007728229741,0.7069496066345711,0.7743932327030706,0.8457721936646183,0.9207609220533934,0.9887149279369981,0.9481867935625847,0.08962012719203111,-0.3250280173775546,-0.023123324932537992,0.15782224347849505,0.34029153324095973,0.4709730927792024,0.5394264903996988,0.6168533689984752,0.6630180687179712,0.789411010317902,0.6936413140924114,0.6675812530121844,0.6307888446775077,0.5839953007989068,0.4832832269975736,0.3102811355731713,0.517693558488496,0.6902514827957068,0.8615336437022396,0.842504046783281,0.7950834937741507,0.696174355701167,0.6453589868560288,0.5793272120786321,0.5167675608139002,0.4455636912106087,0.36578540471284726,0.31042825539885066,0.20442675245840225,0.05523042722104432,-0.15646299516005785,-0.12219449271011315,0.6239540799096136,0.8856746650897509,0.913710336130259,0.8314992693499497,0.45186195727811135,0.2818843101900637,0.47250809448955494,0.3598075224234978,0.0,0.0,0.0,0.0,0.2391950231143054,0.6533006644277448,0.6198305543938067,0.1535927146444641,0.40986904751615755,0.6907855588612383,0.6911136126601078,0.6609226761817367,0.6812291781691984,0.7721637247265052,0.8632330972385627,0.9163645692848528,0.8903538086262617,1.0397333110470113,0.9974248019458405,0.9452476126886713,0.944408889367232,0.896740352414114,0.8509069393282422,0.6847502114729285,0.2983723330920243,0.48685444104393405,0.5659321005721016,0.7299575675861452,0.9979219262395398,1.219718904689504,1.4090219756772635,1.4290354054889922,1.4355220917252767,0.4614027817870136,1.4257590149965398,1.348285764445936,1.2378782959737933,1.058376662562151,0.9007917602950803,0.5696394390431706,0.3050304093237813,0.5113405609382776,0.7580628792642018,1.0519824250689307,1.2354160641323237,1.3117292314807674,1.3954141623724503,1.3194064965153147,1.2732918598906857,1.1740384312732117,1.031685942889382,0.8805312332216763,0.7350509250951837,0.5738681477019916,0.4257685673651356,0.29304317090634197,0.06107151614535822,0.36876599643703173,0.8964060020971921,1.0366285475843746,0.3544464119088533,1.0120976451917103,0.6115956933661549,0.3421106070456793,0.5646287562676289,0.8278051397492413,0.460263108762403,0.5021236423310831,0.6583869961062289,0.8182018885382838,0.43837113228024704,0.0559909394997794,0.1685008875413614,0.6565909241701662,1.617530470346564,1.4310380222929937,1.4460500031305936,1.2210335376142885,0.9888867885623454,0.8021429073941593,0.5992186161768529,0.37360129706476775,0.2507738930045402,0.10149440871656035,0.025275803249288353,-0.08183398203754466,-0.24348609006978167,-0.2925437600966599,0.07818845709255934,0.8457759795347934,1.2104662078653332,1.1560506081757238,1.2550719399689605,1.1837922336543432,0.9245958911361645,0.7306641374662026,0.5332275860630802,0.39197604873182945,0.288702876130269,0.18818376442217466,0.09559838806314769,0.040682269142382155,-0.050236602630979066,-0.15369050153878294,-0.30615640504809166,-0.0961698184115809,0.4562916156478707,0.7364548814235969,0.8361335643090656,0.8619572589283,0.8637358311841301,0.8556101696566176,0.7542418340783779,0.68760695357313,0.6399279245569318,0.5490744535098895,0.47841008548370767,0.42921837832164833,0.32086288686427966,0.23973306764963564,0.21861449201509547,0.27843407998165304,0.6043691031181132,0.8093599991772902,0.0,0.0,0.0,0.0,0.0
2025-06-01 17:56:59.141,0,0.0,0.0,0.0,0.0,0.0,0.0,0.5709360037889744,0.19597370586434407,-0.21973462065266108,-0.346360314058007,-0.35555460946640205,-0.3003794342142434,-0.15830162344783716,-0.0780747604779144,0.03781306684771324,0.1791357159195054,0.32031571010181,0.4262491157449432,0.49521563708362276,0.5584302396306322,0.6318453706065935,0.6595361518749778,0.4816359280189108,0.11845608772246058,-0.19817674420780668,-0.23705298672544883,-0.21027090593022735,-0.11301741996753445,0.023901508182323727,0.15038362282594742,0.2765305400612592,0.38035891136838473,0.16898763514176346,0.5450290799044667,0.5943259487674262,0.6375951998147086,0.660425221190156,0.6574100519629815,0.23367478577640927,-0.08929954358760445,-0.13161399813603447,-0.18925499487129704,-0.08347646068610293,0.08800714400588183,0.11709383658617312,0.23164287166965236,0.26705416623002076,0.30221602794318336,0.39767197577837265,0.40134352109633,0.49164077259127914,0.45537768880344015,0.4772442481570386,0.42439790084106205,0.081564634974711,0.28710314112204866,0.2473058692486283,0.23574314478986724,0.24428590401050698,0.4907569684244932,0.3316887754241066,0.35601946900229237,0.3296030917425864,0.1927449001924064,0.6293008440993872,0.4162342472671213,0.4885633214346436,0.5053700204434239,0.5918549271087696,0.5858823880007327,0.7214594808114803,0.3201020850367823,0.15735344948329044,0.00734587279482346,0.08745445204938163,0.10719594935372112,0.18467815353096162,0.2306507503611297,0.3240504454085191,0.38827468503650375,0.4946448092311002,0.5897970400145554,0.6661331045047129,0.7438138128726075,0.8323554459634044,0.9086947618033087,0.884796414705278,0.08606849828588337,-0.3793955158698108,-0.12612203123876697,0.03469315924260585,0.19318753601668237,0.3201075621501168,0.390072323132749,0.4691844670262899,0.5153670167181099,0.6800545775984019,0.5689956759018393,0.5537297090366787,0.5318297319106243,0.5060822928579892,0.42860966643475046,0.27651738412422455,0.461418880049534,0.575761010181474,0.6812790448577752,0.6569721399849413,0.6070225989305837,0.5166441650387974,0.47139213556038584,0.4196494512770461,0.3654599508798506,0.30714284729179675,0.24555909240283347,0.19809410086484847,0.10900850480928659,-0.01679754800555855,-0.1918019238633512,-0.12167798716515141,0.5832303322738577,0.8219132140263034,0.8282438764669184,0.7407989434561593,0.390676822793329,0.3098955314879494,0.3760450005291363,0.3076774422373969,0.0,0.0,0.0,0.0,0.12807106289828474,0.6620971272184273,0.5454451963092789,0.12807517616030106,0.3824161275058439,0.6594415991892019,0.6380577736737443,0.5799024345305949,0.568485317137768,0.6299524270738333,0.6973045375399649,0.7411640493689973,0.715552590007206,0.8612436271217261,0.8505681622481345,0.8185468420641349,0.8338524695336691,0.8137633585050186,0.7896427128627761,0.6455718856550332,0.30025879816995577,0.45387896963454477,0.4865414458880044,0.6089702077587162,0.8359774809706353,1.0265185900493963,1.1822282596551004,1.196701841496117,1.2216632837781043,0.3048756012290455,1.244786547870111,1.193200646650444,1.1147493310696646,0.976306076183279,0.8500166214070836,0.552140943578109,0.28456583749844444,0.4175840389660116,0.6296433726350531,0.8755632261437178,1.0274015630066358,1.0859655367904562,1.14636234351683,1.0950734636935053,1.0594254678432131,0.9855404575679074,0.8721188396224595,0.7506973963950546,0.6359654027242089,0.5001375237580326,0.3804010100504924,0.27973093250810965,0.06942294596971302,0.3083643096409901,0.7651154887902542,0.8869295701556309,0.34011490054706006,0.9801086163752767,0.6176807317914189,0.50237865908707,0.6621213826662005,0.6318172115841696,0.42599021708230905,0.4990461784877724,0.615688959098269,0.8158327017430778,0.3848183013150691,0.042594329840847656,0.14912285126090918,0.5834308251056799,1.4399247870693446,1.265274596920094,1.2402720601651818,1.0152021151305055,0.8176294363348762,0.6380471090768647,0.4489981631963309,0.24290212967373126,0.14219344743692575,0.031565768406046635,-0.047895233119183866,-0.12848457093622023,-0.25793584073736336,-0.29636950669142914,0.010849923140624995,0.7350285114105466,1.1079613308740683,1.0366794145501876,1.107210961526588,0.9864686025102534,0.7353093916118345,0.5626570213525424,0.3778628350574216,0.2939203954638204,0.16966680363383801,0.0866353522826635,0.01087932580339701,-0.023843584152302477,-0.09458880494491217,-0.16964155159566602,-0.30081836722995814,-0.12265026785253413,0.357168403669307,0.6479131829286822,0.7237974273554458,0.718669936101284,0.6750973239018632,0.6648288966527249,0.591810942341424,0.5309950122157641,0.5011922046538935,0.42186106381502286,0.3733285247179221,0.3326128481170534,0.2597935325054125,0.2002042347585029,0.1898853646299608,0.2712751555853027,0.5327430310315099,0.6870572410322495,0.0,0.0,0.0,0.0,0.0
2025-06-01 17:56:59.144,0,0.0,0.0,0.0,0.0,0.0,0.0,0.4910147241882571,0.13875351458662297,-0.2242114508065687,-0.29845414038893997,-0.325400691265889,-0.29933135330919536,-0.17419040841705669,-0.11487900709374721,-0.008763357497575175,0.12454287630135075,0.24951201396326167,0.35273285028806267,0.41683865303638207,0.4742931670017736,0.5481822603904497,0.5527562053900286,0.39848382637265783,0.08836645443485658,-0.18138194696966953,-0.2433640540189782,-0.23486570711751864,-0.16655545933701044,-0.048212368974751785,0.06912741206201534,0.1811346584906839,0.2747409704980621,0.15342440904661664,0.4357485047306401,0.489311455552736,0.5425396518762428,0.5504203146077675,0.5163650045121634,0.10477977428999224,-0.07844696242701676,-0.08966515469802727,-0.19165057710391953,-0.09469315323593452,0.03059158797230288,0.08639007942784627,0.15465278071800403,0.200839109486586,0.21560829572965123,0.29646730362437124,0.30634529361909146,0.4001485309061603,0.37130730509499027,0.39497070844044724,0.32877647989760755,0.08558350226073821,0.2605589422957785,0.2146329695903525,0.14907089409179264,0.12938933925416252,0.3890592345761899,0.3369629444525616,0.3962502729063588,0.3110847244702396,0.25771951107473956,0.7182350164706944,0.3054216028703198,0.4836394052223359,0.47760577761402523,0.6075479462360857,0.49715887544002424,0.6557685775502244,0.32376746340390794,0.13588230362647058,-0.0439556891095958,0.00201013674204531,0.013452093253459196,0.07012204660134658,0.11283948835805124,0.195776580299041,0.2612901323256691,0.3687958858987863,0.46111133409962246,0.5478819901851707,0.6315769058784324,0.7231493002120803,0.801386999008321,0.7822521925118632,0.05317752233049125,-0.3802973235042748,-0.19214772170798966,-0.055019185991875164,0.07013832793951358,0.1869747358820979,0.26085965690065693,0.3310797168037287,0.3775336490248713,0.5563871829265483,0.45040802233787525,0.4417047146134493,0.43447175902765356,0.42815117999306584,0.37091019449329804,0.24080204936470198,0.417386128851013,0.4736067515758827,0.5179493626772551,0.4855913533672285,0.4291641614778572,0.3478350544921167,0.3088100031866361,0.26684629746672917,0.22353372121952764,0.17430383754907997,0.1237345962372689,0.08626606207807175,0.012062418079765935,-0.0868888844358745,-0.22671984821717145,-0.09915182673752473,0.5621214671012653,0.7683307155474578,0.751385767586801,0.6557003941623942,0.36851917283573493,0.2918972683885855,0.39040166356148426,0.2362908050786402,0.0,0.0,0.0,0.0,0.06157791538449242,0.6277175165078255,0.4170186628186795,0.07985137318109603,0.3629494903088944,0.6387156167379551,0.5947322236115127,0.5058536039253386,0.46055694165052286,0.4959029943216553,0.5358697582226952,0.5600269677528198,0.5339446689936307,0.6672023019127482,0.682677531261983,0.6763663257239207,0.7026807666114563,0.7117727686052988,0.6941535991745968,0.5482504466488758,0.31548939918062724,0.44083124040547284,0.42623478624872635,0.4992394653759522,0.6859504684932249,0.8398203376739244,0.9611841949843094,0.973069053711187,1.0074219531905582,0.20156230026152155,1.0593595329805288,1.0274015317905991,0.9726782967486893,0.8725327847128551,0.777830850396744,0.5000222384512731,0.2708607087346643,0.3596289102724548,0.5205248694399599,0.7168682106658515,0.8363756455550635,0.8799546454627027,0.9148920184222664,0.8743414975842618,0.8487292347233248,0.7905600666087249,0.7089438656620421,0.6106421086615214,0.5321530107288716,0.42354570400948705,0.324098411527191,0.2555090762854902,0.07116728937892987,0.263266083858336,0.6497754675108062,0.7417655743911588,0.3182745106350563,0.6923825913587731,0.6027206342472587,0.44295316537773,0.540391552008278,0.670997749027086,0.450342077449245,0.40297318122551,0.6277726615476867,0.76411973201348,0.3655060835104694,0.022085735766653347,0.1368425420655653,0.5290525499678409,1.2756909070190643,1.1316859569591124,1.0440357810938639,0.8375168269523026,0.6292003526134957,0.46982866080456054,0.27932933227615386,0.11232707578676182,0.03547138573347475,-0.04668246498177231,-0.12250951959410894,-0.19230333305500402,-0.28498559234405535,-0.3034884131897308,-0.047378670242506804,0.6534158611618921,1.0077852210810267,0.9303988411039286,0.9500220706620895,0.7952649912910081,0.5573838781776042,0.3912829253050851,0.21894013644533938,0.23487628567681826,0.05498681811549999,-0.004593372369388948,-0.06182278862772894,-0.0927619800794719,-0.13296985678449635,-0.19155660107225891,-0.2938317240973313,-0.15060088798786422,0.24859091353938179,0.5478225913979688,0.6222274893528456,0.5885884487166959,0.5196076898556898,0.493563808191849,0.43306147408350304,0.39416964479253336,0.3725896593783302,0.3031594192223148,0.27278312073893374,0.2446431098302153,0.20000561104420056,0.1687529913803344,0.1666048702496929,0.2700126962895252,0.48686501768569446,0.5996542191633931,0.0,0.0,0.0,0.0,0.0
2025-06-01 17:56:59.144,0,0.0,0.0,0.0,0.0,0.0,0.0,0.45718873665123094,0.13451480401730717,-0.19036113656343168,-0.2825394671910355,-0.3305004726559405,-0.3142311618419794,-0.20606590700371719,-0.1485458299634952,-0.03714032841326287,0.08416291060002312,0.20109617558571252,0.30369384744449657,0.36205497303883366,0.41457515273833834,0.4895264889060803,0.49197355087724826,0.3633670388479291,0.09662648452374611,-0.16199143355794204,-0.2493408527142318,-0.2573330528150334,-0.21268906767595674,-0.1067802112312144,-0.0016685851328896995,0.10933849951899077,0.1960829342630408,0.1901896506782888,0.359708088991328,0.41742195105729724,0.47147549081400564,0.489077992986412,0.4452394156798094,0.051857106782628726,-0.034425125168726284,-0.052543957293234356,-0.18751842479197534,-0.11625862898432016,-0.011445308917601649,0.047701229118962685,0.08390863696953188,0.11904315849403035,0.12728759805142076,0.18435296456708317,0.22816194157411218,0.3151301253308124,0.2921142934503946,0.33108414442195844,0.26410754619520704,0.13200768088998072,0.26681872715599225,0.19330346442445423,0.07563707868269676,0.032145821480874526,0.39729120701926385,0.29589229238118714,0.3781914439240059,0.3390178253956003,0.28551104277435924,0.6098308665136358,0.2723046783468339,0.3714752194620648,0.39354814071897104,0.5710046662277051,0.5610509268371124,0.5821745585786091,0.3123573322208273,0.11955002166771611,-0.08645449097613667,-0.07255943333724657,-0.0751451812574695,-0.030592294402705056,0.0053347740133131705,0.0742384092459627,0.14796627615263502,0.25979793648723115,0.343970554531962,0.4426858047068064,0.5271506034356896,0.6283936271375383,0.7091211707081778,0.7008524218613796,0.022535630138518836,-0.3815114705462117,-0.2632745184312326,-0.139039332973659,-0.03186582608619326,0.06873485947291358,0.14936180696164936,0.21896825584381752,0.2682348818108753,0.5213063661940269,0.3537653351000971,0.3564794019693084,0.3605043360478698,0.3684309975635707,0.33288358384618727,0.22832182112478558,0.39291869837226956,0.3906892998540331,0.38112034906794023,0.3364018152558945,0.27742764003494735,0.2072298045133547,0.17019859412515848,0.14370586438573452,0.10508063714401028,0.07427981144587248,0.03298174343885707,0.003430413513046071,-0.06001801946958185,-0.13028096196471373,-0.24864907368444428,-0.07967072093833766,0.5252171757281906,0.7268638232274777,0.6816298240621743,0.5880764136495087,0.41138413373379085,0.20145664860878315,0.3940753801620082,0.11909217341824624,0.0,0.0,0.0,0.0,0.06086432766267125,0.5484989285794226,0.2762764239093528,0.025605770455148336,0.3364294620090918,0.6142760739675789,0.5569100940856213,0.44986495632989276,0.38191971996298646,0.3947186758334953,0.421412414086483,0.4362759576424371,0.4068642425185103,0.5332306780695473,0.5546988047282455,0.573527535265618,0.6078091018246286,0.6325234159799524,0.6221897196715569,0.4497924314460096,0.30472925190542516,0.4226714855735908,0.3734954228474836,0.4257231576433129,0.5807949544998023,0.7049505192801875,0.8077327985816933,0.8168264798350389,0.857884621842669,0.1647254144694747,0.9260687290092684,0.9094481828908993,0.8671697922122084,0.7970478076454398,0.7243933908980622,0.4594861001021114,0.26187462769623887,0.31540486962963976,0.4468016477385349,0.6044709484170103,0.703996016594616,0.7283926577974686,0.7501505180173029,0.7132308386785822,0.6957737981321186,0.6510382174906635,0.5930049865006217,0.6072213043804996,0.44751425793517463,0.3608820188625576,0.27930488295808975,0.22732070892231016,0.07372587444743622,0.23392022808834664,0.5711554507725264,0.6373272234253023,0.3513161586019168,0.7346643061098574,0.4711226281607249,0.4697657415387182,0.4746029179163,0.5220118894791106,0.46683712126952254,0.22011403175762972,0.5792077214596635,0.5873616799141352,0.3679417874271611,-0.005274376008067239,0.11919170230816489,0.48918455790248944,1.1465862069570973,1.0072465189047508,0.8943199435100145,0.7063440776157994,0.4893206508619319,0.3449701969022687,0.1280566394253584,0.010151000028782997,-0.04997495322281065,-0.11355917231838797,-0.17950796327635787,-0.24699424473730958,-0.31316145548764995,-0.3298450303821514,-0.10300426322003836,0.5649834695726621,0.9121221026200141,0.8420229717616798,0.8175247440053927,0.6338581087544439,0.41829830241069255,0.2639343873330513,0.10867931389933316,0.17726460297498073,-0.026102760862463548,-0.07104718550129574,-0.0988389242803851,-0.1240567215015489,-0.14926298259031978,-0.1837245050249564,-0.2702943510933849,-0.19198903215622595,0.1796980860028735,0.4703223273373584,0.5460777554803408,0.5065130348054465,0.41037402265538936,0.37296213903981323,0.340084000437062,0.304122764147454,0.28737407324827213,0.23872354668561901,0.21012034057066886,0.20941871258482125,0.16732176127665566,0.1458544303699456,0.1705147820159772,0.26635164013064405,0.4502499207810685,0.5348721390077751,0.0,0.0,0.0,0.0,0.0
2025-06-01 17:56:59.150,0,0.0,0.0,0.0,0.0,0.0,0.0,0.4224721898645529,0.11464042394470389,-0.16363871593793933,-0.251514913765318,-0.3114813671080625,-0.2792454371078701,-0.186310334599598,-0.12224657023931484,-0.020064499817169512,0.09511218514292663,0.20292571110436003,0.30498883445493163,0.36201987934424934,0.406855273749657,0.47595798903936515,0.46402178589723075,0.3536020813946059,0.11011099379520628,-0.11555950393276299,-0.21582445363712643,-0.22692142189557996,-0.1910100068450573,-0.0869775721065904,0.010803642568604221,0.10764810181097273,0.19858892188503674,0.3138116747671337,0.3515397238772864,0.4002268154432946,0.4423364999204681,0.4705474871046263,0.4162984013464289,0.03908984119102782,0.026033823896147723,-0.0025518821519951995,-0.13154454290035056,-0.082309269134476,0.0016498616238698194,0.07330519891724174,0.08321273206747337,0.11416816370095328,0.1350459534199333,0.16858111753911365,0.212811616174016,0.29108636898075335,0.26155083556054987,0.29382079204795497,0.21669089331625885,0.190320714786261,0.2856490530852929,0.2162231547084532,0.08216914715870116,0.024668392010152917,0.3786964498030145,0.28390347714524644,0.4030960902538538,0.2893417229509405,0.2383468405897252,0.621181311282514,0.3982683454253906,0.255026877241703,0.32762368377546647,0.43424805921380294,0.4898777113502344,0.5164034995920992,0.3120806117283613,0.1458351631136744,-0.05950546751145103,-0.0665028657607416,-0.084839809742419,-0.04350741301467442,-0.010993136647226232,0.03986687036036041,0.12154583903208094,0.22098866665223538,0.2970214169110239,0.3969297474929835,0.4820437765066894,0.5792100542777969,0.6463716050989362,0.6166846597199461,0.019425256249014977,-0.327160307049739,-0.23906251992786554,-0.1355523002263357,-0.03539136886276051,0.04955462507985464,0.12497944753145851,0.19158773563047005,0.238981902714672,0.5516607363382307,0.3214590913528943,0.33037156699739534,0.33729497466097025,0.3420281997925301,0.3136039285599294,0.23176168501949365,0.40342083989491073,0.38730916907035107,0.3670074614453074,0.305624264769077,0.24230949690257764,0.17443200341729725,0.13738438793787267,0.10812170016565537,0.07557743281639406,0.047557722089932586,0.01278767996546537,-0.01673197053633868,-0.07388001192831228,-0.13693827419675098,-0.2473397833855881,-0.06458001162730445,0.5230484674426131,0.7184305121176908,0.6754536018988124,0.5804356741317656,0.3202280166398244,0.18782770411584138,0.2664177095259532,0.1447260445199829,0.0,0.0,0.0,0.0,0.06210093085929386,0.5011703745138776,0.2900147058416863,-0.03047395518758289,0.3257028503685198,0.6101704211431985,0.5530610649861496,0.4548440520796416,0.37778823167810005,0.384953755406354,0.41086579523823463,0.4246615495184485,0.3972348931463827,0.5150824970943058,0.5310690050996452,0.5537102616653984,0.5861375456301972,0.6085610320668366,0.5893992936389176,0.3929689243601155,0.2922056903275879,0.42980723352327843,0.3771236787797392,0.4322786071011919,0.584070750384142,0.6976600667967601,0.8021946675670075,0.8136679992674807,0.8468653840472131,0.23515237033334946,0.918559076567854,0.9024113630566233,0.8628439480635659,0.7874050197796948,0.718042681682854,0.4510802723746616,0.2518511783334173,0.30282344484432944,0.43382400011674715,0.583622657418309,0.6817475394224788,0.714730678427878,0.7369355537217772,0.6953565565947064,0.6806132853818796,0.6324242134844988,0.5931461922937007,0.6038005000994776,0.44967537439748695,0.3601503322132485,0.2822823017842796,0.23642204668758482,0.08482958026252074,0.20454093842912294,0.5260718321155008,0.588647232334279,0.34266403526045897,0.6611706235666435,0.4637317651304058,0.422564203078891,0.4266945894393706,0.4643576998316674,0.4188552176502261,0.14489998076710248,0.5624929000194716,0.41037556107043094,0.29195169473615257,0.010174426440379969,0.1243853475284783,0.4728312447647846,1.1025122247245112,0.9456412833926513,0.8284318708364103,0.6416183057363367,0.437272826429594,0.2994515751304361,0.08390568571440005,-0.0030820801328106384,-0.06171784034713346,-0.1224250973798724,-0.17789696117170462,-0.2332413479030555,-0.29285592542935596,-0.30947844511705425,-0.127855449483244,0.5080185589426494,0.8481008377679142,0.7973182236963243,0.7447159993905966,0.5690362486634075,0.3534440099235474,0.2040280186679273,0.07052095877175213,0.1488444180542192,-0.04391017035180056,-0.07931938951710249,-0.10186707906081383,-0.11148460144622974,-0.1314042208425571,-0.15584610261912635,-0.2219330560930189,-0.19941898722612336,0.09421808826901512,0.40244422234274896,0.4928947967472602,0.4554368621908411,0.3497036573662984,0.31525168285012417,0.3028990450657767,0.261543915167201,0.26359529820181327,0.23764288477674822,0.21415909265625044,0.22261747271100152,0.2006061654882979,0.17555520341137998,0.20712584016211005,0.30085765669829656,0.41686542877302013,0.46063324033402897,0.0,0.0,0.0,0.0,0.0
2025-06-01 17:56:59.152,0,0.0,0.0,0.0,0.0,0.0,0.0,0.4083311881821947,0.11319298487403798,-0.14574155246353337,-0.24349144280856783,-0.31529080259687026,-0.29641020943286844,-0.20628774090616442,-0.12376198365536595,-0.03968476926913378,0.07210784014463478,0.17783035333278047,0.28703521524903985,0.34119424170073326,0.3839291777971926,0.44533128258288024,0.4428322986200055,0.34399386517401126,0.10999193066400292,-0.10466275049866192,-0.22762807096668425,-0.2597654152275014,-0.22484324323039684,-0.12076329175218348,-0.03386638443538592,0.05400306170284708,0.15556000871823628,0.365968612435301,0.30892788072767596,0.3609165520698883,0.4137867291928665,0.4416763782621301,0.3898909616776459,0.04836438737896631,0.046422539960371434,0.008083552277553085,-0.14604231545994706,-0.09890871768579479,-0.03765783121427191,0.04994655487612598,0.027508288144883597,0.0731761653374352,0.10678522825406556,0.13454364639121508,0.1721894756122081,0.2576026314922588,0.20903967813674112,0.2760153243482367,0.18737151612043967,0.17319707508283338,0.25389609622531967,0.17124754822794186,0.027599498174090353,-0.05547605734291805,0.41830575000343434,0.2483263112535159,0.40566723952320766,0.23016239004652417,0.18570213699349505,0.3845443444187683,0.30146371539665195,0.17050819562198544,0.31070371186326773,0.3317583064314259,0.3544020657856104,0.38487666397758463,0.259794363884843,0.10323846558273564,-0.11940968209416392,-0.13195966596302444,-0.16018849790366074,-0.13153612941230053,-0.10193401543399694,-0.07290745021483214,0.03010764040703462,0.11288852720861642,0.18224076584418825,0.2869424936751609,0.37541449845526964,0.4751324897739287,0.5426209994699628,0.5006521879862206,-0.03663519226745893,-0.32468823263539703,-0.29211275308876106,-0.21129377406961503,-0.1348162313572312,-0.06485490947908779,0.004148461758422872,0.08033504994623941,0.12123481379303058,0.5906931054733298,0.2166970573989344,0.24177603895658784,0.26318128195032686,0.27472261692645017,0.2667591314125182,0.2201435044929317,0.37270171643984573,0.3040885654183546,0.22867162847396427,0.15944186444345299,0.08087469242998169,0.10078230137105604,0.1437539316482308,0.1153162270340502,0.07049068399300173,0.04546551822608591,0.014520172731098402,-0.10163481551047515,-0.14211733613494637,-0.18082903248765902,-0.24898568542149374,-0.06854484281747178,0.4672087276698299,0.6577786191472728,0.599986162624957,0.5044752534744574,0.3306049259772625,0.14427707345085933,0.20713782744897496,0.12912014451812165,0.0,0.0,0.0,0.0,-0.0411677985903105,0.4880677409553182,0.2579360806393999,-0.11214722067351962,0.2675127379868733,0.5684812712362272,0.5029959553934471,0.39928199886308346,0.3024205808881326,0.28831904440817224,0.29811886506821494,0.30929689386708104,0.2898152683309916,0.39346667353822395,0.4221391545497202,0.4630807455541823,0.4998746967142824,0.5350552784467311,0.5056609985525589,0.2760914346185476,0.25765320392627805,0.4086623568899497,0.33819649645689054,0.37550974374355905,0.5027640743766617,0.5934744096212983,0.6754327529627613,0.6970212884702869,0.7982709204822818,0.35065015603155664,0.8995687527682539,0.888614858260367,0.7696417362135102,0.707411071293972,0.6569145083406436,0.3965920294853378,0.22011906672158443,0.27352257606167374,0.3807674182882609,0.5085365810767266,0.5856908748739127,0.6097811044409649,0.6185232833606209,0.5714615207972102,0.5680093408705535,0.6157923180132265,0.5932873980867792,0.6003796958184558,0.4518364908597995,0.35572237292384606,0.25230024342307766,0.21558797902067328,0.07183840983980916,0.1866851025413883,0.47845576126850364,0.5217954628888365,0.3079016889041337,0.47847931986631,0.3987540099481197,0.23869466263021344,0.3449085404173839,0.40572832657540514,0.3472088976040239,0.14214602300783274,0.3846296165029214,0.2934149772278237,0.15628558649082194,-0.01513000955038113,0.11493861093171892,0.4448993629416807,1.0398112539402955,0.8790103113834693,0.7125810948979291,0.5092970561484373,0.31938054587588494,0.18936117019498822,-0.02948454183022542,-0.08800592774404459,-0.1300474221506147,-0.18080726137854397,-0.2232057195747016,-0.2714959838765987,-0.31414324137164906,-0.33000569576698413,-0.13743421314756193,0.4745964806795608,0.7950687778596243,0.7382481275608637,0.6416245626820564,0.44785176687412576,0.22216786236778274,0.06735464869360697,-0.0489569396643863,0.19559790643382743,-0.13232865087233292,-0.14848577678975938,-0.16353143014301885,-0.16061684025970924,-0.17432768736579007,-0.1899088596071426,-0.2281362082318029,-0.2085402599511588,0.033449150145615336,0.35173171177201173,0.4233191035765054,0.35998476508400934,0.2360416827291647,0.18577347990347182,0.19006051940342328,0.16285337934711408,0.17055933912423749,0.15573827533071705,0.15679621598953708,0.1687823978565759,0.15467067285387803,0.14235202292881466,0.18600635870283594,0.27495598638366636,0.33678208877149807,0.37822271846651523,0.0,0.0,0.0,0.0,0.0
2025-06-01 17:56:59.157,0,0.0,0.0,0.0,0.0,0.0,0.0,0.39772775220729195,0.11208996717118949,-0.11963452034332606,-0.19465738745169597,-0.282788408725004,-0.2673888641244061,-0.1890199823697155,-0.10351529008229898,-0.025132729792065156,0.08663845281793547,0.185447486847425,0.2899941877829578,0.3410563668957826,0.3870307267922599,0.44308062227146927,0.4316631747472869,0.343286081464647,0.13177995398223957,-0.057858946458017146,-0.18093007943379658,-0.21190396115301002,-0.18313092059170155,-0.08908531243425766,-0.013504714887196068,0.07942331775918077,0.173395047367495,0.42035617992523067,0.3207303980593532,0.367417994298113,0.41227018336447796,0.4454063351989372,0.364353862162495,0.03543437561473123,0.08333505428949162,0.047154594030204056,-0.0811579768909172,-0.036151527609653344,0.018231529142479275,0.05742821058805814,0.06215173460650014,0.11636246825740049,0.12631531554949604,0.14783093816462978,0.18132418347350443,0.2625624535371206,0.20683263096857935,0.2641410400993935,0.18930281638816082,0.15970105970129084,0.2666362399911028,0.18418421761624015,0.060178581727045044,-0.01603356565281433,0.4908424991180376,0.3448024148020655,0.5482657842878109,0.24149577556072405,0.14579416451226088,0.31540167976537536,0.22022465645877293,0.2588678117608665,0.36685849486280764,0.2628073470900917,0.415670130711978,0.34773797622924996,0.24563760235460588,0.11403787501556284,-0.09792555133530234,-0.1140615422413247,-0.14834975766688374,-0.10846434979876118,-0.08619557653354715,-0.06294386841626243,0.0394708925787115,0.11251364284516918,0.17603631648403084,0.2792023411545147,0.3653855205788725,0.45460362273584615,0.5274191554479329,0.4586452721580373,-0.07644150933156856,-0.2876905800970545,-0.2633886191759516,-0.19296992449063444,-0.1150329808018451,-0.047403643871219536,0.012305910145093746,0.08146696860106672,0.1234162606224336,0.5767231771685304,0.21291240759729724,0.23989758802383176,0.2611553478325025,0.26731808742029606,0.25543130983890344,0.21192605019205837,0.3767135210582563,0.3173029022855055,0.23134549653045644,0.16068449605898572,0.08030202593315416,0.02713259932481482,0.1501234753585896,0.12251075390244481,0.06540393516960918,0.04337331436223901,0.016252665496731433,-0.09688211281563275,-0.13678674724430695,-0.17180296768060754,-0.23309138972409343,-0.0636908314810048,0.44815443499538643,0.6465775584319914,0.5941370009545548,0.501054110769996,0.3876703914554977,0.11201273331794603,0.2430445832128328,0.1258482272121066,0.0,0.0,0.0,0.0,0.0004142363345387423,0.498219309937678,0.250056948825246,-0.15259612030930803,0.2462869881552689,0.5621487711961531,0.5012887028855457,0.4024902523411308,0.30901036899333745,0.30435806453748127,0.32002662483506894,0.33102853311467495,0.3178374576302736,0.4180912674637569,0.44352270426101614,0.479179918641113,0.5105090686107767,0.5408052189649806,0.4968985702444583,0.2467105844021596,0.2390716397001243,0.41267261623889506,0.3474088933790048,0.4007447246178335,0.5381973436169836,0.6324938987243534,0.7142988203932941,0.7413217782268637,0.7496764569173504,0.4702706797530663,0.8805784289686533,0.8748183534641105,0.7921798169014773,0.7165787037591417,0.6571826083794287,0.39049177485080794,0.2083838589509845,0.296425477242823,0.40500208955982286,0.5365902319305789,0.6281377478808627,0.6517717673526391,0.6646399020701819,0.6069291418960103,0.6042721812770941,0.599160422541954,0.5934286038798584,0.5969588915374339,0.4539976073221118,0.35129441363444375,0.2693837440211967,0.21694250005786891,0.06957323003361764,0.1820435312664069,0.48125247818524186,0.5352893553306909,0.3026562569428296,0.3365560268309814,0.3655403786213217,0.1569690514651595,0.27046278218294134,0.3978507908523503,0.3770680703841823,0.1933761292033951,0.4161685320050925,0.24032264748447763,0.15841241718275093,0.0027963909356583105,0.13741330573907845,0.4614689005621852,1.0459873227690566,0.8906552297183363,0.7095036370354445,0.506289895436703,0.3284564284707281,0.18444532614043485,-0.03161315065726211,-0.09471208511382012,-0.12813617363060037,-0.18306578446156652,-0.22072061336377335,-0.2531548129201935,-0.3095713401415374,-0.2998216782278454,-0.09947106423284818,0.5050010086794603,0.7947039282468837,0.7544544516489309,0.6418134740989704,0.460634053894347,0.21917076249646672,0.062090792314710486,-0.05889301253963408,0.2134532426164126,-0.13615415734070702,-0.16053866543268147,-0.17761803628214357,-0.1732516738755815,-0.18016345703914127,-0.19483647873229992,-0.23051313990331612,-0.1929061993554012,0.04352379214756685,0.3551557885715921,0.4192449631938724,0.36497117921879374,0.22753067221574486,0.18133233898805412,0.18414992564207,0.14964709943459686,0.16470674499586213,0.1483883185116186,0.15030927252642723,0.16011650655606058,0.1495413158813267,0.1423370349191455,0.1944234809071636,0.27079070748152656,0.3346840574416585,0.3820156653559692,0.0,0.0,0.0,0.0,0.0
2025-06-01 17:56:59.161,0,0.0,0.0,0.0,0.0,0.0,0.0,0.44498129500934513,0.16189266569527241,-0.09906894068286293,-0.18953657450161565,-0.28888738460780394,-0.27744264811615993,-0.18763750974850846,-0.09791018781344907,-0.018454518502593165,0.09251267480873004,0.20399455237857828,0.3081704556953403,0.36111920729964403,0.4115832824371479,0.4637052201542067,0.46127219767256455,0.37789251325099354,0.15055514313600227,-0.05364369083821774,-0.17872636300149036,-0.2160487425090143,-0.1723153604885801,-0.0793561320610836,-0.008456980395529001,0.08378915591456959,0.19022308450304126,0.49559552689785114,0.3296407338545774,0.3820963190189766,0.4317021430233773,0.476016945056344,0.39547423901725975,0.07849049105980482,0.10274982225080098,0.05419127913174138,-0.06923861817098387,-0.033815389872070334,0.03564429036869843,0.035459900268966615,0.06938138584323195,0.10845184944177033,0.13168332172111397,0.15288868821860369,0.18948215290012294,0.29544557523103443,0.22181076717714526,0.260748498936625,0.20833224087466634,0.1397167771844513,0.26490902356811336,0.16064040822078995,0.031891351026598125,-0.035648568107060186,0.6150918942238954,0.4403040211197795,0.5278856590530117,0.2882767863770832,0.1909290672871836,0.24344811615809647,0.21182758133885105,0.3500825412100154,0.42868070951181714,0.13193488193393396,0.48257920945293353,0.3417469532223897,0.2091472347125838,0.08420695392389521,-0.12461842643166943,-0.12757963460897637,-0.16835211926235027,-0.11703438251660403,-0.0876813441734019,-0.06413546016364458,0.043053515044383595,0.1172485818060689,0.18127788926655786,0.2836823117692807,0.3721255681258435,0.46330598408879503,0.5345280369049793,0.46639206868200855,-0.08749930136826747,-0.2947930534057418,-0.2655128746979796,-0.1975397233167948,-0.11506844836656982,-0.048535907265482736,0.006601974650495945,0.08410971788053145,0.12131119043729455,0.5690935244031661,0.21105569598130236,0.24265339235136596,0.26524288509320126,0.264932590343101,0.26261417578392837,0.21680109403556239,0.36020114125353303,0.29505462058159393,0.2045891785106353,0.13207241522110236,0.05794232105630104,0.027855191201719087,0.15649301906894753,0.12970528077083965,0.060317186346216856,0.04128111049839189,0.017985158262364243,-0.09964532687906802,-0.12990079424831324,-0.1695504121293001,-0.2235442006285338,-0.08330846060676456,0.4081620367590406,0.6211081696748727,0.5703773906952951,0.4871369976641384,0.38469482496671575,0.050814633598298575,0.19610546018519032,0.17524247311446411,0.0,0.0,0.0,0.0,0.04290677680969196,0.5592950891791244,0.2980407874517641,-0.1641566443454049,0.22502075753729606,0.5459269055013454,0.4928159061379623,0.3950001724686515,0.3074049455846968,0.3077849070581993,0.3349526858915741,0.35060311419579415,0.34469233698469504,0.45104347147947976,0.47001059429980097,0.508617447778678,0.5435397585992274,0.5678562426799323,0.5227197974483389,0.274796289944962,0.22344754826671087,0.4041754719540167,0.34342174772059486,0.41261450289093227,0.5624406537022457,0.6496908132651571,0.7563129602641232,0.7891324745121671,0.7921882375706051,0.4880408236251242,0.8615881051690533,0.861021848667854,0.8397947102184917,0.7453421367915626,0.6869220727840069,0.4216728054071894,0.21536926714629795,0.2993611465829791,0.410571053247622,0.5507283944443793,0.6494770886406735,0.6802176393587283,0.7057807694550853,0.6486000623827481,0.6423313231726846,0.5825285270706817,0.5935698096729369,0.5935380872564121,0.45615872378442435,0.3468664543450412,0.29318162171922946,0.2341728078720764,0.0849834763458833,0.16355405141753965,0.46853058562352856,0.5371249265787302,0.3785519277872499,0.271186382953861,0.3277870187175306,0.2465114619314317,0.33051273430518174,0.3468222977002613,0.4309137285055565,0.31257290447244596,0.41153016767914574,0.25591503046118913,0.1765647064726867,0.01775192912126311,0.13581441852925152,0.44698040998575367,0.9921264569326262,0.8752903941643415,0.7075910491673875,0.493429278540098,0.34738462730320707,0.2013364097021899,-0.002511139742570778,-0.0616906870767675,-0.10439336134838051,-0.16772130193182289,-0.19549009273464601,-0.2146431852097257,-0.28768708547712507,-0.27398879239627744,-0.09769005203847214,0.4708913881294829,0.7870623808657606,0.746972347924296,0.6519582552071922,0.46545059004218414,0.22768957675708568,0.0716670109296258,-0.04744189384121977,0.30268901300016027,-0.11587183768048503,-0.14838353329831233,-0.16293235411969498,-0.15633171253246392,-0.16714109115811693,-0.184878650611647,-0.21713147758651435,-0.20701850681219128,0.03765221029295185,0.35210443989772094,0.41777889495888976,0.35457089928322993,0.22640710062929026,0.19306813626250752,0.17835139488199503,0.16171367743449605,0.17671329976083872,0.16635761969694407,0.1631913145453019,0.1678947213480424,0.15539315846301904,0.14769223226124906,0.18835431973279898,0.2524725626039338,0.2975074102969921,0.35204078704107467,0.0,0.0,0.0,0.0,0.0
2025-06-01 17:56:59.164,0,0.0,0.0,0.0,0.0,0.0,0.0,0.47520726248760214,0.19228946518622406,-0.08305692860353336,-0.20140914176960395,-0.3081462781184693,-0.2985221090209602,-0.20461931920128207,-0.102074092920872,-0.02720880479095944,0.08762189394453501,0.20551572114706623,0.316904044966265,0.3692412143142186,0.42707900973917545,0.4789385338584282,0.4858009688736403,0.41206181120577956,0.16729902016471143,-0.052709239396173446,-0.18563394862006977,-0.22097185465162572,-0.18058782242435845,-0.08179791128731084,-0.006719150868552015,0.07789113044385965,0.19571658717608797,0.4591720272545545,0.3380410787166267,0.3929546312994478,0.4425461062949465,0.48742731908093523,0.4139724200254449,0.12265519192054236,0.11686242493779814,0.04149222846849221,-0.0817093898381982,-0.04046336485566249,0.027597044854878128,0.026972347351625015,0.07631160216952981,0.11152480731635483,0.13315522513628153,0.1529247444723234,0.19053778502667773,0.30367670996452434,0.22091269054236712,0.26448115303177233,0.2058332903430976,0.09843667052244665,0.25342803004718956,0.13806026122778692,0.004861919344279597,-0.05349264493955275,0.7321313537322864,0.4481647712936968,0.6701862969112926,0.36600613758438216,0.25181094886459743,0.19923702674806232,0.20471269252843877,0.3445762843587446,0.41186509138788374,0.20582432860607477,0.41313133519568723,0.3371469512609154,0.17827620587556206,0.03716201113334683,-0.17143510457359934,-0.14737754923717805,-0.1820990048911706,-0.12614172430084758,-0.08746071758699347,-0.061675257682172635,0.04593101277166767,0.12403437494981029,0.1949297301502917,0.299559913731675,0.386662313210109,0.47448207502517586,0.5571174758773884,0.4957340290349399,-0.09093082556268062,-0.3115062057811153,-0.2797148093304458,-0.20404075663349275,-0.12478165812657416,-0.05818727206945051,0.003046034555743704,0.079165007801697,0.1193733316481469,0.5400720693500638,0.21144761714035387,0.24261986272198477,0.27125182922272006,0.26841111835444775,0.27185363931385714,0.2158620737394024,0.34321299999572,0.26423733226904866,0.16537496592245948,0.09739333210580048,0.031664572225641896,0.028577783078623797,0.16286256277930589,0.1368998076392347,0.055230437522824305,0.03918890663454522,0.019717651027997274,-0.10521416664605932,-0.13128638790013758,-0.16919968769741023,-0.21415331309944646,-0.10399388870653242,0.37833695931289657,0.5956037496645806,0.5468823770161824,0.4651505216480025,0.3229764146890763,0.1857138150141649,0.16495676972025947,0.11590131586296132,0.0,0.0,0.0,0.0,0.0971250712739331,0.4473877892279892,0.34501133743136536,-0.1756225754718252,0.1877661823736339,0.5297243080248524,0.4797635224215741,0.38425982416451976,0.2980256765718401,0.30595177936865525,0.3359115102909722,0.35255968592728815,0.35192283134889024,0.4662642603722702,0.49134584919159807,0.5266622624411006,0.5596058298524265,0.5848168627327468,0.5305071955359373,0.30274020199965984,0.21702738573008967,0.40225499401066656,0.34552167321122784,0.4183289110869495,0.5739095386601138,0.6631208026795226,0.7834132562319489,0.8166537743150097,0.8179462924223577,0.5068329594639751,0.8907517820368098,0.8831977995145661,0.8691162866345252,0.76742240683067,0.7068941403905434,0.4444990960010282,0.22399015696305663,0.3077683502537597,0.41951261261483375,0.5606475580740464,0.6677473496472124,0.7022516775142897,0.729780645039003,0.6745532638209293,0.6639847616594272,0.601009620790224,0.5937110154660159,0.5901172829753901,0.45831984024673667,0.3631618192310168,0.3064952617394541,0.24502659722748188,0.09208232760873869,0.15216087417452512,0.45164750302473533,0.5312292314898502,0.335994042313961,0.2245274025955046,0.4268319454712335,0.25800588519772916,0.30061760587818925,0.32746375480205603,0.4364459933307267,0.36932391304621676,0.4886062829911999,0.3324539180296482,0.24173455614208864,0.030099111368015297,0.1228746460509752,0.42319831563034166,0.9509064259233164,0.850900200356435,0.703874330441537,0.4746341773123095,0.3492402990485597,0.19357460419161288,0.008904321532690274,-0.05785885712535732,-0.0895299008833732,-0.16079437301617827,-0.17288699484961634,-0.19675589999281295,-0.2805202771893799,-0.26468596933221733,-0.11976184058487488,0.46665859604921217,0.7819051559132915,0.7443961078852976,0.6484691949413878,0.46624609149857843,0.2335824716573358,0.06777381623895695,-0.046540926957020945,0.26344189652824657,-0.11636971406743712,-0.14898174549227594,-0.16647906582968575,-0.1649733496616369,-0.16128306080252386,-0.18643973960440774,-0.217332054039506,-0.20692079223787807,0.03412543387461631,0.35052426505234974,0.4076096804258902,0.33801459121348554,0.2186606608813535,0.18308510439306236,0.1680192322996341,0.15354290115423486,0.16813569327333022,0.15176972856707316,0.15629783330988345,0.15739854992772107,0.1437192446798874,0.13601273448471618,0.17157132485521348,0.23279241190703537,0.26632367902734033,0.33429743935504175,0.0,0.0,0.0,0.0,0.0
2025-06-01 17:56:59.171,0,0.0,0.0,0.0,0.0,0.0,0.0,0.5280207694538542,0.2332599093688729,-0.06846088358262242,-0.21260685294009896,-0.3144553178278173,-0.3154830695966512,-0.21777298498489772,-0.1122355225971744,-0.02680964516873663,0.08240766315074788,0.21119327167019292,0.32648899915341634,0.3802697992228648,0.4420223061657905,0.5011483134451833,0.5219555779359835,0.4513850999213422,0.19906612630546322,-0.0410378792911853,-0.18622694517424943,-0.22178503278592332,-0.186994644317362,-0.08643385657025382,-0.015119569771499641,0.07821080099531486,0.19283715095520004,0.3625410712091044,0.34189121502426556,0.40156530990553246,0.46008608016974495,0.5091452056199139,0.44259637825140097,0.1646202702864114,0.10940915927788208,0.03182104463100366,-0.10741956414827691,-0.07472450217803117,0.010907978903517357,0.009907368517606319,0.05216655897954281,0.09013453714595254,0.1217937036537744,0.12602397916118624,0.19792703901459663,0.2958331243886412,0.22415472688097632,0.2685835178869129,0.22964853037119237,0.085492312640752,0.2595661975253067,0.10875972499302589,-0.012190724416503596,-0.06336614560269638,0.7024499368350772,0.5228956490578067,0.5794144075744398,0.38838683211019787,0.42313577363258603,0.1615479266780125,0.10567740528118102,0.3813608725558045,0.36516984716387924,0.15424999568436135,0.48125152973350416,0.33898603188584886,0.14633003239777034,0.0023094304965587398,-0.20416368637616844,-0.15272642592035224,-0.18160017409816032,-0.1255075039435276,-0.08200324306409112,-0.04081996086753126,0.06588654345237033,0.14709931600932413,0.22464985334376641,0.3290933790118796,0.4176043059414454,0.5120797711353493,0.6033795559916574,0.5551297899360849,-0.07517099653945934,-0.3548758138747159,-0.2971496213052349,-0.22411677444160505,-0.13201476943187695,-0.05179523934199648,0.010835818620075655,0.08752610335691813,0.13164369431398049,0.42416508694698535,0.22953884233016053,0.2628881432258171,0.2934607620616595,0.29778906900611446,0.3070881639927702,0.2594319389369466,0.3426680738248215,0.23518647812890692,0.1253956657805655,0.07661741495364516,0.012501616283046024,0.029300374955528286,0.16923210648966425,0.14409433450762954,0.050143688699431976,0.03709670277069854,0.021450143793630305,-0.10032186102961282,-0.11945577240355965,-0.15018190461198977,-0.18256649393646152,-0.09399261285499436,0.3534112021241246,0.5675123268369859,0.5224050875202031,0.43912245629035773,0.3201816527178844,0.2509074491570363,0.17211414347070836,0.10870441060614827,0.0,0.0,0.0,0.0,0.13409838078085962,0.2612791888150698,0.2999005103311151,-0.20908009152886076,0.15967772397618835,0.5147459852795239,0.46414145098258647,0.3668594154549595,0.2806111402844438,0.2925461917785612,0.3180644781164883,0.3408604357512641,0.3465564134233494,0.4580464512700022,0.48738911608228763,0.5252400779118269,0.5609694063004187,0.5837095951078839,0.5289476074270933,0.2915186955289128,0.2002396703194344,0.389540559611243,0.3431359803352241,0.408620268251914,0.5634219269213963,0.6598479202960914,0.7807839660199285,0.8213918954089741,0.8235012873629917,0.469998991420214,0.8978260882325029,0.8914123158003757,0.8688528980282952,0.7767360648087785,0.7138400767275381,0.4538770054919207,0.2334306345902249,0.31247064268784897,0.4153917224996523,0.565317393893852,0.675339984738411,0.7048390944363667,0.7264695330570894,0.6757323151589014,0.6638519215413816,0.5979977062518189,0.5938522212590946,0.5866964786943684,0.4604809567090492,0.3687137724259388,0.31173786338376175,0.2528420207652194,0.10517875466364582,0.15157494409661348,0.4404800733034283,0.518313737012489,0.3883941162983552,0.2485268826088662,0.4441793456797094,0.37526928103258905,0.3110206744947202,0.3005073262905661,0.4672924252000203,0.31882589062110916,0.42157241710734616,0.37927051522470423,0.2588948924574994,0.04092166574818096,0.12651965780666302,0.40596610572286457,0.9126769853355987,0.8390445475580637,0.6915603648371614,0.4743911586579792,0.3647393875887801,0.1947925191937514,0.03214091960283705,-0.06609946387050925,-0.07996547503524187,-0.14156022372696198,-0.16556919772891976,-0.1802236061665271,-0.2656674848433235,-0.2742041568572016,-0.12639281836646743,0.44097022221663223,0.778426676850074,0.7313139893616905,0.6453190412447126,0.471870452981646,0.23248890802267708,0.07458375693311936,-0.04011360990242352,0.31785692144583333,-0.1050821867007854,-0.13517373965555302,-0.15030313152300956,-0.14629880322297095,-0.14028341398717015,-0.1630355940570145,-0.1998065177149404,-0.18864371807854777,0.005512436213078842,0.3344195142218583,0.3878390246342718,0.3185115178899598,0.2034324636743834,0.164119203904032,0.16226365294872624,0.15156039547793232,0.17319787678766718,0.15074392233289324,0.15749114917907914,0.16667926907672137,0.1500509141027383,0.15024863008905498,0.1791996510010248,0.22306475321519292,0.24016519503046962,0.314201809135078,0.0,0.0,0.0,0.0,0.0
2025-06-01 17:56:59.173,0,0.0,0.0,0.0,0.0,0.0,0.0,0.5747096824732145,0.28188422204199337,-0.021849065662952083,-0.19411362157127737,-0.3217227308570044,-0.3204523534027225,-0.23577129856361534,-0.12673671579991064,-0.023546687220338813,0.08249040105146543,0.20864245040141166,0.33169769729942344,0.39202319562188487,0.4515429091257279,0.5211192813678985,0.5505892767733466,0.498124943014345,0.24152524040318296,-0.008666046443804976,-0.169370650839325,-0.20466581099398318,-0.18826458225362086,-0.08277078144644956,-0.012589599819498476,0.08166868622779289,0.198751969783018,0.24799999808825268,0.353735856415327,0.4155296196193558,0.47379268238383787,0.5367835022624716,0.48668033758236706,0.21470070977423622,0.1326208125570172,0.03632673281694976,-0.10250738993342146,-0.08232133892700677,0.008832826722753984,0.012705917585493332,0.043011756395621825,0.09120440733924506,0.12554780172750024,0.12196693319833529,0.2177540119853083,0.29345691565880216,0.2432607148249108,0.27310256237565855,0.2264584924453446,0.10863838148832869,0.2725737304284422,0.11075643160102233,-0.015497856554262057,-0.06483032667476607,0.5430443282160464,0.47585294174325765,0.5109498650776134,0.4095837895900799,0.44473861987155894,0.28456601045558094,0.2894554211906032,0.44883113359500165,0.38795523678314014,0.2791355146181107,0.36849807751524166,0.3705332515248751,0.12398279730997416,-0.03163850289019099,-0.23888969960543616,-0.1709158444097516,-0.17807118131433763,-0.12726059292105418,-0.07480213334448194,-0.019750749586110894,0.0813842087161385,0.17037676954518077,0.24997158831665311,0.35885701977719975,0.4506640336577823,0.5487564649512608,0.6458399980209202,0.6104059005595758,-0.022580390206814294,-0.39022477185728144,-0.3284434440933939,-0.2396365544477015,-0.13730702513653736,-0.049860099300818694,0.024003079063808164,0.09639987035501085,0.14622263555246628,0.44573649456012027,0.2484119813174377,0.28879372874185305,0.3179513337695642,0.3304728631497883,0.34586938493073566,0.30268366651908996,0.3459319140165957,0.19942529540034493,0.08977174692701007,0.04843747490324257,0.016726557098061923,0.03002296683243255,0.1756016502000226,0.15128886137602438,0.04505693987603987,0.035004498906851644,0.023182636559263337,-0.08910943120540216,-0.09536741670421778,-0.12612878455104737,-0.15117124221203437,-0.08020631338852954,0.32330985175987015,0.5390713674379559,0.4947968240389083,0.41383521668812806,0.3626160032293512,0.2669384788616755,0.18638901673036407,0.1628945988904243,0.0,0.0,0.0,0.0,0.14780262750165696,0.19510993034926472,0.24025366612510335,-0.26205511815506666,0.12496040551704785,0.4993497362492069,0.45409245366652323,0.35568381723920084,0.27123319608037244,0.2918806270626233,0.31837362463469776,0.34231984538033844,0.35590501984286016,0.46590451989014037,0.4902162541147379,0.5274277580553954,0.5700081205670948,0.5875732234016169,0.5262809790962311,0.25574318446232686,0.17881597870842147,0.383158921921418,0.3472848005479625,0.4139632066758856,0.5746402827593287,0.6746730064246416,0.8044231174461385,0.8409557218250281,0.8467214026826759,0.38878785256007337,0.9217376049460415,0.9085151023192093,0.8829406866773843,0.7863237927243604,0.7192037841791987,0.4525713535932258,0.23094283073445826,0.31469570971060823,0.4245210384166406,0.578882048841155,0.6945681719523633,0.7202919398154906,0.7518186614565034,0.6993370929650642,0.6781796516771168,0.613840789767667,0.5939934270521736,0.5832756744133466,0.46264207317136175,0.36860753673570507,0.3081528823928784,0.25029484225801785,0.10751455932230725,0.15929572842936154,0.4431787783065049,0.5301339723217943,0.34794336355099154,0.2657364761061718,0.4695941238075604,0.42398728199579816,0.34202429320406796,0.2612882378392334,0.5059561596193689,0.3526900229508107,0.48081652411943177,0.2773632504671222,0.35387302774637364,0.03546781038473834,0.11529217108719791,0.39090523895447815,0.8953926954079634,0.8452798708147002,0.7079743944089719,0.5004168111960701,0.39092876693295775,0.21529208820288526,0.06502107313332539,-0.03549616650510434,-0.05609263333643377,-0.1287445485254859,-0.15481620580317002,-0.168335508417789,-0.2663774305691154,-0.28286194261440023,-0.14367193249018262,0.44157737290074733,0.790837546295312,0.7421836011195739,0.6719574274944043,0.5012599274735259,0.2791935085276587,0.11067643364742641,-0.007323116453809453,0.32431120427680604,-0.0757592101577369,-0.1144500611893624,-0.13009719831134725,-0.1253749255616693,-0.131725750161664,-0.14931268304998951,-0.1970071875131008,-0.20216987637344788,0.0017018783316644637,0.34208033827699186,0.3999403533816185,0.34424093128341915,0.22551553210228548,0.1907950922119308,0.1886068391329665,0.16664214173164726,0.19870423458577013,0.15896225392407026,0.17017294015968454,0.1750528218886649,0.15644636138871848,0.15696856266895587,0.17160350445755307,0.19009660143866758,0.22225516308749094,0.3048029588913801,0.0,0.0,0.0,0.0,0.0
2025-06-01 17:56:59.176,0,0.0,0.0,0.0,0.0,0.0,0.0,0.6329864697060891,0.32680646266555125,0.010972919065180442,-0.20654169115673138,-0.33538994164175473,-0.34498605965835916,-0.2502005731610405,-0.13975445491675365,-0.029199595246782506,0.08054249301791894,0.22052711920714457,0.35010868363993375,0.4143458142690097,0.47165218559046374,0.5502762321580906,0.5960547278716785,0.5507845004929985,0.27391638181676353,-0.0017069096440834874,-0.18000424656864922,-0.2152975046797424,-0.20979803795714203,-0.09196267144368209,-0.011349132386738958,0.0778988956155735,0.20911148257899614,0.2717057670761135,0.3687259471410569,0.43295716979491444,0.5022010126926367,0.5736577631478585,0.5559905156117535,0.2853445211849453,0.14250748421096454,0.02636811269448358,-0.12069418662966247,-0.11111759491080409,-0.00435582640098664,0.01880903097441311,0.031801239929057035,0.07997603150054378,0.11624671496212557,0.1407402212890636,0.2319070136134458,0.2942869402949636,0.25985938947428583,0.29571519158813175,0.24272784563252825,0.11521337267257303,0.266925084931205,0.0919250001986257,-0.04279201870480387,-0.08956466760856596,0.520484575248013,0.39038875320026767,0.43761638962578914,0.4104208105611705,0.536907226257977,0.3197379245128362,0.502489216890297,0.3942144303984488,0.5377592670994558,0.34469754803734787,0.3917532408420773,0.38933945541682863,0.1097540937817825,-0.0733061777318198,-0.2772269900192539,-0.19923758127013302,-0.19241900497044662,-0.1448307048014934,-0.0870551778487294,-0.02468439431631042,0.08580595397783064,0.18244283239196246,0.2655887306757707,0.3809133850966119,0.47759429598111036,0.5860941232314762,0.6798765214192313,0.6717161135860442,0.04303789056027582,-0.45311809579716045,-0.3760350314550447,-0.27940352622273057,-0.15723397971255526,-0.073116328595485,0.018326622928129366,0.09862931979218104,0.15505519526156086,0.5114258420456737,0.2617063441531804,0.3083239923268287,0.34717729040405165,0.35938879987759087,0.3916901329770944,0.358609688052855,0.3571479585154827,0.1606640759346739,0.035665447842174736,0.010652747363336434,0.02095149791307782,0.03074555870933704,0.18197119391038097,0.1584833882444192,0.03997019105264732,0.03291229504300475,0.024915129324896368,-0.07668908735913726,-0.07154894890961061,-0.09860052552192,-0.12139534504814953,-0.045488185142602916,0.30111116026122864,0.5157177759831484,0.4722445536096053,0.3916892269800154,0.4599794998586649,0.2526968198317218,0.1410257899092346,0.2538931096610278,0.0,0.0,0.0,0.0,0.11721351605970398,0.23207178519130883,0.3798300440703175,-0.30157251336700075,0.11359697789878342,0.49228215813315296,0.448036970668005,0.35769660717729146,0.275194111485741,0.29585681705857136,0.31246494511979894,0.3414326313187592,0.3596242873635833,0.4652694381652851,0.479551523940529,0.5199913532896052,0.5659067673629476,0.5784871998599681,0.5093539608589415,0.21113614043187418,0.17541595346435146,0.3881876113817301,0.35283334561412905,0.4169289402190768,0.5728603858867889,0.6661201924008142,0.8119413173787029,0.8449752472407768,0.843164293347469,0.4529743908110862,0.9211337452953479,0.9098350818595664,0.8827392308608202,0.7788508708001834,0.7169231631002982,0.4488070684117919,0.22619500576497187,0.3179857342819118,0.4235434065339655,0.5916184796044408,0.7042519807443992,0.7271078599992491,0.7544203858037473,0.7043469726148166,0.6723378686366033,0.6046927078321171,0.6136097637270188,0.5798548701323246,0.4648031896336743,0.3549337037150529,0.28887277439282133,0.2435862169283532,0.10419535942797442,0.16877686622315538,0.4574443517423048,0.5302012886036928,0.3530254041903771,0.3179037459056012,0.44101835834098235,0.4409577574382161,0.43989443341583584,0.24204700948956873,0.45903574257802465,0.2704045716802385,0.3918619450923406,0.2921814581258694,0.30213131140709615,0.019922227865290743,0.10453525292189725,0.40130825353403254,0.9003695043685744,0.8551156261368809,0.7222656318245803,0.5110202393212779,0.40305842226017075,0.2223227860951933,0.07037009041047004,-0.019109130996129542,-0.055226287243755,-0.12217027357010268,-0.14795663644932266,-0.18370978607895883,-0.2642268677992313,-0.3002450654709915,-0.1361594988660781,0.46729284936184395,0.8130373988295975,0.7607707965761166,0.7214135025609906,0.5398800295057373,0.3347524771400283,0.15254062706328275,0.04775820427293942,0.39056780969372507,-0.04338352493728137,-0.08665260164264854,-0.10766434961295879,-0.1113776618983755,-0.12597648452290133,-0.15297186790310824,-0.2099044405920571,-0.1826323829051031,0.05211168645480646,0.380586169000991,0.44476716064377275,0.3891890958304842,0.292182920859537,0.24690940100644432,0.23558571489528135,0.21629725920837606,0.22647281188311252,0.18603988298802032,0.19307104818288123,0.19351083735961194,0.15372714170630564,0.15582828155141581,0.1555535640765428,0.18434597038328704,0.2377717346021554,0.3608936506102274,0.0,0.0,0.0,0.0,0.0
2025-06-01 17:56:59.181,0,0.0,0.0,0.0,0.0,0.0,0.0,0.6662688651353841,0.3466614778711494,0.028896726285963237,-0.2216342803096234,-0.3601311136138797,-0.3594846283988524,-0.25960452134177325,-0.13931732664733631,-0.023261587154911778,0.09840031991040565,0.23418800025108572,0.3713152723248676,0.43961489893648725,0.4981938825665796,0.5827723009507028,0.6400499198330973,0.5806794477675319,0.2883207283528752,0.0028476192634308006,-0.193237129661206,-0.21587240102370298,-0.22373754602022378,-0.09560454299338561,-0.004766509293896215,0.08871069238372686,0.22069553624464922,0.16612357612397805,0.38654075431000556,0.4558554911200639,0.524924089068225,0.5951882603986958,0.5990410333161621,0.33596932781216365,0.13191882949816797,0.008906949842233725,-0.14331485451750892,-0.10787717988060663,-0.038152589901276235,0.02973070903557984,0.01798217922671763,0.08251360973278721,0.12271918746503263,0.1630368197399964,0.22989223520395596,0.29092047162533086,0.2594026321216832,0.3260624091686245,0.2715962959708435,0.10796117887109216,0.24968449129306086,0.07028242391181871,-0.054235158344236645,-0.09743367725504082,0.39365883057911205,0.36552651440043293,0.4181283489379009,0.4078622955697344,0.49950875520403626,0.1762060161500324,0.6037520228703155,0.2738489305836297,0.41639412429407063,0.4144726076428942,0.4306092615005801,0.40110523102167667,0.10493046374449197,-0.1069942654384185,-0.32210307991054776,-0.22224734612305963,-0.2122174222524813,-0.16594350029765348,-0.10936517868085516,-0.0378311587466893,0.07219609891356682,0.17926211176464113,0.26559220447550613,0.37989307913264947,0.47679985050941176,0.5889747494304378,0.6947853655669032,0.698839983456262,0.0854477617033873,-0.5037574596505896,-0.41743446691247965,-0.3213157711643948,-0.1889585508103655,-0.10078892850684174,-0.0024013953695147805,0.08307468163455844,0.14542704124316974,0.46568853898306123,0.25819753743784335,0.306719522073036,0.3500015185860895,0.3721275341995819,0.4060015797019508,0.3796465628576762,0.35042255965829106,0.12412465400160455,-0.009087832416766695,-0.025966218309197764,0.025176438728093498,0.031468150586241306,0.18834073762073889,0.16567791511281404,0.03488344222925499,0.03082009117915807,0.026647622090529177,-0.07591449843550868,-0.06711532744260151,-0.08834180219964072,-0.1045557694417295,-0.025323673599550456,0.27692891245077345,0.4979243930524314,0.45073723460756226,0.3685939867914445,0.3432871880478027,0.2092199313479743,0.30324250978564354,0.2417732361248262,0.0,0.0,0.0,0.0,0.12569031539196152,0.2996812058242913,0.363794829735577,-0.3440126470419499,0.09358431668947215,0.48765709858486833,0.44368257047387677,0.35403189612107766,0.26855329834756514,0.29123575672383417,0.29628908609520344,0.3193630278357391,0.33157286720531687,0.43392823084729404,0.4530884588241335,0.48708140546807677,0.5304130231831807,0.5467857117930495,0.47036962922350295,0.15536522366837874,0.1816353927274857,0.39528798684114863,0.3567984404971811,0.4130656113664517,0.5533134989232729,0.6510279681990792,0.7779565125024028,0.8052749880494006,0.8022432169411118,0.40723277876000524,0.8853218479566771,0.877849638873377,0.8413333181438578,0.7535820626691371,0.6916152999569757,0.42130153832285505,0.22951560414417255,0.33218350031504895,0.42725424380617094,0.591827311890446,0.6932312296112348,0.7165998118497019,0.7290463780559717,0.6769028729498505,0.6489331132943383,0.5788866067818623,0.6332261004018644,0.5764340658513029,0.4669643060959866,0.33185971598652914,0.26553166881394374,0.22474908248738273,0.09026893535757116,0.1911628613188302,0.47715601258869933,0.5229592068004006,0.21883971867313515,0.3983721356089729,0.4110919666927073,0.2703869909709167,0.44351797548076194,0.23452627681970747,0.42023543601106633,0.17831775649281129,0.5269992186664118,0.25077579105933,0.16780742256544293,0.009275863195764233,0.09996370822085537,0.4069468809265536,0.9103844915854231,0.8373693638551152,0.7076158338390869,0.5030400588857291,0.38725287217181603,0.18390455270569728,0.03403604952665917,-0.038328860640282514,-0.0658404739897247,-0.13380630395407778,-0.17060089103293108,-0.20525868549934945,-0.27746430412530865,-0.30988323682215124,-0.11725039387146263,0.5006683699682197,0.8296034016988921,0.782996715360849,0.7270669893591725,0.5440704337547559,0.338901850900732,0.1538102125416052,0.041535318255664144,0.3389681896991541,-0.06521977954120195,-0.09890756334454509,-0.1304854683228689,-0.1369263888382355,-0.1555631887933433,-0.18365151314320838,-0.23793759026747777,-0.14801795952656266,0.07734289461905908,0.416212053024202,0.4611573613694341,0.4047971705796829,0.29719366068287467,0.24287318527047397,0.23590417539370456,0.19622896606326146,0.20459711968164962,0.15944500671273754,0.16565099490176705,0.1701121174596194,0.1271298184692169,0.12023194365543022,0.13698894053244387,0.17630345708429662,0.2531081948452051,0.3772108215126082,0.0,0.0,0.0,0.0,0.0
2025-06-01 17:56:59.183,0,0.0,0.0,0.0,0.0,0.0,0.0,0.7598200452207372,0.4225304554016187,0.08366751966624919,-0.20800458051580278,-0.39513394396841917,-0.4057473055909705,-0.2953080173365441,-0.16273876992724468,-0.028164750680462314,0.10615026918335613,0.2494539772646111,0.3896236091055657,0.4787094953396716,0.5423163775180965,0.6411444976265073,0.7120610107066037,0.6529979203019628,0.33921728572301796,0.005302233074462537,-0.21546129200742892,-0.25319037714985515,-0.2517995780275293,-0.1209645398505732,-0.015272809065107529,0.09796953583099888,0.23006949864381787,0.2010661840664435,0.41346833264611593,0.49769296089586795,0.5764311802076929,0.6473825517894733,0.7034949486980765,0.41835195813274145,0.1277401740844057,-0.04204795130161976,-0.20631446397725728,-0.15321502852128877,-0.06963862325178982,0.01060048669900815,0.008401450891361906,0.09515812625644648,0.14144414493047597,0.17451875008073492,0.2593117208570678,0.30303531628300084,0.313092821311952,0.36058765604925286,0.3333911905374031,0.12802560927092943,0.20511640236830964,0.03667535484356599,-0.09088693492718991,-0.13801290767686658,0.2503331565421834,0.3502254122332161,0.39810840902612993,0.29741311558848793,0.49352864231226024,0.2195149288983917,0.7470216301080714,0.23321235982453176,0.4434453934777023,0.3951151600970293,0.5575852338896391,0.4640148950470286,0.11352150355688237,-0.14795151644510618,-0.3661292410663768,-0.2606143862880297,-0.2482733199822016,-0.18509413858459967,-0.12558871347655765,-0.051304370059853444,0.06287722268156015,0.18259891570661968,0.2754709279802552,0.3939830215139838,0.49731019444071745,0.6243541257055727,0.7350823869231577,0.7703526116559491,0.15472855727662377,-0.5887610262814018,-0.48759942669209444,-0.37650779742572893,-0.22991372205137517,-0.11495935253031675,-0.02059644737720423,0.07328337560394371,0.14782934169389184,0.45549706918829774,0.27355672581926394,0.32182600287590957,0.36877362721188345,0.4046029526224979,0.4384984994303574,0.42437876287529586,0.322837440822405,0.0600905143312741,-0.06321677985374818,0.025748630899848468,0.029401379543109396,0.032190742463146016,0.1947102813310977,0.17287244198120866,0.02979669340586244,0.028727887315311396,0.02838011485616221,-0.05921964246159317,-0.04105322481339524,-0.057602723934110034,-0.07691606118105487,-0.006177098982762863,0.2265066726010046,0.4646821262701405,0.42184630976325516,0.3447093781999546,0.2240345562531439,0.2029463974023359,0.3350012780593203,0.27293577196062413,0.0,0.0,0.0,0.0,0.15182112208084098,0.44653823725619374,0.29086415978270397,-0.34743809476618004,0.07005058039136558,0.4809859560154996,0.43502415237776343,0.3539153242278611,0.27124682388830945,0.2992482792914888,0.3101588787794627,0.33180868635477756,0.33686203357687416,0.44541656129742924,0.46286948063729083,0.48335655193962057,0.5254352121010157,0.536994118882018,0.4665555010857972,0.1301825100580966,0.1816854370477078,0.4029005054084065,0.36014596139436983,0.41347830592116064,0.5590830936882787,0.6556770589859489,0.7785574023582673,0.7960286678033082,0.7988325955715216,0.35891200019539155,0.8736492458499279,0.8636781928169279,0.8190076114133014,0.7387290381734254,0.6726240531571474,0.40014663097432246,0.24498707093345923,0.3559754727506095,0.45321133301701033,0.6210536582513431,0.7182568518622574,0.7369805113164862,0.747243801369172,0.6849594411768354,0.6557770923526802,0.5833325710386632,0.6528424370767101,0.5730132615702809,0.46912542255829914,0.3635963568296678,0.2533281252059214,0.2083092657377838,0.0716821762485306,0.2201307855960429,0.5170836933230618,0.560427830363401,0.17523942657871086,0.32832262441545146,0.3420868541662363,0.25486141151226216,0.38133015510562757,0.2786321852897382,0.34186505969811837,0.15044708678877317,0.46756302191798427,0.30327158423957035,0.07294555130689531,0.004013540473168931,0.10269031000288736,0.42828994274155546,0.9646145309677352,0.8854131195825776,0.7474424135200263,0.5320605258609301,0.4035539579189571,0.20975897199664018,0.05250616833810162,-0.029074269894223015,-0.07028478506302571,-0.15167888500366566,-0.18634638853259167,-0.21565707711692206,-0.2793353440568658,-0.29205319269831265,-0.046520534061169405,0.5827944788250106,0.8899258609543499,0.8411274184731377,0.7891527715188232,0.6137989299728812,0.3962582556284211,0.213002838248876,0.07846778157978584,0.41339457994657924,-0.05177395417154518,-0.09430602667157095,-0.13930411691007083,-0.15498263258034273,-0.18839706169597237,-0.21799620850621515,-0.24044759290117218,-0.07221987023256193,0.1765042394225632,0.4997730324685888,0.5309326924677938,0.48614925442371804,0.38721910232917,0.3148359435289694,0.27131511309354295,0.2215350991482814,0.2250392174668907,0.16148273611524555,0.1541370844838177,0.14136713849889437,0.0922957632029765,0.09350142819201868,0.1268464658773351,0.22533463120965314,0.37435671400104953,0.48967022086731804,0.0,0.0,0.0,0.0,0.0
2025-06-01 17:56:59.188,0,0.0,0.0,0.0,0.0,0.0,0.0,0.8401242059557081,0.4746179392956311,0.06862800085923143,-0.2586250139037587,-0.424090308053081,-0.4123100722726565,-0.259956945254157,-0.12420352263049916,0.02386294142841683,0.16367684839407048,0.3135985348336116,0.46009809955561776,0.5480206445122939,0.6164257313964816,0.7079094233170165,0.7825467574089129,0.6969566990172883,0.3526841639131855,-0.021522377748548482,-0.20550744386751163,-0.22307362768743344,-0.19336685765484019,-0.05141674449145017,0.07867954520624587,0.19393729030050744,0.3244088574610595,0.17384849045532302,0.5068260947076902,0.5769210096376047,0.6525819470369143,0.7109603540861815,0.7875449052343719,0.42936853886208187,0.10327792599700447,-0.02812160141326725,-0.14420751332181025,-0.0695500167848162,-0.008894175331509269,0.08383238666191528,0.07586873349417544,0.16842001710267263,0.22627216783463666,0.2663992660132717,0.30320765114823045,0.38834646615539126,0.36095246807640663,0.3935329921687497,0.3438454513018033,0.1066375424773312,0.21957400864119353,0.08693834826344238,-0.010540940864369963,-0.036266710103430855,0.36861367673671347,0.21919734250081635,0.3873232595189375,0.3168704604141609,0.45018195701809594,0.1930382181102,0.7350672657697501,0.2207260416356383,0.529898147474487,0.3879383134028279,0.5563715528278171,0.5947159564880533,0.17627191060788375,-0.10860096474269842,-0.2722278630916066,-0.19346826663221273,-0.17299473169366952,-0.08695743556315061,-0.03087696917609639,0.04153523660720859,0.16680568179513555,0.2895013827890558,0.3800577674970653,0.4994422090706655,0.5961019387702817,0.7118344699133754,0.8137704606858233,0.8610907869373279,0.1611533232943438,-0.5639581125063807,-0.42757789744663355,-0.2662963508492322,-0.11787211051940161,0.011821280970975456,0.10450272285313633,0.20428034284888086,0.27323263236684836,0.6666216817300583,0.3857623417311211,0.4227703344393968,0.45264057649700173,0.4714077793781789,0.4875708508482001,0.4368239565559594,0.3150321844484403,0.12023655335915351,0.07235691475926886,0.0774634801088947,0.033626320358125295,0.032913334340050504,0.2010798250414556,0.18006696884960394,0.02470994458247011,0.026635683451464498,0.03011260762179524,0.03232813207862373,0.03392972183661702,-0.010024574818853993,-0.05852799172061374,-0.04743509199487014,0.24428391561582596,0.5160130275071745,0.4802472360072347,0.4195878339795118,0.2536932126351235,0.20917506367802202,0.34147057046376156,0.3400451180984452,0.0,0.0,0.0,0.0,0.29845253436721286,0.8249088564488338,0.4226219756228693,-0.2790422206047303,0.10463912911676132,0.5128437137585385,0.4911045327480354,0.42737060401897253,0.3712527627762088,0.43725481609060757,0.4676591253634066,0.4895335486588759,0.49231833034586314,0.6072925322423472,0.5976810342783669,0.5898523078890554,0.6149339431034186,0.6130063885008126,0.5423514428723355,0.20553068768998756,0.21803504863763074,0.44531528270829,0.4277080324972802,0.5149362251468388,0.6862030980281177,0.8074060583459035,0.9652108696889719,0.9808464533341199,0.9654546252736182,0.40222223060843737,1.0212341485667116,1.000460099616036,0.9381339431993236,0.8295901476502271,0.748525729281213,0.4696585832391364,0.314175074744483,0.4088772005459612,0.5233135426578052,0.7098386385917625,0.8361287907463364,0.8755532795407908,0.9053771555389978,0.8426055013155251,0.8054968423338167,0.73716566544477,0.6724587737515553,0.5695924572892591,0.47128653902061146,0.39533299767280633,0.3135042177822084,0.24806060665221397,0.10093525809036796,0.23877880015066302,0.527633200050896,0.6066817272905111,0.24550552476935392,0.4423127534829794,0.3185809069130807,0.15627776211261135,0.3771270014021277,0.32269595800106,0.3023136603712352,0.41869613238166276,0.515011935608346,0.24185705096734855,0.07944345680476547,0.05436968648144763,0.1559132702074295,0.4781777382770353,1.0253906122017176,0.9460454640325342,0.8424856239434885,0.6326456176068844,0.48903806119559246,0.33650799216853056,0.166322941732979,0.09299264660372053,0.01810178564081255,-0.06692792093715827,-0.09894641777121183,-0.1643891303373537,-0.21696218551678625,-0.23479614489727146,0.0009671938807621627,0.6739416339240283,0.9596094739407173,0.919931921679104,0.9208651027947282,0.7728027228516627,0.575222935989999,0.38749281003530567,0.22919772942987304,0.4926394690566446,0.07254742823324745,0.014300928431607574,-0.03871041373905704,-0.0643295133529257,-0.1188903283398266,-0.1759280284388865,-0.21104963130970233,-0.03388115417079268,0.2921051655388147,0.605029398322471,0.6396167645072505,0.6300838735879739,0.5704913633644362,0.48914358979395867,0.42974192217684726,0.3784845623148987,0.3654396382433518,0.2777997608691558,0.2603597641333879,0.23010555023682344,0.16731374567690538,0.1438359070296299,0.17268794067444854,0.31080100091786766,0.5326897089300845,0.6627421478992579,0.0,0.0,0.0,0.0,0.0
2025-06-01 17:56:59.191,0,0.0,0.0,0.0,0.0,0.0,0.0,0.8939799302214768,0.5209135607499621,0.09135458517880202,-0.27880317556040224,-0.4857258147870936,-0.4845763091584424,-0.2950357550448185,-0.15337167824147802,0.005059906221360877,0.1565373207123233,0.3234905640775306,0.46971917526115003,0.5649193821920739,0.6466606533661599,0.7457839597906896,0.8243521815091848,0.7333789989507506,0.36576033742746156,-0.06439397511184675,-0.28456917760921463,-0.3033503875121213,-0.24271016744041762,-0.09506971596300096,0.05428721890285271,0.1779151144864437,0.3234958423490697,0.4424281393720356,0.5200417986516627,0.5986901911575913,0.692265206403007,0.755869322937192,0.8581214346396808,0.5106624081229587,0.09893671603561988,-0.09851249888412894,-0.2073748191604481,-0.13886027322815453,-0.04719621106704874,0.0342567423195439,0.0781235292277973,0.15718158683641215,0.22456499905408767,0.2971860897425054,0.3038904427324183,0.41783133108973125,0.39642806430751903,0.42285373858850994,0.40425039820000785,0.12905879609804266,0.18349565660420913,0.042158596934355974,-0.03277406402589156,-0.06886632068878784,0.478262096386533,0.1955417384152805,0.3418360416850716,0.4609332275099881,0.42488240818410694,0.1134064914491747,0.5996399113460454,0.19228404136605087,0.564177396176739,0.2889020862104006,0.6927504346849682,0.612041349722583,0.186256128630194,-0.1264523946159254,-0.2862663640730603,-0.2083173792642654,-0.19626892364596915,-0.10944750927879165,-0.05281433230965682,0.0203776873577326,0.1469979898777034,0.2819005534005845,0.3722661985130147,0.49346482870172037,0.6011246552633334,0.7168552861129946,0.8175352383402875,0.8739468848519988,0.1677355068572911,-0.5984941224889595,-0.45127815787467096,-0.28773216484978925,-0.1352605195997132,-0.007314451123687116,0.08756458675415746,0.19807017269675464,0.26674046066330215,0.5050590263733381,0.37944264800343874,0.41350325184438186,0.44916463270506457,0.4609284202662901,0.474898281044903,0.41914963014634044,0.28623001757969285,0.1070983376761977,0.06339930368295521,0.06737806974726435,0.031208297410270314,0.02909752954849032,0.20744936875181397,0.18726149571799855,0.07380786454885913,0.019891084915837798,0.01570070942387014,0.019988950988789833,0.008943990888571118,-0.02856530452431494,-0.08402335266375227,-0.08617340519196104,0.23568134516125844,0.5109480855211644,0.4771523718568447,0.41157136501724123,0.25410179206447764,0.1418474329193921,0.3513374718440259,0.24464947455738378,0.0,0.0,0.0,0.0,0.3375661861702469,0.9829337857874221,0.42506340245424323,-0.2442052282395163,0.10666141935072404,0.5088675623644043,0.4838346114451801,0.4128063117413302,0.36133593035741884,0.41492549021772307,0.44485576299020835,0.45922539213022384,0.4581543677205917,0.5770666062263867,0.5751066458483518,0.5714504308273995,0.5912556612378537,0.5936612911848205,0.5208552927953092,0.20312458546866002,0.2364704554727643,0.45145102088681743,0.43151934624577715,0.5021499031796455,0.6556367395339373,0.7719074254099922,0.9197540131815565,0.9363509534712529,0.9146438633041851,0.3686809580236626,0.9699436610937897,0.9555020263295759,0.9020735162335731,0.7985742768712781,0.7244250225713044,0.46144187910787055,0.34827476993398776,0.4321847778733233,0.5290491108985015,0.7058884067059841,0.8176650541462998,0.8554211189487144,0.8831530157084146,0.8157035935411512,0.7715947068407885,0.71536293999536,0.6434369478595776,0.5460267904578616,0.4512592103176042,0.37807698150586916,0.3036769401261591,0.23918160759972162,0.09483170189713466,0.25338194184109875,0.5307405191646871,0.6062697888106169,0.2525091343316751,0.3836437915416985,0.3508144885821446,0.20480463086375533,0.38265358853967973,0.301462448226297,0.27248861498995675,0.3467356086140691,0.40313007700220005,0.20855600807955932,0.03065971512827617,0.05211188575868869,0.1705988470476532,0.49538871083691066,1.0561016283070042,0.9371052850409247,0.8204317278109415,0.6144157702066919,0.4704007111156405,0.2987527008896591,0.12511922617597682,0.04177750480666753,-0.019036405245766108,-0.09390860548075253,-0.10980461167247979,-0.1966153344234005,-0.2154148311219664,-0.21150859873982042,0.05936777232117435,0.7175092760118891,0.9871132536625526,0.9290345594847593,0.9311544440628651,0.7710117498102138,0.5551568655708827,0.3725475956490192,0.2162034275708269,0.449793535055371,0.039008787776791065,-0.01829875544555959,-0.07948340228511985,-0.11594027224124559,-0.16691407256709345,-0.21775085239720032,-0.21264224588273284,0.042247843826809794,0.39030512412645035,0.6713046117362496,0.6817056740033051,0.6576683482824268,0.5941519909123765,0.5064157985396138,0.41659335481757176,0.3663644702879991,0.3255318392149653,0.2499132997327389,0.2124793804923839,0.1844502423039942,0.12220958401942272,0.1063333859231913,0.18664053926771013,0.38755892870381525,0.6382659668452847,0.7626285148628789,0.0,0.0,0.0,0.0,0.0
2025-06-01 17:56:59.192,0,0.0,0.0,0.0,0.0,0.0,0.0,0.8837128163888744,0.5150096874687933,0.0722566709651421,-0.3205581264993275,-0.5350223568989564,-0.5286230480932737,-0.3218980788401403,-0.17235453200401896,-0.01680288250991402,0.13953122030936294,0.3154988750566427,0.46758111722147544,0.5599224345735276,0.6466285736255035,0.7495104372720468,0.8403472056159312,0.7347837882385585,0.34341740335826937,-0.13011028093705823,-0.35048991274941454,-0.3687027081052462,-0.28584678480083414,-0.11711984007986209,0.026124129159014187,0.17531618653126224,0.31824408988921293,0.4327421440001823,0.5279051570663732,0.6180294633196368,0.7104480084282171,0.7735053724149976,0.8839577001067466,0.5405272770356357,0.08014363764144167,-0.17700642033837477,-0.28450582616520625,-0.19843613303182228,-0.08650537566694694,0.007164936799179289,0.07786136692204115,0.1568683397157038,0.24917787948897963,0.3069359213122673,0.3171087736220468,0.44065456748425835,0.41525002890222334,0.4484213785249377,0.4227596598003384,0.1439611997847427,0.1638482638261748,0.027755061922199897,-0.042439447471620984,-0.07156704085047227,0.3934115044644199,0.17282948473045107,0.32455123534607605,0.41453306867318684,0.42919109863323524,0.2989551732022919,0.5552534982159142,0.172673628390063,0.36939333975151856,0.27415625516659003,0.7449528106856251,0.6439721721652312,0.20702095416096747,-0.10443615608623502,-0.28473261053405907,-0.20699601580551086,-0.20292587233023407,-0.12341288897098779,-0.0662197763486172,0.004355130168014032,0.13976980937146566,0.2663300912978519,0.35980061310978595,0.47945051717687737,0.5889166423843308,0.7089487341413647,0.8058483540856897,0.857290423672939,0.16244078346333968,-0.604048402647634,-0.4492592026289014,-0.28718777128897055,-0.14373191303419985,-0.015885015604792496,0.07887281262451973,0.195620518446322,0.25054061230889735,0.45174667427880705,0.36683164341155017,0.3991193633413702,0.42846273470449703,0.4434430777386492,0.44628235268564137,0.37914384245512267,0.24998511452951222,0.10482065249654238,0.08816737265518748,0.08710297704495851,0.037218890202030064,0.03131935116318307,0.21381891246217233,0.19445602258639338,0.12290578451524792,0.010500860992456618,-1.544889287807827e-05,-0.004103003467017086,-0.022201435998586705,-0.066391283593625,-0.12315587087889968,-0.14413324851360643,0.24653760953699216,0.5259776660619045,0.48917783618174965,0.4174287456284891,0.17411814980750362,0.35728384550601927,0.41453377128074403,0.16901114355854524,0.0,0.0,0.0,0.0,0.38545772296446223,0.9043821820720239,0.3248231684507985,-0.1937936309215172,0.1225388241329794,0.5141850398186414,0.48330607551741916,0.4084457023152438,0.3499715624814512,0.40018436756729936,0.42781499962264524,0.4444219131746916,0.443090539712375,0.5545159774029282,0.5579837579502211,0.5583707380937448,0.5796081823115431,0.5927601039036756,0.5225493857491279,0.22745130146811082,0.2624974876348714,0.454225088227704,0.43399134221682534,0.4933355278664937,0.646108976318841,0.7532938881571147,0.8833859821032504,0.9026471328166352,0.881510384351947,0.18568431070724817,0.9316859150395014,0.9236051652257176,0.8717319266713586,0.7761422333291145,0.7054913114796635,0.4555415746754941,0.3915470360818057,0.4614919622791419,0.5362421162083507,0.7004553276659349,0.7972323872463867,0.8417087032976973,0.8669654942076144,0.7923663848347162,0.7520242041692686,0.6966000781206603,0.6292783729807678,0.5284590507090959,0.4917600412641604,0.36538935100367936,0.2993661425129289,0.23459215819996643,0.09934863125604362,0.2664843827978106,0.5338377414318323,0.607465476617511,0.33223226580322684,0.37811336328436795,0.27341874009438794,0.14300716851660839,0.2355510998519325,0.34513278904342015,0.3179411800689618,0.3622168678992846,0.4501685579099668,0.1741951563959268,0.06988994382514055,0.048457619694788234,0.16845467662845132,0.4856249758603121,1.0639961154075122,0.9363289470880536,0.8038602865635399,0.6190178837569085,0.44942298491245736,0.2662373327235523,0.09337804302382535,0.014577203367412306,-0.026643071893637238,-0.11132122055352589,-0.11880030793707197,-0.20464580195397797,-0.22593926687574756,-0.1835698065978248,0.07358554011623702,0.7486607029701937,1.0134543791808655,0.9352921390880706,0.9339473916701638,0.7744797412569653,0.5449173170112429,0.35280480064835085,0.18901244573265852,0.46417096110692924,0.012050633937912059,-0.04547920882083356,-0.10945603585562114,-0.1471025860002655,-0.20385172811696328,-0.2476260457388017,-0.19966010497405856,0.09458748446109788,0.44826479455315704,0.7109423704603448,0.7149393943088415,0.6752667606330804,0.6114326147081433,0.5006781291336491,0.40676344098500117,0.34430771809376837,0.30523388700949927,0.21381413271142824,0.17296943782856866,0.14145795703009045,0.09231648411911098,0.07987280292766885,0.20591727444216695,0.45618558278497634,0.7447741394573332,0.836936683915269,0.0,0.0,0.0,0.0,0.0
2025-06-01 17:56:59.198,0,0.0,0.0,0.0,0.0,0.0,0.0,0.9374873580332527,0.5445926143934845,0.07990258730752381,-0.3688125353228093,-0.5517240766706774,-0.527045878279957,-0.2991393400308602,-0.14608788160374342,0.04484094673991246,0.18106687497747276,0.37821318405501997,0.5251455564979979,0.630815607911074,0.7170547532385372,0.8241316800462716,0.9221086945642506,0.7985116289958697,0.3639459429647806,-0.18536149471578445,-0.3790402734979651,-0.3629432628521968,-0.23270902859570108,-0.047394512305645176,0.12165666939510933,0.29050364851960886,0.4369944138157431,0.4778809756981549,0.6608690974021248,0.738344250018266,0.8282428352983332,0.8809595196455362,1.0330862959769513,0.6295380775962169,0.0547901877034086,-0.22391391581915748,-0.27412852336094906,-0.15960453711000477,0.003129782211654275,0.09095760298295685,0.20861872812071192,0.270001689824543,0.4057898731698901,0.4112628665625129,0.4380527869344696,0.5433045462336155,0.5283021976331197,0.5468193128715029,0.5184551415232181,0.21415523265810898,0.17706843316212229,0.08586352459932378,0.05485327884091906,0.05598924587948795,0.6423441589978887,0.3318982762423667,0.231680005764546,0.3521707890002561,0.49698944601619977,0.4135144348748697,0.5305683473650551,0.39873268385721666,0.623843876164892,0.23597762000408937,0.7758627942688756,0.7186344262484683,0.24132964059356568,-0.021623563720714722,-0.1743713224710226,-0.10055045063238843,-0.07983050271170677,-0.0031265241337015137,0.06423263503779109,0.13906726757101562,0.26598989391057626,0.38351652435417605,0.4815947122798756,0.5914754797215812,0.6936824346411055,0.8118690361093759,0.8937658105564456,0.9436304134203539,0.17409578040187712,-0.5657437287304699,-0.35662467398714703,-0.16386949550687757,-0.003679814188936259,0.1331663530713565,0.2291227823380637,0.3357356113091656,0.39162642679518056,0.5586281269382012,0.4893027394567635,0.5033694801632719,0.5150818895468382,0.5117153280493373,0.48574665430871383,0.3982102571375783,0.31387228064146494,0.24678253635699832,0.30507691464454223,0.30414656891699754,0.2549696244901154,0.2357683040640659,0.2201884561725307,0.20165054945478822,0.17200370448163693,0.14802674992427223,0.11858920134030648,0.09232454039725324,0.0561058221754942,-0.031440718549644475,-0.1307653515018724,-0.13077087692938735,0.37079506372286686,0.6489761893078633,0.6342792407830886,0.5586797517712279,0.22008454820632523,0.35415233659933615,0.295075862704742,0.277265292805419,0.0,0.0,0.0,0.0,0.3780511164872198,0.899749020673241,0.30015404059521744,-0.0927525742571112,0.2323877196061616,0.6000059209473566,0.5848773006994537,0.5338929352929737,0.5008637234669555,0.5769548266856528,0.6165451362635519,0.6377082972003052,0.6171510005419107,0.7292669372427247,0.6908085945808673,0.6639357817514357,0.66562081455496,0.657468148244142,0.582080163695762,0.32869574389738937,0.33005488433563246,0.5260820250825803,0.5542272072010987,0.6192622147338882,0.8170849855243987,0.9353820183249235,1.0848009964677394,1.1052075693094177,1.0809761619916356,0.1905606090385386,1.0916125145968807,1.0513438738845295,0.9737705381095372,0.8594890212478107,0.7491593805989953,0.5041396216195276,0.4516544131579313,0.5450881140369273,0.6558472171287913,0.86544230339953,0.9929367979607586,1.032826394208014,1.0831066305420896,0.9885122737760013,0.9302275362343573,0.8581703619910406,0.7685710066182574,0.6375166749721398,0.5322608722107166,0.4328099133114823,0.34128476721591805,0.2581430686509812,0.10253084593552578,0.29134364500450816,0.605794305095246,0.713457386464834,0.35692187217931703,0.2606531187423162,0.33275127793313874,0.43518647507533137,0.1764771183437207,0.4084167383309082,0.4241874343112824,0.27911051145180016,0.39435118649872836,0.19338326778072107,0.2535992256398135,0.08455017947532867,0.20413577962358925,0.528288546370041,1.1887983647068125,1.0521949137683155,0.9067690981356248,0.7360417949841693,0.5590173771049052,0.38571073113531984,0.18103664164023692,0.08015233303896996,0.019449262886302998,-0.061212698555848544,-0.0568625799899104,-0.16344342273614676,-0.17050101931402906,-0.10075331023411499,0.18338260567736347,0.8962106199284112,1.1507752669011106,1.0310326125384726,1.0897514834929165,0.951466667130229,0.7139063478081691,0.5052145213799568,0.30540730196930244,0.5723611857136249,0.08660812703691168,0.0035641123410634634,-0.06821388882365609,-0.12389395060251462,-0.19214243496844874,-0.2410355309044288,-0.13719424013088605,0.20865857568195417,0.6428547511656746,0.847063878962254,0.8440167082336306,0.8304025156526604,0.805342496030947,0.6606575618242223,0.5416767398829347,0.44518706674153297,0.40000654863353624,0.2797205545349535,0.2255327825345439,0.1836860180096329,0.12678752176738706,0.12368467332620847,0.2915791965461397,0.6158345016045822,0.9456787370904286,1.0493877765205755,0.0,0.0,0.0,0.0,0.0
2025-06-01 17:56:59.203,0,0.0,0.0,0.0,0.0,0.0,0.0,0.8680538948190375,0.4578818511147027,0.00242357287240913,-0.4358197118070124,-0.5537550415045221,-0.5073726570380857,-0.2700237225305472,-0.13032984271734405,0.0518029292378136,0.18861543012771909,0.38663971157877136,0.5174030163594147,0.6155024460803229,0.6994195225527333,0.7993813769433455,0.8916682399374337,0.7462446756147747,0.2894075889113063,-0.24634096152266127,-0.4113938424448904,-0.36331406419521617,-0.22069452288222946,-0.023413105013337487,0.14257663404428844,0.311096914901549,0.4569130520826039,0.5465755150125154,0.6754482174960134,0.7466246682674833,0.8305630711338824,0.8886133472611062,1.0129489900574682,0.5916010864884653,0.0077188587201261205,-0.24736601722568902,-0.25176692716571814,-0.16804058589579274,0.028177032492611165,0.12451490502562401,0.22770217773631662,0.2667470374913046,0.43589285087529595,0.4342739785032883,0.4571095186690727,0.5769729693263054,0.5479621638052248,0.5608677331253846,0.5357847405210454,0.21992211073633117,0.18641361442465432,0.09643420819199233,0.076995067081703,0.09248813784153498,0.5249873586434302,0.3078918534646273,0.2430451651103837,0.36312959468037487,0.3881295844590491,0.5229418201362828,0.363155765688302,0.3841121487274782,0.5688968296191909,0.20174871176529055,0.7673233018225935,0.6712436914282656,0.2143903320968942,0.011790051579268046,-0.14820639831384352,-0.07176546014400254,-0.06061319422861966,0.012740440769542172,0.07917482478565496,0.14761943870280891,0.2726314321840462,0.3834459120316782,0.4754126719329581,0.5769141819339069,0.6785228833053147,0.7855969091013111,0.8675479112558785,0.8830114928194945,0.13163257054110794,-0.5162373336746646,-0.31090536296148463,-0.13368558531729535,0.02071391668846556,0.14570080119667073,0.24255927958622348,0.34179865603264314,0.3858112705385579,0.46236545872556317,0.4715958978618402,0.4894088376721467,0.49101497788108384,0.48622892440074306,0.45185602052157553,0.36161553305042504,0.356680970640539,0.3317223280838496,0.377161549711327,0.3683105342206543,0.30310736435092145,0.2686529192443434,0.241486483309151,0.21736242034544118,0.1784561145971617,0.14347777425220154,0.11448496499269778,0.07951412146225234,0.03460445729927408,-0.06268068567341378,-0.1679248020653447,-0.1404068487360248,0.4436710380190635,0.6985170712321296,0.6789264757221913,0.5940206944035804,0.2721022620340133,0.24172464903697038,0.41331895466262175,0.2606803586996812,0.0,0.0,0.0,0.0,0.3856735183551402,0.9698726002263662,0.39246188642839286,-0.08587355399594726,0.27813402255403735,0.6279950908816265,0.6098983891268996,0.5562368317926175,0.5141578378254303,0.585625115204685,0.6165015845369379,0.6280377161943091,0.6045437719911795,0.7014175308051263,0.6640422857812931,0.6411819104790049,0.639663409995441,0.6329668484101327,0.5585394099818757,0.32248103358923336,0.3497155646030783,0.5289855753439755,0.5522847444407535,0.6118929858298399,0.7898399816419783,0.9170630819765795,1.0442008270306546,1.0686139932803342,1.0368120564917185,0.1619963900579418,1.0529293387213654,1.023608540717813,0.9466345249530224,0.8447552372767076,0.7376370085336911,0.5024651443841209,0.4420350873873443,0.5278404167319126,0.6293583517423788,0.8361001203184586,0.9569521217047487,0.9893677119400863,1.0422059380933,0.9469215700831695,0.9054662979710528,0.8277080574994482,0.7507360603780309,0.6144173977208253,0.5241711400671824,0.42335946298046806,0.3359733947603185,0.25732239785046407,0.10541425914527328,0.2738204913481736,0.5815880445194986,0.6702281399592841,0.33450525776348383,0.28608108623437734,0.313817344112162,0.4690008691138009,0.1362702002106077,0.44703840856625654,0.5530064803913213,0.21049718323738426,0.39079086009444963,0.07738109450606873,0.26993103473529345,0.09009492744043074,0.22236582664188453,0.5299916780054311,1.1298028579341506,0.9913494130303813,0.8265028664271378,0.6535201521223775,0.47067982478870807,0.31447459527222055,0.11494929196654669,0.0325393874542792,-0.021386484709652986,-0.08948853257767975,-0.06870280737588974,-0.16732290117130355,-0.157235190787527,-0.06612125952544046,0.20562785899277786,0.8897833851769643,1.1208207526216991,0.9969837216606814,1.0371314009836436,0.8757223049971221,0.6329669075438327,0.42685674756926706,0.23499302270069133,0.46587561430926994,0.03723092112996662,-0.031539948453845,-0.1108228119629806,-0.15190046294687398,-0.2098237629582026,-0.23296025608034837,-0.09942560122963057,0.232521084747162,0.6432577128809729,0.8260184971550628,0.8289465392611756,0.7917166329472467,0.7356474904840655,0.5815826343839094,0.4870844935709453,0.3948380480038991,0.3388033410820803,0.22779014844002865,0.18830472513131635,0.16384697636398737,0.11317247561567179,0.13636097323813223,0.32906521659157467,0.6533583199021066,0.9395418187724601,1.0147855322051886,0.0,0.0,0.0,0.0,0.0
2025-06-01 17:56:59.206,0,0.0,0.0,0.0,0.0,0.0,0.0,0.7229150799389965,0.3368652280125938,-0.01653993057439007,-0.38238305117801924,-0.5092326533822678,-0.49077801451203984,-0.29854146596912745,-0.1631513322062076,-0.002531759194341676,0.13217884284349102,0.3140839059909491,0.43459262602893034,0.5326876176272004,0.6076547854254529,0.697006161059487,0.7866541675942501,0.6462714836390004,0.2360031002788906,-0.2442246227835012,-0.42658464664912177,-0.3892020765809614,-0.27279083079915434,-0.08285911380226163,0.06575640302398389,0.22646752672934145,0.3726202878056726,0.5973546897093392,0.5878780929970912,0.6692063446351235,0.7517726564004781,0.8080412190011674,0.9125535452397965,0.5483192718053516,0.03959002620973873,-0.2575677645479097,-0.2917935743785809,-0.19964522799288376,-0.013692429806613449,0.05934222252565213,0.18534518790058252,0.21195185862385402,0.37450722660177815,0.37758401123783747,0.4182417700609026,0.5196467132105473,0.50930399547533,0.5247020752687213,0.5236384102015503,0.2437754517311777,0.18634195119996266,0.08715198545472025,0.05082902869782657,0.03610169232335747,0.5534827604995887,0.2658974119201369,0.299151672671594,0.37568187976461687,0.3759874766338068,0.5709873778570744,0.3645291103321965,0.43158766313706415,0.5597271022208419,0.24689703677783134,0.7140531158016586,0.5556747696626716,0.1871143529756282,0.01775133413424046,-0.20362511800186445,-0.12169726159129546,-0.13704412831766088,-0.08447582147603727,-0.014457547434220785,0.045847112647800614,0.15719677002479804,0.2662974084401315,0.36066748927516135,0.45433285838941717,0.5628747336644528,0.6797593871020244,0.756547614434416,0.7655303210438554,0.1000909700334997,-0.5258009046893222,-0.34938550309561056,-0.22105602755966358,-0.08426946754200149,0.012026285088506006,0.11441551386999671,0.2065641898960342,0.25456965712431723,0.4849053146336841,0.3451520634187213,0.3687066325591256,0.38824820991819997,0.39715871077094134,0.37608718859260254,0.3198413118006902,0.38530415286970865,0.3067410235278475,0.275403591028879,0.245123185425695,0.18357848640297436,0.1376533909239177,0.10574581853284926,0.08184887515828532,0.05676221820022875,0.021844203262626483,0.0004455969060088716,-0.02149844381604704,-0.057248326087447454,-0.13214584790325268,-0.21714765390720553,-0.10906371105134882,0.4465449654538489,0.6709705200715346,0.6378985029810404,0.539173552658117,0.3659890001917924,0.24918099047149905,0.3986756534527511,0.29817673641272757,0.0,0.0,0.0,0.0,0.22923801667827914,0.6848515611741839,0.36486748266623226,-0.13818765750381368,0.25785882547229083,0.6026494196742409,0.5687126019200748,0.497392472966356,0.4275324043374049,0.46684201151988636,0.4757275278401427,0.4798918990542478,0.4456288331220444,0.543444276157822,0.5277074188732347,0.528041463414793,0.5429541799464102,0.5498308710744786,0.4821669402732414,0.2548469495688574,0.32715029975294907,0.48725924525826325,0.4815205395036404,0.5000871611426936,0.642691310071992,0.7406127984315116,0.8259244839275102,0.8453784707274135,0.8370370533282736,0.04211207298885,0.8798570200241733,0.865243597331292,0.8173971541271723,0.7500473435296123,0.6660952779404403,0.4505460367989866,0.3817651824187414,0.4493706231764969,0.5232556892014609,0.7032051261230656,0.7977052342200839,0.8158216969526191,0.8542289686082198,0.7677831421050285,0.7368785057981686,0.6660522789436492,0.6103155995523979,0.6227869109604757,0.5370005189408457,0.36106516921631177,0.28808061430969323,0.22494085276234083,0.0862763759473148,0.25826743773926275,0.532895630544167,0.5875418091309327,0.27409719812951727,0.12904905760008387,0.3295006234796638,0.5232089347787275,0.18218933111487395,0.4781415311930236,0.5444750791859023,0.15686678807611681,0.3304368384556686,0.13814321541774566,0.28881365646935475,0.05848854718935598,0.1985694003371823,0.5121084593499942,1.0560602203158023,0.8759050646512223,0.6626439539995445,0.4795565935520043,0.31130909850768185,0.1060002131163642,-0.07015931712682355,-0.1353753714721404,-0.14035318157268284,-0.214293760389339,-0.16627054868892321,-0.23279589278322732,-0.21226594623706274,-0.07063329043931887,0.2281070012752226,0.8638224925558482,1.0612271162961553,0.9199391016407799,0.8864242912353858,0.6848352533961537,0.43539829817728837,0.23193033943706198,0.04798848644281839,0.4011459934719871,-0.11923145402657753,-0.17192364230947588,-0.2382671602257297,-0.27738663299821087,-0.31410253286805645,-0.2972158129315298,-0.1358381647649432,0.22558620679025093,0.6232055792639744,0.7693252319147981,0.7442820049587527,0.6753457247744741,0.55243222339286,0.40155603012037644,0.3009150089544239,0.2116075645644271,0.15433329679007923,0.07386072575084923,0.04269400574133497,0.032445990257199075,-0.002458842229270508,0.06600201882264234,0.27488071268150066,0.6029383856337953,0.8368648347450934,0.9189183656997271,0.0,0.0,0.0,0.0,0.0
2025-06-01 17:56:59.209,0,0.0,0.0,0.0,0.0,0.0,0.0,0.698567544392038,0.29681175145721017,-0.09659030421124892,-0.41129842049389687,-0.44823253999462154,-0.3961391089888654,-0.2225200954436617,-0.08727562542395573,0.06393346269511158,0.2012967496113025,0.37380572611162394,0.4829784488552704,0.5848141246294574,0.6362085133334522,0.7212349795545098,0.8088194191432365,0.6384641635344599,0.21159812455170668,-0.25521194909972295,-0.3723775297584586,-0.2985379514531409,-0.18098120600871304,0.020416489034160934,0.17663838492226125,0.3457513622222055,0.48624351327476445,0.488988633662663,0.6915062771918942,0.762330465404941,0.8128162720974811,0.8460868014369263,0.9583974947151906,0.5434941163748033,0.014884263257388453,-0.23780617509985652,-0.21360069418154104,-0.09392079953707211,0.07906368007277353,0.19149819879643815,0.26536873189566834,0.32948445639870916,0.5131089821449424,0.46084812485037263,0.5075730929038099,0.580740057744416,0.5559386305992999,0.5794586485036834,0.5894115856657651,0.2481943615554525,0.19370995010392472,0.14854041690307196,0.12715198858755428,0.17125913291678185,0.7304132141216806,0.41437495030366056,0.50584462839132,0.3863940545289891,0.49001049977155486,0.6465228113779603,0.35674005223783123,0.5292721692262852,0.5764834002425728,0.2635692150783546,0.5604562903918263,0.6509626237418971,0.2130276687284168,0.06734164120805308,-0.11088927358422884,-0.02998710336577659,-0.03444949581596091,0.03545748277397065,0.12000500475877396,0.17845649739172997,0.2841360622568383,0.3892615770745598,0.48537039770059764,0.5809117057113765,0.6762922692056552,0.7895075029204044,0.864640097017571,0.8766321201592484,0.1478228395282728,-0.498100906085362,-0.26858194705549576,-0.10885628062825115,0.04443253530545199,0.15515043180729138,0.2558228139559702,0.34272950018046267,0.3950813972628211,0.45974171370818134,0.46604459674237875,0.4768930194507023,0.48073508935888676,0.4816907631003481,0.4438844200181265,0.36431180001884966,0.45718780628321753,0.4158721566067992,0.4414155154246533,0.4194524729129887,0.35908639768113626,0.31009184842108106,0.26875822310152486,0.24052720761286928,0.20664565438256877,0.15788528755292308,0.1197346755204336,0.0937638156167937,0.03967359925595737,-0.06077847587641416,-0.18949803862882353,-0.0858105939672558,0.5183771537705737,0.7522014900947926,0.7433778914660729,0.6574871710441446,0.5559251343800677,0.5367365464549723,0.37726396567961,0.4432727480187175,0.0,0.0,0.0,0.0,0.28562777296836983,0.6616277946834221,0.384520656746975,-0.11143824148440418,0.3216564777161853,0.662779978094295,0.6526826191409925,0.6150936540243178,0.570451944644313,0.6389897468399346,0.6662101285077058,0.6818465034785377,0.6302067438737016,0.7228220965738643,0.6796588454657704,0.6486912767014863,0.6409956554145431,0.627006019708374,0.5597713230185652,0.34020281765544197,0.36472029464582495,0.5363091552059357,0.5495776301692072,0.6101196440678696,0.8004560891549903,0.9158654154137138,1.03116975535977,1.0574427974103717,1.0431665242654102,0.08450228864627274,1.067412099646475,1.0223511241195422,0.9423566487263555,0.857892233426348,0.7515954997642181,0.5125428490450537,0.4023785310374773,0.49094041106445385,0.5992290426995556,0.810190144925848,0.9526449037407572,0.9828114423693319,1.0437544376172365,0.9483602443407226,0.9160065850212016,0.821633608694261,0.7648470556843385,0.6311564242001256,0.5498298978145092,0.4454446172862842,0.3485884000037853,0.2702682286062619,0.12119047067420496,0.25457096934791074,0.5626363642921389,0.635617128908407,0.37178352290507133,0.2608145353371947,0.32920793581955754,0.6219063073261311,0.41059125981553074,0.7592091299428354,0.5182630068218586,0.10323639291484932,0.3051553186650626,0.25845000245059024,0.2927682710944206,0.14084647116355692,0.24205466086632227,0.5378961480131408,1.0620305333874849,0.8818209015873177,0.7013442796430317,0.5284495306445274,0.3821895848269925,0.16710681728826016,0.004520126946802261,-0.047715891633747454,-0.05427773390458501,-0.13342714477228634,-0.09064521154888439,-0.13780266688967358,-0.13305313966505583,0.02356439754218942,0.313948654479313,0.942567815577553,1.111975173712645,0.9799383540343365,0.9851483051238933,0.7973941414930177,0.5521685915916472,0.3511635011953549,0.1396252743057902,0.6181657159036023,-0.038064733160190434,-0.11080720997656579,-0.17270973049664762,-0.2258821282493353,-0.26188693912634997,-0.2503838570450928,-0.07333676527032096,0.30094818600522927,0.7256198469993187,0.8328908664340844,0.8083522768756385,0.7551061244593626,0.6592213334921282,0.49415883106101655,0.39054802268165356,0.27989683292155143,0.2390793267327458,0.13117804301951197,0.09418785230635218,0.08735034428146982,0.06096224236024028,0.12881463776641477,0.34556165967930613,0.6919838155441821,0.9553254390885223,1.0259552663862217,0.0,0.0,0.0,0.0,0.0
2025-06-01 17:56:59.213,0,0.0,0.0,0.0,0.0,0.0,0.0,0.6596609888971557,0.23931457567756872,-0.1579399445041263,-0.38135992484657244,-0.3793874990187027,-0.3313478496625959,-0.17012213610568927,-0.045513622374899976,0.10917150295816813,0.2319850958870191,0.3910104653960395,0.4934368042778098,0.5939217316348033,0.6354001784622263,0.7162807814424916,0.759408485917029,0.5840252110971693,0.16850671148281715,-0.24239480053215323,-0.3241958713932118,-0.24832263814707856,-0.12349183630776905,0.05491889687096263,0.2122126866548384,0.3736177711624453,0.5068656000924048,0.4475496034934593,0.700520323145173,0.7626836463111475,0.8052498631737856,0.8249970355011758,0.9420669727768186,0.4939739046947746,-0.01359450622774211,-0.19785543784433202,-0.15806232292774192,-0.03558776956421017,0.1292379871035867,0.23091922229944006,0.2854137814299298,0.354270054932325,0.5092117324563901,0.4585774483226672,0.5154181324706933,0.5930684093179871,0.565034143748059,0.5858709015652114,0.5973060690169094,0.22956453291775542,0.20082294260253325,0.16890342632611255,0.1574592944145632,0.20001149469562884,0.7506000504146799,0.40463211978922553,0.5786730617649198,0.37458644937554486,0.4315684207270758,0.40393990344491715,0.3221680937263809,0.5153440332193089,0.5973287221393891,0.2708653088565859,0.4086868453562209,0.619383199810807,0.194676287340783,0.062231919888920184,-0.08941075191142334,-0.007328717941632812,-0.004080530670264926,0.06089304707149168,0.14962827861871109,0.20833687985231708,0.29575751826811514,0.40967048652755333,0.5044650827364967,0.599371544587154,0.6919945025813785,0.7987037602432996,0.8694893551398676,0.8879229903318293,0.1349595640333876,-0.46443881155349254,-0.24465520296814458,-0.07518250154796347,0.0697651872791698,0.18475719307593375,0.27669766234785476,0.3584361242319749,0.41701640076239355,0.46799121097833746,0.48175322588009695,0.4844752387657366,0.486661471267991,0.48778829080066355,0.4456849602971215,0.37886828526981065,0.5044989912936019,0.45102453999841796,0.4749114226646114,0.4387338196168853,0.37984452547838,0.32818012509314065,0.28885820370607407,0.2603878789589298,0.2217114570337999,0.16599576689494144,0.12251625518766196,0.10472356001503513,0.045766020804581586,-0.05162872474207447,-0.18560793860677638,-0.059825100694460315,0.5448754180272847,0.7664871643858282,0.7595157141847912,0.6759267328166874,0.6017355661898747,0.3694010466416527,0.4608847204975621,0.4076856653152616,0.0,0.0,0.0,0.0,0.39686489466793096,0.7326435251872547,0.5367758290211966,-0.11895365744023273,0.3233389049031317,0.6648650074801741,0.6611667682942519,0.621294087630427,0.5829287068384457,0.651453422501642,0.6887010038346149,0.704859738568123,0.6374111582042747,0.7395533315739193,0.7042297958202162,0.6681940381887921,0.661057608692956,0.6434747812522861,0.5845906833880306,0.37892886874686654,0.34518412897528555,0.5228720361683226,0.5308048763172288,0.5953261147993207,0.7903251117422767,0.9154011988997013,1.0352802157514778,1.0634865425318083,1.06454487602998,0.2198766322914778,1.106683035029854,1.0490033453195458,0.9766169108661302,0.8972871136967987,0.7933764000831687,0.547983280601208,0.38379523936290433,0.42891292163431893,0.5602616661491816,0.7706118218575557,0.923228113213872,0.9621708646323872,1.0415496873435783,0.952489510351761,0.9322587103458657,0.8468708881913676,0.7842173952789653,0.6604622251091415,0.5818041882680777,0.47671938624248505,0.38082093027903163,0.2997841677718814,0.14412874633011133,0.21656150980671865,0.5037043947897202,0.587638171077243,0.27024038208256396,0.23858645360099792,0.30427035240049727,0.6155087690949529,0.5292639127163827,0.7317638211101694,0.5265022488214077,0.12112297938466021,0.28412820670355793,0.3655535678258566,0.34069653492126983,0.17222041222692447,0.2707631678055182,0.5221614912492331,0.9448675416444596,0.7801683127094199,0.6082674621726677,0.4474303675756679,0.32629624281717073,0.14638762517807802,-0.01222117643561571,-0.05518780505070242,-0.061903232007417985,-0.11430033617139679,-0.057442519462277075,-0.09654040391917418,-0.08599061037463651,0.043926722650693195,0.31668360256165057,0.8790910874476163,1.0458357416952848,0.9300521648051354,0.913895810474571,0.72514481909482,0.48829171200531674,0.32328321690543915,0.11424240157990861,0.6071785920371492,-0.045927631884902675,-0.10496169455355098,-0.15889640029263297,-0.21023516614466276,-0.22282022554306213,-0.20632665323756622,-0.04108092027850019,0.2775162791583859,0.6546414550269328,0.7759340177409644,0.7430110827014887,0.6901943329189708,0.5800048865460745,0.44749684116806,0.3458966331589357,0.25244156286537045,0.22291174618062626,0.129422649370031,0.09567019235130725,0.09970279461876341,0.08777668950759954,0.1594005294439993,0.36306820419036373,0.6707253235452603,0.881989452023792,0.9295536852836384,0.0,0.0,0.0,0.0,0.0
2025-06-01 17:56:59.216,0,0.0,0.0,0.0,0.0,0.0,0.0,0.5115157477169759,0.13236741688645629,-0.19499581469265093,-0.2947165528091153,-0.2998851498533065,-0.28226101547417415,-0.1480656458742321,-0.049948211421979694,0.06506279497662848,0.18999228784587008,0.31929384308885783,0.4198495101949974,0.5032387697280196,0.5279355089483875,0.600054024561467,0.6064157313122296,0.44536028279415246,0.09867440987253812,-0.1872436630884427,-0.26760525792795875,-0.22140853785134085,-0.14018050781664004,0.013627263803535294,0.1343158752587572,0.27251879340291985,0.4012349166905973,0.41173500166243737,0.5759686029159511,0.6355676733863109,0.6735975166318026,0.7002254727816868,0.7508335594310261,0.3573780564965778,0.0017722489229115568,-0.142674594013094,-0.14908314103746267,-0.036107615875474286,0.08795477958192266,0.18158595322696502,0.1922373682663301,0.2813218656893266,0.3786014253713137,0.3676331035671938,0.4203723233194848,0.5221286663807783,0.4737416828414526,0.48768259970454086,0.48408810709452715,0.18967379019924951,0.22709904533906444,0.16001531649294087,0.12767722219875943,0.1487516139147913,0.5369212547567219,0.2252224947473893,0.6662026381881021,0.40959059232751804,0.39302822872698107,0.3103638088990619,0.2919171207076486,0.4192982625374881,0.35049144835895996,0.2710493038466635,0.3340838660432508,0.5119923322949425,0.18557784766938654,0.04169917180940175,-0.12091799296373429,-0.06851684416098047,-0.07603224742867165,-0.014507132890097196,0.06219881907991254,0.10943968690266392,0.20297428456118816,0.308681634800988,0.40092915127072826,0.5054145490351013,0.6011515387008142,0.7052871748660507,0.7856711950716305,0.7894490335630995,0.08941152872573066,-0.46251915234330576,-0.3005536862439375,-0.15558517739269173,-0.02983743251368165,0.06339282760098186,0.15338422427419918,0.24278014368130663,0.2939847330459817,0.38168440230823103,0.3718010726822598,0.3856652906682946,0.4028867890970288,0.4137460343145939,0.4000937171418459,0.35180577239486954,0.457542701736959,0.3535435925014977,0.30477338097132756,0.25818306508626976,0.19663742205148016,0.15531176938931224,0.12859730598143249,0.11292045414900564,0.08203220730614169,0.042484465826759354,0.014831012869350069,0.00935844709741529,-0.03586365880669118,-0.09307696526047027,-0.1928208296492423,-0.0828669793133161,0.4493652461433085,0.6706131110826363,0.6377010531468408,0.5544015819365498,0.6072371669935763,0.4611449328082113,0.3942149018794919,0.3324216816350508,0.0,0.0,0.0,0.0,0.45099024883421446,0.6421525254073408,0.5665051659266985,-0.18861928294949837,0.22066922903920388,0.5734435791954643,0.5545603871742282,0.48806030012138246,0.40963467977192836,0.45209475640056573,0.48044370275359594,0.499410981606625,0.44946623054050416,0.5560839799780881,0.5713247618197581,0.5707868580760733,0.5908879516532644,0.5960935156895426,0.5524740170732796,0.32682321978120393,0.2540602812649032,0.4142566604723119,0.3725651727357473,0.4207359258998917,0.5733296100723282,0.6828375154713244,0.7953813766347713,0.8314915526319366,0.8463967129264789,0.3286068276986041,0.9445325822193418,0.9218687095927951,0.8869152201306678,0.8250710511627152,0.769948258304449,0.5277525755795635,0.30789960850591686,0.2838156374614136,0.38518185145750816,0.5478636715813463,0.6791076336910034,0.72368566168834,0.7864950565276176,0.7345965064303195,0.7282616768977901,0.6774652785950535,0.6455241170094261,0.5506835997900553,0.4973496207522409,0.42445478703378564,0.3543715626753685,0.2959217193196885,0.16118134957394442,0.1553873613246282,0.3823932552899356,0.4342808529236807,0.2572183597831149,0.28154971479938995,0.26329481854226555,0.49202925689148347,0.5165594894699017,0.6034895689323047,0.42861068397396557,0.2316535343709082,0.19600772423297091,0.362038596821318,0.3665647067919844,0.1532695505826434,0.2488574150136147,0.46128648866048266,0.7461315485475624,0.5934296919814805,0.4147283973432968,0.2504640858695346,0.15149108710878134,-0.017138902841671078,-0.14294687264721628,-0.14970948791178884,-0.12391817790970183,-0.16440595758734955,-0.0995727358041194,-0.11537128211855374,-0.09914314419259751,0.0008621532521668751,0.22010526243346856,0.7009159942637271,0.868490799126107,0.7833936667001731,0.7157897013321782,0.4969046641036665,0.26899375884861554,0.14369416261535495,-0.019958899139774555,0.4185473134589761,-0.12352699723932781,-0.15897157772984172,-0.19162244277385376,-0.22035223977171103,-0.2121871993794603,-0.1726083501754912,-0.04261509402354352,0.19952750104183353,0.48498479147285867,0.6321020635521091,0.6004235352037915,0.5231787439568136,0.3662854515835572,0.2646085173437627,0.19689584275889827,0.13827991071143853,0.11582195963191677,0.05768116785864974,0.03305434573340582,0.0530000386913102,0.059100297687920356,0.14919980949542155,0.33569533012451774,0.576014084472615,0.7260957810720635,0.7390394727011016,0.0,0.0,0.0,0.0,0.0
2025-06-01 17:56:59.220,0,0.0,0.0,0.0,0.0,0.0,0.0,0.47421970676682357,0.09273924727433328,-0.22842523907668114,-0.2453507842373554,-0.2462719211392117,-0.21471673518068934,-0.09641898256626069,-0.00825027608977591,0.09771610342814885,0.2122184650262493,0.33511571149916136,0.4339361050243853,0.5093920986159748,0.5185052721689235,0.5837550942127819,0.5767563778999892,0.4009939223449232,0.08848792811033718,-0.15079491123992322,-0.21585207172950283,-0.17652507018301322,-0.0995269902541076,0.04197867044629655,0.15924558952456414,0.28749313335862836,0.4076442173349173,0.3383379090077461,0.5695633411897286,0.6233033979407623,0.6578326855382124,0.6749736041006846,0.7124657906253993,0.32533510232557467,0.0242206927306301,-0.08814934599848923,-0.1227495435278807,0.025625829776922737,0.10660800994014719,0.18197731711573084,0.197792193846422,0.30516797426443265,0.3765169773107824,0.36805219364033825,0.4059173199364101,0.5200766649203636,0.4438940363658023,0.4729533278939366,0.460676619584889,0.17830182053393362,0.25529248164898866,0.20221487861411414,0.17389089096440435,0.19037474222503037,0.5746903930010849,0.1975605282814375,0.5790796647844201,0.3980967961997356,0.4620422202357737,0.20017890108750758,0.40618880877823327,0.45684468317223187,0.3537031497947495,0.21572550970902468,0.26235967601286936,0.49439230981031207,0.20951623141428619,0.04853058959077439,-0.09733832847280088,-0.054159836840890874,-0.050537582636175804,0.004926593081229003,0.07737966912587768,0.1250631552172099,0.2114007764649899,0.3099783630085049,0.4048742231341125,0.5096444438118125,0.6010510173731458,0.7012956967118977,0.7788929519596873,0.7878731361833037,0.07620296057656148,-0.44015570833581785,-0.28772904770375063,-0.14675709067116838,-0.020661889711407477,0.06883376701295219,0.1505162512585001,0.24080910902484054,0.29461609555300994,0.3883664867038587,0.37548682579436243,0.3841800212655414,0.4074720956251151,0.4130036387572854,0.4026878878655838,0.363742456732854,0.45172696766305653,0.3289035791854721,0.2876089128888102,0.2270410242840415,0.18140125269584728,0.13657727227935212,0.12139911565696337,0.1100244538834998,0.07638776305352746,0.03978642632088558,0.012805770992161403,0.011269128134144157,-0.039898792366721114,-0.08675518057160037,-0.18048515071859883,-0.07517852007815876,0.4322279931694708,0.6537320493408132,0.621497950725648,0.5419131674626845,0.6835918594936319,0.5532655589207431,0.3465108647643323,0.3903198291150073,0.0,0.0,0.0,0.0,0.4543911980672841,0.49508048612848027,0.5110605533423634,-0.18925677954692138,0.19647642373082502,0.54891444124136,0.5271589210656895,0.4567836336989456,0.37934297287466356,0.41825037769335505,0.44520446602419517,0.474615585023741,0.4337924210085311,0.5564049872926224,0.5824702846664296,0.5860865678728022,0.6176750434654863,0.6278445365518588,0.5906816199333973,0.37816160021072537,0.21185168181607478,0.37736055239992516,0.3376460541818447,0.3839992764157798,0.5485799160586962,0.6531200567373348,0.7762384054425286,0.8226248694973715,0.8505336614586458,0.40055119443303894,0.9692226371515562,0.948135876422346,0.9220449714467065,0.8551133624129349,0.8001078945047675,0.5635351093432228,0.2852333132720882,0.23524913964325977,0.3383880096790407,0.4989628501479828,0.6416417665616025,0.7056295599105364,0.7717082367130232,0.7363575457998566,0.7248057141549613,0.68056172477048,0.6476867769187471,0.5609554243751863,0.5048038927597768,0.4392714250921956,0.36663092201541525,0.3129782348605533,0.17861572067937725,0.13507580503483674,0.35127731869108314,0.40977546706090706,0.3272007912683821,0.3198929217248073,0.3298861195944318,0.5691909419595389,0.48228135671231037,0.6073546062578364,0.33887358386023164,0.3184856560050143,0.2585888700324846,0.3450170291277095,0.4505877071366442,0.16050651816220268,0.23752446096457552,0.4167759732498878,0.6744934180225788,0.5382891267303189,0.35343247513478937,0.22176483524193857,0.14327307962265912,-0.0296497987794615,-0.14292356320043886,-0.1530831109270936,-0.09659367310584632,-0.13387619727602718,-0.08569654755089284,-0.08245939156987236,-0.08520414344963134,-0.009213602329031123,0.16248782340353213,0.5988101574482154,0.8120754650881671,0.7306579092905552,0.6675933692407868,0.46010938468857665,0.2584728594093968,0.14668165611625983,0.003690658643578537,0.3755493140694308,-0.08931477775300056,-0.12047421258941138,-0.14353077803934688,-0.16878639290093655,-0.16000519457918372,-0.13861571986934362,-0.049701671063135666,0.14758166358937513,0.4222020591167398,0.5836411226163212,0.5518323749350621,0.49418911515347097,0.34140597697579245,0.2641416666116445,0.20557213815442088,0.15386570700289282,0.14831694692790265,0.09767659106744953,0.07222863886365016,0.08732091264011532,0.10742754572156299,0.17361529215782567,0.33994236556533625,0.5418421338460733,0.6724533066301003,0.6782017108493226,0.0,0.0,0.0,0.0,0.0
2025-06-01 17:56:59.221,0,0.0,0.0,0.0,0.0,0.0,0.0,0.5088222489981854,0.1282614172649548,-0.21327601228705306,-0.24412321986956875,-0.25058303610618016,-0.1987233758872614,-0.07467110617201167,0.010932588322303705,0.11784578227292086,0.23090683847203708,0.36322387299459563,0.4538327814051062,0.5362811634834899,0.5411650942438349,0.6182695776827736,0.6136511087866672,0.42799031522418085,0.0938412615270045,-0.14919524152459024,-0.21520559086453117,-0.18211402069470617,-0.08882552742216165,0.05134234514021618,0.17936122599053772,0.3134681770668821,0.4276437048895514,0.26748861095859444,0.5981419588943963,0.6530550217164883,0.6940535750604494,0.7132313677779154,0.7618831850976927,0.3666340359130921,-0.0006208088369726306,-0.11449554916578752,-0.12909303903363445,-0.012632115307109615,0.1097081445037118,0.20198430874296602,0.22192808283463927,0.3400959177879064,0.395741486566608,0.38972702146166194,0.4340452682957133,0.5408346837299137,0.4865213977576766,0.5274953853668674,0.48701726696743225,0.16818476870117638,0.21997014193419367,0.17997889614343332,0.15498362027818824,0.18234220714286886,0.468695820354944,0.29014189630567483,0.5785254947063596,0.3584508388354388,0.3930616776429615,0.3024017630483111,0.45365126837001224,0.4356668718344357,0.30319563470953237,0.15383185286100517,0.271671474542018,0.4880365176457672,0.17820109762452782,0.021351228250563126,-0.13053624523493723,-0.07628348656148343,-0.04774897373931153,0.010969828616890887,0.07828974772527864,0.13258176806486244,0.22223791923257719,0.32194757524502493,0.41588533368539427,0.5288332565990673,0.618660517813242,0.7189994589081579,0.8098394991654373,0.8180166697586267,0.07446688078781272,-0.47113579398192695,-0.31019650498452767,-0.16429442590305077,-0.03409261857195456,0.0706816627158251,0.14918825329404273,0.24363914865248493,0.29740128092419416,0.29658518919641824,0.3845979359472953,0.4000627607002484,0.41914124517567675,0.4351697349117115,0.41908878291979285,0.3714932950088661,0.3999642626882933,0.27949576695814315,0.24201214597677922,0.18757582158726782,0.14978193232475667,0.1156157796159405,0.10934878025498573,0.10891702588505914,0.07123581709155435,0.04125833450490912,0.021138136489836867,0.01904575215859161,-0.01924154717739812,-0.06614571909171263,-0.15098342285767508,-0.08525412181932554,0.3920872630205555,0.621155972082453,0.5838566106834044,0.5114803352171797,0.649360335139362,0.5185389370026707,0.38892173544940306,0.3603906739778977,0.0,0.0,0.0,0.0,0.5411312445939442,0.4116807196079481,0.5323086279318846,-0.19376055399697178,0.16064263410631258,0.5275586114885877,0.4950236806927694,0.4191526890408027,0.34188438934190946,0.3749088121744133,0.40078173461117883,0.43741329871142653,0.4004649769644195,0.5265004024742646,0.5600028164684381,0.5731081374002716,0.6093885017768839,0.6257227581802154,0.5815476098229935,0.36743564866412187,0.1832697391491212,0.35465708664723916,0.31573752807915767,0.3633438309477859,0.5262636122187077,0.62913994101782,0.7570026794715465,0.8045561348750858,0.836520866614394,0.5125539136055384,0.9562972173595097,0.9354898240578338,0.9083689321292023,0.8439286212121705,0.7865230925421753,0.5411959912272166,0.256207783886966,0.23003506797247908,0.3445412810780709,0.5027370991029152,0.6416065553548425,0.7081480681980474,0.7667840589343298,0.7263555538997026,0.7121455938418837,0.663724351171251,0.6287362693941008,0.5401294834698257,0.48814244336525137,0.413482594374126,0.3442004389299248,0.29446305120426985,0.1533065735336067,0.1328269528806582,0.39147077980764344,0.44038870413310527,0.5321794057601885,0.3820138011176245,0.3156257386913237,0.5651885543600255,0.43707941453927085,0.6482745725219472,0.33951746296316804,0.4158995381563611,0.3844632144992689,0.2851979812173966,0.4871318281516296,0.12597197414014877,0.21482193610061973,0.38488767190565826,0.648775806752441,0.550634408864987,0.36809175100616864,0.22728967310115933,0.14509436143188603,-0.03049323209222421,-0.13937305705692982,-0.14734375852966464,-0.10627778194278514,-0.1415782483685013,-0.09684457996565943,-0.09376980924825795,-0.09848088338272143,-0.035280748219856495,0.1502262422480039,0.6012170037527436,0.8192341857941986,0.7319833042231556,0.6765676383966462,0.45181251981947224,0.24394061541392897,0.12649557969779957,-0.0032497477250768014,0.2694754819486078,-0.10814402438946602,-0.13969583430730093,-0.1712052680631173,-0.18972360114929954,-0.18399702732235335,-0.16138601022282517,-0.06974896345648074,0.14890010228073042,0.4404694391763403,0.605041064356308,0.5673477659102496,0.49754512279195384,0.3472297706024039,0.254598463280697,0.20290765584962545,0.14740434949020176,0.13661627244548424,0.08282259910319589,0.05265378534931653,0.06845846936265276,0.08771840969466438,0.15272216478680134,0.3321190638959886,0.5429981698056451,0.7068524343913712,0.6761660745402898,0.0,0.0,0.0,0.0,0.0
2025-06-01 17:56:59.225,0,0.0,0.0,0.0,0.0,0.0,0.0,0.5407665541076819,0.16084622002700596,-0.13979223407740432,-0.18089962177792263,-0.20698113454285305,-0.15284666786302648,-0.018077193820172255,0.05811910455776392,0.15683222031376443,0.2588423155158127,0.3883469457434701,0.48686532856055453,0.5487424294252827,0.5672828902976089,0.6363727243424319,0.6358148748587756,0.4480860123185741,0.13787600927332844,-0.08126034820375694,-0.15527829492884837,-0.13054542481680653,-0.04287499517681681,0.09051569687932193,0.21034028655528147,0.3303073226426425,0.44287599254818266,0.2908194404413489,0.594147827558862,0.6484791569291024,0.7023844142336017,0.7282606703640297,0.7640171487887983,0.38396253435068556,0.0458844397192929,-0.0829875012256982,-0.10138484989264884,0.031207524501911665,0.13512496668851992,0.19196154713173952,0.26673141496298003,0.34308114239452525,0.3914420331383015,0.40224234502310163,0.4431156684836878,0.5656799684539836,0.5097496479457064,0.5257138345139337,0.49051271341887875,0.15216092554199007,0.26137998787861627,0.20557757196281523,0.18914654760777405,0.213554229863109,0.21452025295247207,0.2967653699744701,0.5229505411743114,0.32277687241722186,0.37778309641934027,0.4381561069749451,0.5957221934667662,0.2816612932597387,0.2646729637143127,0.15288562593926305,0.5100726700646505,0.45869564950921543,0.17695568024319977,0.0321111640203664,-0.11590102826206072,-0.06263719029315196,-0.0297740383092866,0.028921302054283116,0.08111830141350107,0.14826107765195795,0.24812323736636266,0.3360138986746575,0.4225739930656749,0.5218856844442176,0.6155672207592091,0.7158569505208685,0.7955312846461587,0.7984313793598412,0.06234184363876735,-0.47735651867415274,-0.3026779459176103,-0.16084962439154538,-0.025966230845392735,0.07708658665510804,0.15938354299706226,0.25377712661667085,0.29893352965643816,0.42944272981851966,0.39316060639549044,0.4130490645143686,0.43366976367134347,0.4468272782443604,0.4318581841464239,0.38790439195347204,0.3501325662226089,0.21973178360111378,0.18047016789550696,0.15413064084272543,0.11913448722482856,0.09499923672971655,0.09595145472758726,0.09253562043205932,0.06499385995990292,0.03884279879923924,0.04019767583215961,0.0239636424952967,0.00032096580616913784,-0.0410665151458921,-0.11156622714681486,-0.07563843000511708,0.33373265171844224,0.5718421549994502,0.5364443508598042,0.4730897362191919,0.3873003937211678,0.33440039989400966,0.2931563139303615,0.2083360909340498,0.0,0.0,0.0,0.0,0.5099927276974565,0.2520610087515931,0.476155357537588,-0.1791468792969958,0.11573074165827568,0.48680038676075593,0.4451920062936348,0.36046152528036945,0.28128326662817793,0.3062239969695415,0.34653103413049324,0.3835467206931007,0.37512085522824457,0.5124713591832752,0.5465201470297838,0.5797635564161974,0.6262037456861678,0.6505073761330653,0.6097373933853496,0.3952298772071297,0.14218883802159932,0.30319567365191735,0.2784439104314581,0.3267374189177934,0.4844364227293587,0.6016056280004047,0.737980047422143,0.7930695473293985,0.8246316468788544,0.4492284758524178,0.9545249727449687,0.95596314982504,0.9371108141639932,0.8601851825203225,0.8046100197661153,0.5570425954634044,0.22068248042278932,0.17525934829235978,0.2990343103230958,0.4793047378030886,0.619865634501612,0.6796467291876345,0.7436977424856366,0.7137157610177949,0.7084279626149077,0.6568181189146531,0.6348503747122725,0.5457892695532051,0.4843557600200269,0.41686135874435865,0.34953247509316065,0.2990354772530386,0.1451933628631308,0.11538708286772459,0.3871806738938689,0.44544959399321604,0.4391560926116471,0.3840555794968551,0.2187350037285949,0.34628796492075675,0.25360941299960243,0.37571973666678915,0.6474763180828562,0.2927647517565677,0.49123974630516387,0.245223593749046,0.4670937804168993,0.1059722986802551,0.20123924030199697,0.3621145962072523,0.6571296834694933,0.5742749200417234,0.38984340126668837,0.2648425820482496,0.16845158717371356,0.008524965584263189,-0.135822550913421,-0.12777480858176893,-0.0858105984889761,-0.12464657818188396,-0.09761152320902244,-0.10431937123542845,-0.09942171239885456,-0.05744719297379208,0.079880641342926,0.555505441309734,0.8004565549581987,0.7245194836951123,0.657152862960941,0.44961235527492427,0.2638510842426285,0.119560124790417,0.0102119781657386,0.3439612431470187,-0.08642542490318017,-0.11552482779523388,-0.1547236597867544,-0.15332288849032816,-0.16446460867056356,-0.15792833609570434,-0.08303932834282318,0.10906868577154066,0.3863814909096651,0.5917807839023845,0.5652219238387338,0.4976841353241652,0.3371951885447777,0.2478941968242756,0.2274796973176345,0.1762992325531605,0.14710626883909161,0.1122462320827391,0.09223831390570059,0.0956325312327736,0.10445377743700379,0.164771642076873,0.31718328526434564,0.5112619511559147,0.6568005859722287,0.6358128491658248,0.0,0.0,0.0,0.0,0.0
2025-06-01 17:56:59.231,0,0.0,0.0,0.0,0.0,0.0,0.0,0.6420483750835027,0.2451417517407373,-0.05677193147863624,-0.17024069945730985,-0.2076389947092725,-0.12413768080546062,0.018301651371859795,0.09836548042424731,0.20484045211517998,0.3192452423495271,0.4482715778560605,0.5590395374842518,0.6197983421832156,0.6370440286543417,0.7056718105688157,0.751483012059642,0.5588523614082053,0.2180703054121959,-0.022987868677485812,-0.1103916502214729,-0.07338627543437459,0.01621773197647025,0.16807910393891068,0.30381098257720685,0.41488869627826785,0.5354156203313385,0.5294005661268486,0.6801322543826288,0.7367073860495503,0.7872693488108743,0.8155775394780971,0.8566281166110183,0.4653532374913533,0.09703656212100015,-0.0699203100311988,-0.052104356219651926,0.08926206648091295,0.1920995563947363,0.25254147966411367,0.359142191015269,0.4039300395751484,0.5065099366245556,0.5085921451501743,0.5100931780910513,0.6223448339279506,0.5757708367613019,0.581876321461879,0.5744359837625019,0.23517706706253616,0.2755679642577604,0.2379536515598064,0.26076612713054304,0.30481733498197516,0.3413943911034614,0.410458771295218,0.6059798511700074,0.38125871717923243,0.40938137120209395,0.5639985760606742,0.539579891085124,0.32699423534184685,0.28287793642824965,0.17603816074226283,0.6509451319626736,0.5804623165894083,0.2339654640060491,0.05807459799294434,-0.0817711558945744,-0.014993741431483576,0.045441733109003346,0.1327488683024205,0.18871383559604227,0.26379440285629796,0.3850301738327897,0.4652607506845938,0.5480977616550775,0.6530708249203664,0.7436517730366556,0.8385651884468848,0.9206406710072584,0.9324687473237732,0.14085323920094484,-0.5182130547379011,-0.28162281752069984,-0.09193439443346074,0.07281299686980192,0.1862503138970797,0.2857532781914143,0.3811994038707718,0.4265214277846179,0.5356770855377837,0.5129687772635227,0.5312062447752316,0.5450027805407228,0.54473434253017,0.5249368628906601,0.44622011519791593,0.3179716236711442,0.22034655056099417,0.22790682601318002,0.24912393403025246,0.2275961847962631,0.21870309757072026,0.21333400882952747,0.20676651398557833,0.18143077625873993,0.15379391823537136,0.16809289580928133,0.12794509839350976,0.10136555787403556,0.041330688714945274,-0.05068236999976583,-0.0760664256904468,0.31504566585164917,0.5796121786554699,0.5751276268150467,0.5177090378936977,0.2976179986925325,0.5739632429648398,0.14492592889520012,0.2014841895258742,0.0,0.0,0.0,0.0,0.3708514598790943,0.1879510257703939,0.4801264076224253,-0.10306543325715833,0.1337526201743196,0.4998689058689589,0.4662792487605099,0.3957576354210145,0.34025001886305994,0.3841889780155634,0.440279224996607,0.4823092495254224,0.4986626078629288,0.6495148358419631,0.6494674599559906,0.6838900870315594,0.7209853103733737,0.7313905895208559,0.6879250583769261,0.4999916896967394,0.16908241298449017,0.3143757390289659,0.3213396080283326,0.4024328175887466,0.5906485866467284,0.7277590071212123,0.90319795504417,0.9764255051556063,0.9786327265520549,0.43402966856428676,1.0990747904668323,1.0955806517574094,1.047541077801172,0.9373575894942267,0.8619312418150976,0.6186464453818538,0.2637274903670828,0.22777805661617223,0.3716129472131099,0.5948911102700423,0.7597273383531569,0.8295262703390425,0.9011414741587558,0.853372810909151,0.8549632071605444,0.7681632570615191,0.7481036095268156,0.6294114936629774,0.5420377928882291,0.4609030025912127,0.38293684384735105,0.3212951565879968,0.15604846728318544,0.1439780427092489,0.4641860076967895,0.543965785673108,0.4420354159518587,0.4617941861124226,0.30303320186904825,0.3654026938608733,0.19942031702722862,0.3614551935540762,0.6919993574595389,0.2921678668284118,0.7193596722731325,0.15532809118885443,0.4263166211251509,0.12592642613776323,0.19521209809284717,0.3555396497188828,0.748963733877207,0.6732914143638218,0.5164051488747295,0.3781793616348439,0.2834273737924957,0.14574068699235831,-0.03176595053690523,-0.04364631830868282,-0.008333207655550012,-0.06981597935539585,-0.06756466383638493,-0.07200040579266187,-0.05929964307218549,-0.040868732138687025,0.10327759135348086,0.6229546747689838,0.87845698845195,0.8040153428591432,0.7763539650433556,0.6042399380470294,0.41397543940754433,0.2452812034993601,0.12008570987800016,0.3901835227257042,0.0015382221455255696,-0.04789889509303902,-0.10702818466174602,-0.10289246604678359,-0.15216031872030644,-0.1495024188485216,-0.08883323365102058,0.1407438549484505,0.48088424440699273,0.6789042830506842,0.6653878800636518,0.631140668685539,0.49956745484363685,0.3707729002816478,0.36000616229701343,0.27214642884118767,0.23864699691168867,0.18849857517436575,0.15662830828612861,0.1454106710316918,0.1340449668191097,0.18789671692986232,0.3406713023919285,0.5744310307595719,0.7709426560678315,0.7729446775670032,0.0,0.0,0.0,0.0,0.0
2025-06-01 17:56:59.234,0,0.0,0.0,0.0,0.0,0.0,0.0,0.8477635300469021,0.41555427373850307,0.022708455479259093,-0.15698188426326615,-0.23149131140078516,-0.12107090492416872,0.03347995661503089,0.14353933896768178,0.2667216556318702,0.3986203912769668,0.5451871787577836,0.6688365064526786,0.730430503402024,0.7712705418985507,0.8398694353611417,0.9280611183155026,0.7262921921951278,0.32998355739040425,0.003733722357980529,-0.08824595100369959,-0.02963459570979121,0.06299913696685566,0.23682220475542382,0.40034201367766564,0.5272553524732515,0.6435398943348878,0.643856219655446,0.7970539917852998,0.8607770369689345,0.9191980697197407,0.9468430928841947,1.0549625157463778,0.6150925849599396,0.13736510363014298,-0.08805332863636217,-0.061201139262530235,0.0962196074332673,0.22176897733166423,0.3008186465158995,0.41497240664564483,0.49492604438666543,0.603722954325014,0.6060272349382696,0.614396879303185,0.6821256889822563,0.6886686760900058,0.7075197637650154,0.7251524684705384,0.286043738078935,0.24748470540233436,0.2106229551015032,0.25854637632266564,0.3371602760662735,0.3749727467511706,0.3889257033200533,0.6530053336069497,0.3652554339020416,0.4152419904174063,0.6155646768836899,0.6407188317586267,0.23199273121690056,0.4130397595879485,0.3185346706442963,0.6797659359772007,0.763369069167424,0.21691806833598656,-0.0008950333780355368,-0.1120935271372836,0.014474575433628845,0.10678251601784039,0.21563853969094904,0.2943355278945745,0.3898039196720131,0.5161218929274849,0.6099594998405036,0.7002145798439232,0.8074684929547599,0.8978181811884072,0.9985862355168127,1.0663812307587697,1.1254099675045028,0.2607541335207801,-0.5563065995328342,-0.2565756764614049,-0.021150719090826664,0.17191912318993907,0.31365322202765133,0.4315811494640336,0.5153080710494207,0.5752756218422268,0.5913012463531562,0.6573923417082761,0.6603658977034942,0.6735896907108755,0.6611862976614434,0.630831657000404,0.532045843785119,0.33325711584065676,0.22936487493159896,0.2985712760253043,0.3582245215684996,0.3634596683291511,0.36559388846848306,0.35132946440789503,0.345976460981384,0.3167451900546918,0.29118824582839387,0.29739436186325463,0.2592317950285288,0.21689641752515798,0.14260385341387638,0.01950987844486829,-0.06078323651828599,0.29873026392608715,0.5968413327338021,0.6243145207361875,0.5772587014584469,0.34825228684886606,0.5626459686889431,0.27418993503483496,0.281242239075676,0.0,0.0,0.0,0.0,0.3901103181152884,0.40065467456834,0.6195169010730442,-0.03310431331877939,0.16318149404682153,0.5275930589218566,0.5069393880787902,0.4528865766093618,0.4446399873267497,0.5014017277494296,0.5867202149904966,0.6385750411376669,0.6611361700848843,0.8308137824202584,0.7984685303168118,0.8152102154775269,0.835879149957381,0.8260767403342741,0.7824763398746073,0.6228487745255533,0.19817885172223654,0.3520095590483253,0.3970325501049259,0.5109392064852083,0.74701053992666,0.9088484393597072,1.122339313438923,1.1956275535138137,1.1960150642165106,0.34027035402707745,1.2781700417771389,1.2480934661435001,1.1752963553170368,1.0323652629730513,0.9334148851749501,0.6680052400277264,0.31184265848235915,0.31538008259817485,0.49234737157280806,0.7579441514083494,0.9504773140019189,1.0214862306736807,1.1094664297977226,1.0390745639311099,1.0365045750084603,0.928289069067354,0.8729550323756974,0.7449537937433918,0.6260812219020483,0.5212179078603554,0.42617385153582243,0.3422982980800702,0.16377410941827417,0.18006286313019154,0.542858985210328,0.6614122373493846,0.6348562960393956,0.527442366977464,0.2812557706297474,0.49222084170430136,0.26341173838218285,0.361438780578058,0.9374318265304913,0.2303828777386583,0.829341663927989,0.2718463590727508,0.39953756453322675,0.15412088525364193,0.19534681370859636,0.3573846209512114,0.8195273583294862,0.7724354955705068,0.6600982296821419,0.5241168290983258,0.4440298182610609,0.2790623236323191,0.10435517161642727,0.06693028605739126,0.06701429851521756,0.010692876132044615,-0.027451453634444123,-0.039395670144138695,-0.04657218089043813,-0.0463407551178181,0.12070758175487245,0.697933491613113,0.9594859572725976,0.8981768981373466,0.9093336539870686,0.7678549277230375,0.59000202358818,0.4095398464362787,0.2541123242394516,0.542482312194178,0.10714653438373478,0.031328572447154146,-0.041363188089789116,-0.055127906547703054,-0.11570009213916477,-0.14808310238996442,-0.09889590453806563,0.15120060118961748,0.5392562229415765,0.7538817167768879,0.7556158808222205,0.7566152547014402,0.6469123806645873,0.5218882127241382,0.4826484506349995,0.38261946299362104,0.34594681197411803,0.2661774126672791,0.23818370562117086,0.21225253531492316,0.1879084125332383,0.22242329309382403,0.36605728678868404,0.6372416286505097,0.8776029684089092,0.8915151622082982,0.0,0.0,0.0,0.0,0.0
2025-06-01 17:56:59.238,0,0.0,0.0,0.0,0.0,0.0,0.0,0.9272092717904513,0.5067788695150846,0.11786449950350886,-0.09710439961086503,-0.17765830137486394,-0.08286876468983728,0.07704413416189981,0.18894456338465582,0.31709091534781353,0.45932456373781116,0.5948225410455117,0.7255103166021323,0.799032188119589,0.8342545705295422,0.8940310659285269,0.999331866425717,0.8103196914767281,0.4187546506370747,0.07814385600861795,-0.0011986782601384194,0.06652512443402547,0.15488959566312688,0.32969454445271107,0.49202905741205316,0.6238738981493721,0.7270686120012506,0.615562119150039,0.8736135072022203,0.9390307779012717,0.9794627279539748,0.998370796708347,1.138653045687787,0.68607044822468,0.17724572511788145,-0.036781294823567845,0.012209987411575085,0.1762810465479414,0.31862989029403144,0.39698641612350616,0.4978906088873225,0.5911578348773221,0.6712403520476247,0.7098963427239273,0.688602186914247,0.7465899196629383,0.7563191302821191,0.7622353082619922,0.77407113609575,0.31936341285123876,0.27160805172884395,0.2537607460538478,0.33989020977162654,0.4493538200748133,0.3962161732863642,0.5348066010270062,0.6607283769261003,0.5035400064565385,0.45803526086274027,0.7065514593322907,0.5867506921724417,0.2525765262847999,0.4758712294523818,0.4080917748470738,0.7645547905867526,0.8384518865341015,0.21831466258820073,0.039904193264043486,-0.04616946537744604,0.10256699493486598,0.2144566944683477,0.3310360983637677,0.4240309363366941,0.5266517775063166,0.6532002892658677,0.747082831989569,0.8352479688065044,0.932761149102234,1.019264293412726,1.1134062825209343,1.159479025664743,1.219693618941382,0.2952690943888654,-0.5098266702749474,-0.1562309628476799,0.11263980720339828,0.31382850159039566,0.4710005960817698,0.5880600372023608,0.6739205080034476,0.7273064934178206,0.6611663471153129,0.7868537209242219,0.7750790543215139,0.7787539032217011,0.7567570644174012,0.7036245071157283,0.5657678982015649,0.34030700059055713,0.3016526445014337,0.41922674746399147,0.5197406062160874,0.5279918029095667,0.5326456659169028,0.5062779518047846,0.49657070606329334,0.46550096870648283,0.43723814231912117,0.43071683537696726,0.38099816966474154,0.3295338461534072,0.2303130444704663,0.07451301746227379,-0.07108601978550158,0.3155811772337075,0.6471395611247526,0.6888826947817424,0.6538426643835542,0.25462440152277915,0.5336744435275562,0.19448947077363682,0.2334035863725208,0.0,0.0,0.0,0.0,0.41107360127326376,0.6303659961197663,0.7833872711248907,0.032888405919564656,0.19693011372064256,0.5543463243482865,0.5576929044627064,0.5172323479470594,0.541698573190089,0.6223155292864477,0.7327317896678998,0.8019362706455233,0.8212822209086927,1.003793633378355,0.9414330623714298,0.9350395689943585,0.9457933190522732,0.9151244135214891,0.8655514237868025,0.7015528579049009,0.22720674797612866,0.3870509463849493,0.4686360771071667,0.6173566475635301,0.8896164449690793,1.0879797582174802,1.3309819703746353,1.414329192002221,1.4020715891230402,0.34767923197779566,1.448969190171887,1.3940177953947344,1.2915357445217945,1.1213537577821282,1.0028354577777192,0.709696545301677,0.36246428240949463,0.3890196597442733,0.5944007665931413,0.903740808110274,1.1174046501851032,1.1919839711672935,1.290170162913085,1.2105659317855746,1.2031029781338316,1.0845970770265256,0.9955114040063533,0.8558039551154054,0.7095445986421786,0.5805829083902352,0.47896589307122406,0.37328454281095463,0.18222835259243478,0.20056271675157314,0.5954898751601785,0.7487817333223582,0.6783922234443843,0.5909907547580595,0.2720604984595332,0.3911702198620153,0.340942111225006,0.41810368449106927,0.9676489467082985,0.18034947944389806,0.852397284613937,0.35021348193548585,0.403623874486164,0.18413901382760894,0.20433341346054307,0.3813249570512406,0.8873839326662745,0.8688829193863759,0.8069512909334343,0.658612164152476,0.5767051881122129,0.4264728511333713,0.22810058664964616,0.18705853019419094,0.14911639032295665,0.08540616911174825,0.033372873982015605,-0.00010029409126488531,-0.024809098115335937,-0.05118547288637365,0.11094861242730353,0.750476503453791,1.0262827181656513,0.9768764169883368,1.0252512879666416,0.9165414988177918,0.766258285231062,0.5735117272234869,0.39291127135385007,0.7450950255786264,0.22338254444321604,0.13454458067725894,0.046936463006052254,0.025150834539319766,-0.05850868750017435,-0.10235142923524487,-0.08598361681533978,0.14303440733991107,0.5521972290021071,0.8205054488736363,0.8361615647883843,0.8635761693046895,0.7833041326914163,0.6678666511034819,0.6260237795460761,0.5151283753314517,0.46771630717098334,0.3786706727728253,0.3463738278985582,0.3062393352749331,0.26160074990339865,0.27445242028354744,0.4012332837536073,0.6579239052742419,0.9063800179708691,0.9600090104362777,0.0,0.0,0.0,0.0,0.0
2025-06-01 17:56:59.242,0,0.0,0.0,0.0,0.0,0.0,0.0,1.0241241762652034,0.588209165915715,0.16425042777838528,-0.0630490164344083,-0.1341451444283892,-0.04837030721473945,0.11774259766709883,0.23812669655737317,0.3687289788239648,0.5239137955311874,0.6411231868453853,0.7904541320014337,0.86028293679443,0.8964402827306427,0.9577943487800297,1.0722597223569474,0.9103313039836592,0.5087967101181827,0.14812966978349684,0.0871902359178297,0.15972296439561195,0.24770060908652902,0.4174482751770412,0.5858368828235723,0.7158574322567717,0.8136885316580453,0.6682393569165689,0.9468387229053786,1.0166251292252246,1.0401417180886197,1.0618102189829375,1.2311817124481994,0.7649820067859612,0.223209768724486,0.019905503877026054,0.09984378910212532,0.281825332331757,0.410993039987783,0.45539601776539285,0.5803432080046016,0.6717454962215295,0.7461214032518881,0.7956418360673843,0.7793252467074466,0.8261923671917449,0.8075663542054872,0.8277194810657578,0.8226073592755274,0.36166780680515936,0.30222049402087986,0.30863985478553435,0.44297566673603916,0.5810117862444091,0.4130281411922921,0.5356018707927475,0.7650831236678788,0.6242718472109834,0.5303529307183407,0.5705292927186292,0.5414909901405311,0.24842608897241125,0.4543233307193375,0.5425757717748645,0.7393542386684813,0.8964617138992279,0.2354278801085227,0.07074740668555501,0.027603925986163125,0.19646080122484655,0.3019167832343128,0.4369948272304529,0.5490027519316463,0.6563218433154188,0.7861088603878952,0.8717435942606933,0.9540942215787813,1.0498468282237026,1.1281208195836032,1.2244726008193783,1.2512196672624265,1.308135115545073,0.3319968802557571,-0.46204789217484166,-0.08364012248943231,0.23276370956394032,0.45348712556400916,0.6189837560152656,0.7352860318169161,0.8155218664527522,0.8680533199678957,0.5139371481675095,0.9099690809256435,0.8908676973468072,0.8809658611035459,0.8420371546910789,0.7725193212735331,0.6161166232377971,0.3650868171563737,0.37788051681799717,0.5432399328766704,0.6764761146013363,0.6865689012737672,0.6928851898806736,0.6690426232999949,0.6473646997995357,0.61500766175893,0.5760654148253446,0.560788339588749,0.5017489512256073,0.4286188914184992,0.31281982676127795,0.11795942310505292,-0.06279204580165312,0.34865078200996535,0.7014416737005889,0.7695174012387533,0.7441944133112406,0.2481908347535126,0.5197194543600541,0.20069069784430377,0.21718512182349548,0.0,0.0,0.0,0.0,0.3391282442952356,0.8366986457973713,0.9371611965623959,0.08949047392701981,0.2359301890657864,0.5898010798828671,0.6084668544446237,0.5929380896788007,0.6383560338434515,0.7454603034692482,0.8737328061552612,0.9553211381148103,0.9853979815831919,1.1684393912302689,1.0882306604940895,1.0592760973045068,1.060146081461956,1.0009219954665802,0.9533834968612449,0.8034900913450067,0.2569811029311322,0.4198428289469963,0.5313673203302258,0.7200275581783884,1.028555393746864,1.261742082958465,1.5358202248124369,1.6255483644278288,1.5901378695823116,0.3478761593671155,1.6118978606928445,1.5456523784688554,1.41599429568773,1.2042491947786766,1.0630916755186837,0.7607051988079014,0.4031670447099876,0.45488819085562726,0.6866372378450684,1.0439224274428678,1.2718086421107815,1.3672529792072365,1.4699788276002206,1.378700244967696,1.371476133835476,1.2296195239706997,1.1206959134943166,0.9571254350198904,0.78857312473943,0.6418558050154857,0.5230937573323214,0.3982620671549014,0.2069504623439301,0.2176093634960896,0.6414452033910932,0.8164321539756109,0.5259377603729269,0.5309014328324962,0.206670373388674,0.4307829618233332,0.416502903139298,0.4302794012813036,0.9300937894153374,0.12063942270513067,0.9085858321881574,0.39564201094524776,0.3612981069652381,0.21719232789650206,0.21809486212437718,0.3969966695427543,0.9809856295016732,0.9530303970788887,0.9422572695906425,0.8102008685471818,0.7116075046870305,0.5758259482659724,0.37961502833223726,0.2876250648525638,0.23438623547593807,0.15540043894490863,0.0856334625896511,0.04424604805732979,-0.011314011844324234,-0.053629745408986795,0.11880535506905116,0.7860027874284692,1.0845834049957102,1.059658837321457,1.1543393287211736,1.090847689516716,0.9650831534056579,0.7527025144926272,0.5506988165146398,0.7637513448777332,0.35316913260064275,0.24891611259074398,0.152378407616528,0.12327332299320404,0.006324480620807593,-0.06436836793939349,-0.08204427097720396,0.1409743024338302,0.601037896139514,0.8903635926921927,0.9239701120510392,0.9920295987641499,0.965253067723618,0.844198468482158,0.7979216892286685,0.6597665314529271,0.6079232169817315,0.5090241811614846,0.4595748118180105,0.4169159691777127,0.34176371236112113,0.315478498594317,0.43451400066793916,0.6723010196848093,0.9464623028622553,1.0412780401986423,0.0,0.0,0.0,0.0,0.0
2025-06-01 17:56:59.246,0,0.0,0.0,0.0,0.0,0.0,0.0,1.03624688625274,0.5833050650953538,0.15129361563438226,-0.08803256198662823,-0.1326846910449021,-0.06435559344089203,0.1059483264244735,0.2222089195738699,0.35731210874390007,0.5263406747366963,0.6359120884088478,0.7842848380320265,0.8655712314305264,0.8994950124039057,0.9616088146983685,1.0782322309282246,0.9283895818643015,0.5332418004573423,0.16525997815071092,0.10878048843325805,0.168296780841521,0.2547413323553507,0.4143137476320875,0.5705147475305616,0.7017582999221019,0.7954135392903192,0.5911740950778855,0.9316938989055149,0.99660316698082,1.0132247085221833,1.0472606355620906,1.1999481412785218,0.7767526493270009,0.2140528331802118,0.04644165171821235,0.12258408661537334,0.25714886859363273,0.3946841496621787,0.46675024032418855,0.5455432081904628,0.6590954258252866,0.7276743461453155,0.7849167394427341,0.7684989710959181,0.8161904675380981,0.7960829798924864,0.8332681820874183,0.7988363104280274,0.3927625968601023,0.29106004443297095,0.3024165094651724,0.4380273467650515,0.5566296928169117,0.4276235957941407,0.5136494304063597,0.7331071667302567,0.5707596768437863,0.6015651648304323,0.41640671780797356,0.4007150621521305,0.39570185068192926,0.3541538645043716,0.5281746919382104,0.6391220993380398,0.8840620509470978,0.18389608235592061,0.036506224164757906,-0.007780765316979021,0.18738927985363696,0.2716946392371058,0.42965728996009056,0.5434597760651612,0.6478194112430733,0.77101030735759,0.8520654725301962,0.9462954325140733,1.04652525627835,1.1143080259234919,1.2064292329022037,1.2296512670833564,1.2790181690847542,0.32576194808854086,-0.38127559146477197,-0.030273624669764132,0.26394711704660256,0.4710343259481664,0.6338782867861283,0.7352391182577991,0.8045315090208036,0.8573182248892321,0.46935063549083395,0.8894048061573165,0.8650025825555349,0.8504867686569274,0.8210564725303379,0.7465383665903325,0.5965537825924654,0.3895545633106967,0.4154253704415919,0.5703475660891288,0.6889857947593179,0.6964404104805613,0.6877678024416436,0.6633558999179496,0.6404514268432488,0.606885157098229,0.5696769023758277,0.5402121379661831,0.4923507485156493,0.41386858883866795,0.29532710245304317,0.09906312051598842,-0.07623439896469994,0.367910097434484,0.7183676234236158,0.7780275698554782,0.7486254167079354,0.29389100314646693,0.5790643667825943,0.4869754766115966,0.4064306906333245,0.0,0.0,0.0,0.0,0.34900132028732966,0.9507019492611319,1.0872969077393675,0.0927041445714093,0.2428801330995039,0.5938164752756796,0.6074050742552055,0.5940043690586038,0.6328120976273444,0.7560790687170724,0.8728309939241092,0.9629207160316628,0.9861015523797092,1.1758839165812134,1.1044527710813319,1.0597707483638181,1.0706357260790813,1.0022330396853134,0.9579629582639384,0.8187664620987767,0.24980297385218297,0.42397523198660925,0.5374733473962969,0.7258943796883699,1.031888288355047,1.273995118442611,1.5367448366770398,1.6283627680296895,1.6026101440761298,0.43776528582239654,1.614776218106678,1.5361110356411323,1.4089624048573512,1.2021488390977497,1.0503711305289776,0.758420840246508,0.41870995600079464,0.4624893926707935,0.6999437937581311,1.0433182986889593,1.259786092586646,1.3811931030563935,1.4622687220978237,1.3672317064842392,1.3599204936606295,1.2221683693303045,1.1029797925377443,0.9457290828783332,0.7823737592607772,0.6408797715897545,0.527412398179608,0.39955983231318015,0.22454342582273729,0.21471477352672305,0.6239950718974581,0.7808303104243662,0.5597698216237277,0.4976201132162641,0.1542611138601644,0.5577270517662279,0.3968463742886013,0.45496706349252325,0.5638287863853486,0.21559563019259076,0.9656327700149877,0.5489545485975588,0.46079842796078097,0.2060971537335073,0.21235836714277506,0.3699231730239508,0.9128603185393287,0.9082359492539365,0.9056560692929615,0.7720156084646785,0.6683292187922729,0.5527659301632908,0.36891431451433987,0.2648234619635499,0.2030508422824855,0.13281987306611298,0.07328103691642318,0.037768645746838914,-0.04333368877268795,-0.08893887947083945,0.09988969016482235,0.7133401842320544,1.0615215358595107,1.031736009424219,1.1235271516501855,1.061846549010563,0.9295208893631965,0.7457462313562468,0.5387744492107023,0.5935887289612135,0.3476151447142932,0.2527723036538523,0.15783580735878955,0.13308044195168922,0.021531585862265,-0.044247768042465774,-0.11312824516643183,0.07072700564625894,0.540044213599735,0.8437231810753956,0.88190948062775,0.9575789705483686,0.9322729661596019,0.8359163493028832,0.7921349747411388,0.6499690529815974,0.6113342038928318,0.5090574621092459,0.46198999446390454,0.42805865672000665,0.3528198746643191,0.31171405717394884,0.4059288002202463,0.6012799485184651,0.8405372516677921,0.9457430188897737,0.0,0.0,0.0,0.0,0.0
2025-06-01 17:56:59.249,0,0.0,0.0,0.0,0.0,0.0,0.0,1.0935885847253226,0.6501562172113521,0.21092758213738527,-0.05979714910357847,-0.13353219520921145,-0.08149906630452786,0.09637395229548218,0.21759149902247743,0.35109867886583557,0.522487172003357,0.6424838254076441,0.7813254621324334,0.8727979217370241,0.9189729114593147,0.9850488711852062,1.1096460434055275,0.9714093130807822,0.5871441578006473,0.19848892330667978,0.1247294032845726,0.17103270984857222,0.25137536009187555,0.4020637723731739,0.5477400379016384,0.6820797358153836,0.7784732976674376,0.3705293111004765,0.9208906411369587,0.9921025347967443,1.0027766795399724,1.0538828381827265,1.2066622755045229,0.819751331940092,0.23875034700741826,0.029990419660424594,0.11671353591920042,0.20760390665637662,0.3432127717572184,0.4408394333371046,0.5057996401296863,0.6463733323439385,0.7117222140033521,0.752879587697169,0.7636078152495326,0.8168356406824658,0.8149593879475974,0.8715200781708028,0.8349294000796537,0.44575765102455833,0.26741877923310764,0.24791445712209403,0.3654723262280759,0.48950706065308536,0.3408373408598973,0.43759579530401005,0.6681690845835102,0.552124995851721,0.6456530662546146,0.5321769801419861,0.6681041754923888,0.5599721886961946,0.36602321985335284,0.48160719288150766,0.6036547282306496,0.9544049837637896,0.16730402850304446,-0.050410538068015986,-0.07698424206697507,0.14250994257670402,0.22651634545467325,0.4012126960122664,0.5242710978788498,0.6443547563480052,0.7629648520944792,0.8498125450759229,0.9530978456687196,1.054637097074035,1.1237402192401102,1.2116960862731603,1.242782156786899,1.2896474966860736,0.3493021721648399,-0.3178998586158577,-0.002893171256786342,0.260758239251472,0.4720947874790282,0.639466435846535,0.7269590956491236,0.7927970359957146,0.8525858008891769,0.5569252720072959,0.8802092080146797,0.8582355432934935,0.8374128383696652,0.821136584165533,0.7371920500339455,0.6118898524948769,0.4177102528324289,0.41827633409888587,0.56039418647378,0.676243369989747,0.6831255442500808,0.6681452189747941,0.6530966435732211,0.6224705999182838,0.6016891081318068,0.5630751495863073,0.5287718932342444,0.49705896460225807,0.41902272563864185,0.31097177760079664,0.10449610831954637,-0.059599199354986504,0.35851583800933795,0.7164758118573293,0.7726499046291369,0.7487451641684053,0.4453024905056207,0.5358600148905446,0.7669344411876358,0.6251240780835957,0.0,0.0,0.0,0.0,0.3655406073775098,1.0558242693404498,1.0268747374567764,0.09014203428908574,0.2229311108569016,0.5875674049225638,0.5988697796021341,0.6002718909437118,0.6302201547692152,0.7726959713141464,0.8956129365855157,1.002029876855305,1.019381338913513,1.2086325429305051,1.1514664039373779,1.0849851851875794,1.0921544111998218,1.01632804894874,0.9783593658883669,0.8131592486546841,0.2316763464437146,0.42178057585355455,0.5393519503173583,0.7387289941374435,1.0524622925838252,1.321530555722235,1.5718740663398707,1.6506913466225133,1.6464423882341406,0.4565730605956098,1.6336574359785723,1.5529500538821228,1.4121471939194048,1.2212405243925173,1.048640565540472,0.7406003709773424,0.41059061921855367,0.4770348385565777,0.7246468063174959,1.0874318652974104,1.2965323158373625,1.4144219814870584,1.4972068205871412,1.411599382936492,1.3897146362791735,1.258995457355773,1.1238314669617968,0.97054689613026,0.8038256079784248,0.6665008221945601,0.5363706911698465,0.40221793665264716,0.23051068007098374,0.21344367460149047,0.6239258308696619,0.7820752729783292,0.6305868448626938,0.626206985799933,0.07591335278658784,0.6654827632226018,0.4010351631680881,0.4685138390700452,0.5067242116424524,0.28643599753006366,0.8910411742123426,0.5823521067682018,0.5676194893724461,0.20910157486544073,0.22035387371904613,0.39004408208837876,0.935978564566349,0.9167793119373258,0.9166793400052856,0.8109125008248048,0.695559726232992,0.539671967377068,0.40432602675784945,0.2972899759225762,0.20748524669241064,0.14663191297136624,0.07422828241962232,0.043602745897860506,-0.05701295734704903,-0.08934424822430143,0.0973129086470656,0.7051688122979249,1.071787078165328,1.0469706996591306,1.148538745131983,1.0892388421532042,0.9493507811611899,0.7745767926910381,0.5575368247751811,0.5882727054072081,0.3658288305677815,0.25894724452462814,0.1660699802595642,0.13345872259572433,0.028980175850175316,-0.0581180781531232,-0.132133578424804,0.07064250483668427,0.5161797867018569,0.8420349722219378,0.8772774699038376,0.9545298245530196,0.9349506532052825,0.8479313079154527,0.7906400160155607,0.6547880355431521,0.6309798334323824,0.5135109951133607,0.4706337892996031,0.4342159066329514,0.3532586027432326,0.304807755162971,0.3736734094875869,0.5549856221544698,0.7795686025315011,0.9019177885527216,0.0,0.0,0.0,0.0,0.0
2025-06-01 17:56:59.254,0,0.0,0.0,0.0,0.0,0.0,0.0,1.039234572578079,0.5898684309292463,0.18940196734424797,-0.0917819781956094,-0.152216136865711,-0.10534354225637776,0.07376085952325284,0.18255192883912885,0.3137092332174146,0.4797558365133676,0.5956973081369903,0.7332717185793453,0.833791124673174,0.8782413064634612,0.9431023295420372,1.0717355260036827,0.9277974054455586,0.5595353583496494,0.20031530961127764,0.10980130010050237,0.13624210223625033,0.2288766296772975,0.36813571773025866,0.4996519221635656,0.6301828904101783,0.7326029742211768,0.3017597817226104,0.8700178077655617,0.9380625304983665,0.950969602147718,0.9971861809664055,1.1374531735627222,0.7638830969311761,0.1937160849514678,0.004865291446976561,0.10777102618056555,0.12778657167754015,0.28834790837912294,0.38950376611090953,0.4384000086955311,0.5702947659435376,0.665893896059444,0.6886840180146474,0.7334474656581943,0.8082001405729738,0.7944121000629791,0.8253387760135854,0.8017108876836012,0.4351336986198351,0.2245747294559718,0.20356982775542587,0.30333481044503086,0.43108670627682777,0.3306121918190789,0.40957486378816965,0.6039873691546993,0.6393523597697575,0.6820301383324603,0.597756821866865,0.6599660917758772,0.5804383919562581,0.3319198219323558,0.3363333071292177,0.4662838870235595,0.9979215986228962,0.21996860747588068,-0.10300492958639751,-0.14457793148533793,0.07579670570479702,0.16168512927734158,0.34828227698925107,0.4756633857147996,0.59672888721226,0.7319948381749732,0.8211875421759094,0.929979416290291,1.0320212685595838,1.1098979098606052,1.1934771689662231,1.2348184155257416,1.2719393072400527,0.36228218679506724,-0.2818616136237295,-0.010083464914344642,0.24309654493065813,0.4507168567070876,0.6097333322143577,0.6803201256846267,0.7608578806640853,0.8147388668497697,0.5843358709763129,0.8361548214751946,0.822864118383334,0.8000128965848458,0.7848772128802256,0.707312677996742,0.5947034456022394,0.4089886833492373,0.4089419617348734,0.5327424356549129,0.6333020735092962,0.6315087263632055,0.6086069764201116,0.6035496970242074,0.573012268733216,0.5568513634040857,0.5183281589509297,0.4885046424504209,0.455059527254539,0.378959087198381,0.2798466826021514,0.08668259761448616,-0.06559546170708255,0.3580476995264613,0.7023894679439531,0.7547681060572564,0.7337385031076913,0.525005461808062,0.591652615937023,0.8197834691283443,0.6322973902253968,0.0,0.0,0.0,0.0,0.24212648626124478,0.8089719548829171,1.04713602423221,0.11029038321646356,0.2148698644124893,0.5625873164620651,0.5731653029450026,0.574588398613271,0.595610418994535,0.7497863231691559,0.8727505987610829,0.9867365509620445,1.0165932682646255,1.2035946645095512,1.1540330780770152,1.0907029324872102,1.105531770687565,1.0294816261141029,0.9991747597819656,0.8482141162476038,0.23822674673262656,0.39463372322868917,0.5121943470545209,0.7128783369623948,1.0285431752433662,1.2997546475721489,1.5411239501414773,1.6292800661830917,1.6264750220152673,0.6892181114584239,1.6285306225117817,1.556661894012513,1.4141215150099302,1.2350918082512883,1.0612526486503135,0.7703400946050604,0.43067182823339034,0.4468219521318524,0.6856742013984384,1.0511075260566793,1.2610303538136263,1.3846792058236923,1.470313327331862,1.399779326831086,1.378182787313364,1.2535682853094303,1.1329086980148602,0.9682406953129518,0.8124900548582804,0.6809660691593553,0.5521090071633329,0.4252110488299162,0.2640235364654506,0.19844838368254955,0.5648837168565681,0.7244746003129653,0.5444229998199366,0.5779125740427298,0.05460014818959108,0.47296623573922514,0.3500325181407828,0.5004237704157244,0.27817728049507384,0.31596907979982697,0.9175566889404209,0.4941059248276426,0.4295230067570316,0.22219508602196575,0.246646338840682,0.3959568251792182,0.8828096882725123,0.8459834539175859,0.8451121900735125,0.7418239523797228,0.5959428626849148,0.506656627212688,0.3511949347167791,0.2678936466970796,0.20537033948016292,0.12214424086139464,0.06411456479487154,0.04882963029648546,-0.04994096383273672,-0.06450677453123743,0.10544039386605314,0.6497549665039077,1.0304429897167866,1.015965270764086,1.0834587528040807,1.0210269279557302,0.8840164570294871,0.7126696867529085,0.5194396050575116,0.6234808196209384,0.33588137099034876,0.2310801650654255,0.15208321255044965,0.12683913781402623,0.035522335719598175,-0.05066299519067052,-0.14033266662146276,0.035767331950878334,0.4536953309679075,0.791783764245579,0.8279036695579008,0.8906029052961844,0.8772223823051837,0.792534475128253,0.7485548286825985,0.6251025444418599,0.6038191857479733,0.4949846740471646,0.4548199291358477,0.4200686565563634,0.339110529906688,0.2884216924761759,0.3358595215535836,0.4804838687871843,0.6687919603247644,0.7919882139340517,0.0,0.0,0.0,0.0,0.0
2025-06-01 17:56:59.258,0,0.0,0.0,0.0,0.0,0.0,0.0,1.1181933573444294,0.6403741302235657,0.2093593878792761,-0.12932736148478663,-0.22113458360523497,-0.15591071294133663,0.032667589891938076,0.15259108845633185,0.30015967714642355,0.4561974939763678,0.5955727163245212,0.7397142932717392,0.8386362695575948,0.9029730295303401,0.9865244228826339,1.1181039814301947,0.9742155524297882,0.5809858942277699,0.18479332863899212,0.04506463419966256,0.057689183308742065,0.1626780247599473,0.3182734261204627,0.45156368404890057,0.5786045863457803,0.7073259398894718,0.36713257837486446,0.8591125974277042,0.9282313330405305,0.960784513457876,1.0116468877308102,1.1756356207627086,0.8256998052040783,0.19471226475963954,-0.05883199953722151,0.008982887276680396,0.021560621367143096,0.2095511396055456,0.32535736811418836,0.38174256401757956,0.5103757461899721,0.635355818907273,0.6415147647400803,0.7259821175055615,0.8099427428420921,0.8202848260310698,0.8396922080973669,0.8327004321138434,0.5058179835174952,0.1516179332680606,0.10621409835690876,0.17635111393797853,0.32487746748085033,0.3788263511137044,0.40397865268343003,0.8282529175778921,0.6053404121982269,0.7558836398788558,0.6200300141568059,0.8992024439726807,0.6866849781802986,0.3414851884297899,0.4668921641106214,0.41480995680023836,1.1332648058559813,0.24896382590045188,-0.21505098834334163,-0.26717220764125393,-0.03457033098494411,0.073288190801019,0.2815105164352101,0.424012838243933,0.5601600687149999,0.7114519770119099,0.8095015200130065,0.9241555901979317,1.0509548175724857,1.1365626002525877,1.2365445281071101,1.2839789394462686,1.3390403161711277,0.46947040435746207,-0.31172932281194676,-0.07309295480732514,0.17822101610760144,0.40527467751270474,0.558897239124597,0.6454582698400118,0.7328641847227719,0.7940727567648886,0.7111442229491542,0.8222500103954622,0.8158925053124334,0.800138309579617,0.779410442805096,0.7218755718393626,0.6319423498443013,0.4197892081221015,0.3455770066261564,0.46478446841790033,0.5458773268056312,0.546617653869564,0.5393229752693454,0.5446033402775137,0.5235121824855185,0.5075460570964545,0.4757040699992996,0.4589041551293602,0.42636957441024936,0.35477082908164936,0.2759916424779355,0.09911508301716221,-0.039119102202944234,0.3029184598009731,0.6556450766344536,0.715929310741281,0.6950985956707498,0.5999400622206184,0.5936795758512823,0.900365048450396,0.7328147419180625,0.0,0.0,0.0,0.0,0.1562072506671024,0.678101844473761,1.0562821665327946,0.11597887996821887,0.18604679086531778,0.5337608322742392,0.536812012709643,0.5393387446172518,0.5520743781708755,0.7062309376086577,0.8339273774398883,0.9562799964628566,1.0008475411446809,1.1835415380084529,1.1358382989291487,1.09241903715778,1.1119474187255078,1.044540005561975,1.0144604045359111,0.8792490487816811,0.23190298935426074,0.3612071228398833,0.4808350293770558,0.6800678370395197,1.0018208981613055,1.2552138015965073,1.5159265007426472,1.6032120404671943,1.6066152100964441,0.7897209467775765,1.6279082014997086,1.5564883519114345,1.428787594076079,1.2385858092035527,1.0711567894579235,0.7908492705027614,0.43315327347299903,0.42684705564534187,0.6734949638488364,1.0178891436345914,1.2431516066221833,1.370232496068214,1.4618516116855327,1.3994285304597873,1.3651269390987006,1.2513424701714322,1.1478297704881144,0.9674621858596543,0.8186240758914581,0.6907538092582433,0.5648517172102514,0.4439351865211778,0.28593355526974346,0.1993849183149524,0.5388282475349593,0.6778340652201328,0.6400769713145723,0.5222901949710154,0.17519675802513834,0.5251452886110902,0.3566110341961815,0.46928926544768756,0.39362943385574495,0.39591185358783726,1.0671954087635727,0.5242278124124891,0.43045606866988295,0.23978241620330903,0.26487987042723476,0.3812736334176324,0.8249918717258891,0.7972268639449778,0.7953689898041106,0.6952428087335578,0.5516207571978704,0.46766796875104255,0.3194206730684632,0.24504616828002268,0.1949850437717393,0.12342119743271263,0.06633725351504882,0.05520172275959245,-0.028142521905409223,-0.04466656941166092,0.11000060896044289,0.60335683855481,0.9944509822097685,0.9905870207345489,1.0377269045949635,0.9825249414771309,0.8113395799489762,0.6526709052786395,0.48355140861332546,0.6856841005688368,0.3016726205418465,0.19029022269307405,0.13203816092134546,0.11370424666878332,0.02971908106608767,-0.06485828648124181,-0.14436880373965072,0.010211165766492392,0.41448256267584815,0.738027219590706,0.7852579211765477,0.8330198497924806,0.8198994976866687,0.7361695975766378,0.698061364170079,0.5859661698944469,0.5594382594417282,0.46376028722942686,0.4207871424758767,0.39672547148086834,0.32101757078688153,0.2688966614773248,0.31372288697587775,0.4439249773338939,0.5990941172637946,0.7190225401564536,0.0,0.0,0.0,0.0,0.0
2025-06-01 17:56:59.260,0,0.0,0.0,0.0,0.0,0.0,0.0,1.0850631355078593,0.6064097863964463,0.19763903956727658,-0.13790747261499664,-0.25134548633549425,-0.17765776914607323,0.012575804548704217,0.12412339746610501,0.28550053500815864,0.4361616866088236,0.5844843684959464,0.7232764574547882,0.8148927838737172,0.8931062154496704,0.9791268241256798,1.0965298098757719,0.9278566633336215,0.5298274320773666,0.1321136659036808,-0.024438866579969964,-0.006800505801606738,0.10611218371203845,0.2658002964615884,0.40297475280340933,0.5296854905761035,0.6678180768740911,0.3761899038256856,0.8337982844682136,0.8988482866246554,0.9358618231783896,0.9825596658354823,1.1294207136553385,0.7775426227122446,0.14575947025056774,-0.11592795597537131,-0.10366255716985795,-0.06354827472868396,0.12485167253654339,0.29044263814315374,0.31240397247377905,0.4525239452099108,0.5685299278964275,0.5914351448052604,0.6809362075282029,0.7691599087127415,0.8065158918896074,0.8045614912272882,0.8272637593589658,0.4913336027782427,0.11744497537626236,0.04435831664890355,0.07431868558561505,0.2212343285967706,0.43518238150450955,0.3822765927165769,0.9933414808213501,0.5300423323613119,0.7898529924091324,0.638715996278737,0.9515965603755705,0.7168618829378604,0.3623974775716351,0.5603447034631301,0.43602761679028557,1.244502536385574,0.2523206587171506,-0.2905838547249758,-0.34920726477258657,-0.10946998500823235,0.028025834683739426,0.24530861340864774,0.3928349751457565,0.5358888931332795,0.686144432322652,0.8059750490225353,0.9292502138178138,1.0585633448302998,1.1486594672514514,1.244086610818519,1.31059929049519,1.3846928727602077,0.5375339700721296,-0.3468055724518969,-0.10899003874690738,0.1291675405274968,0.36710734378779075,0.5204097456630605,0.613137085112565,0.704835473033115,0.7699221591506238,0.8454134371871,0.8077274046397496,0.7950298229326637,0.7837677121877141,0.7680255350302384,0.7202286995058063,0.6282948076826492,0.40508289142100196,0.2941103513097326,0.4091833690159785,0.4788236483045323,0.4854282940722576,0.4793247431138996,0.4876996009352186,0.46864732854845004,0.45965777710021993,0.4351384664001925,0.4173478553785772,0.3966131372421937,0.3316897586184995,0.2628273881387423,0.09854249216504762,-0.03360796038886163,0.2546179622442099,0.6222334425334822,0.6821061817388294,0.6557216977958296,0.7088172858299027,0.7763693379599355,0.8456701081430653,0.8702254070066175,0.0,0.0,0.0,0.12443541102078015,0.16682222337894015,0.5845411229527944,0.9244419176837756,0.1524584573578024,0.1665442482543283,0.5084160251530416,0.50787636749775,0.4996554420281275,0.5161648419185945,0.6734428505976966,0.8119971891015485,0.9380501882195129,0.9882542127201153,1.191731275295517,1.1446725820979546,1.1076215873354525,1.1170214228207054,1.0697253282448327,1.0507518010255783,0.9431226484057489,0.2377062335432803,0.3295638739300706,0.44692133409003487,0.6409646345361089,0.9707782230189073,1.2289603599268264,1.48581424283122,1.582053767577462,1.6090017033677568,0.745750392466134,1.6449309045923837,1.5660089531892942,1.4470488108814659,1.2735317264617283,1.1022483937458523,0.8183392999604515,0.46308677564375234,0.3973626027516456,0.6394282473159775,0.9873792394801655,1.232613891038727,1.349339932789509,1.4558239754880367,1.4062685365459522,1.3712628214751437,1.2737353089364265,1.168736607177352,0.9928546331854128,0.8483297948305545,0.718292071929292,0.5945158198942361,0.4734613067792679,0.32034374870541316,0.20927687228480515,0.5017279500922447,0.6415273503993474,0.6652475225997755,0.5496763545981335,0.28738463620328936,0.5176777662993753,0.26566766467358743,0.36756635391968673,0.48364033647280064,0.46075783915636276,1.0392086489802752,0.6756209514266103,0.3946753894085955,0.25993698628851863,0.28734331067674035,0.3690543689758452,0.7407643006328504,0.7575834724345165,0.7363802173355526,0.6302945624755218,0.5158080522607351,0.4504423084362634,0.3044465374818044,0.22750283372489144,0.19246217657077813,0.15397820341569068,0.0915168307816705,0.06444456347452632,0.005543763041070182,-0.033108656980158746,0.05777762973855799,0.5304194413945666,0.9314204153549782,0.931874177801008,0.9744887545792645,0.9174396190859635,0.7323813065558435,0.612398744324677,0.45579797493569507,0.8006628245525927,0.29054594606197237,0.19799477710293267,0.137239056911447,0.12036626734509215,0.057962842221595756,-0.03530975946322368,-0.1083473330240235,-0.018628389382173094,0.27611275695860427,0.6408860382445829,0.7096843691653753,0.745719184371576,0.7087361786501805,0.6637544614647268,0.6287085187349144,0.549416241690327,0.542633318380197,0.4496272486496944,0.40939992380360923,0.3924057668928602,0.3383638152826608,0.28725855249299803,0.3291001251088124,0.4235623293364972,0.49217239845650373,0.599029429955968,0.0,0.0,0.0,0.0,0.0
2025-06-01 17:56:59.264,0,0.0,0.0,0.0,0.0,0.0,0.0,0.977455451971479,0.5079042393621989,0.1460571213852886,-0.11853302762880596,-0.24350198339164741,-0.16906735359743574,0.0005086569733820934,0.11090952183129399,0.26813694357184137,0.4114316216991041,0.5562634565280515,0.6950705644018195,0.7756768912632874,0.8513401592695627,0.9361920232165252,1.0236301010807018,0.8460415959301164,0.43928505181270866,0.07374560380490869,-0.08577566663894942,-0.05751856169394265,0.059575181518475295,0.2236297134990073,0.3626249212300423,0.4942922300761803,0.6207050694284999,0.432727235718388,0.7924403819596099,0.8553648702164609,0.8933295186869984,0.918537615513441,1.0719751832859528,0.6763035758040363,0.080945109218647,-0.15502007740497636,-0.17368050807454938,-0.11571503469109734,0.0636628111662465,0.2167495458539317,0.25230614338757573,0.3788641365895362,0.49102072546764153,0.5168540353777813,0.6273860187232533,0.7099340689637671,0.769951069473467,0.7589540950109817,0.788974660993033,0.455251443974818,0.09044387072877033,0.023246685580848525,0.02513995831494298,0.15998912052780545,0.6033659684659867,0.3081494724440141,1.0238724331608433,0.6076739733292139,0.7044784960100615,0.6975241065026426,0.9739607634460583,0.5790535680063913,0.4345569079188386,0.6031702174659862,0.5036291488602042,1.306841828900535,0.3071424160932049,-0.2955412890594327,-0.3877570532841885,-0.16113146667281386,-0.0035796679470792014,0.2075114850177957,0.3659364037629331,0.5051711249241546,0.6609265425112794,0.7969315621310482,0.9232173347158432,1.0475832057969576,1.142896322104718,1.2526208068028604,1.3306576460448456,1.4281778550097177,0.5542527642257808,-0.4106762260106087,-0.16715929421174658,0.07729230617907956,0.3240753869010884,0.47857195220861914,0.5752088164664011,0.668559897383413,0.7439044203419007,0.8175166930833517,0.7912182158401797,0.7779208295328707,0.7722252933836579,0.7599525077626793,0.714471648836547,0.6228572905121461,0.3738472122735428,0.23532384178084242,0.33517209022291583,0.406380140036825,0.4179101276837349,0.4221040808226111,0.42760988679860557,0.41372055615311387,0.4106570887266441,0.39017717567350574,0.3804238165518663,0.36316694672301764,0.31323425973831376,0.2507600496756722,0.1035503294734802,-0.032836662920999266,0.2049441776982346,0.5806740238564134,0.63290466923191,0.605112786272175,0.6557663417723003,0.7681835184901025,0.6348255152461517,0.8789849771708136,0.0,0.0,0.0,0.24887082204156075,0.13918145506132507,0.5556043617205104,0.9730097208806897,0.18968774363041996,0.14326508354415352,0.4768758703935831,0.4818799770234839,0.4549923537428672,0.4746522364117698,0.6336251948828011,0.7710995901843778,0.904537668255287,0.9564201958729401,1.1781615748829344,1.1411725425821184,1.1162384569281507,1.1263940662859389,1.0920051384824854,1.0930020322333271,1.0300219984026975,0.25227683401113066,0.28333073464918457,0.3855419912242981,0.5653886313393366,0.8976763536234496,1.1659994318790132,1.4179449574138374,1.5253654630490903,1.5774513302538258,0.6776399015305934,1.6399944519377088,1.5722108404048427,1.4611204746186146,1.303669022584487,1.1441597574443394,0.8599267449444105,0.49255949625022577,0.33347499565860794,0.5608112665392418,0.9051286886607157,1.1602966994183959,1.284695017980596,1.4079639855955333,1.3756327454890445,1.3559563004550657,1.2740729089922054,1.173848295884405,1.012769604716782,0.8759077167185868,0.7458857572659543,0.6235249187368641,0.5098312623794885,0.35640137105493136,0.2074171158249106,0.42159081165758305,0.5898267876117392,0.7531555309629759,0.49682904862413413,0.3400606759562822,0.6847096615109495,0.3403292094448223,0.5300771708165372,0.5942118486270227,0.445662082231359,0.9800045496797468,0.5639841307879452,0.2969662462317729,0.2798003754003909,0.3222574735254576,0.37711010447065413,0.7037652368730782,0.7226866169021955,0.6762059575604452,0.5835403072055068,0.4861853619023806,0.4176885303910367,0.30079946190460527,0.2153448523650554,0.197348129900355,0.1669847678519547,0.1177598873406207,0.07559062917012938,0.021499710045896347,-0.023882116836286937,0.03085121196363455,0.48414391081161195,0.8592674280595457,0.8745085866663793,0.9251706159327607,0.8461138641884778,0.6828183691949712,0.5762288056892906,0.43745318163961655,0.7656652895244948,0.2940028901655569,0.2198964628054394,0.16141626114664032,0.1531112123196795,0.0992878014293409,0.008273075292495213,-0.050353164324459465,-0.018828032719858057,0.15010510162797186,0.5484478069767795,0.6373497959697317,0.6740067010015962,0.6538177466658657,0.6186166632857266,0.5749596038241753,0.5316900172759742,0.5484633167667143,0.47142568466017254,0.4279907032243768,0.41126053742523583,0.3756280906445627,0.3334890986628949,0.3605673463983243,0.4373273363792325,0.4164666814428425,0.49336236430144154,0.0,0.0,0.0,0.0,0.0
2025-06-01 17:56:59.268,0,0.0,0.0,0.0,0.0,0.0,0.0,0.846094361348751,0.3818427969977196,0.03363214556251881,-0.14037866789069864,-0.2194141042073171,-0.12464909388725587,0.027238548503468074,0.12107784781149467,0.27609887587366877,0.4001427841687992,0.547911259248459,0.677123983890002,0.7497811341695662,0.8125024277301105,0.8870732368732653,0.935165526668356,0.7504964219340489,0.3267885382072891,0.0005881833169677497,-0.1317387388753506,-0.08669789461696231,0.05108793303544612,0.20843024404237842,0.3546950763203407,0.4925868834747382,0.6070994946854413,0.448942504278934,0.7703959242789197,0.813405450055326,0.8687159294871541,0.8746104229375671,1.0091989298979205,0.5866561840489639,-0.010480155327484697,-0.1679642314834935,-0.20614178456396692,-0.12562484871200397,0.06969080523363713,0.21398567032857785,0.22665336711078643,0.34522338446716927,0.4695411570205872,0.468233195255479,0.5903744962514071,0.6952604251309041,0.7264972898538558,0.6869706354690475,0.7320338409546374,0.3995897203873411,0.08355601111140343,0.025609507319344638,0.023174593260781196,0.14690738362024458,0.6561646963957748,0.48049805724159356,0.9749103298325421,0.6423247028169929,0.684645533723174,0.6680019723053696,0.8222674250953645,0.5232552648484423,0.4375380366645215,0.7048242180628028,0.47562986214373826,1.2804855529718913,0.3277019439409484,-0.2419821911264246,-0.3791391466419687,-0.16861426619830988,-0.019942200142705424,0.1775111840209722,0.3318853589798971,0.465415510942893,0.6243777786322102,0.7594161247471296,0.8833370742160886,1.0062293681075754,1.1071434275063312,1.2279752072404126,1.3000518407735213,1.4014778161435608,0.5284648602229538,-0.47890163046201617,-0.2045802042499416,0.0489366229585082,0.2881533851990201,0.43042765822781215,0.540666917326265,0.6402470183864373,0.7082537639172608,0.7194457232941156,0.7606202801198036,0.7411194857976581,0.7447284253376062,0.7195325415202484,0.6871439776384725,0.5826283467585646,0.31898931726120733,0.19585966442278357,0.2902748075425752,0.3490627815926748,0.3697855252762283,0.3714492941778793,0.36943839401077705,0.3673631093755656,0.35395652659627586,0.33948893110567524,0.3373069636472994,0.31478760020715324,0.268051886716854,0.21207820396927846,0.08347589231015096,-0.0388930494610259,0.18262813937748806,0.5517546532632882,0.5863719358196677,0.5627343282135868,0.5378726310971071,0.5951170092672473,0.5525779358707283,0.7928468138121114,0.0,0.0,0.0,0.3733062330623409,0.17602375505620182,0.6148795841853474,0.9072141091528331,0.20445960666865426,0.13362666752564384,0.45201613613646857,0.454186328977041,0.41159618620189853,0.4308338069418278,0.5737362923567548,0.7081100307194981,0.8357161185055837,0.8919107288559824,1.118634293878681,1.0884360408923488,1.0801407193869699,1.105893911590847,1.0876177925375177,1.0899914980998893,1.0633863921716056,0.25842774476035585,0.2585226468961414,0.3391249155823053,0.49955932842344963,0.8229071177631397,1.0671048320076562,1.3231761037139078,1.4447870267635772,1.508139422468559,0.791334193232845,1.5919782771703117,1.5384439499450688,1.4568345185676719,1.2932297889794584,1.1663854497082629,0.8935061933851289,0.5011812891086365,0.2825485378019872,0.4967085089649542,0.8057058607988146,1.0669957801024808,1.2048614085329146,1.3267945532410748,1.3150123278161485,1.3018392364439486,1.2381496527481008,1.156140656854943,1.002717531421626,0.8699756342958377,0.745833375178117,0.6280388084577632,0.5298849180259767,0.37196256811641265,0.19249496363080904,0.35720313201645293,0.5340953141789352,0.7522066719283075,0.39726952596074405,0.3694946417947631,0.6362051884389843,0.32760316109775506,0.5820721433688778,0.6471730193052772,0.4144164943699263,0.8622638402577704,0.6530143166146166,0.1756525742060692,0.28960333451419934,0.33683872968101364,0.35998302415770994,0.6265416053581436,0.6684090409865109,0.6096521639000817,0.503339506804414,0.4200562999590449,0.3556123975729999,0.21785059160291875,0.1745317291438997,0.1727180045804022,0.15024261773349967,0.11561034202820775,0.049471654654274166,0.01944515553808379,-0.04053031431925014,-0.01495320109061482,0.42331365096693124,0.776023998210673,0.8029617339090547,0.8299456133114388,0.7342737415648732,0.5879194527138991,0.49138960695918343,0.3709684833844247,0.6361022273192486,0.24851793416924428,0.19622079686526583,0.1510049144958856,0.15642762206145633,0.11472077831703631,0.03782752088706243,-0.030948606068483875,-0.0789636620208814,0.043705881867093455,0.4569701741023044,0.5543986535931308,0.5847921377281851,0.5454700504810379,0.5436973193055932,0.5117543927755686,0.5037617524776601,0.5031473952826324,0.4615208256883454,0.42931977234111174,0.4134975471438491,0.3974397813659497,0.35583400098814433,0.38358725647357134,0.3992054196429299,0.3229177800421501,0.3631922904700684,0.0,0.0,0.0,0.0,0.0
2025-06-01 17:56:59.271,0,0.0,0.0,0.0,0.0,0.0,0.0,0.7415121898642821,0.2962351621165338,-0.008073629463077436,-0.10871817090820168,-0.14280189709778346,-0.05564405713885012,0.07531435570492262,0.15918665627742534,0.29380734116776563,0.41049197994193376,0.5508765410912468,0.6601687121233161,0.7251202085423005,0.7632258846715333,0.8342272318293067,0.840624321947397,0.6559313176195563,0.25136901016236224,-0.02439896700563604,-0.12785368909912875,-0.0758878203011335,0.06357885020108722,0.21814892139156683,0.3599774876271207,0.4873749282774844,0.5893348754968324,0.39788644975570175,0.7414334200880531,0.7840915487660443,0.8256491410756165,0.8270555173407588,0.9096813179622153,0.47138451326751946,-0.02961263272599593,-0.1283837728472914,-0.19587150941730602,-0.05849462807921135,0.10171330529981537,0.24561028863656253,0.25809684997387383,0.33166860139918586,0.4408709139343585,0.44866723681835086,0.5423543005422514,0.6481984973668043,0.6698262698029109,0.6453707518425617,0.6569144546852297,0.3366352177564286,0.11830346751301193,0.07997735099686121,0.06788068277703063,0.1570367745845236,0.6418701427781983,0.5609675709151707,1.0301357753053426,0.565563190279253,0.6220522659143833,0.7456159611140887,0.7886532420609526,0.5050258600887814,0.40389862660710696,0.7640386233801814,0.5199636134236651,1.2348831493516752,0.32690182575875115,-0.1570266870948488,-0.32277049561466864,-0.1387997992376011,-0.009015592166800923,0.1802050069431267,0.3172498992286046,0.44527692774287964,0.5933804388685795,0.7330587509835258,0.8492931734298883,0.9752672238741064,1.068984827979474,1.1872892012545786,1.2562596422298742,1.3398813062628627,0.48541312457020974,-0.5100074838167241,-0.21098533341927683,0.04650326802220195,0.27214438822509046,0.4202541031567204,0.5359760722028013,0.6280914886888342,0.6906955077790637,0.8026348539584445,0.7410228958401641,0.7205177488496138,0.7213397466306969,0.6998856184041443,0.6565371043302761,0.5416085263254039,0.25952908071543856,0.1803837118306758,0.27796830040965825,0.34044488525043737,0.35501524353558334,0.3513693312407733,0.3406457274775856,0.33422683590168445,0.3286472044682436,0.30199889620566567,0.3069099222213878,0.27959560598611377,0.24289902709043543,0.18274361570838626,0.05803673297910383,-0.04571485956072699,0.19383963201431825,0.5428043681242838,0.5663149455481922,0.5306153291834923,0.5580650057118659,0.527768247579375,0.5133598641932879,0.7885587088010191,0.0,0.0,0.0,0.49774164408312105,0.2865756418740668,0.9173298210048517,0.7445321114015883,0.24641969703534472,0.14576027266519193,0.45581864563352337,0.4405726765873172,0.39507528634428135,0.3953565845160003,0.5344773991842982,0.6657627854934458,0.7857320451062337,0.8478650313169589,1.0701882856283214,1.0567017041068856,1.0568225134003997,1.0859318168622463,1.0847369047982502,1.0982921286536096,1.1032808798216263,0.29140602787942177,0.25553147693300876,0.29960519450004097,0.4546773551074035,0.7596028741588017,1.0091357605582951,1.256827845894104,1.3866471279322907,1.454111339606331,0.6540212796071694,1.5587593848071117,1.5229165993588527,1.4565485077991511,1.3039808542434428,1.186111483700304,0.938211216434052,0.5512588819359814,0.2693901503605668,0.4429293520150862,0.7316170407585421,0.9839153769054301,1.1417633279703299,1.2594794107326153,1.2618445531294171,1.277220173576993,1.211325793886597,1.1555730197370693,1.012049990680695,0.8906079340080836,0.7685747864867551,0.65154328521835,0.5587921666864661,0.40290250218977314,0.21058445611333262,0.32397269812832385,0.4866594734828643,0.8899701704286401,0.49071606205545615,0.3447232016146564,0.6361612810112659,0.33064036456361706,0.6198720160911324,0.6412857925984892,0.4305920291801753,0.7877193977961165,0.614407171751888,0.19121004104926262,0.30971700082583503,0.3578778783062532,0.35692634848325416,0.5741539563153168,0.6363326126044389,0.5745216663330978,0.5052767046830764,0.43699865193179077,0.33647296934566895,0.22227995807076928,0.17682887787410162,0.15919628370770367,0.16564369373599352,0.15079473163124146,0.062274052289877146,0.0526860562955781,-0.03565054828265235,-0.051706623435912535,0.34920606895643785,0.7150279306266787,0.7436614388777125,0.7822606839438943,0.6773342384350551,0.5486195833807583,0.4566916977852149,0.35001987001748436,0.4789077329631971,0.24656448154263955,0.20777242957544462,0.162142348297325,0.1846053643954252,0.1310276235727833,0.07080793317748346,0.0035899976917891374,-0.10152647719999913,-0.06825341032256088,0.3798033699611613,0.4927049038078145,0.5182374604504085,0.4701585438575808,0.48385737386953487,0.47873172870376135,0.48149978952507966,0.49122260331422907,0.47148806685361566,0.4460132174297091,0.43426450799005245,0.4334003005541963,0.3986739132638265,0.41837357611354903,0.3839146311257684,0.22924128098964547,0.24966009789395116,0.0,0.0,0.0,0.0,0.0
2025-06-01 17:56:59.273,0,0.0,0.0,0.0,0.0,0.0,0.0,0.5779649630865094,0.15016467535988212,-0.07841407532554051,-0.080921705840862,-0.06721605851648471,0.0005804753092454318,0.10933559166988516,0.18064267227514086,0.2940590075622843,0.4029873615798074,0.5186077417747128,0.6150893540867053,0.6662330774715293,0.689790392718205,0.7460300705898227,0.716361584408768,0.5107634855903903,0.1370865725533763,-0.060184889480770276,-0.1132160540716477,-0.048736557577419015,0.07000445222900642,0.21429845589587337,0.35249429770873997,0.47298646165686287,0.5541137231851991,0.4076924544785705,0.6936047147309804,0.7258411011531827,0.7576313623151224,0.7570229838512634,0.7649123814273787,0.271442155636985,-0.08479633696482167,-0.09349787770956997,-0.14731948216560797,-0.023166962937429147,0.09286736938966733,0.23643785306577714,0.2390344437019276,0.29173457950336545,0.39256384120524856,0.38222818737999154,0.4651996596291613,0.573830811653525,0.6183630821797823,0.5800262198304353,0.5894028686858515,0.2549630302854267,0.15073160317432843,0.1186459801417924,0.09818455014680993,0.14547312673046675,0.5486937427027889,0.514987603973384,0.791233103673284,0.5983169548382337,0.6023362812521558,0.8927640540024764,0.5183633209157447,0.4412541975252621,0.4144757523692738,0.6277125571513428,0.6464025069782062,1.2145824357136652,0.3562597470965807,-0.0807095024327672,-0.282741796849044,-0.11823184762709693,-0.014909010853275229,0.16060617255898535,0.2761586732745407,0.40204460505520845,0.5460971809698933,0.6923495173829832,0.8135937333807921,0.9269331099095065,1.0155390883911064,1.1312110855019741,1.2101976094147995,1.2838505265129165,0.42418770443633896,-0.5619081144753812,-0.23898851777352625,0.03640502902028686,0.24245556872628682,0.4021661657072486,0.5059843216546263,0.584342007916459,0.6493430826846598,0.6703620948657034,0.7021644107345595,0.6825263105574094,0.6761665953609831,0.668901543839106,0.6133432676502544,0.48930772433494774,0.17883222534123727,0.16608084237145004,0.25852882265447397,0.32492585748714187,0.3433671490721142,0.32131313080164303,0.3085467204410075,0.2876128149157333,0.29285726452472516,0.25482968006335005,0.25582937763218383,0.23023999104540072,0.2026018212504801,0.13432439035053745,0.010859621848650969,-0.06402253597641522,0.23314661573429707,0.5554927245374734,0.5623751851124039,0.510206447010882,0.5189622247789074,0.46964438774879275,0.4618034999628507,0.688500039384293,0.0,0.0,0.0,0.6221770551039016,0.3787386459261105,0.9878536516107321,0.7616104809813794,0.33452222054631897,0.20363328856637858,0.46530031716096726,0.43080232382349365,0.3690027747223438,0.34669904684146013,0.48113040970013277,0.6012791977742173,0.7192435460540736,0.7823546366587899,1.0213080538186325,1.0293512077763718,1.0378579178238587,1.0749954670513666,1.0828131625860469,1.1397779943124757,1.2278255904748112,0.36941452055577806,0.25661849343070164,0.25086416317542726,0.39013330651280365,0.6704321981608723,0.934615350621637,1.1558646093134932,1.2859471186117475,1.379174208792444,0.4956082327162195,1.5097602776494,1.4963533947143262,1.4396449665059772,1.3272530854430595,1.2181932186295892,1.0121638337434635,0.6588134699525905,0.2633192469763076,0.3635742021659615,0.6339727000997009,0.8720969510400671,1.035783421036552,1.1533561191393473,1.1716962587086182,1.2210955918272335,1.1687405160407485,1.1280445685240306,1.017769881037804,0.9068854341575044,0.7966939218615201,0.6813472364482667,0.6020372112498765,0.4630428633648148,0.2565960431904877,0.27574661574044257,0.4198576710747205,0.8773178818982258,0.6242941665257865,0.21397508115602615,0.6294680651630029,0.32509451902580294,0.5458912283150412,0.5302539292931223,0.4641773238210187,0.5737637894674068,0.6114566105820043,0.18004999721644574,0.33312460656101933,0.39369565513399146,0.3764478816707963,0.4774639002813669,0.5453082907876159,0.4734672109526382,0.44949672823633824,0.38874261741185445,0.2953677474092935,0.2056728670223913,0.1759944439646688,0.14225195490406017,0.1611765859345058,0.156098641255507,0.07523166318093788,0.07581454796529952,-0.012405211746487343,-0.04904506725529428,0.260660046336092,0.6372846553299846,0.6731978229727924,0.7159489331630394,0.5835107394556189,0.470912136669253,0.40147376124163947,0.2997307117757897,0.29823742868153325,0.23465346092029038,0.2148979147030452,0.1733672691973125,0.19785899862922107,0.1631701726906506,0.12121221735038712,0.047146996768988425,-0.08335239930855859,-0.1871254946258068,0.2932482678288009,0.4232002479748652,0.43874100333094534,0.38858143978973647,0.4116805216527515,0.4242811197772569,0.44536125350268296,0.4705833392265186,0.45812755993035714,0.45584688087655434,0.4514217917418675,0.4574142423338635,0.4481319981788132,0.4547676596683627,0.3830259216432541,0.17328331089322901,0.14339741617809632,0.0,0.0,0.0,0.0,0.0
2025-06-01 17:56:59.277,0,0.0,0.0,0.0,0.0,0.0,0.0,0.6438132283028081,0.19406140587836215,-0.056288740707102713,-0.10475319168357167,-0.0934235828128055,-0.02624397374678411,0.09060053165996262,0.1768880875620229,0.29205044574238836,0.40309089564725253,0.5266031590259432,0.6270074200600418,0.6834938595201743,0.7050498473973362,0.7685670068783493,0.747588478181531,0.5451129466251351,0.1487649001746134,-0.08144229181677465,-0.1652966790423389,-0.09589255627236337,0.019362575183643482,0.18196974117561004,0.3180702752903941,0.45761995042528847,0.5482467759727911,0.4281552873343458,0.6961758628691835,0.7454224114672012,0.7933512406699649,0.7983390467350973,0.8215756936330715,0.33319204867800484,-0.060064163793937975,-0.13417352423434437,-0.2127776791124676,-0.10264917227239434,0.02985650617944513,0.18360156117608395,0.22620511029488255,0.27343196161115446,0.39326189739770956,0.36748942026052767,0.4359233041946121,0.5676681859300313,0.6343584624435574,0.5941660270929187,0.6443606995747266,0.30830577782109114,0.11624453414913419,0.06356721248997155,0.03299892536474358,0.08051258134912032,0.5505575026236593,0.5821818926468665,0.5262758939296808,0.6280081051813539,0.6499682430488236,1.0244379320696122,0.5610270629827089,0.4849640366400872,0.3883655285722515,0.668584125106806,0.7445502683277141,1.28964697250702,0.4099759871650295,-0.07637444304680785,-0.3429563760402843,-0.18256482567332122,-0.07891409261023608,0.10316436832451625,0.22129893071295514,0.3522018628936463,0.5051310131507591,0.6612449919315244,0.8031880753167542,0.9203605047781355,1.0261698661608463,1.1548465239042611,1.2483700666383264,1.3511472620593088,0.46929697187583147,-0.6135574699725286,-0.3393787804113826,-0.028306684808039773,0.18904314114367415,0.35662728968915625,0.47289537422717,0.5590136973155184,0.6330245372310352,0.6112890056967013,0.6954374181453675,0.6779908178626238,0.6818956053085931,0.6829977831415232,0.6320800635590083,0.5228626351017448,0.16247658894218986,0.09281828461591268,0.19352565178263892,0.27179761393542523,0.30156973886888383,0.28902677820678613,0.28291682888172565,0.2721697815473769,0.2756380263892493,0.23993069151095514,0.2404298230659796,0.21980354061718166,0.19016015087402072,0.12252333908831259,-0.0003590415070139352,-0.06568945967438303,0.23704575820057255,0.549718390823634,0.5432124526309408,0.4951243698646237,0.44923080117478603,0.2887602465423003,0.5595930121696673,0.4847355943125382,0.0,0.0,0.0,0.7466124661246818,0.4515043754823481,1.1808674431877062,0.7858961430209296,0.37745877764439806,0.25198241060102117,0.47267786154206154,0.4268190654939507,0.34995467959859494,0.30889736095801834,0.4379832464060327,0.5480465384928062,0.6640136362072941,0.724155867988804,0.9596308599332057,0.9897346948301555,1.0078150598333229,1.0614575241908975,1.0677648849853685,1.1385749817447721,1.2593708412258144,0.41178397851387993,0.27651081969464175,0.2351523259809416,0.36562367830991027,0.6287191678658346,0.8865197289105602,1.0983550213784783,1.2225041955945783,1.32183963620412,0.6155097111817778,1.4597850288839012,1.4464834930189618,1.4039221914104678,1.299727948075808,1.2059886013996528,1.026943117431843,0.714621339982709,0.3092368296184479,0.37808971124495294,0.6032728537649668,0.8345909596771572,0.9872590550894274,1.1023800197953952,1.1280115214893958,1.1728975058021458,1.1285772355834491,1.0886613709760242,0.995461410665977,0.8799184410529498,0.7869761213286934,0.671182348347954,0.6019543886280087,0.4656578014164978,0.2876045897270247,0.3011735993879965,0.44570253310188945,0.8528459374697231,0.7342898569285407,0.1320465534885249,0.5516429202556109,0.48691844209965646,0.5951329405003675,0.5737427884154409,0.40086999275991614,0.4361796257011632,0.6252060782348322,0.23053258236735982,0.3188560510507477,0.3661496919911709,0.35333464649915697,0.4827976372519593,0.5344884769603633,0.4634085425518809,0.4525794141837365,0.39304835276657335,0.2920250982174253,0.1921452253904108,0.18809706407764426,0.13509890156391813,0.14272952594934618,0.13146238653328712,0.07619701410604196,0.06206519466190863,-0.025495293186731716,-0.019565740629969908,0.2520191438004616,0.6498234581630747,0.6885155565658354,0.7239003822752729,0.5734661137819892,0.45669184240367944,0.3783131274860019,0.2602755891760735,0.18641928132507765,0.20306789686267446,0.16417546967008456,0.13524914208106553,0.14006582939410073,0.11871180044950247,0.07022183134316184,-0.005363019864361329,-0.07394060356264204,-0.11507120562205037,0.32797110982957717,0.4336703731159981,0.4595806984433104,0.41595194815560355,0.42288766283240253,0.4228570775867979,0.43545842885336383,0.4388700954463918,0.42485425984437963,0.4338083432265645,0.4027417461841718,0.40324942264315167,0.4068692422639184,0.3940640043089176,0.32440495916400836,0.1841774332930084,0.15826512442228902,0.0,0.0,0.0,0.0,0.0
2025-06-01 17:56:59.286,0,0.0,0.0,0.0,0.0,0.0,0.0,0.7421410079592663,0.29998074289465537,-0.009486492141032976,-0.12266746042716492,-0.13558885620982675,-0.06366839846422201,0.06728689433030022,0.16595357260169652,0.2846447554170596,0.3873589340180792,0.5245248781778378,0.6309493056777127,0.6941528808335069,0.724617383547169,0.7873597095800688,0.7952508776409637,0.5937387266816376,0.19218245452770177,-0.10142644674968193,-0.20334006954603812,-0.14650197194223247,-0.01958095886848943,0.1507507662854366,0.290481825806576,0.443599484641934,0.5537440917584293,0.3631337584607921,0.7150865493208122,0.7812194632336649,0.839785255294956,0.8672971955765134,0.9082581047607551,0.4251039443506261,-0.001943694029846621,-0.17211828687532144,-0.29185470537466107,-0.161884608820839,0.016891582219143775,0.18728971060220956,0.21877915176732543,0.27761759717692946,0.40297282070735263,0.40282682788647817,0.450204669268616,0.5983255149523092,0.6643594261332642,0.6135919349412043,0.6971922162249797,0.38163444709066296,0.08706380115343951,0.0026926276899295054,-0.009327284212193643,0.040371590634619814,0.41923350676373056,0.6386701310589077,0.41896686522638077,0.46294247751141604,0.6567847688570773,0.9309099570188288,0.6437644101894032,0.5872698332463957,0.42395813857136866,0.7656047605082437,0.7001664178704572,1.3777742213543132,0.4648136420423855,-0.07310211937324174,-0.3910712980627268,-0.2309270939078094,-0.12576877300026368,0.06402157793160534,0.1805665583095255,0.31860783288282346,0.48625837514353054,0.6516541692512503,0.7986684683559258,0.9310557451572107,1.0527914126315465,1.1851184273435365,1.2949777243145864,1.4203670763362355,0.5448877358033337,-0.6721087351742472,-0.43673174893521893,-0.08935688237945016,0.14054742249156527,0.3233861539195071,0.45497219722573323,0.5555368546061459,0.6313675635462423,0.7100754736212183,0.7037432782448891,0.6970695628807276,0.7073779031914841,0.7046746725527443,0.6647473908092454,0.5635943171624382,0.1468842444104298,0.04319679770725593,0.16743006761341883,0.25343073016036777,0.289784992055343,0.28954303919884894,0.2933920232652496,0.29358481873238906,0.28655429807863353,0.2579995400852906,0.25500670506632717,0.23198176766605916,0.18889739688391782,0.1206314389775428,-0.002390179034911677,-0.06231907037530676,0.2550787772063231,0.5693204905083473,0.5608388675636027,0.5105242569008444,0.5022794473358476,0.3472849178865853,0.6102596397173872,0.4132588704543714,0.0,0.0,0.0,0.0,0.6448066156545071,1.2658592233553958,0.75601572320461,0.4220498460697337,0.3105939762396834,0.49613105338831304,0.43273018733529306,0.35535902831955724,0.29620804990955074,0.4066008902601186,0.5142310469796381,0.6254621642118816,0.6909070172131604,0.9174839614423793,0.9571189008776679,0.9816077025684533,1.0405926297329124,1.054581267971607,1.1236492271040952,1.2526965732259583,0.44064644260931685,0.3041500464173973,0.2491023101893769,0.3784884127006778,0.6294460393163825,0.863623787388438,1.0832079935311811,1.195307755191717,1.2783452183948019,0.9103793279146459,1.4151224357501326,1.404351469985337,1.364299011133476,1.2591864346580426,1.1750503053464105,1.019270068908627,0.742566951514551,0.38883049862218444,0.42533583167734734,0.6458268434183305,0.8544904165166978,0.9915277022033322,1.0929560556282216,1.1157495854295376,1.155326186642489,1.1047324226065287,1.061522288680143,0.9639206816670972,0.8465327137785307,0.7602861747469545,0.6409882862558033,0.5766502049895477,0.4446873153687262,0.31773220855823514,0.39449526968711124,0.516535604375511,0.7816130621768421,0.78596176202577,0.09402809649524063,0.4166172265061322,0.4883882036173643,0.42894123056017575,0.6572300305069148,0.4680178771773928,0.41733148419831856,0.5721312209569356,0.2642641722452913,0.2813900485029252,0.29185641331584383,0.31169412851847644,0.5229255747499868,0.5957240220047699,0.5431273316127597,0.5052342320549332,0.447436405623862,0.3519384765705045,0.19870116481837607,0.20546422887536742,0.15285777052688032,0.13717121064602944,0.0997476594818536,0.051656384614582884,0.03396848365107996,-0.07011588025901411,-0.027372394385833332,0.28524330875238807,0.711816882663908,0.7489345193125034,0.7719309134727602,0.6536947634897705,0.49545481282036175,0.3890566228002259,0.2545602830846383,0.3194309499238922,0.1782913388072649,0.10832313608270816,0.08076513073726588,0.06407946093000183,0.04420476501335546,-0.019116864816635437,-0.10354880569495278,-0.07049020260671174,0.015058457902254574,0.4172956201801727,0.5086696556598762,0.5275584736323713,0.4800693106916336,0.46266769459532164,0.4650316271196191,0.4529877015063162,0.4146732985193442,0.3980513153115721,0.3888012586762999,0.3429180968434786,0.3168951330015174,0.30917286795041554,0.2980534884540839,0.2512411984949662,0.25058720905657295,0.2704293537071425,0.0,0.0,0.0,0.0,0.0
2025-06-01 17:56:59.287,0,0.0,0.0,0.0,0.0,0.0,0.0,0.8281584315213802,0.37939658791623343,0.04553724922147889,-0.1457552376843168,-0.18713452411007248,-0.11673384682966936,0.028700626322410328,0.1525025030745082,0.26600963706599956,0.3878955606987705,0.5135986043942442,0.630871231308505,0.6999999778698389,0.7436954689927601,0.815818254619089,0.8603209200442185,0.6481176622931559,0.25685006488759426,-0.11199601161646666,-0.24674876435321802,-0.19898036068386138,-0.06838728754583157,0.1107631390129511,0.262773356392882,0.41828478533380187,0.551516768939408,0.4170619102621501,0.7331464195871221,0.8126882386959366,0.8692099863653736,0.9205077132672899,0.9892816400146397,0.533870997007128,0.08449331058900628,-0.196498697813899,-0.3576361562867276,-0.20314527476857824,-0.01260240009061464,0.15642051553781444,0.19678968361814286,0.2772192186412925,0.354527447402019,0.4338762859877259,0.4567322367220866,0.6036028717343606,0.6931367000445392,0.6341051633964899,0.7229188241542817,0.41966555264255845,0.06780410344297172,-0.024176451105177188,-0.043995102563382904,-0.0030920219560990336,0.36288419186304927,0.5883128699001822,0.4079737441777462,0.5728609016659738,0.6660317528789073,0.7945760841291354,0.5084701221121881,0.5231133864058428,0.46222243782641226,0.7210598268646012,0.6764865038261525,1.435994168461503,0.5156731252234171,-0.06702628394774424,-0.43594160087071554,-0.2861404971262511,-0.1806205992632819,0.013763520711070454,0.13292412407386411,0.2709969722347281,0.4472457087666708,0.6336435205949194,0.7879991644231346,0.926873298025534,1.0592705954037824,1.2009202644495778,1.335974767828651,1.4943191146580965,0.626200722486898,-0.6656629441315234,-0.5254775723269463,-0.15646359104349283,0.08183977402669274,0.2920019844674657,0.4229480446229683,0.5307799822911874,0.616857088908427,0.6203842713492196,0.7054610782898525,0.7137968837566663,0.7280357067667248,0.7373029611390985,0.6981061455665805,0.6155052514093997,0.1818754497220058,0.005288468604528029,0.13443282269774537,0.24055570449900743,0.2858681133335186,0.2968989737969563,0.3079174233469457,0.31242090941896894,0.3079570374434877,0.28219573848530555,0.27497176809738466,0.25576197614636165,0.21260219841621875,0.1365530479786622,0.01085573118452876,-0.06660777125958262,0.2686137767214039,0.5893442729073862,0.5815129162834844,0.5281259286432716,0.5243492566356138,0.38913199592816333,0.5140779346331201,0.3158299453223339,0.0,0.0,0.0,0.0,0.7246902728382854,1.1676555809707547,0.7410565549806386,0.4693174690300327,0.36688760699898887,0.521300857126584,0.44492553380766736,0.3547810843671958,0.2944086352297499,0.3971743547085691,0.49469790041937367,0.6128185626665168,0.6829747082146174,0.9123745816229669,0.9519829558459922,0.9841209478189423,1.0442440392201384,1.0577183226371474,1.1426701057137543,1.2965956378152972,0.47116031650259727,0.3116863540304151,0.2571633376798369,0.38392979313534936,0.6270329680558431,0.8612956703693793,1.074583556736731,1.1843605107978374,1.2563878564732482,0.7871462864567449,1.3998121527722636,1.3871281378603162,1.346500745526069,1.2471478158332134,1.1591819832466446,1.017776346042611,0.777031186955296,0.430862218057913,0.44984240760761274,0.66443069206679,0.8731709241466779,1.00176268824557,1.0950498005635154,1.1066166558169883,1.1449020378476509,1.0900921846829452,1.0464298900852178,0.9466527205012961,0.8337545178713534,0.7429412871969086,0.6264929441878665,0.5565543994148153,0.4362580903635373,0.3524994380681275,0.4615058695559767,0.5748336680746554,0.7201164670900463,0.8087056152060365,0.2220261041279119,0.5060549858021819,0.6047199889145234,0.45696911379568295,0.686357312552557,0.5599092733664326,0.4982569391599194,0.4451349143080445,0.27104316592610367,0.24543170350175164,0.23375420302916183,0.29056836898594096,0.566428504899122,0.6741467189663775,0.6274047701214543,0.566115175393771,0.512459883000812,0.4165223369917239,0.25177996511179046,0.22567541766840105,0.1820927136131696,0.127060929438372,0.09409827965067108,0.04519681997625191,-0.0022515904506972273,-0.1105707608647093,-0.022997929294822195,0.3345561770541908,0.7730368710174684,0.803595102422269,0.8373209732887957,0.7356030027347831,0.5693671182172899,0.4402513613036507,0.2976121277170185,0.5385756496547471,0.19284843347760972,0.110127625312616,0.07041519330984092,0.03991189159030373,0.003189319703060689,-0.0710494351318941,-0.1580099496000703,-0.018460476507898727,0.1420196666436907,0.5117448697459015,0.5997089280388005,0.6071645606630987,0.5896121124067011,0.5398739839987219,0.5401811971285126,0.4934425996619667,0.44022486944724637,0.4101441929073324,0.3734739896853938,0.3196071872342139,0.2635413696930541,0.2378035709382743,0.23131316158395493,0.2594530205468205,0.3581280067461572,0.40793339047801713,0.0,0.0,0.0,0.0,0.0
2025-06-01 17:56:59.291,0,0.0,0.0,0.0,0.0,0.0,0.0,0.8979801049383035,0.42501699983414165,0.062071859552898234,-0.1730630526817698,-0.23962147067760997,-0.1490847240177342,0.009018431490557699,0.1421470739549544,0.2723091515599759,0.39634904571417784,0.5286515935475911,0.6585350391568786,0.7250428717578425,0.7875623741648274,0.8660192978807494,0.9322248364077202,0.723241985710187,0.28033971246788897,-0.13337640369675885,-0.27644419151702715,-0.22326732917056524,-0.085588267728538,0.10167947468803384,0.26548421696010793,0.42740265691958523,0.5799061267908561,0.49903581570335986,0.7766913053381878,0.8617470275239032,0.9257620393732299,0.9912527184363806,1.0870824441839377,0.6586638189647995,0.10488623445928591,-0.2498853296712621,-0.375758939155332,-0.2509697439116616,-0.038063819637548235,0.12637660221841673,0.2153228552776547,0.28559557896772714,0.3730447176108995,0.46896014936599584,0.48766232258070363,0.6359010093009966,0.7180812781616213,0.6571649335618814,0.7591408832372124,0.4601095858312314,0.043250817605711755,-0.06783555535748309,-0.07132014122953056,-0.026247127502092793,0.37739760412340356,0.5526166159918235,0.45390139158405257,0.7571655979463182,0.7523008731626923,0.6560464722769352,0.42024634678763473,0.48265336967943234,0.5202470440976683,0.7863699069836514,0.8105479513158859,1.4718632406822156,0.5388933016606957,-0.07508410788529774,-0.48544036256228107,-0.3332762045878437,-0.22792764773565133,-0.04036244595722138,0.09143220612497305,0.229912341282277,0.4112525078578324,0.6092455772568386,0.7631437877845957,0.9082749759507495,1.055513941358887,1.2170051340405672,1.369522382355476,1.5625293286461739,0.6692987127732528,-0.6964315827327154,-0.5998864917442965,-0.2260396054644449,0.029799664855242103,0.24548869852677258,0.38460784484811894,0.5016283450357752,0.5968466425261318,0.3650527400944426,0.7011116959277486,0.7189990286001507,0.7419976160449525,0.7548653545838547,0.7263272996332648,0.647639406359875,0.20283043309655102,-0.0315563833525343,0.09415857976971376,0.21748305396038714,0.27124134511348363,0.29794151842169625,0.31626725619420126,0.32938435522718823,0.3217911804111677,0.30907811787937556,0.2976593710725073,0.2806056906907526,0.23822975152062797,0.16047307420711798,0.03543574387121595,-0.07056663178948736,0.2663701639925944,0.6030393841647588,0.5956000145481946,0.5512019171562967,0.3964713520216652,0.4344521172710801,0.5985305942409045,0.1997297133960821,0.0,0.0,0.0,0.0,0.6451998351774697,1.0379993959393632,0.8253790204973169,0.4712309825078249,0.39579498361564486,0.5396203750879871,0.45576310145702653,0.3571306996026674,0.2952231784026127,0.3889357610476609,0.47298910648019277,0.5937378065073768,0.6567360934912747,0.8861165712118302,0.9283728405465026,0.9651074934986439,1.0355075578200057,1.0467050606440182,1.1282760042607307,1.2877662464833337,0.4781910023160424,0.3228027827111295,0.26876107894428203,0.3877779600114153,0.6223964510288682,0.8445887205309064,1.0532823478260065,1.1619028202266943,1.2270374368486363,0.6735077547878869,1.3703971465139366,1.3493586148038035,1.323407373297067,1.2120810336227184,1.1364806290741722,0.992164968944471,0.7712515167108316,0.44956708962648606,0.47961858269515545,0.673305638169027,0.8843611646671348,1.0051465275639366,1.1000822620319033,1.10192160030616,1.1167042311352966,1.0697524703490435,1.0174142865890796,0.9214380842032505,0.8041339758200002,0.7166358228359933,0.6045037364564826,0.5274240505294436,0.41336712554490673,0.36128549917012687,0.5106257405241608,0.62801306183478,0.6164211138950191,0.7597113566101233,0.2873562440437205,0.6124363742177888,0.6800132187387169,0.40397924134914487,0.7805420602168884,0.58279178641348,0.6273212579513107,0.4554643096034786,0.29141397213410103,0.20493870654463026,0.19100681458699614,0.25067834120869437,0.6195681503458521,0.7444391480757824,0.7019576180224144,0.6111749845414967,0.5584925493314408,0.4684795924032126,0.2693997518803193,0.22446573055739782,0.20239169247954591,0.10846164078768594,0.077976483912928,0.028098690232204238,-0.047830170411832906,-0.14757506072870946,-0.03010764429832774,0.4173153850553725,0.841920604937606,0.8726976840445733,0.9018659138283976,0.8139115685318894,0.6191834415483282,0.47454590566553123,0.31523755254058217,0.6260751575301023,0.18310709851726226,0.09379799981601811,0.04653918332598006,-0.009074661672868856,-0.04838859426031483,-0.1309552851685809,-0.22576686226661186,-4.073227949741298e-05,0.27898639232341016,0.6009442117986656,0.679091796359537,0.6992004375370464,0.6943990349213713,0.6175127542644119,0.593185931320559,0.5319880460756388,0.4574193436551153,0.42028448817688235,0.35657196657726486,0.29474263592880745,0.21914909585878817,0.16789504790359033,0.16845227772902632,0.24538129878133974,0.4570718061335367,0.5665690909586454,0.0,0.0,0.0,0.0,0.0
2025-06-01 17:56:59.303,0,0.0,0.0,0.0,0.0,0.0,0.0,0.9616513209316794,0.5025477941093133,0.08089235799492345,-0.1838673819495985,-0.2680368418385173,-0.1616561776861345,0.003189905847825192,0.14328466091949021,0.2777562568923101,0.4063763834505121,0.5522884190836146,0.6920050361983955,0.7597791310089499,0.8306071150002908,0.9096540713070352,1.008413761309403,0.8049390921949162,0.3127303594881679,-0.1431569105275392,-0.288418959485956,-0.22300162949818358,-0.0677260249514351,0.11564553166760128,0.2923834391901594,0.45152405396595885,0.6253702833876147,0.5519511188238716,0.8214889504524882,0.919292880120707,0.9904598868424587,1.057761415922043,1.1830589074426006,0.7891169045116515,0.10480597790401208,-0.3063659299411586,-0.3899105868422449,-0.25850853423633047,-0.019275247926060723,0.13774757654419711,0.2720345687119785,0.3306599717344114,0.4381174237982075,0.5485454571586548,0.5538923484347785,0.7007889330658638,0.7301230857742425,0.7083477978156199,0.7999500085183766,0.4581838705571718,0.007253935897791136,-0.09000312562124807,-0.06932437083736365,-0.01083049284468629,0.4511889674528878,0.6605132289253822,0.6207082677517215,0.7381791733323335,0.7007086181590843,0.40526629739638154,0.464099496270867,0.44032473419917456,0.5014144782404295,0.874421040018529,0.7816778507698064,1.4715353777665772,0.5420013618873781,-0.0770074113126944,-0.49798944991127625,-0.34453772197936905,-0.24579474921801903,-0.06281042822983007,0.08469118527303476,0.2194478125336572,0.4115149592819123,0.6088619291493267,0.762168287730502,0.9143230616198422,1.0752883183488302,1.2442165930073101,1.4065368856940785,1.6308700439627501,0.7115408956978855,-0.7410396521539265,-0.6558229866774277,-0.271681700927237,0.0006100221206699619,0.21622384717662935,0.37727655520799974,0.5061630698699893,0.6026300616218065,0.29560241347841304,0.7194893120442665,0.7444627198970551,0.7749004138278636,0.7840799406911997,0.771160879136505,0.6981699434172284,0.2274184404372816,-0.07053123858787458,0.049838297353542504,0.20479208828369821,0.2692573456113003,0.31543677252019164,0.34324798125699596,0.3682401165534732,0.35740175098207616,0.35419104533822954,0.35104106810955993,0.33332307604184064,0.2923038225628054,0.2185816470065457,0.08395384870825051,-0.048928107153243,0.2462585871879529,0.5934274116633619,0.5983379939265427,0.5689475826197494,0.43974490633058944,0.5647071055900124,0.7016686351600019,0.1885583211871551,0.0,0.0,0.0,0.0,0.677885546631918,1.0491247336540734,0.7232204680208227,0.47009223395340727,0.3949470132321084,0.5489272319055357,0.4628185896720009,0.3741691679484448,0.3147424566229273,0.41450722609131985,0.5033227550867929,0.6207014098325501,0.6882547738365918,0.9070353444529164,0.9428997383396633,0.9811277055996772,1.0486210024637084,1.058302262062449,1.1226085222396316,1.2559498950940229,0.4675303348825467,0.3296491544803042,0.28280533401287433,0.4112549988594847,0.6494240360430708,0.8620285956903739,1.0826753398201383,1.19909923313048,1.2461378521543895,0.7262691714633294,1.3781414722849465,1.358188771445998,1.3372208528417813,1.2035510667000713,1.132075113306726,0.9818031633051073,0.7541530257753332,0.46296308807847164,0.5017425262680596,0.7040465333847741,0.9203230264240254,1.047476789961861,1.149011962339337,1.1417536457104431,1.1484829599515276,1.0924012372653968,1.043709107508238,0.9286526917310688,0.8114242422367045,0.7158102960350132,0.5977061441614001,0.5085440955751277,0.3905507891550191,0.3399574524789989,0.528276331535871,0.6812555811667563,0.5884121237227307,0.6522474983516364,0.21210350190236282,0.7110826580682322,0.7662673347140858,0.3371154539895991,0.832199330349527,0.517112663609393,0.7573443980714951,0.4315119796178065,0.21156089893509464,0.18718198680321668,0.16505554668210476,0.21311925790848263,0.7020547780819002,0.8316758411989651,0.8129723952819913,0.7210501780732474,0.6495803398140587,0.5508425105542938,0.3335328559392292,0.26099121282863424,0.24535694171152445,0.12850856285503198,0.10084731803233637,0.023501665233579994,-0.06283656395747439,-0.16225157265362278,-0.02704099768535445,0.5145625795353941,0.9266343923447816,0.9504306522163393,0.9992486480325485,0.9299668074450287,0.7346388143345868,0.5499719239593717,0.3822171126673999,0.6546412275024338,0.19280262098082668,0.08848378402558499,0.03101760941893139,-0.042679958394299944,-0.09511254179591411,-0.19726482309146937,-0.29625406905596197,-0.03274424715536678,0.4180323153853882,0.707234792269885,0.7697769933883921,0.8174251056604962,0.8187283200497077,0.731938929474039,0.6763588088138155,0.5861607876822421,0.5121523354406461,0.45963162940003577,0.3613898883822628,0.2876051540337965,0.1989816677024704,0.1187501221188424,0.11290789070543011,0.22365328296653053,0.5292624734431689,0.7086554692993914,0.0,0.0,0.0,0.0,0.0
2025-06-01 17:56:59.303,1,0.0,0.0,0.0,0.0,0.0,0.0,0.9184029174361069,0.4857939005676468,0.06368255252640798,-0.1734045183609359,-0.2503718027810542,-0.15348018532572494,0.0038530500788925837,0.14192275432012447,0.26212859751834705,0.3906395084294876,0.5376311865224019,0.678829301236941,0.7491694126661455,0.8234325810991924,0.8880604289108128,0.9893729010686049,0.7940380832611549,0.29967094225554186,-0.1433006027509976,-0.25917018390395075,-0.1847174657499403,-0.029464419598718372,0.14480154751855867,0.32200350087645324,0.46168031923709085,0.6386471309675894,0.55442758690168,0.8186509772165357,0.9096423199935653,0.9753402470198577,1.0377775495417376,1.1594897278771064,0.7655909051726189,0.06735738163262411,-0.2973383900968598,-0.3472455029330572,-0.19292016952850566,0.04838632362576867,0.16771664963485722,0.28158594900927514,0.34510750844192106,0.46402554454042644,0.5519661831454041,0.5695243300495213,0.7011358782380489,0.7038399709093204,0.7005149477651204,0.7630963040630698,0.3640960383825575,0.005328234336124088,-0.06272329616524319,-0.026980889193796598,0.027659168646760657,0.4272324865798531,0.7557936738885186,0.7339144596118732,0.7268314782485886,0.6111256093669126,0.3054197491652555,0.3819815113637077,0.5198197399345177,0.5066903769769487,0.7620641558974719,0.8064069384717563,1.4638942724412254,0.5550986258129657,-0.032034666799462985,-0.45354225251766156,-0.3095384872775824,-0.2291204311550783,-0.058321385523414815,0.08260825138288341,0.2192135527712833,0.4119480384956262,0.6035273198017181,0.7455386109244444,0.9043686012122593,1.06548275825199,1.2346249415252826,1.399284899310743,1.622281119889983,0.7121891754237557,-0.7779686496544197,-0.6671650660982077,-0.2883614540071624,-0.020117020370949756,0.2030164209531533,0.36769518596295203,0.49907468443364156,0.5927170393028078,0.30775206686086903,0.7155301553342119,0.7493453755781886,0.7785353507249885,0.7836670269476581,0.7752889211390424,0.6933674791104357,0.20207861833660157,-0.07735129552291942,0.03198113854053508,0.20993632971591558,0.27787962479630735,0.3241008821755995,0.3525977834688301,0.37867274828238573,0.3671273768219516,0.3672675980137192,0.3729988744273054,0.3470045462439135,0.31833888867937854,0.24143277881704373,0.10508165524949586,-0.023738715038675695,0.2614091396227824,0.5942874622667393,0.6070983487886079,0.5720052445751349,0.4468928478131237,0.6589036299140689,0.8036344606304158,0.30495998081026876,0.0,0.0,0.0,0.0,0.7031667445579675,0.8147977604710275,0.5044478697956378,0.5203081162833993,0.4201173383478786,0.561615753342495,0.4703862746429595,0.3881166238496577,0.3316348574556005,0.4276461566737604,0.5194720880980066,0.6452357781225366,0.7160615163786019,0.9319421256872724,0.9577570805963789,1.002791401205096,1.066734639563636,1.0870847475633543,1.1575915364054354,1.310194064025882,0.5041456595890881,0.337369599139279,0.2860064096393551,0.40622082973394225,0.6482204675099885,0.858849348835089,1.0854140314665162,1.2073915660070658,1.2519746709676614,0.7738726467732424,1.3912257690729568,1.3898861644760578,1.3633396988297115,1.2314932219248145,1.1655219699194914,1.0203848995824538,0.7940752831746581,0.4713055913205224,0.4783503691687253,0.6879281402614978,0.9030528384221443,1.038313015963466,1.1507551161770349,1.1385298936442203,1.1660249264212643,1.106362574634146,1.0757930645044804,0.9456133217630504,0.8399772342800765,0.7348727624360494,0.61938904017813,0.5266751555673169,0.40930347676391693,0.3433234398735445,0.4959022615921397,0.6614704795213687,0.6126013634145833,0.544189516058473,0.3143528313466062,0.9507532124474211,0.7483331384236593,0.4472205571927155,0.8300895216745985,0.47015929603551915,0.9093980318533671,0.30099734781168785,0.150426481403219,0.2059123985288182,0.17671415231375426,0.2152662349158012,0.6888013976441856,0.8381436292717184,0.8439625760898012,0.7624606520119428,0.6646928519959199,0.5730610773957179,0.35753972678945334,0.2829248110107223,0.2748794443697613,0.15284773463566936,0.12337458158734793,0.028610353175216652,-0.04720373683840051,-0.14878412016211034,-0.02156505067537534,0.5684011861576586,0.9480845521194274,0.967020546945768,1.0260641539921842,0.9578860442456889,0.7804799330192416,0.583942112906785,0.4170534133242747,0.7822643598358102,0.19581513510357218,0.09311937151686744,0.027873271693331203,-0.04214495547360997,-0.11064614181521037,-0.2085401423111582,-0.3184203069985387,-0.0508622334796614,0.4535528492414185,0.747403679089677,0.8103257255895177,0.8453196365305591,0.8529437936719186,0.7727332486820613,0.7073899732576603,0.6069196613730838,0.5403659793763389,0.47929734723621165,0.3740986838163849,0.3073949345738245,0.20849137252713745,0.11178899930560915,0.10238306540435099,0.24984812326348016,0.5783881428158516,0.7768163308564813,0.0,0.0,0.0,0.0,0.0
2025-06-01 17:56:59.308,1,0.0,0.0,0.0,0.0,0.0,0.0,0.896723765277896,0.4619323796788086,0.048640437262059744,-0.16867774837018923,-0.25207453525282975,-0.16039559235177414,-0.009687307786594102,0.1258023980084636,0.2449686301061217,0.37857513804686826,0.5259354029694359,0.6653534439164387,0.7413318476140613,0.8181227660122012,0.8746625432705999,0.974217512626291,0.7877992343705064,0.30947696442627465,-0.12707885033405308,-0.23882154188621285,-0.14900646975845566,-0.0055611114793745475,0.1602499669142632,0.33826253027975883,0.4687460204736611,0.6387204035292231,0.6695418275262031,0.8120790372191816,0.8911593923688008,0.955121412577631,1.0106039101010693,1.12461179759004,0.7376349736769658,0.033510682448446794,-0.2879269085123338,-0.30783838472356606,-0.14020449120588863,0.0701620362715707,0.1697869262281595,0.29536790971240423,0.36843308770355065,0.47097924109799827,0.5244506665247224,0.5458255349121582,0.6787971840419366,0.6658795709829755,0.7009186358128542,0.7333006588056021,0.31156695878645235,-0.0037207304296249383,-0.04529144269595031,-0.008005822050704436,0.057025880708410304,0.46046372984816125,0.818382679945272,0.8014632157891852,0.9020380515074842,0.5665828774707291,0.2963605049991246,0.4146782622844004,0.49894561804069976,0.43608335701949885,0.5779354256974392,0.7701407287587827,1.4399218250556967,0.5560521584878665,0.004596024946181387,-0.40835593952971694,-0.2813507633984891,-0.21283718827625808,-0.05479678388049347,0.08005584601602433,0.22210371233834558,0.4028960847405707,0.58600193532046,0.7285515611532438,0.8878014652026845,1.055535282318948,1.2224542080524914,1.3845016477018257,1.5901588498416466,0.6940349169511673,-0.7952491571607099,-0.6612442717502388,-0.2921336213985819,-0.025316777459647888,0.1907964035629348,0.3613812698679557,0.4946990082788907,0.5832872753431186,0.32017666191147026,0.710909486842098,0.7379420820763,0.7686661160133884,0.773961276345911,0.7679185551482886,0.6690381225573188,0.15554730152834118,-0.07841646061387275,0.03516948707289558,0.21497426397330544,0.28409869797431564,0.3284024910822103,0.3580516673410803,0.3815856735318932,0.369346297936642,0.37557870334863863,0.38221646518651764,0.35449260785150116,0.33044023838849745,0.2544066115097402,0.11206494372650122,-0.002789210449492152,0.29076454984096656,0.6010893134978325,0.620101722315733,0.5782593184767717,0.3955731206223693,0.601487739855211,0.7703328429878145,0.2778545476893097,0.0,0.0,0.0,0.0,0.599615164440597,0.8501952415256742,0.40171746460259883,0.5675686463735502,0.4456706486250575,0.5700512673460331,0.48290668951749377,0.39556424178986205,0.34714402632079255,0.4448777787954943,0.5320105521666734,0.6666417450978286,0.7331010334922956,0.9428880055947935,0.9625428737161053,1.0159097010997626,1.0808379175267921,1.1082835538049425,1.1855653804612027,1.3688251373937348,0.546766278569364,0.3579992195703656,0.2987586841072897,0.41006315036780006,0.6562364183175851,0.8612375201972222,1.0931099708588525,1.2156526650590764,1.2672825942885504,0.6345138463133626,1.4088469646295492,1.4089355501359764,1.3874575275721328,1.2552467667817147,1.19499501674408,1.0587533725035276,0.8478467456595042,0.48991634695392117,0.4868620287914046,0.6705341499481867,0.8913508163992203,1.0269669661562417,1.1561495808759363,1.1421469070982477,1.1712609605516464,1.1175909750952502,1.0958194854069774,0.9644567296330425,0.8646563257938921,0.7552953421009911,0.6474637038133161,0.5489829246488512,0.4349218982568196,0.3614602458443054,0.4784271551868684,0.6491063049431719,0.7342730234302313,0.5197006577067265,0.4277487596974061,0.9720366555091328,0.7715777619529263,0.5887282094475127,0.8490902951909862,0.3171760352968323,0.9536280687942865,0.2874103745827421,0.197332043794027,0.24235310680408934,0.2093661486479465,0.21037683020178932,0.6304586222290698,0.8055077616072177,0.8301256686299138,0.7776932618333507,0.6614652767208453,0.5645623840245744,0.364805898924617,0.3128256562195002,0.2868700913575195,0.17841226192015824,0.15239750776302796,0.0615362806444395,-0.014555857187624532,-0.12344425924171987,-0.03799066782110838,0.5771512955645963,0.9423440236382623,0.9575318882474335,1.0213342427253824,0.9446530098225214,0.780389422590047,0.5938718502297726,0.43015308755142656,0.7316834428140843,0.198190020159845,0.10632657870578854,0.04540101901898308,-0.025064817373074644,-0.09589775674652401,-0.17979052493351755,-0.29251308993268554,-0.07968076489109954,0.4151430329469816,0.7359593713341102,0.8064068636395586,0.8461355080662285,0.8580859906674063,0.793556383059713,0.723454337028703,0.6303060086948808,0.5686324385211976,0.5033606451793216,0.42254885004746434,0.3614499947137264,0.25601474822980597,0.1473895332120243,0.1341334697723638,0.2939727540846121,0.6024355703664969,0.8002667933857157,0.0,0.0,0.0,0.0,0.0
2025-06-01 17:56:59.312,1,0.0,0.0,0.0,0.0,0.0,0.0,0.8459607928260675,0.412668342711909,0.016323397274853935,-0.15057713247167925,-0.2272105457525686,-0.14713208281476986,-0.021359325085542058,0.11476583722783895,0.23347064089993985,0.35313327849291365,0.5076977057437477,0.6393243820850945,0.7157477734312059,0.7814283538130274,0.8408290774198249,0.9143957408724767,0.7351373322641307,0.2788452715048703,-0.1232228421373241,-0.20812057484050162,-0.10533042067356435,0.022629802340179195,0.17502390422443703,0.340039313470585,0.467479138295364,0.6227769001949386,0.693083207129879,0.7840515759555754,0.858949225324668,0.9140423542985604,0.9637266253889769,1.0472899505946192,0.6420234438361474,-0.021224667335141584,-0.27111391444216154,-0.25215327669611576,-0.09168356954613577,0.1017409350704992,0.1924705226028811,0.30736733762128354,0.3769039894957409,0.4798807461632202,0.5176844005609678,0.510847506742632,0.6492930717880735,0.6141904152356747,0.6850227940920985,0.6777332255895621,0.23725375967427326,-0.006719562789499228,-0.01739940002052187,0.035758661658765956,0.12305566927488987,0.5156578885846368,0.7125895345747221,0.7796463197001455,0.9149422989496798,0.5980038475335232,0.307821341449108,0.4654894567267641,0.5600398771332262,0.4155926780240021,0.7486607382471266,0.7576877550709814,1.3719143678465069,0.5385951798996582,0.05778727556609908,-0.3117707804302787,-0.19651374170553582,-0.1521303137501393,-0.020328456790399407,0.10225879412766314,0.2408142979489547,0.41318579354768636,0.5795653937390772,0.7174563572690784,0.8726882373957164,1.0375875950088225,1.1990673552028392,1.339804635671642,1.5205962345321749,0.6427311120125212,-0.8069509107896609,-0.6124284288721654,-0.2604252545142671,0.0016403358445944427,0.20652972665279168,0.37554310675632285,0.5076819311399117,0.5860129755697498,0.35967683439169823,0.7090445081735086,0.7254941304682946,0.7486518128371454,0.7469775661505226,0.742755212360098,0.621671678896499,0.07492750721805823,-0.04793913046827891,0.08948783878455324,0.2545031397862687,0.3101818231272897,0.3543217122407263,0.38152200229985356,0.3977166895442834,0.38595422161549986,0.39101225332677636,0.3902863653867694,0.35795311724760914,0.32231441069124056,0.24314953497212433,0.09704955418141836,-0.005794517871149152,0.34597480321813834,0.6332250970427783,0.6595329967642083,0.6109339707489743,0.442057269398974,0.6359528066286779,0.7924291661303122,0.3540980168855856,0.0,0.0,0.0,0.0,0.4672129109512628,0.8828769752787229,0.48317943759725135,0.5850786331762342,0.48007842613435564,0.591060168751669,0.5116855032490628,0.4281870792636985,0.37482392621988825,0.46552772020723676,0.548770719670256,0.6741420536403013,0.7284764421777417,0.9217755327453769,0.9430106949783519,0.9971441740811369,1.0616029392408879,1.0976496351081768,1.1724687326456014,1.383184992409104,0.588076352701259,0.39948279190601654,0.33753139739656834,0.4351802091755772,0.6731042467517072,0.8667843886644095,1.1035484208312818,1.2216223675096807,1.2644354314613986,0.5578754199974933,1.4071881941134743,1.4014268278379713,1.383513712412778,1.2572305349707094,1.1988030395320914,1.0723080044366466,0.895555064443193,0.5312065031307727,0.5210139924525797,0.6884844356949205,0.8891719292392017,1.017857433511365,1.1574904277818066,1.14042657541489,1.1681405943177068,1.1201841353733886,1.09531940460939,0.9667270324127096,0.8734612599018922,0.7638805474547044,0.6657435988138264,0.5667606544049463,0.45797738913888075,0.3789417968596285,0.4804727050443688,0.643218811994864,0.9254285043852991,0.47459900787164777,0.44598740841953277,0.9058193326227869,0.8612104584198812,0.5371570293260604,0.9205367994602116,0.17105003901497706,0.8468360602243455,0.4017595837158663,0.22160554842784633,0.2673028981901771,0.22843433670142327,0.18583174336992236,0.5944334543989109,0.7612917510111583,0.8115684744325208,0.7835332956646359,0.6738924507251227,0.5596064825570548,0.3861952343182409,0.3293930563266554,0.2944794822977981,0.21954742618284806,0.18118726495426407,0.09360354428470707,0.015253904262856222,-0.09262603183885298,-0.05439453500796049,0.553189058343529,0.9338453386746577,0.9505696785009468,1.0153406591445115,0.9457866334495988,0.7921074974778621,0.6013676706043418,0.4483159637444165,0.58352832599661,0.20971886490595426,0.12520613943554393,0.0693599725119578,0.0016925540052254995,-0.06625825497814941,-0.14083609471127423,-0.2705170972487434,-0.13212170881184945,0.3500403194244963,0.7018468908388333,0.7875523060431443,0.8475058965552809,0.8533302437843249,0.808083679110128,0.7429962299185657,0.6669452721495144,0.618359062797788,0.5453929973522571,0.4845050562082056,0.4233043503716618,0.32760323622903587,0.21804023472560108,0.1885232990368198,0.306261034244385,0.5837638859844388,0.8023908066369088,0.0,0.0,0.0,0.0,0.0
2025-06-01 17:56:59.315,1,0.0,0.0,0.0,0.0,0.0,0.0,0.8409779930865287,0.4192061962322462,-0.006624941780242866,-0.19727786855949164,-0.2546322798586762,-0.18430791688647263,-0.05592502898264318,0.09069174477154551,0.21350134118566522,0.32684151023739827,0.4871029099334135,0.6100814402977006,0.6910764885148304,0.7568371091882647,0.8243682240856081,0.8987445830696588,0.7104613072239068,0.27088683017486076,-0.16469451567590293,-0.2450156775464537,-0.13768869935341277,-0.011106593882148852,0.14409762031024553,0.30226677640339683,0.4366686663630197,0.5866898949800996,0.6512763687463278,0.7527995317432062,0.8285454644416632,0.8778968379731419,0.940096002863481,1.0223339998537777,0.5975210121800234,-0.047704761226816356,-0.29681749577008404,-0.2763072315661331,-0.10437612822039455,0.0929211643196759,0.17061314606096212,0.2780069079195093,0.35550348009614163,0.45151110764321545,0.4862351652850052,0.47899078262017125,0.6355002365828711,0.6003992689144468,0.6832810927222215,0.687776688336071,0.21789831034432566,-0.012102278136565142,-0.02515192907854724,0.03160406966343121,0.12129545576521128,0.5822943053729754,0.8372803967388915,0.6226135382683375,0.8316785361326098,0.608897215484071,0.3776924963655114,0.4782536291427629,0.6053001969365179,0.4630338454402462,0.8268453146146688,0.704879067350281,1.3513033155336662,0.5354201298433368,0.0823384331721757,-0.25063330105963866,-0.14620152210279747,-0.11453848887538376,0.0074114950916150946,0.11620238391803395,0.25245238309162965,0.42525560566356546,0.5785026349986768,0.7174204554796815,0.8734505674701852,1.0356565433769727,1.1847538086178993,1.3234575915116933,1.4894577104644144,0.6352359852742337,-0.8054719830294275,-0.5905149005643497,-0.24643334286171426,0.004801811716450999,0.21794238511253194,0.38036948192691744,0.5139581582761075,0.5887857087927177,0.40778965943387263,0.7080492976837303,0.7248593111606406,0.7383032531736243,0.7298182014221742,0.7252580283177279,0.5968247892477997,0.027159375687586876,-0.013278993469158507,0.14276592014900058,0.30074669302498713,0.3485380417901289,0.38953324322669425,0.4103105985400841,0.4207945705892895,0.40947442458472083,0.4013202053289322,0.4023091644288477,0.36106598297266834,0.3101685919819255,0.22454124606127668,0.06673283944050057,-0.00887256327047542,0.40250971052942985,0.6750781689550417,0.7082927219920221,0.6524158533858824,0.6938125250036555,0.7141345392461174,0.695713569996198,0.4130553016606221,0.0,0.0,0.0,0.0,0.3958081656706389,0.7914607967866605,0.46991531436606704,0.609463847600204,0.5282441951488446,0.6208875615142491,0.5518705585922219,0.47465593439485454,0.424956287690639,0.5064778461591255,0.5873795660077681,0.7025710650860133,0.7514047825535024,0.92622169071399,0.9413070540973245,0.9894070722339496,1.0459581575293555,1.085816647174316,1.15721494712861,1.3841616175828377,0.6263051611368847,0.44934718189730505,0.401812214717425,0.4916163383004435,0.7248890115597051,0.9189201628633943,1.1531610917892392,1.2603130817739279,1.28904448124367,0.6470990649550119,1.4108024847591074,1.409198531715799,1.3706193315973587,1.256974262065195,1.1829472450294787,1.0629789953507878,0.9403948007373854,0.6091376229181735,0.590660794294308,0.7650631240319314,0.9478389693813756,1.060147098254289,1.196854852653333,1.1662970813462932,1.1955440663422539,1.1346410173819255,1.1054506582856694,0.9635656826672091,0.8693737003070473,0.7587550616776415,0.659782754224184,0.5671610030814617,0.45791118141879883,0.40003215434627754,0.5297995415966146,0.6865369119492933,0.9099679913522144,0.40489514579532915,0.5533118744502694,0.954412727289831,0.9391440501933279,0.5835451796843069,0.919638110632746,0.1662622621630228,0.78581550467189,0.4493647360060352,0.243608830227411,0.2662142899690029,0.20621866191942007,0.1714278490529354,0.6119046256055292,0.7831252518657752,0.8282100750232214,0.8065987881140921,0.6951463124097754,0.5719419963681771,0.4155931057119089,0.34358496198503996,0.30123235431574824,0.25907826371457876,0.19128816019146577,0.09589794317645495,0.029527848953073144,-0.08838236538852118,-0.057134575192810566,0.5479391889216738,0.9473520484488043,0.9599474737890494,1.03815558789324,0.9770491871565483,0.8364415550020343,0.6364331762478408,0.48199938066003534,0.49919712541899874,0.2314916463090091,0.1511049670487672,0.089845679033429,0.028109428444966666,-0.040723546772818864,-0.12454637364375298,-0.27175526722770654,-0.13825098143963127,0.3495800580943089,0.7087851435573496,0.8007274954213007,0.8634070208419069,0.8919675433145047,0.8562672770285689,0.7960015717882576,0.7152821987487104,0.6804700568119828,0.5781133989766176,0.5395900209841049,0.4656764053302136,0.37480708066338775,0.2675832928373617,0.22284460611127382,0.34461683213124883,0.6303351418504445,0.8470548114502814,0.0,0.0,0.0,0.0,0.0
2025-06-01 17:56:59.318,1,0.0,0.0,0.0,0.0,0.0,0.0,0.9014399906668547,0.4533996601698026,-0.0005439487110399099,-0.2559530678554081,-0.30669093742916154,-0.2362819699513986,-0.08212751827564047,0.0697679349386503,0.2122169934092668,0.33767303803348436,0.49336908158300347,0.6150052366099531,0.7029489069211448,0.7717412883569246,0.8509273507667857,0.9289407075394728,0.7346240824345485,0.2858998683073051,-0.20345503962072625,-0.2994286035804675,-0.1832482083660807,-0.055011247820669684,0.1100565978627761,0.2709793968135945,0.42306355047184363,0.565014325220881,0.6549617896878546,0.7485951541384724,0.8195255712528198,0.8664894015757026,0.9368175274948345,1.0330275489335334,0.6006454724865191,-0.05180695494361101,-0.32490564315555936,-0.31183629674067415,-0.1271631522090333,0.06654567013684431,0.15041016495339776,0.2345368704257198,0.32044202798781907,0.41096745455197636,0.4526324649172715,0.45772326568204547,0.6182409759963051,0.597764294470096,0.6755981634871733,0.6985249471561754,0.26990377870836435,-0.002558565283126757,-0.03692145231492694,0.01011968492272275,0.09580328913997493,0.5970699866125513,0.8276605443122143,0.48325716364928745,0.8297177612281574,0.5738454918738963,0.5291028430412118,0.414995034745003,0.5544839197997049,0.46436866010134537,0.8168712276912391,0.6722321734732192,1.3579166959277897,0.5368403196017607,0.09547491199643465,-0.2189564545855589,-0.1335469270915577,-0.0981674181397234,0.022675859426323663,0.12051025201246235,0.2561736728639388,0.4175482245776039,0.5700314249023093,0.7141977942062148,0.8701187151279669,1.027315074903974,1.1733636183577156,1.3148620502793915,1.4814092658931064,0.6338855797873288,-0.7915436506664564,-0.5770280740556726,-0.24098185432678632,0.012789396674893538,0.22808030926340073,0.3829173040612508,0.5135758629709972,0.5933346317842803,0.46430175798117174,0.7047633269700968,0.7168611371233319,0.7281030968584908,0.7134756763584337,0.6995455387301885,0.557932805611539,0.02603044572340306,0.06047967646973329,0.2332860346271448,0.37205316592564963,0.40860301646906527,0.4398146375846401,0.4458745686121155,0.45308279143796026,0.4328257433511562,0.4181376235430121,0.4070109994913238,0.3638745807156747,0.2944990428759757,0.19397445413199266,0.01752767375169806,-0.0416488752552486,0.47277332635592706,0.7385148229995568,0.7686527611943059,0.7069075796586739,0.7668986331708196,0.7311359191180828,0.677793155777703,0.5040035587717577,0.0,0.0,0.0,0.0,0.2643848122500587,0.6210285082338791,0.4318666064573312,0.5793912977107857,0.5626324639107081,0.6572210877198047,0.6056138803562368,0.5296933400464064,0.49965039815409296,0.572541715607785,0.6437236514355451,0.7437066506126753,0.7686878268515676,0.9304894788911269,0.9386266830793195,0.9668618836332532,1.0136729882644324,1.0445105728125,1.0974338035946787,1.3087507256948512,0.6264478856923354,0.5108047700793609,0.4906236016405816,0.5887911286709608,0.8246457824308806,1.012954724078142,1.2419594703588128,1.3236220872974156,1.339875450158168,0.6196159898370743,1.4174811779005552,1.3972906336823052,1.336882875191163,1.2199291956874094,1.1234209297631472,0.9960198709482996,0.9274726197155246,0.6990095324116017,0.7165001129390546,0.8947805016370836,1.067794268120899,1.1577007166238726,1.2774109782483092,1.221363264973727,1.2335084000186178,1.1516842894542259,1.0971256545363057,0.9461030009343953,0.842920242933039,0.72348227111217,0.6203981163222596,0.5258244591607416,0.4164413101165194,0.43337975834545184,0.6518252482513218,0.7988425975971883,0.8074581522554517,0.3047137474941488,0.6302512772700001,0.894449153960004,0.987718195330209,0.6687007591491707,0.9199585870928344,0.22180252049149607,0.7420700468413027,0.4723394300426963,0.3131143803957278,0.22509937537435926,0.14723298462393103,0.1609563232673592,0.6985863847315066,0.8567404908691563,0.8839774144275468,0.8388477599589035,0.7347951925050131,0.5921238027883904,0.4320049735319593,0.35068954582107903,0.304922017752691,0.262538575093207,0.17782521998262335,0.08357349383956092,0.004392697208531859,-0.12098269421512509,-0.09868123162811765,0.5738833650107813,0.9740614572533617,0.9877482931323527,1.0769710576027496,1.020087295212938,0.8790672756629809,0.6846919889870293,0.5159878986963637,0.525680210755708,0.2532306730487257,0.17369743462391152,0.1101618033352616,0.03920557489114074,-0.02956565185173554,-0.11651087360498125,-0.2776809978122402,-0.11619132428390727,0.37998019181678266,0.7386451995469709,0.8229488588567969,0.8855202967329927,0.9460710917103392,0.9043434421631726,0.8442091285132496,0.7625023671100204,0.7129244108399355,0.5992582188750957,0.5721145961502418,0.48412894088795366,0.39115624925758563,0.2851741224727885,0.246926519215863,0.3937877459022433,0.6974836224473199,0.9252996396541717,0.0,0.0,0.0,0.0,0.0
2025-06-01 17:56:59.321,1,0.0,0.0,0.0,0.0,0.0,0.0,0.9965243307899821,0.525211127851843,0.043343290291381786,-0.27407133706511394,-0.3603377517871581,-0.2827022497413926,-0.10478036031651461,0.062376628932934386,0.2268471483546719,0.36656751548693,0.519521292407924,0.6485016600774528,0.7479950730578762,0.8038057542284779,0.9123913814744794,0.9998734216891246,0.7920188533825284,0.329132460566633,-0.2139551071484242,-0.3535973278873379,-0.23685443181238586,-0.10192929073206547,0.07974764878150031,0.25822059737820124,0.42144103651083054,0.5716718346034846,0.633230479733709,0.7746253331806877,0.8449358875695971,0.8993853321345026,0.9724991103299274,1.0970592552327325,0.6591429521780459,-0.026651708733814117,-0.3640918476559848,-0.337781381778551,-0.159799626650466,0.054735129906322566,0.14983771411220026,0.23856617725306295,0.3134820128286091,0.3918304206432206,0.4776321885128494,0.4574973390887863,0.6380234245983764,0.6214546811272048,0.7016343411153123,0.735689250528033,0.36510814176346096,-0.008653873653464067,-0.06695442620860204,-0.028245135632330554,0.06733082346958752,0.5725789379878319,0.794788842543708,0.4437207624475841,0.8906671996566664,0.5080098344429864,0.6163985154744617,0.5223078866355505,0.3834678235020758,0.48915461115975567,0.8335535665324092,0.611696388128242,1.3748274585535334,0.5368329357640367,0.08354792764270602,-0.210956744000667,-0.1390623034509566,-0.0953279037556427,0.019148347530112853,0.11826351059344131,0.254262036108414,0.41010293822741617,0.5649343676828584,0.7128984247943553,0.871358934173628,1.026155945137413,1.17233615472884,1.3146704496775974,1.4921773156062943,0.6459031815934615,-0.7869859672610144,-0.5823836990605082,-0.24388452999457844,0.021345293613580507,0.2375663381440447,0.393841493627586,0.5234315170713093,0.6070935284112855,0.5627011811413296,0.7148858488281846,0.717868419316611,0.730160556304584,0.7138427596515547,0.692227391044187,0.5376239547930037,0.05690862686169758,0.14208392928800706,0.3278683345449289,0.4487461064833822,0.48069395891747324,0.501576503414517,0.4976287883668511,0.5036250011225705,0.47835892012458525,0.45907133683477097,0.42964787516343317,0.38894406001250914,0.2989489193608592,0.18599219054164096,-0.0103126413925273,-0.08780200113433351,0.5279080889455902,0.799895728940484,0.8324940251468627,0.7725760292087234,0.6836571163688319,0.7213454178079206,0.6687196762167626,0.5430095121418071,0.0,0.0,0.0,0.0,0.12589731347629057,0.5989336839868009,0.48887595928108296,0.5020130106727063,0.5705141418422808,0.6900240049781218,0.6587985593446282,0.5913677237573841,0.5765052619104232,0.6438499459483229,0.7209278811399629,0.7995259539176747,0.8026131358171842,0.9454287465783575,0.9402991618564012,0.9385576628766852,0.97559588894033,0.9835420873567979,1.0066930781309897,1.1539300627673943,0.5965964049285553,0.5713325350530442,0.5917072279349758,0.7075754792489461,0.9506933647915952,1.1282286391553478,1.3506591711341795,1.4130395827724807,1.402998885795405,0.5468451346872651,1.4264095017171696,1.371762202294621,1.2927127904142495,1.1549643628290518,1.0353627455985415,0.8914665262779586,0.8854690635684439,0.8017351225238705,0.8753723645710624,1.0692053865568665,1.2297663449182208,1.297716183651658,1.3929305998104837,1.3088428643591412,1.2868240942934062,1.1814842031093113,1.0853784330296308,0.9267685584810795,0.8062808061494412,0.6732954969339304,0.5604577126096356,0.4566794903239523,0.359193032737035,0.4910817863597354,0.8334739127738927,0.9609739375698668,0.7329248553046634,0.2925883130070924,0.5901001832079155,0.7882736662389568,0.9175981566016487,0.6379327891649791,0.9735229310434139,0.33601675609601095,0.6566915616846102,0.49925329468879664,0.3501751092007417,0.15911829110776549,0.07544925953287246,0.2047682312473656,0.8736385183343163,0.9909981464328306,1.0071120361556973,0.9185683610483424,0.8312976629864754,0.6480269632570765,0.4767332859714444,0.3617656838702319,0.3107043747744258,0.2519546713252552,0.16331713839883788,0.06175928796892027,-0.03712802964048367,-0.1680477665375678,-0.10496753768659606,0.6391252821091438,1.0427027763451664,1.0526640420810012,1.1546919351627247,1.1143771230028892,0.9570580330243277,0.7504546811957507,0.5749352969756656,0.5437074482202707,0.29681251859961977,0.20312109173449766,0.12904736850943532,0.04361920479372772,-0.027312793787761525,-0.12870609266907684,-0.27739746898046586,-0.05286945011824068,0.4541390119873624,0.8031317984262283,0.8799083459717542,0.965696120141849,1.0495527986343385,0.9817149845691877,0.9121524350171071,0.8276012649502882,0.7547096095652361,0.6298728558565396,0.58785898753975,0.4907142390439596,0.39429519042607575,0.29331041236159616,0.280950275414301,0.45465881485829573,0.7990159987338369,1.0260552553811775,0.0,0.0,0.0,0.0,0.0
2025-06-01 17:56:59.324,1,0.0,0.0,0.0,0.0,0.0,0.0,1.036331954155778,0.5697539828560344,0.08198133230606819,-0.2935500031020865,-0.4031612056684255,-0.32166461885897524,-0.12812723655855363,0.05126840860255566,0.22369123140042535,0.3822127924715727,0.5345585796315049,0.6705689601871884,0.7724325641288006,0.8230395000828475,0.9502443487048785,1.0472036751185292,0.8256878327153939,0.33400616602035854,-0.23407881562853677,-0.39001290565920343,-0.27258435787589375,-0.12653664685688581,0.06356937834365595,0.2584121284195373,0.42062026115508555,0.5793638692190626,0.4467851346675602,0.7894532351002975,0.8750987076594785,0.9287336580876474,1.0090072383365074,1.1386497410379541,0.7141696803744668,-0.015877439205127464,-0.3628394119902688,-0.33878452274830306,-0.17023314681091484,0.06499458997478302,0.1609041000119853,0.26346861300142366,0.31823315126156526,0.3850159058465843,0.5063947940732187,0.4873376133019175,0.6605894099101116,0.6303604838639658,0.7196126106164782,0.7500647010905821,0.4061480487959295,0.009893483206551229,-0.059046420232008234,-0.0186815010539243,0.05765909745321829,0.6213897159947939,0.8378908083713528,0.5139798376927587,0.7290244249728555,0.42543627467774936,0.6718298120225719,0.4343985784950303,0.5492544421487311,0.5351167883611382,0.8656744019261093,0.6027067305860977,1.3892157133894334,0.5516243433438364,0.08452720454424689,-0.19701068003880162,-0.12501433713659482,-0.07820289148288606,0.021579238948895796,0.13053204446462607,0.25419708177985734,0.41042137311882887,0.5699012933179912,0.7175631782111012,0.876357593113709,1.020343750969999,1.1725892913425617,1.3219149969933675,1.5042345977025933,0.6490466510857587,-0.7865645953935156,-0.5796622044625463,-0.24595420604176343,0.031081272200042198,0.2587320489954761,0.4046228092251538,0.5314718758131982,0.6214439134928422,0.6250739201460007,0.7238250435599258,0.7254391731001583,0.7326608259590884,0.7176851106997798,0.6876297190770835,0.5234546848455176,0.10149568349308176,0.2163297022041356,0.39919818528615947,0.5218145943224852,0.5508013590555698,0.5557028436504992,0.5476489472088013,0.5500635221781756,0.5258023356415051,0.49350831782282123,0.45223723866752863,0.4095921481979494,0.3116223055545204,0.18637634127792235,-0.031877068753700444,-0.1279857504554784,0.5666195063573464,0.8490017723085839,0.8857226537531597,0.829491852642918,0.7039576389321482,0.6306018522345658,0.7699062404075316,0.6759032120620164,0.0,0.0,0.0,0.0,0.06622563485096522,0.40528618167828295,0.6014238247482986,0.43437947234932683,0.5723049640658784,0.72049794625699,0.6976925971302146,0.6508499003160743,0.6407203992021273,0.7088890151383296,0.7969448257420151,0.8569430527932709,0.8488056090949558,0.9734154061743876,0.9532524168676018,0.9259605518143865,0.9452499426341883,0.9295421944866167,0.9318205217758007,1.0036897117801198,0.5728368214817198,0.6234027308874783,0.6740442148068639,0.8077929513319351,1.058634251402031,1.244560522568333,1.4506614436522027,1.4949296700719603,1.4621745736926204,0.586377788636838,1.4379033829460477,1.3581239361739588,1.254175612531993,1.10034730809098,0.9579194787682784,0.7821709514644641,0.8465842824589845,0.8850706849386865,0.9975745529536423,1.2272600995455079,1.3859328966308557,1.4245914764038308,1.497889490709818,1.3902575596463185,1.3451204354861113,1.2131504367522208,1.081467488194475,0.9090110444501177,0.7745188669044939,0.6273633310733466,0.5009106637405746,0.38600185931781306,0.30359791243211204,0.5455312420499189,0.992535211199329,1.0987462804234105,0.5491786614761819,0.24979593191647295,0.6278305666838062,0.8116626379332937,0.7950835530315334,0.5332791114957461,1.0288186387363762,0.39945562831554654,0.658879882327645,0.5477580549087337,0.31904835724496683,0.08421381186117505,0.03158402816851641,0.29009288354364776,1.1060897873186792,1.1398767283795612,1.1605067272543166,1.0107943071275316,0.9219815925783068,0.7093147020030055,0.5283782618606001,0.36777886310590513,0.29978032000180255,0.23103286620557095,0.13879616296733177,0.020782030778390026,-0.08805657223534757,-0.20467209425159083,-0.03868826554079147,0.7499537574501232,1.1340613483521031,1.1376053643785489,1.2373982148136236,1.2125941359682704,1.0510425457219568,0.8309410886913182,0.6395319509791981,0.5288957207942548,0.3305343235258855,0.2243426317442334,0.12613644499302068,0.029090837123831537,-0.055420656194190565,-0.17763543706511775,-0.2992055134253534,0.05282960900373618,0.5969906135831398,0.8983298098722514,0.965368280782214,1.0552602776026803,1.1537422523518535,1.0566988663123023,0.9739281161913302,0.8611629462257684,0.7854697766698566,0.6366932654552437,0.5749819518072101,0.45978064834654786,0.3626476377075073,0.27363021519069497,0.2964886578586881,0.5140889905244932,0.9032916383227191,1.1201122440596853,0.0,0.0,0.0,0.0,0.0
2025-06-01 17:56:59.327,1,0.0,0.0,0.0,0.0,0.0,0.0,1.0193325745321862,0.5591462176662583,0.061377261941240824,-0.31247911710651705,-0.4112575552737216,-0.3284356549955644,-0.11459769837548328,0.05203804003019885,0.22938350138772945,0.4087917128978791,0.5482821252892287,0.6933949722011358,0.7858510543731143,0.8405947832192288,0.9575138893273015,1.0567221069336918,0.8235868693728998,0.29582018647532987,-0.23629622496943742,-0.37695379146302244,-0.2436712035152908,-0.09975843132875806,0.08740194820235736,0.2838941982847516,0.4377380066438734,0.5946165551322349,0.41209789141532127,0.7997494712203607,0.888228672484322,0.9379737601788999,1.0086457198234506,1.1259348930921846,0.6998450720665728,-0.02405523248617719,-0.2949082270956488,-0.297116931031543,-0.13940444131332486,0.0952439138968284,0.19639508383417992,0.29627120873965596,0.3395763615322287,0.40732097466789896,0.5191276283408583,0.5324175757537052,0.6638724427197374,0.6437320689103179,0.7072649142161406,0.7375150129594688,0.39553925032463033,0.06723715230918992,-0.0010441611186076116,0.039307938763032846,0.09054883283113213,0.657177281506911,0.9644652893242323,0.5852511390388164,0.5516921409269608,0.2759035163990402,0.8074499790422269,0.43916609125043027,0.655732314339168,0.51126857142484,0.7010698368895424,0.6118818542782168,1.3805079604337827,0.5520288673467295,0.10270689603456051,-0.1755548847117665,-0.10476934206027622,-0.050272955527713714,0.04977669937258611,0.16266053170867378,0.27259510571930123,0.42708108239657383,0.5800874559394853,0.72540121275196,0.878399237579344,1.0095366569376998,1.1619213336650922,1.3103783374469589,1.475005591562054,0.6022239590349905,-0.7708356934344096,-0.5301368838786216,-0.2072757349976666,0.07199773929805864,0.293109189715113,0.4271223061325302,0.5425081064179973,0.6364426960867291,0.6844403726361181,0.7227707843428077,0.7231072627516305,0.7245888008028382,0.7067906633111077,0.6565801087083805,0.48778790683722717,0.17994216480741476,0.31299292309200444,0.4839712120444468,0.6059937921329552,0.6240727996409634,0.6046428240894486,0.595906893197697,0.5860575818020988,0.5524712754047119,0.5134410518480155,0.46835647409945635,0.41622508393538293,0.3178275790120688,0.1835871659507896,-0.060775570615469454,-0.14321065733179877,0.6014376573867226,0.8843830327088125,0.9267251215689258,0.8668472881286722,0.6080106224404913,0.5134738091634354,0.7627622750456973,0.6977800107891762,0.0,0.0,0.0,0.0,0.17453178241740575,0.3401808150676932,0.7085714733786879,0.39499010911342025,0.5644478592910065,0.7338579640279899,0.7186840846779907,0.6907107688628625,0.6911222374683597,0.7721110424438533,0.8755593746504573,0.9262603956703233,0.9171056594232145,1.0466276378728678,1.0085276032450623,0.9600678827395237,0.9639776019280601,0.9268687751107809,0.9121350136346043,0.9281858518693753,0.5357135507761916,0.6314875462689226,0.7040593205941705,0.8639918049209669,1.1365338629479054,1.3440564084053723,1.54696573754005,1.5750804697186889,1.5502003691527448,0.6869218129061931,1.489805358794936,1.4038895759071268,1.270295723272281,1.1018990459337275,0.9352851077470345,0.7237473598169667,0.7742803494165691,0.8768048159932034,1.0266907925323574,1.300279956342764,1.488500833703848,1.5213051553932704,1.5827493239229171,1.4656022657612129,1.4187173248570493,1.2603634108124901,1.1131385427993439,0.9290308733936156,0.7815104023874516,0.6258796598546725,0.4799842718531916,0.35346577876289414,0.2603473123159766,0.5363242818550982,1.0559838605984302,1.1714855412204557,0.4190857903932338,0.17392541918067114,0.5989756753629245,0.7121017626557856,0.6306778712980161,0.5703026734431611,0.9450863835744474,0.5184302982741271,0.7266096730891002,0.5397728324153247,0.3965461055828766,0.06228176567205146,0.030704831280341294,0.35521762240699883,1.2453044139108278,1.2364806225767444,1.2698363667014458,1.0863652854684718,0.9764104531919175,0.7661518797661913,0.5772468991009536,0.39422287437320147,0.31445151670201654,0.2296682021659362,0.1340473589266986,0.013639582010123497,-0.09727433097983895,-0.2070425188675783,-0.00671453213254164,0.7911880282668384,1.1721387964093692,1.1775780298035374,1.2924129884994553,1.2774184747740434,1.1227593044335018,0.9075360887867687,0.6997650725380178,0.5046851706617861,0.38768116094821936,0.2697508861890745,0.16191962731899046,0.06348474169715546,-0.030339274048680864,-0.17370051260004216,-0.2771787004305628,0.09625496924711008,0.6588392011430322,0.9412273122680266,1.007996830668311,1.099249002928304,1.2112724763921303,1.1157629755765353,1.0204034123466825,0.8963618885197577,0.8124491879564013,0.6652866525065932,0.5943582656529818,0.4712018469756363,0.3699320571435055,0.28426557373576933,0.3080812060918629,0.5378662829144083,0.9172860202501846,1.1252991663984209,0.0,0.0,0.0,0.0,0.0
2025-06-01 17:56:59.335,1,0.0,0.0,0.0,0.0,0.0,0.0,0.9594655529666131,0.4955852789508871,0.003404647059713828,-0.2823175417356056,-0.3687288218345421,-0.29576331208729245,-0.08084394491132929,0.06987627294098897,0.23962542433990142,0.43881604103455296,0.5580656454882484,0.713243204805493,0.7961414401935369,0.8495286650093185,0.9415748583118858,1.0284593906454882,0.7855355064746485,0.25502746629419376,-0.1917401562340788,-0.3097533937895016,-0.16491886546280465,-0.03593139700069825,0.13896138156343651,0.33334553669617684,0.47358858638203816,0.624642190292678,0.48720738116819495,0.8081871544704541,0.8843882760610695,0.9306284427057071,0.9724344130765286,1.0642255998433372,0.6150410202970817,-0.006950532568931633,-0.18839458229062123,-0.1860465615580955,-0.042467938014830287,0.16685008329975193,0.2604971440267203,0.33473957278394373,0.39086999004309275,0.45040243777358624,0.5527390998510693,0.5543774435438727,0.6640571126672875,0.6460601145245228,0.6749316767092874,0.6827803334376508,0.3513572554765574,0.12791452762629277,0.08635214430369942,0.1289243714239532,0.18675269920148319,0.5916766587001878,0.8437549743890551,0.6710863507112408,0.49844340218034044,0.17519631318012854,0.9061477153503161,0.48732608907424124,0.7788901933620993,0.44971176789445344,0.6789627095519208,0.5515824544078503,1.3167750863652472,0.5452403923565318,0.149278209740206,-0.12144650020823988,-0.05791095451429218,0.004723881862666257,0.10210926564629519,0.20618918213176363,0.3040266143889927,0.45177378673670154,0.5906835479490968,0.7274961394467778,0.8697243383137604,0.9857822530099793,1.1301544503640444,1.2583233534217393,1.389138933143271,0.5073711699033701,-0.6951837690607363,-0.43098205827103997,-0.1255767254129767,0.146813200311243,0.3375036713865125,0.4607692746251697,0.5638038255988698,0.6476616236591186,0.7595357041766366,0.7161707433588633,0.7068347024107254,0.6989097628040563,0.676781671359371,0.6075353428902042,0.43248802378681384,0.29661183024770776,0.4340479500821516,0.5967690124918197,0.6923518050983632,0.6937196834201418,0.6544291839334713,0.638439203667327,0.6147785960164818,0.5697744087023808,0.5273079731329569,0.4711600708858641,0.4141463457279151,0.3128913381307352,0.17050941548693788,-0.09137398555966503,-0.1290013684829979,0.6476054607689231,0.9167147112590164,0.9608154287809789,0.8948729662107231,0.3991440690680656,0.4666243980549111,0.6954057526591544,0.7433187075935583,0.0,0.0,0.0,0.0,0.487179622559076,0.3368781605039685,0.8021114520323537,0.3555633881866709,0.5477538279271572,0.7367750292788202,0.7294177490085656,0.7090913700495264,0.7202282215636353,0.8147114280493366,0.9297341546553244,0.9829284129166935,0.9604207002014005,1.1057006820901707,1.0514385552047125,0.9913766859049156,0.9839103351685852,0.9328146244214321,0.9075603662602261,0.8784669838032944,0.4822371227675549,0.6166913633718765,0.7015045084574938,0.8818005395941615,1.1759143022178928,1.3944865992646935,1.6029509234708907,1.6244866861644585,1.6147093917529733,0.704971644961101,1.5447423331779406,1.445639107688224,1.300520212520481,1.1166497824805592,0.9362666740357776,0.691339370175224,0.6674694590545608,0.8034704391354872,0.9969901815907557,1.3029493407670707,1.525576610088481,1.5654933760024805,1.6281975926635441,1.5159575092715818,1.4699744172748002,1.3076310283520507,1.1499862304456645,0.9645976511302604,0.8036668095567595,0.6394285763622183,0.4827446920840933,0.34114249641664546,0.22157537398827376,0.48858874797044965,1.0529287138489454,1.2005055603622528,0.40042373520182417,0.25456328479675405,0.6122870059461574,0.6064526066367467,0.4957221319665141,0.6400422065550212,0.9627678589878532,0.5326274960854462,0.5931892237041567,0.5570093905049982,0.42762757109289873,0.06830858966258108,0.052720804800627075,0.4034903213646721,1.329949938000361,1.2818229435674835,1.3370108126551288,1.1378528248850288,1.0321652653717928,0.8131217581381476,0.6119668315799804,0.4467040459833078,0.3412204251377544,0.23220251324912233,0.1394494733086915,0.03466308498212767,-0.08034246378369059,-0.18543293086225965,0.012335551479705054,0.7852286298762507,1.176712648433602,1.1935114561392406,1.3201051838295181,1.3185484203513467,1.1635264270527395,0.9616135250399223,0.7503665071732419,0.5181443006172594,0.4523688889779023,0.31421265656917274,0.20893223937321892,0.11595660582463563,0.011722977351128483,-0.13253475401544312,-0.2303918823552346,0.0977424316748653,0.6520308176521805,0.9423703943266137,1.0198250735713543,1.1145804465420308,1.2226153651206322,1.139361408380942,1.0334594211640291,0.9302620440877616,0.8306928850575643,0.6984546697833383,0.6137625978645578,0.5086498611867387,0.39966741620664614,0.31223044567474323,0.32807240723244907,0.5310834924868377,0.8703486759099003,1.0820298343476882,0.0,0.0,0.0,0.0,0.0
2025-06-01 17:56:59.338,1,0.0,0.0,0.0,0.0,0.0,0.0,0.8509956814384232,0.3979201874096665,-0.07012318976825294,-0.2519361961377597,-0.31835894077513915,-0.25295650100604206,-0.05520922528039196,0.07649693532969704,0.22888069390868615,0.43011456711170437,0.5403143187787882,0.6932535675726746,0.7663366969747294,0.8158240858433798,0.888279993080529,0.9432259426716062,0.6995023156324126,0.20218004582314264,-0.14490707431069677,-0.23413634163773522,-0.08850636547827295,0.02647941883785432,0.18455881468957447,0.365439854900691,0.49653538046213175,0.6401145574227161,0.4801372236843664,0.7922996909853869,0.8597949122779589,0.9012891650509022,0.9274133857611488,0.9742863746516693,0.4992967501943066,0.015099283941503505,-0.06766026318549223,-0.07194304663747753,0.051225811428003976,0.2398729741563268,0.32306396441407115,0.38474183765550674,0.4476887566352312,0.48592433559132053,0.5799985630600086,0.565336714336126,0.6587421621325981,0.6390756315863944,0.6325371400130809,0.6239096045922661,0.2665502876093612,0.17301251680344315,0.17137370687893672,0.2398032159304302,0.3054257807421281,0.6381697564375062,0.7575405635120606,0.6311496437427413,0.4581484294998621,0.24951150641321326,0.8450001766357131,0.6310652854741933,0.9637404997488779,0.47901047725945234,0.6742215306661327,0.5213661935843236,1.2119740578271117,0.5459102013389079,0.2102901963364323,-0.032088532407543946,0.03158288030857581,0.08256856003843738,0.1715554446106673,0.26297511569274845,0.34086073201515177,0.4777990174340563,0.6059510685162046,0.7265548510550524,0.8520106099054497,0.9584522251446199,1.0819151805393008,1.1928648342217523,1.270692413312638,0.39062901600047834,-0.5783966361505302,-0.3111688489613653,-0.03094791192388957,0.21936530490951878,0.38415896156116425,0.49354320326063306,0.5812731584892807,0.652360011414584,0.6830742962137244,0.7057782861859416,0.685770109838406,0.6649586695180368,0.6381725865576423,0.5569683685491427,0.37489552745907495,0.3726300087174262,0.5200610586851843,0.6951215105706301,0.7568170992574468,0.7446698265047107,0.6905042706017148,0.6645626724969111,0.6297995834309624,0.5772930703003711,0.5290530320236977,0.4629607631776287,0.403499967811596,0.29607102972354205,0.14501642964967,-0.11570968418494965,-0.12030437696935653,0.6825594036630821,0.9350432398723476,0.9848014890021333,0.9150428170146248,0.3822655146852291,0.5478857427946566,0.5125580620619725,0.7636593087905288,0.0,0.0,0.0,0.0,0.6692096427359343,0.3742962264571617,0.9422681863495342,0.3476995479871525,0.5404865303078765,0.7299910903881274,0.7296094381775966,0.7085391436216394,0.7235858254784711,0.8231968914152159,0.9540653985691812,1.010045598790919,0.9869605386539861,1.1447104062456224,1.0815490212215444,1.0190307726310146,1.0080052215446353,0.9596383982616907,0.9330739495658364,0.8977222139810539,0.45471151889702555,0.5863177184270352,0.6707754434661728,0.8579959077614883,1.1674112141454176,1.3943653601837336,1.6110153449954665,1.644093307855292,1.6443009653802354,0.7313432148567314,1.590956516672609,1.4839833088598087,1.349521212132403,1.152567696041308,0.9742519148124357,0.698571416325588,0.6036863014299741,0.7014994616854779,0.9269650181190593,1.2577440704085154,1.4989367622087593,1.5552946245514787,1.6223331307465974,1.539640259434975,1.4945900208806986,1.3487285162467648,1.189005770870112,1.0116134663252225,0.8372304761614134,0.6757148057099509,0.5124621206440299,0.3638482158879692,0.21521086996292627,0.4044682498109617,0.9908622598189271,1.1670647049091905,0.3818200602735129,0.3795500965877854,0.7666151908833457,0.618882731107173,0.38630442352519295,0.6665495190239572,1.0743086079555175,0.46683004658874966,0.5320251932217276,0.5259141667353314,0.37062478203314597,0.1150726250318232,0.11786922412366069,0.45127000606966733,1.3685509212114164,1.2840927467830623,1.370662080033103,1.1595652174390132,1.0781083914489258,0.8527611529130219,0.6465500405064251,0.4954236644232266,0.3717894521279055,0.26167921666082794,0.17107819889461662,0.06506194082302275,-0.035215283657971,-0.12626690578416122,0.08063068442423954,0.7989255488581499,1.1859591293400542,1.2032745062898982,1.333446129303376,1.3477519374021651,1.1991689561667962,0.9966622949426156,0.7883786659303607,0.4593370704395352,0.5066836261925542,0.34885492052277045,0.24871259506461318,0.16196920820430571,0.051097704670145294,-0.08928711251580379,-0.18538680615641911,0.1037724115158905,0.6426938212286364,0.9274748072845742,1.028211555551831,1.119487778010023,1.221991169616346,1.1469310032267712,1.0419636548295244,0.9597703726148274,0.8548081945565078,0.7273082559154553,0.6369804823092757,0.5428677661117831,0.43911037100228223,0.34391517335819055,0.34910938067949976,0.5286956624766966,0.8307652181956812,1.0364258903056043,0.0,0.0,0.0,0.0,0.0
2025-06-01 17:56:59.342,1,0.0,0.0,0.0,0.0,0.0,0.0,0.7218778305814044,0.27433010802556657,-0.18349834908703724,-0.2828231101123092,-0.2931287697454994,-0.22379493684366347,-0.037535606422259615,0.066260915516689,0.20805930199194567,0.3965663410353635,0.5075457838142778,0.6482466676779747,0.7047999206179136,0.761853588051837,0.8064292053176758,0.8353582525161973,0.6002592294289962,0.11755540378908491,-0.15408206750800235,-0.18884313901121386,-0.033664569961544766,0.07751904097571316,0.21816662230063266,0.3702821293353211,0.5064091023239927,0.6366844726394965,0.6166837571908844,0.763870395963243,0.8172554652199777,0.8505937083299003,0.8771256839816881,0.8651509549793389,0.3704838675611049,-0.016822701623624647,0.010925508267551343,0.005264996322828841,0.13830400749791405,0.27821498760323826,0.36104615620323033,0.4174373967368177,0.4790950409463579,0.5216921591707586,0.5920207741092665,0.579797117740832,0.6457647634412936,0.624173573591793,0.5911752162105639,0.5743185507977455,0.17877515596777616,0.22311939542794768,0.26395090618637196,0.3511011290606787,0.42982867552948356,0.6570493199310341,0.727179177614302,0.6579426757666227,0.4074747529115862,0.4795064986206372,0.7716966526036613,0.7173021377741944,1.0386321446573843,0.5650049454679414,0.5877146836964214,0.5760178205098506,1.0851027142821135,0.5231891608778021,0.2663749490030205,0.07920709484083854,0.13720853543720946,0.17731308959593983,0.260297242973323,0.3359215163258715,0.3917595843756727,0.520216101781835,0.6311523424145762,0.7346272499656141,0.8402855253028921,0.9353832324714093,1.0370193258715485,1.125551988767171,1.1435588318172032,0.2636156600667455,-0.4778003025167391,-0.17097585609599575,0.07444198310781203,0.2969348854391647,0.43867294296537596,0.53367702611044,0.6023443620170377,0.6599696845988878,0.5812325371234213,0.6904038992197767,0.6657144501652826,0.6323255500210231,0.5907049850538454,0.5004195514618925,0.3122173094693743,0.4074511554778947,0.5991825049857015,0.7885625272505816,0.819564418763499,0.7881767801690602,0.719657700167118,0.6807358179506178,0.6333295618795156,0.5732797265653404,0.5158855396762045,0.4524476720462829,0.3787974747352052,0.2662070752542225,0.1095923416308392,-0.14757253945666604,-0.11548187498705736,0.7157340742015479,0.9547561429874545,1.004037795357092,0.9302451094794748,0.5439740151435182,0.6424650686577906,0.3062255268446383,0.675383683086357,0.0,0.0,0.0,0.0,0.7746654478139172,0.4335574173168755,0.9506931053045223,0.3786813326163526,0.5457063311275425,0.7233194279411796,0.7244662584469712,0.6979096503824974,0.7144253311065407,0.820080435570864,0.9497407592852016,1.0119918743094436,1.0026209439964568,1.1762277087261275,1.1102875505198981,1.0547846862335322,1.0450060940945005,1.0048900361717579,0.9848070866492369,0.9673988005954512,0.4430971488472215,0.5454682484992173,0.6249079560848911,0.8152607993443057,1.1319039410283593,1.3715224523376341,1.6035085845492478,1.6486710724125204,1.6632752910486304,0.7249585978039383,1.631090900854268,1.5342935257184895,1.4139239633605978,1.2080127043692723,1.0386032480427374,0.7479278530462768,0.5538118956757927,0.5774706546053021,0.8202781816564325,1.1686836070332876,1.4283145449768604,1.513463931937922,1.5963785923310612,1.540003164855441,1.509296988213912,1.3796048110055734,1.2369758886493973,1.0606911527030083,0.8821181927371057,0.72735115012476,0.5619440925123343,0.41010848124438504,0.2240888690006147,0.2991586588511824,0.8813834545822922,1.0946456980312607,0.36077846353178644,0.36851018513359035,0.8153457549053572,0.5807741322227502,0.32371421026830577,0.6031070259071709,1.032420011677668,0.48205443344086213,0.576805159912536,0.46711393576065974,0.3796767359723485,0.18885320315146287,0.19082979461804744,0.46368254034749795,1.3401140077484648,1.2493089457032223,1.3484020868654798,1.1670488935928458,1.0882014599598506,0.8880317752816667,0.6906662972852893,0.5454345932478772,0.41396482731638273,0.30462031007836776,0.21138048724674463,0.10473427884880293,0.02347900841562567,-0.04330758714032368,0.13416088715513436,0.7977262703873074,1.1772208054132725,1.1913805128316397,1.3363858842377438,1.3629767052326114,1.235147236956541,1.0231616548753826,0.8172852992380328,0.4653144979171778,0.5394070587316839,0.38249563571079337,0.29486811874120145,0.20769413421823069,0.09781054101001796,-0.04496358786783339,-0.14504756804704316,0.08751627590174965,0.6209479364633526,0.898502809036706,1.0260325712342535,1.1165586191809262,1.223230968289704,1.1444391289780573,1.0551603275201988,0.9787599197810122,0.8790248497684299,0.7572643651579516,0.6691538918335465,0.5734575671749442,0.4831922377823593,0.37655433068708355,0.36702902588266156,0.5313121471691753,0.7997932146846006,1.0057046852844165,0.0,0.0,0.0,0.0,0.0
2025-06-01 17:56:59.346,1,0.0,0.0,0.0,0.0,0.0,0.0,0.6567241586337037,0.19851644383669778,-0.2593059386583936,-0.3240890435803698,-0.29219299651359154,-0.2184214967540442,-0.037652094722749885,0.059269452980845405,0.19738930980740788,0.3681788479720699,0.48873702673323144,0.6199226937597555,0.6744018630883455,0.7313580292408978,0.7581264254966934,0.7750641726135116,0.5600113003801126,0.07053649193568473,-0.18061111221784093,-0.186264279103719,-0.022380606967980388,0.07972936018842325,0.23302919615921258,0.36027560810360826,0.501427159821247,0.6295108162840584,0.7585117066025271,0.7479460207469534,0.780252091176979,0.8207662481215238,0.8386601896123151,0.809747339197269,0.28624656827170997,-0.04367231193178989,0.01613392853053497,0.02616318716836341,0.1673297649677723,0.28252894927277983,0.3654918074087592,0.42790282105709987,0.47523061048999615,0.5424053671757416,0.6033742520205412,0.5785897075346319,0.6430460850511256,0.6332910652833339,0.5752135622006297,0.5565182669998772,0.13368277283032381,0.2455640336139569,0.30799541759184557,0.40423960288368077,0.5246396785651306,0.4965086129751704,0.6333945856897358,0.6896381541018832,0.39904515218466385,0.7925834749173465,0.7127709230493294,0.7396250838407578,0.842232947056162,0.6267956903606003,0.6385078966669193,0.6184325404096008,0.9934090278952328,0.47883263668713416,0.28329034294068833,0.1651092589718577,0.21572510362946984,0.2541476165214964,0.33755258771716345,0.40367680683663454,0.4446786138525163,0.5669399591538045,0.6636705424495442,0.7512059739798918,0.8441070004635821,0.9289153820088858,1.0115533240816938,1.06767419744169,1.0449807827994229,0.16355615689092634,-0.3882143688096017,-0.054443395784410376,0.17005919777832768,0.3694283123687414,0.48444282916650483,0.5719362205302914,0.6295881890611201,0.6687046047318892,0.5055462496796184,0.6768930681201428,0.6489979200497092,0.6088603259487789,0.5497495249462999,0.4496584948722859,0.26143584507843654,0.4532358918726844,0.6767559754473117,0.864139382852235,0.8644450174115488,0.8152022973945974,0.7400918606709943,0.6875161140513786,0.631993638376386,0.559108577303929,0.4935374492561029,0.4315588555356489,0.3460533356333124,0.22777871291388863,0.06755409800663947,-0.18824943774420339,-0.09484225190112433,0.7458565276296382,0.9757997796915472,1.01723724758163,0.938363866894929,0.6297632884420126,0.7007356180761379,0.24285508821420138,0.5501197790041857,0.0,0.0,0.0,0.0,0.8510918552222706,0.48393965511085185,0.9174452113327202,0.4167832280087639,0.5639509823886206,0.7221477998882486,0.7168814987829903,0.6775455124028883,0.6931881193293996,0.7953525186991992,0.917868668770593,0.9840586240986986,0.9815652283197722,1.1752033078950204,1.11074860293352,1.0686104319866814,1.0685860355174224,1.0346623468317486,1.0249818054605915,1.041161855399427,0.43856333441911255,0.506868593909723,0.5733476613710979,0.7614092399521142,1.0739087520778645,1.3131602985596404,1.5591050960637731,1.6244365896113775,1.6446377305325768,0.6877334111674955,1.6400579005107279,1.5553304763273998,1.4508532033823844,1.2450092260891275,1.092629931466556,0.8127342097023946,0.5184333157905565,0.47658537365193965,0.7143763124588646,1.057931819918861,1.3287896030793611,1.443022273892787,1.5450377880388828,1.5128159466328495,1.4890740818775847,1.3812966693912978,1.2613500737970011,1.0874271965942617,0.9141675711797105,0.7665829664574697,0.6064541802648687,0.4571798773311957,0.240254696147427,0.21073780035979114,0.7516237353204219,1.0023157919061538,0.39692141001001013,0.41587817055918497,0.775441601862125,0.5830882970771751,0.4253341227202749,0.6902607689783368,0.9470092972946886,0.5488931571584776,0.6358679891903157,0.44966765046296997,0.415972675816744,0.2588979240965677,0.23529796859526153,0.4320268076055059,1.2458128079770012,1.1870463059399943,1.2732010854298443,1.1330786896484737,1.060070995771787,0.9124318701350673,0.7172238134991102,0.5739736247103551,0.4622844228414973,0.34401579738473553,0.2396891810904116,0.15113076384835056,0.08320620695861236,0.019068104736377767,0.13200752783161768,0.722222600585829,1.1254845963956104,1.1559557179642865,1.3160753310136868,1.3360063771381265,1.2364820125462694,1.0193316101987502,0.8223139853228842,0.4747648321243968,0.5651657989577767,0.4025001496279583,0.3349156897277359,0.24776033520282403,0.14825104295139668,0.0009313834433893886,-0.11412215356527328,0.03245495100392115,0.5567014808669095,0.8515307807974717,0.9919417042544024,1.1012672689904555,1.2042011763297555,1.118746218663961,1.041442729101984,0.9790818856172885,0.8845268437829408,0.7753354462326352,0.685139742058914,0.6033597421566346,0.5179061666422767,0.40224732774135696,0.3777148940531034,0.5108311477856677,0.7490269597185369,0.976905664404673,0.0,0.0,0.0,0.0,0.0
2025-06-01 17:56:59.347,1,0.0,0.0,0.0,0.0,0.0,0.0,0.6490846006746407,0.1957799444612889,-0.25535905688784966,-0.3686695160851746,-0.33950873674244464,-0.26714641846666964,-0.08540096882019754,0.016084335642028047,0.1529187160768526,0.31388958298957415,0.4515727692931975,0.5786046752639858,0.6449370457040031,0.6998635371544104,0.7362808205116012,0.7507642521243318,0.5664451051834335,0.08009718216010175,-0.22168714514611748,-0.2514321730785358,-0.1062403936468983,-0.006847567612220606,0.17057355016652287,0.292251774582192,0.4415201251294196,0.5760257896681722,0.7211998077306716,0.7091969084955142,0.7424169414293507,0.8036765750330787,0.8227924888222458,0.820548271487305,0.31508950447403844,-0.03417645673201905,-0.05754181784915935,-0.06436739440812778,0.08402928360497874,0.20597340606737347,0.2978827145143663,0.3841787396128573,0.4194700822574349,0.4975295806260056,0.5729917911569051,0.5422677665540708,0.6273757512800463,0.6266323601885031,0.5808531622878742,0.5792048056662518,0.1637361345823346,0.19818898209310815,0.24985928503849686,0.34184742821413683,0.4837442060570021,0.3979134307155788,0.5432049557722459,0.6172071659234386,0.4206871747342661,0.9638586769556785,0.5224462271825102,0.6673526939635063,0.6736883335636457,0.6871212644216617,0.6100216335943577,0.5825141247992177,0.9281440960460428,0.4173003062948124,0.21412658877006496,0.14884727692079514,0.2011776469157287,0.2440674373230789,0.3307628243654248,0.39657417716146104,0.431348836559438,0.5433012902193606,0.6430963669132714,0.723390596580916,0.8107292754548913,0.8960967100601926,0.9710403966117493,1.01877108257009,0.9849963394509442,0.12208400219791327,-0.3548586739508556,-0.04868912262018599,0.1603055248032681,0.34524187963447983,0.44486516575385515,0.5284653939610582,0.5831202041775705,0.6161876592127309,0.4170983355896413,0.6248022556178265,0.5966051258649677,0.5635308900133947,0.5059375427963274,0.41207770581916275,0.23344062665470958,0.46677813552981806,0.6697953853343818,0.8214759226931525,0.7960475464874663,0.7445684522958531,0.6733887889201686,0.6152174540193611,0.5644246074677812,0.48518217505867667,0.4231559018916271,0.3557641712817001,0.28199385445512704,0.1642274594530062,0.014258871184631206,-0.22171469125314097,-0.0842405119045162,0.7284332980723329,0.9552795309703275,0.9757531710833414,0.8964996945032391,0.6243217334804825,0.7498538171650595,0.25234102740515546,0.45116780896269537,0.0,0.0,0.0,0.0,0.7843900554750314,0.5151905763772409,0.8836655215824017,0.4153035467222844,0.5534346810837132,0.7004494061044222,0.6805264603029293,0.6192480308082674,0.6201940904430121,0.7020773321415075,0.8130143308461228,0.8736240859516822,0.8704567132436556,1.0691142462120502,1.0264783174626988,1.0028724177868673,1.013989008094847,0.9936480413412989,0.9925639344111417,1.019735686455174,0.4228481474535939,0.473374465007776,0.5149816139673407,0.6805628445642291,0.967155136522029,1.18194750967203,1.4162963675314435,1.4916398084035423,1.5132817168961423,0.5836750188818267,1.5371696103554489,1.4555355520631683,1.3805596810039222,1.1890726304212778,1.0661134330843092,0.800168959606598,0.505259393748968,0.44119101991030074,0.648782496456176,0.9535728295473744,1.2007522926148457,1.3158739846629641,1.4158508862933719,1.4024912382052317,1.3656251754491877,1.2885060720856618,1.1783493126816582,1.0233251921821336,0.864568923560454,0.7309488769762869,0.5856094162527882,0.44960349049410775,0.23299057995725841,0.19153315880460273,0.6814330730992846,0.9234368042543469,0.392657339927835,0.47910490492167745,0.7780371165629619,0.651195579177345,0.5177681622177619,0.7196034084853222,0.8617714412962472,0.4517158008594397,0.7093058014258018,0.4088924309130356,0.3131705263467687,0.25192422894400396,0.23351462458103134,0.41056270114722676,1.169581644494125,1.1246073272253927,1.1772258664159079,1.036806853597645,0.9760233662417936,0.860473501670314,0.652499978212097,0.5236556451062968,0.4345670119359928,0.30896237241774793,0.20953810017925,0.1318169704920904,0.07281708503261908,0.019879240736662362,0.12580970662311958,0.6742163791029221,1.07764455891048,1.1134874389886154,1.2494901906976765,1.2359711637673894,1.1310742605870585,0.9190763551161207,0.7333500749075423,0.4523258040721704,0.4960831473264955,0.3319465108327819,0.27871793076658924,0.18844195516866546,0.1108413625465412,-0.030368323745216808,-0.12553590890939215,0.01785954391395056,0.523877254858307,0.8150913767833028,0.9470306471087689,1.0477909204602163,1.126898670934131,1.020222021021759,0.9538709200366386,0.8907682016702172,0.8018067114799547,0.6958700587356574,0.6047184661634868,0.5366183513399341,0.4542733644744287,0.34335640373546494,0.34092706814963664,0.48428042727932774,0.7258419708786813,0.9658739625011044,0.0,0.0,0.0,0.0,0.0
2025-06-01 17:56:59.354,1,0.0,0.0,0.0,0.0,0.0,0.0,0.6428321943857656,0.20283187487629653,-0.2106560034378705,-0.3834060234394431,-0.36996182933995747,-0.28664532171015,-0.10346607789848938,-0.004755663540444877,0.13226336651307258,0.2749606522508814,0.4343442648074048,0.5612664031953444,0.6235304239276318,0.6782132088947563,0.7312150254825112,0.7370477318418623,0.5654287134526267,0.08063235161104926,-0.26340402355153764,-0.3083513367056432,-0.17818658660832398,-0.06736438717616489,0.11173407704564431,0.23684107786773034,0.3916548622310285,0.5342375331612543,0.665405073148404,0.6865483133199489,0.7284545238244713,0.799103122658901,0.8283145018566904,0.8546926179072005,0.38863544014576906,-0.043826874321677034,-0.12194045398245157,-0.1495163542164688,-0.010572246562736032,0.12318534673067849,0.23537102320906356,0.33186940119582964,0.3612399662851118,0.4594392997825145,0.5255234310418486,0.5268082583892156,0.6161412631648232,0.6197514961287356,0.5985001683079006,0.6112627316814583,0.2001663188472571,0.1555284390559043,0.18865949459598075,0.26751290759172086,0.4123464051953283,0.38180587111211567,0.5848755286781133,0.5090489014804234,0.46639879528831474,1.0133808509514421,0.4047576305351118,0.6871548793577978,0.6232264385179875,0.7670285280379775,0.47319702891254456,0.494184987141859,0.8493898839484684,0.3573913872300475,0.16473118884664184,0.14343860253543772,0.20006344754313754,0.2431768233490541,0.33120412898004026,0.3913093541396122,0.4291675297078832,0.531104085215091,0.6265877550835948,0.7041476853869806,0.7866330908074423,0.8717641400762661,0.9471348915637325,0.9842031190371353,0.9377846073173282,0.12630786238715697,-0.326912568990652,-0.04177593268308333,0.14551086682693448,0.3241830713369296,0.4151679049897896,0.4983868922314101,0.5494449226409222,0.5814416005775971,0.40133420549030935,0.5896590846015037,0.5624529386907494,0.5362798837908412,0.4798168091798186,0.3932766719144393,0.22708671843501413,0.4785534842289887,0.6565174375474528,0.79071552687321,0.7504230641369574,0.69907185887389,0.6275983126921341,0.5729945740784026,0.5214640457635764,0.440761816173705,0.3824669768406075,0.3194205225356197,0.25055650258821616,0.13613749684938625,-0.005487761270016045,-0.22664099609834654,-0.09667800295860565,0.6947915703005951,0.9307581557884113,0.9368832746767892,0.863176161040613,0.6005933322971027,0.7190472457211603,0.38189268114160807,0.33078832260542634,0.0,0.0,0.0,0.0,0.5361700500025899,0.6110885708406284,0.7943649017158153,0.37939092887550674,0.5181633493461415,0.6772272784653449,0.6464208955897455,0.5743856692674364,0.5658715832263872,0.6356632977374794,0.7362080241155562,0.7913374797674897,0.8062666040373871,0.9880048314215397,0.9640951273453222,0.9518513378299265,0.9703252545625152,0.9538685089648313,0.9485409751804386,0.947004769595285,0.3947163986000889,0.44251091875938897,0.4798171027132643,0.6276731034804892,0.8950019807560372,1.093006662301116,1.316135039010875,1.3973112087152983,1.4169500878212398,0.4700630149924911,1.453214237626574,1.3744199998998519,1.3178272090629488,1.1302529078813084,1.0297161218318414,0.7662740339679266,0.49113551382431775,0.4243432342568114,0.6249311349627323,0.8970822926737057,1.1135348021656593,1.2351695121854103,1.327466443746407,1.3174860192158382,1.271465264431567,1.2099946578325764,1.1116424654722197,0.965665727456578,0.8165659908760868,0.6951259645525232,0.5596536454804943,0.43251465073830675,0.22903944785732433,0.19138617917422726,0.6588629704356235,0.8830456450024385,0.35963380139925627,0.4580262490593866,0.8341463151671368,0.6700025489377853,0.6557277260399819,0.7184724217107865,0.7870031807604785,0.40499079120424236,0.7857037396661795,0.3295159075739019,0.3255417672488081,0.23138493133571753,0.21580542740239583,0.4152677179612056,1.1169005749597858,1.0807547802682067,1.1080948289730084,0.9647162480529157,0.8959505307350859,0.7897514045109304,0.5878753506700536,0.455699712403814,0.39061549631801307,0.2635349544571195,0.18088357500286412,0.10307456916519431,0.03937960759803194,0.0004730555096421618,0.12516602733473065,0.6454695900705643,1.04281947134139,1.0695076439977937,1.1876336661891074,1.1482817016724491,1.027925624008478,0.819923942337504,0.6502190908053425,0.4183705140635289,0.4219289562745585,0.26829438136485173,0.225412848076604,0.13182475889740386,0.06497535109750574,-0.06611793455932324,-0.131390290236375,0.023106987980275107,0.5017915032380404,0.7855017269852336,0.9139946206166082,1.0007281852426402,1.0626502584087811,0.9433303718324537,0.8894817748815025,0.8099779316800111,0.7344093083373109,0.6314666351103337,0.5434041747845872,0.4732452223077035,0.3998125416714865,0.29922165350817664,0.3246711729415375,0.4834786085928745,0.7241049021566309,0.9270959166681174,0.0,0.0,0.0,0.0,0.0
2025-06-01 17:56:59.358,1,0.0,0.0,0.0,0.0,0.0,0.0,0.6265621444906297,0.19193099440178932,-0.18285306827732203,-0.37626335730649585,-0.3693164381536122,-0.2796186826569139,-0.09683034076733299,0.002679848214161784,0.1413258623823519,0.26287493929760675,0.43869934937325344,0.5641679795158485,0.6216818816673322,0.6700045336570858,0.7362128813348715,0.7389346737457826,0.5669319808117943,0.06635499270290757,-0.3044492927198003,-0.3511327963912625,-0.2282434322566258,-0.11292958857528657,0.06931437848350153,0.19953347002522603,0.3520349129192961,0.5012554170020469,0.6701342687563261,0.6748109739076794,0.7182888313307614,0.7960049040442517,0.8287630572389306,0.8831663721555126,0.43720440689496826,-0.08246646016867695,-0.18309425252282385,-0.1998940461970129,-0.09240148286322847,0.05805256451022278,0.17995270340755298,0.2785998454021148,0.3034213072681269,0.42324584173217783,0.46811119043390814,0.5154335169308805,0.6119499490479965,0.613583668367139,0.6222619512814258,0.6290043570804964,0.21794850470991356,0.12923657149202047,0.13229958633946748,0.18491870429253976,0.3270264054622096,0.3248779646770144,0.5939595462861115,0.44064688617562414,0.43188956277678836,0.9463607951158197,0.43649821070982775,0.61654589848517,0.5785795332781531,0.7896396023162734,0.460530465506504,0.4187991916605607,0.773861961055321,0.28279104615161854,0.12862612925140515,0.12391108587325994,0.1868525691908609,0.23379984118951702,0.3224606401445993,0.37737091312966164,0.42024567322132467,0.521557053055675,0.6045514677338961,0.6801918007497654,0.7644232307533613,0.8435570579922598,0.9266351489213416,0.9478319087403223,0.8963730887514791,0.13366188082896996,-0.3109812810172775,-0.0347807117401393,0.128779183104071,0.3017269272938543,0.3825193166076599,0.4639305777498812,0.5185043153717515,0.5440681161119625,0.5066126238482127,0.5517980999823524,0.5316794179467575,0.510440426842928,0.4520239424910898,0.3725257284666041,0.22850685878869045,0.49582682029716696,0.6485029469739888,0.7571725790139618,0.7117593952610146,0.6523662547817348,0.5820678037998348,0.5347111706958985,0.48054573741668616,0.40015959079592256,0.3437610998232783,0.2927393439354409,0.22048001754666258,0.11622906572692826,-0.016335885085441926,-0.22670329432374375,-0.10559132402204768,0.6603316911791585,0.899759537517447,0.8976133055879818,0.8247921565743472,0.5410866392965068,0.574138760661969,0.5701368825510245,0.23853427624573426,0.0,0.0,0.0,0.0,0.33747037747667197,0.6589940312082365,0.7185560890595046,0.306347531929265,0.46151041136818965,0.6513878876015918,0.6068992770184627,0.5336728754657186,0.5139742750654888,0.5692467303508704,0.6547971586588659,0.7090061470169093,0.7374009891813942,0.8957766206428599,0.889023262006861,0.8879022620462169,0.9138255100021604,0.8976996420055314,0.8863550205696129,0.8336034399398831,0.349241832463921,0.4156420485217247,0.44733278309283575,0.5778560123547121,0.8211382582936675,1.005680977994646,1.2124212828309733,1.294146853800595,1.3090358477280406,0.42357873053714085,1.3543859927013373,1.288537011247802,1.2378120372036865,1.0608549353086678,0.9769835108625985,0.7180149560617957,0.44439962009428113,0.4020084731753354,0.592748177446183,0.8390086871459004,1.0271825320042303,1.1502550869214112,1.2392516164097662,1.2171397551336798,1.1756379776677357,1.1143602222551792,1.0372422837939856,0.8956819497445422,0.7587232286899354,0.6513226261910321,0.5254783559685218,0.4051857642624245,0.21739251903209889,0.19730109063366677,0.6423608829789703,0.8488219560441285,0.37345841064154073,0.4173782491684984,0.7828774237182564,0.643168890556142,0.8112803566625373,0.8035647700869942,0.730352047814089,0.44813783246133737,0.7492425095043032,0.3209982788894086,0.4357701755574228,0.1949579999396283,0.18209636672813612,0.4047419283008248,1.060796411861595,1.0411533215742557,1.032512414779566,0.885497698079531,0.782852788772985,0.6882094302529245,0.49663380908475374,0.34681372202309246,0.3133121849232898,0.18589502468376917,0.12054646452282336,0.05674188316084405,-0.010790820980042248,-0.042802001532395884,0.09588349464113238,0.5770761655724816,0.9881469062522719,1.0068932922640217,1.0930524688004932,1.02202795417244,0.8871817145029541,0.6847069565967467,0.5352586065883169,0.34952754926179785,0.33247423946310284,0.18963022748942326,0.15176076214531142,0.07165320878651393,0.011334042604003614,-0.10637866354932923,-0.1542831652834986,0.005944808930610279,0.45707181428248056,0.7447291777564846,0.8540996871752055,0.9275954145955487,0.9563212898279105,0.8450646336478802,0.7963759024810249,0.7119341876871434,0.6481436735908626,0.5556813768741133,0.47578627086383674,0.40877439162862017,0.34234065066484776,0.2588236077809788,0.2969723214209998,0.45189569611024516,0.6824320325785725,0.8481001134702721,0.0,0.0,0.0,0.0,0.0
2025-06-01 17:56:59.362,1,0.0,0.0,0.0,0.0,0.0,0.0,0.5497663153793798,0.1503097671638288,-0.16565122820411346,-0.33433856635672615,-0.33344385327992787,-0.2577654497916726,-0.09238997608894883,0.004425757368306638,0.13419367862933185,0.2502167057352367,0.41581773092602486,0.5341709237420665,0.5925667075237391,0.6316906006722487,0.7075926045262677,0.6975844973319183,0.5272886926632345,0.04402766474285724,-0.3148647112619698,-0.36654831829263623,-0.26591956882402734,-0.16981620879383752,0.007817821609867659,0.13979878024681747,0.2822127635592315,0.42554630116542347,0.6256674492083768,0.6107558657006805,0.6628309616868873,0.7437984325096094,0.7739261564534796,0.8357550742630228,0.41628689907926736,-0.08961040625116365,-0.2194670207625714,-0.2427994513319507,-0.17930318297797943,-0.02014524285891328,0.10485061211572755,0.19360997184527218,0.22400596150491392,0.3341320951927911,0.3741228269324193,0.4566658557291846,0.5490338609614571,0.5600667257703533,0.590142875779976,0.5921703733508343,0.20856430586657204,0.09952920631651,0.0671534582772878,0.09174550321258157,0.18856931188255643,0.280248493948921,0.48301868080489874,0.3047224022773631,0.34582917032024907,0.7260101927615829,0.4074267051676308,0.41973363157572485,0.5699839998635507,0.7872205615328866,0.5081320098003866,0.33911252719688334,0.6644776924947335,0.2032402790911069,0.06584444294626013,0.03307523557180847,0.11026644342309555,0.15782725538412845,0.2418971254158011,0.28811887835948724,0.3319263469442144,0.42816503773319603,0.5100720767163183,0.59032151289845,0.6727381217061236,0.7514117969602221,0.842000142284496,0.8688362790772125,0.8273795546665786,0.11653254717677575,-0.3202429723121005,-0.08607057375277294,0.045416519075359485,0.19846380853900225,0.2702169852626657,0.3382322934341033,0.396976248814245,0.4244198095011016,0.5089388893280617,0.4480850733493589,0.43858160059261986,0.4264522787560251,0.3879458562950435,0.32338565605357955,0.21333553349160686,0.48581232039385813,0.5760073828999966,0.6198428113187338,0.56711879048657,0.4986294826265396,0.4350843257544541,0.3946616866817658,0.3473574863522879,0.27597971012182776,0.22980811960618786,0.18646294675388764,0.13100302873443548,0.04640645940467225,-0.058889200726733315,-0.24148061327122067,-0.1167778332393499,0.5935904212953881,0.821243037868085,0.8015364063637807,0.7248989824705729,0.4280877348823688,0.47481927400617624,0.5800093911234094,0.21892441333832768,0.0,0.0,0.0,0.0,0.23949588571753333,0.5619536094615951,0.7105636692156194,0.1930377171489912,0.36305038056958155,0.5903150163766278,0.5277692122605073,0.44668710626519437,0.40115347539411617,0.4294650767935666,0.49913462198288716,0.5396550358408585,0.5640535368018065,0.715350227485148,0.7396659227619833,0.7571315694332219,0.7962761676369425,0.7943443724681054,0.7852547334466187,0.6879756838685225,0.27737499333764387,0.3646447803316053,0.3650801762949938,0.46019538373053126,0.6631864774089189,0.8197165356914433,0.9899494984654287,1.0598956522169052,1.0837469411264025,0.2878279136246353,1.1616788633205806,1.115580341714539,1.0826226682150295,0.9508671587466698,0.8834484033412194,0.6314701461968043,0.37702405791771776,0.3416287252133404,0.4947694474722838,0.7033943952198953,0.8517539307934632,0.9552316878743656,1.0312738522308305,1.0092359221483955,0.9768820943502292,0.9260441233542447,0.8723327148188909,0.7620828335839166,0.6503650288138633,0.5670145224249163,0.46114125557927743,0.3616354490278263,0.1955756675234158,0.1872994006172399,0.5788579539170752,0.7454942518378785,0.3645603474369882,0.43190800367183113,0.6566781727053117,0.5587490814029891,0.8119142474099654,0.7744393088309004,0.581490701855065,0.3624572067556086,0.6431010057101187,0.3465341114779029,0.36156391102789565,0.13464261218004253,0.15143896236301668,0.3629563267756342,0.937362907811504,0.9305157062906371,0.8776437881611535,0.7071934366972699,0.5896152899514182,0.49372103390024713,0.31188630086416014,0.17270443912772682,0.1724272142030867,0.04907362522829528,0.01780053478927024,-0.020995562209839447,-0.07682248493246857,-0.09532719719901267,0.030020213102507076,0.4473637770336674,0.8718484122347674,0.8826875698092191,0.8956789867460991,0.7742640423882572,0.6194836706492728,0.4511725094476102,0.3204624538365515,0.197423770284288,0.1777162711085889,0.05919326988545759,0.025857928606202174,-0.024319058524660098,-0.057809532981624945,-0.14804211614544616,-0.17681620847020124,-0.04106394842335859,0.3315471716483793,0.6324362912615245,0.7204577550574823,0.7571729460965821,0.7232137101155156,0.6358317447363317,0.5989338365326262,0.5313373881465457,0.48835312555057375,0.4124114129620806,0.35800847466611296,0.30710067454847656,0.253149614996922,0.1959601217464918,0.23870740189609302,0.3611000815585931,0.5367620761102129,0.6735966953978973,0.0,0.0,0.0,0.0,0.0
2025-06-01 17:56:59.365,1,0.0,0.0,0.0,0.0,0.0,0.0,0.4925453190672159,0.11810111769309692,-0.15050255819703257,-0.2625525101650812,-0.2560713156214991,-0.1769214453124669,-0.031515590569105356,0.05599231426869922,0.18192991623921062,0.29730625980139935,0.440744420424876,0.5496132909317759,0.6028888072417704,0.630281150392341,0.7165565315923758,0.6833798796745055,0.48379016469147146,0.03871428872841848,-0.2866735665146118,-0.3286550360466396,-0.2455080445490363,-0.14524042674669269,0.007777243317952376,0.1403420921281151,0.2801073945211847,0.40771418472365584,0.6365231183721635,0.5892390487189824,0.655893683758205,0.7229342513509843,0.7474921704464264,0.8104938519618956,0.3972421880246327,-0.05052121190322098,-0.21042447014299387,-0.23174960735483685,-0.1820049910938375,-0.03745029832537816,0.09107032731863907,0.1659113264686376,0.20406034739772916,0.3035108709884933,0.32285944327555627,0.44154029812354156,0.5186022923873393,0.5422889776590241,0.5731383397509457,0.5705511720312473,0.2150497669895074,0.08755414971714334,0.03852956047161693,0.04548741016693958,0.11055313921431908,0.36174503821601484,0.4423249404584739,0.17839430292292363,0.3111953071515755,0.5259961533566595,0.38810579724007865,0.3842290368070125,0.5934592414898883,0.7832188139059044,0.47334202227125477,0.38105403287585893,0.6111229977967703,0.16966682832081445,0.030196841888035286,-0.027925134760594883,0.07587253992610132,0.1278951093841798,0.21052623459351394,0.2467218612173192,0.29889754077710684,0.39164537394882215,0.4729511120308407,0.5586401380908905,0.634240568197347,0.7159312262813531,0.8019105269445637,0.841848989791648,0.8065208447877588,0.13221887373314123,-0.31579011589395356,-0.1116003297163759,0.0032544496973896386,0.1443344982761705,0.21561723628727747,0.2768953055472796,0.3297124241029543,0.36458023751780466,0.49097721914360554,0.40143498964444246,0.3970056543390962,0.38404745032677445,0.3670213229932433,0.3124259492311396,0.2242177249623357,0.4820268492857036,0.5223711605659206,0.5379613829947547,0.48735010735590056,0.4147923054253557,0.35323713090250775,0.319502048157426,0.2753370665663164,0.22132670311019864,0.17712505162366532,0.14020752353012056,0.09717869578499694,0.027774851814235557,-0.059843610406534076,-0.2249488058335672,-0.13704881907362632,0.5358010427091561,0.7622141067939514,0.738225785614026,0.6612497416913372,0.3898934652310542,0.4707153666864781,0.5938558158810383,0.19204563225352772,0.0,0.0,0.0,0.0,0.22079719613517235,0.5013637614240529,0.6618856128017675,0.10138863186083136,0.2736191561442443,0.5363325079811205,0.4717573878148968,0.38923167874592346,0.3381936568147639,0.35696017284286774,0.4321907137118801,0.4613544400380607,0.48905177392043075,0.6380107367344157,0.681919555880369,0.7005390533233093,0.744850431559293,0.7464083007299283,0.7368699961886185,0.6063313271364137,0.20986842602015293,0.3176724546049704,0.3125651811532153,0.3882222443083101,0.5828037331471585,0.7295976750462776,0.8818076148744449,0.9400281444184342,0.9775926053407564,0.24283247139635583,1.0694765320834487,1.0359815053477373,1.0099551976123087,0.9054445337342344,0.8345947727369633,0.574932083917173,0.3271076634513606,0.29305689440885796,0.43404392156435134,0.6377866210597094,0.7621665143871703,0.856259204367966,0.9253338360984542,0.9026369431615533,0.8823022094857027,0.8373494473925946,0.7943528259421277,0.6992579504385853,0.5988595883462725,0.525732667168952,0.4303614454384934,0.3421355592406985,0.17969794039647474,0.17532566739281327,0.5490457788769298,0.6951766279642267,0.42813078939248783,0.44624757844303786,0.6180557266999492,0.48761356866606687,0.65736700759522,0.6466768825324831,0.5597859187956478,0.3448943571641501,0.6078031945746442,0.3081924302758826,0.31256293896616383,0.10013943639665185,0.1289765724663241,0.33666729125911127,0.8514711699558088,0.8490913677573817,0.785797108687475,0.6096977980888529,0.4885083801629573,0.36539614491522854,0.18624328240274401,0.07447936282103851,0.0794389754954421,-0.024214892349071704,-0.034552770495845486,-0.05815206753943292,-0.10172851367455527,-0.12726092574171927,-0.030534165795210066,0.3486858710812402,0.7750598982104211,0.7779993149594915,0.7579123823912307,0.6043126731725983,0.44214016396469047,0.30608503862210834,0.1846296711307307,0.1037916798305483,0.08203708977928392,-0.005664558166908362,-0.0344433401504296,-0.066040199711493,-0.08223538020517274,-0.1496324706708555,-0.17432372833093623,-0.0744058907977127,0.208566726291886,0.5428318469577695,0.6245822569469984,0.6308609871575854,0.560432142214669,0.5037365951352843,0.47277704058429326,0.42384843392191995,0.4046078964126796,0.32758214104086814,0.2886050824726494,0.255645311675899,0.21288665057839984,0.17597884946796227,0.20831654165602947,0.29599740119794127,0.4220941061789062,0.5035490493119534,0.0,0.0,0.0,0.0,0.0
2025-06-01 17:56:59.368,1,0.0,0.0,0.0,0.0,0.0,0.0,0.5071004667015511,0.11335559321540703,-0.1268554862165192,-0.16080170940216948,-0.12480253817510023,-0.024021047204371926,0.10868761808006366,0.18822451890714054,0.3176989326704599,0.426369144290321,0.549480103331152,0.645429162188358,0.6929540751316812,0.7021046419973954,0.7819180714229998,0.7303945430436483,0.48225636719724224,0.06032674614064182,-0.22135461915087695,-0.2276468645802312,-0.1365281114175283,-0.014424304430371349,0.11715421410157933,0.24925942255156008,0.3950230234113894,0.5019493005401263,0.6681882962416635,0.6648928429976294,0.733840272542772,0.7787500934181869,0.792675803767777,0.8562391829130641,0.4057938606503649,-0.015702172062803388,-0.1611532712721705,-0.1454212987563851,-0.06011575465015384,0.06402075758727377,0.17630786922109354,0.2626021824033258,0.29139420272314487,0.37817091534486336,0.37013522044379776,0.5089153042944153,0.588520064152895,0.5948791903450363,0.6151921474462498,0.5928195082875427,0.2407437107415849,0.11431268366132522,0.08705710509987263,0.10505138395783353,0.1869421941312801,0.44432809833489034,0.44099388023088093,0.2257097844976908,0.2647111949427576,0.45880013557171784,0.43038060543270285,0.4111843914951373,0.6480512336575448,0.755575525992198,0.45231918026620765,0.5365129692076832,0.6340430822503906,0.1716951629241478,0.0625831314721671,0.01997183190793539,0.1475249271025496,0.2097433447843935,0.3071174236898613,0.3462969783206753,0.40388204106486514,0.49610463335650445,0.5732590677497424,0.6548359639175871,0.7286404856546124,0.8028376580904126,0.8716124189568646,0.9126128819640092,0.8768806054108526,0.18301873368750693,-0.2728752806823149,-0.04403095131343604,0.08137607001356795,0.23075506310535232,0.30931640166206575,0.3727503950614732,0.4149716875732057,0.45036558282457384,0.5162454690465261,0.4800792680870052,0.4679085621131601,0.4439977131964089,0.4275040594712721,0.3677302579330762,0.28218649016772746,0.5215540784904106,0.5670463488225063,0.6113498055145454,0.5752398373399366,0.5026579564279519,0.4359954789256346,0.4066017116830549,0.35918499159195516,0.3074017835385454,0.257865785743443,0.21955247235745157,0.17286657548812978,0.10291103693213621,0.007643649690144083,-0.17262913313847972,-0.14903081671920548,0.522533091903651,0.7662410057827186,0.7615035960254091,0.6923367406885144,0.43227363991823425,0.41120791772823967,0.6505282288181589,0.18602487268228934,0.0,0.0,0.0,0.0,0.2937516704478148,0.5659688010769928,0.6076264476651901,0.06777759660044724,0.22803734896674394,0.5228847631942475,0.4723513390449086,0.4087554537488215,0.3759738212959338,0.41500152058096007,0.5107939570975959,0.5592842580118949,0.5853333615460796,0.7365938494008413,0.774248444475667,0.7717745687635209,0.8090616464091784,0.7963464888648302,0.7816889451145284,0.6319435526958872,0.1702917394200018,0.3064375778617372,0.3302594972562761,0.4284920039136684,0.6519551464350137,0.8207657445994858,0.9973427030184396,1.0551368364653049,1.0953130012840433,0.4315668450446772,1.168720892308023,1.1307652210245052,1.0870419175779444,0.9679939320675158,0.8713586621836209,0.5992794823471388,0.3095991747441946,0.28856132108553256,0.45483586008219345,0.7030571482768975,0.8414539377763957,0.9435466285872909,1.0278271231060794,0.9957219415348686,0.9909957082072567,0.9384174869138979,0.8833894909963793,0.7746141420407634,0.6647486377244148,0.573729719542508,0.4715540027059405,0.3680248972445279,0.19053666027610677,0.17070336171338585,0.5709433814490976,0.7382480187022197,0.5707675475589005,0.41903488692394575,0.5967585154434573,0.5769615431406848,0.6664216451765765,0.625586046351515,0.6959218307602013,0.5475770983052564,0.624295100761604,0.25597002542342573,0.347137235202319,0.12619138531630286,0.13845622224160076,0.32529654518921824,0.8460835908636501,0.8578103426829804,0.815483499255038,0.6623259611985448,0.536977895663284,0.40020154755772697,0.21390157319590686,0.10890670746103615,0.09944162184340533,0.02485604098898997,0.012390426399018217,-0.012802798759797507,-0.05448726016476657,-0.11388230835412116,-0.05392050212475946,0.29298455109969596,0.7322850893697613,0.740666365351774,0.7402659123808512,0.5859404680328277,0.4472225566555488,0.324013755139678,0.21027104500205773,0.1803683722113055,0.11117969540231543,0.04163625812613092,0.011671644126066472,-0.01336184069223234,-0.03234505882535721,-0.09143275217055613,-0.13751369286030057,-0.07266173198164977,0.12843580727281567,0.5105742363063155,0.5941945883547756,0.6077064671528918,0.5477977619373806,0.5245184430382053,0.4872422688395559,0.45903080751334935,0.4510288478247375,0.3667259016538471,0.32371859819177207,0.3120055496229557,0.27019831595695354,0.23448115968726901,0.24240978360366233,0.2905732025734422,0.3744691867258667,0.4160473309184345,0.0,0.0,0.0,0.0,0.0
2025-06-01 17:56:59.371,1,0.0,0.0,0.0,0.0,0.0,0.0,0.5031417224054414,0.11094639906799195,-0.06394293084630065,-0.02791576840881893,0.03014310854888802,0.13051420023632987,0.24536055678002222,0.31296519054314764,0.43313720149275137,0.53683296820966,0.6341955798437298,0.7117967844897476,0.7574833948205353,0.7497225903974367,0.8019577058644076,0.733509726824226,0.47537984422120033,0.09634150560454102,-0.11913375377658852,-0.09452081795282419,-0.006246889830931135,0.112649968211747,0.22898143513411862,0.355652637050331,0.4983226143587307,0.5840796438395797,0.5812557854836896,0.7171474255676985,0.7825479084777895,0.8158336071226472,0.8153312176485845,0.8561326782384521,0.4052132611358756,0.027053352314729162,-0.08427164613595584,-0.0467709166405772,0.07940185676235711,0.18688398035410803,0.27043805879969596,0.3800156767843834,0.38351659247723235,0.44262299015672624,0.44264495683373895,0.562714142927656,0.6353586351622013,0.6285763805898408,0.6301056422923613,0.5896886731805824,0.24404458308038612,0.1715380392338942,0.17717283686551366,0.22796333474816355,0.3225256928938658,0.34102700194752106,0.3641226759074978,0.41436509960609164,0.1616247087254376,0.4810625333047137,0.3709707431819781,0.3992444740677147,0.6457199036631245,0.6841067831268647,0.4504391644855956,0.7148511923121876,0.6209455317604538,0.16962757344928678,0.11159391833428578,0.08373996518896787,0.22336869224248224,0.28538714837103174,0.3989268675047959,0.4475037071839423,0.5007114134803112,0.5881079568617027,0.6696100345731446,0.7424547389271619,0.8161149259452528,0.8835195942810725,0.9355807188159659,0.9813781441258936,0.9565481263845641,0.21582532073657884,-0.23299145261022314,0.015725618473203973,0.15463806701510108,0.30978063903981634,0.4008159139633709,0.4590259975478377,0.4962045588875936,0.5338922372448343,0.4514772659538235,0.555108714423878,0.53290803134935,0.5031069787122072,0.4955823501857176,0.4258147523425228,0.344124524659817,0.5536916779098209,0.5981705343452707,0.658221854542334,0.6383605136426602,0.56591387886549,0.4941325094673108,0.4661140492457143,0.421641748923292,0.3706085535500956,0.31890082589861257,0.275485918617278,0.23378868006867837,0.16129065799623565,0.06491408402024013,-0.12493757827316732,-0.1502621009887819,0.49484385039719736,0.754974173573752,0.766087769622088,0.7069446797806274,0.39422971299404236,0.3667209358366003,0.5170928290445005,0.23830382925197513,0.0,0.0,0.0,0.0,0.36450727223536383,0.58954861307763,0.603196587156702,0.05751980161293169,0.1700917108249161,0.4960814789987626,0.4569222511109939,0.41599736397418063,0.38782347317603993,0.45272276485827145,0.5619406207648856,0.64040979508514,0.6568818003177554,0.8312819011884796,0.8555977243713699,0.8416681162587851,0.8765481078157678,0.8575610829709259,0.8489394554494467,0.703631103510846,0.1381950722423657,0.28482584566485947,0.3309760462708895,0.45054646860663317,0.6966602717197283,0.8929253803547392,1.096266273572485,1.1597822387472496,1.2021385494260695,0.5394089182462456,1.271108716076982,1.2279817725046498,1.1657565411054642,1.0495372969536239,0.925946623760522,0.6552424032163459,0.3061292681509752,0.25649680139852293,0.44185133990780423,0.7293552872462954,0.8928915883554285,0.9996439572870679,1.1013926015818156,1.0676501198327808,1.0869470107815236,1.0277820825692445,0.9598145397220339,0.8533948278781714,0.7422846719846184,0.6305643642899255,0.52112487502687,0.41027346838906,0.22585361001880677,0.13918838804307426,0.5490934928572418,0.7387611547823666,0.592914145854142,0.409902066969032,0.4198662780827003,0.6586746959522083,0.6851295566520952,0.6652835699600391,0.6510172068347999,0.7278691963305057,0.6241163767926611,0.19506453159643022,0.27948639741338643,0.17033142661805806,0.17139228435756187,0.2988784877367783,0.7950560888707514,0.8456764169057323,0.8137108308154636,0.6816483110102356,0.5640950182244968,0.4435642971475302,0.2662764335040826,0.158230429608184,0.1448885400149087,0.08981516750104257,0.08083084111877903,0.047617378804409194,0.014217747533021408,-0.08137935012511383,-0.07729531052629962,0.20595763274427897,0.6742580020260156,0.6977181871369984,0.7053872476643558,0.5565180653004118,0.45165329531045684,0.3468476935228255,0.24570982140921438,0.24614728532590943,0.1600441233898664,0.11262879597688746,0.07589772083435875,0.06196282084946747,0.05194248077981434,-0.005742212331370955,-0.06389374951263044,-0.06891516439639978,0.008222388897399457,0.4433748866868638,0.5428933968244681,0.5769685003600564,0.5395079110456797,0.5396682770672301,0.5081087476054202,0.5051082750473219,0.5130212614004703,0.43192146913522,0.3958895737664516,0.4010518477805529,0.3587852104446497,0.3138029222342794,0.29942851629791495,0.2801334404796255,0.26913788058806365,0.32784809782219493,0.0,0.0,0.0,0.0,0.0
2025-06-01 17:56:59.374,1,0.0,0.0,0.0,0.0,0.0,0.0,0.5306090530591905,0.13878629233554182,0.014666796359605772,0.07585310518075006,0.152950470313589,0.24645396557045818,0.3519284241687147,0.41422163322770356,0.5251337800570705,0.627884219841665,0.706438528632295,0.7744932732112854,0.8150541764424213,0.7960952624878581,0.8305380425391876,0.7554891867903081,0.5018320481079226,0.1528764725890277,-0.032837937061751865,0.005316066135146569,0.08529079572873188,0.21260451692691307,0.3158455201492185,0.4400776393875807,0.58141813289233,0.6564983331187992,0.510501758897189,0.7701332336377843,0.8366440880425683,0.8620242632113989,0.855432389400461,0.8894100366408314,0.45247519711601875,0.0888499031974781,-0.02648324387102785,0.03160122367827234,0.1793582855651732,0.28719425618924954,0.36869895345994186,0.4763990539618126,0.4629978240321486,0.5275665064181665,0.5303467492001082,0.6177385362846405,0.6662067599122309,0.6697635057748133,0.6687356158058253,0.6232617809720276,0.2594875719358466,0.2074399292437798,0.23423333043929784,0.3212462607040223,0.43862007532646485,0.23861408977527038,0.3134222138132734,0.6468597284409037,0.09753379413894653,0.5666195211165312,0.3107098287148503,0.5160541662216676,0.5666002089995505,0.5695665259482118,0.43966426987568497,0.8853000208417505,0.6607069291738803,0.17397310332544277,0.11906265980951414,0.1000695755686305,0.25508109814407254,0.3168481241304191,0.44044561897787804,0.5036144604159309,0.5639904412744501,0.6580775246735431,0.7430539485245491,0.8136918598698075,0.8903483470395385,0.9601425376141168,1.0072598363002816,1.0630650156790042,1.0561947533197413,0.27340590031855244,-0.24387852341909144,0.017381362106296816,0.1805081638878283,0.3446436594280333,0.45564495450578724,0.5125226581087015,0.5527473277568307,0.5947225613377942,0.4036644951661838,0.6157854744254587,0.5941717918392774,0.5582371347304064,0.5624904236328719,0.4873353688573761,0.4084034289161199,0.556113382841697,0.5937723100515199,0.6569186253839168,0.6588333767221866,0.5871040776165668,0.5188769510752744,0.49036082259603386,0.4495295777158663,0.412937378471969,0.3490932227319694,0.31260364290717524,0.26743432450809035,0.19609417965040654,0.10210238846609176,-0.08527736721035872,-0.14640947304748486,0.46557278884694786,0.7391311876746282,0.7604303377472503,0.7021887452233595,0.38785249259235915,0.42403751592809985,0.3833828217217666,0.3738475808788527,0.0,0.0,0.0,0.0,0.41437196511652563,0.6310276827219103,0.5669126735261828,0.0745291882372432,0.13015215305178623,0.46961643560455685,0.43730480595975424,0.412475642287243,0.3870950942115683,0.4732268958079098,0.5954048614449938,0.6969405846407826,0.7198096876601072,0.9118101561152647,0.9214776147013177,0.9033765355022578,0.9351160437069397,0.9088838707406044,0.9073727278329924,0.7718128746746074,0.11835954299762777,0.2740562326488523,0.34598828713480456,0.474024667515321,0.7431219066663759,0.9644467126212586,1.1860021896164503,1.2521712817056605,1.2926546411589472,0.5235001372134538,1.3539361654370143,1.3061557137751536,1.222448128770901,1.1103788638359857,0.9617116986568094,0.6966232505039136,0.31916583414309696,0.2559756898049228,0.4519189106771714,0.7714801400006612,0.9494955382433905,1.056591662981132,1.1727583107026578,1.1281251262768468,1.163224645116061,1.0897949306640209,1.0168190524684966,0.9002675312882428,0.7904733175312136,0.6594098001054416,0.5427156812762562,0.42847686759184034,0.2354722231547945,0.1388564142525302,0.5724206241011927,0.7793978664438804,0.5808979289665922,0.4322343724324842,0.23743605654897226,0.73197074306482,0.4818662095830855,0.6236609475635868,0.5936389525544379,0.7314909629917608,0.6142074464246012,0.1838391957470774,0.2752967958866527,0.1721929526670653,0.1629484913073453,0.281735128314537,0.79268885163762,0.8676617723342257,0.8420571534661084,0.7206986909830211,0.6084651499594809,0.4934210317566481,0.31696555488314004,0.2146670742808252,0.184727063918261,0.12755940330149396,0.11390543115607477,0.06130884913169954,0.037401876393427735,-0.09538984263277339,-0.11073039704866355,0.18648667826562443,0.6651815160774026,0.7028655468081755,0.7167032576609061,0.5748421886058082,0.47451724557876274,0.3776682593027314,0.278817899267332,0.24432410542407354,0.18624738823353204,0.1595372126346748,0.1081072909839973,0.10313027084033244,0.09283649741940736,0.02631028283177972,-0.03424693880067886,-0.07197666550435416,-0.03516899802506712,0.4302948723048065,0.54522491554441,0.5882429200736219,0.5811819594383152,0.5699667271904199,0.5576298680176381,0.549227695932214,0.5708896614698371,0.4800987329344011,0.4486212352060033,0.45170307189277303,0.39619221515290726,0.33939161195922907,0.3036607212752844,0.24779254466679312,0.21452223729604158,0.3222213556501352,0.0,0.0,0.0,0.0,0.0
2025-06-01 17:56:59.382,1,0.0,0.0,0.0,0.0,0.0,0.0,0.6384771631126058,0.20745053850071424,0.07713866780067141,0.1499982076000782,0.24688531089124377,0.3573122767101887,0.4694104824866038,0.536865776467319,0.646325723974798,0.7441352282499698,0.82324094907425,0.8923270154071613,0.9225018333908475,0.8960081591877208,0.9256955055425945,0.8567119270819077,0.5773442280027741,0.2007682252196254,0.011683094279530848,0.07070197187785954,0.17868092210450826,0.33056847141071377,0.4280783510789714,0.5652088325466638,0.7102229970445866,0.7853562864207275,0.47413985009697546,0.8968410936553112,0.9577925437932437,0.9755536793578553,0.9727658453093069,1.0272236364094,0.5508043201849442,0.12197184720032012,-0.004769272682235037,0.10035634094012313,0.2453765141048454,0.3961364861763099,0.5035793404459501,0.593868129822037,0.5889743796819484,0.6761449816366722,0.6690275590401438,0.7302373321188634,0.7719886385245261,0.7751126194506242,0.7774919322679983,0.7582114856064059,0.30589070797006523,0.19544999265268032,0.23455164505306214,0.37616529982102453,0.5515259320116683,0.3576203375566744,0.36022079252988637,0.7539860644963863,0.14859170889932616,0.6472882190337942,0.34350868920537647,0.7286780264949427,0.5241625289163496,0.47007170546822274,0.5165470302503669,0.9485165249906742,0.8123238262825965,0.20089898621735344,0.103630740125775,0.11804850541942824,0.2907754913691514,0.36010744987234333,0.506216901797383,0.5889841887643439,0.6684205762136519,0.779877802754386,0.8630498341642998,0.9368808992371345,1.0270068309314224,1.0985782906233408,1.1519245929509099,1.2057211029631212,1.218051390267486,0.38974050072738736,-0.2603784732349047,0.016129089127926655,0.22468009754525053,0.4194764772891,0.5483887857461403,0.6221748682909021,0.6742559208684393,0.71415439324643,0.4406025582592212,0.7336578717177236,0.7122235086815133,0.6697473394421939,0.6621795182319002,0.5838570691219556,0.5018578249312287,0.5763317196491466,0.6129630499788982,0.7125943470407776,0.7380240484479395,0.6769015652809831,0.6241594754120741,0.6002109086003022,0.5586550181174164,0.5209871959351797,0.4460069758440004,0.4228186263571938,0.36128960072843963,0.2821920003927576,0.1770014515326387,-0.026399918771334074,-0.12343057632941767,0.45110656616045286,0.7552048472356964,0.7950703794827003,0.7426541033754708,0.47635780500847175,0.4737393691551323,0.3581450555194912,0.5366130400401892,0.0,0.0,0.0,0.0,0.4532032374996182,0.8259915859340887,0.6806824063995744,0.13659124908448306,0.1354024088380555,0.47632293891039784,0.45680821133129573,0.44847443110609875,0.44926272620727703,0.5635599010578314,0.7147141367281269,0.842746245057056,0.8852541907632019,1.0792678630925443,1.0614107547386387,1.0310254264534617,1.0517712110642388,1.004257500518383,0.9931598504093522,0.8627559974077088,0.11928892058195176,0.2938022385458686,0.40723944943457946,0.570564097477688,0.8821358657514546,1.1279640075286794,1.3873770092653706,1.4708784647360333,1.4915712583243865,0.6491357568965272,1.529785966668343,1.4645779333381528,1.348784508339874,1.1972749384018608,1.0250821117076427,0.754518018410299,0.3478027028880703,0.31026107118866475,0.5485468102877574,0.904092780246829,1.1089380307010321,1.2286277046639407,1.3665745472407025,1.311230796989246,1.339481708340597,1.2469957656036974,1.1617793334217383,1.0126006911253351,0.8816313645532091,0.7223963183321,0.5882495834742106,0.4518411666815658,0.23530519933735322,0.17532875739228773,0.6617508941655424,0.9111549374827254,0.7276706493549325,0.4431682253691974,0.26082461461935014,0.8548924065078746,0.5995698214946505,0.6103505367067457,0.6509469043075071,0.7294209538565453,0.7182573236535397,0.27949043459229417,0.45181319162638156,0.18926051245350733,0.145881059456468,0.29327139053196793,0.9024279990639501,0.981348112702451,0.988588153577277,0.871265533087338,0.7648844287127019,0.6411726815787713,0.43835384923677134,0.33319298841740297,0.2788374027420113,0.20906302345051797,0.17549556052901827,0.08404004510402452,0.04866006572159898,-0.11776387096513607,-0.11040397462657597,0.25661785630864403,0.7406761305919192,0.7958402016399218,0.8362268347031231,0.7301100320606266,0.6130073765736443,0.507057967448951,0.39945089986041515,0.3189818809498236,0.2633226087713829,0.22511927788879293,0.1576128504846268,0.15669292860842698,0.10990093648595789,0.034551853969370216,-0.05490905043019151,-0.061143417877775885,0.055719037149463135,0.5125504276336053,0.6361303131287824,0.7013121399034303,0.7432442321637658,0.709689623489139,0.7018567903214268,0.6694365740536763,0.6814782474095398,0.5788661760864682,0.5291615996025016,0.5219198012547044,0.43640670698145423,0.3546132322984561,0.28311397417332357,0.24429118867149424,0.2857584706649564,0.4388707577640467,0.0,0.0,0.0,0.0,0.0
2025-06-01 17:56:59.385,1,0.0,0.0,0.0,0.0,0.0,0.0,0.6965403882787086,0.27279041828872874,0.1471103558562734,0.23594797488132435,0.32233544120752977,0.43536979126116615,0.546490806702198,0.6016593832231119,0.6992534992543632,0.7898170832054163,0.8744701058332223,0.9366289330921983,0.9593666925705635,0.9290698946219677,0.9488756285674177,0.8860291644494528,0.5997506285437232,0.2290152293970752,0.05987161513525785,0.13178481878463766,0.2557926028598012,0.40225796836644534,0.48353588261187275,0.6373560017753732,0.7726705529735935,0.8463974713141407,0.43931344992179044,0.9531895204880666,1.0038426797814801,1.029902252964864,1.0246135696479184,1.07779774322763,0.5854049884972123,0.13903932033688843,0.008875091776700761,0.16326172291096808,0.28576314835376904,0.4573831605445644,0.5825888740471661,0.6613195731159616,0.6621317562367948,0.748126013809421,0.753493561018532,0.8095879121688893,0.8431213405036427,0.8269220004790061,0.8231583811205964,0.8365706067483023,0.32692056570296524,0.19129236640406344,0.23036581729622063,0.402559748724316,0.6169629532163663,0.4357463625579541,0.42741731487884727,0.7392870520973758,0.27649733092219664,0.6508947959073499,0.3362028682182062,0.8301243734348587,0.5400174710480614,0.4186581971208819,0.577877159435552,0.906524927568829,0.9038923255600051,0.21572656535997156,0.08736590059859228,0.1091881756752564,0.28394636626691105,0.36679469168264234,0.5310760571435378,0.6222265535393425,0.7159405844962781,0.8333214176433148,0.9221632795427552,1.0001705293147434,1.1050577173308809,1.1798105147428146,1.248945151068321,1.3000796982695548,1.3407604231394004,0.46104332504389783,-0.27915198394857943,-0.016214578102800914,0.22267009779971692,0.4446359487089777,0.5804888439127884,0.6749192236889785,0.7427702146915784,0.7858984991600584,0.4666376268862265,0.8079871628263693,0.7812377731666235,0.7444935955979973,0.7299277610075706,0.6551896100409162,0.5730153622554705,0.5740138188303561,0.5785966752463853,0.7080696360020391,0.7460529547428798,0.701282458390766,0.6671920685532322,0.6539227667151484,0.6146264035466209,0.572639212263139,0.5030523140571854,0.48695188258577127,0.4299659703600869,0.3475187773330426,0.24007398689536863,0.035092102500963174,-0.09073365834539132,0.3984864079589193,0.7302323833338485,0.7767294893791559,0.7400785853175857,0.5167017035421635,0.5219236712305375,0.2665422875624483,0.5805881515905202,0.0,0.0,0.0,0.0,0.5461400175469666,0.8621593285650444,0.8539916249692937,0.19407773167155318,0.11170309056092964,0.45862030970321954,0.44757106160722,0.44413942897700187,0.46364712441049094,0.5983433952294746,0.7684809737534133,0.9229752699908151,0.9755401007168842,1.1802875610966095,1.145318977525299,1.1184747030607098,1.1339198544013682,1.0793356272549948,1.066003371459726,0.9566610788221994,0.12933691627737715,0.2830213355467295,0.416258349458271,0.6029796995374106,0.9395424791864742,1.2001980215981631,1.4819681481927716,1.591644257272242,1.6046444448407866,0.8250182660475622,1.6460076605716574,1.568462515519892,1.4416643687285131,1.2692465229589733,1.0910771557896284,0.8180349512243326,0.37347697781801104,0.3043163103422951,0.5788809993414087,0.9281581583749647,1.1750131219256215,1.3029210695616327,1.4607383331190804,1.4115555154507826,1.438661122301642,1.3457468730510773,1.2499659454538836,1.1018637996664804,0.9504108274820341,0.7808643001763467,0.6310713565342428,0.48612349384828546,0.26090915971788203,0.18914516827561875,0.6690676738673637,0.954871391037598,0.8361382319144409,0.43292984439204363,0.27163922236652227,0.8043023512572763,0.7985913706147989,0.606918788213534,0.5477397929207919,0.7623766792665547,0.848990467213636,0.3934849066791066,0.6230683846122546,0.22411210889094152,0.15642966379621287,0.3022692967687781,0.9347344895726655,1.0320000343478621,1.0604113876792751,0.9452297451622358,0.8397507427736113,0.7155121900737371,0.5090954169458157,0.3952766424979337,0.3331849851045494,0.2661863622927281,0.21718829470901557,0.10927310939721124,0.05065398454752745,-0.11711419187195032,-0.09762981237215351,0.2797586576556292,0.7841010769212402,0.8415655573777674,0.8902128163168629,0.8169287590594909,0.6903046488774573,0.5819194285273996,0.4725459303373942,0.42568487784772724,0.3168444140678035,0.26122123295091493,0.18952379899825855,0.18819601948125497,0.11649663814359124,0.045263217891213126,-0.0608083722994065,-0.03257393971501038,0.10084854220571027,0.5453426059082558,0.669416880289205,0.7578053046340472,0.8304129434193772,0.799062338203087,0.7840756446033019,0.7426845958017287,0.7463796683089865,0.6483525587413463,0.5849393345331908,0.5720985588883043,0.4717368831905363,0.3694094297135063,0.2735470394924436,0.24331230635546253,0.28849739440325295,0.49002555318770824,0.0,0.0,0.0,0.0,0.0
2025-06-01 17:56:59.388,1,0.0,0.0,0.0,0.0,0.0,0.0,0.6659739123450737,0.3005590489031219,0.22027477854706168,0.32245056830421315,0.3893562057762333,0.47286006768525624,0.565801606144496,0.6048804581749065,0.6772979742153583,0.7594209197834652,0.840135742399948,0.8962054211625871,0.9090317028328887,0.8754278638595735,0.8771177311247045,0.8167600783996071,0.5536327396049233,0.22808819776652178,0.1266955946598176,0.1959813601888566,0.3129036620842678,0.42212034066258197,0.47883764352602465,0.6278915774199709,0.7479147795087391,0.8205590479233145,0.4082321811603066,0.9082516002258795,0.9497359080170318,0.9759757629351214,0.9606456109297614,0.9931303961396875,0.5004254211605947,0.14008319434934557,0.044871517305885567,0.23177168144111748,0.31104245640286377,0.47332618319217823,0.6050816605619522,0.6536447390724756,0.6504594090039097,0.74495409939848,0.7469772035514086,0.8116357715569292,0.816242414984304,0.7911192728694216,0.7754501853168938,0.7948518414952424,0.2892144421480426,0.20933860112924763,0.26062987271256044,0.42842154187575243,0.6302558454002396,0.37810718972965124,0.5785290289419106,0.7522466549293865,0.36967772850930647,0.7364452839058168,0.3884115258553448,0.973263174382633,0.5672333856305569,0.4707001312101998,0.6565463541232606,0.763110158327157,0.9284918456548141,0.23441056530488194,0.0836518746213295,0.0711476213477178,0.24331820282772476,0.33706420989327635,0.49687453515982893,0.584438038908923,0.6852708186801852,0.79727004000204,0.8974428928361722,0.9859006987979657,1.0929110268100706,1.1712569974259133,1.2596588537824758,1.3083532864045604,1.3627158391860366,0.46516308977570314,-0.3278421518411334,-0.07112515356315163,0.18045997636048527,0.4014876698410854,0.5428793169822894,0.6483332309690208,0.7227792802198829,0.7746281770521863,0.4250520291982573,0.8023567269750955,0.7738456105769694,0.7451346313374924,0.7325765843849782,0.6628392037885871,0.5719831912026231,0.5180147216569647,0.4992453544286638,0.6353590620844325,0.6795871333931729,0.6433859188328521,0.6219732594207115,0.6133519010594592,0.5740721889431444,0.5384746801239955,0.4787379871467654,0.4674011156521676,0.41673712457297185,0.3425994848741776,0.23798065527157497,0.055562308963763685,-0.07605189305057566,0.35484120413304454,0.6807087782587589,0.7221195478937037,0.6861079540451605,0.5484046692413602,0.6738844854082746,0.14548990671966017,0.5651131812324119,0.0,0.0,0.0,0.0,0.6199226047195003,0.7238375484349926,0.807155306153119,0.2468117355257916,0.10819385946278659,0.42755534949720436,0.4100075607200577,0.3972213995944457,0.41410990895607336,0.5476353942833898,0.7226059333721282,0.883248531904814,0.946326784875974,1.1684201447293545,1.136103228144211,1.1276022753971002,1.1507349399549334,1.1073843840805666,1.1056934106464107,1.0539265259853225,0.17502649555244992,0.2578205075319056,0.374910101035997,0.5502804758830462,0.8817952969154701,1.1471312165122565,1.428000254839426,1.5496680051016465,1.5763564948613509,0.7942871132891587,1.6493238484633048,1.574184472878572,1.4668092759297708,1.3079490868152313,1.1382479427159011,0.8870944091861164,0.44586056027237864,0.26762301772195507,0.5170253230921785,0.8425435868963105,1.1069753334267296,1.2415203062058933,1.4071685748051044,1.372881020994295,1.4077300074002137,1.331452702241923,1.2461649317787473,1.1154727885521538,0.9625745753802702,0.809595747818143,0.6559491366966004,0.5207488902726295,0.31107682408592974,0.18730446730567238,0.5918429363594085,0.8797542545329081,0.7171379962226636,0.4760808275526589,0.20615259676801634,0.7817807306762078,0.7487056361973436,0.5348825348709028,0.397795920062104,0.7193963325249682,0.7982406314818432,0.5304351161023888,0.6956188376199137,0.257666136278262,0.17849474250585495,0.2674952725108886,0.8287570076277195,0.9628382426594535,0.9960770267887306,0.89826121630905,0.7876349659977417,0.6752415705568424,0.5039681466493755,0.382357611811323,0.3272079881161034,0.26310746682618524,0.20730663675684902,0.11627124546441236,0.03625545245590278,-0.10639336950205841,-0.13214583793436135,0.24610914082299434,0.7623183215849829,0.8141342584742468,0.8474097832684216,0.7841531228734688,0.65427515792994,0.5554928459056756,0.4562151706387232,0.42847048940622146,0.30979006236883677,0.25121235559959953,0.18532568750624612,0.182120502855745,0.11337341431693626,0.052982401614866004,-0.04530507806878964,-0.05803120019588215,0.05212356806987417,0.5039611249566223,0.6285525887195494,0.7145418405769506,0.7929107258614061,0.7690307072163409,0.7762869530740453,0.727635331399735,0.734769159513881,0.6544552536875414,0.5958645230470849,0.5773913870889007,0.48033174446909854,0.3722040176366106,0.26280716310586544,0.16987543490424784,0.1583350974060317,0.4243811309154968,0.0,0.0,0.0,0.0,0.0
2025-06-01 17:56:59.390,1,0.0,0.0,0.0,0.0,0.0,0.0,0.7140085965974154,0.36398146623444105,0.21618886173257257,0.28870169348075514,0.33229933872519923,0.4081637001543913,0.50891915143896,0.561346278729631,0.6301148867268965,0.7158803441583617,0.8069182031192477,0.8713984775103528,0.8906052965696125,0.8605850928048527,0.8664051553311051,0.8395473274491486,0.5881393648978375,0.22322543316823557,0.09941406243057394,0.13797564490941927,0.2615367917830185,0.35816487079792303,0.426751755700836,0.5718933505269457,0.6993039839705049,0.7817005436138011,0.4156089429742019,0.8841846959397647,0.9287169740778785,0.9577048172850956,0.9505012254143088,1.001075785544606,0.4974967892546535,0.10110770248980855,-0.03870656863291844,0.15769998602668278,0.23115916510609402,0.41539791285804295,0.5507912841657987,0.588152940318073,0.6359653005412611,0.7395287744392449,0.7519697085953805,0.8045816483261651,0.833580066227707,0.8022718915179308,0.8060845810898982,0.8466185319009678,0.3346942165687826,0.1330772289555076,0.17843280427219288,0.3334476682862264,0.5275340852871162,0.5826516214426387,0.7658470263962577,0.787718487214361,0.3894966078755572,0.7765054800389083,0.5068066714756517,1.0601004063296837,0.5589054632703745,0.4623465729656323,0.8380502096357894,0.7527678733751801,1.1112582950215952,0.2759549759072265,-0.010920807957944478,-0.05910921942467584,0.13780709220545662,0.26008617256741706,0.4203798384361914,0.5217053534675988,0.6356081141156917,0.7636449614376426,0.8822378586720123,0.9891039452086903,1.1016405295431637,1.190276479481391,1.310345537011671,1.3682720020449555,1.4633836258612536,0.5415240400716061,-0.4612453618072261,-0.2083443035733834,0.08518598532253452,0.3181003860043099,0.47583303173673075,0.6061442560420587,0.6922045229556808,0.7532440138300911,0.5266500342304188,0.8011172651844713,0.78276527838251,0.7652161185210845,0.749358523139804,0.6947620190167818,0.5917576786137421,0.4174372906788245,0.3777550857417681,0.5153390573501322,0.5891667708182251,0.5667863215719413,0.5670965434994033,0.5649778236201137,0.5376716971568798,0.5091983983337804,0.46234534780825287,0.45952765331809253,0.41002627467345665,0.34864902458209723,0.24578056165184725,0.08495041422860738,-0.05596933121571043,0.30852881917955743,0.6328507539920385,0.6723011859197994,0.6323336980911811,0.5770869230431188,0.8225539926703962,0.15274282005743428,0.5508260940156688,0.0,0.0,0.0,0.0,0.5960887014743766,0.6687738208524847,0.7344572759723536,0.30891599225557964,0.13806912032086788,0.41469217755328047,0.38581899316049645,0.36034657969513206,0.3804037078650655,0.5005160526609718,0.6867372532434888,0.8313101939099892,0.9130384128395495,1.1478451847246873,1.117392101414516,1.121784969257645,1.1479754799854396,1.1142893085016485,1.1221232240183392,1.1203559464155237,0.22896184672741404,0.26550009864041246,0.3522758953537981,0.5252083227119615,0.8432471109464574,1.0983394408764888,1.383498567256804,1.5016313556495844,1.535787337071689,0.7618586653863357,1.6216454490509595,1.5514983257362287,1.4616247281495773,1.2991297375286321,1.1460837254756329,0.9050063266585967,0.5285065771986741,0.3154809484661292,0.5228403795337143,0.8357143205686735,1.0862001175040668,1.2170927309929473,1.3812615696834483,1.3490412162849685,1.3711716109356673,1.306521399311571,1.2320251316529758,1.0969473744653557,0.9429808194312334,0.8012928696375603,0.6509685091848757,0.5189408556289333,0.3214487042013624,0.24296917118144482,0.6107737684132633,0.8802190844332848,0.7528777860984646,0.594758188846356,0.16948127515020145,0.7289183175563722,0.7750945098637221,0.46804984049583354,0.4159727582767537,0.6676125554983376,0.7581459148492556,0.622222373471197,0.7204740173501465,0.25101242482915437,0.1538841968372528,0.23072776185578542,0.8339027598382638,0.971257361509255,1.0116495643231462,0.9152282181922025,0.7853848128281229,0.6746917515660424,0.5022358361680712,0.3822724071745527,0.32006552422206425,0.2418750644141836,0.1694738280565109,0.08751974084638181,-0.01397643303791396,-0.12705773024162498,-0.19257561200310214,0.3202785763259422,0.8042788248604117,0.8484783505150151,0.8670489591856371,0.821470771790352,0.6623875889558621,0.5539002519547174,0.4541357140485014,0.472824466230802,0.2805911966473764,0.20729196794268168,0.1409778472031955,0.12871275977867735,0.0471647132237627,-0.011706801096073693,-0.1107244756093062,-0.07299318322509263,0.14382481565563943,0.5722619923655667,0.681530839192867,0.7481676021825592,0.822425559908686,0.7830002164588588,0.7866422679828426,0.722643344394283,0.7024775348999235,0.6251278426919771,0.5497335438948439,0.5175526298159066,0.4076825671460337,0.2922397310037331,0.16698667852192822,0.0635591582361989,0.14705737347845504,0.4888808750450424,0.0,0.0,0.0,0.0,0.0
2025-06-01 17:56:59.394,1,0.0,0.0,0.0,0.0,0.0,0.0,0.7685288529195426,0.4455757108299262,0.22369631254072053,0.2614954823941932,0.2850444154628605,0.36651904947336844,0.4581255680812856,0.5169430693120207,0.5860020394194884,0.6786513321827665,0.7732412962178843,0.8476494999487817,0.8803664700124918,0.8487439483762164,0.859709545090206,0.852393601536954,0.6126180684266919,0.24289882144091168,0.08810696712277899,0.0988864238874213,0.22704521140260026,0.31376846076130094,0.3865608693635034,0.5326538520929944,0.6588993058796084,0.7416015321798461,0.44541246323809247,0.8570158803897053,0.9038516264852758,0.9409539472526102,0.9394374077019059,0.9993579045554167,0.47690657417257504,0.0732862796976082,-0.09325016515901885,0.06772045431524965,0.17277293709949149,0.35573446643757456,0.48378453660281995,0.5202509976342604,0.6269834540116657,0.7083391564535797,0.7479447410323903,0.790852675408655,0.8442051573831438,0.8076957739474013,0.8224580213156333,0.8731552132472178,0.33396631068807486,0.08136776093948139,0.13573106361337295,0.27818908151189503,0.46063302307351117,0.7310271351757689,0.833110338626107,0.6581410985684388,0.48962553521405416,0.6856719684281302,0.4622179995127519,1.0515509032437835,0.6594626286923675,0.43636348981942163,0.8710566378945961,0.8048542114834724,1.2390792949813918,0.30956382918923997,-0.06411506841086523,-0.12477512771642285,0.09212172208527769,0.2393792682728415,0.39867028954756933,0.512753767579627,0.629724072407553,0.7601388596205885,0.8927706141416534,1.0085175758933214,1.122144726062154,1.2167290593901225,1.3513368910328512,1.4168948038228746,1.5450009260199642,0.5761636323087211,-0.5531130080443918,-0.2830981734060287,0.03851795517856926,0.28761831157758166,0.45511577437367556,0.601297173668057,0.6898607691531442,0.7615170247674643,0.5049509987203369,0.817105545118678,0.7956152596359084,0.7921799569506295,0.7691022036833409,0.723736393936719,0.6055998315798359,0.3364095745971688,0.3028119479162089,0.45649977129928354,0.5460871763786519,0.5420340435444941,0.5544932790687274,0.558634256811005,0.5442190279484378,0.509402720872089,0.4795324330901516,0.465927841082763,0.43468742541165506,0.3771479733715879,0.2709934172956564,0.11474850061200281,-0.039130428299824216,0.2808126354675059,0.6154421493001019,0.6480854701931171,0.6187546767714174,0.5731570008169169,0.7352031399804462,0.1973215365871282,0.4974805078235478,0.0,0.0,0.0,0.0,0.6374523842326184,0.6649477667164054,0.7223212173513958,0.3609444352382054,0.17662521923751856,0.425397726685292,0.38638565126946794,0.3488460457474626,0.37575450745066785,0.49046937740884156,0.6811785687984049,0.8140185032674627,0.8928248413356972,1.1475027257171404,1.118552742965604,1.1254092892056504,1.1507779379458987,1.1238055277430163,1.1399542885223493,1.175701973475696,0.27361652402916264,0.2759858765389059,0.3455188649698253,0.5227345363475782,0.8331474206318619,1.079549320741275,1.3746249739952154,1.4914276562245445,1.5359238246598477,0.8270567561109134,1.6170375168309739,1.5463319033206013,1.4644767580872957,1.2978495439380562,1.1571311356736325,0.9068080129567326,0.585001661649973,0.3728906841871975,0.5621102238053653,0.86750557192168,1.111692914261622,1.2210231228810409,1.3924481952026992,1.366367214831042,1.365243648903284,1.3135575715512489,1.2292216147472206,1.099466530466767,0.9395096152385701,0.800298285615205,0.6524255096645437,0.5152779087141071,0.33088682304790706,0.2896754313648964,0.645689389119488,0.8971390515719767,0.8885549806654983,0.7702793601750715,0.17012899752385208,0.5569814582262377,0.7930682957931809,0.44854509909193874,0.4957555256679,0.7074842773548322,0.8430514362045437,0.6794376799771917,0.6734516087993586,0.24751640764022548,0.13577995092597,0.20543542138546278,0.8748972094319165,1.0060270539149687,1.0708075599836806,0.9595860664175535,0.8265966646055289,0.7068139627122147,0.528676302462072,0.40464095723935234,0.33629222353400223,0.26486175127060374,0.1682558226899422,0.09407295583966957,-0.040827131718121246,-0.13832355226534654,-0.2297814491586392,0.37886872865663407,0.8489529644252667,0.884514400666689,0.9132627828388201,0.8880091776036616,0.7239349165182873,0.5986598960111389,0.4924331189026583,0.5418891951833827,0.29578268419334575,0.20289239111445156,0.14000660784272378,0.11148252624482813,0.022286486007334738,-0.0439113970700975,-0.14317840989287695,-0.034669818986721224,0.23866821641313263,0.6331301968025502,0.731823391402289,0.8000642056036689,0.86427132999783,0.8359114925877931,0.798126012471716,0.7381334364388465,0.6991870181739477,0.6234236583790804,0.5272402442591118,0.48373468016815924,0.37155025170987954,0.24729335136751274,0.09670239199078184,-0.00362898282113594,0.1646156618940764,0.551460544016755,0.0,0.0,0.0,0.0,0.0
2025-06-01 17:56:59.397,1,0.0,0.0,0.0,0.0,0.0,0.0,0.7458797506496084,0.46443930660010513,0.2293860209094929,0.24546006859112957,0.2676169291896776,0.34092465189758003,0.41152931813921156,0.4626029210319098,0.5313421254094922,0.6329806082792417,0.7216946370696422,0.7954457589572442,0.8348850268093362,0.8092331699142622,0.814911204207323,0.8024238397571368,0.5640623896994347,0.24223626101082368,0.09737121522358283,0.10794415928140288,0.21905909031922732,0.2934435785116667,0.3565427597344861,0.5039280946351448,0.6148489608138861,0.6947828090266661,0.48236179920402156,0.80064076897812,0.8501410525147544,0.8812777576337961,0.8808174772733861,0.9198356860411571,0.42052449504730355,0.03915377832955569,-0.09013547653370102,0.023695983529915754,0.1706513403161769,0.3127213752060136,0.4412996848031676,0.48004067488209556,0.5795219124765878,0.6607952122976815,0.6929097336288248,0.752105841936266,0.8127196851133346,0.7699935906324724,0.7648826103109359,0.8205086577757494,0.29731116255587164,0.09908130099913298,0.1863385650674032,0.30365125802370274,0.4648821188144461,0.6264894058088097,0.8524659409932025,0.6121587641268829,0.4854257722800003,0.8589502036273249,0.43176985119056177,0.9661130293887727,0.8106387254248855,0.5359754043624774,0.7026410689739006,0.9237305635441329,1.2520803162944742,0.3444033531604387,-0.027416790531039292,-0.10561907329904274,0.1055772718582706,0.2663160658198842,0.4150987872190095,0.5300648544005357,0.6391885256743166,0.7551096555771046,0.8975499908552542,1.0110972013477388,1.1146847606454497,1.2095811631487503,1.3414287855107896,1.414996526200269,1.541564495704556,0.5445934652282396,-0.6032944427994291,-0.2832178406948678,0.03293206606981203,0.2923409101901402,0.465130332484903,0.6068694721507963,0.684146110500039,0.7679300335848478,0.3965807782904294,0.815410741537574,0.7863929689268839,0.7846356651546776,0.7654962933076174,0.7083816308202782,0.5663478093569116,0.27019605757129134,0.2881828494319786,0.4655623960147719,0.5535243803027183,0.5603414629539498,0.5666038070788388,0.5673948678980016,0.548159905131242,0.5180170119012686,0.49182857574709926,0.4598231987825008,0.4447911668870541,0.38304556511819365,0.2694961940744277,0.10586329829275964,-0.04801520609371007,0.31046043777000754,0.6360072601154709,0.6636120160608596,0.6403845334972085,0.45486771362481976,0.6504883570096243,0.34700110222723407,0.39442912497238225,0.0,0.0,0.0,0.0,0.7152895102194607,0.5640383600800036,0.697158088278219,0.40987783068055583,0.24018081265034447,0.4544405500025736,0.4027213059625147,0.3614847281750596,0.3823612206796061,0.4938693673654917,0.6745917382682922,0.8039368365423982,0.866581783118491,1.1359923396591833,1.113246937206147,1.118900410738033,1.142369137068742,1.1250228430623077,1.1571683387056204,1.22810494720104,0.3218052973079825,0.2853103998136018,0.34888719183159556,0.515502209753657,0.8194867717675887,1.0709014778499983,1.3694563866610183,1.471952608930587,1.5341997755402856,0.8145547580937991,1.6061868648148527,1.5396623891889516,1.459156529839518,1.3120257633430548,1.1664380725534873,0.9142699407394731,0.6229709758860986,0.4025646341062392,0.5791480777181462,0.8787084322466379,1.1308293642221834,1.218364810882058,1.3920325564836293,1.3624870872083907,1.3612116539850576,1.3108346476271122,1.2150347538281046,1.0967703304434808,0.9339954973374508,0.798815842289077,0.6471788918730806,0.5118308382552557,0.3395625134840537,0.30862967192442897,0.6667715940451941,0.8977111418442186,0.7403830015507896,0.7889444329203522,0.1751828338114929,0.4440374782860259,0.699424646675042,0.5245349724582556,0.5428470879247822,0.8086565405059463,0.7678045650199727,0.6502244336597923,0.6160143274964025,0.24350866955339762,0.13128840739775854,0.20126783369415369,0.9066826015928922,1.032983498125898,1.1109576542343147,0.9982497655780493,0.8497069842274863,0.7287229446134429,0.566075797085303,0.4298972644511794,0.3398884601712875,0.288910627143228,0.17532660335221495,0.1058816571229394,-0.049198048473088174,-0.14735649481840524,-0.23779551701469587,0.41420341224809815,0.8786781445457378,0.9106597073734248,0.9660254027752949,0.950262290951162,0.8001150202664733,0.6640612766273526,0.5431814434438593,0.5099810351077269,0.3281792111823161,0.22934324403700912,0.15769423230510982,0.10935135494443482,0.019443916959594132,-0.05365853845901958,-0.12126940245792456,0.028748440501383865,0.30288482428382224,0.6854787084912106,0.7724882337359754,0.8485551502533697,0.9043488083851585,0.8857944325371778,0.816383275884057,0.7534044970200269,0.7138816680815296,0.6333972323926309,0.5251626488187731,0.4643545548300472,0.3642433866910394,0.22928847098465055,0.0643877302969007,-0.02285474291452727,0.16676203918265575,0.5773289627563387,0.0,0.0,0.0,0.0,0.0
2025-06-01 17:56:59.397,1,0.0,0.0,0.0,0.0,0.0,0.0,0.7285591244675815,0.4359371899637303,0.19029682202907894,0.20113750003989406,0.23989037188393192,0.30419574592020615,0.3730468360486662,0.42955411394517595,0.5107097013249483,0.613193020013306,0.699919118156143,0.7820500461732683,0.8149998963496208,0.8001638721856017,0.8061457546228195,0.7741703395784759,0.5352077848428661,0.21749853016097664,0.10964779943273095,0.11948865247695017,0.2283298205718325,0.2895625500865413,0.35615594740531353,0.49538272645596115,0.5916823468562009,0.6756240196255838,0.49159512911591885,0.7683272666709456,0.8158226991629964,0.8341114758759615,0.8331711865535396,0.8613114485473314,0.36698186270376826,-0.027143615009475958,-0.08067040473021381,-0.014841560944918397,0.15938902204026206,0.28574045580390806,0.4055912951530105,0.4559082580186511,0.5458690586058352,0.6422189854093621,0.6504642824392093,0.695897903347584,0.7847396655469526,0.7324607680504784,0.7233935768689063,0.7714217538051911,0.27608029733075745,0.10346000425542057,0.2257379310676888,0.3227770570825814,0.4600788932221147,0.5572425373370922,0.7883114936682657,0.6111287006778465,0.38868877052285744,0.9823185756792807,0.49766097103793416,0.879153874797467,0.8290229437256749,0.6618397170269922,0.5762060511207171,0.9287377403309871,1.2333614491122937,0.36489012345374794,0.025751190550743153,-0.06726916229522484,0.12186830412793159,0.27627969273961117,0.4172579087245716,0.5303079430943376,0.6289088543220662,0.7367266501803429,0.8824150788353389,0.9901174741366527,1.085620459535289,1.1812163945256695,1.3063859391134456,1.380524174092042,1.4972057962955725,0.5062353288289447,-0.6376403177735204,-0.2706638565269499,0.040275060686813635,0.2868854728307322,0.45824113745353356,0.5930429802220654,0.6582924221552422,0.7445593439330873,0.23951401074377915,0.7864342925957379,0.7561946865746957,0.7520454844809447,0.7353399522071734,0.6673263980428741,0.5082471627947828,0.2289943239161723,0.3119823453299634,0.4916528152924844,0.5731735409708609,0.568872074417982,0.5728040620963781,0.5639238164416227,0.5405774737898783,0.513666652726881,0.4825714160993635,0.4425928341223462,0.42272454085711497,0.35600184137792534,0.24111608356674086,0.07076401074814331,-0.07317631549930001,0.3661812147050617,0.6746718164931328,0.7012269882595883,0.6707928830186098,0.42094192384891554,0.6079140141203399,0.5414677256892473,0.3721897993867751,0.0,0.0,0.0,0.0,0.5947238134166859,0.5264973073228565,0.6260614633084585,0.43036422459506296,0.30655044420850247,0.4906596957890362,0.4252061502277222,0.3785002569048991,0.37924095005780556,0.4829950194992607,0.6489131996419117,0.7735549044204535,0.8273351783743439,1.0956739820302812,1.0853469293709606,1.0915395039177094,1.115987690416093,1.1110403732806593,1.1506998247999618,1.231411909170852,0.3458100064351738,0.30105499444730877,0.3507788450203009,0.5164521535070146,0.8111916656904785,1.0601187869964286,1.3665051580677292,1.4555660802787889,1.5297311347419862,0.616527589770179,1.5973842085845584,1.5339958676325467,1.4530261533603859,1.3116126681440243,1.1626545814882283,0.9077686093393164,0.6280107550202901,0.4046881050995855,0.5832556393156935,0.8884905043685316,1.1433470294033468,1.2286260361209467,1.3969964653114726,1.3644017376742184,1.3656086830408052,1.3046059742366078,1.2061798915638078,1.084082992820274,0.9245734209750408,0.7897115424875043,0.6387893864174098,0.4992940761064021,0.32345268943993716,0.3004340570719942,0.6964047963786772,0.915806122886016,0.505755711361271,0.7517688262255298,0.08527731204939787,0.6610444339524226,0.6684485962801647,0.5952091155872558,0.6162449621895905,0.7362592775070411,0.6146651172285253,0.6068477388082809,0.500514456953999,0.24058089525776066,0.14255096295515762,0.2238641194731964,0.973386679127954,1.092706031755942,1.1587495217320773,1.0389591197138195,0.8883021896653942,0.7536971400709471,0.6116498121459546,0.468364244789379,0.3617114365877543,0.29930922428246953,0.1943062344348765,0.10513779758885855,-0.041185880553402776,-0.12962959420463666,-0.19990496462927582,0.4978494242072962,0.9309394613867066,0.9611845782754764,1.0402191356159016,1.012639529898894,0.8625097427573563,0.7129122420672929,0.5820896266068651,0.4449287099653719,0.3337125070037039,0.2328469236033175,0.15541344839093196,0.08521310113172575,-0.011746914210794768,-0.09956141935501472,-0.12139090696416227,0.054026051403037345,0.3848929284940036,0.7558693918463553,0.827818387195341,0.8972306152511458,0.9475297074611153,0.9140808700549781,0.8256566807844177,0.7534954248458152,0.7030607925936712,0.6254223965188335,0.5163891659030149,0.4434763262912804,0.3388796004703457,0.2021870959547184,0.03294939643927197,-0.026686871569890636,0.1929916623811092,0.6270637065163032,0.0,0.0,0.0,0.0,0.0
2025-06-01 17:56:59.403,1,0.0,0.0,0.0,0.0,0.0,0.0,0.7392901122531678,0.39665203830000717,0.12291338108390804,0.11977731195641528,0.16527628248538362,0.24111570035449914,0.3230694996451956,0.38776319735016695,0.4887959595831787,0.5899291056243203,0.6822058132285076,0.7800408033162084,0.8085676435292397,0.8071370952657514,0.8217832564958502,0.770926370808758,0.5365688727512407,0.19350636049527076,0.08187606262094727,0.08733505613534753,0.2031698457738782,0.26179487511149735,0.34770936360185667,0.4861573643437298,0.5702548606079083,0.6605875900361582,0.4465265580729779,0.7625322865316592,0.7982543853568513,0.8233604467246508,0.8266196427516186,0.8408058457495243,0.3477090088585782,-0.07045823456967454,-0.11088513717326332,-0.08602716160361745,0.09256114191162013,0.25029070722963254,0.35191728200828054,0.408482989468792,0.5227966354723099,0.599909780384599,0.6379281030777415,0.6451080808002979,0.7635038509864244,0.7171095304460053,0.7400100990507724,0.7791836599008852,0.26066851037786826,0.1118415787877963,0.2142811857178688,0.30762653916199834,0.4342083013028155,0.6273435134288452,0.701572818960144,0.48456402250904246,0.4531197218622741,0.8058628596314537,0.44823464646058664,0.7802562998744055,0.7643704520095858,0.6331824043979879,0.5039765959535635,1.0497410787226802,1.2534274921064534,0.39433592111829563,0.06932350510439256,-0.040700971145856135,0.12773072216552483,0.25636927936427845,0.39992911168962597,0.5098069312566922,0.6079352804448905,0.7272589340305649,0.8542438445047218,0.9603953447207265,1.0603385896121478,1.1705456904775957,1.2899836797518776,1.3704262197001897,1.4912391502955171,0.5025651759336516,-0.6810235032596992,-0.29225935521732826,0.01637100021217175,0.26457459116174276,0.42897362716190424,0.5683083716598909,0.6406367909230672,0.7167625670099003,0.1893164261567178,0.7608844413799085,0.7415843745300111,0.7388798669963169,0.7163785914283928,0.6522012149242973,0.4948432055950548,0.1979696413973116,0.306984250032981,0.48962874451480376,0.5709128555043137,0.5594013343871758,0.5685953952343172,0.5567123587167542,0.5396574909434082,0.5162344952104034,0.4751774465070784,0.44491944441900966,0.4140846832860019,0.34746656837130274,0.23482076476948632,0.05758045361958586,-0.0749851021681052,0.3981861521731668,0.7036300168591381,0.7281159231965677,0.6947983895629788,0.36882787539169753,0.4980337596997075,0.6058150004888199,0.4983881511645989,0.0,0.0,0.0,0.0,0.5132768338591833,0.5890284508821482,0.7161170701393539,0.45663460780705045,0.34818696228261653,0.5197465583397982,0.44710558077299606,0.3859004172611554,0.3793054074524964,0.4895309099395335,0.6412758808564423,0.7697288807847413,0.8339159116554997,1.0925630330821416,1.079936984577106,1.0902615634600243,1.1150293603118375,1.116690669767926,1.1607207920708662,1.2192515693522776,0.34840865662475456,0.30163531072541394,0.35122630200185556,0.53248708588708,0.8301985160274963,1.0829961270875064,1.3945060754199812,1.4939467232618309,1.5570559858371877,0.5254751816007144,1.6232611257053704,1.5693739027057485,1.473770722440633,1.3144319241493716,1.171245618304987,0.9037460027974977,0.5965289213034178,0.3891913524355266,0.5891285312429243,0.913139826839841,1.1652244569302495,1.2625465089325176,1.4383626556571278,1.403601561152705,1.4042211709029853,1.3225525607065447,1.2318475466393752,1.0933231497193412,0.9326918910969847,0.7880464262676135,0.6363998364161286,0.4915259536642904,0.30320585337118505,0.2704602664722794,0.7347404464628703,0.9615482830044969,0.4819046243436559,0.6562672238165065,0.010970303956653937,0.7532079578445657,0.7089817642591891,0.6649854328899123,0.6372747698218404,0.5558858163990965,0.5642710945018753,0.6938625630472928,0.4382916166116001,0.23755854392328207,0.14330923596260897,0.2852045726032288,1.096595005186462,1.1863446222455003,1.2550863036428814,1.1039843033103098,0.9698741544485256,0.8347933183014158,0.6672292996442459,0.519583235638502,0.4113710377095492,0.3247678750180092,0.22392299744294486,0.11741583571018865,-0.019123387488516053,-0.11531074419163634,-0.1438698423357488,0.5981314706954866,1.0048161414415668,1.029286754795544,1.1312070668422312,1.124556415010922,0.9559446501855926,0.7939940656310973,0.6375473298421352,0.5139274637603171,0.3623460655202977,0.25167642654356115,0.16631619832857436,0.08217503389906466,-0.02989406642082426,-0.14467948298752942,-0.17579827456084218,0.057243099068540026,0.4923835026756862,0.8393259859159719,0.9104925729531931,0.9841258116200353,1.0459624679374513,0.9851483810852306,0.8787503649839663,0.7967116644858485,0.7241347577107502,0.6439032620743945,0.5323576247633157,0.4468973696718954,0.32218763293463815,0.18656857066396626,0.003575734648026907,-0.010603439040225537,0.2923334214407136,0.7328674712991889,0.0,0.0,0.0,0.0,0.0
2025-06-01 17:56:59.405,1,0.0,0.0,0.0,0.0,0.0,0.0,0.7660329156388235,0.3854499706208786,0.06491226944763479,0.011338761804611242,0.053664610591529716,0.14475893033564613,0.239261333950595,0.31945627741527804,0.4373819876587849,0.5537166645068501,0.6524085075312156,0.7653879601588575,0.798561002750255,0.8104930006833028,0.8416832108814197,0.7840574929816042,0.5412575262374038,0.17889195636289074,0.01340266569975579,0.01704468168804285,0.13898430131971695,0.2164999701357586,0.3073905793701359,0.45490364947709594,0.542121440670603,0.6382051559410344,0.5099402822261375,0.7473629363002946,0.7826376756322002,0.8284279517845069,0.8421616323231134,0.8655512047483055,0.3843897788767992,-0.08160019130877352,-0.1381499100924961,-0.15439317835037647,0.027923630888040174,0.21574763308784584,0.30931331304853704,0.3752447942204904,0.4774360223282885,0.5361621920723767,0.591423296717251,0.6070293899539146,0.7167422977139678,0.6920107426453619,0.7394869683461446,0.7704302022687839,0.252871612338399,0.14652187409584283,0.20029651946536509,0.2841775260245265,0.4104100770152779,0.5491549267497646,0.578318239904727,0.37342024137988755,0.5634888995585755,0.6259920074538493,0.31464851337770594,0.6593102098584416,0.7470314226548522,0.5921440190058676,0.4120517247963187,1.1039458780719282,1.2812574459290993,0.43743413055090175,0.12632581952658162,-0.0123986768601283,0.1230697619540535,0.22556861286537155,0.3695342258758372,0.4759291097070202,0.5834136521741462,0.701617971048293,0.8233732033210452,0.9311156829705445,1.0330626945557695,1.1612226469278215,1.274974157156362,1.3728173024239143,1.4867128928537836,0.5049458218684864,-0.6994631537562934,-0.3280370323356048,-0.028145019448425623,0.22792540828416685,0.3932632154509803,0.5366676123725083,0.6103467138736285,0.6858227783067836,0.15747506277587253,0.7337661957919812,0.7176901737102049,0.7165936774692804,0.6958068692249603,0.6325314812821825,0.48215266586438055,0.1799860228193783,0.2955662565425242,0.48843212089363863,0.5578810688845353,0.5458741084935832,0.5538176405961501,0.5454606184370343,0.5271885552003215,0.5052184480977908,0.45166989588912454,0.4238929293695277,0.3911838514892383,0.32088347606582746,0.20623293533737275,0.02215181816422762,-0.0966881336735575,0.4435158200449517,0.7462367740167025,0.7589341541132002,0.7227764083074328,0.4464242069689703,0.36499484216554073,0.6588663098630807,0.5195926097214311,0.0,0.0,0.0,0.0,0.5929943056459248,0.5612658079835715,0.8795983474647361,0.48333478860542434,0.4012376115550293,0.5550487869850919,0.48038112741840605,0.3968688729324962,0.3866971114826414,0.49854431032450175,0.6298885349704095,0.7612450237392738,0.8260340928667969,1.0721251391285516,1.0678737562623812,1.0751401983990576,1.1072545467262924,1.1094069783306229,1.1511337753728035,1.1965689468962806,0.3536853352262055,0.3103613285856184,0.36518690907484896,0.5461102774060398,0.8483755224038318,1.1081976973507253,1.4100891047703894,1.5153176753431394,1.5694853662412152,0.5369686375360205,1.6315895920766619,1.5783768723600584,1.4713332712751697,1.3028403010652165,1.161280633805058,0.8864685089330291,0.5424028111208546,0.3816584488638959,0.601900788249499,0.926176385912721,1.1857338961345962,1.2847470313877938,1.4595228164031724,1.4207441470369362,1.4189087697410692,1.3199565297703884,1.2232817524957187,1.0788450655053037,0.9167220375105171,0.7662759647757289,0.6142441295746215,0.4663020877063513,0.2589213086585054,0.26250940763620023,0.7778212991375472,1.0057341898470415,0.5241792984367973,0.5818504370334616,0.01987243583584708,0.6546734536172873,0.5985118157502909,0.7027946609834943,0.5890556769143402,0.43830452697933037,0.567927732165141,0.6206562172083833,0.5566612404611897,0.20655284717452965,0.1289048717244884,0.36632738066369985,1.2222916335116187,1.2548745775767443,1.3412660664813196,1.1473090900380276,1.0191943100867646,0.849389853668109,0.6761587701906342,0.5028061745003274,0.4000485201270345,0.29692785214941253,0.2065937599862282,0.09773942416955861,-0.041929038947363884,-0.139587557176987,-0.05694901096374422,0.7012567946394579,1.0871019554225507,1.087766670917893,1.2094867303116503,1.1880195266069802,1.0011173395956154,0.8253446370869681,0.628534875942113,0.644244793538616,0.3443180852738503,0.2229879598784763,0.12263689755155882,0.03139289557258518,-0.09147292922473527,-0.22957684460581163,-0.22699458417222448,0.12672938630911673,0.6209923224741678,0.9237468349338487,0.9709996707481051,1.059907715923289,1.102134452700183,1.0182235825473427,0.9017748585145213,0.7885774626715494,0.7032071702198761,0.611340980914381,0.49753513416546724,0.38585440132225735,0.2556806716963981,0.1274394136934881,-0.030500987700555315,0.10956944167316662,0.46709982417761553,0.872640935255317,0.0,0.0,0.0,0.0,0.0
2025-06-01 17:56:59.405,1,0.0,0.0,0.0,0.0,0.0,0.0,0.829129886347822,0.4001312960921447,0.035501093812117024,-0.12094522099379251,-0.10968713263868857,-0.006224429674114296,0.13035593442816407,0.23883835408022258,0.37564527925349134,0.5141185588884027,0.6251655053126781,0.7601320001841038,0.8057866713348558,0.8397301331110186,0.8855030408571376,0.8457199978360141,0.5881476841840649,0.17615055316545059,-0.0962223850392484,-0.1009560785888367,0.029702803346161488,0.13346711486620033,0.2398395030778384,0.40866085136834873,0.51438003743786,0.6215689069473793,0.5278884889386342,0.752722681372315,0.7943718623666274,0.8538633623127622,0.8806275623783868,0.966313643257431,0.48818388906330773,-0.04894467216117315,-0.2243336056203607,-0.26672553633640206,-0.06339146737891088,0.13444687606017958,0.25119063888890913,0.33489953990316645,0.42824782131884565,0.4804028800745024,0.5427990668001792,0.5805754174174945,0.6786085816244839,0.6978345841061304,0.7347005251306052,0.7932512645854046,0.3099489641058277,0.15644253014988901,0.1402109065687911,0.19729262398548864,0.32658055468341596,0.6360273060082218,0.4899590858703793,0.4272990238386773,0.4707537281395502,0.5472717753242439,0.3651390735966292,0.5724963206971426,0.6516541347204365,0.6722584124081983,0.36471872457524,1.0273511903717814,1.3767682790264368,0.5075569422518245,0.1479686060177111,-0.038506525221657206,0.06067619670262259,0.15816250674815158,0.31487153275301916,0.42079465956081963,0.5392664895676824,0.6608810680945076,0.7948914726187291,0.9166125182651905,1.0260984992009852,1.1686250272324699,1.2903450000881485,1.4050071041297016,1.524328150119255,0.5729064616509798,-0.706870635800162,-0.41797379360635234,-0.10845759274324052,0.16411782542896725,0.3357714091867914,0.48866787627185326,0.5688447067716909,0.6568237521681601,0.22862184471290475,0.7161821047012515,0.702024419176121,0.7043524235759352,0.6915577842241801,0.6330807954438054,0.4859089403307141,0.17838644543340376,0.2569812264846939,0.4600357865568814,0.5286680632748852,0.5216738614907601,0.5333027103815839,0.5298885754289144,0.5097623685756334,0.49025118299768944,0.4382502241508317,0.4044386298943452,0.3718783384564599,0.2992506487488775,0.18455996350854098,-0.009422426487917246,-0.12800730967526958,0.4790419373757002,0.7686854570921087,0.7867517504215604,0.7416630408503069,0.7118259631620067,0.42214965186759484,0.7904407448900346,0.45520846291469597,0.0,0.0,0.0,0.0,0.682207940134997,0.4811364729405531,0.8914479522950362,0.5027673374250626,0.45535291585457366,0.583505830168863,0.5065668557890171,0.4102340802650589,0.3972081607103044,0.5057164072093279,0.623750080611305,0.762089030209848,0.8138020254573526,1.0516408931891674,1.0578727208121173,1.0603727167113917,1.0993933752257363,1.1016592065401127,1.1357142145277317,1.1825068472099636,0.3593729104341257,0.323839652792831,0.3740252880353785,0.5530669281900664,0.8635110230761562,1.1222728745654549,1.4097852222824097,1.517460594982208,1.5670652615126441,0.6062748879114483,1.6305498510526237,1.5693612720453949,1.458949932704699,1.285479821953985,1.1366974838106918,0.8561311140850656,0.5009918981788404,0.384181102273921,0.6171581473132898,0.9325660548773016,1.2063738014556051,1.3092694058684387,1.4665963965082187,1.4254260278423823,1.421241725278323,1.3143852439004324,1.2052110904891329,1.0547056304736326,0.8907862384782249,0.7388682081737274,0.578845453606364,0.43232126094452406,0.2106553076026002,0.2790620121255649,0.8324442555778727,1.0547376447305945,0.5229947184135835,0.5677906021007304,0.13073363102598268,0.7061997731644597,0.6596933808447454,0.729940332907899,0.4545060524447057,0.43048698433395066,0.6373443947797641,0.6497787040422606,0.5436184883851176,0.17176319351643826,0.11746965844950358,0.4531039330368219,1.3284849533459588,1.3098699659772388,1.4086126703561779,1.1757729202148055,1.04313475226993,0.8523259268786387,0.662797582839082,0.4856242847750556,0.3719784288614223,0.24964456313768602,0.17424532876367538,0.06526816882315589,-0.08454198714608774,-0.14606529361857917,0.029274508270901223,0.811606599301975,1.1562962152555183,1.135618718560033,1.2653209571360442,1.2192447478172361,1.029209233446461,0.8386880120677589,0.6101170981028392,0.8300018781703785,0.3096635964757679,0.17674130916144715,0.060396849026072896,-0.03930048488769233,-0.16972935344353002,-0.3164159579465237,-0.24731564979053197,0.18308933093556806,0.7476861413341214,1.014174660484661,1.0365846530248848,1.1229501333928706,1.1693934112535294,1.0412748823311406,0.9291136310637369,0.7759790802515945,0.6779670750688325,0.5740210343835437,0.45405092501975686,0.31958422473559533,0.18311603490080486,0.06281936618166417,-0.0221520764058738,0.2737286952258027,0.6670818781713227,1.0221335686908928,0.0,0.0,0.0,0.0,0.0
2025-06-01 17:56:59.409,1,0.0,0.0,0.0,0.0,0.0,0.0,0.9199661968437777,0.4405338428705544,0.02313241514462827,-0.2407709753536017,-0.2511212784702004,-0.1255991639088726,0.053391311723101076,0.1902627675956139,0.3449866102129263,0.49192895509844314,0.6232027208073192,0.7721199188422324,0.8315027351526743,0.8787933622429197,0.9320424762869411,0.9213889175414552,0.6605510341234456,0.1930474277680495,-0.16598360777070148,-0.19381846989915097,-0.04823379680203255,0.07651968216444716,0.206038716331437,0.38292607311637306,0.5105638938876575,0.6255601183599309,0.4668692413887986,0.7833424832659371,0.8314242150567912,0.8989678524075267,0.9352691456739868,1.0779543315738134,0.6044114705091728,-0.003726077787953974,-0.30843531114202216,-0.33189814128833106,-0.10889324533426814,0.09293414773849262,0.19563088307342236,0.3129658361461991,0.42426350243739797,0.4559067812671349,0.5521572475130869,0.5822601386021385,0.6805936371581683,0.7256221117844337,0.7555254904418416,0.8147236568477367,0.3434945940572473,0.13067384803968143,0.09031542564872785,0.13758051402225324,0.2718483408835015,0.8047674924239581,0.4121993534890376,0.4978537654578082,0.5463136664699711,0.32937679520181407,0.5070198693411713,0.6263177563688688,0.46819305597493094,0.6352091657620043,0.4524284636769097,0.9790237118514173,1.4618146489266568,0.554934233312644,0.15658160275168687,-0.05841330363030717,0.03524591846117686,0.11595262366436909,0.2770090380350536,0.3905993186487662,0.5126144853279733,0.6439611309581481,0.7886918373640595,0.9202308770083742,1.0386109916159287,1.1921909446731724,1.3190534685117556,1.447955680454001,1.582202694168742,0.6506136248886869,-0.736832944976173,-0.4980716262623386,-0.164101102874322,0.11927686404198212,0.2996474252653325,0.4653039271270707,0.5554481890093128,0.6548219327837523,0.2558938485571938,0.7226365329520688,0.7117767170620194,0.7203421073285478,0.7138452302233566,0.6620467022880943,0.5233123406751183,0.19512133882082155,0.22293811705600197,0.4306127568464597,0.5076959573333022,0.5073177841433949,0.5254729793041324,0.5303766331085118,0.5165725764996849,0.4945886969966675,0.44771853326932654,0.4135886580906296,0.37727168747681095,0.3046388716173407,0.1888512582246561,-0.006336557197478276,-0.13859154918983976,0.47975487894095004,0.7715440921018966,0.8028966691305339,0.7520269264776822,0.6550551762316481,0.4055589373757403,0.789375802969859,0.4380438974730977,0.0,0.0,0.0,0.0,0.7515614273734792,0.48653214177345955,0.8896931044953987,0.4618883499755948,0.4548646878553226,0.5912666544519402,0.5226668529826979,0.42853809003883836,0.4141945863605776,0.5221948180766929,0.635215375217316,0.7680783846374926,0.8095087737384739,1.03758435318269,1.0480697550420035,1.0484594916241967,1.083821307703372,1.0824779327382346,1.1017583142216356,1.1209980763632164,0.33417566089675677,0.3361471393703753,0.38717115071615793,0.5721377780414296,0.8848877595969327,1.1425602454624961,1.4128559380718708,1.5258135291789945,1.5750983062716777,0.49134392131721855,1.633906737018163,1.5587214029768406,1.4418499077882572,1.2584409434693886,1.1041631378136545,0.8050389673505138,0.4528265962207828,0.40697568012985974,0.6544071731837365,0.9781883765703856,1.2486849137429514,1.3529977869123269,1.492942291829447,1.4556556108798568,1.428754636043101,1.3180200880374229,1.1948882223377724,1.0284800142888897,0.8656200673883366,0.7058087130647723,0.5444135119497873,0.3922882513834549,0.1717566664692834,0.3265467240838729,0.9086845691288284,1.1173602034107595,0.5752452973285522,0.7093335284871538,0.3976290595126324,0.7333371401642091,0.573591694785011,0.815678762954463,0.38969666047619383,0.5485070443830224,0.7384412579835673,0.6580684523186268,0.5817669655521901,0.13729148796662055,0.1295958877564557,0.5372303511342229,1.432800689150625,1.358485046475778,1.4649082778780627,1.1858054643944156,1.0539407084409087,0.8608456467592789,0.6397920924247325,0.4620005382122909,0.35400769112059405,0.22192664513674987,0.14471988613375175,0.049087248662083915,-0.10602143142124298,-0.11485599138809977,0.07943636741131982,0.8962688391573372,1.215129249501925,1.1702081292722446,1.2993273578441062,1.233895994508724,1.0343605922207084,0.8272366224199825,0.5886869709759657,0.8252416735614035,0.2836955350327064,0.1416408591027527,0.025689200348187224,-0.0882785903744493,-0.21746155658017807,-0.37638925612166546,-0.24355645191109754,0.22631979486886017,0.8143805796304802,1.0545894779293403,1.084347392688629,1.1605433418439128,1.214436247353274,1.067189826610496,0.9463038751452921,0.781531969704478,0.675830902642274,0.5540434330319681,0.43546237710774327,0.2902558521851215,0.13807504838746243,0.036895134594117196,0.03461833777233242,0.41700740840391615,0.8281802834913846,1.1434563718561437,0.0,0.0,0.0,0.0,0.0
2025-06-01 17:56:59.412,1,0.0,0.0,0.0,0.0,0.0,0.0,0.9494228022451129,0.44887064088247997,0.007199431772396958,-0.3106483999141094,-0.3226290221334104,-0.1989874163552522,-0.007686999791649773,0.14920212151355605,0.31075919785928907,0.4669009436134266,0.604674230988667,0.7525316901527962,0.8291447352715973,0.8803020755423424,0.935670325052797,0.940852514828549,0.6782784276764164,0.19429299211481565,-0.22143887918062732,-0.2648297408107436,-0.11900369233234831,0.028537900355174672,0.16991210965522585,0.3530691139595483,0.5017952828044643,0.6176087757719468,0.5399600532390644,0.7926241686307168,0.8543148037643444,0.9234555354928237,0.9759043782362238,1.1501095160215526,0.6729258342019322,0.029319636072854927,-0.3600163689111906,-0.35921822880340426,-0.12943859974908967,0.08134650027572898,0.17501666909582214,0.3022972374749102,0.41571632224421595,0.441227783982701,0.549539727796184,0.5853169002479067,0.672486330038491,0.726224440720596,0.7715517586575745,0.7949775561366557,0.35914999943873904,0.15341451327493127,0.094332219608809,0.1524862529775155,0.29128885902723445,0.8656717381993595,0.47590346828623575,0.6234026767689496,0.6634822466140381,0.2216715920000253,0.5815964866776177,0.7836074547799144,0.4226014766834904,0.5558576094903172,0.4928159248932825,0.9135671659090214,1.503321300828151,0.6008103824227152,0.18248491997420446,-0.03545396509507115,0.056040994533513855,0.11566409020585677,0.2776734378127652,0.3880559277654798,0.5119711874744572,0.6433922469965636,0.7900273629340333,0.9270132452082211,1.0474899000754636,1.2051462779190438,1.3317475604578901,1.4755654699537137,1.6260404556988188,0.6872916968047722,-0.7554402159328832,-0.540321451330776,-0.19432686998931925,0.10092614917965204,0.29461874128412213,0.46481623326667254,0.5552278035893017,0.6675407627098118,0.31734065665190153,0.7370736690126403,0.7271984850236494,0.7447958166543821,0.7409796181565532,0.6874390543585698,0.561421860346663,0.2204951805928489,0.20520185638032873,0.4154859125155559,0.4859111889518346,0.5126986907880775,0.5297230638978607,0.5343955765226056,0.5239716226596407,0.49914282148952904,0.4593724091198945,0.4228005539611379,0.39190879957067226,0.3160330414577701,0.1971590429036626,-0.006282675260294357,-0.13492632487552514,0.48803188806320663,0.7844538087942137,0.816285832895463,0.7672853102826105,0.628971070420608,0.46250605162078856,0.5492504157813822,0.502929352590335,0.0,0.0,0.0,0.0,0.857335226665821,0.5145301036804533,0.9479772239490177,0.37971895216100293,0.43650376963862986,0.603795318896196,0.5452831665004372,0.45814031252125653,0.444115386292081,0.5577110910299579,0.6582367426183291,0.7688364719204199,0.7936419797725565,1.0064321859294303,1.0108123640672173,1.0085982261069597,1.0346364133438677,1.0282894064707024,1.033874672438222,1.0064794623693218,0.31998683725856514,0.36528335714855853,0.4118530951484136,0.5991324665025506,0.8985471097871878,1.1539740667996217,1.397487068151643,1.4971187749931965,1.539461487435162,0.3871435475641242,1.588629124220323,1.510857994683923,1.3880905042082492,1.2051842834458344,1.0494506834887818,0.735040875168666,0.41295283543423666,0.4531107053841724,0.7047545170456816,1.0282910293772785,1.2815042395457041,1.3703062974213587,1.4938332046215717,1.441741012972751,1.397230792882215,1.2895403425562364,1.1511790063466094,0.9824129333680168,0.8212494598017358,0.6564240801390375,0.49491552652306225,0.34429500613628017,0.14779435819599862,0.3928328757864702,0.9847761508508878,1.1670244605450555,0.6554856983400835,0.8305817040311844,0.5431715684783763,0.5184209202755348,0.46347603696476597,0.804311378957972,0.4121066234265575,0.6205870499648434,0.7686480065836037,0.6924530277248819,0.6147147614601136,0.0865432644523827,0.13124579425853078,0.5898426979546084,1.5129283785830578,1.3845462153512376,1.493594056567011,1.1883143317834044,1.0340922516843165,0.84633482086929,0.6042782688332025,0.4064182453448151,0.3009025414166826,0.17204098240729482,0.09489984796023743,0.019931114671847938,-0.14286794104696643,-0.11826219324110693,0.09951158035867264,0.958753595576582,1.243156692052898,1.1886729153615638,1.312795471692331,1.2290807744803554,1.0351215509862919,0.8214710135105461,0.5680673661480913,0.8872459326673788,0.26800394034617536,0.1155353880390193,-0.007789986409687533,-0.11342039536538695,-0.23816612619159905,-0.39582641203756774,-0.21784436399429702,0.2744426857279901,0.8645785303588331,1.0781186194180623,1.1128723609030922,1.1982296951183107,1.248486157222254,1.0883024908278411,0.9607319341214429,0.7955073264714476,0.6904529376585278,0.5468397330161194,0.4269049293283036,0.2681389360379034,0.11534052590085953,0.03120611922577532,0.10320669629508555,0.5174257702843893,0.9520619493817591,1.2265744115779473,0.0,0.0,0.0,0.0,0.0
2025-06-01 17:56:59.415,1,0.0,0.0,0.0,0.0,0.0,0.0,0.9308917158146485,0.42944938819956147,-0.007419566415370171,-0.3221518561766929,-0.31822615267658494,-0.2084261815639319,-0.015173912650980781,0.1550478975541063,0.3133159889962823,0.47327793286711706,0.6091329675120998,0.7546030674948742,0.8345038833310068,0.8771254534948826,0.9320659064788165,0.9431989692597588,0.6656900695967102,0.1875777930726074,-0.2332816554657351,-0.26861853072314534,-0.13908244806772285,0.03245539330211389,0.17089407161136116,0.3662657581182436,0.517856512651707,0.630263277566161,0.6008916318327859,0.8063408733741114,0.8824840171593602,0.9440094996820968,1.0011570175112436,1.18711151564889,0.6999141332298173,0.03740346245078635,-0.3596093548215015,-0.32906085048648626,-0.10720132288182493,0.08518129556157161,0.19950909840459174,0.3228330014030769,0.42733571505922496,0.4649639517064148,0.5518566329451275,0.6029059286181159,0.6604585205473538,0.7300424537611558,0.7408745506014822,0.7473799882907133,0.3732413367142525,0.1773458781871982,0.11722855561944379,0.19899632210618634,0.343270716275611,0.8988773010969568,0.4682691534003186,0.7147391534072203,0.7010364550350113,0.24208374190273044,0.647764988527583,0.8711273196736051,0.4727021092634986,0.7004318133357978,0.5363504225055932,0.8074665169288473,1.4922374868646335,0.6306212744004468,0.23514177072365983,0.021634133269206046,0.09824410418430052,0.14955751017378982,0.31131127158962046,0.40843935056051683,0.5265994610776177,0.6465005468181557,0.8050941338006787,0.9374745693102557,1.0491711136428012,1.2000822234395878,1.323888853084151,1.4746574684317784,1.6155002655590491,0.6668698841760041,-0.7149764864150548,-0.5249144106568269,-0.17611816344709208,0.11995689308310165,0.31767062266069246,0.4785685912192639,0.5645188468725313,0.6858971255605091,0.43153983480871577,0.750807086769975,0.7308354313087345,0.7512367311536204,0.7500524323907735,0.6900399641348629,0.5623457069916544,0.26440026101384273,0.23114539228863784,0.4435928419493962,0.4933466259784629,0.535381631839672,0.5487448255428762,0.5482334396408182,0.5361082381033366,0.5019052887101727,0.46802990994442606,0.4263533096717813,0.39844001770378923,0.31753325931795273,0.19322440884458836,-0.018821657629784272,-0.1424437585365746,0.49883965269991815,0.8039422721455167,0.8328898766426365,0.7872467498504541,0.7486248706608685,0.550767937948462,0.43534920334674626,0.35885162459501596,0.0,0.0,0.0,0.0,0.8841568077476583,0.546408802841339,0.9686063589356869,0.27377237230668516,0.3999313976460172,0.6139489185066251,0.569499651535488,0.49688408216082924,0.48255086385006885,0.5920113359367314,0.6823668243678775,0.7683437958521431,0.7697808012858403,0.9693597071771776,0.9681442830745866,0.9580694830603769,0.9732451255391199,0.9606419049389763,0.9462187334355225,0.8741055485326146,0.27958145048436345,0.39652127296742223,0.4429362137507902,0.6228310771891934,0.9119295730903942,1.1553973386717882,1.3785655553634024,1.4617667243294192,1.5026179299571385,0.36336424043955934,1.5400571236129679,1.4523718151645086,1.3286644175290072,1.154847900792869,0.9946651053213859,0.6620375774782509,0.34479882673171686,0.48020764761470147,0.7522290423300236,1.0604379975271712,1.309129467564151,1.3867593407068133,1.484588595279162,1.4219328011649537,1.362473631175344,1.2609413952266868,1.1037800927503958,0.9393388092644429,0.7778560196216749,0.6134248053851017,0.4493760670846281,0.2974145440977982,0.10431792799247461,0.4418497043558258,1.043982347587769,1.2142243777944328,0.6968404762657098,0.8977525986918341,0.8084975429437443,0.39232652824038705,0.3987509953863953,0.7174846668390928,0.43985102204111587,0.6183257760207166,0.8526742529903016,0.5600059849897534,0.6826721679334056,0.04794518811357906,0.11609917387472574,0.6098495140305079,1.564322554114019,1.384429691978075,1.484197769148024,1.1890338146133597,0.9905010548872502,0.7981086465474294,0.562778935702225,0.3614043246111416,0.250708534261765,0.11800874117727544,0.05022226961990417,-0.01911314570642475,-0.1741630941759471,-0.1311977557236011,0.12026737852166708,0.9873957480428766,1.2466610443767137,1.193727557530169,1.305106556644918,1.1963621446200292,1.0181442687555666,0.7867879634900794,0.5431193909229488,0.8704398228793165,0.24068112007303188,0.08155872088629201,-0.03705867977199939,-0.14369189939642824,-0.2615799205385657,-0.3956862416409978,-0.19890587235722368,0.28569742716455576,0.8838612277196132,1.073156147452852,1.1051081336368336,1.1968944910580317,1.2237166467402973,1.0660735234462493,0.9401896446941693,0.7725745719176886,0.6838094947616806,0.5340632230953419,0.40820292377305734,0.2506911822743705,0.10796570765543057,0.031358091518570164,0.1463771062961154,0.572215852955174,0.9909801670506472,1.226665850193158,0.0,0.0,0.0,0.0,0.0
2025-06-01 17:56:59.418,1,0.0,0.0,0.0,0.0,0.0,0.0,0.9509225122157866,0.4352973194529114,-0.008466509332752392,-0.3302489190395286,-0.2877492605195451,-0.18302056299672775,0.01874524721673898,0.18519087525243916,0.33962926929980874,0.5014113271464331,0.6398049755043653,0.7806427929427534,0.8654911349128354,0.897174476713095,0.9464569575710261,0.9732399495656402,0.682695748773691,0.18421748594014525,-0.2514933193482419,-0.2634136210139525,-0.13119334391930537,0.05686962541222518,0.19478122649722818,0.40244962703178633,0.5461422286627857,0.6646585997118752,0.6776128935907738,0.8431140599663373,0.9245583326917983,0.9773773242169427,1.0331575525640628,1.2144602332465024,0.7272722133074818,0.0474082684288335,-0.36851264300799835,-0.30332794568673993,-0.09109349685628909,0.08569584824498988,0.24630246469349415,0.37038367354216994,0.44774605074843965,0.5361275780866874,0.5948062377677272,0.6454768274752732,0.6897524998715444,0.7595514099651401,0.7319831960312099,0.7386034114144517,0.3706525640982416,0.1439432800677236,0.14138354989671265,0.23451739650689518,0.375095807650381,0.8742952755536066,0.4035992716596878,0.6557476673963776,0.7442657326158442,0.32508104242354685,0.6592898275652028,0.9595668276249294,0.4136576871664385,0.7874406362447132,0.5969048176633227,0.744547383164382,1.4624697498358026,0.6280196781658098,0.2601706128438217,0.05453236319137722,0.12927777212436142,0.18355080957923642,0.33766353309199104,0.4350520817633492,0.5451667024350135,0.6686685483196788,0.8213267357632379,0.9443597500313377,1.0616850217299452,1.20790999827392,1.3285638095187167,1.4684880276934402,1.6185960912000212,0.6689936908912983,-0.7178435917160552,-0.5083733784669824,-0.15754013683315127,0.13930617211827734,0.33262672289164463,0.4935817112613812,0.5882474030159197,0.7071296666447597,0.5788727293581373,0.7715300617898433,0.7529996147190366,0.768817085214066,0.7620856198027756,0.7130702421700115,0.5775500320436536,0.2852945815202345,0.22297905225501735,0.4385404302988185,0.49207571662871863,0.5414604253286115,0.5649820377096801,0.565968514530582,0.550925529037892,0.5150927263524256,0.4886394646596033,0.4497764607778687,0.41959651557027344,0.33306698078541674,0.20977220357394832,-0.004943246665106926,-0.14177135652142547,0.4728228946408476,0.7915923986379256,0.8324126137398284,0.7869360276067048,0.7090347106848613,0.5383305783617061,0.3208457799297993,0.38143241827527596,0.0,0.0,0.0,0.0,0.8761017588197739,0.6161241935537913,0.9210225594080962,0.1776895597131748,0.3456986269966333,0.6034560392100864,0.5754469337703665,0.5239711079848314,0.5155082049770936,0.6282155621088148,0.7159233383190342,0.7932995709413349,0.7849417600140782,0.9643965151405256,0.9441869213649698,0.9287349161487983,0.930181209558421,0.9136482134286559,0.8728553429728481,0.7292856606270071,0.23773411877714512,0.4206731587238104,0.4918217438332013,0.66421497008362,0.9546006433167389,1.1748298902531262,1.3915976963806527,1.4733511943788848,1.493596709222041,0.3840851807628652,1.5138910248986948,1.42298697787867,1.297061099000155,1.1168251608841353,0.9498412179273649,0.5925998291121541,0.29989075283617594,0.520435009723864,0.8024817907788545,1.1157898263594632,1.3560072126922358,1.4334170165154905,1.5206745455116724,1.4474811616919447,1.3713054699054954,1.2702369173768546,1.098857430298989,0.9178814341685287,0.7567998003411486,0.5871670553289732,0.4146848946241538,0.2605591030554506,0.07897209142818737,0.5013686971827553,1.1152628683170756,1.292433725279667,0.5971715196610716,0.9801767866799388,1.0017748940638125,0.4779407585158262,0.29073318967219314,0.6182756386440992,0.41397359353428403,0.6140721191024532,1.0646937177365094,0.5046019973584489,0.5366143713480174,0.029479880301848616,0.13117304194737422,0.6507712826779011,1.6489871291196239,1.411504731505851,1.4989918872842947,1.2257537831624004,0.9876735201643057,0.8039185732639207,0.5401998031105515,0.35492828347188365,0.23653240674786713,0.10242130618093315,0.021527319261929967,-0.040613056140473947,-0.1754153394860135,-0.09511452952538679,0.19256563483814265,1.0578130199885856,1.2894877818588948,1.2237141834611969,1.318728900875378,1.2058647042958468,1.0062688192519698,0.7563994946479806,0.5211248733981593,0.6675281533139247,0.20145205392781462,0.03495980518938291,-0.08390893985620007,-0.198426466453831,-0.3093062616759885,-0.4022609224579511,-0.14570202335955001,0.3356735226921704,0.9554271424293992,1.0949636434269305,1.1104902972273671,1.1865723646950865,1.2027826852500438,1.0336056268944138,0.8997991630160058,0.74019550613727,0.6523515491444418,0.5054204588810367,0.37364121030206277,0.23384187185211158,0.08035567416105249,0.01916399542364977,0.18494594331540443,0.5845737545382758,1.0422531993465318,1.2215562575550505,0.0,0.0,0.0,0.0,0.0
2025-06-01 17:56:59.424,1,0.0,0.0,0.0,0.0,0.0,0.0,0.9069202301754693,0.3881807969577852,-0.06108862470056986,-0.31257545894634536,-0.2203834957531715,-0.12031078202385792,0.06918457919861776,0.21794128070696273,0.372134099757342,0.5215420298622964,0.6527339919074264,0.7760874243723755,0.8514409093867972,0.8773589708833537,0.9241027863897057,0.9413310960740157,0.6353997153004611,0.14106488483080304,-0.23810488322713846,-0.21842468218365507,-0.090357417443653,0.09460962377423598,0.22733576599834682,0.4299708020530755,0.5570786149669584,0.6812294142544926,0.6140259917337572,0.851421957519784,0.9318485061575656,0.9730929027125471,1.0222797205074747,1.1606820568680458,0.6764140404967134,0.014912185579294523,-0.3499791122746507,-0.22790612896914475,-0.05024900340414873,0.1375826339967301,0.30316721886340825,0.4274314065187579,0.47213154658948286,0.5907227231139831,0.6226593412815806,0.6807869780660029,0.7215179574368945,0.7529119941032392,0.7282156177182607,0.7098839844913203,0.34361987841529934,0.11809534984101772,0.19983340620037948,0.2907517047862307,0.4319483404286011,0.6769036942674487,0.5123670698797056,0.6417922245884813,0.8239222310539824,0.4528640553686337,0.6665864134191313,0.9983100126797266,0.4621317941633242,0.7128081468985701,0.7090449502158622,0.7663114973439952,1.4141654765085654,0.6186930671505079,0.30482635729490415,0.10242425939607314,0.18422357484515905,0.22679088170684158,0.36722651930101646,0.4621644945011474,0.5692004915929865,0.6980284637834653,0.8333311758334989,0.950048707147547,1.0706492064200979,1.217365461671605,1.3262267736145712,1.4637451315487127,1.6308777238540157,0.6729524541677181,-0.7256770007014085,-0.4900103448555827,-0.13515622431343788,0.15632954495648277,0.3523030131635645,0.5142433527178643,0.6143439044668475,0.7168211341652062,0.6226583415005897,0.7899826795684866,0.7808302608340004,0.7887826733763926,0.7808888724740967,0.7386192308902135,0.6016048451954942,0.28755103121976966,0.1982040982625367,0.3993853145336663,0.47374695495658625,0.5320166419861858,0.5646307306559744,0.572090385367741,0.5539394142062792,0.5286616316238739,0.5014933435871534,0.4825098770591256,0.44065601335661975,0.3664735256730869,0.24462016814928267,0.043011716809641665,-0.0936995530239656,0.41191702813628195,0.7567676071170908,0.80202859920174,0.76867176101972,0.3460301985699256,0.633050875746515,0.22558477376337777,0.5479776627568966,0.0,0.0,0.0,0.0,0.8341139600135525,0.7483669166359144,0.9846390500760419,0.12618503222551058,0.24490570408024487,0.5703320828463914,0.5596456643063423,0.5335183331546983,0.5272979583276844,0.659284256939767,0.7577001592137527,0.8384145294856116,0.8398231489880428,0.9999797777030777,0.9600379531413346,0.9407608847888771,0.9338019253695304,0.906469424102037,0.8561903586173314,0.6585946392605395,0.17573332501562966,0.4143573653155874,0.5093342065131126,0.6851160814502453,0.983736161017301,1.1999799155095214,1.4235530805879302,1.5096844270528973,1.5133226499166519,0.32236575893209846,1.5347791348094035,1.448835880204494,1.3165951118644015,1.128535659481566,0.9635894018598486,0.5916688398851635,0.23981993004445934,0.4983593721831392,0.7961966972498694,1.1293773125040378,1.3677017268834861,1.4648467713950553,1.564512897973807,1.4824574650499212,1.411934356243162,1.3059127914193738,1.135441267568333,0.9357128478482964,0.7836876470699304,0.6038187124880661,0.42956505066326156,0.27569450249305194,0.08969529720952732,0.5107748042127815,1.1081454405321916,1.3137371627822212,0.508847896115553,0.9703534785565092,1.2211239009660466,0.47693329625131586,0.36671244227462313,0.5201649239524901,0.45618878199546326,0.5707627188666438,0.9855122523824674,0.37515794773365785,0.6260835951703552,0.0637680623250188,0.17415688966162046,0.6679552295691997,1.6602550521399666,1.423562523060914,1.482085683821471,1.2474763521133219,0.9878790337626258,0.8229240280175478,0.5575120351804566,0.37056257831848494,0.263969377107401,0.12325930150127751,0.04537280444826708,-0.013282165825338255,-0.1199006113023856,-0.04408584251398462,0.25597066524181716,1.0733900328191577,1.318554748787781,1.2345989158479624,1.3413996532013366,1.2300539150112966,1.0001175728149656,0.7586758768330009,0.5185843785026456,0.5491965770211683,0.19571403255689157,0.03207942094618188,-0.09054565590975394,-0.20609627023442356,-0.3196229194201582,-0.3924590175816508,-0.11473651405499435,0.38011407329818075,0.9982585263820958,1.1060053988046157,1.1111498512348432,1.1845203628572165,1.1844258692065384,1.0229060904264995,0.8798310291556142,0.728500525947595,0.644571680675269,0.4908831529902056,0.36410522568453496,0.2429933245489706,0.0828364383190795,0.03065456238623443,0.19062023595590977,0.566057681348308,1.01418769791269,1.183624106178003,0.0,0.0,0.0,0.0,0.0
2025-06-01 17:56:59.427,1,0.0,0.0,0.0,0.0,0.0,0.0,0.8386248377917103,0.32767468542031974,-0.10930535159727506,-0.27290897917026313,-0.15657876492179934,-0.06056169318943461,0.11418328308820425,0.24540060892586912,0.3873590569061788,0.5304913914785303,0.6488093294731208,0.7653089986833664,0.8308918173276663,0.8403493482627219,0.8885876402524403,0.8808769608853296,0.5923439734434274,0.10862189848087173,-0.22218407127781176,-0.1676740718893618,-0.05541368479386399,0.12373001788955462,0.2496513832101328,0.4402334959932823,0.5551959242832005,0.6763191978243637,0.6633064368462125,0.8247393584274508,0.9083949975442516,0.9524468437124608,0.980680065959707,1.0822174759442964,0.5784716056819716,0.0006982437356594096,-0.2987538927723851,-0.14908240424335473,-0.01118623105095562,0.1916812948226616,0.33640393221359455,0.4471010121990686,0.4778228491940997,0.6013510224682266,0.6033952233169406,0.6781896954742715,0.7191270556977624,0.7222651436538885,0.7083521907841642,0.6432418991942817,0.36340697675177747,0.1482312616819645,0.26939819082257865,0.3304763633724008,0.48149912028539266,0.5069465257849273,0.5303898849305839,0.5578138374251294,0.7115264707934111,0.5491350985115832,0.586439143189861,0.8246274192623679,0.4218320819755928,0.6566282020284103,0.8118787439877424,0.6960356829785845,1.3964539983832136,0.6324843690879705,0.3486882607523871,0.13944987226801198,0.21093589625457043,0.24700653753938062,0.3861264614761404,0.4771232495533806,0.5861693797106844,0.714803113837883,0.8326797597504025,0.9515699400780377,1.0714908045542377,1.2101042662663457,1.325958980245703,1.4603744602812099,1.626589099871185,0.6626958457790495,-0.6884913565326014,-0.46988461965786066,-0.11400642288036078,0.16819967713476403,0.3573491942814804,0.5189724032409608,0.6251271479262583,0.712494651794114,0.6381814575193063,0.7977067613079611,0.7889865345224433,0.7932421610122363,0.7857771481263983,0.7477335635866615,0.6119502317471436,0.2792103541438933,0.16787789788408614,0.35675254427478453,0.44974133175768327,0.5102633272334678,0.5446738417278134,0.5562991280358038,0.5412041585353911,0.5229830349995626,0.49736417513016207,0.4878431625146131,0.4398634594123023,0.3852829153848776,0.2582040158353164,0.07526968025235559,-0.05772391668835844,0.35857112494447374,0.7164836841608997,0.7650962682371982,0.7401804454507335,0.37736779796826386,0.7948249628542474,0.2180409795771701,0.6462003252709152,0.0,0.0,0.0,0.0,0.7018665268193112,0.7416172492016722,1.1406076394586733,0.12327653223533364,0.18006340914782598,0.5450665959096037,0.5381969805662479,0.5237528935135468,0.5262084787374943,0.6731174286297004,0.7847119957025579,0.8685937066876157,0.880080053633884,1.0335092160586163,0.9815475697874869,0.9592490515553267,0.9553458982292573,0.920134668157949,0.8704253400508744,0.67445143634614,0.14849532571480317,0.3968982794148844,0.5003270005473643,0.6814831724527677,0.9874338908539368,1.202164697308734,1.4341530360724857,1.5313294150859285,1.5286169887341108,0.39337516638734266,1.5631062884908484,1.4810899394382044,1.3547134088046675,1.1584695758348968,0.9988691574347656,0.6308429765007976,0.21754204322949522,0.43777353986313805,0.7446199655308284,1.0793691765425788,1.335415444560525,1.4544322177233437,1.5619349246843974,1.4811234583072428,1.435864725740236,1.3295941372623914,1.17437977677876,0.9682253396265327,0.8163430233129233,0.6400472317247408,0.46701580549329147,0.31707060362443806,0.11900809465480297,0.46677595729094495,1.0442719346865585,1.2749874337626586,0.5400554051254841,0.8850038608541756,1.1049278252160661,0.49055406429524306,0.5335031997035717,0.43998163654712485,0.4939578083623301,0.47678446171344063,0.8962817377225388,0.38667973859316873,0.6483579911969698,0.11640639726182528,0.2052297251348722,0.6392052380901158,1.5874130387563061,1.3940516758904387,1.4158508044547156,1.2243105332137718,0.979648670778799,0.8107664433317532,0.5618707424101157,0.3868244312030591,0.2831856953208023,0.13811887723638483,0.0784725013671912,0.02373528023800331,-0.061202488318041426,-0.003169142439837236,0.30818073453460854,1.0349145293326947,1.294076483962779,1.2106501864028303,1.3126495725857934,1.2083339850907049,0.9747370652600327,0.7425444402042938,0.5123845348259672,0.6115946609032177,0.18444731044384,0.03678450745479078,-0.08869160695059031,-0.19347696437448747,-0.31203975325449873,-0.3689138870635739,-0.10717005354057335,0.3658753680113153,0.9748676636458649,1.0941273128088305,1.073397562811671,1.1520179259520196,1.1448038318498157,0.9894056507983731,0.8478942518442336,0.7031893773373501,0.6149080089158436,0.47745308151403143,0.34991390483216556,0.25901951885320895,0.10121116675945163,0.049383819186906375,0.1812493859681102,0.5006018537104838,0.93376368533818,1.0938901680763602,0.0,0.0,0.0,0.0,0.0
2025-06-01 17:56:59.429,1,0.0,0.0,0.0,0.0,0.0,0.0,0.7576620464520204,0.24797613198956162,-0.12128605079050353,-0.20257576047768555,-0.09158885469173861,0.0035638545233221963,0.16902191394296373,0.27733993415585245,0.4002892971222586,0.5386307303097744,0.643957991015154,0.7512674430374094,0.8009003818357181,0.8007579695164627,0.8230898598951403,0.7994065956163593,0.5238287231035376,0.09741267849972901,-0.15053310965008498,-0.07868426441899545,0.025171347085742646,0.18224002237135406,0.2875060023310343,0.45704510874956084,0.5600936634983551,0.6681398716103875,0.6078633258086096,0.7921083399800338,0.8603014911804545,0.9010246304219239,0.9086345104737406,0.9474736085525449,0.43894012889580364,0.024754259950913016,-0.19649343236344963,-0.047003298252246584,0.05958768778128598,0.22466877071390856,0.3659391476051348,0.4434443084487414,0.4848416602884884,0.605953606980566,0.5824402713505323,0.6716906147126723,0.6798982280176288,0.6612408046563312,0.6418596755346487,0.5689917793314243,0.3689177652672512,0.22181351903643115,0.35330475795987615,0.3750544601317283,0.521417042692806,0.3245832515099883,0.44483595775957396,0.34035527047671194,0.5555196958702591,0.4974678712416688,0.5217506407825995,0.7735660135508399,0.3968136905836566,0.7274669607883354,1.045040204011599,0.710769611637032,1.427928796809995,0.6637098898020313,0.396287296892609,0.184343530901381,0.22395993561982053,0.2578441721160536,0.38250518274878353,0.47762282650391175,0.5871188930733136,0.7158563297922038,0.828103202613097,0.9528962350356085,1.0720978991426553,1.2058083321508561,1.3235573561769465,1.449035485826141,1.6022657991759934,0.6508977077313358,-0.6510924834057095,-0.4462893093669895,-0.10006119183440854,0.17710142249498473,0.3602658197908841,0.5090945367829036,0.6261528693111522,0.7017386918520689,0.5906921828124221,0.7931410351562731,0.7864973610106362,0.7840172933588804,0.7740284079647483,0.742542071592952,0.608726383737798,0.24415049362749874,0.136325313028825,0.32444540442678327,0.42998167887817407,0.47857980879941286,0.5109632462158487,0.5350827926318744,0.5264697287428768,0.5085519846918507,0.48240018814474883,0.4755492946210804,0.4244544616623278,0.3853188447217557,0.2669984730130427,0.09116806412542255,-0.058795937456759234,0.3062755624956012,0.6686564332939776,0.7255443030719202,0.6958012753964828,0.3942488033672113,0.8240346546762969,0.36044850849517956,0.5904673271681984,0.0,0.0,0.0,0.0,0.5349440935534442,0.8583580987638117,0.9568985661737558,0.1561933647022854,0.1352851453080713,0.5097091425904258,0.5065967938832565,0.5008867483359641,0.5150217758466056,0.6641633103356053,0.789590639922833,0.8928900433683196,0.9184314690526594,1.0766243122008312,1.0280833440853105,0.9986570220916628,1.0037519774388597,0.966384621297576,0.926136293346397,0.769454609923321,0.12916135291883873,0.3517137917841968,0.4722801579860645,0.6446512363500956,0.9720385038552022,1.1924210339757892,1.4352376333758583,1.5543162114479945,1.5559773706215554,0.5532969298159884,1.6121000016739457,1.5357916008844348,1.4123468000929804,1.2245396210067674,1.0688327361972148,0.7171752787259582,0.23727963950772096,0.3347711976324056,0.6489543181575433,0.993750852501752,1.2624201134881816,1.4083345485786516,1.5367342387544305,1.4777085092947766,1.4490697822019762,1.3502952823030734,1.2180671303708088,1.0121412777434102,0.8587230105263918,0.695425175216168,0.5249364797589422,0.3755485977016726,0.1576212752488853,0.3781291116349127,0.9287807877897968,1.1789055429111426,0.5293791456440223,0.9028355921894599,1.06389403080211,0.6502321518331877,0.5527487620773253,0.4721533196575811,0.4289734565010596,0.39408820571390785,0.9998896419460231,0.420436882925716,0.5622396703172999,0.18837125469689225,0.22859743235656932,0.5775517756688361,1.4182670816607017,1.2816343774007983,1.3002844561709734,1.1420743437586265,0.9240689811920151,0.7633206865120519,0.5373016219667319,0.39388319146741946,0.30589926710165694,0.1571343137365937,0.11380921206083627,0.07017962884409168,0.008513862265057792,0.028156600051959302,0.29896819356552834,0.9202326369854379,1.214622008513977,1.1433890203010841,1.2219508972759856,1.1276337576293398,0.8954356255621416,0.6789124209475796,0.4705173319257392,0.6533665217508767,0.16568091424306597,0.04726824233452365,-0.07182202959008399,-0.16085676879102806,-0.27395529207646285,-0.32794874913972916,-0.14225492445255283,0.27619982737727594,0.8623179020158926,1.008153039931741,0.9897381921722003,1.0440844795827577,1.0364776976327446,0.8990591567019264,0.7802417872654761,0.6448794481452269,0.5699460799019316,0.4489065059787989,0.3351828833368564,0.27444936260045427,0.1359217863713751,0.07931490627499038,0.15554229280291093,0.3874245761935239,0.7785195076771013,0.947240574538097,0.0,0.0,0.0,0.0,0.0
2025-06-01 17:56:59.433,1,0.0,0.0,0.0,0.0,0.0,0.0,0.7918057205516748,0.26886307598524295,-0.16434480543455693,-0.23753922396718935,-0.12521607254231493,-0.011539730944004178,0.1591213863440878,0.2716409090897083,0.3928149489659919,0.541953665958252,0.6545527976381946,0.7559282424185955,0.8105179445633908,0.8149336948105289,0.829862042771967,0.8235395548119199,0.5327244623626985,0.06906638411373167,-0.17489949392529258,-0.09701069453377509,0.014411918161784776,0.17343351301303023,0.28693330079415524,0.4403586497758083,0.5602466371323247,0.6632881464718132,0.6800612415300021,0.7882606329322529,0.8537298664797972,0.8975939391319617,0.9107602818941021,0.9477291139130258,0.45715441530917184,0.0003913760518684528,-0.19294867449878517,-0.053707240097414344,0.07463461467548926,0.22298151957049583,0.3646325639287993,0.4275567077580764,0.488202211864865,0.6115877513793775,0.548895575042813,0.690878338601227,0.6750140288622725,0.6532114735258823,0.6466190552635261,0.5915142337632737,0.3631412147518346,0.22696038094601406,0.35278221826871214,0.3500860373814696,0.4873825144419279,0.20076961784329356,0.47307260034718,0.22152906747396667,0.40698538172127374,0.5153492544555798,0.545725090990156,0.7324308039852889,0.45781815528466124,0.4799040242299465,1.0520745606378483,0.6974349274372049,1.5229960247318548,0.6957178289197791,0.3856335313879826,0.16231553486409944,0.176895433853955,0.22695490415081232,0.33244644101670806,0.4449605621888846,0.5707477731240183,0.7152999308125154,0.8266232343116959,0.9552874644559521,1.0957977006053148,1.2354109644022329,1.3648941062026687,1.5047568854138809,1.6813232957686437,0.7345735564642739,-0.6767716786684914,-0.5322842893683151,-0.15690053275639393,0.12260802623702372,0.32254358563022123,0.4762004032408913,0.6116569259314426,0.682604364188361,0.5995946758657964,0.7941000378445711,0.8064456072357639,0.8006522462153404,0.7987352913897158,0.7844481546620807,0.6735516483461526,0.217679510317414,0.045203599950379036,0.2211848380485799,0.36328716845849063,0.4169784131798282,0.459189822206455,0.4984157852349873,0.4997007917482552,0.4982980193315687,0.4755270638735687,0.4779563824596069,0.4298706880636156,0.3978718659776386,0.295955443926483,0.1312004725835232,-0.03680717910757747,0.2401432434149528,0.6119505244369884,0.6743851844496989,0.6444802151191864,0.2910695702095802,0.6924735666306887,0.5121992654035963,0.5977742702474759,0.0,0.0,0.0,0.0,0.45159885850414005,0.8591090334180509,0.8193856087094059,0.18596341355548407,0.09281038400430447,0.4733805789477327,0.47057708588663155,0.4783667071141343,0.5033207782856566,0.6435360489266639,0.7883451768241292,0.9100679537566929,0.954928537388386,1.102502904828453,1.0530585146553393,1.0257461180900838,1.0367579713360704,0.999535699552424,0.9681744375892898,0.816924078412117,0.11874553200083013,0.3269480834413866,0.4591371612288122,0.6355381352679805,0.9669237796955563,1.1990971850022811,1.453695700574797,1.5765115421518157,1.5707431743437164,0.6932953926770151,1.6334261190654265,1.567740663682771,1.4440244408061436,1.252720146061045,1.0948862402165218,0.7590855065726169,0.24415186471623385,0.28922840604276745,0.6139821591170761,0.9654368089609158,1.2379145559257076,1.3840664779004899,1.5305261773493424,1.4780523274342643,1.4583481610385345,1.3607649036322544,1.2467024005528513,1.0266976000324908,0.878385119717708,0.7131474866901955,0.5516914615487112,0.40352938131803207,0.1822525804184939,0.3277629698712979,0.8822278124102784,1.1403335960910042,0.47243054244159954,1.012903612371078,0.9486532547023724,0.8855966911791756,0.48116538629666067,0.5560119501364661,0.5390683178650508,0.485594526415098,0.97194337147581,0.42443362734346135,0.48352206114405094,0.22022187298300838,0.23973653122552468,0.5605353160567701,1.361635282087122,1.2655234372332504,1.2893379289946512,1.1094352104932876,0.9140833949679783,0.7522391563887645,0.5338026203481616,0.4190018067174506,0.3281831194040461,0.1610905143387713,0.13046426352596407,0.07905958049707695,0.024088504047769077,0.04426171653289723,0.30808341460936,0.927888828494251,1.210171439336627,1.1282545347950135,1.2058523557145318,1.112311749354139,0.854608971138711,0.6406927585784901,0.42510460151986407,0.608228002681207,0.12742792237019307,0.02481034908334312,-0.1052345231389451,-0.1735777951289953,-0.2923189789146232,-0.3572085423468548,-0.16330952584271857,0.29069539272552886,0.8669442036850337,1.013767800790299,0.987564955005135,1.0236503238221184,1.0142986637469074,0.8628996336801169,0.733428857107945,0.6055263842947471,0.5240626685145391,0.40175759477461037,0.3016314319800404,0.23560425640657834,0.10025859855671282,0.04032898836061538,0.10070367847617007,0.37157961649141724,0.7803939028370467,0.939805076251994,0.0,0.0,0.0,0.0,0.0
2025-06-01 17:56:59.437,1,0.0,0.0,0.0,0.0,0.0,0.0,0.7562784449943697,0.23533481714700863,-0.17327190075398793,-0.18095535814711128,-0.06899694347459606,0.03969176588969414,0.194879641277507,0.30608378835071104,0.4196827742912318,0.5579226050085169,0.6666729081294567,0.7563559854541585,0.8015389557975876,0.8030075407261339,0.8177333253442508,0.7810482981676226,0.4856124267932554,0.0646204664576126,-0.10722791604054183,-0.014909625978092533,0.08417441844631979,0.22568630133162237,0.33089401310318634,0.4653702876048702,0.5801172203882119,0.6728397321506157,0.5534273010200088,0.7828599578270464,0.8335536104407373,0.8717483768527731,0.8752657874243381,0.8880168405525716,0.3843251851525287,-0.005511568733537531,-0.08329165330577193,0.06534346571913785,0.17504531506759569,0.31410721941546194,0.404596135006823,0.43928541498081497,0.5280411435319499,0.6019425253346518,0.5483613984865636,0.6628294480694122,0.6489851635049114,0.5937352296900569,0.5774466073632667,0.48784671094650384,0.29890989066554174,0.3138543978080113,0.4473223484538057,0.428550449137596,0.57945490156133,0.2835430891593543,0.4898090738013824,0.17914984517624538,0.3187687906423583,0.5157898560692502,0.529640426015704,0.7251381893574038,0.4688586454116624,0.4492336730736073,0.9481683505780594,0.7734176533677026,1.5349005743426303,0.7401499335586018,0.4432149739628295,0.2382372804197066,0.21273661161073099,0.2543068424801851,0.35567141630048593,0.46347776871950774,0.5904280413701797,0.7193479505743783,0.8373189331939457,0.9691663168684574,1.1120463849083935,1.242238070207121,1.373204160364416,1.5179454928699596,1.6991655815713707,0.735428636765552,-0.6520636605347373,-0.5256168889045322,-0.1486011018675515,0.13549412816215178,0.3346393926103186,0.48147541446031594,0.614513212638804,0.6907025473568351,0.41123307794381475,0.8016548159727315,0.8094624330323316,0.8132369932627671,0.819253132081014,0.8050020701222669,0.700251796188705,0.21226619809560904,0.017935275585177157,0.18780582243500188,0.3347281089640546,0.4084217777730019,0.44738290343318643,0.480619308023603,0.4968024326479581,0.49869976329266597,0.49015058120075583,0.4818685997473544,0.4480587888090888,0.42903381664648066,0.33325789198222366,0.17289713994968836,-0.007944323360626782,0.19625598647679998,0.5789155603620177,0.6388329323795165,0.6208948221053148,0.320042792414684,0.7891620400085253,0.5499866342357154,0.6610079578344673,0.0,0.0,0.0,0.6287262872628228,0.4079396350587613,0.8232809617661749,0.8509686801607764,0.19594582614317468,0.0453727995750422,0.44537382892661675,0.44869455903827665,0.45767442429401217,0.4913741134961618,0.636970578444416,0.796021133961136,0.9267078914427227,0.9631624437178057,1.1268599992105686,1.0902426119787716,1.0617265740966206,1.0750092255793067,1.0320836432955083,1.0186048553131395,0.9035075149571266,0.09578303982411732,0.2998852313583623,0.42015560422262266,0.611273397517736,0.953201040528439,1.1989029502850581,1.4670280121336732,1.5913097617561152,1.6096360821701283,0.560647148091975,1.6878243999515568,1.6125822266264271,1.4984116024022527,1.3101882895242962,1.1503054825105397,0.8179178445222343,0.24491358109987127,0.22133074856724522,0.556038896414108,0.908558118649512,1.2074155300986984,1.359302672679531,1.5184989770075203,1.4780096550108726,1.4636806557945232,1.389298095966088,1.2700183446943027,1.0781410758826357,0.9286748683281377,0.7592032086117793,0.6085878584153773,0.4549705000469537,0.2270966093050022,0.24886362369647044,0.7770935535546292,1.04976346870057,0.5422780433200004,0.9840255151086571,0.9914669640832426,0.958872284313362,0.5163206694984788,0.7432017524278592,0.6765779629092932,0.6196441747257515,0.7737080343041566,0.5785514591636068,0.5103775205206448,0.2793435582948844,0.269326764597629,0.5330857456380711,1.2515664163641287,1.2176079124974875,1.2491144552076276,1.0577127368682766,0.9072960889353661,0.7512126310618394,0.5588467268729296,0.44732574156533467,0.36832816112221534,0.20510572602983923,0.19556999601804548,0.12967474301466742,0.059529363772406696,0.055622883749352425,0.27919415092538485,0.8680421298951417,1.1496784228427213,1.088724224323418,1.1686252300586686,1.0788615242587538,0.8597849861521003,0.65386525171266,0.44805034618271544,0.652031073384581,0.16357736117028066,0.0720899659568599,-0.04955866614454796,-0.10416042500070044,-0.21330608444196286,-0.3092364688036708,-0.1925833028264884,0.20919678235153122,0.7605391393197729,0.951982080606167,0.9550842015715434,0.9889450896442993,0.9884604240910266,0.866222709798194,0.7265890226293363,0.6210900796365342,0.5468671316776337,0.4346430622287403,0.3449156600259229,0.27625963408467236,0.16896362908037066,0.0979896854673632,0.10803842202177755,0.3392774164842315,0.6933673144788249,0.8640701871442682,0.0,0.0,0.0,0.0,0.0
2025-06-01 17:56:59.441,1,0.0,0.0,0.0,0.0,0.0,0.0,0.6818953138377178,0.16356753291781442,-0.17764455564349071,-0.10833863484931516,-0.006991733704410419,0.09385861999497769,0.23650274229704016,0.34650264733178426,0.4342044317091406,0.563394333122716,0.6760437688054741,0.7558861574027603,0.7929893306488103,0.7790660152915712,0.7815324192114023,0.7332903949360505,0.4310762378895509,0.0439862396521119,-0.03434093074959399,0.06694835715938952,0.1679739061658143,0.2860966958305584,0.3855929880681963,0.4955010665938613,0.6075262106304611,0.6866647997635129,0.6133724722311257,0.7729387947416447,0.821345894161144,0.8386266601850464,0.8412594479825801,0.8185497159464264,0.29919991480899694,-0.018752575375603847,0.026886146478302342,0.1698945961047711,0.27464656295907774,0.3859508088558632,0.45876603797300675,0.46078044745606905,0.5534389021068458,0.6333673736806067,0.5504883290872513,0.607996423428479,0.6252406411122434,0.539048497508483,0.5232456838928566,0.3826951333102316,0.24120742698263353,0.40917205770092524,0.5397795066151841,0.5237945249953178,0.6812745567478533,0.4726915514215437,0.4123603627522595,0.09506027464042544,0.2788678373912259,0.5266195101994956,0.4576941003113094,0.6937355551276893,0.6186609290394538,0.47759000682728514,0.9605320666056254,0.7852245974106155,1.5062146820699134,0.7752270741455977,0.5136778155346302,0.32618521658183064,0.2848148123725751,0.2994491401338746,0.3891693328137644,0.4860991409499278,0.597848974059443,0.7220699185828039,0.840200165879061,0.9549287554610872,1.0987594263471463,1.2196696577034556,1.3479055160048905,1.488635351825693,1.6459923484943235,0.6815239694211601,-0.6036301564766045,-0.47348363432345064,-0.10902520945755922,0.16197246000560006,0.3496021937607656,0.48907780535987255,0.6180339443878702,0.6964133283827534,0.2968742278509889,0.79029067854206,0.7962663549213672,0.802608148566056,0.801393149763651,0.7892083335577218,0.6834072333089548,0.19253253501869255,0.03523677384246371,0.2100154563147414,0.348552111397457,0.41192554458379926,0.45017472085996224,0.474996525080416,0.4957793182275547,0.4933297329608728,0.4835516043836572,0.4786736273279535,0.44026356291136337,0.416183992025408,0.32490894124179526,0.16450171994650775,-0.021157622244895813,0.20549097312856895,0.5781023262895737,0.6426581734509162,0.6203725364677806,0.46608766039260946,0.7441263600264132,0.5046866746303627,0.4703166234067071,0.0,0.0,0.0,0.5239385727190187,0.3424667936507795,0.6106896186163353,0.8451153205719549,0.18038417752339841,0.049465175904356395,0.4407223653130789,0.44661804992648474,0.4498547721366738,0.49159638737139644,0.6267494449238822,0.7817925002800159,0.9033027046337625,0.9438868992546152,1.1025360749192021,1.0729239016101224,1.055006843443421,1.0663161392170997,1.029329518357303,1.0172753273922515,0.9229950412508225,0.12173102395896696,0.2922586759754061,0.3982817744992291,0.598609812408581,0.9227880587664454,1.1765148938677044,1.4433485651941824,1.5705862514362197,1.5936968385280477,0.4806498831726362,1.690116552939807,1.614146779159214,1.5128722520406896,1.3271410008605145,1.1704492497544345,0.8531722798209181,0.294570220039796,0.17564637065418143,0.5013579039035102,0.8646758767240519,1.1659208898795637,1.3075617472625172,1.4617651349081702,1.440838115995734,1.4336272227026532,1.3719240513346613,1.2673232676078867,1.0863148246003398,0.936212307082979,0.775491675663214,0.6390937104794633,0.4847497026322478,0.2621971493178583,0.18018181076269332,0.6861614212930862,0.9627817422608488,0.5226482092691227,0.8095899907477884,0.791918705365607,1.0181397012357616,0.39166897879707513,0.9813334160975163,0.7579251436659196,0.6668661450119666,0.6746462538003716,0.7811408007435414,0.5521735875747715,0.30640635184781545,0.2832776388385639,0.5092718696424061,1.2036983289787488,1.1557289629369776,1.2009782181072506,1.0063765931573552,0.8807841723036225,0.739816753530536,0.5393260622208687,0.4435173973051658,0.3658017165383449,0.22005688620228847,0.21435672999794075,0.14247624418795124,0.07171948046756782,0.06072472269918505,0.2462402123617719,0.8155220037035165,1.083906123920749,1.0576468402078056,1.107663032558277,1.0319787173950241,0.8304108183871066,0.6179842686467414,0.4363335867444571,0.5392091718576895,0.1654780933273372,0.08363202234271272,-0.02067565722384912,-0.05904972493260652,-0.16453325400615082,-0.26665959435754166,-0.21768115665592425,0.13069222090214766,0.6405769470426688,0.876722328045136,0.9056333224405814,0.937486693929499,0.9333758918027302,0.823016313348107,0.7045946492057276,0.6147720147505145,0.5395980433563832,0.4458638381655753,0.36260583828476634,0.29496636173275315,0.201269990017507,0.13353678437628247,0.13330215133139184,0.30831698218906123,0.6478715978512483,0.8026011276793765,0.0,0.0,0.0,0.0,0.0
2025-06-01 17:56:59.442,1,0.0,0.0,0.0,0.0,0.0,0.0,0.6405289304964424,0.10251292659844838,-0.17938753974787214,-0.05409949825484006,0.04109472077168275,0.14341787280246587,0.27854913790702074,0.38106574768050705,0.47347869949815446,0.5914601969907285,0.7003314794063309,0.7685735216001456,0.8002107818647959,0.7731409572945485,0.765431961543581,0.7122587373547893,0.38816477234545343,0.006096642623498294,0.024117628558097293,0.11937715801787718,0.24677782514691926,0.3410403977751433,0.4316518075653335,0.5321290605543105,0.6320910202358829,0.7105909820125123,0.43989869595395525,0.7939868412774246,0.8199942168084413,0.8307850166010379,0.8245364393602972,0.7786011081346949,0.2727549470045418,-0.04751073217804633,0.10715527721212426,0.2149038661523046,0.36882709175338446,0.4568961550398172,0.5309451537592984,0.5083685975880301,0.5981527599659375,0.6862839326208721,0.5915390933076434,0.6062562354973217,0.626621728529145,0.5214497281415054,0.5199749601182614,0.36341307326753486,0.16233500908416143,0.47650803888874727,0.5846296633996285,0.615235917017386,0.7486419587658171,0.5146963758738763,0.48430844957456753,0.18392381246644812,0.36644245853657853,0.37630828692476803,0.4541968672960135,0.6768673331475357,0.7348007842411282,0.46858468075449144,0.8782927524685968,0.6674372768925472,1.4476027337230868,0.7720928129002226,0.5533709670632658,0.3913509594484037,0.34208960548033795,0.35408853233042037,0.42398385884780376,0.509365670579593,0.6042161648885498,0.7255671331714679,0.84032144031457,0.9465095673174067,1.0837789626302765,1.1989796439485074,1.3133714445208946,1.4390818593102357,1.5825691135978563,0.6222167490712782,-0.587202074670544,-0.40140102376408504,-0.05714401320958151,0.19140044001839773,0.37871776621016817,0.5084740439220958,0.6265698770092047,0.7018379236182561,0.3150842954319459,0.7772731499451597,0.7887548083041335,0.7901833596104292,0.7817695903425107,0.7651269971204266,0.6600759104518992,0.16564750644248927,0.07131154893441549,0.2589784847491561,0.38042764140746077,0.4336078716069556,0.46815502513373564,0.49151858265211823,0.5040167009099785,0.494798026624909,0.47917250296450664,0.4826875775029005,0.4396931636549657,0.40583222840685695,0.3296094357620153,0.1593859723177551,-0.029560127395667213,0.2140557782272457,0.5878575203965358,0.6492882280308501,0.62441346591774,0.4560008193800093,0.6676453295526363,0.5175928074574327,0.3398492963099091,0.0,0.0,0.0,0.419150858175215,0.3654680436574098,0.5032489900511576,0.6007841134188961,0.17013210502545328,0.04702091099213057,0.42940900254731407,0.4465303474083557,0.44480374061451766,0.48484187527778655,0.6131106169265641,0.7623076816548533,0.8815076706219003,0.9262627807950752,1.0856901297513701,1.056055448908185,1.0425011548708454,1.0561499127978067,1.0259389057612085,1.0167625472203394,0.9260029601896191,0.14775251180477672,0.2820800874034417,0.37853525488222317,0.5766600740897987,0.8870272312500693,1.14431089312802,1.4102445353159774,1.525558263469683,1.560482655958584,0.47111189891332167,1.6757984438677687,1.6179194947134516,1.5235676169750334,1.3510808171393762,1.1962221096649817,0.8993607000747412,0.35987192116088906,0.11191455624565716,0.4292712311854129,0.8031434705606371,1.0910800727551981,1.2358616068189285,1.4127131841199323,1.3916955210532855,1.394685826242318,1.3443481798491836,1.254196151195889,1.0859719828264174,0.942428278342938,0.7975534375076478,0.6626237927877652,0.5165727961175469,0.29819097844521214,0.13090429171311516,0.5883546679175314,0.8629788512652042,0.4355408219740169,0.7885201486914822,0.7005134001669685,1.007857842241822,0.33030156102374747,0.8671196273173748,0.8112106881142676,0.6133467842711835,0.7357832065209348,0.9562598823483306,0.4743518098332775,0.3278965249104489,0.31599346020586777,0.4989592601196004,1.1294312265551756,1.0914856467728882,1.143593296838473,0.9464284069541966,0.8202639635964484,0.7225631682705558,0.5178690056831428,0.43048098843947336,0.3687258282657866,0.22796610360983793,0.22027580281113135,0.14351665288577697,0.08294558996570622,0.07725732080109593,0.2360586128905367,0.7952469192941221,1.0586584558768801,1.032966106086755,1.0674431156090955,0.983813700972582,0.781232728963912,0.5749727975593151,0.41549289313136817,0.4579329902694337,0.15345298212601732,0.0704197306798795,-0.016249642705262968,-0.050861433943732326,-0.13960665966178776,-0.22794735213731415,-0.23086842586595493,0.0938035243750428,0.5694115845804459,0.8143908055098328,0.8583721579146869,0.8808358892091912,0.855463219835007,0.7591026069727662,0.655688698456447,0.5800274407232431,0.516783117870665,0.4304875406301878,0.3619294360505654,0.2943067810750375,0.2118496981619583,0.15436282203773066,0.16042177002219365,0.3005980680159056,0.5898095815954446,0.7499795350650267,0.0,0.0,0.0,0.0,0.0
2025-06-01 17:56:59.443,1,0.0,0.0,0.0,0.0,0.0,0.0,0.6378140858475875,0.09820300813261476,-0.1718281276925474,-0.043486293472824955,0.06161658723876284,0.16177975418777824,0.2957214102389868,0.3905298391160452,0.4928837465008086,0.6048427824531111,0.712448629570789,0.7819094923559854,0.8164452201526851,0.7864170381411602,0.7864506594316634,0.7304380971435961,0.3868191446989731,-0.012739669847576296,0.03438192798129347,0.12126775980733762,0.2738616445152169,0.35196830414709,0.4520195847916324,0.5594348868115149,0.6518915517501902,0.736304784438518,0.2873966810836742,0.8228129373607463,0.8454042613971984,0.8613068374456533,0.8553132497422153,0.8437561711294642,0.314628648122708,-0.07151951822859043,0.10618442383979676,0.22047641655368921,0.37656387628581545,0.5139739198925128,0.5654096239682251,0.5804980659574515,0.6389569202657346,0.7462686646703733,0.6682712472800605,0.6414056043173134,0.6908063221850779,0.5863779464598309,0.5598944935991561,0.4062651776603339,0.10564000385426575,0.44705490454072816,0.5652687076633006,0.6292289724759044,0.7868992322590387,0.5745754235750358,0.5884967632553472,0.27674104372910174,0.49773928063474515,0.35451235049490337,0.5268452430648269,0.5476602825901602,0.8159990802904766,0.48204469951637297,0.6378628722342429,0.6534123332337176,1.4073001111204535,0.7459170293733922,0.5585828131412414,0.40894957690363265,0.3787636600853639,0.39440455092381255,0.47093298540520157,0.5572443577075632,0.6355587393710265,0.7568563721893988,0.871832258836079,0.9705647443664436,1.106923255866855,1.2139758658441038,1.32809303299143,1.444544698961694,1.586598244956308,0.6184237256251046,-0.5757410553017366,-0.35247172102081437,-0.004962203649575558,0.22626175584497688,0.4187016318493604,0.5543514373988887,0.6609689783882633,0.7389058633408625,0.43869016477567296,0.8049807501335062,0.819095775217794,0.8212136090511607,0.8073899006699193,0.7848317539052074,0.6774532062503612,0.13666351681726113,0.07523101638422203,0.2750448749234138,0.40984706920598346,0.4770881234049209,0.5165955874498012,0.5383900345363553,0.5461138050148309,0.5350902678588885,0.5206686572868096,0.5304063310728051,0.49342712758652385,0.4502558256020752,0.3755836428451097,0.20286062812212613,0.0066133600513677004,0.1934961849204646,0.5791135920482458,0.6471559523088193,0.6344205820791426,0.5462013007824322,0.6507914398420143,0.44567139226741775,0.2735966820478942,0.0,0.0,0.0,0.31436314363141094,0.398924214004462,0.34903779785140127,0.5574995240125696,0.18629013223916446,0.026343783499184592,0.4195900950535229,0.43940159662890793,0.4409323792953531,0.49090903242480644,0.6299901136247581,0.7870770294007108,0.9057501448363152,0.9467958200543398,1.1177201928233957,1.0762586164711583,1.060319352170596,1.0733811335990988,1.0436221429542396,1.0187302964034246,0.9188086340892021,0.15368289739679797,0.2810137501543239,0.37976726681589645,0.586049539288839,0.882375634037379,1.1442902416504448,1.428965251224358,1.5319664160729436,1.5786776847439439,0.3395371495047695,1.6857548913461202,1.6281323093217086,1.5491450464540477,1.3655061710159333,1.2097473843051116,0.9227572990433951,0.39017666786658145,0.10171849913270647,0.41452806674781073,0.7840593202610493,1.0736522009880365,1.225601648719265,1.4218039142619339,1.39907424739347,1.3989908237375017,1.3622441911424588,1.263347844321272,1.1085337303339213,0.9640136584807181,0.8125454040957913,0.6830925715917977,0.5350195831622012,0.32375800674738175,0.14752151706474717,0.5599194226861706,0.8484705852267663,0.46111566124952597,0.7068164173409578,0.8524148434470699,0.8326752224077759,0.22872162660636447,0.8350287230675802,0.8270887526671622,0.6348602865667532,0.5341906083509237,0.8084591890961217,0.47520889424745116,0.3430872448103403,0.34197911694117483,0.5483342151323642,1.2069153795893226,1.11533559573661,1.1632770194681665,0.9590755972338458,0.8307212985749255,0.7510338901966129,0.5403061904781319,0.447780243249007,0.37705917188974714,0.24710275766375456,0.233135146747518,0.15581096105078684,0.0929980873533981,0.1078477661749544,0.2806974253339067,0.8763350393723706,1.099536769567649,1.0571318823461238,1.099007639502919,1.0059658114798349,0.7960220003470457,0.57077648291269,0.42407519548662553,0.34679321031062316,0.15081128763235863,0.054546820227854065,-0.02377017439668272,-0.06837419028916003,-0.15201800860080683,-0.22473564166908477,-0.21673391627313265,0.1241383329924613,0.602628291016466,0.8254885485593335,0.8598704672515479,0.9016556822436508,0.8591918492227326,0.760752845242183,0.6518212715834459,0.5939648121920482,0.5039369010866024,0.4360713682682904,0.35589704153567747,0.28960609461894204,0.19818437332662553,0.14219499509889466,0.1613905748028754,0.32739502534756093,0.6382062103016314,0.7817206164547781,0.0,0.0,0.0,0.0,0.0
2025-06-01 17:56:59.448,1,0.0,0.0,0.0,0.0,0.0,0.0,0.5842382754105616,0.0837431573009216,-0.12720408370081665,0.0215571352867876,0.11352590544666274,0.20954278451127795,0.32597325659341203,0.4090985022601099,0.511089447333246,0.600016887663728,0.7050409831249846,0.7774397378055254,0.8011743271715772,0.7614351855652115,0.7595709759693234,0.6944857410810867,0.37513521664764393,0.04353933492811812,0.08973978179550124,0.16623415973688138,0.33717801962654526,0.39223011281611786,0.47569865832096325,0.5862879493545892,0.6635487832475311,0.752545060058051,0.24678640399104257,0.8223496868740959,0.8386858029115116,0.8417655295682603,0.8288880628061175,0.7966531167059719,0.24131925897940115,-0.01765893655648182,0.15603044824184764,0.2733254760687913,0.4272782170486069,0.5664314090666238,0.6121555158587855,0.6532967446548337,0.6776690403669334,0.7717643890726558,0.7270122441217208,0.6463949681690763,0.7150269242155857,0.5889588391375704,0.5520081005065884,0.3604075231950123,0.06829197590384545,0.46870695076695756,0.6227519523156816,0.7048749802192549,0.8732063814896591,0.6535488592169476,0.5022875285314489,0.31138168208334743,0.49097063387033024,0.46180441264433847,0.5228962003674904,0.5554274667947587,0.9179804397962434,0.6945195377809414,0.5798209802138236,0.626490770202633,1.3400100620647117,0.7347795418733211,0.5701309187074282,0.47618615429307676,0.4596343924968942,0.4685471059439674,0.5353509974743702,0.6138535477845497,0.6800851124925866,0.7841303924599972,0.8981260874301131,0.9806775880429481,1.1030709369295812,1.2001717144626511,1.3096217773684686,1.3969350426672587,1.5259162418051604,0.5573447319443876,-0.5242242931074702,-0.2296248623527768,0.08305547954866843,0.30348957588753644,0.4793993960106442,0.6096441638800627,0.699858425659591,0.777841723543544,0.40155910331788386,0.8256490188259333,0.829801877790742,0.8345467774907444,0.8010744710818002,0.7740771480075179,0.6371291507380439,0.0800761435603378,0.11823256369720403,0.34302276943687837,0.4634218379554571,0.5303178333634817,0.5695688080980339,0.5833450366391322,0.5892871997637932,0.5622908778470228,0.5546520147414147,0.5519762136520796,0.5195576148228715,0.4682501389205842,0.39396645135203523,0.20941763631582866,0.017846137127691508,0.19757585508163844,0.5865824044232374,0.659261549155558,0.6557597382874933,0.5434297169514026,0.7292090001565326,0.40523878857094614,0.394715746311763,0.0,0.0,0.0,0.20957542908760773,0.4457113017147073,0.31291080041258207,0.6114339075842992,0.22161075801378682,0.03852467315910979,0.41514209783042516,0.43858531170697973,0.43783870994909424,0.4949034813772526,0.64559395948695,0.8045691639428947,0.9252959597138593,0.957016986696615,1.1467372300548155,1.0998248886722393,1.0836771348222196,1.0988747475059328,1.0694674804660542,1.0320511181372334,0.951250552345557,0.17394601353417993,0.2813251105860436,0.37212015681014776,0.5843859637872033,0.8841255764444231,1.1326679218921942,1.4289169269081237,1.5430188352807102,1.6031241704751629,0.2832451603910397,1.7088841498665897,1.6449235843055114,1.584412064992841,1.3876395306360543,1.2408269919610306,0.9530770589452345,0.4412241364982732,0.084439961876696,0.3815931133644529,0.7531666364425527,1.0514541518816167,1.2148455031689565,1.4209897662010689,1.4092144972314566,1.4041394616934846,1.3803511188037185,1.274474461637364,1.1298197183622567,0.9801292515891832,0.8308337613371668,0.7058739869756578,0.5559571821725182,0.3487851336674499,0.1390408470781059,0.510119068604198,0.8119823240602401,0.4336091962150812,0.6161128372364844,0.8679956575505839,0.6673348762393162,0.21924559214800982,0.7767746644665,0.7465470145503204,0.6471761848778574,0.5049481859757642,0.7680517329719116,0.5894078694949523,0.33690907972038336,0.3620812420901694,0.5636314347320157,1.2254859433804406,1.083444484257009,1.1244888862322728,0.9529817092631578,0.831529618618992,0.7565619850086218,0.530594732976384,0.41609387415743293,0.37128679007454335,0.2611479414371982,0.2318144241771396,0.1462229571925544,0.09631583705184699,0.11359951306220417,0.29116222381733786,0.860617073210139,1.0984896356073066,1.0551888741528697,1.0863504854949202,0.9827183107632955,0.790456460674291,0.5737842571833076,0.428841349253857,0.30202372008198364,0.15585909066328751,0.04961713549454294,-0.011607690162535711,-0.06925787277062101,-0.15021922058426174,-0.21783544842911806,-0.22906857304182446,0.1066576968092971,0.5978980304189137,0.8101455210542483,0.8337075644444868,0.8786176289391678,0.8327077662252549,0.7569584300115006,0.6411292877093628,0.6024532559995415,0.4852943017185176,0.4378868135233185,0.335714936207828,0.27860319858619054,0.19412151669575772,0.1326375663723105,0.1611240688125976,0.310862885639154,0.6137805498240004,0.7629926985700803,0.0,0.0,0.0,0.0,0.0
2025-06-01 17:56:59.452,1,0.0,0.0,0.0,0.0,0.0,0.0,0.48138339770159866,0.02502686817937247,-0.10170538547219043,0.06759216374392707,0.13827606981735052,0.22332748095928212,0.32287799315545407,0.3917948340624444,0.5025952662408882,0.5753238208257565,0.6715712118179633,0.7448370265419187,0.7624465122506228,0.7181553882191345,0.6990342168502127,0.6238180801575838,0.3351430575516754,0.0660508933062679,0.13802113303043828,0.2051087219925921,0.36887262884673166,0.4173013641551031,0.48380931893078594,0.5877674692698793,0.6604242895966335,0.7366983426960116,0.34843195611142097,0.7941106925354234,0.8051679721677296,0.8016524457800952,0.7882823691163714,0.7468523205911366,0.14078198512309692,0.02289039404560622,0.17372831302641012,0.2900928849139559,0.45650820920383883,0.556873940701804,0.6241292378362855,0.6705779460781622,0.6639819673073326,0.8050413739924809,0.7157894949951265,0.6596824512793044,0.7208440685400593,0.5990880508754457,0.571087121675454,0.381961778611139,0.09234709596198493,0.4822580852486308,0.6293031022411631,0.7215503691475071,0.8683428389720249,0.5487888185804519,0.5373335650264498,0.365813071440045,0.5666993136616328,0.5783876529392014,0.5355532739659011,0.563731443113421,0.8374969895288078,0.7191422177208637,0.4779071312512868,0.5016393275536133,1.3267422799565318,0.7170961540885031,0.5700582158365344,0.4866377784711733,0.4924165301036907,0.49821610540866446,0.5511425778554611,0.6321116111773863,0.6899399549565157,0.789360605431439,0.897624449906367,0.9735110827639655,1.087979314169076,1.1692057699204366,1.2836037045042157,1.3700580882314188,1.465881984498878,0.526170895300978,-0.47964013661333127,-0.16707248275844266,0.12399318711194485,0.32161476454750715,0.4999601240733309,0.6198576987891218,0.69888457223347,0.7786369490034313,0.413006502881423,0.8195516365498996,0.8244181332659805,0.8205764695181107,0.7847891027166368,0.737226808462371,0.6028897264005567,0.026604602180509904,0.13608942010973657,0.37386160017578773,0.49630744706381713,0.5455412588967585,0.5787280282711509,0.6028631310726524,0.5886325047512471,0.5645729515730891,0.5424335942376861,0.5458882521430339,0.5081889383049036,0.4501967216964915,0.3854624653088924,0.20005365494990202,0.029428585296547682,0.21396981616380545,0.5835857494284479,0.6613930313502656,0.6531671654231608,0.4150314701034972,0.7276653706156282,0.5305970565762359,0.30562769389827693,0.0,0.0,0.0,0.10478771454380365,0.5057461907205649,0.3530058430285135,0.4244722159087416,0.2889631660486326,0.06535174771489388,0.40194686767703386,0.4171870703580955,0.4174229863181683,0.4684137007809963,0.6161064365844655,0.7755948768602119,0.9038673395691705,0.9490637693153938,1.1451474764187486,1.1072076542133704,1.0898750342236714,1.1049332820328663,1.0841293060395465,1.0574468221220055,0.992668570476779,0.21994520096814024,0.25545650653617435,0.33953200437084086,0.5326004067022769,0.8325336016827964,1.0907519667837762,1.3800703609346803,1.4915786689417179,1.5583788352542152,0.4158098911163672,1.6902924316935284,1.6425445315634022,1.5758235303904506,1.4012074940000554,1.2563177309530245,0.9995319302439246,0.5080987617109187,0.0368490635729688,0.3189310543038021,0.6890666758726156,0.9823078849907061,1.1477803372436195,1.3578892352727956,1.3516945890735286,1.374713307588387,1.3372257690092995,1.2648347358264536,1.1134754958815796,0.9702471597867545,0.8326452800693176,0.7118862891506471,0.5754616482598851,0.3748773770801096,0.11434349409593095,0.4359298967656796,0.7260094450258728,0.38952437006224205,0.4636138929922,0.6174780525875327,0.5838027583549639,0.17402699718022047,0.6572857981654578,0.6455834265197318,0.7544890311680059,0.46242211259118293,0.7904263514716339,0.5828444887377855,0.32278055004807354,0.3644843987292324,0.532695298011955,1.1315061594713192,1.0033920760320965,1.0206735063783183,0.8737634697117178,0.7403294184579579,0.7016128938730408,0.4770287738887975,0.3584174519263341,0.3245790568802127,0.23468121615508908,0.19949178018898372,0.12347511797200705,0.09646546092579122,0.11240711461060326,0.2608361979968216,0.7699848328527452,1.0388308843662641,0.9957647552832449,1.0163175287699122,0.901801161839803,0.7120807137770311,0.5157384903623277,0.37254091366133957,0.3459600255535934,0.14326942096754136,0.040595675993824853,-0.022124983921679275,-0.0627224499082536,-0.14646613793040053,-0.19747474643748653,-0.2290650878875571,0.08070732110653772,0.5349365518952742,0.7672289232733991,0.7851710274153257,0.8228343024324776,0.790596348392969,0.7138878640936492,0.6194829520054876,0.5727878247486287,0.4649278085288733,0.4162215305812522,0.3184731118781057,0.27120696633589914,0.1827478049449487,0.12738638461353857,0.14178758079690884,0.28475266874312255,0.5563857628499488,0.7087153842938847,0.0,0.0,0.0,0.0,0.0
2025-06-01 17:56:59.453,1,0.0,0.0,0.0,0.0,0.0,0.0,0.43575179208976633,0.05602105048545722,-0.0027832041014028697,0.1472707078421095,0.2319528402666572,0.2962132778045824,0.36727384816127684,0.42304743618799256,0.5366535421843025,0.5888936411353078,0.674418563615371,0.7292347651716006,0.743730551275088,0.6977882254502564,0.6662531043785782,0.5596079911067479,0.34142355852979506,0.166786270458942,0.2558221796874015,0.30271197664966143,0.4530135724708635,0.4892820075612907,0.5346145759150316,0.6317150061636045,0.6939573240883097,0.7497529405106176,0.26242417198157963,0.7857940444145314,0.7766840218041886,0.7703150331062727,0.7330276259620798,0.6749545099422969,0.09940693200110712,0.111730401648023,0.23710248715980708,0.37297755931267385,0.5343149285707034,0.6425283927479761,0.6741214091000916,0.7096819999334358,0.6764540164256732,0.785317719296406,0.7343509622243498,0.6905085831898129,0.735203336922681,0.6146505832588665,0.5382843358373185,0.3449438995639431,0.16625810831184817,0.5580511668114612,0.7020712122628049,0.8325746646288692,0.9530844308587674,0.4108018137480279,0.5990878889093756,0.7232436400461502,0.5687678530271439,0.5022975128707566,0.5882951172400221,0.5760039044070119,0.6232134876603486,0.7060743443324418,0.29449666447321987,0.46444107821964775,1.249293549867308,0.7172386144863289,0.6179314565491898,0.5739082037408092,0.5593224597114586,0.5714110917605448,0.6193333315128766,0.6958569003403487,0.7448896268280871,0.821816773029862,0.9139401355179777,0.9886379206135087,1.09085073869307,1.1507714435018515,1.260388755491989,1.3262304571350598,1.3839111963419855,0.4670496262831499,-0.4056996433440164,-0.047936106656242705,0.2151002491001348,0.3898967032452474,0.5643633140537232,0.6622277802961256,0.7291660887040803,0.8012927385157382,0.4765941449284063,0.8335119328585927,0.8290876295897268,0.8175402873505929,0.781609837579096,0.712170551824828,0.5807511254120465,0.014877930762538169,0.17773003288484868,0.4272153375481076,0.5419762254727492,0.5921807626779569,0.61011815245345,0.6342118040386051,0.6106404033905171,0.5873979472527708,0.5580647298527635,0.5556322468091512,0.522245092470083,0.4631623139305152,0.3959525407653576,0.20172193092068957,0.03481244931746397,0.20743037759725763,0.5854823945048848,0.6558060400942367,0.6452033149345853,0.4154117408912102,0.6571063869639224,0.4483888485200123,0.45411236905776076,0.0,0.0,0.0,0.0,0.43758193770087117,0.4419191726837621,0.36535866438596143,0.34856610603012494,0.0722454901159697,0.3826542370875609,0.38778035637991365,0.3874577971963359,0.43417784118576974,0.5817236470548421,0.7476311980007866,0.8866970732742949,0.9459659486182996,1.1583535363350927,1.1271890357622576,1.1112835284964497,1.1311340058762753,1.1181291105383298,1.1109466939328794,1.0736980071869813,0.245638769212224,0.2077266702805891,0.28904171969570025,0.4793759858952571,0.7845170022986083,1.054537840323539,1.3552279997582635,1.469394799763822,1.55914488892511,0.41647828058971786,1.6959681384009575,1.6651985575235568,1.596732516201411,1.439425513477636,1.2896662072141492,1.0518886204550806,0.549893293259519,-0.024506498590763925,0.256232584518047,0.6254325704090855,0.9258159945831412,1.1188142024284147,1.3316576320939446,1.3352410345771608,1.3737115084863798,1.3270533846662924,1.2740499104410157,1.1272082129943715,0.9869071276121727,0.8573166122317903,0.7286419888090984,0.5982746499995236,0.4081571162890283,0.1037609819122689,0.37204737015942646,0.6558891621482285,0.4178742961490901,0.424823309560281,0.6067264196721385,0.6304029010029368,0.26555328125309025,0.44794657927383275,0.7421155248843334,0.6289629215138297,0.45673358725108604,0.6925123570417834,0.6375238186339499,0.3377807912225494,0.37823634080843177,0.4832020332583495,0.988925752126806,0.912655696174598,0.9198270628803008,0.7871903011542198,0.6713741778567457,0.6300506562809165,0.4316140303711735,0.3296755804564093,0.30855040033705783,0.23283352664341095,0.19540774698545116,0.11497551412312834,0.10924717711823995,0.11669869831983748,0.20668910180225436,0.6413858391410052,0.9462755314319249,0.9087023664871448,0.925871482059235,0.7956058064209588,0.6385686583097434,0.45886971848437663,0.3386563389586412,0.39485468491920794,0.1478227480558607,0.058275468937494246,0.0033385176549991513,-0.032984974164336545,-0.09590383396585056,-0.13501816483285256,-0.1900720440257364,0.020624954076603086,0.3904845718391996,0.64908912058618,0.7042972408642146,0.7325642852370116,0.7080454765446818,0.6562967576554621,0.5694617262060426,0.5462231154694179,0.4695538763269702,0.4239971482604412,0.3448631255063681,0.32103591371378215,0.23821441495833862,0.17006048955285835,0.1603689132146821,0.23835128217797463,0.40608624892937106,0.5740973744090727,0.0,0.0,0.0,0.0,0.0
2025-06-01 17:56:59.457,1,0.0,0.0,0.0,0.0,0.0,0.0,0.35191682162955085,0.12047437650534856,0.11085047492765177,0.2554172317413852,0.3179697022000628,0.34697752659105385,0.3913440008304546,0.42913793544883605,0.5135995360146884,0.5614353247842363,0.6305293625799657,0.6777849567777071,0.6772401460917454,0.629494266613193,0.5825472013422937,0.46470939602230754,0.3337259739349585,0.29657354825309595,0.38183979357163345,0.4236722018328475,0.528284419372286,0.5472693576393557,0.5858537486506887,0.6527660836591882,0.7068433537549592,0.746017622955574,0.3440697994124181,0.7460763919607446,0.7266671683196431,0.7147371748829806,0.6642331188093762,0.5564060454562778,0.06001501383132418,0.22641500149932614,0.3209557108931097,0.49558489716867316,0.6002049100706353,0.7066660945982182,0.7095276740675764,0.7283626654546078,0.689557265328282,0.7683168603212558,0.7307565560878506,0.7061767690492268,0.7162015151432631,0.5795024997131284,0.46646890595907087,0.2658297891942245,0.2662432117068843,0.6317014688832809,0.7867584427546971,0.9400077175559611,1.0432001869871974,0.3560425446606949,0.7443943096484299,0.6831782231482333,0.4850228445298779,0.5892517186911509,0.503750243527008,0.8452591216022811,0.6476932775622983,0.9352951801562229,0.27123257826405334,0.5801148216722444,1.2090917763642148,0.7588581416099737,0.7003411622918907,0.6762783822221703,0.6439636482850029,0.62941839053319,0.6734594103743954,0.7339392400239066,0.783931215870741,0.8448013287124128,0.915003829280767,0.9792574869151074,1.0754480864884237,1.125850867475414,1.2261798705522526,1.2742517794706298,1.2963651652534172,0.42154908852421297,-0.2899360445138327,0.04245703435922055,0.2790213125390635,0.45217291106468394,0.6103132354788077,0.6916764679317344,0.754428813132554,0.8120622002098983,0.427363050201158,0.8376742981546204,0.8271088091291742,0.8076668216465844,0.7679999150528761,0.6975441585746411,0.5504634988546271,0.022705312051326546,0.22205293837163909,0.45523881143512357,0.5761600048781326,0.6216072664471273,0.6371242970820694,0.6484796607921299,0.6270952906794425,0.6114564390163639,0.5711749206752632,0.5655076869954472,0.5299470443871181,0.46335562885631076,0.3892892021232618,0.1937230395102254,0.03765333956089717,0.2343167075571228,0.5999112169042415,0.6613323166325156,0.6530096754921384,0.43023940231998953,0.8577162539349914,0.45160573941075616,0.4963879206088406,0.0,0.0,0.0,0.0,0.4557921148124173,0.6934680022024451,0.42078207039544513,0.3975826127224299,0.09798286609603357,0.3791452415592724,0.36516212138152465,0.3609637692619444,0.39721105573115434,0.5460631902844562,0.7170071859244751,0.8590890138867788,0.9395375330692928,1.1547052212799804,1.1267627415585384,1.1202188045142525,1.149718945749764,1.1376646902576433,1.1512126522583834,1.1450609014594582,0.27056037448052545,0.16781821106026923,0.24821498547540322,0.43012572353679146,0.7379673867345622,1.0197638378596734,1.333655062796769,1.4647115145274057,1.547748280225213,0.4141437150903577,1.6929872598220288,1.6647510313034002,1.596937991958426,1.444116506813716,1.3032077054860909,1.0660320752061156,0.561599737736097,-0.04740672484761138,0.2340743234608461,0.5875769613434081,0.8883220473968954,1.09586319202026,1.3023162254271359,1.3076801289952866,1.3605693265995797,1.3106838346973717,1.2670375972595873,1.1192933999080856,0.988027182594745,0.8513876310702055,0.7241495539320887,0.6003566738755675,0.411213445506075,0.08552824994463867,0.348119469703304,0.6338900363000038,0.5462399679111062,0.3245194934498362,0.5289723525869479,0.7800053016425924,0.4527212394229126,0.6412431147069423,0.8459370334456817,0.5350231336263327,0.4925663262864096,0.47543340971220593,0.6311685869456185,0.3323109943210732,0.3514493220940838,0.42701624241864494,0.9231147946630427,0.8624012170950721,0.8579815573401762,0.7553202278914728,0.6594864973876706,0.5827054576276383,0.3988243767244277,0.3053737959216869,0.2738088263925873,0.21747887239710684,0.18692148105049533,0.11608508686043306,0.08483553417282208,0.07994779836132837,0.12767332246687596,0.5182942643211093,0.8701944110114332,0.8437986224143501,0.8721227186960613,0.7377129471598087,0.6233994650240886,0.4476177202993774,0.3356038493831728,0.4228947406695682,0.17694722203398916,0.0941099073543954,0.04699184943121382,0.02118121289990549,-0.03961935514957271,-0.08856761663760315,-0.16316028059405646,-0.06909099093060556,0.2663794779113752,0.5775487474751371,0.649661314953441,0.6899058636930593,0.6793965838077378,0.6499634396368186,0.5834572793716943,0.5659750788539528,0.5100183606320869,0.45772501512297437,0.39152458520159916,0.3624535020086561,0.2841244254871992,0.20372863654476958,0.16270680638150786,0.19294158750801493,0.3055824320534015,0.5044706679564903,0.0,0.0,0.0,0.0,0.0
2025-06-01 17:56:59.460,1,0.0,0.0,0.0,0.0,0.0,0.0,0.2952887286976543,0.16346468467856043,0.17569087839290032,0.29624192213876877,0.34823690125448314,0.3838450405478341,0.4091480995292148,0.4433163511719862,0.5153300699197868,0.5538509637719189,0.617521286628927,0.6708763948363742,0.6493397218817307,0.5981637750578194,0.5474505753323946,0.4388285654037045,0.35959314054763764,0.39540859528600963,0.4352757944983855,0.4970191918674426,0.5732265446910338,0.5910855938107975,0.6137142471156056,0.6706858771818953,0.7156531319478214,0.7448399593237398,0.4968953866920647,0.7338623017401334,0.7045856119173088,0.6912986752177538,0.625569525316513,0.47900831484832085,0.04595770165311375,0.28079747925895804,0.3761730912672,0.5743475453203173,0.6626555824027733,0.7335204493244976,0.7319616174328636,0.7185034740648599,0.703301439235247,0.7408828000619971,0.7153100868180744,0.6548214876127306,0.6706413625766169,0.558449907142271,0.44126986791038914,0.218485619621413,0.3082473185875078,0.6884186713354696,0.8439630838841624,1.021216881248786,1.0814448090910105,0.3132847122090788,0.7390790011316336,0.602231678133208,0.4383042113714215,0.5663518174667238,0.41378784858962037,0.8857951929046046,0.6226243254285351,0.8733668731827245,0.4431329062707894,0.5864330585269989,1.1279066474938253,0.7756083239773764,0.735170493108414,0.7187246651371919,0.686730424782068,0.6632408499948763,0.6973763415532714,0.7386545294518425,0.7914429683393649,0.8456396612088986,0.902098041100144,0.9597041809002964,1.0518031229080353,1.0982888253519345,1.183212909667904,1.231070367076609,1.2283381860795024,0.36636605844401277,-0.2402536099697602,0.08154276759746404,0.2980261964081059,0.48328299967300326,0.6244923138821368,0.6949332136380661,0.7640800008396047,0.8057681658138407,0.3082392506678135,0.829697490867181,0.8111468428722713,0.7877396544890253,0.7470367832253323,0.681192426761106,0.518707256157542,0.024083454345915425,0.23625168800514407,0.4646575840153431,0.5946087434986718,0.6255481892268671,0.6404350965191006,0.6438915005271588,0.6206201488116219,0.6068959969935326,0.560283776979118,0.5544952428248566,0.5141582230413555,0.44690168983169176,0.3698985013414885,0.17571340803395286,0.031032999316751686,0.25381135486464046,0.6029945265913922,0.6698970148206256,0.6586685984532139,0.2447576686734078,0.8801745257614377,0.4935235087046718,0.7347066209523072,0.0,0.0,0.0,0.0,0.5314760513650356,0.6760054811400866,0.5867911875802904,0.4348541501527968,0.1326524437996805,0.36910013418698395,0.33910418640817636,0.32659142084100823,0.3485411769444273,0.4886242669319705,0.6576298036193702,0.8103215921172255,0.900197170900956,1.1223946802542653,1.1138347112225668,1.121886649267053,1.1546478693821443,1.1477167132236563,1.1916315609835848,1.222470842239861,0.30188540990594437,0.11872102867309642,0.19144283522012995,0.3712146925307327,0.6880993934790902,0.9696520846004462,1.2787696144455323,1.4232337051670132,1.510063584509225,0.4446373371238694,1.6792243655719807,1.6626681324883,1.5971649670343295,1.4469983709453857,1.3063372801477735,1.0740327642295797,0.5725774870507525,-0.1052103485110279,0.18941473533868325,0.5528780966426565,0.86601683442764,1.071265126968542,1.261279309324288,1.2603381535122973,1.3277809324353318,1.2734383810784564,1.247194750406809,1.092186539108769,0.9656010283194841,0.8319019931898439,0.702452435281668,0.59177472554299,0.40946471223874104,0.08966215261254154,0.34411301297511165,0.6111664918851362,0.798715301372317,0.2529725420699557,0.4530546882997414,0.9906567277738502,0.6545724227567915,0.5654186042546759,0.7935179709121829,0.5066568174145065,0.6557296034347593,0.4864109451134243,0.7103430750933241,0.30205346808271655,0.3157967020510017,0.3947459475445758,0.8675312871163794,0.8405518841228292,0.8222050713275503,0.7422860154853792,0.6513543262349384,0.5620746829929262,0.3795965827388905,0.2729942334893505,0.27101341434320103,0.19974671236024277,0.17822485455326698,0.10034747812693323,0.04248138731011297,0.025731386267658585,0.046919225582642,0.4320869987469685,0.8105292975018902,0.80628387349746,0.8471180003408098,0.7338591547499675,0.6193789144669308,0.46540307072757003,0.3448382632837521,0.5401420527561109,0.22306879736861918,0.12403508885904069,0.0856519856727962,0.06262390236030868,0.012017243980742998,-0.04984934528272322,-0.14348864482346507,-0.13816228330804886,0.18006235088890277,0.5283737306154124,0.6267662872005547,0.6629612513897001,0.6757288653907967,0.659671719549709,0.6111547062351224,0.5811337640100547,0.5473385861626232,0.48626791727801666,0.42799262135669114,0.4014813710819165,0.321894941427311,0.23988012104122014,0.17854427626776098,0.1611197906169306,0.22279939939805105,0.45645295952611553,0.0,0.0,0.0,0.0,0.0
2025-06-01 17:56:59.464,1,0.0,0.0,0.0,0.0,0.0,0.0,0.24034487977429955,0.14715778426661166,0.21919469085343435,0.33298248471237923,0.3819002127548615,0.40542153994347807,0.4350448668232937,0.4432712200155948,0.5161997549885257,0.5661013508522084,0.6153837036917733,0.6543110236623152,0.6328702332664022,0.594043430024232,0.5406736458062982,0.4094924642193358,0.3643832136589704,0.4330000812016734,0.48447702972855555,0.5621419667538613,0.6051908181051766,0.6192955141266636,0.6371533406771217,0.6998717217958912,0.7245866354159316,0.7433828127065181,0.4963159646993125,0.7320307388401036,0.6973477856980088,0.6825402056303324,0.6093546679309882,0.45514399403262296,0.051446391021515436,0.3076487242383984,0.40960860080757555,0.6221505039942345,0.6733802994220364,0.7454084672798285,0.7373282306113458,0.7247953828018399,0.7086277423551259,0.7229563723304113,0.7015268630579472,0.6306147441859405,0.6561880625846298,0.5313611074528581,0.4259217326933741,0.22583049823451118,0.3617646564843245,0.7069139348933362,0.8556678696284826,1.0376779478799436,1.0951984886556505,0.21051298592378404,0.7956361778625147,0.711738499623563,0.4353714127998297,0.6096234319469419,0.2426147345424941,0.798274228759604,0.4742401242721231,0.7087554269645506,0.6087946768771082,0.7094646257022659,1.0671244724786368,0.7696506895989228,0.7755025548519232,0.7276941107137045,0.7043639955057674,0.6688053808991126,0.7129815966217186,0.7559267709492239,0.79417976365427,0.8393294161380256,0.8880596923749209,0.9566693865764713,1.04561472084785,1.0796060059076686,1.1579330229825775,1.2025667643212739,1.1865050176978196,0.3376154746477274,-0.2167440944289607,0.09447565681579073,0.3060255436242616,0.49510749385099406,0.6366050237226597,0.7001813650584685,0.7612657708958257,0.8046150645583319,0.2751333489147884,0.8235380416774698,0.802620833307588,0.7715123899085147,0.7487564519049669,0.667015179977096,0.5104936749938759,0.03198114118223121,0.2418678305362404,0.4597946016412826,0.6074104108339806,0.6324068874775584,0.6447675134049236,0.6469816924894145,0.615296137983127,0.6167520947760396,0.5594309247690563,0.5574446357628842,0.5138980411994454,0.4558035082315275,0.3755811077074517,0.18212493295963128,0.033077484286078485,0.25091804645339183,0.6083824676599603,0.6724655103579893,0.6624067533877738,0.23358736958782406,0.9995484689557295,0.5208871698582085,0.7501280546431055,0.0,0.0,0.0,0.0,0.5787375645371441,0.7812217795797718,0.510144558782852,0.4634170114571775,0.1469297785473644,0.35787808136572363,0.3141766531293941,0.29627948594737086,0.3048018181692018,0.4430241758880231,0.6091173146833748,0.7703080503474111,0.8632441330043967,1.1021063588938502,1.1163016199643772,1.1241895678906733,1.1627806363022095,1.1518111811738938,1.2257646478373498,1.3005480455291722,0.3247145412963067,0.06720045621215631,0.13864265485439253,0.3130268053875871,0.6299233385469079,0.9336280282609022,1.2310091312157807,1.381818647527331,1.4829041418306288,0.34511484559755073,1.6682601963294617,1.6617288937027261,1.584226428926556,1.4575844045706372,1.3098148052294651,1.083036082151313,0.5818770711489525,-0.16603837081379652,0.1497543062782184,0.5162230233100735,0.8352469878492204,1.0438806420758577,1.2208003949212873,1.2246537531862123,1.3055403889416608,1.2490031784053746,1.2235354656009076,1.0778233824009944,0.9489661392764172,0.8268268974145903,0.6922698355589234,0.5914118242487313,0.4077375091838077,0.12025454158107687,0.3466153655079597,0.5866108874365058,0.8385558406306667,0.2567096955638215,0.5209787370170164,1.047563729935526,0.8385034470326524,0.5914093302335892,0.6867396868115643,0.6160144081783376,0.6323090770293854,0.4987770457841939,0.722231291526113,0.28476501111544034,0.2986129967861401,0.38661687442170145,0.8363456337228061,0.8451547254757028,0.817729974955025,0.7237969496938708,0.6414114410062368,0.5314070127220432,0.38141635277828123,0.26759664378226544,0.244062862142562,0.17475423677596158,0.18395370059097238,0.10617195342654784,0.033416866980008786,0.0016284900579148776,-0.005344519608726506,0.3820235486992522,0.7816617694201685,0.7951668289917371,0.8389249547174328,0.7386657798587726,0.6131885421386722,0.47216118651280437,0.3645144972722323,0.683486876637722,0.25310309467116254,0.16781550092345077,0.11447977937089782,0.10675871162966455,0.06137591552864741,-0.007635852117385933,-0.09901333696851478,-0.1689879754514404,0.1255667121272348,0.4916530215336415,0.6180987329607625,0.6564831404177252,0.6763405889543468,0.6663705235630943,0.6381428525265094,0.5898099311290239,0.5808380366568702,0.5071504269526972,0.4745836689807479,0.43927081250872635,0.36465396048804,0.2868582276172159,0.21302782414523663,0.15068975043967803,0.19517571019573443,0.42899215586078143,0.0,0.0,0.0,0.0,0.0
2025-06-01 17:56:59.468,1,0.0,0.0,0.0,0.0,0.0,0.0,0.3198222182732158,0.22311116875933198,0.1995515508821618,0.27133128311680077,0.3361809255046614,0.36409725715115704,0.41408670345618204,0.4323103145152163,0.5008602269391024,0.5785691465682956,0.6308749665995479,0.6721182852025517,0.6633073898372905,0.6317006044385448,0.6018240271423052,0.4909422885171706,0.420306906249767,0.43695127770864867,0.4474181979767401,0.5083407386672852,0.566591969205549,0.5972089449229117,0.627887404617036,0.7037659351415322,0.7294455804451649,0.76468889310446,0.5206817417772983,0.7672344672077124,0.744039520567406,0.7198881948730542,0.6591429890728318,0.5312344742599603,0.15696639175688942,0.2583682771551261,0.3382348194011887,0.5576108942567861,0.6243162692370163,0.7223118332565006,0.7473534966622113,0.7462722349877724,0.7287274798895282,0.7186676118628332,0.7296239354187855,0.6656497328367471,0.7198712722296402,0.5848557557475442,0.47589320970439386,0.3042446824471169,0.393094333715696,0.6434913684429906,0.7938037969360893,0.9849565433311878,1.0731850837059134,0.13950205678283767,0.8472045040428058,0.774752401789039,0.38960397380636125,0.6522807223491104,0.29852095830878966,0.9098311862144561,0.5826853649940127,0.5488616761130953,0.6687684022893395,0.8434212606655289,1.0501213718998497,0.7477667567235446,0.7594677865622863,0.7058314167426718,0.6975609383432864,0.6644224710751172,0.7144903334674264,0.7518830554901912,0.7895183510728121,0.8411261279920192,0.8825207961759085,0.9558722622033351,1.0531789447694258,1.095569725679612,1.1651713776805854,1.2135087586257436,1.2303143028862191,0.3853000590168136,-0.227718554700708,0.061524254863608796,0.27772996868207356,0.4803682656206354,0.6299871408363229,0.6956907815777269,0.7659949815961062,0.805361410393058,0.4576427640197483,0.8296420683081847,0.8200848456347357,0.783962084159722,0.76925894304464,0.695832273344098,0.5338064890893163,0.06700064595613374,0.22314926989922468,0.42754003476332647,0.5942153775798584,0.6297236767240013,0.6503397207056045,0.6464529183892065,0.6288551235479236,0.6337843482412493,0.5767952701020427,0.5816115922409677,0.5398500875400012,0.4877555325866254,0.39818810339388533,0.20406177904717704,0.0409691995912112,0.2529836606537474,0.6195068981031278,0.6848210589178685,0.672078356109467,0.3777580082956525,0.8705434862550026,0.5024030863560609,0.7811554048650791,0.0,0.0,0.0,0.0,0.5669302800721064,0.673802758022497,0.5946683391629465,0.4675948638787629,0.17376311227019442,0.36549161734896657,0.3077321656140208,0.28221001733859885,0.2795256637536936,0.41154061359324423,0.5746895469492648,0.7308554529900055,0.8326991083764228,1.0709113274399313,1.0818616168314112,1.0941913242873507,1.1463293393773335,1.1352271256566264,1.2148881865587988,1.308712291795731,0.32132426555976445,0.06259571299649774,0.12440629476625564,0.30656805268420273,0.6187427857216856,0.9186248935522299,1.203735484183897,1.362162440382076,1.4673733266869207,0.4399848416296656,1.633278861290612,1.6430741674062572,1.5576314602266594,1.4341041868273958,1.2828053665425423,1.047530117567328,0.5395904322685459,-0.14054147620414614,0.18252535538350811,0.5531454101663178,0.8668022216422586,1.0547182931281072,1.2317422938523133,1.228434754884461,1.3039394555934547,1.2374243110525636,1.2050513244848484,1.0549010379966295,0.9181059896811984,0.7996425016237023,0.6564481988977073,0.5559241628108798,0.3680112914888264,0.14736198538738085,0.41923115632462027,0.6404426333657144,0.9556700717894907,0.399207626996126,0.6262744690982792,1.0680141598153576,1.1410182737628918,0.5490969984462263,0.6199021466864258,0.4737770106988138,0.6602462657323178,0.5302352437585593,0.9039753906853273,0.24754639919979088,0.28001391110493556,0.422167017513223,0.9486717776365123,0.9284362825042456,0.8861007161191078,0.7725345925789724,0.6862064053770014,0.5427228730521576,0.4020138221413747,0.2770632238937383,0.2414442893612776,0.16772836385549583,0.15849009644297518,0.06115728950995891,-0.002205604934717331,-0.014880380539227467,0.03275348296984487,0.4881234979583216,0.860397884145004,0.8730561920989031,0.9201772727536285,0.8324752006471481,0.6782392072736059,0.5009134869703982,0.38493898006058935,0.6682943304054393,0.2305881633144895,0.13591700504112536,0.07501023162600462,0.045133396781206536,-0.0018304490986756905,-0.07663234936541541,-0.07754394469039089,-0.08302857074205616,0.2352396640787099,0.5673936987520736,0.6717920570680093,0.7191626149834915,0.7031953624352187,0.6815176554386189,0.638155378460513,0.5652844627381861,0.554526896743406,0.4700903559915768,0.42074130583491365,0.37298839364106984,0.29266192785439216,0.22259795329248777,0.22037245782699016,0.23554824625716053,0.30980347187107726,0.5400046909295702,0.0,0.0,0.0,0.0,0.0
2025-06-01 17:56:59.471,1,0.0,0.0,0.0,0.0,0.0,0.0,0.34505188100340967,0.2292862442177858,0.15179323307363068,0.21562416455660838,0.2632737105990338,0.2848776174344331,0.35308865452361704,0.3752262346902584,0.4439115499059395,0.5518366560641708,0.5968942559463326,0.6575519477960116,0.6458629557791364,0.6269884300814931,0.6091144505368283,0.5355324297199493,0.43386957286689837,0.432972531156075,0.4216487970372146,0.4799113364216522,0.5390715756462834,0.5588927286601668,0.5929006063574154,0.6582266105171888,0.688614725062247,0.7252666410467836,0.47982866562516124,0.7364665809038727,0.7236042331772006,0.693067814418809,0.6412913138296716,0.4781790154299447,0.1822809333925045,0.2626368934747545,0.3479884840017452,0.5340344463139692,0.565160773062404,0.6818436030966541,0.6981027702939286,0.700720767275687,0.691919667500009,0.6975563661130253,0.6968083356943626,0.6601093858727275,0.6891144535989685,0.5514128337748825,0.4586846417987005,0.3058782097532874,0.42237028399530896,0.6296242872811172,0.762551140982202,0.953704982185702,1.0376983311711538,0.12206207966012367,0.7603792103367687,0.8668983220245929,0.3345398328989777,0.6580166575542293,0.20668685580131235,0.7761460473779436,0.6821520195710329,0.6581603941408729,0.7922392007102215,0.7214777014262986,1.1238869234343578,0.7724080547319232,0.7533580755568998,0.6883920204797382,0.6790947732330634,0.6444368983324855,0.6888320673209309,0.7225992326041737,0.7523286062194472,0.8141626148321772,0.8620766025374309,0.9360946047632188,1.0376328885975532,1.0876022561225622,1.1585285964199237,1.2239635374276996,1.2706553019009588,0.43751621839729465,-0.2229808948818246,0.03568553090286497,0.23833724558544067,0.4594737574778811,0.6026871922313863,0.6715802217983193,0.7437852223518133,0.7909250998859088,0.3272188767606899,0.8176694937552567,0.813253188796555,0.7759404574777841,0.7738090092929845,0.6983316619601905,0.5279774271751089,0.06537198977479093,0.20252905976330415,0.4106328013566318,0.5782598421252019,0.6087873580830354,0.6309135515759363,0.6349611891578371,0.622149365285459,0.6272057669253541,0.5728588686950888,0.572299613914306,0.5274776162107848,0.48513876638763653,0.3956219432004112,0.20251421730112817,0.05464312612235267,0.30250712965875215,0.6400464362353032,0.7046404686217249,0.6922976376711945,0.2725495739449902,0.9449071377069147,0.82517001719056,0.7874118239376842,0.0,0.0,0.0,0.0,0.5895490454330571,0.8783282431194297,0.6690656262904755,0.510941182379987,0.25563198941171944,0.40284476645375494,0.32658183798419166,0.28086002770808904,0.26257558019284066,0.3758026042536511,0.5430507375002471,0.688735835328695,0.7885293293944908,1.0369931064121474,1.0644475054379687,1.079779494738418,1.1431995633500949,1.1293089399803482,1.2370906049876869,1.380609044447207,0.37796340165024356,0.08997396060972052,0.11640371877433264,0.27453653276584045,0.5890649248151447,0.8867388475223739,1.1563994775624313,1.3197853120761904,1.4375318737436442,0.5102164353155927,1.6254530566632566,1.6399349418175762,1.557142858769694,1.4425215166099212,1.2966776072557467,1.076261553500357,0.6105542170299731,-0.07450322508197121,0.17601016724875562,0.5274963939218766,0.8352744660590616,1.0114963786841507,1.1959799179240949,1.1917539110787676,1.2717911519833236,1.218458570614437,1.1767250460233982,1.0377371223737342,0.9089350188988138,0.7952127953058665,0.6589909071148559,0.5636505606311066,0.3795782718618498,0.17358890724410533,0.37024131348645783,0.5906575560801085,0.9254815247943006,0.5800423869889006,0.6805551014613325,0.92230672217547,1.0909092285786255,0.4719961520633512,0.4092952529736617,0.805178498276101,0.7781143048170386,0.6689573007357216,1.0089722711426803,0.24565198237684654,0.2730644883303501,0.42450846029933914,0.9201729541613308,0.9065773668298605,0.8755575808258848,0.757207378883819,0.6766208223718377,0.5441548613190834,0.4309742038405957,0.2813633357403378,0.24995375780655005,0.1679280028768122,0.16611183783554884,0.09354378052436918,0.021135771000000303,0.007120877052102514,0.057969034921549756,0.5444631753298996,0.898357288799482,0.9076133717824624,0.946770159719433,0.8727316907273759,0.7321905414091758,0.5600751236124795,0.4264444017757263,0.6414008290346458,0.24841490712294023,0.1525522889700175,0.08421397435560496,0.04416503967493968,-0.01658963093418664,-0.09252959319699494,-0.09515366414889631,-0.06927014750461347,0.3131365759835514,0.6374011437814329,0.708215940613924,0.7573730069151616,0.7492958447750109,0.7246422502733862,0.6785073197744862,0.570854857893772,0.5534061735972065,0.462440211649082,0.39716867312739934,0.33837986127593633,0.2501235892429109,0.19845618223704697,0.19575458798080508,0.25506065767383834,0.3883369042181867,0.645757870162573,0.0,0.0,0.0,0.0,0.0
2025-06-01 17:56:59.473,1,0.0,0.0,0.0,0.0,0.0,0.0,0.38060379879688755,0.1935289230580692,0.06412305280732228,0.10595918018760142,0.17707572943113814,0.20122269127928483,0.28277258834228214,0.3385350320187468,0.41780002904239455,0.5287853917433001,0.5885188995347446,0.6659321949040681,0.6608599939872322,0.6622204648036316,0.6419887322495268,0.5842617983331271,0.4419707304012542,0.39301283367230017,0.3590071223735678,0.4104107145101509,0.4872764908948224,0.5076666983442135,0.5403552057773908,0.6086361975887602,0.6489385604139513,0.6834567983767297,0.573593607970564,0.7100346291218999,0.7109619702735077,0.6705717038347325,0.6282572169383018,0.49196930970888775,0.1496981661657975,0.21600017007281452,0.31072860897551036,0.4519170412386375,0.5060642227335357,0.6066970782004726,0.6264106151815654,0.6639254176259439,0.6498289084963431,0.674635615314388,0.6678707910832851,0.6147628138440441,0.6659716524931713,0.5735502253306153,0.4901616621211371,0.3470660091985021,0.4065975968466681,0.5940045852138253,0.7009090056331865,0.8741945433560911,0.9679837750289813,0.14002618336911293,0.6455881135270961,0.7803435679008888,0.5803424723525828,0.682073523271058,0.18172364075068081,0.6784120416650975,0.6987820387684458,0.4318413092927684,0.8688280650016718,0.7200563441945006,1.176909808435356,0.7741865349870466,0.7110254412203059,0.6291335475691375,0.6263006042312116,0.5955565107840766,0.6492493407581852,0.6883156502124146,0.7171169279910055,0.7790178525887597,0.847539516783552,0.929100056856689,1.0345847185874288,1.0961203311050831,1.177943172642638,1.266205981794052,1.3581859465344104,0.5042012097303261,-0.2513713536168658,-0.026152077837898968,0.18607389963187315,0.4043429706845283,0.5540370043246279,0.6325555552574911,0.7097971974392685,0.770706306792216,0.4957345348733024,0.80418380943666,0.7982526615443933,0.7751410097269037,0.778059140353277,0.7086689854871102,0.5481029616644031,0.07495983775503796,0.15321915580480894,0.3650913271198777,0.5185800694574987,0.5587008643785343,0.5894667349230109,0.6044242206394101,0.5977694747149536,0.593475396824539,0.5582651140016952,0.5455049738000126,0.5100776199574637,0.4770845297987667,0.39611070868611054,0.2147144005842747,0.08970845233942731,0.32040525261398356,0.6505181081758579,0.7106617738683416,0.6875749554775139,0.5899268424487167,0.7180803975660508,0.9670849558497974,0.7505243486886471,0.0,0.0,0.0,0.0,0.6126497469920013,0.8115086813008547,0.6227856908405272,0.5751527756264442,0.3259006837134781,0.43743138073667853,0.3374423479987874,0.27908557848614635,0.24616629821910663,0.34898242324641626,0.5062756113466036,0.6554017597158865,0.7389490607555094,0.9980079003134934,1.0479983485245121,1.069530605929647,1.13989278504271,1.1393106998926763,1.2546935014711382,1.463856185499201,0.4394107922054349,0.12508732817150314,0.10996348343196372,0.2508698627004098,0.5660746270374364,0.8448616774451176,1.1102032944261366,1.2815555433400527,1.4179409589461118,0.660353802128123,1.6222986434521331,1.635073458174774,1.5684730590349323,1.4573725920179452,1.3172328070252308,1.1196341738633835,0.6980378152903801,0.003465631898128818,0.18102241519083728,0.503565268205094,0.8179863059360031,0.9859696550104713,1.162930818045917,1.1733900572411973,1.2364672945427713,1.214547646371173,1.1489161680998352,1.0340764073917201,0.9048556861235458,0.7946899137923673,0.675736113038421,0.5746543864679705,0.41182256632537767,0.21907255422141456,0.3133190068344318,0.5129046453878551,0.7853305636080178,0.6359403879878925,0.8056481073608016,0.6723201638545921,1.040800183394359,0.37839437740007364,0.2649399741186899,0.9095887040028054,0.5701290289195232,0.7527262420037648,0.980040377519121,0.24204573964838222,0.28912466150099214,0.4373071004334865,0.8485732904043375,0.8225412262690159,0.7996613736674011,0.6751430975027919,0.6033171703928795,0.48801849034631406,0.42804642084631883,0.2566018634558822,0.2573912822764193,0.1728355029760884,0.18737136037775892,0.10856772604123954,0.07189222325655586,0.02651856319740875,0.09789162307603633,0.5711108800061406,0.8918693051516889,0.902864700702221,0.9226236860413394,0.8627625744447707,0.714458382943294,0.5723449905785201,0.4389275783934312,0.5666739298811753,0.24982865774645102,0.15341894814928736,0.08536743517775469,0.047260849292573126,-0.013407954633074981,-0.09435522554978815,-0.08932503776408829,-0.021059498928707232,0.35966249389802374,0.6581102350754029,0.7249155029495183,0.7655544370498251,0.761521800340335,0.7304551838058884,0.6791979571110032,0.5566915183410797,0.5300461921573241,0.444257542369652,0.3567417267961035,0.3151529818478509,0.22496111567672716,0.17621601405180243,0.19124680593688687,0.2859273658261744,0.4639977188151324,0.7143319524233118,0.0,0.0,0.0,0.0,0.0
2025-06-01 17:56:59.475,1,0.0,0.0,0.0,0.0,0.0,0.0,0.5020274045042782,0.23380904636188513,0.04747514927976959,0.06337620785451725,0.13292744960469616,0.14666463097231575,0.253138670716874,0.3148073863925971,0.4073351891804696,0.5299428830780883,0.5873084862668909,0.670613632209513,0.6925873823853224,0.6905038893500421,0.6777755923859515,0.6391803805532768,0.4930706236733546,0.39696692914405,0.35167482684366536,0.3782668854649066,0.44433954726389846,0.47376199961692,0.5160083500565182,0.5927263828565472,0.6378671944385073,0.6729352785459026,0.5006687920132402,0.7008264723592258,0.703838037037809,0.6545392512913197,0.6154481427287755,0.4925665220405304,0.1759156577430569,0.2200646836004167,0.305206572471185,0.4308909909994081,0.482041108214633,0.5841344193993312,0.604937764582608,0.6469260421698404,0.6332625305096171,0.6669948587995718,0.6136354519399416,0.663257370717517,0.6637553796885417,0.5884741708719834,0.4679268564116067,0.3405461620356235,0.3908430132655366,0.5830875246479531,0.6854357208510592,0.8417161497069403,0.9290562340093143,0.2683499634202489,0.5881326834670062,0.7671296192500432,0.5590767679868374,0.7606323698592128,0.24193838455704136,0.6629112747714129,0.8092549439757051,0.5150462969822818,0.9000215151410489,0.7383578481715437,1.223006669556972,0.7921076949972916,0.7258061645519729,0.6436858653113433,0.619752905262462,0.5928628730856351,0.6413894003284104,0.674223354336027,0.6974191329983308,0.7499254017186092,0.8327622127762362,0.9182090257728248,1.0230174803154033,1.0878006587770037,1.1840619304687825,1.2739514751726713,1.3955008356101835,0.556913767504801,-0.24819806654720766,-0.04092422596749912,0.16922293831382262,0.3780704659266252,0.5362147948157867,0.6151134723818972,0.6869679653202798,0.754122399337654,0.6816544478191082,0.7877360012192975,0.7823881253439334,0.7696238640817322,0.7743386918476246,0.7008223354199461,0.5374779598541634,0.07699838931841725,0.17308361044400022,0.3905462734627472,0.510193224462246,0.5660154232468229,0.5905161480756942,0.6007887629767121,0.5969711534547053,0.5895282079144375,0.5610432556814442,0.5349940962569331,0.5081459582493568,0.4681728131516978,0.37371675081651434,0.19132546640054915,0.08553442669784145,0.37788117128713206,0.6965227895707937,0.7392633910460538,0.7122119313662625,0.7591138892094664,0.7001662511571083,1.1590907506059567,0.5539941963406236,0.0,0.0,0.0,0.0,0.715348630914213,1.062585931881951,0.4695469509449961,0.5896434248683441,0.40252125629630225,0.49919528121135864,0.39612989395794723,0.3283226172746324,0.2887696877715671,0.3836448873590994,0.5203537188932525,0.6556053366195531,0.7315827011155269,0.9848681596190665,1.0331561140741923,1.04652184788916,1.1198564570135443,1.123806600373309,1.243405972438948,1.4841850367117746,0.5008863514971136,0.20851733047577325,0.15340692966010117,0.2791688616271808,0.5793001498041603,0.8674878733782196,1.1188597409315406,1.2882882216101723,1.4249310646563365,0.6204718074874751,1.6187357154613977,1.6251484967956942,1.5578666242832793,1.4509929783762918,1.3209541746689668,1.1346146663046595,0.7600742344336432,0.1435491993586775,0.25576079910791105,0.549429739209673,0.8513695951918128,1.0129096635636035,1.1627851220582839,1.18137934096234,1.2329716253927998,1.2076181441003118,1.1364289377245242,1.0242099822435486,0.900712387086073,0.7871637435559515,0.6716872688928313,0.5662847059980719,0.4124709177268249,0.23227646000096527,0.29793102563600204,0.4786780921593802,0.47854767541805276,0.7200354472702238,0.7946239154724467,0.4347581427889342,1.0970580673079662,0.48618224244711783,0.31504316260387993,0.9269105484507378,0.6051896292706963,1.0649746641591726,0.9511084838955616,0.24261157636587966,0.2833483638183103,0.3755115073118779,0.6801196356486174,0.7225426231057523,0.7051816971815584,0.6054704626228848,0.5376913869156412,0.4494413747684576,0.3929737764234289,0.26548574296770555,0.2616170705004013,0.1859072460538791,0.18431064411774156,0.11653639650463621,0.1063874154195551,0.05448702396972094,0.11275215551851475,0.5228931290262953,0.85773969517783,0.8763331357223261,0.8755917263714151,0.832546109135645,0.6996961815760132,0.5829984357912388,0.44498747036277675,0.4527493379578831,0.24691735764212663,0.18437183040324667,0.11456162439882323,0.07354913147844166,0.008554864390283079,-0.058736820145432245,-0.049637890791606076,0.02441580104482932,0.354773613049314,0.650087867250098,0.7258064673920211,0.7588521492003193,0.7507558079905889,0.7351602633920504,0.6745708464009925,0.5589522464974153,0.5318546817317746,0.43855290420418136,0.36031826611924456,0.3108601315758399,0.22473954794883422,0.17961844392972903,0.21684316174908697,0.3256509150505741,0.525508102309801,0.7285817347126944,0.0,0.0,0.0,0.0,0.0
2025-06-01 17:56:59.481,1,0.0,0.0,0.0,0.0,0.0,0.0,0.6481961134648477,0.3354169182032951,0.06679576146140398,-0.01856991603270719,0.03519990685652452,0.050416660295474425,0.1737848434797581,0.2572842357311551,0.37026004206070195,0.50019064274222,0.5803590981282278,0.6835602480423483,0.7211869087018035,0.7245990974147961,0.7259135588185651,0.7329155496041247,0.5591888029034826,0.3974962781353814,0.2877806759728695,0.29522378343263755,0.3739226512019225,0.4185633287304369,0.4696771644324427,0.5510075608971545,0.6183133839199679,0.6756716125630331,0.3512340272747735,0.724527334596686,0.7270131883554884,0.6891906979705558,0.6678920273440581,0.5714583264811199,0.2354815348464359,0.17483635395791441,0.26021086263220106,0.35035305306295395,0.43419249293418205,0.578146247761133,0.5999725657311932,0.6148452934638695,0.6203686914733118,0.685137761484387,0.6307461409487038,0.6610683249456902,0.7190979824578904,0.6669227175355952,0.5100182641326118,0.38563701120989324,0.33108825218555915,0.540386097899025,0.6311422381459056,0.8097290081470421,0.8934012173337855,0.5076686867566043,0.5377010524414949,0.8441088059375015,0.5890804434124588,0.8345214179674776,0.3194794657222285,0.7428212487333996,0.7410108337036456,0.4774677184403586,0.7083951105294356,0.676636333196302,1.2933998684747958,0.8026750888508022,0.7237843128767543,0.6492900667433712,0.615368157323841,0.5839314694481801,0.6223979067463017,0.6496419747791962,0.6719198332911243,0.742235367842718,0.8280613067771876,0.901290374060999,1.0156413110360094,1.0862610124429313,1.1954739707515372,1.3079259111791117,1.4481616869844047,0.6270117312641068,-0.21230528930005843,-0.07389408595197078,0.1255360845136222,0.35134483282089923,0.496121951207793,0.5915793552549151,0.6744034074678611,0.7402297792281549,0.768349460134329,0.7871054618894651,0.7858066647495537,0.778191643020507,0.7633953739193419,0.7123544278616489,0.5399718563471263,0.09862766463686239,0.19607718700198828,0.4122819422526047,0.5245762106517058,0.5787811083712977,0.6121298501639056,0.6205657448842805,0.6240564966748998,0.6025206696526586,0.5723859564014941,0.5489232426576944,0.5183141165051544,0.45976975136064047,0.3491402578293482,0.17478292917511928,0.08471657664634491,0.4539023124059196,0.7475841973001548,0.7942510762645112,0.7550647531462666,0.9424796987104196,0.5195289661158053,1.141154355276034,0.47563013772539164,0.0,0.0,0.0,0.0,0.593250508344787,1.0644976019347385,0.6561357834556221,0.5960559272939522,0.4895242813331146,0.5779835652992324,0.48226409544843934,0.40897353943501213,0.3663524363584434,0.4680477040569655,0.5814886251492242,0.7000354040930299,0.7686852618994964,0.9944115806673222,1.0176486810815644,1.0310590843175367,1.0940237638984964,1.1001156886356886,1.1992522694735346,1.4157522425448104,0.5297848404533813,0.31491768240643425,0.2606146284222195,0.3785673054784817,0.6694948931915083,0.9385497969953063,1.2013247192894223,1.3549216306045653,1.4679036265151233,0.6835810300614886,1.619031404873994,1.6038267687707801,1.5303332234490183,1.3904424476888346,1.2652271619977424,1.0753275602831875,0.7693971502911678,0.36355481273208423,0.4312405847915336,0.7239834524457325,0.9972350642722483,1.139037880304709,1.2715794288766942,1.260663386589653,1.271007326517911,1.2189583389923704,1.128514823401031,0.9932978145945622,0.863974964535155,0.7351486377746059,0.6142593691931892,0.5038331405341984,0.362843230590361,0.29960273890440237,0.43617037749529153,0.5862282705989964,0.48766915227759455,0.8482022412530205,0.8168595134493007,0.21739653502561596,0.9496702027277666,0.5652202583281292,0.4300173795879552,0.7848656913649625,0.5854652240624089,1.124443654869939,0.9221765902720022,0.18635088433192798,0.2216332437425323,0.35646718914062026,0.7500668864671813,0.7609350073015253,0.7330202087938095,0.6326287216732684,0.5531182675994315,0.46743489509540237,0.3842580292670901,0.25529699305938425,0.24165137745715026,0.17127290426959374,0.13773640288590538,0.06638986381239431,0.056528999281610814,0.0024696949216708175,0.12124557867794244,0.6042950332554542,0.9272474172764558,0.9293080291162918,0.9351861358287513,0.897374895808994,0.7615901688848723,0.6012330315412913,0.4478428349139356,0.20843769088251948,0.2308594758960889,0.14791576047455313,0.07990682576725971,0.02299282766716726,-0.06642211314564761,-0.12848296055683883,-0.08419805098671551,0.13186544820401275,0.5088875437643472,0.7542775225466012,0.8012901986268329,0.8374027203037848,0.831288676565586,0.7942848964825462,0.6905553067882537,0.560351445035832,0.5112613788439082,0.4066739156740389,0.3110926535037253,0.24065412158580002,0.14910023924370663,0.10458610505934052,0.21091881475817614,0.4269804498195633,0.6924423234886717,0.8893811274447179,0.0,0.0,0.0,0.0,0.0
2025-06-01 17:56:59.485,1,0.0,0.0,0.0,0.0,0.0,0.0,0.6898509016906937,0.3633243972380249,0.12087107078606407,0.00013510209774514337,0.00893390272013539,0.03500428463535721,0.1500163145221124,0.23833796361406767,0.3516682788763631,0.46685673774040826,0.5533469837401697,0.6619915292251554,0.6955017220224293,0.699623608573413,0.7032240728071959,0.7053900848208207,0.5659706149358615,0.4336200835533532,0.32029126935415586,0.32455700685730104,0.38985287164117377,0.41286385650637225,0.4660307812221447,0.526734814711143,0.5943494062737018,0.6376300930587966,0.19551785807085076,0.6870715145544605,0.6855032538214654,0.6511448786735743,0.6146898057680197,0.49937267795561935,0.1965632476990558,0.23141939163134095,0.3443555775745949,0.4277111887903966,0.47249826514182747,0.6131659789633153,0.5889686688577918,0.5883616511678758,0.6141793454721016,0.6820605403356415,0.6087155160502553,0.6239300067455619,0.6351135357168917,0.6018945118802055,0.4487783022302597,0.3011812779156482,0.31800948063046425,0.6250511825503097,0.6958230380356024,0.8827437805271021,0.9435732320751562,0.6778661015898249,0.5077933649906731,0.8625006705818132,0.4906293967266593,0.6434730009150995,0.3975118782772875,0.6462514590831961,0.8130578006700147,0.5382964071982312,0.6569320842065197,0.41427722419271773,1.224950015987206,0.8363056486272858,0.8014827848515464,0.7504812633208506,0.6797077607650817,0.6269132714360546,0.6517778837806814,0.6568549990791557,0.6770019504994351,0.7371615337133512,0.8153151711576763,0.867555568148604,0.9724917488447334,1.0387158536461816,1.1351022132245516,1.218527444591376,1.3211641364177418,0.5543645467190026,-0.10208130497658396,0.042037281706076124,0.2132895772671053,0.4242329783136165,0.5340785291132675,0.6231074471467011,0.702394685251873,0.7455931917493059,0.7881408371295446,0.7815568290891892,0.7639229055533917,0.7535489691158151,0.7128314590734252,0.6528076380262571,0.46153268573775663,0.1367077345392143,0.3346300492585056,0.579392928249336,0.6394525167083065,0.666055496795454,0.683944345249097,0.6818483996652147,0.672401391315189,0.6342997691544199,0.5975108365074702,0.560169362921193,0.5090571748150308,0.42873811841531784,0.29845715585969435,0.09975803549754014,0.039874594230592364,0.5363975293436944,0.8215936942132867,0.8755262100727199,0.8355468302664211,0.755855023384274,0.524925160614349,1.0352183928192222,0.34929074577082864,0.0,0.0,0.0,0.0,0.5180061906842229,1.1957252785279515,0.5937698648673595,0.5462758705661134,0.5490367451195859,0.6605432361039734,0.5845494506290443,0.5161124596308636,0.48232182812645696,0.5817733011980721,0.6841817601749693,0.7882353586059132,0.8252961533459291,1.02107678371542,1.0221195281715878,1.0357184181136392,1.083262737847621,1.0838713012125585,1.1562531384666315,1.3543528972175147,0.5687679249096265,0.39992411357575175,0.3464559359271242,0.4666829856616075,0.7638536725007181,1.0122820651128848,1.2922831253751617,1.43755947926545,1.5162572721620495,0.6321315955102544,1.649277794699331,1.6060354168637812,1.5425554153104912,1.365272361451773,1.2477823874602723,1.0434446478829824,0.7858743529760186,0.45227779994725303,0.5221008800913726,0.8119850305653553,1.084004965655354,1.2316856746271567,1.3406775374029731,1.3246628095039668,1.3054736869198038,1.2482848254553232,1.143615147369759,0.9908483448008542,0.8498591948734843,0.7199541013089545,0.5932638844288021,0.4828644909884615,0.3356616063056076,0.3259908301205086,0.48017252429403023,0.6307230150940327,0.5490051934986142,0.7501752017991123,0.7964816114905439,0.0438074130863797,0.7004051909515121,0.5063926648515702,0.46806693999905064,0.801915178625149,0.5863156374763041,1.0422863074951392,0.893244696648443,0.16554200549782477,0.189507302042781,0.3501307536091402,0.73684522881247,0.7614574529428815,0.7409298844647917,0.6368469485325263,0.5557061247327566,0.47532090319298925,0.3735774078492222,0.26973701742799716,0.24063470729710756,0.18084076331084553,0.141487727271556,0.07398971786507613,0.03076408606001968,-0.017935995740024135,0.0931767018405108,0.5847747788933211,0.9222892747405919,0.9268759849509518,0.9652016900287513,0.9306894115914777,0.8078239322944585,0.657332522053989,0.5048970937536323,0.18712105534323445,0.28354425564026076,0.19993573544104293,0.13710567135049345,0.07569974026473558,-0.028667306184623542,-0.09723331118869816,-0.12218485909131155,0.10229733324416196,0.4929467083666361,0.755929418831145,0.8219905257816867,0.8649147207968713,0.8911384490959091,0.8360211921392118,0.7450444209508147,0.6239294400462778,0.555204050736126,0.453541336758821,0.3666218710440967,0.291139626714626,0.2157277033534417,0.15889904755788475,0.21554139051108395,0.3796798617510756,0.6714182724049188,0.8686973984932056,0.0,0.0,0.0,0.0,0.0
2025-06-01 17:56:59.488,1,0.0,0.0,0.0,0.0,0.0,0.0,0.8297195270996844,0.4532014279333272,0.1435398695918475,-0.06790090241877589,-0.11464104677673626,-0.0480636943585635,0.08734153831189817,0.20582859369864526,0.33440490565259917,0.4503296238646517,0.568417766859945,0.6980054444206795,0.7364750441643753,0.7411537375442936,0.7713490863704154,0.7873654004168988,0.6403219697701714,0.4092622178650878,0.23210907607756204,0.23448992345234065,0.3063952076855614,0.34511463292728495,0.435896180571159,0.5099848566693705,0.5844843005194944,0.655507874139952,0.21063484184735348,0.7192486695763413,0.7280170909746075,0.7216859092576191,0.6926773944956308,0.6345528437871146,0.22971023479752395,0.1452801161114221,0.273861564678885,0.32419039860506493,0.4256821370313808,0.5690479458303896,0.5678551258136819,0.6104873007953113,0.6402978776891655,0.7061636083852849,0.6247778082611661,0.6557186222423009,0.6606802867308398,0.6612274311250523,0.518538827572601,0.4015440831638158,0.19489679509705932,0.5606130797636397,0.6123237268117797,0.7890685212805464,0.8724465231675707,0.6630820656026601,0.7948278896010933,0.3976042884333309,0.485761274644109,0.5640301376061099,0.4085418852289303,0.7408107961128062,0.7475480167291615,0.6518349330280986,0.5765235324226425,0.3093727419839436,1.1308165339466532,0.7802539630187482,0.7686393521110224,0.711745566467751,0.6709319905154159,0.6105634685469146,0.6406582015539308,0.634867971940045,0.6665152768846914,0.7252246162726013,0.783641478781187,0.837350256376169,0.9354899226944638,1.0057936815224742,1.1014175186946744,1.1651054750419783,1.2528899070020754,0.518912205565881,-0.08427395708831509,0.065492930859536,0.23183218528729443,0.43111226451707263,0.5401378010893976,0.6311266345014417,0.7017245468229483,0.7361213804727653,0.8230118529216301,0.7647537669054707,0.7410565482371659,0.7270391033989526,0.6684610599917883,0.6111848515648786,0.4064908422885307,0.19859993384554858,0.4391994494310393,0.6645023496385694,0.7219879452670568,0.7351922003535474,0.739542881088169,0.7151628706896767,0.6946252112932747,0.6508722594776943,0.6012977104910182,0.5639304253905284,0.5022148675239027,0.39315589505189585,0.24671030732397414,0.03914528467876233,0.01937164956047599,0.6107491901529887,0.8902369407773167,0.9487802288653475,0.8986361823628757,1.0077349455625406,0.5697360135771461,0.7763111220884336,0.3115335445353653,0.0,0.0,0.0,0.0,0.5017945830372238,1.1461982291180737,0.597842556847321,0.4814303942673285,0.5861573132203759,0.7261077335505718,0.6727509816046477,0.6294721839475285,0.6022019223830821,0.7115004926211628,0.7814240501767089,0.8733124015376768,0.8795147880088052,1.0262909501166888,0.9953258500107842,0.9965173726456962,1.0209823076316442,1.0144480076335995,1.0396505244763579,1.185058873134286,0.580285739216966,0.5003124934567744,0.488049627611413,0.6157688297857251,0.8991371534671406,1.1294839443093143,1.4030320453936045,1.5191662321578614,1.5521440976359437,0.714780020575726,1.617583759133686,1.5531578119098643,1.4677671480296384,1.2619296312561707,1.1420358161351623,0.9098515133967383,0.7267909243828801,0.6060625571256664,0.7304451203235095,1.0307033038370712,1.2702339896853423,1.392813821538448,1.468996323984915,1.4125489491719814,1.3622487759931556,1.258901915107844,1.1343891917975304,0.9584976113049696,0.7905484062320937,0.6429140585991306,0.5093141223479707,0.3870941305934652,0.24074938533892304,0.40055118520861127,0.7037224339215545,0.8264152173697766,0.5632544805286447,0.5571111235007957,0.697077555502492,-0.03522882960677842,0.38292686631036527,0.6552363546145301,0.531788934523947,0.47590178994438065,0.6293958401108594,0.8046927198928115,0.7062907593672679,0.08354087702595892,0.15199820415843007,0.4089249326573987,0.9854379137809413,0.924396521192693,0.8717198832278169,0.7448719068565939,0.6004346192102732,0.4872022620901184,0.34401852090137064,0.2500155166301108,0.19623726612571235,0.14251590694592764,0.07301721040124365,-0.01259499320347357,-0.059096492915124754,-0.060388558965826955,0.15978066939266317,0.7407226649411702,1.0373068190667571,1.0150663134919882,1.0596677681191693,1.0142312016442194,0.8401914554407912,0.6519524906606298,0.4735575148273996,0.1286893022708667,0.2145398840837205,0.11670940830789367,0.04249270423449514,-0.024545037049852336,-0.1419095555760811,-0.18968277547391915,-0.09974355472403085,0.24458532011686757,0.6674531034910756,0.8668162439442151,0.9053100791498391,0.9358346226803944,0.9439117478012959,0.8464177258325867,0.7399017982446288,0.5949782132793209,0.4944748390993674,0.38731320349331977,0.28915702132551524,0.21148064612976003,0.13326643689286088,0.09776608935032349,0.22291375046941214,0.46887215540576677,0.8200818870445769,0.9318268587133196,0.0,0.0,0.0,0.0,0.0
2025-06-01 17:56:59.490,1,0.0,0.0,0.0,0.0,0.0,0.0,0.8034844633972623,0.4282857683672977,0.12695016224121392,-0.09919148662506994,-0.17840341044239127,-0.11158904455675678,0.02616172700751107,0.12444407525952483,0.2558201150690308,0.37832348669316607,0.502566169225815,0.62600671537046,0.6764401500201715,0.6717982324985411,0.7222222494734836,0.7269887362173932,0.6092870864607953,0.3707669134373341,0.1779617317414549,0.15785026593391216,0.2123595382554051,0.249757986920232,0.33373689961709796,0.42051898664580745,0.4825383759502102,0.5703000509388303,0.07079906093400229,0.6396626842319838,0.6518001141569538,0.6641838570535216,0.6479348097122779,0.5839656774705579,0.23938041057190224,0.1403925632473182,0.21397774716080764,0.26012809840187523,0.3266522506633145,0.4851396300797042,0.5055784488164177,0.5157805299784266,0.5558712706445412,0.6155310570147969,0.546139968603548,0.5955764547370336,0.6032561730232728,0.5963575777243331,0.45646204516007705,0.34746268887485987,0.15581427587576885,0.5154013196967793,0.5618363123566569,0.6816781775246867,0.7357320415186872,0.7654177205853387,0.6750923337308583,0.4909206777759389,0.2893078261225652,0.44513038586164744,0.61856137592604,0.7020600005997619,0.6880538848092959,0.7769125378413742,0.5450478869019617,0.18310559402777146,0.9781004134893598,0.6993465646132366,0.7013948619780104,0.6210736095233642,0.5750299602798419,0.5163437909888104,0.529630171662612,0.5192160205068761,0.5467855598790665,0.5986067079437871,0.656838344884825,0.7001861109116647,0.7944975024409476,0.8555615948610877,0.9459831874052194,1.0007122138038724,1.0438567036457551,0.43766589107813253,-0.07419001216776311,0.06453567856349052,0.1914311543978513,0.35900353275581387,0.44887162022012506,0.5268765298230105,0.5889790755799149,0.6137967315078796,0.6901440624526185,0.6416361900964753,0.6255267437708046,0.6088897692659568,0.5549336411207607,0.49404987196384625,0.28397704466556895,0.25434673477625785,0.49243739479896365,0.6652451139864497,0.684185076548778,0.6735892941786241,0.6512594952095496,0.6160612446672689,0.584763563355184,0.5465356587459393,0.4890656705065086,0.4561654621117701,0.3973206438824408,0.2908088478161437,0.14764051869245598,-0.049835391531011464,-0.030391061716557477,0.607579070291865,0.8707927325693954,0.9151809998128309,0.8550307736491254,0.6535044248543407,0.668150329455649,0.4734322970229468,0.3105408677372725,0.0,0.0,0.0,0.0,0.38061078946247695,1.0529830211183913,0.7102336702768817,0.3274953970757435,0.5183722687698211,0.7091959456357785,0.676700609087366,0.6204459382754234,0.5943698848773655,0.6822911383508907,0.7304540267949298,0.800232757484606,0.7893404429931592,0.9101012043043606,0.8820750356294647,0.8745511888593835,0.8978624064698324,0.8931813760625431,0.9008147766240462,0.9472704322973595,0.4980179229586974,0.504059886267609,0.4985952119552819,0.6136226614660294,0.8590802711211374,1.0695501353916645,1.300198403900371,1.3851025906193872,1.411691304511112,0.6453249561109393,1.4552693531364214,1.400160952301209,1.318241347758071,1.1286871908901182,1.022969322060685,0.7725783955753774,0.5755503527052681,0.5590590677237326,0.7210809564201716,1.0056392570670776,1.2204159779777712,1.3186407666030113,1.3681794864086179,1.3068187055104532,1.2528224793484535,1.133670361478016,1.0286264457384453,0.8544779547154139,0.6963601533642897,0.5666686113411303,0.43796315767410454,0.3271874552063103,0.18374344840939372,0.3537703477729013,0.7361262133157273,0.8471436135047253,0.600932412696944,0.5321674338635551,0.6629826531667994,0.17648823329439595,0.4519750092639369,0.623152087185966,0.4223470910886787,0.33587952309408536,0.6988668554581255,0.7535599585146735,0.507671176847053,0.04532566104878466,0.12446804170123066,0.4307782603316745,1.0398462820375334,0.9529251846238012,0.8758382756873438,0.7266259967570623,0.5506908354070643,0.420489800097664,0.24481657189699457,0.17705387431149422,0.11575998778104646,0.0621364588488984,-0.009856152447708655,-0.06582220318896548,-0.11270217508857705,-0.07997010595368331,0.16596321687573873,0.7879485060197959,1.0389386110666108,0.9996636102525729,1.0242563793811725,0.9431378535944719,0.7430823157549589,0.5425085656308573,0.3439278262592975,0.15464351893423348,0.10355016231214909,0.019482076391164282,-0.05143881767031333,-0.1260368493874503,-0.2213349613925748,-0.24422459040416988,-0.12140939028563386,0.2700638468994819,0.7005965489716568,0.8599555938120362,0.8687812649424801,0.875064822690057,0.835620288136043,0.7208741732744368,0.6096508792681063,0.48477436513940675,0.37919305308801077,0.286794623671087,0.20612175914970554,0.1311122902384776,0.07228017309176615,0.06073460866843838,0.21017683640488544,0.4693728679290369,0.7761532317263103,0.836518243801089,0.0,0.0,0.0,0.0,0.0
2025-06-01 17:56:59.492,1,0.0,0.0,0.0,0.0,0.0,0.0,0.7414827667178825,0.38721750325322657,0.05657431370859334,-0.1792866522263007,-0.28963049902647797,-0.22067686211136617,-0.08507354778945131,0.025542765389722555,0.15425025789575686,0.2836716041253272,0.4199607318889806,0.5402091889600742,0.5927578305437582,0.6033492170935116,0.6673777806357204,0.6623608171708031,0.5365502685437044,0.29900276074242743,0.08222972866628975,0.05251358502901793,0.09413772145781563,0.12657741259433064,0.20944262739996966,0.28791022446015835,0.3536600301423096,0.4517619705266642,0.06113940038633042,0.5429162144201828,0.5728430255331802,0.6001665443065032,0.5976657060267798,0.5329986482394837,0.17490700569266587,0.09920102033068195,0.1428941860723124,0.14175208092050084,0.2027948081565778,0.3623525044579108,0.3946532135375651,0.4024072820646145,0.43585877400861706,0.4924337554437992,0.47640497455674535,0.4917951233821237,0.5357449602059979,0.5121363325716306,0.44351224734957717,0.3286002047738585,0.13305160472286937,0.4454760564213345,0.43709342252415484,0.5091394448592048,0.5536144834752943,0.8129404268741696,0.6525030262030687,0.5512139650678667,0.28425996372258966,0.40052200072915245,0.6582462856962671,0.6465204460308569,0.4884046536441978,0.5863824699515978,0.3786693365695918,0.11451247113228127,0.8433163353936206,0.6129451537865793,0.5922491157965961,0.4752559601666091,0.4454476331420645,0.3744778169279135,0.3798242149362119,0.37757940391525624,0.40865323797300546,0.46530630536858997,0.5198913707075747,0.5616506459782682,0.6511849551132934,0.7189935055330823,0.8041122898535289,0.8649513652915467,0.867436327290753,0.3534556601187941,-0.0653765627240982,0.021898727247453564,0.11298042018102694,0.2574554343578166,0.3272101112475254,0.39702507654245567,0.4568878180279565,0.47908455793058713,0.5787275966058045,0.5194144962877267,0.5117889313885019,0.48904685847676166,0.4481459104907287,0.39423326716657364,0.19110046195058536,0.3183565843938616,0.49488966832006576,0.6049974380787901,0.6103275602426079,0.5575636475151649,0.520732605096929,0.4823506892797709,0.4512862088560792,0.41715914930578024,0.35082297515563,0.32693702508071265,0.26507697229483185,0.17568680633207068,0.050539678013870604,-0.11546345388592727,-0.05431782124826892,0.5924147413171104,0.8340697695886995,0.8682916550757065,0.7878361482665164,0.6701346484841528,0.5653442348551285,0.27642570585833454,0.4204014193933945,0.0,0.0,0.0,0.0,0.12761424289514917,0.8572325216367553,0.7610176102439342,0.23426526222690824,0.46383527213781467,0.6795510426913585,0.650329310531421,0.5855071134938618,0.5331400331551583,0.6038445035855677,0.643517841029809,0.6892460771677622,0.6776460381067899,0.7721347874117419,0.7586821581635979,0.7586411256147592,0.7843962879596347,0.7841090818854921,0.7717113043138766,0.7413442435724007,0.41670258677162797,0.490516528810528,0.4898244976159347,0.5822513576095878,0.8015940757012856,0.9724270601898448,1.1712458524476559,1.2345164292015867,1.2496396397996719,0.7448898071801915,1.2902858147147453,1.2420666970451562,1.1627792207714223,0.9960749416941844,0.8999207681317422,0.6317348551841449,0.44023389171087945,0.5262375496367202,0.6950974275379828,0.9658765786380916,1.1444490214341232,1.2192640593345467,1.2584016481704623,1.1928070036869947,1.1369054375636072,1.009683245004842,0.9125440965059664,0.7459124515858672,0.603661803887647,0.4913600818862483,0.3726506942962533,0.27184805050723565,0.12490769452474546,0.3214419339522238,0.7573507731351291,0.8581802356128919,0.6028377226122674,0.4908266598904151,0.6141495165681473,0.21634633768964184,0.2006960416805436,0.6108177919896047,0.36387447098700904,0.3122819916231023,0.4113740194890154,0.5177213265442294,0.33294532669457655,-0.0065829946902871694,0.10215330222116914,0.4692663928299838,1.1768682819050627,0.9990102424710687,0.8856098410262413,0.6981776253569789,0.492273635536407,0.3475159673622845,0.15896429274743928,0.08805907857498818,0.008275123817478969,-0.035327481768905544,-0.08982977840681583,-0.14087962880090465,-0.17614763038916104,-0.11514369622120973,0.184930793063447,0.8632240073151312,1.0930089030483165,1.0076259546163207,1.0095430578882856,0.8762566025336598,0.6522261246522252,0.41895094299791036,0.21802736150039226,0.2677218635404913,-0.019969237646068505,-0.11613007228216077,-0.19957972598770501,-0.2562535364317945,-0.34241912891734266,-0.3541894427397028,-0.17429100990156243,0.3090526012074301,0.792326701052313,0.8956860130547641,0.8575233515569475,0.8344910201525693,0.7449578913503712,0.601336895172027,0.490320863427,0.3461576044992267,0.2413394702959597,0.15207844908027157,0.0770632151260997,0.011952405416862377,-0.03646144813826435,-0.031950912852588,0.14557461654455167,0.4699993309843039,0.7684491556539094,0.8049365644088984,0.0,0.0,0.0,0.0,0.0
2025-06-01 17:56:59.498,1,0.0,0.0,0.0,0.0,0.0,0.0,0.6456868979232018,0.2814496011782892,-0.033081704881672336,-0.19014835943182007,-0.3032428186301207,-0.21167080314078301,-0.09132043860699657,0.016207241749642165,0.12296482839621092,0.24975855222420895,0.38114713131441996,0.48251493419946123,0.5347240534423718,0.5354534049723888,0.5918899400426468,0.5604931990819298,0.4462745700956467,0.27045305691043703,0.11167074327001136,0.07971592251755955,0.1204204274713292,0.13421925293860837,0.20831280384379514,0.26658851429586483,0.3251494457771169,0.3986172083254682,0.34516457097046527,0.46579173948989505,0.4995703648242578,0.5261466331727241,0.5026730806345883,0.3970489739301942,0.11040303910005461,0.1763061107004104,0.20790407690925772,0.22045114339161165,0.24563585263066368,0.3447198909444831,0.3713220635826491,0.3781005143948093,0.39687901909044276,0.4544569798715181,0.4465966040180651,0.47681441633092614,0.45223964288491925,0.43865638254398304,0.39951641260789583,0.2965093912089774,0.2174080276809489,0.49766269310727296,0.4721324592472508,0.508065961127832,0.5241995569892905,0.6002465117503726,0.8840654301083679,0.5253131206721713,0.33310074152802693,0.2517680626529254,0.8644315685483497,0.7055277606759491,0.41794591682334864,0.6275117228681648,0.37481973585751294,0.059354714185957475,0.7816676932429307,0.5881835337914886,0.5664388970728282,0.44652909908665905,0.42324385730000613,0.3606414327541074,0.37588746925282246,0.3698572394918569,0.40713432833068874,0.4461155911160255,0.4962063462888133,0.544189920307153,0.6209356629290245,0.6783275308577696,0.7507703904010914,0.7890733682298628,0.752265240738858,0.248944509966063,-0.010983492874616307,0.12479278970401597,0.21025898223632833,0.3223746181770488,0.3919347976822274,0.44102476724686124,0.4780252536332241,0.49492348619582205,0.504131023873801,0.5058245565004134,0.4823412706671856,0.44971935660668805,0.3997434074599101,0.31400089785645563,0.07666648896226108,0.4292685331743554,0.6365291060915123,0.727371181833977,0.7086300203868208,0.6352639866534846,0.5637188113789213,0.5103382806231234,0.46141383467391117,0.4159179002264757,0.339364931443618,0.29126219653580043,0.22623198812848866,0.13490177885860466,0.009306208873765542,-0.16933139280376486,-0.06247356345928473,0.6368356183156983,0.8549219805221269,0.8967976971955316,0.8067449818554888,0.4786391643136077,0.6885414649107358,0.37171470436600323,0.5827510457094022,0.0,0.0,0.0,0.0,0.16739701345940605,0.7879117952280328,0.7765384467035777,0.17012690076142412,0.44938034360610984,0.6828648609806747,0.6628022665145941,0.6012365520535182,0.5683943698398319,0.6209499872368467,0.6702368421421205,0.7087357514667145,0.6887301217413739,0.7737957440750973,0.7650049979970928,0.7455970285953555,0.7625118607048325,0.7574017049104302,0.7428683650064141,0.6973801036052889,0.39822987066411053,0.4950061391448003,0.500124672574974,0.6011419919944496,0.8248748588294317,0.9883285808157187,1.1778139611602727,1.234719302877384,1.255833576289583,0.7135122951830988,1.2876648858578466,1.251324722489544,1.17073557792272,1.0129540735673257,0.9069697233773237,0.6187736989412554,0.39210195085365196,0.4771369306250244,0.6679122453332548,0.947707026345469,1.1303253221489893,1.2020608749728467,1.2540210977499013,1.1887018142751382,1.1541730488371615,1.0385812764752544,0.9441056717428582,0.7854313703238524,0.6430407993584532,0.5338586995860275,0.41146043094942764,0.2988796741826825,0.13110394389952068,0.2504702412824552,0.6769484856767677,0.8111477707229328,0.5878755864837805,0.3872244514192634,0.4410505820125413,0.4760292095110137,0.3039432398089474,0.4704049675044407,0.28607612018620204,0.45049440032791904,0.42857844203157314,0.5315794398074261,0.5279781892658968,0.06103622818485016,0.1616048306026447,0.5191929446113424,1.14616649745383,0.9863404710233947,0.8916959814856046,0.6727038348338672,0.4515520266815032,0.3124284201795493,0.13392832777609653,0.0751764542583957,0.015832895764196886,-0.015383847165859166,-0.07964976236124954,-0.11334049203890872,-0.1321286689639265,-0.031002007664362785,0.27545396019620844,0.9397381323842973,1.115172906676007,1.0114121488191214,1.0191607636862292,0.8476117851723541,0.6226842030651456,0.3975857205172504,0.19476286691879663,0.6240926926367801,-0.050381990570427915,-0.15375639778619332,-0.23886803465829187,-0.28886857841161373,-0.3508346404462547,-0.3370077235047981,-0.12181279510216225,0.3433375306067427,0.8131773284549564,0.9047141110631021,0.8428872801013935,0.7895790921993102,0.7132904537266858,0.5458150151202401,0.4436284348725288,0.31251919620487834,0.20905326173291572,0.1215543549603546,0.04755060173930947,0.01009812359611384,-0.04170658768193514,-0.018418593403522143,0.1461099682574138,0.45542626623379534,0.7297810205072092,0.7337603844995084,0.0,0.0,0.0,0.0,0.0
2025-06-01 17:56:59.499,1,0.0,0.0,0.0,0.0,0.0,0.0,0.5250467019957005,0.1974576626889328,-0.0962085887943494,-0.20918538705617434,-0.32447002373469624,-0.2548530446202043,-0.13822998444315926,-0.04318859978246126,0.05455773489831306,0.17803706803386943,0.3049274629223712,0.3986260794936787,0.44762290975890867,0.4492148394743576,0.5038113792606865,0.4673795210286865,0.37934578001331865,0.2292120995212072,0.07937377325428352,0.025958302839943492,0.03957093279185231,0.024918948979005595,0.10253412110161686,0.15331951817573541,0.20772015188123283,0.29012883566982794,0.37663527942601316,0.3531007390521317,0.39247394911504424,0.4315212857611853,0.4185228023100525,0.29500763219256687,0.04837275534620744,0.1760592405126123,0.16567940960363725,0.1412087789537646,0.14778800247414936,0.24326618501121566,0.26938062988630374,0.25011609015469105,0.2835448214039753,0.3201561184432684,0.3366048032950053,0.38580451444558284,0.3939986087995062,0.36926487410311654,0.35850589395743215,0.2521164138396489,0.21072760089789266,0.4386425394310568,0.38148965789864275,0.3701433893263735,0.35290647114210794,0.502306752101823,0.8722100461408402,0.36777351307437095,0.2717599531586677,0.2246141516292983,0.8074119014844174,0.6159097716809718,0.36332205530453837,0.7265741835286081,0.40286409756455765,0.1293844467376333,0.6728422901332449,0.4944811651751676,0.4156869565456278,0.2692768834236754,0.265034428219052,0.20897896072108368,0.23325987372806511,0.24082456069341318,0.2663887358329571,0.3181728094810168,0.37739651261805607,0.43459122370943026,0.5104910127291448,0.5750620107796913,0.649768733288903,0.7014916953948623,0.6353567395600497,0.1558052719855224,-0.06090933501410023,0.0499827601016658,0.11724143074599214,0.20757165435819358,0.2698781939554642,0.3172785940794378,0.3471235193721105,0.37213860886633277,0.29097316259143907,0.38693342934396924,0.37452453786239304,0.3498752829086401,0.31492270434392045,0.2412894254106009,0.02709220552756081,0.4437451725839032,0.5857526399831013,0.6030147910584072,0.5678229336182226,0.48212108238501084,0.40245340233518534,0.34902698364543383,0.3030007121251601,0.2557334657089352,0.1849186393845803,0.14869765532265866,0.10050055050725892,0.023962094085999697,-0.07602572543657793,-0.20826135194329642,-0.07544730512756909,0.5876080007766165,0.7861114827584794,0.7934281311169711,0.6923880838753005,0.6339821942236006,0.7885450124847602,0.5649671862774936,0.6873011194846831,0.0,0.0,0.0,0.0,0.10286352202793408,0.6122686605362391,0.7338071120018193,0.0955830504684364,0.36927450037105297,0.6182674453294293,0.5780134215595012,0.4998702556856528,0.4380634259809144,0.4679173130955603,0.49436728987060174,0.5338094253927093,0.5248607924293536,0.6098229714587395,0.632279024004262,0.6278977953137248,0.6599373291893462,0.6751157808589943,0.6594939819146401,0.5793589995991355,0.3338056774474598,0.43144813020969597,0.42111359901637835,0.4908011555249643,0.6619910744092945,0.8101415335471351,0.9598280697673003,1.0059357546113235,1.0501845017482438,0.5273022809875829,1.100442278148404,1.0995828044661708,1.0314292572241779,0.9189868548725458,0.8342635993651357,0.5503767581462581,0.32200421584831673,0.4026448877805089,0.565292863311366,0.8021066715830467,0.9427616219670361,1.0147670444547285,1.0515628953486593,0.9973086677380667,0.9726576891982859,0.8762818284026541,0.806849038887294,0.6782320458254641,0.5708316729608408,0.4752354432448223,0.37932656815424426,0.2775756481754116,0.13111009513522004,0.23048855378795427,0.6037839717111086,0.7124734413739634,0.4216517407138102,0.39191509248343726,0.31715095148906636,0.500477566234131,0.292781340284299,0.5235163214295113,0.2616147505804276,0.3628405705524593,0.41815011915871325,0.6213260211181613,0.6120321715465015,0.046219982140077,0.1642244695775013,0.4809798284877576,1.0790364397437553,0.8894724500693874,0.7509320479561384,0.5386515855823348,0.304190478883553,0.16197996663796133,0.01697254558764527,-0.037041734678540994,-0.07619993243855805,-0.11226610632628731,-0.13201693490283728,-0.15419932582507023,-0.13915175678331715,-0.041583801091955586,0.24256415444545004,0.8704133490438535,1.0477827010521887,0.9141277049289658,0.8596106242545657,0.6587531598838032,0.42670567513441293,0.21606345639505165,0.026389631495476573,0.5960261156858796,-0.17811543941208186,-0.26151608372683444,-0.3360053458378023,-0.36673678464242265,-0.3985076293524682,-0.3677403525308212,-0.1358075033222415,0.2952619922497523,0.7182835194320707,0.8001876598397313,0.7282852551119933,0.6315574035855509,0.5012250393071054,0.3652253118241833,0.2725815447480928,0.15796663927307764,0.08504480482802967,0.013474603390111639,-0.03659641600304031,-0.05072699485908394,-0.10734559911601915,-0.054293138593980106,0.10914286827638092,0.3780045357219953,0.5718849415754462,0.5681635268581857,0.0,0.0,0.0,0.0,0.0
2025-06-01 17:56:59.503,1,0.0,0.0,0.0,0.0,0.0,0.0,0.332464050256314,0.1034353130187475,-0.07773143700409307,-0.13009327633293494,-0.20305003169357305,-0.17396963536806465,-0.08693358697276932,-0.038389694926018625,0.045030904548485795,0.15160343039321422,0.2515458857878993,0.3203405734825445,0.36156097449528307,0.3568868278801054,0.385295368243568,0.31914580337606735,0.284512155181723,0.2378845247470468,0.14878239562659656,0.10197557508130106,0.07923933039852438,0.054315786676033095,0.09341565556836162,0.14509684567184067,0.18253619642869467,0.24035128962297425,0.41017606829343767,0.290238248124985,0.30869095551526554,0.3331170813074379,0.3105629193477186,0.12858007763576912,0.017239613110602958,0.2746134958381128,0.2538630399181906,0.2713829499309939,0.2408578334955811,0.2586648321084988,0.30625086051271944,0.2717041236537019,0.2834293834927133,0.29036968870050206,0.32714592421738176,0.3170749997608078,0.345910453865094,0.2999586895343323,0.287728136661938,0.13334162298037666,0.34178305287464406,0.5397472961141647,0.4974690688783473,0.48049971522203005,0.428987604999,0.5929898635906103,0.8512843321739618,0.34038576717957464,0.5297526578876528,0.43517252200851675,1.1348436742401182,0.6112680062412135,0.32113490609345124,0.5363144565850266,0.4771258336486518,0.30254363358246594,0.6811102272933305,0.5126186421247156,0.4540701006872949,0.3207634706701581,0.29204803939796276,0.24919923946700262,0.2591799466342992,0.276325332336699,0.29122041701872603,0.3275599780815597,0.4042171674287647,0.4519212205184071,0.5165504280521168,0.5626508034323783,0.6313246852374845,0.6835206787380936,0.5629264502083107,0.09799768706295658,0.01484284202163677,0.1337050354467657,0.19438857046236002,0.28361834038460154,0.3375672712830311,0.3729794000108937,0.39870121022767613,0.4141812991999183,0.5198654778434162,0.4163735957340928,0.392857422848396,0.3561047243713874,0.31795200979315597,0.22141007753568048,-0.004881273776096068,0.5162977311163324,0.672246179864303,0.701648974492977,0.6439549777524289,0.5425542379302815,0.44787743996621,0.3997851322255537,0.3337222869865144,0.28363445569746437,0.20750894161402367,0.1517029683620741,0.11826093677332117,0.03803043168737519,-0.06780736115997799,-0.20930809997337368,-0.08571333747667687,0.5803426419993525,0.7858261047474551,0.7899453491323265,0.6976186500866035,0.4282974159018908,0.7129705426194202,0.5011929831178465,0.7975212528592748,0.0,0.0,0.0,0.0,0.24352292200082948,0.4526353358968936,0.7679426661212484,0.0359082990628688,0.32558423994051994,0.6029163783205665,0.5625926160476942,0.4851263577209858,0.4389825777888381,0.47202227587977297,0.5075505776489169,0.547923934098594,0.5306527546280084,0.6397725894854562,0.6608144727643239,0.6410884109129353,0.665154590336164,0.6809546766043311,0.6668290213392654,0.5422788013260851,0.2702918413058374,0.403137242873695,0.39234810517748975,0.46520577759120263,0.6521285711160345,0.8003590460161063,0.9442401576689825,0.9994255139008297,1.0489976000120806,0.46900301442328846,1.1136107680698855,1.0949859791408505,1.040699729406493,0.9321718742828443,0.834355058005115,0.5265801633589461,0.24663146774265277,0.3278112655665203,0.5147260947709912,0.7365166528237381,0.9036706097949709,0.977512090642281,1.0270128528104285,0.9873806514637586,0.9639841280528407,0.8875684963364763,0.8145639384178658,0.6929705494231108,0.5926803573835507,0.504463556063691,0.4053149825119413,0.2985632237905025,0.14174403018239792,0.19354944014132427,0.5596619339283527,0.672888051549091,0.3485743342184904,0.3824567718472198,0.3535435779897905,0.7555350694904927,0.4842567192825253,0.5588880557231419,0.3110641426444097,0.417628801829338,0.3996993230478276,0.743781467839113,0.5100759563229517,0.060439639954274926,0.18158317792023948,0.4936854302366422,1.0147803777015083,0.8755912427203947,0.7116044009185304,0.49533579463346755,0.3320978978057467,0.16739206699595566,0.04432253680720932,-0.04780498810314082,-0.07700263916994521,-0.13012210690943116,-0.12572938725017146,-0.14018828079024814,-0.12716741412632637,-0.06695661000496078,0.19252981438077948,0.8220125237144398,1.0462933593406585,0.9028452025398728,0.8730568143180578,0.671905704746927,0.43967223664141075,0.24147213950169877,0.06295584855461023,0.7443218509423325,-0.15094410545672177,-0.2379104114672873,-0.30876096896656413,-0.3409468441358513,-0.3630418705586937,-0.3714233571037393,-0.19697954733320688,0.23130817352983862,0.6403968587165136,0.7504117061970119,0.6860869256966361,0.6137188336285275,0.48278318868850234,0.3543270293664309,0.2646103533280577,0.183979629347079,0.13521522312499368,0.06512752478249495,0.013846697318308232,-0.0071504045844228425,-0.06193420804393557,-0.03342696240137877,0.05813162807547806,0.24142735278564298,0.38961994642018394,0.48102561404486655,0.0,0.0,0.0,0.0,0.0
2025-06-01 17:56:59.510,1,0.0,0.0,0.0,0.0,0.0,0.0,0.3863745886814184,0.12389501876582795,-0.10199901853141274,-0.12916406234047495,-0.17753796306737168,-0.14751729468020514,-0.045718180308304435,0.008214993517161595,0.09716986681519069,0.21241045879373965,0.3062196789613337,0.375905393825406,0.4193265425806701,0.4261018857575971,0.4498050361270043,0.4014079011202656,0.31934592125282946,0.2562397227845811,0.1462843841416961,0.11583616703266963,0.09198150713923292,0.08720480182578316,0.13432967642755944,0.19924018984110048,0.2568186372936112,0.3033731744531103,0.4758363791111192,0.35663884888453556,0.3796600669251688,0.39789100003102196,0.3714044291175095,0.2155897341692311,0.02713484985787279,0.2807725211810528,0.2881257244941188,0.3363279304587845,0.3296476380148263,0.34032464053414935,0.37934728375588667,0.3871922619774104,0.37969143282188056,0.3910479089980399,0.3917849744862909,0.4259490924471604,0.4080792085395233,0.37430514538816767,0.3313605260839618,0.14807385103336765,0.35737568290711763,0.5806679052340247,0.5642561583833227,0.5952287554133555,0.5771867785206586,0.4576893470718107,0.9057429527663712,0.2143355832871131,0.5393897554932898,0.4861994111314967,1.081466968675215,0.5489768494728363,0.35788059653521415,0.47635147961789626,0.3609877009471123,0.4193867511852615,0.7179677817950922,0.5329868726837949,0.4940427998868677,0.38859779619861046,0.37618319065603667,0.3567517965992115,0.37955812384905796,0.41722030602734317,0.425466540547071,0.4716380192115768,0.5468755397171012,0.5934035622984539,0.6476837865268151,0.6885597464919953,0.7396085077250549,0.7878174346143495,0.6560974072881521,0.04939409524193397,0.07476912933067636,0.2290911484328877,0.3245143765020111,0.4414931963621693,0.5117577883350215,0.5408058394988893,0.5591810063471594,0.5783517756080363,0.7428802229816156,0.5616331207001444,0.5187318995152387,0.4678696513064341,0.4169213723789922,0.2949923090854752,0.0456783840555223,0.5518075779078885,0.7835747303660342,0.8747409623811984,0.8470467935913575,0.7413175161224179,0.6426218111564961,0.5810296129545982,0.5023722219887636,0.44583744361137323,0.3568616179793407,0.28852492396643736,0.24263838018795325,0.14515955554092885,0.00906984868769456,-0.16529892044537497,-0.1076221298048263,0.6104170923404855,0.8455555082123467,0.8759664029991425,0.7963748776099353,0.7750163715504044,0.5444859360777756,0.7315297698242826,0.839746260628496,0.0,0.0,0.0,0.0,0.36882713259542754,0.5291296621428532,0.8336989712050061,0.03821588246483193,0.3720596585764026,0.6551233286566421,0.6307599304320421,0.5872007300847949,0.5783674927307898,0.6399351099299093,0.7028432077009872,0.7395971021169316,0.7199137125975557,0.8373675035411248,0.817427579932593,0.7749235379651414,0.7649307381031065,0.7543123885282907,0.7265832624254993,0.5835983635463509,0.2841548682655751,0.4492138609475812,0.48011409867201693,0.5998459888084169,0.8198873486073628,1.0008247248502213,1.1757818079179558,1.230339944779297,1.259228750562867,0.5843981610746689,1.2878591437499778,1.239375541275881,1.1545005531699153,1.0115860001633674,0.8734422610107115,0.5373409695664223,0.23126837651149362,0.41049740493723863,0.6344685204428347,0.9143309519729523,1.1210002866099265,1.1908715717243135,1.2552723503898546,1.1885788127299255,1.1635897865829907,1.0544187953236452,0.953075101836649,0.8006130441842662,0.6810476957285861,0.5580550534566373,0.43745952735638716,0.3160232326091768,0.1277825389134494,0.24657870177488359,0.6768375192257741,0.8068075733370436,0.4144142713725275,0.32519618852242904,0.21806762701836813,0.6507682026445434,0.5334392337981833,0.598838360132559,0.41956272473949957,0.5470544944664735,0.6102434349523974,0.6334057800202857,0.5794652230975316,0.07340376846431307,0.20218181068973373,0.5496692965489629,1.190549125479428,1.0225484220905903,0.8813967586757255,0.6428714805935838,0.4875755327702205,0.3132226894672181,0.17209573815160772,0.04576434482884584,-0.00013270545091903507,-0.07674528530250702,-0.09178287341623936,-0.1416218658253997,-0.12300644228721824,-0.054024558205290285,0.244989103556761,0.950239849732005,1.1865634851985063,1.0495437071737923,1.0526193366405097,0.8794567649909826,0.6393705311576325,0.3986977492930779,0.1998909462797518,0.8088687289674411,-0.07204780867824612,-0.19023049971737693,-0.2925682786696958,-0.33705983259725736,-0.3946714762458849,-0.43542732835736553,-0.1976800186202936,0.2966161682132103,0.7449990223788188,0.8725733746290318,0.8100956991487523,0.7407789740531145,0.6345968567184164,0.507406648139102,0.3894348896855382,0.28420464131635415,0.22895680599667267,0.13051011182905303,0.06914999418969492,0.0195900548951059,-0.06034960141056611,-0.06651659587329006,0.005308037960313372,0.20475803075502141,0.4206222910277836,0.5373270244478359,0.0,0.0,0.0,0.0,0.0
2025-06-01 17:56:59.513,1,0.0,0.0,0.0,0.0,0.0,0.0,0.39695507061603597,0.13410329758681686,-0.06596508981434374,-0.07697359714914231,-0.1050567374369833,-0.07526272708219683,0.025048198581540837,0.0752008370651085,0.16223603013317667,0.2661643872246794,0.3640478656703184,0.4248333462768682,0.45187046259238756,0.46952566170895127,0.4863790027768057,0.4230958663153558,0.35191283551476765,0.26746064815647697,0.19058191167435168,0.16057467186877783,0.16782671154328632,0.16152302525291873,0.20580594787077366,0.2781342272570688,0.3428877371742203,0.3767305073875662,0.48330592826117447,0.4239429930344387,0.43665048802302914,0.4513902340382481,0.4124510333176636,0.24597653130625197,0.06347440558872658,0.3033173699235119,0.37218725097439276,0.439672800665015,0.42990448133044157,0.44972422561769676,0.5084256982451094,0.5050468648070376,0.4986477354632868,0.5389930200610202,0.47163341020010785,0.5154602243040632,0.49233345295269093,0.42903634286982256,0.3843817186596563,0.17210872813832656,0.4065540035854336,0.6524030977644574,0.6747822063024892,0.7686222080160001,0.762241151014901,0.48851112065460994,0.9229976811457521,0.3023293934515869,0.7058797714513043,0.6319878530708203,1.0744363061528044,0.6796854604374197,0.40288475123747974,0.6760280425753926,0.3906614216701215,0.398118324386038,0.762379501030009,0.5634153649131851,0.5606748233860928,0.4911638122545976,0.49394898155151457,0.5021312889166669,0.5442647898015454,0.582635759772651,0.593445431793332,0.6332902107606329,0.704384811155411,0.7401691907146222,0.7830304792782564,0.8058968884517397,0.8372224814879867,0.8743781949481976,0.7160734144616995,0.007986737333283978,0.1648774787176085,0.3644981093584818,0.49136703171862584,0.6232182994794606,0.7056331719458124,0.7329663299835643,0.7358414463661034,0.7447233464376406,0.6688516818841455,0.6935795533379387,0.6444972859506318,0.5660449828051034,0.5017856193506237,0.34748120512528374,0.07115229536934961,0.6139733493365416,0.9191458266582021,1.0637781165843676,1.0561336962688463,0.952867154750259,0.8456143960932778,0.771766211647078,0.6657570054050495,0.6067932980875657,0.5047506189933562,0.4280372083456845,0.36089388423197977,0.24819883191817005,0.0849523696663882,-0.12919392061383705,-0.12533911553304222,0.6546003091732798,0.9067278707315303,0.9640271227531179,0.9008369557177913,0.9931652821707673,0.5717342288438119,0.7093477715691703,0.8723172332939533,0.0,0.0,0.0,0.0,0.39613145147878326,0.6001930515439424,0.8267238832688931,0.008597767821380942,0.3974963543353514,0.7018459131251847,0.693142043964293,0.6752543563661778,0.7024295347875176,0.7879489439698049,0.863549342660924,0.9020768762557303,0.8743226880851758,1.003423723027188,0.9364223348506959,0.8744812692517052,0.8490696310296071,0.8086290379169248,0.7788442716511628,0.6203447371114885,0.2858009425281018,0.4916811053941219,0.5537216211433502,0.7123847915181036,0.9645339645900035,1.1728640795233738,1.3693772694614328,1.4291080100277112,1.4419303369231715,0.5968144248697476,1.4310412798900698,1.3795909437321727,1.2589457998628535,1.0935679389438353,0.9208482966927954,0.5654807644386356,0.22434077850441891,0.46116828975632673,0.7198519580039343,1.0441661965083349,1.2841840174184598,1.3636623624554518,1.4480298778837382,1.3613083110845599,1.3438907139699654,1.2046500116503376,1.091542514645175,0.9169395661723431,0.776738537924159,0.6274797831667907,0.4908942115743512,0.3525097293594165,0.1510343057274776,0.2759937654321048,0.7309009384392468,0.8886636535520919,0.3521161167537167,0.31501157810519376,0.09099338879106417,0.7333508577350566,0.6133800925398047,0.7710717670679036,0.5882656634629138,0.5822179918509838,0.8900134257161384,0.6284058343642949,0.6929543127818081,0.12099535809841783,0.2478939815587915,0.6356344712398974,1.3185695149322905,1.1534427496823094,1.0028265070456648,0.7634075009812629,0.5947453989729472,0.39993424039840253,0.27906430890975575,0.09894612741486797,0.06467518812682416,-0.017266252029624507,-0.047693708116120614,-0.1096669692691804,-0.07057564692700102,0.0166272854762034,0.3437499298457734,1.0916792182404562,1.3023831973860722,1.170813900019679,1.1940331672395534,1.0242859941116282,0.7746632328314345,0.5075998612394537,0.290858319068358,0.784628991479107,-0.04227388350921579,-0.1765928149511311,-0.2893125795504614,-0.35072783599910407,-0.41786571348473894,-0.4422235616714335,-0.1655545004319891,0.3740105513068545,0.8433648831134877,0.9577328278949393,0.884135782711985,0.8125420895787709,0.7358006047336763,0.5836579386110698,0.452762871150183,0.33648307071871586,0.26920671277251107,0.15948930952533136,0.0823483664857374,0.022911176436913427,-0.067548929413913,-0.07818252487404076,-0.0011047299981564174,0.19500136632704013,0.44773584868338656,0.5811003985953713,0.0,0.0,0.0,0.0,0.0
2025-06-01 17:56:59.516,1,0.0,0.0,0.0,0.0,0.0,0.0,0.3770294866106523,0.13997229966949107,-0.06326478178175882,-0.09784333333974937,-0.12134689435756041,-0.13009458187137968,-0.02922342150393309,0.01840179616071491,0.10944540904423572,0.21127265809095108,0.30315411403493436,0.38105024867102844,0.39872982359686987,0.4326087848733682,0.45448468975981204,0.4061828586227533,0.33869524272622853,0.22356337935725207,0.11749050473765255,0.05157563601774018,0.034790736120979604,0.0371732704186607,0.08476200802954104,0.15599567921089186,0.23037062407032183,0.278004095052075,0.19793141435023032,0.35734477740347437,0.3818920301587793,0.40896115486634366,0.3925411847865746,0.2558070275203899,0.03474660631470766,0.21773581234689737,0.2529649699415293,0.3029772994277464,0.27185304467877813,0.3386636136451817,0.3947041851439539,0.41706387723901406,0.40990340007991977,0.4595673357429686,0.38934043127124585,0.4632291165789938,0.4357195743317318,0.39708637113943085,0.34847960446992543,0.11688493873977282,0.33227725024892063,0.5824087518788371,0.597513565008626,0.650151123429417,0.6388136239930522,0.5001334448585426,0.6176834692385234,0.20383080285375965,0.6423401893334397,0.6446218874589172,0.8016208578876822,0.4780418874042487,0.42958967461527214,0.6997769926569326,0.39066142167012163,0.4273702867276059,0.6318775489437698,0.48760483264497745,0.4591475722281191,0.3662091120384954,0.37386543227606706,0.3798740219545733,0.43239218078552133,0.4630864145817959,0.4726227054470311,0.5207625709717407,0.601017637306172,0.6446930095667127,0.6830721240898653,0.7190079195582804,0.7482338357754632,0.8020237949902206,0.6436854561195502,-0.047741741189712,0.08113833923124802,0.24992441298140333,0.3607737953475274,0.47478285075529736,0.5604115286575886,0.5822567071278555,0.5972959335692036,0.6084400291084455,0.6355890855146806,0.5818162128519193,0.5491740267355895,0.48638062386149994,0.45184474070381986,0.31921526048121823,0.09305703891310516,0.5459733193274506,0.7735932355309111,0.883537626071262,0.8616460070679246,0.7543002867822846,0.6617959036194054,0.5970912218155333,0.49902720035004045,0.4632091605209354,0.37157934457378783,0.32110397635689036,0.26568606580395837,0.17739307502156842,0.03454607270043375,-0.1405841254570796,-0.17313262937117158,0.552117704123194,0.8195333230809139,0.8486742948470019,0.7866570571283649,0.9763168339368593,0.39653204828072736,0.6225577773668085,0.7719843382993814,0.0,0.0,0.0,0.0,0.5088811293863178,0.4872990628429312,0.60622579720541,-0.05316714100394937,0.3009807258977896,0.6386155199737882,0.6087779589286262,0.5751544401309744,0.5612741861061199,0.6325405997579636,0.6938756724958219,0.7227434645635693,0.6970453705334951,0.8325766566266268,0.7969091729375064,0.7676760184256384,0.7625344095704427,0.7413991443266397,0.7196044281248812,0.5384628046880402,0.2283116771892626,0.4220440874933741,0.44830229501838414,0.5696055150563968,0.7888802840254463,0.9745628674564082,1.1324688371874623,1.1901405107013086,1.208841296203002,0.4743219655481609,1.2464028252917743,1.2146233598222924,1.1207779370762725,1.0032466463191638,0.8530717264506632,0.5228280331187691,0.1780380297086976,0.35253147117993366,0.580308551177897,0.8551865366530411,1.0746769053311986,1.1462307757377876,1.2152271970100537,1.1435509585575543,1.1468250032838792,1.0172510707696687,0.9385538491641294,0.7876185205484635,0.6822973200639318,0.5546350446259698,0.4437530874186254,0.33688426101831265,0.16317102075349346,0.2531524093150346,0.6460384674410007,0.7730493966292743,0.24823096422185417,0.19360338501242616,0.18616418440867777,0.4536412732123458,0.4127729514416461,0.7294309278932004,0.7119104704489247,0.48408645781261134,0.8064518522784885,0.46159948809803875,0.34728960301696465,0.08967631031377432,0.24048954454490495,0.6170096351935629,1.2655928736031987,1.0618276975086083,0.8698137498131572,0.6501975702533849,0.49337472534233284,0.3003044463623401,0.17279635198451193,0.016378884713286412,-0.020815016705566958,-0.11528375057951612,-0.10438693629785378,-0.14645731942717588,-0.11475821131570396,-0.008750019696412425,0.29266034969452764,0.9792501124787334,1.2275275300874116,1.1019436962430031,1.0726599649838326,0.9052522164464418,0.6376816954802522,0.37838012075186644,0.17769558019023757,0.5050102151508825,-0.1305518455037049,-0.23815250988341397,-0.34542663877467716,-0.3996452856502146,-0.4572485294785256,-0.48072251617898487,-0.20272299213583922,0.3188337345684464,0.731398315398897,0.8579183358095366,0.8018365624883296,0.7130986254486691,0.5734207065790109,0.4299125444353298,0.3286411256343098,0.21688341805887013,0.18154031481945498,0.07427543916620305,0.01754215631144951,-0.035140784889794,-0.11576435247173023,-0.11766553495866056,-0.07254525551683078,0.08835643825905565,0.30637898084673787,0.44845247672223953,0.0,0.0,0.0,0.0,0.0
2025-06-01 17:56:59.520,1,0.0,0.0,0.0,0.0,0.0,0.0,0.45075474556924755,0.1710283645417753,-0.061807119039134994,-0.12898356030421965,-0.1447363228972307,-0.13898208977859183,-0.026605262438660016,0.02037782258174814,0.12295027470843234,0.23133246201689373,0.3335572638688901,0.4074419126277463,0.4395457364116722,0.4733478214993464,0.5011154808851813,0.4683899297926982,0.36291425460842086,0.20312552271012152,0.07617932663391735,0.013129294354906174,0.0267972551896003,0.05706130760884043,0.09310059306433716,0.17781025168175324,0.2656727440023128,0.30586166765367384,0.34465421455655076,0.3944223047520362,0.431104996316891,0.4546604748557491,0.44839529855932675,0.3240008241056638,0.05180624945781109,0.15861254743780817,0.22025505727038996,0.28393296708928584,0.24278259381615808,0.353827465498032,0.43336667949830243,0.4805638111731203,0.46275641736839823,0.5225423810299143,0.484000821926424,0.5246817268260043,0.4967219275382182,0.48997953757693563,0.3954922355184035,0.19845831758553484,0.35689878973101946,0.5848341082005409,0.6260066900869755,0.6955939828635673,0.7133876868114379,0.46863391483112443,0.6103820809604,0.26384066109017995,0.7225285259161643,0.7455940109431989,0.9404749181644998,0.5986373047153047,0.3073204329414241,0.5559317546376317,0.36697955289356,0.4977053083518205,0.7840721810060147,0.5046140725870395,0.47387014252352744,0.38423360783674365,0.43147595820579054,0.4507517198942783,0.5272533507000425,0.5729570237658421,0.604518555270882,0.6456566201895997,0.7280683228932419,0.7740000081132141,0.8073988942777525,0.8465014217333988,0.8756977949759106,0.9242732076136236,0.7769304448630869,-0.008576739817248269,0.0535129429295681,0.2879167021215894,0.4404765365411909,0.5800209581410438,0.6980333592135284,0.7134256694618695,0.7220803948157237,0.7356463623291523,0.5970177286949325,0.6967312672191599,0.6530306894231473,0.5747256047049206,0.5327034280830024,0.3773734523634032,0.11796417961536862,0.5572772430064304,0.83974690383688,1.0011487334344635,1.0111146612478545,0.9056143419650426,0.8057885863256253,0.7361298492250952,0.629816730839353,0.5917128664727234,0.48894890510917444,0.4214158742785963,0.3534033374098684,0.2556959530785874,0.08967285128326707,-0.10700928187624459,-0.1518576615264193,0.6107524245671216,0.8759922599751029,0.9296759019442224,0.8673072982410437,0.993443713566798,0.7125710849151161,0.5133120239477893,0.8655182980426197,0.0,0.0,0.0,0.0,0.4771635375508555,0.5653808596652856,0.6276253866047633,0.0360579863475482,0.36502441396908486,0.6852602573589072,0.663641527872795,0.6439686654906384,0.645779253449785,0.7362209981274288,0.8148233437106569,0.8462668308031733,0.8201531172760275,0.9687205489256052,0.9219799469210392,0.8809716163808861,0.8626737805575191,0.8216026949380533,0.8129673991788289,0.6796157346168128,0.28330276297866236,0.45751648975774506,0.5043675257756597,0.6442345591060887,0.8978904650956869,1.1167983713161007,1.296806732930054,1.3634249648722838,1.37551332478999,0.5834234336854875,1.399545487759422,1.344210817617915,1.2246475459685289,1.0935154400750888,0.9116494195884823,0.6002191090473299,0.23964901115163784,0.3934071516282369,0.6469062392698933,0.9524228756979813,1.207189606111065,1.2879448535566886,1.3722543068573776,1.2935273204296556,1.3105216574484353,1.1582667626691077,1.0690913082825575,0.8946808812771393,0.7679933766035526,0.6277485990047675,0.5029320454694615,0.37823432025463,0.18728435262940743,0.24866554656211745,0.6761848716205479,0.8232771170896976,0.3733641602409815,0.22765211633354662,0.39585998964389146,0.4645691748268641,0.4220420117975077,0.6789247660699467,0.8736387741414506,0.6834634866476426,0.8523375092997588,0.376467839038649,0.31465494289303486,0.15356284769097156,0.29435922584508384,0.6935909402755858,1.355378896724723,1.1578011173896734,0.9720216037389665,0.7692500047559128,0.6016702365040256,0.40920502232258626,0.24140269109375279,0.09529524328606631,0.03585528502019231,-0.0686818471304218,-0.06336536534291481,-0.09238257634845404,-0.052372706592282214,0.07145775469793447,0.4581986278459454,1.1618936261343833,1.373593973008479,1.237873141101599,1.2475900659168206,1.0801284617814357,0.8029233823928741,0.4999630892413556,0.2661771855934423,0.6944300311942784,-0.10324902326760177,-0.22929224389168867,-0.3528241852325882,-0.3949096622134032,-0.4751650474910608,-0.4296530876549539,-0.07117502876278936,0.4856691979200857,0.9640445109402995,1.024673476063953,0.9382214297257782,0.8657874875592912,0.7245380289271184,0.537471030350136,0.4081733535593455,0.2643294001911092,0.20676694671075246,0.07571180034721814,-0.002081795308803369,-0.07434700508523018,-0.1579775507862271,-0.13028078354182465,-0.01518784275567675,0.22335088355337618,0.5485523062418253,0.6410528115271701,0.0,0.0,0.0,0.0,0.0
2025-06-01 17:56:59.522,1,0.0,0.0,0.0,0.0,0.0,0.0,0.5612273329884585,0.19324761195857756,-0.15889585147865276,-0.26051140709091153,-0.27347561541386745,-0.24724289128880395,-0.1142390815795169,-0.03246150675031578,0.0908294443232327,0.21689127104079342,0.329344970471483,0.4170629407076075,0.46866580397030905,0.5092654815728803,0.5566975558772661,0.5423671101889621,0.39456922466230576,0.13238999408482327,-0.061490883924267936,-0.14761179684284254,-0.10626058631128621,-0.052133163550535544,-0.002017889473561185,0.09179867025117283,0.2017665351854243,0.25989307302804376,0.41696362103977425,0.37769664625094934,0.4381974437273864,0.47905865208659437,0.49909925942168226,0.4447186726204333,0.05186489493095697,0.015083277413251661,0.0367664612682157,0.09879142576764033,0.06316285994141202,0.232750247671224,0.3197984557466109,0.3717549636526041,0.3653216617042403,0.48426956139281585,0.4676798528330224,0.5207095361222612,0.518775552678795,0.5403300735834184,0.45107562510831434,0.30411235632643296,0.278577938411634,0.4341327036183309,0.4731677621752216,0.5443068217780811,0.5831083242945139,0.475336579404896,0.4057093542789786,0.2835678929183498,0.6080890181856029,0.6423388350013904,0.7114725970193304,0.5807413824066504,0.42449975032675463,0.5061878460242649,0.32851288014666613,0.4398549178360387,0.8237834371741852,0.44039991394213573,0.3307578516723195,0.2329795546384117,0.30490704248536105,0.3498185017637514,0.45515066710938834,0.5123240136562894,0.5628902937365396,0.6241409115979122,0.720186465441536,0.7825510986767572,0.8285185205906395,0.882415057470237,0.9158771272936188,0.9812913209090991,0.873340332589707,0.006504056319779877,-0.09708101214592035,0.16833762210854308,0.3461558289235638,0.4981484918255237,0.6383536014486602,0.6652909794675526,0.6843165291373032,0.7060727173276138,0.5563616494787349,0.6808200377232367,0.6514306381874954,0.5796647636431339,0.5472248895269171,0.4058605420689492,0.15414268788083144,0.4903894206695637,0.7574943479393758,0.9090208327274509,0.9388476664328216,0.8502560095962559,0.7597841278799493,0.680767093241907,0.5921016523650375,0.5524381493670567,0.45690488508853644,0.39926866501602465,0.32271666182124314,0.2332324662726848,0.07522326440645954,-0.11008196286053429,-0.1546954045508888,0.6002684063318293,0.860356335705547,0.9073627416845402,0.831656304171368,1.1592168853452076,0.6896379556580734,0.9474504206847936,0.8956291503376927,0.0,0.0,0.0,0.0,0.39785111179365595,0.6844876311473276,0.4551402981978694,0.1026291681010072,0.4000792978988585,0.6790002378752695,0.6534466085675703,0.617914250982221,0.5900330547413406,0.6677940926203865,0.7466595883761031,0.7737419203360307,0.7749610562843685,0.9219230209445648,0.8983188561368509,0.8728909803049221,0.8809418219699068,0.8441686512926536,0.8534929272744627,0.7849356957891234,0.3167059745426209,0.42939880117665397,0.4514492164307924,0.5901746021357841,0.8205052690457537,1.0405824176112635,1.2208875530983172,1.2912996238039665,1.3091180469008419,0.7153564799987349,1.3493206914559677,1.3324756308903,1.2118563022828293,1.0952722950493534,0.9375096783406552,0.6453428742474729,0.27873014288822134,0.3610234315947296,0.5920939711936603,0.8952672608363159,1.1435660241952266,1.2174104034451674,1.3102235129527378,1.227661448531429,1.2570470308589328,1.1159703099161384,1.049691008935536,0.8816016076917069,0.7595731380664822,0.6235922186562841,0.5086393522288152,0.3981250541569066,0.1975071518094412,0.20158300858415734,0.6184866479664077,0.7554683707935405,0.33732773963874363,0.3630044340721035,0.43586570578969175,0.3379466246622219,0.2943412245929505,0.4661805511241919,0.9227406965274114,0.7000756280629614,0.923118913807602,0.30236546469694503,0.37835660616383326,0.16494048007092948,0.29712038669642343,0.687005562335339,1.334701019095986,1.1137091734240396,0.9471930127896656,0.763293906645856,0.5306424351451546,0.3557000784132287,0.2005105037938848,0.08590592375495176,0.028900267773984245,-0.07923943161117974,-0.06354753241811129,-0.0947297098224964,-0.021549083560648885,0.1230998807663033,0.5522552188692034,1.2537337827118142,1.3787232391911164,1.2556591095177612,1.2442750358688524,1.09008415322226,0.7940170179340234,0.47099239774918567,0.22427654851041678,0.6382948996202287,-0.14462583687242003,-0.2685701188543632,-0.33406806747504947,-0.3901740387765915,-0.48653870885286005,-0.4081762392013118,0.013218261001647913,0.5583024351761305,1.0660512015452588,1.0954665871749552,0.9942723187413426,0.8822703804079177,0.7168912656500188,0.5313135899483015,0.3951165621164825,0.22007825724197638,0.14454773827282152,0.004500373455459616,0.0014669184328535145,-0.0662746765879011,-0.18156714293053777,-0.17722656100634343,0.04139834574742324,0.3527980648090224,0.7119097862324649,0.7366585208705354,0.0,0.0,0.0,0.0,0.0
2025-06-01 17:56:59.525,1,0.0,0.0,0.0,0.0,0.0,0.0,0.5420362760423104,0.16345842681658887,-0.1629402190335096,-0.2569206090048965,-0.2754052892932576,-0.237354366490807,-0.11737179536040365,-0.03757538350008338,0.07516658575403767,0.21096872454849558,0.30848907086524596,0.4025833847228917,0.44169384345990775,0.49865131643969607,0.538743617762213,0.519201913876885,0.37325356902575785,0.10565326428288413,-0.06657728940768348,-0.1514641732127785,-0.11286146698707467,-0.07256796121997944,-0.011032214861397938,0.07983300814960659,0.17809252292082345,0.23919705177421546,0.46052739609165194,0.35648274169074057,0.4150448957316473,0.4610568339001131,0.48121126833767697,0.4127382534326668,0.04674944144302473,0.002723947588924691,0.0235802149073292,0.057829150191420986,-0.003018981319101277,0.162799324235668,0.2452164061303519,0.2967415579600663,0.2871105077959857,0.4492112562106729,0.448124891447814,0.4358044521415053,0.46695790239166735,0.47308084677859025,0.4192698704105158,0.3052650224696015,0.2725838215793955,0.42603564600554256,0.46601717173583357,0.5123176364899831,0.5385379956484455,0.5342786844777712,0.49683131530825264,0.3577583404029225,0.6690253979811248,0.629888286040688,0.5711832029753141,0.6496341850868109,0.4542595289519766,0.6736840792078833,0.46179690194081624,0.32104273679597584,0.8487931320365854,0.44677974415048527,0.3314363779407503,0.25145498354499085,0.31177323197711027,0.35259531863744864,0.45211213787981896,0.49211270541065555,0.5456168064501452,0.6010866572276554,0.6948529139834745,0.7579138877289209,0.808568799043267,0.8591429503046004,0.8955655708919772,0.9649495448726594,0.8620342193568061,0.06311274296181824,-0.10919084662240286,0.1639301133510569,0.3390440600825273,0.479051729589153,0.6181080783692297,0.6494312596730971,0.662224432052926,0.6842689798968256,0.39557434491499016,0.6578585845714846,0.6277329323654027,0.558791462133741,0.514147235510838,0.36623090263650443,0.10758022139203752,0.5076703405957005,0.7603182521508044,0.9113487248466203,0.9202680666089391,0.8310594792342345,0.7340785800471632,0.6592182330356251,0.568566940793608,0.5226571664413371,0.4266739730548661,0.36232185316121135,0.2860384353087482,0.18722792307809533,0.042738912980212596,-0.13377750946951306,-0.09114273501782633,0.6507871684202873,0.8722698659352393,0.9107987573151324,0.8256001264904425,0.9273167271448506,0.9135176015605524,0.8119188924097502,0.8995792841636883,0.0,0.0,0.0,0.0,0.5947523721467018,0.5916198735671472,0.333157970539651,0.1875154448289995,0.43251999051868034,0.6740450684054071,0.6365388764579236,0.5861752020118433,0.5348973406725124,0.5982163612645002,0.6643393190735276,0.6987263088610973,0.7049712790196883,0.8650659886989076,0.8702263265140582,0.8574710181571294,0.8827533463434634,0.8642169741110206,0.8951441757159171,0.8950258814986927,0.3497385410133375,0.4061371471834627,0.40424882535121687,0.519039977422374,0.7557050638345666,0.9665070784271119,1.152262258762745,1.2290900639929452,1.2626994265006426,0.525467957238035,1.323464858286905,1.3222400754678238,1.2058811883801075,1.103707669679861,0.9543722697776024,0.6775298249955317,0.3206174598582146,0.32830934604690576,0.5491502853146303,0.8383922365064562,1.0770007982029068,1.1573697827811908,1.257221009095936,1.1903340013348023,1.2079871789147463,1.0874039927330106,1.028312442929861,0.8786602015777164,0.7568113616430469,0.6267403920076355,0.5102728855862211,0.3969427970344567,0.20478745673231058,0.15741740008990904,0.5661386212175842,0.7142764855033289,0.37509389459035447,0.5031040978109284,0.5718146502348902,0.3400131543886997,0.19891787066939914,0.38626199859368004,0.9181553265986253,0.5706499354258259,0.6655545695556502,0.3260289446025392,0.33159795891376,0.18026584634801762,0.2814782614236239,0.6611874724515505,1.239404430102914,1.069107711349974,0.8989652990848594,0.7217265495770293,0.4880796230761517,0.31014354942065614,0.1925690223567169,0.0808751837171211,0.02862428814946605,-0.06223784596785875,-0.06762927907084793,-0.06967554128152997,-0.014793815693012302,0.1311910076466739,0.5599922260726573,1.2383940826049882,1.3651494452347273,1.2384034570569302,1.2346057893365754,1.0717287148008399,0.7885058489117043,0.4756452435245355,0.2231973759992576,0.7567187297507053,-0.1354731529515143,-0.26372405361743745,-0.31531194971751086,-0.38543841533977996,-0.49791237021465934,-0.38680298540866237,0.022149169095637966,0.5520490015634232,1.0915619785461397,1.0858660185728992,0.9870921596400238,0.8781075348703249,0.7274821895128114,0.5269349630053146,0.39389949471271013,0.22379795415322978,0.1332423382013539,0.001982333830588212,0.005015632174510287,-0.05820234809057179,-0.20515673507484833,-0.15851600177528824,0.06777399696131337,0.39689662523109814,0.7602945377724076,0.7892902231796477,0.0,0.0,0.0,0.0,0.0
2025-06-01 17:56:59.530,1,0.0,0.0,0.0,0.0,0.0,0.0,0.47691019132105805,0.16784290611044536,-0.10448950867126383,-0.19108403201630808,-0.21438393612237727,-0.19402875454528545,-0.09664042239994874,-0.027861030973425516,0.07806358010198522,0.2096368457145894,0.3024831150664337,0.38948015000376035,0.4362495764312901,0.47501228419891073,0.51130424763188,0.47449386835387697,0.3245150769895379,0.07448654483981698,-0.10558055340532746,-0.1748689832255379,-0.16734462037040676,-0.11577194078111286,-0.062171873387697696,0.030538556312758258,0.10975691409885502,0.18697280101111424,0.3985763434837808,0.2954362078284817,0.3626734152682662,0.4139129234302852,0.43543487493598404,0.3617009580179619,0.05047027611707061,0.013128359407924284,-0.0340495431773612,0.0300329495773779,-0.09535203214054921,0.0662362960175924,0.13524843040265666,0.17444123003450152,0.17593501835798553,0.3173955872321099,0.36878110362000416,0.3505122315319579,0.37920153654749134,0.4061978407484243,0.3262968141586147,0.2764525762589173,0.3364763976051995,0.4410496960589396,0.45946191154885596,0.47822289369755966,0.4999421340384409,0.39347110539270996,0.43009385806246125,0.3696834642067192,0.6909500705015665,0.6134868882405758,0.4389361161409848,0.5973669299044096,0.6182425020618629,0.6907521481708423,0.616921912803243,0.4201350772466014,0.8636010806522043,0.5097861072900611,0.3734042195530827,0.29689305217625384,0.3266924498698822,0.32499391561055657,0.40392601186417054,0.4320264423618534,0.47794896557586597,0.5368485580239037,0.6147708724338752,0.666165881134958,0.7290841824738871,0.7856633903194286,0.8348549051343443,0.8875441179462281,0.8200075992933703,0.185673367638303,-0.06456161522573467,0.17137435311208393,0.31666005245327034,0.43961054922300247,0.5500941386158464,0.5857531352323635,0.6073201951176803,0.6264379489122487,0.6272200706715003,0.6054137832806303,0.5635438130399474,0.5124597133550387,0.4503855168087011,0.323273752788028,0.07925853721644527,0.5339500262264871,0.7614313777457141,0.8920256548547281,0.8671546355092208,0.7679755932985162,0.6702423720353698,0.6026993345332055,0.5268079867166287,0.46263665566435086,0.37253168543071613,0.3116329458012226,0.2416448387217245,0.13735562399034196,0.007018742692446067,-0.1507748163560375,-0.024312550103900987,0.6715519130385416,0.8733169074420666,0.8959432026558616,0.8023418806295897,0.4790676947134615,0.8912021570436639,0.732489438975757,0.7272781856687186,0.0,0.0,0.0,0.0,0.6459040694688862,0.547042442166624,0.4150218002332342,0.2567543885574005,0.4622771959017851,0.67429942811392,0.6306265170853587,0.556183008420598,0.49791611684329196,0.5496071240406657,0.6065591255069527,0.6555941157031797,0.6742534138797001,0.815692278565662,0.8538868085926281,0.8631648010563131,0.9038565845451285,0.9078802776694237,0.9359737611129675,0.9833702127802015,0.39312895792130165,0.3726521393455945,0.3546519218607569,0.45774671459316574,0.6895815443008029,0.8926421749133895,1.0926105111140538,1.1941104780583618,1.2303866875863696,0.5425883740580904,1.3294970555299206,1.3258407742819394,1.2364726203357346,1.1255632386474712,1.0027851370647292,0.7344105036042057,0.3575354416284094,0.2527811759971159,0.48585008615539416,0.7616495314124525,0.9919673184840829,1.0942716766333167,1.2101947957237789,1.1676049948415932,1.1638426995114428,1.0771786671383023,1.0267642300999924,0.8784769924789809,0.7563044746976143,0.6391317060101773,0.5256844751730357,0.4180386454435224,0.2315287700294602,0.1160643194262588,0.5052485702223998,0.662249130355813,0.45706164614417466,0.5897099015007571,0.7001744818160859,0.27536298027170825,0.18723921273394556,0.13687862626527017,0.9137025632571094,0.5150031730407534,0.6617960826444055,0.37972674164187536,0.45391604417568565,0.1872197336969827,0.28614977411950193,0.6219048684177733,1.2141039599126175,1.0075328520644513,0.8882992377023234,0.6881098203451432,0.4661308582842112,0.3315768732271498,0.1840978356557712,0.10945688688944055,0.05205961509685064,-0.050194941192643894,-0.049606734044627565,-0.050315079755240966,-0.019302162580864035,0.10373643212700312,0.5113244495040563,1.190018118328991,1.310937730490367,1.2044160327889921,1.2120129969518292,1.0956808899288395,0.8228601583825603,0.5160864248579415,0.2840510988058045,0.6849157360094577,-0.05028045969147232,-0.18207490267172188,-0.29655583195997204,-0.3807027919029685,-0.41577874590585245,-0.36006182100047546,-0.03246277370113515,0.4510489059625235,1.0227457448449926,1.0396823065899512,0.9748550608633452,0.8907079178839521,0.7510261021623523,0.5818366933785177,0.42941887338832885,0.28586561255601284,0.2098049839476388,0.08122985942921512,0.008564345916167171,-0.0501300195932427,-0.12491757154446193,-0.07989615043406578,0.0907858502066114,0.3833038908928432,0.6863630050482074,0.7679080409087733,0.0,0.0,0.0,0.0,0.0
2025-06-01 17:56:59.533,1,0.0,0.0,0.0,0.0,0.0,0.0,0.4331608814703346,0.16980456185771134,-0.04159887361474407,-0.10298913679727428,-0.11946557918603185,-0.10206245946536652,-0.005085559447061017,0.05110440094648294,0.15073703228076496,0.2695801243159631,0.3541265746638616,0.43664129491443593,0.4739391142085933,0.5035493066569887,0.5416257466628344,0.4712670439308998,0.3032522547663529,0.056219065213594266,-0.0998315645083786,-0.13249369232273267,-0.09709789418251735,-0.056912230984921486,-0.0013862687536214668,0.09472839273605604,0.15704386935004444,0.23493592369219307,0.4722190386785099,0.3256337797195008,0.3938802158390366,0.43152637209760036,0.4356185559956853,0.33005944286006644,0.08349296951815732,0.06649022444522512,0.05535768117892681,0.08593680629510514,0.0014157387424189594,0.1382075152483564,0.21070477069372262,0.23969744456843745,0.22137758957159392,0.3835007933218393,0.3998358754799498,0.3788061558350112,0.4200937795387265,0.4132566298694556,0.3609956691204495,0.3098009959120334,0.39711611757563026,0.49337688881266506,0.5208576234159722,0.5714493433532517,0.5993336021211326,0.35058128750643264,0.47063322993296963,0.26916815691872825,0.6696494836942264,0.535908907480536,0.5257016868700148,0.6755398325604899,0.7125596765179876,0.621417252777569,0.6615757108931115,0.47829474564070873,0.9562948825899782,0.5770048059476107,0.4850937534838151,0.43065847051141537,0.45189797119170105,0.4409584494862471,0.5070628664487475,0.5391635625102078,0.5829521068090535,0.6240348657732289,0.6869491954693008,0.7373452402746745,0.7854841644051652,0.8347696692152899,0.8832255203488522,0.9252864887191573,0.8674744059272241,0.30811568988954574,0.027049779520584516,0.28930472083722836,0.42437823544966324,0.5577854161281308,0.6656352526927982,0.7037270472791883,0.7164252373719777,0.7291628449191123,0.8443321656689238,0.695335434191277,0.6370901223488549,0.569784479171097,0.48940545136372593,0.34590712682488584,0.06264612662898256,0.589296676704208,0.8878207482200088,1.045990714611213,1.0290154217622864,0.922319555666052,0.8071475954291645,0.7285137548906309,0.6501368901243954,0.5728761147081467,0.47825480565834155,0.3981903327967673,0.32441224247115885,0.2030051832733364,0.05252984374699665,-0.12839158067135814,0.03605596849698395,0.7503384539177131,0.9391671005432456,0.9814754177938945,0.8878614752083016,0.4522900649079246,1.0486039379504644,0.871222325729984,0.7206689475823906,0.0,0.0,0.0,0.0,0.6103295202126553,0.6741634665051375,0.3620010906739427,0.31194649963799226,0.5449701425522298,0.7271063107016089,0.700618940668615,0.631189180749654,0.591167564050141,0.6616643652801393,0.7170281903453812,0.7683277271358451,0.7895540018175629,0.935393641784636,0.9567749670383527,0.9488550109842901,0.9809759198924826,0.9763430946768952,1.000255217485639,1.0832144908799626,0.4399476955816244,0.41556155931931904,0.41912951231705575,0.5394948204026548,0.7995003420718818,1.0281027700506917,1.263855882142789,1.3573178349626407,1.3946075305805679,0.735920988050784,1.4793613031103736,1.4586697477401787,1.3460612215964778,1.2114423365210607,1.0678127721878832,0.7903937814533304,0.37512973869158406,0.30243594961549414,0.5705863523297526,0.879111165837066,1.1366318254017935,1.2647274452892219,1.3852181288561702,1.3406220317468394,1.3249441281259497,1.23155110882653,1.1547618513052695,0.9908627444968506,0.8436000185549916,0.7108282841166305,0.572358520371309,0.4391381900975655,0.23674862114692613,0.15327203443993098,0.5976385542930777,0.7692958617888374,0.44270507115691793,0.643583917781697,0.6616745130033697,0.4643191804840895,0.41896607865803187,0.2220182024898836,0.8137344231161296,0.506822552663422,0.808429513890899,0.47850252224412404,0.5712292345629815,0.2159461938436968,0.3133297592233784,0.6607034014520606,1.3177880203281767,1.1316745119607157,1.0318917626136255,0.8034538045911397,0.605516672788206,0.44983986956364674,0.2670855525966964,0.19959462115763604,0.12892871466523337,0.02215049813925929,-0.0006286031364869382,-0.01264083286925477,0.02472772034405024,0.14612951596859203,0.5895403445137413,1.3017797354179068,1.4057725116493243,1.2909717710982016,1.3249889043526188,1.2377359408494855,0.9666039439122964,0.6623880286205874,0.4103321900393164,0.8893471789291919,0.035772063570111534,-0.11302070986752355,-0.23973972951019773,-0.3428959795540797,-0.38226665283263733,-0.339443810811472,-0.0027576551575361763,0.47803090499646134,1.1187254080195603,1.1093259566391507,1.0512518287608965,0.9832828421002928,0.869585471508326,0.7069763903136064,0.5311074303753958,0.3706416021525043,0.2913516727321708,0.14255803706020487,0.06639176915231615,-0.010156438982598104,-0.07153226795464906,-0.04247870077605154,0.13778244968064418,0.4476058716120266,0.7858605115086795,0.8711097311676088,0.0,0.0,0.0,0.0,0.0
2025-06-01 17:56:59.538,1,0.0,0.0,0.0,0.0,0.0,0.0,0.3387811929157659,0.12544086496625942,0.009743404537479128,-0.00472031844638221,-0.0103030432665705,-0.014177773157149853,0.062257023068352124,0.10838505235491802,0.18895171405960842,0.30012341478076987,0.35950482351307284,0.44128961540994505,0.45936829776001015,0.5032554021155955,0.505622905510502,0.43714627587342836,0.27551109753957026,0.02423231542835025,-0.1014680853196076,-0.10693652062290226,-0.08656988897881157,-0.059940002540971316,0.004817058632805127,0.09880707313297332,0.14138068043685892,0.22654462512622575,0.3122801838668623,0.3052842375179232,0.35157287598995074,0.386687675018597,0.38290879573167774,0.25191377083109245,0.080901324672638,0.14286857486470061,0.10575782363049702,0.11506113412142804,0.0310296904298768,0.09382406167537893,0.16140048666338447,0.21952574654914292,0.1478558776257637,0.3456236114774327,0.31616273069016687,0.3314124227310852,0.38872169595576955,0.32684790757105836,0.32384485821987297,0.29377993087128595,0.44624242448719276,0.5382108812733378,0.5590540743554692,0.5787076072608641,0.588796343621333,0.303467361958273,0.5127429796469251,0.349919469800744,0.6152472605823948,0.41742081507862905,0.501942422819852,0.60134343167585,0.7664566007370723,0.7078885850039633,0.7948587393398014,0.45187632505209574,0.9246334945851631,0.6501610762835169,0.5631038393117025,0.5039720722061758,0.47264747693873854,0.4468595675938023,0.48869546418731225,0.5070059054145619,0.5284758213561176,0.5756376934733318,0.6312773565862486,0.6826165436745841,0.7280262035814128,0.7747941171297243,0.825040396269658,0.8817378521191689,0.8594539339795342,0.3669799496152593,0.08784388275476862,0.2869471271223416,0.40183821855982194,0.5269040664062927,0.6169348889489026,0.6601184129117779,0.6766521423824035,0.6941650833979838,0.9353316720035076,0.6690045997534322,0.6114003810424363,0.5519440022298855,0.4678024175206773,0.33591696346539784,0.06097800487535174,0.5818938616751153,0.8737749935787881,1.0152781071592987,0.9838767384943019,0.8942008188106476,0.7848278380402018,0.7055574330591936,0.6294105105890822,0.5544666618783209,0.4685650878605041,0.3945432250983154,0.3316954463436219,0.21228304383523877,0.07470133193618833,-0.1025119784967492,0.05952532032093766,0.7286546648627533,0.9249859713783619,0.9631961795118451,0.8772012231979207,0.42861544270854085,0.7215116793774119,0.7866832364963916,0.6422538125657026,0.0,0.0,0.0,0.0,0.7889527206130038,0.8794745316717623,0.4885724800189982,0.31436370594182517,0.5507734265850919,0.7243872111683668,0.7023541927076802,0.6305838627096957,0.6117964602672978,0.67901182994927,0.73622543447794,0.7870665837556707,0.8092058056970735,0.9611811067865692,0.9788254558935918,0.9683477358485462,1.0040232521846986,1.008829527863961,1.0432717406844363,1.1417032045653233,0.44400370818461443,0.4007118144992279,0.39014939508742996,0.5186142831084579,0.7840633651738089,1.0060712431935332,1.2571835206386202,1.3653861489148047,1.4040664865778003,0.6100515879247042,1.51253298797235,1.490096459345545,1.4008268141439217,1.2565141993914541,1.1195467997395807,0.8336139297861872,0.3865530913033151,0.246246531370913,0.5203184647908706,0.8562650412194392,1.1256743741685749,1.2576164439477917,1.3979597697807558,1.35689484670499,1.3417143406387275,1.2728935003959365,1.1877004209064106,1.0351078185106668,0.8829274314130439,0.7429460101418259,0.6044793427888814,0.47356611593285647,0.2676658978108371,0.1351659324201019,0.578140143964289,0.7794102473017125,0.2591115815256533,0.7349926266652205,0.5289070176981109,0.6301295983299272,0.3969608120769424,0.2220182024898836,0.7267059211307629,0.23265916295936434,0.7657157306989899,0.5194209783146536,0.5284678414685386,0.21462131620227348,0.3209324520195855,0.6551165363304984,1.3221676753559897,1.1512277483412252,1.103856583767063,0.8183728589128121,0.6505351226394638,0.4948892143270309,0.341130181156869,0.24914595592642286,0.1889703332048811,0.07436470127282901,0.040480044090353884,0.027071889731276166,0.03132515435289729,0.10840407651879247,0.504079594616299,1.232117100903763,1.347150983219131,1.2520341850266716,1.2940739636938603,1.2354734882522853,0.9990270470891067,0.7234081882588226,0.4865573738827693,0.7641336808862257,0.12168309826150803,-0.023506910571418738,-0.1501715781924282,-0.24238427721559275,-0.32299461216124936,-0.36472499616342163,-0.10999503533875538,0.35759327304343386,0.9947543598085566,1.0278618477319263,1.017769807692702,0.9538422652349241,0.8814861933618952,0.7404097284316586,0.5941834102679611,0.4492162348058555,0.3679194669899486,0.2372230793595922,0.16967107123111336,0.09663425805411774,0.025108727784029616,0.0025336499306795046,0.10908069847821683,0.3582180299540646,0.6581187557265052,0.7922018826074195,0.0,0.0,0.0,0.0,0.0
2025-06-01 17:56:59.541,1,0.0,0.0,0.0,0.0,0.0,0.0,0.25055662408018387,0.08821047151472625,0.05791451882601112,0.09294524179755914,0.0764000111226183,0.043858146476095095,0.09980499925084019,0.12202240066495407,0.1821057851696415,0.27506468020831565,0.3358341426317744,0.41215497162377523,0.42339491584745187,0.47673242212301914,0.45473762775040927,0.36309737004044956,0.19408240881108646,-0.0057657659743545475,-0.07481632308811281,-0.08103336929184302,-0.07351095887641979,-0.06610942772317951,0.005752052976003341,0.0815864905118655,0.11459443888115772,0.1893174825708377,0.38128675334662065,0.255156245195748,0.2925121205777513,0.31921218865214085,0.3027717343792969,0.11195752123188984,0.09379825620182314,0.24048882008184258,0.20078175893022032,0.12619508899515486,0.054565314510810925,0.0961757639167049,0.1199619561899199,0.1793071585305912,0.13189249690659421,0.26880897194372166,0.21843263596336682,0.27604277258168186,0.3193510756063238,0.24764833761186894,0.2736390346907881,0.28426708925408184,0.5526899316789246,0.6171366946114286,0.6088263351584632,0.5731966944661959,0.5405288457256514,0.5192229807168354,0.8122658645140624,0.46907735461922667,0.864126175582633,0.45328961137690404,0.7014619444170993,0.7793509310576834,0.7469056616028229,0.7500118629493535,0.9627914983772314,0.5000542612134559,0.956655100666584,0.7106289168178869,0.6290085103359593,0.5311556681440062,0.4605921518942293,0.4063522075695323,0.4447866084002037,0.4450837518210362,0.4607322146984998,0.4966926662403719,0.5424200077740318,0.5941599287931796,0.6437331296143868,0.7037554313067544,0.767190192872115,0.8303074689817768,0.8278919874551433,0.41297487002063354,0.12332171907147405,0.25056986339177967,0.3491470541897952,0.464187137774718,0.5396631240167467,0.5836716294582938,0.6139136094073145,0.6332129491746874,0.703083560405553,0.6157610219492671,0.5584061222660278,0.5097267468661658,0.42849857579912254,0.30347457087684254,0.03267032228338096,0.589518358353768,0.8653140330825372,0.9874397768014278,0.9217634679658671,0.8295531655696073,0.7256521650323131,0.6545424092222425,0.5800045239140124,0.5058653675899916,0.42838613607115983,0.3595489768044393,0.3026971024618317,0.18716843587862453,0.06602985533163952,-0.08108023101590867,0.10007306977802427,0.7150189799854444,0.8998180238113642,0.9393129969248457,0.8524227224118852,0.3618930897989762,0.9192708487187509,0.4897872561861138,0.45689091956910677,0.0,0.0,0.0,0.0,0.786134803966694,0.7836659950116693,0.47216428846516045,0.31056038111622564,0.5289274280437128,0.7181099299245798,0.7005408041619643,0.6170546591213818,0.608015414079125,0.6806702870646044,0.7304021562013894,0.7823227427698751,0.7946935348393342,0.9540467088607851,0.9673341866963114,0.9597488575168116,0.9937384408672585,1.0075594988161116,1.039347574461215,1.1378448204116198,0.4439955912470178,0.4037473771721426,0.38876904146779,0.5066673821043548,0.7689355254947825,0.98863221938874,1.249344097157579,1.352804423845751,1.3969793141431934,0.3704706228820967,1.519169517139754,1.4945578572582403,1.4155210193408363,1.270503137192359,1.1353145418066348,0.8656802746042354,0.40793118954591834,0.22261978630802792,0.47677294687268146,0.8208215505786189,1.0729005081467595,1.219441481174847,1.362344547009641,1.3374325743035065,1.3199568871847438,1.2661888810166206,1.1777343546980368,1.030531622759033,0.8856084077659855,0.74794164465165,0.616872117549275,0.48381089273070854,0.2907038816637043,0.11147543051453918,0.5226602607821316,0.7523451062618728,0.39414417774382304,0.7072469756147589,0.450683895202879,0.7360620004124113,0.5604162018441523,0.4652343484381173,0.5632060338029314,0.2894294997991501,0.6191840965181091,0.4058100813726482,0.6097398962477852,0.21218336197099957,0.3118328228935728,0.6078057939015784,1.2321296858298896,1.111216519945388,1.0711461032030671,0.7877480065417493,0.6232871829180033,0.48014924433849004,0.31326325582519887,0.22439553125888811,0.1798277405540989,0.06940709593038119,0.0387485760672297,0.022195626859118245,-0.004918201606549322,0.06196574679697375,0.38933068263170106,1.091135083914616,1.2588619677766182,1.1868048250912826,1.2182283678769807,1.1219795545195288,0.9003963244110902,0.6810025282531631,0.4561799789539951,0.8043799921700553,0.14386708775840962,0.005963301534266829,-0.10595306445648034,-0.19587685032020474,-0.2749544580423864,-0.35536428292095856,-0.19663758627117695,0.23507417118388813,0.8387790196318392,0.9171170397978292,0.919511925871252,0.88701182040491,0.825155273786657,0.6952002366273198,0.5598972217791134,0.44090545847582585,0.37958160238044614,0.27299448368273715,0.21319199420718005,0.15472677718143446,0.06572006782345818,0.04950900191233032,0.0794111217402339,0.2831514960591329,0.5612593707297738,0.6925572748315134,0.0,0.0,0.0,0.0,0.0
2025-06-01 17:56:59.545,1,0.0,0.0,0.0,0.0,0.0,0.0,0.31364733960338687,0.1602724043198228,0.12178345494425546,0.08912657997345808,0.04236233692417124,0.016372365452777093,0.06549089326413904,0.09713541581352869,0.16262943348657488,0.25508918243618595,0.3391368646227338,0.39555736565912414,0.44585673384118446,0.47116743946220574,0.47143206565073525,0.3902762433876421,0.21580726997944893,-0.03954954088048132,-0.14324386575262066,-0.1725177247618781,-0.1662929923305756,-0.11846230121948942,-0.058956357666983594,0.01819564454086353,0.06522515332764023,0.1422871635923284,0.30298920736533463,0.22163623858221104,0.26720585297086236,0.30101481313416434,0.28183751546064734,0.10581594351446849,0.05490395997843056,0.21075816166334832,0.15232552797421184,0.04275942865554461,-0.005596558331555812,0.04293454067656066,0.07177744068010683,0.15283549564018917,0.0761129706548731,0.21049946283492504,0.15175366054284023,0.25975727075578603,0.31779610858465823,0.24806829373666345,0.2972027638589517,0.3147384322909906,0.5626931488033496,0.584126614902913,0.5541967498643273,0.4977034539044065,0.46087089004081006,0.6737884433482451,0.8639385024660808,0.5051602326829294,0.8391086924041118,0.6795020607833141,0.7845315928007719,0.8340108173168428,0.6555753971877174,0.5059340550291961,0.8770205257585919,0.6355582962970221,0.9871428069275354,0.7139180157448128,0.5996215595643126,0.44229028322613084,0.3740474094814623,0.31201934400467257,0.35669070666175995,0.36349162226602827,0.3882349064084316,0.4270623045254376,0.4796177974274667,0.538777067991494,0.597085956772832,0.6745515312716095,0.7627352894356172,0.843181312100063,0.8786703869935037,0.4346702479970109,0.02788255682509788,0.13245699653909515,0.23689171393328246,0.3608174661535031,0.4440914785018144,0.5069005270349365,0.5615801724624276,0.5829953649918267,0.8713764289926011,0.5872095626112595,0.5398162179348481,0.4985655876749936,0.43865102937721867,0.32780269622258545,0.07571626843547768,0.519963072508779,0.7821137702581219,0.8922012940018171,0.8412893268465902,0.7566500486186201,0.6702231203233511,0.6036872390553643,0.533522625191341,0.47653593450428366,0.40266045246617876,0.348812979623911,0.2956629579140839,0.19146752901657837,0.0707993007907396,-0.07363739059852448,0.06815725807162076,0.6757107337809706,0.8766119181124998,0.9152545964962091,0.8348389600252486,0.45400745246923274,0.8805049657466013,0.8322239044702671,0.43106565233478655,0.0,0.0,0.0,0.0,0.6322640819919487,0.7417533464427237,0.4578819359540931,0.28798309550194545,0.5033578380119015,0.7190456170059893,0.7097068620901388,0.6275533407957868,0.6173436429111945,0.6965147880669822,0.743256225276753,0.7916639137246744,0.7962983113454332,0.9506332984207919,0.9423355454305704,0.9377859725446069,0.9751097715580517,0.9806389386313785,1.0072247065373172,1.1072212223742162,0.4485629592251833,0.42013239358967813,0.3996717931644571,0.5211280677363896,0.7708543112565585,0.9845826193839029,1.232772956226996,1.3437577285860332,1.3782636625029567,0.31072674063454736,1.4951946209814007,1.4667994742103936,1.3963315087592074,1.2645939095240646,1.1406683346040605,0.8741595958322069,0.4292160258568454,0.22752537718565258,0.4798904623711765,0.8097995609958228,1.0481159527707646,1.1899300529269612,1.3276876750747006,1.2975909212189862,1.3061010481560356,1.240339936764498,1.170388288033922,1.013386530703038,0.8767980471540592,0.7415122405846228,0.6122442632208615,0.4875075078795239,0.30166533626526226,0.10719482585592935,0.5069430634965435,0.7342928661993212,0.47816418653044634,0.7214988030755326,0.3451817661607911,0.8101398459740984,0.6184742738389968,0.4295599342005286,0.6506676425422988,0.263941530394645,0.6662043288654912,0.3860635338634889,0.8245489782892547,0.1893464351955218,0.3031337432999504,0.5808725756118156,1.2371421581768207,1.1196850794624813,1.0538470708554604,0.7779371507340247,0.5927853619309726,0.4727987341699278,0.2996909518786244,0.20632287390570214,0.14857304964742846,0.031207370954250413,0.026326867171880375,0.011025539993664846,-0.04957195693586014,0.003410172566397529,0.31048772291607313,1.0117764351941831,1.1920226170757857,1.1202864122259144,1.1423286513750783,1.055923606824576,0.8218516338532216,0.6281246968604053,0.40624864705292274,0.6029622696348674,0.12214270834710406,0.009640248645832461,-0.09476936394927882,-0.17054238393394472,-0.23633319031214028,-0.3193676953290627,-0.2415629463045208,0.14771860838452017,0.6853751836721063,0.8357587482821613,0.8398348425831798,0.8307016472359505,0.7521983792991462,0.6401890332429283,0.5319847617999451,0.42703817155922863,0.394546594942188,0.2781829985431947,0.23969255084939634,0.17713638490182237,0.09885760433758128,0.08598490634960787,0.11713565466801606,0.26967422098796223,0.5289884468664344,0.6688880240827386,0.0,0.0,0.0,0.0,0.0
2025-06-01 17:56:59.548,1,0.0,0.0,0.0,0.0,0.0,0.0,0.38228836156166124,0.15685017733465403,0.04098536935243269,0.01653931452617796,-0.027013765103565124,-0.04283491595845823,0.020033458994274334,0.06439587635267552,0.13563699093421322,0.2262767180517874,0.31479328524927513,0.3889672820933713,0.4416739756657739,0.47808411275882867,0.4808106314093149,0.4196235773851714,0.2433002063024131,-0.05857976503246165,-0.16745030330288097,-0.21834067588469208,-0.19499167695890351,-0.15933344412260597,-0.07578585644985147,-0.010837618360887591,0.05309337366376088,0.12889430620454,0.384271176481374,0.2150940527809645,0.27480462735238304,0.30007922701351597,0.2929905779491366,0.13386923065205925,0.040720637796455905,0.18950486227118213,0.13029846014287305,-0.041630161474701666,-0.01134700304269809,0.05767617027375649,0.0666851678445537,0.16156770181733227,0.08452716644251979,0.18461296538291538,0.1466288582520766,0.23158195269955972,0.3129243503525445,0.25319533255895826,0.2945047267246902,0.337326761458914,0.5634805755164953,0.5691125648495158,0.5479285802219122,0.4670422419055571,0.4308166143051215,0.5893642322125983,0.9366121967592669,0.5608945498192603,0.6399512429485189,0.8188736730179971,0.779823043598745,0.8093814352327853,0.5649232729424549,0.43601450400842734,0.7876754075663113,0.6774957023473063,1.0550863371107873,0.6898854930056838,0.5713816323149243,0.3841841668252888,0.3101026947835708,0.25822172454421244,0.3025458096678406,0.31588750147185674,0.3537255521092557,0.38728251875771247,0.4553592730369087,0.5276995386487302,0.5923803591139104,0.6836683349195924,0.7810167842590778,0.8790080658755836,0.9320302399151728,0.4147504721018858,-0.06882660417510988,0.02925910709961621,0.1525450016106331,0.29093347702539263,0.3933332899837225,0.46859578416486336,0.5339587169014495,0.5642260065398497,0.586193265927551,0.5895618356287944,0.5521677439034295,0.5137736082727759,0.4667997299944785,0.3547702165674725,0.09565682000528122,0.4549583690788851,0.7227875050746085,0.8302522559850134,0.8133920878412841,0.7360066711393902,0.6589358551491566,0.5977235792950735,0.5287362624292888,0.4806820484938832,0.40855240394138526,0.361814012340012,0.29595681688238873,0.20284274373696465,0.07420484032275987,-0.06689164942542392,0.03803074421960584,0.6597739883537534,0.8820789024420179,0.9153990280495978,0.8466896116106646,0.7375527022763777,0.9791538867571439,0.8942359765726442,0.5723800657307683,0.0,0.0,0.0,0.0,0.7074081808426234,0.7316612738068142,0.5861332284124203,0.3020549375928936,0.5102049705125389,0.7213593636905054,0.7208261733274106,0.6528301835578642,0.6486579720449479,0.7305740925963098,0.7779747705216162,0.8170295676453847,0.816204827175147,0.9719148489911738,0.9367603728957681,0.928154555556538,0.9565402015174562,0.9552745915386327,0.9766823719597475,1.0892401063259471,0.44481103839167613,0.45765612686800294,0.4490792250221849,0.567960164721435,0.8180562962259883,1.0209096196179455,1.2697028481240458,1.3515080543383722,1.3904331636637026,0.3576459307253222,1.4772872151177876,1.4509654669134826,1.3743699120919397,1.2318030207037811,1.105131192304477,0.8445926731532172,0.4457823413775531,0.3019339557715761,0.5238136220177093,0.8644229210059711,1.0963637793296668,1.2251524146407202,1.3399142093121403,1.2880668762872791,1.3011399558647083,1.2248969570284909,1.1505117594474994,0.9838712781734339,0.8530561535133488,0.7146944104679618,0.5841706235287946,0.4624362906078622,0.26188336862226597,0.1228281523358267,0.5564738525509645,0.7729351099683034,0.4644548773227082,0.6885892214082451,0.376567327578181,0.7833299798813987,0.7458228011562491,0.7472409997988542,0.6137447202636674,0.49879979592289186,0.5234201419583734,0.4280059776015329,0.7752133398739683,0.1539388598928953,0.27149979704405997,0.5818578805969167,1.23115755989688,1.164333334350023,1.0920725482726357,0.8159743904457422,0.6463241118513661,0.48467874456652593,0.3068821494336209,0.19553928116292996,0.11067639729545875,0.003559885509993199,-0.005489749583497239,-0.027005270837113793,-0.11714239125164883,-0.06491986896654356,0.2717364307661773,0.9701885711499969,1.1975450492186972,1.1164165323490578,1.1195264588499625,1.0174468426730934,0.7667489180496041,0.5824789700801907,0.359691995832393,0.5870416997077293,0.07646727555484456,-0.03150325330809989,-0.14346217985771081,-0.20938802931515776,-0.2747535319344582,-0.3490837994828026,-0.2686347178138858,0.13854336682983354,0.659468246246546,0.8154051493094521,0.8231417878337818,0.800729916935562,0.7165669075000789,0.585583929150268,0.5232889820308788,0.4040511865474816,0.36032234296324495,0.25612844275445257,0.22111264452691048,0.15378096812378939,0.07524778929654485,0.0573217626006175,0.09112054028351152,0.26493459881059467,0.5861707007780724,0.7155991423872214,0.0,0.0,0.0,0.0,0.0
2025-06-01 17:56:59.552,1,0.0,0.0,0.0,0.0,0.0,0.0,0.4119835668341524,0.16634473700495886,0.02554199531667639,0.00801929296632009,-0.038626494752686424,-0.07424951316427597,-0.011349550309311063,0.042279680906282424,0.11141782471017059,0.20092632517645603,0.29627971588418994,0.3629312947034796,0.4261444881461473,0.47307383696989147,0.4584283155448944,0.40971999172905593,0.26208700717890776,-0.03527127349560402,-0.14067860410213567,-0.21742293620547326,-0.21987027404742054,-0.17422986347792535,-0.0995279485391698,-0.048108760711143894,0.026813732929802825,0.10535164597777547,0.4149678551762144,0.19515262480524098,0.2418193368760419,0.2727117023155453,0.2763405019410532,0.16162525416403617,0.0945666747992795,0.2333478959905081,0.1568964733113699,-0.00012881571832323857,0.016911976055836497,0.06768809512618401,0.05186427457905429,0.12578798474852682,0.05733994180017632,0.12295189951113517,0.11730487859318028,0.14845289498545455,0.2702262297193474,0.19838030086920105,0.20072945171888867,0.3560327376227522,0.6915042728986964,0.6383173547403757,0.6167357958494993,0.5199498143565695,0.4832732824415469,0.6101191856291717,0.9292527473092786,0.6214528441414413,0.6136751436657466,0.7330554876249,0.756639985888695,0.8118024860944304,0.5909626773172638,0.5213548488232215,0.7642839557407269,0.7475124228680726,1.0894814089957632,0.7589105245484788,0.6159936786218652,0.39588781430177944,0.30714337110218515,0.24192234435051696,0.2683450683538484,0.268189098333822,0.2981364244971634,0.34023599222722933,0.4006809917711649,0.4551734796031861,0.5463884094670671,0.6398905727293813,0.7346691370529574,0.8276513651728031,0.8956203727746916,0.4113075606758582,-0.05696583422000656,0.0171220592189667,0.1367123886802657,0.2631300749575278,0.3547504679130018,0.4317227517453386,0.509169107607589,0.5364906815948092,0.49544893071214086,0.5564849206452043,0.528724227674645,0.4980494901882827,0.4370118578335961,0.32756589427245447,0.07512768575818887,0.488022277601872,0.7225744932209194,0.8446878069204002,0.8073548700982938,0.7259288702331308,0.659856052097364,0.5927406264950617,0.5239067973655014,0.4628482004493575,0.3872029610039207,0.34502808208674796,0.2630789052295741,0.16739198672448974,0.023706371969848372,-0.12341665218377018,0.04718027957401061,0.7049466706642272,0.9289771629210164,0.9459461974621552,0.8817769427290876,0.8885014000876637,0.9009911272956446,0.6988930203586288,0.5907804901841237,0.0,0.0,0.0,0.0,0.6549516328537321,0.6731308044569655,0.6109086248068359,0.33087197991730544,0.5459733225439858,0.7472293404033132,0.739129374015292,0.6776934302527523,0.6824204335781141,0.7575189319325941,0.8043280967550341,0.8456863356261337,0.8254379664636535,0.972187817471382,0.9194658342693218,0.9123060513981269,0.9420819435674177,0.9383487496432938,0.9551952062322075,1.0761089295629955,0.47167315433340007,0.47518912654868906,0.4538159046943433,0.576885434751252,0.8265529415989861,0.9894324654778943,1.2450913163005168,1.3312331974701308,1.3554578031508215,0.37446374532879084,1.4442648482113234,1.4194670062342984,1.3562200787307621,1.205174720725259,1.0969519826389311,0.8506162397758263,0.49691103836006933,0.29929371356953816,0.501457983710358,0.8121264289112968,1.0423323433604996,1.147962028839012,1.2704396028848706,1.2292714287489785,1.2384534512217096,1.1637614215850087,1.1123589343399654,0.9554897876883387,0.8234601514259875,0.6870072658123154,0.5734795189821382,0.46435228593354316,0.2650921534848928,0.07832485561828115,0.4854526516372286,0.727014971550192,0.6158604316502488,0.7502123234534631,0.3939546900319566,0.631570606025392,0.5140959352321626,0.7552301844335855,0.7137128604046474,0.48396376446663075,0.497910575905533,0.5211014260078083,0.7918200430739518,0.1307009674447856,0.23940856812433664,0.5382563858814706,1.1512934306657174,1.1227971164385513,1.0457853271005386,0.7865936359665511,0.5868266912019844,0.44047336721153996,0.3111596027253787,0.16129197615479596,0.09611214674462754,-0.007722884464976376,-0.016945333851540068,-0.040968977893452996,-0.15557400503329166,-0.12825512591881316,0.16357719912640095,0.8738666250441891,1.1146064990729394,1.059689571513402,1.0652284978764666,0.9703144733997615,0.7325587937164912,0.5503264615373771,0.3486096298521819,0.3826102567879949,0.0899128715611961,-0.015799674191265822,-0.10669880042414337,-0.164022114882027,-0.22869119402624483,-0.31773774423064105,-0.3257829933243982,0.03807134038107951,0.4922157085397887,0.7340490924591763,0.7496657098232814,0.747248693598098,0.666188129586351,0.5649592236866847,0.5280278932429123,0.4268631990741045,0.3811713918820425,0.3118094608808706,0.2761414323949025,0.2165450204411863,0.1213852380589141,0.10447484861525247,0.10534393962629524,0.2154140259701769,0.4785827059187061,0.677088775617295,0.0,0.0,0.0,0.0,0.0
2025-06-01 17:56:59.555,1,0.0,0.0,0.0,0.0,0.0,0.0,0.47064283957517816,0.21182299211744335,0.007517743837491764,-0.02442792644876257,-0.08116544373290369,-0.09562273960936885,-0.022585579470899564,0.034369227288557624,0.11800032412077377,0.19889331501067198,0.31923562558967017,0.39448244942740274,0.45972409059403757,0.5021568565167555,0.5138926599865338,0.44709135458487126,0.30219306542039703,-0.01663806436013668,-0.16532224444212595,-0.23561196541160756,-0.22859235597319283,-0.1794265989528694,-0.09677569875608927,-0.052397521522273616,0.0425148344151316,0.12610626436287975,0.44566453387105476,0.2223962010019166,0.27812712960359504,0.31991165833684987,0.32507995040833476,0.23568602703341335,0.13540968114369978,0.2071597372289007,0.1558664475954029,-0.01018905263448966,0.015525691399735475,0.10062096676706211,0.0776974457518651,0.134890845048808,0.08863900861962914,0.13623957165005196,0.09621105289089715,0.13937801912246195,0.2108017458228163,0.19210004074885073,0.16019126042604698,0.25349112211016994,0.6746269520416549,0.6320588093538339,0.6289222363160315,0.5583940242910008,0.49809210175189467,0.8507302236384564,0.8275860756065525,0.5909252238512646,0.8453101437127291,0.7003266003225062,0.7952734546338338,0.9499908468197338,0.6326744145875469,0.643375326464037,0.8287755372166221,0.8116750360894026,1.0391955284328993,0.7142463265060215,0.5995887859439739,0.37776442429415,0.2914699399497198,0.22965342416448253,0.2476186591733336,0.24402347032306948,0.2834360457843532,0.3177078784341649,0.3699789465382486,0.4185401790931378,0.5081976084807948,0.5887437206564738,0.6855113964862247,0.7465470625172397,0.7757174578680616,0.38167884501871824,-0.0016203335432656285,0.07403976666579992,0.1781679249161956,0.2691981219503141,0.3464474045389898,0.42481171048473776,0.5035155582131781,0.5168663179885282,0.5988534633066926,0.5240969468679955,0.49777348884583794,0.46299503055321567,0.39339728669165186,0.2841561144330706,0.02315497597346966,0.5527406059697123,0.7725567891810953,0.8933333213368435,0.843217471307151,0.732269122513977,0.6602064017676337,0.5853002403937624,0.5102212729214561,0.4490422996047727,0.35845830034872117,0.319388713743437,0.21611316446855988,0.10961216288845832,-0.045753138471145816,-0.19983064425255692,0.060328386213571505,0.7868948718151881,0.9865149932240469,1.005718958330739,0.9353997372415823,0.9152646818327195,0.8873391721537964,0.8560800193887532,0.6333637735656024,0.0,0.0,0.0,0.0,0.5538366643939326,0.4050819299029457,0.5095908976676744,0.3589073891994282,0.5956873931884377,0.7902143955119867,0.7776233832212189,0.7260443296956735,0.7216890391154367,0.799453578561544,0.8393828042781526,0.8619688249301172,0.8321362293471251,0.9563134692800266,0.8905545111755955,0.8790789842907347,0.9068287082573188,0.8917040699759,0.896957732568022,1.0008001753148164,0.4967353380913079,0.5210693031625923,0.5099384875573911,0.6185788015899629,0.8573516712320519,0.9982476947618233,1.235992598262567,1.2999749633329294,1.318170650785105,0.5155239561587439,1.384748652922465,1.365404306290007,1.2891063243986747,1.1426144018116733,1.0431181485039833,0.8064121164674596,0.5100821800156811,0.3648823127150157,0.5308404225776896,0.8058100709970735,1.0162135086968584,1.1059423820753314,1.2202582469773589,1.1814295143271412,1.177362326520217,1.0944547923635857,1.052207362514523,0.8930678002506459,0.7756444783617623,0.6420758941549694,0.5340725215844081,0.42128798832283676,0.2270686933780246,0.08926813540122147,0.4999366832745924,0.7311968217189998,0.5674381338182154,0.6518237667369586,0.46525762398456527,0.42627379253338327,0.5167643385327663,0.7370568262256587,0.6575468291580322,0.6274322445894192,0.47028546052981746,0.40358274510874403,0.7639212456291987,0.10204916411357928,0.19563133021539597,0.5150088342538668,1.1579813948643003,1.111086066970598,1.0031065692512637,0.7605579122489008,0.5499827232903696,0.4027623305513415,0.2705498759242799,0.09693114039140949,0.04134834933782483,-0.03727293972579626,-0.07570262076517509,-0.09971194557042451,-0.20652488408095315,-0.1387148488108017,0.14441016802223888,0.856545865176837,1.1179379498399438,1.0508813237693397,1.0523040158134473,0.9359460394483923,0.6596979518478294,0.4674012636229612,0.2715284527342212,0.3658656396746923,0.02411093684164034,-0.09713003276768672,-0.173034028290594,-0.22596992826214657,-0.28821551669007317,-0.3683726488959606,-0.3228685910935197,0.039604661271983976,0.46480207271107843,0.7174531088019589,0.7100036848471188,0.7137618295884351,0.6022785405751909,0.5299593765154198,0.46617262876981713,0.3813009963059235,0.34413313922325983,0.27298101079473414,0.23136338099566744,0.1778215397107561,0.09066005678301725,0.07343688969070816,0.05463692989881841,0.1972994864889066,0.43548451574603,0.6588291164022646,0.0,0.0,0.0,0.0,0.0
2025-06-01 17:56:59.560,1,0.0,0.0,0.0,0.0,0.0,0.0,0.5622808485912866,0.24727477333297762,-0.05453847909955584,-0.08605394239617525,-0.1430728048189096,-0.12160638990008421,-0.025969392229633237,0.051843052503175,0.1603396143477933,0.2479594781734793,0.36652075876236606,0.4595348638665654,0.527091503871506,0.5580075727683398,0.5850945129168794,0.5591184036179639,0.42462150270574484,0.04557285555635843,-0.17632581600216563,-0.24745482927733842,-0.24249034096664246,-0.17153000150446762,-0.08726890660526898,-0.022978456980763395,0.08146335000104288,0.18496933362969692,0.38444559605292183,0.29286771778983844,0.3669278020437003,0.4010462618344216,0.4168016418259533,0.3832311111957214,0.15858067445965623,0.1780861955777981,0.10475563666471388,0.01533852339411168,0.02676996374275009,0.11328863949312651,0.14598949742919398,0.16916075775809047,0.11510434944434089,0.21022024505279835,0.1532721886989733,0.16784857897151662,0.23531568670191316,0.21780362356026967,0.182613431735222,0.19921749811730693,0.5629697859910953,0.5721975064326315,0.6225265399530261,0.5578550271902911,0.519587136198199,0.5755202731277773,0.49009394004192086,0.5068155989942049,0.521072838254355,0.7661319128665173,0.4735659108610154,0.8386644917515778,0.677073818404164,0.6587181563321558,0.5831997989068569,0.9138023712135261,0.9330732495710952,0.6429599869533236,0.5593567577198142,0.35859449417713396,0.3096939524534874,0.2522344338472282,0.26811461728559527,0.27844770410762143,0.32013835318525596,0.3706922714358942,0.41993564918053705,0.4570665704252683,0.5433078577745641,0.6058459412797961,0.6876846332238573,0.7275256188992268,0.7365750459967401,0.3373939563498511,0.010520965524992598,0.13988779802954943,0.24634207714709855,0.33312257946347734,0.40740049904036146,0.49046487445858133,0.5545443981323093,0.5694330507176595,1.1571775107814237,0.5656254470421536,0.5406507374995856,0.4926216960339561,0.4147804993665619,0.3060511311176403,0.04078428095144582,0.5397562635754832,0.7762595588050497,0.9221870851691665,0.8921755190861738,0.7805668098814291,0.7046583779484561,0.633065877340321,0.5588677575526195,0.4983324457822291,0.398476740485715,0.3652834976913959,0.24859070063724986,0.1482571048511372,-0.023360727676662862,-0.19366559155432184,0.045730187770074204,0.7942997786095395,1.0114017674482791,1.0385226456034824,0.9839723151357567,0.8543758736823261,0.9155904820597021,0.8598116910329061,0.6724611132368351,0.0,0.0,0.0,0.0,0.667079134628495,0.4477612570906649,0.6843190484336226,0.3744888521151438,0.6127806941040339,0.8109467926225702,0.8001408762742779,0.7755206197454777,0.7916399657748889,0.8700745063809372,0.9229907032473665,0.953525965952299,0.9257311988604058,1.0236161906676209,0.9379208047492962,0.9236278151575705,0.93508962795587,0.9112725567102171,0.9065948840673517,0.9797251180248276,0.512891198887887,0.5368619451515358,0.5482822420520101,0.6644990672611231,0.9206844427658527,1.0609643395026143,1.2954767709303519,1.3527255637717543,1.3602792930566665,0.6363742024473031,1.4112278813591357,1.381628027517793,1.2956156558597245,1.1398078919372008,1.0340488846731721,0.7979308707770122,0.49902660618399497,0.39537155535573365,0.5754172167980404,0.8544193844552772,1.084350342708528,1.17713117107907,1.2862604892273835,1.23682929607886,1.2315180919682422,1.1288800539957569,1.0821988694089444,0.9075570165697749,0.7833128683018594,0.6402634722521703,0.5256860085720158,0.4067801998000119,0.20282065723334708,0.13649955587418605,0.5981818336604254,0.8143177721688023,0.5960133456733777,0.5682745035014295,0.5685791375149523,0.3380903847679375,0.47243660831715,0.49884680021013184,0.6798334537050226,0.6286872276945714,0.476009714580257,0.5011893528517539,0.788220982034466,0.09864564607696297,0.19715986230707028,0.5731678969710114,1.305426287090876,1.1849938811646545,1.0981123700583897,0.8106364297243311,0.6283611600404417,0.4871311394617346,0.3223485584507324,0.14278044287377756,0.0653735696372868,-0.01696440642303565,-0.06810955591944545,-0.09941749930660604,-0.20130968798827986,-0.11869561759130748,0.20387969993514626,0.9484757053631658,1.2086838677088263,1.1133349236452939,1.12450418506153,1.0350460106539565,0.7616898274929795,0.5238729221851506,0.327173231998082,0.5170375232643915,0.025718867475915674,-0.10460338021842874,-0.20272352627457035,-0.261144453519798,-0.3355520685285619,-0.41939237010670694,-0.2725013784978294,0.13867787522164315,0.5918600441830246,0.8040629439630147,0.7837580754308634,0.764850366074908,0.6786414344371896,0.585817014961656,0.5217991978337193,0.4122712036541556,0.36513267541410643,0.27423956269193606,0.21816674941685843,0.16449054161907517,0.07141458073401297,0.021617971617508225,-0.00436445812639058,0.1736264901057306,0.46725640752445885,0.7269528134382295,0.0,0.0,0.0,0.0,0.0
2025-06-01 17:56:59.564,1,0.0,0.0,0.0,0.0,0.0,0.0,0.6023598503989692,0.2644727915381979,-0.09109108323239024,-0.15097777499465098,-0.1700623237795188,-0.1528609389211696,-0.023171970373370487,0.06452423960887699,0.1798418320190126,0.2639676983265583,0.3926574166812417,0.5042950229134044,0.5513538403048968,0.6019369086081724,0.6450841714998617,0.6291582169340598,0.5002941775233891,0.11142234505436538,-0.1612112923635292,-0.25335050730033126,-0.2320080848864715,-0.18456851792162832,-0.06849925245629462,0.0025080745999706,0.09954895085872084,0.21260755386040087,0.4857900713808706,0.34601019568718216,0.42095449940561563,0.4547002837481261,0.491114171501657,0.48578329604240955,0.28884380255255676,0.20733712881039223,0.08751639510977827,0.048650451659375094,0.05780836641805576,0.11665986516390836,0.1666187797453078,0.1735725459990547,0.14690417335197004,0.2168097260428128,0.17192369245039074,0.1835099405305305,0.2597384142113417,0.25746397889576905,0.16851327155254653,0.1731902802487752,0.5168274150899934,0.548509131266348,0.6001508868777509,0.5493957300136638,0.5088393463023757,0.3861634839073385,0.33548977902663224,0.4856848248934145,0.41985113335027746,0.7196263531894734,0.4076837927090847,0.6528775229653035,0.6123134724838466,0.8026878103212495,0.6514513473836508,0.8431867489618681,0.8945930273205112,0.6022397030397206,0.505558238325061,0.35425051527239804,0.3108919213948782,0.2639584525300509,0.3024381888363754,0.313235924906627,0.343545718482704,0.41675569905519017,0.455307421513909,0.490307770604995,0.5744203487505707,0.6258417842347654,0.691253103157397,0.7096120535019007,0.6827618438162011,0.30606906088663377,0.07717902714904878,0.20761075350901992,0.32413387034548036,0.4042680084783872,0.4625536674571338,0.5449559863660425,0.5953174061139621,0.6031060494559537,0.9048303867984844,0.5893036185735281,0.5612809756913345,0.5071337170888389,0.41526974091739777,0.3140469428752099,0.03732387280648172,0.563757373212617,0.8197344366528493,0.9584054727320952,0.9345478080562712,0.8071285891019213,0.7302292089307854,0.6543744995144376,0.5837129115307511,0.5099965342670119,0.40850414735370366,0.38309221441443975,0.2563788634128059,0.15183586737853405,-0.019661814315816484,-0.17755303965243835,0.0869253849935735,0.8322909019465862,1.0271417940037975,1.063227896304568,1.0080396752123135,0.62589064564739,0.7016689674197802,0.455015402325817,0.6346056785006775,0.0,0.0,0.0,0.0,0.7406955036873302,0.4721338100767269,0.659543652039207,0.4069468972027319,0.6480702422556688,0.8254892472815168,0.8185910759244386,0.7986079259369704,0.8225701681069657,0.908562677501368,0.9553108110494204,0.9911961183287503,0.9701193921084603,1.048896286795777,0.9507916180129259,0.9322988757585762,0.9363887864912215,0.9147526089989679,0.9008466851462065,0.9647440659933506,0.5367058686212773,0.5628565262855991,0.5744057192971155,0.7031506942814789,0.9510541566977257,1.090683282373195,1.3282382178266277,1.3742864552388154,1.3626269605376609,0.6341366511119968,1.4035149823941864,1.3748861864010635,1.2816426379682737,1.1043610475060333,0.9988364847371197,0.7765649630528175,0.5185981072285749,0.46531135025660186,0.6218721824765722,0.9010848035055272,1.1276350113417575,1.224056347504009,1.3079911324334899,1.2566936609114274,1.2343892339004738,1.1264095908799172,1.070719164386014,0.8842895497587367,0.7509611292778585,0.6092133458619899,0.4990789807723093,0.3708248186083486,0.16649603828376322,0.20611663876472416,0.6850239494650511,0.8767589971910065,0.38706495656227724,0.5754539075574475,0.6539242855620849,0.2640125392062508,0.6502382416394037,0.5596642726507826,0.6464066069584236,0.852650795189362,0.4564674694809876,0.6978130798409865,0.6401265225573656,0.06812669123476273,0.17412334682357122,0.6171612559524325,1.374327939510832,1.2215962429354699,1.1261439380464497,0.8545248312688254,0.6662788472883683,0.5111005311539096,0.27992810953132574,0.12577796445898715,0.0530149220385272,-0.042821436742606966,-0.1093691680840222,-0.1621011066013075,-0.2090856667244987,-0.0907240281877491,0.29789223390203984,1.050666016030171,1.265029412549928,1.1681607865065904,1.1806863083666341,1.0683244019205846,0.7815849235549734,0.4991144421814486,0.3027808932835072,0.6640549077775603,-0.03297879318517838,-0.1740911214730343,-0.2889537140849241,-0.3538157866139805,-0.44097811099812984,-0.44949654150158247,-0.20003746010206563,0.27155094154680587,0.765466098492656,0.8849501737560657,0.8599357379884508,0.8048594127665383,0.7163465209226794,0.5995537665415691,0.5082366247650125,0.3851959296339742,0.30275147588420337,0.2215954585551061,0.1356962480399786,0.09084073041044838,-0.03132214791132504,-0.08581351961725014,-0.0771028900815734,0.179033378105252,0.5073776470106813,0.7687941239487761,0.0,0.0,0.0,0.0,0.0
2025-06-01 17:56:59.567,1,0.0,0.0,0.0,0.0,0.0,0.0,0.6346625473480672,0.2374736825481674,-0.12211713620834447,-0.1657415794299077,-0.15559639006922465,-0.12496501733856902,0.024757244471337647,0.10514964021544149,0.22930960316883842,0.32646706082623733,0.4524665678941851,0.5675611428306377,0.6132227349474086,0.6579863231867505,0.7015152135194693,0.7085280509999059,0.5555032679954306,0.1465155985233742,-0.14941703215556906,-0.23024238726678992,-0.21496289606913566,-0.14959726029084663,-0.03301488924995266,0.04943970522329266,0.15598222004720586,0.2587645183624092,0.6145988996431867,0.4070241776771526,0.46549365103208323,0.5004913865609095,0.5533650562832946,0.5681803927706597,0.3777274182849268,0.22836157079522162,0.11967176693404524,0.0938254337286335,0.08406537787830537,0.0907622631267977,0.16052597016929226,0.20523094631857242,0.17652192826122004,0.2606765701047049,0.1993309093915897,0.2273672479640012,0.2657903121468781,0.26028229428859034,0.1732781636150464,0.13695129690496063,0.45502599766843854,0.5311938446306775,0.578218028123025,0.5455062637382657,0.49000281416924696,0.6042788536247796,0.3190444631209931,0.6209855413318643,0.4774126255925918,0.5304038715780782,0.4971313422794501,0.679769318066858,0.6417728251674231,0.765086502434389,0.5554009829983824,0.7140141403625498,0.7411699375639174,0.536369712271726,0.473914257958997,0.3515138965419011,0.33779635600026636,0.30924826087545654,0.360316040700132,0.38067343008280385,0.3939944265192403,0.4804719840065801,0.511334967104341,0.5401565978579113,0.6050546925385868,0.6414618640218728,0.6831906280337987,0.6924312607636676,0.6036344644342706,0.2817613032828574,0.16363695485780394,0.33634531999972306,0.43789228174489603,0.5034318151724986,0.5640933925751352,0.6204491854947576,0.6540855504628316,0.6533506624170011,0.9989692849208716,0.6131077811690882,0.5724874276881012,0.5081069549353449,0.41490046736312824,0.2961170064215683,0.007283081232896171,0.6161330741341717,0.873126609825441,1.0332078284992288,0.9854456553094357,0.8456303780050727,0.7615403927296798,0.6771204308175145,0.5917748701792451,0.5300096420767806,0.4235605163681777,0.38632166644432697,0.27383902441416597,0.16689443068898258,-0.010169955383710572,-0.1706379206024845,0.10534384803382163,0.85018480178876,1.0357112464963136,1.0743043848838203,1.0162990473620244,0.48003387995982577,0.6410914147541003,0.633585417217283,0.534795045570666,0.0,0.0,0.0,0.0,0.7848477483154039,0.5564426882686062,0.6968943959592849,0.3959570055229681,0.6298192678477061,0.829661834339968,0.8210401231951436,0.809151608138862,0.835514355430812,0.9307863720112703,0.9808347266755333,1.0136299872415035,0.9810040152298201,1.0775751913554088,0.9773911617944515,0.9438360221577129,0.9441765853960338,0.9160489918507977,0.9230158614673727,0.961737622643347,0.5512989848898622,0.5511955405152356,0.5680855834352825,0.6819476705151188,0.9311849831733865,1.0882797233893937,1.3138866453613431,1.3623930737480363,1.3468140400848718,0.6172430005011003,1.4111672533740727,1.3693699985251233,1.277461984525926,1.1358866064591608,1.017652466307562,0.8032847659551069,0.5538477481784065,0.4608670618536431,0.6031803585250332,0.858643788427708,1.0977450501726813,1.1811534396827688,1.275037276669181,1.2305403028649209,1.2370727296820596,1.1232912151484316,1.06268896919515,0.8923527650017206,0.765086877264025,0.6251645800355645,0.5191415822461573,0.3830437128094576,0.2005630916680881,0.1864134483562011,0.6461935833499112,0.8307216466097299,0.3443757209250664,0.5539542780354427,0.5275331201253083,0.3585654064203875,0.7068111679189919,0.19912525675637047,0.5683550110801279,0.6851824511259297,0.3774083917897154,0.7506783576997165,0.5484786681769138,0.07359323735353968,0.16790036537240471,0.547545525595537,1.2644826905564128,1.145347621680334,1.05484910280425,0.7712459840302246,0.6290649341457799,0.4669802105077241,0.2569319273980455,0.1274663190850902,0.07933178740344404,-0.031947052769928375,-0.08937027052047675,-0.1375154050356009,-0.18367622515350424,-0.09185088240777345,0.23613318868365712,0.9752846826372203,1.1983460851492467,1.1176041195593573,1.1452361289336244,1.0280584084413606,0.7629246264308636,0.490644368605887,0.28504662828757055,0.8418089011107589,-0.023394147505072738,-0.14124767715261322,-0.25615370612493304,-0.3190952232645925,-0.39112394924358057,-0.3997400459382965,-0.1687114194041197,0.23291041739389967,0.6842622720965306,0.848347710943955,0.8084219139863719,0.7668309298260318,0.6928347073717571,0.6056021328944032,0.4756185509590771,0.3833473829115417,0.32043256380984997,0.24050294589377863,0.1651190897208401,0.11076262017015981,0.011586792798737755,-0.05297670322515635,-0.03763276404252203,0.12134499575756297,0.34692548410283075,0.6347210258116649,0.0,0.0,0.0,0.0,0.0
2025-06-01 17:56:59.569,1,0.0,0.0,0.0,0.0,0.0,0.0,0.7224296013714374,0.25434249332780645,-0.19335407771775684,-0.22134965180211047,-0.2072242292538764,-0.12371537638116215,0.04823554959261489,0.1278712367040783,0.2734398712052145,0.3879381402023968,0.5150307530383413,0.6416928583449085,0.6966623814414905,0.7364404377731618,0.8089159237566468,0.8340685046203035,0.6547886872973396,0.19574341050835975,-0.17084262970312236,-0.25791736551294053,-0.24078253362575175,-0.14674519856998458,-0.01425830737700129,0.10365503367483164,0.21423553949114593,0.3133864503604502,0.540165488801078,0.4840458921807941,0.5488800348648848,0.5921067859396895,0.6446215228540584,0.6799307863283126,0.4373705399016558,0.18659817313471327,0.052651339752378123,0.06972243140897905,0.05866307125255754,0.05758633671505309,0.12815096344793964,0.2283203219829053,0.22332054957884573,0.2820507867233033,0.24474515667963948,0.29087334535912,0.3063104575343283,0.3089271297223391,0.24506942206634152,0.08920165291384113,0.294705965940951,0.45463017999544286,0.5150550302925944,0.4658347160672258,0.4226309747799275,0.6237594325224829,0.3785710442254825,0.6706607978379429,0.5393250931464333,0.5481681108545375,0.6934927079900717,0.7999049039005676,0.5187588897322637,0.7490810530128684,0.6961448255204649,0.5366887195482876,0.674777632864811,0.42328883111619087,0.37041917574398586,0.3039360909353255,0.3170590295888811,0.31866186907469296,0.4061786290429956,0.4379441251260854,0.46532116387267464,0.5489638783746573,0.5887953481084731,0.6347329933886574,0.6777762192201912,0.7110974294170882,0.7475400549273283,0.7433233537621667,0.6249405856298218,0.224049881136678,0.15722198693976341,0.3486113919790257,0.48011272987559916,0.5605970391594186,0.6232369736399361,0.6801090511125363,0.7055012924459669,0.7081309828885305,0.8810774379201247,0.6643385918544695,0.611132050876081,0.5427155939488107,0.4627378090492925,0.33853205521009005,0.040562331577518373,0.5822287222314075,0.8578699460468978,1.0309257198884199,0.994245132214487,0.868230656602097,0.7781865067537621,0.7023262201388527,0.6183780566983197,0.5705015827254194,0.4630616264420646,0.4238360293189809,0.32498675345590633,0.22045651743280503,0.06381568119194492,-0.09995022807574783,0.09923791600380377,0.812999426489511,1.0050974190517044,1.0674418859297605,1.0135326858956297,0.5601927689750172,0.9005087242103416,0.7453792700487283,0.3739617509193496,0.0,0.0,0.0,0.0,0.8882041710422124,0.7647438744848576,0.6626556402269542,0.36864130894338254,0.5916646147352915,0.8226843931586262,0.8299447197057226,0.8301857082603551,0.8700349145532102,0.9829066425547099,1.04926702792462,1.0810440974356608,1.0476110322414498,1.1514337986976377,1.0408579885922191,0.9886179071956804,0.9713917445732239,0.9276629927534406,0.9258225920848913,0.9259493208501268,0.545736887848251,0.5753399919888073,0.6029905509248976,0.7356870701842047,0.9819053237627882,1.1772850587845833,1.386856717360061,1.4347179721413854,1.4141925788211707,0.5204525430363198,1.4526973716548053,1.385484166282399,1.279634071193889,1.1425304501964266,1.0053942654631522,0.7829949811601712,0.559932064578501,0.55500114992472,0.6787375660073246,0.9689427942153814,1.203633754885563,1.2857059680878773,1.3642733746890654,1.3053310495413053,1.3016593403498122,1.1709178236817643,1.0854877417708044,0.9088049448192547,0.7784842187021229,0.6314201201924872,0.5082085648467419,0.36439408399881745,0.16470512813991633,0.23944241447018313,0.7409870315535899,0.9018289504131106,0.21619959288894372,0.4780753675609225,0.5979481348611966,0.4796410018761894,0.9267495773432557,0.13519135820223518,0.5028419571900731,0.81155050549709,0.2776535886055114,0.6162250902490068,0.6412771094617136,0.05703181776143773,0.1434620485218605,0.5469003280292463,1.316812795981272,1.1741049755401327,1.1213622053213772,0.8257283879044679,0.6999423244473253,0.5270777756069709,0.2983221247782546,0.16036920529186793,0.10090367939297584,-0.021132072601749652,-0.09561260781603675,-0.16348205070474364,-0.212086168134886,-0.11825454389200407,0.261934023229389,1.0077644552627358,1.236498287456718,1.1461766095650017,1.1820832598918143,1.0654849231873598,0.7972256024613236,0.5158417288567134,0.2887336769029476,1.0079470875497076,-0.0309639077500794,-0.1493822544097554,-0.2719640220023497,-0.3443039372272346,-0.41822492862037736,-0.42243024683099795,-0.16014657825290823,0.30207129170188757,0.7755964316352881,0.8937146749570373,0.85550471645634,0.8035584934211784,0.747930134573207,0.6220326388685598,0.49568918051246746,0.3961572770624704,0.3353298180813813,0.22567415598719154,0.15664490574281698,0.09722023523214773,-0.0141414367181254,-0.09977275631010785,-0.11976298379723288,0.06958566257629462,0.3718621868465767,0.6275335063686411,0.0,0.0,0.0,0.0,0.0
2025-06-01 17:56:59.574,1,0.0,0.0,0.0,0.0,0.0,0.0,0.7081030116094182,0.2050439874649194,-0.21559761010870512,-0.21629654733724524,-0.17470617269666788,-0.10394612118132529,0.06354339758090544,0.15488237604064625,0.29557274503139574,0.4222233106522555,0.533368378320008,0.6576232194776636,0.711943930851209,0.7429425293559178,0.8165951085324079,0.8478046115757545,0.6821360578017994,0.25308789433111617,-0.08523767414436167,-0.18196113822926363,-0.17490408080263653,-0.08186216028452042,0.027561562051580113,0.1559429600112232,0.24679699542111733,0.33959184222309036,0.5401654888010781,0.505392019912492,0.564098431245057,0.593223115098458,0.6336884060572454,0.6886818466352501,0.4997520918839183,0.26929608759925194,0.13442234892205684,0.1709236015609792,0.19269443393335584,0.14906130459665223,0.19538803289823448,0.218807903034135,0.2703839998612092,0.2845847891136841,0.297198444812788,0.2905265471624999,0.3156313948995383,0.2899929824350133,0.24371684180663522,0.13160545857900252,0.3067198187016718,0.4866148127599703,0.5603269425395229,0.5118653624984721,0.46758483339186463,0.39261934173060703,0.4888925643217954,0.7407581036514648,0.37784705016653575,0.6760455393341152,0.7719765481437977,0.6538944184206016,0.5679587639671271,0.7839496373130143,0.6177839731239911,0.617245998484032,0.6858176809950578,0.4462641800424767,0.3926977557768194,0.3604600766826733,0.36450169122036624,0.3671887884216265,0.45799314583034745,0.4877722791187986,0.5071369025561061,0.5743643147404891,0.6316918905678843,0.6786801434075576,0.7088827743302645,0.7404907007571282,0.7692094597470296,0.7569870875161201,0.6357262269925479,0.22697409332365043,0.19759404445350326,0.3851615215491653,0.5115878532356031,0.6116748832927204,0.6818962196346026,0.7187831761458443,0.7406202433129527,0.7500107365237276,0.7560632870976669,0.7000801606737583,0.6343508713719862,0.5677058553295634,0.4887680020828199,0.3495113753470684,0.050076502712685655,0.5809217767621929,0.8693574420676885,1.0600229905757166,1.020077618754115,0.8951953816157732,0.8076428415568844,0.7346971038471364,0.6515247135083047,0.5956405816215515,0.5031827361401997,0.4416132850234751,0.3649934528279464,0.26654364631065897,0.1191723218063302,-0.05270950433022559,0.07373125786432544,0.7706056627513022,0.9817798515920082,1.0470229034550422,1.0023566765462961,0.41237358022001763,0.9858928973040173,0.5641865622924975,0.2758328496954408,0.0,0.0,0.0,0.0,0.8765056278497247,0.9343672096778415,0.9561469909967114,0.2953070744026539,0.5326438189491003,0.7950239388239724,0.822072051916602,0.8162705407782619,0.8712078711648779,0.9950567469746081,1.0696871840855127,1.1083489964151076,1.0652121132803196,1.1825212786632453,1.0701022787154684,1.0014537834749948,0.9697384013788106,0.9294018492268434,0.9190868622844015,0.9201175024713604,0.5172529814898755,0.5679006248075952,0.596415917640998,0.7378149289787435,0.9836181909267541,1.1936870126196428,1.39245432053078,1.4378544743433304,1.4232823544041173,0.448824648658622,1.4655114210322995,1.3791299092949836,1.2864678922823212,1.154837485883589,1.0162949760238649,0.7894448897917359,0.5558698252605744,0.5406476684438275,0.6662074046567626,0.9648648087102762,1.2004935703523612,1.2859613937697685,1.3613247773756019,1.2986520872388094,1.2944902685924462,1.176125895617297,1.0737410418991873,0.9195914585350699,0.7811374648703154,0.6383168775337058,0.5114616571748531,0.37763105899899335,0.1823071679297952,0.22892731899620108,0.7238370189308964,0.8764664370966552,0.38105920875331345,0.5104760629263724,0.6198178877324634,0.5381853671657526,1.0495905665784024,0.15336471641016178,0.70130535091971,0.889538034814694,0.352462252643983,0.7349779457610701,0.6959366472113407,0.07867099203032113,0.14486011299945079,0.5066886546674885,1.2380062149251025,1.1479232779214734,1.1093674307053636,0.8243647933458831,0.6879729595799315,0.5297690331628453,0.3149881634119238,0.18414838586395343,0.12178703405122926,-0.014060031970834386,-0.06433800355163732,-0.13530422259583208,-0.20061840393693475,-0.1634684286574275,0.21950250690551226,0.9149004773916365,1.1818323466789638,1.1202837748114358,1.1485546081150306,1.0510146435852572,0.8105577175470433,0.5568986382988335,0.3294692568813,0.9640344702188203,0.025286743410138923,-0.06318792060285183,-0.20073433768539561,-0.2645695638385681,-0.3259743588987679,-0.34099235217412627,-0.17399397728378302,0.21984224148479264,0.6902939066456186,0.8374293668051906,0.8319869559767682,0.7900280353120639,0.7722625375041106,0.6471629476900835,0.5346985526788068,0.4345238725571168,0.381837144209608,0.27247091101908616,0.21658089032858308,0.1588057932291096,0.051503818194950535,-0.034363915523123345,-0.06628949098999293,0.003338819844317664,0.30296561820895385,0.5617652422780564,0.0,0.0,0.0,0.0,0.0
2025-06-01 17:56:59.577,1,0.0,0.0,0.0,0.0,0.0,0.0,0.6911561436672234,0.1523520350250687,-0.20216992684527096,-0.162550253508426,-0.08445805352970981,-0.010087318346680751,0.16129259135625762,0.22946987089749715,0.359846075581728,0.4825190188346624,0.582934789618216,0.6809418821116663,0.7349227792170905,0.7536683242777402,0.8223013189896637,0.8424757951001249,0.6519792351044627,0.28665528336587515,0.003125497977728431,-0.08718606956004915,-0.08040326221390148,-0.0009910731531230788,0.10673268030248462,0.22470646072821387,0.29183938156619815,0.3681689865676121,0.6290076261645062,0.5040333624583214,0.5421990440928774,0.5788544800853134,0.5947013580590759,0.6460166563953621,0.5003587959071223,0.3308564273748562,0.2518404016039989,0.26180242232370876,0.27752145996560307,0.2503908164526545,0.23193961017346143,0.2575056494999235,0.31514718952962495,0.27345288406070956,0.2865221576448451,0.2999459393977847,0.2816451278664649,0.2655802221482339,0.14767150644242394,0.10645061259491484,0.40422121578257786,0.5733491278402763,0.618605365122676,0.5819976045821649,0.522666643510493,0.28307863309985865,0.4920093064718827,0.8287029643584125,0.4400866940562077,0.6785704705637811,0.8031596703942203,0.5515412403975062,0.5549052685990636,0.7359232307950782,0.6897666934574213,0.6060269420851351,0.6926274072956542,0.5003521272856168,0.4534715105056879,0.43219243380597994,0.40794647336947043,0.4001996464239188,0.4888379407016741,0.5175193904791677,0.5286846261599927,0.5689273943418556,0.6280373722339028,0.6736315642499111,0.6849091393875396,0.7176419024800227,0.7337842565626267,0.7165799679181442,0.5783083667693629,0.24411095044348396,0.3010603586883499,0.4491839340245922,0.5633027646436428,0.645484374319657,0.7095569269373527,0.7221150076365626,0.7298421635764454,0.7361159125835866,0.23488125273962396,0.6735851046793937,0.5970898911714203,0.5332444124725787,0.45552450548069856,0.30026810291711986,-0.007213473953763927,0.6489393830061553,0.9314162887563603,1.1009328366147066,1.0406263147223866,0.8983285897646553,0.8047743756021501,0.7216377873628703,0.6347854455546473,0.5771234745416425,0.48733377915587006,0.4114028683859452,0.35019628696153693,0.24543358400333304,0.11602133866864206,-0.06159747594003784,0.08421126076115681,0.7838878984703176,0.973747108964538,1.0403966431641531,0.9882587465967303,0.4759331388497107,0.6186258685272457,0.6005200956394035,0.3328770967550373,0.0,0.0,0.0,0.0,0.7863146638519172,0.8882395244777825,0.9192259807927695,0.2611435294769634,0.49842331564656434,0.7761896066133567,0.8071734573321936,0.7996313888107268,0.8617238054748901,0.9906402843094917,1.0718431547511038,1.1000287066463086,1.0296556762349,1.1738912560962844,1.064284074116526,0.9811149216044055,0.9520335235270732,0.9009244128546694,0.9035439777038825,0.9039911410062265,0.5078838458344245,0.5675780422748428,0.5867675301809849,0.7258190556893971,0.9569691165471446,1.1673680087975495,1.3502504592892524,1.4018581631747138,1.4032297660528588,0.39744024210817114,1.446381268246434,1.3656558575649425,1.2727282719499127,1.1698400790396866,1.0292760134214665,0.8061404486236171,0.5859791039458524,0.5183791851899978,0.629153328999419,0.9070384754116507,1.1436848680143852,1.2231718521622337,1.299527082179475,1.2432483918187904,1.263070243040389,1.1439845571268386,1.0511660066036246,0.9151712354611615,0.7857703868756815,0.6573774034778239,0.5284814336401937,0.3990547211281983,0.22016956906255902,0.1786204615680537,0.6272877709045999,0.7873073771149904,0.26921476793657917,0.502043132687411,0.8181145687739523,0.38655407065641256,1.174994406934195,0.4419052385962404,0.754901901293016,0.8608066244028394,0.37786855848781087,0.9546231537303793,0.590364856026827,0.10753630949999077,0.1555537180805731,0.4395348320532448,1.0368319244947894,1.0521787250531645,0.9977404255102004,0.7745327792893804,0.6493668616558497,0.4822009744563438,0.309250988889076,0.19890623574019228,0.130021613327012,0.00039899795042974695,-0.02884775224923153,-0.08766933440704894,-0.17063222267146072,-0.17017535857101035,0.1373954326660684,0.754083700212359,1.0610617655999401,1.0243056493909959,1.0520762486874173,0.9520761099571053,0.7210776780302588,0.513020583719942,0.29290554814285974,0.9649873360969058,0.050296298151262464,-0.0219781943426256,-0.13568300153891433,-0.18186711454571858,-0.2228311584440904,-0.23257698001057936,-0.1986424631519788,0.03915542996507021,0.46979710664496666,0.690135561550516,0.7165464456451568,0.6934114559648132,0.682006763759698,0.5897127022361248,0.4965708061312366,0.4313924166479506,0.39351600231816186,0.31102952690249186,0.26919531746138925,0.2334821801108713,0.15523944106926613,0.07652296577572959,0.03888772834537335,-0.023434334639211796,0.1193763952054192,0.370193650022989,0.0,0.0,0.0,0.0,0.0
2025-06-01 17:56:59.580,1,0.0,0.0,0.0,0.0,0.0,0.0,0.772178641215843,0.21656988292221882,-0.158890161359755,-0.15443714117889717,-0.09465852145307918,0.009159990150245378,0.1922545788257214,0.26327329529506294,0.3983838949167654,0.5147236352755091,0.618557016241706,0.7251076381842004,0.7717311801110225,0.7970583153223417,0.8453195278563097,0.8685271220481912,0.6746300273827487,0.312528054417257,0.04426203242296778,-0.03012194130852197,-0.03625049908220124,0.05498457616307806,0.14378242274036235,0.26196382143762587,0.3389068219042375,0.4060842943130585,0.7066150293871364,0.54464127253462,0.5595001922902536,0.5879724168393514,0.6082842365196914,0.6463404858158651,0.49178171878514126,0.3166551126042846,0.29529449626987614,0.2656190972192971,0.3234545496395316,0.32342653146971445,0.293777568558516,0.31469343058489296,0.3619856164225599,0.32172565008338294,0.3280690019295056,0.31831389724732784,0.2880438266398654,0.2611969944004579,0.17346576275460474,0.14674020654224443,0.4377930124528655,0.5966202926814108,0.6438429281068737,0.5832279573951531,0.5494200493749983,0.2446382958174131,0.4515858403928812,0.8233100143661893,0.48062965063238505,0.6114139646804664,0.9195875522561383,0.7928726852995543,0.709280718252433,0.6254785778201128,0.5581540786024239,0.4992655104673154,0.7723715886918561,0.5234489762131787,0.4734559351405814,0.4414646723657647,0.4258083906376755,0.42192715390393243,0.4928809787412316,0.521242942154738,0.5586357692950588,0.5857973289361869,0.6552152034609491,0.7011721418416414,0.7167755812631075,0.7575215088742153,0.7874499494975997,0.7543109637134516,0.6458445271104535,0.2818223207457823,0.2581413090617649,0.43458109989438887,0.543296968492617,0.6424362130788486,0.7051491415914475,0.7206400886917659,0.7489168389122796,0.7562907732165292,0.4117523153109008,0.7043965904975107,0.62598495652144,0.5680757953255876,0.4839489784984937,0.33588254125479616,0.042777922815892405,0.6009247917491423,0.8751903558873472,1.0758732326663156,1.019374110200326,0.8934868218877929,0.8067627105720823,0.738047892761938,0.6626723629335425,0.5955151653958788,0.5215863656244042,0.44119153448620385,0.3948503316646159,0.28822394563378095,0.1713426928430507,-0.01609728104461383,0.07626903986167544,0.7287821117173605,0.9447989309645608,1.012406732792447,0.9724247019686811,0.6275444647565849,0.6059914986466421,0.8832168171011703,0.30131820651834385,0.0,0.0,0.0,0.0,0.6532591430294912,1.0967856309497541,1.0507279394474973,0.227693376306781,0.44741453314329144,0.7492125810529514,0.7962308901236248,0.7895673298405798,0.8639974029568676,0.9997467308424459,1.0977329083038225,1.1315248646121425,1.0486201533394657,1.1932595360959106,1.096211964423028,1.0077767881404147,0.9762964880643954,0.918646181341298,0.9111587319725816,0.8870322401626318,0.48819141664517274,0.5624429773934232,0.5959304889266657,0.7258863998511285,0.9707950217802843,1.1690665798687814,1.3615271506586977,1.4250130337640143,1.431627682427188,0.7064627900880571,1.4884052423343475,1.403634287289195,1.3205906787987134,1.2080628801420432,1.0730025237803233,0.8368452778715508,0.5863136855636324,0.470887892160725,0.5867828867129751,0.8715289852671837,1.115505925921537,1.2057080623628116,1.3161578959208868,1.2802030373367759,1.2814044790130046,1.1869663103247299,1.0841217762108633,0.9604493660877981,0.821892819599587,0.6896793649585302,0.5671077941035638,0.4345385778798947,0.24491357467372693,0.134349095537468,0.5900523238486934,0.7811181608450649,0.20772658839141658,0.5084339391010751,0.8660891190450392,0.4184493166011577,1.0793286005530847,0.4631232917826521,0.8410757368478978,0.8257903492904295,0.4323885143513395,0.9075660479871224,0.5145118512437596,0.14802235408040115,0.1689285713541976,0.3929653589613193,0.994700586007744,1.0543107395406384,1.0433554774845777,0.7958237154273486,0.7002825889088509,0.5365151087886892,0.38376920717668317,0.27621190299535914,0.19741135905058393,0.058348238339338776,0.04937866051044426,-0.02158630350503743,-0.14178102530913295,-0.16490935629805775,0.05980583525173838,0.6507277972306211,1.0244183066000783,0.9974191046843655,1.0337875976833626,0.9605269833605832,0.7542934007448188,0.5486570852672796,0.3468446260248079,0.9447646093831289,0.13192759173091662,0.05024590958976427,-0.04936085432827042,-0.09341272094848485,-0.13764467918842427,-0.22815878034894227,-0.2910570438706875,-0.03646702291817705,0.38430406484474,0.653773645712612,0.6864088630036366,0.69162803582943,0.7130631727609287,0.6158839243893377,0.5264913240947666,0.4851679949318848,0.4664599525174271,0.3856635868970215,0.3543100272532098,0.3115223488462864,0.2544512380225358,0.16806448036805566,0.06754561766981898,-0.08574792255380659,0.0434088085543205,0.3064457676846337,0.0,0.0,0.0,0.0,0.0
2025-06-01 17:56:59.583,1,0.0,0.0,0.0,0.0,0.0,0.0,0.7339819741630017,0.20405425970919852,-0.11856705272123824,-0.12166212234303964,-0.053190186119230654,0.04982856574061867,0.21488897298032372,0.2924067062243576,0.40879638802097695,0.5159242046322483,0.6231536232376831,0.7154021048038267,0.7598626733204159,0.7779248437721663,0.8213054812235366,0.8209238101710854,0.6345080954863008,0.29760472641648844,0.07208842518279412,0.0032630026293692938,-0.014874353757084569,0.08810141656019299,0.15183780555221915,0.2743259089592003,0.3267560936424123,0.40208323289258163,0.7312589039125097,0.5217173285697471,0.5353870597132451,0.5621145593844152,0.5665612423139597,0.5896390139017665,0.45590335565438694,0.34039764268838213,0.33043343955630444,0.30263989008674796,0.36718433046390064,0.38051709688461544,0.3062802221884595,0.30531291174685804,0.3308102563159987,0.3097504732021443,0.31278474996948336,0.3005987832584126,0.25472318524245874,0.22464071813738923,0.16165534183478691,0.22543883837552148,0.5549276524351313,0.6430264607181984,0.6992193175348272,0.6161044157421673,0.5887370818140147,0.04812403905973983,0.5752321292095812,0.7240702680867122,0.38940852912650004,0.5975497656751778,0.8708933653405324,0.7977447561329108,0.7454076167274384,0.5132157155170494,0.4863653795906073,0.61429710221222,0.9554783272317957,0.6073095143370025,0.5012322601619488,0.4550553246370226,0.40145873903180673,0.39120818690045467,0.4544811861030158,0.4892461059289692,0.5360347505927641,0.5571148543541296,0.6381926814160837,0.6860057089124849,0.717907015762164,0.7662997507769804,0.8099449638448082,0.785979053690859,0.7282041829869456,0.303627914830779,0.1945960530861487,0.3533505182830827,0.46553749956013046,0.5698706117540329,0.6370809486944538,0.6639784981914407,0.7120743343389524,0.7265066858644913,0.4843011000167771,0.6919890249993019,0.6239667593917181,0.57115428562903,0.48422668172509875,0.3547302455035181,0.06976998543964633,0.557344474206546,0.8280028902969355,1.0215363083333955,0.9644414174455991,0.84175475130238,0.7710226316075695,0.7079955085801175,0.6430227774241715,0.565085917368654,0.4931161190308013,0.4192352106972075,0.3707176388338864,0.261839821786104,0.16473020777588532,-0.014624962481166182,0.09621341583043458,0.7254297964135105,0.9266227792906958,0.9862825581589456,0.9401049780119011,0.6309329162901145,0.6059914986466421,0.9052628667719296,0.6191610352733097,0.0,0.0,0.0,0.0,0.5674327524228532,1.0523922478760734,0.8609070030632074,0.2604401867658077,0.46215343020372607,0.7398938625053519,0.7773826801230388,0.7696241408005909,0.8325509992056717,0.9611195561519563,1.0577785174687375,1.102435390946673,1.0204965337699794,1.1572198782516065,1.0823163373243805,1.006155168921964,0.9848430679823847,0.9422202016476129,0.9437537390621917,0.9604526152008674,0.5182800567736868,0.5726041229681303,0.5752859320940429,0.7001816344148404,0.936833606030963,1.1234003158205552,1.3155127457564366,1.3913698359099815,1.4109416572095619,0.5712164537420739,1.4844679516646782,1.418069633248682,1.3412760274664166,1.222205949090355,1.1087810163737448,0.8993678970590838,0.6444730167523158,0.46981085841623205,0.5444475985581928,0.8146845631642705,1.0387011803070707,1.1547549526859562,1.258610977133522,1.2442968557727465,1.2369280241701341,1.159837010049963,1.074800844417994,0.9512015899339664,0.8220133320312918,0.7029996704554247,0.5844860803416644,0.47151250836433034,0.2733692004774609,0.16435724995326484,0.5288204293271257,0.7239481296477078,0.2870363924693865,0.5252521464860066,0.8705581489659758,0.23433441951468037,1.057162019826876,0.49245116303229,0.7710786943083496,0.7505298639389626,0.5919706591611947,0.6187504439014107,0.6944751664483274,0.18757050050220886,0.191616105042766,0.403153516785204,0.9079221097539032,0.9676333579212832,0.9480561669143893,0.7537995645753757,0.6365929376779083,0.49492029368886503,0.37781886094413153,0.2539029136112432,0.1760951792376788,0.06485218945421578,0.05248872410801031,-0.012021894996223303,-0.11544829766340314,-0.12729322104427104,0.06296376959340783,0.5704919534499202,0.9613219790171017,0.9374709369136653,0.958755282731495,0.8554248561449882,0.6574447938185086,0.4724967027603737,0.2951766215698646,0.7996758030903707,0.11549508208418313,0.0226854177842295,-0.05534249829814453,-0.08151683402780996,-0.13686756331703365,-0.2041686364522307,-0.25043586416686836,-0.04379989208291768,0.2835206162770594,0.5638585981956701,0.6202309506890026,0.6307769192539854,0.6221006265318536,0.5250670993329185,0.49526907429631883,0.45172711500174434,0.44219232354429394,0.3726013773516088,0.3508910334357269,0.3312491695377209,0.2808246469448733,0.20740755110982445,0.10919564465366477,-0.014060306666258238,0.04950753914045414,0.2363793260161846,0.0,0.0,0.0,0.0,0.0
2025-06-01 17:56:59.587,1,0.0,0.0,0.0,0.0,0.0,0.0,0.7126369285132036,0.16427007293136328,-0.0855744453567816,-0.08129523226745361,0.023252988840527067,0.11696379618308106,0.2761399625028288,0.3458440504709652,0.44863790208623666,0.554842597166938,0.6490672589752486,0.7368516562932798,0.7740175698668408,0.768117913306824,0.789655734639329,0.7843661949651326,0.6012338349483167,0.26937410495317665,0.09081147674568346,0.06966366355667464,0.04795634747361044,0.12491584946365397,0.185650240340705,0.28911154111343107,0.3454535877782283,0.4125699072230107,0.7266414942432382,0.5121684717630227,0.5181737956890324,0.5346166717700409,0.535589802612616,0.551299638341531,0.4191623014377271,0.3599254063985293,0.3854074147335952,0.3239117355804828,0.4055278655387864,0.40091697954488703,0.3472050778711133,0.3013032551009709,0.3379665657876334,0.30304993528628255,0.28196754867205764,0.30979109375161007,0.21844179292741317,0.15697401225386892,0.09890604879960144,0.2551244831443746,0.6544315113540727,0.695004421065764,0.7493033415773053,0.6780587956287425,0.6360392494587757,0.02665665996389549,0.6173618414785808,0.6153445361738712,0.501337990959032,0.7508577408833299,0.6895490396827011,0.7427218177107014,0.953038715810552,0.46987003605300515,0.48813163671202164,0.7380041200462243,1.0064068869736111,0.6773378093759629,0.5489340549748452,0.48004225941261836,0.3957475472979499,0.3812094065197529,0.4198529907239148,0.4496846491109905,0.4979618267761916,0.5352429031686641,0.6190815531379292,0.6561811467064673,0.7102074424938419,0.7601053131866085,0.8105285938110918,0.7980346291581092,0.7403061702575077,0.3020167045461776,0.13682301200413372,0.29260107902297405,0.42630672179576434,0.5302851183090833,0.5980083898497228,0.6367665555221689,0.692448504522857,0.7094353698849882,0.6224266275350334,0.6901225797445687,0.6249009677003262,0.5713533402298666,0.4858171719661578,0.3626686493529944,0.09283016477421666,0.5343211453704484,0.8067371100870132,0.9934533768630773,0.947311531868291,0.8229122402153133,0.7562834690777291,0.6970854079196944,0.6288460896058119,0.5432394968927612,0.47545412339112714,0.40530126471383876,0.3493695726674475,0.23330940301234482,0.1338364335728296,-0.03862827693831972,0.06440512271897264,0.7107644272883515,0.918673587506126,0.9697755359464402,0.9212842163047648,0.5008473251090118,0.4647600408242299,0.8517032927501906,0.6753440354579138,0.0,0.0,0.0,0.0,0.48186279144988,0.8022069313149132,0.920801521794879,0.2847997635624475,0.45772015498493207,0.726192825424595,0.7593197835973882,0.7377394668346741,0.795963089459107,0.9130454857008192,1.0069483409948088,1.045630368108987,0.9901879838211576,1.124901628658793,1.0529598879377855,1.0010877288113542,0.999065365724795,0.9722636740212793,0.9892921961284491,1.046949300865543,0.5399168115787992,0.5528466049104276,0.5351521520688052,0.639799936005023,0.8771897047170334,1.0626144205448678,1.2685393352570884,1.3501074615578788,1.3904413841363243,0.6430129815695698,1.5011700296313912,1.45432700597404,1.3921142814499758,1.2743243013390302,1.1763879087301785,0.9749191166092884,0.6933084971126348,0.396113144682677,0.4530145247948495,0.7044398612304479,0.9101351673719829,1.0641436231317158,1.1920345301398334,1.188037951295834,1.194952713788075,1.1435041496330411,1.0804396109638859,0.9588914052675249,0.841557832262798,0.7316175662892406,0.6270863825878731,0.5284941809990739,0.35531949174839733,0.15221691091175368,0.39734702820685974,0.6068479187788903,0.3925333659419751,0.6759831060481746,0.8048979631021905,0.13383490325508085,1.08991531986752,0.6336333765708784,0.8629930663892327,0.565082835393758,0.6988987615730887,0.9037843521166176,0.6421060321404651,0.23336703686364652,0.24594139939467174,0.35171419591701436,0.7070216198797477,0.8078754326804787,0.7478765906357411,0.6469287264712877,0.5287638585695251,0.4199503058784999,0.32755359465035716,0.2287317889854763,0.19502949601499098,0.08740924445898512,0.10819777642995754,0.0512997436895819,-0.040942105222299685,-0.0865047010427889,0.0024107210664568446,0.403469858567498,0.8416422308207573,0.8385926351159965,0.8491377082625341,0.7248891977227199,0.5495995374631875,0.4019461716854458,0.259503041418796,0.5538709289681175,0.11980822448687789,0.04914484257281315,-0.02127770926803718,-0.02513468842584643,-0.07772683690223448,-0.11728508002864901,-0.19659719474678622,-0.12600575558084037,0.08461574829679985,0.434104127511624,0.49864065744442465,0.5191230560739575,0.5048952382337897,0.4546142939891593,0.4302012796841195,0.4198156585596744,0.4121147893856856,0.3998600370650953,0.37381066281440134,0.37892260804483313,0.3682801150243614,0.3094164867038326,0.257544991746598,0.06636665388341845,-0.05928959802806333,0.014512522464372068,0.0,0.0,0.0,0.0,0.0
2025-06-01 17:56:59.592,1,0.0,0.0,0.0,0.0,0.0,0.0,0.6791461537111234,0.1491802066868473,-0.04047050905527344,-0.04011714959144719,0.06890398452061064,0.15131295511925302,0.3062447989619591,0.3574391077562755,0.462011031675568,0.5577917029482009,0.648926441928348,0.7313275513955887,0.7558411385814068,0.7591492010615656,0.7704519351684813,0.742105846095038,0.557189260818766,0.2602536132316581,0.09554780170350452,0.07945979012536808,0.04761419357287666,0.11958298371905252,0.1883424217825842,0.29323486540652666,0.35420342858250287,0.4116632764711343,0.7199785765937122,0.5009186720060904,0.5202766900739795,0.5212653229160364,0.5190242252371045,0.5255987425059592,0.36436370704385074,0.3467161880293921,0.35368928169457037,0.2907744711376421,0.37981242854241803,0.3781191964791153,0.3494684580806011,0.3461241188002462,0.3112508616466294,0.29499171879897546,0.25191501669560945,0.30478924875306024,0.2085194068506695,0.1658483691862106,0.058100067277586126,0.2793834284051745,0.7302608306045527,0.7505575679788841,0.7842933474822941,0.6777400118518471,0.6623548506046122,0.045106213016014585,0.4568155787863205,0.6490162577464009,0.5102120884942569,0.681476055454585,0.4507991230631362,0.7903423798856566,0.8238264470395129,0.268334778349706,0.4768210932290422,0.8104084055811865,1.06583493145026,0.7133804228382322,0.5650946333521059,0.4653512127642505,0.37831149506053885,0.3494918033686467,0.39319718097971257,0.42519669641618774,0.4688450949814351,0.525384586378687,0.6048426623065342,0.6483444688722297,0.7152647166730727,0.7762163078129791,0.8285087440719361,0.835725214022431,0.7831508635902171,0.2734182353639726,0.05568723767927286,0.2336649802080728,0.3816037559988015,0.507221734022117,0.5820811072930407,0.6297614214887206,0.6838621149261384,0.7082382230982247,0.5903884524361973,0.7009670440156661,0.6503608815603269,0.589502862472891,0.5161804926654173,0.3927017651972176,0.12392471688794529,0.5017985424925948,0.7862635119571165,0.9735168671403827,0.9469860992122519,0.8278657417402651,0.7638226598285318,0.712012930281785,0.6413108642920649,0.5621512628891085,0.48684023613524374,0.42381500100647407,0.35755633137017995,0.24460681532986284,0.14394626737581617,-0.03920157328376983,0.04622822911979779,0.7048063749187138,0.9187585658132285,0.9665807246513667,0.9136097525038294,0.7160757981223886,0.2876642208252898,0.8143180549879838,0.7289292551529686,0.0,0.0,0.0,0.0,0.4203354936252365,0.7418082528589067,0.7432654047068891,0.3107385818557765,0.45147115064800586,0.7164847297237061,0.7421412036647572,0.7277878806681982,0.7844369802113207,0.8890399130941928,0.9933477829538719,1.0369955307282286,0.995684341706859,1.1350155851356272,1.0692986916382088,1.0228596777098242,1.0297026476689528,1.00219022365536,1.0402711627669403,1.1135016960028912,0.5557496472591537,0.5393099111181925,0.526357507618264,0.6305536090281689,0.8756241560434137,1.0764314751837532,1.2911748377724757,1.3866763216157165,1.4336574350833933,0.648169174991458,1.5485555068701347,1.527803571332059,1.4492497750468234,1.3278929790604508,1.2121785211636233,1.0211814459322748,0.7274312941629507,0.4012795600596699,0.4542585164676681,0.7173496511639976,0.9345900863349397,1.101260114169081,1.2291765804319912,1.2276938081214108,1.2502065893857037,1.1835480192421133,1.125560431342151,0.9846473439010869,0.8750338811299955,0.7639015550178494,0.6528280794543567,0.5611795485094178,0.3961225744982898,0.1684990670491494,0.3624843356637173,0.5746573106531646,0.4063341892585699,0.7181580573532377,0.6101649752626469,0.25578255667540006,0.9433715658207633,0.6543660205142359,0.6895459114162534,0.44460220137316436,0.6067878282575894,0.9481111259634993,0.5902778524672313,0.2633735733082501,0.2565025690075959,0.3076887795230566,0.5745520136164957,0.6965215793434445,0.6503179028130545,0.589473266761473,0.5140877523468235,0.3961905397963581,0.302668286012695,0.23527400725482006,0.19516272601904516,0.11126207612878747,0.1364351147498437,0.06927178954532875,-0.009122431279352528,-0.05610963365184629,-0.04648400630577948,0.3590838717025447,0.7826792621702497,0.7864532174201464,0.7960622767819537,0.6725227123931379,0.5060590897345993,0.3526291161703987,0.23786328526200484,0.5224469716390171,0.12082818859037991,0.045471320317849395,-0.009846392183067598,-0.02553803533559751,-0.053378066080418396,-0.07789859656259235,-0.1306067625473638,-0.09916969502937273,0.024447279601588434,0.3866657199636902,0.43689841181114253,0.4601571000400688,0.4198293050657045,0.3748574950199435,0.38573323007076166,0.3969743097005598,0.4081636492837728,0.40721903699326467,0.38243927648351894,0.4097283349106533,0.4152786337570259,0.35761930300506317,0.33916631329359476,0.16422988014638185,-0.13622237447563218,-0.14028772189949823,0.0,0.0,0.0,0.0,0.0
2025-06-01 17:56:59.596,1,0.0,0.0,0.0,0.0,0.0,0.0,0.7367031547296126,0.22362012811608425,-0.03119426966011507,-0.1329434306039452,-0.021640962734457148,0.059730272622723235,0.2300664135914906,0.2983280771538246,0.39569904193879213,0.51077309437349,0.6056566959974397,0.7106708115456545,0.7340247973786223,0.7651779541918459,0.7916611907689045,0.7602784109934231,0.5841987291264443,0.24266241212792755,0.02729528672405479,-0.013378754624985723,-0.03260425115999954,0.054240406009667064,0.12932111396005008,0.2276619769503503,0.3295172644148754,0.3982097167379022,0.7476087348673,0.5172966464568619,0.547315804516711,0.5558517146262844,0.5786819017252012,0.6042754068609353,0.4184602825935784,0.32978928448527234,0.26919566026166963,0.20175797769542503,0.36935821753162834,0.31519870550135476,0.32479919278571856,0.3413280553913973,0.3003852263039206,0.2984544763818584,0.2788956571579766,0.3251835965535572,0.25652902131078026,0.1779428921653367,0.12725406476867768,0.27254434703114544,0.6566076412970234,0.7066401056809929,0.7547466331342388,0.6604961783264283,0.6613748352569595,0.032452574006535895,0.4916680873337276,0.451520413460268,0.5029206679394291,0.4820429866892664,0.4974724555844424,0.7968234023661438,0.7192403751868004,0.38455328893129237,0.7074737424584325,0.8114728245029638,1.1178611750434941,0.7071870161619317,0.5198085506006944,0.40835194757219884,0.32194386359944804,0.2992428995470511,0.3401180388300147,0.3781876308895584,0.4333447779165662,0.5035843066027068,0.5936041655828503,0.6582364776969232,0.7395091047857753,0.8149647767354427,0.8877461983203965,0.9130658411828495,0.8939600365995766,0.27223031240101736,-0.12149147155137208,0.11008131795660403,0.28114657739778326,0.44794647563381873,0.5406627917479212,0.6110487567543581,0.6877316583805277,0.7217981755105083,0.7196186948198597,0.7491036396580877,0.7050728430271053,0.6507389263424649,0.5824694726552749,0.4705023129813432,0.21253524817278266,0.4251530547798045,0.6948995052696597,0.9073863946864922,0.9186168502943988,0.8301310117987726,0.7764828969480815,0.7351643411206181,0.6653406384590039,0.5898009031637115,0.5241220820020986,0.46350159696833493,0.38948700731934105,0.274449097036662,0.16191651496321724,-0.03655078009181034,-0.02277836676092565,0.6726956275433505,0.9158401594855505,0.9718203067708056,0.9185885428526717,0.6598003677729984,0.3882587080456777,1.02778831733227,0.6593630037478015,0.0,0.0,0.0,0.0,0.49434977206128006,0.7199804058148422,0.8086280916143352,0.2867429099350176,0.4643587980162008,0.7288548812615427,0.7519184637829801,0.7346072049618396,0.7779929563417314,0.8757012366350099,0.9635120139504973,0.9978742259429039,0.9662885363315095,1.086495301743859,1.02947064495639,0.9845679720983862,0.9897558200441274,0.9743458981483706,0.9944895403964775,1.0826603305807365,0.5754009934442239,0.5754304914194418,0.5702560648136774,0.6680069410301508,0.917723006135913,1.108769741977261,1.318350139846101,1.4065389526041556,1.4384341413108974,0.6630019025683336,1.537846617716235,1.4995252009247992,1.419480955944066,1.27822276780413,1.1554738436742995,0.9673186615255985,0.7386581452559261,0.4897037495183614,0.5610416353125077,0.8175647413439577,1.0162962598649536,1.168624168514376,1.288807215719788,1.2685415421454629,1.250435914346923,1.1819019986817012,1.1009996195483764,0.9495404788201146,0.8335701261335823,0.719162888472781,0.6107854315793979,0.5246360661063371,0.3710870985020285,0.24607789818153844,0.46282273628402426,0.6522041178596681,0.5017672097794703,0.8340365987590077,0.3208071743917037,0.3799326324863197,0.758598581856913,0.565209681196764,0.7177553634382765,0.43358825900715164,0.7089906388744516,0.7470510843262981,0.6368699433623142,0.22222311371417908,0.2011603775878253,0.3082867926206028,0.6539577070562419,0.7540074016532023,0.6814752014542441,0.596649964915942,0.5075666373852632,0.3855375118070732,0.2832748883329541,0.18822197010886832,0.16268944837881594,0.07591745523989979,0.06897760106239859,0.0037531768872630655,-0.07685102187062653,-0.0988120603738919,0.0029150124618053663,0.45747437319464485,0.8510743560245115,0.8381337818843153,0.8668537290192625,0.7136579797983036,0.5256842219320954,0.3621016022877075,0.2223070785822432,0.4528628431391176,0.08139412511221722,-0.019053657487727582,-0.07270052604455235,-0.1095401165118235,-0.14140691539772232,-0.14633300402615118,-0.10835342610139875,0.04008657313806835,0.19949828416964377,0.4859487460017043,0.5109540043570667,0.520545211664937,0.4498017509130796,0.38592464058185105,0.3811410725269653,0.387033777086474,0.36952536243659684,0.34410033287943254,0.3335502646006543,0.32555646109736736,0.31997130183137423,0.2545361069769344,0.2268245391065818,0.163440917722824,-0.03874481504247762,-0.0312207009336386,0.0,0.0,0.0,0.0,0.0
2025-06-01 17:56:59.597,1,0.0,0.0,0.0,0.0,0.0,0.0,0.5370129530051446,0.04227631751670313,-0.03570461825170668,-0.018591021825972498,0.12615402790311048,0.17004640032180862,0.2990870834371723,0.3391545081761733,0.42246299197058035,0.5137158975243448,0.5948948824362394,0.6913455704234343,0.7013706881476987,0.7060229156119309,0.7233209388290802,0.6539292611750934,0.4748062944750075,0.16114426975920626,0.030419016937375143,0.022684542966198262,0.00944117246550591,0.0720860526337781,0.15123709779621808,0.23913392550506174,0.32538863731626133,0.39227095493705844,0.761005846062077,0.47297933214833277,0.5169525783410467,0.5300724962927331,0.5328138371111824,0.5470458269587058,0.39190177322707415,0.3774106984610487,0.3106269360274132,0.27632701851199193,0.3592487995217417,0.3222145783542951,0.2985401384929951,0.2752046375838817,0.25998778121411403,0.24141718417697366,0.23566111928083,0.2723497822830855,0.2098871341482561,0.11296873292558463,0.07135720429118214,0.24512220714374822,0.7489854360803814,0.7557031139347744,0.8044266893206874,0.7492172359951759,0.692240618226116,0.17807428944746828,0.5911091665570419,0.54984575686651,0.6339803048338738,0.5293707563313486,0.4325735415840425,0.5500336291555813,0.7125673556956107,0.3510282879171639,0.6715793929525241,0.9001461999596421,1.0337952510636672,0.7233771499385812,0.5723260225267031,0.4496668584615746,0.3317793068473023,0.2896737807602525,0.3190975058995169,0.3512340782795733,0.3829747609027345,0.4599499000256235,0.5329715605761847,0.5979350456346899,0.6733294641605104,0.7444695881412662,0.8085130344906668,0.8333653717235717,0.7717159727503289,0.22942841130520852,-0.03974931400421855,0.16457887527943416,0.3116116871177992,0.4604144651649069,0.5456800913085522,0.6082450144828404,0.6662722268234877,0.7001818572368832,0.8645915489003084,0.7064955355097582,0.6722474981959673,0.6048609938217798,0.5410490868871406,0.4212753281994624,0.14736749662973078,0.4928650029191304,0.747535842132372,0.9593165343747456,0.9444078667696585,0.8516977103039183,0.7843648448247464,0.7265476918194276,0.6417160463408424,0.5677197127818439,0.49020214230185966,0.4284376131430989,0.339806407953124,0.23418794132662413,0.10175843022038678,-0.10148657232038649,-0.06805882982966316,0.698374750346587,0.9334595566147796,0.9822952223753632,0.9195417570219393,0.6026052131467738,0.48985918838399595,0.747754052564654,0.7891126622730034,0.0,0.0,0.0,0.0,0.3919586692161464,0.5562819017998009,0.7161838818650902,0.2642680058880694,0.47734616092660825,0.7366846848178428,0.7351983381006286,0.7201095055595274,0.763922296396675,0.8346087613801318,0.9160146979046431,0.945862703301672,0.9247108186507287,1.0470810441035865,0.9886509224988034,0.9550511562774424,0.9682662722086326,0.9573930932610282,0.9829862597229755,1.1050353079531685,0.6122840496445295,0.5883521628838578,0.5706042786819252,0.6595817641451718,0.905889730843352,1.0951571905401725,1.2904039524412738,1.390725231233476,1.4136424823968416,0.4468175404003691,1.514822260871056,1.4921548328314893,1.406451389213,1.2852254707483257,1.1637517567769307,0.9946319367789321,0.8032211187948419,0.523836410132821,0.5588752098817816,0.8001082394541326,0.9926105397268388,1.1426743867968174,1.2638402865701917,1.2213914001660189,1.227712534223922,1.147068764107884,1.089782182414214,0.9356046114676403,0.8368103207126302,0.7313577807955622,0.6192661343193688,0.5500687411601144,0.4138488870362933,0.2662736731625423,0.3901589452134344,0.5595745360899146,0.8938427262978251,0.8298909292799264,0.32479066997878747,0.22120890839493268,0.7152172238582664,0.6690109073245528,0.504297834436215,0.30833059714229877,0.7386577733930019,0.5974844630803227,0.7154340453859426,0.22386630068474062,0.21592197487134107,0.23311472677706635,0.5013471499228097,0.6216565897335931,0.5484649426274896,0.507160660076942,0.3949996041394208,0.30493311843749304,0.21651293619205303,0.12136598554412825,0.12112137823119506,0.05959163483317664,0.042298890137585365,-0.0017473661042324284,-0.09325054734398797,-0.12846649470992655,-0.07431941332863101,0.35844201940195625,0.777021505188625,0.7705318008124398,0.7651986613817158,0.6048989818602017,0.40175542814622656,0.29791834008846707,0.17154519866161966,0.42236529077803586,0.049045349142158745,-0.026973287816861147,-0.07810075969967167,-0.10348232688951053,-0.12538707247746328,-0.089636469616857,-0.025406687706698683,0.00020492012401734927,0.11200598061353173,0.3964897111823719,0.426337938807661,0.3937795601970955,0.29812826160130057,0.2714879963836707,0.29866758090109014,0.30419233746254903,0.30545122627996957,0.30328979901951336,0.31407655632618403,0.3342520662884134,0.3326750860202644,0.30575782170849464,0.2925674372441472,0.20537730275856603,-0.1392417986947881,-0.056707606431221635,0.0,0.0,0.0,0.0,0.0
2025-06-01 17:56:59.599,1,0.0,0.0,0.0,0.0,0.0,0.0,0.6271435022607998,0.11690109621704112,-0.07773447193809158,-0.07918143495717345,0.040912009267539684,0.11061068708360555,0.254199125344836,0.2954027463322011,0.3982790491030924,0.5008377192324405,0.594648253817674,0.6997740722436526,0.7276642439836174,0.7489537178596565,0.7759614457290839,0.7300452511051743,0.5538107194738694,0.19903654878185528,-0.04925290291261575,-0.06238240478561796,-0.04805675366590645,0.007779095801965896,0.13171563569464162,0.22132074395616552,0.3367380335561996,0.40901223409521736,0.5620250719411322,0.5148765231186146,0.5753625172017518,0.5994882146032411,0.6075619278987232,0.6564586440574417,0.4406712675421232,0.3190315281872981,0.20394778154176763,0.15462049906643727,0.2490984818182469,0.28541596920973733,0.29875576796883085,0.2659450646343342,0.2948464984473156,0.2602843750113839,0.25449797157773024,0.29673925171954807,0.27984615935018653,0.1985143474251923,0.1550997252530052,0.20796832662835218,0.5333675028175119,0.6567488002059771,0.6915381077391612,0.6698841855281839,0.6130887835587338,0.24721679780563727,0.5452142213603733,0.45261395115755004,0.6409296062595045,0.4053146091627776,0.6443904204275576,0.527606952980549,0.7254065215464931,0.43755115172863945,0.7697690514561311,0.8987097031634781,1.0090467985223055,0.6631635988558787,0.46723438953107843,0.3356286097047556,0.24905629864466405,0.2209960324541882,0.2817660269050575,0.3171809750415504,0.3675833913747182,0.4570773235872072,0.5400709198340181,0.6288370447533624,0.7080962040383431,0.7855503933334007,0.8683155160124543,0.9070092139450919,0.8614829582170447,0.2353093185745792,-0.1705373256954622,0.05966730395622344,0.27160748965846904,0.44021025213457876,0.5418196556299275,0.624356613552898,0.6878596105102424,0.7374757238862053,0.8059605412816697,0.7620701197555877,0.7269087478363544,0.6715672473830819,0.6219474610200643,0.5056102698985259,0.24257662116877884,0.3877519873147425,0.6451853502570623,0.8829066541762796,0.90110757120456,0.8419150572696916,0.7847548666740007,0.7452485836766485,0.6753138926958,0.611715095676417,0.5496926211437212,0.4859492656797004,0.41202736832404896,0.32122686839122006,0.1811173488048442,-0.0367919822274998,-0.09594036389538951,0.5937139236212976,0.8768187691498095,0.9522832067572193,0.9068006680134078,0.6087069330588653,0.4487269230649776,0.6394798071926988,0.3788691880628098,0.0,0.0,0.0,0.0,0.3895298446558705,0.5269706129495253,0.6382646189930813,0.2065560019056233,0.416276992135216,0.7137736578761325,0.7258011209772637,0.7117916669126266,0.7791025581990785,0.8728147351268676,0.9575623401816018,1.0013570154001012,0.9744185084971382,1.1078315073338625,1.0244290746896518,0.9751801249884982,0.9741300524526351,0.9468072115136366,0.9387106772059037,1.0238022949818533,0.5827657882641778,0.6076515056410992,0.608203655722835,0.7365762449259929,0.988987017021054,1.1814938754268764,1.3853986650990069,1.4718891297692862,1.4778524599524283,0.49455770245224534,1.5473088045551484,1.4926052292739387,1.4029201777748106,1.2671901886968127,1.1275943348579192,0.938080289649612,0.7765116569799493,0.5749371491665287,0.6560509573240035,0.9122934118831354,1.1137651698544704,1.2404234655085744,1.3753147605717477,1.306341415683747,1.2973931656501616,1.2158301659687574,1.1273303188009014,0.965456222444855,0.8475388448732634,0.7224158006510253,0.5965912821507244,0.5110733672543007,0.3680842426337984,0.2758429831997681,0.49782708089196914,0.6849390543414343,0.955239754811113,0.820472539863971,0.3247906699787876,0.2606621006277492,0.6334184741308297,0.9679311636314459,0.5406893651902596,0.49225699187415933,0.7110672385809159,0.7806036301456118,0.5072131761382821,0.1679503233820971,0.16439844193158354,0.24702681139267169,0.702902902963882,0.7532645487044001,0.7151074049746705,0.6537410668735317,0.5036088570918174,0.40382935651961516,0.24552934605167498,0.14747737941359085,0.12717611747280255,0.05961412339345973,0.027296886519780683,-0.05408607359186557,-0.13145571145208723,-0.16394897116602514,-0.040897260684736814,0.5156059802985198,0.8957302094366192,0.8597018665205318,0.8909513958601273,0.7462332071649012,0.523492040578633,0.3663466153242869,0.21926330506670966,0.38102632998594566,0.01633644378852206,-0.05893254559095995,-0.12497467101639992,-0.18742831751150235,-0.20044808705953387,-0.15213613570135953,-0.0401280575040025,0.1168811028988263,0.3482748714466323,0.5574728221079275,0.5425681855943396,0.5029473902931232,0.3822463947744241,0.34649564154216206,0.3355414847037068,0.3055866802176126,0.2863301592922365,0.2633473155521284,0.2508084191959463,0.268545602200273,0.23426260585470493,0.19001032314116495,0.18969258833570884,0.13204308808372034,-0.05432520586146128,-0.08219451192880456,0.0,0.0,0.0,0.0,0.0
2025-06-01 17:56:59.603,1,0.0,0.0,0.0,0.0,0.0,0.0,0.5569403771121851,0.1021863274754786,-0.016136747745614466,-0.03472234971177801,0.07968686924256341,0.13136647796117706,0.24703249757325996,0.299965689459178,0.3769000798533594,0.4800601370233688,0.5799913432278225,0.6777026464447594,0.7003681776466051,0.7279849276793995,0.7555640306397593,0.7030356267623944,0.51732036282197,0.21275705603252953,-0.011494899995495356,-0.04673627841248362,-0.019597905335458687,0.03607349797325021,0.15512238222636832,0.22872214529710555,0.33238371479571294,0.4088014876340105,0.5934291109910496,0.5005736832828388,0.5703719016356834,0.5912709998797774,0.5971952570133447,0.6390039888530913,0.46734108599515095,0.33741845381726265,0.21354188157909115,0.1769516551570629,0.2389790597757131,0.3258630238155611,0.32928253657088913,0.2770892951728927,0.2671365758800337,0.2492790847270978,0.23756598724763855,0.25386297991912254,0.2568307132629486,0.19300621922829037,0.14204253994245575,0.19721731659875458,0.5662107483070843,0.6432493941438441,0.6788686452784044,0.6481082675465015,0.5762837583636145,0.24721679780563727,0.5206265751433906,0.6659471489788231,0.48163002205381866,0.45248194092872873,0.7176601475948656,0.5349461912740943,0.5710425017755625,0.6185040024377918,0.6243985296288013,0.9785180108000915,1.0529946851344258,0.655828527104599,0.44131776918574617,0.3005710430580204,0.21351230438969782,0.18485012139839285,0.26132263663405975,0.3081419717975298,0.3561455801869242,0.45034530893432345,0.5467089502687059,0.6355939063456093,0.7192730430953059,0.7997418840416761,0.8883710854454328,0.9224981240943487,0.8821040005561195,0.21883616021018887,-0.17509011947545305,0.08469359476858296,0.2761058135191998,0.46355130309080717,0.5829634630949667,0.6528241004184618,0.7178347321798824,0.7612232412662869,0.8988014413738323,0.7786489098985412,0.7491667788454907,0.6929642764232323,0.6378273406225842,0.52614529201149,0.25708201934322505,0.3707265901531741,0.6307074530720506,0.8752630988856946,0.90594295340676,0.8564453500363756,0.7958616421983369,0.7555049496577055,0.6904952023047626,0.6315595662026736,0.5636427506390711,0.517665309752452,0.4365233033590159,0.3610403109234803,0.22395328075474785,0.005369860010031369,-0.08754825437132183,0.5559806632745469,0.8492968557092868,0.9240340651664827,0.8819953081156038,0.5567978118490717,0.35260521389163707,0.5433241636293438,0.38957563057057987,0.0,0.0,0.0,0.0,0.36851087062783305,0.5002641883057697,0.6919118555877136,0.18753999929423304,0.37616222699489826,0.6962863253340248,0.7058344073115395,0.7034055170290824,0.7655813316999136,0.8683125208060771,0.9551687019834221,1.0180744485439606,0.989943790526985,1.121642829265955,1.0394611285801902,0.9737734261048883,0.9721453917331198,0.9334878295789331,0.9190879870433157,0.9868907253162713,0.5731935235185684,0.612902584337511,0.6422600374839367,0.7640258520620893,1.0254742750674877,1.2244533520923921,1.4160136562562786,1.5019913065051693,1.4850905051805527,0.3979933841410264,1.5444680855849873,1.493959980807948,1.3960405055431357,1.2586137509029016,1.1162040370500377,0.9434706547156096,0.7981709007196772,0.6035606520041219,0.693945083150116,0.9516958903305157,1.1669228639162252,1.2632646950269366,1.385770413681351,1.319019847622916,1.3200330981641222,1.230366310374004,1.1412499498550628,0.9784901435396597,0.8570829603411373,0.727470770450978,0.5983881551925444,0.5056173874278006,0.3482355436567259,0.2719728903083107,0.5301358796044711,0.7254285903407539,0.908539452954655,0.7174464465321415,0.20471862434634025,0.3524500936630225,0.5322279321921686,0.8575325724425024,0.45560526733515233,0.4776390558276901,0.804570062328259,0.4668607411514978,0.3580341258233767,0.1584110967997318,0.1329656507247688,0.23470166401629988,0.7761872475320322,0.8363853909873051,0.8057227576059395,0.6929835887979388,0.5421635456264606,0.439538981300337,0.27657869199304397,0.16259089675222183,0.10758536727638823,0.039100583259485955,-0.00858276296189553,-0.08986710644137275,-0.17115540595197698,-0.1896719033073771,-0.03515352244019565,0.5787953970562383,0.9431540059524008,0.9038459462706347,0.942735272171206,0.7984186598668825,0.5458557213080679,0.3805397407000599,0.19416165270948027,0.5312777775509185,-0.009288533151200928,-0.08466275630403586,-0.17136145870013297,-0.23587185072006256,-0.24696215636730623,-0.20511851503082024,-0.06973681967321704,0.1623512930514494,0.48102949554509,0.6361211989823841,0.5950502304276414,0.5390582497258551,0.39905600091682736,0.3468516636807597,0.31428418802866953,0.2713822901544449,0.2554192089374099,0.20121920919973313,0.19799612632490482,0.22269018109098582,0.15902390290748958,0.11290058895535204,0.12478001917786702,0.053513536403348105,-0.06186198444422608,0.002701980526048753,0.0,0.0,0.0,0.0,0.0
2025-06-01 17:56:59.606,1,0.0,0.0,0.0,0.0,0.0,0.0,0.5790035597204024,0.08437268997506722,-0.024295612369226782,-0.029592198786906332,0.06060950836848178,0.14436031128986537,0.2504550173667158,0.31673685558697207,0.3853725904390569,0.4959258533639048,0.597396093937796,0.692115435595717,0.719831531180964,0.7387227900157097,0.7599133249721621,0.7169481855324062,0.5054712634233669,0.188118114937378,-0.029952488639548136,-0.07881894688856239,-0.0361710636078576,0.030544894379668452,0.16483482696103646,0.22417459783862048,0.3404629116078015,0.4177476233201245,0.6131320820930034,0.5167375486608462,0.5702415459538905,0.6182776916409212,0.6297846701291976,0.6487775598193779,0.43942718484467896,0.2878288161909378,0.1542137029603443,0.12451774992091713,0.1655474561876289,0.2653722411939492,0.2831326394356053,0.24460419956495172,0.2581506527512176,0.24055009829891794,0.2409145643836592,0.24269680807981786,0.2815008540474827,0.19453180399273023,0.20791692416233637,0.16932103839288953,0.49952255662699296,0.56810653486632,0.5587160057085335,0.595220515277104,0.46960787289499484,0.5139088150880171,0.7612518607089208,0.5504003380140603,0.6297473998272799,0.4999272402135311,0.7014743565386137,0.44104155548069246,0.7444077901364992,0.5829252021534553,0.5964475438985808,0.6619872024471704,1.070111161640939,0.5944109053532906,0.3570175516187246,0.188057962412167,0.1348792285037519,0.1325987432876259,0.22667314857131915,0.2814722310037572,0.3567077026146497,0.46972133416810147,0.563052544661077,0.658921398721604,0.7525534586476307,0.8462479456042757,0.9404251175035019,0.9735699576836988,0.947086642465937,0.21699628629231005,-0.2446201824240778,0.039603612938376775,0.26498140950670757,0.4603670161500688,0.585535392077686,0.6729798304830061,0.7474277191599414,0.7859098424272297,1.162464921853293,0.8049593663978662,0.772631721318343,0.7194157080773066,0.6582929510830243,0.555343741494323,0.2901419201221166,0.32535566958710427,0.5860448745969201,0.8320744069422292,0.8727155251039831,0.8353902483221318,0.7831611989046656,0.7425486330610713,0.6821964592176921,0.6285170507872297,0.557601372669116,0.5383083250975871,0.45091706189249514,0.37716785729345315,0.23440124672354024,0.03838704945067806,-0.07043016956879342,0.49890047138027405,0.7977751103092533,0.8805187236239207,0.842740825862867,0.5533761598606894,0.3650918283739119,0.6549737854482149,0.3756843852402665,0.0,0.0,0.0,0.0,0.4125594924447771,0.4623222812037941,0.7029415960979248,0.18534441655757328,0.34623320789503814,0.6640940400104406,0.6707163440828015,0.6659230467453537,0.7173194134540541,0.8357650119607849,0.916437491502069,0.9897292544351779,0.968618099717208,1.0881626479538178,1.0123896201822773,0.9577309755993193,0.9577565568231663,0.9249809332541639,0.8868297294508656,0.930247600550949,0.56895249104346,0.6176025643438257,0.6339514253399985,0.7639322752206452,1.0295373229453875,1.2087974585979677,1.41384652625724,1.49184548858405,1.4605382332715358,0.5841089263546428,1.509018200030587,1.4597505527023178,1.3662383103898958,1.2280322131882273,1.1164274857990333,0.9476298753330085,0.830894903219141,0.6450481857731374,0.7206329492775422,0.9529196405056533,1.1571967336683144,1.2358794012818166,1.3614159672631718,1.2975998313317592,1.2964144349478985,1.2020304542704108,1.137056535819339,0.9671500922184898,0.8429527305480627,0.7192307230086767,0.5984220479081943,0.5027876868991761,0.34286036743926873,0.29844661408462664,0.5566413661304572,0.7312771312002767,0.9270103901149006,0.5628584592972201,0.6036124069201412,0.4666790996078002,0.6466530070392185,1.048970108399037,0.4092713634182928,0.5745550085982225,1.0002718534485981,0.23441014836954,0.41371666815094643,0.13409645045299473,0.10731194699124391,0.22095085661062897,0.8278900380129335,0.8834188457779368,0.8342853180479913,0.7097737220727551,0.5558563536441166,0.43180202056212735,0.25915985076398607,0.15091974492834082,0.10733399973371327,0.0058145107519838035,-0.04083361537341201,-0.1179815354797249,-0.21686291459265128,-0.2359580567479943,-0.04935592216768103,0.5741072686708903,0.94651810772507,0.9026633825507422,0.9357443596679725,0.7789233055724434,0.534393840056091,0.3715426793693195,0.16988987234037922,0.669596398891038,-0.04073950530158199,-0.10635259788921791,-0.2029760035585505,-0.25844778849458494,-0.2766928099167608,-0.22638315246960744,-0.08574545223252489,0.19154220801704896,0.5443335190468417,0.6636213602040009,0.6224437091694776,0.5383760265523307,0.4104725161864349,0.3493440058884627,0.3021601627806585,0.2503211852454277,0.23206030175000358,0.16828055410535514,0.16515159889963016,0.18382461857952026,0.11461013693746036,0.06334969013801328,0.06881720766014332,0.008456582520938394,-0.07307081641931434,0.06084442335216944,0.0,0.0,0.0,0.0,0.0
2025-06-01 17:56:59.609,1,0.0,0.0,0.0,0.0,0.0,0.0,0.5785430341174373,0.06959988368890963,-0.049647801296187066,0.03508147468569578,0.11025178999715934,0.21146005429093184,0.29918936873638236,0.35889447464387514,0.42935955596506836,0.5316588776585707,0.631266277512524,0.7119054734649223,0.7341645301283664,0.7462027831971999,0.7537380449889122,0.719358869377215,0.4647979633608908,0.16646001744601652,-0.05889522063217856,-0.06649448522862689,-0.010769473769050242,0.04355674583891278,0.18779638333659143,0.2683081360618691,0.36508964279963885,0.43673478893589124,0.6118734358260073,0.5378533997406397,0.5897790457324295,0.6317294493093996,0.6444585807936261,0.6409338038125464,0.39034009191042046,0.21694440265161036,0.12077756355544722,0.11697879543161749,0.11170916645315065,0.23458363568486518,0.26056742332947436,0.21235963812011271,0.23655762941185188,0.2537895898045528,0.21461364779115977,0.24878224022994266,0.2928695798024429,0.210742042066205,0.20628097350853752,0.20730230371419295,0.4877553114761216,0.538082669973936,0.5323719754791417,0.5493209647532129,0.4375189963700097,0.5463377534497229,0.7745841502378529,0.6716510578217361,0.5948283985873528,0.6070242142416922,0.9261291641462999,0.4927702544580358,0.7766574981456733,0.4309435254636579,0.3521094331377147,0.5281359133873937,1.14167351912677,0.5992399042550798,0.35360367583223873,0.1549103664304221,0.12373143703676637,0.13967544993637637,0.2449531465399135,0.29863048550022775,0.38128513370455774,0.5074812871178853,0.5978642492260942,0.691966827294693,0.7992292824356412,0.8958498232131791,0.9894937508114177,1.0272340923321406,1.010181242582563,0.2621355816850986,-0.22256326356279632,0.0452993397181789,0.2810891240062081,0.4770844891723469,0.6216639511432698,0.7056883098300664,0.778263023008428,0.8187552037073746,1.1373685027411515,0.8279513887393106,0.7947640586163714,0.7460780830014914,0.6768884332031381,0.5665794910077304,0.313815612858073,0.2924667675827161,0.5912535198507577,0.849492953034737,0.8979699233620095,0.8591094668088168,0.8116703009940152,0.771939725188985,0.7106926726583711,0.6540131359072758,0.5780540801349212,0.5690977720607309,0.4855381440176496,0.4117828334805851,0.2758518063940648,0.08138378782680111,-0.003359931889979628,0.48065143925806797,0.7852345369510147,0.8611211556621972,0.83408948688804,0.400765638857633,0.33810757771238437,0.36682761254965673,0.3984665124149288,0.0,0.0,0.0,0.0,0.27917531824095554,0.4092915762694122,0.48249775867743905,0.20800392846636828,0.3030336176572977,0.6263185711519422,0.637391466575046,0.6423485872636626,0.6980948289179205,0.8302856341703058,0.9265441023265497,1.0323137532776645,1.0164377604034156,1.1515659944642382,1.062524138862785,1.0046209151772607,1.0035540892408987,0.9522536341718912,0.9022929030786928,0.894774242473416,0.5460402087692916,0.6185383219779879,0.6580808230058599,0.8026053295618203,1.0922721047642747,1.2703741961206148,1.493320525338591,1.5698481184730084,1.5417680849336743,0.701913031398191,1.5623439848572613,1.5015409343653108,1.393658132319142,1.2378702252599094,1.117266207832692,0.9489804246446366,0.8624470004350182,0.7145035162918474,0.7855323480587554,1.0285478901115808,1.2368346506951835,1.3248272306967952,1.440675593835787,1.3758162452553278,1.348621685158058,1.2545552637295985,1.1872605150968956,1.002753663380835,0.8690631730894195,0.7307342280935085,0.5987699523411952,0.4960073078405641,0.3411498398205019,0.3412757690706743,0.6327692486180885,0.8070277237953459,0.9976494398704007,0.42654907543608245,0.6946735267495956,0.6080440114399781,0.7765599789322193,1.0575805590366623,0.26923314469268816,0.5077041221499758,0.9527634452928598,0.28000924034213603,0.40304737910574917,0.10367071357012297,0.10313057171335555,0.27296816266964363,0.9429078167413092,0.9539045018186263,0.9270245454390983,0.7882948744784144,0.6288456986938942,0.4762729735424227,0.2951982250186782,0.15536966975920108,0.10605976003270223,0.0009394090077856632,-0.05043730705013372,-0.12907376736059806,-0.2324251820866618,-0.22877167488838562,-0.024734962654202497,0.6391839862840938,1.007002957608665,0.9414156348423193,0.9777352301127885,0.8348118807380616,0.5914496906216886,0.38438342985869567,0.19129633959871106,0.4982930172562843,-0.02497913969496457,-0.09610877853576172,-0.20956566418921319,-0.24540894574291205,-0.27303289571456724,-0.21359514953770242,-0.054439811625566936,0.23877007651950238,0.6032672530338172,0.7068096114433116,0.6614326639951741,0.584058514308958,0.46890958301454355,0.38811712908652685,0.3330610837048482,0.27274880873483287,0.2681410937833708,0.18988775548450576,0.17922458602799862,0.19396637428768515,0.10718833333219957,0.06429820055419178,0.0469735127245311,0.034288321729311955,-0.017720098542305385,0.10473378536318756,0.0,0.0,0.0,0.0,0.0
2025-06-01 17:56:59.614,1,0.0,0.0,0.0,0.0,0.0,0.0,0.7344845788296674,0.19617915076973383,-0.09856888330723457,-0.04051516211818218,0.02600582562846787,0.16394060551917222,0.26542941915401996,0.33960730189824306,0.4208328550278194,0.5378407175195301,0.6476841609672763,0.7239282044917384,0.7713940376241841,0.7789939329684993,0.7974368601570968,0.8074945334736219,0.5428166699788655,0.18871655672609117,-0.1161092863198196,-0.14629057628503606,-0.07874994216383269,0.007471607334893937,0.15855569183458584,0.2559726694298272,0.3805247432538492,0.4621511702259087,0.35440636461544706,0.5817475290460213,0.6403790737274222,0.6813880380580014,0.7148456106766841,0.7281284809068153,0.43453810686738376,0.15345181428777538,0.04740425082867883,0.007164890030131321,0.07179329208524243,0.18988835659858316,0.2367363715022548,0.25263474060181657,0.26712821146891796,0.26642063364315716,0.24488371757435567,0.302009793522633,0.32028591320032174,0.2590089503358884,0.26371794563555057,0.19499263155099322,0.3700002807939775,0.4714833389643176,0.4750995076096337,0.4915646496736974,0.40642976351004867,0.5183735826299225,0.698578230045342,0.712680009313075,0.6988553139975358,0.5805554267195994,0.9906034877330792,0.5858739941707491,0.7632484123370009,0.6038899321295936,0.34014464996907867,0.4842686337536727,1.2313956645377035,0.6166128482990244,0.3118824279557231,0.11336365102904811,0.09732428491726153,0.12898695321872933,0.23403831664729635,0.3009885119610971,0.4098900943288284,0.5360576890470055,0.6476879841480947,0.7430946082838834,0.8685354938976252,0.9748700906979242,1.0805938869902518,1.1422416349028248,1.1762515690065807,0.34226588832774824,-0.3483505415110695,-0.06202885314066098,0.2074314315329857,0.43869620665846587,0.6146650727670098,0.7140932342939439,0.8021056564427975,0.8495174673698671,1.1122720836290099,0.8823909321958279,0.849751404801946,0.8104652506911395,0.7495994901489461,0.6423441100529865,0.3969828829425772,0.1923059500824485,0.510731765772184,0.7882948665164244,0.8673416397676788,0.8543409007357192,0.8251237805589617,0.8022031908149527,0.7482274266423095,0.705800230658028,0.6316821553503762,0.6341085400240127,0.5551980253881901,0.4777396561269396,0.34975551067389554,0.14983624284199515,0.027434959755796684,0.42397720233707914,0.766259473205149,0.8510080881697057,0.8304107689931535,0.49563506905026106,0.48200236764745846,0.4181750876186329,0.30027574412642055,0.0,0.0,0.0,0.0,0.4798516050594267,0.4770097686498513,0.5703947987466489,0.19862091236993518,0.27049957618055803,0.6075055902727806,0.6282028088420266,0.6354860030957027,0.6962102774290422,0.8484992446826098,0.9444660776325247,1.059886134540346,1.0528088232841046,1.1872781314800798,1.0780461958835352,1.0184422751831421,1.0058803725119418,0.9395698376612125,0.8643898078557213,0.7816843214993694,0.4966201324139402,0.6315548206598203,0.7004098982526827,0.8656604003058244,1.1662711132925165,1.3468751923109878,1.5726672807246675,1.621879738739137,1.5922341969060285,0.6090748455862693,1.5680913578860638,1.4822710518327127,1.364673604653717,1.1762803058629774,1.0429738787353093,0.85048753925618,0.8395990680510311,0.7977625337775522,0.9060596392956092,1.161242855502546,1.3632354706616288,1.4370913174433542,1.529136709210324,1.4418931393982983,1.3975700986272344,1.2766681636230532,1.1862358233577264,0.9894739837106731,0.8345793392917072,0.6900156217717606,0.5436687555724002,0.43186848041197146,0.2699432799524081,0.4023127315709555,0.7962833949909237,0.9660842583022625,0.6370369276093193,0.2945572630415305,0.6566105081925429,0.8619901039333792,0.6307964533140462,0.9448263536359828,0.3396659013389213,0.5077041221499758,0.967939022352693,0.32291311859780636,0.44987644988850917,0.03674611110971682,0.07513307245659473,0.4009147124198887,1.192037353843091,1.1149698683169265,1.0992225602514862,0.9023402781258527,0.7350968684036541,0.525424428442963,0.3349633921589257,0.17856232576736786,0.11195419616678759,-0.04080243880469214,-0.09384776596496014,-0.18376296292198202,-0.27764518213008776,-0.22377802325058654,0.11642850237667896,0.8405176079983439,1.148430005882229,1.066014333750973,1.1328615778838227,0.9769437902332865,0.7251309743735512,0.45004156070651713,0.23773187251879913,0.6113496264427397,-0.027735429177572435,-0.13313622246327061,-0.2600556501456349,-0.30915722438246596,-0.33861576579810326,-0.25854741022797456,-0.040950078826300196,0.35184839771728654,0.7923969464575189,0.8578758255746599,0.8068082435600509,0.7447463872233069,0.6380182564841674,0.5156695550129302,0.4202321537743836,0.3381930734206289,0.30518828573382595,0.1951914494145024,0.16831982189370098,0.13924669648149113,0.03379412626333267,-0.039397833694740814,-0.08273572202962926,0.042097521302913055,0.1376601732224798,0.3429627034920295,0.0,0.0,0.0,0.0,0.0
2025-06-01 17:56:59.618,1,0.0,0.0,0.0,0.0,0.0,0.0,0.7868866501282924,0.22801692865998344,-0.07163763598872819,-0.05647591645389605,0.030313691149789324,0.1707444812148352,0.2832835469441114,0.36466851909803943,0.44088198761860353,0.5686818644208123,0.6729748745129625,0.7471408290738005,0.7855736193855432,0.7842542310443534,0.8178964990733192,0.8352119701683697,0.5626860566664633,0.1814104601761119,-0.11636274508649475,-0.17457603376752473,-0.09820475709731746,0.018328069568310568,0.1517441394815715,0.2535592090637826,0.3832686763139945,0.4742383631433542,0.33215010647854215,0.5971714217653404,0.6503587861777991,0.7012711837738886,0.7283176574159349,0.7447840559653864,0.4558473068027555,0.13648414754804522,0.03563028948882352,-0.010962293061508088,0.06821253780402503,0.17256889531566566,0.22891090459265584,0.26043383356939476,0.26738577195375046,0.26355480716207835,0.25923087173718606,0.2962129277977825,0.32529351784789784,0.26264868002945824,0.2557269909789443,0.22028588881211592,0.3743317751709462,0.4687771594298724,0.48803203056126276,0.48910671096713143,0.4088858555287025,0.416829404832102,0.5893441532993736,0.601992782572496,0.7794439082254387,0.6599995199010691,0.754795689918748,0.6361595254721079,0.6210697074548164,0.5501107481384692,0.3633034450703133,0.5136918994999478,1.2522080262917055,0.6227823736035651,0.35579876601739624,0.135647482825779,0.14336370542657684,0.1496305815075809,0.25079622837937565,0.31131163466004974,0.41394238342230194,0.5402888845337841,0.6588412201882046,0.7443262757960205,0.8729370695822948,0.9807592047717664,1.0806571298313532,1.153238069114669,1.1844761312464622,0.36461725547063,-0.32470351926693664,-0.046221516258522,0.19920046949206527,0.4405807632457128,0.6199451437930126,0.7129732599865162,0.8018600003729177,0.8501932741631941,1.0871756645168682,0.8744579813404612,0.8460673212196562,0.8040714078447738,0.7381271518801075,0.6253171917470397,0.38221255162545553,0.21394986954904316,0.5455043325810084,0.815897410884058,0.8954791484065587,0.8902217340848815,0.8525839589749349,0.8162309129539698,0.7588993281525211,0.7199498454082474,0.6517705796673305,0.6524545762157936,0.5644503171858501,0.4750812315730666,0.3605472908194943,0.14633280452763375,0.038787545428335735,0.4648169870202796,0.7915493442230278,0.8730775424588708,0.8504260456376833,0.6151512816249467,0.6478381825030921,0.42849056689875326,0.40300285034999384,0.0,0.0,0.0,0.0,0.41459239276790394,0.9243472590290445,0.5584846742853651,0.19634908729520006,0.2765718952472876,0.6108311862936349,0.630670342275748,0.6403489435977744,0.7016864757503078,0.8435450111748379,0.9575280081094801,1.0612826743126926,1.0590242928927651,1.1859233140793832,1.0825357824274398,1.0145747051596756,0.9974198770646592,0.917071073346214,0.8473141068519572,0.7076823735026085,0.4826462580546519,0.6445260618131675,0.7318898388980104,0.8955110539859334,1.2158790436726592,1.4044399426419627,1.6105468988456177,1.6615550005282544,1.621213330351227,0.6153814095126546,1.5642726191886123,1.4657271804947163,1.336324141434444,1.1458442551953723,0.9924374251763072,0.782709536724403,0.832634464111322,0.8667840912797884,0.9893147148767009,1.259520633332649,1.444712516705298,1.5148876180899478,1.576868136324245,1.4713069363337323,1.424224931978952,1.2732760211380425,1.1800884912322909,0.9804090816539911,0.8086414241829892,0.6598996917053346,0.508957922837445,0.3923635676870668,0.24188829539835277,0.45736373579332107,0.8836165312218266,1.0290280121906599,0.6005431461224416,0.21123666466083477,0.8482024354317207,1.0540097799868149,0.6071319813988858,0.8320721482353032,0.38869250580875464,0.566506556833015,0.885914254219066,0.34824080272612834,0.5996290584426344,0.018396225086030338,0.06829619229224565,0.4511834750472717,1.2448677482578798,1.1816935898191123,1.150533248984964,0.9090657411861849,0.7349936065054339,0.5234902061605435,0.3587712613906062,0.17390903572520888,0.10608602868685302,-0.06549206426919052,-0.12705501674923247,-0.19691358271362447,-0.3089506625549644,-0.20857330227991178,0.17604690599868528,0.9252345494548349,1.2008164882920918,1.1197208016637665,1.1741267134968352,1.0076945134867008,0.7423975647108172,0.48571619224787965,0.2508331210478283,0.5729619234413968,-0.002638479364177382,-0.12512407244634027,-0.26755669038436136,-0.3042275397516333,-0.3615347863881124,-0.2776072683493351,-0.015322325612303622,0.40885460992523964,0.8729017025455139,0.9077173052949079,0.8639223629014566,0.8047261401149155,0.7389286476508743,0.5817675323954292,0.4700937896204096,0.3940778068509172,0.33621972749691054,0.22114769466833817,0.18278189315977844,0.13392400629670953,0.02671390908266047,-0.0461987978914965,-0.1392837018776994,0.08785810405075356,0.21656757147095462,0.4374405781476609,0.0,0.0,0.0,0.0,0.0
2025-06-01 17:56:59.622,1,0.0,0.0,0.0,0.0,0.0,0.0,0.9072079648166688,0.2729688138756705,-0.13161479767405182,-0.09969763588900549,-0.009114293180244815,0.15527289656614085,0.29116463478355203,0.3730378777611525,0.4677824220164767,0.5813744954688951,0.6913320103131093,0.7775210997170762,0.8129930784205359,0.8234984180237812,0.8625897814051225,0.8892461108489775,0.6104756532186365,0.15246462325054733,-0.17239985936796615,-0.21333474955846687,-0.11731061035565848,-0.001266574535736309,0.14805070751464067,0.27643552807107175,0.4064044730091889,0.5080907054758785,0.3594250511456202,0.6448439783000096,0.6838574784141016,0.7477550321831845,0.7837859708784023,0.7869393871333239,0.4132446216135061,0.09677292402474724,0.0024793792929178604,-0.046279614833850236,0.06065148468060966,0.16105189031078404,0.23643058465507538,0.3016542670369813,0.3222806225848902,0.30428214993711644,0.30226065591186435,0.3245457582851705,0.39420923545702413,0.3166485274619176,0.3134681268186191,0.17993029476591532,0.31413640481772837,0.45686436654420637,0.4589378506592686,0.49755931365956885,0.43806870027973166,0.43775809946506067,0.6153994768099402,0.40061274621501314,0.8649202108258962,0.5221019523761427,0.7046292888237482,0.5955933131133541,0.6428735943914357,0.5306328140630671,0.4101971849691598,0.4619231950797814,1.2337332750282293,0.6379456333522862,0.40284194671522666,0.18149538124334819,0.17682965254112104,0.17922171874263415,0.2722373073264417,0.3221059002545561,0.42526890534162587,0.5354327418471925,0.6512782581916194,0.7351093212035169,0.8585760360537616,0.9636273806248568,1.0686927921834002,1.1436747038832076,1.1811858010677083,0.4196116147310804,-0.3046660381668387,-0.0501689736147628,0.19630641707647523,0.42540357859087297,0.5935707772323378,0.6942402111357504,0.789848176930867,0.8408345526710084,1.0620792454047268,0.8669352380653823,0.8370690303103202,0.7994207325078649,0.7308961527710146,0.6232638818476142,0.3786911347426821,0.20851662462954618,0.5370172074934915,0.8305412211614263,0.8994375260025811,0.8888675063185809,0.863051200646239,0.8391617316911915,0.7759563108212144,0.7351813689357505,0.6834300169548433,0.6683348929436168,0.5856274543351576,0.48333488587497575,0.36161268358981424,0.14799686330233797,0.030026887115214507,0.4711256084145695,0.8039551178286282,0.8953267630912576,0.8793557710425068,0.7384364917481707,0.8108575526950303,0.4545455449992177,0.49857847098123376,0.0,0.0,0.0,0.0,0.5724538281971909,0.9660693359633143,0.6653066467882244,0.1547227540136985,0.30381428146019723,0.6196756137559595,0.6475535648325557,0.6605966413429226,0.7221537272366989,0.858186785543692,0.9683260808216159,1.0559984150067137,1.0541033060719411,1.1593658118002095,1.0584461770091464,0.9891548439819182,0.9576132182365016,0.8763313137840338,0.7784712022862761,0.5978544483344344,0.48260364456167804,0.6783011480140472,0.7788849382215279,0.9654458355837736,1.2874785012440306,1.4555535535080186,1.664361758386848,1.701210844854437,1.648272072884439,0.756404701511008,1.5491133281072802,1.4266905362082776,1.2879074936146149,1.0721517746858704,0.915337919675019,0.6868451821327857,0.7938400452902334,0.9461558810372479,1.094730236635007,1.3610459926916978,1.5458600070697273,1.6054130655287262,1.6603729415753077,1.5373155946949206,1.4605382867779184,1.2910526880711033,1.1714028560984389,0.9590913109058156,0.7793162766884617,0.6227087880242699,0.46275684701555,0.33853041623416513,0.19256534377329163,0.48744075169412643,0.9983880519706635,1.1340152760276894,0.7162895540524811,0.15062228696960803,0.8686982474614827,0.9089616131518482,0.5118732558125874,0.773443635321135,0.30947538894894216,0.5835885881118208,0.8450654728696837,0.5436961335217618,0.676478751202207,-0.006358883196405873,0.05535995850475717,0.5237362264065986,1.3856463605297735,1.252336552014213,1.2460270806511025,0.9825002672123326,0.8198351844634904,0.5481877068140899,0.37885684794448626,0.2097735445479354,0.10816363095528359,-0.0540649065213934,-0.13601481528163906,-0.20469626227078352,-0.3128660029004734,-0.20126248593283436,0.24541648997523663,1.0439562826335977,1.2801502862224408,1.1767478405873049,1.2389690550101244,1.0657531789159391,0.7939947308320385,0.5336212588172298,0.2943243277917833,0.5363989008571831,0.0030905758920893867,-0.15222972718105554,-0.29699530325972356,-0.32919240326142996,-0.4066367491786305,-0.3406665565972533,-0.021237594502753476,0.45164317754090416,0.96689176467379,0.9760675495449675,0.9322833882659013,0.8712363567712722,0.8083154657687746,0.64930607952172,0.5241611313599228,0.4412451622150848,0.3603389329656681,0.24374921212980594,0.18913735972460022,0.1282533355216755,0.01925763466667374,-0.059910372690176183,-0.18493104461754975,0.07746339711914557,0.276309995363217,0.5177265245696068,0.0,0.0,0.0,0.0,0.0
2025-06-01 17:56:59.623,1,0.0,0.0,0.0,0.0,0.0,0.0,0.9694999867838398,0.31561881740167974,-0.1736501233417169,-0.13308313302291042,-0.03342074161832864,0.13403541446047595,0.29321742177057175,0.3657895706174479,0.4586991556448726,0.5687633099453875,0.6791713568625146,0.7811728897853322,0.8290585187817856,0.8402887310644119,0.8859272460822666,0.9395265517390704,0.6410156557017912,0.14503014252811253,-0.21781063054515953,-0.24297395933142996,-0.14637004192807623,-0.021675680350725424,0.1354647502347972,0.2853353878969802,0.40352338577591573,0.5208995077772389,0.2900679344803615,0.6711593789265212,0.7122197233051659,0.7656583298609616,0.8051533389882688,0.8223587738500941,0.46752666062217635,0.09265573886579692,-0.015599224397174094,-0.031848922105959465,0.04165721078704787,0.17527728720207358,0.243517799389261,0.3049000495943892,0.3674289364393388,0.3216069770137855,0.32057245716644656,0.35906571625170924,0.42670647048975896,0.362420404643441,0.31148522402056145,0.16217088588966372,0.3084935137779183,0.4698126268423204,0.5109067140752813,0.5064560249773851,0.5202798407501201,0.2532541817939295,0.7005440166692404,0.3396640395372755,0.6048710139849073,0.49417989870030055,0.5750302038397125,0.6002905329812526,0.4297741691957813,0.55720199442427,0.4043539497075507,0.5360770251366396,1.1881767417980247,0.6827135749392036,0.47349587579843777,0.2759393362772149,0.24804687861518748,0.23415550340072766,0.30866088461892227,0.3544774141881486,0.4358532947912239,0.5406646383220832,0.6475250483149273,0.7253540000052843,0.8462847342767225,0.945800243766127,1.048864412328193,1.1172786796171534,1.1607486358815577,0.45481926808553835,-0.24771659158007275,-0.012134220291991182,0.21339444725631296,0.42798855578652373,0.5942187643476267,0.6943923075004061,0.7911102743861549,0.8431635817222702,0.9668324882609736,0.8701539882892941,0.8420178652701383,0.813458767754572,0.7345089121733165,0.6391646718630348,0.3982126382428799,0.18562601812472818,0.525599228625074,0.8351894642153042,0.9076845092648618,0.9120333308292168,0.8813946037864733,0.8700742312987853,0.8113388952959739,0.7664309650932009,0.7248031567876381,0.7030928859881633,0.6220751733874794,0.520292319083679,0.39675441879857687,0.1700425054232807,0.028560676444426003,0.458710406061288,0.80867006514034,0.9040352011258299,0.9008549169900841,0.8015429005873633,0.8233806129738579,0.4641677934420822,0.6364024047311765,0.0,0.0,0.0,0.0,0.621786466513993,1.1353567223368228,0.8152316522131592,0.10575685955999115,0.2966970412180106,0.6293305912088694,0.6674742480897535,0.6930598376589324,0.7703817121805778,0.8979393189159917,1.0235142957597363,1.110508659388771,1.10993731320122,1.2149747705137353,1.0900038569988495,1.0102386601420792,0.973037257658175,0.8706885530007087,0.7590768445030001,0.5169895826427404,0.4604763717806758,0.7054608783042973,0.8303483941605201,1.0394636228529905,1.3644235959941706,1.542598769042291,1.7578335969221648,1.792393498969006,1.727955561344044,0.5276442458287751,1.6031878853990569,1.455885731262542,1.3057819276889864,1.0630988610891143,0.8790603340528099,0.6240454356484645,0.7399590422083305,0.9742401466393835,1.1592364382952876,1.4559362757704648,1.649454533447591,1.7107923082962204,1.756686716222542,1.6362391305830586,1.537581993506735,1.3602307795266704,1.21784492159455,1.0034876274515359,0.8030857458904096,0.6311341667756114,0.45698851809884244,0.31899064821285744,0.1597818725523195,0.4628281278426645,1.0628092404728737,1.223922244219879,0.695618704343623,0.18530893785427796,0.6439789441960261,0.7359486739922098,0.4923592506699955,0.7855905281274852,0.41570662586858126,0.5553888713543551,0.6004753496728665,0.6335694591426817,0.7534377447818759,0.00507203082241553,0.0845405169638575,0.605910765084633,1.5651935855191002,1.3321940573930056,1.3786983144493186,1.1039264990757167,0.9116550829381695,0.64190899071852,0.4534546195858571,0.2789113507785075,0.15442582989547904,0.0008022743312721126,-0.12087540425062382,-0.17909041530164227,-0.2792346039529462,-0.15261958284398008,0.3333376573304037,1.1759038105737447,1.373510908731286,1.263196702108482,1.3684570397161755,1.1980101966925882,0.913012476653511,0.642221576182765,0.3793134958805384,0.49242390028094485,0.04942790479751569,-0.12947372518429767,-0.27953654318919086,-0.33452030104372965,-0.43116898180392893,-0.395752259242034,-0.08683959669178726,0.4606721161124007,1.0657457830744477,1.0700187511107386,1.023605841245896,0.9847563877075665,0.9343360091509201,0.7574804330905729,0.6187612820524011,0.512961230204487,0.40530305398895927,0.2876001790010063,0.2143796554823929,0.13959525522127492,0.01837851084500952,-0.06708760786638035,-0.21711342836463793,0.06003476986939399,0.3494716258140922,0.6315085182461051,0.0,0.0,0.0,0.0,0.0
2025-06-01 17:56:59.628,1,0.0,0.0,0.0,0.0,0.0,0.0,0.9091173785070205,0.2567101486427592,-0.16359396676527643,-0.09668313550506691,-0.009387906482536179,0.1411147700421861,0.2989525972077146,0.36409634050766493,0.4531814406130229,0.5427089048694698,0.6654803643966787,0.7702187613303381,0.8128168159655489,0.8181613845296677,0.8590263791700167,0.8968411310935316,0.6431689421462896,0.14096440588559356,-0.18948114254689624,-0.2310154741831265,-0.1464329810521181,-0.013940489859745941,0.1293544114443288,0.27565907970736236,0.38657979613886595,0.5005874145842546,0.06738203637587215,0.6407674587329827,0.677849469223208,0.723821592253005,0.764497621427217,0.7860547156124597,0.4827190040576154,0.17277130110323485,0.047720756461893554,0.01056185619495964,0.04054517208038577,0.21685401776977242,0.23613588023216647,0.307314356178086,0.349121687396295,0.29070096982223204,0.2899277029991174,0.29109903992742014,0.360465943876214,0.2986283267734043,0.25442008742187294,0.1355223266476027,0.3863061206392966,0.5460476846113228,0.5808742974863484,0.5758049239387508,0.5714853288436972,0.3166939289879854,0.8042010708836022,0.45241432323054426,0.6674855602933978,0.45379396872800115,0.3898019673486137,0.6612668858525039,0.5491703626137592,0.610158283942657,0.5026673739868126,0.7540619889357943,1.1388862842360397,0.7064920919623472,0.5539184370017882,0.38029423692383535,0.3300654114144428,0.27629494038343516,0.3418866145166024,0.3659551579564826,0.4279641135495318,0.5270287871788919,0.6277383791749129,0.6904963648599756,0.8021427553460213,0.8842370849225822,0.9763470478589695,1.0419782275022231,1.0662305364494282,0.42606642885807106,-0.14271529623080492,0.08275414978657336,0.2683760221631166,0.45835887861960845,0.606752283599683,0.6987895828849982,0.7816115356776385,0.8289631291412147,0.6770352350227904,0.8402497873288779,0.8142380535081754,0.7790734254802892,0.6974415956604544,0.6036061042386642,0.34508201754771206,0.22716090642037046,0.5650092776355004,0.8687539902838535,0.9157324047109598,0.9049317669915353,0.8747453789088737,0.8630840542191551,0.8010973136310628,0.7492686522983802,0.7051595121121275,0.6862258722572234,0.5941908391998618,0.49267189698807123,0.35906900119698004,0.1380504824244151,-0.012662974686737577,0.46820051588882583,0.8170295263067257,0.9141257988564848,0.8987368214712517,0.9352624930909463,0.8970413424173684,0.5498541730464768,0.526959051513749,0.0,0.0,0.0,0.0,0.7345391417501608,1.0574743036906402,1.0947842599291895,0.06885015265993688,0.31948340411009263,0.6441490052591037,0.67679066674483,0.7021726508805796,0.7679415349818848,0.8979747940224991,1.017261493544435,1.0963340101605783,1.0978869235051856,1.1978440944180693,1.0754280837315164,0.9974344165057245,0.9624279599087489,0.8588581339035728,0.7555148939328178,0.5350974399332395,0.45214424379672624,0.7036620601665523,0.8202491608664977,1.0223872082546164,1.3411274524483006,1.5306880389913675,1.7573071583690165,1.783077844594651,1.711415820728439,0.5437987793593579,1.5983428005402138,1.4643429288721013,1.310586718200761,1.0828081699774308,0.9029567647212663,0.6389388440407874,0.6901981439187247,0.9046094932939726,1.09506814785576,1.4072322819775784,1.6077092619892537,1.663001706091532,1.7280109087479323,1.604400528328256,1.5426729361943123,1.3597994798826805,1.2284296768118752,1.0288023677645812,0.8336062437961117,0.6680467160340697,0.49046739282191765,0.3507975914660858,0.1689294516247332,0.39374541849277794,0.9664588516901772,1.1633091958784938,0.47074996245109213,0.26782433223334,0.6143236357340178,0.5785294421956982,0.25689167125656237,0.6985751396267115,0.3809775629108921,0.5377845305884876,0.542843321982023,0.5524092160970349,0.8129425555531972,0.062079946950935994,0.13789221711456218,0.5787029963331982,1.502531478998111,1.2867254060017912,1.3390755975190372,1.0897289287934062,0.8866251628510804,0.6527811395221517,0.4813320006923505,0.3157400475877352,0.20948859471312153,0.06679903365232431,-0.054253417798689196,-0.12393031285895217,-0.2143555976006965,-0.11988054089885075,0.3230573409816518,1.1208181774526642,1.3314538127509061,1.2368885830240117,1.3191481921385924,1.193396325007552,0.9040909198060554,0.6589029807198521,0.40905126803003866,0.49645374562028366,0.0840061864451187,-0.09296577167440234,-0.2429734197156569,-0.3071119588832476,-0.416237968369522,-0.43268066409934147,-0.15422681699950735,0.3989445847575271,0.9874859293718949,1.0270315934803558,0.9973036654121948,0.9470289302435655,0.8965063893919272,0.735356260812893,0.5953165058860652,0.4948427061649596,0.396513810959648,0.2871574318892296,0.20342704182069005,0.15216769004010122,0.050976521999096636,-0.04096876131311045,-0.147584337116059,0.006635566234528767,0.2780343316769558,0.5585979735850386,0.0,0.0,0.0,0.0,0.0
2025-06-01 17:56:59.631,1,0.0,0.0,0.0,0.0,0.0,0.0,0.8622816831189365,0.2273287548764992,-0.16658542905752308,-0.10976027847848457,-0.025167954396261072,0.08936283394078648,0.2548657108258997,0.3273743794691375,0.4084087511890172,0.5016827436693412,0.6290987394209759,0.7468443071189411,0.7731076277109175,0.7985021692347455,0.8526288750451352,0.8613414095341504,0.6355335648995518,0.14595690219692098,-0.2110390529434728,-0.26790924059019616,-0.17640145011796593,-0.06434541092878865,0.09896525365813624,0.2375885090766281,0.3450830988111566,0.45074339400446495,0.11024385970417144,0.6115961462986069,0.6469857540806805,0.7021554082022649,0.7364997747697108,0.7773525166300792,0.47169435915072117,0.1769689680710807,0.06156414227986706,0.003387470687056693,-0.009109335599838841,0.18587500076873686,0.208035899831162,0.2645740299730477,0.3041630809638278,0.2743994179390532,0.24647343859481974,0.24711627582168239,0.3362791091233802,0.27838516468264357,0.22484638867103335,0.10993855403879588,0.39363151452712186,0.5470981519108804,0.5677546511731609,0.5244337164968247,0.5407039872794637,0.30143542285316377,0.9182149255560976,0.22732282213320576,0.45211998798587205,0.44657675682782894,0.4213009824717612,0.5254648672567804,0.489441291698454,0.5944543710575538,0.5778075270872612,0.9093725200050493,1.1248923200166097,0.693429211521739,0.5587847152966197,0.3753447604153457,0.32276996853769435,0.25688005999655883,0.3491676179887564,0.36737214803400664,0.41230531304153195,0.512901535198975,0.6076168089383425,0.6732296537048101,0.7846196186378712,0.8653170575519187,0.9508668928641011,1.0239139143552007,1.040653964438863,0.3974848026146946,-0.11297283968150762,0.09614596645480344,0.2816786290815607,0.4615447266630943,0.6002965785417294,0.6856701896044073,0.7636191802839059,0.8123915324884206,0.6331018081480455,0.8246009927886389,0.7936833351963116,0.7595935218202999,0.6784474690237056,0.5880272944007563,0.3296557385589305,0.2437515911811382,0.5804830162768345,0.8627392238265159,0.9237974320822475,0.900482040787393,0.8644835399668798,0.845043038040187,0.7866592791823623,0.7328534311317527,0.6914378952739364,0.6500756744767575,0.5621206177811122,0.46156248826467516,0.32276541472204034,0.09287879419748468,-0.038160862952060226,0.49886731814091545,0.821478251568699,0.9050972700701705,0.8929771287137538,0.9811171457644436,0.8450188050111331,0.5222856308796753,0.49540016127705544,0.0,0.0,0.0,0.0,0.5428655733270522,0.9795918850444576,0.8935032817712499,0.0804543463366999,0.33730769649706455,0.6530092345118106,0.6837252407780674,0.6976043922467497,0.7487715183482495,0.883066878692967,1.0082556113638819,1.0801941494445346,1.0739799398058931,1.1763694249961993,1.073307962617493,0.9890200937614715,0.9526036168051153,0.8541861308710683,0.7714975545964486,0.5492695177278206,0.4643372644331878,0.7062035487830483,0.8147631679292764,1.0151892593632517,1.3310201339193457,1.5229598170758774,1.7464265996989274,1.7695410003208527,1.6936218532420504,0.6906794487320369,1.5835412017235102,1.4537574907979511,1.3010335653613982,1.0934281192995172,0.9119570757516582,0.6722124050354079,0.7015933581136508,0.8985279474377592,1.0851097389927369,1.3981095083975188,1.577042287708359,1.6330010797621568,1.6943143868408925,1.5816274680326845,1.5210981784061177,1.3536354433998468,1.2213680286774165,1.0292197983943767,0.8442855939591737,0.6848628732803419,0.5060956992445209,0.374434700917564,0.20189380719477137,0.3735666442958153,0.9204899743394231,1.1278236818078522,0.7713026677113545,0.257168662211156,0.5349199301083515,0.36720393070559054,0.328846971689899,0.4612290900714724,0.4318499087781407,0.5150228977187827,0.44348065454011076,0.6058555319505331,0.8265814859824975,0.09917159480911192,0.11913261037511724,0.5047853661607709,1.4053104950408584,1.2098579164154932,1.257296082166722,1.0528076839896188,0.860003930709188,0.6580594471075134,0.474171057895066,0.3178107143347435,0.2110817080505636,0.11390966415824555,-0.01948370263864241,-0.08210773352021439,-0.18110717111357233,-0.1353424712442119,0.23912123461384643,1.0317965681664099,1.2529452741859664,1.1745745403738224,1.2384052851169667,1.1164666573743902,0.8457123271323725,0.6242222164419504,0.3790084220803418,0.381268568546268,0.08456844473514513,-0.07308308426910126,-0.2068922905997299,-0.28313421235316905,-0.40797939476741557,-0.4627462062856772,-0.21863355959959913,0.3195197220406851,0.9111943772088047,0.9537291060262967,0.9345172677926495,0.9034861277569333,0.8302778050818409,0.6927110648341861,0.5819180116193163,0.4675488336446496,0.3871922840352744,0.2766485009483943,0.198716082004889,0.16043189220057497,0.0670223570452565,-0.015864159267826916,-0.11617823698909979,-0.02137277844030483,0.21204642282258834,0.49318717972478066,0.0,0.0,0.0,0.0,0.0
2025-06-01 17:56:59.632,1,0.0,0.0,0.0,0.0,0.0,0.0,0.8042918439334619,0.18199111115553476,-0.18918495049629241,-0.0937665234043149,-0.00960741955022859,0.08192382912891072,0.24714909942794916,0.3088857927505928,0.4006107123389716,0.4699448907206838,0.6037804139518097,0.7238444635331508,0.7509532760162305,0.7794884218906084,0.8327812877694615,0.8261558106339655,0.6132411894756535,0.14747714382750016,-0.19276290656057532,-0.23498461059893827,-0.15129918235919426,-0.060734114261475236,0.11454706355835831,0.25332922043860373,0.3513255515789293,0.4591770801581334,0.09674622005829225,0.6118475976117305,0.6468388473549402,0.6854392252816309,0.7267917344300294,0.76114426481699,0.4750836534918556,0.20728063131991248,0.09324601969849644,0.06683792970974589,0.051447123719439825,0.19309330991081852,0.21894630311040086,0.2606511641621252,0.2887652305999904,0.2694763762084367,0.2378724855635035,0.22979376110712146,0.3154762440717531,0.23279050578503685,0.19182953733742897,0.044943776185721235,0.43577039868553036,0.5797822728684922,0.5841336739131774,0.5554794814027066,0.5504844228883443,0.43104210061176956,0.9531527390621302,0.40293611384781874,0.3480786355150517,0.5128747199994877,0.3541942608616113,0.43090580348343255,0.5402434791996387,0.5617106912372027,0.6175558956478988,0.8219989159305126,1.114552992888693,0.687804003914171,0.5362581908667639,0.36508754821533174,0.31638639146665204,0.2776001664147849,0.34703787511017836,0.375614427724446,0.42260023033333294,0.525494681235849,0.6066292924001082,0.6654039392438151,0.7847202921062079,0.8594434816712764,0.9502740789470978,0.9987732846173151,1.007882448090349,0.34405827204037803,-0.12175379122253172,0.11133295581467362,0.29779501554316523,0.47432560167711046,0.6027489684843914,0.7017580828307404,0.7690100888011226,0.8133823595327259,0.9360521158774238,0.827208430543618,0.8034503330012374,0.7585895304752638,0.6749928078821442,0.5940280190204652,0.33270022905644014,0.27742322062257546,0.5986095592625026,0.886795986918028,0.9522417502354836,0.9100532196710953,0.8827724213230688,0.866799744779057,0.8051360554693505,0.7391484700521367,0.6936390820122016,0.6496828422114527,0.5505631546443175,0.44735186677644956,0.2815306542769632,0.06266972586413688,-0.09042479283265423,0.5162030199579498,0.8466198227119761,0.9293245956342091,0.9023105998534942,0.7999499812111015,0.7101507355241536,0.46558903924031,0.45941241183378434,0.0,0.0,0.0,0.0,0.4890927980539044,0.901709466398275,0.9600386220022129,0.05887832629750722,0.3299508983824883,0.6516090933950321,0.6779136511828197,0.6931193804555734,0.748962926403393,0.870052107184698,0.9865537308042005,1.0720147045833408,1.0811225306813803,1.172878692464412,1.0683528569520138,0.985649821030663,0.9515276094918121,0.8598299522648503,0.7555618153559485,0.497694900272412,0.4404458173522484,0.7003394595468837,0.8230737814804101,1.028128319417331,1.3453695365300604,1.5264521944777432,1.769840441049276,1.7860315654911083,1.6941274552203065,0.7150028925687983,1.5857525414527829,1.4612799548102458,1.2969904788177833,1.0750821842499119,0.902540853956082,0.6541717341851532,0.6900114114804847,0.9072323720272994,1.1003248627939617,1.407047211212493,1.5855165193603797,1.6401222965215705,1.7067753953993545,1.5948319615730087,1.5225524398269132,1.3606114767459965,1.2285771921962203,1.018975745942047,0.839756352713778,0.6826787393129088,0.5096285065248335,0.3766075066834548,0.20650248697197315,0.3751500460530324,0.9160125426837397,1.1300178709192283,0.6680021720412145,0.3289957077875074,0.5297002426307826,0.42015460919273007,0.4551424994900098,0.6955630737762772,0.32008948652944696,0.29142828535877735,0.43513121085880946,0.603171061020267,0.7798761698477069,0.11634530269477833,0.11690346241423355,0.462626165864588,1.318398006672217,1.1909029935421507,1.2301847389327483,1.0329738878538879,0.8694417876011775,0.6659480265801889,0.4638309293873446,0.3539096193643516,0.2457842814259552,0.14455184401399324,0.028508100518413126,-0.04296720051405056,-0.1426087918614991,-0.1402486661272968,0.1750212866116489,0.933441397176495,1.1928034280655038,1.10269093963608,1.1609318074943573,1.049568943649475,0.7884087792661743,0.5790391440617493,0.3573456383021065,0.3375732479111301,0.07163238077235845,-0.0597639257000151,-0.18176557816444683,-0.25318187712318474,-0.3771160796440958,-0.4616180343068096,-0.29549970706869433,0.21677222216306763,0.7906599078369316,0.8940014474151903,0.8868789162385963,0.8498128257943671,0.7896956681429153,0.6679650276966367,0.5686114001441611,0.45705624091723185,0.3922095609352232,0.27745828188811505,0.2126579600809848,0.17714752234815623,0.0958772046176587,0.008069770866323989,-0.055751973559179935,-0.02235409508879982,0.1804192527645958,0.4598645518554718,0.0,0.0,0.0,0.0,0.0
2025-06-01 17:56:59.637,1,0.0,0.0,0.0,0.0,0.0,0.0,0.7857322361420618,0.181835792087054,-0.2050104814254983,-0.12344050753942859,-0.05242434675288199,0.03719132876622544,0.19015564541536933,0.2601592557208996,0.36378084675333333,0.4516386442771265,0.5873212402091277,0.7016555535951722,0.7448780937673729,0.7751691427776615,0.8433975009850033,0.841811818362316,0.6384603872580977,0.15720068129763948,-0.2506104038287968,-0.3059406690486156,-0.206531196430216,-0.11285085731406808,0.06955991722154842,0.21731423546138795,0.343019865439238,0.4352147882200157,0.3149439118944811,0.6228297367901104,0.671587318692993,0.696259200241659,0.7511909066659832,0.8296205191310823,0.5308136939445733,0.1794258558146069,0.008894472821984967,-0.03496343404942026,-0.010546951171875207,0.09571278635390179,0.1634754309858537,0.20658598317094534,0.25224316246595824,0.2626791796435102,0.22760797825883172,0.24604108054951213,0.28125250276332636,0.24277666061920827,0.21431890546124893,0.07362507871105142,0.36240972389093024,0.519534462475488,0.5202398066484387,0.46694367469332687,0.47470483790024454,0.4788043765799957,0.8602903358362892,0.377226961154359,0.251950930903302,0.5160402473403916,0.4583441067507047,0.46570127445081844,0.5924603996042406,0.4787753107641878,0.6498673152969581,0.8521411451721144,1.1129202312411413,0.6317711214210412,0.41198982930526595,0.2471688911235017,0.2647671776502343,0.23424985352539296,0.32125423011925514,0.36491285211736657,0.4144056744357063,0.5336948924062725,0.6134130564142879,0.6871404294919643,0.8095704492461965,0.8929463102691324,0.9729525069045484,1.048757627251283,1.0640038968436871,0.3228179082927984,-0.23041795172594848,0.04334587517987076,0.24311511705823974,0.4400174308067999,0.5867843531688193,0.6914303018092318,0.7598538591341439,0.8170053057488811,1.0424352602652918,0.8501832453029012,0.8290782046618902,0.7839858600779969,0.7228215215794517,0.6297794319510714,0.39239953788347937,0.2831583307238831,0.5820473038729065,0.8613585881151478,0.9421208431901829,0.9259081250601471,0.8965766005105389,0.885236760819927,0.8220742325920525,0.7634152555895353,0.7072596647621978,0.6583977972638355,0.5707940965489224,0.46840218074441275,0.304243678946729,0.06505308877946459,-0.1107915288209943,0.5231444727162595,0.8589902369375289,0.9440292483553017,0.9066679176852792,0.6753191307021178,0.6080247338923455,0.6368939310514738,0.44942744683288616,0.0,0.0,0.0,0.0,0.2829709006469544,1.0000261580407785,0.7396748941730495,0.044482509234576306,0.29888127814654825,0.6442357550070925,0.6669400995050019,0.6744753919637917,0.7351547574237349,0.8595919645520615,0.9892041254495805,1.0829396007995036,1.0766191501998281,1.1965401960211994,1.0982901613972826,1.0018964745535057,0.9667258493457951,0.8673061245794567,0.767633735573005,0.4656289228621095,0.40282207583310936,0.6871123904482848,0.8188515289567782,1.014970642453879,1.3415954736398985,1.5421024711346414,1.773835329975923,1.7892391460399109,1.7014763572400964,0.730084660056447,1.5919327841861177,1.4558342077392816,1.2781565869099991,1.0723808692463823,0.8756321301347417,0.60799610344334,0.6736051018809345,0.9332662745709748,1.1214801998735409,1.4361964272749657,1.6104496997383877,1.6591790965390436,1.7185442505670911,1.5913044138013397,1.5181712279042303,1.3511169189670809,1.2027389640973456,1.0034398171877394,0.8226820794651998,0.6700445050574273,0.4941647645559055,0.3580767454160839,0.20356080832436374,0.39470602485814776,0.9521529373102148,1.1347651249544057,0.5820810473698909,0.32628074603479096,0.7619627456241685,0.47275886550315216,0.5692649694842873,0.9122643804190459,0.4317842260704799,0.3808482016069297,0.49564180527542656,0.5774049774511897,0.8522055274030397,0.09488487958187747,0.08839398293405809,0.4306826069649721,1.283365012734974,1.1843467008886894,1.2081587844525026,1.0099153884821916,0.80608893446273,0.6489266745593207,0.44448671113451077,0.3170089371102265,0.22991764355263822,0.12507355431364808,0.030162091966872584,-0.04223149203434029,-0.14349060076047804,-0.13323313402750564,0.14846026001175144,0.8950818220155459,1.181155402693241,1.0908634104584407,1.136537594017724,1.035212769163792,0.7766587291562765,0.5547954053264694,0.34330981230290325,0.2860866930498842,0.07218412450255896,-0.0424830133403451,-0.15325920400340964,-0.24656435049479453,-0.3610849086376288,-0.46089776099547514,-0.3079829578917387,0.22385370615810535,0.8171673842884284,0.9180038532574917,0.9204872402068919,0.8914701985796758,0.8623401226556928,0.7249026308129118,0.6209679463434974,0.4908622438283252,0.4336479748670621,0.2865802692321655,0.21671907909574983,0.16580265457982568,0.0747740655412763,-0.016243093968884126,-0.06598290839375454,0.0217088142332994,0.2880541502077165,0.5455136324749996,0.0,0.0,0.0,0.0,0.0
2025-06-01 17:56:59.643,1,0.0,0.0,0.0,0.0,0.0,0.0,0.6803247597476818,0.19315673527664864,-0.1033902964424056,-0.024876923395916406,0.06357852310862933,0.12018631629129406,0.24640878774499775,0.3007029182740324,0.39081093728254557,0.4818321469364195,0.6051625034470214,0.7007372541447602,0.7288380840855109,0.7531985137363443,0.8176327855161997,0.7892327170545586,0.5666536007115045,0.15023900575094706,-0.18721285657706388,-0.24601218027019,-0.12493328084686528,-0.05842946476469546,0.11246557211770036,0.24338393362790844,0.37226114821645684,0.45106614471628714,0.3671422758820052,0.6239330408576208,0.6716634475600021,0.6969274372715252,0.7413460713732749,0.8091648283511476,0.494519397380544,0.17907261360534776,0.05147788262843234,-0.01902869069966817,0.034397569747458556,0.12921419149074076,0.16209245086657176,0.22082057552890766,0.18918562090918511,0.24518133461838953,0.22757078262035668,0.2452043135452493,0.24939464602320183,0.20613038379618903,0.22165746168434092,0.08024917658156264,0.31270138304437217,0.5129867922622982,0.49644399925570915,0.4649829721476306,0.4547813716247384,0.45421986387331775,0.6109632061047788,0.3444374655097165,0.4472335796878397,0.59304754278505,0.4810271189787183,0.4370560365962086,0.6176989095619392,0.5284480949815017,0.6260368298355579,1.0280742344066915,1.0456040861497162,0.5801886499923451,0.39232296355765817,0.22875036826173512,0.27233878367918685,0.24848871275659934,0.3385509086201721,0.3814037403064354,0.43368256998770316,0.5423278643080938,0.6177055532193902,0.6871400602421303,0.8030378309970566,0.8701669512845875,0.9424724493550709,1.0243384798926582,0.9943617663621638,0.2692542196373489,-0.1930978246126659,0.08523739777209793,0.2795299284444739,0.45890360357819326,0.6079130633759608,0.6953993429628267,0.7513393456461603,0.8059464330888735,0.9668157786715337,0.8320060162870309,0.812657461957221,0.7549075876177253,0.7028473330242017,0.5945597918337184,0.35192723849902285,0.37435635362416675,0.6594287952390235,0.9392467674025076,1.0027017483554268,0.9605363922811263,0.927967142022825,0.8926438748867063,0.8309669065122893,0.7675963238712831,0.7012216687359505,0.6456613596570955,0.5547112590930625,0.444423582509222,0.27425974191281377,0.023855079678020474,-0.1473890842708625,0.5936801814532467,0.9040941394705222,0.9873619102257285,0.9355471991571354,0.41090070296007347,0.5705860859907261,0.6810771174283166,0.48540944953486276,0.0,0.0,0.0,0.0,0.27832882341419385,0.8526023336847608,0.6592469694294997,0.06467957126772494,0.31949707023956103,0.655524777507751,0.6624233466869709,0.6678311181435063,0.7108993443762222,0.834989248605323,0.9535301835253085,1.0439254317332485,1.040711683944934,1.1670673339839412,1.081140184593051,0.9966682144294994,0.9550521370548755,0.8729090081369029,0.7784398823530045,0.49900806024426775,0.3860300040735061,0.6588908534588311,0.7891549041169552,0.9815186506405142,1.2988092839453047,1.51244105413425,1.7356792861570662,1.7490396241839388,1.6651326804253859,0.902011666872343,1.5686241238811798,1.4432898113620625,1.25740026491505,1.0719897121842212,0.8758027207517541,0.6176309554261419,0.6719684936645619,0.9109709181446206,1.0880898024625822,1.3998105645187506,1.577655775476678,1.6181448893621198,1.6859906554481627,1.5360702511503146,1.4758559616771052,1.3135110168670407,1.1711415825076292,0.9719277179452576,0.8101995711884394,0.667122442534946,0.4970645077000386,0.37095325598113627,0.23573176237050691,0.4079955507873515,0.9061887943616423,1.0783622628748355,0.43644979623489044,0.4518465365175499,0.7360924914771164,0.5509381329453518,0.620897653826586,0.8780059819523683,0.4322500960168025,0.24425574068742917,0.7131006007759717,0.6030830704857382,0.8057641561772756,0.10704446127289197,0.10064200947176904,0.36697025327426785,1.0468199395317708,1.0523103102462426,1.039885351828262,0.8650919041645775,0.7040264939661867,0.5592520797498652,0.38041069529238314,0.2673209184797323,0.21890693953487728,0.10658300064233472,0.04315068245326681,-0.04825127232226878,-0.11756687552313072,-0.11471470859718841,0.11476936742797278,0.7856075898121433,1.100193340155849,1.0165599616157526,1.009908188339978,0.9194438872927464,0.6566801445676536,0.4579775523060825,0.27631798669057717,0.2877646594477772,0.04336596672610882,-0.05323822953754287,-0.1548352658574581,-0.21610125075842535,-0.33317503553798233,-0.4087672772419889,-0.2642613807695784,0.17209211776959193,0.6752265001421036,0.8228966188790652,0.8244854048182245,0.7911751296781113,0.748557844718301,0.6340714318880076,0.5465351768379765,0.4451319752122256,0.3924996663486644,0.26642387619426033,0.2029491521420137,0.1784187728948461,0.08981491161907884,0.014240968594887993,-0.006401204984328834,0.04295045362964989,0.22025632223994962,0.40488449270456583,0.0,0.0,0.0,0.0,0.0
2025-06-01 17:56:59.649,1,0.0,0.0,0.0,0.0,0.0,0.0,0.6332054953534116,0.17115303528684053,-0.052141710429291,0.007352365432809149,0.12100865027179486,0.1582971733136328,0.2733504436119579,0.31342109499036486,0.3991587614751352,0.5141423710160951,0.612767868529134,0.7021686769490197,0.7355599540407549,0.7452968746030325,0.8145412186812911,0.7849125731169253,0.552741613423648,0.09542582122980237,-0.19237114923417398,-0.22214551318833886,-0.10824705358589748,-0.029739134110733367,0.13191299503678566,0.26622766653211793,0.4041248506594213,0.4874578817837165,0.442973016504303,0.6582916166116674,0.7056432018832595,0.7398509506474729,0.778762188763332,0.8486518498249127,0.45789912747502853,0.09422736355397693,0.006331666395308799,-0.08061069631347717,0.02990824179804341,0.1119668038187327,0.1892211065320084,0.22745708146787558,0.2509106960283154,0.27064533502284505,0.29962259769358845,0.31342898167328725,0.32575722892805326,0.269471417191064,0.3157333795791308,0.1325084019869014,0.159304001266468,0.43068397813267645,0.4307326304953524,0.41704990634199945,0.42645033225202056,0.4034064867666863,0.4788351092949049,0.3131797890527142,0.2795715285771183,0.6666949131370677,0.5877149454712692,0.34989225865963847,0.5389665307500944,0.7307475062923141,0.5529423786623804,0.9073261924735538,1.0048895088282523,0.4979901840728794,0.28893993212973634,0.16713103080441116,0.245119436350127,0.26779759386513735,0.36836241868192454,0.43248170392557483,0.49047611690018633,0.5892827775294975,0.6756277042087808,0.7461606695992216,0.8512405578658849,0.9281017710340476,0.9922612460380722,1.0552106761495317,1.0204447019831184,0.21208632683556267,-0.2350491804566175,0.055859284484563565,0.2901228267636884,0.466130968174564,0.6211854378441752,0.7118772232064905,0.7774282842036797,0.8307318698812696,0.9618120332326197,0.8649523238991239,0.8420106479333459,0.7853821420378392,0.7374348511646346,0.6275485798664147,0.3827017268555767,0.37995526738414004,0.6573061285418355,0.9531558566352136,1.0346518669983216,1.0070555978639997,0.9710490417145541,0.9169458860872282,0.8714086075291867,0.809666099141064,0.7456912363042298,0.6804841723805384,0.6034899278086563,0.4888978421671013,0.3100997880302817,0.046550644262482344,-0.14506259791310663,0.5979870558039133,0.9169720897390454,0.9949462461113137,0.9567491405688278,0.4565549132046027,0.4835043992466745,0.6296589821311132,0.6354942950802549,0.0,0.0,0.0,0.0,0.33883794764211106,0.6246370963068977,0.36272961593217246,0.09276404816756967,0.29558430947175324,0.63983162564921,0.6515222801037204,0.6481064965153381,0.7064739768227026,0.8228156208118949,0.9515371508468298,1.0353081318832156,1.0405617282505726,1.183393361728593,1.111536055822063,1.02496329366523,0.9855581151026418,0.9147471752842335,0.8165827668129502,0.5408279930317035,0.34529122220304187,0.6037641214209484,0.7395997621381409,0.9547375484562242,1.2582414437000697,1.4986837156152633,1.7116870890266505,1.7367640667461794,1.6608621471270808,0.7269022304277988,1.5835748037504582,1.446941598224352,1.2733914636478134,1.086266437601786,0.8912464568475746,0.6119681353634864,0.6650220815259621,0.8871851112230618,1.06781748650373,1.3755154956794737,1.557091975771753,1.607783338520427,1.661479525049128,1.5226686919337473,1.4705276428039369,1.3176657685556235,1.1635433936198951,0.9704134103576557,0.8064377435647684,0.6736658281936583,0.505229774392454,0.3842679552722975,0.2480891330888071,0.414972090073495,0.8803852279372123,1.0485512971069992,0.43833460470770313,0.38674190708765155,0.7314278857636315,0.6006551460300318,0.8234634434577661,0.7977461063965458,0.6025958506138753,0.310431000734473,0.665807547400482,0.6258759119867775,0.685947828508403,0.13469798508832415,0.10295270433242093,0.3055585364352508,0.9280313589396807,0.9756978362184852,0.9633883952776087,0.8135585572821544,0.6692289675030392,0.5207050396246808,0.34525706407637013,0.2807100758731662,0.212711366384585,0.08624007792760002,0.03434565355199681,-0.02959331679451005,-0.1053945800308449,-0.1045041103518139,0.08425582764607925,0.7397657161311995,1.050370648777948,0.9928438744710608,1.0012998083916576,0.8486114610839615,0.6204955976974333,0.43379075892146113,0.24466022917837882,0.300994296862363,0.01869868030160582,-0.062070255624437465,-0.14918234864108604,-0.21821963045471504,-0.30914695989368635,-0.38587667714644047,-0.29100150987577666,0.1284066590846113,0.6018145369194356,0.7842719335754254,0.7857566867577158,0.7727455717517491,0.7183098027141233,0.6116904938172754,0.5377551328608736,0.4434465785162256,0.39251786471150996,0.2843298174517772,0.2217094508059818,0.19697046399760287,0.11290976631752891,0.047554635151898283,0.001926723194314861,0.01680628846890342,0.12921916332003514,0.32066967051687434,0.0,0.0,0.0,0.0,0.0
2025-06-01 17:56:59.651,1,0.0,0.0,0.0,0.0,0.0,0.0,0.5141840500164369,0.11597007984853183,-0.009044635579411764,0.10954501986935417,0.24048504821372363,0.2700335027862816,0.34929847529904945,0.35405917482686444,0.4432734492639018,0.5603738335065094,0.631460697650557,0.6940483749375149,0.7279302631057578,0.7314163796250043,0.764259904036024,0.7322831313190868,0.4664223766569328,0.050612400095527144,-0.1279959697336343,-0.11536026003826072,-0.018249143305540727,0.057043272096209074,0.1899436258828442,0.3195615118730657,0.4500568813158303,0.5277005233534484,0.5954641056560902,0.6641690505736731,0.7070580639776141,0.7185164764916561,0.749882843709093,0.7634228692814992,0.3642420624032345,0.09474668621531657,0.009294875164908456,-0.020816794038620134,0.11463645401879674,0.14984807415890145,0.2756408587125243,0.25122453083452134,0.30935184243623803,0.3028456672081068,0.353553268295808,0.35598150048218213,0.34832408810602133,0.304117176172968,0.34375090878294645,0.1677175877926227,0.12037939615105464,0.4405795378951628,0.4711979879790539,0.466587805009671,0.4720327874206123,0.2669954501112833,0.5112576342190137,0.47582107184376937,0.34878569977858276,0.5405027590711987,0.43154849919595295,0.5076730887870092,0.5495842030313043,0.5497044655157908,0.583676890450516,0.9781295188750554,0.9885099529342398,0.4687151517468958,0.27671169519154504,0.20632490176210538,0.3042349393574457,0.3518388780050452,0.4389728046827919,0.5073467676077255,0.5663376078549904,0.6561021639308184,0.735784267227616,0.7993355999023846,0.8806347304962295,0.9461640880260302,0.9912342263085376,1.034626989197887,0.9739851353768014,0.14469974783265177,-0.18800013112324987,0.15056348734735847,0.3745152918029455,0.5284212824032102,0.6997559661617272,0.7665509553352878,0.8147254737743546,0.8649342857866389,0.773810389100781,0.8766984670015219,0.8486612407056705,0.7859444011207933,0.7380489739021362,0.5997150677969623,0.345195316060918,0.4490368470123193,0.7542267184135941,1.0506305491025598,1.1072109027885306,1.0770459663519334,1.0291682186243933,0.9657823108681827,0.9089170831398032,0.8472996736904188,0.767714786052387,0.6969528648633359,0.6232648636652292,0.49828010761231,0.315628202831859,0.05448200228094191,-0.102978532010538,0.6546814803961557,0.96017705061732,1.0478545255691787,0.9959675685135991,0.2120032715976986,0.4672635290455723,0.5304544703777461,0.873972994424167,0.0,0.0,0.0,0.0,0.534796104040848,0.702456995903437,0.4306988469531561,0.1770778251252454,0.34901555533072387,0.6581041310736956,0.654445007394242,0.6509195662381734,0.6999938957373111,0.8016080901850791,0.9257130576849768,1.0098942922629797,1.023467720760757,1.1895100191531616,1.1265872155852525,1.0500023770732887,1.0268432698069783,0.966640076077331,0.893052817164351,0.7034450137421497,0.34836319551546596,0.5507169506261662,0.6750566369575777,0.8776299025382643,1.1863458401386462,1.447136763684663,1.6734938908714136,1.7034014259571328,1.6606539365028834,0.6903601336005836,1.6115625789381145,1.4845245760285786,1.3106488298352763,1.130705523901053,0.9397058320739279,0.6532019464744893,0.6372057651979371,0.8246229588673251,1.0037008565580736,1.316482478480027,1.5196334208580007,1.5787915059251942,1.6419455502350018,1.5134925614057797,1.4721712799734057,1.3236665982873212,1.1762068390858218,1.0038028512496906,0.8406070714737258,0.7071089961796739,0.5380106265888733,0.41186080455451435,0.2762619867829713,0.38321896269626776,0.8118859531546535,0.987491676362381,0.28768464802411575,0.42056193594816826,0.8757926760176856,0.798812569381402,1.0647757093812715,0.8384193896209787,0.8598833222320035,0.6867889686283375,0.6913997437372562,0.5846282872309045,0.5935950316072708,0.17777698455021657,0.14616757164092814,0.29519108837549357,0.8471285012654841,0.9574769884541827,0.9460655172124001,0.7914866810816961,0.6581221457103374,0.5059519167125286,0.36992574656646915,0.2915629871532017,0.22385359290912366,0.10063400704571257,0.045132062203008694,-0.027129802979014905,-0.11305359211429988,-0.08661687184074984,0.11185221437611387,0.7679117136312927,1.0785849797619418,1.0043793419916291,1.036425881519158,0.8971079781064184,0.6573227612330519,0.4669278947696587,0.256006880541094,0.2567637970312818,0.021016061244454987,-0.055018039180071865,-0.1611629676234544,-0.21489569409019516,-0.28613570013724365,-0.36041813083221325,-0.2719290147930019,0.14564490050452356,0.5981283257046692,0.79196211993274,0.7790510516742909,0.7534561996218114,0.6955734741180395,0.5972386477075626,0.5191926103931794,0.4489017394459496,0.38288546624532405,0.2836076450024958,0.22642041062178264,0.204794368621658,0.12345062386324857,0.050994829005085784,0.003151814742738235,-0.04705203281831577,0.08723706242763762,0.2502288329440633,0.0,0.0,0.0,0.0,0.0
2025-06-01 17:56:59.653,1,0.0,0.0,0.0,0.0,0.0,0.0,0.39339369459067053,0.028928031892532236,0.04710658752139035,0.19295496133522116,0.31695227475489307,0.3385956633135204,0.3776119472490248,0.38031883649710796,0.45090418648072605,0.568232975122785,0.6160619817845823,0.6669204986381662,0.7018823289802525,0.6954307688624434,0.6952510148701603,0.6603664785569408,0.3568567555879769,-0.03355727991743046,-0.09975867201463151,-0.06523476238078862,0.03138190124419116,0.08964142336680991,0.2048377525317795,0.3237796717943353,0.44870090712296373,0.5158077425468999,0.8026748564091721,0.6422040752235868,0.6804768208160055,0.6840950002086695,0.7153855006999745,0.6932376121183406,0.25681301168133436,0.051810689286750644,-0.00028132938009295394,-0.030837538751838478,0.09358225875825088,0.15963437906066424,0.2747642411884377,0.2886440309928773,0.29377496201807096,0.32338650818933834,0.37448233241037365,0.39416610611272784,0.38068724355299033,0.33649253383961947,0.37732954774750327,0.2707323221565946,0.15632024484027984,0.43066828478331365,0.4376674637208037,0.43613558666842245,0.479228175422753,0.1481893288325613,0.6198712570147245,0.4096164931783552,0.5445600239250189,0.43144553831617405,0.5399235522410668,0.5348901895773333,0.5334706633253512,0.6261560952558709,0.544772455236283,1.023008553423352,1.0235286212611427,0.4681326914671853,0.2683918806250012,0.21992481995322555,0.3173133493864537,0.38312855005532853,0.48336874765261895,0.5420020322257397,0.6052172199145527,0.6812667131502979,0.7610895267059996,0.8241263234613745,0.8949548768832337,0.9586888101801796,0.9893483658736635,1.0347434200304222,0.9697687143465461,0.14202550388278357,-0.12476455971894373,0.1959900164774302,0.4204350425136374,0.5566014410736442,0.7277077368990366,0.7809475686633736,0.825356210657505,0.8737682500835493,0.5715212942763048,0.8727342699084342,0.8332926458720117,0.7739742037378278,0.7199000206452998,0.5712874542756108,0.2926910636495851,0.47697342301861867,0.8244594750205004,1.0892792256477568,1.1421372577376576,1.1231734773973467,1.0444320903276336,0.971979043645534,0.9131236940553467,0.8483115824513285,0.7614985952668794,0.6813692346505784,0.6138844424131191,0.4830072967044243,0.3108317947575704,0.05515680512244581,-0.016759155928063818,0.7245901174233473,0.9967431073853865,1.0652843457761147,1.0156669820183688,0.2226849329685598,0.41613494580770344,0.7176955727661531,1.0209024425130981,0.0,0.0,0.0,0.0,0.694089180943513,0.5772964248958945,0.30490754379176865,0.3213340559876722,0.4508387862204066,0.6876636269534075,0.6601820185586498,0.6386429606545935,0.6578302114925818,0.7459761571270718,0.8683987077214099,0.9395925745198701,0.9579467416351486,1.1508684054818539,1.119265239113434,1.0576768775781764,1.052755872936195,1.0225156136968996,0.9894494323939571,0.9246470511919516,0.4064572694323193,0.5025750967404563,0.5913913431576883,0.7694153721032362,1.080516277745205,1.341755915786016,1.5716175020723218,1.6163731859946007,1.608294215920268,0.5695403458906494,1.5977219755309737,1.4864492085714458,1.3353736861651662,1.1753507481237042,0.9955955444800869,0.7425040993459114,0.6688632547774668,0.7627920003309028,0.9157883350933972,1.2090110829462686,1.4252827523677016,1.4914466431479088,1.5559589255870132,1.4541446358825054,1.4335179408942653,1.2983215292786254,1.1530470241167117,1.008353127426481,0.8581600950107627,0.7315512757268048,0.5707807203503719,0.4560983694307804,0.3274537462768954,0.3756490630737202,0.7471585134427271,0.9189647275500336,0.547729200093622,0.37903432697800776,0.6467391500400603,0.7851304146646801,0.8532087445273306,0.738746328046842,1.0211716585295723,0.7762088848764899,0.781359748847414,0.486736420622745,0.42273589995223526,0.19896073489417448,0.16734304778787412,0.24660745279573365,0.7586233104585407,0.8538264967462812,0.8520239511392819,0.7585167582769465,0.6350550173564955,0.4841894930584587,0.335543874926042,0.2538969386549701,0.20536588025325297,0.09512509454357576,0.03451933649558492,-0.03967677077701193,-0.13706282300437211,-0.12466291064489438,0.1123442057410437,0.7828847306882494,1.0855357380760573,1.027170990092894,1.0603076396358184,0.9171887680586719,0.696868840840279,0.49652089829168466,0.27172873519620255,0.34681818538506126,0.03998002249444266,-0.05169128286229285,-0.15229150146302894,-0.2098968143991775,-0.26484134966798467,-0.3385046263887378,-0.22408276887970935,0.1744557592297285,0.601573728218689,0.7821821829017572,0.7660956296400175,0.726799911964563,0.6529127800646055,0.5761884994102293,0.48590811870446204,0.4304910381208318,0.3712316835542666,0.2817283294243884,0.22526012740519397,0.19738683266468127,0.12426585811865032,0.08140404766719911,0.004072313128260285,-0.11103050516527163,9.461527409404535e-05,0.14482150894743595,0.0,0.0,0.0,0.0,0.0
2025-06-01 17:56:59.658,1,0.0,0.0,0.0,0.0,0.0,0.0,0.390215504057582,0.02644972496575057,0.06838820579103178,0.2252239227714914,0.3550705066237577,0.3719970145917201,0.41739824441979756,0.4107699189783718,0.4683757576845228,0.5777961372742622,0.6183019423396803,0.6762932745869253,0.6913597762404797,0.6895391104788029,0.6668147715763741,0.6371973698319774,0.3118598231054546,-0.07188146806283854,-0.061335995670258825,-0.020850402457906703,0.06211618019478138,0.12570346923939524,0.24580494899117422,0.35531323512711976,0.4640191465143686,0.540037864784306,0.6141922489722187,0.6327773400219919,0.6656794737193013,0.6804098333921523,0.6903365597275815,0.6607646702127606,0.18669962350991642,0.004999424679876463,0.009738485089175963,-0.011659967734980903,0.106457904930229,0.21713198996732563,0.27647298698956235,0.3014656206957571,0.3098034447788862,0.3574300327098401,0.39656985464259087,0.4245599567665713,0.46238410539460395,0.39554898839290936,0.4257307875665933,0.34208192990701725,0.15710444946893903,0.41410380282259496,0.4262957818563292,0.4447395387731936,0.48902296994317274,0.28061628058596294,0.6050134741364986,0.5394651307537972,0.784668420128676,0.41443697849392447,0.38660868587224073,0.5470033412967462,0.5221754984575162,0.7068029607288946,0.4435151592073018,1.005413688776466,1.0309225497550447,0.45394574015342115,0.30015067766138936,0.2702481937301646,0.3496770169297376,0.4266478238481859,0.5327308262377877,0.5938493673329217,0.6673686077324972,0.7268262337359599,0.8095502965135684,0.8673170108934558,0.9258029638450364,0.9852105084529319,1.007694330720617,1.042974456602722,0.9645869724214546,0.1427950074440396,-0.06604077397534558,0.2524685261860069,0.4804931423527541,0.6012032004904138,0.7743518285438462,0.8230127616073677,0.8556055638867925,0.897323976997084,0.3312851461115925,0.8837092893445517,0.8361650521870377,0.7727683293167805,0.7122666393998714,0.5485955824678694,0.2441726961965943,0.4668754263642797,0.8737222435832438,1.12791816507205,1.19245695566613,1.1583417757780896,1.0732655548778032,0.9880947502201556,0.9270275490788107,0.8617454490730163,0.7694506798396143,0.6802243503579628,0.610204906645256,0.48268675791152793,0.3033621031048831,0.05394264109861591,0.05288828794913336,0.7882307429052854,1.0345749906215898,1.082577536685173,1.026568842267538,0.26610957541630936,0.41809951984208565,0.5728547472535186,1.0495830764854537,0.0,0.0,0.0,0.0,0.7666405848497495,0.6045296919526155,0.5313821248038256,0.46947333199317676,0.5442895779559407,0.7114340053717271,0.6661084931117427,0.6346831748698686,0.6426180523167611,0.724121284654818,0.8350743398768641,0.9133155817597394,0.9523071662899767,1.1562530198839638,1.130859586308404,1.0882126064262994,1.0936126513129583,1.0876027994464157,1.0904753543384207,1.1315609790868535,0.44779736740791254,0.4680412561865488,0.5392387236996639,0.7128559628294275,1.0094673171229596,1.2942804610632108,1.5377738221617134,1.5908232784907648,1.5968459683157208,0.4183416316510599,1.6134552517147944,1.5257225639357617,1.3850413622739774,1.2309169565397595,1.0571715406472233,0.8214835046175902,0.7029500061534795,0.7328644846298951,0.8846335073135226,1.1886501257527147,1.4098347487290512,1.477459162731212,1.556757392872794,1.457261922508336,1.4541489797665221,1.315196121651931,1.1869057456994203,1.0404303855016077,0.8877937074268888,0.756857761750366,0.6050963839941536,0.48862362514015034,0.36941695441751055,0.3963605084414812,0.7228162632146128,0.9100533099629783,0.549357394736118,0.5584563190784462,0.5136909582975893,0.8432871173235023,0.8631664188441663,0.7321573522981749,0.8508259039324995,0.675525315460096,0.6550709991106516,0.33679372090534776,0.34940271394817923,0.21457623753743943,0.1781189367643633,0.225075296964576,0.738144138294127,0.843941184115995,0.861003161608091,0.7886546139680142,0.6631859862876961,0.5230650407183277,0.3659268754044116,0.28244506209244435,0.223684565882601,0.09934880033024296,0.033071843380727994,-0.041031514160033145,-0.1702254983578434,-0.1896501047814212,0.11399296328461511,0.789047990080006,1.101046236362519,1.0456304070905993,1.1121639120901836,0.965545659807449,0.7648619562395562,0.5449280289927574,0.30717584420105526,0.27878285711860584,0.05897510067022527,-0.04295071127534267,-0.1413907241668262,-0.1971684587889181,-0.2479968465653294,-0.29903734223085443,-0.19244144069199892,0.18550598298102744,0.5755582328325741,0.7579497301727816,0.7465184705229241,0.7049180320534163,0.5998391721182168,0.524929489470104,0.4701270462687932,0.3985889995882026,0.35113451558270636,0.28687831543767706,0.21420670239994144,0.2022938484609087,0.1341330803533639,0.0986363395356834,0.0015169465281520966,-0.1735624812400277,-0.08744936799347969,0.06606099933048248,0.0,0.0,0.0,0.0,0.0
2025-06-01 17:56:59.661,1,0.0,0.0,0.0,0.0,0.0,0.0,0.3729569057647537,0.03977234503018212,0.06740431150497522,0.20308547029860124,0.30901399267666096,0.3419156247445697,0.38730632044326374,0.3814470597260906,0.4434332794888073,0.5555630055523428,0.6025257350512105,0.6583049259056032,0.6645516377417529,0.6597103932331745,0.6315461362247125,0.5841890544470945,0.2964391733965155,-0.04115134229574585,-0.03237701667018433,0.006403603322204465,0.08030360468396447,0.14499157996668588,0.2394481387813907,0.36278342977879174,0.47871646482523267,0.5408054709709826,0.5998758995450658,0.6220346088457916,0.6484628415712823,0.6681342302905848,0.6509861095983971,0.6212891657613796,0.14378960798710294,0.04043947939537712,0.07987743435810213,0.03477275223825216,0.19696499504503784,0.25866901293567124,0.32219169533396963,0.3431755302062933,0.39849128081634566,0.41973593435342216,0.41956857085534627,0.4681691534142932,0.500121297055685,0.42652624550643387,0.4381619468439548,0.4040034625972084,0.2097786994106326,0.44387853237283414,0.4757045543830206,0.4858075392433605,0.5592035133542461,0.28195479875426727,0.6993944912917915,0.5347475658266287,0.7527648609229292,0.6130686548124077,0.6304579665553824,0.9314967670380736,0.6989210280887586,0.7622355134379821,0.5767997864560921,0.8001328653079881,1.1688490431288872,0.5424626196412038,0.37454852919341697,0.3705088210282781,0.398238950416258,0.47614745631457045,0.5717410702084782,0.6200022043398066,0.6876965189223923,0.7375717972542217,0.8307130540358771,0.8929031262264928,0.938847581057119,1.005829537348522,1.0323073813436563,1.075640598476563,1.0626180983367313,0.24247019670573455,-0.030005879713338346,0.24871948846681646,0.4673099532137823,0.6080257367590678,0.7624379960265477,0.8215502766137579,0.8590184799417937,0.9032549787894066,0.28018794794592644,0.8924984028177685,0.8344909978735532,0.7770365680725705,0.7288258314242385,0.556593461033873,0.2542186523423223,0.44008537827642125,0.8571244663425058,1.1036117486509345,1.186954206485593,1.1534655060532806,1.0644994770997023,0.9959462917569692,0.9273581275245215,0.86506855718286,0.7754017498785046,0.66951701727339,0.6098451880568636,0.48089117598093645,0.30147797930286113,0.0672784305199251,0.13938545084745552,0.824310375282257,1.0557131349361402,1.0938569017107138,1.0401392043677178,0.2894948722059704,0.49265468996557854,0.589307496007544,0.9831790154902456,0.0,0.0,0.0,0.0,0.749352151483369,0.6798862359616742,0.2760605067306573,0.5707224549141287,0.6210913239152844,0.7486543750406236,0.6975648509359775,0.6414661851365123,0.6614355174718036,0.7209647032985973,0.839641746963443,0.9003971226747134,0.9299803441188046,1.1467144487724843,1.1324103454627283,1.0818915416795,1.1074596688716842,1.1037819829954025,1.1354577004125948,1.2437072845930257,0.5157814932636614,0.4734171665999748,0.5420239343332882,0.693641798138457,0.9950441161801076,1.2765487803526505,1.5217270747216705,1.5783269969972078,1.587980652521529,0.3138178427508616,1.5981059750370181,1.504074474812711,1.3752764167836633,1.2259823234600593,1.0641206956517422,0.8458168460728476,0.7714726480043089,0.7849220472908742,0.9418707633741507,1.2212948926304164,1.4328395607039464,1.4979275640772844,1.5689309509768403,1.4665423489450349,1.4601311958429184,1.3121473860822306,1.1824285382530841,1.0383118921375907,0.8819575961657166,0.7482938523775662,0.5926616737964941,0.48204446225689823,0.3685060235925918,0.43381499996153344,0.7495771763791715,0.9694748594914747,0.6035709855115584,0.4500951308527733,0.6573563640415591,0.706358458145628,0.7703708843958048,0.7693764062632545,0.9676810899396255,0.7551568462353957,0.7383738777399057,0.3651237910987055,0.2573891843045816,0.1810114253386475,0.1333944771993441,0.224645142284065,0.8343702082887396,0.9352198809319623,0.9561034053013436,0.8528942522594898,0.7255698400290693,0.5937348079937386,0.4190517829562319,0.28827815494903697,0.21967368125099207,0.10711570090808697,0.02932544153286809,-0.04235032847061271,-0.20565110912428153,-0.23962841554556125,0.09127737692254406,0.8198597212321792,1.1578766963114169,1.1162149740933072,1.217735664817543,1.0804666738033097,0.8773379345889172,0.6422112494122241,0.38261584516409664,0.2266068212767546,0.09965773964850033,-0.02008624281120519,-0.11472585217540066,-0.20953564918937906,-0.2558897542781239,-0.3308438868484581,-0.2167187158602435,0.2230089715613624,0.6736886930174806,0.8338000726367096,0.8192513765408566,0.7827911140073738,0.6996911630694256,0.6112288629140985,0.5159667378373809,0.4303801142672359,0.3911278389765387,0.29702030499088616,0.22437546923355223,0.19491734990926868,0.11267730467267567,0.07869261405961536,-0.05489539302854912,-0.21206182639475687,-0.03404970674094587,0.18133817577743527,0.0,0.0,0.0,0.0,0.0
2025-06-01 17:56:59.667,1,0.0,0.0,0.0,0.0,0.0,0.0,0.3781475326313347,0.039018450162667834,0.09516001568014132,0.23178284550173944,0.32565938939865513,0.374324345521985,0.413604489235598,0.4249019224791637,0.47511862788023407,0.5717953582865125,0.6337467721270285,0.6848336093891635,0.6782398077979126,0.6721193750982694,0.6309870028518378,0.5598163571875753,0.2642478022624623,-0.03064781018090762,0.008576391870331435,0.05314099957533169,0.15298433045852455,0.1975379499732679,0.2982194805989653,0.40877210457416724,0.5037078797251224,0.5675840191585528,0.500424331515113,0.6238728372162364,0.6421940988166122,0.6469537584715125,0.6136633036247234,0.5234107018247116,0.05087302606517269,0.08697981899360413,0.1511861418859195,0.15580044472468968,0.2804241319608738,0.3187711433243503,0.3653701607334763,0.3949734916377996,0.42241663167444665,0.4552047932768981,0.4466017316632598,0.45362833374381195,0.48651536470939494,0.4272329195125038,0.4347170756569658,0.4113990999110145,0.3193578888044677,0.506666333949523,0.5225503570704432,0.550678478129214,0.577275047189429,0.3687188700085298,0.6561349435927113,0.454485961925197,0.9845829099158148,0.5367276994874396,0.4366507202015453,0.9149257246366191,0.6492348552303657,0.7422968673004569,0.5858289610167744,0.8321922680649962,1.2330609371890973,0.6317985006360809,0.46139167204912646,0.42516826694405774,0.4287377941549879,0.4627167274540793,0.533489532423814,0.5709488355996994,0.6368094856241917,0.6970023929457243,0.7722777439038953,0.832366803688241,0.8871078461713641,0.943452613463126,0.9859598565946393,1.0295666792373934,1.0247393778709428,0.32590712837810387,0.048244595251356936,0.2670273738543376,0.4451442305056741,0.5895369507068289,0.7088943091016349,0.7734080365952116,0.806638503961596,0.841233018240368,0.3866248642329289,0.8269927394396239,0.7720267030241067,0.710836145214582,0.653163552065985,0.49318068582117597,0.21384302842445627,0.494043594419841,0.9034425969008165,1.1115673579567527,1.1531523840221787,1.1011158282467528,1.0055418017491877,0.9481535832310071,0.8569261914937756,0.7986641991776116,0.6978966636996597,0.5900500040439252,0.5112778782012222,0.3820912495066946,0.21098495750783697,0.010373308071630727,0.2132820932036546,0.9168766933293148,1.0875079855938445,1.1184822671004175,1.037658382583223,0.19259682103625947,0.44416748642509046,0.5053694572234431,0.961122064999014,0.0,0.0,0.0,0.0,0.6416420081201504,0.7239027127014619,0.3868594477454895,0.6730866267762164,0.7389796067190098,0.8109103691909368,0.7357494053123848,0.6643717776535832,0.6466805027275409,0.6912884162851325,0.7898733515833456,0.8458391772302196,0.8777484479452817,1.0686493242590598,1.0541290077728687,1.0340867406671967,1.0778929881414996,1.0895112743752575,1.1526225885600827,1.348254491449857,0.6410899175756053,0.5403053260887081,0.5733771605120292,0.6860454065797374,0.9933314983755166,1.2294649725058941,1.4831027331579225,1.5400235761503593,1.545355314278542,0.5355933740563907,1.5557121102699756,1.4824767392643614,1.36179751520355,1.2190894285182723,1.078698531912043,0.9219877376553477,0.8881539968512925,0.8557172246692863,0.9630154894410653,1.212624519831991,1.4100095952093379,1.4599781664369786,1.5303072794802972,1.429112324463776,1.4161693689156323,1.2717531403311186,1.1647286012757063,1.015678507397244,0.8657430931057076,0.734743712917296,0.5964381587594193,0.49520048353686763,0.40270191500303637,0.46642751621387696,0.765862769745887,0.9554039626998109,0.6764150222724875,0.6078679370790994,0.6509553730072505,0.7778882649851396,0.6436526411283066,0.7444052729236846,0.8244599808663251,0.7903664080875619,0.977146237320046,0.33873460569924496,0.28735394411715665,0.16954717832014027,0.1115900214229002,0.2240010562020041,0.842178097476397,0.9531765954908551,0.9739413849669359,0.847341738650504,0.7408524450672125,0.636015980790968,0.44448804485261184,0.3099863304596069,0.23030550230931546,0.12839412911356862,0.03404012188573424,-0.04808115558648618,-0.2137937249544658,-0.2503801863210362,0.09681467581493791,0.8083004792801338,1.1671674695666763,1.1282560167213749,1.2376068311674588,1.1320020247253375,0.9242978810498821,0.6823043029290201,0.43145242943851136,0.2762403265269756,0.12770417992489902,0.004608797335556636,-0.09727013715598587,-0.18798495888229105,-0.263226966009833,-0.3464257120217459,-0.201904013609294,0.24482848624152548,0.7395684281626773,0.8738177900825863,0.8526994321595126,0.8123919844164651,0.7268369985867009,0.6487305437596951,0.5266542456455214,0.44406700325345705,0.39499368887559716,0.2981016126309983,0.22008914399207136,0.19008896791335372,0.09883592898211457,0.06725022687888882,-0.07382078504954476,-0.22412539983814073,0.011501824806247396,0.2348075823544422,0.0,0.0,0.0,0.0,0.0
2025-06-01 17:56:59.670,1,0.0,0.0,0.0,0.0,0.0,0.0,0.3923177555279459,0.0030350666956889816,0.09587734918651925,0.23429061792776684,0.3272562077494,0.3750708145075007,0.43115076953434717,0.45611144281389704,0.4888376694010418,0.5726496489155519,0.6415879747821072,0.6995179442013556,0.6861023791586478,0.672585537351035,0.6271487039002294,0.54679880918965,0.25232016023339826,-0.016785985125862518,0.02656378307268925,0.07815076618814187,0.18368615312428216,0.24728569160739045,0.3255445218768711,0.43149965455153994,0.5151129818972247,0.5808711379567739,0.32727742800387016,0.6329119628844105,0.6496671699235324,0.6511143644865436,0.6227023089470285,0.5426294856672965,0.08264430060747274,0.11620711154402169,0.19783892569346562,0.1955764494006722,0.3036061643063961,0.3335192610254316,0.35225301101038897,0.4306414437639987,0.4157797531393521,0.48396277948577726,0.46112744625760005,0.46995008320869813,0.4986627224599143,0.44713854775498635,0.4832652855311661,0.523829099541419,0.4997323243311703,0.553643588336189,0.5007365304554899,0.538534986238629,0.5569422816759073,0.4961611256463298,0.6252687471210381,0.3903856472030102,0.9586797101792686,0.4996977154399206,0.5898643719797659,0.9102059800500457,0.6784735341539556,0.7900460355442501,0.6502316607059377,0.8477739388552035,1.3611918543227008,0.6899731171619371,0.4878482540469029,0.41306326701322793,0.40632354660353265,0.416668039063707,0.5042893923934058,0.5414711648786044,0.6060441168927009,0.6749924168783408,0.7534752047807727,0.8079074184145367,0.878504398503163,0.9388196542372165,0.9971415420113312,1.0420857851341334,1.061833659025211,0.434411981846404,0.08989633048770507,0.25279909904476217,0.4220281759034612,0.5683386047893226,0.6588301843301414,0.7460445015447825,0.7840264980499776,0.8155920492362478,0.5763595366734777,0.8078156090691948,0.7575372669850823,0.7004155204412498,0.6344065362071915,0.49567661927323975,0.23805654828647219,0.5100792127671263,0.881130414882391,1.0849565781793102,1.1145266655232653,1.053336875927479,0.9684260417894379,0.9121325700609151,0.8263966017250213,0.7586088225556147,0.6578511800108919,0.5637635877840237,0.4702136548451379,0.34748894699,0.17902512379807012,0.0049427632484900785,0.26195234622577784,0.9545130911461926,1.0968133012363093,1.119322500568908,1.0302134267494651,0.36528793572916235,0.4413467046292792,0.5342947969278105,0.9390651145077822,0.0,0.0,0.0,0.0,0.5348502623100737,0.6531320468351642,0.48568127222364943,0.7199233601830805,0.7946772708430123,0.8386161614621963,0.7525541806914771,0.6798741881856457,0.6472570063052547,0.692200826502926,0.7832129659436222,0.8324134421934137,0.874039977905035,1.0532754319025392,1.0348795237415898,1.0240251347760236,1.0733560392284087,1.0969663953587834,1.164652581696895,1.4049309992038062,0.7107387295061551,0.5900798522344988,0.6075843410531281,0.7266699940507675,1.0217371016209176,1.2384086371552776,1.5040375310588288,1.5780940461511117,1.5585844957270003,0.6845734792868459,1.5684446385975903,1.48919707147921,1.377088805987151,1.2250896740887867,1.0926264159745818,0.9532061636357524,0.9487085984695002,0.8919084899825052,0.986481073682063,1.230524877499804,1.4224635509276444,1.476455348325196,1.554588018143499,1.4519359347013057,1.430950899307876,1.2926871979116457,1.1908292808107168,1.0130449712845513,0.8638008170961015,0.7307227709910566,0.5983617134207156,0.4978904143329522,0.3988014216331871,0.49874657005482775,0.8279990787858243,0.997924474557058,0.6774354491878306,0.6107497776977693,0.6302647675286002,0.601550212748467,0.4478859093495032,0.6585579052514912,0.556552435504772,0.59526919591281,1.0567515126973763,0.2900887751014275,0.27139624577920507,0.14917679917177712,0.08770547889240476,0.22758830276245218,0.8841070046756219,0.9806750313514834,1.0281228920680245,0.9033011438584553,0.7800985249788883,0.6668410129171862,0.47800833677552057,0.3468568251942179,0.2557887329688695,0.1541515037014014,0.059173476189267715,-0.027237804769600582,-0.1631044762362036,-0.260455430214592,0.08326489703229784,0.8017605975467601,1.165932032066993,1.151306632353568,1.2848412904782052,1.1847325267803914,0.9739228412612011,0.731594966092947,0.5069194148174805,0.3373214369215506,0.1877448409340139,0.03779854409174188,-0.055885814621802865,-0.15792006233831168,-0.25664476664764657,-0.3690636945672222,-0.21827385319385434,0.25046874312384,0.7789407941938662,0.9202553268541425,0.9015259207647935,0.8724982374426837,0.8243615879644453,0.7281805152177228,0.5781889989951019,0.4822253203083544,0.4435253499910512,0.33280972005672815,0.2417844002525451,0.21023905246912955,0.10707623802561783,0.06996105029506339,-0.10688744537050776,-0.19351174688365283,0.0691801186456299,0.3061399791431352,0.0,0.0,0.0,0.0,0.0
2025-06-01 17:56:59.675,1,0.0,0.0,0.0,0.0,0.0,0.0,0.4790733539046851,0.077494841594721,0.06569250564560486,0.18618291633997053,0.2743921745187211,0.3385908850333691,0.4159857610280425,0.44414785401074863,0.4748174504316308,0.5584942624908293,0.6391620998786849,0.710237276904227,0.6855322776331925,0.6951704988565984,0.6612719564505833,0.5924571465001705,0.3281162303652224,0.03314795293681283,0.025504454626458672,0.06941277963423265,0.15960731923467586,0.23114865481488267,0.331019595901916,0.42081735114057595,0.5080805908761012,0.5763943030447642,0.24495632053439464,0.6305177687822475,0.639933935181592,0.6561556038195562,0.639494215144933,0.5920980144805211,0.14596490477242952,0.17830081642808726,0.24681387157762558,0.20390989686915084,0.30543233723666474,0.3135392631708165,0.3335134769261563,0.40494304699751926,0.41232182227354164,0.4770801640036848,0.4627814410340527,0.484695697841487,0.5235092412890762,0.5188586046784165,0.5537235109286435,0.6404722160431022,0.6767249763432637,0.6018545268598643,0.5317382223666934,0.5187995961882557,0.5286439034617869,0.6257678034049359,0.4458875932077928,0.4506168061735359,0.7961714198011938,0.47353568947110125,0.6769105346581284,0.903209658978082,0.6388188395302039,0.7525099207074611,0.6117927559351446,0.7721869995885114,1.4767398195566697,0.7623372879352299,0.5274934287722055,0.4128917353146593,0.37273469340745424,0.3651334211364532,0.4560442524727124,0.5068413919684334,0.5689226633875741,0.6660389261585837,0.734148239634155,0.7906228231743291,0.8739052577376217,0.9372955094485302,1.013921465125646,1.0609445876977888,1.096441231798246,0.5050162712104822,0.10594701438011989,0.2371716355955944,0.3945563771720728,0.5396453906101504,0.6282510720411807,0.7131699029976297,0.7605781125178335,0.7896102048435181,0.47947394578633334,0.7875197724851997,0.7418069885874771,0.6863454410058075,0.62125817198474,0.48880299126341104,0.2836395541588176,0.5396729788870973,0.8602954175448544,1.0730324534115954,1.0830533848492785,1.000160015196913,0.9352675449111809,0.8743018041792769,0.7853850211090574,0.7146395938184169,0.6060730448457332,0.5277044700661386,0.42484959062833694,0.30958500806013656,0.14708006983285637,0.0004441206157016486,0.29107145592789413,0.9716939796088483,1.1004486723630134,1.1103002311419075,1.0066957715151663,0.41487006620779315,0.43133932863746943,0.39832834414901425,0.7145220869433527,0.0,0.0,0.0,0.0,0.48074672103870686,0.9936672287664723,0.6265607678200867,0.7414380211755606,0.8270870229794822,0.857439399672429,0.7687266650936644,0.6885930437066231,0.6464057164787052,0.6923514955488488,0.7789267492782397,0.821852064941397,0.8710166448587797,1.023109251701948,0.9939386285518212,1.003904028502184,1.0520458319456254,1.0686663035812953,1.140518792689486,1.396585256160978,0.74081673475786,0.6437586104115904,0.6646074290606816,0.7826427760674151,1.0563935216797706,1.2653690555133146,1.5239488013293228,1.599604477711354,1.5588973304736757,0.7797775209389224,1.5505167421036692,1.4784765798827118,1.3617715508427886,1.195170165895739,1.0732214390075963,0.9534266893308642,0.9834473999813692,0.9561160784429688,1.0363187901853634,1.2970792925889618,1.4789090808810839,1.5202006186725068,1.6042776432280692,1.4787793614967286,1.4327211944012244,1.28300487407901,1.1858276069253413,0.9955724388922061,0.8373593416471695,0.7003342873814864,0.565777966738262,0.4662058717548452,0.38635087950077374,0.5415621522506757,0.9179311764750261,1.0777226831543447,0.5072772944015531,0.7050114213641907,0.6555286058137823,0.42368502487223747,0.5818991038782981,0.6743529686927896,0.3730843452266262,0.5312381579518457,0.9108085078389373,0.34670427179161456,0.4371145471285732,0.10802170752215329,0.03274896743966499,0.27941876364636664,1.0053613574575546,1.0815822539935773,1.1123089184650699,0.9374192315118028,0.7809914357939809,0.6683154844362114,0.5069127073039998,0.3603179144466979,0.2555539015184207,0.15594790285092097,0.033467466092915954,-0.032774303463464105,-0.1854835815136352,-0.252128439764473,0.10891138154955232,0.8190657100738492,1.1828501695962652,1.175681693576997,1.3067484418281765,1.2284400005566989,0.9822492493427015,0.7404633049720875,0.5176593076989795,0.29607265878684275,0.18025680324814997,0.029437725053452546,-0.08600406651381376,-0.18876954755242437,-0.3110263698814034,-0.416695672668808,-0.1995777385649934,0.30424106556742064,0.8667470996158642,0.9864336555413156,0.9670213926481664,0.9443180227919385,0.880782668310176,0.7486515512364438,0.6002753486918513,0.47037483477313,0.41653095736369794,0.30320447731744826,0.20205027688575972,0.17346442182656885,0.04759137487014298,-0.018178437241465284,-0.14638182573834918,-0.09050301570308755,0.21350214692003355,0.4524799201337142,0.0,0.0,0.0,0.0,0.0
2025-06-01 17:56:59.678,1,0.0,0.0,0.0,0.0,0.0,0.0,0.38081909988895035,0.05867803211049452,0.13350713926697055,0.24534919234368968,0.301787149366766,0.3536817686766057,0.4157863079496157,0.43764161819680125,0.45261068210039335,0.523893041480562,0.5986198745427125,0.677513161908783,0.6515523763684641,0.6416650124300796,0.6051695967876471,0.5025542827665713,0.2675400566171783,0.07766440754765391,0.09355719551858488,0.1438608762404222,0.21281263287075247,0.26037724091678527,0.3290111301677039,0.4017352353510919,0.4736369924441346,0.5292286585295405,0.3055617279643269,0.5694579815167348,0.581870854026781,0.5870865334210864,0.5749712283282351,0.5062518085230573,0.17069864984160799,0.28525671862474233,0.35167945300292847,0.32297977750846174,0.3386897391796979,0.3201621788474207,0.34458234963369394,0.40340990971234936,0.39388762752044837,0.43698889079771996,0.44745488767865127,0.44977513300745164,0.49002352674104166,0.509476151583979,0.556262287547734,0.7329138685287433,0.8341969968845281,0.6740348920835578,0.6237052905463049,0.5316486118614807,0.5481991299827063,0.5602321867945212,0.522038062961868,0.5802674180845395,0.7286793338727189,0.5525682866654144,0.7156692487697581,0.8734947130663742,0.7099387526744825,0.7056491282820568,1.0725314166531725,0.7374707853216019,1.5641299653477316,0.8396637136690638,0.5948533806463825,0.452543641818564,0.39260044670961003,0.37136466443184113,0.4491554540940137,0.49245572197968457,0.5398284673395879,0.6478116820393549,0.6998390247924957,0.756604272284628,0.8469173323103437,0.9046908861791971,0.9871198008780011,1.015262757052788,1.05899346174001,0.5223615254307907,0.20444493353980697,0.2907616722298678,0.41997963371778724,0.5533624612687487,0.6149307753050031,0.6910270449238318,0.742134765242564,0.7579132397528541,0.7392919744175706,0.7365941183711042,0.6943985358142452,0.6340579431262704,0.5493063142719407,0.4287955894638608,0.2412846343899028,0.6281782559508635,0.9243881656919904,1.1125432978174707,1.0786367942288904,0.9652344684630514,0.8874382649144918,0.8247372230363093,0.722725330374264,0.6385462969522135,0.5322804775045062,0.45681715173103576,0.34651351631444327,0.21366980122282664,0.07027774457587166,-0.02919195513417805,0.344689419745907,1.016752289339756,1.1142567072320668,1.1159708833724393,0.992746669139174,0.4854453542223723,0.6364302129341435,0.5899522913016104,0.6002507973406553,0.0,0.0,0.0,0.0,0.6199265478503834,0.8660960569479179,0.4477378779849399,0.7196647905737746,0.875573730290663,0.8816362005855667,0.7843455212802573,0.6985710783611238,0.6403461418878307,0.6771861045005656,0.7638866869538692,0.8069443190763326,0.8433825860505886,0.9926089640864744,0.9588234679357455,0.9911450632873327,1.0475543150377584,1.066435011387398,1.137101713859567,1.446364965283181,0.7824658147163012,0.6768798105470335,0.6766401765543963,0.7893622054851992,1.0600792896498834,1.2541118695492846,1.5107350781383997,1.5984979458204258,1.557847923019818,0.9268924975936663,1.5449121710240998,1.4840362250982788,1.3772469083714165,1.1963112513380376,1.102271342511479,1.0023565117030613,1.0169244928348258,0.9603768800121892,1.016678428100985,1.249192115528164,1.439226095946173,1.491410211915708,1.568993994642112,1.4681879743148245,1.4087761530856082,1.2856405494951462,1.1966413011190276,1.0006913655407792,0.8426227658161652,0.7064124500881646,0.5796025539771393,0.4924066084626705,0.40235017123087125,0.5457646670695862,0.9034091659116353,1.046604042984145,0.5220426722966814,0.612506499574587,0.6466465634897461,0.383962882189259,0.6352135120946267,0.6112826871481051,0.3580902099542019,0.6485746191597082,0.9680089150612644,0.5584512514833768,0.42454277005806274,0.1414683960172572,0.05684823947276352,0.22031852042251965,0.92695711318593,1.0036496018916434,1.0593889331462436,0.8726321611931951,0.7871502766314025,0.6503526711606415,0.5074400699863413,0.3693859381090099,0.2766215901356659,0.19823451144101423,0.08020915686445851,0.005903542643564186,-0.10318083925827548,-0.19773220385670737,0.009301305670627369,0.7037220128691573,1.0928981869369518,1.0925635880513938,1.2232284625485859,1.1546014083213396,0.9182402920474475,0.7065267343959929,0.5348309249529868,0.48363037982329715,0.22136972784252973,0.07708440896986102,-0.03550562228943832,-0.12854154546452534,-0.2588728070760353,-0.3597235081463248,-0.2142805464221958,0.1956914022314183,0.747632099838347,0.9108739566364956,0.9041045799150996,0.8934701935219511,0.8358974618670127,0.7259120406219224,0.5754433672364694,0.4769879374825883,0.4259300459579054,0.3258369086905619,0.2517178540800131,0.22457891973579613,0.10207208886588004,0.044261438542225306,-0.0798036303673122,-0.05245488857206082,0.10280683468796048,0.3633613769785522,0.0,0.0,0.0,0.0,0.0
2025-06-01 17:56:59.681,1,0.0,0.0,0.0,0.0,0.0,0.0,0.39395474334913716,0.053529780519034315,0.11040115278669294,0.2200782632346231,0.2885286953189742,0.32879272449870156,0.39158439180013505,0.42118914221518944,0.45063834962828275,0.5031074051728428,0.5857704632245042,0.6703641310535146,0.6477742446984678,0.629634159594886,0.5876174461466116,0.48319259838969,0.2701202281615555,0.09501774268568991,0.0966751604460575,0.16688593125834073,0.23493979477713012,0.27386762662996444,0.3472455554809466,0.40628933843463755,0.44870584113713985,0.5244350691440507,0.4445827263661549,0.5471995007585361,0.5601150348290374,0.5451554646163321,0.5560081608347445,0.4819618839087766,0.2661738604832959,0.3473306794048632,0.37303093963877376,0.37462285972784315,0.3210180173489068,0.32976825601896365,0.34406630442249075,0.37385155752324484,0.3651469397592475,0.42904086246298667,0.4428495772172609,0.4170396295405584,0.4674578600544891,0.5135346106833276,0.5667947187229017,0.813164779935313,0.9474111767137624,0.7105830636795397,0.6319619612260406,0.5379538286672161,0.5080825730568714,0.5436492365099495,0.4145775336058921,0.7448716948569276,0.6633459928481142,0.2876208575304743,0.646750956062293,0.47451796407078417,0.576554125393921,0.6591479994234385,0.9817408521375262,0.7708014960669867,1.6067409120286362,0.8339601095177814,0.5701052691581456,0.40432224656062,0.3831513834107392,0.3525312545656909,0.43281806197963624,0.4809806778368275,0.533475781543477,0.6539503741472028,0.6956140939866879,0.7456700512705898,0.8414776251862169,0.8879352979513584,0.964155786252241,0.9882404957141581,1.0044575785457401,0.5334909744505998,0.2435728431675276,0.3521341786971621,0.46640689059661833,0.5768960529554155,0.6374958852618162,0.6957053406307909,0.7324778375075578,0.7417619297358826,0.7466785582771043,0.7015809492853586,0.6595830478148931,0.5892645927259675,0.49096994016350004,0.3705545247537701,0.22598289012505055,0.7280114211340766,1.0038873575464162,1.180416534610793,1.1068161294317658,0.9753850350968858,0.8794340051292189,0.7942679191917819,0.678518177169483,0.5929187011347341,0.4709459300871508,0.40474769478820694,0.2783544975024903,0.14412811965127137,0.015002077671345426,-0.041074379381878745,0.387133811055191,1.0809033360576956,1.1425283134286917,1.1300180734428538,0.9872338503343638,0.6197479098450027,0.6262979413737977,0.5982174748698963,0.5421742694630427,0.0,0.0,0.0,0.0,0.6067236277120911,0.8024569131313091,0.47891466192273324,0.6978915599719887,0.9056911040577602,0.885077694432277,0.7836352875146306,0.6953567172144582,0.6246530778086099,0.6718986606588608,0.7461660417047971,0.8118931515078871,0.8604659177749157,0.9978681825762572,0.9650855528802693,0.9962444367412737,1.0571760312854572,1.0791678316149105,1.1515906145202148,1.4647888309490682,0.7884495288974372,0.6820334790671128,0.6722035967438778,0.7885727553743709,1.0616217271407133,1.2610979097541364,1.5230904930920146,1.6068653301101128,1.5682016197239352,0.8793163270260314,1.571709730727684,1.5127470097503575,1.4035070216590644,1.222470465593501,1.1144296645387715,1.0006846717423261,0.9975496407370213,0.9345657580081701,0.9980203917811862,1.2569922964730396,1.4446636579426686,1.5045771847255807,1.6003799448116633,1.4880937412624295,1.4300877957500493,1.3061791881372224,1.222958173444693,1.014867895096526,0.8495012213804475,0.7049440966097646,0.5805566573210265,0.48874163107589086,0.3921728278287186,0.5578888636617987,0.9529369010229877,1.0572133718303736,0.5750882137064105,0.7059835282350668,0.4901528835559068,0.4721019443283758,0.6281723730603461,0.37967221524243533,0.14372507198996776,0.8150689800290452,0.7610629576606865,0.4562021772552812,0.43731445037887207,0.14464128743382693,0.058053286132233095,0.20503280043036576,0.9050320440081685,1.0004329566731234,1.0623336078443657,0.8794418758142544,0.8017020483982,0.6558597470423932,0.5065577909932284,0.3771976397106698,0.3124880153835874,0.20772982363171644,0.11216378696104168,0.015920566115533497,-0.07323559066320118,-0.17884584623689576,-0.03511358888788996,0.6359174728294195,1.03656199164119,1.047046186335899,1.1718740664550698,1.0919441702213046,0.8954828920413012,0.6826804396151933,0.534271062288395,0.570783982668697,0.2384903075369671,0.10403203029837171,-0.019331169464144482,-0.0811010813440185,-0.21676593562925683,-0.30837672859883813,-0.17937049590192322,0.14676969650776156,0.6705705121650387,0.8501540606950204,0.8709510807316082,0.8628493222659159,0.7878891379956867,0.6745889764641411,0.5877559090719593,0.47235585692767623,0.4341048378692687,0.3524507847875593,0.2717233170515352,0.25032334686585545,0.13271158551597517,0.07477149551757323,-0.04818774705566614,-0.04477678269552571,0.03299149897096865,0.2916934462872385,0.0,0.0,0.0,0.0,0.0
2025-06-01 17:56:59.684,1,0.0,0.0,0.0,0.0,0.0,0.0,0.4572953126744468,0.10596102321043263,0.016847875693223602,0.12433335111725907,0.18771350684049526,0.24050317608590854,0.31715763755248394,0.36579204337665594,0.4092027851328305,0.47239033763592,0.5633529880697137,0.6440057199851515,0.6320464920679318,0.6371956043876864,0.5962343012274475,0.5030448710920264,0.274781906021124,0.07164356635768859,0.07530710019114517,0.13050320892223055,0.18798070626631547,0.24242112605651744,0.3257666233408776,0.39698958789860384,0.4442600556366081,0.5180343519973274,0.6806257474056276,0.5588679848550592,0.5623475627892898,0.557162703210968,0.5705355470283664,0.5185975373626116,0.3213150520213655,0.3538116239631983,0.37234741881487843,0.412018468793103,0.37589131350024196,0.3865242873242041,0.33743790593780343,0.388449346997916,0.345914747481213,0.418370795704758,0.4362097786235888,0.4381916632557553,0.49736048792585763,0.554519967632483,0.5780204649157016,0.8828012988740221,1.0472811877656913,0.7065602865395766,0.6363960867415958,0.5018385795459532,0.5061448191866276,0.5370491106635644,0.43812332582414526,0.6397115031155136,0.608864849911342,0.36396181285544227,0.7338703759235792,0.4556423330847701,0.5473154464703311,0.5168490849365422,1.0493764744475513,0.5944802846930802,1.6696342015184602,0.8340334665961499,0.5598274087253621,0.39432765574002615,0.3651457187983065,0.35755917450598784,0.45337373462111885,0.5017645245744629,0.5570749358452594,0.6844444699710839,0.7225408377086353,0.7743469192751025,0.867452989321929,0.9153828776939359,0.9914431846531995,1.0186501024704078,1.0301432652995746,0.5519448675216947,0.26698536557202346,0.3945086017746009,0.5068406431113517,0.6076305767898276,0.6840631949576723,0.7384193378582897,0.7668246893264286,0.7694827974677134,0.5885759654639868,0.7185638426418304,0.6774299014345956,0.6069219505434144,0.4986263617220815,0.38003526894068046,0.23481632080402756,0.7585939161038561,1.0379384970588794,1.2212854408742295,1.1479880079340978,1.0191022805704735,0.9036470898095879,0.8195387526259861,0.7019455848104474,0.6086364569762794,0.48310763913126653,0.4186128623165293,0.28020652330669615,0.14840281899820362,0.016068877892362998,-0.036532128013541776,0.4059617741009058,1.104176675053416,1.1645331862570472,1.1530534684430962,1.000017378880697,0.8625220296672143,0.8421710476049116,0.5982174748698963,0.21353588447283228,0.0,0.0,0.0,0.0,0.5338207989657298,0.7857674154343506,0.38996677844302396,0.676118329370203,0.9049702427284969,0.8806105841031543,0.7817466015004266,0.697060638792539,0.6440598550587,0.6789249070242429,0.7492765461907136,0.8144516232276167,0.863880028276518,0.9961440652839322,0.9557911516954993,0.9776500579052916,1.0245437387441907,1.0406494074099462,1.0944555114686545,1.3701641986280269,0.7486722632361357,0.6748979152882298,0.6669449626017396,0.7932639796611438,1.061002229787445,1.2752867721077803,1.5149227969561507,1.591841582035176,1.5402417192701667,0.6705920711525881,1.5264181358838749,1.4666974026172368,1.3565534244987878,1.153096609640202,1.039601082058091,0.907350522086548,0.9537358264550538,0.9593659401435988,1.0475651733914946,1.321349735790996,1.5010600742231355,1.5643536248134187,1.6358426398511217,1.5041226313571727,1.4376536915181402,1.294517640500191,1.1999615256605787,0.9813060681485019,0.8062717373126679,0.6494863563317177,0.5131956299926096,0.4216360790187812,0.35238935351803635,0.621689380344776,1.0784074796280971,1.176787398743346,0.7105278712571469,0.6671093409207146,0.3755920294268593,0.3004289519270843,0.5777417802529783,0.5473746030531677,0.1394911560013689,0.7981393853439498,0.6604320640052815,0.5337295375062076,0.5170439469372226,0.05970536053375142,0.033370040037638965,0.3031772294088371,1.1210633406290684,1.1147956185871126,1.1920148665419745,0.9579806291980386,0.8644208625613128,0.6593647197618777,0.5047274169688152,0.33919993897612355,0.2808036532791103,0.16859579251796508,0.07973004766669511,-0.039455970485861136,-0.138971419868257,-0.2316079491586857,0.0020648658569877854,0.7203921402842404,1.104518121069895,1.103114679144622,1.2242771777987955,1.1636326586970183,0.9474764237445918,0.7132943023209981,0.5529759782695514,0.5336359115875366,0.24093592000437658,0.09977075482834352,-0.03723264180553931,-0.10965230706847329,-0.24509028433446645,-0.32803746580376647,-0.12846869844115982,0.23807439874361574,0.7633739956906438,0.9245346559285836,0.9416591750025826,0.9365487948092162,0.8714848801410637,0.745399418318093,0.6531337967872304,0.50087783115741,0.4519329656834987,0.36086226265327825,0.2704235870021756,0.22178555609880357,0.08629670671724798,0.011860119273453651,-0.06789059794990143,0.09654240577992063,0.18707795069721045,0.43927405291992905,0.0,0.0,0.0,0.0,0.0
2025-06-01 17:56:59.687,1,0.0,0.0,0.0,0.0,0.0,0.0,0.5398254953638929,0.15764571729317625,-0.03212329866573477,0.07654283123369265,0.13477263165311948,0.223223062123585,0.31884318404698997,0.35855075476867526,0.4182576061480515,0.500611563347104,0.588398715418444,0.6688524102243355,0.6630252591490935,0.6566015931349056,0.6355861705415653,0.5352728878211344,0.2878567178000838,0.05004279324391092,0.0941653265259641,0.133024714964599,0.21931512175198842,0.25970423050685953,0.355731736637237,0.43296710940337046,0.4629627208636904,0.5361949036761766,0.8494418609735099,0.5714559508595117,0.5640249220647453,0.5584136974058976,0.5497540949748883,0.46549317444441873,0.2779748157579827,0.38680761631894256,0.4054776899754414,0.4889155611105507,0.44613886442697104,0.4457841824835018,0.3759389081189044,0.4201461630971337,0.3815715581892474,0.40261216550117607,0.4276683033207056,0.4166626434280979,0.5272050179134067,0.5268615273351096,0.5551831847683406,0.8440293885022656,1.0350752794392521,0.7186644272303604,0.676599188571447,0.5327637678264965,0.5317205681309316,0.5892405686357891,0.40355552396144245,0.6750233177826375,0.6986936863330397,0.4102768185227599,0.5893208638492302,0.42721286660076063,0.5751409502002189,0.6127322230665978,0.9178966025849831,0.5478024015065385,1.5469931667569847,0.8195353362258814,0.606725325962598,0.47479609867850603,0.42417107161040346,0.41841512169883943,0.5035783529755649,0.5371539859486634,0.5905425724575528,0.6881867754229112,0.7188571491294236,0.770745471780355,0.842903044756287,0.8791665202141012,0.9317937198678037,0.9477795612917007,0.9468488235889407,0.5765612658854185,0.4124624618788747,0.5197246729095601,0.6157665402375572,0.6907137941232764,0.7565110333328926,0.7716269206785071,0.7894441573611037,0.7808144785580058,0.4405413365997209,0.7093189051782376,0.6540516137227487,0.5744206779665918,0.46271774833427404,0.3271673054824215,0.21050718134694532,0.8548128424281711,1.1513153644423846,1.320639593667233,1.248820552029845,1.0935890885878166,0.9527004455613424,0.8572311776084489,0.7214156857583651,0.6219981885584136,0.492766361891094,0.4138304100550452,0.2781671033203812,0.13541814951188358,0.00035312966961487113,-0.05818528992581451,0.40310513872256987,1.125169697385771,1.1915812670021788,1.1759360408702935,1.0259057588678169,0.861456212071666,0.8532519948923019,0.690564005427265,0.16047533696189187,0.0,0.0,0.0,0.0,0.4011716071002047,0.6363828698925835,0.26380873430596397,0.6543450987684171,0.878425930853632,0.8762832115992514,0.7976007018075231,0.7063527848874022,0.6833799836847902,0.7218559079742166,0.7859707029997764,0.8438788946877844,0.865192339093503,0.9905215296848513,0.9439734826163675,0.9386491789284248,0.9740470717056935,0.9745996770642107,1.0038710075409174,1.2156762340731522,0.7294692502053418,0.697118231276345,0.7038376449797932,0.8380599803049844,1.1016659716811243,1.3245912523893772,1.530709162867855,1.5826270314391404,1.5357485507701567,0.41127339337666896,1.4987037335504478,1.4246828738403297,1.3025367875378018,1.1022882816622381,0.9784731399747199,0.8274342170687268,0.9389433051917716,1.0175208416509203,1.123762301822898,1.4144359542435898,1.6048050133907075,1.6372961169747755,1.694014654098876,1.5428081447764408,1.4673703589099265,1.3077138912589557,1.1799410495700644,0.9635172894658669,0.78234546433891,0.6192331114076333,0.47643415919093013,0.37817226392544057,0.3362196722759898,0.6679907001443867,1.1665291825428672,1.2660278456583227,0.8556762796477931,0.8478329432413844,0.4040983053264223,0.28923535538647693,0.606004471293113,0.7830710401271267,0.12470603776716616,0.7061040484347751,0.5747768373904463,0.7623786976459259,0.6904072392698396,0.03368405937440855,-0.009009847700306883,0.3099014305768118,1.1732277509592055,1.141173147501692,1.21335066388129,0.9663520981134099,0.8868050724295318,0.6794449354346299,0.4972061021548797,0.3177326842948043,0.2740825561344227,0.17134149719405012,0.0680858117858858,-0.039180313699685,-0.15025411175570202,-0.2259639386609209,-0.03566747109881524,0.6736909043091073,1.0753377035444167,1.0623873445135217,1.1763346246067172,1.108813350397525,0.9044624620701178,0.6925537809273179,0.5300018611856274,0.6179102198021692,0.23199235612560098,0.10862791967623453,-0.029200079108968158,-0.09597082892392128,-0.22053549519936377,-0.30307668510950264,-0.14744298394922484,0.209411385327193,0.6941151162137431,0.8982757551807181,0.9121387708652228,0.9183681714813852,0.8352371817821918,0.728606483252721,0.6411432426144987,0.4934480363238225,0.44641419799990145,0.3508719308226136,0.2647340052260143,0.21243996850420732,0.08662904449479658,0.019118104683128356,-0.03184003788795886,0.11940208715813971,0.20094074551753383,0.45356532498233704,0.0,0.0,0.0,0.0,0.0
2025-06-01 17:56:59.690,1,0.0,0.0,0.0,0.0,0.0,0.0,0.4720728852361412,0.10918987696286023,-0.059881091319582136,0.05342312770312929,0.10103500797098797,0.16707036274314502,0.2538792576601211,0.29485382062194754,0.35753608839879025,0.45155622954523267,0.5334096024170694,0.6079560163705163,0.6076350678776787,0.583862240955591,0.5620744205109381,0.4422987384598458,0.177764244898738,0.024212140500941948,0.08037918951026823,0.11979324702894611,0.19112508137037487,0.22412937621575302,0.29729936463882267,0.37958434365668925,0.39889958759978517,0.47163489897822486,0.7653248020028611,0.4993480183342368,0.4945140013109594,0.48951101953199516,0.47060956944340854,0.3340527175465298,0.17878381669164278,0.36029337132176065,0.3728007211660397,0.48004131988508014,0.4105560326158981,0.44062937588953055,0.35159483873241215,0.37740686459036477,0.3593395579082572,0.34275404604258,0.35788150404098995,0.3324302116077946,0.4504862498033816,0.41518557286552243,0.458886705044687,0.7032163621087988,0.8980195560605487,0.6548159328467086,0.6304590813120584,0.4891846546846097,0.4509919540911784,0.6550702099786145,0.43821380729220893,0.550336936808304,0.8380075488609833,0.4240818378836261,0.4489524752539873,0.4656440597475653,0.6549552940505476,0.6334297975808327,0.8665461932333332,0.48122766565742636,1.3125518550571837,0.7098441565365162,0.5548169389780306,0.438420769577464,0.3898927693070222,0.36584664687719126,0.4480307482390937,0.4587275139879674,0.5092455531032525,0.571913436023221,0.6132096665006519,0.6636175520465482,0.7202719607001679,0.7488515888772238,0.7871182670585404,0.8049184222428963,0.7854712399866663,0.51140527125985,0.43815963296382254,0.5222366057313124,0.5656915787217875,0.6218699128374789,0.6637799851559496,0.6697692834223878,0.6777797141165958,0.6660493467470385,0.5551867775721364,0.598636929311682,0.5452023822632569,0.47582991841679034,0.37773347988351946,0.25696220539306663,0.13001175445625032,0.8409938324538581,1.1014468336120777,1.2185271249763616,1.1214045974398743,0.9634856097210103,0.8091392794210945,0.7289416804424582,0.5979194200520754,0.5092661371461118,0.3928110758300374,0.30801068671348353,0.19575550751647297,0.06314382243495009,-0.056851314686204524,-0.10733053833980355,0.3414722479916594,1.035377526993405,1.1142356662422048,1.0966415741800049,0.947279478329327,1.0528753576688017,0.8744345684982437,0.5064400420708637,0.21301628259962435,0.0,0.0,0.0,0.0,0.4797293468859306,0.43349909109640977,0.18968043428134285,0.6325718681666311,0.7592838090583012,0.8102637622801739,0.7396460779512442,0.6422233160892726,0.6073700738773422,0.6415402573776701,0.6863462787501553,0.7404560552028374,0.7387147190513801,0.8706317387128393,0.8379536685742597,0.8276945278124201,0.8659920826435301,0.8759457295500843,0.8878286568535005,1.032692063771129,0.6469263757958464,0.6387422095147837,0.6271511528229565,0.7431491033013489,0.9743570068026879,1.1830439671096595,1.3649323622500167,1.3989895607375644,1.3718401903220718,0.3924598934004648,1.3598351542308555,1.2979965339727206,1.195749352862002,1.0220413815237688,0.9176681930646776,0.7393528727520172,0.828151172340997,0.9063768681443014,1.0094360496005956,1.264251735965985,1.438339273953897,1.4703913122341403,1.514288397654254,1.389933006310218,1.325925630228371,1.187207705989211,1.0707558441396716,0.8815118791974265,0.722073386095896,0.583337067979496,0.4553453304741427,0.3630609273014026,0.3026807685239944,0.5950902764002518,1.0428907887205354,1.134254598959202,0.7506430800851978,0.6801448243060372,0.3713765002316548,0.2955708278624035,0.5184540065608643,0.6746870380208049,0.10992091953296335,0.7552285636083345,0.5459653946010259,0.6804988703462931,0.5050235462913815,0.04710282327782256,0.024651232533631218,0.2519984529196929,1.0168120292021892,0.9903507001511971,1.0643155687071082,0.8459994341989223,0.7825287641419616,0.5675835995520879,0.40762086388593843,0.2442935147977383,0.2205552775390922,0.13205297755170697,0.0760155240192022,-0.04360241789171482,-0.1040066577121912,-0.20983282789647717,-0.10140035048649382,0.5470774798012583,0.95228570195857,0.9457515214143053,1.0231771897410318,0.9373384511948541,0.7600194914079603,0.5651627362008373,0.4388990557368644,0.5763934381359153,0.18832607634766507,0.08750971419674425,-0.029364400536634916,-0.08547592786265379,-0.18500675453352922,-0.2652395114694263,-0.21852195398097163,0.08760779756112935,0.513082681933456,0.7789838380573999,0.7857445256336523,0.7899394467796761,0.6998360618165078,0.6155637401128962,0.542272410960738,0.43050537552730894,0.40079607980156884,0.3206214562088163,0.24822419733366408,0.2143084824533823,0.1109536623775288,0.06703275430009836,-0.007569237535776652,0.018394830840912313,0.05968230459669799,0.30500743436870537,0.0,0.0,0.0,0.0,0.0
2025-06-01 17:56:59.693,1,0.0,0.0,0.0,0.0,0.0,0.0,0.44709600451482223,0.12886369011858081,-0.06435755693710321,0.05911177813946,0.11382161496755316,0.17625464606138153,0.26604007093834225,0.29314860579628754,0.36509364820552126,0.4530832053773206,0.5322714205778583,0.586851645115039,0.5842537570194728,0.5569915785282068,0.5394620679174924,0.3819433597671709,0.14674033979429985,0.06413482509062984,0.11760410483362438,0.16756186749094837,0.22722851079202644,0.27464497253010367,0.3394212441835349,0.40944832422792365,0.4217548516480223,0.4961343709205368,0.6516869749905876,0.5007099254915598,0.47996663343710105,0.46122656316713684,0.42318839836102745,0.26327856212548534,0.21457654566301204,0.42818710596315224,0.4730901691360846,0.5467283979214781,0.5511538893508492,0.5405971445966056,0.42550702892653547,0.4077017611833478,0.3925829421740594,0.3392250974720532,0.35530213253563336,0.31537626775487115,0.43459850121515897,0.3744905986110855,0.40555056636769315,0.6430958869182621,0.9215459897421131,0.7191866759142951,0.659372803129357,0.5872903741158828,0.5019468480100853,0.6476105973795485,0.40623465034759687,0.38657741030835774,0.7669479920758401,0.5441799615156241,0.3815023268503611,0.5619541858875723,0.5273684307917352,0.6142031429614522,0.5160914271428498,0.47460969435715505,1.2882930405192479,0.7165147678128746,0.5846907053136656,0.4882606451141205,0.45485533077841755,0.40700963979202553,0.48470194588101956,0.4971690374409288,0.544320547019117,0.5968312863017158,0.6282083863214931,0.6613173993951265,0.7145161099431233,0.7370966212910937,0.7568158533252012,0.7632222914179457,0.713712715713515,0.5532046888605819,0.5248146324092716,0.607839071550951,0.6281604999706265,0.6816736892953184,0.7103659533398319,0.699582185567909,0.6938406582168448,0.6808255116291309,0.4063676214167436,0.6038952697194022,0.5511257455666759,0.4772389499165489,0.37919556885617844,0.25827138735157923,0.11269057540295682,0.859118415217318,1.112704477288443,1.2589192004722412,1.1513171495472425,0.9997359816236246,0.8436025970723458,0.7573784948863134,0.6318385077325552,0.5505231214524031,0.42321391293598376,0.3524671332239593,0.22701950102933166,0.10213082657292905,-0.029509175080182026,-0.12046932207861205,0.2790306285574016,1.0080394809347233,1.0970855657629348,1.0979577245705265,0.9633898242397994,1.1114572411152497,0.708256149108152,0.5447802879724757,0.265208763001475,0.0,0.0,0.0,0.0,0.27062912439954334,0.423536130209148,0.2311943189127944,0.5165798488340285,0.6708415977879081,0.7863664433558095,0.7301239722893813,0.6571895044733319,0.6435602167947654,0.699015384957747,0.7384460663694923,0.7780784142651207,0.7901439089432722,0.8957670480864572,0.8441673426496266,0.8108493102080918,0.8332640092220029,0.8368296506037518,0.8254881270429197,0.9016342200987717,0.5981867972573703,0.6229993885222884,0.6406088686259814,0.7609992771341012,1.0014416439732756,1.191959998311146,1.3831332378697145,1.4041335335791663,1.371449299018402,0.22224794667737746,1.3539254163818657,1.2971534363527928,1.1855056065691822,1.018322975654435,0.9061741158192368,0.7037423321304658,0.7727394471144098,0.8409454487126833,0.9728912222679434,1.2521126787826884,1.4187626464191583,1.4514166007663036,1.5127879978474468,1.3818233185871545,1.3334548764386547,1.1835842512859913,1.08054841833306,0.8829590590547068,0.7290389627263457,0.5955639029122382,0.46512202342797104,0.36620391201282254,0.285883238465977,0.5145081111654028,0.9848236228077948,1.1091158670469792,0.8678860486051784,0.5950503900369196,0.39563244696135313,0.39961486195567664,0.4069265374586107,0.5707819145913423,0.12491505480538778,0.6491557555687135,0.4236646530881447,0.4355070156593236,0.45189285958245806,0.05830986555813639,0.04819211970785292,0.29483749752529703,0.9932996914390588,0.9987175726108133,1.0565781445774207,0.8494346894973939,0.7849039649513301,0.5845919017966992,0.40682090573882457,0.23980317639115145,0.22998683596392722,0.1476768997358191,0.08991398663960948,-0.013319347459707198,-0.08809506105557618,-0.17806615968194828,-0.04917828780406175,0.5547704903261153,0.9413434273755943,0.954738480574499,1.0226949824046114,0.9343140748972163,0.78667978535647,0.592367461866423,0.4412592395690218,0.3747525033255771,0.2013048098328316,0.11932583522699458,-0.008315673016720426,-0.0520961335829887,-0.15638148633397464,-0.25665839980178295,-0.19704587220458464,0.061426325809086635,0.491146951950135,0.7822753154379689,0.7939890228646344,0.7893298044139576,0.721127080982618,0.635115614166812,0.5823471100427904,0.4625698963567426,0.43230110474648287,0.35363561027339974,0.2738764437189525,0.24339917657123356,0.13814254714797636,0.06912422328245238,0.03437091200373005,0.06467581166686592,0.12707511172179797,0.37300360307928093,0.0,0.0,0.0,0.0,0.0
2025-06-01 17:56:59.699,1,0.0,0.0,0.0,0.0,0.0,0.0,0.4934984288440798,0.09092827371162468,-0.15567141577252103,-0.038241734378829384,-0.0010358722771549589,0.07309670525684286,0.1796996599034396,0.21375191062076127,0.2956015178098338,0.3955873785062649,0.48427366429284363,0.5403586140881678,0.554675505333331,0.5424291706974418,0.5463270024605317,0.422084729729693,0.17067702194472567,0.008517448087896728,0.027397206788710493,0.05000975565838728,0.0804005358620965,0.15263243977314156,0.2366213809177764,0.30348209303021845,0.3477784244271598,0.41704197553736244,0.44385742214011514,0.4561568437669338,0.44437297892518385,0.4495581827005555,0.4197602459853999,0.2496539835713129,0.1305013383082761,0.3415013604258068,0.3688086964589269,0.4167372064001875,0.44544507163872993,0.4422918596786445,0.342177813563056,0.3497260191673739,0.304176795168984,0.24769551340671114,0.29067457886776293,0.2553100354283637,0.39867233623471554,0.3070403549227891,0.3591716154912263,0.5139588380057376,0.7651295108086086,0.6160528248168353,0.5507736541470881,0.4568773822652019,0.36027511444983684,0.595776632411469,0.4164962177888286,0.2300183975691003,0.771344953304923,0.5233392303398084,0.2591091975390306,0.5245707178473334,0.5298087520923622,0.5555989348936687,0.3911887482541687,0.5684423914351392,1.0949603252925275,0.6146415286313176,0.47662008210020046,0.3611298008373469,0.3314405737473256,0.29354672725608255,0.37768214793708754,0.39494884759567195,0.4418716925620967,0.48318712524497176,0.5278798634106916,0.5664944026436189,0.624441228587406,0.6536163642306014,0.6811216970711449,0.6911055550447845,0.6243043398555285,0.461010380323811,0.4179765166988222,0.46811597142577366,0.48232276572591326,0.5262758619512915,0.5596227098251991,0.5532326380778128,0.5595051220368767,0.5555029543094809,0.3974624663629855,0.5085503206163848,0.4717580310471482,0.4225697161139249,0.3440089507321863,0.2499375250717964,0.07973139872017301,0.7213518782453131,0.9263919269601871,1.0190975710236985,0.9217361980366088,0.7979645560435313,0.6653073078263281,0.5935368405284049,0.4971759102997453,0.4258880607320228,0.3296537855775954,0.2678659705032127,0.17374031230808185,0.07106277863796029,-0.050567933596962766,-0.1572399030954762,0.14781998260371543,0.8311746398046577,0.975057783374347,0.9672535623019733,0.8470009077249432,0.9509900787506262,0.6193637376055956,0.5076584550147283,0.1739527106734955,0.0,0.0,0.0,0.0,0.26234064867170226,0.3564410062979006,0.3102801948998495,0.3115541390027845,0.5233353056570746,0.7103156171974194,0.6576257765728726,0.5854786198405554,0.5541675470819576,0.5922265889795344,0.616369537574752,0.6338693721299018,0.6335577201107565,0.7336813827726134,0.6997913300274623,0.6816766177031519,0.6983908781375858,0.7043662808492059,0.6836066321511314,0.6901705224953321,0.5125515850411431,0.5837843994619759,0.5815444024436718,0.6611790206176218,0.8644715229085149,1.012761903392962,1.1625678480032584,1.1786021616794937,1.1593147553184535,0.34790581093051903,1.1641287584780668,1.1193950016162337,1.03811658444276,0.898023729111911,0.8149273504640231,0.617275996795576,0.6686235063973772,0.7439190974010343,0.8448797412275283,1.0768524109204878,1.2255919130096236,1.2484184903671627,1.2793729724238019,1.1735804763238111,1.137639069166553,1.0084445801252433,0.9117231899925953,0.7537784707056033,0.6269965624394648,0.5174921893952713,0.4045789112659126,0.3151581808406556,0.2307425632899055,0.4573879746131701,0.8905270947550478,1.00922734137189,0.7716457919684688,0.4068682662695191,0.41049238054693793,0.3696800616030834,0.38990402869852475,0.6845829338679956,0.183734174077405,0.45468050571158986,0.3243533389093005,0.4622368144801966,0.5024964632121884,0.018197003159454384,0.03423170502823189,0.30372981255287546,0.9721206276353054,0.9484636093441676,0.9556620992139117,0.756555525525173,0.6513546950016471,0.4506189928748132,0.2959167178414315,0.15112696477111576,0.11859866099622884,0.0618412755831339,0.009237126615728064,-0.05365292327105742,-0.13411635000448452,-0.18320850923317156,-0.03919468924263908,0.5212190855955545,0.8990127768284204,0.8893809735945148,0.9139554158367375,0.8072225218558733,0.6281210372712156,0.452172518796788,0.305740468670334,0.2374752343063858,0.098271920775721,0.02998683816699277,-0.08020366393599954,-0.12446619097750666,-0.20558061557410612,-0.2953028395266102,-0.22009174626138928,0.047786678732522514,0.45136907946759275,0.7541957205281931,0.734173855832497,0.7177674506145222,0.6280357146866411,0.559687443413148,0.47562787842963905,0.37022110196097024,0.33373046778861015,0.24930696378048633,0.1865443450623956,0.15395348773933848,0.061108510354669465,-0.00904630094335701,-0.010628453261599391,0.0649815032634729,0.21166823198897278,0.4279755381556185,0.0,0.0,0.0,0.0,0.0
2025-06-01 17:56:59.705,1,0.0,0.0,0.0,0.0,0.0,0.0,0.337484934884165,0.06058664163986849,-0.08276602937487076,0.008836719907284962,0.021263557532015587,0.052466589199186786,0.13851049243168345,0.15281875515043664,0.22248732705854168,0.31056890979816487,0.3875562797292967,0.44515259781490135,0.45255229761807386,0.42682188088557727,0.4415804103720219,0.3111418379911897,0.14180417474702256,0.07862706200932573,0.054161754730649214,0.05913270175697327,0.06478169550946888,0.09640303512645265,0.15259079289820043,0.20296456232192872,0.24292033654111878,0.30564782678254976,0.3190472473096374,0.34004667783648035,0.3413425525451271,0.34462012935376896,0.309318866694699,0.14853167343462137,0.18624385495194795,0.3887369329199787,0.39060350810080735,0.36041305817239166,0.37104796702108156,0.3353690366114943,0.28568594270053604,0.26668066027273896,0.22944670593763794,0.14863813821461647,0.1779587726577072,0.15051015775473708,0.28688096489546,0.18528948141152185,0.26223979492719623,0.40386985431081646,0.7489725530940317,0.6381815770486137,0.5077414708391944,0.4191128356370233,0.2962555705161034,0.5631540824019929,0.33152661008129913,0.3496355956419847,0.5969550321822099,0.4744094793464154,0.22032981626244513,0.5666288775751936,0.5680697892682118,0.46138573339712674,0.16661653379361943,0.5980415458661712,0.9110324798513492,0.5653919337930923,0.43731387636251773,0.30106130268942466,0.26841534051316285,0.22333935516065195,0.29291552788750375,0.3016973322440655,0.34002451789145116,0.3619363743604742,0.41666261277546823,0.44538289005686016,0.5037611744229257,0.5318379820384247,0.5526333464939841,0.5700122456999019,0.4836827511908949,0.39798529949999445,0.3609767598701862,0.3902381376075721,0.3787893578426522,0.4002632292238737,0.4167722936601561,0.4054395145652485,0.4158991769614202,0.4199426679948579,0.4789118716851482,0.39400802119986644,0.3592525730855757,0.32317569239726496,0.28140480264423573,0.18900838398556946,0.02057723585735452,0.6548176437293478,0.799823358468316,0.835359828751363,0.7412933608626002,0.6071173365727882,0.49945061038311844,0.4274550372559722,0.35132775585754406,0.2971072705921938,0.22308128586862974,0.1673205246710332,0.11121777368760033,0.028402189034611114,-0.07748818713272132,-0.175449395465685,0.05536638520256293,0.6931373232576253,0.8714296323362658,0.8518381966077668,0.745433967481363,0.674182338257598,0.4267090951537625,0.43888141674040043,0.23792616383310922,0.0,0.0,0.0,0.0,0.28961402367192635,0.36273739437666536,0.43282480547393576,0.15309020379852611,0.39057081372544905,0.6399554018106131,0.5931629253019397,0.5141362936408885,0.4675843373834401,0.5165409569863264,0.5312714369547651,0.5404809256638652,0.5303119869027966,0.6378310013073851,0.623558013597157,0.6060940379304935,0.632298250393581,0.6440758971513123,0.628578616570155,0.5644266538607261,0.4331668844344203,0.5143556351279645,0.49908472866203724,0.5542055715331378,0.719606824716849,0.8488104777283665,0.9888465005998803,1.0081971064039303,1.0195054187494794,0.3174312029802157,1.0622492851087313,1.0259435332676459,0.9733793543603462,0.8799107789030317,0.8080310364645864,0.5915690579809216,0.5333386983587547,0.5544672335400094,0.658521756648874,0.872060922923038,1.0171380169269226,1.0390188135492575,1.0915795285186136,1.0115843111546352,0.993368301459781,0.8934995103882488,0.8154470315349827,0.6896559220525923,0.592764321451939,0.5014186939675245,0.40614054276689937,0.31880839749432616,0.1948933514441746,0.34205428354991924,0.729576098969991,0.8482641041645306,0.6590612547299973,0.3052455332930514,0.4502044859995624,0.32516154231120264,0.5247938529048712,0.5614252641440713,0.2649303291447913,0.3512997526317531,0.15150698324841316,0.4908156681147653,0.3752662139787887,0.054484817436125155,0.03905573636075865,0.2110483257196093,0.7264289010987233,0.7753726345376828,0.7504804407054096,0.5898058511360991,0.49270432623920746,0.32656454957074366,0.18553955613342543,0.06698574168508964,0.05634652060762657,0.02545312057106841,-0.00034270734503005773,-0.04383795646421207,-0.0975139045464215,-0.16238937776727613,-0.16072191617287207,0.33607100831333986,0.7391914280099589,0.7290086817908217,0.7058021752876754,0.5747749628208554,0.4148030071947444,0.28770286072769813,0.17028929502266754,0.1640861630840357,0.029157274591911975,-0.004706534662684225,-0.08215296025640484,-0.10308320730374343,-0.15071573875299327,-0.2201218150203464,-0.25316488534553183,-0.11661280237555088,0.21601476372817718,0.5904866153538335,0.5773657013749717,0.5426970271892473,0.44464767047347853,0.3901689403961286,0.34803974272856486,0.2790535018328759,0.2657472130930414,0.19703902038536691,0.15649451626406763,0.1541163284130811,0.09363127795777593,0.04503371184594773,0.018906242837024134,-0.018186278123564992,0.08659118821544254,0.29067312209972473,0.0,0.0,0.0,0.0,0.0
2025-06-01 17:56:59.708,1,0.0,0.0,0.0,0.0,0.0,0.0,0.21184865002539863,0.030542309888821062,-0.038694511411795474,0.027780117666021287,-0.004481902188155362,-0.0017966871583632305,0.059712591109330804,0.07141911702526771,0.14399959995358247,0.21290170891550397,0.28631691528784226,0.3470190990926816,0.3525480787322412,0.34394742947940626,0.3528087428038547,0.22876790952380188,0.09999155595952659,0.1143300303391131,0.03872174652743732,0.02858232229585833,-0.005827618756112596,0.006374366971400702,0.06291371649726596,0.10161375760696711,0.15939016246504356,0.2185850594580836,0.16951743207233344,0.25843043467658167,0.27099836165612995,0.28543856461919836,0.2618364747725204,0.10625597778274795,0.23020980121373724,0.3924990488712983,0.36497251180959756,0.2966380725484514,0.2921582329205683,0.2806432123958369,0.21825010226695696,0.18763250890931849,0.15660870666653337,0.09554029559055266,0.1280200887154278,0.09377629829594236,0.22513209956099078,0.13000181615982315,0.17494020100458524,0.3303482427701117,0.7282720581945259,0.6184785903770237,0.47459579773933835,0.39151247320385396,0.24383446688053234,0.41337237270754074,0.22781659398248771,0.23381378775283185,0.48771475162837286,0.4014256894543292,0.3113843511856377,0.4967562559063665,0.43240796123462993,0.3889720495643201,0.20697533178299585,0.4649792365866121,0.828942324999496,0.5207747253116108,0.3633785809914598,0.1808888888706579,0.17165799112037883,0.10630816587276337,0.16479047772173905,0.17264236881133344,0.20017180146001268,0.2390875256297993,0.30551800450650535,0.34022135622526495,0.4013476743279566,0.44168623387032113,0.48181182950813733,0.5172103030279644,0.4244044729367079,0.29437333319310083,0.18450641979657034,0.2165680810298114,0.18900269213951537,0.2137040807724344,0.23394647133328705,0.2391386262104378,0.2590353094025435,0.27375020964099384,0.43721182810886544,0.2837674329140043,0.2711405108659707,0.24850758775870452,0.23083403807315572,0.16293086936998596,-0.03244272706573628,0.5390384992420303,0.612933895743114,0.6127120412641913,0.5068160423538897,0.3930198440114039,0.30494626925865,0.24952493376709928,0.19443602433564222,0.15911754170636927,0.10663863437054721,0.07110853678092499,0.03236303757517334,-0.02528501165817576,-0.10669293205207253,-0.19108518666374896,-0.032860680017485905,0.5612073158410449,0.7621743555891174,0.7323696436251357,0.6294116773913911,0.5564692909698958,0.286900081819952,0.4124035693501756,0.35118595716307777,0.0,0.0,0.0,0.0,0.2908289331813717,0.3873624126787382,0.4093507976960278,0.040650609111099634,0.2835303457266622,0.5689347490772597,0.507244593883639,0.43422306549674883,0.34878407912560117,0.3723363142335534,0.37885548724417495,0.39312097268874124,0.38780030017390565,0.48912343433483363,0.512315727877882,0.5150864572519374,0.5585036618378725,0.5862644140131008,0.5814187315252148,0.4846817582840545,0.3318345442203163,0.4125505228532508,0.366857307160108,0.37689851627670046,0.515832242245782,0.6157204836063035,0.7401855396024515,0.7674820095260231,0.7975666066430482,0.41457221925814275,0.8955162458857471,0.895905943193007,0.8730448878339743,0.8149142424774839,0.7635276686422543,0.5531258615306633,0.3933003049896944,0.35928874415014467,0.4503177877573262,0.6149665061725824,0.7328810899969311,0.7718562715214257,0.8135443508100062,0.7651313600469554,0.7649012962887634,0.7013836238876969,0.6601911732151116,0.5766965966988925,0.5053743348153598,0.4381501903236951,0.3705536762548671,0.2964058054023956,0.15241838875365013,0.2524424320338295,0.5629221313688841,0.674059601449014,0.4877661058408186,0.1731818131076652,0.3093207179131835,0.26978106282658054,0.5038775724131312,0.41966631485356476,0.2649303291447913,0.23571655690593524,0.14511539612264268,0.30786358980682393,0.2447268922004502,0.041247783177930875,0.06759710824713977,0.19842865270953647,0.6341710687475994,0.6708006504255637,0.5879585024470829,0.4257561273779351,0.3137628479299637,0.16096273830901642,0.025561760437630143,-0.04688652083192735,-0.054554219872790854,-0.09615939268580975,-0.07273813314080568,-0.107295949809596,-0.1478494910708169,-0.19618669999050842,-0.16500689809363733,0.28620090005696147,0.6780597985534806,0.6631587833763752,0.5740635217102886,0.43227532162901006,0.27993006596720593,0.15199398735274672,0.041540683658014554,0.07917302596735368,-0.06000256461946596,-0.08429795214100722,-0.15215518408974993,-0.14830362450592716,-0.17888197500249925,-0.2405110969115245,-0.2569343322304568,-0.13608698748423348,0.18649314769463365,0.5284527681792468,0.5217337312474196,0.46743691939187326,0.34851426727587387,0.27578003660799255,0.2546299685599758,0.19656901835073337,0.17834521774735101,0.12935985855746757,0.0894183057934621,0.09342139687826978,0.03916601820620347,0.002495145169456592,0.018437866687589566,0.002828684817053617,0.08549454754217267,0.2623613864425727,0.0,0.0,0.0,0.0,0.0
2025-06-01 17:56:59.708,1,0.0,0.0,0.0,0.0,0.0,0.0,0.15163189138767963,0.10300255709550901,0.11631065811487329,0.1802743086741211,0.12836244136343256,0.11914423653042727,0.15791049937515,0.14338666858479254,0.20246007317981263,0.2502588619048184,0.3067574520417082,0.35883875036116764,0.3449950251012928,0.3202802568836771,0.3171260110538441,0.18016388889399926,0.14847878831677896,0.21371617489308375,0.159577584568938,0.14152431231481566,0.10791920154332812,0.09362691794872169,0.12370320023565728,0.15780738021216445,0.19875270502006304,0.2382032258918243,0.11545585802460939,0.24931459866151584,0.2512484608950825,0.24652042559304835,0.2012136458779759,0.11656681672587033,0.34341556510136745,0.5029187622139937,0.4905198973037127,0.4084775511439165,0.4309208519969263,0.35153071572335026,0.27918015108627126,0.2162618385640931,0.1594878680774232,0.09149631457591689,0.12097740936719381,0.07703894534692457,0.18508776811457794,0.07443004752450882,0.1294123163697235,0.3177299236078494,0.8034281675478977,0.6966540271235799,0.5780830668052582,0.48459983477410074,0.33515450616212683,0.23953716656587748,0.3591435466336539,0.23582443938083814,0.31089571830109375,0.5011540076327495,0.26066359390934,0.49767000783736937,0.334779582983549,0.3702557052226738,0.25162912987286434,0.5834571824342394,0.8231128079684116,0.5658905522339447,0.43175524913224894,0.25206612456349675,0.2344458300549228,0.16214167183770622,0.2028641810747187,0.201956540748224,0.21480150542683218,0.25174328070053353,0.30401536511067073,0.3400364123835613,0.38584619382468255,0.4215641337595135,0.4552062014642199,0.4808123693288584,0.37598480150997743,0.3216772430711329,0.2486032786402511,0.27109184386672824,0.23600248283839442,0.25023139628289215,0.2611571943613715,0.25848172129621694,0.267033527636223,0.28037191074792656,0.2876696694559397,0.2831805241470575,0.2645704782504724,0.24336972176492988,0.220275806784078,0.14131552301274847,-0.04584380068698496,0.5554182062047243,0.6325120936343639,0.6421927245628494,0.5309606184934867,0.4141933754901428,0.32985572722897616,0.26676415550966404,0.21630381859900272,0.17790913930821506,0.12472554386441592,0.0920260684917047,0.059824450072503144,-0.004210241121406888,-0.08464021317395598,-0.1809530832489829,-0.056905810839018356,0.5427847614256006,0.7530324760751089,0.7297934764620244,0.6402352674639187,0.255590248117411,0.20277531942311672,0.5569429446687018,0.4342355292523298,0.0,0.0,0.0,0.0,0.19507251701718353,0.2739918722623726,0.3964011809079854,0.015803851900827337,0.24001248846525408,0.5437342919561995,0.4883516194402074,0.4114420341449335,0.32441305120249586,0.34805168935842,0.35985653441303356,0.37453767572401686,0.35975292944929427,0.47092669800521314,0.5045921047785749,0.5124600876291383,0.5542777059250086,0.5901278241720147,0.5981805352637739,0.5110801692485079,0.30087123669882604,0.36597557525219604,0.31240911691560824,0.30660593390834023,0.4470165087059226,0.548247430158384,0.6675717655205551,0.7054233966064387,0.7575240767014024,0.36924990038629085,0.8851559868150951,0.8922702528527768,0.8807891409403246,0.8418747912703001,0.7863178659335078,0.5850151620506671,0.3745999414194749,0.2537292547254153,0.35108700790709035,0.5131720555329258,0.6350615027122979,0.6824871933187573,0.7426838926745396,0.7015932092651622,0.7150998647345328,0.677775199624802,0.6497816971808188,0.5780556491860521,0.5158170204631966,0.4494968111985515,0.38349347703871517,0.3125000947999426,0.16788398738090582,0.20459260743173308,0.48444281095264374,0.6054440143278418,0.6504412399448462,0.26180296600759967,0.3549909410178489,0.1868249953465897,0.5005973032004576,0.33811073380096857,0.28698612024560527,0.11788909733365854,0.1372562439495043,0.2802099367286024,0.2745625784298842,0.057285333425103946,0.08891871359835968,0.17052449383565088,0.5705625887101069,0.6316593087175304,0.5124278082109551,0.3536771685795024,0.2500558599548075,0.11738546346081047,-0.015192728947293288,-0.07746559912692197,-0.08734207285113982,-0.1153839094557132,-0.08664042482460521,-0.09761519142330721,-0.15532516065142277,-0.17969362166815372,-0.192529660414884,0.20548482357778747,0.6236775970576637,0.6081956508983628,0.5208744458852742,0.3443640820969549,0.21273364358831248,0.09635812189027249,-0.007967608388130598,0.2533727597809826,-0.07609405287004911,-0.09960441948202226,-0.15104507971380432,-0.1413499722232917,-0.1452736789156891,-0.2049028841450249,-0.21927142507617092,-0.1805007650802132,0.10336764965694412,0.4553700667121932,0.4634389062000851,0.3954380947067375,0.276878872026449,0.21666238604549237,0.2172912417772952,0.15477891966909652,0.14627662450159118,0.10911997971081822,0.07485731883705737,0.0861971056923595,0.04450454791128855,0.024966201488589523,0.048301032808651057,-0.003213893088605091,0.018045541603686877,0.19240562338070555,0.0,0.0,0.0,0.0,0.0
2025-06-01 17:56:59.711,1,0.0,0.0,0.0,0.0,0.0,0.0,0.23386559618839067,0.08357254272809148,0.039158676216043575,0.0903146321263456,0.0444125345732298,0.05085601678557994,0.10606308765731376,0.11277771906529543,0.18345402729745242,0.24883202306169594,0.319209917776949,0.3833640053701911,0.37707151334973915,0.36158311022924605,0.36747379886809345,0.2896755636136704,0.20823624984449318,0.1307335113165139,0.053314965370936385,0.023001631171396864,0.010372113973689867,-0.011386145759265442,0.047465076656232785,0.09484257637553539,0.15919880489842875,0.20721409312618522,0.1387731932077152,0.25312222665679673,0.27764166471240176,0.2918857477288124,0.2525057509346305,0.1651422926318985,0.21857973560337007,0.37220631064510656,0.3076961726988521,0.2751537005721958,0.27112650861848575,0.2374909544336512,0.1907089417392558,0.15483947787488117,0.11294704480107032,0.09586290396458463,0.11686027427483514,0.10097004097021067,0.18031442013371157,0.0750996555639879,0.13804344760454862,0.23696225122023679,0.6471461425081823,0.5691987174067432,0.4496026771136309,0.33226351557690226,0.21569103345993135,0.27740273149476496,0.3033536877302982,0.28542237110424534,0.16997736330864033,0.3092071199488988,0.3312574235185636,0.3870043439708333,0.34771069519000325,0.3448171784039685,0.15183817841168226,0.4543488497246264,0.7152921456239063,0.46299587237414286,0.30932058388110706,0.08586201679991179,0.09136260744136893,0.03740989730090538,0.07148101056581146,0.07862213554257691,0.09501514641152253,0.14940390318140762,0.22006852235791596,0.2748282998384326,0.32211118534484495,0.37057972005606143,0.42616280958674585,0.4823220073220932,0.4100899563391397,0.24026318923686052,0.053758063948550094,0.06395708820190493,0.042546848838667106,0.06099475872031901,0.09790381034688722,0.11049393114026573,0.13638094711688287,0.16365639632583795,0.3303487458901104,0.2058605006040921,0.21109238438154054,0.21075373905513595,0.21607175711145155,0.16382792665093843,0.009336076460629172,0.40156165647131126,0.42115071084190203,0.37749508779670893,0.3061218054777448,0.21668570260362396,0.15643903645917834,0.1109223175665095,0.08748655566745467,0.06994463538714202,0.04118932345851811,0.024651050726918422,0.019132774543718645,-0.008307496572222073,-0.06539571522351983,-0.12898394508442623,-0.05732340616951628,0.39380359118350816,0.6258482657476291,0.5967330560258706,0.5246001679114887,0.09457669393391005,0.14629259815714896,0.33473821493662353,0.3689026577994169,0.0,0.0,0.0,0.0,0.1453959908793665,0.32820261128592315,0.5809415755683892,-0.029092598958204763,0.1529364725961187,0.4577994750101918,0.39708098194322367,0.3031842958543465,0.18359214869903906,0.18023329586374426,0.35698071481644256,0.3802502530017797,0.3519558212426084,0.4513364495228669,0.3868153747298049,0.41893033259945667,0.480445499531607,0.5267359470128434,0.5535081378994333,0.4316224000791011,0.23438170568878364,0.2880600232960023,0.19847568721354736,0.16797807268026155,0.2658727902227478,0.3548474293833299,0.6676449863225096,0.6977354567353478,0.7587703835449331,0.45193615268823745,0.8866070535759598,0.9082311231122007,0.7589424722247433,0.7550071513791358,0.7139278503494467,0.5304661954791814,0.3064196241464183,0.16916075692260812,0.24263348350399128,0.37749098905445866,0.47751720417076027,0.518375607191903,0.5569861904597926,0.5196538436638731,0.691890307164587,0.6666857863561311,0.6492303114621507,0.5874747784558326,0.49422550237313045,0.37216982804721305,0.31185635346101714,0.25598688989622764,0.12698541005132563,0.21365761953141713,0.4693476326896652,0.5635389674209431,0.5791740149066127,0.2892318029782125,0.34213751167782447,-0.00010670714236293843,0.39220872787067546,0.422382050388315,0.27199198497318083,0.1962560523575217,0.21406813832374383,0.3573090471137438,0.30397201861331646,-0.007582023620809508,0.01703024272462242,0.16945543039994765,0.6087812429469825,0.6400495159794084,0.4631087286080736,0.2856935852719358,0.13272470494378386,-0.0052707923267447665,-0.1341753328796811,-0.09143533073808663,-0.099674244604945,-0.22984239772735227,-0.20112457807427153,-0.20319742312725597,-0.2606803350349304,-0.27200351978363346,-0.20725579607542965,0.21933964795629696,0.6207797979579904,0.5786170420217795,0.43940920007408846,0.2480155485713713,0.05930040657697977,-0.05789852279785768,-0.16216177184335523,0.36691525915042245,-0.21783841553990135,-0.24756480155353722,-0.28751056098448335,-0.2779624860111657,-0.2670081381940642,-0.31020659004571327,-0.26757738303749645,-0.09873485052168257,0.16755688974306737,0.47436187012894443,0.4503310308094127,0.3603462491115259,0.180819600250943,0.10507405341493037,0.08383751609162626,0.023336029441352935,0.001513826762592485,0.090789208220031,0.06265317582387775,-0.07502261452282877,-0.11386837319712284,-0.11525946426788469,-0.09819962385096098,-0.037415256650931095,0.08267279629884294,0.21745817642229093,0.0,0.0,0.0,0.0,0.0
2025-06-01 17:56:59.714,1,0.0,0.0,0.0,0.0,0.0,0.0,0.2798297295154202,0.11849116799295448,0.013692071586235255,0.08334696642227912,0.05593882355038948,0.06839467115627518,0.12071845804211023,0.15135720036003864,0.2236417363437585,0.29455343527749156,0.36036538085856323,0.4242680730605277,0.4248894593331893,0.40394309848290777,0.4127049962305508,0.3362924698591312,0.2513969933213476,0.12443200964730106,0.044360578429861186,0.01729526809683435,0.014476550417260148,0.007022724215310028,0.062294825972266876,0.12169963226946767,0.1820941561581959,0.2358197870327543,0.2743911675322117,0.2862774152801758,0.3184739131977727,0.3304416786780846,0.29540937198360767,0.23064819688275584,0.20686567655480714,0.3332957389298329,0.2844764147473664,0.2580713380750186,0.2876769131959329,0.25296628898025153,0.20459711412781756,0.18453890716259136,0.1786590441889746,0.13404506027157148,0.12908270077668393,0.13100726827514486,0.21226703750169285,0.12799832585191906,0.17958641597616976,0.26786172753227433,0.640205694093539,0.5645509942960364,0.43685461378207713,0.328675298491782,0.22055009221093247,0.2533671664147687,0.29115275228570564,0.27737710707111457,0.09414947769662302,0.32688232378381077,0.38101105199547003,0.5291114762715958,0.3446509346798911,0.3879629362530195,0.24561482674374288,0.5272580897255902,0.7840476779901071,0.45039744854439734,0.28378315346023686,0.05222971882171468,0.06921837114279028,0.029235829024576443,0.061053028290518396,0.08056264640044097,0.11256854562698537,0.17378494830889912,0.2508249400664857,0.3094649566136991,0.3623455374574668,0.4194875235978437,0.47794360223197135,0.5466898668739719,0.48859817608981804,0.24931613291656668,0.0024267131963588984,0.021226603152197043,0.013405942911438817,0.05031841634871426,0.10164519773782454,0.12633414698695145,0.15747635419695127,0.18502897220432013,0.38660009973370196,0.23845703291255926,0.247435235468758,0.24113169681914182,0.26070511665877316,0.20803341055950558,0.07432503614794086,0.3743245332941643,0.3650749321393264,0.3361658768808864,0.290185003477921,0.20398122442646272,0.15782250862364955,0.12899594371478207,0.10009472845882694,0.10302037518960394,0.06914828584295796,0.06714855190466995,0.060270862266711855,0.04539657987190271,0.008156942556768354,-0.04979153653801116,0.016073752557436816,0.37492616760625086,0.595194799618401,0.5751035922186196,0.5062493458608333,0.16430138231305202,0.22553161960245022,0.3102530745453789,0.38807693789327424,0.0,0.0,0.0,0.0,0.18881789734464105,0.3603958799820322,0.45217828184248554,0.04503898654776539,0.148036171011176,0.4407753731371456,0.3687564739327765,0.27334486684295,0.14170204172580525,0.14732332277020466,0.35410489521985156,0.38596283027954215,0.34415871303592205,0.4317462010405215,0.3830012454343634,0.42677129108720147,0.49529786217097516,0.5570906184865665,0.6025833718998654,0.5185051427992897,0.2560483444892509,0.26580381993922,0.160550785375281,0.12352367961883504,0.21967377808007682,0.31698187089778096,0.6677182071244632,0.6900475168642577,0.7600166903884638,0.43782475608225263,0.8880581203368245,0.9241919933716243,0.773878405577239,0.7876695203484524,0.7510805685832502,0.592565136127281,0.3733546244478794,0.16270360856702437,0.20884698416845893,0.33209520458242525,0.4266513590194976,0.4719151331791476,0.5207687199094262,0.4876647397840592,0.6686807495946412,0.6555963730874605,0.6486789257434831,0.5968939077256133,0.4726339842830646,0.38992714550552837,0.3317940382791027,0.27319658611753134,0.16093550950564808,0.21183748009549005,0.45115607950984427,0.5331771039791225,0.5439714814898634,0.36090941763770656,0.2977478267679169,-0.005023426409966669,0.31787158256878306,0.4015906815414725,0.34432052231583216,0.22756282643980136,0.356093235694497,0.3583177970951523,0.3355728545619261,-0.012030274772946103,-0.006195195324162045,0.16831536873335318,0.6025455535332909,0.6265570290683609,0.44872510354686523,0.26778304692642796,0.10250345582098652,-0.003851111189443479,-0.11729867860951226,-0.10540506234925107,-0.11200641635875042,-0.20639756654013075,-0.2395776040797396,-0.25542566429377356,-0.31643567480592627,-0.33349105765844794,-0.20197428960410918,0.2687426647709202,0.6396706170122978,0.5873515002597585,0.43545171390982784,0.21782980691905207,0.01629227453690163,-0.10072014457987155,-0.1551310025506656,0.40461733133339106,-0.20747191674967413,-0.23897967086512217,-0.34933278312089056,-0.3396439592821886,-0.3378645597564394,-0.35225821169295524,-0.267066374306821,-0.040909807432176204,0.26130428465634226,0.5063294912971938,0.477759148551541,0.37008923529465054,0.17414724398333958,0.06438287088130501,0.03173715510975672,0.02298537912330456,0.0005434336114078508,0.07245843672924357,0.05044903281069835,-0.07524479672647422,-0.20505829737508197,-0.19751309105834963,-0.1522207732151556,-0.0038130997242581954,0.14601383903512932,0.2595061353607483,0.0,0.0,0.0,0.0,0.0
2025-06-01 17:56:59.718,1,0.0,0.0,0.0,0.0,0.0,0.0,0.3776026702984562,0.1093099908945486,-0.038731660450217864,0.0648594252112098,0.06597966063834126,0.10492489666512361,0.17379554729565194,0.19641767257490028,0.2901181156141316,0.3611635635582048,0.428670078118693,0.5019518126523455,0.5132984400829008,0.49610254088415373,0.4965722345848318,0.425703730373132,0.27252097432283984,0.09489673795034126,0.007608719900276784,-0.0125149460798889,-0.00789036923716857,0.013669836580557204,0.08008438296633646,0.13706781919084454,0.21469028045444039,0.2713245595273217,0.18677914873087187,0.32775519055130653,0.36583162017947984,0.38893557499063514,0.35492445120973126,0.30707427733962034,0.12449952115975704,0.25654478548053883,0.1919860338614875,0.1968353826866911,0.21569430672646184,0.20616488548457546,0.1837024339270068,0.17751737410272717,0.17231513406213783,0.15971974067612882,0.14645466310598432,0.1840286364296937,0.25499318716024477,0.16468182597323722,0.22320079330566417,0.26643272921160205,0.5248644783172165,0.4974601012281519,0.3776570673114248,0.2644169742430018,0.15743940076540075,0.14549616911220903,0.3647775032195746,0.2270460346026164,0.17677170629669647,0.2849341933775459,0.3702366118784478,0.5291114762715958,0.2765073794750151,0.436907165788577,0.32802344289928,0.5865624134582118,0.8244464810701897,0.41648608509733076,0.21981217083124094,-0.021552654680154326,0.036644723046753924,-0.005753533463883631,0.039133036062656945,0.07612736634484119,0.11697888646741861,0.1888043705679181,0.2732450235742474,0.35258860475230724,0.4020907896855227,0.471875203991464,0.5392230198564998,0.6180285511192225,0.5967331213347276,0.25584550293851305,-0.0915380550861582,-0.0665981746071671,-0.055671096261976194,0.009143393012519319,0.0715239672422987,0.1037260154211952,0.15105145479752013,0.19034632374266458,0.4019614069056932,0.26209774985905643,0.2826674333409488,0.28602717497092345,0.3134102327565883,0.2824287214994478,0.17942341526532088,0.32461906667544166,0.24363422438106375,0.22331751202353267,0.18941278926325533,0.13838956040370776,0.11087340130506074,0.10329598246538851,0.08783034744312945,0.09420459325688046,0.0779031063950475,0.09266445238955434,0.09958370627976598,0.09985654932764443,0.0945133182829857,0.04262607297261156,0.09540391090614592,0.33480817405671737,0.5243909575212089,0.49520557389966174,0.44522557195243784,0.12796978413236365,0.20231315582316933,0.35131890544902905,0.4011916938690623,0.0,0.0,0.0,0.0,0.238136483397413,0.3624170931013618,0.36767713246494815,0.12369769015308663,0.13478129013246426,0.40361624539443564,0.3181117688708828,0.209959615770407,0.06269956270941579,0.144564793264643,0.35122907562326056,0.39167540755730457,0.3363616048292357,0.4121559525581757,0.36684998079675046,0.4317396011348862,0.5202115226210104,0.6064332383311413,0.6835671481378676,0.6946154343815647,0.31427346121052213,0.2450139839558837,0.09851707143529465,0.03641348591227778,0.12936287395882706,0.3171099650047038,0.6677914279264177,0.6823595769931667,0.7612629972319944,0.43782475608225263,0.8895091870976892,0.9401528636310481,0.8131272302183477,0.8450719288144802,0.8267984779663672,0.7144068547431233,0.5129727468802366,0.1880360435742071,0.1389197920881312,0.21195300783310866,0.3081434134922907,0.36136333645380025,0.41733854695643213,0.5174689513609956,0.6454711920246958,0.64450695981879,0.6481275400248154,0.6063130369953941,0.4510424661929987,0.4300431272038124,0.37684008403117153,0.3367880150342584,0.24686963193456224,0.24598893940136266,0.3739140610689031,0.41667743152464853,0.45342082030338926,0.2789429737080983,0.22316973039633625,-0.009940145677570456,0.15756480480612267,0.3763376006298452,0.3005833456070543,0.3792223346652058,0.40842404428758905,0.27717418070436617,0.23447019561909907,0.023766649526075434,0.03165914169427089,0.1636133133689041,0.4630102982843198,0.5195149628133344,0.32315797321674633,0.1708251358195667,0.02159638911667816,0.024162188571074994,-0.10042202433934322,-0.11937479396041573,-0.12433858811255538,-0.18295273535290923,-0.24494850975782545,-0.24815005177887606,-0.30269131417689527,-0.3155090321091988,-0.20439280673399324,0.18625309860082656,0.5823934877176073,0.5384092394952977,0.3771816873590824,0.1426282183080927,-0.055674573505510416,-0.0565420870691542,-0.1481002332579764,0.49677793501579437,-0.19710541795944714,-0.23039454017670724,-0.36000724486682767,-0.33685916526132376,-0.3228954682343643,-0.3369152980891873,-0.23724793283517034,-0.00879526447135992,0.23228333172235993,0.44979402240691974,0.43450313946143404,0.32738894450704503,0.1129906775059526,0.015701458902013465,-0.014934691942666056,0.022634728805256188,-0.0004269595397765613,0.054127665238456135,0.0382448897975185,-0.07546697893011955,-0.2096518412942585,-0.19887887433301227,-0.1407004562261565,-0.05030335094024824,0.04803758893762533,0.1751359484779853,0.0,0.0,0.0,0.0,0.0
2025-06-01 17:56:59.721,1,0.0,0.0,0.0,0.0,0.0,0.0,0.4438134651288027,0.1278868614538097,0.0057179485098212135,0.1312991588367438,0.19113732739872258,0.2360316114356863,0.3011251931347131,0.3316778257466346,0.407805741865115,0.4783913865566749,0.5373877060633876,0.6059703942772914,0.6075600477383236,0.5851003989859214,0.5700430942251449,0.4896062412166552,0.32226346497821773,0.14469677847643952,0.07690020779929052,0.0826231780032437,0.11326027843965014,0.1466991281866208,0.20019225653876394,0.2706930684965305,0.3400064715189062,0.3864984103969753,0.17630428694882994,0.428010202917935,0.45397463093770846,0.46888837789819937,0.41295337394752274,0.3841607429260453,0.10448022513647792,0.28615080149313576,0.2701854372355743,0.2958060978468424,0.3336159401361052,0.3021551646239393,0.28652630072499985,0.2956498344011953,0.2861995439222049,0.2490522273386191,0.22730655996246574,0.22266452131988457,0.29835590343835905,0.203504946490429,0.24159944864152738,0.2687234790656717,0.5228423982441935,0.5222198684825743,0.47488877730910295,0.3606311959928852,0.29320511231191837,0.3380206723494081,0.5568127932340811,0.3564009473065414,0.34579076745485393,0.4115894921783222,0.3842577942839478,0.45128321728980136,0.4985381115084809,0.47311400770498047,0.3355664986098861,0.6762891023066331,0.9112666790352784,0.4776785488307097,0.312433292488141,0.10173478485251031,0.14122841640512185,0.10825394046888404,0.15430998769790816,0.20623758333984799,0.25249271390449723,0.3116316330278459,0.3897068004084756,0.47586053864893074,0.5283604342535656,0.5924382722327175,0.6516655280200869,0.7374536656758284,0.7530270859694181,0.32807860599248195,-0.035450273153145306,-0.007986413746465804,0.028171150228694097,0.11363961381013121,0.18528663978880133,0.2346875839691711,0.28590837134078195,0.3363372399588982,0.46914211163630887,0.40585414841725,0.4125258280595704,0.42052620183374534,0.44296843216019044,0.4110170430320968,0.3160176473849565,0.29220764843245256,0.22790864415009005,0.2540973964404927,0.2545027489696745,0.24701406985563668,0.2432917651541857,0.2458219586183934,0.24490084398870948,0.24817490912091156,0.2447902823897412,0.2535752580862205,0.26989302984935803,0.2672425175051256,0.25917228010339166,0.16920194600180172,0.17138911688359393,0.31184215940431226,0.5226599390376232,0.5280362472134204,0.49701464028920506,0.29441314506856403,0.2582306213376641,0.3666766798666325,0.41274104933986777,0.0,0.0,0.0,0.0,0.45562874435608003,0.4340346965672249,0.6655110065860823,0.22176775461498432,0.17787698556955783,0.4355472191886502,0.3588027397953503,0.25447727771732764,0.12428402125883675,0.14180626375908134,0.34835325602666956,0.397387984835067,0.3285644966225494,0.39256570407582947,0.4871806245837198,0.5433249017870487,0.6347931153560198,0.7260565417819316,0.8302613825933409,0.9485259749369994,0.437700521482429,0.2971812324959834,0.12247437499415947,0.0752393165331442,0.18590901324626374,0.31723805911162706,0.6678646487283717,0.6746716371220767,0.7625093040755251,0.42936839272619226,0.8909602538585544,0.9561137338904717,0.9884940321086964,1.0005950692372445,0.9899891769181607,0.8922364498571662,0.7072190260759607,0.27885631860698257,0.17389090467769264,0.23263217045577433,0.35916108628241306,0.4369030854284517,0.529666771800477,0.5472731629379319,0.6222616344547496,0.6334175465501191,0.6475761543061473,0.6157321662651748,0.584108871287374,0.5583139984395888,0.4910007269081418,0.44374369899525723,0.3562692223151622,0.2820059040544161,0.3413960158456376,0.4145948575038023,0.5516550306991216,0.2804754458430979,0.31329598199507047,0.06823335510553907,0.2451239341277313,0.38404180285385414,0.4645901789659062,0.6029163850876904,0.46928032555639143,0.42164408710634393,0.20389275124229925,0.08500976055212234,0.07546371548890224,0.11004451777810016,0.4086882047696048,0.5318113842554351,0.3786879355946481,0.27287761448726533,0.11800401002613281,0.05217548833159347,-0.0835453700691744,-0.13334452557158039,-0.13667075986636057,-0.15950790416568772,-0.15121544566311407,-0.16872866805860698,-0.24868893036445816,-0.29306996503772414,-0.26390867901759985,0.15782037831786383,0.5923705553627095,0.5823838596262441,0.47939841996713495,0.2331925213758188,0.08285357525654269,-0.012364029558436851,-0.14106946396528675,0.4518559993162725,-0.18673891916922014,-0.2218094094882922,-0.25701769951095554,-0.2508243727274454,-0.24615987126043604,-0.254932018246354,-0.16417337635717072,0.02099860465236547,0.2622088859054065,0.4861880350777818,0.48504317535194097,0.39187214651107527,0.2176763240928341,0.13083146455068784,0.09006464380314338,0.022284078487207815,-0.0013973526909614176,0.035796893747669145,0.026040746784338875,-0.07568916113376489,-0.13385982423148368,-0.13569236109508237,-0.11607058814163573,-0.1124829572676827,0.023670272172188755,0.18605902668028707,0.0,0.0,0.0,0.0,0.0
2025-06-01 17:56:59.727,1,0.0,0.0,0.0,0.0,0.0,0.0,0.4923378095215355,0.036998499312847016,-0.11394442109367336,0.03127629185271186,0.12108228757175232,0.1834158510056837,0.27251152634124576,0.32081803967894884,0.4046933864387502,0.47852854603136064,0.5578013899579053,0.6320770811092934,0.6440053994178494,0.6381383041932385,0.6315576120126517,0.5641722271599631,0.3154639518879345,0.052299029834644906,-0.02691468371613015,-0.01992034799276643,0.029634445476732774,0.09399984175663922,0.1660715609299248,0.2448224147357283,0.33229417229388303,0.3952703013061307,0.19442063457810782,0.4749913415694501,0.5048744976446475,0.5268803474013118,0.4908043687929268,0.40747806522666274,-0.007836517161054546,0.17783189743582456,0.16044562768463022,0.20655355323180813,0.23661182042862183,0.23355502231572411,0.24767996200062847,0.27623469087881536,0.2777893341682769,0.2592008039404339,0.24858877052399797,0.24869742612006174,0.323686545193135,0.24915651374579745,0.24627179536860783,0.22237441430590843,0.39833370615297536,0.4425921122880563,0.37366914514189487,0.2727571670321973,0.22029206674358615,0.37109476011586845,0.4513943584684502,0.3059320477709329,0.3695917195593499,0.33925831708222676,0.6030695549823617,0.39997605872700337,0.5062973249075173,0.48784732057846925,0.3326678207222349,0.5842588971759092,0.9096300641684028,0.43086554188566795,0.24021040978422437,0.019826610471959327,0.06933781923747384,0.056339080219889315,0.10805588428668345,0.17540149526291504,0.23414837780263276,0.3094803004985107,0.39797831962636887,0.4877592669821036,0.5554955591290361,0.6341028044123858,0.7033619488462075,0.7972730541991245,0.8362679257037694,0.2947278568118865,-0.14085298357235398,-0.10750897696285766,-0.04388880253617411,0.05351746009066183,0.14300664040559985,0.2123458404717813,0.27656566705013286,0.3313926595517602,0.5089880329272158,0.41927085273132536,0.4445990845633009,0.45891789696252483,0.49011749979475894,0.4785006492210568,0.40099584101394636,0.21795742400348567,0.1067580292950262,0.12643839105309906,0.1614936239905309,0.1719608778905879,0.19343521438765277,0.21115061956959114,0.2193138793367757,0.2385781398246356,0.24286610804271347,0.27726818123970975,0.2897823678903002,0.30677751266106124,0.3022419720631656,0.22862820899493774,0.20714223438427704,0.2593443264658832,0.4749675535255463,0.4802052559380285,0.45141087569073424,0.3694746995498747,0.38230876935823616,0.24024887318954408,0.325905395935137,0.0,0.0,0.0,0.0,0.4592559472833825,0.5809097832957251,0.7026741011777056,0.2505047398835145,0.19096022738972301,0.4375166080953889,0.34890643450913844,0.24348001335089275,0.10650306459050252,0.1564414993079617,0.3454774364300788,0.40310056211282985,0.32076738841586305,0.374500424793476,0.47146502099182475,0.5454865269590892,0.655587503902846,0.7516388059810981,0.8623200731518239,1.0304768780844706,0.4947961322305787,0.3091640100287929,0.11044546205162142,0.055050940447389785,0.1540378608046904,0.28861943041029536,0.6679378695303262,0.6669836972509857,0.7637556109190557,0.4609498480633,0.8905905115846515,0.9743914577362496,1.0131536167053399,1.0228851014888338,1.0250585325489268,0.9575540553690965,0.7821772553695064,0.326061933885763,0.16936671592097818,0.21614469666420022,0.3425215930152916,0.42655905568655594,0.5162524987575674,0.5357757800225433,0.6243799628146003,0.6294445828169826,0.6592234695161971,0.6222115807986454,0.59710747935931,0.5702838958386856,0.5105583950011567,0.46961577078215555,0.3840657860497491,0.320544735385563,0.33217990766588446,0.3981433618360527,0.5847514487954325,0.24926236873367189,0.24809522019266972,0.10458200223958514,0.25470198954827655,0.3746859436308292,0.557437424172732,0.6716193294864079,0.6200713252685947,0.42075809867920244,0.2570311800167271,0.08920305025284003,0.07997856673587755,0.11414229934387331,0.39446669930333217,0.5191617107287165,0.38945181859233224,0.29903059462306514,0.1348066395151375,0.07160164032796312,-0.08122784268098848,-0.12223407132514952,-0.10612647621491722,-0.1575025732601374,-0.15081521484996852,-0.1628900602430715,-0.24559218620461842,-0.30944358923670157,-0.26715191826985646,0.17065135850712448,0.6122671643970993,0.602024556862222,0.5079317496666599,0.28545985344894276,0.10807376287361503,0.011695230834674941,-0.12161458109712187,0.2825717342448981,-0.18766280052898265,-0.22559306081759345,-0.2571045788888662,-0.25067677394055676,-0.2752316260128216,-0.28199999978128826,-0.18045554190186713,0.046909441538449836,0.3246599911322149,0.5232378722172399,0.5113457767670898,0.425689355160797,0.242137133430826,0.1410284658163421,0.09048587119631346,0.04107426511982082,-0.0023677458421460518,0.01746612225688171,0.013836603771159028,-0.08320544298316879,-0.1496836354857456,-0.1745328604327565,-0.1550602730621795,-0.11894635591168173,0.07106463298970234,0.2454417405764232,0.0,0.0,0.0,0.0,0.0
2025-06-01 17:56:59.730,1,0.0,0.0,0.0,0.0,0.0,0.0,0.38620665506263097,0.041013199997578714,-0.024398112368185343,0.11864260045319963,0.19432492529892154,0.2437430516067255,0.30777271309986787,0.34449358803043917,0.4152556258624719,0.47258814346762734,0.5399710809188152,0.6026605088206787,0.6134672368011136,0.5985802315332032,0.5792268471039327,0.4930001592489869,0.2715693746458254,0.08855623815553204,0.02762586223000052,0.01471076643428193,0.04485344625193899,0.11111215934035013,0.16996246281713834,0.24121960861153546,0.31077566062636364,0.37147825652540556,0.2922189407731005,0.44429966944588306,0.4665292507943815,0.4771408773571144,0.4446244239556057,0.3586184506437015,0.03485101415267311,0.2287135474562419,0.2159738108166096,0.22495283916731257,0.23787603133246082,0.2232778181505084,0.22867396187832933,0.26147032419737326,0.24199555539447237,0.21868234365372996,0.18585741760827235,0.1751934844814218,0.2721333511638623,0.19190050036633782,0.18308012336677365,0.19990259509396574,0.42967268720701746,0.46801289270057345,0.3911346389609289,0.2797394657363397,0.1957062867570265,0.20510650204187514,0.49854278043019984,0.20601311380266235,0.41706580901085677,0.4153987965784728,0.5143812530309159,0.389806602543848,0.3918901388035963,0.48829648071884313,0.35843842311521135,0.5801934102575295,0.8714662842290797,0.44431790470035015,0.2649427679651275,0.04632495742353915,0.0668344754173309,0.05332469984867094,0.09640755219247654,0.15083980661935548,0.20964019321779737,0.28141035974802975,0.366149709298641,0.4526404060657543,0.5213039026935359,0.6018999758721135,0.6766518881095758,0.7614771470956728,0.7945143051675404,0.3204090649551791,-0.09095541976313626,-0.08051774538921408,-0.02334986274559414,0.054349849884151036,0.13022456751264766,0.19602714848739233,0.2636444828506421,0.3124725558069499,0.5235059391999364,0.39945619397500387,0.4209104435028087,0.44169768933119535,0.47016658020133695,0.4647150597531606,0.4087983127285313,0.252926563856909,0.11420027734531257,0.11724512085686589,0.1323627622128587,0.13034303766338584,0.1578116541935486,0.18079757000686447,0.1862961993676846,0.206944139234986,0.21514704255872452,0.25030127447868056,0.26843293892023934,0.28671912925862775,0.28654829414323013,0.2276033341844319,0.21012288008649432,0.26275308394859354,0.46919288468895126,0.45872953511677944,0.4263089910596285,0.28788340923529826,0.38903322928302236,0.22980427647105967,0.28538766908207247,0.0,0.0,0.0,0.0,0.4890102710664703,0.592635722886317,0.46320688644127084,0.26600504140484604,0.20946664277654498,0.450043654707382,0.34684220366150326,0.22366402118984163,0.07295941385324478,0.1710767348568425,0.34260161683348755,0.40881313939059183,0.3129702802091767,0.3648409287904566,0.4421444992626158,0.525424465471138,0.6520562235556184,0.7690043149284738,0.9029581008265124,1.1406870070418043,0.5590579069868573,0.31720591247619045,0.07163397982627373,0.0014991424738450831,0.08828198867961268,0.314892439995742,0.6680110903322798,0.6592957573798952,0.7650019177625864,0.4092481146009122,0.8912720471495339,0.983425222451116,1.0373720275942413,1.061755613620568,1.082581688851639,1.0390113510090795,0.8790667338722872,0.3394907176861165,0.11223197037886834,0.1315689236768982,0.24773760816067503,0.33561199971583555,0.44074002142999236,0.48019871892837807,0.590091914462147,0.6153348428263543,0.6549563730700594,0.6327297491097311,0.6185209136641311,0.5953938216711194,0.557619079047841,0.522533404119333,0.44613132396441824,0.3464833626641411,0.236337863902901,0.29026829163962276,0.6244329750106123,0.307315508703882,0.14214902054556955,0.14597092244583293,0.3242818576207757,0.24592772938284216,0.5953222889803302,0.5447131957058615,0.5399928118184244,0.38940053359864923,0.28541076991862735,0.13447825573684874,0.1509605297312216,0.10971034066095149,0.20864437330418967,0.39583062888084514,0.26576993620961786,0.2145014168051047,0.08754231348673391,0.016415216899262397,-0.11645990951716634,-0.12519559424837423,-0.10473983560283662,-0.12525910840065935,-0.11151192228793816,-0.11629433769198949,-0.18587343981307713,-0.2372993469860502,-0.2605150303278869,0.07181385188903983,0.5277384860618545,0.5337006783726395,0.4284377996866634,0.21520028032427407,0.05779641475866737,-0.017957487137048478,-0.1306808612770356,0.25809929947651533,-0.17412631251440924,-0.1933793525835199,-0.22192148276385837,-0.21073407837928615,-0.22537976702031182,-0.2184847724463046,-0.1568253466739548,-0.0298550384003487,0.1948241410468483,0.43004946210769973,0.4346712625330593,0.3552448066885785,0.1803571509950992,0.09347928640285996,0.0589045850415717,0.021402390595414156,-0.0022662334398777517,-0.0008646492339057232,0.0016324607579796258,-0.04614908158787623,-0.10150310600501367,-0.10537211047816974,-0.10520958268391611,-0.1716041033183853,-0.054095336652708825,0.13680663610440502,0.0,0.0,0.0,0.0,0.0
2025-06-01 17:56:59.732,1,0.0,0.0,0.0,0.0,0.0,0.0,0.2675225408347125,0.06675139291236554,0.11062235912676377,0.24554427782311994,0.31351380507098037,0.32092949095731493,0.36577699492090165,0.36810373132082197,0.41374377697939513,0.46099999311015627,0.5062521849653143,0.5654745771437407,0.5587975807265071,0.5452022236376362,0.503402588905493,0.38746478840882087,0.21047551326414393,0.14154070251795392,0.09418029605883915,0.07522037206444254,0.09308761093644224,0.12197548898379451,0.1734936764265611,0.23619532253882913,0.2933899497546286,0.341400351534771,0.2001553975722175,0.4012522701996737,0.416405742032743,0.41632633601192603,0.38120952674117975,0.25692254215006705,0.0680354652615836,0.2855852953132415,0.26297259067655443,0.24424103022829535,0.21756103701210394,0.20215592743071564,0.19758854780128154,0.20629047513044885,0.19451929165552606,0.1658095721569144,0.15046328184548396,0.1374399767645813,0.21162145028534463,0.15609425617791284,0.15030881068278412,0.21164797713761202,0.4704909140298347,0.4750100121819131,0.4023050392210128,0.265866535277979,0.17612246327288328,0.26574075247990087,0.4810510208664672,0.1721599981262033,0.4983199541998943,0.44353121747945146,0.4756722789086435,0.33975533675506375,0.33830101647860983,0.4918995936163386,0.25357987676132987,0.4394970753680283,0.8619766361512622,0.4627707228345501,0.28575764182868413,0.06885723248675757,0.07493027779694472,0.047829838344539466,0.08829822953610145,0.14048020164010566,0.18907693443731555,0.2643365789203662,0.34833519522579115,0.43679782414828305,0.5031272865175002,0.5842959220075328,0.6685710455112426,0.7533162178144521,0.8064669593165069,0.35654935772795787,-0.07723420747075982,-0.07631997007727209,-0.02442402009159328,0.048208239870928704,0.11008804795975591,0.17974780815652203,0.2497872690903289,0.3011280779184684,0.37745699318958165,0.3912991016278151,0.417105639930501,0.44924591327759267,0.4767777126923146,0.4887140937450755,0.44548628091522624,0.2723864098169845,0.09236427431484517,0.0639459787541774,0.07552107093329563,0.08550881334659488,0.1168244367025888,0.14678552331305816,0.16775422561591213,0.1842648709342225,0.21138346720777879,0.24771361923230928,0.2827813278881788,0.30967310078452814,0.3140507751295981,0.2678917927374628,0.2599641228831558,0.25509620738505606,0.4189366798060463,0.4028918759693672,0.37695167593980883,0.3354582840300913,0.3685184054792528,0.25927029742268565,0.23090329343517774,0.0,0.0,0.0,0.0,0.4266443730106093,0.5588003519408269,0.4535801070004174,0.3099742937994523,0.1968616765472994,0.4106471099398286,0.3070077894562134,0.17975271382528646,0.0684625425640204,0.18571197040572307,0.3397257972368968,0.41452571666835425,0.3051731720024904,0.35518143278743675,0.4525933173869474,0.5421507593888222,0.6806707387428501,0.8039957120055843,0.9441812687947899,1.2354193453707787,0.5755512300474293,0.27459174398339586,0.005807509751443396,-0.06660807443371186,0.09460227413503852,0.3411654495811891,0.6680843111342338,0.6516078175088047,0.7662482246061171,0.3517265249506834,0.906711561438867,1.0093345014803827,1.0851950598340863,1.10457519735689,1.134692402345355,1.0904981096625916,0.9142366956974463,0.3038230807813528,0.025550646447860204,0.034796717506060615,0.16337877126826417,0.2684017955370974,0.42904584640660204,0.48580134241683104,0.56318467448523,0.6216140808431903,0.6613153111757302,0.6630896221438548,0.6540708458395262,0.6305374824498393,0.6018956646315626,0.5765513430207856,0.5046796774628268,0.37020192384672357,0.1297787464963161,0.18310367998742472,0.6244329750106123,0.3066442606244004,0.2125410412972003,0.20761741753520713,0.392637195930249,0.1453773828129856,0.4472592578176983,0.45141826219240794,0.6756801667405288,0.4074666825588543,0.23993415534494397,0.20387201712103392,0.2527265592586977,0.16473701170663946,0.0842408515776813,0.2666525805736916,0.14772979609459125,0.12999713116647338,0.043772177455668304,-0.05579268159211037,-0.12116540947034382,-0.10598308953444491,-0.08136655530695958,-0.0760631839239152,-0.05507773722617659,-0.044272509343033506,-0.09031788291066722,-0.12418933609189836,-0.20694933865740706,0.030178781408654265,0.45266258131440545,0.45763411196892717,0.35705339936283675,0.1479620076581989,0.027333041269767655,-0.033664918118615494,-0.12939089519886648,0.2026233780449521,-0.1449492183527783,-0.15528935062301263,-0.17190256411936589,-0.16008682612989966,-0.15271415701561675,-0.1604152465634222,-0.13614173876026225,-0.08704445171566388,0.05700089262241226,0.335800310888221,0.3592302319433055,0.2746331973984246,0.10149979490478711,0.05048336188116975,0.030709270475676176,0.02144808479379612,0.00620053304536361,-0.019195420724692935,-0.01057168225520011,4.614571465144657e-05,-0.03330898179471142,-0.028764742181535796,-0.05112133055151691,-0.20970257300809758,-0.14831116726138266,0.03280287837232099,0.0,0.0,0.0,0.0,0.0
2025-06-01 17:56:59.735,1,0.0,0.0,0.0,0.0,0.0,0.0,0.21906717649560406,0.03815492037205906,0.15431214781972225,0.2747061777245773,0.32695586224973494,0.3334901584200033,0.36024071109138645,0.37221368532450483,0.3993286653919418,0.442270075923769,0.4848826600022988,0.5364717873189818,0.526110743000735,0.5146508532007549,0.472473262541383,0.35470795460171306,0.19347332875897133,0.13483110027846745,0.09939970212056115,0.06752542670818851,0.08491507620227656,0.09600612144525056,0.15395106780403434,0.22602825460522902,0.2769823662945585,0.32276543637548283,0.2578165392806019,0.38651145948555776,0.395080898462925,0.38873458719869647,0.363845817905808,0.2060571266792634,0.031622985089779676,0.2876630343844889,0.2722417371738165,0.2096468046571509,0.18084829059527485,0.18386391916131495,0.1547582398227756,0.18187908778185258,0.17461736164706476,0.13052999800101217,0.13593965582690626,0.10061414079172126,0.18984721870640475,0.14599035611098377,0.1392126689042104,0.2119153602703599,0.4617678276037879,0.48195482946689827,0.38240038868288106,0.2489402477316789,0.13596503514374159,0.31877517597231936,0.47932033715595923,0.23303986646012026,0.4380468683254336,0.4050655424114763,0.4598473775950873,0.3002779310335374,0.34279908574040546,0.4938808237889274,0.28562212173430335,0.4251768515311317,0.8775516606547091,0.46069242975832714,0.2718259610887592,0.04741286080617879,0.04190352278324383,0.027024536793150977,0.07050240698271337,0.1227493253761498,0.1727837902447582,0.24460758605972255,0.3440479229834923,0.4303065365678629,0.5079586179252439,0.5897804604692163,0.6863246885685708,0.7730641232725831,0.8504713744249389,0.37893549431120815,-0.08110409978272759,-0.11356147680488138,-0.04656587462777795,0.028030527971069086,0.099849374254666,0.17858296945339092,0.24357153664531728,0.30105987642986975,0.4166037398779679,0.4010458251839202,0.4262589017071271,0.4663767903502488,0.5000673152234764,0.5214707131139427,0.484468376003679,0.3032839100327377,0.04653229384449642,0.009016168905515709,0.038149836159917516,0.05545321578279405,0.08903250164201859,0.13412557910751421,0.1625557415698795,0.19105644446624148,0.22098512822073468,0.2567445867343152,0.3016193689018991,0.3377438262032728,0.34770832708710875,0.30605590519922077,0.2927854768862424,0.24309627781634063,0.38098913655865807,0.36715499127033596,0.3508724481353491,0.49924324429340844,0.46754308854215515,0.32658088438009153,0.2967443114079942,0.0,0.0,0.0,0.0,0.360495571146943,0.5231557716999033,0.502250533184323,0.32768796361941177,0.17383087190596963,0.3782413703814247,0.2827695819110077,0.16339677489226323,0.06396567127479602,0.20034720595460365,0.33684997764030555,0.4202382939461171,0.2973760637958045,0.34552193678441734,0.48203400490331805,0.5641726982578987,0.6969345696667908,0.8151563281861953,0.9419646308384584,1.2127074731105187,0.5387684963845534,0.23016805026310866,-0.024829468833759916,-0.07974709353050158,0.10092255959046459,0.36743845916663576,0.6681575319361883,0.6439198776377142,0.7674945314496477,0.3954679277624393,0.9306601841542324,1.0235145067219098,1.097760096041034,1.1043985257848372,1.1327776749072802,1.0675365636062368,0.8821527960289864,0.2505199524928702,-0.0047504117726752115,0.03776455168470849,0.1729161044264622,0.2900559987002147,0.4173516713832113,0.49140396590528446,0.5944057330262869,0.6456074732840076,0.6850058832630534,0.6884406925115462,0.6681854736903133,0.6407499386817692,0.6101926327541854,0.5741654262434847,0.49948181614364173,0.3552222910911301,0.10062735421198943,0.18354994882981757,0.656013427033832,0.39526541352433486,0.31601700920458664,0.17853906620579624,0.4012386339156913,0.31627236427360583,0.47162268295209514,0.3469089787027489,0.6377149597128774,0.3961424617078856,0.2944774915815791,0.22609112101373535,0.26914807013441017,0.18468950896731912,0.08070144408294289,0.27665111234577106,0.1643294895124946,0.16464025500388568,0.07515264596568572,-0.036046207729022006,-0.07687445198739407,-0.09146516810868466,-0.062151630770886035,-0.056625305629377065,-0.029001840555111347,-0.024114863877307657,-0.06517983956767137,-0.09511723417575796,-0.1567783168046017,0.08669195750441216,0.47275091901224703,0.4735521999818198,0.37388012169411844,0.16685775826064142,0.05546368876284835,-0.015849680234915065,-0.1118140547483848,0.2615463941022167,-0.1485320586501686,-0.16218309955591703,-0.1811557665700002,-0.17483039262390754,-0.17520396667451732,-0.18333458090843502,-0.17242182746126367,-0.1392384702444826,0.05604710912254085,0.3591430185995607,0.3589164101500907,0.27824024863569674,0.1083539536322613,0.03159139579597503,0.017263783474995797,0.0010129961502416407,0.02143490279131055,-0.0008188196820524407,-0.0314639489316374,-0.03068423042763846,-0.06857864338184838,-0.05117783234936313,-0.08561922802963817,-0.18963342616100606,-0.09059770188108707,0.06960729052340142,0.0,0.0,0.0,0.0,0.0
2025-06-01 17:56:59.738,1,0.0,0.0,0.0,0.0,0.0,0.0,0.21741458162654562,-0.007593847951918059,0.12449662977987419,0.26015950508129293,0.315306753453943,0.3253519302827189,0.36600092734501677,0.3623563168285482,0.40046869702515575,0.43206481905802696,0.48717210400493466,0.5354176799120656,0.5348134941333642,0.5188051541778855,0.48724043303645104,0.37901150198948363,0.19746317975767985,0.05779672291016574,0.018926477812936326,0.003349482840115936,0.015334152997519723,0.03547611407525797,0.10364263217088565,0.18086131577719478,0.23560844786387825,0.30576607791665245,0.3917778777578047,0.37943115449671705,0.3823156612523679,0.3792585804996965,0.361300362424401,0.21883748935477004,-6.0123284655044795e-05,0.18787474325410886,0.1747207065128289,0.10614528815622393,0.05479046187937486,0.06856639421520594,0.08379774690335284,0.0960148436840611,0.11762717886395202,0.06865758581849535,0.11779372374238761,0.10753703032582129,0.22592016598567755,0.16192845007371975,0.1997654647402914,0.26985451552320106,0.4253108187529786,0.4187841422874846,0.24403020169321343,0.1262449691479388,0.011050076322724367,0.3630617736003952,0.46355796058296095,0.1713911851091131,0.15770624905209663,0.38138756666246176,0.5978832784462376,0.5583400306087937,0.1491874789419007,0.5311498234722922,0.3270021886362199,0.4775445585297453,0.9563808878399926,0.42618098593295584,0.15933845290809268,-0.0838364302756105,-0.05247887112611349,-0.035686688824935864,0.022964914589108654,0.08139752925789767,0.1533113566581401,0.24571820465285943,0.3566295119538434,0.44453564413915214,0.5359627637785035,0.6335100768315225,0.7475121131077231,0.8172408363927192,0.8990804789243572,0.3897593667815799,-0.1942285761551651,-0.20244894688847537,-0.0951849306229875,-0.011977174672080038,0.06118417837103496,0.16001891548323788,0.23990543238429662,0.29978922278884035,0.6825487638172683,0.4099738381381104,0.4357462621191691,0.4898540849581209,0.5211015210845501,0.564998866953137,0.5388309438998565,0.33478081765056217,-0.023439447536015123,-0.07473559575203859,-0.03728705188352621,0.08346754462004613,0.033123179889241294,0.10011718587596752,0.13922237474488686,0.1769124144923171,0.21212387560150825,0.2598781677763904,0.3166501024306305,0.3586864000775025,0.3800844616856699,0.36956221465489725,0.35502053570060726,0.2399878534247536,0.3828654658293136,0.36389844242591524,0.34748820574671546,0.32122760847767956,0.40474361486736116,0.38620970545740724,0.22499571011816055,0.0,0.0,0.0,0.0,0.17388235373473937,0.5717676415214161,0.38853863363695273,0.34763140087699407,0.13602017483236944,0.33808094852836995,0.25225258773862175,0.13117426390316733,0.05946879998557142,0.21498244150348422,0.3339741580437148,0.42595087122387953,0.28957895558911817,0.33975720233058704,0.4690826945692217,0.5708507459596626,0.6995898654901891,0.8185634230272227,0.9353263996144823,1.192755229634231,0.5119157402785982,0.21056199872352488,-0.035575973118188164,-0.09111065765036341,0.10724284504589066,0.3937114687520826,0.6682307527381424,0.6362319377666237,0.7687408382931789,0.4895634662380089,0.9382380363624465,1.0125851646206392,1.1042809698790934,1.1075619584185246,1.1469025045718986,1.0934068076741879,0.9145010478497552,0.2711658983894134,-0.005811942340564147,0.029601906691083313,0.15105525871598324,0.2746912322911066,0.4014493880068306,0.4835013623540363,0.5750195965152076,0.6431514492233341,0.6873491909158131,0.6878204517842078,0.6713825807753039,0.650749016747715,0.628923222767699,0.5953898407778662,0.5301377912013878,0.3879955800009777,0.12761328643589998,0.15207351426306304,0.556603277025366,0.3445032233261923,0.3494126353861886,0.28717183479643593,0.20058259055702765,0.417914054281067,0.4405260725573175,0.2500953817555571,0.7981132624784699,0.2802993971064971,0.27844945086839246,0.26529933123625365,0.3165630671347844,0.26255275038569276,-0.036850072350090024,0.2577362754378753,0.15484239280648981,0.1663232399043657,0.050895474510795014,0.0038606211254439415,-0.1442825242182466,-0.13545440376130768,-0.06711673816749619,-0.07553650481996366,-0.028440581630884143,-0.002515461381940809,-0.0421945991175835,-0.0457845680069221,-0.0964469661870272,-0.00970758502907415,0.38134226962872697,0.37392097615693726,0.2421457851272114,0.11259160492148834,0.010690492356461245,-0.04003637261724102,-0.1105516984431898,0.27105300981397296,-0.19815171052559077,-0.20637359393662047,-0.19952330926602058,-0.20244860323689606,-0.1801412905590034,-0.17931740558607456,-0.20465168110066706,-0.2500548093634521,-0.08522946907855733,0.25662791718017447,0.27437551513751823,0.19975133363046105,0.0014222770047422895,-0.046727821198120356,0.0362559454327136,0.0228921027690967,0.03666927253725749,0.017557781360588054,0.013466877948019262,-0.06266918453466408,-0.10014926129004398,-0.07787150689431316,-0.10800034070516162,-0.2181479446183421,-0.1316447310878749,0.005184268422155691,0.0,0.0,0.0,0.0,0.0
2025-06-01 17:56:59.742,1,0.0,0.0,0.0,0.0,0.0,0.0,0.23111305971295745,-0.013421644107666053,0.18021133071593842,0.35803561244582405,0.41877303236540564,0.43955463746557155,0.47282217686098627,0.46271541785077375,0.5047600284458468,0.5342127134788262,0.5681109611419506,0.6103480335131514,0.6163667549559295,0.5883283619273368,0.5535294852236237,0.43047037925876386,0.21387011874160128,0.08162776983098546,0.05793629648406573,0.06680198738473819,0.0893827665104896,0.1227566360845318,0.1964627395686076,0.26785554283084667,0.3280707563302572,0.39305695133802465,0.38695051986329376,0.4573296559646459,0.45139977518564606,0.4486114022769915,0.4092658165125704,0.2874132212332127,-6.0123284655100306e-05,0.16624748409871004,0.1590101637414565,0.10380939918880094,0.07774014713115429,0.12267666305788016,0.1365765675194892,0.1594633768344751,0.17655134583468568,0.11065725813403815,0.17405900579468792,0.1485851133778605,0.28246682981113524,0.21317602680533693,0.24595604457869918,0.2857558895788976,0.36856068733933467,0.4366100906483993,0.27019794710884526,0.1869079503258413,0.08297566879407703,0.41639213767300537,0.40012681700324737,0.3400355685025453,0.28596913526689627,0.430379190533834,0.5508610300808207,0.6632920662477589,0.18499294984762954,0.5877826278259869,0.32343017332622503,0.5713562757252351,1.0064739877108404,0.41959008153268684,0.16449434137733887,-0.03431965992068875,0.023785632472957507,0.059595355974934705,0.13162442004564534,0.19471325624577673,0.28066971833609844,0.3769553438361928,0.47613452426897784,0.5585416660329261,0.6598400180972886,0.748735505936373,0.8575600252827207,0.9079341365760379,0.9677295359903686,0.3759080137935346,-0.2109198200102943,-0.15217579310477491,-0.0007438085718329823,0.10747792212029039,0.18855143409291086,0.28933087649690625,0.3703456759473662,0.43143497086233396,0.8638354574566101,0.538760707755729,0.5483849721174793,0.5911024758234183,0.6173123176521603,0.6539892923177966,0.6024689629914018,0.32450805021161055,-0.009166848521528825,-0.0008467341090834246,0.0635618857795639,0.11148187345729821,0.16331135342722258,0.2327795996485844,0.2744538418400069,0.3142178032513965,0.3570318181212897,0.3982406553537885,0.45349524026103816,0.4852437666940681,0.5095799532654276,0.46246885420718764,0.43264970997191315,0.23155663921862074,0.384741795099969,0.3606418935814946,0.3441039633580818,0.530928675782111,0.270198812133621,0.401072007393064,0.33004429559932136,0.0,0.0,0.0,0.0,0.17086709449601606,0.5289715106617132,0.6227418464841619,0.39944229587161184,0.11662278365899648,0.3237878721923716,0.26048493103213094,0.16056315227578544,0.05497192869634704,0.22961767705236502,0.33109833844712355,0.43166344850164196,0.28178184738243206,0.47672406343888873,0.5862785999928388,0.6805909140923034,0.7983757413731125,0.9041039673822941,1.0162733146491072,1.298645759678245,0.5314881443357549,0.20853032087865347,-0.02465437946985438,-0.04264305636261145,0.11356313050131672,0.4199844783375295,0.6683039735400964,0.6285439978955332,0.7699871451367091,0.5965621841724638,1.1081874669611271,1.1709986820973035,1.2511240276518458,1.223643975955976,1.25563419731696,1.1896356283866103,1.0045285704486044,0.317108440942538,0.03375364346546994,0.077776105078742,0.2314936617057266,0.3686633858486059,0.5207838984691442,0.6200712448160706,0.7120351194058374,0.7846068850106516,0.8203724558620245,0.8151907949739198,0.7699011749142285,0.7453011181275839,0.703384998959074,0.6687492588398234,0.6050406403128834,0.46121255973372904,0.14982052294636167,0.14943842752409098,0.3434855196469342,0.42296117399506994,0.538448893368998,0.3529271551844635,0.1884805183138588,0.643013266802798,0.4231123411834617,0.30559301734882144,0.9371799457233602,0.4448174221629847,0.2555430195479882,0.35534693774077936,0.40813077651863866,0.3488189002556244,-0.006963521435158548,0.23882143852997945,0.14535529610048548,0.16800622480484595,0.02663830305590431,0.04376744997991011,-0.07331892492450187,-0.07036253434427286,0.005763883064632047,0.026900286584810695,0.05464245133576218,0.06902635232624943,0.04712216136824843,0.05289381572453322,0.026644996998084647,-0.03238770124875323,0.3277098027985381,0.405158611500504,0.29449659748881574,0.05832545158233504,-0.03408270404992608,-0.0642230649995672,-0.10928934213799457,0.3153255238371183,-0.08529624567335303,-0.09854542284656587,-0.0949552310335966,-0.08098546802385309,-0.054980504337739156,-0.05661078317305446,-0.12333459702737853,-0.2412130445721311,-0.18132719163569672,0.21673461010549583,0.28054569225954973,0.22181986527538955,0.0673718902101117,0.053197447717334256,0.05524810739043118,0.04477120938795154,0.05190364228320443,0.03593438240322877,0.058397704827676034,0.05553356378718988,0.019253565571453524,0.03685537975845932,-0.0073397736064038654,-0.12916106661233007,-0.1854602653614592,-0.04255277784388489,0.0,0.0,0.0,0.0,0.0
2025-06-01 17:56:59.745,1,0.0,0.0,0.0,0.0,0.0,0.0,0.44256131827599887,0.05974789513115339,0.06311917214872226,0.24606302094440824,0.3570883111866986,0.400590894524845,0.46841231647433734,0.48542011158956666,0.5498291762688562,0.5910870728893618,0.650346038487073,0.696819400353737,0.7130627637864471,0.7041557125257835,0.6839421547619046,0.5841687652531274,0.35072321931118366,0.0908132491803671,-0.02605664570814481,0.006010129100036732,0.06878768475382957,0.11186169013044611,0.21930710607811532,0.31159940795548624,0.3951079692944084,0.46753564432564865,0.35264700605268895,0.5547496523836096,0.5526419467378536,0.5721401588924024,0.5323606256795532,0.4540944154777652,0.06555945153616871,0.09917589454456166,0.06410118888143668,0.03954207581391622,0.06351280836771012,0.1208637231496974,0.16988918908005446,0.2007743611377144,0.22349310889971896,0.1773886529026547,0.269458225029525,0.2505972084422685,0.347744698895218,0.30524206013778604,0.3415239943859166,0.33663697212397214,0.34413035846288065,0.38543532293047544,0.26915333812885867,0.21718021837262302,0.13212566285529936,0.7110198303874711,0.4052038044406929,0.31911319238941166,0.32154239023852094,0.6686569395577495,0.5621058985655101,0.6005101118561537,0.3134766211760535,0.7607458970399443,0.27823766917591775,0.7974906793435019,1.1667020476267305,0.44726233549595673,0.13991270896417574,-0.027547124088838082,0.055294242349422484,0.1169582084942904,0.21625947382176425,0.30415705833530704,0.40787841657538615,0.5030886919239634,0.6076009647594072,0.6974817767994101,0.8075088049389133,0.8986291196799856,1.0072746378878394,1.071319781938576,1.1663667357584018,0.4453078766510354,-0.2763758967435106,-0.1807202473522871,0.008228040399935743,0.1759905874233687,0.2814966139416353,0.4108738021643732,0.5011503307030085,0.5787513097848624,0.7173998464403912,0.6903064081974972,0.6926521115392082,0.728657652796476,0.7560717958202202,0.7855068915279546,0.7177970336751631,0.3368678159765718,-0.03907421619393403,0.03317595768396586,0.16858206929693753,0.24414659025794205,0.3143053182602482,0.3952346261810584,0.4450770487098743,0.48694010276132116,0.5360419772142508,0.5691413518826971,0.6339664963292717,0.6623186997590298,0.6782572181255714,0.5193220090063474,0.514468122858492,0.2317731272750827,0.3866181243706245,0.357385344737074,0.40763823709406877,0.6143411562979297,0.1413530150073275,0.5575472736619209,0.3672276217973086,0.0,0.0,0.0,0.0,0.19773400583020928,0.3738157897063921,0.711506208359359,0.44287829045600324,0.12311530148918698,0.34580814884946626,0.3137411326058878,0.24751769867290485,0.18880382961211795,0.24425291260124538,0.3282225188505328,0.4373760257794044,0.47287291890698135,0.6727582495033935,0.7386937292016578,0.808168108953699,0.9007092161842094,0.9873342896377526,1.089760386575573,1.391611319197517,0.5591822212948753,0.26096191122766116,0.07290290044378445,0.0735106945283055,0.28145983650175843,0.44625748792297637,0.6683771943420505,0.8469919336582532,0.9807824476616218,0.6021277892044419,1.2805946575292046,1.323878137846953,1.3756104246269396,1.3223654531815874,1.3247699444023706,1.2358853879814045,1.0552608816621507,0.3914104716560637,0.14892972181673703,0.2203361389140006,0.403454515960338,0.5566857801863321,0.7179826146231378,0.8145409874228371,0.8896895932973581,0.949113678989757,0.9549481771867496,0.9328248142959003,0.8614350241394529,0.8155277628828226,0.7454489517771151,0.6996355059309106,0.604003484007918,0.4636627198894498,0.23268415164471845,0.2734979001008685,0.2478250237652385,0.33377948204197305,0.6295586224076037,0.40284048452424104,0.15282070416051158,0.769206539953991,0.7015180700083259,0.36335180793782523,0.8788763955819855,0.4938479478795694,0.41811149315577467,0.36698734197278876,0.4019398703311933,0.315896173360332,0.022923029479772927,0.2199066016220837,0.13586819939448092,0.16968920970532597,0.15199847656396392,0.08367427883437606,0.06839925138714253,0.04152752197598053,0.09703642333393714,0.08055167255496598,0.11129166895038378,0.1066584853896978,0.04829617115142881,0.04446680151286808,-0.009319674393652833,0.0061465505520218455,0.40540307732478104,0.4363962468440707,0.34684740985042006,0.21354320178383168,0.12889529359000274,0.07481810331822847,0.03699751263647766,0.33892116942713213,0.008169400243591918,-0.01214701037120025,-0.021409350472954003,-0.032387319560229666,-0.022293043573914928,-0.054622748415315336,-0.1470881924996954,-0.19264750714004153,-0.039402892068573836,0.3438007772265515,0.40744620164457035,0.3697940113627256,0.26789996750420375,0.23922516319455078,0.20832446369177937,0.18067115309317283,0.16864597468096076,0.1381380104612031,0.12758450303676994,0.09350758472758625,0.044589742069751526,0.021080790363961932,-0.035368509669605586,-0.03768210367534364,-0.013071860899367405,0.16747856979307463,0.0,0.0,0.0,0.0,0.0
2025-06-01 17:56:59.750,1,0.0,0.0,0.0,0.0,0.0,0.0,0.47702674447252347,0.011908649107936153,0.039389560348082886,0.23202051146719116,0.3301793511298686,0.4145912623123057,0.4913546015770799,0.5191734466149829,0.5823298150477451,0.6229198608669286,0.6950591354278499,0.7415818712958161,0.7636617647506025,0.7522263866745669,0.7417196784608984,0.6552789665214986,0.3647743442713034,0.037652033454771694,-0.05899807813457525,-0.03985307880861255,0.04383120155987297,0.10852643096313974,0.2255760514688665,0.31690520593302707,0.4038676340011611,0.4857713959470107,0.3486893965687168,0.5952045379913732,0.593536938338328,0.62536024202174,0.5889925894200592,0.5522124419950559,0.03312539181990476,0.02104431230957221,-0.013882200038072834,-0.006499308853818553,0.028423666423629923,0.10217597516972887,0.1805579246585558,0.22566505137547388,0.24346337924188877,0.22586918766987085,0.3145754702394088,0.29308471329735397,0.41693198812262267,0.33438219758341475,0.3579125001109926,0.300260915554129,0.25464207501924796,0.37094390431086877,0.24613585310606945,0.208265683422449,0.15066529754924263,0.645597978231403,0.40437547531707063,0.35296630806587076,0.28407935614278557,0.6177855849847044,0.5588358227171284,0.6337334875587393,0.3873630790241089,0.7521623887392278,0.4014019040762852,0.7331534091557235,1.1334912642444974,0.4198226113854854,0.11507801335255852,-0.062397041876522064,0.03840380487214845,0.10231039558393595,0.21578061308963647,0.302840068456826,0.4067465030812387,0.506684302540505,0.6104560520599842,0.701685249323821,0.8152007361464265,0.909594168356807,1.0174590597996023,1.0788032044625133,1.178758665034177,0.41138780804318614,-0.32475791865579007,-0.22763707107525732,-0.012562281334862924,0.15545108167956245,0.2721705718084948,0.4125850943720186,0.5071198431310688,0.5844237488346222,0.7320170270618176,0.6983634808943935,0.7047645652440481,0.7413038008604677,0.7606922450246066,0.7893821122555325,0.7224743502661356,0.29419607909421935,-0.06270672193790705,0.021748829374236944,0.171559814089985,0.25104885241939034,0.32856073292009147,0.4076540501709842,0.4577864204461859,0.49855222940503263,0.5436413132819022,0.5831572554246673,0.6395571099622026,0.6641623285463265,0.6717311079449525,0.5761751638055069,0.4975552018510631,0.19968296241910022,0.3884944536412799,0.36889225528631747,0.42290307370950964,0.4727409286552509,0.22663463396727807,0.3902508905862538,0.45090986738192107,0.0,0.0,0.0,0.0,0.1624362528289065,0.30246264349754676,0.8261496335890836,0.4069476393491278,0.12098028584711945,0.36693553254906314,0.3397557276862693,0.2755581152797175,0.22429189890673817,0.2870956737135113,0.3637116069199404,0.4732381370125771,0.5150663199575689,0.6994074984547831,0.7500229312114333,0.8242132058887597,0.9157266635267101,1.0015918041682284,1.1058130573861826,1.405056643118597,0.5898600085867006,0.3006280165010513,0.09952641609567958,0.10421152513919463,0.30023421712917786,0.4631784881695249,0.6903164635986436,0.875030366209147,1.0003159671664201,0.53929534689706,1.3024047704146868,1.348589639674168,1.398765463738455,1.335911593321561,1.3506254261841504,1.2717830864633095,1.0979981940368617,0.43333227516707684,0.168581628481151,0.230126254006074,0.4031344641974983,0.5597382510126334,0.7174931859183893,0.8188779842160041,0.9021939998561819,0.9488655297033866,0.9725778121890443,0.9346148118453078,0.8637808978588039,0.8185840493308405,0.7488950934654398,0.7122752615368135,0.6029663277029528,0.4953506079089606,0.27279698373949957,0.28004217355343675,0.28053693671668767,0.3913720201962021,0.5494114022059369,0.3378824116326029,0.16990514562502756,0.8295494692915221,0.804354406349749,0.330375259469956,0.6685997284394558,0.411728942691746,0.5018954994158291,0.3730818911165528,0.4014005740088496,0.31151339741751766,0.010266535818765798,0.20303873031717384,0.11213364474982723,0.1550937399718677,0.1472212333978593,0.07559083503570152,0.04591396536440184,0.038662587337402465,0.1103258784865262,0.09079797868495465,0.11061608485977215,0.12046291602419801,0.053575591900038244,0.05383787313181354,0.0031008095303968752,-0.013426444709833951,0.35662739095192525,0.40083751817453234,0.31398217527655603,0.18995786465977327,0.10564691029523465,0.05511394826426286,0.04142057594984583,0.3512706603586747,0.02041489870983293,0.009058446886184512,0.008034448643726488,0.010040069370535698,0.002814057764931932,-0.019754853306665265,-0.1113287497348674,-0.16357040052696314,-0.09294011014117881,0.33306612951803044,0.39942755615077274,0.3717952783302061,0.2924967195282622,0.2699652808840909,0.2503906542413912,0.22021388687954135,0.21029908091699512,0.18558151259832156,0.1660619760106936,0.13647498848614825,0.08754276211627565,0.043148798152852774,-0.013117682042497691,-0.038836566357114355,-0.07406060472453047,0.14720829962526538,0.0,0.0,0.0,0.0,0.0
2025-06-01 17:56:59.757,1,0.0,0.0,0.0,0.0,0.0,0.0,0.5776342875196803,0.0829784557518323,-0.03330641658296357,0.17795472061476048,0.29299018304493496,0.39536270627480274,0.5052585140982683,0.5355757574872368,0.6060165444203326,0.662245112643477,0.7410041978043993,0.796102251520529,0.8256431419163388,0.8088470385491857,0.8102149774700081,0.7420271906007571,0.4503929039863522,0.05329115151965225,-0.1264900725745155,-0.08329718492951832,0.007410123992413142,0.10243109731518851,0.226303202583503,0.3222860963145704,0.4274069528179132,0.5189616287587231,0.26024925273910104,0.647014401465927,0.6541001424965842,0.6910873344383845,0.6697044370841096,0.6736843299247545,0.15236234647980212,-0.014863538406956533,-0.07604944724521268,-0.0462003470107748,0.025823387416613608,0.08025025446181155,0.20514022858381864,0.23811011964614415,0.28069002784123853,0.27799781292865844,0.355982749162445,0.3490172349047871,0.460732868844864,0.4062201871243491,0.41587505775060907,0.3497576085388595,0.2292930310411816,0.3083648829687637,0.21901303981826337,0.1644207808738518,0.16539506034479423,0.7514430016157148,0.4358582084430075,0.2328665286212674,0.3340613190900906,0.6052243709296994,0.6134204072239839,0.6922783332902878,0.44763772142327635,0.6408921925037429,0.37230005864622184,0.689463550297031,1.1719050868410916,0.42673560765953833,0.09430769456676769,-0.08889494774207307,0.022180067725840136,0.08891079088044873,0.2101333397149323,0.30591445796177097,0.41568434306691615,0.5283338511184248,0.6230532794238435,0.7227418928366507,0.8437501450186607,0.9401861750388048,1.0451639503816545,1.117552183738907,1.2215166372290749,0.4390670767577814,-0.38903989205995626,-0.2765616362097443,-0.0386796695796221,0.13889698612495538,0.26734095278666037,0.4147906883378871,0.5217832121427479,0.6005466923722473,0.6012768614844648,0.7162521600215026,0.7281434306767559,0.7603495773626653,0.7796754291601006,0.8058166145871026,0.7350412208635986,0.27264351425936695,-0.09045323053464738,0.011394315087296603,0.17982864355392447,0.2688672270554864,0.35352147955887925,0.4204395097675553,0.4762051478270739,0.5153863655050819,0.5610259831228892,0.6025602392917093,0.6534342458348754,0.6715196237916252,0.6738104413310896,0.5745499848815355,0.49003429386355796,0.17491376534603775,0.3903707829119354,0.3812029065773633,0.43501184413671345,0.4472147494645949,0.1918422483423406,0.3949384880337921,0.4003812857289305,0.0,0.0,0.0,0.0,0.22721137345516007,0.3238581205436047,0.9549932718752893,0.35559777216912525,0.09333723829930984,0.3888461186100862,0.3701357342318253,0.304671875001594,0.2513695496798043,0.3212435168722192,0.3872685739274231,0.49246987320838853,0.5226836505289123,0.6959672281836138,0.7414557610672652,0.81233146271618,0.896798903322344,0.981166393638853,1.0836424568685208,1.3745620918213897,0.5897792752676886,0.3303343373011517,0.13317657232950353,0.14032790108615067,0.32109738113229924,0.49117553791749646,0.7040356361998978,0.8843805920804895,0.9995629530919705,0.4777072321647026,1.2916899593248719,1.3361983657510859,1.379392955709913,1.3211264501714273,1.3266159517408578,1.246420988944193,1.0730567249139862,0.4466305220975074,0.20712216707543896,0.2615948510846675,0.42995484759324265,0.5821130333440518,0.7248136354979127,0.8125658886356193,0.8975595937141478,0.9462042120620855,0.9581122771098673,0.9038922136917881,0.8384776119807277,0.7923372045506225,0.7213647498857568,0.6862915337770925,0.6019291713979874,0.484564769794344,0.32485451258993603,0.3334107615283902,0.2489564846934678,0.34587790595900236,0.4960746873241526,0.4405428855312722,0.32118542512282805,0.8001304610927821,0.8552645009404327,0.33872325311397716,0.629852061385787,0.4726372603076595,0.5717449652758342,0.34028441248777225,0.3625347537764598,0.26568415091565545,0.06468193683224982,0.23788278239293786,0.12911129651372832,0.15605333666583387,0.12090686540860984,0.06881699118040352,0.034974964985151624,0.026096013863729617,0.08846683807174438,0.05770314433835444,0.07547039201091565,0.09700279304999171,0.022076051736054425,0.017777138216820254,-0.060311040669173144,-0.02876915296389837,0.3558198791557587,0.39261782611601953,0.31978360987253585,0.18369586506136937,0.08510381311199322,0.04349996122774091,0.013002158463960578,0.42901514822112097,0.008749107057744343,-0.011485995295180906,-0.00550958460527351,-0.01829046955012492,-0.021401656757469967,-0.03708533720498697,-0.12963929830337112,-0.1358626575088796,-0.0575970283591441,0.34143742778065905,0.42337524012356664,0.38745221597291035,0.3088159813783671,0.2973377012236522,0.2564908151662084,0.22714923343474958,0.21048139288169354,0.17614242743109143,0.1607801933349926,0.11257560943099232,0.06698865986377789,0.0048391562007780164,-0.058903574163990724,-0.023765273088502348,-0.039936832168294245,0.1866647370834803,0.0,0.0,0.0,0.0,0.0
2025-06-01 17:56:59.760,1,0.0,0.0,0.0,0.0,0.0,0.0,0.5741915299636635,0.11010538575454651,-0.05825231353570848,0.12762918519848077,0.21112889998142126,0.3178328243587908,0.4251163068372902,0.4789748821789861,0.5407012228354006,0.6135553890079701,0.689719300062626,0.7578648143080399,0.7857582683695834,0.7821430337373791,0.7869167979571496,0.7329693123363404,0.45096830257935977,0.0490433761273214,-0.17144831284227496,-0.1583961846093167,-0.07969774236723293,0.010905736267835975,0.14353196674314206,0.2364432110098238,0.3540250425868394,0.4388087858873635,0.09853547043317579,0.5919721980308611,0.6183139049945432,0.6747169831891308,0.6695806963715853,0.6828675376770941,0.2010949612311574,-0.059301880814041946,-0.15000843880827097,-0.18108761156316788,-0.05219019731400509,0.02889086561469445,0.12961933317304197,0.17751566440088173,0.2157688075207289,0.24171072200331079,0.2907442829788436,0.34923474266797483,0.41698601963010085,0.4007370703207585,0.39197412800357934,0.33916435644079096,0.1362237373467649,0.2620714177288082,0.15631116447372317,0.09209186973964223,0.07672756951173265,0.7173554151253587,0.2126525050474123,0.21574756765273068,0.5735509036919682,0.6921379702160938,0.31725626739541246,0.5169061140073502,0.5437914095256855,0.5559493498416426,0.2681502116664156,0.5244486366613689,1.0863579488873065,0.3740329035151848,0.019791868918422773,-0.19256653985785355,-0.08603409655653782,-0.022105635321449713,0.10365949205178926,0.19711234235548902,0.3047561292860781,0.42348115779442486,0.5190875629192795,0.6259049502227951,0.7551397222987287,0.8557619809213304,0.9707762867429399,1.0682120394074737,1.1825328311757073,0.41585095287778123,-0.49052585076873123,-0.4064558717566442,-0.18659999496606283,0.002175550777020474,0.14294432407595337,0.28707467806006126,0.4007527207551602,0.4810452695077314,0.3146166950521206,0.6169441311481092,0.6527075152957712,0.6864752284925993,0.7258016870660821,0.7563962556577433,0.705544775860596,0.24384187146837322,-0.21863857891867955,-0.1342527428791065,0.05419575918874031,0.13207139895289832,0.218941696499783,0.284686849439292,0.3482321419575203,0.3967699134191649,0.4493053056312801,0.5023407465748158,0.5539554669751485,0.5955336570386522,0.6153233319846675,0.5340635294270429,0.4697405065133989,0.12613485408293845,0.3922471121825908,0.3792951317746542,0.35482665741039,0.5087023332752498,0.2465577426511713,0.42424368800318374,0.38433633469661865,0.0,0.0,0.0,0.0,0.27738003090863017,0.24726422580175839,0.8533291403837312,0.28857089591895313,0.008455096366192572,0.33865489168612806,0.3140311023944932,0.2425611615430413,0.17070239073192583,0.2361391300816693,0.29786160993784105,0.3941615411999164,0.44153146731190196,0.6061374468834524,0.6658665463637132,0.7412329744568527,0.8339281936816374,0.9179602607034403,1.0125842529265028,1.2518997787355544,0.5170427141418743,0.2670000256636511,0.0806235466828259,0.07025945834596659,0.23922851949577129,0.39532254280207857,0.5850547140396878,0.7558160569811092,0.8640085886841471,0.2964291767383685,1.1623711700997879,1.23792658170589,1.2714265342967654,1.236539014195733,1.2360618278566882,1.1444702287872133,0.9564142084027839,0.3258835021966183,0.11700221236571418,0.17472489375708755,0.33459677643980457,0.4721318178637446,0.6105332960483731,0.6906331982441303,0.7829150133736054,0.8239030509472767,0.8523129604725799,0.8094881552418097,0.7539091016114202,0.7120086728883994,0.653507897415802,0.6326684221968356,0.5475783514822713,0.43620667329759866,0.26633194040220165,0.28022882640715996,0.11231143963883436,0.31235282415876564,0.3612561169552283,0.2813409562809259,0.3482438012907331,0.5929717573000292,0.6749386589708279,0.2688356318355928,0.3973047367054705,0.40924135784775395,0.5902644282456795,0.3058176853938192,0.3266619243309628,0.22305168641692974,0.04741815682484485,0.22863719926607357,0.09977251453747804,0.12449608604402007,0.07935417364577857,0.02618058668043588,-0.012883487044689224,-0.010676880718945014,0.031638523962153275,0.019696682366166396,0.04042622137175633,0.05882712322945549,0.029075390379006638,0.01468917176240303,-0.06624067535609762,-0.05762790141766244,0.3417578020411495,0.3717535204890681,0.27368321974036414,0.14683058510793456,0.0396119547668774,-0.005882044863983138,-0.044613076304690136,0.3675816946340409,-0.04085767798356987,-0.03543344264143333,-0.04749837934473988,-0.03999636502369219,-0.042301721609113385,-0.045862656166560045,-0.11473248400167296,-0.10704322654179493,-0.08618646657948176,0.3265848033348035,0.3817987660867662,0.32921927254642047,0.2365302403352787,0.2152706938463791,0.1922030466054918,0.18357143002892262,0.16687199926553986,0.14541316222443346,0.13769099477843594,0.09938347312686324,0.07430658195496731,0.014207428784050458,-0.03674069315091655,-0.0008474203097502686,-0.09515358119630685,0.1387268689983049,0.0,0.0,0.0,0.0,0.0
2025-06-01 17:56:59.762,1,0.0,0.0,0.0,0.0,0.0,0.0,0.6021381458035963,0.1295024697495009,-0.12867736381851613,0.009775280883069115,0.08636666635778101,0.19226702097085047,0.3084196846273938,0.37724116604601465,0.4360961685607879,0.5224680253339438,0.6157891163413556,0.7028249622319639,0.724051451411863,0.728174438899167,0.7509752367375796,0.7151720647767517,0.45931299583584667,0.033537493326632195,-0.23447968961153576,-0.25110938896765267,-0.18193480809658102,-0.10939339965386274,0.03774013713210267,0.13983328094186032,0.2618290757787183,0.3505464160540237,0.09137729571959952,0.528415377679854,0.5678005520106559,0.6332623537172996,0.6523620216000325,0.6693191117516365,0.22572523437897557,-0.08349473462521242,-0.17567333407357805,-0.22561375897343816,-0.11128925576712856,-0.04217768382623022,0.060226141560460134,0.09990833653202169,0.16180113622080916,0.20372226293149676,0.23566806503973714,0.3134062169300481,0.3661182815401477,0.3847339901522336,0.404457204100627,0.37404001244593166,0.16343056488228663,0.21015564045097074,0.08642399016810365,-0.002874215874153929,-0.02134971654531226,0.7477199732554862,0.2933383770065068,0.17160975086123165,0.529767554874467,0.7542428183675102,0.13344818801777814,0.4484706480650734,0.5035368036234287,0.5066189164652749,0.29328229929447924,0.470079919508433,1.1282644440538223,0.3876467656077247,-0.042513001133948514,-0.30994228770262167,-0.21795861641981218,-0.15517055243029176,-0.02760080586151603,0.07252590162051775,0.18023043444423936,0.3065298939365215,0.41956139772514,0.5453440690317455,0.6743012081262917,0.7967008565493672,0.9260431814781869,1.0523808472497427,1.2118728777563192,0.471895213482413,-0.6075009092080903,-0.5635278663986365,-0.3473882075793111,-0.15498983795032917,-0.01166590658443245,0.14090325719963737,0.27786183876753645,0.36534376236241983,0.3394980450403095,0.521474858638326,0.5769977256435835,0.6282997190858587,0.6755134294344377,0.7255624386326889,0.6982353544264672,0.27493768070119834,-0.22086968734869783,-0.11597867458746869,0.051471484866396855,0.1368030742722739,0.07082351868428471,0.15133758201964254,0.22735277015607358,0.2742895655579314,0.33338922849636266,0.3950382509567556,0.46249116893296516,0.5176982421282845,0.5557373708426318,0.4984265987631541,0.4540654805048439,0.11235255927557952,0.3941234414532463,0.3773873569719451,0.3679730348592869,0.4068689834586962,0.3299739621470426,0.6079263706816351,0.26795672282060906,0.0,0.0,0.0,0.0,0.30333776923122113,0.1176852285469504,0.5281612541611247,0.24460811750977396,-0.013731900706784095,0.316626675379501,0.27816821102388006,0.1941714943424021,0.10960284351416161,0.15436456564526324,0.20531864801432698,0.2865705919081214,0.32989569791958306,0.5011730963491026,0.5801674308617006,0.6533609088205037,0.7555541616181769,0.8444514687893667,0.9393661423975468,1.149772496683453,0.48667569006278366,0.25598711029266824,0.05478996016576465,0.014827382779483589,0.14361222278239882,0.27668313862095095,0.5608801509218488,0.7579295027893365,0.8616343521087677,0.17834919677245037,1.0015726434378984,1.0838716930698555,1.1383506441442999,1.1305394835265234,1.142808321937733,1.0550257339856248,0.8913046250444199,0.28476688871086353,0.07086194669975443,0.10333885343802263,0.22958135516984157,0.35042276444884846,0.4729386656108465,0.5441675036938143,0.630968817486381,0.6744681669486754,0.7141530949876673,0.68429690584813,0.6521724577954809,0.626426700541769,0.5891889540983173,0.5766455945579441,0.4963757622844909,0.3881279974421694,0.24779233591055572,0.24787753471512186,0.17034753620495965,0.26741995529012486,0.2040663932130108,0.2813409562809259,0.3885524159430775,0.4615594189123817,0.5365315366523074,0.32733535829753585,0.21629716500742086,0.19065679125088952,0.576802229652209,0.23638061105921998,0.26172261977789474,0.17525006441747948,0.019325524478008727,0.23652055484825502,0.054646851389752116,0.07342813397896375,0.07317446303180919,-0.060907132310271894,-0.1151959095507118,-0.0977856705816722,-0.054665407963813584,-0.07489725643067935,-0.04668527517896448,-0.02088429580050244,-0.04933469789308764,-0.05405876911285035,-0.17120674017541793,-0.09498082541526648,0.34965540655200006,0.3747536134389386,0.2656860358702392,0.12454825611098719,-0.07329895727275226,-0.13081530032062538,-0.16872418648820386,0.3806541651609351,-0.1696803136326639,-0.1529330028361957,-0.15867852732360588,-0.15878589913782248,-0.15463842399347627,-0.1414703362524834,-0.1721807252451944,-0.12783650342442676,-0.05513643606577523,0.31114490284486424,0.33631468570895695,0.25414341736584056,0.114621293731904,0.08196245607177466,0.05615432540611476,0.04471876806872421,0.03570353316035102,0.016097356763562276,0.014453672889539249,-0.018913944324321474,-0.049539800687932734,-0.08137027781291889,-0.12215741670096164,-0.0746092954693135,-0.06532608989660704,0.14962782210683057,0.0,0.0,0.0,0.0,0.0
2025-06-01 17:56:59.767,1,0.0,0.0,0.0,0.0,0.0,0.0,0.543827235528409,0.0666915460413737,-0.08095698422795605,0.1002031900210375,0.161905300847352,0.28174045586267693,0.38740500476197626,0.43646694217615245,0.4878338050785037,0.575522987149742,0.6541882387614599,0.737092868445976,0.7556166804038114,0.7420372900956764,0.7561440396958459,0.7258178977114447,0.43443584362395976,0.009874410679236528,-0.21751664691170836,-0.22560014448725307,-0.14219983053720453,-0.05603815397639056,0.08867577866251475,0.18813275115619787,0.30663151809650424,0.3954958089365086,0.1957645956761619,0.5635933083648407,0.60771166045735,0.652322595657104,0.6909791021366303,0.6846283453299669,0.2448325410020869,-0.12046827333394347,-0.1705662565208546,-0.21173224898480114,-0.10931523689354594,-0.010588271794472526,0.07853410794570359,0.1292799917744507,0.2063695130957206,0.24221552126409907,0.2759324146210005,0.36054648138952106,0.41630846303837177,0.44638308041866,0.45816738224888454,0.45782248443936974,0.20405453069442792,0.20000897232467546,0.032534839316382236,-0.048272402083674226,-0.031127484122928317,0.6087277302910363,0.3238944751655938,0.35348816796938703,0.5619422459275718,0.39366767254153723,0.1304702400271035,0.49426088636662513,0.5691230547820108,0.25914783019135257,0.5744296402255846,0.24801100280854585,1.2152316041042206,0.4155857424891308,-0.09757116649547348,-0.3865743330228477,-0.2416328553529652,-0.17400487618053018,-0.02378958730747094,0.09392675899926206,0.2127414246198025,0.34954773645393833,0.47004677244525817,0.605705411016926,0.7343053677896699,0.8552239087465499,0.9910862803698612,1.1378502869206342,1.2856879663683698,0.5099303866893372,-0.7184920988644259,-0.6081764208541461,-0.35409581137351975,-0.14749295570254506,0.01838544083812632,0.17052356732341423,0.3021978563317742,0.39891563992465273,0.683738231726633,0.5612244012612273,0.633477188034116,0.6751581170887501,0.7360570994654084,0.777132940871968,0.7637339070864736,0.33282144123929347,-0.2231007957787161,-0.09770460629583066,0.04874721054405362,0.1415347495916499,0.06631643355492667,0.15626366251752755,0.2328234535967566,0.3019763968175899,0.3532398942967201,0.43973018297545274,0.5008357513527177,0.5656008491011684,0.619489293066437,0.5624410746099157,0.5185967409450132,0.1316520799173196,0.3959997707239017,0.375479582169236,0.3811194123081838,0.37974592015317327,0.31110493202159023,0.49492080224070173,0.33302404335470903,0.0,0.0,0.0,0.0,0.31106927701641396,0.22911190494774353,0.5701657600677239,0.294269437253733,-0.03271500053659315,0.2677700345168205,0.21888422431537852,0.14592756321469325,0.092803994540547,0.17158820136130637,0.2355814145163344,0.26150361505030384,0.3300168549551259,0.5142475240113704,0.6103459602735255,0.6896232484569238,0.7943495474797109,0.8776846341969153,0.9870441702619328,1.192971251068237,0.4881561714398506,0.19521879532970193,-0.012535433046220179,-0.04210116182374968,0.0898879558941672,0.2808532294060184,0.5367055878040103,0.7600429485975633,0.8592601155333888,0.13144239296569277,1.014108463175155,1.1119602381982703,1.1647641052138442,1.1693428303417082,1.1710890814352726,1.1009089996228185,0.9306917504813715,0.2539130110936154,-0.009790880612128294,0.033627505743107466,0.16742934678163102,0.29827755786401733,0.43638123008284957,0.5069471805435561,0.6198597689409304,0.6625868979705682,0.7245289387440277,0.6916977712668541,0.6711071919571973,0.6571598883445899,0.6233317733375009,0.6128731223371099,0.5485946028615786,0.4402362409245203,0.18157008894175586,0.1431945536065461,0.404089129401653,0.4220643056219705,0.3527369344638591,0.3098929135696795,0.4139693694993915,0.4804591740129478,0.43859012754411225,0.4023035950544716,0.31197079906422,0.20708327603645837,0.4917555410620156,0.30389980898494534,0.31583435064069115,0.27530203913619833,-0.04096707433685409,0.22754103167775025,0.051372611070488294,0.06416309804466436,0.06699475241783981,-0.049959160010951464,-0.1211348309617768,-0.10220422356427616,-0.06418793122937472,-0.051638331553296446,-0.022860451946846716,-0.00827826040343893,0.0015057498387656132,0.014094685096484705,-0.10154133752530292,-0.1299144493991681,0.34197287232909207,0.37775370638880906,0.25768885200011404,0.10226592711404003,-0.07106618024456024,-0.13115926781235032,-0.17971381674248477,0.33097050164999575,-0.173073318315496,-0.1615554985075729,-0.15244133774613433,-0.12760150789005886,-0.13617604754104617,-0.08396318168049532,-0.11255894877776657,-0.15003884921227612,-0.173540421323005,0.21724741561657285,0.24619521368405617,0.18305249601412166,0.009144193581149596,-0.012751439013722887,-0.002477056281034562,0.010178758239163033,0.01697628203408308,-0.004507145762464582,0.013973590280425885,0.006594091839981386,-0.02245086568837862,-0.04203617184345698,-0.0703108329649958,-0.16401200283638506,-0.18659553397848672,-0.008540761101184291,0.0,0.0,0.0,0.0,0.0
2025-06-01 17:56:59.769,1,0.0,0.0,0.0,0.0,0.0,0.0,0.6250990550800757,0.08031653271335096,-0.15492895627775594,0.027328404646579596,0.11358181045987825,0.2308030266464215,0.3513801514671028,0.40759796062744025,0.4763634716554034,0.5781401714267189,0.6590571401625134,0.751914712010506,0.7750967398712763,0.7654575421534038,0.7882829180730204,0.7802724355250116,0.4949247993440476,0.019609727813121924,-0.26285765960565777,-0.2529205442982082,-0.167850433774846,-0.07838085888305879,0.07685031368934325,0.189371337162062,0.31377231105024284,0.4092383914352318,0.1822669560302826,0.5791804013855321,0.6308910786104815,0.6749064738606213,0.7255187205819147,0.7162589420443066,0.2987595867803445,-0.1349610169227073,-0.19718631614597787,-0.2592074820624538,-0.10312826795426022,-0.030324451877545178,0.04863270687284449,0.12276418844303683,0.1983088443710217,0.22096623621860445,0.2726080171064089,0.35849215754602026,0.398585878191126,0.46841333447698646,0.4801094376194217,0.49827721917415285,0.1962441879742503,0.1497673244123484,0.003484444843761536,-0.08175123506011772,-0.08588071047224433,0.6809465167679558,0.3006852346195531,0.3902326849121402,0.572279924955836,0.42562344814320485,0.04747479062849175,0.35169271372056077,0.5049836160415728,0.25592193908934757,0.5116162730931864,0.23421146642798304,1.2842474636459675,0.41285956425226444,-0.16152052562291752,-0.44290310599097726,-0.28327736105323087,-0.20538115068164808,-0.05019038224425132,0.08041528729228586,0.20982822977743742,0.35883416520617417,0.48574532049116503,0.6241590867174078,0.7636384813540821,0.8889575636458622,1.037343196031184,1.1853083429675269,1.3382248581228187,0.5605260407116313,-0.8008560455273999,-0.655673113668996,-0.39178165582290414,-0.16203415624584583,0.012317676182681314,0.16975959554114173,0.31301040632364674,0.41485030038958093,0.7435238544781091,0.5865125288879411,0.6625609244264176,0.7053452031130211,0.7716942365907887,0.817895490256181,0.7993152103728846,0.3634661047335486,-0.22533190420873428,-0.07943053800419286,0.046022936221710165,0.14626642491102504,0.06397677239831423,0.15936449491552152,0.24107144112079149,0.3179260512305133,0.3703515319192867,0.4633720481954613,0.5206668853637895,0.5888803826768414,0.6493346759899966,0.5600145558392015,0.5366724666647043,0.11769658042335646,0.3978760999945572,0.3735718073665269,0.3942657897570805,0.43830034388179634,0.1726995982340649,0.6296004430203632,0.3323247433822272,0.0,0.0,0.0,0.0,0.29928049933198675,0.3724814894470652,0.6310755025963796,0.2911267664814693,-0.07329627061687322,0.24207318359713795,0.20488338722159155,0.1375536386480487,0.07600514556693239,0.1888118370773495,0.2658441810183414,0.2667801846246789,0.3402972367064341,0.5231898458708226,0.6119947660257139,0.6867527748099611,0.7848319109547837,0.8609002942146005,0.9504169001255491,1.110623944168382,0.4216427771246092,0.16717446461007124,0.0008872222884866998,-0.016247710532890203,0.12382281165369391,0.28502332019108634,0.512531024686171,0.762156394405791,0.8568858789580094,0.12042290992808352,0.9978978953453961,1.0916095728948516,1.13260385218328,1.1319966348133566,1.1208261639877306,1.0351917353238722,0.8575288625726575,0.22637269673103555,0.021674216707369354,0.09900050059001142,0.22682757673343268,0.3460287096168453,0.4806068200538949,0.5306244862242615,0.6227061304374963,0.665550652224542,0.7149734988216638,0.6715748411210932,0.6493620120429459,0.6290799202053212,0.5967870476554927,0.5774941078467062,0.5172298669126065,0.4001931640735205,0.1959691503902249,0.1807307091436947,0.5908383484756011,0.31231260787036785,0.41330296564430546,0.3931992911767528,0.3171627825388274,0.4533809837967283,0.36580362772421066,0.5913916905380634,0.3382338427203908,0.3072962824790515,0.37124370979730426,0.2726398857935863,0.27277862641588463,0.21199827518735503,0.0011323674654867277,0.21856150850724548,0.04809837075122447,0.05489806211036541,0.06081504180387065,-0.039011187711631035,-0.1135694619204155,-0.10393880344822404,-0.07852946796053484,-0.0657572507264117,-0.05069976281532629,-0.0487766635968504,-0.04492201686595254,-0.049535946441418566,-0.1723130450338683,-0.16400928847242446,0.33429033810618414,0.3807537993386794,0.2496916681299891,0.07998359811709266,-0.068833403216368,-0.13150323530407526,-0.1907034469967659,0.3808814640107474,-0.1817570750537003,-0.18094911757722798,-0.18160005662567702,-0.16191296151361034,-0.16774996618455662,-0.12635411975771216,-0.16058104147072588,-0.1818241405242426,-0.09645715919956993,0.24879455432585013,0.2805565294517266,0.2150820746364308,0.020245762915638954,-0.009780648044455775,-0.005977953587115392,-0.0003500017737709804,-0.0026350147642140165,0.0124838350680605,-0.008649823085874475,-0.034446104170036906,-0.07055333421051158,-0.09404915413752024,-0.12401171290532031,-0.20856242141458617,-0.1333455460383699,0.039775004144960935,0.0,0.0,0.0,0.0,0.0
2025-06-01 17:56:59.769,1,0.0,0.0,0.0,0.0,0.0,0.0,0.6693415226542302,0.11898255454873571,-0.09670624226543922,0.017812919867838506,0.09984268126926754,0.20689545567761247,0.322951611983299,0.3901610677967209,0.4632602110825389,0.5686916634796064,0.6527152921552613,0.7516308795591232,0.7777167052690246,0.7776918548155822,0.7959604562509228,0.804706428050275,0.5261712649395396,0.053361067317578004,-0.2899620122902211,-0.30419292394188413,-0.1983821938597461,-0.10973026463635316,0.05928982764001889,0.17895236745010878,0.2931446650755509,0.40227541859780547,0.25137618335173006,0.5780188892536736,0.6388581319709026,0.6869853790356367,0.7401405526033931,0.7600810826621432,0.3314798987383734,-0.11906431506283588,-0.24495061974809185,-0.3011225566840905,-0.15925614422303247,-0.054286257297481155,0.009056210761645644,0.09281106261105365,0.16650599268021016,0.2007376420372058,0.2737661511670848,0.3564401759185519,0.38027164156429405,0.4424524554809391,0.4768944123438087,0.5216119624383355,0.2409971538297554,0.15232732840384228,-0.011847120677510925,-0.0917759146536592,-0.133378279864651,0.545734736627963,0.2172029205261366,0.4511677656368452,0.6210395057160594,0.5106670076509761,-0.06988444563657778,0.36900846976486046,0.509185265753894,0.37900153472755427,0.4961143393895274,0.24579523926566796,1.3357206619788404,0.45155350387208215,-0.14559768600312928,-0.4791974336110447,-0.3323771080716702,-0.2553386610401116,-0.10068633130718596,0.0288475837445612,0.1649332072378309,0.3273010337518838,0.4652536364236106,0.6019157511813207,0.7506210384021467,0.882416166667267,1.046380694974696,1.2082862247513502,1.3658508428241096,0.5874570308052649,-0.7848452873304714,-0.7001352636070667,-0.4173695875453016,-0.18963029039537682,-0.004388882672645256,0.16067804558086607,0.3113711618655264,0.413766636709584,0.7788691243961448,0.5866698420220615,0.6687610729663483,0.7122773003523256,0.7737654450472854,0.8158586376132642,0.808279024559641,0.36614006225885215,-0.22756301263875245,-0.06115646971255462,0.04329866189936693,0.1509981002304006,0.0729058786868304,0.1673467556810131,0.24171387631905006,0.3212098658593254,0.3670621836570651,0.46402883064161426,0.5174239038525303,0.5805444544358533,0.6368329039264425,0.5575880370684877,0.5246788942830971,0.1266864787459112,0.3997524292652126,0.3716640325638178,0.4074121672059774,0.44054155108529564,0.13293681373550958,0.5313987296474254,0.3323247433822272,0.0,0.0,0.0,0.0,0.2711062505695885,0.38334129688434787,0.5851279375929097,0.3015099519501474,-0.053452266472349685,0.24985134849168425,0.2066334266926319,0.14553747080318824,0.059206296593317775,0.20603547279339285,0.29610694752034883,0.27341169655016895,0.3558075959385416,0.5275404099897574,0.6040116126926096,0.6875708729569001,0.7800524447838935,0.8519451830900753,0.9435735042638898,1.08627121746762,0.42617601677845784,0.18885286468544016,0.03135606089268428,0.01657595072733442,0.15289630675450683,0.30399372870731933,0.488356461568332,0.7642698402140178,0.8545116423826304,0.1556929543669025,0.9863051811725518,1.0824280190851603,1.117730655592271,1.1128441709665138,1.1092719954882921,1.034776959291198,0.8734644153521235,0.27677347809359354,0.06344881389555279,0.13886531611325115,0.2555666495787201,0.3481099881946441,0.4784662321012174,0.5224383200734535,0.6141431445983119,0.6461936723983306,0.6983804188580556,0.6571070920051013,0.6328547145974747,0.609121395034403,0.588576628275907,0.5689793868367312,0.5063671969075133,0.3992832003916578,0.19620813036045803,0.1690568483327063,0.6813890096620752,0.334642363269235,0.5966072304314195,0.44523550225832975,0.21315095955710528,0.35405358977347445,0.31489353313352725,0.6376218008014702,0.4032445534302306,0.17919057002381478,0.3338887235573561,0.23798841215267136,0.23697916826736676,0.21667736382142672,0.06570662973549801,0.2703634979608925,0.0929056084314609,0.04563302617606624,0.05463533118990127,-0.028063215412310605,-0.09210827063631344,-0.13171291959546316,-0.12054550381506757,-0.1064012362206388,-0.09914263620452513,-0.10096528782908021,-0.10219394287272787,-0.1087124983118602,-0.1486189598436567,-0.08563253680348293,0.3832996234439287,0.3837538922885499,0.24169448425986417,0.057701269120145504,-0.06660062618817597,-0.09239006971099561,-0.18777278351991367,0.1943029977302849,-0.20195372951644308,-0.1922515966972398,-0.2037401246608742,-0.1695089612921885,-0.1823427885071225,-0.12446146768130273,-0.11535804961001744,-0.10927950407573256,-0.023350701831403642,0.2921100552402352,0.31085936424658744,0.2343574891082365,0.045750521390198085,-0.008581644332297467,0.00986606712300464,-0.0032010317006858635,0.006280944651572362,0.029474815898585582,-0.02695309744354457,-0.019341130901495585,-0.07008112841946834,-0.0839920421364303,-0.07690218986167963,-0.176802274281063,-0.10779396591147583,0.0686564754528114,0.0,0.0,0.0,0.0,0.0
2025-06-01 17:56:59.777,1,0.0,0.0,0.0,0.0,0.0,0.0,0.7068915063174895,0.199135282582539,-0.01472744949820104,0.11738870144453784,0.2087953068263274,0.3068054263131673,0.41691663542445523,0.46656165524630566,0.538150363021035,0.636056945957298,0.7202350779154949,0.8096100632271154,0.8472074847719493,0.8196813752443852,0.8426654600845173,0.8266289265662284,0.5545052269249255,0.10090600558829033,-0.2340794832015463,-0.22499689558942138,-0.09570047729561004,0.0021482197002991033,0.16395794561177612,0.28974407375658306,0.39179680963382957,0.49805720651512697,0.4184761206019926,0.6604214171841892,0.7190740667342468,0.7489862823277748,0.8165444804421809,0.8389531483378202,0.4412391978042384,-0.026373904854826546,-0.1924151867486898,-0.21703610722192535,-0.0905793054153905,0.03590908242116253,0.05364086313955263,0.16173255749270354,0.23179102750462843,0.303698334543407,0.37205726493302027,0.4269338005392499,0.4331007940459626,0.51141083207043,0.5714785976423284,0.6104196557352095,0.33823608526225546,0.20039215656628878,0.03633193637881926,-0.03520950485269814,-0.07001062473407216,0.36689236023715716,0.4307809469760211,0.8521450987473089,0.5261546961255662,0.34744486953758813,0.07422261093534355,0.6032448936871312,0.4870203613274689,0.30122532378047795,0.7226281708671051,0.20579640765965404,1.4796298149329201,0.5326166689461068,-0.07470572864160296,-0.42085421336151363,-0.27992588014954656,-0.17351817009721393,-0.020730008814505263,0.1166767821479675,0.2655323377985379,0.4287373665158498,0.576563204103925,0.7125909720826875,0.8531284424004083,0.9829643876787622,1.138589977663318,1.304023620036105,1.4449656740888965,0.6177033752917238,-0.7782945923502433,-0.6071078381060521,-0.3021351619487853,-0.04989357535507977,0.15122570082442777,0.31339651145062275,0.45592747180131066,0.5582406500817987,0.8669184014367002,0.711820879452201,0.777694495889134,0.8039609482891731,0.8541520719877974,0.8672054428851297,0.834207818574198,0.35593388079720023,-0.22979412106877073,-0.042882401420916594,0.040574387577023474,0.15572977554977663,0.24744408711761223,0.3412663812365153,0.39854090715742396,0.4710700191413635,0.5055405464783282,0.5855959958794938,0.634008833162248,0.6772898472425355,0.7123146429072414,0.5551615182977735,0.5323631641781534,0.1620598828347275,0.4016287585358681,0.3697562577611086,0.4205585446548743,0.3800054787164496,0.26626408657072526,0.43313480915988106,0.49371979481839323,0.0,0.0,0.0,0.0,0.4282845777358114,0.4878176480506406,0.6133251443111901,0.35896108472787414,0.01473977045123026,0.2996972329747144,0.2671216045177927,0.22025733850354445,0.16798899256465338,0.22325910850943598,0.32636971402235604,0.42099960473031794,0.48988524655779475,0.6679995175876816,0.7325753602309555,0.7944611340083478,0.87047143586175,0.9319334233138599,1.0345281713995784,1.2280694611029488,0.517010156456141,0.2586030362402906,0.10888239522449639,0.10442793432199915,0.2530348808421756,0.438482857183605,0.632674321977428,0.766383286022245,0.8521374058072515,0.2359614638255687,1.1229024511663903,1.2060493497964382,1.2402575342484128,1.2316276320386854,1.2170305211936228,1.1675477381476556,1.0350561697525515,0.43242741678395846,0.15544133897667345,0.21639523380580816,0.3305575723007579,0.43597938464601427,0.5753833913321236,0.6272580781476418,0.7263585809047939,0.7681646624303973,0.8064483279231083,0.7745666279729831,0.7438029517716073,0.7095545455478574,0.6766736859757314,0.649025483548039,0.5940354174252997,0.48134080727337286,0.21539375895053747,0.1507198691954369,0.7700109645369214,0.38843421377669995,0.743721721410788,0.4905407106360826,0.22589679169673127,0.4530452646782055,0.37656424167713815,0.8256411141532247,0.48802905360418536,0.13987410034552616,0.3957592062645148,0.2994776630454304,0.2931853572840187,0.28200843947272897,0.0626201551871341,0.2626319382731908,0.12604070515244403,0.07126403365118561,0.04845562057593211,-0.017115243112989953,-0.07064707935221115,-0.06121114291356289,-0.0514332875820418,-0.03698962233059522,-0.0271200045970047,-0.05349268395181239,-0.08868552404914753,-0.07327180151243301,-0.12862940709265824,-0.05639312289201154,0.3973115142723565,0.41031200739288926,0.30443932920966243,0.1388070109475279,0.04046904615771063,-0.05327690411791575,-0.09215116575834004,0.2622005131526707,-0.12265358351397992,-0.12065843180386526,-0.1381302192981615,-0.1093371833951452,-0.11848140900146087,-0.08003832576969427,-0.06942612953697685,-0.06286479728103994,0.021533309333524264,0.3104229700414484,0.3325455561666518,0.26917243802161983,0.0931026485937827,0.03822489243358107,0.05502622362019416,0.05948264522680402,0.08394307148274671,0.046465796729110664,0.047631549248786875,0.053951991411621325,0.014196111592512883,-0.006002018951082211,-0.006517556977484185,-0.09189988772528818,-0.10017874046088165,0.048621046631207476,0.0,0.0,0.0,0.0,0.0
2025-06-01 17:56:59.780,1,0.0,0.0,0.0,0.0,0.0,0.0,0.8464592241678206,0.33531198817007,0.03217272702020879,0.12067047824291643,0.1983268499197569,0.309946004909318,0.45080717431024364,0.5204410636615318,0.5979733156939598,0.6973493712384407,0.8018488206530574,0.8931728172421377,0.9513961730507488,0.9330628838030238,0.9578576059280891,0.96344604331737,0.6856344282906145,0.1749504027827669,-0.25415443278795746,-0.2789140773732812,-0.11102819805730513,0.011825546397030484,0.2160771952781808,0.35945405104372363,0.47588940522377055,0.6002862866671232,0.4683436677704511,0.7589066651164332,0.8283607117574219,0.8542870155118824,0.9417898531282716,1.002738537796935,0.617211346122057,0.03931222971481846,-0.2349556819775761,-0.25378434228810653,-0.10300601559907441,0.048338267034219395,0.10704593997464595,0.23974169745052532,0.31855819681852826,0.3868534080376489,0.43304792710053586,0.5013395504443497,0.5492744144211266,0.5845843735533167,0.6542916603626358,0.7118840364098538,0.4600885603758865,0.23614654342090347,0.055627307738565945,-0.019317080788543883,-0.029261979623576018,0.55139157138237,0.45286097334260556,0.7912875145597682,0.47977284625118577,0.1846234254423241,0.09711152655704225,0.7221360994321644,0.5678001430143962,0.30122532378047784,0.8328621522625492,0.26236329779595624,1.6745968781797747,0.6530914828331598,0.01085720780510202,-0.3825452927716262,-0.24397510797688882,-0.133485655518913,0.04589846703806488,0.1976463202141414,0.35399356055751086,0.526692946497501,0.6933921954342188,0.8314059072689348,0.9774157793376218,1.1142363114440643,1.267314975899675,1.445714710206929,1.5882890848208224,0.7176386534048538,-0.7243893517243174,-0.5676729336229049,-0.22351258024133291,0.07260145466595902,0.30462723425246496,0.47483251020565875,0.6070209135110871,0.7203498634328434,0.7296552695047349,0.8582722314189632,0.9178177170861114,0.9272775403992423,0.970453986194295,0.961376509453463,0.9011637084840628,0.3880063184043362,-0.232025229498789,-0.024608333129278792,0.2343720653460004,0.35451611738906164,0.44589119038969627,0.5244847276669855,0.5687401207444696,0.6394372429880579,0.6589710053668756,0.7235251956277076,0.7534454654435114,0.7813922380401235,0.6833512673603587,0.5527349995270595,0.5287358866167433,0.20964769357049273,0.4035050878065235,0.3678484829583995,0.4337049221037712,0.2521065128160675,0.2486868641890348,0.5174724855047967,0.5124317137820956,0.0,0.0,0.0,0.0,0.4846934831324686,0.6630909445784876,0.8332383210886459,0.41341116874491723,0.10866498483799569,0.3879305557937841,0.3623253728832983,0.3306445203444054,0.30151083850441207,0.3735322032406345,0.48118878249251784,0.5733933338493027,0.6209743243939068,0.7957065978204341,0.8345371676814526,0.8786508720518222,0.9391336478523309,0.9975001088038118,1.1219013255972443,1.3800789283998178,0.6208059257272536,0.3614875305413072,0.2161035700760252,0.23092710861143062,0.3952938080812729,0.5905472036287627,0.7940945059747433,0.9120127736144965,1.0026145738225354,0.22195372402797886,1.248699090191364,1.3218418728000718,1.3351399381730646,1.3287577907057542,1.2992321573194066,1.2591459154459244,1.1531790634846628,0.5692431155047177,0.2835239160781403,0.3467829757467735,0.47310566020966394,0.5727485533793863,0.7201086058762205,0.7628915587190843,0.8830323829980578,0.9074053730577192,0.9324060345215592,0.8838645885446744,0.8462660923399329,0.7878295206912234,0.7415489762294515,0.696836556508881,0.5770509643985098,0.5151733552141847,0.25203642730855136,0.21630239992179068,0.7068263720840763,0.5154349577021272,0.8796077504298442,0.48309696023462534,0.14885591855867542,0.4746263418706015,0.41341029297210935,0.7189036429912397,0.5785451606036239,0.3581378911391888,0.540438746915678,0.3252208394211416,0.29852259815632903,0.2503731615209392,0.16562792640243956,0.37892876796753355,0.28851689936451386,0.2136990055506245,0.1750679871180545,0.13212465253744643,0.0654823992633955,0.05148217545746703,0.03556864607071053,0.009949369998185409,0.02556776373161118,-0.008488344510176882,-0.08049171918463094,-0.08651535907866337,-0.16572998214661766,0.012305202596608722,0.479974552795936,0.5124338861190261,0.4401184877700982,0.30073901992989516,0.19428665065665207,0.09796549767496332,0.028280950520244152,0.24145684152663036,-0.0316798556495288,-0.04556244435662182,-0.08108200244099462,-0.0617814711924054,-0.09424337904484636,-0.07245991323794876,-0.060628744734810947,-0.023191094741995544,0.12240978866075891,0.3951845238470834,0.42395479541768144,0.3923143620510494,0.24387425835360688,0.17368100083568794,0.17971720953904224,0.16306054909204737,0.17847530413388069,0.11860289251032752,0.11510445087749721,0.10494813016110738,0.065604830845444,0.0015915255404403972,0.006086609761778383,-0.09970192104065412,-0.050805818597529084,0.13389307470724165,0.0,0.0,0.0,0.0,0.0
2025-06-01 17:56:59.783,1,0.0,0.0,0.0,0.0,0.0,0.0,0.8377688437306521,0.3774841269132999,0.11407181535709399,0.1592162497058518,0.20735496247133212,0.30250655881801525,0.433598017029044,0.49683769297029445,0.5636889622903741,0.6640847806167425,0.7610589041751843,0.8640707909117745,0.9071525827962976,0.8923396380333889,0.9286909201828982,0.9149279008080536,0.6427604798503468,0.15227278126600896,-0.23945371949537864,-0.2646596106624781,-0.10589382888537902,0.008650823212063896,0.20479931679244534,0.34610612021080844,0.44396221494459454,0.5796460932644447,0.4256777199142102,0.7230862344573507,0.7592405807028699,0.8016387295190582,0.8678275900140577,0.9078853922108187,0.5219947194223764,0.0900896866537163,-0.1671678961863335,-0.23266121480563606,-0.06177756939602608,0.046646714655193655,0.09203882558795273,0.20994413653622357,0.272093976128039,0.32015998380712407,0.35914824981433613,0.42380622329216566,0.4666660128374609,0.501064621154514,0.5959401461767282,0.6790022123777619,0.47924328127582627,0.31018836295989205,0.15403919194177185,0.03959998305875079,-0.012501955111732688,0.45398587784601746,0.5776923016880013,0.8003735399815692,0.3915488176159808,0.3026291067999881,0.2516936195512959,0.7145734593105201,0.5688116802976197,0.445512897789482,0.5218677433426264,0.27299820984222745,1.6913108374363934,0.6948161665304322,0.1308450335134873,-0.29351449276744246,-0.22401647585559537,-0.1289074052340251,0.020414191714381857,0.1556368654728797,0.3038200172586991,0.478797942931126,0.6480453451132746,0.7791994862101035,0.9192709468892281,1.059415477738763,1.2061620320426005,1.3629663939204102,1.5075237320146857,0.67866645646637,-0.5753804981788582,-0.4743107008380454,-0.1678945642458909,0.10859246693805136,0.3202185077505728,0.4862373247815057,0.6139141111297661,0.7082388604831766,0.48433618592750344,0.83258038738325,0.8760755118525597,0.8851887295978994,0.9091766290558047,0.8915021832833829,0.8146787279043116,0.3597140169071617,-0.04089829577915982,0.12398327508238394,0.3255547302299757,0.4191239202343928,0.4832947132811498,0.5378075441312675,0.5631267110636307,0.6059070516688319,0.6067135566731916,0.6590611187085249,0.6712739109857093,0.6766569741013464,0.6543878918134757,0.5503084807563453,0.4556627869657492,0.2735599082249151,0.405381417077179,0.4603242534477539,0.4929706963479774,0.28220579427721143,0.3870921979765602,0.5962442476180443,0.3736105847676713,0.0,0.0,0.0,0.0,0.5411498814590935,0.8320167605229283,0.7426825385715331,0.43702291362277623,0.21339479162046732,0.4738080395641378,0.4313415598173384,0.3699474822077423,0.3293391223264168,0.3768123595660604,0.45252349072191844,0.5302541174922459,0.5745553624306088,0.7356770829486576,0.7767054032784364,0.8330167176669261,0.9152277243781073,0.9894189078931046,1.1293465738064845,1.4470472762260083,0.7051379913891644,0.4463804354446971,0.2631197650126438,0.24199889459701374,0.36301306027885993,0.5449473439822108,0.7165881395193145,0.8478371907555637,0.9452704723222995,0.1440787456172874,1.202790014554067,1.2929507247073069,1.3231884803863347,1.327513299659988,1.3245827838422048,1.2698111332874111,1.1659027589985882,0.6808617591387345,0.33578719273188906,0.3245863628426213,0.42008238914335716,0.507828883521179,0.6602567190374979,0.7135899707171351,0.8258956126714585,0.8782752567929695,0.9191487526229953,0.8784135531619001,0.8510229267394928,0.7955092816272151,0.7614673628833865,0.7184214904512132,0.5600665113717199,0.56546758614768,0.2829872507090304,0.16967804201695014,0.40577548269978936,0.5124493043339966,0.8727390616968939,0.6355744134534748,0.13204040298780384,0.43448741865893303,0.38914927246941305,0.8405091253424921,0.8993988158861869,0.4086013337218697,0.3466228062611655,0.31213993123470335,0.33061689177877934,0.24756070386721113,0.16282133103091262,0.3382269668315894,0.2562039924955092,0.18981854103688578,0.15373213223257798,0.1097223907679532,0.009711192042623606,0.013347782725543711,0.04232829598918064,-0.011443658711813853,0.015844783963385733,-0.0065721801458012985,-0.064104088148219,-0.08286655241040647,-0.15119482913062443,0.0020134630682724364,0.46349600703736477,0.4854797985602431,0.4233941719832909,0.2708771767498621,0.15197618182236572,0.06337182954230047,0.010363450593659396,0.3308080430016762,-0.027222272432263495,-0.03305134897174877,-0.0703478726266078,-0.03304048090125922,-0.05022048759586972,-0.0287703594754668,-0.011407021095107384,0.04123915043383769,0.07796567030782597,0.3313248317130824,0.3748631207837698,0.3287365980111556,0.20235199462559028,0.1576124034875659,0.1708872581120855,0.17208275547385976,0.19089276446058712,0.15773980415727462,0.1588719900196367,0.1670477893934077,0.14090544335159427,0.09143314260397672,0.0969710324284126,0.01171654648385173,-0.07998771327030318,0.017759628886332313,0.0,0.0,0.0,0.0,0.0
2025-06-01 17:56:59.786,1,0.0,0.0,0.0,0.0,0.0,0.0,0.9473077320269826,0.47409473447441786,0.16442022251499855,0.0853261836484166,0.0981630257393421,0.20432088081945288,0.36408442973214517,0.4391931221901557,0.5265280744546726,0.6294195357222132,0.7444607030037089,0.8637451183432084,0.9135549029794079,0.9134677321981811,0.9619338546878672,0.9690373909231985,0.6941379618459095,0.19326266544861426,-0.2858549515769999,-0.35346067679646354,-0.1914299912091746,-0.0504148985445072,0.15836754217651805,0.3046265814752174,0.414497951097623,0.5655548060998552,0.5988418721972565,0.719510706345437,0.7635136655491139,0.8083981001363686,0.8812351607622937,0.9428235120369101,0.5519498526241242,0.0946358237697989,-0.21650315681289517,-0.27710912526422715,-0.13375341933516638,-0.008763609378996007,0.060746667028275914,0.17830981317347794,0.23167384550287395,0.31226794221705534,0.34973478921343903,0.4113936804890178,0.4604701644123438,0.5023749248979688,0.5929399508614212,0.7032932420041313,0.5301129083176673,0.3375245253189673,0.1492291470639875,0.0174461573992597,-0.042584252130459355,0.5988272686389529,0.6684103657848974,0.7956674627744209,0.4774232125940987,0.3716110876683869,0.3241752077422352,0.7586517561302046,0.5354655234774794,0.5136605019048448,0.5193666002132341,0.2689327229238476,1.7628739901735815,0.7549871430934344,0.17953903997297072,-0.29571613489549886,-0.24559515623931594,-0.1566948441445739,-0.011689076959989775,0.11810408910249248,0.271683340101889,0.4530215564565252,0.6155722746630297,0.7546808198447745,0.8999535121449208,1.046728158840924,1.1937767536469315,1.361125916608989,1.5174951315703646,0.6965411795497753,-0.5103282486274249,-0.4640202788860339,-0.16954770250978513,0.11132847492124442,0.3162133744456006,0.4816541848610054,0.6115365165389965,0.7027802371636571,0.44703853308699476,0.8307353077815689,0.8675970521460682,0.8774515199615377,0.8971770108572786,0.8751254525781431,0.7952495595349695,0.36720167594853553,0.02920822176682847,0.18647357840993917,0.3610075751351165,0.44325087251245665,0.5011286916913427,0.5494191964786919,0.5688148428687212,0.5965211012967153,0.5925021693273669,0.6364735971558868,0.6488031287390086,0.6508786132947548,0.6253603389461403,0.5224630323813334,0.43783717373339065,0.331152824743269,0.47044797088530566,0.5120118278457575,0.5309442803838234,0.29420963244095416,0.5254975317640855,0.5072105144290464,0.33350833280820613,0.0,0.0,0.0,0.0,0.5572210500669383,0.6731080608020306,0.6689182679791208,0.44786275422537136,0.27847036999618086,0.5186116782573946,0.4638682262328568,0.39598865801306704,0.3406885290494799,0.3826420157103865,0.44265014259148394,0.5120864909038039,0.5538474695013167,0.7100135394566043,0.7603491019446442,0.8181955836215897,0.9030540631689057,0.9807498841561038,1.1265942607100559,1.45340386590838,0.7254997832555138,0.4653871962114129,0.27314877569875917,0.24636692280058559,0.3626911204354921,0.5406300070016443,0.7066949023611504,0.83166369090855,0.9284872723637683,0.23800454933783982,1.1821849682879075,1.266009173591216,1.3004156611794195,1.2993954715396896,1.2986629003158552,1.2804763511288981,1.1786264545125136,0.6961010275442938,0.36505827342416197,0.34876420284648946,0.4379762752002838,0.5252219174581001,0.6740319603335041,0.7200101655762119,0.8322765434278665,0.8693892478102754,0.9041193842346464,0.8598588156350014,0.8334229993144934,0.7735730998030255,0.7354292181500214,0.6876463312045418,0.5430820583449298,0.5425993862093625,0.3245426905891151,0.22839266768368593,0.2055847104735302,0.5265718816649688,0.8397562536753721,0.6003467622640202,0.19245545064907693,0.4283881547341237,0.33251739135507635,0.7433192104543016,0.9437057390059364,0.44429973177389914,0.3223979102801543,0.25697812788575874,0.27551582571441335,0.27645219703456797,0.29888061983534947,0.42789749769711644,0.3373448912134659,0.23581335307632,0.17004937985048962,0.12259487018250215,0.035421325624244826,-0.009595273132619875,0.001113255822688286,-0.05467778831403147,-0.018656739466050176,-0.045519285256634956,-0.12236895206947962,-0.13416764997029013,-0.13522873397412644,0.11438053948232246,0.5420543985778078,0.5449019408687679,0.494353881799657,0.3098643233448233,0.164991031401869,0.07040584154238849,-0.007993638440144224,0.343341784793045,-0.055450326950717166,-0.06368466112298221,-0.1017412809421534,-0.06625141640899845,-0.08683505023527127,-0.06913508821653924,-0.023744191206278353,0.08680867246054264,0.15179344967176056,0.37759328136416664,0.4097435968786385,0.35464341133336275,0.24567048355660215,0.1838414056748734,0.18674395273842248,0.18034055269227633,0.19368965577952002,0.16089353479315127,0.15298422349167806,0.1608920198146302,0.12427917430120461,0.07895545289870787,0.061163320251834186,0.038306675327393624,-0.01834176427886791,0.06387534760982483,0.0,0.0,0.0,0.0,0.0
2025-06-01 17:56:59.789,1,0.0,0.0,0.0,0.0,0.0,0.0,0.8430706182680416,0.4219305219278381,0.18862247120886444,0.13924490963411462,0.13684744665732007,0.22770859735761506,0.3691425143129802,0.42346154194103414,0.5037197507493568,0.5910159910387895,0.7048176844366942,0.8167074740986361,0.8536607565607806,0.8466184516029708,0.8925074152667425,0.8712771128411435,0.5830664430928121,0.12291891366300511,-0.21804810166079275,-0.27703664245873005,-0.13892555842535548,-0.013302614370020116,0.17393846351529785,0.30017658074695985,0.40228388844210605,0.536684693929153,0.6181727887054249,0.6661548344969462,0.7013759072541133,0.7468936246710121,0.8008631382117772,0.7980063070588942,0.4292423524984415,0.10575340864177157,-0.11462102620630865,-0.19964564816593333,-0.07971424835303087,0.009155832581174028,0.07520810816441492,0.18034820561734755,0.2141506819729173,0.2798801672715512,0.2942970777782812,0.36215588309375746,0.4300343306463511,0.45734745452228115,0.5439210578218655,0.6456896796028104,0.5606021537502749,0.39600764707468716,0.20900428677115412,0.07078086880681078,0.004625724653003482,0.5706858649270705,0.7428127234525166,0.8060925582979861,0.45698595525024677,0.336812384380635,0.3480216321145847,0.7168857601907519,0.473150913433487,0.45212070408574123,0.4715074675386898,0.2560547090491303,1.7008040292184667,0.7457436523421003,0.2158245294813047,-0.22007092564503328,-0.1785451422333304,-0.09941216340490455,0.03588529897525783,0.1544649584768294,0.298740195583866,0.4695996252083714,0.614950464824435,0.7426410164172392,0.8715339495866082,1.017043360972162,1.1426666965980259,1.2958757720609522,1.4094696889472602,0.6365728326734836,-0.42995350217858075,-0.3291536924445255,-0.07253915051943038,0.1871870900892998,0.37625972416564135,0.5155826518824012,0.6325744843300094,0.7086782389599071,0.428193113914578,0.8226851280866829,0.8503833680156884,0.8503022864156747,0.8622618168106181,0.833360083739646,0.7342705401749622,0.3702353197373448,0.1410383936209153,0.2842544365870463,0.4320082954053033,0.49646705919237255,0.529336320208553,0.5766609831752678,0.5835525707489002,0.5993755679675508,0.5869738114293224,0.6261623242555758,0.6238892996232064,0.624725293313932,0.5935452904758299,0.4804236023490541,0.40783052380945545,0.3699532100096564,0.5211738707854309,0.5564058144863373,0.5714258178260023,0.1677854458060033,0.5254975317640855,0.5423185891316546,0.2706938290118773,0.0,0.0,0.0,0.0,0.6003462400280997,0.5876066493628802,0.5742523406410214,0.46454840383554596,0.3152818508194232,0.5330592341186497,0.47226911834999047,0.3987451380020802,0.3334064415934783,0.37419338904046806,0.43013441342005,0.49721028781374077,0.5408250121649241,0.6948380299448202,0.7553292940700875,0.8178891247135351,0.9096998875196112,0.9888602362827601,1.1334556520263324,1.4713700106400127,0.7206237524309983,0.4458729397137726,0.23601956190244266,0.21294308631195968,0.33350031774025357,0.5097122144886317,0.6711745620637761,0.8117034792848099,0.9087242054976483,0.191972830257489,1.1719305219411669,1.2668262126190126,1.2980642778960076,1.2990331164441593,1.3035244502911858,1.2807967355062515,1.1913501500264392,0.6564093360586245,0.317290169157704,0.3053175105079555,0.39609198231503817,0.5038709225667664,0.6568009060415076,0.7051523502525303,0.8192321574779347,0.8557445309493095,0.9091071223485709,0.8633180440314211,0.8431091837121191,0.7855168446952918,0.7500658665802121,0.6998606287601746,0.5260976053181399,0.5330912799014423,0.27300181741669194,0.19750413654101484,0.21493224746428716,0.5708770655853536,0.5969041524784978,0.4930244876990292,0.21243310251123793,0.3669479383203166,0.41815001292396997,0.6781207484427183,1.0835299837389827,0.500569105440762,0.25799071394796924,0.2827538232567505,0.31397603066731655,0.27210198167330923,0.2475869803257012,0.3906383784399113,0.2973820187969086,0.21779221792483083,0.15629862833523878,0.11968064887174412,0.05085049588928503,0.00020379811248028012,0.027751856661896834,-0.024661315112783688,0.019075699742011287,-0.013046517499668897,-0.06884606184796416,-0.09409420938445423,-0.15880236605671627,0.01047041774814178,0.47370322734280296,0.4926596088124338,0.4399956884809543,0.2696815687281582,0.12540874974188987,0.05436723667073373,-0.01170171741031778,0.5192813420446438,-0.03149671180872815,-0.026486354443031823,-0.06226041998738285,-0.01799035413305694,-0.03545955810446988,-0.0204535744357619,-0.004550853657735665,0.03642389381300004,0.019667918007922336,0.2803175238713777,0.33523348532307395,0.29072588878679095,0.16465452923817736,0.1486729737177237,0.16829401587526127,0.18467733777168993,0.21098011097003266,0.19483721665478315,0.21480363311123885,0.2291417150507904,0.2044586069714902,0.16253980869963192,0.11755045128082214,0.015079021918580848,-0.17663681280048577,-0.0832098819514897,0.0,0.0,0.0,0.0,0.0
2025-06-01 17:56:59.791,1,0.0,0.0,0.0,0.0,0.0,0.0,1.0151938790792208,0.5182737163645367,0.16430544942931458,0.007675758699996593,-0.036045327187744114,0.08814625190819203,0.26867106425766385,0.3489683276351989,0.4566161642622216,0.5676887753376763,0.6941063473109432,0.830022752689409,0.8707080276051589,0.8868441907200663,0.9607709028466079,0.9785607519747753,0.6808463452484311,0.1633650824600777,-0.32487480725321416,-0.4154123865750843,-0.26096077780170324,-0.11337956245450687,0.11700202408805094,0.25275639456998356,0.38177591267648947,0.5270360646685994,0.6137770789641938,0.6846042346200735,0.7175729087966647,0.7753124337562797,0.8224967823892271,0.8525159281491759,0.4466905161186711,0.06117889243980984,-0.18218276829234897,-0.2590775934125763,-0.12348184053894062,-0.03762121332936297,0.07615624192694326,0.16931234657097116,0.19133496832075325,0.26019807988347354,0.27863660009879965,0.33041140270675473,0.40530793358582595,0.444575148415475,0.5238970390723974,0.5910016880782702,0.5518039269737496,0.40071105903432735,0.2364410648406876,0.08364293340542428,0.0337635510801062,0.7555908255923667,0.6661102611632568,0.40511522518752247,0.4273821554602887,0.44588320038022433,0.4803197387766438,0.666280715034355,0.528592142473481,0.6271834278607965,0.46347406595591434,0.3529402512942892,1.77386003588508,0.805863531526747,0.28595565817155044,-0.14651509660502815,-0.12534381946298634,-0.08818514216356821,0.04170385075425287,0.1576665978764873,0.2913318586386282,0.46716100475207756,0.6055867374176218,0.7309652369989879,0.8722345787927185,1.0134573705969385,1.1499671481390037,1.3054068820582598,1.4501699748617383,0.7191671734436762,-0.285524740852117,-0.29340877875611904,-0.07115469376640093,0.17126794377755772,0.35139229496105173,0.504250778359999,0.6218130427691522,0.7034737708945948,0.31710670685706593,0.8222758318115668,0.8572187501217857,0.8669978007727627,0.8689472344698365,0.8622138871104412,0.7708035637526962,0.41286809690729287,0.14055105759905984,0.28779123374533544,0.4334646575039829,0.510098987129419,0.5497289827156997,0.5874677846673171,0.5991979560741214,0.6055592531343914,0.5923656929964403,0.631292888120474,0.617991562514091,0.6052529641035795,0.5647430425458643,0.45634881945851336,0.3843860904694389,0.4006594107652778,0.5739330372543735,0.6057382578094714,0.6135538950499473,0.31777645230561563,0.45725231269097727,0.5080177243999544,0.290852236060828,0.0,0.0,0.0,0.0,0.5138340971685323,0.5016713594477049,0.6361336853487303,0.43061511497951954,0.3481795196073028,0.566411028811086,0.5002175323931022,0.4202993312953539,0.33658759354173395,0.36876628145854795,0.3993042969646958,0.4455767617135309,0.49525910746235535,0.6360193453231449,0.6820716035271928,0.7608198906934227,0.8534559001852666,0.9304977187887082,1.0610252679654317,1.343079535911954,0.678289383792449,0.4410808841134567,0.2582381618670796,0.24572159309199026,0.36976452366734214,0.5076205027931078,0.6733602269762669,0.8072324220828093,0.8887962798414033,0.512350903554456,1.1116594600243976,1.1937951572641285,1.2208545107370237,1.193164182172913,1.1960410644930841,1.1461780029190536,1.0579213510018641,0.6164497477358004,0.3642777688635369,0.39923230225312745,0.4899039954932618,0.5918687299771996,0.700201877487165,0.7322462957046827,0.8129781587852865,0.8157884695843913,0.8695849339819923,0.8060324840025942,0.7598262849783856,0.6993157154430916,0.6579471217547652,0.6048928726740143,0.50911315229135,0.434455181355073,0.3223893901831548,0.3338341682554372,0.13935484226332198,0.6399486476581506,0.46453618623560655,0.4982884399809827,0.30847975275871714,0.4324677902222066,0.45210512785490925,0.6612091920184504,1.067182328876787,0.6886211138154661,0.2801958043572266,0.1640260321894726,0.18970777438598246,0.22300474962619765,0.4879400649114661,0.5641029662688306,0.44255059465107227,0.34326068680711597,0.20779934239565367,0.16951882006975305,0.013162242931959334,-0.04963434817433088,-0.016065085486955732,-0.1131135394331313,-0.0742468456400679,-0.10772570956565408,-0.1659115056933511,-0.2215001280653947,-0.1942914762077783,0.1662411212913963,0.5960977370621224,0.581739093746396,0.525365688825154,0.34505991854905016,0.15361690076758072,0.04814380159687226,-0.025012057166798884,0.6012534081752181,-0.07780610029043533,-0.09091408343391416,-0.12735629185385022,-0.07975851083341678,-0.12506767816791953,-0.10488139017682074,-0.08232426971040263,0.056227572406267246,0.12774716602515546,0.3676045483944875,0.42157371741158445,0.3801309745254642,0.28064736881679764,0.25220575738189566,0.2411471003908181,0.24039525808349826,0.2141339558253068,0.1930940814592339,0.1924114808889823,0.1835210150074893,0.12391456926835798,0.07187563232356442,-0.015541961903622892,-0.018263189679012304,-0.025781185102739523,0.07924740381017248,0.0,0.0,0.0,0.0,0.0
2025-06-01 17:56:59.797,1,0.0,0.0,0.0,0.0,0.0,0.0,0.9463450745736587,0.4703282065309683,0.16524713524919066,0.054912289156063165,0.020972916707788447,0.13149988577980165,0.28568645069160514,0.34159280294071914,0.4469001457352023,0.5629830157173921,0.6704825127592444,0.7933814183828903,0.819054555845651,0.8268272692786194,0.9015840454383013,0.8854942938507829,0.5986984283174854,0.10316234353421333,-0.29892454863477197,-0.3369915538955447,-0.199753339338676,-0.06842565249988941,0.11053491155394846,0.23772536891239926,0.3473069943625251,0.4677184138408985,0.6377481441803686,0.6115218685773384,0.6400597279064839,0.6948871482968672,0.7159902198902346,0.7160739869176876,0.34969892989050383,0.07374656556888409,-0.08600025340327444,-0.2050006382061439,-0.11417739617036404,-0.02730423299901452,0.02183100358236345,0.0977465734609515,0.12065089106699967,0.19545098708737751,0.23190269940290942,0.2769673727024987,0.33345460541866756,0.40150576486716977,0.4744452716742733,0.5864180695623165,0.5944047294797414,0.4432705340551849,0.29439877398044156,0.11937789811111887,0.02399524979551715,0.6052459729208775,0.7200437043677885,0.34829869874130287,0.47515516711662675,0.44588320038022433,0.6424223600354659,0.5626350704452895,0.5427822570409624,0.5857919120795653,0.3652048677291063,0.3174602083725372,1.7947542075493268,0.8177883900770052,0.2931521021747596,-0.12883939545759415,-0.12871354658116796,-0.10580820820996317,0.010080585813761367,0.12975700525224476,0.25767036839463997,0.42584789118917565,0.5588107178544428,0.6877469909491676,0.8305510765599301,0.9631768247685477,1.1023314446534063,1.267075043138127,1.4297671652335584,0.7174512712065058,-0.24738342350660536,-0.3038712263597725,-0.10719778202566443,0.11183674787885267,0.2799683737410956,0.4339135425852372,0.5549229728385159,0.6300886817988898,0.43705399398861916,0.7655112877226768,0.7935200961339347,0.8119103480762154,0.8235792693294605,0.8198472140649595,0.7495573125832543,0.41468928858775755,0.13352147865042197,0.23388077386526662,0.3716058088532639,0.43042022210285835,0.4651090609717403,0.5107501489681243,0.5195654034565842,0.5267561022422795,0.5251225818134269,0.5656550292280536,0.5669976612525611,0.5618144085007033,0.543026488435996,0.4589134539020666,0.40970438442750096,0.41602109774340357,0.5462666926271066,0.5579305810482373,0.5528577692912751,0.3825489129200275,0.4197476675271525,0.24905046197873099,0.38179258461483156,0.0,0.0,0.0,0.0,0.4179023649774912,0.606271852293292,0.45125821016542633,0.4211611317965023,0.31616117937969007,0.5314566026025794,0.4595413967793856,0.3677311049745243,0.2771607279867807,0.31068147016646264,0.35557303418014596,0.40534692262918526,0.46453324210125135,0.6186223090624181,0.678196646494261,0.7547826477654518,0.8565205790984309,0.9341675977646893,1.0487767538935355,1.3286469714717635,0.6332466253808177,0.38880328744239223,0.2107867479208988,0.19683164488532312,0.3374585630343516,0.48538216124186473,0.652863813331579,0.7999446094858247,0.883044531187134,0.5192072997835091,1.123155398684586,1.2004454195667873,1.225952428306923,1.1898660062652655,1.1954408162974388,1.133234797317602,1.022095988837734,0.5510936783363076,0.2977890980766019,0.340726341341514,0.44284317438888765,0.5680133028168342,0.6679564778923064,0.7226705361862147,0.78770203869272,0.8014606980244507,0.855441054104515,0.7990388735205088,0.7523960282936771,0.7043719342351824,0.6581455323554141,0.6070991519631046,0.5202662706010448,0.4342297592110351,0.2525379108430744,0.26067996399637783,0.3217718636951197,0.4543600251390294,0.5528456544609047,0.41141837596275965,0.30455356748317947,0.6028659332882472,0.6317654103097139,0.8343537537785495,1.034041943700994,0.6604329077742692,0.19824957197832224,0.1888822567660779,0.21996244940443266,0.29137505174736633,0.5185863324416138,0.5496947017415805,0.3843214669711962,0.2927367120548108,0.19403866326427877,0.12688395324854285,-0.02507908318371821,-0.08201787240928393,-0.04597067313279446,-0.1224539211652893,-0.07095591419358038,-0.12190531592522336,-0.1511762372597628,-0.21462436513939043,-0.15007428426368385,0.1707550134781199,0.5865940189553165,0.5629164065144214,0.5102991599687209,0.3192873362807307,0.12568470475338245,0.046311448698688196,-0.016542456380436388,0.6012534081752182,-0.06290006145901605,-0.06267103170418298,-0.09370121829627265,-0.056272386864318236,-0.08185306246620472,-0.06138931833751904,-0.059455189987374146,0.009203702481104359,0.04502286802078048,0.3252316397638498,0.3791918720241654,0.3483022612088802,0.2537705210156247,0.2436624488207808,0.2435838293392547,0.2614544839344959,0.24856027722247487,0.24251717762705227,0.24450275163291413,0.24457242209834007,0.19592135791567244,0.15595524941511796,0.05865133717591092,0.029335923421004273,-0.1159718202604943,-0.002267863197654041,0.0,0.0,0.0,0.0,0.0
2025-06-01 17:56:59.800,1,0.0,0.0,0.0,0.0,0.0,0.0,0.9643541632372467,0.4527823800691265,0.07760460987664408,-0.015260316681189656,-0.0398796812748512,0.08861565560463591,0.24577137870167876,0.31022806261357583,0.4273436409875181,0.5357523613716766,0.6594071168605151,0.7733417747718351,0.8182888809396087,0.812469924018142,0.8916473570724875,0.8970401701553457,0.6237126371365632,0.10316234353421333,-0.34329631219326207,-0.37272557536298057,-0.2618313141808434,-0.12462267250311432,0.04945833731746041,0.17393286550689546,0.3017869475076931,0.4115226521022157,0.4838875389997044,0.5583978600060834,0.6155716895293759,0.6564542803614376,0.6996008487783365,0.7225271447615567,0.3883873348372921,0.0742843197677659,-0.13232562730272868,-0.2787524066862552,-0.18826875399064447,-0.091864805784722,-0.0701992483630769,0.04808269286795874,0.04567787557182612,0.14727455019845825,0.1837766556322895,0.23493065669697077,0.3190410064062018,0.41928187876146233,0.5020498713937971,0.5956191387159586,0.6145126496772509,0.42927581450942565,0.2162554773137667,0.03089158891162813,-0.08127157621745984,0.5363108138164765,0.7415736818493298,0.24408862380569546,0.7162875927699632,0.5300146397564919,0.4976678188894196,0.5655968194687748,0.39296117789967294,0.5110008960429588,0.4184899750793617,0.28767946232710007,1.7900679459800466,0.7989613263691394,0.23241545707059053,-0.216435491736241,-0.21654613161210046,-0.1777921135269218,-0.047884258928304835,0.07388453848207699,0.20366954012899607,0.37731474211850324,0.5114969311149664,0.6491036399908989,0.803285909450887,0.941130689251114,1.0947315848189048,1.2687872455501399,1.465885325519813,0.7601390776212307,-0.3008084842961305,-0.42156346741653805,-0.2051499822169518,0.009079005567740994,0.1931890540625849,0.3500130678871711,0.48428156060461847,0.5659051748844102,0.6017719288784376,0.7182409642865035,0.7532396703528584,0.7881702020115205,0.8064832115060371,0.8267975503153864,0.770123925765273,0.4101763037220756,0.01779451793924458,0.12113614228795244,0.25717989321180723,0.3239514434362609,0.3704132793167203,0.4301978557415982,0.4547504063056582,0.4697652885750936,0.48997402865810225,0.5253303090496748,0.544222268530089,0.5479654647973666,0.5430378190422941,0.4537574966173882,0.4110016782448082,0.34981209818810843,0.4882223739721526,0.502554135775857,0.507254516692031,0.5720377365798515,0.36463426242822644,0.16485782304731306,0.52472181172305,0.0,0.0,0.0,0.0,0.40147239107703747,0.4188049750977341,0.5294742422165333,0.3660116700044955,0.2826461428524541,0.5138183587376702,0.45306317847467,0.3527599504166782,0.26937837654489627,0.309827090601118,0.3535687611869598,0.41326272212750137,0.46130966586868016,0.628195593686443,0.6787936624537538,0.7506589200611109,0.8490794717426184,0.9245322599851038,1.0256774957207877,1.287362935618627,0.5983764658008218,0.37536143138279343,0.20199300693891908,0.21538034413306728,0.3688967685794222,0.5202934857296819,0.6962330908689021,0.835845476792038,0.9096493668804044,0.6825244111842563,1.1263656598144491,1.1841466832418677,1.2151744569840182,1.1595963228381247,1.1611265241891295,1.0890694145939102,0.9703322874374066,0.5108465380835038,0.30295636031720796,0.3874963134612319,0.4890746700022399,0.6129507637597247,0.6908304167400896,0.7384313682301549,0.8047590881402433,0.7968094924401128,0.8395823533704168,0.7857972083657613,0.7290880016041604,0.6830208755871423,0.6340522625186485,0.5862170190124966,0.4949680976345767,0.40274961673639414,0.2520991542621177,0.30200320998632035,0.6008236809557637,0.32591872012809553,0.4067636959681834,0.2566131639399901,0.5862857209820196,0.719791380129867,0.5675307182927329,0.6218190492405549,0.8084936634652243,0.7258728534243859,0.3683180254582832,0.17848163232222308,0.17300310882066,0.2595231057925123,0.5106418326403956,0.6035801360090227,0.4377574736985298,0.327087916273227,0.2019167649951532,0.13236346145506195,-0.009733551372199889,-0.08130927861549231,-0.044781359354041594,-0.10266645418929965,-0.0835434458677391,-0.12577209207914153,-0.18425207026298396,-0.2411548745796293,-0.2062788974758269,0.16673129797099467,0.6277689845169241,0.6077924467721842,0.5620153204163868,0.37282109030704436,0.1855071117116882,0.08555904079152143,0.023344121053965994,0.6325428022354141,-0.04377284582443708,-0.05625882144720262,-0.08203241204079337,-0.06779502566504858,-0.08686414374195228,-0.09283227322707599,-0.08437450381056272,-0.01627871512061707,0.096033858823798,0.3870348723819242,0.44429947584654417,0.4099682912002365,0.3292614105835865,0.3001383949361731,0.29346287058968,0.29005525935803966,0.2690645691741993,0.2660968463404121,0.26539816264426075,0.24504907236114426,0.19056867937470978,0.14388683905661526,0.027812400740361898,-0.02214601828785917,-0.11980448812309713,0.08457028127165056,0.0,0.0,0.0,0.0,0.0
2025-06-01 17:56:59.806,1,0.0,0.0,0.0,0.0,0.0,0.0,1.0343155952077943,0.5234041204688682,0.10326402725100514,0.0059632006616656685,-0.04782025907639009,0.08824077618116732,0.23393162682667457,0.3231635393144012,0.435751926204316,0.5498302558067043,0.6804297782152082,0.7899626308987687,0.8444275309180245,0.8403911424620433,0.9233039131099924,0.9399074346566129,0.6906636545878341,0.14682636834354967,-0.31292096812805303,-0.39160976362154365,-0.2644386179679955,-0.12857812864506735,0.053019784632024836,0.1879301724531286,0.32174656869216967,0.4221563387849889,0.32422102636253725,0.58111235478561,0.6334741070440704,0.6810424598274377,0.7301664746939232,0.7900323281906597,0.47797409513434336,0.15404020837327698,-0.08534645819628828,-0.28026112885515864,-0.23575885576753053,-0.09929978897693825,-0.1223344528871303,0.022313908791448123,0.019398125015700485,0.1413981742779764,0.19140758228224208,0.23725334407101495,0.3554049445617763,0.43896146730040325,0.5618680881138263,0.7184131223429093,0.7740464394433308,0.461497963497702,0.21460943203964056,0.004429859476303699,-0.12472446092132117,0.5266040629113586,0.803492618794082,0.5307001640416151,0.8312323328773115,0.5111011599439456,0.6530390159469515,0.7469385963539296,0.4165603156121959,0.539225116396974,0.44676172060173047,0.4612710584568189,1.811352371395596,0.8867920792412877,0.28065500128896825,-0.22190493606401196,-0.25601096377375643,-0.19085071420785926,-0.04045114176546982,0.10543557057504205,0.24961355854276523,0.4087221433325101,0.5824868772356653,0.72996579545087,0.8827050676100815,1.0278992696580733,1.187931361116297,1.3774145666455162,1.6151417414738993,0.764907581379477,-0.2716859882448194,-0.47673374371694577,-0.2326606715380206,-0.0021676552464588994,0.2238185565629789,0.391263463443158,0.521208814140226,0.6271874337426964,0.5459585553725572,0.7842587042301723,0.8163961830171237,0.850473553512655,0.8819696414354908,0.8915081313149478,0.8475323168896206,0.466142704368003,0.001143511686022558,0.12350836312629787,0.2874342934879974,0.36752188270416686,0.4083067507147342,0.4790255288851073,0.501389820807796,0.5260293826228974,0.5534215814314045,0.5737535094018715,0.5980567674837902,0.5958487358491193,0.5819201263988806,0.4810405866521529,0.429267129143389,0.37704551082596094,0.5169069700638308,0.5302483685454844,0.5390884102363043,0.7057709031431829,0.542468354598467,0.309032417421293,0.5723132431605503,0.0,0.0,0.0,0.0,0.45972022047335015,0.6768353578815713,0.5865457902323702,0.4528984483533407,0.3891909148672154,0.5750076936539344,0.5078451330067959,0.39918870692499764,0.32856076034923953,0.37163426953960177,0.4174136693630981,0.470130593587196,0.50339185644909,0.6893198193151746,0.736500062508872,0.804966045376585,0.9050323047730233,0.9864345319597534,1.115676875561064,1.491946568216731,0.720954495317567,0.4719250097326727,0.29007748341186845,0.2921640040287432,0.4493068716626336,0.6160241130190336,0.7915336055926914,0.9207704487040613,1.0079906246138874,0.6014756068791021,1.2213659766871703,1.2673923095862958,1.2901377349131409,1.254073809155635,1.2540828760090355,1.2177609080624114,1.1685984729122516,0.678707143742445,0.4183927546373284,0.48590563942564646,0.5873531558096496,0.6945313871299652,0.7608010993378662,0.8141429906114996,0.886090162323693,0.8782770273606548,0.907029731473497,0.8618057271885425,0.7956938890630086,0.7534972606323824,0.6938381127947301,0.650262231000155,0.5735043544887232,0.4878906830191653,0.30078555471435375,0.33291417036905213,0.8525131181114945,0.4720721616407869,0.47772246045173894,0.33216225575126745,0.9323233109809093,0.8051505412483052,0.594112762885548,0.5508981631354131,0.8644660577148394,0.7269390845424393,0.4534134385434109,0.2186840269560208,0.19704358807364503,0.2326124405798199,0.47212014254231155,0.5989542808418065,0.45198640751679353,0.37851192193018557,0.2582532752274458,0.17669208661790292,0.03374650742533447,-0.012712223533065226,0.017560140607367325,-0.07135212571170113,-0.060120440015135834,-0.10536557048546369,-0.1665188682736447,-0.2254372866795663,-0.20209634769487672,0.1715440652799753,0.6585842712625691,0.6452226248805819,0.6056882517829535,0.4528671838080085,0.2746238380835768,0.17004168284890464,0.10504014000138984,0.7676334455055774,0.023656633943468064,0.0013758285838441076,-0.032086605459186845,-0.02812407401875594,-0.047200068279220964,-0.05510501683847191,-0.05331324660171233,0.006218966620315236,0.12965981475534583,0.43678099695235534,0.49009466401810287,0.49409158935069786,0.4304850923558652,0.38647056707203276,0.3660453181121297,0.37016835478031473,0.3470534234354832,0.3189481666184544,0.30374064428029257,0.2738625406396302,0.21200483285267513,0.14317682329170645,0.02771473199540697,0.027859949834407705,-0.04118506725811488,0.1887552598968626,0.0,0.0,0.0,0.0,0.0
2025-06-01 17:56:59.809,1,0.0,0.0,0.0,0.0,0.0,0.0,1.2652444058364334,0.7120255363256411,0.18735135621711319,-0.024422499473672032,-0.2040723070188456,-0.06947184366150927,0.1305932977618537,0.25804016821594966,0.4059068836577783,0.5448752518778932,0.6982082320095491,0.8313291424028914,0.9100683945357153,0.9240368855205902,1.044459979074559,1.1039590243638149,0.877120764825224,0.29986226656978027,-0.2871249160799216,-0.5022973357154714,-0.4014129501065582,-0.21381288332036852,0.004138822027025313,0.15685482670516482,0.3296679432075129,0.437448359889943,0.21683987525273574,0.6469211937496627,0.7047793827440818,0.7817932004657712,0.8391405588408287,1.0189042583953247,0.7602351228474304,0.24827481676442253,-0.10963707592155192,-0.4153940046285036,-0.38959033298438306,-0.19994479906637663,-0.21321464388424194,-0.017126039940405624,0.010850895972822405,0.14786006622761638,0.20707988940075706,0.2938481674288562,0.43263019533428315,0.5431461809790352,0.6649130885751224,0.8543660806716973,0.8536660670129492,0.466272104932388,0.10959051602649894,-0.15520351053410686,-0.23364240303833994,0.6001585491780987,0.9072692993303824,0.727942700229756,0.7835293175209705,0.714686243798982,0.7400397101731109,0.7340321938216434,0.35460113659251863,0.7314204051651879,0.558247429227983,0.6840621146798513,1.832636796811145,0.9605500791249107,0.24622502237778743,-0.34049214750120704,-0.3430867768377077,-0.228337088655177,-0.03386885468718681,0.14016629850752294,0.30281063766518,0.466950486104837,0.667089142372536,0.8439255643068195,1.0031201269612997,1.1592868952425899,1.3408175320969677,1.5326052242482575,1.8512725159423622,0.7696760851377231,-0.3031263250781957,-0.6170487857533521,-0.3167852300956415,-0.02938687905741033,0.2199617069958275,0.42745495632517994,0.576275584538116,0.7019438169352441,0.6594978993730292,0.8836849551428647,0.9096755671401134,0.9520821238446321,0.9921336769749695,1.0027040519963142,0.9500926286332135,0.49865460442438936,-0.10269548845664866,0.07005137756177793,0.2702686902061455,0.3906595711730374,0.4479539777274437,0.5270699875042637,0.5687877690046115,0.587499853060699,0.6231432300448092,0.6245500210116097,0.6683289154535128,0.6582707686359255,0.6330958683192333,0.5248426363258428,0.4502189260307839,0.3797140430093995,0.5198250931063106,0.5445897007364109,0.5578186683526942,0.7038056342288699,0.6589421032330511,0.35487870883183653,0.5879886356975628,0.0,0.0,0.0,0.0,0.37690217210449906,0.7483741101859789,0.8238481059413417,0.5249767420245754,0.48513873303314253,0.6304572930607255,0.5617393327264881,0.4414033844486952,0.3794525848066117,0.4251365572360333,0.46531256348408867,0.520821995565762,0.5429190728296609,0.75321468274374,0.8026988935833157,0.8597882806454524,0.972943083661423,1.0509971223011654,1.2033605022207352,1.4910675162692204,0.8280051266598942,0.550765155454803,0.3750305972418033,0.370347550920175,0.5454524467215924,0.7202334008575035,0.9139884983175448,1.0342634783454618,1.134350781525295,0.599973470908,1.3415797804496563,1.3563777858697916,1.3823886381930295,1.3332149981223487,1.3330650038100482,1.3074696530656085,1.169881359047792,0.8381128267507081,0.5676914710326172,0.6186506841517121,0.7162655661259678,0.8203179198532122,0.8817654567659665,0.931623181888692,0.9869082701958862,0.9832260192113114,0.9877222937862102,0.9447735717480027,0.8582004135860853,0.8079778926423313,0.7307784766909823,0.6830078966298048,0.5698012661217512,0.5468523502113434,0.3989798367424857,0.4175191317810645,0.8159131769409868,0.5118108044002363,0.5052618636961507,0.23218358902559033,0.9115399323992162,0.8496952593351134,0.7336872312253051,0.5241334277810656,0.7302542983541384,0.8307550496327616,0.49738659103021166,0.21876891915095226,0.17431885095842764,0.240971036700867,0.587876691951658,0.6826539839142025,0.5763946531348169,0.49866753449761525,0.3540700006362951,0.28538108019838004,0.13191193488301756,0.0644019754227465,0.07726077806074372,-0.0349025646278045,-0.034488595436710234,-0.10496263706321762,-0.19999985397502917,-0.26007740213631436,-0.14192601549084594,0.33430828140634544,0.793612594764768,0.7670304862564055,0.7666884352881765,0.6249625346999816,0.4385811817783076,0.30984824672560585,0.2034297795841673,0.5842598660646906,0.08985390383697367,0.0381058545900852,-0.0031032825936025965,-0.03186616745389503,-0.05725265954159853,-0.07663534607753819,-0.06219978291948264,0.058506406368458996,0.28638127245875755,0.5716846217801175,0.6190784149912404,0.6467132654966075,0.6136757960698773,0.5617527115896421,0.49206763290818856,0.48247343127944164,0.4208957824389532,0.38039593507869474,0.3291912745157577,0.26289633743917373,0.16913499129422727,0.06376500859075718,-0.06992907015863498,0.06172079038327283,0.2064411863283,0.4476863632053947,0.0,0.0,0.0,0.0,0.0
2025-06-01 17:56:59.812,1,0.0,0.0,0.0,0.0,0.0,0.0,1.147380351120832,0.5938901378856896,0.07413486715027884,-0.05107917647806348,-0.193161114445783,-0.0652127097166838,0.11119708449496069,0.24363204916372472,0.38832353697685307,0.5166632865549148,0.6694777548884021,0.7880159087377402,0.861385173383515,0.8772371802669977,0.9834146789365042,1.0266255616351523,0.8097586572906043,0.25271092299963804,-0.24187172489623843,-0.4406880984430511,-0.3469305513770016,-0.18898958560572598,0.00362820631474281,0.1276861076391711,0.28878610731481347,0.4011005705198125,0.1507224984496589,0.5922316414179253,0.6618926845912976,0.7368782675247032,0.7883744719250076,0.9508471293580713,0.710027410435919,0.20829751969266952,-0.13925874412355677,-0.4980794181148427,-0.44691158419069144,-0.2853608627126559,-0.27005085941086704,-0.09732622117185685,-0.05612620347460395,0.06290030014809356,0.14760369365606862,0.250716093549301,0.414961177987918,0.5116452665323443,0.6222827098032312,0.8288913398808462,0.7612956681256647,0.4053667850138395,0.04389512588170075,-0.23357566270435748,-0.2961380723596021,0.5459630610319104,0.8173265251238446,0.7794330760750521,0.8749930081102706,0.7688375659127807,0.5743757727946677,0.49078019635728465,0.2124715277176008,0.6738623135965889,0.42705763204865643,0.7051063964108455,1.853921222226694,0.8427413137345204,0.1338419836042004,-0.44065496482157285,-0.39026736778831195,-0.24147366267592485,-0.030731284325746566,0.1429035088375108,0.3045648483204062,0.46464712833081045,0.6514620460820573,0.8241439468306693,0.9750645535067589,1.1255987277240664,1.292489082109606,1.4672490013709036,1.737125669474375,0.7744445888959695,-0.389982768114685,-0.6512746741080673,-0.3166591754443626,-0.03321317163580684,0.20064574832388882,0.39763949105043706,0.5395087722676486,0.6618858043909708,0.6010705279891357,0.8306424210115064,0.8478293355826999,0.8829476968885367,0.9248256995944427,0.9182468430125568,0.8505190109916251,0.419692943327002,-0.08377024863409965,0.06180267259999872,0.2540100108573935,0.3418642407950332,0.382131801976586,0.4584003671887591,0.48743800451995245,0.5112734672267021,0.5435588675564293,0.5372306195401857,0.5771752351504229,0.5706466936138812,0.5471219352733839,0.4518067153123334,0.4101831819566419,0.38443681749095404,0.5180225673996547,0.52661714797124,0.5243292612386519,0.6496658226620966,0.619784131421486,0.45813829408168943,0.586339856532418,0.0,0.0,0.0,0.0,0.19006160398481298,0.7572447065695156,0.9733862262478835,0.5631090653296346,0.5273069397872674,0.6372739118039509,0.5559522470284901,0.41916235942836455,0.3268836538579285,0.3745760258282089,0.4147049115204329,0.46946458070627184,0.5102004845805852,0.7316224895493435,0.8115910031336475,0.8670047427863423,0.9906813058254338,1.0884480684351552,1.2647220199810316,1.4901884643217096,0.8699612797028661,0.5633648604968797,0.3417661587967532,0.3360747566989293,0.5073697471550882,0.6993766698428154,0.8934819295160783,1.018599017446095,1.1382938053823344,0.27167667752625596,1.3714301505212751,1.394356496008156,1.419576013106463,1.3781931694701464,1.3917576158831302,1.2992778548359067,1.1711642451833322,0.8489717981846823,0.5470858710823024,0.569651492563785,0.67745139481067,0.7617555110113912,0.8546085663083298,0.8924393957759695,0.973491585359838,0.9724691222567814,0.9890207327249096,0.940508201555405,0.8817828239964337,0.8330225864032081,0.7633812808391479,0.7221570354732881,0.5660981777547792,0.5837492674559404,0.35245864910012303,0.349696587323705,0.8719096403618417,0.4946081871736845,0.6141895237350775,0.39104218490763143,0.8056157059116091,0.8946851290351306,0.7477731142067825,0.34874839248842976,0.7932476230350658,0.6843812985175669,0.3769898437017517,0.26169676008003256,0.2091282756110251,0.18621580777789182,0.48290305613125645,0.6201639162588224,0.5110210623215609,0.45385084395489894,0.34843819937574505,0.26143017519635037,0.1529024419310574,0.08307158625522404,0.1150438604816495,0.01789649904170254,-0.005403229680097765,-0.07210844915659465,-0.1600033771099052,-0.22027165325674647,-0.18224938778849314,0.2725645337702776,0.7695468943042799,0.7527250990933889,0.7753733624075404,0.6255492873668131,0.4536790250037872,0.3528184608272984,0.2291742243677608,0.4759070661779846,0.12341535153213301,0.06743619442096449,0.03350805929549017,0.0018578162535217713,-0.01664426689489995,-0.020253628802290202,-0.027433240983939955,0.03030309955397148,0.23464326094487087,0.5357786815382237,0.5785081289663353,0.6081453880093193,0.568993840953149,0.5297819097585272,0.4782026988658954,0.4658268990700394,0.440182140109439,0.39296840656663234,0.3602426095841209,0.29202988235370086,0.21219611483522627,0.09635107240880347,-0.013317816900273005,-0.018783766520238665,0.11783538486530376,0.3897690627233761,0.0,0.0,0.0,0.0,0.0
2025-06-01 17:56:59.816,1,0.0,0.0,0.0,0.0,0.0,0.0,1.0947103909470113,0.5160990328409132,0.03245407210931034,-0.06878609178418837,-0.20463198921833858,-0.06784802126037681,0.09862242163092161,0.2307560873465686,0.38575753539533697,0.5015258169763006,0.6612707815834729,0.7736909858115327,0.856795800607866,0.8689000395579166,0.9623436603016041,1.0219677072730333,0.7685598272912783,0.2213060013140553,-0.25348710873449093,-0.4264371390670625,-0.3490527517857944,-0.17277118812477354,0.013047469844278625,0.12968074805966823,0.2985688586941555,0.413799910880434,0.16393396756955575,0.5943541007269121,0.6669448237320408,0.7440055908439348,0.7858377650998747,0.9463858660372196,0.6989344368106489,0.1193429405830948,-0.19202241983796647,-0.5221641122142923,-0.47896939663517346,-0.30725951631120185,-0.27081684524716076,-0.08116442801095813,-0.048903356963312494,0.06948231713475206,0.16014082404593277,0.26542309575866896,0.42709497314156974,0.49380489367165264,0.618195676894842,0.750542216725183,0.642098189327278,0.3104205410966151,0.0025690456575091503,-0.2639630527142405,-0.2521864783100749,0.5396027251049371,0.949197052696608,0.8855140900182887,0.829824430430772,0.958336165888563,0.62118474394046,0.5977497423997239,0.05397079336082547,0.8263255065988228,0.45138558233346127,0.7730009464458882,1.8752056476422434,0.7417043634569511,0.09291623534725324,-0.4165585964625319,-0.3246175170057293,-0.1797779725146491,0.02246340734337693,0.17672387272809087,0.3335283560327209,0.4906501496918021,0.6564178933327807,0.8159511913770527,0.9593583496982775,1.093127460287612,1.2555970114226322,1.4109248956151181,1.630433084549875,0.7792130926542158,-0.4083660123157238,-0.577379775186594,-0.25831596621974096,0.014223102819658662,0.24357839168494877,0.4176988848680194,0.5557240204502212,0.6706392662222849,0.5504813800889292,0.8139779188304423,0.829456269339751,0.8540765188923866,0.8842561706129389,0.8616975170672778,0.767750971621374,0.3522317856425504,-0.008267173217897383,0.16120505613209635,0.32547960598283,0.39927291225872596,0.4235491826243589,0.4847554673571963,0.5075450638087879,0.5196699740248831,0.5278837023967182,0.5167307942776838,0.5346452407036568,0.5108030580274281,0.4654072178962191,0.3574577538766873,0.3212400291207273,0.3885907819503055,0.5839196361050075,0.5952743249695875,0.578901621194106,0.6509683832478392,0.6826641745140296,0.5542939376450446,0.5396337552178291,0.0,0.0,0.0,0.0,0.23551773320161118,0.6073460631515237,1.036764033165864,0.5537462511909318,0.5958252281802412,0.685326401475273,0.5999297528782341,0.45934743397706745,0.35624462020938985,0.3787795288199862,0.39285398320310616,0.42821152749708036,0.4494684110268956,0.6601901328560129,0.7346568217527361,0.8103122567455312,0.9364677135075137,1.0408625948639132,1.2169881676667387,1.4893094123741992,0.8923255465761499,0.6003689861110367,0.3933458381635966,0.36704766333587724,0.514761984934452,0.6927977483449537,0.8755205648372653,0.9812188807576379,1.0811663426547253,0.4182123025394054,1.30991983374303,1.328910645234937,1.3496889579958469,1.3078777222578486,1.3238076390132376,1.291086056606205,1.1724471313188725,0.8943772556145915,0.6201855425324224,0.6507526662550234,0.7168482649384171,0.7843391038019327,0.84294751177974,0.8539769874784373,0.9213248051999363,0.9122321900016601,0.9253800560400105,0.8756206619791939,0.8204520300223196,0.773367712268521,0.7171461713878672,0.6831758336767668,0.5623950893878074,0.5716375978122076,0.4326719179028192,0.4149963059978472,0.7526772113828895,0.6047187450096219,0.5471837502329404,0.39104218490763143,0.8462741496728581,0.6440178769456847,0.5611753206804373,0.14049096631558433,0.719675384663216,0.5535678393844714,0.36983741685752747,0.19845592983578592,0.14287606995734725,0.126170269539019,0.507617383892335,0.6527639527351832,0.5784905880788312,0.5006470371159017,0.3561529914966097,0.26402063330341696,0.16685797979191985,0.07254978614543117,0.10946397551382203,0.015944113555098616,-0.04247915733662189,-0.09620061893130205,-0.2132816415056933,-0.2633867880294843,-0.20691185191065492,0.35411194666193907,0.8124239235899687,0.780692035134976,0.8042815316503492,0.6633976953253928,0.4987025956088207,0.35699730829567344,0.22709395492949525,0.43607372233633246,0.10158691235671014,0.041821133372902164,-0.005623590746327123,-0.025668207765934592,-0.05426104289465683,-0.060345222514825325,-0.056944082878502555,0.060907905193425704,0.28435461910612836,0.592255234086013,0.6295025476679496,0.6573911589340984,0.6102139141700618,0.5750831252489941,0.5031289122578544,0.4806438288733965,0.45477670960604377,0.3771910791737869,0.3322310338937815,0.24413315849548756,0.14904707170052878,0.02239394992433197,-0.11054041205371568,-0.03497535993869533,0.28643303868841197,0.5446729965839017,0.0,0.0,0.0,0.0,0.0
2025-06-01 17:56:59.819,1,0.0,0.0,0.0,0.0,0.0,0.0,1.2559785200002298,0.6783530684511192,0.15253321415664445,-0.0896188668054142,-0.30127874802527377,-0.1929933391661054,0.006708484636534506,0.16358239272602715,0.3325687372698801,0.47342704663755364,0.6443437092681725,0.7794556194239953,0.8810069685903592,0.9275210539511719,1.019429383226098,1.1183228574698363,0.9028576804632462,0.36344546547844464,-0.19925529362164723,-0.5231543360683496,-0.4581741003809995,-0.26419367567650753,-0.04320296264243684,0.08944812013053016,0.28041980371926,0.4142637436707257,0.2062873474103693,0.6320581500774122,0.7204017641893443,0.8272539392629462,0.8767125612937399,1.1173904221783575,0.9144740724071982,0.19162833689230496,-0.19318293906736395,-0.6170810084129961,-0.5146599295880072,-0.4074522220599375,-0.32912889609114804,-0.1289240541875173,-0.029954643470646025,0.09878741386848411,0.17782024704699595,0.28219794232843687,0.47644768371482416,0.5016129309816542,0.6546293630188453,0.8251493759586139,0.661561993293486,0.3085989910339621,-0.04373387612288415,-0.3329704940653573,-0.31317216200135034,0.6277404329655221,0.8247972316483114,1.043723168708961,0.6924534602357835,0.7819659009030698,0.7254916940334883,0.5686778110600561,0.11018648662935204,0.8979578606696644,0.6315249048399357,0.7880812935266742,1.9064575727015154,0.773596612061553,0.1044477183034409,-0.458517537692006,-0.3614829941619927,-0.21795883095242607,-0.021284267738986618,0.13945424165378761,0.3065508591929469,0.45959941483638334,0.6379153682587722,0.8115759411049632,0.9570647505158137,1.0936690845682497,1.2631367837048635,1.4343331144438736,1.6593892522605873,0.8088747612455112,-0.41116860570879665,-0.6428288729010743,-0.3191250971226034,-0.031630783580273825,0.19687454651149805,0.378135481307027,0.517522340364986,0.6467847564037876,0.5233290701069138,0.7965671862818473,0.8176011414190302,0.8376690170341509,0.8756593207634088,0.8474266488485804,0.747576351433801,0.3056777414983004,-0.013834834983376787,0.15524829180846544,0.3132100254425334,0.39132898973553787,0.40784992906876094,0.4622076087664988,0.4852862150206918,0.4868807787910481,0.4945777858893754,0.4709572978037422,0.48246034941193483,0.4605951064211673,0.40455134015302596,0.29248604731411854,0.2578330845188351,0.40863427396277285,0.6217211744363539,0.6218365564148749,0.6001720681106535,0.39734665745605485,0.6838971767428565,0.4243842384534144,0.4869331282960748,0.0,0.0,0.0,0.0,0.08241739714813356,0.7025810664083705,1.0640520862885539,0.5571665669652709,0.636617498942367,0.7195875468298691,0.624499095287383,0.47786493667425345,0.3606472414126438,0.35770168918716116,0.35902390301739695,0.36312257587679575,0.3673282041317978,0.5697381844151606,0.6715225318237554,0.7385093832084488,0.8648307538087419,0.9731729254643513,1.1630784157335674,1.4884303604266886,0.9032794982298611,0.6426893177419026,0.4577826706218242,0.41384790574214425,0.5507672626515765,0.6990058227157832,0.8615618859230922,0.9293859902803667,1.025405758710524,0.44698639506883514,1.2343223301808086,1.2508857130071926,1.2609349411270894,1.2355484725959882,1.2641801582564258,1.2828942583765033,1.173730017454413,0.9529943122728282,0.7137525553166452,0.7392827614740825,0.8008958712332888,0.8231039360121508,0.8512610636324025,0.8387593516450933,0.8815494506599961,0.8710496538420833,0.8592164972562808,0.8148164260539897,0.759873271872454,0.7056751910001331,0.6473952026010876,0.6129522820446168,0.5586920010208355,0.5392889828458095,0.5068311271264441,0.5254274130109541,0.566905978442805,0.7687252578015304,0.679559540019259,0.29945027041148964,0.634505388149321,0.5434642058836971,0.5392772632362361,0.1628180279657055,0.5206621962198897,0.42074488521882425,0.24621365315448077,0.10493778469306198,0.024821653803223792,0.12425631476066444,0.6938457152368958,0.7903538703522557,0.69792819916669,0.5966543714709531,0.4071327404979357,0.2582879326580414,0.1333561725538699,0.040244803682640606,0.025443001910432805,-0.07673869802051558,-0.11892837146665114,-0.18428087460532128,-0.321898329629902,-0.38759518656878944,-0.1723175377822106,0.5199105749031949,0.91679289769475,0.8592265861412622,0.8627500374434846,0.6971041581084803,0.5067719018362951,0.3344518369502636,0.16861776745972867,0.3540065788910771,0.009617230780946562,-0.05288031820781103,-0.12036328560259446,-0.14742605709950407,-0.18637813132722425,-0.17452041809043728,-0.1074906669255522,0.13342855713351137,0.49047403640241627,0.7102775956241998,0.7112348541093302,0.7278970111370995,0.6810536383815027,0.6053470536865087,0.4972394691334703,0.4392616427658331,0.40086152642003103,0.2921620927260198,0.22185624908179435,0.1008725022739998,-0.014279696176584533,-0.15925891276913923,-0.2068145787977423,0.04781928777628813,0.5370328415796081,0.7981891766418572,0.0,0.0,0.0,0.0,0.0
2025-06-01 17:56:59.824,1,0.0,0.0,0.0,0.0,0.0,0.0,1.1293598742923137,0.5644644448149867,0.08686244795091386,-0.06753523854037702,-0.23333855476410614,-0.14226456327320014,0.06852640504046148,0.1778021287575391,0.3409359441765655,0.46417571769398913,0.6274991823200218,0.75809970002353,0.850921805426115,0.8956323082379957,0.9737986292597732,1.039635792749349,0.8044681225367307,0.2769540553264625,-0.21630608636425352,-0.4544800704628582,-0.40296588249570964,-0.19899182815274052,0.0033514022690599443,0.1111544271625371,0.2988145265478608,0.42613819644964646,0.1976170656590011,0.6184435921298407,0.7048488226746441,0.8054262781231606,0.8443139540528786,1.0698170922484764,0.8325293885145824,0.15531693513811778,-0.18334428786082402,-0.614681668296717,-0.5503504625408409,-0.38146021160445776,-0.26794488489608814,-0.10923212123456771,0.009868127711252339,0.11206868799978031,0.18505605667337932,0.3116597275645959,0.46185517848337254,0.5018952870615294,0.6332097392262211,0.763677462873801,0.538929986891742,0.30130719957555496,-0.039262575340562655,-0.31698311675582524,-0.25003972320253465,0.5482409953253189,0.7590976250801761,0.8926470689089623,0.5250877572153557,0.8832255679797159,0.7241200748507093,0.648885736044629,0.17551043377053677,0.7898389290257156,0.6642072356605191,0.6852502021297053,1.815941315546499,0.7102060980389766,0.05210243597009834,-0.4325310088709867,-0.27544915034816375,-0.1415273007182778,0.04205083625395134,0.18291727507311917,0.34161748808520964,0.5063965616835215,0.6559649246533774,0.8212058616705513,0.9625631138885516,1.0890640274163235,1.2438583925218787,1.3928202233259532,1.5834899702252856,0.7225998566950633,-0.4686000924546292,-0.5727738275259905,-0.2548675557817386,0.027774078885647535,0.2238353057181195,0.40153654180478826,0.5458398217434746,0.6569667577680358,0.7788640692374762,0.7846951139494853,0.801775109197762,0.8204775005169128,0.8336976259817493,0.8085393960713321,0.6827153177787574,0.23299594679567887,0.029872385132253765,0.21445108839117588,0.34472758168287565,0.41877675039175943,0.43135908236668574,0.4734743469952951,0.49238939535538195,0.4774520071182631,0.47260574176167625,0.4556579966148737,0.4535039212163203,0.42138392682556325,0.3662372904754755,0.26007351500587494,0.24042043104614802,0.4032667445238761,0.6209967420644789,0.6259422813322124,0.5950127742803211,0.42486887431266734,0.42396542881216265,0.3798062340476292,0.42946755626841293,0.0,0.0,0.0,0.0,0.15977139489001613,0.5440782355997829,1.0896645108304335,0.517209638061368,0.5982590313111198,0.7054723380481981,0.6058860387725873,0.4641868174904119,0.34014663416287005,0.33310759859013817,0.34595424930221585,0.36240126114791504,0.37997750118948304,0.5741969367193618,0.6715219380661634,0.7501159732743683,0.8833118780675537,0.9911210612413721,1.1727671282720382,1.4875513084791778,0.898023303916452,0.6219234101383904,0.4315374977245996,0.3966607859617466,0.5391194990208135,0.6780902748445397,0.8616431102941458,0.959398134766414,1.0504319639027335,0.5060619943086562,1.2810602497339634,1.3028134930121933,1.3229910613361602,1.2739697286116272,1.3008528672489141,1.3090603409444646,1.1750129035899533,0.8843354926087197,0.6501549565650296,0.6627816848923145,0.7553326723321137,0.7990366459452265,0.8674723426118902,0.8709327883708851,0.902660672947659,0.9120043918621286,0.9160246960965379,0.8638199416691873,0.8106507259223811,0.7500281812113092,0.68702320745617,0.6400735694972715,0.5684831705366618,0.5189260941760467,0.4297241729711394,0.47031164607910536,0.3267514310371994,0.6084492389578666,0.7867568942674382,0.4752688592354418,0.4218545218915533,0.5287523811300395,0.592584168538244,0.3610663167581554,0.49387463837855816,0.5302938205081813,0.29130556365146154,0.16213976261990443,0.08604468239736157,0.12616999626929032,0.6451624614310494,0.7571141515353774,0.7042861710174247,0.5974409578949944,0.44806918664802486,0.31466445692993883,0.16871155266685167,0.08405035159175189,0.06694152982497448,0.0045501486333416885,-0.05462306351920665,-0.11236809584522278,-0.23720278487730223,-0.32352576017542894,-0.19593620122290512,0.4450031928207772,0.8799869279201862,0.8302451670447202,0.8465889493480975,0.6840401970488046,0.528408740123472,0.3439072314821654,0.19198336019646,0.22547186604515676,0.036610819370142655,-0.03060920344328233,-0.08837911796310194,-0.1179074875647349,-0.15723029570407998,-0.1588918452551959,-0.11913563925489706,0.08394335266030523,0.4126419594475851,0.6579137624075322,0.6752443664269533,0.6888629728182558,0.635540972100205,0.6087198516780283,0.51810620246617,0.44724784925271943,0.4153587533784111,0.33818859964784487,0.2713032050919453,0.1731618457060442,0.06850629543784914,-0.061955546612508794,-0.1094642983252494,0.019764567914330122,0.39005434004545614,0.6805824819968826,0.0,0.0,0.0,0.0,0.0
2025-06-01 17:56:59.830,1,0.0,0.0,0.0,0.0,0.0,0.0,1.0832712192031757,0.5013016169023901,0.03938510502402437,-0.11309349795967172,-0.1926574703182553,-0.07571111513517403,0.11394067351915182,0.22177073813697534,0.36769731484185,0.490017388736957,0.6439272180820175,0.7596041054496444,0.8525555152783004,0.8977319479655436,0.9447212733300906,1.009957591595522,0.7774355023807773,0.2349861797136929,-0.272318707148781,-0.43668646857430726,-0.33650907819539344,-0.1505784710127922,0.0461446702663606,0.15816640125736003,0.3253142854584654,0.45229438520153775,0.3285755276184278,0.6209463505436928,0.702570433958748,0.7780136934340375,0.8319386595776594,1.0013044836861344,0.7480044580280127,0.1350087368761856,-0.1659473208543225,-0.4867855929002938,-0.39737720739594307,-0.30826063045386065,-0.19257104628653565,-0.08003407631827952,0.000701404059711308,0.1094298632692774,0.1913238023935202,0.2686238408476368,0.44326931974099293,0.4782189389971852,0.6633328389557026,0.8147859250658709,0.6169428250035124,0.3668508403531463,0.06922787340931325,-0.23106374919012718,-0.22251943709713262,0.5786974428185363,0.5845983116012503,0.7685679011691482,0.5207625854907925,0.7345244086889748,0.8450453725889613,0.7888854397759695,0.2423154938097024,0.8032613795592093,0.6755320998603599,0.4422712803732729,1.9195865817346067,0.7723805441581468,0.12724384474982342,-0.38526760027070184,-0.2893484146785772,-0.18290640363709731,-0.01095661969317896,0.1392937364275224,0.307215792303128,0.48725772130268097,0.6352026942253275,0.793292612507075,0.9512853010923762,1.0741224707414656,1.2300674731255363,1.3870222796004708,1.572817712878672,0.7465772007502609,-0.44913440079993605,-0.5996338827906605,-0.2765908489243607,-0.0020807779977984886,0.19965570843620006,0.37012824520473186,0.5119850520825944,0.6219827714086918,0.734864842479154,0.7468130441515348,0.7711497429469968,0.7927679236398141,0.7956200812407855,0.7787736070071303,0.6691302158484782,0.2261430929405509,0.05968285448008248,0.20843083233317117,0.3266777743900706,0.38293258137424613,0.4068406881890996,0.43780939820443887,0.45692670629707344,0.4426603192224492,0.4341831620496861,0.44027521628532207,0.41762414883164434,0.39686436415019055,0.3509042781394248,0.2493511107624914,0.264042360664199,0.4297390769285112,0.6236139825620615,0.6140423192351443,0.5691512267674341,0.5459742015816285,0.28862265005212623,0.30960319200739356,0.5219843715828275,0.0,0.0,0.0,0.0,0.19436981400940234,0.6135623341875021,0.913682841965657,0.5300053909528334,0.5894483381490045,0.6950246684852628,0.5855624718910768,0.45903265500908363,0.3268045526154262,0.3224448188268838,0.34227767562409284,0.36452793219831925,0.40190745082623947,0.5986516914436519,0.6790350814237165,0.7753563351235393,0.8955685290552342,1.0111908493087907,1.1822275541248959,1.486672256531667,0.8872340323558743,0.6118674566605921,0.4131195357141406,0.38863996712657456,0.5280332938773287,0.6711261096465009,0.8690135543355719,0.9718874302814717,1.0522345789572463,0.5060619943086562,1.2865863910962974,1.3285288625225977,1.3422713339467403,1.285929340374203,1.3020817735261485,1.2872178036303892,1.1762957897254935,0.826211393794055,0.590877048792816,0.6314125004777955,0.7379917232418478,0.7877423969787698,0.8806640990013119,0.8714990183565241,0.924817841323192,0.9247237943248461,0.9414813914287614,0.8610559649375381,0.8185003090061013,0.7473346875410356,0.6800963176792967,0.6343970471157564,0.54153244044562,0.4919207034333711,0.42911371298831713,0.4776796121142969,0.3122895398158392,0.5710978326521238,0.7867568942674382,0.7224955796524587,0.3548999890202534,0.6139975792022193,0.413235933345168,0.4490863918489531,0.5542834125390632,0.5525352580384252,0.3307028373931119,0.15838033736212603,0.079041686465876,0.1476375791861534,0.6764369660940819,0.7911461592540221,0.7311082412219686,0.5965490590446962,0.4802451652684798,0.3182631890616916,0.16072425462125017,0.09276489242013808,0.07031636415307685,0.006277112253326278,-0.06709053208342863,-0.13124995155142472,-0.22682838671892275,-0.3266785491686769,-0.18479354711104756,0.4497183311259417,0.8773637545951773,0.8329405410911761,0.8494512954190271,0.6944395847194438,0.524564039971021,0.3405634875745023,0.19740669579671555,0.36264989495599875,0.019505404065945697,-0.05669813463161111,-0.1287251813277286,-0.14703635678708893,-0.18636545560083362,-0.2043890820745609,-0.14601476384364243,0.09234444987284635,0.4427745687275193,0.6733651829404685,0.6867009226865889,0.6842385233205284,0.6268284733849208,0.5634689944794291,0.4968913993036528,0.4156020887478986,0.38372684963091275,0.3077535613740443,0.2355317657915632,0.12038020202961619,0.03549069557980056,-0.08287968049945471,-0.09621268116354992,0.033271110377449564,0.38226070863916095,0.6409659125878111,0.0,0.0,0.0,0.0,0.0
2025-06-01 17:56:59.832,1,0.0,0.0,0.0,0.0,0.0,0.0,1.28338410812855,0.7015808771997876,0.23170030316814016,-0.08384577319928588,-0.31035502933091075,-0.19676000998072063,0.026661001444088117,0.1751716172879474,0.3392360687430437,0.47829519198757064,0.6547900005389413,0.789509210156777,0.9013876189882271,0.9570677606915469,1.0228540753789113,1.1450161612207448,0.9277296366589362,0.35292153530934683,-0.211445879446725,-0.5500415621265412,-0.4965996169332275,-0.245624134674732,-0.02739923029886282,0.1206855481836,0.3069492104411302,0.4485758558895174,0.33227233346600504,0.64473802752052,0.7415161592899724,0.8287424360903431,0.8891163085011962,1.1279665290079142,0.9249514568701214,0.24031063945342523,-0.12418392632732467,-0.5092122074211528,-0.50253602784312,-0.34788286176578453,-0.2502962493661821,-0.08795471987187065,0.01508042065882842,0.11484874703885284,0.1796771235416894,0.287445593762759,0.4598552278774952,0.5253788405580777,0.7203251072014105,0.9291673935393094,0.8445103733742386,0.417095796802902,0.007325497976641948,-0.25309126754391464,-0.35770796450460374,0.42410683231531593,0.6635074544353908,0.7592022884892777,0.44503092192738525,0.5989551514222786,0.7571930623551226,0.815798426352466,0.37090658452297526,0.7771764719614597,0.6812117761284449,0.43640052682901986,1.9291109619732827,0.8567365732077467,0.12870918923882202,-0.5135657035957315,-0.4164409816893093,-0.28857434954303973,-0.10632537000279152,0.0687152711462824,0.24484689402966264,0.44785143865029675,0.6140037654215664,0.7941686574784288,0.9661387467140746,1.1061848408405197,1.2841415208342426,1.4560250419637786,1.713554909086822,0.8628673386475589,-0.48286490814084404,-0.7190905841494667,-0.37899407323287426,-0.08461679890665463,0.1425455364778161,0.3205038349777183,0.4863835364435154,0.5993334492026439,0.8380847539322429,0.7453030621098109,0.7815171266515014,0.8106375629584527,0.82075429985199,0.8200106567846979,0.720274050219215,0.2485235455265415,-0.03172632323368707,0.11814109159863428,0.2506072919917275,0.3252717905122726,0.3740284751032654,0.40886320432295964,0.43714662970796025,0.41970426882459777,0.4187314045648831,0.4331466516664155,0.41746825252648057,0.4076014162213921,0.36720740800557905,0.26720925910580595,0.2750603072213614,0.3699887791352109,0.579149121349855,0.5747959231366486,0.5313473661161909,0.5459742015816285,0.3435931479994723,0.23005256220657871,0.4052885841123768,0.0,0.0,0.0,0.0,0.2896285615287497,0.6292147956965872,0.7873891494953683,0.48984436762577255,0.567796472882075,0.6760814496715915,0.5730689524198955,0.4440835349960698,0.3333220360228555,0.31437284902079377,0.3299572221966598,0.3681570590690555,0.3944307856114193,0.5876528849217157,0.6645588175135151,0.7674847719480555,0.8836268134857235,1.0012952534368682,1.1475831540139165,1.4857932045841566,0.8535577757240473,0.604985563989339,0.42958759926960255,0.39795127110457784,0.548983789887922,0.6759318612278165,0.8860180933835213,0.9807317582938466,1.0540076088008512,0.5581140938301408,1.2766920784984501,1.3102802282534998,1.3237172646602562,1.2588967018203472,1.2665862655219637,1.265375266316314,1.1775786758610338,0.7980820171606944,0.5981806838205733,0.663512799772868,0.7661265568028672,0.8326073462895274,0.9175856494991739,0.9209766501298147,0.9502080362969267,0.95946934836984,0.9482032727595344,0.8654942077556179,0.8015091430905509,0.7252628284993208,0.6461287981314934,0.5858384830895179,0.4836767835512057,0.46170760708055586,0.5196014914417145,0.5803749739328022,0.3747017718055218,0.5266282978304259,0.9227456822810775,0.809750750527067,0.34178887252372153,0.623850448325932,0.46411934619217515,0.648209376317255,0.6135865615031031,0.7699406991634818,0.423748279418355,0.1049606651908403,0.05591817334155641,0.25673206740038435,0.8530326840270677,0.9208974633895233,0.9074891295090083,0.7234699442386208,0.5591803409067246,0.3862645147004571,0.20417458397405275,0.12024098912659187,0.042947334121583136,-0.007590013247438909,-0.10989301813420838,-0.1746606317128514,-0.28407982618316086,-0.34285569125924775,-0.046109069040912,0.6174417579107605,0.9893764556878395,0.9213712159345033,0.9339214320890264,0.7758804635790744,0.5778366983568737,0.3583543776614213,0.2063940888916198,0.30760156765239666,-0.007711661704995931,-0.08866320647425874,-0.16810781831451804,-0.20732976838302752,-0.25215844918437,-0.27905735834156514,-0.1422984971181223,0.17754809802421773,0.5595989338909655,0.7646118105646549,0.7680413752476875,0.7616109291615563,0.6910489988466679,0.6060895979920811,0.5085021206102365,0.40118738187035374,0.3522234166571008,0.2608552852468087,0.16706363908497757,0.053418528718817804,-0.06044510404971837,-0.17567012586143976,-0.13618796898639013,0.17488601884007315,0.5094903846277797,0.7702830881707203,0.0,0.0,0.0,0.0,0.0
2025-06-01 17:56:59.835,1,0.0,0.0,0.0,0.0,0.0,0.0,1.3416866320624852,0.7593367807196555,0.19087352190301932,-0.14472808802113385,-0.35868827586310437,-0.24938178921266285,-0.009678284813487315,0.14574638674097984,0.3099416631677624,0.4609082979619483,0.6269598774459528,0.7843285412100863,0.8956835713854567,0.9500450000091262,1.033633587082858,1.1654225839548347,0.9732488568213442,0.38118904025504224,-0.21194445011248914,-0.5786186667379495,-0.5151426485771754,-0.2830551655311051,-0.04252057661357278,0.1144372864794101,0.2939039287742904,0.4357788978420567,0.4884234477145235,0.6534268161686322,0.743957909449187,0.8395904000497257,0.8948906441906295,1.1379792957019599,0.879701266933121,0.2329391684466019,-0.13963699146783726,-0.49317000026056446,-0.4565080986459633,-0.3718741584897075,-0.27062878710542393,-0.1166727555963537,0.013326704501373077,0.08276591595030802,0.15873718479578436,0.27566347391371004,0.4511634864393237,0.5236220678234074,0.7018063451763639,0.945051957398916,0.8414788984200526,0.44051789525950025,0.0004894124040197845,-0.2751187858977021,-0.36820287461534407,0.4720683030365665,0.4995469679702963,0.7387636356906508,0.7347325763489924,0.7023102903144927,0.5093532425646435,0.7193937924914424,0.6540545406387381,0.6366199250065873,0.6000057742351688,0.4267623517301383,1.9386353422119582,0.8572300465234389,0.0853684468682715,-0.5550888399612325,-0.38350732163634926,-0.3015690845791843,-0.11518942318123737,0.06433294815195945,0.24314107478738212,0.43810356405448525,0.6136514200054921,0.7976277710978403,0.9674494081350317,1.1115346969240134,1.2867444099916978,1.4541082340589981,1.7310847848845226,0.8574629506581442,-0.5119253818202917,-0.7352726821738843,-0.390309871432726,-0.10669299911407926,0.11461908978613988,0.3069208832984984,0.4660186431180269,0.5870481786558648,0.9214591928866085,0.7330548950671523,0.768797296564422,0.8074227650451214,0.8209238137655824,0.8302296862854848,0.7201257263683065,0.22113648366341393,-0.07396070937896604,0.0743253128370076,0.2045974851577308,0.296148039595743,0.3498558206726903,0.38198578064109245,0.4122060874173883,0.39415384111413343,0.40883715240720875,0.419779863943722,0.4216124668817962,0.41865254540344576,0.38355493632955107,0.2873793037681508,0.2874391177934021,0.3454840975961875,0.5446911978422737,0.5411828941364372,0.509123272708567,0.5145080614057411,0.35595581032165896,0.27469930685338545,0.4370669746687973,0.0,0.0,0.0,0.0,0.36787278620395436,0.674512946268992,0.6188982377949319,0.48394529906031936,0.5356827779584461,0.6508543030657984,0.5474067230811563,0.4220966242357699,0.32192025673751234,0.32827005717292024,0.35397505052859257,0.42206487671545956,0.46014656460424774,0.6624649823179629,0.7376575563317467,0.8295050905254999,0.9341073104130899,1.0508741094707992,1.186346247314208,1.484914152636646,0.8103850233803093,0.5695084968540516,0.4031591358379756,0.3943512083425844,0.5824189848912651,0.7225944994892184,0.9564914355759426,1.0644534458036967,1.1448588771136843,0.5716048653594747,1.3575469377482126,1.3699896650014511,1.383603447456746,1.3021027860666967,1.295396697578186,1.2535294255411944,1.178861561996574,0.7229419204633452,0.5648234181754707,0.661626034513469,0.8052901274216269,0.8741998365493016,1.0133857082376596,1.0234125424876692,1.0489418037070521,1.051779333502611,1.0282989062268633,0.9276750199440335,0.8552980456099811,0.7586810272972606,0.6578881077885506,0.5815800047100875,0.45332352211776006,0.39934521861713396,0.5300020109428136,0.6557131998711846,0.4306159602405313,0.5139676484214377,0.827818059367584,0.9585380559525664,0.3310570608298759,0.6863163399580988,0.4480702065190018,0.7348613201388476,0.6164316099273638,0.8904252247859514,0.41050004167565446,0.11153013035114218,0.05920349543640202,0.2991646237710855,0.9690745737600428,1.0053685397226104,1.0164824428054091,0.8098075899628951,0.6737037822264391,0.4885940333635663,0.25315192242448936,0.18497124774794083,0.09538706680752695,0.027272706185018425,-0.08633853168079253,-0.1486565070468252,-0.27059093111285043,-0.35036916327174605,-0.009868738474028804,0.6990915647324378,1.0627249701085306,1.0011907086129126,1.016756781111006,0.8835078711295588,0.6718766030661456,0.4523248889951621,0.28154035867307337,0.31826762075933746,0.04262084743775407,-0.06295854535263867,-0.13829658093617625,-0.1984286047973075,-0.23459188733161673,-0.2687521760623593,-0.13666619764148785,0.21952641726809569,0.6468967888156423,0.7949906158233926,0.7994852269437477,0.7806041980162224,0.7354246799999649,0.6544509973387425,0.541654954661998,0.4359037669173147,0.37624701643986347,0.29030487747337075,0.20084307038399585,0.09744057213528501,-0.01742492200418655,-0.14740124747192423,-0.10201699827991267,0.12382534741863271,0.4631406255476048,0.7081208798387222,0.0,0.0,0.0,0.0,0.0
2025-06-01 17:56:59.840,1,0.0,0.0,0.0,0.0,0.0,0.0,1.2999864886426111,0.7193470287501236,0.1627728872885822,-0.1997400752152671,-0.44425561593916796,-0.2825779220416256,-0.04946450851669515,0.1136313840904919,0.28595192849451256,0.4327528824667142,0.6020067684591417,0.7652997340844664,0.8648337603525498,0.9233048355577226,1.0219331149813922,1.1292955183625097,0.9303542457262286,0.35765330280835933,-0.211737477010842,-0.550545474791315,-0.4964098652780894,-0.2675871645796678,-0.05098518363063809,0.11418006556281113,0.28609490600033194,0.42048277713614635,0.544034041257818,0.6396273670332372,0.7280641436970345,0.8172586240469274,0.8675837933395212,1.0589310986768279,0.7654005950740559,0.157448897429885,-0.22475026228179912,-0.4627559860117878,-0.4131819125865306,-0.33735012670415787,-0.2240417280369329,-0.10208230206204139,0.021494049609459553,0.03229555476344037,0.14225532176938838,0.28450174702072295,0.4414308266531889,0.5095327422108651,0.651534393590873,0.8494357525407885,0.7373608896411395,0.38073491512263147,-0.01820144072915575,-0.29714630425148936,-0.3786977847260844,0.36156191030025914,0.5042352100510008,0.6655966992243081,0.6851847655961867,0.814147370535075,0.6486037140651771,0.7072763766277174,0.6631773221220427,0.6394646573674275,0.540761875773844,0.6012703569253117,1.9481597224506342,0.7780217510477778,0.017554254282795112,-0.5637141310280551,-0.3505736615833892,-0.2891507459921867,-0.09499010586810552,0.07889423429233888,0.24797551256700712,0.4510243371446847,0.6170442457043266,0.7800537908168317,0.9537253075188649,1.0971836151740852,1.268260777714161,1.4174225860149314,1.662939942136054,0.7907617922836994,-0.583353821364105,-0.6958175382813617,-0.3562951132025889,-0.07956528758858816,0.1317369011768521,0.32228172306673786,0.48319569917715666,0.5908920377845284,0.7677323204013313,0.7412826500087923,0.7690825469482464,0.8035726625124998,0.8091036992388226,0.8163115696592949,0.695176717653109,0.1912023920108078,-0.059678384169493004,0.09143828211977101,0.23788430316659226,0.31664182101465355,0.3698984313032725,0.398242522852307,0.42878916977581794,0.41359201392867617,0.42201123262524165,0.44482446291959565,0.4363284413911943,0.4243327237526098,0.38804340663232273,0.2840276173674984,0.262125620833254,0.30705103879794515,0.5442517195939578,0.5509402379857677,0.5148187829894673,0.6792243281933472,0.41242124673119235,0.33944297046888555,0.4603708927224638,0.0,0.0,0.0,0.0,0.422063492723884,0.8589319075945356,0.6144159331920029,0.3972403765731113,0.479796194199637,0.6341375889716175,0.5419816511037807,0.4399617694288219,0.3490082593750643,0.375237868108518,0.4044628166995614,0.4851069128908456,0.5301027266928218,0.7011066034587459,0.7488825353688138,0.8390020478767466,0.9189269110713778,1.0164886605568075,1.1111020650948067,1.4840351006891352,0.7502769855040103,0.5506507075574364,0.40695766364635655,0.42477844040624557,0.6225486393755415,0.7587223144113464,1.0056429346118372,1.1182152529963132,1.16455997420074,0.7028728050447786,1.352033126257107,1.3476683857942628,1.3561979047555894,1.2436176493604298,1.219457820267465,1.1473183632439687,1.0701636481770076,0.6734165067953597,0.563315714283071,0.682448376887743,0.8372524744604113,0.9171082083549329,1.0649752909725065,1.0561037857473854,1.0732437938305912,1.0565471233825425,1.028617597993163,0.899405648022593,0.819008197433842,0.7215950605566901,0.6105767376531847,0.5241983793411995,0.38386660507978737,0.37485061008028303,0.5909632601075957,0.7220889125734843,0.6177666004262582,0.4577166739748667,0.656985428707458,1.0231758437564205,0.5502419055726195,0.6544180813057187,0.5373893559760201,0.7866991581322598,0.7698073564098323,0.8212968852325788,0.4155204628138198,0.07431053356499479,0.11206687334418491,0.3872443994526853,1.1427760374873972,1.094197401018851,1.1134707197411498,0.8587010121105041,0.7164074045285156,0.5255293136973274,0.2901474717469861,0.1885208732632826,0.09875479958091282,-0.0036854093854781222,-0.13487151822665122,-0.20683242406258262,-0.2964053008519929,-0.2604659238130754,0.09546054762782302,0.8574465733406622,1.1623963595334765,1.0936814021803,1.1219250930103213,0.9964418776561057,0.7526971235709783,0.5137886988765226,0.31396194617507267,0.33284527786497287,0.03835343364605337,-0.07558352591169148,-0.1581194731349459,-0.23151406764078342,-0.2451822887471382,-0.23965067589767725,-0.07655789898882837,0.30422222435446195,0.7296169632396474,0.8735568021342763,0.8759358964461536,0.8533991159051741,0.7645375445783285,0.6805910149929755,0.5648986664835143,0.45575824883740346,0.3869304197476082,0.28943089417849555,0.1849967443767433,0.09295421398368497,-0.03600785931129735,-0.16129232121823944,-0.07058590783582835,0.16061378026280748,0.5067129963779332,0.7199588149434533,0.0,0.0,0.0,0.0,0.0
2025-06-01 17:56:59.843,1,0.0,0.0,0.0,0.0,0.0,0.0,1.2605502675379894,0.6894120898990448,0.15625862765030563,-0.18658742790917587,-0.42367343758376336,-0.2533376464673074,-0.05030635041461706,0.1313631396570415,0.2943251714605041,0.44800799983737605,0.601793550487205,0.7507593311068851,0.8474079299250157,0.895261841774485,0.9986057004615111,1.109480610179607,0.9351810771643358,0.40788339463705453,-0.13067498568081748,-0.49122044349771027,-0.4525615749708505,-0.26075950992720975,-0.05312579814111884,0.11904905162031665,0.26589226651954156,0.3963638496119497,0.5513348069803091,0.6141382114696695,0.6960010122852422,0.7699558518235124,0.8162543104065367,0.9587282275087871,0.7159413529631842,0.1743553064414372,-0.19172270391236612,-0.3663357872957863,-0.3678938685403398,-0.3196863428687583,-0.24900656563073464,-0.14069447731630735,-0.026287987131710433,-0.013371206936303004,0.049754424838659106,0.1723173757065133,0.3623067505335743,0.3863153930100363,0.5207741203692701,0.7208447944764171,0.7567780024114547,0.39126166954950103,0.03215614753653506,-0.3191738226052768,-0.3891926948368247,0.34959968905367683,0.4972283476752799,0.6015642630612377,0.7242812126124296,0.7580396331568792,0.5198331558612231,0.636803255329938,0.6168367448203103,0.6857712134513706,0.6374724005809129,0.740322441727483,1.7674263939459451,0.7210606641672119,0.0340951593337846,-0.5255114003042362,-0.31764000153042904,-0.2875785194349456,-0.09353727976137116,0.05759059685129975,0.22077605803017764,0.41160316366742,0.5657442783674653,0.7158871311618487,0.8840534496716425,1.0191735763837564,1.1787217634399305,1.3021107365142908,1.4988518287725483,0.6389567720790736,-0.5206518349309494,-0.5972336285481682,-0.2797023067369735,-0.032156060308757395,0.17000271576224435,0.3352598128915758,0.4817761785056709,0.5701183246634807,0.8441851445084207,0.7079684185515274,0.7269708244513303,0.7472785690052762,0.7407514061231025,0.7326908544908826,0.5863158090010512,0.24612313566633887,0.059043756169460226,0.2172224098765385,0.3404504438234579,0.38504026042352124,0.42327648635206283,0.4227197409414676,0.4443217629779044,0.4219767438121027,0.4182848414516469,0.43429791084803293,0.4056984895879838,0.3862589069414635,0.3156689575054453,0.19332619526162398,0.17171615997974105,0.34410711959646456,0.6041533965141653,0.6226643432017995,0.5796592962732732,0.5915995047593596,0.48653610960103305,0.3489910637362535,0.4993433764100401,0.0,0.0,0.0,0.0,0.41274670767669,0.9775478387701322,0.4124242126712421,0.335925169064637,0.5068189721979515,0.6749130907772035,0.6006802026593663,0.5121279510041213,0.4322084606288852,0.45410826759767486,0.44538974952370536,0.5038901110364655,0.5235027505279422,0.6588413916803049,0.6798915637683038,0.7456786264458259,0.8029465762462995,0.8922512543798482,0.9664028507157669,1.3207082395367828,0.7311940664642156,0.5887762433391857,0.4863883275840979,0.5056251168713093,0.6993366610562426,0.8088524417090444,1.018281159679609,1.1029895587267304,1.1091633327382315,0.8075617217081041,1.2484880674370258,1.2354236513020425,1.2242391478849053,1.113166735359199,1.0883415670061187,1.018995909651999,0.981529356481397,0.6976188051935615,0.6361774796913008,0.7788210870595267,0.9108586737275712,0.9676536497121224,1.070551056632501,1.0316885995423009,1.0468108095994277,0.9871151071451618,0.9587766586984827,0.8166180443258154,0.7238501710425592,0.6297551028468009,0.5270354830867647,0.4393049083590137,0.2955238672311539,0.3219724027728615,0.6628436444251609,0.7937500031591213,0.7154331443462499,0.6270515907596285,0.4712439561935371,1.0878136315602744,0.47741300080116383,0.5650332856084489,0.6630318407106657,0.6551707501779112,0.7673520292903796,0.6029050011639768,0.27660298066510414,-0.005917251258293732,0.06280023708415339,0.4738362826927854,1.3481609105670866,1.230352386173147,1.2041694524586628,0.925835522495174,0.7218635629384702,0.5167809239857712,0.2747840741108989,0.15563849312504696,0.07075144675754652,-0.07114963381625028,-0.2086073786086443,-0.29920152783648213,-0.39787864294710007,-0.30586418432437873,0.21464808332680058,1.1092585483330941,1.3044780931948372,1.206821753216112,1.2508361448655343,1.1193826393317783,0.8340205433306362,0.5616759989067217,0.3229031428979412,0.25149515235706665,0.017384355590886358,-0.11714992749509334,-0.22789473648368297,-0.30538072182650944,-0.33802670658553113,-0.27632667173081144,-0.051973196777384656,0.4198023191146097,0.9066964343452679,0.9935074083908635,0.967665751557688,0.9247771239573395,0.8253957525063664,0.6983535028861536,0.5715863082037937,0.43797370016787074,0.3771819170757478,0.2514494920220216,0.13593320352218052,0.026015360881530558,-0.10703057395237114,-0.23772500806041263,-0.1660478836272704,0.1684435780734872,0.6296317959578249,0.8150885128401006,0.0,0.0,0.0,0.0,0.0
2025-06-01 17:56:59.848,1,0.0,0.0,0.0,0.0,0.0,0.0,1.1986755536578981,0.6362009571187194,0.15631630448998213,-0.16877585747176382,-0.3943275399966909,-0.250479113948073,-0.0645701841140166,0.1010982374565409,0.26317634376231147,0.40567009825658396,0.5543555054680949,0.7117794862638925,0.7900486718656126,0.8219485065739668,0.9422154428851442,1.057040224954898,0.8896308272572068,0.4041844130119388,-0.033089361237203074,-0.3727515692494189,-0.37343442086751566,-0.2375792433118432,-0.062499225251363866,0.08160040203719632,0.21474600869752147,0.34345233413895837,0.5459270950445972,0.5368740604303538,0.6100081258214194,0.6845061742510326,0.727050683959116,0.8533495541237747,0.6324734583778509,0.15209691559444954,-0.14405646177294607,-0.348367102810308,-0.39086143843866494,-0.3107927175222821,-0.2757750412131078,-0.18492947689771044,-0.04984998958416642,-0.07141909290109882,-0.042943093883761385,0.09527476229991327,0.26189909127011357,0.28915189561393967,0.385785804432047,0.5641709904655441,0.6312999492887642,0.34581594680200917,0.05401530491011064,-0.23670002393701506,-0.29099831848085844,0.35554209123306496,0.5770309370437022,0.5188210128604354,0.7461875622278639,0.703937741495544,0.36666029259623256,0.5305501150140536,0.5474076981818374,0.6241404430253765,0.6805889892357617,0.9638425339946188,1.486021625540109,0.5893591864455698,-0.01636129463097913,-0.43212901708749984,-0.2847063414774691,-0.15216880659676435,0.0215912523203996,0.14218629584294495,0.28023756930450894,0.4393138028332364,0.57535076472555,0.7121020830044236,0.8553056090620278,0.9695491317172824,1.1023111615703516,1.1920444208670014,1.28838636028372,0.4254077315706855,-0.5274895816544922,-0.35890073929749833,-0.08425661657988726,0.12658931252980277,0.30239337360842544,0.43273466487280743,0.5553688077824832,0.6199716266536581,0.8092193495245845,0.7162374524512851,0.7114768747677788,0.7155284691093903,0.6805116749440708,0.6418197972790876,0.4410393484468752,0.240594328171151,0.2456696609797494,0.43596706837296395,0.5297278761790241,0.5452910282141314,0.5396140714778725,0.5171936683674847,0.5072453253020455,0.4759072888140563,0.4465663034652687,0.438657999052225,0.39681584333055575,0.3452579818411594,0.24536884792415437,0.09065459321037328,0.06899268154154087,0.39310158947311624,0.6867612582258917,0.7244421135823782,0.6794629003449313,0.575912730636978,0.5218816811705231,0.5745066965564467,0.5489887469301189,0.0,0.0,0.0,0.0,0.4086424028187994,0.8867940388938116,0.39326817406697123,0.2757178760651703,0.5414123159660367,0.7300726494049152,0.6767987407733884,0.5861038669159399,0.5347437818023877,0.5477177350905618,0.5251141058372704,0.55203911497988,0.5460530391821949,0.6473528604227092,0.6535188903387659,0.6923485336737185,0.7377247349041893,0.814953288732817,0.887924602019535,1.2315843060858935,0.7528993386221972,0.6467920804977229,0.576076821876234,0.6009287481622605,0.7956680616922938,0.9057867346022772,1.0927323123746118,1.1489787197641161,1.1380622144293049,0.9111876402476491,1.236060555247351,1.1961689132324205,1.177825739967802,1.0626887466798545,1.0319645711097696,0.9541240551142139,0.943340767806918,0.7489504915295218,0.7285847250075482,0.8724949485596942,1.0235875841697686,1.0516747834473466,1.1361572210057416,1.0955080604845613,1.072671694494637,1.0076502584867182,0.9542718637869418,0.818624089134551,0.7048002554543656,0.6117108918750982,0.507445505860329,0.4057206019799565,0.2512576635859312,0.3145633749947513,0.7364423701668964,0.8752292039190047,0.7683854020972524,0.5429948039726038,0.5565891042406699,0.9937851116258708,0.4713308656737019,0.4578304116733415,0.6409584350620017,0.7013430823476354,1.0107624708149223,0.4768475985434111,0.41802694954236497,-0.023232268222737384,0.08113188817725536,0.5649125686617735,1.514327326417883,1.3441713005290683,1.3519115446231416,1.0655642584809106,0.8303168328350419,0.6315194186709827,0.3569033383967153,0.20106089851041187,0.11719935466138276,-0.041231507383528765,-0.19196240412148136,-0.2932466028621201,-0.4210130068155248,-0.25960024120043657,0.29113387332817714,1.2792428729146792,1.4286926556721156,1.3288260085191768,1.396054256287067,1.2891996191541308,0.997357921495102,0.6909841462142554,0.4242535978229427,0.2606971009118334,0.06990597389993902,-0.08075840092502506,-0.18998503368390485,-0.2901314793769445,-0.34965162360406443,-0.2602091645855462,0.0038927014107242863,0.505947414315862,1.037700644741441,1.0948653339660948,1.0601239786424004,1.0298256697296126,0.9553465891622346,0.8197545879306132,0.6626741294329079,0.5199378609465426,0.44909210162822033,0.3111662068449621,0.18877154961362685,0.09104859829626066,-0.06987929834726514,-0.22423766534497486,-0.16502876996246416,0.1912124363029356,0.6872175579714123,0.9070636348854484,0.0,0.0,0.0,0.0,0.0
2025-06-01 17:56:59.852,1,0.0,0.0,0.0,0.0,0.0,0.0,1.0615456812659019,0.5073113127017763,0.04955507936622017,-0.23360061581840658,-0.33615706986217875,-0.20157435401594437,-0.03374093239353271,0.0966232713915891,0.25504287019117877,0.3894173584637266,0.5121396019725091,0.6612867755588078,0.7241471049253987,0.7589863563266677,0.8511653879673602,0.9242445500097042,0.7609226593379881,0.30575176214782823,-0.07147173726939093,-0.27676294580605154,-0.2667810486921123,-0.19988632351017,-0.045865055228530904,0.07725977138758511,0.18241130513292814,0.29081421479840275,0.5674827364555245,0.455208838858323,0.5060589882161748,0.5762859446094246,0.5972495002012772,0.6364928722639429,0.3535559192478927,0.05602328242857829,-0.1668212080683732,-0.2847853526864489,-0.28979276843964297,-0.25888991925006477,-0.23456634284577838,-0.20393408589117923,-0.06767295318055466,-0.11648950118571844,-0.05378136639473663,0.05786683373613111,0.20130265964377658,0.22780317503615816,0.3244587552860008,0.45774809741276806,0.49027499375448924,0.3212733749425371,0.13061981757228724,-0.0813445395081216,-0.17005176609612116,0.46675605357941213,0.46483842119586394,0.7496414436728529,0.6591161110069533,0.6747385045340936,0.5497627172310737,0.503637128437557,0.4833662630687697,0.5978260358151428,0.6024866066301086,1.0538198492170747,1.3334118589971802,0.5119618096948346,-0.013146828766562368,-0.277484903952806,-0.14722478219356328,-0.0444738346419995,0.10775112847327462,0.2059540037645744,0.331510821932953,0.47147228327287194,0.6017778220446912,0.71523589171872,0.8397207904439344,0.9343558078338301,1.0484609255113386,1.1169186571900775,1.1453935031019715,0.28057148007884525,-0.4635914508565496,-0.18320924216409562,0.06114023777003852,0.24078179499351138,0.39511769284052844,0.5029477524602091,0.6041507396623311,0.6572234006410935,0.8293954065367986,0.7241377677768206,0.6983390525659307,0.6932794797572556,0.6396066771336096,0.586653127022307,0.3493618250956597,0.23103614682308166,0.393415544433226,0.5955519080417808,0.6529590473115723,0.6440073548691985,0.6135386744477185,0.5813665466750031,0.5584355084801675,0.5204580739562845,0.4784474013717044,0.4510563087507453,0.4072841999976755,0.3327211181020808,0.20789026709362568,0.0426810568196383,0.0074478887499846436,0.45869127678937216,0.7622432073107586,0.8018523461203895,0.7472699682869666,0.6354670382656127,0.40561808003494354,0.5515098782841039,0.5609327443435784,0.0,0.0,0.0,0.0,0.4629001832908153,0.8000943412045423,0.23292913160023893,0.24887765508295756,0.5531489478003848,0.7695432240380344,0.7275725968303035,0.6485570273786682,0.6044738314542588,0.6266038060603052,0.6212230342893319,0.6125914434739985,0.5864318433442044,0.6732292526583681,0.6504819471991672,0.6657808309748388,0.69204308474851,0.7490499349756952,0.8106229261816931,1.1382325289894326,0.7810731649624965,0.71805046544563,0.6664253933688156,0.7008077651694755,0.8865235899335169,0.9979266237770692,1.1560934727646863,1.1922313919829393,1.1604835156301265,0.8088695868802589,1.2156803093741173,1.1619595994741885,1.1233155979170804,1.0167307794448792,0.9889685165175154,0.9245672353726376,0.9814114075415773,0.8532071665947814,0.8332643852821074,0.9624686140503129,1.1068552725784269,1.1032542263071965,1.1839187422026725,1.1099449632956186,1.0846944888313725,1.0019049681631502,0.94484115571833,0.802088998074643,0.6924036415507558,0.5958043651642739,0.49630448114504366,0.40180913901181203,0.256780333188476,0.34995311291302983,0.7679642797398402,0.9005604830333321,0.8114752365590036,0.5198017057848588,0.3546581867646521,0.8303556920847376,0.458441535378368,0.5767411967180887,0.6144102182140043,0.49187944019801383,0.9013666581041656,0.32096935344431987,0.45277457834745705,-0.016353251903563515,0.07094285416553336,0.565967321048578,1.5764791583950604,1.3803565218809706,1.3501467827659082,1.0713457436863503,0.8638434808904052,0.6619114539602164,0.38418864315949386,0.2256341312447776,0.15458434407011734,-0.03183107494916504,-0.1739394676231366,-0.27977655892661635,-0.42672310906231675,-0.2583901083785075,0.29493486444104794,1.3116995717076187,1.4480988460079607,1.3758295644918297,1.4446498281824907,1.3556008442900318,1.053710850316722,0.765780880033909,0.4854190185579601,0.4792582138892584,0.11172998204145146,-0.044904100304973715,-0.1746624946040055,-0.2732548896990413,-0.34517093884162625,-0.2402760983797625,0.010302864128928724,0.5256754731491735,1.0800320284223028,1.1268225773230582,1.0788470128489882,1.0490614452295874,0.9965011869199838,0.8593159618017152,0.7024941402849647,0.5686878761414538,0.465500503998187,0.3377712504839905,0.20597672294600233,0.10512520792183622,-0.048105501877002244,-0.20721363930439668,-0.15173558139115606,0.21679717043865165,0.7441186280416946,0.9400498959397805,0.0,0.0,0.0,0.0,0.0
2025-06-01 17:56:59.855,1,0.0,0.0,0.0,0.0,0.0,0.0,1.1692151324593794,0.6035596074646438,0.16125019811502983,-0.2856759964922983,-0.41847171612041356,-0.25299129593549596,-0.06455787245222,0.08041508746181225,0.2454071116156048,0.3936145322621618,0.5296573382732412,0.6694450578812331,0.7475463664994266,0.7920869423496543,0.8803560408664962,0.950667134826917,0.8074664503126932,0.3701424336109797,-0.02906522821275548,-0.27967826168325205,-0.2790526574493032,-0.20611739807032858,-0.064366246591536,0.0721458337311569,0.18045268577596363,0.290670122991765,0.41272168453209135,0.44710168098736636,0.5017705342575014,0.5673949991610754,0.5918793868362984,0.6282974181487416,0.389267886953599,0.06368189512804945,-0.17968326449538113,-0.3053929601248423,-0.2972647376176234,-0.22931683929074465,-0.1869861507464856,-0.18710029695613384,-0.09162553203024537,-0.11491917382884709,-0.043845099879740834,0.07684570501278187,0.18414667113132,0.25508254354501586,0.30939359723978244,0.4477993546986582,0.4759218026186225,0.3330542036511945,0.14764432393164995,-0.030712711712086227,-0.11453455699552917,0.27530101619138253,0.48597362104791864,0.9650050047539214,0.3933139839181249,0.4658763301210278,0.8363626141756215,0.4176002651790579,0.45799295299714665,0.5818682880944528,0.5277520433835827,0.9955634742809136,1.3405069005003745,0.5064150609491878,0.03360106304224364,-0.24061300246390815,-0.09405903841193397,-0.005356291695672422,0.15991235998132503,0.24551899483480555,0.3716640817363197,0.5046552529723609,0.6425163732389887,0.7520725884464554,0.8649384124399592,0.963594013292989,1.0595804985730533,1.126489476857154,1.137767757108002,0.25207439353871036,-0.4038663062009967,-0.1206975707041249,0.12509383196771906,0.3149865025755785,0.46698157644602034,0.5590022360620144,0.6603192639171263,0.7045189909836986,0.7553044323396236,0.7659583702228139,0.7244235040965868,0.7223394212129818,0.6569043799622093,0.5913602295473606,0.35275601555721936,0.24712022261630906,0.4416029312729718,0.6433798662136478,0.7116490142865726,0.7134670481861904,0.6740652735077346,0.6412615548491498,0.6168745230972159,0.5841745001185583,0.5329864835302662,0.4970821304072479,0.45086996886295894,0.3717298840906804,0.2309218347677927,0.05592292059618542,-0.016329596565227977,0.45061698544263895,0.7756792708344099,0.8350817924434388,0.7830506656432796,0.7278043199056476,0.45898775665942665,0.4393629818345364,0.6645820446395796,0.0,0.0,0.0,0.0,0.6971467275174048,0.7347519070435313,0.4446102111858524,0.14950569266645097,0.5120914104725736,0.777030337729486,0.753934196667112,0.68868518915221,0.6511373810518275,0.6780253379443455,0.667700636366328,0.6362767948815593,0.6003273771106428,0.6691973493571601,0.6310498730442609,0.627930040834344,0.6402493558782392,0.6695469857845671,0.7165766706727756,0.9644185613574479,0.7659517878186095,0.7690434344866003,0.7358055832074353,0.7950447949294654,0.9661010181463372,1.0749366847176423,1.211954327786374,1.2290220386181845,1.1824414794719107,0.6985883578861445,1.1930327222890598,1.1333389959496443,1.0778349797085043,0.9660159381543106,0.918295246600522,0.854567572891735,0.9749780330876833,0.9500870771207421,0.9444127624313848,1.0814304814193052,1.2200702988280128,1.2062522264384852,1.2438519279410434,1.146894333337961,1.1067209947808432,1.0124009969895447,0.9372114285966204,0.7968093029383693,0.6648106171578124,0.5655222365899475,0.4643572849014861,0.3636723671244278,0.2221735068860095,0.3882209774203417,0.8533679378581359,0.9678345207388804,0.8544593723642356,0.6417777638250306,0.4857290813428,0.9984747975383231,0.4385577109433882,0.5767411967180887,0.8291399975767164,0.5123106854351969,0.9359632891883364,0.24451746655041284,0.3781082503551385,-0.06205964974876976,0.05287170845137057,0.632435722734036,1.7062016671893785,1.446141767290528,1.4429982018268395,1.1345813792266388,0.9112287654542868,0.7230842107122624,0.45168748983394647,0.25504860796146556,0.1690211614089061,-0.041920079648345654,-0.19764052979192515,-0.3047719458786159,-0.4559616662192185,-0.2549591928445625,0.36958385449926595,1.397192155710499,1.51178353184095,1.4307108012903218,1.5195885499500679,1.4190510988441034,1.1291632390739323,0.8139239923805361,0.5188830468229921,0.7281306851262273,0.10767273617799034,-0.05052051215396869,-0.1920957159362695,-0.3050738117438824,-0.38365417861607476,-0.279889489009239,0.020594274842826554,0.5980930211987243,1.1861337769801428,1.1962609108615825,1.1418088412614353,1.1296720879666304,1.0725422479494946,0.8989603826874348,0.7488947655257805,0.5856467175850275,0.4763869222123731,0.3329053110231204,0.18158071422557498,0.05703954831606772,-0.10760844422631444,-0.27866631329084574,-0.22135448928492985,0.3389292464161088,0.8835780591155656,1.091612249875182,0.0,0.0,0.0,0.0,0.0
2025-06-01 17:56:59.857,1,0.0,0.0,0.0,0.0,0.0,0.0,1.0832600350693333,0.5203790056842764,0.0854713327071791,-0.3314921554997019,-0.3697733115335576,-0.23102641818583602,-0.04254878005764273,0.08641742726075174,0.2378435320788611,0.38479543863251253,0.5138082263513588,0.6312516765490538,0.7073476084498356,0.7397946450098168,0.8168851115667523,0.8685908447902695,0.721008824372699,0.27611958206092563,-0.05354324288749779,-0.23279296984389164,-0.20978483633378575,-0.1539886248004907,-0.02788445902470782,0.0875077777704012,0.18109527611172926,0.29005578544710175,0.5684864213425649,0.41762076861982067,0.46080748891092776,0.5102685745931247,0.5280002330274214,0.529510269961038,0.2270761726514574,0.016963269591193153,-0.117686744777181,-0.21109219760876374,-0.22302886811281764,-0.17554362606479335,-0.12801169994269146,-0.17884209445181776,-0.10933563138611979,-0.08385955409898393,-0.05002160995999838,0.041698718528903056,0.13555163687828864,0.23849994661787782,0.2651957314266914,0.4141436386414324,0.5190267656957125,0.35698104468912495,0.21270841050489153,0.0503032164077335,-0.021343357415819497,0.4183898945785846,0.36994854077228145,0.9732286482738965,0.421949329530091,0.4697181644860934,0.708660635596563,0.5608447635698975,0.5313721819105051,0.53855436462076,0.611243890738621,0.9612081009007232,1.3177244292584098,0.5184212223324385,0.06327256781810098,-0.15128841199523957,-0.016717703913410542,0.05644774740128122,0.2178585120521419,0.2942540063703225,0.4107173870031575,0.536555995328422,0.6667148548463997,0.7773511260706618,0.8754334711550308,0.9620978655624794,1.0388836412928955,1.102777459710154,1.0992515708052608,0.20727681677463622,-0.3466510816844004,-0.0389530672541174,0.21713447828819854,0.37607655827892805,0.5358366506774068,0.6108184088169959,0.6971832112575034,0.7414043983223937,0.7116072487597835,0.7796578458703436,0.7345738315707363,0.7330377243272429,0.6616484696473978,0.5897057732659494,0.3440880099105409,0.2134535586729318,0.46761368546158477,0.697958599937305,0.7513556021177761,0.7579218782137194,0.7207245052484976,0.6900013241795513,0.6617258640891941,0.6241221044032306,0.575764339936434,0.5329966655165859,0.4960920182821795,0.41848413321641575,0.27584516691862826,0.10043024372915543,0.010049824712322464,0.40422201945434577,0.7519337533172324,0.8294263134670319,0.7842014973790288,0.7094802634363435,0.37662920395647465,0.5341828220058789,0.8417598443090593,0.0,0.0,0.0,0.0,0.7991199223009773,0.4607124005197572,0.40247693092796366,0.06489280931115571,0.4679086662269543,0.750676193860211,0.7374675535382693,0.6685801476527936,0.6305760029862602,0.6635748191334676,0.652190571135161,0.6227982066158355,0.5831340049626834,0.6638343425624758,0.6269106088012151,0.6253313212267722,0.63650867770446,0.6598178528924252,0.6908431120008083,0.8997937852514957,0.7058265660144948,0.7357093684651576,0.7173684077503675,0.7785306029180572,0.9658573008465383,1.0955766890264917,1.2243638302937718,1.2529546972533188,1.2246746913028475,0.4391887851657868,1.2341797053764494,1.1733169255624727,1.1022530134783086,0.9930949966703412,0.9354948450771119,0.8270617628664569,0.9077010111494569,0.8884008454412127,0.9206098686361751,1.075344322370473,1.2265839007628299,1.2332327047325335,1.2795037967266207,1.1950482072760586,1.1559097580700213,1.0746433163585078,0.9890023637155707,0.854261323604535,0.7201767951714303,0.6088789868852833,0.504080961191244,0.39820610294038894,0.23694054335330705,0.31888794557143113,0.7972833679674783,0.9424700787838355,0.8075992482544788,0.54624898066322,0.46405743103015906,0.7273982331223773,0.3221944685889611,0.6803209549728628,0.7509464534342933,0.7364583885513454,1.0655982292034012,0.4352598874163871,0.5296630652060251,0.004593931814374563,0.07803540715093371,0.6090543538420604,1.658854413957635,1.4409042023606107,1.4604183536537825,1.1691918571988742,0.9811680144869575,0.808345207668228,0.5583646614185291,0.34979008737683115,0.26409659153490206,0.06990415078697576,-0.10116633776684747,-0.188104479248282,-0.36887089290378094,-0.2721487792320883,0.3100829745704104,1.3281652312533383,1.4941180141742787,1.431278809456484,1.5526102482207942,1.4874992777648142,1.2197991363666465,0.9165755459031855,0.6441037116433195,0.8658862761757679,0.22085873999773864,0.05013765984770857,-0.09596323988659217,-0.21124734493390207,-0.33204576170849615,-0.3114750558025186,-0.06870825748526443,0.5038659784031247,1.1124212274025942,1.1705594831634885,1.132753557347975,1.1395677813730989,1.1401755736236354,0.9712414121558735,0.8306014389015073,0.6714964139441302,0.5691760355708801,0.43030980695523313,0.284690033140095,0.15880035109056956,0.0010219361871375288,-0.19050358609258727,-0.26989108712197996,0.2750517420901817,0.817073503609815,1.087556658965892,0.0,0.0,0.0,0.0,0.0
2025-06-01 17:56:59.864,1,0.0,0.0,0.0,0.0,0.0,0.0,1.1282002911132116,0.5636000500968482,0.10718230717099653,-0.3849774557026908,-0.45883045341409384,-0.33250352512879355,-0.1353633842981279,0.0190321657846394,0.17896851265306501,0.33210894224344645,0.4733321871040888,0.6121329813189625,0.6930644198631728,0.7451154391170874,0.823399418875498,0.8819173566904398,0.7234003300286445,0.24484797210063897,-0.1526371564464306,-0.32085005375732767,-0.26649393266223054,-0.21446257176418793,-0.06700850426905225,0.05531643514575957,0.1648675379187321,0.28416277468471995,0.6796637422060622,0.41574552119949204,0.4612129328369687,0.5279920182749872,0.5456903975612124,0.5478612919306188,0.2026687034539033,-0.060656447884923886,-0.17313634708963327,-0.3177835044564157,-0.3007640601874658,-0.2257651313292094,-0.13834179029416205,-0.17634284854282967,-0.08821722220733541,-0.11011106357471145,-0.028425076709424957,0.09401185001969747,0.16729797626435383,0.3081829578397826,0.33335072486676337,0.47590858669283703,0.4546125627475843,0.30357685792744643,0.12135202629217567,-0.02278650735933896,-0.094947038167007,0.4373992180138316,0.3566184107775755,0.8976143830847771,0.2686558361559925,0.42606286016303374,0.6914219344201544,0.4467123991987688,0.5561740068781547,0.658515712918393,0.4792853467940178,0.9071256568313626,1.3820605310258085,0.5137867156353872,-0.025371045553039817,-0.24880740938492596,-0.09460318597702444,0.007249567526232736,0.167544142216008,0.27041217440181753,0.39429250504065694,0.52066068206159,0.6622912106606345,0.7849360090687334,0.8874556044210339,0.9820578921673686,1.071958175660777,1.176723362402226,1.1866515790483048,0.2931307438585569,-0.42934018561673215,-0.12084563825266659,0.14786694127352917,0.31941143441569086,0.48894588531073335,0.5794727190861169,0.6685661431496239,0.731805568154116,0.7152644524917602,0.7882107912233656,0.757081635426519,0.7643837527330338,0.713901210527358,0.656825663302089,0.44708615193556456,0.16475973372931652,0.3325518194512721,0.5437329594523419,0.643129447682304,0.6710564613154755,0.653051524509215,0.6525565323106242,0.6411811397502367,0.6224040650309852,0.5871939754340958,0.5553060006963493,0.5447445485379929,0.4861316305573664,0.37968997776667657,0.21394557774425094,0.0971812450586832,0.304550090096367,0.6550095275182319,0.729893535237053,0.7073678950412836,0.8071089316919435,0.49233987372409377,0.5640672328918177,0.873484257437392,0.0,0.0,0.0,0.0,0.670019112153721,0.3628539853731662,0.6523717317033138,-0.0004915729797681512,0.34942292028773375,0.6766826426197624,0.6741263522054426,0.6029234223614427,0.5717702008821797,0.6113510608756345,0.6358616712907446,0.6164833709179587,0.5897778638081941,0.698666791055937,0.6668722713720063,0.6638477054283614,0.6699366979401318,0.6722039907969006,0.6754431491828163,0.7284914723910048,0.5666381928477091,0.6683851655573464,0.6679807261459552,0.7497738689628328,0.9468087590383052,1.1175948647568354,1.2713113065623118,1.2966938692726828,1.2879478416074879,0.46222111185557485,1.29252525434448,1.2285618319543956,1.1473299796292526,1.0239027159644496,0.938917957525234,0.7597037237320028,0.6986780279096567,0.7776807117752744,0.8706309257836801,1.0679840420421105,1.2502438408408665,1.2730214412818561,1.3351398524565647,1.2582457746520121,1.2156087122377115,1.1460983041015562,1.0386698309030842,0.8974042134507846,0.7594650979777487,0.640511060255919,0.5230670445159797,0.416681333652167,0.2561060230987539,0.3504296635430086,0.8259217547715855,0.9888112611663012,0.6414859514410439,0.5750653569928506,0.5932630341855332,0.7123488828407724,0.23199276277323838,0.6718929391088501,0.5782752617478089,0.7069734991730825,1.0062639601663013,0.6693770554283109,0.6369123070486411,0.07855819463187064,0.16884591292010226,0.6927515067634544,1.751320469480075,1.4992477777497837,1.525065720233235,1.2198045613245996,1.039842866877571,0.8375813416984363,0.6111255733710765,0.39460837005709704,0.3017477662123438,0.12386560010689052,-0.03588020347383136,-0.11268417735467995,-0.26299033640830316,-0.17717941605703774,0.3801565316964752,1.3708551891468717,1.5249286916496876,1.4604262285533902,1.5799382805450488,1.5091489819250035,1.260872446557756,0.9564649686288609,0.6746128611387319,1.0269030893669775,0.2542443881398684,0.08280247736248403,-0.06308007484450151,-0.19306712616473376,-0.2983790200987726,-0.3238716928785103,-0.07200202886367402,0.5342215198608189,1.1393101712630398,1.204404076728852,1.1748573435434322,1.18662199095488,1.1946382808823968,1.0304607522854776,0.8697475564617605,0.7280435245868717,0.5940160397043512,0.43981675715477975,0.3176365302424129,0.185070205488562,0.018678501294524086,-0.16436699745862143,-0.1997168599704982,0.36267052720858917,0.9017119489455637,1.1363381445067522,0.0,0.0,0.0,0.0,0.0
2025-06-01 17:56:59.867,1,0.0,0.0,0.0,0.0,0.0,0.0,1.0664598163124266,0.5424282137243605,0.053521453781258166,-0.3927668444023361,-0.48862952328055065,-0.363425578825155,-0.1614433692817029,-0.005361999909701987,0.14355086877647572,0.30280286785004484,0.44785369506062517,0.5792570821317604,0.6671328018049285,0.7303778323801962,0.8030938954620491,0.8257925142860474,0.6619717718156977,0.18057423123841188,-0.28608509492758366,-0.41555370305207895,-0.33200445596622064,-0.25584594022729334,-0.09636474882251678,0.04575939449859856,0.16365706984577288,0.2813508521531798,0.578509528693304,0.4260171202182297,0.4836938797192772,0.5347349391627303,0.5453492219702101,0.5372601066982179,0.1286345638059842,-0.1313956939115895,-0.28310524655210917,-0.41579035477077686,-0.3634345292570377,-0.2620453418054043,-0.14584876091988086,-0.1794212624240793,-0.07882091769239763,-0.10784876381299713,0.030990910324272924,0.1792243963625042,0.21271474242333277,0.3668282032199504,0.37179387913075856,0.4877922560329416,0.4229190749792142,0.23245147466853816,0.021082287248546328,-0.11146492433370003,-0.17635333543638132,0.40372219576048135,0.3583575467643215,0.9950049453079062,0.21741502900155052,0.37658232715481244,0.8619423023388328,0.5387759162314666,0.6256030535166275,0.5264014866734192,0.5159424504533807,0.6704627193522419,1.3914488442709219,0.48857581507896597,-0.10829376176608829,-0.3695557199643864,-0.19361312356243676,-0.0764185178929595,0.08853893079081243,0.19292448428091125,0.33622578371237255,0.4777388776326901,0.6259912923590945,0.7423957828107275,0.8590006117180694,0.9691154013184735,1.0728391384785205,1.1972296545135044,1.250362163680728,0.35920891395617277,-0.5346004204339038,-0.26182796296756194,0.02450395802856775,0.2104203996876357,0.3844296331140815,0.49975554607348327,0.6024206186756222,0.6776904649295041,0.6070095523600465,0.7570119860610884,0.7535613707821592,0.7686294372126538,0.7458961476920046,0.7123182560338996,0.5597964893962076,0.1470595887124736,0.16940165512594574,0.36400879131795705,0.4777515321630428,0.5290248946121194,0.5357853174025571,0.5651347192573519,0.5716311266655829,0.5732848097070604,0.5638167238891545,0.5539428150392058,0.5611978907285233,0.5314760235841607,0.4547624404856204,0.32056314419924037,0.1856901645851753,0.1979017770020849,0.5405819067056366,0.6051113214827075,0.5978326991797001,0.7509931785143742,0.8129669898781446,0.45293782848870284,0.7623249940540662,0.0,0.0,0.0,0.0,0.6670038529149978,0.3125849343573605,0.6025776084115374,-0.09833443507057049,0.19152606992967253,0.5811208092113272,0.5883628724087924,0.5221271513369071,0.4751881804372706,0.5337061553681628,0.5795989709644256,0.5841567135528436,0.57402612857737,0.679228540768746,0.6552653977720062,0.6630868599187763,0.6670346687835087,0.6589299121373973,0.6163684844733279,0.5171005635247834,0.38851004023682123,0.572892603957411,0.5909032198220803,0.697022898531255,0.8995044316914866,1.0745530181588259,1.2433070448172314,1.2923492637790244,1.2814539439717676,0.36961467635363915,1.2876748396469138,1.2335609301788364,1.148323839076724,1.0114838825935162,0.9093436468708174,0.6864977120920348,0.5116074618393465,0.6386894255947593,0.7877816079516052,1.0184079961080796,1.2010948014869203,1.2512957181615227,1.3304530354309252,1.2544685742357295,1.2338720444396647,1.1525939614966165,1.057658304311647,0.9035590651071729,0.7684156880544325,0.6511252532695442,0.5337226752667489,0.43034875510792525,0.29850594477291215,0.38821256835051304,0.8211279341652423,0.9817613846690619,0.6276763247728472,0.7247949355356536,0.6257023146178537,0.6249060027461864,0.34200819397480103,0.7964351385734448,0.5544898126808981,0.7295094806223359,0.71573287638483,0.7051838395088541,0.6735177330162391,0.18370645895677312,0.2980656645360294,0.796942855500369,1.79514582343079,1.5202606922664315,1.4908999640281881,1.1978493207399752,1.01656051390184,0.7923223054066311,0.5620436702810523,0.36951556624263326,0.2674026018640401,0.1347802632926396,-0.004127897960053972,-0.04726781725331208,-0.1452421661506733,-0.055995189374049015,0.47240025990870244,1.4192394401339534,1.5375395017837907,1.4518186930352108,1.5589992832357877,1.4588305492502693,1.2107787046732197,0.905193615945185,0.62686840048749,0.8805231119013689,0.2224062053771092,0.0675255369091956,-0.088732824764169,-0.21039875052677526,-0.29787045437604354,-0.3237710611184387,-0.06557377556962124,0.5270969177876876,1.1394641629523656,1.1891216421928084,1.1433222514742365,1.1634884700405508,1.1434497173955722,0.9901717850016087,0.8326092862159942,0.6871952966348887,0.5626512601954756,0.41510779962370115,0.3060312079097458,0.18729979788807283,0.03654815380651233,-0.11122345577544096,-0.11918537421200875,0.40489647058625056,0.9105754628952153,1.0887444071437313,0.0,0.0,0.0,0.0,0.0
2025-06-01 17:56:59.871,1,0.0,0.0,0.0,0.0,0.0,0.0,0.9201856043380995,0.4560563680740114,-0.005036461674664372,-0.37220712979072196,-0.46674355910259535,-0.38123788062963715,-0.2011437877644684,-0.057816628469257614,0.07897707612464477,0.22492682468704073,0.3744657868643803,0.4986233651283435,0.5811587184496732,0.6455144038974657,0.7230858603999879,0.7345143598217915,0.575852694107003,0.12579327497065707,-0.3327875612376776,-0.4441491244559018,-0.36351384124749775,-0.27360012608712336,-0.13618141079415125,-0.0012054459195158795,0.12069542981960746,0.2449817896353963,0.574705632864345,0.3849154125090012,0.44445859524870973,0.4938588127927185,0.5230745179340253,0.47749031593984015,0.08615824126336413,-0.11365841521658376,-0.2804152791901939,-0.4043176170234809,-0.4109451107553398,-0.3102589146195227,-0.1992173615470817,-0.1968389443188091,-0.13043982703373724,-0.14745127511301193,-0.04670826750041612,0.10438624324044399,0.14328075989440714,0.2757537663744883,0.28263159445653624,0.44753473741112265,0.4507524056425679,0.26042493226595836,0.05643547211107913,-0.13568306521015605,-0.2284041678028459,0.5293193342794091,0.4120878114423093,0.7486138421529367,0.49012112220703086,0.47915123531247017,0.7553921711553834,0.5494960551396456,0.8757855469846738,0.6233077276190262,0.5083198137838911,0.41018659668736446,1.3146220730207343,0.47538930323861284,-0.11387169936763908,-0.4187821691522806,-0.2732172049819721,-0.16554552553389712,-0.02409141974157003,0.08142393754753763,0.22123927438956303,0.3505166544036671,0.511124581238612,0.6361213222248547,0.7568551224968371,0.8686498532338649,0.9726165316212914,1.115769750292091,1.1690706461869769,0.34250544294400204,-0.6024572545555301,-0.3508889734289131,-0.09162650921354976,0.09016312750733269,0.26514843823119993,0.37341622205197966,0.47697581878933026,0.5551124013808897,0.7444137113982103,0.6521278684510643,0.6626146025027905,0.6921562637248101,0.6865023918970609,0.6583144068310289,0.5406568622437042,0.15956427999511258,0.12263331156377633,0.25743710761952654,0.3518112064036527,0.40385854897794426,0.4028626758874039,0.4356742671012839,0.447718048134226,0.4441020443677173,0.4435681691889699,0.44732317585704395,0.4614942372559532,0.44863411851748625,0.39870098383950625,0.2769905025801771,0.16239122499781444,0.14975385616742076,0.47799660830368196,0.5234106009989374,0.5089775401637837,0.8934689448548676,0.9134180648779431,0.6088562330492011,0.9334979287820557,0.0,0.0,0.0,0.0,0.5768098469579797,0.40529768607495636,0.6338456249068288,-0.1953437727207359,0.12216251751691726,0.5300779988748956,0.5232528451743184,0.44689266700529096,0.38061932098964446,0.43399303487146645,0.4640804599139541,0.4952040941904414,0.4811176776083528,0.6001588460403697,0.6027220972757086,0.6210637772899554,0.6352039243652234,0.6323966101683478,0.5762665245947012,0.3561312398924275,0.26634861134676346,0.48232795105963755,0.5089521130178047,0.6114738339675598,0.8170931841011833,0.9935246532814141,1.1627726627862902,1.219234072385469,1.2188401718620787,0.4321612209959605,1.2549343941804332,1.2065928220632913,1.1244618346825241,0.9886494381306067,0.869710928698589,0.5801362133154382,0.30387170691592297,0.4910908247089,0.6785076452792284,0.9216124989422922,1.119813919770357,1.1843527856125269,1.2744930047681446,1.2147180490219969,1.1943025706209678,1.123480768118461,1.0252522726237614,0.8827668317817475,0.7517235436297712,0.6376387308611184,0.5205004294431149,0.41497637345387206,0.28503170741384104,0.37942845739226383,0.8036056356471833,0.9533906018665169,0.5221742583214133,0.822036752248052,0.7634464875347066,0.55411792255739,0.538389988331466,0.5449586497811594,0.40920751417535134,0.7925656921354147,0.7028322154506192,0.7620074614610786,0.5570084588927988,0.2435598309231513,0.4112366405286297,0.9013240341442369,1.8609933112316663,1.522084494878629,1.4782972609391982,1.1648408910494292,0.9630940308870424,0.7490489457618072,0.5070083139326707,0.32279693085220273,0.213212235182479,0.10508747696472209,-0.014245220569172101,-0.03881892180737012,-0.07048345253489696,0.04385528262905081,0.5635535809166927,1.4915154037472267,1.5880441565036494,1.4471776227799278,1.5467651448431452,1.4160444593618344,1.171651470341768,0.850143033179424,0.5703007284481163,0.69709365430672,0.1643431870308687,0.01585959486658184,-0.15116875480391734,-0.2744064911480979,-0.35083932472266194,-0.3677672554730335,-0.055214669722962295,0.5388928607427992,1.1668265367121553,1.1737729604812286,1.1450879757826478,1.1474608894229676,1.1265566419554416,0.9578493237495795,0.8151160880948582,0.6430958237765059,0.540600056625947,0.3827307546149499,0.28815733715683955,0.17264246144237916,0.032850507443332067,-0.08939879159668845,-0.05935152614876171,0.41122788882588623,0.8937956387240723,1.0659391595305163,0.0,0.0,0.0,0.0,0.0
2025-06-01 17:56:59.874,1,0.0,0.0,0.0,0.0,0.0,0.0,0.7007936521275934,0.3200313747793816,-0.06854940170752011,-0.29553200331473356,-0.4081772859929481,-0.39389832302802585,-0.25522273163732934,-0.13154070071224244,-0.01928646855196392,0.11502023763354507,0.2552942347312566,0.38256303207383335,0.4422775136217097,0.5083887346106982,0.5764527139484958,0.5958101341087786,0.4208034884671785,0.0062893525639604875,-0.39909626395442743,-0.4789309225001494,-0.42610666383438256,-0.356088315612652,-0.21121959907633803,-0.1052381411934542,0.01062648570699598,0.13702832773601004,0.5205272259117856,0.25975899287993887,0.32528306055538986,0.3764344550914098,0.411144736237469,0.3249141827131749,0.00909965613887631,-0.05735979471943828,-0.26501240872867765,-0.4703998015594463,-0.48429983678691224,-0.4058507205553794,-0.34669381033856395,-0.3060993487570073,-0.249549041266793,-0.2874993009874941,-0.17104828256604432,-0.05562472840651478,0.054373001022324896,0.16037889377583514,0.2769644609702665,0.4706851866909442,0.5718440676225535,0.30653249754688794,0.06966248531457464,-0.20858398896482944,-0.35246410534154293,0.7882072063208196,0.43121674616372874,0.5700360155864468,0.48301480316263634,0.5860308618227106,0.6360856046044437,0.5815183515321574,0.7204188098514788,0.6164054247629513,0.771794201715205,0.4582527247824072,1.3100607111540084,0.4885088164151248,-0.13513409242871322,-0.49715606809368407,-0.3823362783733101,-0.30452777650145646,-0.18013849984800578,-0.0676337868790029,0.07261326959272507,0.22336899855030645,0.374324189932451,0.5032614937384521,0.6395941286402619,0.7547211809172161,0.8800805534383485,1.0174154814048624,1.0602446306541484,0.311538419975955,-0.6551977840920998,-0.434676825678844,-0.19933009840276705,-0.03350390653075763,0.12866344202984092,0.2424360894539881,0.34870893442254314,0.42402130365630875,0.7936139663181949,0.5246960031864503,0.5621594747601676,0.5766104677127281,0.585933540183102,0.5755215209682054,0.46396139209091436,0.20909910983631208,0.12369682143286942,0.20884270103455416,0.2712971384017584,0.2833475286423164,0.28307960604125326,0.3085761516993557,0.31861673563159965,0.3103651709553261,0.31069628945141714,0.3308712922903627,0.3210585022277683,0.32324274114023144,0.28013138192805764,0.1697195079586029,0.11526803856206802,0.17649608495563718,0.4795126180081687,0.49339962388768904,0.46187667971971136,0.8223395335062722,0.9085344228696395,0.6464017973632368,0.9875931882167837,0.0,0.0,0.0,0.0,0.3693953140303782,0.37418848150613865,0.5555841380672291,-0.1653907219115091,0.1400620735215548,0.5202775122817435,0.5012193717079088,0.4093259651996758,0.32133751842068947,0.37715529897032707,0.40233579381965257,0.4368967181761598,0.44171323896250136,0.561358801472855,0.5720751210584063,0.5991099550143935,0.6207157257511289,0.6263105144585475,0.5707025399483054,0.3248961964961509,0.21991719073158988,0.4378493361900625,0.4579842853786287,0.5595087554527571,0.7744741035873071,0.9451662501385196,1.1143348624803289,1.1748567633377445,1.1681016649471185,0.45881876861639787,1.2214352578721117,1.1783840175593148,1.0970585604508893,0.9603440464125371,0.8467904820710564,0.5306191472587509,0.21977748919129547,0.41532157871708797,0.6136600075869253,0.8586002609436398,1.0590050637192778,1.120851924464678,1.2232876453306645,1.166538259381298,1.1489505226760768,1.0801995373404236,0.995869522856474,0.8408019984220408,0.7224512072405372,0.6204479413690349,0.5026474423710374,0.39772531762817986,0.26854555637493926,0.35896793908000657,0.7830094834567604,0.9309092581633956,0.4796223777953609,0.6893133258583342,0.6079367496105803,0.5298416944172998,0.5848846975709823,0.6101343919325476,0.311514493743903,0.7133354765961633,0.7747775344713836,0.7566764941364319,0.664211287659217,0.2782805769301508,0.4562154907690514,0.9227699265559184,1.8858469281703014,1.5348859461546027,1.4249172085052253,1.1356165985286202,0.911092267961531,0.6910355399553989,0.44151832308713734,0.2813286793524248,0.1624541760491951,0.10236897215561602,-0.005035672346868858,-0.050418933209966155,-0.05123875274354861,0.08319761255126257,0.605377470193736,1.4978280231809882,1.5655461808725126,1.4214666776084068,1.5529021267513015,1.40751624688405,1.1413505996392765,0.8163475408316898,0.5379875208601212,0.7062792823616891,0.14023438422624634,-0.007271454148007894,-0.18100455861312736,-0.3002862871421347,-0.3914735380765356,-0.4317407261674208,-0.06729749078035346,0.5366101541894148,1.181624403139011,1.19714902886194,1.1638346373273882,1.155966932992969,1.1290021959637393,0.9549925406770603,0.7879877873475931,0.6318056558962153,0.5143041403523358,0.36398080912137276,0.2694565795396706,0.16727870441286186,0.006407447356011398,-0.08527733009952876,-0.03269208302562987,0.4256124481106276,0.8956025831601281,1.0609529678849103,0.0,0.0,0.0,0.0,0.0
2025-06-01 17:56:59.880,1,0.0,0.0,0.0,0.0,0.0,0.0,0.5461598830530162,0.2392043616468131,-0.08320041266959383,-0.21286263541193323,-0.34185872175067866,-0.36942752534594536,-0.27694099475204415,-0.1574447345436536,-0.06745747124244961,0.0479115821725028,0.1748214325312088,0.30137711553764057,0.3566124220476827,0.42204659649654896,0.473686102720812,0.47460841938940146,0.32520295667287474,-0.023963595549448158,-0.4031890674374977,-0.48229780146284046,-0.45857640492648766,-0.40457871444054105,-0.26523782468437973,-0.1817577751422118,-0.07714475615064542,0.03909707241376381,0.3082908230166266,0.1611418947678429,0.22821489629835606,0.2938111974757023,0.31451920036535796,0.22899327981488266,0.03519469028979666,0.01941399545209821,-0.24039231134724443,-0.5029437454054638,-0.5529738299104091,-0.40445767993594717,-0.3568926519491845,-0.39670763980746526,-0.3478846691404165,-0.4100307021245383,-0.2676185700618199,-0.11763489753320339,0.01846466235171379,0.09387595240205365,0.2409225285413621,0.49438708520842417,0.6563761990063997,0.3695773287526236,0.09663081684902874,-0.21903546182359246,-0.39771518411821827,0.6356473807162086,0.5475500454283782,0.4837034874255332,0.5415903443296949,0.7133253415063462,0.5749832902893611,0.5592963661618209,0.7628316606082972,0.48185641438460114,0.5941253044990454,0.40185585702582516,1.262762326278073,0.4658872530923681,-0.12669479507335657,-0.5170713133786888,-0.41695103085356444,-0.33621457890551576,-0.2168298734210632,-0.09637156250479562,0.046616162693805085,0.1857507706963002,0.33363521795563256,0.4519305739358199,0.5904491968343976,0.7125965866660537,0.8302597780748435,0.9389810086046829,0.955777306070289,0.2209982490868908,-0.5769859371904374,-0.36586125310195805,-0.18098164045101495,-0.01601777231100643,0.12181594961640818,0.22479904628187497,0.32516920635685365,0.38455312022227783,0.8520411325443629,0.46997397355724124,0.5079985282100218,0.5147688376375498,0.5150335881552216,0.4966605483811661,0.3744463699119682,0.3085592064478674,0.2288959904475193,0.2927085404605241,0.30425497335460805,0.2920530552611653,0.28401783415764315,0.2875775666251563,0.28455137798369945,0.26281868309373246,0.2552900858392855,0.2713491543722284,0.24525258158870122,0.2460598955311326,0.19659070532685108,0.08228421847976708,0.03169469973117284,0.2829186662462927,0.5332861286554748,0.5345565562128316,0.4888401296017886,0.7027249529935071,1.181268225944053,0.7361798156616535,0.9058278284799888,0.0,0.0,0.0,0.0,0.30142519340805696,0.3023114717757515,0.4936456470811901,-0.10994808073449569,0.1976739302592197,0.554813469365737,0.5306643140878302,0.44216229246883676,0.3611311237424295,0.4193378860720549,0.45258600229336254,0.4937958311208499,0.4989320182603394,0.6114408446104505,0.6061357817001689,0.6245403899286497,0.637646944767148,0.6369293456590164,0.5607635189326394,0.2676398885589169,0.24167301500886812,0.4675938648717348,0.5045914307813915,0.6229344195919955,0.8452961747785908,1.0158596692027948,1.186346492151109,1.2451663222051772,1.2210048944692404,0.6043067303097087,1.253891924389206,1.1991789914040791,1.1116036045233193,0.9550300698600315,0.8208560961808464,0.5005783088506609,0.20638591805389994,0.4757363324534418,0.6827102947030489,0.9365734790810072,1.1333454876982731,1.2058762662525193,1.302044272741214,1.2310641832992573,1.1945933160353972,1.1043419085969428,1.0223366994379943,0.8504905993880786,0.7156263920643283,0.6102189798927384,0.48423700265980385,0.376560659900645,0.22767233685855326,0.43036029297740735,0.86728797948637,1.0142891093161386,0.3725779644957544,0.6905113219797993,0.7144227957685548,0.6127161538823387,0.575795670691678,0.4210687929040129,0.3379995968850967,0.5099907244572226,0.7429442084742642,0.6350624128238304,0.5219311970665952,0.2546212429775068,0.45871778656515233,0.9703739609729825,1.9736718039751087,1.5838826066527418,1.4722100739954365,1.1898465377630543,0.9520466832824639,0.7094294756844421,0.4153548938569387,0.26216290037700896,0.15622332906093206,0.09890810044151888,-0.008892084333554151,-0.0864837200110441,-0.09095791665601971,0.10292061309171152,0.6193000260143582,1.5687185438018676,1.6092423818352375,1.4347926187436684,1.5809510311962618,1.4044355598225,1.1303721628518817,0.7988622648970172,0.5007814350767628,0.6918051695924206,0.11400979775642539,-0.035561638133047246,-0.21305355746100418,-0.34392575854331064,-0.4294789461495613,-0.4394833289102063,-0.02400090142209571,0.5904612472971829,1.2391244814927784,1.2312240305466515,1.1836830591574024,1.1774364190933995,1.131621773657046,0.9710542786937157,0.7813998548687531,0.6224776683065265,0.4814474768853536,0.3405302128302188,0.24603074128565283,0.13224147452104806,-0.02509291377971068,-0.12040114689661435,-0.05254089471046536,0.41632761505916405,0.9106252299279597,1.0568468193196159,0.0,0.0,0.0,0.0,0.0
2025-06-01 17:56:59.884,1,0.0,0.0,0.0,0.0,0.0,0.0,0.40614200050776306,0.20228693537172412,-0.02783867438226717,-0.11027676881125648,-0.2559944819158976,-0.3040042028784099,-0.2524728741190627,-0.17866363582116607,-0.1070138446972948,-0.01281278543233344,0.10068277153386568,0.19850127404566642,0.2377490361553331,0.2942828976109737,0.33348451617270075,0.31249758482020024,0.23287906106982886,-0.011600118977068224,-0.3045622568245117,-0.41023500458074946,-0.44694724908888706,-0.4010060045408793,-0.2993467377083998,-0.24368846637242025,-0.14718764048142818,-0.05173774845543566,0.3531082655359369,0.051315878560540984,0.11836838864620519,0.17498488570888002,0.20250223572227816,0.16622557630989082,0.09537648063907106,0.12763746953078553,-0.16456696193477405,-0.38673724696974454,-0.542337229380706,-0.4030646393165149,-0.3670914935598051,-0.3946050020784301,-0.4067671482903945,-0.4423124914250038,-0.3232865899361635,-0.15546729993833414,-0.014097704104143627,0.060060115070922515,0.28098998420163246,0.534610279189244,0.7618848785209071,0.4694439087631309,0.2249161658066383,-0.08278812951941283,-0.304247507243562,0.5421958266884732,0.606493407052987,0.4998982092089162,0.6223339586225128,0.5997272565008058,0.678853224777333,0.48867931397102027,0.7518142022553498,0.4589483002691098,0.6500355341701239,0.32832800504698556,1.264049139540641,0.513296908188506,0.02299420046619849,-0.35143250571456275,-0.30464342953467405,-0.24162566265794982,-0.1250698460069497,-0.021072754644271052,0.1076137480106345,0.2364171791215106,0.3672811197830108,0.4688851981989304,0.59983731289965,0.7053386160015558,0.8046249432602022,0.879682550763773,0.8648830985952491,0.16250022030548428,-0.39856913921714854,-0.2242201169320015,-0.05745499793624487,0.09622037614697998,0.22178405552684244,0.3012018394380638,0.38939230861217977,0.4347184283213381,0.6600670498725647,0.4877562781072704,0.5035909526192458,0.5049202043534736,0.4828826016808029,0.4316182693291833,0.2683046883106013,0.36863261751839527,0.3894636226075633,0.4742268161555754,0.4538454814212194,0.4270617455100043,0.3973897953694989,0.3790672412506151,0.3509305869933588,0.312006333221573,0.29613204540808025,0.28182466571546416,0.23731386777659913,0.2100577580223899,0.13289560759975838,-0.00987338505637858,-0.04721412020127064,0.40641390555721757,0.6521585624888477,0.6600098525639666,0.598498587377631,0.5194618865882079,1.0285592155284666,0.8580505723543701,0.9913584091120122,0.0,0.0,0.0,0.0,0.4996180945407884,0.3802657154675781,0.4979154271837106,-0.05661708764698836,0.32113632277761167,0.6407385832362194,0.6156393384472787,0.5301348957781905,0.4501936209444082,0.5288811368924338,0.5471745601986258,0.58202369566034,0.5505498151697541,0.6444227802658871,0.6261461241936312,0.6268716914274892,0.6257780811552576,0.6193605279804477,0.5346519370647722,0.3190559278208482,0.3477676306597761,0.5475979627077474,0.564031137911795,0.7017060764841394,0.924218305200265,1.0839514124986294,1.2533693614516408,1.2951830777099282,1.2558973584867898,0.6123414958726972,1.2609380820700644,1.191553557065272,1.09452776666666,0.9285840264725241,0.7944100322206692,0.49160603683763343,0.34534076315624546,0.5919087793767166,0.779380820595439,1.0414079969889565,1.2068790616189853,1.2724519704674988,1.3659068453461418,1.2766283516990706,1.2236874631145187,1.1347769714559255,1.028770085246729,0.8543605675924665,0.7094430663137908,0.5918031154692116,0.44985788007960237,0.3384126037473131,0.1705687598586458,0.4511815703257072,0.9392649738639268,1.0830051643763303,0.4886167164836639,0.6185474915444307,0.679844208683742,0.7177271232478598,0.6403065177854741,0.4453882096145778,0.39233481666344244,0.6931597455569247,0.8201686380013037,0.6814821710938365,0.46311988123023085,0.19848456820123211,0.4191156295714689,0.9798157146400366,2.035268414072801,1.6488463175787282,1.5251991888448306,1.2434568540985733,1.019720699610459,0.7651080317491714,0.4403019202845788,0.25757953977218206,0.14939914473886073,0.06773462901489924,-0.041060641565853984,-0.14816019802285363,-0.17879203424320667,0.05818327992449823,0.6332225818349804,1.5888855731779916,1.6342266977940412,1.483234618756264,1.6553200569671143,1.4870800159883915,1.2009698240627777,0.8507059579150387,0.5537584352627098,0.6563444206787072,0.12508794256263478,-0.020942465431843527,-0.19999547743595292,-0.35501210201095823,-0.4632113859949498,-0.4405229830170323,0.013171539396510723,0.5904103688710787,1.3251662160106812,1.2824076002736586,1.239454069647504,1.2541508365823881,1.2275871403907592,1.0483389327742243,0.8460459571419707,0.6751584039244456,0.5135760068218951,0.37706402505748615,0.24878689293997014,0.11767905290470271,-0.04503869437590602,-0.15927511617964352,-0.10255202126232432,0.4336313998282859,0.9448256393948918,1.1478262114509952,0.0,0.0,0.0,0.0,0.0
2025-06-01 17:56:59.887,1,0.0,0.0,0.0,0.0,0.0,0.0,0.36089904686952445,0.2380618235804112,0.10498346094178068,0.05569654229104304,-0.06513318038973048,-0.14692393853601893,-0.14859684547405683,-0.12459107034949546,-0.07323347911510081,-0.0006909305083456774,0.08676931507994984,0.16373521526638357,0.186858725408575,0.23438477798377533,0.25692519828180155,0.22360426889362833,0.15933081056301107,0.016628329482806348,-0.1920996772476003,-0.30683844010892847,-0.372486630967542,-0.35159268282690226,-0.2745574957848196,-0.22465108518973498,-0.15279257864471507,-0.07007021850729411,0.4991642269364339,-0.00013674115375317264,0.05309973234005777,0.11402290849904242,0.11548357539977305,0.08520817789310942,0.14411361691980396,0.21671340589930038,-0.0645275888248823,-0.2808528941825784,-0.4750550374807202,-0.4016715986970826,-0.37729033517042576,-0.392502364349395,-0.4148685575931528,-0.4562282424698774,-0.3659650748203356,-0.23450874223454027,-0.06540387511740609,-0.019892187973221565,0.237636320960963,0.5544373763056105,0.8479672807631167,0.5644846296492675,0.3584064888605315,0.042190029912357874,-0.18070068663208194,0.7516920896406685,0.7236993444197098,0.6016273442323188,0.7848211533704628,0.7433426762070804,0.5528351675991584,0.4739159206778103,0.7098639000289184,0.504401105648189,0.6365983629568178,0.31686941813121317,1.2660136470263552,0.5735459279213448,0.172922681521678,-0.15090159566707917,-0.16804684679898085,-0.12502664622080584,-0.02383747122514701,0.0653840829715091,0.16369491704822492,0.276355757374503,0.3984006695158233,0.49081199707927303,0.587802946734416,0.6738658564311621,0.7485184659279149,0.8006486855543803,0.7478124742460923,0.12881369435145734,-0.1669490262663016,0.0025477083616258778,0.10372663446309538,0.24129515514853472,0.3349114281556256,0.38702021839256595,0.44066970725922494,0.47754994264407813,0.7724199674442325,0.49203502825606416,0.4807728309806768,0.47048448445600444,0.4253613730784157,0.33379644048867857,0.10005584853176389,0.4450237617513825,0.6157193975082152,0.6992898932362843,0.6518184266491562,0.5932242633862532,0.5386242029631954,0.479038597468719,0.429789050064318,0.3661929028589752,0.32769503624672036,0.2753482475060083,0.21582625493371954,0.15083569802741348,0.03659700089615925,-0.14459081603341878,-0.100516642609765,0.5632214880054492,0.807056066423967,0.8194474316521136,0.7370505708854609,0.6453288498842757,0.7154732485314566,0.7851277210238004,0.9873920095766779,0.0,0.0,0.0,0.0,0.5472050977221402,0.5419627701603815,0.4801517016993031,0.04989389737173744,0.4848185541857512,0.7411802380545466,0.705867770814089,0.6142929248997951,0.5327960305657098,0.5909549257969544,0.5834007315034397,0.5903908189098774,0.5283959370202154,0.6270953455845563,0.6045913024614649,0.584008086997432,0.5801304650017516,0.5819381672910149,0.528505913878307,0.4146764618329653,0.4748715244826205,0.6204318685669209,0.6325910644727668,0.7429195064158052,0.953538072280556,1.1037943688351564,1.2478252561589058,1.271793172779325,1.2493377591208386,0.7567608906444052,1.2440056012894667,1.163724375563981,1.0648894924619294,0.923898990393447,0.7816679432117303,0.4902536014891374,0.4386053105532003,0.6662247772848096,0.8272826384541075,1.0761097138504077,1.236156013471207,1.2907378235451008,1.379280907327133,1.2795902608682737,1.2222786911749393,1.138321699009348,1.0099398411116969,0.8572314564297384,0.7101232589034642,0.5838701437641955,0.43047019789408925,0.31743479090846816,0.11664556444478305,0.4044065579086153,0.9280212817586354,1.0801941405954953,0.5982037213738768,0.6240153996695822,0.534520376959877,0.7219953710623365,0.7081453042839272,0.41417948043623876,0.5808343618015257,0.6802969388918716,0.7239687805412116,0.8101934120697807,0.33427950834729214,0.13572163875151028,0.36292458377442677,0.9342355436317764,2.0434541645926254,1.6345751981133114,1.5398503828189436,1.24371192681809,1.0379165196456503,0.7700823576302396,0.46329969704659635,0.24103558221585697,0.1491239604402459,0.05058090936487725,-0.062319572830459635,-0.19067910617205874,-0.2507391616594612,0.0012092148760786126,0.6471451376556026,1.5415332005644953,1.6457334246487316,1.4936238333011373,1.688123879568661,1.5415391972945678,1.2539146936886763,0.8894496201927022,0.5902347856218964,0.8046105806068337,0.14633369587088496,-0.004366088400653556,-0.18521490667400953,-0.3611773184566731,-0.49219279277576966,-0.48659971889897136,-0.004736585700545304,0.5903594904449745,1.3338093065296603,1.2953246885391727,1.264000217450108,1.2855899568864417,1.2793124504538183,1.0935553231178394,0.8891971076842831,0.7160287918648427,0.5531257490341466,0.39923071986004377,0.266047453107634,0.12188184026134352,-0.0520962641760816,-0.1946447892320859,-0.1833973999619067,0.37668282629440775,0.9120020647781449,1.1644666130099723,0.0,0.0,0.0,0.0,0.0
2025-06-01 17:56:59.890,1,0.0,0.0,0.0,0.0,0.0,0.0,0.4294789105075225,0.3804685590792123,0.32080696371099315,0.2505354094173068,0.10153789431013638,-0.003701154204323376,-0.06983122149734322,-0.08410521854303465,-0.07326508055978909,-0.025624303915068314,0.04824448660743558,0.11700172377076323,0.1256008541486034,0.16429340561049155,0.19608822962995498,0.18937166667591598,0.19901396111447656,0.11471763077860286,-0.06457335924051588,-0.19708507401528896,-0.29797888161301456,-0.321472818003565,-0.25777071724966993,-0.22630330108051844,-0.17743601721105096,-0.10939723135420365,0.44993737924957855,-0.07162343689492195,-0.017651386880702058,0.04144058901584066,0.08668045698443907,0.15344865396249796,0.33712220806591503,0.33973790549002036,0.06623973856852694,-0.1829271543347173,-0.4085470542275149,-0.3707820869077526,-0.3874891767810461,-0.3903997266203597,-0.42296996689591093,-0.47991820074691094,-0.37445479892118416,-0.23962301489088617,-0.004097047696755063,0.03753841721167256,0.3291984712148905,0.6750123268772141,0.9286411597623058,0.6368970422030642,0.39411307235777493,0.092493102050069,-0.11505167290861151,0.49982016656774025,0.7763404115498804,0.7919096000601129,0.5663406712117924,0.7504070653175383,0.4778803020766078,0.5450252113989823,0.513215250314961,0.3692477901129775,0.6700707168452142,0.4525576461550719,1.374960388208836,0.6500670858981282,0.28580334206702906,-0.026664681058387485,-0.06645652399653956,-0.027359378357360242,0.07865815111204522,0.15519009668842454,0.2487933210170643,0.3549267835067875,0.4649864987783463,0.5441659860834787,0.6340329679214701,0.7190338939031808,0.789710001794393,0.8140014167611521,0.7551076366857163,0.1506558676212878,-0.05171042087617206,0.1318311247846553,0.22499586505871294,0.35866430926005166,0.43286349846054195,0.48644550899432115,0.538517659545712,0.561484022603564,0.7162145248854503,0.5514991811344119,0.5307969099093796,0.5043004593450456,0.4371164679154359,0.3390752899179786,0.06457252256912405,0.4949923977613381,0.711994751617984,0.8227638519115281,0.7829671667466338,0.7122140663183931,0.6653177549192015,0.58807670857122,0.5305870534421788,0.4602435613531999,0.41526768078191445,0.355066869495408,0.27102854339216664,0.18956333670901904,0.055166547635836616,-0.15014824315852598,-0.10654926116088123,0.6335149331052617,0.8776810053152031,0.9044291443429524,0.8323554916969673,0.5253743030954992,0.81607259919245,0.6992294789331495,0.9834256100413437,0.0,0.0,0.0,0.0,0.7088836853764933,0.539984799925926,0.6319183381287281,0.11147494857238327,0.5385599325028225,0.7720549556413441,0.7397653205095103,0.6537847309467465,0.5825299569285054,0.6432331998925338,0.638560342818002,0.6345740691988393,0.5876762154391177,0.6737624883020241,0.6392388597340881,0.618800636800231,0.619711310504846,0.6157982029827735,0.5694953012109125,0.5169551106840451,0.5148824317680709,0.6240201345282926,0.6237843855583887,0.7406917283099088,0.9541551941332165,1.107153935490233,1.2662961038021745,1.3181087892750918,1.2969798936470955,0.9466297960156593,1.3024160636072697,1.2309003371574816,1.14535950722746,0.9994564509510281,0.862568146089579,0.6012121803267199,0.5278591191515583,0.5978718155853415,0.7535392932889385,1.0201652602760383,1.2004488994196723,1.2858702127595942,1.388216103226886,1.318971369029449,1.2747822070069095,1.1999192156274892,1.0910461880927609,0.9350244872833796,0.7937383359815823,0.6545203645334945,0.5049742168689735,0.3932065391150804,0.184507935606793,0.38673781870507884,0.8308651227768059,1.0163725062527789,0.5649681107648946,0.6493012263385805,0.3512161121727627,0.8187318726262566,0.6025253331006724,0.42520373011470847,0.7388739190741591,0.6086130333119362,0.6951612520172995,0.6322609447918099,0.39637830431063037,0.20149681769591127,0.40517702305170417,0.9426254164543724,2.0472717428987375,1.6388485444645162,1.557538456941392,1.2759246132028559,1.1008718307628313,0.8148821088364429,0.5517219417797274,0.31761149434150404,0.23964194572465192,0.1411415696031726,0.035999120963529974,-0.10173777230907688,-0.17142655192608658,0.032947351216056076,0.6461913218553896,1.5294722618276855,1.6256694279680584,1.5087913253807355,1.717179895532575,1.6179934483793812,1.3387773159783452,0.9741948775580134,0.6853139738562304,0.8094431755668322,0.24163347267106716,0.08199932308178681,-0.07981500804353137,-0.2572925316986472,-0.40182507292320735,-0.4487790532431013,-0.03700116271621645,0.5903086120188705,1.2966245811418398,1.287888748822913,1.2752287391317187,1.3247258359642602,1.3122717667892254,1.1522281983090084,0.9480423899718713,0.7924963373908362,0.6419718515686412,0.4915209636342881,0.3547568300184629,0.21094516205829272,0.043365549481053534,-0.10684616045685985,-0.17669191733424355,0.3128890945024806,0.8163417330271344,1.1026526902736122,0.0,0.0,0.0,0.0,0.0
2025-06-01 17:56:59.893,1,0.0,0.0,0.0,0.0,0.0,0.0,0.42214980718594675,0.4351324006167593,0.41952211046355203,0.3220260217988896,0.18010195302958854,0.06039187711584815,-0.026136490645155552,-0.0557583563369386,-0.057242791008570326,-0.028415316561821835,0.03499569380756212,0.09843408308737805,0.09967523240498516,0.14206338251096096,0.17619851736854042,0.18799281072063007,0.24249516265606152,0.1843772718885483,-0.019154687076989863,-0.1583627588298112,-0.26136981636652423,-0.29069467825966944,-0.2474021917426188,-0.21587138155058905,-0.16594731599436696,-0.10455747150018857,0.4363314567319775,-0.05922104709721332,-0.009009630944194602,0.041141154728531554,0.08692705557075361,0.19216247722341212,0.3940793890315944,0.3786788021882018,0.15691187919793392,-0.07475923140697827,-0.33732177911633776,-0.3234462296997871,-0.3976880183916668,-0.3882970888913245,-0.4024802691191164,-0.4304558811884764,-0.35098730289438484,-0.18123572252094594,0.01161064572890208,0.08300634610024749,0.36255135842819464,0.7084927617380268,1.0322130666602627,0.6885890010260033,0.44945800592918717,0.16143455741340684,-0.04361816397559859,0.283663244909295,0.7152744149352799,0.7707926784752845,0.5771264073624334,0.7738486606115421,0.45600408675687243,0.6350409892271411,0.41451821884024137,0.48915414592204576,0.6339272091179863,0.4727469089817903,1.4846468700578757,0.7278989074840043,0.3535096051339339,0.0021800858330003337,-0.05934331748583421,-0.019431847060663365,0.06906741109928571,0.1713637949609188,0.2623163834513249,0.3755203342739899,0.49493263342063276,0.5792924221560529,0.6750602366192043,0.7671303461643089,0.8421939518329518,0.8884281320152386,0.8541517124233469,0.2297812178752069,-0.10228987671537204,0.11000226710706706,0.22500312107558718,0.36531393306053705,0.45902630240852194,0.5189070723365954,0.575184695102311,0.5995341975366146,0.6341870437450237,0.5980863152518863,0.5731029070411319,0.5492709947672737,0.4762223271843927,0.3694059508731122,0.09562513804949804,0.4711622275623284,0.7123238045441919,0.8496471263318957,0.8286844900172692,0.7620255059676737,0.7108306460801048,0.6452813782861377,0.5873845384583043,0.5142942877771886,0.46266731282063267,0.396766727650113,0.3195102627796482,0.2185415225275975,0.08249616273222349,-0.13176539672345333,-0.12070310027384734,0.6534422096059196,0.9004695967980862,0.934715583012691,0.8722898069405771,0.5119152400338804,0.7860815734409403,0.6855474672575133,0.8256810503106149,0.0,0.0,0.0,0.0,0.542051443808929,0.6607883577963047,0.819863428941278,0.1188508535302335,0.5786266064908281,0.7939755169775192,0.7586389448574642,0.6741831812345397,0.614514122671542,0.6501547261290999,0.6398035382107952,0.6303698528972785,0.5749060867493188,0.648513590294808,0.6076229146646657,0.5940561265129756,0.5976212074618692,0.5885280174902234,0.5352543229230455,0.5149629286571149,0.5553372193541967,0.6525220567248788,0.6654618484642292,0.7599568519307762,0.9622540999289824,1.1016031126064867,1.2652537637160415,1.2990155531217942,1.2841978699117382,0.8229633224844897,1.2803473632783526,1.2142508860465413,1.1304908352916685,0.9949325786146906,0.8593950015694973,0.610704682954529,0.5283975129176454,0.5902791603901663,0.7470183401001077,1.0082848936131235,1.1704687827943254,1.2664400844828807,1.369475686944757,1.3132807712388683,1.2648586913121136,1.1862639565314348,1.0849810970246878,0.9356517869743942,0.7892658906085931,0.6439476313176695,0.5068930782508996,0.3952447457724859,0.19818017682104014,0.40235064531026793,0.8461763903578031,1.0250406041404698,0.5729649752252691,0.726862935628505,0.4247098080495024,0.5477182100388499,0.6818386747837428,0.32141495070346937,0.6709513680781891,0.7956136553871558,0.8498102926009824,0.7075269879084618,0.3141287518875545,0.22981341430448737,0.4751121040684399,1.035531378531858,2.096909385460837,1.6764424087371184,1.5987093188761374,1.2825186365328904,1.0792746987832056,0.7695509135276084,0.528269520665362,0.2893856245347577,0.2122523864547985,0.11325523250915026,0.010713981326504252,-0.08796665270519843,-0.1213806845629487,0.13277166239956528,0.6452375060551765,1.6302531972493304,1.7172323888246417,1.5739700962594947,1.7169556566679365,1.6084330323035265,1.313318993044874,0.9257048646590855,0.6250965493150742,0.7207974960348791,0.1834692459649101,0.012053916287324551,-0.15789480006542123,-0.32275230493194995,-0.43752787708196805,-0.355879080335721,0.060329168063298744,0.5826933384741895,1.4013839101326477,1.3419713039462526,1.3053192592110499,1.3499409830249613,1.325132307649029,1.133587675189311,0.9308551203823474,0.7517273811842207,0.5960678368149863,0.43942062478279675,0.2934789705858254,0.14421781952957913,0.006296815866037364,-0.0797750558665945,-0.03775582141540529,0.4634161286583405,0.970737986638276,1.2385963523791395,0.0,0.0,0.0,0.0,0.0
2025-06-01 17:56:59.897,1,0.0,0.0,0.0,0.0,0.0,0.0,0.4468793251285659,0.47666622677033044,0.46987841005456243,0.3599391286303514,0.18971593165311662,0.08072728727760536,-0.018629281121880226,-0.06265944184382044,-0.05793612217403532,-0.03226748583470429,0.025999900889126903,0.09043009888201614,0.09724933496744242,0.14770883042937377,0.18981943236179866,0.21434143689873997,0.25971442152644814,0.18166976177533306,-0.020694472334019554,-0.15738252992148627,-0.2544845314436134,-0.28383400715709606,-0.2359711546513431,-0.20176201534438576,-0.1432389452358369,-0.07657489893286507,0.4234836101285101,-0.041605925682514644,0.00930777335440297,0.04321040946417734,0.0890463042071365,0.1664372856247095,0.40664512643541867,0.3748793401594124,0.1596721276086659,-0.06620274159591011,-0.2943777700504141,-0.3168296153436463,-0.40788686000228735,-0.3953238288196451,-0.3777667904165207,-0.41866906233829554,-0.3478931411629899,-0.19058318950285497,-0.009492576179052137,0.09009030447123273,0.3877835852860744,0.7421956871267321,1.0332606610196202,0.6934688110634111,0.47923460247982075,0.1586419523190159,-0.07695275789654232,0.2942036579758733,0.5989411156706304,0.7999945962198065,0.41408763497139134,0.5634007339059773,0.47969602082635465,0.7612546603445562,0.32965409307893173,0.5558696457929456,0.5654198258526649,0.6138855597296641,1.5960686462990288,0.7944626122771294,0.3631413007988187,-0.06828934717975543,-0.13504873561218966,-0.10322653616033639,-0.006638617312192174,0.08815132426425043,0.19483631784617428,0.3288424633234466,0.46629690436053073,0.5597427582354466,0.6761934919513889,0.7768709795943725,0.8735155324400057,0.9469529265046651,0.945220816102698,0.3311615200987913,-0.21269788979847548,-0.004762565010689057,0.14572859684909067,0.2925495325809597,0.4024763071461992,0.4759542762628808,0.5395138051622972,0.5792227368735088,0.5660927064704453,0.5943004557492444,0.5686441161593624,0.5519666424965445,0.4867121857997868,0.386581096342613,0.1340839662838685,0.47439107572950456,0.6869887222852263,0.801172164653134,0.804049932815085,0.7377245313873997,0.6775583048130371,0.6232674242242457,0.5607098955631749,0.5011801800658893,0.4400906801711675,0.37443602440733637,0.30121490769457204,0.1875562132202444,0.041513100354073074,-0.16295421527261428,-0.086598174395705,0.6759398407098107,0.9266608074768323,0.9436548866130614,0.8676894571485791,0.7031271993124739,0.534235967965139,0.44098949862693765,0.8894502529107506,0.0,0.0,0.0,0.0,0.908519162562615,0.8711620939660654,0.9758401612368611,0.16076127879012025,0.6063447787754048,0.8024147505747852,0.7629887783377653,0.6623839986656322,0.5960698046623136,0.6100010146136847,0.5917461950137817,0.5657809199353472,0.4954279785715441,0.5749012350121299,0.5380897709013968,0.5330837022858419,0.5411834804424487,0.5422774849275362,0.49982487872879383,0.5550494470808949,0.584646458698198,0.6682105183003041,0.6430068741636368,0.7350705020504915,0.9162779281501756,1.0289585017950018,1.1898643872657138,1.2115154351145037,1.1951397309159908,0.7766172608756567,1.2017119724466996,1.144413787947986,1.075810486535588,0.947649895548981,0.8382091920066057,0.6071244012334374,0.5395217835094983,0.5699273188926459,0.6868682778709988,0.9378546336288529,1.0831988424773837,1.167056151458118,1.260129520263634,1.2119056314521381,1.1764249065075818,1.1007534173071316,1.0125568271987264,0.8794141126196168,0.7484631571937052,0.6146232169013608,0.48588034551323867,0.3869993962378041,0.20792257782513524,0.39651530609891666,0.8339799829452176,0.9718578270970152,0.44196470937965626,0.7370475460457404,0.4006660456314243,0.465928438332034,0.661185740671618,0.3507660424974781,0.8779778464694787,0.6805102549384572,0.5775934377577474,0.7221909203105801,0.3575594225920862,0.23467685984764092,0.5152146869317109,1.0633696735444158,2.13688296502763,1.6718424132138188,1.575764475418902,1.228984633419214,0.9864646597733071,0.6885939488513406,0.46833961007721503,0.24133479487889287,0.14954331884454586,0.040595154381150245,-0.05464255199153556,-0.10715626094562869,-0.08947526762476166,0.16405540705495425,0.6442836902549636,1.652375819228887,1.7051256402360313,1.5786661458460223,1.675132893478278,1.5677409325407659,1.2668246320878622,0.8568870165988083,0.5723044318881418,0.837663120283081,0.1234315268744759,-0.051865056280957944,-0.21407389475223915,-0.36992821687447486,-0.47894906435396833,-0.35313161325689185,0.09906302995476796,0.5750780649295084,1.4224019555178586,1.3410612392586523,1.3056421085898156,1.3517405951652564,1.2972703435397577,1.0995063615463927,0.8921976995736194,0.6948919120595174,0.5577927812883334,0.38894329660562454,0.23817396931559043,0.09440003049323731,-0.03744097139886193,-0.0630383386972917,0.0818103158467639,0.5992095496326194,1.0817645187421032,1.3350798117609186,0.0,0.0,0.0,0.0,0.0
2025-06-01 17:56:59.901,1,0.0,0.0,0.0,0.0,0.0,0.0,0.513892196592596,0.570037387831571,0.5536424177302361,0.4316897922321935,0.26825621599433436,0.13238882679778474,0.029254370113726114,-0.027292130138244275,-0.03865915256893526,-0.013673827042208764,0.029517310663794205,0.089747393485608,0.10061671696135843,0.1285748197121933,0.18981943236179866,0.27944024571231313,0.3597279778081253,0.269989940573297,0.08597656014499078,-0.054051041581495984,-0.15561059854175463,-0.2019172903681119,-0.183434350999234,-0.1507302483387164,-0.11233057311972561,-0.048285636482240935,0.3781349995441621,-0.03957744161942345,-0.017848067402885137,0.024465485735033182,0.12601827420109832,0.2578765602641635,0.5431712791737542,0.4736596032360847,0.2708122239210973,0.01905416233487256,-0.16033793888219638,-0.2398348632771099,-0.3348339175417887,-0.30280826710450726,-0.3275407546237542,-0.35814929345327695,-0.30168590050196725,-0.2179926508981665,0.010181428897747535,0.09754806959448137,0.3848750902210305,0.7907172042990354,1.167264474770629,0.7549847015187955,0.5713033871278491,0.23860305848447116,0.031076784845503136,0.2942036579758733,0.6472721408899604,0.8171135571883432,0.359958844849825,0.7851657065279251,0.5528783928389955,0.8942259987285004,0.3844410749793888,0.43367623952062384,0.7102841082210151,0.5256548203946227,1.614474179632081,0.8363071267114061,0.41850971879051735,-0.006017893905345684,-0.0834374814710086,-0.058231384066459,0.0065298389934951295,0.0990419735265351,0.19274990846383666,0.31998795666695345,0.4598886100802766,0.5534469590475621,0.6605645199257383,0.751984591125892,0.8428864977077022,0.8995990803311805,0.8864237186453998,0.35090341047624046,-0.1611920059678541,0.058597070414634134,0.1860229425833555,0.30940061933883967,0.41253820100438743,0.4828553390766599,0.5238141131793017,0.5632119309436134,0.522462260887026,0.5649888973994013,0.5348403028505649,0.5107860588664265,0.44385095921629547,0.3483285232977216,0.15169997953689943,0.5616421814539792,0.7670079869357506,0.8735011489146203,0.8314952297086602,0.74622456162949,0.6656645026971637,0.6085085938153596,0.5351426300680955,0.46254646308269476,0.3919982604561165,0.31878047894792605,0.24655018459277933,0.12155449834826548,-0.021390136065033927,-0.1870722201093365,0.008344484870809743,0.7603526524095908,0.974941236418678,0.9751192632757293,0.8816252178091561,0.6780454647972558,0.8250122346118935,0.41340288820575183,0.7430969160529801,0.0,0.0,0.0,0.0,0.8100356603640644,0.770419249968328,0.9709959150539421,0.25839216189988556,0.668122255769211,0.8271878330751665,0.7718319233383266,0.6635916030042491,0.589144172381266,0.5584631127215924,0.5266066905651812,0.4820130937794378,0.4132833562292402,0.49619609876425974,0.47121776951936556,0.47520922562496315,0.4873347745358467,0.506217151365145,0.49618716144363,0.6307714396518258,0.6275375584115429,0.6775487918346567,0.6658661461695561,0.7176026740102222,0.8844533192761144,0.9766817843581053,1.1088215659722467,1.1319549966397375,1.1150831497585247,0.6772876187405785,1.129780428378278,1.081543862390662,1.0273885292020621,0.9152543735511004,0.8202947445826942,0.6229002010525007,0.5621923052881378,0.5423781385018138,0.6402871273732113,0.8592069993220355,1.0135430506412582,1.0781260862045168,1.165546106861394,1.1225348393299226,1.094250576678602,1.028472110325926,0.9549224548484205,0.8436787796345665,0.7216173142127728,0.6034926066736208,0.48802401928855776,0.39023581758652204,0.2096624255412855,0.3559720048076852,0.7768088051317569,0.9140648331015236,0.47827084105596496,0.7311364712791306,0.3130101154156266,0.4216348377285729,0.6429574749580504,0.4884312451319056,0.8714265518969337,0.7994800063898337,0.5693319036149512,0.5336429164065268,0.46374990105223124,0.21658400435117792,0.4950730914721189,1.0224280750656831,2.0932220118349507,1.6152316016818282,1.5532644193852558,1.2110174086642655,0.9401454353559477,0.7039112599757549,0.46568245696779287,0.25522186497382693,0.15217148073643672,0.0585875096708286,-0.04673096525420106,-0.08978392696275339,-0.09464385176138956,0.12960612295585783,0.6433298744547506,1.5714330274050177,1.6670801226450531,1.5170040267479465,1.6177088521546854,1.536694735444703,1.222832758846962,0.8293175261403734,0.5702614615207213,0.9137221090474711,0.1486561754844653,-0.018874716516318335,-0.1713245373302722,-0.3101241027315277,-0.4073948594789441,-0.3357876782444529,0.009014042108313358,0.5674627913848274,1.268954392782195,1.251146582460569,1.223566974930757,1.2545116498489601,1.2208102959461384,1.0334376264478444,0.8585837962180265,0.6682123577950496,0.5713117019252536,0.4170071700422686,0.271737252962841,0.14516562727726345,0.016629459307556327,-0.010172881654864074,0.0937510938260791,0.49454845293479366,0.9751733764415097,1.2283573482112518,0.0,0.0,0.0,0.0,0.0
2025-06-01 17:56:59.904,1,0.0,0.0,0.0,0.0,0.0,0.0,0.538642894110926,0.5097949678209914,0.42357494758789116,0.29202987178024686,0.11614048427139445,0.006575290611312901,-0.05757571182553578,-0.07232955108681227,-0.052796874661141135,-0.01792597357647918,0.044963591551544446,0.11482842570771379,0.15003673799835288,0.1735371556868367,0.24916038208130714,0.33992049818484593,0.38067600742173185,0.18467932836416878,0.019652211973792855,-0.11347576009276972,-0.19763211243076528,-0.21800812039073958,-0.18044027315758937,-0.15509537282277186,-0.11339477685711741,-0.040712009995693466,0.40190457062628016,-0.012643317413860489,0.018989146965200043,0.06302920430903605,0.17583260095913406,0.24871444908040363,0.43476511076671626,0.43171552596835383,0.25497399551644706,0.03597662598567175,-0.12414327325868024,-0.22061734506394726,-0.29020404801027877,-0.2098941881753098,-0.264879346544862,-0.2795159372807806,-0.2455115756242483,-0.16911275042963825,0.07491680080756624,0.1748423688435648,0.4176878714971973,0.7769408882713935,1.1513164341195625,0.7582101147757457,0.5681322066666487,0.2561608485923894,0.05401476259518412,0.32182717855416204,0.48831345067983123,0.749632886099973,0.32135868417415825,0.6415502868216504,0.48320983214396107,0.7602791667875803,0.40503143053045493,0.6397772451345303,0.6168552796431047,0.7411631389522925,1.6135086972600665,0.81744899494193,0.3902564352158546,-0.05162339692697748,-0.10657037766758815,-0.08085521084278202,-0.011349174599162737,0.08862004839501836,0.19025744761882035,0.3387456213139013,0.4694998559222274,0.5658889764315864,0.6945120124942997,0.7913121470751434,0.8922016720071717,0.950767358420899,0.924989762216119,0.2997212509094249,-0.2828478096361329,-0.030140332370402145,0.1300897310162774,0.2607481423067288,0.38309536110132836,0.459624596180618,0.5211410205894587,0.5524334167708504,0.46001551963668946,0.5641222333815064,0.5418097462940433,0.5186237905019274,0.45658318530657704,0.3844809566023491,0.2129432074436264,0.5135028400281245,0.6961463590285758,0.8175953345896549,0.7731311625133566,0.6840351431903209,0.6055430900455268,0.5645757066836037,0.48913120787070996,0.4257201413076681,0.3541076795950231,0.29827680517379607,0.2219899487208581,0.1021357495503099,-0.030294503943283813,-0.16754328448426553,0.0034112903939381156,0.7269221352652223,0.9377144926962613,0.9385169473589963,0.8395661397459391,0.5807946405961812,0.8046098094890153,0.4739218389008853,0.7805207539803851,0.0,0.0,0.0,0.0,1.0616804877370427,0.7072222684838165,1.0910550829283014,0.24187846937904656,0.6738160673078977,0.825628883029657,0.7624667660516606,0.6654009765165382,0.5997056860825796,0.5677164261885037,0.5385546457680506,0.508905202531929,0.44939341949634315,0.5108771134824988,0.4793476396630365,0.48250655926473063,0.49572128110523517,0.51131260688364,0.479722910989866,0.6083005130200401,0.6447730050274058,0.7036485434307139,0.7091448685807986,0.7664037844176494,0.938563232661312,1.027321765202212,1.1559538929951025,1.17676653926761,1.129292927123452,0.6574829760287637,1.1218093652589864,1.0764740286237782,1.0080277738770933,0.8714429753226759,0.7909781176113034,0.5990385130558594,0.586831720568446,0.6119351080513824,0.6976283542829852,0.9218766994168643,1.067192429971966,1.1189800392282943,1.1902110649460482,1.1428956677576452,1.0990758779358032,1.0308425033412796,0.9537376255721073,0.8122396303714104,0.6874025476127222,0.5698755427397648,0.4539440618180459,0.3433565452342039,0.1911865416769823,0.43594979576624626,0.878108184894765,1.0205111629100978,0.3786870623505211,0.7894593200894815,0.3751325131191,0.6149454943464303,0.4782867297645352,0.5430400920610716,0.6923943307203801,0.6889546679902268,0.7540085328085265,0.5590002336378735,0.49163765156678774,0.19655537680915808,0.4903879009763428,1.0733090231395424,2.1990302676370885,1.6944196736172377,1.6582043668501174,1.2770678379748808,0.9861044954090101,0.7443840699005966,0.4912576148746639,0.2937101166106437,0.1593420976675759,0.02191121446788946,-0.09224261265962475,-0.12335001620946939,-0.11553556006012866,0.14297219312118237,0.6423760586545377,1.6410886900239652,1.7162472700010054,1.5398816288028319,1.634401536578625,1.5598345754165306,1.2188379850206594,0.8315964503552797,0.5508538350445031,0.9563626493645073,0.10774835905637548,-0.06154360807732551,-0.21925289330840214,-0.3460135460458452,-0.45385980620783695,-0.283307083829247,0.06480180851454825,0.5481026818190649,1.3249419413232406,1.3170617377737153,1.2749615509134058,1.2844462078258088,1.2365131387555137,1.0419561237975947,0.8695266143198035,0.6542492503059747,0.543129211357918,0.3821080071861711,0.21769800041469622,0.0778635597862839,-0.06880601963020738,-0.059171073029866905,0.18924839352803752,0.620531100912647,1.125954609411019,1.3467464094476969,0.0,0.0,0.0,0.0,0.0
2025-06-01 17:56:59.908,1,0.0,0.0,0.0,0.0,0.0,0.0,0.531529823798469,0.40753810088967435,0.23829840575049455,0.0937519222577945,-0.10132075446510902,-0.15972441262075754,-0.1669842078903031,-0.11998241721486835,-0.0724164513776312,-0.004628159114055674,0.07665226450710955,0.16677654154640942,0.22906310732289076,0.2519505335236121,0.3139124266300227,0.3739654976176387,0.3353608813528062,0.060535243357962676,-0.12256849553707361,-0.21980949675302353,-0.27902771806657534,-0.2602937741926513,-0.18580982351648623,-0.1454213651785895,-0.08076014633462703,0.0005922996403756597,0.4958002436866671,0.06015664486623262,0.10597297405968537,0.14866407190932188,0.21231075866355242,0.22297214374267743,0.30663659009632344,0.3085558899211973,0.16799640004315186,-0.04834540239203733,-0.16377481277845574,-0.20441305668479204,-0.19572429256202784,-0.16138260260327197,-0.22144929082577547,-0.17678538865819693,-0.142709151799006,-0.0915044682013198,0.1386456897333701,0.24075262189579422,0.4385442088510544,0.7689461199377177,1.0953950239321615,0.705994745769865,0.5372503339488647,0.26160640565181326,0.058438466275497536,0.42119982831060915,0.46673099580414834,0.7102047931982851,0.3384724973223662,0.5493163411974107,0.51177601024215,0.6993283626515582,0.4386274064499703,0.6636652857559889,0.9887231979777078,0.7108873861588363,1.644391747043479,0.7960615779220063,0.3325954325201521,-0.13290696573016736,-0.15476099283277645,-0.12239835734243054,-0.028398525981127465,0.08187456921062819,0.19697457858488465,0.36314899130943656,0.4889575083461981,0.6025161521400444,0.7445294004909123,0.8491187536740246,0.9445115376218771,1.0232125684765365,1.006977605245503,0.3220793319720043,-0.40198463268468343,-0.1373324496312176,0.07046313472986965,0.2196021929472154,0.36594548614658695,0.4596178063966163,0.5189625037901151,0.56033208045228,0.3057710659474509,0.5845159785115901,0.5691059716705328,0.5455407054366442,0.504299538781731,0.42598869732011785,0.27274508852404156,0.4428747928744663,0.6192556485899431,0.7530368961146752,0.7206178389607831,0.648004349924286,0.5747286211291807,0.5394599307829644,0.46951625166613375,0.4191458329704385,0.346108804173376,0.29445874479852585,0.22670977566040684,0.12088269931291351,-0.007103222971301726,-0.13454991914985093,0.022362093917467574,0.6809677744637809,0.9031879128854146,0.9038189118895392,0.8075427592516662,0.5312017292084124,0.7951899682716748,0.555246451656203,0.7297438274091788,0.0,0.0,0.0,0.0,1.051472732899358,0.8146576063253583,0.9645087948979513,0.20705189547420044,0.6598149312394241,0.8312154912421889,0.7665785285268174,0.6761174085593121,0.6220859847959002,0.5959448166623365,0.5721163755098884,0.5419705260246754,0.4746808271323837,0.5278701959037213,0.48803984947353385,0.48185174117573704,0.479671587879803,0.4846900980326499,0.44747792813252013,0.5160473174259623,0.6509571630433847,0.750713789582613,0.7612816385876899,0.8315131585717368,1.00422189922204,1.0978458425703397,1.2240982311925537,1.2041080012645915,1.1468029864353226,0.41897027456283115,1.1020248328920776,1.0407517255364096,0.957775569310348,0.808453281206852,0.7083817523811844,0.49385947532270663,0.5473388948337382,0.7269745380769403,0.8340627094093608,1.0545423990952913,1.1968166113556222,1.2192813628873502,1.266205231643113,1.1872052360905674,1.1253856367047033,1.025662545395074,0.9268852641955752,0.771142655607666,0.628522694838395,0.506506029561758,0.37767580422728564,0.2583406266088823,0.11060771297508809,0.48931690616837803,1.0644625481772145,1.1765366168877822,0.49423553678247734,0.6669316767080848,0.366906123033508,0.6157085975638033,0.34107722941099333,0.5623903939523632,0.7986149833279612,0.7122002981035525,0.7734304257309234,0.6689021352518368,0.43205865159900947,0.11906726907311632,0.452701797987114,1.0849758697378455,2.271278763501771,1.7551773166580003,1.7429812911301537,1.29793728596522,1.00141143596023,0.7439154624011746,0.45227966066741976,0.2645386354191861,0.10875231314714484,-0.06537425268101793,-0.17999634570965617,-0.20893383756144757,-0.20275133772947396,0.12266887615189115,0.6414222428543246,1.6272037751479087,1.7672975502700048,1.5720124382341534,1.6612012671295733,1.5756435571624199,1.2024806452430936,0.7883871421752187,0.48333727362721857,0.9539819087615437,0.02219481257974798,-0.15192556136326152,-0.33084914314557323,-0.36054680327338007,-0.43786822793269714,-0.2832643974944542,0.151234462860027,0.5287425722533023,1.351400036474701,1.4201478895534023,1.3452102096142728,1.3359913471411746,1.2882980419481909,1.0380255985114952,0.8533564559963418,0.6137957652326662,0.4793749199373427,0.30946810794263846,0.123160629834421,-0.03197521057273789,-0.10606938404560817,-0.19752767598672677,0.1915248118023783,0.7595556199716541,1.3332867713758532,1.3599829947921867,0.0,0.0,0.0,0.0,0.0
2025-06-01 17:56:59.912,1,0.0,0.0,0.0,0.0,0.0,0.0,0.6116625367682048,0.39380848937570045,0.16293091139695237,-0.05150278588041368,-0.26482510845304386,-0.29008077973244206,-0.2558694848651146,-0.17153793715859977,-0.09781577887741433,-0.00326563203001462,0.09701641269591849,0.1901215807721024,0.27956970281877697,0.3116253548612773,0.38171296965952667,0.4028528038451956,0.3330551594533355,0.025933749117770077,-0.16374419791146005,-0.26994950390776207,-0.3208490588538305,-0.2901314202715609,-0.20017604663111999,-0.15512045450468814,-0.09897047081676114,-0.006304854020428019,0.47514442932721157,0.06153877376573713,0.10554971689267251,0.16367010158372283,0.24015069600637462,0.22972669302304405,0.22689461523600218,0.23845188563980713,0.09682893316495489,-0.11695844394519739,-0.23610055085842307,-0.23553611127298513,-0.18639293020241432,-0.15040971098380673,-0.16285939768915558,-0.1170696323805519,-0.09275862055589812,-0.055757172657991516,0.173955658456022,0.24406974998092962,0.3957622162524276,0.7444497926421703,0.9796224785824855,0.6383277964236647,0.4912582474779882,0.2543510737797774,0.101357987004707,0.39976809695419696,0.4326617488240545,0.7876140806623624,0.26713307312734835,0.5977956024830932,0.39008470412514473,0.5269492955059956,0.5028965021126393,0.657403898025883,1.0050034364475062,0.778433879487289,1.5685450890127999,0.744193477026872,0.29792164921596953,-0.10007253519009196,-0.10887030062357517,-0.055238510275207764,0.05518272107183919,0.15129910661055646,0.263876666423311,0.4069825854226423,0.5379806122227773,0.6339280225042807,0.7685725272776124,0.8686722362948258,0.9429391145831536,1.0220952240696164,1.012380607289565,0.2835048836971158,-0.3661186999403798,-0.10589891275313135,0.10548387798988879,0.2612265303686214,0.3987043719136736,0.49871311431017107,0.5530460075709911,0.5935998494345596,0.17913288687470214,0.6158074102062872,0.5927228889063562,0.5652699317335522,0.5332282249356347,0.4470476168289879,0.3015132411689261,0.4101135480956236,0.5905955468846679,0.7155259916550896,0.6897892417742628,0.6373975514270918,0.571417737456976,0.5341430428550273,0.4667541666170836,0.4297570960100081,0.3566534305809663,0.31048851008266243,0.2480533323941314,0.15400868609234775,0.029400220221476592,-0.09074605185950624,0.0673611713705401,0.6236738619368993,0.8671542297604438,0.8708274893391417,0.7723751777419701,0.5916065448814434,0.7797558563811606,0.4776111805588283,0.7909977862688615,0.0,0.0,0.0,0.0,0.9814227141072112,0.7539029724593376,0.8985230519661936,0.15422941884313102,0.5984268803902206,0.8003586760746301,0.749746768125775,0.6696017766142103,0.6142884330109486,0.6004337961335338,0.6009178721835506,0.5761346387962942,0.5101612988150297,0.580329465252893,0.5392753001958939,0.5242614945198163,0.5124140134362625,0.5205898595161853,0.4864184911767346,0.5157788988325223,0.5902942847580352,0.7191922531855464,0.7384492381207661,0.8148238729780224,0.9985469531896747,1.1188399005824197,1.2445460571638307,1.2388977567030859,1.187426190421091,0.6244413307988461,1.1475218832849507,1.0848277068432273,1.0043494921935974,0.8478682184812477,0.7367917063743294,0.503149350036994,0.4974907035484628,0.6890985218835279,0.8184244529927901,1.056856664555051,1.2260413610589178,1.2546199882452582,1.309269758719073,1.2187561248927146,1.1778983956412055,1.0733060082610093,0.9661023642606232,0.8059306825967895,0.6740928252542794,0.5435791969150889,0.3978720485852859,0.268160967194654,0.11651852002290478,0.47411290417741386,1.06329092267742,1.1829171241827767,0.4006282301680101,0.5756634940992662,0.25710533801043045,0.6126904905904025,0.18473456778122943,0.5608089086703559,0.744828529751264,0.47293387431570205,0.6262577425306505,0.5755253157153375,0.3842687803618089,0.09978761415767073,0.4016138381627406,1.029624903219627,2.1870117411290457,1.7276846588932362,1.7444511927846644,1.3251274928819146,1.0463894897811994,0.8039748713399999,0.5211153312700467,0.3094805115228494,0.16941738177172683,-0.03663449464964752,-0.1460158294463738,-0.19744675134964418,-0.22921543586170723,0.029878974547349224,0.6404684270541117,1.613318860271852,1.7197263886217615,1.5367481890208021,1.6655497076860413,1.609188205405548,1.2569443621184333,0.861615544180953,0.5733799422439654,0.7539867639737917,0.11205513580485715,-0.06318148016857084,-0.22906035912198086,-0.3750800605009149,-0.42187664965755733,-0.3573454932217743,0.05185259990364105,0.5093824626875401,1.377858131626161,1.3807886774822273,1.3231925390606274,1.3310397210835754,1.3296481364458397,1.0926988095315924,0.9203758101337383,0.6838391990523487,0.5714084633825016,0.397491157361588,0.21127656341528733,0.07030962013869935,-0.14333274846100896,-0.21001863761165063,0.031048141139977115,0.5813081682531094,1.1643092542854245,1.3732195801366764,0.0,0.0,0.0,0.0,0.0
2025-06-01 17:56:59.915,1,0.0,0.0,0.0,0.0,0.0,0.0,0.6949803496736019,0.43428811081737295,0.1836410053427382,-0.09015602317916205,-0.3124219552461157,-0.36854778068465943,-0.3037977453251256,-0.20854434112953912,-0.13531553597034063,-0.014569858865302043,0.10041197531837015,0.1986855546728742,0.2930447025276652,0.3151183192113022,0.3997295393271342,0.4329385586125347,0.34441895983462667,0.04048991392708867,-0.21115203562974932,-0.3131158606479494,-0.3650723798085421,-0.33528449153083584,-0.2524663027709413,-0.19884392883539737,-0.13804676317778009,-0.04540728695780727,0.502589064087626,0.03721773540985518,0.07505707643786319,0.15234043427490865,0.25251937792631124,0.2907498293040751,0.22200070296563007,0.22269020060454525,0.07303015603104979,-0.1679936835064032,-0.3030096299130848,-0.3050282665921351,-0.2070148257151112,-0.1619068993289462,-0.18777051242021103,-0.0901158984675855,-0.05387825769136112,0.009750743606776191,0.22139878249041745,0.27756737528145553,0.42132635399810814,0.7457255060201449,0.9584117458685012,0.6084835491434747,0.44762081305578183,0.24239538222563994,0.1232972378710333,0.4210673159807499,0.6876131948494402,0.7855658478215042,0.39596150923333906,0.6475423357770894,0.3018120895080344,0.3635446765755682,0.47690226377988937,0.7061101726901047,1.1248789579349932,0.5754014316331256,1.5716035256219687,0.7468119250144609,0.30730301497667933,-0.05009590943922393,-0.06432362166451311,0.0005529929728684824,0.09883672487891682,0.19682550473845262,0.2896626846674786,0.42356903190650885,0.5529406812769593,0.6572076064512375,0.7719775846423104,0.8634491801504998,0.9374268866506414,1.0157884368255372,1.0113294264717119,0.273818687533052,-0.4052490464491477,-0.10882745840220709,0.09521973544022,0.2591883629096372,0.3981026857423413,0.49030697651218524,0.544602045777312,0.5901481928498187,0.1909790751783495,0.610373400039333,0.5894199014073392,0.5624424343819941,0.5425555088090467,0.4541369690317954,0.3083326978734806,0.32947087213485965,0.514287819582827,0.6510403238290849,0.6258523738716522,0.5845917521632489,0.5275323717766833,0.49097527856803813,0.44563780589641766,0.40545526328743464,0.3514363401959193,0.3049483586858248,0.2572243235085028,0.18449020877848765,0.0783330428739798,-0.03951315492298957,0.06589100284018018,0.5185017323477197,0.7850990039479995,0.7846749397596615,0.7125728539804521,0.4608921834298532,0.7178538251238644,0.6027373262957745,0.6025176433793978,0.0,0.0,0.0,0.0,0.911372695315064,0.6992715268053429,0.8814046458105805,0.07993103471676999,0.4970157491320398,0.7395750674127225,0.6905163188747441,0.6073770170793992,0.5517054864791091,0.5465778260159411,0.5480772331084327,0.5359159936267464,0.4853735708340854,0.5681346894511519,0.5527233413838861,0.5416857101687849,0.5479152906789493,0.5640071338631352,0.5500376739793655,0.5382248154803637,0.5010243434608964,0.6380190890699279,0.657002830860625,0.7162699411939257,0.9065221143546756,1.0506979835293517,1.179003997878607,1.1873408541043358,1.1725261849382231,0.6614737873516796,1.164662639881068,1.116490459456437,1.047332249194893,0.9119314374076316,0.794569871559304,0.5696917417534543,0.47465529696048314,0.5619360267399891,0.7120644093148035,0.9398443252374051,1.1479138020569382,1.1825885618116405,1.2696275450610006,1.1852244254862125,1.1676082355725268,1.089726331121839,0.9853221967607766,0.8457983532225702,0.7129240620598879,0.5953996963215316,0.44425132489062846,0.3151174564897013,0.17729347709544305,0.4189038160823038,0.9202399051317572,1.0808484876961937,0.48947045607922335,0.6042255683548132,0.2910913180993394,0.6695937961057173,0.06874991057694374,0.5972255714110567,0.494544422925886,0.6461840227685631,0.6553314162132055,0.5374986824831891,0.4493806948707657,0.13747216132447043,0.38741392012645587,0.9521703793916998,1.974837149891365,1.5951654795864962,1.6023800936988168,1.230908120683654,1.0369055611948788,0.7978889509897273,0.5339230431246336,0.33490993640457045,0.1962646449059644,0.02987677992312321,-0.06110852349278395,-0.1398982213312644,-0.19127364462417318,0.02564954065754832,0.5056835858537676,1.4665784858343407,1.62051043699888,1.4523680022777958,1.6045358334679474,1.5506802611933568,1.220722186563028,0.8878143903993363,0.6129679376471466,0.5807882846300545,0.18523830402322772,0.027491761629027334,-0.11802630424477001,-0.2554901781970824,-0.40588507138241753,-0.29840341158621664,-0.028779310693138882,0.4900223531217776,1.164934905941303,1.256749165241896,1.2215049266352782,1.2318718016895958,1.259676610383726,1.0562198696453247,0.9058052163247767,0.7242634892603081,0.629948113162015,0.47813669801135195,0.3048112562295615,0.18960846338483028,-0.014717273860334612,-0.12498970054656461,0.016036069835382916,0.38069789009968535,0.8577241849052578,1.0933913736074858,0.0,0.0,0.0,0.0,0.0
2025-06-01 17:56:59.917,1,0.0,0.0,0.0,0.0,0.0,0.0,0.7927026864848347,0.43035424211907236,0.10881171976281123,-0.20256713439663404,-0.45632887556102203,-0.48033279292108444,-0.3782591526186405,-0.26100803482781,-0.14476690367064826,-0.004752135939692592,0.1403620691769178,0.2724293023835582,0.3888889155138839,0.4361735336528164,0.5241920605471156,0.5137244377009209,0.32268168991054047,-0.07401340384114063,-0.4165931337701738,-0.5279898641459672,-0.5416915049005685,-0.47603976552359517,-0.31883842303258125,-0.24526848145035562,-0.1527123631468451,-0.03883213779960415,0.4205873719851213,0.09992939746393104,0.16645944138930907,0.24218868388891715,0.2950834978483249,0.24341900911848696,0.02710780966312687,0.0317044166581556,-0.12619377452276448,-0.37289220995220473,-0.4782700252032873,-0.4264652682065222,-0.2952932484985017,-0.23654988143716582,-0.22001481925514066,-0.1543973191672603,-0.058351691656741256,0.026733616482298883,0.18528495883657348,0.2965485552011948,0.3900747595633183,0.6638522584845448,0.7876616537650096,0.48651874981015897,0.2665501367188423,0.06512227861922004,-0.047078506725858116,0.466217313040793,0.5448179094065773,0.8362994386899594,0.5290110954849404,0.45993135497921245,0.31052449376667046,0.28461934798097044,0.4568727727188087,0.8147306984393144,0.9221403152367582,0.7065633468657635,1.6230424280928721,0.7171643286213591,0.1945444792886618,-0.21930879729046215,-0.20033345666681113,-0.1435974558864297,-0.016969815130549293,0.10962714518081018,0.22911728596188463,0.39192033933402115,0.5358887850193115,0.6512513237472348,0.7876614153010407,0.9087669918019985,1.0145677007596772,1.1246996174850348,1.1856261357643756,0.33318727438635615,-0.6721644555863848,-0.3450131681199493,-0.08188049660795804,0.12976012508917223,0.288949882333023,0.3991899425988845,0.49859418875202355,0.5536112799738202,0.473105395920524,0.6244450626480382,0.6274629827746324,0.6080132289887953,0.610930740084718,0.5505990710257564,0.3743769255495665,0.16775432676209817,0.3003778443171977,0.44730290358149194,0.4680539440156599,0.4636013751568451,0.4378060730026141,0.42092300384564574,0.4054140859755293,0.3887075375364548,0.34456798828042046,0.3321776411328383,0.2864579389328754,0.2470179695419783,0.15301657931369117,0.023004516583728152,-0.0015737800718623185,0.35141741763215995,0.6665867977402254,0.6739426279030929,0.6207118073760427,0.5420896711226404,0.3899610362552364,0.4616085404361198,0.7035063200775458,0.0,0.0,0.0,0.0,0.8256813759271597,0.7495425279687729,0.6976646660796776,-0.060786424871134115,0.3793989443337063,0.6655538037424887,0.6165428745321995,0.5315401575793578,0.4665275717513784,0.4777998676964328,0.4889828037176396,0.4973186782875043,0.47449012022068704,0.5507025396116183,0.5567292149886456,0.55883173075051,0.5865197475210027,0.6042068429698229,0.5748436714920906,0.47555844718473866,0.40259901646664,0.5448296914341437,0.5548595478957492,0.6248860942608567,0.822430575156466,0.9761010265435117,1.1264290463417606,1.1550803081441992,1.163431334486839,0.6136799523989755,1.1947156910893733,1.1510587251440763,1.088800456571157,0.9529366604292274,0.8323071378400653,0.580257716504421,0.3856366806350405,0.4894875025983648,0.6512122731702931,0.8986714701819338,1.0933609393381287,1.1618051813840766,1.2661521518052856,1.1854016392593583,1.1788425308876587,1.0944469594068207,1.0067409877725688,0.8576632327706096,0.7283754570608875,0.6142709865144551,0.46329192253371376,0.3370543274145494,0.20571886309302662,0.3920972356909782,0.8956578037512432,1.0528265876645464,0.5965148693788297,0.6266882692300851,0.45226819941694085,0.5896250480510055,0.15087936556849268,0.5249636435160884,0.6154310062050259,0.3777311448627875,0.5484033138013114,0.6238095074129348,0.3139037522495326,0.16718195703039435,0.38217048750847266,0.925091403190802,1.9040159851805631,1.5486307746412151,1.5483362365837299,1.1819014935816514,1.0220272637040233,0.7800413020050443,0.5250492249918521,0.3310429950749212,0.22312397143018736,0.07056625218260049,-0.025360304716221194,-0.10193418022442258,-0.13557713207328748,0.057404721581439944,0.5150996965688541,1.4276707310051278,1.5904397468916065,1.4394748431267512,1.5704112898973994,1.5101887461787322,1.2086679163746452,0.8968109331344076,0.6041819399291881,0.35259767699035693,0.18581070054387117,0.010123975564092502,-0.13498853600141114,-0.2569522426927423,-0.4037739408705793,-0.30637244345877107,-0.041350386067648015,0.5190229117488272,1.173480204856273,1.2669733210397793,1.2244999698796182,1.244149570526458,1.2717014865828777,1.0685430914569252,0.904449607556939,0.7321032885713816,0.626362883845047,0.4660512668492587,0.3008879168550642,0.18376121289057856,-0.013231845540061182,-0.11569624145111945,0.05322388546404333,0.41235962020607775,0.8943811306298896,1.0778787333822597,0.0,0.0,0.0,0.0,0.0
2025-06-01 17:56:59.923,1,0.0,0.0,0.0,0.0,0.0,0.0,0.752029392290983,0.4152537690635312,0.12684668153424283,-0.17463481224197153,-0.4009148005345509,-0.4219853221225467,-0.3251721419465893,-0.22641850721273526,-0.12298135324466108,0.007475611802549742,0.15175337746971934,0.27920077688547684,0.375436141083298,0.43064486545704794,0.5182113990264055,0.5041617614385104,0.32058060236125613,-0.045237561750468114,-0.377778996666201,-0.49560505896410123,-0.5206549077943583,-0.47459158834310733,-0.3125644404201694,-0.2408556598616478,-0.12950580796642086,-0.030473326177247073,0.3625565819864215,0.10072745841709163,0.15656027654836607,0.23084925710125767,0.28301705773271235,0.2886278026882007,0.11442490926679089,0.05754412958259819,-0.1015618930821417,-0.379288578132813,-0.4836023745792948,-0.43058192918959515,-0.29305604841172517,-0.28018734396179756,-0.241870512877296,-0.19900684309181205,-0.10185892708952193,-0.021761893203249394,0.10950682840413078,0.1956113220146805,0.337259779483376,0.6617560548744841,0.8002499254604759,0.5081433667328059,0.31639731830197104,0.08064265099120949,-0.05128681280973302,0.2720765817005389,0.6184622537591399,0.8237113014834745,0.514859792677969,0.5485787851790169,0.4553242513970627,0.29365593493194697,0.4362824171677427,0.7885774437561536,1.0920754248677258,0.6227024588917777,1.5989862319534256,0.7468327292014476,0.23424559104627918,-0.17406779300879993,-0.18700213885751293,-0.1508050963768519,-0.03861630025745444,0.07922280396564152,0.1960082050723011,0.32803360000062187,0.47905400371310036,0.6012908574277918,0.7259551433441368,0.8518733932234546,0.9468825201208546,1.0566744810571889,1.142888356245347,0.35757742323074554,-0.6148419770187495,-0.3292719151331891,-0.0742599452165138,0.12027809541626011,0.267990886413326,0.3727654496527313,0.46228209281084864,0.5289872312254236,0.5684876744086118,0.5975897355962327,0.5935993024382388,0.5754256473368323,0.5863558121622493,0.5081062792608433,0.34440146558580065,0.22310631136445447,0.3476916109184206,0.498567886497022,0.4971400347211017,0.49340490574037754,0.46669305841179454,0.4322223640716185,0.41893082524148406,0.3941806590549868,0.3502543995693166,0.3334304386489322,0.29111427662725586,0.24883039980886834,0.1408113999747892,0.018658009759740635,0.023630084523766304,0.3959513930321866,0.6953384099681071,0.696216929399468,0.646728332661918,0.7066445347447319,0.5058820744391095,0.4891135398854775,0.6122712763702254,0.0,0.0,0.0,0.0,0.5043196750542017,0.8692580754383876,0.7069217811330247,-0.004126175162801615,0.42028593979802525,0.6821264883962719,0.6310009937412295,0.537200799044068,0.4615575295474714,0.45518871099730807,0.4510521192053276,0.43843542898098375,0.40095628588620347,0.4852026535227778,0.5007498598488318,0.5125272475043072,0.5462514999650043,0.5741162816275098,0.5729883566795486,0.5308421832219856,0.4075995936768968,0.5313737935853953,0.509256364909743,0.5712532372267529,0.757028287433519,0.8911321209819301,1.0517870614620284,1.0748020764315382,1.1070195464464636,0.5298586765712454,1.161845581450927,1.1167381006120758,1.0757317495421772,0.9523192709262439,0.8361103622022702,0.5719308260213994,0.3785181434622305,0.43156288026348,0.6176872723578052,0.8547526519370197,1.0484159883542512,1.1279846560146713,1.2268444561476683,1.1507357217057226,1.1500509036451487,1.0637295908376734,0.9785125843056455,0.8565646637672916,0.7296186644007373,0.613359739769616,0.4651616179662643,0.35343118786519906,0.1957864469566952,0.352449356537352,0.8351977446980224,0.9991452452885535,0.5345690669281297,0.39840249396696203,0.5995093028377342,0.3931345589578481,0.19132820743211254,0.5025010449856928,0.6033004959536776,0.34832618316099856,0.7057876801453539,0.410490865494889,0.3224192636638874,0.1548238297119126,0.3627665879273087,0.8563870700781046,1.779622879474407,1.4653475251896297,1.4761290158614129,1.1430167299477354,0.9980837266869658,0.7971055101469524,0.5219706232927288,0.34812717224339673,0.24267570979624975,0.12329381636193171,0.023276192948697205,-0.06202282051252728,-0.11732385126425371,0.008618623997499575,0.46125320282865795,1.3240013360514935,1.5091382880435218,1.3955428043095517,1.5427406260654268,1.4958623483899613,1.212492058010358,0.9261269195460351,0.6563837719262533,0.17051951191219547,0.24481039311254404,0.06624259646416841,-0.07333671005033615,-0.20225854776990515,-0.3313672898347844,-0.3663682596451503,-0.11255082983780901,0.4337817899683161,1.0863311957141828,1.2094578288441284,1.190159210252446,1.2266954583181773,1.2855687659788413,1.0873841007739267,0.9184632031923932,0.7639787596717567,0.6683875563037731,0.5139909673247023,0.3747447549553702,0.2507659080395961,0.0724015819800703,-0.0777505945736291,-0.009428144040507125,0.3450452799848148,0.795256359470727,1.0229864328736835,0.0,0.0,0.0,0.0,0.0
2025-06-01 17:56:59.930,1,0.0,0.0,0.0,0.0,0.0,0.0,0.7012933099222195,0.3811716805264508,0.1319163675441778,-0.12583087509611984,-0.2998945289204549,-0.3361399209951945,-0.23915609290875506,-0.167091786059251,-0.07446472876172672,0.04223689097382033,0.17790065948750317,0.2914165082211584,0.3708286953237537,0.43637526795881754,0.5095388132253891,0.4988126870978732,0.31242750879883024,-0.026111140160488155,-0.3293216907074671,-0.4652625133523396,-0.4833932502572882,-0.44235019570965073,-0.2986587767894099,-0.22741275651315807,-0.12982628651110706,-0.023545818131188834,0.30723350558719187,0.10312533438445026,0.13800149189240046,0.21394389853721543,0.26997514881988605,0.255034673747084,0.13666990588821343,0.10092015245952635,-0.05722543013275516,-0.3182883203246989,-0.4133065912505659,-0.42158921317797104,-0.3202228052066559,-0.29705083864012516,-0.27939646713706456,-0.23332293664118098,-0.20759714620423086,-0.09730469499027572,-0.02462937691101147,0.05513466591474525,0.22216498802563067,0.5656959463520865,0.8327583375443299,0.5556846769847861,0.3799289023468403,0.1454826365384696,0.004271502082062506,0.2884024068151128,0.5961575802207568,0.8935940733720464,0.4728548260219585,0.6383261383026706,0.669440779535744,0.38638904402413243,0.4170189048268785,0.7546606885024285,0.939587902181795,0.652978211685234,1.4668223950651307,0.7603501571185485,0.31007547190165075,-0.05981391083801224,-0.09189992702194916,-0.10338720932938417,-0.033888654987289435,0.058841221906725805,0.1520670035653109,0.26954632142518875,0.4101743920831742,0.5104677801593684,0.6203553731010042,0.7425655768869033,0.8277876119519099,0.9094156283645217,0.9595812422149168,0.3359131331476665,-0.4297610902653176,-0.17900840471430923,0.004187384673969952,0.15728463607164,0.27370640686288117,0.35513005071261916,0.4379039540950993,0.48566549196002584,0.714547693222995,0.5370134600957601,0.52761958674951,0.5014199720376905,0.48663733257588226,0.4013776691253073,0.2817032503869654,0.3982991621680291,0.5117374831444511,0.6566926124289529,0.6195673242442055,0.5712577348079522,0.5171649235999134,0.4577233040933302,0.43326895767976525,0.38639471045348794,0.3319582981574827,0.3023089926396558,0.2361115278132777,0.1728308028449399,0.04594809525300658,-0.05233462674292655,0.10905622336354309,0.5634625659789689,0.8106346687105707,0.8103165321654804,0.735827290586508,0.876972506268024,0.5457573509453117,0.5841657446422563,0.6644568994353379,0.0,0.0,0.0,0.0,0.28344266388042116,0.7870989426532504,0.9527359177549451,0.1827509821493365,0.5911886495747849,0.7711087374489152,0.7132089411734865,0.6096030984140554,0.5163287641854974,0.4786217655963376,0.43352466970125647,0.39424999952847717,0.33146706949665683,0.404649544256229,0.4068255949044808,0.4232494726397771,0.4763605981453982,0.5267897253684035,0.5492712036032417,0.6739798284738281,0.5174348523791379,0.5849417046867521,0.5611878853470968,0.5905740800550179,0.7525709685114006,0.8534088718920043,0.9926932770520622,1.018687043568202,1.0397770984965227,0.7310848615619692,1.0944024493642477,1.0566498422107762,1.0193842449656272,0.9016749668955027,0.8122752621283416,0.5801800777446945,0.4561355539957648,0.5045316769791764,0.6419603797861998,0.8790968283990439,1.0357751949699718,1.1039455672482468,1.192099271974485,1.108817346250236,1.1004131983249934,1.0110730942269135,0.925300227577531,0.8025662625730817,0.6797259244225803,0.5775680625665582,0.42863684441687966,0.3086459912400757,0.17788046088731757,0.36895408832927373,0.834268365035549,1.013488941623741,0.57744900107664,0.3612514228040178,0.8966394790520448,0.5250661866823441,0.37287759189370956,0.6424743151584283,0.5241129057563079,0.29831581769332566,0.6448785531075331,0.3833279439272177,0.3780413907663627,0.11370726343379628,0.3269903167987344,0.8518217809187932,1.7708222202123798,1.4652346420178861,1.4789059095840646,1.1717849354704644,1.018727312148515,0.8291225297904941,0.531409494043311,0.32869026304017934,0.2517158808935249,0.1318685819230876,0.0016915404549907587,-0.08924268591208495,-0.1543778321687993,-0.028464349370316055,0.4047937659713276,1.296179228555038,1.5106601359560774,1.398709199335197,1.556942701811121,1.5238636093138187,1.249973912891842,0.9819329508287764,0.7244138903581476,0.4010990618536414,0.29908967052003366,0.10939548740924643,-0.019754955410788533,-0.1598312244505058,-0.2876925682373751,-0.4118709671633917,-0.1369552034913688,0.4204483744967236,1.0825289571164611,1.2214398179597326,1.2006646184613166,1.267236116579123,1.3284159924437997,1.1637046924111423,0.9633330202191761,0.825101150449562,0.725335787906032,0.5621958968087,0.4305264585762749,0.2850471948228477,0.1199304455836957,-0.06702112920555492,-0.0564655791260219,0.3031236340433541,0.7654108520662849,1.009801102747575,0.0,0.0,0.0,0.0,0.0
2025-06-01 17:56:59.934,1,0.0,0.0,0.0,0.0,0.0,0.0,0.6373524076683624,0.33553824697715906,0.09805769314301394,-0.07056697985444538,-0.21127123483214205,-0.2467339459842749,-0.16454206493404266,-0.1158257991653443,-0.02425500054090579,0.07814883334353406,0.19877169964359281,0.307487316752581,0.3707511417602724,0.428408959516267,0.47776927358077814,0.46316157169722716,0.2839913998454063,-0.004722945661735978,-0.27961880012621426,-0.41001492877196277,-0.42178426757260545,-0.3829611437180056,-0.2476200111854202,-0.17677486644011797,-0.08899827720147424,0.010835845741259065,0.3448394227132695,0.1208047234594628,0.15275474236349768,0.2123436717985143,0.26211138278725044,0.25496434714219435,0.23302967129909263,0.18278824089780904,0.03266848770572606,-0.176823124276269,-0.2818844769179967,-0.3166259806644218,-0.2510546384346911,-0.26120683114485665,-0.25206163467556175,-0.20954772794222265,-0.24237027169364778,-0.1386836706700636,-0.07844556965961719,-0.020503482708302156,0.2001421105565801,0.5617405088029064,0.8533404600911622,0.647874716985772,0.49956374410608906,0.2723778265139676,0.10401942930062957,0.40912260032659237,0.6869885745585562,0.7230517296037218,0.5522663349482345,0.5242302549921513,0.7932440881135703,0.569136159291495,0.46252677074002496,0.6631718916277562,0.7952321993920219,0.626691324373535,1.429970931410371,0.8157740101602249,0.44083960651081666,0.08425554167858307,0.02995886805614756,-0.017673338925056292,0.026219876464378622,0.06978537870216495,0.14100508341339446,0.24739839298425426,0.3531668646738211,0.45752949630146333,0.5365409043361921,0.6373146279827342,0.725194506378988,0.7759531903664781,0.8104540015161936,0.3799940381887161,-0.17823795638172701,-0.004111407211650819,0.1144565786954499,0.23402210983930405,0.31705811283247565,0.35833555972654985,0.4123199346519799,0.45152425895728565,1.0315371955200967,0.4722648848759736,0.45587255181983666,0.4167502087909397,0.38201822835448185,0.28096278387012646,0.22210252881759382,0.6026097351094895,0.7276311850961364,0.8648888041137188,0.7732190346493215,0.6684522236860813,0.5816736180010327,0.49650155647930916,0.44583789669681506,0.38183229209733427,0.30367189897125213,0.2477104091204474,0.1646939672651142,0.08002665340639448,-0.0805928685277798,-0.18146039863106322,0.18458470337948274,0.7714513035595213,0.9464270081551658,0.9367823203441463,0.8390490502194854,0.8332174118909668,0.4907025285485262,0.7129625265930517,0.7199296106549787,0.0,0.0,0.0,0.0,0.29955639245602184,0.7974220233248839,0.8248961360647621,0.3774119626493656,0.7710060339603204,0.8803254510402481,0.810877255616526,0.7075151715283922,0.6020485993514746,0.5467559311753973,0.4639197620418929,0.39173542442939935,0.2944272168480324,0.33169446015814597,0.3408318437393141,0.3448263796278157,0.39946521841323024,0.4545703291468321,0.5109959481567998,0.7714133854124066,0.6707509057181195,0.6936710660896909,0.6363198628247726,0.6819003878651797,0.822664965418413,0.8904399840186707,1.0073827154697583,1.0016730126336146,1.0108092442459016,0.7388782327513168,1.036674438898554,0.9933641651114973,0.9457152753408169,0.8265339022944095,0.7438254296545874,0.5453746547838989,0.5843637952513453,0.6486134695326926,0.7601844675284625,0.9903810629605887,1.1260957597995445,1.1641891721474058,1.226971990983793,1.1219129399852352,1.09564789675722,0.9882299156652885,0.8823215211697537,0.7598844461455373,0.6196499994624237,0.5176793365620111,0.36408528558245046,0.25200621021322395,0.15328924607607694,0.4596782949694697,0.9504763054235478,1.1060734464992872,0.6840903608365737,0.3869402247725324,0.979077188858677,0.6276307290500267,0.5292202535234736,0.7636924883256202,0.6350116756591921,0.4312655491583894,0.5093173140015793,0.3833279439272177,0.5637612133184113,0.09822315318699543,0.3398804986704697,0.9120004098174174,1.9231934511218371,1.5727064969247688,1.5812081699522582,1.2328847967048344,1.0887306762918627,0.8712535757120925,0.5419305763380942,0.32344924671596975,0.24735577262573583,0.11652009048714795,-0.027362543134927697,-0.11905214254235141,-0.16886916744867653,0.03882507531615342,0.5025698071868103,1.4153781485781916,1.5585123801197265,1.476386503166166,1.6482769809424043,1.6058288817813648,1.2989427843049408,1.0178931387107124,0.7257366991375334,0.4628212167821071,0.27849762786501286,0.08341099046571743,-0.06915702189434025,-0.20526871821716508,-0.3467809136299978,-0.3771801804357499,-0.04170494826474552,0.5426440154128005,1.2352524106697114,1.314551873054352,1.2848534777885177,1.3390323489717246,1.3769259889839796,1.1981562305095483,0.9754161314311909,0.8345821842705943,0.7153371400875188,0.5323078908312928,0.40896068073748104,0.22784364301693305,0.061038201101721645,-0.12149863070469319,0.0315756754079351,0.4139532845136067,0.9041963531874481,1.1293624448726307,0.0,0.0,0.0,0.0,0.0
2025-06-01 17:56:59.936,1,0.0,0.0,0.0,0.0,0.0,0.0,0.5853934494347242,0.2544743343972008,-0.009886251332142715,-0.10552414306172886,-0.21523763713527866,-0.22081919567267183,-0.1451787925987057,-0.09468665694368705,0.008208487272985288,0.09441177321892602,0.21866845934384355,0.3055557221759454,0.3723739024497637,0.43178962569605017,0.46414733618489257,0.4369702235555658,0.289913962609321,0.0003913755475781211,-0.21040459581250076,-0.34142499770187773,-0.3589579665625471,-0.3164313624761059,-0.1962287644520092,-0.12002704519759833,-0.05542344509703201,0.040201668962794423,0.2633332139051311,0.1348848315947928,0.16914112135977394,0.20683919091904399,0.23965589056863984,0.2030625160019638,0.26345962989686683,0.2204048312534685,0.11604736194656362,-0.042302536815354674,-0.14610844729895311,-0.17982903492974245,-0.16739386073744378,-0.1558843558866445,-0.1747745917387743,-0.1735650651786299,-0.21084290609602918,-0.12534997509836138,-0.08841463091784357,-0.04153825243666853,0.19164430714764347,0.5710989137645806,0.9369791563513749,0.7324410509171553,0.5999717710172133,0.4097016516074752,0.230732242521962,0.5365356251453219,0.47333541798687195,0.738465402237195,0.6566060923975434,0.593131659376937,0.8043565246753701,0.7280313704499354,0.511958437444727,0.7259269805496021,0.7576372279676333,0.6247222609362677,1.4269970386259578,0.8359266744832335,0.5326516524210143,0.20505082306351263,0.15240616482416147,0.07229897880861591,0.10378381459602593,0.12752000639158512,0.19532486018916106,0.28789636637824145,0.3761068723558554,0.4668056887513352,0.5371635020541347,0.6284500415433887,0.7017725157799599,0.7507216843546124,0.7772872209417316,0.3808423346653849,-0.0024612684571672094,0.1044437562855225,0.18625421109228513,0.298030472481676,0.36725528665320395,0.4016474352843433,0.43808794673991636,0.46837020724173106,0.959905433698854,0.482185161700051,0.45248565254352735,0.41095976503123655,0.3633027825135149,0.25260384630544935,0.17569082568629527,0.6769541720170146,0.825064036580777,0.9556093539846473,0.8636219361181621,0.7394537668303982,0.6375154534530261,0.5502438203454814,0.4767234254849013,0.4093853044651803,0.3129770625853685,0.25341273209324755,0.15699708105752208,0.05183572657136515,-0.12558788065008641,-0.2418669891615306,0.17690503426935655,0.8920061729027292,1.0399488815986386,1.0404665620543636,0.9214173959152825,0.7353225262394383,0.6802180767575796,0.7042752094418299,0.8194581527011935,0.0,0.0,0.0,0.0,0.4096419578687778,0.8870005073209088,0.8543498759195555,0.4651942094343775,0.8964641764359589,0.966185286929639,0.902818307522,0.8213466688964514,0.7399084813596264,0.6785364216768619,0.6016069948627809,0.519979314437427,0.3992810317634583,0.4188994798864609,0.3973729296749513,0.37269382534260265,0.39949589163601107,0.4337290822693424,0.48560512498709735,0.7900400227549154,0.789208054595105,0.8080588636726243,0.7797217967463461,0.836547021159973,0.9750888263430564,1.0424178236660024,1.1563565464436247,1.133782627557865,1.1071353432615763,0.6262430668349801,1.0927583054529637,1.0190927797148734,0.9425869274811292,0.8127363066726631,0.7136757098186525,0.49573932026103523,0.6361693034196959,0.7949765291312316,0.9330348745319089,1.1782790909866068,1.3043204410174147,1.3227602932100002,1.3690267145727413,1.2413246414947505,1.2009637984320611,1.0535971899161933,0.9217381595752165,0.7742661440701305,0.624368477620968,0.4948040041935387,0.33532124619323267,0.20520943812582654,0.08504374883544885,0.5393767452915877,1.1386703116095815,1.2914880895021073,0.7671341571491016,0.3528453070444366,1.011119418938613,0.6853401037021419,0.8251067002289791,0.840402345324135,0.6620375142968324,0.22543539670172624,0.7472721819226805,0.2803836700121216,0.5676620652775757,0.06597419106399177,0.35177140251755473,1.0006469946117014,2.201342903662377,1.8088249235495535,1.8295999445915854,1.4430718609182742,1.2359130637911513,1.022927800342174,0.649427827535084,0.392624856699469,0.31561397991439555,0.13186790614223476,-0.03771267623020713,-0.14614492133873525,-0.21785735174928467,0.03685857378596269,0.6175191760288112,1.6061532956895428,1.7410478060607417,1.621544266283791,1.8430260127776337,1.8151008011992664,1.49023031979221,1.173328361426255,0.8278873492492373,0.31123046106168284,0.2968999042772369,0.08587638946429998,-0.11231929249621908,-0.28052359175657315,-0.440361844025911,-0.4616446918892595,0.04588666422469495,0.523923715421549,1.219134448740966,1.3061864176671063,1.2915440645706764,1.5189201633077773,1.5752083079773822,1.3535846255965502,1.1075620728340425,0.9008170332258068,0.7578129647798242,0.5418419869277946,0.38979285301292976,0.1758917352353837,-0.03315864260664314,-0.2231777672767999,-0.015460693663252645,0.5842525800148406,1.220347131757094,1.4170493272114484,0.0,0.0,0.0,0.0,0.0
2025-06-01 17:56:59.940,1,0.0,0.0,0.0,0.0,0.0,0.0,0.49133515025585095,0.177561677477759,-0.059261839334188215,-0.14071446072594196,-0.19916522493676914,-0.22196635170894585,-0.14623433438285693,-0.09851931093980082,-0.017043779019395133,0.06555517866317262,0.1871790686497436,0.2637429222341331,0.3152623816859837,0.37177490059560725,0.3837817855648078,0.3471765552858653,0.1943655212463537,-0.031022090528459334,-0.16340026237563393,-0.26899511236281093,-0.305144605029683,-0.2837178427175583,-0.1891885769823749,-0.13117679209457567,-0.07845036996031818,0.016915238445160186,0.37299644420725075,0.08021244747479439,0.11957137836824522,0.15571509997964014,0.1762061444129816,0.14321494223859638,0.34286386199560787,0.2937444360646405,0.2012774858839409,0.04861108419696025,-0.08233664600611723,-0.14431538006525124,-0.11714869172153919,-0.1433876122797848,-0.16568819947622204,-0.18047331122725618,-0.22262496797139752,-0.10584643497966745,-0.037897817442378856,-0.005772072845238951,0.25514803448219975,0.6863166513476098,1.0524902928923754,0.8148172778970294,0.6872331179622192,0.5045864080050801,0.2947092350879812,0.5606864036291681,0.48824505813505537,0.6544181286168205,0.6894286966384491,0.6601752359866431,0.6428708286669883,0.9352605256744104,0.5638453878076028,0.5616102520342805,0.8718493402043541,0.6691646891132078,1.4465040395219357,0.8532737377732295,0.577311665519217,0.2631594238315964,0.1884308587962913,0.11854540987119089,0.15742147101672166,0.15715699004450912,0.2191892045554733,0.3050804150382329,0.3752244304857213,0.46324963402762864,0.5275446131197753,0.6176855936861081,0.6789964794784782,0.72037286234655,0.7133260740419738,0.3318085427953925,0.10123287856311725,0.17593716004552018,0.23868015292998956,0.3227576281298232,0.38444608763677923,0.41768085892667584,0.44383504569638044,0.45923454568868505,0.5897995466392607,0.4503775521779987,0.41675357833341187,0.3705084894402403,0.31326148284855937,0.1876923806567669,0.10061119043990832,0.72104438635186,0.9146282661279787,1.0207922808958454,0.9189945832750503,0.7688816917555406,0.6473641915828423,0.5587224993599307,0.4578205300127838,0.39133371599907885,0.28718875874437866,0.2179251763107699,0.11266145741887001,-0.005731088084022007,-0.19068127866685314,-0.31531181840162137,0.1451072842413147,0.9650450122927171,1.0900694185855762,1.0843350924247708,0.9608999301250092,0.691210611225612,0.6582633015402874,0.6242179419346261,0.8586801809582765,0.0,0.0,0.0,0.0,0.3984396463787565,0.809731414524899,1.0429341018333775,0.523118026847019,0.940040041432912,0.9979497186086719,0.955944710967435,0.8906533296583693,0.8184210257761055,0.7717814862041246,0.7064492134239821,0.6163088708623854,0.4916293539559198,0.509937464732384,0.4491441835015526,0.41237559396575296,0.4205651291880619,0.4434716061461093,0.48739541561799343,0.8218283414244874,0.859510950038346,0.8866061189845769,0.8623700832662626,0.929058857426522,1.076506219953609,1.1505366958259189,1.2658871573382484,1.2264995335341176,1.178695776747294,0.6044632140824282,1.131030960969575,1.0494659219266538,0.9606938555748346,0.8205079836205195,0.7199947794760497,0.5079033686011019,0.7088252477899436,0.8485098894771936,1.005386153938959,1.241430330783887,1.384066408530059,1.3907168744361311,1.4254214723629368,1.3054284926705335,1.2585046607446917,1.101073211207229,0.9599969768941685,0.7982403354107553,0.6494063212252356,0.5041173252941233,0.3443960784318211,0.20106274496154397,0.08195595326635602,0.554086643263145,1.1484669943306276,1.3181477119819327,0.7289043955357443,0.4092564244147666,0.9532094052932921,0.6688517320056284,0.8532484419357873,0.8797776243367793,0.5086764276510902,0.2774142058149378,0.7040951375678196,0.1828921581470777,0.7042933785421177,0.07406190065293533,0.3734604210605677,1.0448212044150207,2.2838435318825185,1.879051515213617,1.9019049286071992,1.5165794806451203,1.2744962816045418,1.064277070722782,0.6700972421544267,0.4194583237389613,0.31714323468973316,0.12044510925137875,-0.03998075805500767,-0.15984934488380997,-0.22877557496451278,0.013515688282715765,0.6369375323310755,1.6686595828912671,1.7459722235227093,1.5999324516111133,1.826240347545708,1.8060749194576589,1.5516221697685544,1.23072685017939,0.8729862739564334,0.4487380030082232,0.30702561713848553,0.11482009199011456,-0.09836658223513917,-0.2768866566988393,-0.46912612518931623,-0.47698506364120186,0.07081076359437105,0.5052034154302976,1.2030164868122208,1.2978209622798607,1.2982346513528351,1.468565080217451,1.624165040365133,1.410427659906441,1.16198125805172,0.9347391144636716,0.7863381446924824,0.5662834460106472,0.40685798811902596,0.18843339880007193,-0.04381521916691411,-0.24224595143953892,-0.0534653999686569,0.5863323560228053,1.2611866892989654,1.4041468058596485,0.0,0.0,0.0,0.0,0.0
2025-06-01 17:56:59.942,1,0.0,0.0,0.0,0.0,0.0,0.0,0.5452459594152623,0.22104521590056816,-0.043538157779787756,-0.16559646842714748,-0.24397536372842554,-0.2859205987493979,-0.21262833908809298,-0.1608914504625205,-0.06769739986357903,0.036490983753745265,0.15016291495568507,0.24099594329055685,0.2998722617547703,0.3615166230089545,0.3645684680804913,0.3367867645923715,0.2109860046982885,-0.046812537100663715,-0.23025984419741585,-0.3436751916317866,-0.38232808926555717,-0.34042156017278036,-0.2594516334192366,-0.19273564325808623,-0.14851740864671092,-0.04315268853556509,0.305613719661023,0.04460522416509072,0.09151131531201567,0.1318583417601579,0.16769361578024528,0.12190296672865053,0.29623005660935736,0.2515412520761744,0.12281430110217362,-0.031779599812348014,-0.1410198293235183,-0.2573660865346411,-0.20279593917597605,-0.22797242776010107,-0.1882889729320968,-0.206148471686863,-0.21583221712740808,-0.0684406035218672,0.02062271529173576,0.09560343112292974,0.3230366204383133,0.7438916596448106,1.0535770840484018,0.7324025401086388,0.5450466845660374,0.368171834743964,0.15911992500406136,0.5454419715129006,0.530182120028237,0.5723018513251581,0.5708033033571425,0.6667618344802055,0.6128367485614078,0.9141417881114509,0.5789491509475369,0.34813750008940647,0.7930323733406128,0.5776442536617324,1.4950401084336529,0.8122144021786313,0.4661227708574056,0.09450353249367538,0.08863802828582501,0.048368418611408615,0.12315872791311144,0.14125403487760524,0.21518716588733233,0.32933304781511286,0.40321857034039477,0.4977829373816325,0.5737328968016792,0.6698495891504312,0.7524679719102725,0.8126858101115061,0.8097246511600875,0.35939199031729124,-0.003280640018211267,0.08972839566096713,0.18761180598162674,0.2875664461913694,0.3652874991754187,0.40622661929104487,0.4509876802373458,0.4626704317129575,0.59328523784659,0.4663437876187875,0.4423089047317791,0.3971868641349422,0.34636061745197066,0.23841368112628208,0.1527794621103213,0.6669223776943277,0.8422982104382465,0.9275810192259231,0.8598828770698288,0.7194478454617752,0.603795245007406,0.5322928606278374,0.4361315343433758,0.37294570835667673,0.27281176767567317,0.215485188282317,0.1122002492335803,0.006084164482762056,-0.15971224669475537,-0.29610853143492366,0.1155572062390835,0.9016955811618289,1.0522723525269606,1.0430761328136118,0.9293852348963356,0.5716943986509264,0.5387269978782145,0.6389698082213151,0.7463876585554033,0.0,0.0,0.0,0.0,0.32469882548945783,0.6887783975425898,0.9461992714484785,0.4132049541023035,0.8569458880824798,0.9630997776960368,0.9345977849132587,0.8887712328137839,0.8354616896533773,0.8202412616559316,0.7921387457255293,0.7107443274358523,0.5966884960583725,0.6091655588830851,0.5347863474637897,0.4834979923882716,0.4746562683715485,0.4717513170014151,0.48231268624872464,0.7125705983628301,0.8319098758008109,0.8797911201849904,0.8750792566509233,0.97333242140766,1.138200441219847,1.2394335545421846,1.3409323150763535,1.3083237465205098,1.2519647990468117,0.7105508670691398,1.1919887979278059,1.1164490684841804,1.0020313480430347,0.8541651639842737,0.7472395222465831,0.5333012865861015,0.6984222422409131,0.8527358716471232,1.0029487997428732,1.2490107609069507,1.3967634259574777,1.4203363911067262,1.4597739055272676,1.3424249040622442,1.3038191906358132,1.1423828905304814,1.0182436974534035,0.8340491971552458,0.6862873494347949,0.5439916721914964,0.38894218001015657,0.23072495042219715,0.10278684156006188,0.5159080946227568,1.1201205990795975,1.291059958950783,0.7580728953424153,0.46289605151393665,0.9393586669249135,0.6730648293441671,0.9259454526313433,1.0136722311506647,0.5455725218695753,0.37453749905549244,0.45250974543985434,0.22344863821498695,0.7663308965160408,0.1097363730834891,0.37002607904372226,1.0225214847796134,2.2597549360371754,1.9131479208368243,1.8953311324870987,1.508025461184947,1.2743198366214832,1.0538435025177764,0.7283316314499719,0.4661755392422231,0.35109674895355925,0.15285692220392555,0.01022491257856728,-0.118613550987968,-0.19255881756639248,-0.010577636038887173,0.5812631080469712,1.6248428090932012,1.750896640984677,1.5783206369384355,1.809454682313782,1.7970490377160504,1.5533608329118098,1.2477827845207436,0.9015194722201236,0.4366774369235692,0.3626544557495961,0.17537874853085134,-0.043621945055890565,-0.20632812956976354,-0.4080789279663916,-0.3981051055990818,-0.004406867753895649,0.48648311543904627,1.186898524883476,1.2894555068926152,1.3049252381349934,1.4182099971271243,1.599134897999528,1.386902802871639,1.161086257590651,0.9460528429781323,0.8173890243777311,0.6037673143841111,0.4548467455955938,0.25205164049789297,0.03407990938069427,-0.14968494104107577,-0.024104170461461683,0.4850591112406081,1.1666428371543978,1.3912442845078485,0.0,0.0,0.0,0.0,0.0
2025-06-01 17:56:59.948,1,0.0,0.0,0.0,0.0,0.0,0.0,0.5525885427542453,0.2709992005484815,0.03816587118959991,-0.09933529118830742,-0.19985988338200866,-0.26841053284928673,-0.22722829755889773,-0.1875117261577709,-0.10207311736905933,-0.008104927546561114,0.1150185295768939,0.19169134955578104,0.2523649155340654,0.2985986396464049,0.31663462012581334,0.2800843563701687,0.17670966902105895,-0.02142943616752338,-0.22280771762365414,-0.34029932740488955,-0.38812514874472204,-0.3714888068620614,-0.2899923730318028,-0.24008375642529944,-0.19506989672765207,-0.10430526314088406,0.3063035378604557,-0.01936248746682856,0.03494640835791668,0.058859144660137835,0.1112021606211738,0.11021081569609456,0.27381888427783213,0.2553215812082339,0.09440269528782219,-0.10834046247778906,-0.2612568516549154,-0.3099289741139567,-0.2939723968328718,-0.31696297572189425,-0.2619337597526997,-0.2895543547143211,-0.2454064636190173,-0.08731646592165115,0.054995536517841226,0.13929845554333448,0.3721096662818979,0.7965754656596424,1.0532579584612134,0.6690642200238065,0.47999837664926115,0.2816561926000474,0.060367893618913815,0.561573328818731,0.4909071571801852,0.3549335485252539,0.5521234832099694,0.6166933334243532,0.5246746310809014,0.8112501924341156,0.48402685555144404,0.31477975015395665,0.6544121367481648,0.5118437100504997,1.501151816053035,0.7665803086238926,0.3839854645685812,0.002890986177631172,0.014543830644324407,0.010095831432656022,0.10360235893172054,0.13111829762145355,0.2291446161674564,0.3567593397118263,0.4285202505266703,0.5322734184107774,0.6016542662329175,0.695057192389452,0.7881369407671068,0.8544564983859516,0.8378781318611146,0.2962993694995678,-0.046227980273696456,0.05113592100381559,0.16938868565805754,0.2812822380157778,0.3731196890183628,0.4131114046422879,0.4638069226677315,0.4703786821656939,0.5530209695081723,0.4787878529755545,0.4569708247785079,0.41293497883711117,0.36619787932095316,0.26433257289929774,0.14922818588997108,0.6196502092426228,0.7874237744317504,0.8778413208210067,0.8111889584307892,0.6823248451705173,0.5647304376240114,0.5112975929196888,0.4121745294435102,0.3582402400514184,0.25070512953900237,0.21078475672467722,0.11260787234915592,0.01388714011735881,-0.1423583474396387,-0.29313715058821915,0.05281448572683556,0.8229168746635519,0.992959105783237,0.9812254820810942,0.8796871109874644,0.5112914270962667,0.5043818889966909,0.4442618672259249,0.8868606800814756,0.0,0.0,0.0,0.0,0.3788895320093876,0.720517520815483,0.8277374147490731,0.2832093909074832,0.7317084821625832,0.9027370227966507,0.8901917393542285,0.8581802403112181,0.822780482976291,0.836725408646952,0.83487475290059,0.7688769715282562,0.6842183773838815,0.6880950890228301,0.6227846121783298,0.5631712398959674,0.5331653978470599,0.5138346988254006,0.4843891358625421,0.5986088372444431,0.7615308163945735,0.8429909046792363,0.8581284914282157,0.9778615803418038,1.168525525620664,1.2841301888444758,1.3993552342876794,1.3850225909222436,1.323753498276406,0.7105508670691398,1.2676452301120738,1.198044000354801,1.079421471657959,0.9218430480401293,0.7991337510998106,0.5657673931732184,0.6493669909543938,0.7736871070814131,0.9614869019442452,1.2163141805162268,1.3745423340318372,1.431945089257663,1.4813385931279588,1.3768461207595404,1.3446671719111811,1.2007304316743572,1.1009630334510985,0.9062506954497641,0.7630126304067871,0.6174271317828726,0.46263653529048565,0.31416576684702796,0.1313224928426481,0.4094572516503221,1.0180308334226496,1.2001199967296419,0.7212526568800864,0.5144028425240916,0.6942884695915794,0.621125318974681,0.9772908907375606,0.8142849895128453,0.5831577506016226,0.5679354257569216,0.49136948767285016,0.30694185306218713,0.8573523754160387,0.16600698446666423,0.3587106957294874,0.9413774304100566,2.093292068903456,1.8151829974543154,1.8376378208501318,1.5005091539309658,1.2717125776448943,1.0700392728879367,0.7831328094736636,0.5480072728853864,0.4257773783881722,0.2450314570490515,0.12564529959268178,-0.017606703305816818,-0.11724309541081401,-0.021578404534583595,0.4830128079133837,1.4257041834845554,1.605471498537974,1.556708822265758,1.7926690170818569,1.7880231559744428,1.5075109692365856,1.2185456767453877,0.9092872441327955,0.42734105368766817,0.4297057072665291,0.26577485065347584,0.06636068667438422,-0.07206685974192761,-0.25214665989595164,-0.26292293490399465,-0.06094069568492583,0.4677628154477947,1.1707805629547305,1.2810900515053696,1.3116158249171521,1.3678549140367984,1.4667072077565515,1.2769116355222812,1.121891269379773,0.9434478564200874,0.8438881797618827,0.6712091159940945,0.548935777843593,0.3978669232335943,0.2067607928849351,0.04254896936013319,0.08449327533143408,0.3854247870604277,0.887373600873088,1.1288892429130357,0.0,0.0,0.0,0.0,0.0
2025-06-01 17:56:59.952,1,0.0,0.0,0.0,0.0,0.0,0.0,0.6116193304113853,0.33989507154098775,0.10587507714481958,-0.054457995029413064,-0.18261933999769842,-0.25834978889769156,-0.228335971290479,-0.19308550377889833,-0.11752844694114495,-0.018140080312585627,0.11738224678410153,0.1874905240160859,0.2595481035357106,0.2934109802069057,0.3323745701157805,0.29309737477426046,0.1743676721113515,-0.050332055236539774,-0.25284718033151116,-0.3496843778007004,-0.3965580317120171,-0.38964288382787327,-0.31162453752505026,-0.2593264424410928,-0.19175827324648353,-0.1041556923026945,0.4299476013007798,-0.014026194386179025,0.03681192458853477,0.06367540656938245,0.10135082307077109,0.06667082689488554,0.24206023052071418,0.23784500740461323,0.0760396516144094,-0.1840291767829647,-0.29115128485559316,-0.33796267941155655,-0.3117800757508147,-0.3205075326022917,-0.25455237320736224,-0.3489590566970293,-0.22495843640460256,-0.06605345070670754,0.07035863831971562,0.1586364918403541,0.377280524610333,0.7984592475057528,1.0823925618476542,0.6377813423929138,0.43729158896439546,0.21157804953663994,-0.0006641709062480405,0.45612742876227946,0.39696290033095205,0.4417957805195331,0.5020464318227007,0.4800663349340586,0.5693392107713768,0.7197986610845626,0.42871506212041327,0.5219542920723976,0.6757981796175019,0.3639413865729785,1.5323348724369685,0.7508332389407484,0.33346671567638797,-0.04019264956516655,-0.033459970521747984,-0.02602149636865092,0.063533713098882,0.1203042375199812,0.22514898297603625,0.37013880500982865,0.4513566219173131,0.5578712312821799,0.6537750240349783,0.7514906609631307,0.8600217610758734,0.9303071066589891,0.9006806951486779,0.24113682920757118,-0.18525961099390753,-0.03397306804135414,0.10941929017428365,0.24230040124193897,0.35576721652549237,0.413732909442869,0.4852806144278867,0.4936575821456477,0.270346626854757,0.514239934710327,0.48718257829247136,0.45993488281754213,0.40962341981531936,0.31737075238823925,0.10534553655219983,0.5415629293823507,0.7108348867232354,0.7986157779593026,0.7544715164614015,0.6521946304615447,0.5521536557374367,0.49728749295993024,0.4119825720495127,0.35183577691451107,0.25998552433868327,0.21690269231741133,0.12909803510356732,0.02928578138058069,-0.10884821334970629,-0.2729595977748735,0.009220735078737274,0.7579346373658619,0.94342109748745,0.9346873163280309,0.8348558157813513,0.5029534972392715,0.6332026579241381,0.4813837001836722,0.6867404796374629,0.0,0.0,0.0,0.0,0.3266923861402936,0.7317282279546984,0.988328766248575,0.18274424129883582,0.6525667941171105,0.8498023350440302,0.8511069063925127,0.8123041250468056,0.7988366350345353,0.8210106746312722,0.8371035726365421,0.7888061467328691,0.7170749462127568,0.7409018688188755,0.6657280172015239,0.6089471573783078,0.5718841274357696,0.5518259210634846,0.48154010772567374,0.5090297470771006,0.6998687397658603,0.8125180671826682,0.854727933097088,0.9574500803313755,1.1626975605408612,1.2773502461361215,1.4186800795743464,1.4195520056189277,1.352911194151751,0.6902881064538338,1.3063311526499044,1.2305500023029965,1.119521059082297,0.9528724870405042,0.8340817785411754,0.5779365999787555,0.6050854521101809,0.7410330492585666,0.9350709936341483,1.1821825985709336,1.3493046186647986,1.4213109610237893,1.4822311961297552,1.405232067705702,1.3563906635494356,1.2266252329031744,1.1261415761536955,0.9429566230683456,0.7915260632824769,0.6472867167391383,0.49553633093291327,0.3383168604808036,0.12361233836662947,0.38152752755772407,0.9833495178583497,1.2077369534808158,0.7600079082853534,0.44806325279411874,0.7339338442453899,0.529823069428656,1.0631880393373712,0.7600253371836123,0.523444207993949,0.4774483057699364,0.5129124192904587,0.44179727202343755,0.9779316433528459,0.16762809849165322,0.36565577673275135,0.9442162113224479,2.1491023687603437,1.8171570877579868,1.8612267101397255,1.5332429189977388,1.2873810902576641,1.0951754162601475,0.7851221245318898,0.5817775574904229,0.4360262582549561,0.27355596936621374,0.14098385269238567,-0.017019677454052307,-0.12386673029139805,-0.06425343577822368,0.42927794403259584,1.4077178667741985,1.6099053056659156,1.520295115838404,1.7432937440167118,1.7294459395868833,1.467333057190193,1.19054009828329,0.8830730035762302,0.3398687686914341,0.408329850119578,0.2518530508417349,0.07874558982274649,-0.06691004234716647,-0.23666988174584713,-0.3025105295605029,-0.11422524286594671,0.38661698445023923,1.052918825790161,1.177133899568757,1.225317887828436,1.2760750472807862,1.3433867603807896,1.1993621029948272,1.0443637387546443,0.8837368377211379,0.7917374183388188,0.666352582109748,0.5370245057600862,0.41369670497653765,0.23602320609098493,0.07542547371008901,0.029790146654300798,0.30507110938633086,0.7774783344648394,0.9980606834557115,0.0,0.0,0.0,0.0,0.0
2025-06-01 17:56:59.954,1,0.0,0.0,0.0,0.0,0.0,0.0,0.6436870167338746,0.385695597483515,0.16601376592043215,-0.02673751698669269,-0.12999887898671114,-0.21880951596548603,-0.1808936181176516,-0.15335761636448153,-0.07281995882117787,0.014587407397596341,0.1409687391598196,0.23462695909508324,0.2911917448581309,0.32589380622182385,0.3709363861604845,0.33865544506617257,0.17999962439716855,-0.0772804672167671,-0.28985178231827374,-0.37700683209453634,-0.39847634600509596,-0.3966864355150883,-0.2904152999408064,-0.22929936084409863,-0.1483395571369771,-0.06481530406837877,0.5224281473069907,0.03998465989499689,0.08448420122137246,0.10735174164592062,0.15000833668991564,0.07817557038060391,0.1839769345140832,0.2169641083198111,0.052659314976717275,-0.18970791595034298,-0.29474045640256763,-0.3008754388193585,-0.2752866576949078,-0.2982157469168083,-0.21367382971328341,-0.3119122520172455,-0.1990063101261812,-0.06890622385446588,0.08235151128750606,0.17755549586884573,0.37270596702432546,0.7668081737202117,1.0100842690209784,0.5995415615883538,0.4013995913810118,0.1852412137495465,-0.03232806544817435,0.5153536741358544,0.35821376157543117,0.42638210788605974,0.3541952331636773,0.3206418428607446,0.8688138836005648,0.5776356080672437,0.347888275896341,0.4140608730798101,0.6806050821176918,0.5777490281807878,1.5307012174122907,0.7404108160252237,0.3123914898144946,-0.060728224538698194,-0.07389779666333163,-0.05351595895649419,0.029722215577546285,0.0956926744099782,0.21688749070397972,0.3603259735261042,0.4484765345010904,0.5577671686988408,0.6569988345351879,0.7678336757442707,0.8895193393681009,0.9529477559633622,0.9258547662210386,0.24686737525287683,-0.24401259421829946,-0.07494487985937326,0.09548141489605122,0.24120020835177236,0.33823632036219564,0.4216800113161372,0.5089112804945657,0.5122022299002509,0.3668438899646253,0.5269476592845508,0.5054080230163965,0.47447710553201616,0.4082948459863649,0.32684913717021774,0.10669226701923282,0.5508396546435347,0.7390974447071209,0.8333284325480466,0.7834699122071267,0.6749774898134973,0.5829328349644174,0.5151345032953891,0.43509226482653807,0.3599981848804543,0.2692491424627057,0.21769137227608049,0.1146421891570899,0.012169664625967469,-0.13604591350177675,-0.29126610042592765,0.04436422939053719,0.796752394721192,0.9567014135850223,0.9453710289242856,0.8426724332679691,0.5911018096244376,0.549078778920995,0.5756857714808288,0.8227087760456717,0.0,0.0,0.0,0.0,0.2044217486520683,0.6912471248093066,0.9668039030547394,0.23977148384035507,0.676889559035885,0.8492462395863334,0.8476143478333664,0.789035343099778,0.7698449817121817,0.8095115009047305,0.8116324974758813,0.7751622932704185,0.722723417072435,0.7488633512818748,0.6702023553228049,0.636567034608347,0.6050744008862776,0.5928846084855672,0.5184920106309152,0.55632601791926,0.6934874361518633,0.7994759792780299,0.8315804860925162,0.9470310025742745,1.159140272367505,1.2665979901341,1.4210386011883216,1.4333581338212416,1.369365766380122,0.8094655744753876,1.3222169119441314,1.247166020641231,1.1333802394544923,0.955996573602829,0.8479230072357878,0.5880086301293334,0.6027002215240815,0.7559023383118395,0.9528317865012873,1.1993682615901908,1.36554566550556,1.4411235490979253,1.4999039866528823,1.4355435761858357,1.359292185920983,1.2265140115538413,1.1324822411177888,0.9378877443145123,0.7851564634718479,0.6276202757111646,0.48109994502222986,0.3126218403086221,0.12621028932182893,0.4281050375567875,1.0415058966382706,1.2506433360540994,0.6810395912272842,0.6507327145189723,0.6864956042196676,0.4316608291754952,0.9145743945258198,0.6348026904987742,0.5764462375172765,0.5930315014957541,0.31103206232671954,0.6611675199203877,0.8859949666360033,0.14101951546351038,0.3551373413454458,0.9881749044889636,2.213124096582424,1.8407606843870081,1.8984600081996157,1.5629748696259926,1.3006788080761431,1.0615413089631813,0.7733271461397571,0.5622830435780621,0.3862026097243023,0.23054080387487708,0.0995409279818753,-0.061575695954001364,-0.17291697934948036,-0.0706476964268436,0.43133132139824876,1.4459175897172458,1.5908427453713951,1.5088946371179885,1.7007171077751324,1.6815406067543275,1.4272187561323597,1.109784871983006,0.8242584212762474,0.5729773094117074,0.36493310858253447,0.2020291976154398,0.05380744938919357,-0.07039831621476622,-0.24119794976730335,-0.24563344192083197,-0.10442466031988656,0.3592367324811499,1.0254448659244002,1.121702559064627,1.1909464573654267,1.2303352915245591,1.273869737048921,1.1263839705038956,0.9662201023409103,0.8274364145272572,0.7261463907796937,0.6113570902393695,0.4948071598431165,0.3683210001185153,0.20566285242961002,0.028986448797611808,0.02330324046913751,0.28308821569765963,0.7470108993944738,0.9729179883191514,0.0,0.0,0.0,0.0,0.0
2025-06-01 17:56:59.957,1,0.0,0.0,0.0,0.0,0.0,0.0,0.638594685859503,0.4117948617897278,0.2349687334953876,0.06291833659366242,-0.03353580892791608,-0.12707616064021576,-0.10990025711332208,-0.10135931404627285,-0.02109244329686011,0.04754007560285001,0.1626877055624399,0.24921504428972152,0.3036056225837798,0.3281214450191283,0.3607304397745249,0.32161428116247825,0.17939179339882538,-0.013447869201554746,-0.22818208625087866,-0.30735306936700535,-0.3033022710695653,-0.31226317613878884,-0.21805373285813234,-0.16250544790719246,-0.09333502098671265,-0.022856832095176527,0.60574187946309,0.07366242258542943,0.1081849404304806,0.11219507851160379,0.13794000550421182,0.0828469637144783,0.19829475280055714,0.2843630480560563,0.09644299661776023,-0.09894997633364233,-0.2158669649940066,-0.2079865956463054,-0.2287729169559105,-0.2368708219143305,-0.15523872741990574,-0.2679359233896136,-0.1572270487224432,-0.06665794219850685,0.07393834491817586,0.1347645799808767,0.30514767268562903,0.7067945748557192,1.0098303963539745,0.6316821158209173,0.43840993927767047,0.2270617809323361,0.03395677246105411,0.4468204705079201,0.41635382783997477,0.5623939757097229,0.37909989880258244,0.26297536945186595,0.919804345145014,0.397623553633093,0.23822311734755164,0.6101588528956656,0.5657302987123917,0.4280660341343735,1.5180575148815574,0.7707148782594351,0.3697331460631177,0.010452017267638336,-0.01504369500479208,-0.015393769759607823,0.057176945671019164,0.10988229545297878,0.22374885007916823,0.34170365649051626,0.4478165822090645,0.5545289272519005,0.6436328493655133,0.7435159419552126,0.8683740354740914,0.9181806934507609,0.8975813471607916,0.23683510252637152,-0.17634681798588914,-0.003821947714113927,0.14044079266864729,0.3036787688420193,0.3829506491324115,0.45781694441567433,0.5313992847412976,0.5427419127741209,0.5428356678409558,0.5427125056035143,0.5063945952213841,0.47114531582186425,0.3891658678890473,0.29976807397203414,0.059234730496905086,0.6280110259054232,0.8205328739606542,0.9369657713214723,0.8585568372297872,0.7460192068323865,0.6436917485177862,0.5523245735064011,0.47975551640818015,0.37375477678793145,0.28414126307589704,0.21734907165333772,0.11541810368107819,-0.011245538490670004,-0.16969657827314077,-0.3345082094783742,0.09984611312310837,0.8592373212006225,0.9980293520409087,0.9821988390684881,0.8674880078828084,0.6509004987606457,0.7284076037243703,0.6525923176436528,0.787219995393686,0.0,0.0,0.0,0.0,0.22316771588681417,0.7356308421916347,1.076733964625543,0.2932419211152768,0.7178474488901105,0.8559021331925319,0.8435466002099836,0.7651323989618858,0.7601112456829202,0.8000777119786198,0.8022305140672645,0.7878808970177662,0.7314358159264387,0.7627431452900151,0.7123656798665072,0.6777781614390406,0.6574971540119181,0.6477655775278424,0.589262062515173,0.6630729945494198,0.6801350447142278,0.784656117451619,0.7971277277783513,0.9241114469797191,1.1507219348521882,1.2606683452648975,1.42448302535733,1.4592930820836776,1.4090546684027794,0.8509449826614071,1.3708221055028171,1.2917198809387722,1.1770563898139061,1.0050899130937512,0.8851044851779802,0.6183461086665497,0.6026252375206135,0.7476868237281631,0.934604376005291,1.194793882646547,1.3694204150206017,1.467150608064918,1.5270417401294503,1.4597056891816889,1.380683632782603,1.249182441288018,1.1480076133524055,0.9580123980568466,0.7877213519129002,0.633691841261433,0.47782334011588945,0.31583609524349776,0.11615941919245118,0.4405018251356375,1.0821952088308722,1.2789399309907066,0.6067958475165757,0.7156963283297151,0.7679686696902358,0.46106750242947603,0.8475867100629899,0.8060240295035462,0.7661508140243609,0.712449526843949,0.3936485135632335,0.7557037505488213,0.9629492808508165,0.113629646040803,0.30254912378719584,0.9368964607453045,2.184101026685322,1.8358553083844014,1.8744931565341778,1.5387288590068642,1.2937549908692472,1.0448995426047314,0.7630687815923498,0.5525743473135813,0.37335860811066013,0.20198309424674266,0.08556993904763499,-0.08024720393660756,-0.21170985370678386,-0.12908674045392132,0.3810555219999843,1.3487664029351827,1.5248562525658254,1.461679953121521,1.6472518442740154,1.591972934675532,1.3851674298127472,1.055414883902037,0.7886934651589355,0.6332368545666766,0.3741835253474912,0.19094255034923768,0.06222568063321554,-0.0420829030646771,-0.19600118275557465,-0.18624471910337959,-0.08267852554840632,0.2881217698671525,0.908852467952677,1.0418782401156175,1.107639030482428,1.1460187881439796,1.1954794033909035,1.0620712596588286,0.910716764630707,0.8039381073638776,0.7072362851648164,0.6074134871180992,0.4923860475623816,0.3819999401344756,0.23642864104007988,0.061760448763935716,0.047388090779176106,0.2117723311963694,0.6146168750665365,0.8321863685058792,0.0,0.0,0.0,0.0,0.0
2025-06-01 17:56:59.961,1,0.0,0.0,0.0,0.0,0.0,0.0,0.5870344233442442,0.36573043704020347,0.2059640646421752,0.08656746024350959,0.017012189160692026,-0.06619077908295778,-0.05306455146188149,-0.04315421726424251,0.023551626301032358,0.07989089891874301,0.19201234684541896,0.2664500042791632,0.31719533697099794,0.33017058416357514,0.34571537507463984,0.28767705716392084,0.12429257836026618,0.0035577032249339557,-0.1421170239098376,-0.1987546291811504,-0.2082263310477458,-0.22126272742448827,-0.1257260394852695,-0.08661737502095956,-0.019818062249257973,0.044025775817192137,0.8817356079923935,0.1019652161166289,0.1320443162194767,0.1290948658314716,0.12994502461296203,0.048553366086057786,0.21154921829217088,0.34369530179611385,0.1780895398193264,0.04263179129925043,-0.13044702473421932,-0.05258154911329749,-0.13113710044158255,-0.13042533548155122,-0.12456492697447796,-0.2090376277467576,-0.12312273817165365,-0.06061119333674325,0.07318154764980139,0.08385881083183294,0.26060423433071295,0.6451301357633445,0.9831295614427521,0.6844702900484847,0.5471964127683954,0.36114467653893545,0.1632694157167074,0.3765408154500887,0.2374092381015937,0.6006177990278945,0.4485432488629544,0.27924591113878383,0.8556483476961407,0.4392387231968733,0.2976836276458192,0.6118489247823459,0.41478824010198534,0.37513771751394986,1.5002503895626487,0.7911583192071352,0.4551758140060198,0.14223237333247485,0.08133678323007643,0.05607122118326657,0.10239354641814957,0.15623627894146597,0.24820918153034688,0.3526460132366698,0.45176889258336317,0.5562935142510335,0.6374206608406802,0.7198887087365697,0.8386363596427764,0.8738006553539622,0.8394087217685416,0.19636153236341752,-0.11348876235562333,0.0779249645383453,0.19731971359463873,0.3619032659438688,0.42900556391292577,0.5015893640070463,0.5543719697306821,0.5652128502529183,0.6393653937953347,0.5592251504630736,0.5181451400999947,0.472349481406917,0.3856592536651099,0.277343408815841,0.01048887089226172,0.6433190601050833,0.8710859187051253,0.999737243671178,0.9203441412421796,0.8039487003615629,0.6841813376852646,0.5919550959992046,0.506797774955491,0.3977253868192221,0.3017648429990696,0.217146086300118,0.11427820141309453,-0.015302804637228995,-0.19369055912085675,-0.3727281184768089,0.10510941096092785,0.8936487282826112,1.027052313963466,1.0146100393827528,0.8935062628060144,0.6563323641985006,0.7175877968727871,0.5564888076578305,0.7762254009895785,0.0,0.0,0.0,0.0,0.4884032349755718,0.6916143654518467,0.984224267775012,0.3588013721735478,0.7274748335471299,0.8625617996104508,0.8456489372802691,0.76226500580149,0.7444249871660384,0.7904289097395478,0.7899671529453354,0.7886434339728519,0.7356106474339299,0.7924013621950703,0.7507726073373893,0.7208852560545411,0.711943968502929,0.7093631531204083,0.6572786709922709,0.7544183848483614,0.6693749042262629,0.7658235256549746,0.7809636886091762,0.8962368231833917,1.129480767703421,1.256484646728913,1.436944875916351,1.4796698278720941,1.4407545997279294,0.8369219405973887,1.4147425534352567,1.3286474361878575,1.2216952499034162,1.0539596668458757,0.9201876580466753,0.6552434809825712,0.5903871747088894,0.7249093182014346,0.9152628116341387,1.194752006384079,1.3783960513100224,1.4668056951694195,1.54229146607568,1.4742096734513341,1.397130771209088,1.2571428144311634,1.1408856077221885,0.9680411896408011,0.7959622964723309,0.6336300311263268,0.4769556605244575,0.3128079348889944,0.11416160835471822,0.43666711130148983,1.0672843993112466,1.273847035520773,0.6647895730827709,0.7373508662666294,0.7329120165813804,0.4698516711770645,0.9210037853058979,0.6461613038056947,0.8052443303401484,0.7430764945900616,0.39867155328868187,0.8577538687106852,0.8532875901442637,0.08347502773446153,0.2566130156358531,0.8957045948742084,2.132802851814654,1.7760668889162419,1.8488411567642808,1.5473977814801558,1.290175849258287,1.0208121315659549,0.7306873545560062,0.525646734296294,0.35606007060945855,0.1944171386449156,0.08454621137131757,-0.0964783793941324,-0.22764669995051667,-0.1676858426145454,0.3158689778994664,1.2567803575320557,1.4729561971530951,1.4144032363823735,1.5907909532359668,1.5346945984533635,1.343900312590304,1.0177545690249932,0.7595570714737738,0.7121904086554764,0.3683612572991677,0.19389541622951767,0.08971012929855915,-0.015195835604565389,-0.146334774630013,-0.13144922485019073,-0.015461160197494717,0.22161364390858435,0.8154749486259003,0.9871366048141381,1.0669674105362685,1.0865537130637202,1.1500928617801018,1.0491725688044542,0.9079289505835995,0.8130288038261992,0.7103741012485223,0.6268664826839712,0.5094228315516895,0.40871501290205625,0.26950087611035,0.098198284558214,0.07747616751882708,0.17537266173046262,0.5323505609033053,0.774406003555097,0.0,0.0,0.0,0.0,0.0
2025-06-01 17:56:59.964,1,0.0,0.0,0.0,0.0,0.0,0.0,0.625480952007551,0.3343646862835188,0.07256296905154153,-0.04706202787616198,-0.08190117866750912,-0.11407043266763872,-0.05387324569134477,-0.020370515442744708,0.0674881461894149,0.13928849978556157,0.2507369250171216,0.33622591262801294,0.3913365510255014,0.4181893024223191,0.42264612546099245,0.38015646941683123,0.21208046336986053,0.00443429963086156,-0.14269997720358263,-0.1855520245078014,-0.1805484710973283,-0.16576656675898294,-0.05782308872139219,-0.003319057608559106,0.07628836449189769,0.14747465771777035,0.8664442583479781,0.21230667437181128,0.2415894180175186,0.2400380696058184,0.22019852343967705,0.0929034685951371,0.16811103611361433,0.3141733878537938,0.19251940773239862,0.14023024976250897,0.04685799779064048,0.07762098557471364,-0.012179225899835888,0.01778901813675504,0.016773469103771754,-0.0642967908536407,0.007200642843371519,0.027418016313938254,0.12813849254505538,0.1500510632834942,0.28298921970338486,0.5894419419876638,0.8956953632307177,0.6996353370732816,0.5747332889149798,0.40929074953749645,0.23967568071604672,0.4898873048417463,0.3607926654593818,0.6888404848695608,0.6588131421083088,0.285669482277741,0.9730643531317438,0.42851858428869416,0.3397662679736579,0.757662966132256,0.32509912245479256,0.4857049555412788,1.540001447474131,0.7840053989336554,0.4371976315792261,0.1425043609105614,0.09998187042588125,0.0717968080414797,0.12381887537380654,0.1811822764482196,0.2673407805664376,0.3800537597400382,0.4906869840919885,0.587735877109008,0.6832336196595928,0.7672533446755978,0.8859300380989359,0.9459545460379292,0.936898118598078,0.24175979289539545,-0.20634514466739762,0.012439876882886614,0.16707624053443304,0.3538784286707062,0.4446745939658916,0.532795931887525,0.578812889499225,0.6071380454617794,0.584615014568082,0.6068046234341382,0.5731678780551673,0.5286941919078422,0.44931785758260434,0.3374952884459597,0.06198991526184791,0.5798428029739027,0.8254475992978821,0.9654144085152883,0.9243884403368259,0.8271672459167838,0.7118888271324055,0.6217038253396727,0.532836292439204,0.4458087726801232,0.34376788242720324,0.2684538177511615,0.15658447444743206,0.03251170072151277,-0.15434456588943368,-0.35030141860873343,0.09992188575778232,0.887590679172699,1.0286573738434424,1.0235257537595073,0.9048041946344485,0.5925321694866044,0.5546836634450807,0.5426111256383042,0.5947779488483299,0.0,0.0,0.0,0.0,0.5053368483180678,0.6926979584856512,0.9732835834167616,0.38340941395698813,0.7395702106926059,0.8674016497676239,0.840371639852648,0.765823748149283,0.7458448705554896,0.7897566837331509,0.7970127911396903,0.8085118918999066,0.7575479405390855,0.821718286054689,0.7684359026382341,0.7391473904656536,0.7272051049966877,0.7192042331736452,0.6765311311573694,0.7786362423418585,0.6816344361384387,0.7822831681795205,0.7900650649774199,0.9210678467860793,1.1542884733117778,1.3014862175812012,1.4855511817814633,1.5056185517328726,1.4619753901538053,0.7015787611611068,1.4127310101027697,1.3228931631096659,1.1911034968430014,1.026366419998456,0.8754740089955436,0.6149119577676696,0.6458523694726835,0.8100820012116772,0.9973963664673512,1.2879991219450766,1.476779149556727,1.5357367803615174,1.5901620215260732,1.4881374902627968,1.4270232439358579,1.2358937124234526,1.112939751258914,0.9253745147014719,0.7482139766894983,0.5687844334516641,0.4082735884593205,0.23418827480970655,0.099574572662146,0.5750744687001837,1.2275862579586359,1.4136162246576163,0.7189171338477734,0.7759979023607401,0.7305739565616239,0.4424324464732423,0.8437273686797329,0.6316661074751784,0.7204546138411088,0.6481272088229151,0.33233382380757315,0.8984554123876047,0.7247531081514644,0.005150863675192352,0.2563792477107949,0.9762022660341316,2.334343577575219,1.9281835999403258,1.921837730242781,1.5902677436857453,1.300392971971531,0.9868361992190007,0.6907661931529419,0.46249676083253033,0.26419950837435335,0.09817239115979404,-0.033641910069186265,-0.20911285306390937,-0.34184072250199043,-0.19770338581620828,0.38755363371488244,1.3843166022511582,1.5720135858861417,1.4788289735242222,1.6520425600710316,1.585186537974198,1.362519129408378,1.0262583636823976,0.7282687405755739,0.6583838837930098,0.3009599364685833,0.12445600670792856,0.003519622649861276,-0.1194427353125469,-0.27093020513243804,-0.2759940386257653,0.0004736703383496077,0.4127462443474013,1.0795922622148495,1.1630975742195564,1.2034440137953406,1.2248793084346687,1.2705161738832196,1.1154888817934152,0.9559133057021838,0.8075025797865065,0.6772807616031606,0.5489641667463652,0.4115764062358003,0.28572836130478896,0.11188090712282095,-0.07107046117367011,0.009874823578339409,0.30193332828011954,0.8414495790889006,1.064049477881015,0.0,0.0,0.0,0.0,0.0
2025-06-01 17:56:59.967,1,0.0,0.0,0.0,0.0,0.0,0.0,0.5431335340951835,0.26761532037829616,0.058466560349014096,-0.015856562951949926,-0.04345762679927245,-0.06352159200773999,-0.0012005923944089503,0.027620560460240418,0.11869048266835447,0.18874877551378333,0.27868034785458856,0.3632890048435954,0.4048245427697998,0.42437854776338135,0.424071647595735,0.3836124425655095,0.21463196798795353,0.04344501390905153,-0.08057494180086111,-0.11599765168818543,-0.10090709347599591,-0.09365868818445144,0.010701314265966433,0.06325472741353377,0.12495435717273873,0.1986393192578393,0.9213668861162096,0.2537936739804566,0.272580177123717,0.2581897875502971,0.26343450705067806,0.12008856052518552,0.1460979048658348,0.33236163922518713,0.23730519369118708,0.1960716691399842,0.08577432852454425,0.11585075202251649,0.02539212539827984,0.04263587479863329,0.04284213970402628,0.012931956926991117,0.06334784083201239,0.06358354541996236,0.1482489783854254,0.1783721247641899,0.2412581484097573,0.4963977085442069,0.8069361528441382,0.6750541440857047,0.5546200625615293,0.3939583892495828,0.23225275611842333,0.7373858968454947,0.6013841394835903,0.9316621228069151,0.7906978979721904,0.27360031653369776,1.0018241132823793,0.40229735925678756,0.5567827308779869,0.6189032634043077,0.30254542306963605,0.532296745149696,1.407662658496893,0.6977231910697536,0.36742800282567223,0.0865434860616241,0.08631536243531857,0.07138862809987878,0.13910993004360317,0.2063841478592392,0.28688243930296786,0.3884365019289211,0.515981336643689,0.6044325774368615,0.6945747835090227,0.7769539508009871,0.8811757857262301,0.9362744543552629,0.9237429203884773,0.19332452846012543,-0.2130496212683467,0.031303592368503,0.18191656690276958,0.3705295474508177,0.4667125850895375,0.5547240922251873,0.5928605042651931,0.6244703138938623,0.6365575862932784,0.6226464294128979,0.599380952188099,0.5527418903526243,0.4808727882265226,0.377301028632034,0.17235633761680672,0.6044237389755658,0.8172117058237854,0.9741696391199386,0.9329474215230513,0.8375004411655114,0.7182745296920128,0.6421963473623995,0.5547934662776361,0.46760661214506194,0.3708193777526978,0.3142272838996294,0.20281591126715592,0.0861438457636583,-0.09206690969648978,-0.26445397207998544,0.12408607326862736,0.892011854890047,1.0360090840957374,1.0319668285172592,0.9240463095617406,0.6117866933817979,0.48798909150060904,0.40350696489891474,0.6521352339668104,0.0,0.0,0.0,0.0,0.3980633229179311,0.6189932865616949,0.7298175540156425,0.3854994701686888,0.7361152989460202,0.8693581886988824,0.8373451584505096,0.7669114237466029,0.7465226252358452,0.7920888806895656,0.7972695038486073,0.8208741012826968,0.762185166808599,0.8464792278978428,0.7839260484906041,0.7566526865289427,0.7484252173864405,0.7292916896407691,0.6834771666381796,0.7596731886513644,0.6413674458734678,0.7455955742906994,0.7604632814817363,0.896305749393423,1.1179288503363665,1.2886225967584823,1.4717228632860269,1.5021985318569968,1.4609024850764476,0.5063395430157442,1.4150055590205537,1.335206017716819,1.2029351140512419,1.0512148190092496,0.8951767441770457,0.6263746698966972,0.5697585291817934,0.719871456022493,0.9094994657566543,1.2205726770939826,1.413017254432586,1.4797406355417853,1.5440059552483798,1.436492945189357,1.3933984490659754,1.2161380885080066,1.1172667602249553,0.920778384238737,0.7587221922147543,0.5812009421695692,0.4239095613579211,0.2660279906302013,0.12403959148796503,0.5373566326785667,1.1583085766600196,1.3180078716994688,0.7710174561358144,0.8316913521111569,0.854319171915931,0.4805834267378669,0.7084588699428496,0.7176722351683176,0.7889498346257513,0.7117526030002637,0.25500486318232146,0.7386995027904337,0.4644821873273266,0.01756378660855351,0.21666286318900513,0.8851494932515638,2.138839824851807,1.824448610269371,1.7852020094403045,1.5027723758131333,1.2218209061127785,0.9202527285447406,0.6842373360152905,0.44756924482271354,0.2731044569157499,0.10514613781202975,0.0070429959398647934,-0.16660058342926665,-0.3032571058070879,-0.21256078884036717,0.2758123667632791,1.2036116853697514,1.4528006918235312,1.4038854922796327,1.5730237187356426,1.5312964102542852,1.3434971679140832,1.0324791403732314,0.7865415477716431,0.7264192120594654,0.3809716745556495,0.22649715205243193,0.10824646021286877,-0.012205360382570696,-0.14145414888767127,-0.19245799806345826,-0.06870056899862992,0.30419059063093995,0.9848546585784059,1.1404556433247186,1.180015408010783,1.2320956849025253,1.3354922931682038,1.1692165917860353,1.0425061577099348,0.8942126565214374,0.7698039474414058,0.6124021057495836,0.5009604804256285,0.37684058064872294,0.21457233451867086,0.015696179275380806,0.0783587434605042,0.2949175751108487,0.7981470797218989,1.06298459960796,0.0,0.0,0.0,0.0,0.0
2025-06-01 17:56:59.972,1,0.0,0.0,0.0,0.0,0.0,0.0,0.501024473819639,0.2335993552356143,0.0736008592316546,0.027876679283589167,0.015135358920912112,0.000677772350854533,0.07623465833386878,0.0922328973057297,0.1644942153468466,0.24100578034271591,0.33271659918456914,0.4091814158511694,0.4293072027585391,0.4475769469033548,0.45206379519069173,0.38446498405499,0.20858685067580918,0.06561588284389208,-0.02120950781998432,-0.043540431906818666,-0.028564253067642653,-0.017375730519871402,0.08601303563876006,0.12804914530265177,0.184050392553041,0.25333282709575977,0.8737097408080452,0.2946566326335096,0.3063418384410432,0.2895179335314998,0.29844306715678326,0.1559961536198618,0.13841631242194208,0.3482563500211677,0.2711493617087217,0.2334028238292294,0.14815385775195478,0.13521452318460025,0.07393318757340817,0.07289303694137339,0.08248753873388925,0.06484963089808049,0.13013353182513254,0.06697526901883466,0.1709092487290763,0.18489715605827084,0.21980870074592368,0.40831676702973313,0.7215262718536598,0.631820357431774,0.5284815160710467,0.36516258494488496,0.23332754140011747,0.5294474076266371,0.6290030456242941,0.9638354618467775,0.6999971371413577,0.5210333477703092,0.8454171120093008,0.30344557739004163,0.574121353337935,0.7165307422746129,0.233808940226203,0.5322967451496962,1.2375541688181302,0.5788510179759812,0.29548235724485616,0.03239363604512757,0.07814082176368431,0.0811314839763948,0.16036306593912175,0.221863720832566,0.2809339061020464,0.39134340294561176,0.5109483538905255,0.5936048725271628,0.6788564516970915,0.7553694481410214,0.8464661530505122,0.8950133155210621,0.8581980664494672,0.14459672544566565,-0.1995300291960429,0.06815359802836585,0.19758450956870321,0.3691412952262836,0.47752679124338027,0.5555984770434748,0.5807695978943967,0.6080966171670352,0.5214893166250663,0.6086868743119849,0.5899840787807468,0.5459650338710426,0.49148034470480007,0.39593292186546497,0.2569093531887068,0.7074790373198124,0.8556557652226507,0.9866657419747891,0.9329862136376963,0.8312118506193926,0.7073585362036197,0.6274200284207803,0.5397678584097694,0.466355029358829,0.36645252822689867,0.32200877336231604,0.21845318106269818,0.10520041262827862,-0.05550683509427268,-0.18308577182706792,0.19373377944487985,0.9348564570796091,1.0558569600976266,1.0426340610759273,0.9423578437340057,0.6316074035440726,0.5702106543823497,0.2471599111064377,0.4571206726606877,0.0,0.0,0.0,0.0,0.48481393440353615,0.6245273513650564,0.6612936118105446,0.3613819413656474,0.7411887542376983,0.8770170494024141,0.8309571994843181,0.7675556734375805,0.7297423714507907,0.7465163292303616,0.7480087052641546,0.7564127868276982,0.6811568332975968,0.7511935428971008,0.7041491816928469,0.6732454217246848,0.6695080146742034,0.6514254111049438,0.5865396490789883,0.6485749473825,0.6175084278917268,0.7411695970659663,0.7647277819867648,0.8583311846783346,1.0667762994581238,1.2320668227134126,1.408489754727169,1.4106479309499,1.3757355956008486,0.42224494996430945,1.337667021660276,1.2716065652341326,1.1537813331316933,1.007722706149773,0.8546725088762515,0.5909295058192162,0.5203010766236549,0.6726437087294199,0.8305483996039672,1.148323019726088,1.3296695097420321,1.4033892760584685,1.459783946284554,1.350254313656867,1.3263639242740148,1.1710868374238355,1.0818540765028994,0.8959204772940944,0.7409214269785457,0.5827680566941436,0.42683239116795957,0.28827021359845134,0.13692404319673832,0.49911503487826564,1.0743104944455486,1.226961808556453,0.9528236941810181,0.7725990854047683,0.7773966178859885,0.4225029639124279,0.6731555844379931,0.7313498473959471,0.7827991219280475,0.6705245545422591,0.2560472798959103,0.5535924875319519,0.49043842046458985,0.06046528338752505,0.2191716767249185,0.8254155317402556,2.008780111603916,1.7262688823580226,1.656560401237762,1.3798475151554581,1.1261828328386623,0.8580595012856778,0.6189968557108674,0.41201566644668053,0.27513032214874156,0.12320254035477851,0.05322184690570997,-0.11513384648153469,-0.22019918314501113,-0.20679680438933346,0.2189356321284484,1.078345437160027,1.3812927352215891,1.3288656983243297,1.4758591481204495,1.4444861199104164,1.259053813097244,0.9713495407963502,0.7479041257766481,0.6634605828094647,0.3816041131697816,0.24637934661818273,0.12884977482995996,0.01926978763398368,-0.10765765861280696,-0.20868349925605467,-0.11768312321221824,0.2579771877187365,0.9086365805438614,1.0965188920671909,1.128780494591259,1.1838591060291526,1.2848768754295814,1.1330513740386676,1.0179155177265917,0.8878852393748018,0.775758697235722,0.6153124835035104,0.5240575981841995,0.41853936088410704,0.27551579280874827,0.13080775675527145,0.13232191822395284,0.27725283467709905,0.7314527351373933,0.9940873473194825,0.0,0.0,0.0,0.0,0.0
2025-06-01 17:56:59.976,1,0.0,0.0,0.0,0.0,0.0,0.0,0.5162107443544861,0.19437512211999394,0.0036185362061280646,-0.020523296750632247,-0.03559249194098757,0.0022792256062883487,0.09368782688650501,0.12939523828193478,0.21376385362376427,0.3075249205924201,0.4013849054400522,0.48426074833514765,0.5198552673059638,0.5319942018713119,0.5589134527372259,0.49810262215284196,0.28360856550653074,0.002257250305138375,-0.12594533513927852,-0.09163953885676557,-0.06470845842768425,-0.017681786284029055,0.10284838361811666,0.17309393249921023,0.2522824875791281,0.3305480942837029,0.6328020193232927,0.38959157028533486,0.4071950876812603,0.3972106994806054,0.3969896054539339,0.2437054376080346,0.027443260004873404,0.2266143373412141,0.20013463410299204,0.1469014798949171,0.13672404831762863,0.1011088196476968,0.10667714877229106,0.11343860184420551,0.11250431894911062,0.13426656151480443,0.18574267002637046,0.14960575603277748,0.23701955653331785,0.2503830259337208,0.24043743410177987,0.36704900658508116,0.5636990150140703,0.5067670995895568,0.43491029304571394,0.2690702975649035,0.18100612064330956,0.6088437811185596,0.645071973860331,1.034899320061722,0.5655832726911802,0.6071696179789419,1.0255027286091207,0.38527954720313906,0.6302526681326355,0.6081009419535116,0.12612589170847796,0.6206517373110211,1.140665836574045,0.48140814473766547,0.16589572686122445,-0.08030668996759727,0.01065603907102175,0.049692659702777586,0.14487734361474547,0.21373272453506686,0.2781788484901091,0.40657461640025616,0.5306482761762106,0.6276878455004615,0.7142092141560704,0.7957912353162477,0.8818200967791046,0.969124674154117,0.9608760908172882,0.2002613552093141,-0.3032825459310525,-0.027642843662675,0.12987012516768592,0.30254367330256504,0.44420031837339513,0.5361579988462468,0.5750663118275949,0.6136206705255633,0.6050239994579576,0.6388311527810586,0.6316371592675923,0.5988797373034757,0.5686332067736463,0.4891533245974244,0.40757215423388427,0.6886253147667654,0.7622549859017632,0.8864030324532934,0.8559321319014728,0.7796019708675093,0.6836166832884183,0.6180532234515059,0.540174766471468,0.4958424532215593,0.398344025305716,0.3638963236148749,0.2755806324057406,0.19159406922447753,0.04754973440031407,-0.06470752625698384,0.21733268730224764,0.909879555716668,1.0286136799349324,1.0222914216760866,0.9292719788115922,0.5359223207888704,0.5261306245183222,0.48260942481245456,0.4533874250555905,0.0,0.0,0.0,0.0,0.4499967985609452,0.6808463975392647,0.3073798538185023,0.28963801717654303,0.6919911651132653,0.8723180041112666,0.8202033657852132,0.7658856328218672,0.7272266855276646,0.7403557474650653,0.7312549766946761,0.7291463049558282,0.64522422731718,0.7224762450851836,0.6705702796346651,0.6283594319944938,0.6130638222678113,0.5871174948218558,0.5026588540563091,0.448262197441927,0.577053521291431,0.7290317432062865,0.784142870060262,0.8764348984698016,1.0718456154618348,1.2434275028265178,1.4052917915011927,1.3770556918537797,1.340635227931197,0.36962475623451113,1.2906485376565064,1.2219092541453644,1.0955084530010784,0.9470378649929198,0.7919243562280345,0.5039474975786218,0.46055973788882976,0.6765971179974883,0.847643545383718,1.1691419554819407,1.3604103793592124,1.4033249009772282,1.4626345108489853,1.3446065435035848,1.321645742534344,1.1634284729678037,1.068756179896984,0.8841018700819986,0.729053723557204,0.5635499536897071,0.4147504306518277,0.2698885682573742,0.15693375756715142,0.552853107285661,1.124844328264416,1.2778088022249467,0.9321992221045695,0.6287616533484236,0.7266622661741716,0.5790854885918615,0.6418025517081616,0.5099977331024097,0.6160811961656769,0.42483388025131935,0.23157817602450642,0.5046878858811389,0.4445839100870942,0.08557084200849241,0.3116388669918387,0.9404909286766348,2.1259205231850378,1.7910729258760962,1.747946136379182,1.4352452275218335,1.1618955668162692,0.8637843201899105,0.6373987089929496,0.4114416958227758,0.2819478809670799,0.11252522746014271,0.04993772873539548,-0.10736048038283885,-0.1570538209743284,-0.08177854829038533,0.3457689134186522,1.261618037956498,1.4803257751837788,1.3926643448430434,1.5467517606163526,1.5142586747717026,1.2863900561640729,1.0020941461697175,0.7524680511795399,0.6599735642322693,0.33911751913992694,0.2081139026318477,0.07318067001461714,-0.06744767309161848,-0.18570638835958841,-0.2551268301180889,-0.05737662448997166,0.41470375270453036,1.1143527744328041,1.2409016514349458,1.2501693293447826,1.2987685630275758,1.3958335902522911,1.1883024837916074,1.0502916491397265,0.8782887607345982,0.7547218494233461,0.5663297220990646,0.4665491278850622,0.3514119835940319,0.21747783727650905,0.10118805371664419,0.2175806495473262,0.5095427204163179,1.003873751935767,1.2128447209123008,0.0,0.0,0.0,0.0,0.0
2025-06-01 17:56:59.981,1,0.0,0.0,0.0,0.0,0.0,0.0,0.5477454334144762,0.19565509600713657,0.02265265730833732,-0.015957092406686635,-0.014287557687550856,0.030419101878732646,0.12670190299321404,0.16745739737554177,0.2452901990258003,0.3412378414909294,0.44518224768841114,0.5400187858323378,0.5786423743152669,0.5897984799879967,0.6277217537352631,0.5822983112838961,0.37136707164835936,-0.0082595554868225,-0.1863341614705677,-0.13373760236227095,-0.0683267714112521,-0.015023236215788716,0.11540721370218754,0.21093268055901437,0.2951205913886097,0.3867951742072231,0.3123962728563019,0.46537355541380243,0.4710030483130396,0.46026209187932865,0.47405110364647757,0.35225206156401606,-0.03574527451188328,0.1638546571941238,0.1309474629324553,0.06125241257205927,0.1443416264213353,0.11704568947783511,0.12661893311907324,0.12085408303014256,0.17108539260825806,0.16952674309546412,0.21347542106708972,0.17506652725245497,0.25080838826600316,0.29449458217612295,0.2810285344164458,0.3418840212386955,0.5128119071460607,0.44004440080498475,0.38081454855309027,0.22540493298217834,0.1540099787400624,0.6902669964800741,0.8242907936508312,1.0328962301813778,0.5678100979513387,0.48155747742889343,1.073673011086386,0.47856222211205024,0.5308336368816999,0.8662508579085274,0.20461749889755834,0.7636747937742655,1.103378731639684,0.4292591243690065,0.09804502678372207,-0.14637252467782558,-0.058924282372364356,0.008291908380305468,0.1100406964871139,0.16619528426315444,0.2560861847966689,0.3872059216388437,0.5160482776878494,0.6127183254095874,0.7131683029828567,0.8163860248927566,0.9025849001983977,1.002366844832515,1.020055793596219,0.24418871914315005,-0.39806668452467286,-0.11974816533259403,0.040305734771752366,0.22615359239776223,0.38317813601713624,0.4846091676923141,0.5500903581805363,0.5880036497436001,0.5860712823076868,0.6292990136770307,0.6284744565808823,0.6073079495360997,0.5800561478370404,0.5356217441627107,0.5075694299734488,0.6983449457180306,0.7189310859058556,0.8275419526506318,0.7784861009054593,0.711275228588031,0.6403384755788479,0.5724621591279502,0.5153332060004079,0.47462201187526376,0.3914871675325857,0.3643405038955023,0.2801262319255551,0.1984096062120475,0.07934269900289681,0.013224524271884253,0.2569110562358437,0.9101240281197226,1.01055834212147,1.0045431923120272,0.9125196564864972,0.5827026285046846,0.6420353922421913,0.5206582458222073,0.556674434004298,0.0,0.0,0.0,0.0,0.30506915698835024,0.7771004265637689,0.5485081253017796,0.27610879243614894,0.7144112830008185,0.868382960379334,0.8126777894926294,0.7418934388689643,0.6951232871389588,0.6917796409027257,0.6622280741079565,0.6509566299046572,0.5634523798276416,0.6268547578585393,0.576960941855619,0.5415223706891452,0.5297371819161101,0.5104450265096725,0.4105033355788244,0.3608731159851057,0.5707414669034176,0.7358423159312366,0.7929645320816547,0.8721477411422873,1.0552221506055213,1.2003924912756827,1.3514239676645259,1.329778904106189,1.264627824683495,0.26839209951066195,1.210671410485526,1.1456572348344083,1.0209265225759898,0.8585909502585193,0.7261981091940918,0.4271812082377268,0.44048564281089964,0.6958951182903401,0.8572591535889412,1.1566578265805612,1.339248868686734,1.3835578217707154,1.4369773610048884,1.3064835701692303,1.2773468568899786,1.1381643009135738,1.0491473194099323,0.8535687691845125,0.6918281491900308,0.5330432967424981,0.3811119364811635,0.24825737829757077,0.1701006578175856,0.6064506719717594,1.194325385620858,1.334081249564722,0.9158640348410446,0.7022034970311823,0.7606965204735033,0.6649672329109656,0.5775659985707831,0.3633743869646735,0.5729009756252093,0.3023087319098056,0.3335162024203404,0.4140642287869404,0.5525140448286822,0.1238256563341939,0.40833609906273777,1.0432348945141756,2.31194759983356,1.8813166202466902,1.8007616332439955,1.4578577915981263,1.162863603712074,0.8656166021257365,0.6010369102037634,0.3555449658933787,0.2440549588204255,0.0604962944355103,-0.014391340040307399,-0.1267893276560641,-0.1556923386773187,0.03776326208926162,0.5040306775299157,1.4581396206158481,1.6018559227103233,1.4722001457272955,1.6200851461563381,1.5414627896483888,1.2657119364480747,0.9502492374826594,0.6843563962474029,0.71893731922144,0.2285789598320236,0.09133442446510731,-0.05616152937746555,-0.20292454407683902,-0.325719505297985,-0.33319516765329227,0.0017954436656099637,0.4873333783220892,1.3597632103043507,1.3758862411676973,1.3371405752755359,1.3796751980556932,1.4253167605326151,1.154910859927952,0.9904364751083286,0.807140194506667,0.6601442863574165,0.44635457476826934,0.33654486216954815,0.225274047359745,0.08965685688860126,0.01750815636813241,0.256602672257593,0.7349560714106055,1.2634672383140177,1.4101965010593054,0.0,0.0,0.0,0.0,0.0
2025-06-01 17:56:59.984,1,0.0,0.0,0.0,0.0,0.0,0.0,0.507117025867195,0.2224016362311669,0.15839051805494098,0.14877456926816301,0.10826431344485121,0.12975055887280218,0.18343140162299354,0.20495640144925864,0.26403233160231887,0.3532606832754055,0.437783617638088,0.5318266396686314,0.5588202455065727,0.5670730626188605,0.6074792311174778,0.5333304959120966,0.2797617166228431,-0.02746342847506944,-0.15995095883535915,-0.10335384120118174,-0.027011070671290716,0.017163007877201153,0.1334054476900306,0.22543286579165311,0.3010593539824329,0.3820406273449448,0.44371689449166507,0.44591324064110494,0.4420856658451036,0.43088177592340027,0.4450474423935629,0.26955314199580377,0.035710703144955835,0.22235548594370003,0.189601983935617,0.08365163697601341,0.11745039194211038,0.10280928075547813,0.11884677253525178,0.10709002608995788,0.11904813482196452,0.1285546726785769,0.16241444502531577,0.13256386442662882,0.21465566162094185,0.19725494741900157,0.24315506335853654,0.3523328239223395,0.5393504359272016,0.4715790513085433,0.38394113503697436,0.20705554438302953,0.1186869243103097,0.7176843962539268,0.9464431316996498,1.0308931403010335,0.4447961693058443,0.5768711134928034,1.1218432935636509,0.6756965735760051,0.5741314461181675,0.7907527938940426,0.2707048068913821,0.6045172943119351,1.0721683445025427,0.4515679521129584,0.1354769157223864,-0.154749206437655,-0.09329159087240324,-0.041445690720491646,0.05844507048726544,0.11650542756744287,0.19788984587836245,0.3087066237358511,0.4424713241338831,0.5505848312314634,0.6547297164964009,0.7601257537195689,0.8551125398361998,0.9493713143344696,0.9778206332017476,0.22190081416851398,-0.44012129297923863,-0.16553008383029977,-0.03677849771916075,0.14191505097326096,0.28862010371237123,0.387167209448279,0.45763951727634233,0.5074196639892126,0.5842287938440873,0.5621731267221202,0.5644152213759696,0.5456413524065661,0.5355964080210328,0.5069666664382941,0.5111183189782803,0.7258042556344533,0.707061516132356,0.7692425858017904,0.6974688082834251,0.6170664431558215,0.5571705232051214,0.48856947975782594,0.45023622580616607,0.3909875600967456,0.3247215406304942,0.2857681605057927,0.22429215031809457,0.1421430578374958,0.046551210495440754,0.025020764694000608,0.309330991208209,0.9385069716955708,1.0056671148374272,0.9773280625166936,0.8786223106101998,0.5452979535615308,0.5671319783860358,0.7086812049760636,0.5613899886330936,0.0,0.0,0.0,0.0,0.3765666292801948,0.9116742303604772,0.5117387210557914,0.2994434305658684,0.7403091477162316,0.8627986584279221,0.7948559518318683,0.6993028214033782,0.6191906814523982,0.6005895805283787,0.5480004865019152,0.5225188733515633,0.41854873499501366,0.4889730636232765,0.46998521318157427,0.4493242237640327,0.4646644258616093,0.46385606403051677,0.3964356848095934,0.37805947974888215,0.5630279447904306,0.6968369173823452,0.738866859937396,0.7813801713511055,0.9436281083711597,1.057892980155445,1.197552006081886,1.1834252566321697,1.1383510002586708,0.2650488724463838,1.1277375435266372,1.076374349660496,0.9779757678314018,0.8493969705228622,0.7364258285414695,0.45509073881933465,0.3855537981323171,0.5999570059058459,0.7308229971318142,1.0016923184302164,1.184596032765016,1.2320165399409542,1.3044728395056526,1.2102588078332037,1.1788204692872948,1.081232407185834,1.0002681304749577,0.8378439912997363,0.6916948050759045,0.5509941138688363,0.41452450502394866,0.29130942784690633,0.16758501256443412,0.5054749127065454,1.0476450147778342,1.1726852068951268,0.732025906512258,0.7032951036965209,0.8071569373859385,0.5306300259331551,0.39450569255842577,0.5069915011697819,0.5660707013994333,0.24959317807804687,0.41372330717510264,0.22997903113241658,0.7194730298498019,0.16526014617793344,0.41520190013798947,1.0010284033581587,2.1689341210457505,1.7546817794599303,1.6829722218802767,1.3550661974635014,1.0853304545208589,0.8160628420741487,0.5393794577486812,0.3230779292019943,0.22415693308843254,0.060626444100179144,0.008001766903150465,-0.09463043090377099,-0.10370152942921484,0.04399212455092261,0.48880556983998485,1.3998543514647066,1.5428250942024226,1.4200733000828807,1.5309939994937838,1.4269595654991762,1.1767897928890476,0.8635662381946021,0.6153403378713629,0.6685488545462839,0.1995661258929049,0.06469578600069048,-0.0718931721807623,-0.19804312369960064,-0.30832190465967146,-0.29195098490054466,-0.03961823097462941,0.5599630039396479,1.2277893675666036,1.2735891892521867,1.2432442831171588,1.27826771660529,1.2886739491597439,1.0738973398813836,0.9038540003161963,0.7484777134246559,0.6160171972252879,0.4251855998384728,0.336189268951689,0.2326849750341149,0.11525407130295406,0.08210640273892,0.2831958227901557,0.6797212202096515,1.12989268091631,1.2626681102230706,0.0,0.0,0.0,0.0,0.0
2025-06-01 17:56:59.987,1,0.0,0.0,0.0,0.0,0.0,0.0,0.5363811881560261,0.26056115467404306,0.19936907148816962,0.16388257966712327,0.1423595119693929,0.1518942904877848,0.1999750832317272,0.23573688097570655,0.2743231933691669,0.35286153367586404,0.4438650319894482,0.5501115031098297,0.5633295942377852,0.5798084501695823,0.6042631424096316,0.5267266157206887,0.28138316127277047,-0.044685710368429665,-0.17295599400324818,-0.10820267775015546,-0.03139582997139634,0.01422373755687989,0.15402526909305614,0.2203358158519495,0.31419988192795345,0.39531229737136186,0.31872346204440205,0.4590862987496035,0.45939831128169234,0.4553204912687536,0.43970749606580445,0.26353448173176214,0.07697766400204409,0.2171832258691393,0.17729999090110848,0.1204938807589262,0.15282712088691985,0.13149993992745856,0.13345215448625058,0.13449758154977998,0.14313515610257643,0.14250957449408075,0.14800017205188942,0.12313191413463864,0.19941784159811682,0.1933931302619954,0.2443993417445829,0.3851472404049915,0.559160497002758,0.4720261600345155,0.37459433272720666,0.21850802815252957,0.11806540647488295,0.5312829780702921,0.756327217287918,1.0288900504206893,0.4780183566847822,0.7787688435309501,1.0110156242048327,0.8434047047345166,0.4119998923680617,0.8587825875559923,0.20969614403859957,0.5258079284583809,1.0883103708349162,0.4757625773497919,0.17150052627328438,-0.12949933291237747,-0.0978433691204359,-0.06414606706614578,0.028102568129616534,0.06883312602576486,0.15385791348769895,0.27190863477235916,0.39022991526385686,0.5023013842206097,0.6054619884064208,0.7197163902314159,0.8203709044906202,0.9152109448610898,0.9336386173191631,0.19411593044808156,-0.4393615411979451,-0.1969200880292581,-0.06577985563259725,0.10278612037602053,0.2403680855243533,0.33550733495028995,0.40912777473060236,0.4550834658240852,0.645825566119363,0.5098434850367157,0.5200511006530485,0.5015183626349403,0.4851624192372873,0.46649279882528677,0.4698679689934251,0.719652781924548,0.7118711090920692,0.7448308108025636,0.6664337022676341,0.5713772546255174,0.5044677894882963,0.43492400133415066,0.395772172158273,0.33963059654538896,0.26923486591667567,0.22502669654981622,0.15567269973687958,0.07193440415660235,-0.02155463519426104,-0.02451995197447243,0.3174210937636875,0.9410302306046948,0.9961759507607522,0.9618726470453696,0.8504932214833187,0.48156705106694137,0.5823760483167346,1.0002902910475657,0.7411738920475262,0.0,0.0,0.0,0.0,0.35940881072209796,1.0124170743582148,0.5537881274012403,0.33698255219239026,0.7613356631562385,0.8553138366806071,0.773785754951819,0.6559053089435222,0.5530237631767003,0.5160228328884287,0.4489939468636428,0.40398694444057215,0.32141024638960003,0.38038981731453125,0.3938023991248456,0.3916509496241922,0.41382550486033165,0.43919438373165604,0.3899818907058585,0.4139122074211136,0.57467354569842,0.6765467083221426,0.7056495749269469,0.7376323432483876,0.8944573451401252,0.9944941811904191,1.1166149116588633,1.1124930989569768,1.0768287663284093,0.42833954692080994,1.0825654227011046,1.0438663115705624,0.9486671966163196,0.8246162083420493,0.7145992648248881,0.4370776326740527,0.400331269448811,0.6097338671215231,0.7432142871189206,1.0065763691550236,1.1838489844876214,1.2227749645513206,1.302746447931705,1.20234389373702,1.1674616456611555,1.069920179331894,0.9852158821838279,0.8231593763482042,0.6765041096824539,0.5332272617003126,0.40250211679660175,0.27004197555807635,0.15865748012130787,0.5168316929949619,1.0869975717304583,1.217587558873392,0.6670539320113054,0.7489633428021004,0.693638923495129,0.6195946474719481,0.34255843443133843,0.3349870714620714,0.5318083885434581,0.21206930620372372,0.4497978181324648,0.448896845933203,0.7118453405253735,0.15228679886159074,0.45468512024136637,1.0572169030016771,2.2351178187068097,1.7857913137312929,1.7340240688323179,1.365189728800058,1.094404000896579,0.8134495188959376,0.4989681325347053,0.27610200692476505,0.17796373335740623,0.012314735894131124,-0.04738289641293103,-0.13939691479198502,-0.15773174108149346,0.0357601536030101,0.5459732525244441,1.4787867258231955,1.5948759832878057,1.4354820009557556,1.5357308146599857,1.4077543143503146,1.1255893153206258,0.7983983326390065,0.5517839863255285,0.8449637508416982,0.1413936246298264,-0.011326417442558245,-0.1654966870143465,-0.26065816721824797,-0.37354100194575646,-0.3539095032156217,-0.04424246679257643,0.5862646597177961,1.2377516354044733,1.2604022070047163,1.2272560250254982,1.2480778196009805,1.2193600204765294,1.0172815545712663,0.8423264966863169,0.6949796187975021,0.5476818835645052,0.3774993559388493,0.2715944259974876,0.18286288244119264,0.06145012470738076,0.05827944606177293,0.28802709028464474,0.7238827460159322,1.178355167842342,1.279146761964131,0.0,0.0,0.0,0.0,0.0
2025-06-01 17:56:59.995,1,0.0,0.0,0.0,0.0,0.0,0.0,0.48209125304298805,0.3024069660815619,0.23598550657926987,0.22241281964693205,0.16522135550289085,0.16779374902008504,0.183810329100777,0.2098596200543612,0.2402730826592896,0.31726332676664515,0.3913683788697751,0.4977416629876795,0.5165463535965409,0.5235648745442699,0.5264795072837098,0.45620715925748234,0.2448505567637227,-0.0030812526676937124,-0.1341186917607663,-0.08323072678769794,-0.024768295572580534,0.0208671376102727,0.1325117383863328,0.19197548053641444,0.2838702234280812,0.37232517117076913,0.3308528480989512,0.42156185215286424,0.42512596900559957,0.4235265186447491,0.3975848058512477,0.27202791485319694,0.20757341623983094,0.28613999529128076,0.228422014159258,0.1569128548623231,0.17417068508863554,0.139199636396655,0.10265882146110306,0.13281896577269836,0.11379197851405887,0.08860907573955279,0.07046886536970087,0.07729871371393304,0.141207961851745,0.0979692140661676,0.18507183431236207,0.4439231453676575,0.7195399314966572,0.5584999330055244,0.4442599844071181,0.3004246532115462,0.1739372827527761,0.657261047958182,0.725286619287408,0.9626297688937717,0.5817700809565841,0.5438970263493436,0.9415393023736811,0.909885005907547,0.4858837073545634,0.7702035711238305,0.26920049922720135,0.4136783400189705,1.1256165624916215,0.5855441580567116,0.2711036277330393,-0.02777923088063594,-0.054095401454496095,-0.05447372146993734,0.01518349491816462,0.04358089030818979,0.12586747944661303,0.2236402603672345,0.3427724780481729,0.4463105368398794,0.5455147818601317,0.6543634622994543,0.751192641993188,0.8432783151901592,0.830521547532244,0.1754725215730335,-0.3653838950345787,-0.16794008997373622,-0.05302463928417045,0.10833071514895476,0.2292530037860594,0.3078289616373908,0.38724442986863905,0.423969370455884,0.7867230325686825,0.47011517990522744,0.4762669118360988,0.45480218397715577,0.423945295601888,0.39739662857446184,0.39380992133886183,0.7047363664190816,0.729271284626582,0.7696397013689174,0.6737088725398908,0.5777850230042871,0.49816485361309115,0.424556625486161,0.3766222730263098,0.30763515535053787,0.23734148968978608,0.18392139515298367,0.11056577073576102,0.019820097225254685,-0.07224966651559783,-0.08887295005850337,0.3013337484241792,0.9507001343424021,1.0028873746474,0.9670569645701861,0.8379700658634797,0.563441337723164,0.5954043550269632,1.1909558112455785,0.6959797546944319,0.0,0.0,0.0,0.0,0.28416372918371235,0.9359220666867294,0.47857485747846995,0.3772186115889168,0.7787676235325165,0.8543915031756192,0.769107390526085,0.644233247471211,0.5162541280359885,0.476953081459081,0.39686281598882767,0.33045568504913136,0.26015641910864673,0.37368087284045726,0.3414499683868877,0.35412761291213846,0.39189544532288945,0.43549472093871794,0.41158659958960936,0.4688161743482972,0.5849875615005314,0.6515686773250742,0.6533048091249269,0.7011421710698635,0.8434509190828268,0.9354735052110006,1.0415037633149096,1.0616481674250136,1.031271826708583,0.4618193859310156,1.0474293184538324,1.0155364202655974,0.9354691800426709,0.8249718853655194,0.7142285645720201,0.42769831102701716,0.39526931334972704,0.5887742764039872,0.722759334651898,0.9778122676922625,1.1548477854008508,1.1896618421061629,1.2660083661427013,1.1866502104085177,1.1380160211075778,1.0498548883940102,0.967509137214825,0.8056841270562954,0.6593366486547262,0.521374195496523,0.39871467150992546,0.2704551828882246,0.17249682118645188,0.5071005610661251,1.0738479766563862,1.2188689297552333,0.5970673807316406,0.7538787275967949,0.7093058297176112,0.7002467824376183,0.24999327167088187,0.39324147385181774,0.6503725608410107,0.16407193585179014,0.5607370410343545,0.5938020594691321,0.6484609489848292,0.14605195120346465,0.475692158238011,1.0877936136353328,2.271282557138401,1.8088615670049968,1.7442430763311179,1.3742392692252894,1.0929344467694386,0.7787155879876972,0.4916689220500208,0.2370396100484864,0.14121299566904844,-0.02771814440869158,-0.11018026739406095,-0.192067659453944,-0.2075515049241885,-0.00025317851926920376,0.5593278863101254,1.4811587573328928,1.5883455765055963,1.4445593184927055,1.5382533574178323,1.376277453071477,1.100792013928391,0.7914200595971737,0.5458403980691744,0.81523034821054,0.1353752831822621,-0.018149184337648006,-0.1701212092286789,-0.26801295841341866,-0.375505267482959,-0.3706440170846614,-0.09265210761448861,0.5389321633032353,1.1790384020575086,1.2147470754683451,1.1953604983964303,1.2198802337083692,1.1895350634988193,0.9992419521760474,0.8332207900811293,0.6827611418937178,0.5432006130295506,0.3893083551900782,0.2698454062711464,0.2021271820085464,0.06996720703727699,0.05605426915844025,0.2800761500648347,0.7007178435541165,1.1481460547307303,1.2485319831006432,0.0,0.0,0.0,0.0,0.0
2025-06-01 17:56:59.998,1,0.0,0.0,0.0,0.0,0.0,0.0,0.4801792624314145,0.34511762592916484,0.28534788830868263,0.2892544672958691,0.22721562520034821,0.19835773603585138,0.20079562296141729,0.22470903461168668,0.22444303539267874,0.29311465801811487,0.3646179865163061,0.46851276907200656,0.46322226605551325,0.4703141837115957,0.4667492780467619,0.3699303830238385,0.1769630097048357,0.015618180559522798,-0.04362572964651956,-0.030045462085802943,0.008005970299219678,0.030150350448540086,0.13368557080931565,0.1802191802454256,0.2577457068782636,0.34687644880418667,0.48045548960432793,0.3838416597072347,0.3731961847894087,0.37640458439654856,0.351025831657946,0.20439846961074726,0.30089613638994844,0.39892108975479335,0.33093220519966404,0.2730430013331382,0.2425427516820189,0.2244804404470393,0.13672126937883533,0.10980819723234525,0.09925389500155779,0.050096350550823066,0.016420918280746433,-0.014026097378259439,0.05951847802066501,-0.03681943729509768,0.13757969880456644,0.43922885084296,0.826291914626173,0.6592173721935406,0.5646131968711788,0.4086247376324954,0.22014318627573304,0.6962030081499471,0.7930796422164997,0.895200744207354,0.6880889504712383,0.5121594355076784,0.8352689403969522,0.7237186639209454,0.4093254001145628,0.925241110436026,0.6118197481660662,0.3721237045284126,1.1092496703334886,0.650070307788922,0.4084803610487875,0.11694272355457436,0.03040953363870358,-0.021676037681689797,0.011555309786334567,0.023667156004260503,0.09399962454751853,0.17583682697310632,0.2667180564312652,0.3497800700378557,0.4547653986292449,0.5477838626119174,0.647184806134697,0.6986793515443963,0.628695543220057,0.12915087421950394,-0.22207620580233722,-0.06048347242762864,0.016525238052103708,0.14513883608866807,0.22651026031129806,0.28955908958684606,0.35007950168979307,0.3673834692806137,0.5366005231714068,0.39464535658040334,0.40309565587439267,0.3738861394859242,0.31958710398894274,0.28236545822231357,0.2748813902762084,0.7311693763680501,0.8228956569788385,0.8466519783755748,0.7208746787657783,0.5911623590106021,0.4913217874386018,0.40438538142166136,0.3419983068260479,0.2563942575505729,0.17857342350377858,0.12189857038436491,0.027070074791251342,-0.07963215968623616,-0.17620545192420822,-0.1727006480814095,0.3134528185910254,1.0045046064978007,1.0410528943379285,0.9928070900897172,0.8563079041794204,0.72102057116884,0.7558956112883473,0.866472564350564,0.7417229165873429,0.0,0.0,0.0,0.0,0.4823258695744035,0.8622173947627734,0.7615570124391592,0.4728660693352549,0.8577683705565782,0.8785034403490635,0.785716298996668,0.6536018326604197,0.5038720078227483,0.4404114060748958,0.3442080049587779,0.2632895924977554,0.2632736824292956,0.36697192836638304,0.3360504657586736,0.30677856458459507,0.35262878807079323,0.41974206978058254,0.4108405860662691,0.5915821481181602,0.6393918699748541,0.6752429062111794,0.659139232741897,0.6851169345236454,0.8154834400054825,0.8914918744755735,0.9987790677460486,1.0224535802617984,0.9912929219697528,0.5476282841211499,1.0090146561048283,0.9900939444739443,0.9187790873094899,0.8087921947788922,0.7102898651136645,0.4454930809399187,0.4346762210480727,0.6011529357473491,0.7213068314400598,0.9512400115265633,1.1089701745484013,1.1569236459425103,1.2326736721977953,1.1521160322245867,1.0939718294177898,1.017865550429132,0.938257574388901,0.7760883533317614,0.6372903845622678,0.5042608605355232,0.3863985744410191,0.2638344290363154,0.16541695472612566,0.5046486529116176,1.0509969613853247,1.1901751001415204,0.5436200979292595,0.8054926511435395,0.5689800855617395,0.5798040182192958,0.2507989983904138,0.47625889802290766,0.7770143025041778,0.21517053948464004,0.7001649192441136,0.5899416456590942,0.5328363482757514,0.1379317734936582,0.4608149729078406,1.0781378958339354,2.267581479917376,1.7714916819663948,1.6912898616439138,1.291892113315921,1.0492884208238917,0.7056325134001944,0.44368010895074295,0.18326913687009294,0.08876597453830115,-0.0498097422589856,-0.16141816537846765,-0.23630103933058588,-0.2694343105155111,-0.05457827750658728,0.5084872697934868,1.3899859924096722,1.5364176276643309,1.3810139744777379,1.4630798439105006,1.2848990152426192,1.0286374193736676,0.7062702866203237,0.48285792938239536,0.6910147551162781,0.10998604365287279,-0.027158808449171623,-0.18258376733038573,-0.25805011506237263,-0.360986222255899,-0.3999571714958169,-0.18384693388378043,0.4191535408279225,1.0305181530262184,1.0927616455525802,1.1100852510170238,1.1119801736560035,1.070623762253779,0.9300354585324824,0.7755518013799536,0.6528887881259107,0.5338023541519283,0.3997728534429936,0.28884299666976787,0.234018074707393,0.09276827026058643,0.05745273433522258,0.2198876550607169,0.5662302121058558,0.9813227628528086,1.0899456857986727,0.0,0.0,0.0,0.0,0.0
2025-06-01 17:57:00.003,1,0.0,0.0,0.0,0.0,0.0,0.0,0.39934453834748074,0.328960800712495,0.30389174008770004,0.3076349165345075,0.24275975556451634,0.20027016642179996,0.1895850024675162,0.21139757334549603,0.2032175871832489,0.2693833451524704,0.33016026843628327,0.4102691443522256,0.4117051077735376,0.40995240112175935,0.4012284591631281,0.2974746842522747,0.12846822143497977,0.08966322806041288,0.07058708107874068,0.048455695399933885,0.08502478687884474,0.0759096854350676,0.15976146147404835,0.1860328801922324,0.24317574842225254,0.3202976918525757,0.5304644125488253,0.34085570177211055,0.3187168984784285,0.3252533385573899,0.29394414587193984,0.16228059234233055,0.4720899805630023,0.543075651766571,0.5150138856160723,0.43747219016378924,0.3580090390167263,0.2745824145988829,0.17209368465062314,0.1406233217975814,0.08819002556728228,0.03577036397420141,-0.015134966654432813,-0.02233751104198034,-0.01807148567366451,-0.1405239520820283,0.0679362191417962,0.4945853619304312,0.9682753295102212,0.796743136249047,0.6894179841559861,0.521100708268337,0.30973874684583746,0.7055785424097116,0.6201058917414913,0.6039495531514476,0.786527650569592,0.6891219132060576,0.6284162483526976,0.5511336777454637,0.469122897066744,0.8122116144202814,0.5340730414359455,0.3934621580463942,1.1370306175517388,0.7516074565381551,0.5423644810628836,0.275196739248172,0.14844611010810604,0.051612724695148104,0.06150037784418583,0.06363380802823793,0.10433153929484007,0.17239534369145448,0.24700556052768285,0.31706269878792015,0.41266864404206205,0.48408688066237837,0.5799499976084912,0.6013654293717275,0.49620785175290305,0.1323165466711127,-0.03769230871382645,0.06743462398763422,0.11829525503663074,0.21937430533073154,0.2738793527973311,0.3229799604553616,0.3622827180917565,0.37403794376732535,0.5555532403216779,0.3772507310159474,0.3803889914395503,0.3431680660363262,0.28078728130766284,0.22140943957754305,0.16646749978160855,0.7427192317712737,0.8728155009658417,0.9087862586752813,0.7875232233200797,0.6340354536590522,0.521306200364476,0.42811496831994145,0.353854518080988,0.2667237435788039,0.17963191752233842,0.12066230819024337,0.015102527248072262,-0.09370192241529485,-0.20038817409209353,-0.22565767625332628,0.28779374253306916,1.005556826867664,1.0499843974127947,1.001463764214337,0.8623692429487229,0.9454983878913337,0.6850653351181835,0.7928410166099911,0.8162528579256525,0.0,0.0,0.0,0.0,0.5050346717889517,0.8016079459791927,0.8254462064117786,0.44993769412903983,0.8349457905204873,0.8789782420303419,0.7860304332991015,0.6555950913991818,0.5240479992340787,0.4553742945196111,0.37137210171912294,0.2760590229302853,0.2663909457499445,0.36026298389230926,0.3306509631304597,0.3308881714024161,0.36584921752835675,0.4329290941859069,0.41830818432250955,0.5498555152378222,0.6275083866293842,0.676035189406678,0.6544321319143662,0.6956762545688773,0.8312797596253627,0.9061302312210531,1.022223482689304,1.0432374617002196,1.017980495059984,0.8539212254813833,1.0440764872078496,1.0142620310054493,0.951595002142259,0.8461760279583003,0.7324564085419395,0.4657672306235023,0.4054810763617528,0.5557137897377622,0.7051252137159164,0.9479259117640308,1.1030017589071015,1.15788310165885,1.2432028367768941,1.1811180065559854,1.1181625873825949,1.044265021062623,0.9601261696808292,0.8044546339730819,0.6690607184861767,0.5290039218801315,0.4198589671349756,0.3033758197467405,0.17951291525744675,0.49079619752618714,1.029365996680104,1.1763038439568132,0.6203961319675447,0.8932008903285694,0.49678087079377853,0.44251752414930945,0.26835380487047816,0.5578144790755039,0.777014302504178,0.3677886746592212,0.5323953842317292,0.5906202129998489,0.41852736052579476,0.1436576312857793,0.46084783621491693,1.0847808431415242,2.2156327780378757,1.7248522636416046,1.670356874650583,1.2603448847812717,1.0443168897757455,0.6722915024051526,0.46055993514651994,0.18862824582801152,0.07104779988971899,-0.027612351273751834,-0.13327526724777783,-0.23066835638584904,-0.2683466797627235,-0.09215618632634892,0.4639693032333057,1.3210421646127424,1.4819209233994022,1.3395194981596696,1.4132290521925666,1.2404167201826823,1.0089367051285687,0.7124875516543023,0.4820773907934861,0.6737005651888366,0.14575472633530207,0.017246765140432885,-0.13637135230416453,-0.20498922893925908,-0.30572001560621886,-0.41218303872735623,-0.26330896794122205,0.3249238682860263,0.893172618565548,1.0003738572980498,1.0295752222697794,1.038987659315838,1.0022891911618292,0.9062690289430422,0.7718475095006587,0.663612344675848,0.5626693031003909,0.45052034654961615,0.3523593779267826,0.3012278343383319,0.16849254509461997,0.10977310918022587,0.2076784901885787,0.4855957735033144,0.8297435327574155,0.9775421481810693,0.0,0.0,0.0,0.0,0.0
2025-06-01 17:57:00.003,1,0.0,0.0,0.0,0.0,0.0,0.0,0.2901703398649683,0.23733498775129666,0.23342023241015497,0.23858991561563314,0.2036919452915028,0.1490623596867774,0.15888998553763523,0.18624613768414133,0.17686322762323248,0.25299622348650075,0.3186552415583033,0.3930378821478834,0.4021536662146186,0.382007655524197,0.3788611511321616,0.29164374973958324,0.1886972790645574,0.17109351108007104,0.1524116873357234,0.1243273010647864,0.14776909265091298,0.11217275577726071,0.19733917555725022,0.21732794932453614,0.25405697063487365,0.3432961326035917,0.43673072993975004,0.3393712585392572,0.31412720820796275,0.32772664489258996,0.2998413191768574,0.284826952005605,0.6156758613319959,0.6658906748810408,0.640288879526783,0.6238044363527302,0.4839521303572014,0.37254435377077333,0.2869579661297459,0.16900172260797786,0.13308865319767627,0.04746544777084505,-0.0036026720378380395,-0.03272134031758256,-0.07920406530967877,-0.13709635811910098,0.0706392669304822,0.5740459708239503,1.1465165701832296,0.8928193858769375,0.8322480717247592,0.6664647945422348,0.45088314039301536,0.5162372085158111,0.4133192650904056,0.3550912488876921,0.9613231417833776,0.63183937298228,0.5694259000119675,0.4508038035376283,0.5742942110130136,0.9754414160004273,0.6186395031543359,0.6730640139400333,1.1919190810629632,0.83722686695909,0.649978989601705,0.4403988891274975,0.25161484594793637,0.14533257600723815,0.13324689730061956,0.10751597670355828,0.1321755145947423,0.18431542105215937,0.25531132691012837,0.3186146161646666,0.3968029935279952,0.4550389516254667,0.5424483598979648,0.540030532543401,0.4336784894733956,0.17725834202089374,0.15081903342032754,0.21888539878036717,0.24037158356976884,0.32240252093513244,0.34320745343709014,0.38213924722145043,0.4063066107554021,0.4050292194989109,0.5779869798425261,0.38348526417712714,0.3643165253753017,0.3337213509575315,0.2518160753639602,0.172944658179857,0.10274256026835696,0.7748149128905465,0.9465723096954811,1.0071669265826437,0.8646374801111045,0.6972155552350492,0.5786091016216741,0.47697355447523426,0.3971244310941757,0.2952197442179305,0.21072822813897663,0.1287211700157671,0.028842184966000994,-0.08614675219986312,-0.2075599900918217,-0.25543805450865126,0.2714406659754504,1.0071803079819026,1.0644710956788108,1.0258384642877185,0.8786552864931432,0.8618946413805435,0.6814500696399837,0.7668140915722181,0.8453580181738509,0.0,0.0,0.0,0.0,0.4943249654879658,0.566764323322283,0.8104864791234406,0.43098995477476143,0.82198943227515,0.8847540108076873,0.8057876928467871,0.6634182438071242,0.5642093364385199,0.4870292348756786,0.4166655580187899,0.31380301464558613,0.26950820907059314,0.35355403941823504,0.3252514605022456,0.34415373649009595,0.3625769166947408,0.41922507995910724,0.3854942348937234,0.49148383274828494,0.6193458639919234,0.6988876847693171,0.683593737398805,0.7273575246527146,0.8659173501873776,0.9477762594978061,1.0630930730131323,1.0824248041542395,1.0589220107007165,0.9072255268199407,1.0626001595881003,1.0161195318465526,0.9589742711491591,0.8397141151549296,0.7220504979242067,0.43625339302688126,0.39011778339905495,0.5596659513227293,0.7323055683346421,0.9724191587899444,1.13007478023522,1.1754433741747328,1.2678519708501317,1.202176695390092,1.1170477874856952,1.065648500364433,0.9561314432879335,0.8106441639905245,0.6673764334917353,0.529328109736642,0.41603197768917477,0.3043084290151995,0.19731531399566904,0.5054137447127052,1.0435966917770982,1.1917297303758865,0.7494037439343426,0.9768818818487629,0.5560654817724707,0.43265776535543987,0.42175868984512793,0.4387615729738962,0.9418515497256306,0.3641925306130463,0.5045190880700589,0.7207954326054351,0.2738259999486199,0.15281342509242696,0.48649776801361583,1.075135341531532,2.2371683686141135,1.709068645018929,1.6517621733843884,1.1966944706249314,0.9836909411478623,0.630315643778744,0.40956341658717865,0.1475423341692108,0.033439848775499215,-0.06723993319416133,-0.16376124351407417,-0.22960137060692165,-0.25022010330071454,-0.05826679408474478,0.4726403052586718,1.3124827401045829,1.4655609740084024,1.3062425306165941,1.3689148579633272,1.184599600710685,0.9164243642926917,0.6591247054589722,0.43851127949561763,0.5167834873022265,0.10498312104405283,-0.014374989233193025,-0.16724350313852832,-0.23301327054928922,-0.31011841132121043,-0.40867412248428936,-0.24822553941104347,0.3127935091809331,0.8628180517043014,0.9673717965593538,0.9974216699947899,0.9943382529151483,0.9563985575170046,0.8641710606749404,0.7149089587362489,0.6241191040241809,0.5235144404015817,0.4195044547157738,0.31298641806443306,0.2888390208917897,0.1656633484043687,0.11643230873301491,0.21575906085325774,0.49172499117806456,0.8431095399855061,0.9663031290368598,0.0,0.0,0.0,0.0,0.0
2025-06-01 17:57:00.007,1,0.0,0.0,0.0,0.0,0.0,0.0,0.26751579739993303,0.166770794814966,0.12176418966954383,0.17156116700462776,0.12490208001548586,0.094516725494454,0.11351815438777779,0.13866676252055443,0.14626670605238923,0.23976493171895474,0.30114686255795237,0.36214951830695763,0.38576317221799844,0.3711886049161722,0.37712813869598005,0.3198078493784609,0.24490173322768438,0.23216621238080143,0.21125945975175942,0.15823710099318056,0.16009110569813223,0.13510806674161424,0.19282409581151305,0.2256431741621967,0.26330143278515683,0.3382031836787962,0.32334554508353597,0.3329444954373414,0.30331720726734873,0.3198357916479696,0.2992819693265411,0.3681406793752193,0.6613412961410803,0.7375928632280669,0.7172010989043077,0.6839356996682127,0.5273727674162354,0.41940252608791084,0.31368458761532714,0.1790258474675428,0.12445594485688538,0.06737191393496955,-0.007649838110037832,-0.031012257956517963,-0.07925798205884693,-0.16409871771145168,0.054292056838651986,0.6039577387449682,1.234596964487669,0.9528968756097229,0.9026373454117992,0.7320280818520717,0.5249038699533259,0.4557742689811684,0.37649967564319453,0.4810868834268041,0.8443164380833068,0.5139332073990636,0.5571916763941595,0.4859665382474474,0.5107154268043395,1.0842104638812289,0.7089747063933001,0.7123540829339038,1.2202374623445802,0.8818162554256029,0.702422831189784,0.49329655945460993,0.3036022469316222,0.19396178475590387,0.17252255523290838,0.14487425459806658,0.16078907943176057,0.20913102507678483,0.27317126693995286,0.3398194268694532,0.41332532473089334,0.4662193246031068,0.5520762881492516,0.5469851121934604,0.4359095869299118,0.2255424801476208,0.18542505694715639,0.25154811300294133,0.27534471437380614,0.359955774843552,0.3871162256165892,0.42364985129046273,0.43986503899197116,0.44722593337760586,0.428468813858279,0.4223812943453289,0.38860158159304314,0.3551635406230015,0.2826465954307422,0.1883377041368634,0.08868541610721051,0.764571294868216,0.9461526796767997,1.0322066754900918,0.9016190314435437,0.749723064698723,0.6280029762220758,0.5298304330707353,0.44788120023502165,0.34837741070082484,0.2663950135179862,0.17713539220192676,0.08166334698727296,-0.028137941701784408,-0.15345697551179416,-0.22690565441369376,0.2566826390827491,0.9972323820907184,1.0752313588773001,1.0358529439562958,0.8913577571852263,1.009702560824083,0.7780130125133145,0.6293871058861966,0.5804440207197233,0.0,0.0,0.0,0.0,0.5162608886634928,0.544790686877707,0.9541970979316433,0.39249100654415925,0.8076869856898365,0.8990638226348364,0.8275903815941332,0.7037594117270635,0.6223029640085236,0.5553795696046988,0.48817766101782567,0.39013271504645,0.32687775516156803,0.34684509494416105,0.3559836644503569,0.35819890323880044,0.36894645814160454,0.40475177761069786,0.35674478341774835,0.4084278208882283,0.6216242710192447,0.7319456588770261,0.7060686032143819,0.757670552389794,0.9023283789108605,0.9923703329076865,1.0975897058763895,1.111059528283701,1.0853389227490944,0.8995641315152261,1.0695598217532662,1.0130910083719271,0.9488173537308624,0.8308496321010345,0.7058835144100785,0.41484127308456337,0.3925726555211348,0.5701279904509267,0.7418844482127981,0.9722670823965871,1.1293239338817345,1.1655951977191885,1.2422618648381438,1.1820805166717927,1.1136518401270474,1.053450932408225,0.9363886198386555,0.7965387157945764,0.6595131233952615,0.5336320981285707,0.41761123809629297,0.3087511499014189,0.20639490061769172,0.49578503563170756,1.0029088731695688,1.1397308003460904,0.7811222796438199,0.8821593106287834,0.5471495246490408,0.4620527205150967,0.4737059479722154,0.5565103481178868,0.9372457067160898,0.5912982372551434,0.4979701819678186,0.6441015118680046,0.43324128627190217,0.1548183216221018,0.46823305239255547,1.0378319130252425,2.1841460237691845,1.6459194268918032,1.5714599793799908,1.1256660354894676,0.9081468254772094,0.5769928547870369,0.3496855381227104,0.13158312014903872,0.016212373094256716,-0.06599557660456323,-0.15854106673622448,-0.2116443972774733,-0.2138349896336985,-0.04614465527608058,0.45741533512008387,1.2550845855005373,1.411154182887715,1.2527948520456427,1.3148539563682449,1.1202952945858986,0.8640940776677648,0.6198603127088174,0.39166273555152364,0.458410124557446,0.08207101273220041,-0.019610091207133085,-0.14259402617590866,-0.21467164801413352,-0.2850598486078241,-0.3719343356943868,-0.22721537720817886,0.28543138401961504,0.8133386357826695,0.9334765273280217,0.9633969854789047,0.957507562434113,0.9203530313440909,0.8231557444229329,0.677947997345651,0.5771911599296353,0.5185611794851503,0.4062987267161233,0.3141424173466558,0.2842610303840911,0.18494832812271988,0.14536791348821765,0.25685871700369994,0.49674313976542817,0.828443575394015,0.9403068532451078,0.0,0.0,0.0,0.0,0.0
2025-06-01 17:57:00.011,1,0.0,0.0,0.0,0.0,0.0,0.0,0.2838350904903181,0.10195308610399365,0.0704358541502183,0.11655643518612235,0.07033161235268093,0.05246773925406123,0.08095062149135945,0.1284407383794921,0.143773521734198,0.22906692516593075,0.2981086033908626,0.35801605247737134,0.38346968183388,0.3743085569850968,0.3910961814976049,0.36077795660892337,0.32757038458467075,0.2736633269673377,0.26495492602093385,0.19494948563029968,0.18629396846464918,0.14220464591042292,0.20838180562413977,0.24975362596008965,0.2761519274952633,0.3352584278479276,0.32334554508353597,0.3325515861653262,0.30718017765905353,0.3248479060998273,0.30345554207336944,0.3946685489438705,0.6990575278291196,0.768276068344509,0.7796199225005361,0.7461686683672699,0.5694519847215718,0.49049763880008657,0.3631568199329622,0.21044587408319537,0.14854229657416296,0.08947726427744085,0.0055743589476896505,0.012725916421753802,-0.06861176548001291,-0.1450331830530846,0.04594128334481082,0.6518278477751442,1.1963731184941162,0.982220841022394,0.9434013948823844,0.7803347695570693,0.5800296366383206,0.4367322980429473,0.4104423916349479,0.6083350940467664,0.7628847134436981,0.5570681794596744,0.5653850903392816,0.4177742955925504,0.4305729194589854,1.0306342062940097,0.6427959795457263,0.6251208347394682,1.2502147987588585,0.9050558456004844,0.7310772797947391,0.5390827428060456,0.3511293703804599,0.22493420642267115,0.22199349047010997,0.19239716167464693,0.19659711266781565,0.24286086353148884,0.30325327537663527,0.36257312813178944,0.4393605427513495,0.48163710461795195,0.5608706877108178,0.5488251236837841,0.4576177283889167,0.2672622979611325,0.22776651335293419,0.31363325970401545,0.32842030128213984,0.40779603887962534,0.43399566223731734,0.4653308325913019,0.4686863551251146,0.47973993862220854,0.5025766130012803,0.4525813252988531,0.4088600433521553,0.37355040537845097,0.3020390565737433,0.19408159126871977,0.05312526021919453,0.7549699109716203,0.9532718346910974,1.058296348755622,0.9202188814749037,0.7731080679978641,0.6571757638428675,0.5637980468628565,0.49023476361989227,0.38260081474821894,0.30709716734943004,0.209748896173227,0.12111894965345948,0.00644007774444777,-0.13291033373623873,-0.23066460633417507,0.22355497422605092,0.9582336809262261,1.0600100016645164,1.0285420234393163,0.8960890516491291,0.9865660413735322,0.6620811323259159,0.5544449647431375,0.5721024888594142,0.0,0.0,0.0,0.0,0.4843987945739783,0.48549211124929653,0.9187553180539277,0.34547837108750923,0.7786480596604599,0.8983293591758587,0.8377970980211886,0.7185388460872218,0.6660361890476822,0.6174965566217872,0.5657497847812998,0.485812289775601,0.4126176354059008,0.45377792416136,0.44378932693634665,0.42703118518256433,0.4219882080887891,0.4309980228396361,0.3689413770926628,0.35633876641923995,0.6094688477483002,0.7407578787582744,0.7384429410220346,0.7979962289869211,0.9747902229353096,1.0698248002518245,1.1865063383506214,1.1934341301153168,1.168874839084513,0.9520877676428752,1.137332197848941,1.0614037786165311,0.9819470353700228,0.8455299439840408,0.7154182841907453,0.41839629599131295,0.3793512919127076,0.5915280028481256,0.771837332758245,0.9928519462794745,1.165429608228027,1.204545174787121,1.2890001826326332,1.2107103840529605,1.1533820415286553,1.0789387946585967,0.9569573036355927,0.8267257986713133,0.683285418415761,0.5557102571035661,0.43182476541965487,0.32056505786700706,0.21357549103573986,0.4844246131513273,0.9913672851442757,1.1142270689269478,0.6693025928782811,0.8470171709450093,0.444395378772386,0.39455164962703204,0.492415512004119,0.6250594467706863,0.728164674386582,0.7886345107617483,0.5755946799808407,0.6557916384446663,0.4312145869549133,0.15872574522359445,0.44988559944433065,0.9996574359957178,2.135056095365459,1.5841100899568172,1.5321401919084003,1.0865687518925449,0.8726491262325211,0.610617243692452,0.3216308573428739,0.14952423792120761,0.05186520695714725,-0.050165022850696905,-0.1347653366870779,-0.19201125734257352,-0.18891447037026454,-0.025796332573681968,0.4297502398700645,1.213654185923287,1.391980965452732,1.2295482142418124,1.29710008987945,1.0909057068907309,0.8293020954615993,0.6025329607126422,0.3784794780469849,0.3860859519823967,0.08783874911772815,-0.016107058099462224,-0.13437165239991256,-0.2027308752474577,-0.25947869723093164,-0.35382069015086093,-0.2218338292778929,0.2634031849079948,0.7638228515246006,0.9006835179702026,0.9239322776278239,0.9293253276030884,0.8886465165447981,0.7895084703837396,0.6565950371412161,0.5674084213770119,0.5046568511525089,0.3966852911627685,0.31341210656298624,0.2840127173577125,0.19881071512696857,0.16300925000457966,0.2704833285771396,0.4945323479618068,0.8118963688106692,0.9065634703784016,0.0,0.0,0.0,0.0,0.0
2025-06-01 17:57:00.015,1,0.0,0.0,0.0,0.0,0.0,0.0,0.21344358241423197,0.010286616493732165,0.010522983922868712,0.08107731544613594,0.04209575627830109,0.025153296928870028,0.07198719918565966,0.10708448379659241,0.13752401505506884,0.22726041335972158,0.2969264025641353,0.3469068972194087,0.36787415288506126,0.36726445201417746,0.38215146846806547,0.346971975536442,0.3642902475954646,0.3201245585290032,0.31040333632452743,0.2388626991961701,0.2136311802698896,0.17244320593725693,0.22147267559386763,0.25936687214038634,0.27749788779549456,0.33308942840889766,0.32525439420942737,0.3167781285317268,0.30092905788390495,0.30744881774116384,0.28755878392123146,0.4059653866824242,0.7492715945382624,0.7755272062109929,0.8106862527499342,0.763381778653011,0.5945147504414197,0.491918326010512,0.38650513982415435,0.22742712930251208,0.17016341175366945,0.135823838079548,0.02838641700308453,0.0482641818374403,-0.09034714075561023,-0.12328933349447863,0.0023130309268152294,0.6368662323523386,1.1970022052898677,0.9917490593544882,0.9472242298160364,0.8001504946120004,0.6182297347800567,0.2903240540518102,0.42419965834769013,0.4924429214758071,0.7511184204623198,0.5017768020954438,0.4753382856352437,0.4250159572196819,0.5683378037069473,0.9770579487067909,0.5992963098227643,0.6882000576830836,1.2024490618842478,0.8830225950859264,0.7208141789215488,0.5198631314715114,0.35823151932776676,0.23800908192049808,0.23842543153702178,0.21523319164852173,0.21284399185506442,0.26362971470032615,0.3237659489108913,0.3758515391462194,0.44613083627187156,0.48422868565027,0.5500679080656352,0.5299901721638702,0.4266843903213198,0.2864608383472285,0.2673452177930572,0.37129214126750565,0.36569375307342766,0.4496621090796207,0.4743505382310458,0.4990375769851365,0.5000976092343623,0.5093616167681372,0.5622305168049986,0.47249117672472885,0.42057690107245327,0.381334838866508,0.31608874249806806,0.20776339093034385,0.07054649684300482,0.7829397039545861,0.9821006083222442,1.0829409171032682,0.9498015484298235,0.796847752580492,0.6822401489893426,0.5879270041535274,0.5123479561261095,0.4074235281638454,0.3292057724478583,0.23267688930466934,0.14249579659514455,0.03444905667496956,-0.11046059250803009,-0.20470526330659333,0.22874542922983915,0.9628302169191133,1.0643436032266147,1.04423913574499,0.9038518529038273,1.0264116835967363,0.3385271514085612,0.9197738512372133,0.5951584477700299,0.0,0.0,0.0,0.0,0.3023078227911322,0.5255750410721198,0.8384979340281874,0.3602129281327183,0.7955992113220722,0.9249348735590418,0.8705641740834333,0.7501948983829684,0.7185894146239584,0.674954621182599,0.6282824278481898,0.5386684369757395,0.4544617398629289,0.482213622746106,0.4581471065407876,0.42490184237603335,0.4126184050496673,0.4035045193134,0.3329136304228552,0.3622291801061846,0.6514329935824995,0.7773865965581647,0.7889161573438712,0.8547425798482033,1.0312715752837815,1.119297692088717,1.2371548290928582,1.2412213247571,1.1859121803842056,0.97170396227963,1.142274018805638,1.0541923121134238,0.9757641360500275,0.8248261836784526,0.6956964536406341,0.4115018393439314,0.40211146709992135,0.6355421163091517,0.8095376692024624,1.0432135017274689,1.2066647009085476,1.2299775311464047,1.2963812262132364,1.2173074617042656,1.165392559090443,1.0765584059248576,0.957660092630896,0.8215200325625901,0.6821527167854681,0.5515248082521218,0.42502485162786297,0.3186795443089524,0.20248073656761445,0.4738395544756126,0.9831248199505201,1.103017811658769,0.7107208791016297,0.7477659169759546,0.5222885739082035,0.45951230364521,0.4986722138309257,0.47061552356574,0.5738640363372971,0.7958944016549707,0.5981023112609518,0.5511155798747766,0.531747677310006,0.15383649852274978,0.44486709859450985,0.9801551014081067,2.0844647977422226,1.5752405314885616,1.5078429092924637,1.084505300097291,0.8414259612211199,0.6062387997813334,0.2995089259938568,0.14599741897397234,0.0624439690993599,-0.06739816610317129,-0.13105132822527632,-0.16234108567833605,-0.1803813088968791,-0.014570874606248063,0.4200392783722923,1.2030100320293946,1.3785874775235867,1.21970882961874,1.272906171041638,1.0984877302849199,0.7760518304206703,0.5732199607319253,0.35906720588676344,0.3747070206687826,0.07700906395361007,-0.024666485793289228,-0.14268943075226026,-0.1973398901264244,-0.26439666271307527,-0.338431186968497,-0.21706447752986657,0.2509782258786423,0.7292980272898693,0.8876112959409748,0.8872898504094499,0.8919514622534828,0.8425611177956904,0.7382308377390752,0.6225337946604379,0.5189116630961725,0.46371522093113904,0.3628107012946027,0.28282342044669395,0.2621258822392296,0.18726380513828433,0.16337034252512816,0.28931848110440456,0.5308904005266819,0.8190658356525714,0.9143547404238506,0.0,0.0,0.0,0.0,0.0
2025-06-01 17:57:00.018,1,0.0,0.0,0.0,0.0,0.0,0.0,0.192753152579166,-0.0142846319479972,-0.024273224448112474,0.06317477647327341,0.02072412386855038,0.014472738152044973,0.0695732872543201,0.09968432968418706,0.1432791199384531,0.21428807707712583,0.2869830025121521,0.334133533679574,0.35873615442505563,0.3555960344819108,0.37194617642385314,0.3261533894617627,0.3802377204176155,0.3276261830222949,0.3244248895934635,0.24964815658438677,0.2051024091111564,0.1741462863945411,0.21744667288521957,0.246221793493423,0.2642579480091134,0.3242159470057038,0.4965377768618493,0.302651172511459,0.3090174740070934,0.28779229134086226,0.2543241164320385,0.3586561573434348,0.723313456622106,0.7434177241551702,0.7814815074553924,0.7418306158579446,0.5470339145774195,0.5043624669152018,0.39927342783570663,0.22383895019327293,0.1750700388831783,0.15898856774415293,0.06872025080922617,0.02331664034331138,-0.04101390457616605,-0.08016040475222519,0.002116054181979188,0.6032384206830663,1.120520732468289,0.9416707018145314,0.8988659931300912,0.7613983618513311,0.5933980491817801,0.2771878168887479,0.5660032245451775,0.5324001116846808,0.5929575653156658,0.46163664493069456,0.47395676467872394,0.46661955921880316,0.6286124461061147,0.9820243041420161,0.6990701786368697,0.6032385729300247,1.116215550788697,0.8142484836923354,0.6685140468279076,0.44993812804659994,0.3055431052487001,0.2133337603951977,0.21912017478302248,0.20024945630644586,0.2019690211271037,0.25658879530338763,0.32628674028335825,0.3772308645503286,0.4388405054812371,0.4798919750657835,0.5259917132890126,0.5125393603583754,0.39166317764210123,0.25708489553945846,0.28059091026710814,0.3918669586302672,0.3905822753859587,0.4648299474165729,0.4865066419916104,0.514674509941107,0.5098037318475921,0.5144712068245982,0.4716331827810288,0.47978582702091366,0.417211951087051,0.37901645210112644,0.3106004957596672,0.19164600532456583,0.07848035009546764,0.8173728606988491,1.011031534555264,1.111329134129198,0.9652374337385299,0.8187852699931948,0.6984997869841247,0.6090120665759904,0.5288910236121445,0.4152188516953881,0.33483215344027406,0.23235592850667808,0.15422028854816827,0.03941043859747584,-0.11075096535574636,-0.19921040616460522,0.24456277855570735,0.9666755870112455,1.0742697827862837,1.055255240409128,0.9158158393735514,0.7139361908173714,0.348534527400371,0.8964695703632506,0.43166788018993285,0.0,0.0,0.0,0.0,0.34294659268929484,0.5618474542090706,0.6664025306652699,0.3895154215310326,0.8327490834871811,0.9506212662409469,0.9046959729857977,0.7943666223291067,0.762071606489747,0.7387121218245858,0.6894072818924508,0.6127210179057787,0.49927867967987494,0.5209175977453611,0.48437815404429285,0.4341910396832702,0.4182537726455289,0.39260691097546835,0.3199653860119753,0.41837071136757925,0.697043015022215,0.822426048737807,0.8314461691373061,0.913749822025524,1.098505633852702,1.183077807871371,1.29545899903678,1.2885032547594146,1.2326891203718524,0.754139622446,1.1636005847635884,1.0714041714004572,0.9779044265460837,0.8196213610682613,0.6901750980319409,0.40256322297844993,0.4566347570490731,0.6911640944482447,0.8663454263345302,1.088551147948565,1.2671427076958794,1.2764757120542394,1.329090578702893,1.243251962564653,1.184998547469926,1.0851296811542936,0.9691637753565918,0.8253959305159092,0.6826510582361024,0.5535753160752004,0.41488923638758046,0.2972791648526134,0.1822586183233333,0.4651572351920062,0.9738506033997015,1.0897546302144199,0.6578690666595999,0.6791766948224945,0.4094060081139579,0.43107605158276074,0.6180980979105,0.4393351157980724,0.6584966870904212,0.7803183349857588,0.8369190541703425,0.5382566122124692,0.6210116445338689,0.14458749432929657,0.42586994338169476,0.9565509179893681,2.059090825709925,1.5786789116451574,1.4909642618002796,1.070712701459827,0.8371274683620216,0.6445267207696386,0.29371021213511606,0.16305826255276412,0.09531994351068174,-0.06274017281599997,-0.12185121514275565,-0.1531554336019182,-0.19263974734964484,-0.025075965434637193,0.4121295081480533,1.1829515576722933,1.347957039018993,1.2108861395134474,1.2874692794897875,1.107636481307351,0.7881262141348344,0.581682997871636,0.3835635956759662,0.35492722826977574,0.09067099706347648,-0.01580524487905266,-0.12694091958014408,-0.1842209687259948,-0.25282583381246415,-0.31888306747297945,-0.22957673007760077,0.2187860054288348,0.7032094261223241,0.8861096445931289,0.8915347370504175,0.8911324082485235,0.8471288282344283,0.7404414790411749,0.6256400209815596,0.5284979677751376,0.46901259669087025,0.3647567791693338,0.28058978075501484,0.2600624585203226,0.18190523831264516,0.1617409183007995,0.26602598982509024,0.523753647840425,0.8163295391741624,0.9056604342148193,0.0,0.0,0.0,0.0,0.0
2025-06-01 17:57:00.021,1,0.0,0.0,0.0,0.0,0.0,0.0,0.22684433698444798,-0.029300837518649037,-0.046097538417428474,0.057681024177589024,0.015472662791171543,0.010696820157604203,0.0763812169641146,0.09276279913178953,0.14543361866575133,0.2150106792180937,0.2842251796773925,0.3261794832885535,0.3570441458447819,0.356493906987676,0.36877699328786345,0.30373817589129254,0.3628792366406075,0.31123110800067627,0.3107366051027254,0.2427734132172653,0.18377555943471124,0.16414267256476278,0.19330741061031187,0.23145385591804346,0.26083356367657373,0.30099126053160696,0.5459086769699232,0.29376884082734933,0.30104579727792374,0.2720369502929393,0.21035653975950902,0.27986803330318943,0.6579302103803493,0.6928062132934616,0.7375809699343469,0.6458454788084393,0.5252988719401475,0.4778264783135002,0.3201972119583403,0.24450424232709045,0.1496521680387184,0.16042397343693904,0.07114759262830261,0.03446060575756604,-0.02917903598535243,-0.12177117187909728,-0.03809480659517683,0.5446727778476401,1.0232798443929458,0.8890643535944347,0.8277684395282069,0.7012979865626277,0.5315230862677536,0.3144617746260628,0.536600694063094,0.6244905425851135,0.3835829162408809,0.39028993218709207,0.4144841758896347,0.3885653428589827,0.4320060732107282,0.8514780792116873,0.6267821655910526,0.3489310836671782,1.0238232928703486,0.7435103532978151,0.6142509298018648,0.3738879138387603,0.2547869781158918,0.17813622989123745,0.19316315246213267,0.1908818283201228,0.1872479325934302,0.25317463955271724,0.3145164787492991,0.3593728138927592,0.4183657595422957,0.4549641443430563,0.4920477737663322,0.4828430910190453,0.32046610435920103,0.2721089316865453,0.30143015036345633,0.4059497271607355,0.40348112492525656,0.46858076426388906,0.49286725913573504,0.5098668125954324,0.5054027239724057,0.5026211441636181,0.3507981996674862,0.46461629468919563,0.40682504614394455,0.35905154875989254,0.288921404420565,0.16846536244201188,0.09524838935506649,0.8618990450326045,1.037774043346118,1.1386839828980442,0.9755220468152828,0.8295105810988572,0.6967474573218022,0.6058883630224381,0.513691814379345,0.40781492972797406,0.3198343870103515,0.22194149726695933,0.13634566910710832,0.023734942830672123,-0.13422042133456824,-0.22005237607781009,0.2595896947106158,0.9778458736645098,1.0902785599925275,1.0697595499084687,0.9287741788946307,0.9855135120766814,0.3406142486490355,0.7028637970725722,0.3480279047302899,0.0,0.0,0.0,0.0,0.4737371069305414,0.5871586251292484,0.6317639230379504,0.4259694840232675,0.8776577536386359,0.9789276801623621,0.9433358531552121,0.8482608407042845,0.8093121711579345,0.8068894421707091,0.75043283734587,0.6801583216216116,0.5542065495323105,0.5635972071921547,0.5107662983653141,0.45280887087211585,0.42260831780599806,0.3983210655189395,0.33033357707849503,0.4994898078949335,0.7659941448392763,0.8863050261485703,0.907811243290028,0.9971622490263252,1.1835807643123457,1.272228462516158,1.3725604810946703,1.3565388877928457,1.2836227833971041,0.7462917341717556,1.1979632131049827,1.0911625153017948,0.9822178433988558,0.8213718274031164,0.6942034706145563,0.4257859904139912,0.5532708736475915,0.7851379493432611,0.9580791459499401,1.1897723108168716,1.341700269035769,1.3570529341669892,1.4005608450399318,1.301848337200622,1.2477904772930395,1.1276725148150497,0.9983465216145881,0.8468674636729282,0.6962157724144454,0.5579801029457627,0.4055379188118001,0.282203631786981,0.13487519480088553,0.46425497803091614,1.004199210796096,1.1293566875733951,0.528861454692802,0.5944040966369624,0.38445013602159284,0.489850694038951,0.6918153491205827,0.4338965637019221,0.38696233300300736,0.7473417865178893,0.7845882455772505,0.46074290108321203,0.746125270967522,0.13411442474856788,0.3941220138182588,0.936556045012886,2.050551487431462,1.5910427454238514,1.5196855586189542,1.1546070527207224,0.917369029966496,0.707669503965513,0.3699142188213045,0.22239999728000326,0.14817093532962344,-0.027765594144429917,-0.07602012837605066,-0.14238483913884104,-0.22216629130141619,-0.03761959972021667,0.3972329231765001,1.186137048637831,1.3762681057073207,1.2369556614199615,1.338313067274632,1.176292139636349,0.8883659187552913,0.6467050803674439,0.4250757678934953,0.4028541544046279,0.1262501304192234,0.006782022320757974,-0.09842520982332958,-0.1649129529330915,-0.24300080406926083,-0.3386593555368919,-0.25925732174703986,0.20844008739136782,0.7233931513330052,0.9058591734706998,0.904298143120298,0.9281254440658648,0.8781508151087922,0.7724128292190464,0.6632173372188013,0.5607394451389063,0.5023859918852533,0.391723988648758,0.30582105278324945,0.26440330989686944,0.19755253659934258,0.16802278371469137,0.23059495146825132,0.4656073393232498,0.7595893086080573,0.863203438852751,0.0,0.0,0.0,0.0,0.0
2025-06-01 17:57:00.026,1,0.0,0.0,0.0,0.0,0.0,0.0,0.21712491893794736,-0.009674459281371423,-0.016960263502484363,0.06991483865265158,0.03274631955823648,0.003495155399028227,0.07116270280151582,0.09026356745417397,0.1345297067128608,0.19297437814052232,0.27243466048725057,0.314787310885122,0.3432805776452991,0.34168414378709167,0.35008205702281125,0.2589920673976306,0.3192267378885671,0.3202533784556523,0.30799374805509605,0.2406188729554274,0.18382129055783647,0.1667602410663258,0.1802649353965382,0.21838316643384426,0.23382638487962648,0.2814675026631752,0.7289111374577624,0.27451645971601735,0.27422726019306903,0.23095910426989566,0.16600190555920052,0.21631337809469042,0.6926016061230691,0.6957982643250072,0.7211144278323022,0.6532086244010635,0.5247912117809317,0.44013642359729355,0.30904016174602633,0.2254555475000557,0.1358924639427006,0.1055936348972708,0.056284854429303754,0.006118481209619109,-0.030364061673975762,-0.13406595746113495,0.015318871199427875,0.5604791028035252,1.0300430641507168,0.8978244722734876,0.8365387371489673,0.6774315948705287,0.5107377633154013,0.29133908458452845,0.4662234323460779,0.5048340029086738,0.45054683219015346,0.5327436749669991,0.43909074428083283,0.23514120829355667,0.5868777806724399,0.5950616318035571,0.6520962059382774,0.42699618576149956,1.0324446173403061,0.714986212407239,0.5879723757279596,0.35354794260519884,0.22253704718863743,0.1532975253706268,0.1666521915758663,0.1675792627481405,0.16281944689147543,0.22122513978959457,0.28869922767797074,0.3276378647659999,0.38260127902213104,0.40922480221543545,0.4455865055787221,0.4305573021288249,0.2407136609109219,0.31942613877119647,0.34759436799075216,0.4482336092817034,0.42815874881836224,0.4693323492071151,0.47203049638505945,0.488368021588804,0.4817066716567062,0.4621820686579421,0.5273400620219306,0.42155344605981004,0.36426031090443833,0.3064946997309538,0.2326127356984634,0.1086659246142121,0.06337097552204071,0.9087210605888664,1.083711962024172,1.1673322778568123,0.9741872251757913,0.8087050470790904,0.6765078494377941,0.5717975159955158,0.47432346597467445,0.36030996314622876,0.2714737528849036,0.17035466300031366,0.08498082649291772,-0.03407994015732063,-0.19024883261842107,-0.2786396895943851,0.2616598167735193,1.0143952188624543,1.10081636439412,1.0733519633905377,0.9423997560045587,1.0671349709161713,0.28758833649970444,0.5710476565512959,0.3930557468105199,0.0,0.0,0.0,0.0,0.42137199913175916,0.48386635968346486,0.6180356336766347,0.47889605183620365,0.9200920656007001,1.0091644568545064,0.9763036132623399,0.8789297099148065,0.846095304756193,0.8496267969639437,0.7889149096286441,0.7253772298622478,0.588425193240568,0.5911566962264159,0.5198362617991601,0.45487295754056367,0.4151628735871986,0.3951885795778854,0.3375017210425704,0.6314002371524716,0.8465384879235186,0.9564614327162622,0.980865098673128,1.076155200970219,1.2574421790609136,1.3378858535129483,1.445548079552903,1.4049737727945593,1.314257578120842,0.6152884608831646,1.221418763589702,1.101452648835597,0.9859943815987171,0.8101981110223976,0.6967997434134946,0.47586534036986033,0.6697104652247918,0.8967633007403026,1.0449776544296623,1.2725706430026815,1.4225841816338352,1.4374760114769607,1.4739415882359794,1.3594899344342248,1.2863366219858317,1.1517116372127951,1.0280642818964725,0.8601052885261636,0.702687268592428,0.5547293699948161,0.3964399889145127,0.2725784074278058,0.10383467832339124,0.4780232111244856,1.0251628584825423,1.16547088404868,0.41960074949813375,0.5703542140517823,0.3978673119677022,0.6164566969061868,0.6274153797121329,0.27791735834116105,0.5059505901079586,0.5569158245439945,1.0256469252030516,0.33549499176079944,0.764962039852321,0.11327450169262904,0.3643541239040267,0.9166405600103158,2.0478727621597828,1.6014606926934665,1.536476134456238,1.1907843519724857,0.979866427585639,0.7402345581785883,0.45319481451548094,0.26464883097364256,0.17703830007619614,-0.0051682139059809895,-0.05804074527151515,-0.15088603919482302,-0.23669574971274648,-0.050385085962512344,0.3985864810583814,1.1813028858580965,1.4013783228155203,1.2713618467703465,1.381706124674499,1.2430905534309675,0.9501044042020044,0.6857803342139623,0.4610744275283756,0.3497271472435135,0.14563121215195496,0.01940693754522549,-0.10101137091446732,-0.18332358458324083,-0.2529983612829787,-0.36688805903044436,-0.28953783061965555,0.21992777851983053,0.7322458294878109,0.91085810776355,0.9168166113207089,0.9377672548560139,0.8973913536368361,0.7910012909241879,0.672057718489381,0.5775631009029027,0.5012653271741285,0.3942904480981144,0.30286804817060053,0.2594998127797583,0.17320084649226442,0.13663845679069953,0.16210862575254276,0.41169646623619405,0.7044224064245662,0.8141347286171781,0.0,0.0,0.0,0.0,0.0
2025-06-01 17:57:00.029,1,0.0,0.0,0.0,0.0,0.0,0.0,0.26968823861060054,0.005008316405231139,-0.08821250717088014,0.013153090602213813,0.016763795591035247,-0.010750465895161265,0.06844839747933651,0.09604959504751842,0.14632544703403627,0.22850445384009754,0.3066280880538503,0.34798529603565487,0.38851642966480476,0.38452855650680984,0.39621652749462966,0.28143940304552434,0.28850571293118565,0.2808443305650226,0.2466313042840288,0.20883446417055962,0.17495283079314872,0.1761388744331538,0.1836125544278211,0.23296085755095963,0.2550635604436917,0.3105867145300998,0.9647387547399597,0.3045272839905858,0.295691093557877,0.24410178439432026,0.17285807653217872,0.1562188499119035,0.5999792722363526,0.6431152859237089,0.6708036385779818,0.6041886521494209,0.46592953590626407,0.3780952072790662,0.3109871205891772,0.22696816909966544,0.1470174674679079,0.11799959072584199,0.044434625969430375,0.012277425416397425,-0.004109656222238689,-0.08911105425539972,0.0305571319628688,0.4682237554392949,0.9401966748518767,0.841688108760253,0.7729381851190041,0.5992718263053405,0.4567339268601385,0.19413407626557416,0.422781942484326,0.29554898962153126,0.48231662324908586,0.8132453727202653,0.37320862612890215,0.3419926746515539,0.7091828778007117,0.563898468845568,0.7470892295068969,0.43781633902901207,0.9034061506236781,0.6358942272981105,0.537511974367151,0.30871220564946333,0.20902208193886285,0.15548687665853,0.1596304081442188,0.16904044116236872,0.16452650092195076,0.2310254989021776,0.29899037158911446,0.3374379877709974,0.3822229584738249,0.4036551888726956,0.433737320354691,0.42248636301192766,0.18645922602347687,0.3245174943741521,0.36943791585556107,0.4840381893088499,0.46381806823235827,0.4824455938911798,0.4898832047370525,0.4968450704622196,0.48147913886071403,0.46171868687303674,0.48443071066243887,0.41042598640593275,0.35497945500736183,0.294001813570547,0.2223729126379671,0.0936138516033454,0.09655779871035,0.9404590985014162,1.1225713976695602,1.1805106773096954,1.0052748784809695,0.8196689045234031,0.6772307609097548,0.5724165185026413,0.46278658376986925,0.35486439570437667,0.26277911683486876,0.15987917280746733,0.07695764166011121,-0.04101475337134142,-0.19521312134162205,-0.27488073767390386,0.29701905958364533,1.0429736563227112,1.1280929045296433,1.0962156147372593,0.9631624501252443,0.9809296048206295,0.2438925115479073,0.5100751146415003,0.42851380562830266,0.0,0.0,0.0,0.0,0.3948641734008549,0.5767458975218154,0.731693445605457,0.5177504579878867,0.9729197758345411,1.0404644498099138,1.0205255310995172,0.9272434105072568,0.9064522625756031,0.9115327983532306,0.8574541576805141,0.7782670640474021,0.6341096963734927,0.6232628819123103,0.5350546568840933,0.4419521104136295,0.39192980355645923,0.35939987683008784,0.30377475335769294,0.6823730451076018,0.9178271451084008,1.0413753965197785,1.0776207567590792,1.1684776331565923,1.3487511471589435,1.4380319724002817,1.5321338880116793,1.4721521606078187,1.3644668526460928,0.5565978970240311,1.244284135483046,1.1091161552618471,0.9793328405975219,0.8035775545593377,0.6771304757175541,0.483397681698483,0.787478837653727,1.0129393759703287,1.1649427867728015,1.4170786084253895,1.5422153192375556,1.5528011321750463,1.5732664829930685,1.4430409850218473,1.3630836718763,1.2127781731154799,1.0659423656360199,0.8869146219815233,0.717364828818967,0.5580765654420758,0.38594387493112825,0.24921485738912896,0.06766560989102663,0.5120244994097513,1.0984339500308544,1.2468994993495195,0.3847566100610067,0.38706429973515943,0.4031127964557726,0.7179835053120435,0.5757409746635269,0.19594052295748013,0.5663137930570608,0.5717563768594722,0.9542146980233105,0.3070389389274967,0.9232380365297416,0.09408859844318801,0.33783744587192427,0.907091556601774,2.035730702974352,1.6593356484002324,1.6097961982457094,1.2766885073008325,1.0668471402890132,0.7903805152732026,0.5373000639406722,0.3335307455388552,0.21016927213655157,0.03446398388612848,-0.02859966849611939,-0.12439517203353934,-0.23749981316755336,-0.05907049427466249,0.38532919413868033,1.1894621410425037,1.4177757438611769,1.298135922055374,1.4141326629226598,1.3106850804358674,1.0322270826529896,0.7504632997477121,0.5143967562050193,0.44781111247983174,0.17868363829399847,0.06147724024064449,-0.07212910575003706,-0.1591713811877945,-0.23395396272337976,-0.36154534136823063,-0.3016079723051941,0.21809756005429742,0.7525061581816448,0.9418578545346148,0.9547400586605309,0.9679938265542998,0.9433117021510897,0.8349842902723692,0.7160544827330098,0.5986159363045211,0.531548567626644,0.4240635733200766,0.3292221592659841,0.2776419350156394,0.18463425966627023,0.14771979670556812,0.1441474894341302,0.38762445978312543,0.6708381224130647,0.782609067042543,0.0,0.0,0.0,0.0,0.0
2025-06-01 17:57:00.032,1,0.0,0.0,0.0,0.0,0.0,0.0,0.25343337241187003,0.009826873313461798,-0.07650501936841042,0.011463977105234058,0.021896390284689926,-0.010155109822814978,0.062475868362406595,0.0953487476789876,0.1503265606927766,0.22440061765970343,0.2978748354475072,0.35103551806498756,0.39405891176967706,0.3927029672537934,0.39187078638237866,0.2843181320666792,0.2739099759404667,0.2868994622137921,0.2622337741059312,0.2224103121894324,0.19143847495469424,0.18377489674162417,0.1943869596871437,0.25081872127965266,0.2778250425951243,0.32347486376269585,0.9980756518082134,0.3116838785533136,0.30123940620126305,0.24374669798234747,0.17706557423965136,0.1597796965042832,0.5646706526853602,0.6630623998115633,0.6881478577790333,0.6294319096378267,0.49581138981716655,0.4061994237083626,0.3224744379470117,0.26574437324912026,0.16776763150323526,0.12226030741684268,0.06026009835796453,0.016673659386442496,0.03596702089442039,-0.08528384082557444,0.058889111660204746,0.46473975253622174,0.9468287481768326,0.848405456137613,0.7944586379752815,0.6356770842191986,0.5103479997449256,0.25597701579505944,0.23433903568213277,0.28362743679455577,0.40967039633124447,0.9239271072889059,0.28151311454315897,0.5240444911830568,0.6038803090428153,0.6070920819624456,0.6569256051310174,0.44233735376540206,0.8956646315896326,0.6485022846622037,0.5568463017658163,0.35963396220712474,0.25463551585201927,0.2036287490928701,0.2134696921157362,0.21259370763253527,0.21268036000873858,0.2765727116799672,0.3372535214690786,0.3680264408217653,0.40209884143899777,0.4291445957684956,0.4426328707849317,0.4260011893608042,0.15187064892763308,0.3378359330374126,0.41732518185570744,0.5265804331288166,0.5013621152424745,0.5189547579368627,0.5242797101537247,0.526491826051616,0.5080571551456559,0.47791014313356106,0.43778919719256165,0.42142679508241154,0.3672281474153033,0.30087752079564567,0.22312294952598766,0.09642236124917114,0.12158331258942176,0.980695721798074,1.1626401007531681,1.2299706183556727,1.0557760378376904,0.8670132281379586,0.7154105696532091,0.6056733915727168,0.49022088600099156,0.3758829289329777,0.2831652157237625,0.1831954061648844,0.09164215553700417,-0.031494821413138085,-0.19631974983779488,-0.26893801059506317,0.31718505294197236,1.078413785831963,1.1588622992964435,1.1266833391312618,0.9992190883191112,0.852187315730365,0.23175305564079335,0.16434101079409785,0.5503417743418746,0.0,0.0,0.0,0.0,0.513509217469546,0.439166500000648,0.7517946312124081,0.5375159390257389,0.9979105009389344,1.0600261972280296,1.0466000334752683,0.9724164743178824,0.9628842998335247,0.9844490603965721,0.9324609152117453,0.8506843041172178,0.70610945568251,0.6940611700202024,0.5810611435420336,0.4785815472647552,0.4113125679536245,0.35974041935444095,0.2869279454474838,0.6938409304266948,0.9508254855982294,1.089025577314179,1.1303595430465474,1.2436292744855892,1.444981676266669,1.533483329893559,1.6305455463772889,1.562406299173751,1.4446644686615697,0.43577212262256787,1.2951471183693348,1.1522328640808177,0.9957721200024952,0.8103226615858693,0.6646748872679632,0.45779586096344,0.8447729058380423,1.1168849325087233,1.267486767962807,1.5359412404386654,1.6698788892096452,1.6747366730736706,1.6974720154575205,1.545599979821614,1.450438588599555,1.2865544489465353,1.1213353387120075,0.9246126528867008,0.7343921418843374,0.5625317071856082,0.37814027753115753,0.22983400409915639,0.08040284254628488,0.5715099452653708,1.2189583916486013,1.3689063676767783,0.3487451331429329,0.5110700575534749,0.39352981980671176,0.7211004509821947,0.5894619246988813,0.4327671605400242,0.6141598238954102,0.7292325189613829,1.0161303719522858,0.3336294749044669,0.8404701409431857,0.0841447456810826,0.32560962583762515,0.9430473860263553,2.1176803804965267,1.7454686573090001,1.737774432149569,1.4092511940694026,1.199610731834457,0.9076541741617268,0.663401644170541,0.4450562588818694,0.2690550323438412,0.12333376544640462,0.042144725750528744,-0.1033578206143404,-0.2151545837885826,-0.0776208072989612,0.39762873105233515,1.229516690215708,1.459525190606877,1.3564908122129185,1.5130690601358214,1.4235794702362152,1.1970884591380404,0.8949472074816083,0.6448868840674777,0.4904953180448678,0.26797782836903017,0.12968205951145229,0.005986285644427047,-0.10409632744690489,-0.18393605109578604,-0.3566347487191261,-0.29451887043414815,0.2662416573093945,0.8377183679047919,1.0200351443038762,1.046329085245565,1.0922354424769396,1.0853313414971355,0.971635946295184,0.825918788472737,0.7177348816576539,0.6212657879041712,0.5051912952808535,0.3985020623454121,0.3135106953059923,0.2179359190985709,0.17509533144154144,0.15942879345430133,0.42045490088287163,0.7245652598416265,0.8422275861587687,0.0,0.0,0.0,0.0,0.0
2025-06-01 17:57:00.036,1,0.0,0.0,0.0,0.0,0.0,0.0,0.3441011968530392,0.07296718291369633,-0.058926124416450676,0.013451636213204554,0.020394394708626362,-0.01173845439563681,0.05672383039080686,0.09751409938271127,0.15201485769116552,0.24523028855246676,0.3230145292367574,0.3887286104318034,0.41457629442582683,0.4323947780834153,0.44066351400289383,0.3313007076452118,0.2422060106893013,0.22510604446686083,0.20057639939909455,0.1707521431044806,0.1625519611982733,0.15101835422647003,0.17985968958825893,0.24714172216040087,0.29432314588576847,0.3339400979101179,0.8294820296913752,0.34083802251919937,0.32374727776954576,0.28647488720982084,0.22576149751275199,0.14357060024502677,0.5337716014930634,0.6338592770160444,0.6603979156164056,0.6066618024765216,0.4777567590050811,0.3738023467651004,0.3081665655169461,0.26758765391257455,0.20530958295846435,0.09584359374070073,0.043097908896305936,0.05685596481809663,0.06608473329005948,-0.0907372268035094,0.055029631227653364,0.4435026143375595,0.914978502321944,0.8184145840902931,0.7938148314259469,0.646003867722676,0.5186239466152027,0.23158586678638632,0.15818446739251413,0.449793692747033,0.428289528689351,0.8226649794858494,0.21901871941476164,0.508101654509911,0.5301266068654922,0.5664431178559654,0.7130859479541386,0.5403982807384407,0.8636355876959254,0.637957891640105,0.5538204435437533,0.3782155915997458,0.2760522719127163,0.21854202531553812,0.23240785046732548,0.2364986206440205,0.23101564182238254,0.28249402213775343,0.34214507075358536,0.37513632871765434,0.4118728083346207,0.4235238303798381,0.4478297257723098,0.41983647063682317,0.15363744059486545,0.3617036009184816,0.4266749690922228,0.5370260309217669,0.5070689267779347,0.5324558414663263,0.5375418219605543,0.5213485174049248,0.5013542548348529,0.47708719454377047,0.5905417340334083,0.4109050461038426,0.35725164778846963,0.289771579819078,0.2163436159400104,0.09126373312700653,0.16765731182373003,1.028471741677827,1.2187983143783758,1.2725326055753454,1.0846066514323776,0.8814223008158055,0.7269578853515435,0.6150555259830317,0.49200386144064856,0.378254079901317,0.2845303708512723,0.1790233922174307,0.07902683438201197,-0.04002606268652653,-0.20160092936671425,-0.26061844502057424,0.3677637723397373,1.1491464068072546,1.201030444125709,1.17499471661919,1.0351511372096731,0.8232699146467675,0.34407930537016,0.3301856860904648,0.6536742062206613,0.0,0.0,0.0,0.0,0.3466564991544795,0.42703639854141945,0.865691448917094,0.5780254667046215,1.0598370473845737,1.0969726884814799,1.0878169732503677,1.0240391586659636,1.0260167486459182,1.0424643558454887,0.9873899049838499,0.9030244142444408,0.7491590280163152,0.7323618582861893,0.602713360672736,0.48740217323616997,0.4009084082286143,0.34297541427606054,0.26841845535685527,0.7368352514232741,1.0015322981745876,1.1404473093883447,1.1988992772513671,1.3136940809207642,1.5288356482008683,1.6092338141264326,1.7171377048405403,1.6321555374109173,1.5035665228916815,0.5729694977696072,1.3296460558527543,1.1610928848470676,0.9885771767041998,0.7994488872728803,0.6330937989017124,0.4263176308187103,0.9147034712024674,1.231773320168171,1.3841769236134431,1.654361013927944,1.7931445699554454,1.7837331524979818,1.8074348830783569,1.6301654592193044,1.5231550441727655,1.345505153428773,1.1500529048727404,0.9333642513900627,0.7360761707809446,0.5519135231153907,0.3557033473558058,0.1976300104221998,0.07806886316017536,0.6516481403479549,1.3549791971598353,1.4971085777403887,0.24380484266349525,0.5134772208452875,0.46810791617829217,0.7750069192608088,0.4524812341392425,0.5525737331012076,0.4642632740349116,0.6086275931421004,1.0146507051912965,0.49704385831848175,0.756012509644591,0.05498758566314904,0.30947321144219403,0.970646250083933,2.2149154323299323,1.8368213796783717,1.8724778191547662,1.547102085229752,1.2741300235895634,0.9894836121714916,0.7611920861671344,0.5152321073585944,0.31615074108300734,0.1667297660548881,0.06028801814298257,-0.0964158342795105,-0.22802257613369847,-0.09634376886306867,0.37841730072564744,1.246032512198651,1.5000889037729002,1.3943481110888518,1.5629991194011374,1.5092182241506895,1.2982884545885094,0.974068278865692,0.7256819249152151,0.5091720228183026,0.3352730937131194,0.1899616197654732,0.06056410386180433,-0.06865585024220833,-0.1614747150788104,-0.3435452036623805,-0.2698500562534428,0.2945817720214719,0.9057020092624275,1.0754434431507398,1.1036180294539966,1.169470227068732,1.1837617241144733,1.0877248331296885,0.9181366808036278,0.776266354063355,0.679782948049843,0.557967887709943,0.4359423645533822,0.3412414778697124,0.23670551739927437,0.1799221994596525,0.17776999302654745,0.4276278661157433,0.780893276520031,0.9005763914387606,0.0,0.0,0.0,0.0,0.0
2025-06-01 17:57:00.040,1,0.0,0.0,0.0,0.0,0.0,0.0,0.4106760994229325,0.13473653497722002,-0.033459957975443266,0.003844163296593095,0.0007476921215103793,-0.023434811292378455,0.024472953579701917,0.09334168127519771,0.1352352703097145,0.2285172483496105,0.3184347251482588,0.39740257585929006,0.41189020635500023,0.43623107351007706,0.42776677228049387,0.3415095418059293,0.21585861240091248,0.18306460835934835,0.16629497532073745,0.12785442423856253,0.12521876380409447,0.13621575892212423,0.18531337752960098,0.23354688856205685,0.28077690671621447,0.33849100742021365,0.6625547631511896,0.34714282442074895,0.3253771468620346,0.2841223868286258,0.24187292762778273,0.10481507810624377,0.4795489061868288,0.5851482208839353,0.6200339437581269,0.5944671061730715,0.41563370347149164,0.3734954050678516,0.33879782177733575,0.23383601811712618,0.24462343693708877,0.10580293119624873,0.04710266879754188,0.0853461387758222,0.1423481298756809,-0.020556655242652377,0.08477573637211655,0.43044509775132683,0.9061592026048247,0.8052660209857044,0.774562109018072,0.6294752233240632,0.5515999044239346,0.27761216313747333,0.22555624857209156,0.5162379096187715,0.3212965335322472,0.9074509409799687,0.37022087954199634,0.5549236038932086,0.5977290330078269,0.7076724359161735,0.8039277775671265,0.6076107765782508,0.8386350299838723,0.6098058425538841,0.5345508057890516,0.3872794662509971,0.3182060864457654,0.25535901332843625,0.2774943595246615,0.2717701099432632,0.27698627708229395,0.32999678336812366,0.38990151759383496,0.40916309699691267,0.4489811547880763,0.4617766833803676,0.4782198612055138,0.4437623330144709,0.1760704155063022,0.33837791947673573,0.4359745036083865,0.5508926397700047,0.536561855978539,0.5606167363374468,0.5704938498958567,0.5619847078487865,0.5422206662292051,0.5170387262029492,0.6951854356613325,0.44432592249041103,0.3951543742146214,0.3282186126890515,0.24553617923632431,0.13412158702531074,0.17960677250492266,1.0137178433715104,1.219084217952258,1.289537923416702,1.1189660065256317,0.9172656229839797,0.7684697409482333,0.649947605910278,0.5279112794426086,0.4209319225511907,0.3268161479610301,0.23292063595979884,0.12447662135351822,0.00531952823319215,-0.14706089370772746,-0.20907311412146956,0.36980405742648464,1.1608984724124802,1.2054214501632907,1.1927630765690331,1.0584096978887276,0.5418024804963921,0.5540990101665451,0.4290133516730495,0.682872076158379,0.0,0.0,0.0,0.0,0.15336007741706092,0.3975150064506729,1.0153528592596834,0.5739237158101446,1.0697410856023517,1.1082409422353,1.095593400392394,1.0585274630832022,1.0683575797008171,1.0868385901614241,1.036706580122483,0.9501275994275811,0.8146279456997334,0.7830983004940508,0.6359153132701387,0.513893973780887,0.42196821272939067,0.3388216511282786,0.22531757677588854,0.6798150573071777,1.005873410903573,1.1558885597452957,1.219316719868703,1.3588763783328175,1.5888991008522042,1.6772974552648838,1.8082138948955366,1.7123137460583264,1.5754687232377147,0.5144730286739538,1.37791475500693,1.2147631007082573,1.0265325123907747,0.8048012178802918,0.6226233888635316,0.370452902385864,0.8917425292520107,1.256679573120994,1.4212107412169064,1.7219449807289304,1.8824659323080812,1.8823952179334416,1.902259231558995,1.7076401126569174,1.597996317148783,1.3980043902298616,1.2233676784907797,0.9714649107659027,0.7582008466748639,0.5693380352913902,0.3702106670896794,0.20361226178663844,0.1100211432137316,0.7133077217907028,1.4376340996377177,1.600615830947783,0.23320027445219224,0.38838136483160257,0.48042391172114884,0.6868610533592175,0.33252314352126605,0.4950041355979138,0.4565350543958015,0.6668398790921981,1.0616709375386786,0.4856876226404486,0.627259959761976,0.07669497254690372,0.3360628252425674,1.0228432823581755,2.318780279951236,1.9322917798920332,2.0083155999044497,1.637034923532625,1.3563115100136633,1.077363629943516,0.8244885783137021,0.5645096183047977,0.37441750709385757,0.22307110558260046,0.08881024477532962,-0.07113873636255008,-0.17608939232529275,-0.0981552803207022,0.3931218883875877,1.269650968260544,1.5006366918543612,1.416341879311374,1.6025894743373197,1.5630566058393212,1.3663736149268515,1.0490905373860737,0.7912197129016441,0.48197750204193013,0.408379997579426,0.26408673851054076,0.1125583656580913,0.004169200654528971,-0.12056745394563484,-0.2939101549404053,-0.2317289145008902,0.31435091581212654,0.9221830148844075,1.105940386692798,1.1563631587951764,1.2100145454062339,1.2581823534750045,1.1380515171626855,0.9997838929430118,0.8286896476555163,0.7372382985070025,0.6130423048444229,0.4913818837956534,0.39831117599952903,0.2833979938368675,0.21973259558001768,0.2335029066248528,0.5005412512074684,0.8449514512852269,0.9731994638202637,0.0,0.0,0.0,0.0,0.0
2025-06-01 17:57:00.042,1,0.0,0.0,0.0,0.0,0.0,0.0,0.4432077197685801,0.1473794931678691,-0.02856323789688714,-0.004489553845395733,-0.01468794786462202,-0.021919907708899622,0.01906767518820185,0.08356013434440268,0.13177475810902095,0.232138321537661,0.31573193122800475,0.40693234052117155,0.4204713155258782,0.44295024995188637,0.4420097025537729,0.36257507409823925,0.20220121518009726,0.14041722891254516,0.13698163944867114,0.09547796939891773,0.09658693406146956,0.11703010719174967,0.17812936992942752,0.23539420049343351,0.2821045794174848,0.3413856697798212,0.5210446099627726,0.3511241718309388,0.3394459832098396,0.3034271161723697,0.2573456638801013,0.09463183454829557,0.432907325979862,0.557845856055104,0.5929539483721712,0.5651370825793365,0.3802911602277568,0.3963247291974068,0.35837659845203973,0.23434996557459709,0.2400944120935009,0.13385894760203843,0.06718737452063295,0.09674547706782288,0.1681101694540592,0.04780710056577708,0.03757893871390386,0.38262317271884894,0.8550555906459485,0.7722464678234217,0.7320510826917673,0.6423595579803716,0.5556690319316901,0.34886209240185645,0.23490285684552897,0.6892455722996362,0.17895108901481555,0.8722186977483679,0.42981986421512974,0.5509698965504086,0.5867308589262563,0.7799135024579045,0.7259340007119537,0.5573170239415093,0.7874646756881338,0.6015206634676435,0.5274440635956721,0.409857557167967,0.34358401578369757,0.287898612624814,0.31740822411303093,0.3155991542051655,0.32130969270974097,0.3735679116478319,0.4293777211669052,0.4446834286627357,0.486453134886241,0.5067582100501535,0.5052522958329426,0.4537864133134476,0.19259033657001912,0.31215649096104,0.4529974382236587,0.5771409857730652,0.5664248169446799,0.5944854704046418,0.613992373810337,0.598199417918801,0.5827774711052189,0.5575741102658247,0.564005866344824,0.48271838745581563,0.4348173456309986,0.37318201703210263,0.2759025258725216,0.16531945354971772,0.1975881453980157,0.9928567422315869,1.2000796466060986,1.2966601556338753,1.1304834876332077,0.9401968097346207,0.7994766700048344,0.6907736676118366,0.5730285660758043,0.4645886025653516,0.366956148533101,0.2856805307491286,0.17359662989304403,0.05390908004855355,-0.10662915469993617,-0.15949162380767784,0.36642473406784276,1.1421285715753506,1.201761333499555,1.204072649627764,1.0668315973764144,0.3619967524353986,0.40843268235605806,0.5499324718037308,0.723673628090326,0.0,0.0,0.0,0.0,0.3960854193974015,0.4757159856726742,0.9725262721125875,0.5421290479505333,1.0604260442079088,1.106204992610483,1.1024600420106772,1.0763800822035012,1.1072835157963847,1.1267293306989765,1.0935000055957649,0.9925073013145926,0.8713491482480089,0.8380123026789987,0.6816019463146645,0.5450845853685993,0.45322092154652704,0.34427462418114024,0.2033846776685025,0.6197347337718497,0.9909465733961531,1.1583729548139627,1.2442690546305792,1.3968225328943666,1.6469483778428977,1.7411140457277,1.8817044345173368,1.7973525541311928,1.6539578635148808,0.7422365396798416,1.4413612454420108,1.273475688873706,1.0785895280321032,0.8376787024840316,0.6335835175287727,0.3221888139732197,0.8575623965214805,1.2563652259204101,1.4618379466114617,1.773726081676793,1.9579635777341102,1.9710548769077987,2.0024446741902775,1.804890277344404,1.6848679859260516,1.4852624475738128,1.2945628519090393,1.0329220230211376,0.803709947159326,0.6059029411133556,0.39028979406052866,0.21095620732209702,0.11729230224840775,0.7413946902011678,1.5213817798904992,1.6992780804922507,0.2479090559719289,0.4835574086196528,0.3987784561137947,0.669385490293126,0.6058286888433224,0.791846107843086,0.317387056333254,0.5399337453116515,0.8370655527585779,0.6119822886906879,0.5226501019788208,0.0978014732460773,0.3579894231686855,1.0693037627011144,2.430220857916318,2.0456938437317675,2.128600554868915,1.7616740753774613,1.4488588008819059,1.194157790346551,0.8807700255818405,0.6671748256481183,0.4615359358578157,0.2820759843059155,0.13728104582968004,-0.027342641768922538,-0.1394655431047399,-0.091925632450918,0.38831567730136146,1.2858909998066355,1.5023440502641805,1.4415316425356235,1.6414933998365049,1.616697206006158,1.4473889763597994,1.1436507819281958,0.8733157261984952,0.4764789803852606,0.4847205240352541,0.342077302575883,0.18707517587746003,0.08735925886098783,-0.06856336347037717,-0.22873936540883516,-0.19437813607796478,0.30948175508649806,0.9591229943398074,1.1370844895308734,1.193579843879458,1.2658029326379678,1.3277520444019237,1.209924656542158,1.0812333510633798,0.902277697961529,0.7977590465227922,0.6685495204398935,0.5395678581331673,0.44935630289897555,0.34877008038703916,0.2822382296605265,0.2909021250061688,0.5545224304066583,0.8981048735885327,1.0182165135196906,0.0,0.0,0.0,0.0,0.0
2025-06-01 17:57:00.046,1,0.0,0.0,0.0,0.0,0.0,0.0,0.4379605111894158,0.18599845735905982,0.06231423222913485,0.028947385510307067,-0.024718912740659404,-0.04616444914202311,-0.02390640648112974,0.03893129940657625,0.08940890576772109,0.17621960390318447,0.26747026249608546,0.35189529862832636,0.378947581355412,0.40156613735081403,0.40232887432580966,0.3250175474503511,0.13665654621385842,0.10525337393335904,0.10433933385062166,0.042559935700273055,0.05047007088248967,0.06088685676510042,0.13477932618226385,0.17393959321051233,0.2275418185599305,0.29442314260122715,0.2651740230704016,0.31001836698257756,0.3034970160708618,0.2756144921390128,0.21599878342014794,0.08718136640643581,0.40832845376105936,0.5407933766081268,0.5647230454558493,0.5346931845849205,0.37136431294769046,0.36099160884357073,0.3086214880788958,0.18616571529232928,0.2121355210888789,0.10602176922951045,0.06457181035950477,0.07213216258719857,0.1236873578720653,0.03996373978132728,0.07326322326428611,0.433349905856203,0.9217016524450966,0.8042184499461438,0.765805312109162,0.6462929589197579,0.5267116556936751,0.5334089626795955,0.5774446296121453,0.7866981462174822,0.3618107797266825,0.5688780997815677,0.47555148034006833,0.5902725482363282,0.42197765639495016,0.8480202241226639,0.8492529898025889,0.6483036640071287,0.8966025866730218,0.6178176468791134,0.5130706200080073,0.38576525782640037,0.30365411266720654,0.265419889490518,0.30310095103532997,0.2944021912708472,0.3182090919068803,0.35553287852284265,0.4105810038519575,0.44194775581869017,0.491386124906546,0.5202866393671062,0.5169908959763467,0.4711516766382218,0.24099064721864577,0.2719542670718714,0.42184876871768073,0.5175626801074551,0.5168942524617677,0.5589376038889522,0.5766658170390082,0.570056108763008,0.5618382746077648,0.5461758843906059,0.6406754316933008,0.48323282214970775,0.432585293855558,0.371983347937746,0.2874372908767454,0.17327524619222517,0.1525490092182574,0.9353614288524003,1.126234480736323,1.2321545889371004,1.0661190176484057,0.9073794923645402,0.7625168770247368,0.6616058468744863,0.5539306924841809,0.45241845173417006,0.35471202955888326,0.27691318479798976,0.16746152461508124,0.05974686657278494,-0.09646794312070106,-0.16343442488513282,0.3320973624746775,1.0994094093223246,1.1774727059417978,1.176189423335661,1.037403353471593,0.44820211853094,0.5647112069486109,0.5123320670244225,0.7129721701721785,0.0,0.0,0.0,0.0,0.49922771849454417,0.4312664957160653,1.0802891742468832,0.5153702200008942,1.0272343157067083,1.0904977870670134,1.0795870931238485,1.0634547602646651,1.0786354171819095,1.097585883121125,1.0650083607775538,0.9666944122701522,0.8420629295447544,0.8177182037086115,0.6616896388441531,0.5415960899658265,0.4521658766616996,0.35824217292827315,0.21140641719711978,0.6160247042910527,0.9814840740013482,1.1347697371980618,1.212213232629754,1.365753378755882,1.608167267270353,1.7064429037027486,1.847621322490816,1.7705374620072727,1.6341949771016926,0.6101720943350868,1.4360848016298067,1.272477383172312,1.0856281268074328,0.846697528287108,0.6486474810365835,0.34614431005906515,0.8448535453902499,1.2320808154006704,1.4252275249317052,1.7206075165189565,1.9244982926958034,1.93884392819079,1.982226518461709,1.7900828352134217,1.674310687691558,1.4793611991695559,1.2896500136974516,1.0292915602384984,0.8070773427083741,0.6122454164036784,0.4003271792445525,0.21856093299523677,0.1103245520435332,0.7181333678980029,1.4768771578303412,1.67958957624485,0.28802190859181265,0.4900863169369538,0.5827921582450107,0.836322040135263,0.6488683169354184,0.7314326816120934,0.3536914261138106,0.4068302502372076,0.796931351190587,0.6287482149473288,0.3957877974743036,0.10077786628056012,0.3209195175900084,1.04063971417501,2.352615879611177,1.9740025662031602,2.091177353777216,1.7234749680102976,1.4372595446262857,1.1792880317602026,0.8853535137530877,0.6551121805795199,0.46206248533995176,0.27895997868353706,0.14974527564537987,-0.012689238718377904,-0.12566548167366132,-0.12126527072679538,0.3603986866348307,1.2133362316635887,1.4425242361846693,1.38727924434601,1.5735358616204196,1.5512443887427605,1.403571531066099,1.1169158304716003,0.852433090043897,0.4238072157571734,0.5008321580630606,0.35589070921658217,0.2189445622849926,0.1175422369524518,-0.030740685420345804,-0.17691956353246824,-0.16096335176210902,0.2658980919175297,0.9036789758259764,1.0970922218496089,1.155571229330124,1.2360347160931877,1.3046444837906472,1.1918993141512617,1.061320477954498,0.8998218624222136,0.8031914814931553,0.6633917401637253,0.5492017545333574,0.4566135279731296,0.36766580123016246,0.2973011187025796,0.3240726918102372,0.5753718223581599,0.9278919455734672,1.042644225475563,0.0,0.0,0.0,0.0,0.0
2025-06-01 17:57:00.050,1,0.0,0.0,0.0,0.0,0.0,0.0,0.5842704719842172,0.2774612180128848,0.05781092955411171,-0.04873616955298299,-0.12222301503534005,-0.11745242128491984,-0.09099286185402633,0.008644738680675057,0.07322325183209388,0.17210336609576138,0.2797934539115878,0.3743156728381567,0.40820792140971823,0.43990205676808547,0.45972813799562073,0.4059031635033661,0.17763154898565248,0.06680336670436815,-0.015420689778184227,-0.07449956921015166,-0.05446760786477256,-0.010782309279810054,0.07992178607646272,0.14776510396889098,0.21355800054564988,0.2921364339218824,0.23838013922066836,0.3458869621095544,0.34730977089492626,0.33472393178698356,0.2764654710457589,0.13057713363625856,0.2988253692566137,0.42262588099633125,0.4558764860146417,0.41269504887657016,0.25414227626417896,0.26611144008675525,0.2736525342863567,0.16831218498728862,0.18682593553729632,0.12279599592485169,0.0781977187914128,0.09927741088387043,0.13374837318488575,0.0861808165270922,0.10432538696618524,0.38933332800980713,0.8128951480640668,0.7249735593837776,0.6644427272836598,0.5366753717522592,0.43062822888965835,0.5228406768122096,0.6935836733882276,0.7030186612737328,0.43746423756254693,0.5061381709000903,0.5140026842731064,0.37364287084182424,0.4598152120814188,0.9878081022541395,0.8586338391865336,0.6807619865008178,0.8994705685576745,0.5688964483640644,0.41788103311286995,0.27898335085839054,0.22926070884479288,0.22129288040957684,0.25917845427951747,0.2809422928723977,0.30512626184209846,0.3444276008698617,0.4255430461226659,0.4690668649720766,0.5216313708784494,0.5587676812436133,0.5674253381217513,0.548097158661588,0.3745013104177605,0.17682679449735056,0.3274388074651581,0.4239531299554502,0.4618868820216928,0.5156239852536226,0.5533310131429849,0.5551718901300409,0.5586570916277349,0.558115811156368,0.7825818950216576,0.51160962623307,0.4618819246418199,0.4050723462172444,0.33950053912233613,0.21912076827606303,0.12744972267709873,0.818364753356599,1.0133215693016009,1.1281070456509399,0.9919896641832968,0.8629386943866677,0.7365390698012704,0.644233378759953,0.5552613971699394,0.463337498619788,0.36985603657316934,0.29644917872034604,0.20684530399639223,0.10511691854339,-0.039201743891282836,-0.14966833370614813,0.27716231114530426,1.0106414037753515,1.1283094776783704,1.1251802346770758,0.99608419230632,0.6866919670145972,0.6327059249044777,0.6257793506109044,0.43997453765118355,0.0,0.0,0.0,0.0,0.6211984294581783,0.44328244439238257,1.0530858876263016,0.4377519687318616,0.9774652639270434,1.0558948677959885,1.0515484969617448,1.0337650587079525,1.0572562509237413,1.068750236832776,1.0459796494343743,0.9488385253074436,0.8110557761861168,0.8174620814490781,0.6620126378937707,0.5391984692575504,0.45269062637126245,0.3618654193122481,0.214761048567434,0.5660632569962647,0.9513774457656703,1.1219332301632783,1.1953726567371359,1.3477032791187362,1.585003634701758,1.6976686472542477,1.8356075345700553,1.7606391621942559,1.6335845254166481,0.7375023741728013,1.434129874329015,1.262455058753856,1.0856658328216675,0.8520460682618475,0.6405342020846124,0.3619194652271856,0.8619215685432922,1.2284358536467965,1.434175214196458,1.731992881390666,1.9417311979379894,1.9615373179123592,1.9919400170541204,1.7990039734785246,1.682568590145721,1.4826301504712607,1.287344383967635,1.0280777265205767,0.8089186321274776,0.6123914668513273,0.3957908532756724,0.2003029323782251,0.1185068135316292,0.7566316023792429,1.5070373197392533,1.7015618192129898,0.41248556017071036,0.36770192751737807,0.535339163276586,0.8878315452157647,0.751284907213029,0.5746980304654552,0.5383398701191204,0.21424124372255038,0.6799268323697829,0.5764795859358101,0.4886502407906209,0.07446950215495107,0.3093628859025756,0.9998014134203739,2.331945714240347,1.9638614586283885,2.0852006691614875,1.7125050609987063,1.4486672555507585,1.1911772367038318,0.861573386912595,0.632509658540829,0.45069285673595716,0.25811988956741927,0.12929369332984053,-0.022036866595816718,-0.13650631702276972,-0.13502772968858784,0.3250258811734473,1.1800598830311813,1.4359896167901387,1.3684185956957937,1.534967079507351,1.514442032245402,1.363009609288648,1.0988800606493012,0.8184521254099015,0.35069645849811215,0.48379860476210745,0.34996717810933076,0.20520749371408953,0.10874186409001829,-0.03936370743408435,-0.16301691136324137,-0.15888709235974396,0.24342373191242334,0.9089806314405522,1.0837926222581702,1.1345287191925912,1.211235934977869,1.265755628349619,1.1623622993841671,1.0491309815078664,0.8734303418029536,0.7835992801265419,0.6374848503887613,0.5319216905662232,0.4550786227380985,0.35412873768142406,0.2965417049141883,0.35712390507783437,0.5996600034425082,0.9519147328048779,1.0720522248333781,0.0,0.0,0.0,0.0,0.0
2025-06-01 17:57:00.059,1,0.0,0.0,0.0,0.0,0.0,0.0,0.5525513892543762,0.24620845307463982,0.02779367928280735,-0.07920888424234485,-0.1411236071879769,-0.1456821652838446,-0.1146446571897849,-0.014313244580062556,0.05585904758111082,0.15120179644219478,0.25901819108323926,0.3561486371848238,0.38744638042416485,0.42411904199470574,0.44407221839718536,0.40271889657525495,0.18805055613533994,0.05202554448654795,-0.05160214185772949,-0.09981368471278451,-0.09772889938482221,-0.03864213407484107,0.05473739798006472,0.12482771730860143,0.18673091311704892,0.2818747512139692,0.18022592650981606,0.33052088150281345,0.34426060948283294,0.3337347792603905,0.2752166937945528,0.14876882130378793,0.21708935987996636,0.387800696299051,0.4316069253746738,0.3834205955253074,0.22856173864398022,0.24617900217301614,0.24793249231794,0.17143209606369947,0.13316362703181484,0.1428733084039393,0.078885213301356,0.08545475481401132,0.1063001073229412,0.09780627662863473,0.13086253012403493,0.3667367129760642,0.8323779335394204,0.7280965400354084,0.6284662339110084,0.48861354780319144,0.4047413505994586,0.5930547061859668,0.7684380498719589,0.6846764051414025,0.626679153146927,0.5402173959361991,0.5013726388172326,0.34798210551584885,0.6024507282333662,0.9381649551843346,0.7754440480206441,0.6314284557227595,0.937205447765572,0.5505380190799961,0.40155436535822164,0.24973481836604283,0.22196550977248708,0.2182381580162318,0.2574418213543701,0.27621725825713983,0.310276521640942,0.36567184496307203,0.4430041695518361,0.4822373709952177,0.5421382559499269,0.5900707079235454,0.5958573280702246,0.5923576617039911,0.4156225334085665,0.14303500784742879,0.2841910840736418,0.4011672163526503,0.44011920869707044,0.49947559312213596,0.5479162149508858,0.5629750443450603,0.5733213940232162,0.5702112646299271,0.6583248328159548,0.531911719522344,0.49335075797420347,0.4298655586487411,0.3722961966763062,0.24975149112511202,0.08739637455682744,0.734190281289818,0.9345063466646791,1.07227104969951,0.9705909089610463,0.861640692985856,0.7389260196649945,0.6416787775683241,0.5641150970709279,0.4914430192061723,0.3966538372552193,0.3385773299770287,0.23976063002100112,0.14241784109490263,-0.004284635120673896,-0.13645289956317536,0.21473004371052062,0.9437318423332354,1.0946804812211164,1.0985460151058717,0.978349884752949,0.7769649418296058,0.573493595932401,0.6544077557512091,0.29800022191654696,0.0,0.0,0.0,0.0,0.7690069036166383,0.5823136375902043,0.8638446823886695,0.39193047850122165,0.918489691374599,1.0297688366426883,1.0234137724117685,1.0054983513579034,1.032433258379349,1.0440387800344155,1.0184708387573314,0.9186307469968948,0.794722251959143,0.7978558588065718,0.6455014186437442,0.5204599747178249,0.4414790727372626,0.35227023652423267,0.20297486870910703,0.5384536353079834,0.950071871486263,1.1112545213550575,1.2029308563740846,1.3371796559844014,1.5521794411719758,1.6862569381920678,1.817928778424875,1.731920269576525,1.598475110943786,0.5309129176133978,1.3902341773192308,1.2297815421109002,1.060018511616909,0.8151450538738608,0.6119976975747942,0.3811978177272962,0.9028723162003912,1.2702310737436935,1.444403907966258,1.7700274305989459,1.9539692055657416,1.965542751214101,1.9862550723442447,1.783986748198538,1.679625708097809,1.4598075016134469,1.2634904202828041,1.0087277286747836,0.7852944292793228,0.5806728604304112,0.37060625396060587,0.17038344943059758,0.15724825156159605,0.8004361419129203,1.5592081686156196,1.7471952146644036,0.5541479455289509,0.2919303472681388,0.6001513006751661,1.0733977042895897,0.8345239886234201,0.4839016666855188,0.7072438989237728,0.3820416331494129,0.5033982251124833,0.3615402418035998,0.47064640305920213,0.048362822699526464,0.3116891426981699,1.0374418819079203,2.358053440385462,2.004171523067674,2.115448858239054,1.7180236291850424,1.4882209135066546,1.1757070567032364,0.845712437407695,0.6207701090017015,0.44336861131417815,0.23590781339120115,0.08600285575163236,-0.05101023743661337,-0.17267798036153936,-0.13970430675506518,0.3384916374605608,1.1906910634738002,1.479236753523551,1.3821545609448684,1.5417121042941577,1.5279274819955397,1.356863268022411,1.096566872115208,0.7953942201880533,0.5934731228776258,0.4592459138165026,0.32364472596174365,0.1711048186184725,0.09766554728254573,-0.06570366500939229,-0.20138435669658933,-0.16438405889384555,0.28385033594974823,0.9431008634077398,1.1071316979319528,1.157962221568877,1.230183432282492,1.2837875576265065,1.1456202830304956,1.0407977838941598,0.8603572479111874,0.7808788649193847,0.6118167823860825,0.5109695006154698,0.42297636540116423,0.3183728702289269,0.27793156186127277,0.37206774229009526,0.6509121318020604,1.0356245028862299,1.159891543812492,0.0,0.0,0.0,0.0,0.0
2025-06-01 17:57:00.061,1,0.0,0.0,0.0,0.0,0.0,0.0,0.5661449123264045,0.28337213890131463,0.06989534104111883,-0.038237141338319125,-0.11633504631005187,-0.12438564688392606,-0.09598088776475633,-0.021875738643057696,0.06222716762144198,0.15705208123757008,0.2521101207377782,0.3386094169616941,0.3715853977308216,0.4052743059742331,0.44687595598217156,0.37967294404935886,0.1582608213871431,0.06292706958149102,-0.08274680560800496,-0.12702287225247433,-0.11629667846671876,-0.08049234573181496,0.0077267082036285295,0.08812214083786607,0.1660040857611942,0.24694670129753726,0.24182119370627508,0.29389296049150115,0.3129733632564576,0.31010413394017955,0.25534959925919765,0.15261258888850027,0.22945873408984108,0.3802942038636482,0.4112706877806981,0.34662848243542754,0.22602009321358696,0.18876795132578206,0.20603064974092522,0.13858676868527953,0.10267493635310543,0.12179179104228521,0.08046421804049875,0.06363901268388339,0.04429493214461028,0.06862579843443578,0.12335137210076691,0.37126958643883357,0.7921442263414905,0.7055932882572731,0.5971401657585701,0.47295469214237573,0.3474222516855918,0.4955656692561761,0.7093833838668014,0.4761353783799707,0.7957371149371366,0.5182202960241603,0.3710700912089786,0.39280078227473103,0.5919312293096006,0.9157568191992814,0.5816930664438312,0.6258991812261642,0.9288755038341985,0.5536814738187352,0.4039616584417063,0.2253243499683848,0.21372805431350073,0.19546125827479166,0.2272153475341092,0.25717921667934185,0.2888489889628938,0.33417329128933004,0.41156785942433527,0.47511508642550226,0.517109871375718,0.5748750597121901,0.5760187676118858,0.5761813945366167,0.39936924373752314,0.15514017916999556,0.27833745738136095,0.385704123802028,0.413864696165529,0.4825963344176578,0.5364180455707057,0.5369658251870333,0.5470862689484468,0.5466436910902468,0.6910536773435911,0.5193720908109796,0.47809650216446264,0.41457034103870505,0.3731843094378665,0.2321023183163246,0.06359175118166546,0.7223722410470089,0.9206785403293302,1.0381561625404796,0.945197801054251,0.8446255394948994,0.7233090479267894,0.6395404767562227,0.5597511472632761,0.49061852941372774,0.39345010945655123,0.33678162180590276,0.25549528895798823,0.1511232022117619,0.009301145112841525,-0.13535108777446136,0.20043281219490472,0.9211048973406545,1.0807020517915706,1.0821138018501528,0.9665977622930004,0.7264755483121257,0.5755816594898822,0.6736128990108112,0.6172540897903781,0.0,0.0,0.0,0.0,0.6996007252595264,0.7100108647931986,0.7190015061583158,0.3546757756953355,0.8874307201965841,1.0213684596867265,1.0128839359173762,0.986535051303867,1.0153229051554995,1.0350150257033792,1.0221525801500437,0.9161409116242192,0.7923032476972023,0.8016452850678291,0.6574980691785948,0.5256487129318377,0.444786311967601,0.3529888942104183,0.20474910397930807,0.49479757600666646,0.9180650591547612,1.08608375489229,1.1640601883944262,1.3146350659484285,1.5222012772843143,1.6620110350286823,1.7779300257800603,1.7048511759137976,1.5829947359027965,0.48656938857646265,1.3867913918234418,1.2276803220620827,1.0607863423324666,0.8355977696008409,0.6219954725316891,0.38925796619774955,0.8629214493172107,1.2405465634072312,1.4127427340532988,1.7319061889939589,1.9381125323015786,1.9446533237332344,1.9659067274322624,1.7712319014067452,1.6779302973616717,1.4658845172793518,1.2592842565406719,1.0128660982391509,0.7996098765122247,0.5974932486434343,0.3780741304695687,0.1767735671792326,0.14431883001444035,0.7762522505360134,1.5319410427076523,1.7191818304200641,0.5906603892704341,0.3355838041687469,0.5188873354397038,0.9967771092855257,0.9062592440009565,0.5769044740857706,0.9385244114359705,0.5729367442513535,0.47395159126975395,0.5730962360365317,0.4859120564324103,0.031168778188944812,0.27749394076549383,0.997236164836985,2.2684877989410137,1.9712515981263998,2.0583986584848817,1.6976937690509453,1.4749035204318328,1.161058297341096,0.8581926729870937,0.6320677156451573,0.468125906860962,0.26555954907323187,0.11835643124173645,-0.028183067048510257,-0.16843700131839756,-0.14918251334229493,0.2606467062245746,1.0911146162952492,1.4218370008449979,1.3643268931299404,1.512779263851849,1.5079305099676732,1.3300807562197265,1.1191140063251737,0.8206362862760515,0.7627573879490003,0.49474759233112575,0.3662291035378422,0.22440027950165886,0.13918286458849594,-0.005241664873846585,-0.14337637949015197,-0.15435446481287368,0.19529807694777207,0.8325806433776508,1.041661713992752,1.105988625741798,1.202071145871548,1.2572682949906908,1.1508166226304888,1.0424172351957877,0.8820988306889916,0.8113919742597047,0.6493149661480797,0.5478998191508919,0.4691823597095168,0.3789155744525231,0.33249125453887773,0.3922008493570091,0.6280005524952411,0.9586311824121244,1.0922137881165301,0.0,0.0,0.0,0.0,0.0
2025-06-01 17:57:00.069,1,0.0,0.0,0.0,0.0,0.0,0.0,0.5709645506951377,0.31598799664980426,0.1197393828698643,0.016359519829944325,-0.08717777520952152,-0.11534468072752668,-0.076510536276587,-0.026387265016556083,0.06663337923857549,0.1491047640546077,0.2476316409984765,0.32306873216959353,0.3567990152697426,0.37963974739442585,0.4141140578328224,0.3194472199982565,0.13356032870978468,0.07362023915873839,-0.08660402111421273,-0.11910443289108197,-0.11961317511025027,-0.0956717180636939,-0.0162593708994776,0.06954011968383056,0.13837903788725403,0.22215846225313407,0.30314656293665276,0.2604514204221259,0.28247665983312426,0.28146381464910053,0.22487612062264967,0.160652010167447,0.24366647815581216,0.3977547328464769,0.40136164822896825,0.3408690172154114,0.22164509510698416,0.1671382195467097,0.17988135539609895,0.13324146353046618,0.0915073050111952,0.1112639729057352,0.06267340465045534,0.05307306905049036,0.013009933386507522,0.01806713843542218,0.1567726692627598,0.39706657054421923,0.7843902944411443,0.704987728724156,0.6186485778326097,0.43956832982941707,0.3271619695163497,0.5910461491344918,0.7202962322840792,0.48822550604483156,0.8449247535779816,0.4790237964578231,0.3689001327933501,0.5049173904525668,0.6263895823124666,0.8240150721852865,0.6266063348836665,0.594218044277,0.9177129899775223,0.5691618355083286,0.4170299707086125,0.2537595363141829,0.22304921710441006,0.19755460809409597,0.22764375263366476,0.24193479536784968,0.2693209606085827,0.30872282918807303,0.3832687632681777,0.44535966785407477,0.4764871450157494,0.5208572004678347,0.526987893419133,0.5325516183347957,0.353034010165926,0.23179597884373254,0.3475585331338148,0.4191205777495923,0.4273554105524848,0.4917183260065834,0.5267103500537953,0.5210367612470308,0.5194583957591759,0.5248376229811258,0.7068125209878771,0.48875794948237705,0.4386078454661445,0.37693816355724274,0.3485620022602597,0.19507694033200612,0.07410718841688793,0.7595385635225087,0.9677363264907971,1.0560128000474287,0.9607481964739921,0.8555390017154798,0.7256234403253388,0.6257743138476433,0.5462620764029067,0.4727273605813329,0.3864829090460544,0.31049300003395786,0.2395067207307373,0.13844312434456318,-0.0037624017657774678,-0.14301696472609343,0.2084046927641391,0.933296201342719,1.0916086668617035,1.0852386965957537,0.9649417350393814,0.7246232854696777,0.9184013074139294,0.7361949524164051,0.5764525378584311,0.0,0.0,0.0,0.0,0.5557776825922194,0.6873435392840024,0.631845763858525,0.3641008921208375,0.8909489177981134,1.0212321971209664,1.0079948805011207,0.976778330717255,0.9958070411901094,1.0133441594655876,0.9970282387827742,0.8938196548685156,0.7539704623487102,0.7648010457636323,0.6288320201221913,0.49610855531210296,0.4067214495834901,0.32779728071509934,0.16998546952154797,0.48201098321893704,0.915958434956968,1.082531514261957,1.1435670989486972,1.2886295076791079,1.4937539440483893,1.6242445458794244,1.7269917369847336,1.647101515863462,1.5389872922660326,0.4030868278099126,1.348279116844758,1.186790197123952,1.0240717179617613,0.8116606356440034,0.6046407122098038,0.37448921438573674,0.8501381050772494,1.2384560448068378,1.379975836823741,1.7077742969108283,1.9069960914172985,1.900279469464407,1.9149460083208347,1.7303206172637478,1.6397168749048876,1.444676357410759,1.2212895714400358,0.9995785596939751,0.7851939274529663,0.5731385730411089,0.37203194524831074,0.1732057467805359,0.15562826006491604,0.7779521346255732,1.5130089465812726,1.693584980439705,0.5209688182835993,0.2907015512870138,0.6747827926917153,0.7472532124451973,0.8430833473373536,0.3546260016318403,0.8555793504967706,0.6609646596739582,0.7128842327846453,0.4972287074877576,0.6342617316003989,0.029992555448576097,0.2691116239342444,0.9711439836625273,2.2067698996333376,1.9085437623659691,2.014040592596644,1.6284546383628253,1.4464043368148387,1.1343001570399283,0.8148465641888987,0.5639767392260715,0.4412226715599701,0.24349682626046643,0.1085891471569318,-0.017671150829689508,-0.15746405764170845,-0.16863896582657062,0.21631196776583367,1.0561006077411572,1.3805839433364802,1.3173036404556167,1.4577332314345335,1.4311445970940182,1.2594964098027104,1.0519577684953154,0.7739418278264172,0.8127752579895081,0.4710230533268813,0.3328253506600345,0.21610649423769468,0.1286955102798667,0.0004504504167469614,-0.12997788221133644,-0.14751017610228923,0.1569726938841724,0.7344009534930571,0.9868317250105902,1.0384047667629037,1.1303350610404446,1.171444159150374,1.0807115313609321,0.9725792977765306,0.8338083513581058,0.7863873138536996,0.641881027875675,0.554900682535177,0.4713047187514594,0.3785014869256901,0.3409611803397715,0.4112194632804274,0.5847713984188675,0.8772436803068914,1.0278128163719953,0.0,0.0,0.0,0.0,0.0
2025-06-01 17:57:00.071,1,0.0,0.0,0.0,0.0,0.0,0.0,0.5955198596415451,0.31510091103502846,0.09778850760161728,-0.007136716578096558,-0.10685323070129715,-0.12065720986250916,-0.06844291783499579,-0.02389907891763865,0.0550000479999706,0.16687279348525186,0.24979740711282322,0.3435033822354926,0.3671919261078532,0.39755005368015617,0.43647764013528634,0.33316659162790757,0.14456131141971018,0.047043734807400206,-0.13712656605188828,-0.14771366939955277,-0.15143264601207873,-0.11161980853482345,-0.029744192805180703,0.06416084911498032,0.1471763198076088,0.22772143479299434,0.5453825693405813,0.2766928123861453,0.3060362005118707,0.3090608975284258,0.2600572139797668,0.1584051567255071,0.204341955274438,0.3723449141251045,0.36969791595409174,0.2963404930300264,0.1936352979092435,0.15845806020216147,0.15688149039663268,0.14397316227110868,0.101857154042865,0.12678791033138892,0.0642852126749579,0.08137716855403487,0.050831975140849806,0.019419935804386335,0.1579618375089048,0.3642766601322254,0.7135306144827788,0.6472621894287728,0.5620678564251623,0.3989306885666517,0.29870691793635085,0.49443887452773355,0.4380338065488224,0.4644651563794487,0.8449247535779816,0.5924207074152813,0.47930969420165903,0.4089996164304952,0.5461415617648453,0.7361557011614963,0.48732985585734434,0.6614924516340904,0.8910785870455618,0.5429260805698923,0.4022749573547926,0.22553472408366604,0.20799024841843483,0.19127377265946488,0.21649643825542664,0.24789853167273668,0.2728315581427194,0.3203799544957675,0.39738779772578425,0.45075839159899256,0.4813612533321575,0.5295820654334067,0.5421345294038744,0.5493423274722619,0.36856376108071676,0.2242239067041915,0.3204948156349142,0.41649680485619633,0.4306601031276327,0.49825347299656086,0.5382144611626765,0.5339767630593117,0.5351633693152795,0.5391786316918221,0.6298933068518269,0.50576894810812,0.45621154322861524,0.39536321626517645,0.36702846786146626,0.22524157403751993,0.08051494100495546,0.7278113706058106,0.9422308233864741,1.050673106231684,0.9658276746672778,0.8565133054205492,0.7435153390981688,0.6431882664356547,0.5621400632323548,0.5062752468198404,0.41245769482794126,0.3491198300869791,0.27435788730713706,0.17449625917903533,0.03405246243876647,-0.1109565778468865,0.1658329731194993,0.9013401764677248,1.066514203672537,1.0761801657161403,0.9695909248038916,0.8237875464269391,0.7880158991147954,0.8044064958239936,0.6691457681566976,0.0,0.0,0.0,0.0,0.59689106721747,0.7284608688878835,0.43389905757331515,0.3254325035630744,0.8634439371108305,1.0135954796796225,1.0127254445451845,0.9833328472508499,1.0256185593571463,1.047022047013485,1.0356430365318658,0.9379824388376199,0.811975466975452,0.8069924604352505,0.6721403590806576,0.5193404729030469,0.4306268385951577,0.33063140436505173,0.15964363223836875,0.430991502160935,0.9095053126192025,1.0873940753250446,1.1691921226412076,1.3251836023577939,1.546540045067702,1.6718758641672835,1.7851850283347632,1.6991202061313408,1.5759392378548112,0.449216296184852,1.3764370795524958,1.2083752318674152,1.0270972670229057,0.8048903730637175,0.5863054703026102,0.31932749988652126,0.8428209651922688,1.2710686980051666,1.4191535316384356,1.7828287815826054,1.9819039317605642,1.969265255023102,1.9819089477862541,1.7905263955102726,1.7062490536419377,1.4825851189032826,1.26202226907388,1.0096855142555001,0.7883557739938895,0.560267192813775,0.3554027233447683,0.14835353037429927,0.20065979985939364,0.8709209201119175,1.663318910987694,1.8215991222887258,0.5807549872947071,0.5126033401875147,0.4937470094849089,0.4314871105644964,0.9091651494610578,0.3645332660395789,0.775551482335803,0.545845896917118,0.7313913301488686,0.3466000127959096,0.694403840392891,0.017020013128090428,0.3276328259500632,1.0611201901238627,2.4303451705131507,2.056570744661083,2.15114864671673,1.7270192226432077,1.51716051242462,1.1952374874359109,0.8527520605051706,0.5995541037637404,0.444648851193822,0.2443232665629267,0.10488242027147598,-0.03688333566808366,-0.17025783265219752,-0.14319667842336836,0.29057075599522103,1.1737404911925677,1.4822981805707933,1.399104138262987,1.5696333382624585,1.5481476026819998,1.343264898205026,1.105003697318374,0.8109663970587364,0.7693351965472642,0.46620753012068716,0.3135070973569538,0.1812732402896582,0.08021791850235738,-0.07993078698932055,-0.2039610116272243,-0.13858036322742961,0.253165805486911,0.8844670900990785,1.0916107184890111,1.1253927752958455,1.2221409794568798,1.249039702763063,1.1519995596208505,1.0093955916747785,0.8524813614564837,0.7939738964432028,0.6326549403677679,0.5340183481498479,0.4412421713991097,0.3264136689364433,0.28114844789990767,0.3776337874996208,0.6158215289101431,0.9479771662808224,1.1052617518867538,0.0,0.0,0.0,0.0,0.0
2025-06-01 17:57:00.075,1,0.0,0.0,0.0,0.0,0.0,0.0,0.5301784061128334,0.2842704717076301,0.11966618825386721,0.05646451391826335,-0.0434868836369362,-0.0802465277103871,-0.04191090291533306,-0.03018183272502295,0.03281398565190796,0.15128388613525723,0.2187095337000035,0.29586515155104764,0.33143863186186767,0.3490953944929608,0.3852910534214188,0.24606197611204372,0.06942809076921018,0.03767721459743084,-0.07894774822785844,-0.09310898188544048,-0.10294897037020156,-0.09222462131087128,-0.020047711541749003,0.04790218480587938,0.12341971389546602,0.19044131349746096,0.3873280654907928,0.23277581261211966,0.24722739862220394,0.24407834737098774,0.1812514435481934,0.06334808770564748,0.28411877889869924,0.4643073090387435,0.4403455345056314,0.3712045258369603,0.2380830788666548,0.21995920374358002,0.15588305957235415,0.10945451309594256,0.05172745385398303,0.0687593485935466,0.02596948392521048,0.04927191768944095,0.01376052062312938,-0.03307353921046674,0.1368291875664393,0.42793228978192116,0.8125601032676628,0.7209418442634771,0.6321830915925303,0.4704900552365976,0.3184111074831395,0.4871426589135828,0.2756632521972496,0.6434967643349045,0.8916336912342373,0.7354546173271613,0.5604823579190358,0.622851875399592,0.7240795955487449,0.5485917417871033,0.3048874011392845,0.6348932630897681,0.938537019339805,0.6048730670158321,0.464953128528812,0.2814680958737279,0.23458387160264005,0.1909375890544125,0.21341254764536943,0.23199846247682032,0.24924010950885278,0.29348134108806034,0.35816883105539943,0.41777335282172223,0.44250858959824446,0.47627068342916434,0.47894183695624054,0.49052562765978325,0.30132323103262176,0.3181697418345971,0.3870964244658682,0.4760159373050574,0.4676729278973988,0.5183769240985516,0.5416484586356254,0.5242758232222595,0.5135282431735408,0.5155258297579155,0.5022326997976854,0.4717017905379488,0.4168076920608511,0.3556752910277735,0.32172350081767775,0.16678873983043357,0.029779681378580364,0.7753013433424459,0.9859272826145739,1.0852752099300993,0.9863992822463199,0.8638210697624154,0.7387023263991976,0.6308908948715861,0.5403601108984186,0.4917062449824272,0.3942577909451035,0.32281082091748226,0.2467131036353316,0.14126909654389208,-0.003900678435297178,-0.15164155401075013,0.14615700161985923,0.9051022485975059,1.0635708969316757,1.077775109989223,0.9707331339853029,0.6401187967535613,1.1329707469824903,0.6986046535348649,0.7860189504951427,0.0,0.0,0.0,0.0,0.5319259106741467,0.7894183300172888,0.2659761229057046,0.31737187216073304,0.8573346558536379,1.0185550505274419,1.0157307752207319,0.9910846982009766,1.0243230932330547,1.0615773323822866,1.0551147826595306,0.9599753367412869,0.8331551027252369,0.8146871900172123,0.6930042225912958,0.5386225535456377,0.44952436458942735,0.3416215963400397,0.18929038492895334,0.42938675483726246,0.895054981938177,1.07567209761926,1.1580986702705738,1.3162587554542196,1.5334922968331866,1.6690372739890398,1.7778999902354138,1.6980790985782261,1.587957756370206,0.3118597570698099,1.3977494277992188,1.2323100093112167,1.0492570265066838,0.8357576314705107,0.6202838997344277,0.321595317904852,0.7895050625654729,1.2182609232957913,1.3672494094949013,1.7333002197472942,1.9474945118410725,1.9304619404599144,1.968782204329485,1.782904354341216,1.720441361683604,1.4952351707728293,1.278053889444541,1.0281737740818695,0.8056796755846504,0.5760685037658335,0.37614386214944606,0.1693465951844379,0.18137490961804575,0.8325562078604857,1.6242121056788816,1.778960093050101,0.45570319992040587,0.4724378320267675,0.6178916501619617,0.22171894495558442,0.7381438090066761,0.3827936306010241,0.5600776204382378,0.7374259800696061,0.6490137694222317,0.46215143145137805,0.605484256142042,0.03647076397183041,0.32062964673015865,1.0499667858154622,2.395547136239817,2.031848389685323,2.0946003549226124,1.7049700403317138,1.470405071373991,1.151771921378311,0.8356147293862393,0.5877176557323445,0.43957510850442505,0.24899787999131973,0.11183144452471305,-0.016434514834996472,-0.16343839495722579,-0.13619684040141872,0.2844318162226554,1.124231820524551,1.4545119659671444,1.3804798456179888,1.5459631593303595,1.5110550400030698,1.311150176109352,1.0651610042598463,0.7776095132954348,0.8040582508049826,0.4539186988352286,0.3036602829149435,0.17815218232885766,0.06830757236276097,-0.08214691858962475,-0.19173669461906723,-0.1439202224929078,0.2441822408779803,0.838701435295959,1.058757446566624,1.0758404033582174,1.1819438260796837,1.2186815487246165,1.1103731692388359,0.9696494046399713,0.8173626431961807,0.7707127554592039,0.6091334589178841,0.5252782033789016,0.4206285953910205,0.3164678517282121,0.25524916768432915,0.323880846062156,0.5484552532416606,0.8575812767373975,1.0225144541518594,0.0,0.0,0.0,0.0,0.0
2025-06-01 17:57:00.080,1,0.0,0.0,0.0,0.0,0.0,0.0,0.5948629301790976,0.34902266926116177,0.19298189347399153,0.09717653956135697,-0.0545859871578136,-0.08151702233310931,-0.04122432639727314,-0.036737925367151925,0.02316464364017734,0.14063290679337415,0.21637517221855912,0.2881560168243863,0.3374191481039543,0.35251817321863876,0.3735385819154395,0.24153838979930597,0.06510599732054968,0.03811401476025911,-0.09206155419561157,-0.09514977211762643,-0.10102253777164716,-0.09200235770156162,-0.022638812673236197,0.05495265069677502,0.12843794099762795,0.18440950839203984,0.5416693768679348,0.23081583961345753,0.237219628207248,0.22877364459305907,0.1786092126763284,0.04451744729594803,0.32611129900995245,0.4720885636352833,0.3921677321872744,0.36010589497557133,0.26218060684445543,0.2277487040738544,0.1411114754337348,0.0877881495746553,0.05515669631142628,0.06626264677746774,0.04036119229226731,0.05256269309272321,-0.009881911048559233,-0.05238116895678768,0.12264057217906182,0.4391659652636351,0.8080579377405193,0.7483023974938238,0.6489365706995839,0.47358467307759855,0.29838583139062425,0.4318865510250594,0.16681461868019293,0.539771227358417,0.8220331362950184,0.8478630620822285,0.6113396709748248,0.8306789145083924,0.955164106534026,0.6583560002140842,0.3626956139975186,0.5706761836276757,0.9468042824283622,0.642254330225458,0.47552594900368694,0.28103507020094787,0.24206276490713052,0.189848856200034,0.20959431801473705,0.21579771009952142,0.23917514964145692,0.27928363792563426,0.3416418695254295,0.4010754705320221,0.4226248860605225,0.45526138567690744,0.4581074085900844,0.4506684670630072,0.26530071040502207,0.35164410579295763,0.42308288347651823,0.5094670060250228,0.483413850761357,0.5252843113591574,0.5413509520819888,0.5177615456952069,0.5009126334537286,0.5068905109458901,0.42383236075153724,0.45199976210006954,0.3990115159950932,0.3409015961825713,0.29446836792853615,0.1369359688636092,0.008002285983322838,0.7961130830075214,1.0080449153405246,1.105420671384385,0.9866878830397965,0.8595122782712281,0.7326016863818168,0.6268531012945875,0.5373152888460315,0.46784034234438665,0.37632447318245354,0.30783598392618217,0.23221842758309474,0.1264564074261223,-0.02535857440927025,-0.1648244882238073,0.14800700466009126,0.8987832016583052,1.0605633752201475,1.0657247150446805,0.9663133182516366,0.6005859303560088,1.1107230435240656,0.5630185807029755,0.9562921002131646,0.0,0.0,0.0,0.0,0.5222771715159372,0.6503871368194669,0.32689476424941777,0.32740899032549975,0.868345195732986,1.0261601363482282,1.024391542021245,0.9965810149365594,1.0278796900804033,1.0590772975480751,1.0484802360359677,0.9645687784853161,0.8337796665675952,0.8124605852454363,0.6931126817343809,0.5520777016001814,0.46087350787431536,0.35909224321696637,0.20676092316189748,0.4595352164073369,0.8842939415591573,1.0641006194829843,1.1328848922720043,1.288072516853065,1.511104955561543,1.6419758099700905,1.7452800579701244,1.68078092033971,1.5794676066214868,0.5201697376582115,1.4133648604486604,1.2582420161652652,1.0774044744194768,0.8751337558418225,0.6603277682499843,0.33743862358618615,0.7308603126085557,1.1386686023131547,1.3022198216744378,1.643753170308455,1.88489178083801,1.8876500056080265,1.924545915281127,1.759946008663561,1.6935106457686362,1.484597922564454,1.2875551099619034,1.0452703318641654,0.8281349029303465,0.6032085877542024,0.4065890410155376,0.2010206507195887,0.13114613547471085,0.7543743149274473,1.5353725779877312,1.7004466540293874,0.5144624563132313,0.5631823811354502,0.5551012982064188,0.1460247254446207,0.7915872774651385,0.4501315946725847,0.4484393735338537,0.6744457737808902,0.6382780177397337,0.47959733251147085,0.5476952260567093,0.04388613728602797,0.2689779508926547,0.9442030322768475,2.246604586802175,1.901629838142391,1.978479063552446,1.628943423073931,1.4159338182818082,1.1283572194569276,0.8167510109406357,0.5866305766876985,0.4400841758318741,0.2769509915802473,0.14847844247612896,0.018432279634437165,-0.10259802189482148,-0.16477325004728516,0.20627440134856662,1.0358386808706774,1.349997286395607,1.3053633831558333,1.4613952777827754,1.4174281570914846,1.224354221233332,1.0004468047966728,0.7384016230087644,0.4328092885230924,0.451883852382871,0.295240595118752,0.20015950788307113,0.08796796245119742,-0.03988720377574362,-0.13473444152907332,-0.1619558463145364,0.1496242953059253,0.70467716907223,0.9614129351985163,0.9918097484274523,1.0949178066957688,1.1171186998881875,1.0370793038953132,0.9105964871067553,0.7843974327641796,0.7430289837423609,0.6049805946961193,0.5364822884455611,0.44510915543485496,0.3480861715335174,0.2664361848380816,0.2901752263232687,0.43886767759555523,0.6952258722437855,0.8547748943244116,0.0,0.0,0.0,0.0,0.0
2025-06-01 17:57:00.086,1,0.0,0.0,0.0,0.0,0.0,0.0,0.6028692250895895,0.38652646550934566,0.21124511660183898,0.0951562327714145,-0.05362914628445792,-0.09021105369455562,-0.042076349739412766,-0.03707792703122048,0.021179326772764684,0.13644332150899074,0.21546201510695157,0.30613020599576624,0.35168700651964474,0.36297326325265455,0.38593089883292864,0.2607026445286783,0.11074103961735558,0.005882738818860422,-0.10783922074934166,-0.10187910588852611,-0.10187552158609936,-0.08686743079611325,-0.01390068519038068,0.07195587507115575,0.12656241955600955,0.2022038296746027,0.49501636124120285,0.25800050037769195,0.27676554589429986,0.26877514070877073,0.21267265442626587,0.03921922957114923,0.27265880814332116,0.4579693549531363,0.3951453554705927,0.3356788470539598,0.24867729288704443,0.24165071198737276,0.17170397692384443,0.10789701479341773,0.08767501471775607,0.06392081802506044,0.07586027218425984,0.07219745821549228,0.03360387711183854,0.004431434278198587,0.13648680815444608,0.38122741064335147,0.7924256585117583,0.7472461271387801,0.6608621336101511,0.48974696866286904,0.3192308039227638,0.4557185795787962,0.12464378806486592,0.6627624080693144,0.686544425086626,0.7925716847179982,0.6842903565395364,0.8503842995563071,0.8443382917480866,0.550295179881009,0.373064111785424,0.5967015878995738,0.9424930307674542,0.6439550802968549,0.4696760797646182,0.31601845214221647,0.2577967457959083,0.21626690204663945,0.2347673016796945,0.23257988272538266,0.265629399484717,0.3175364998441812,0.35724711312642765,0.40107967016855595,0.43905940345295036,0.4706195756536893,0.48078082750893697,0.45169538643549234,0.2596536945796538,0.36047095603832696,0.4311190229545162,0.53815387593692,0.5125912129190775,0.5518130534877594,0.5583024132333922,0.542731937041744,0.5284492853304936,0.5258750788585993,0.4010735235583211,0.46396289742846775,0.4157619270654408,0.3517375735379388,0.29672381193199204,0.14557296025292304,-0.0012096380816060126,0.7977739662165378,1.0077957892354346,1.1202203154196568,1.0210359236153634,0.8800896366696536,0.7547040290166411,0.6410149338052356,0.5576177585589988,0.49104592811078374,0.3942934948701897,0.331687722570597,0.23014234949781542,0.13614114208081718,-0.03285763889700244,-0.17585968137925173,0.14480471842357573,0.9132148670592454,1.07546092120088,1.0913232814105043,0.9907876406541591,0.6680513146051863,1.020789627730266,0.5909927132697015,0.6477396902574811,0.0,0.0,0.0,0.0,0.6526687053548665,0.6205819922335274,0.36613645112697224,0.35520920962558644,0.8980660450654485,1.03774347798324,1.0429437641635253,1.0277982462765909,1.0629560393914799,1.0811312901841117,1.066394503897436,0.9902939211397177,0.8498256376841224,0.8212340036569947,0.6841566006146502,0.5438440853028494,0.46057876759813676,0.35524159294895225,0.20887806114131174,0.5403313754402637,0.9189473029206774,1.087341096328024,1.170461232212356,1.3168459535950934,1.5453377451325416,1.6578831546444226,1.7687503971721488,1.7128262637564762,1.5840828787391141,0.6994479458513871,1.4079573150595515,1.2526979600230317,1.0688011120614893,0.8491202780110373,0.645943557722652,0.3420899572974771,0.788465941586977,1.172431859248352,1.3464999870076118,1.6814823504426817,1.8925348994597226,1.8913863778418343,1.943361159184596,1.757604466589463,1.690038637231281,1.4638150713154197,1.2818742758448383,1.0218728670405968,0.8028136015357211,0.5736459070747595,0.38186728986366303,0.1752106654283439,0.14055373816290706,0.7911519870079865,1.592595684257026,1.7346752787047386,0.7020860161037876,0.5434955592173681,0.6094103315100062,0.29549186240068015,0.6926941761285719,0.34925045265814203,0.348370391147989,0.5495389567208335,0.7157733518470708,0.25106535353759596,0.5915737712426242,0.0006828944843211282,0.2674128640760346,0.9825997752865907,2.3122577737095096,1.9361627657788987,2.0004310497773523,1.6421941050629116,1.3955516248802706,1.11242921778909,0.7915327542966246,0.5788810383285121,0.39630682208436196,0.2329089987532733,0.09197559750303297,-0.024513100312236635,-0.1476311522008964,-0.2128626774292301,0.19884323832804224,1.0820175982587557,1.3781944242203938,1.3074694627323535,1.4660790680839657,1.4070078677390183,1.210805244806381,0.9349093000427235,0.7071471235273756,0.41366067297724907,0.40886172714070557,0.24838950280872418,0.13749970958169455,0.03523135170387037,-0.10803686052880734,-0.1952414559550984,-0.21138975789815678,0.20363286808428155,0.7833443238877427,1.0116210358096853,1.0166659869200894,1.1256690023447136,1.1348054036632984,1.039638631725388,0.9009182131913898,0.7637207459310293,0.710604220759623,0.5744902377011079,0.49331961360344057,0.38490248505053026,0.27175882848052935,0.1737115056801023,0.1966499578925484,0.3899386988271837,0.7103337771133736,0.8878935252376128,0.0,0.0,0.0,0.0,0.0
2025-06-01 17:57:00.089,1,0.0,0.0,0.0,0.0,0.0,0.0,0.6371768863686751,0.4106771926285564,0.24129534950101295,0.07668207414678074,-0.04526054658330236,-0.10848953374010417,-0.06575415407845642,-0.047078294908663554,-0.00389990295690934,0.11216168446727559,0.20137379995477495,0.29885079175382234,0.351788286286472,0.3737581266227239,0.4051379259759304,0.29277100376511256,0.11658402305643022,-0.023200699803233082,-0.12906383528722865,-0.12339471865091356,-0.10307365936930868,-0.08787575409138704,0.0036069991093052867,0.08092269854598677,0.14684969276083248,0.2254991608617949,0.5035346557092951,0.2864923911497713,0.3035612372686263,0.29969631247372686,0.26260627777566453,-0.004863619827533222,0.22108508288824053,0.41813582801431415,0.3806412175824737,0.32734004306853337,0.25213196924973946,0.2570958246644808,0.1784659473221477,0.14041528152720528,0.15590090322895067,0.10167161036110328,0.13440197000926646,0.12933135834671683,0.09094692785089886,0.04045406089429304,0.17123521196696556,0.36568479175900614,0.7422595901703797,0.7431596609078425,0.6405882206631351,0.529132141415757,0.34522606014246593,0.4037577147249422,0.26796260434271624,0.516332149941757,0.685938662278532,0.6989392916924592,0.5612654284038625,0.7316092574754276,0.7503272632688354,0.7033480383171006,0.3491345454481517,0.7551195329829697,0.9256939230420371,0.6193131703452134,0.46836395925749996,0.2953634940867145,0.2793182190590229,0.24072571569078471,0.25360516761458296,0.253813049868024,0.29794265514290896,0.36038014196287627,0.39660505128111234,0.4240777726227536,0.4731290248925707,0.5044893853055703,0.5073408070265011,0.47736616150570244,0.26004466166046764,0.34069928722308435,0.41687457039517406,0.5664133610744331,0.5426595159388583,0.5778046778684132,0.5905546534643,0.5839903110753841,0.5691831652715078,0.5588788715704962,0.6013123653396484,0.4962288523258951,0.4536424694630715,0.3874443111962035,0.312741089496253,0.17187575793684923,-0.02449094621591144,0.7946029783088293,1.0127736576773168,1.1420804884414761,1.0578939285969933,0.9173002194639694,0.789012277287769,0.687017136625379,0.5970095051010329,0.5376253547436065,0.42339945680692903,0.3858572790564643,0.26497991455668557,0.16119040010017782,-0.009138773514824616,-0.16467260068876755,0.12865840565567516,0.9126716247205767,1.0750694713483435,1.1123667961651835,1.014915004063902,0.8375987727817318,0.9335441502411974,0.5098143230774317,0.71271322552213,0.0,0.0,0.0,0.0,0.6664670359339334,0.6264067521978527,0.37929537952054015,0.3556073425166797,0.9075427809967509,1.0407970221346075,1.0507123087383108,1.0562810082093645,1.082417734793401,1.114897335784917,1.093912248030092,1.0177713340478687,0.8934639405181231,0.8443530107963015,0.6801935444296339,0.5539213438160828,0.4751165922519469,0.3456315070177222,0.2052031919536052,0.5618969245309258,0.9437809332302205,1.1043148229671231,1.2101409363605518,1.3531170534685892,1.5725979614566008,1.687164155798567,1.8163291506902448,1.7509725187655751,1.599962699631835,0.5503680370789921,1.4072850244820159,1.261540478925299,1.0650774172803348,0.833802141270321,0.6295591110283646,0.34354967876121123,0.8284337870301507,1.194978953053281,1.3975103403968991,1.7355340749173755,1.9263864725334705,1.9289783356710253,1.9745413414075221,1.7636964991830328,1.7063132522015296,1.4489775770924833,1.2831665466709863,0.9885377556583538,0.7764724635181127,0.5512525618740503,0.35887252247123314,0.15499662919239887,0.14888761535410888,0.8331841671942827,1.6573089874259912,1.7743535778790949,0.709350338579804,0.5860848509200006,0.41389234037311196,0.3911910403306115,0.5811391263335255,0.45222161461146326,0.5670512534239902,0.7747047568963417,0.5729873416938682,0.29601813520269815,0.5310312381614261,-0.021735173975456434,0.27418904030062047,1.0186391425444337,2.3614343194917784,1.9657014985670862,2.018028181717381,1.6746075561837972,1.3755949500045894,1.069380910348762,0.7980242109969888,0.5695897750400247,0.3530528837066531,0.20046426305864706,0.04861265325351494,-0.06526354856166838,-0.2102149667063592,-0.22476803849524735,0.21881948186931272,1.098711060123717,1.391297492828627,1.3225964493721363,1.4501344997827315,1.3937801993288648,1.1728441493840718,0.900243300816636,0.6629217452395266,0.30177494384685644,0.3650505342249972,0.20588801800727863,0.07572713762018068,-0.014211231455552698,-0.16832266419865793,-0.25510833803119054,-0.24862418589122093,0.24204461027941399,0.8602327815869422,1.041726190669978,1.0680593123714885,1.1540067011777944,1.1559283276411398,1.0446862222087523,0.9020761879442074,0.7522068999212721,0.678092928119512,0.5305466324293038,0.4489699175992472,0.3353011991679633,0.20741310615745923,0.09874332220472326,0.09264087493879308,0.3627009727573093,0.727849810237931,0.9104679375687921,0.0,0.0,0.0,0.0,0.0
2025-06-01 17:57:00.093,1,0.0,0.0,0.0,0.0,0.0,0.0,0.6252312778754398,0.4488637607285003,0.3245517983848988,0.14583854760107806,0.015503201540478795,-0.07839285280729213,-0.043624568175062106,-0.05474819699747702,-0.010313961680585959,0.07872961454851368,0.17983306044992337,0.27482212642251114,0.3091851596116834,0.3406531822961355,0.36543912812238233,0.25667038929495334,0.1201907966764507,0.009563775203139169,-0.0790882936386419,-0.09979587995366157,-0.0911705641623699,-0.08246391539883957,-0.004743397504255231,0.06672196912187789,0.11431254788954814,0.19479291463954018,0.31895979101375094,0.25407802572057836,0.2597869914085123,0.2606792372894192,0.23748615231181175,0.018660637355736975,0.2942317056479708,0.44638105435914677,0.3847452728286628,0.32422378701115995,0.23321489927870953,0.27866412238615235,0.1856296589979367,0.0962452837543375,0.11608838676570499,0.06096334612664667,0.14679834059254027,0.10778506920558428,0.08860334046640578,0.06081018639369212,0.1926430567080934,0.3977608876476372,0.8105778054052086,0.763882102720342,0.6441335937655613,0.5532246744898994,0.37560715300641156,0.2942170060941938,0.30742992575927236,0.5533271524298728,0.5205637348164762,0.6536572183172012,0.6146573777335628,0.7171794607718445,0.8398047348836761,0.6536041297037337,0.2449846984683455,0.5735625907560511,0.9533263873851485,0.6382350608356722,0.500318808076414,0.32343319724090724,0.31920049046545285,0.26398527285991413,0.2717382845984515,0.2657510702813928,0.30449472265023414,0.3792626012534497,0.40337508436988356,0.42460553708715176,0.47395072296857965,0.5071984238873894,0.505295329898577,0.4465418281401724,0.23057685744424222,0.38299528982390946,0.4512341273315311,0.5965060007572263,0.5582195178106648,0.5944275777999308,0.589861975591655,0.5910618690851206,0.5806226805694248,0.5567245612221146,0.6275195399241806,0.49025140071920914,0.45506193935507,0.3827445877407033,0.2879113528152327,0.14831542555885052,-0.04831944333816801,0.8399320222320255,1.0761647818916238,1.1853447368608991,1.1032565268291938,0.9513902160628407,0.8127191437782704,0.7026320047462655,0.614063207712662,0.5395012417115874,0.4223012446248249,0.38341853905511947,0.2544244586185114,0.13910682314471212,-0.04479943439352008,-0.20524222171715628,0.13968675591712693,0.953986798994168,1.0928891430302443,1.139597416149739,1.031247776752083,0.8595895836148182,0.9164705905096988,0.5113702550735384,0.5880562216654575,0.0,0.0,0.0,0.0,0.5143946506695579,0.6051356682559816,0.5610772756211477,0.38380770407072384,0.9349019862317682,1.045004552590471,1.0417908497790742,1.0472391079121182,1.0590885513446706,1.0949860184171205,1.0543960783433235,0.9824587719020665,0.8508568491352508,0.7953924514769057,0.6391007561303821,0.534038842592953,0.4539343662180375,0.3357693340822227,0.21332131638199148,0.6313452465368425,0.9557607313973588,1.097454112165365,1.194245336230129,1.3267012116004486,1.526837353461241,1.6294211856988725,1.7597439952975837,1.7031021991548345,1.552370763095303,0.7510250854511933,1.3639827709241317,1.2355752211578963,1.052873899404933,0.8244343322786812,0.6406126036926028,0.38960442213998475,0.8373270264440433,1.1736658979415133,1.3768262715420616,1.6722427667535966,1.8569284418173213,1.866942893311666,1.898922644332341,1.6969704471259834,1.6304248241679482,1.3922113963061955,1.2367795325201385,0.9600749418750975,0.7566698635373349,0.5398704375431604,0.3575740531713697,0.1613015477196943,0.11886763511703044,0.779783639534038,1.567235699547699,1.6886397700377693,0.6823780170658803,0.4870352696904031,0.6072308117378276,0.6697714011698921,0.7014422161490594,0.4103429352124023,0.599185761640753,0.926806755288702,0.4815306110187654,0.3590638280454931,0.5749498268295675,-0.04980023372308867,0.21756394729735984,0.9387836395414055,2.1803147035296946,1.8483536441508945,1.8719182955357052,1.5676302144868344,1.2550906056720932,1.0017487217530174,0.7063587009811589,0.5109946053605512,0.30706345211780195,0.1837309903506994,0.023855568995866494,-0.06536730730354146,-0.21887097116673104,-0.2896682452391043,0.11608031451910211,0.9624821818626543,1.2755684502620332,1.229517423992629,1.3206824797744439,1.2373065667087249,1.0189024658822148,0.7898592041035222,0.5797880687124806,0.4151903735224519,0.3113601348586321,0.1718484239934006,0.06285535973476719,-0.007669431348807487,-0.13180972341604202,-0.21738945387896952,-0.3064260518150389,0.1579098476379282,0.7078072534094129,0.9401277117020177,0.9858620469158555,1.0371675957178228,1.048175672391566,0.9413831922789924,0.8343240407183163,0.7076054124570594,0.6346685494857611,0.5222167143465639,0.43657151322405774,0.3214469113278249,0.1991587469389522,0.09353354014413617,0.05554646211727976,0.2731484898133645,0.6195068757724983,0.8133752096387385,0.0,0.0,0.0,0.0,0.0
2025-06-01 17:57:00.096,1,0.0,0.0,0.0,0.0,0.0,0.0,0.6823789483541245,0.47346075062675785,0.332753259395429,0.13264353312025312,-0.014379990839484269,-0.11069582469198813,-0.06183573593963587,-0.06335082361370836,-0.01711546635956651,0.08287682251807804,0.19191566985984226,0.3024782287676345,0.33563193516721773,0.36992993002530594,0.40912204895785936,0.33810747569253385,0.20079733571479674,0.0032696277574975896,-0.15754399528508756,-0.18295845623939289,-0.15604238295321893,-0.13031392757312288,-0.035414373560833656,0.046953272634525645,0.10155981804578884,0.20738306304739984,0.41348971250125166,0.28555941312147115,0.2918578963071193,0.3113661114608747,0.30332610544441496,0.08635538284055749,0.18639719239727232,0.3415391167356011,0.2587036180446519,0.20357498611680502,0.1764994173438379,0.21333138879243196,0.13677242635282272,0.09344186654695963,0.13419541301330873,0.10058521857360225,0.1832226021304617,0.13980433124390135,0.15183810623336658,0.13281219533785477,0.23234826083065413,0.35925515355502585,0.702787600646652,0.6741126849220782,0.5340560044499855,0.4810877083440843,0.30452788954113563,0.5323705005700845,0.4238382294356132,0.4998110202016683,0.4479037561548904,0.4102814828860428,0.701674617333967,0.6850666753876349,0.7155649965012165,0.6152656411622756,0.45135874325215064,0.5749990875522151,0.9082292142824233,0.5656134127119453,0.4385179079324526,0.292868028763003,0.3074795878365937,0.28055387234565066,0.2956616291704399,0.2952723616463684,0.3455188138736722,0.43478752988386726,0.4580682667933196,0.47258531851617436,0.5223377996008994,0.5645577063589073,0.5729509525719032,0.5024515723668217,0.2876070300564446,0.3075674138663029,0.40154029950350567,0.5453759875606445,0.5400343202292723,0.5824760012627526,0.60453233803453,0.6211631359630907,0.6154186274108548,0.5958316449691383,0.8022331263543212,0.5302480542912904,0.502234402504765,0.43191651387418195,0.33231966726326323,0.20718677793434953,-0.0017755422305961166,0.7967595717986804,1.0597510488070867,1.1811505272994096,1.115256960868675,0.979046898451793,0.8509436510810648,0.7394047977559826,0.6580787401038513,0.5849351925843009,0.4712726264621194,0.4282890605453884,0.3006979230139182,0.1819643382119549,-0.017120567028264255,-0.17602616956924044,0.14722498138219164,0.9749451923952711,1.1116680127350667,1.170405488806052,1.0592611193947725,0.6914609351614156,0.5899113378684357,0.4356212830248178,0.5880562216654575,0.0,0.0,0.0,0.0,0.5473087295801122,0.6470443518983515,0.6947678115224498,0.385916449008871,0.9433913458760272,1.0523311064121872,1.04713088797696,1.0558448358188732,1.076220599120269,1.096273026174685,1.047672823484362,0.9816458658845617,0.8598433194690069,0.7946880058432413,0.629172014479843,0.5263381162054201,0.4442293976661571,0.32577191965506497,0.20493832528651135,0.6534845079581557,0.9735250986884818,1.1076659663037145,1.1992542502593304,1.334625660667224,1.531732531556153,1.6287019918857712,1.766857386964881,1.695335157098749,1.531021453119522,0.79632138916734,1.3384015673731113,1.2075163752624078,1.0265041499582903,0.7882315451968277,0.6197044040084912,0.3934200849106272,0.8858454376649937,1.22668732701742,1.4180640700536453,1.708671233244883,1.8804164521014157,1.8790001922501365,1.8965249927449208,1.690781099412807,1.6072099810127325,1.367946496077864,1.204774093245247,0.9351478231407501,0.7271238301993889,0.5070069029500188,0.32605802307052756,0.12673209850806888,0.14372231277077308,0.814523408520121,1.6104576125307677,1.7404316390827388,0.7158175225687538,0.5379338621422362,0.4555467678163634,0.631002561560189,0.8292915733966459,0.5575883300827479,0.6571358250567803,1.0064836843663085,0.658059218276065,0.4668614647482293,0.48660328353799465,-0.08532668334514654,0.22471073386805224,0.9655927904196873,2.214055653271082,1.8639101862502592,1.9176131957381806,1.5723806298093117,1.2665097527072173,1.0044689641295181,0.7037606441969755,0.5038069927257836,0.29011241671078425,0.16145314279458178,-0.016693173699806163,-0.11459502092737772,-0.262552329053261,-0.31944320373364077,0.11382056999572426,0.9719912478260389,1.2596135503377917,1.2163241677483656,1.2961676186058289,1.2239666623981902,0.9869968126183255,0.7626658236660584,0.5604097922746358,0.3652523358027835,0.2866514340679387,0.1452456133683857,0.03989755641732118,-0.022215215585362436,-0.15684162373632893,-0.26093873157661934,-0.3098026827177014,0.17250945993849182,0.7188716576570897,0.9606144215599459,1.0233448550354787,1.0493477963934466,1.0629600046313632,0.9349334534077638,0.8258178080998224,0.6988120516424947,0.6168402835859703,0.5138084789454174,0.41527143559195423,0.29022164672304274,0.15588520210101997,0.05498155795989079,0.027089684993717944,0.31731354264869815,0.7141243652620274,0.8770438832614527,0.0,0.0,0.0,0.0,0.0
2025-06-01 17:57:00.099,1,0.0,0.0,0.0,0.0,0.0,0.0,0.6118901289319516,0.4390272317649987,0.3308603054606797,0.16114121859790864,0.01938391861748856,-0.08528717637038952,-0.0419699463026556,-0.057203241354919165,-0.02108574390024387,0.08784804267304691,0.16830265759542556,0.29648470824948403,0.3222861364139375,0.34318158565071666,0.3870716627228151,0.3135685671446738,0.16934042160983714,0.025526772105211204,-0.09977195933571836,-0.15502425650513263,-0.134169426846372,-0.12140326646242494,-0.031481477200254515,0.043135906188845,0.10088037249906323,0.19848595871161345,0.32825762844555706,0.27449554934485465,0.28357048417395064,0.3063154332946637,0.28434948288054657,0.11200269893019421,0.1802428061735344,0.3536452675547598,0.3072434956589939,0.2100650197583307,0.16700075158153838,0.17247509927740734,0.14450567267051606,0.1243241450037158,0.15510441069908443,0.08674575932875328,0.1746754367917831,0.140888741436205,0.22643194279608003,0.18585728842066013,0.25919560278370346,0.36181326131756936,0.6257311687606829,0.6506969232040744,0.5004665510271328,0.47206930667219993,0.32378917660263884,0.5174125790848505,0.5879880048393696,0.5380580503712615,0.33956319192725193,0.31426358924494435,0.6373856553266277,0.4679004756719747,0.5226749960899073,0.5425050304457488,0.4308871253668687,0.5390802103094999,0.880175162729085,0.5454768848710865,0.4527886140013795,0.34607043501154977,0.34575077565355383,0.3087814664895916,0.34213776111980687,0.3510144917563507,0.3869550747265902,0.46469928810338423,0.48496064371006753,0.5038015223856833,0.5422881999938579,0.5764192433484394,0.5773702258485658,0.5082228114490556,0.2721233598331499,0.31529630122240704,0.4321718390844357,0.5654974710913574,0.578694216991301,0.6187853685007816,0.6397328176881931,0.6554684357925762,0.6434614456511367,0.6188963537263643,0.8148229511526113,0.5546105747688697,0.5106836953599366,0.4409172735299841,0.3414440794082847,0.20619874914980668,0.0031832820293254682,0.8247124380384456,1.1053153500676403,1.2332738349236072,1.1747292284398083,1.024145164305341,0.8971395536239386,0.7822740368822472,0.6961341186320928,0.6248954722181537,0.5102560526350994,0.447389596955752,0.3299837646530339,0.1997938294358248,-0.004086239452950946,-0.19226196461045375,0.15195068542477286,1.0017395358146013,1.1447676762058874,1.1996144107559221,1.091323141736457,0.6558000805087241,0.5982416693259907,0.48355285055326386,0.4177830719474357,0.0,0.0,0.0,0.0,0.44347352185274813,0.6977314879890981,0.6513070886014495,0.3753656424641303,0.9364570032464592,1.0543658656120973,1.0549893094291352,1.0675285960780743,1.0810214880344595,1.116700678229395,1.0900247439875441,1.0160525973521475,0.8820333600457091,0.8282643009709374,0.6632417014635472,0.5497691295242753,0.4721719674388365,0.34433887437764704,0.2249480817918985,0.6051058617043541,0.9580439485017744,1.1007048597142461,1.1923848123728695,1.3461499118143414,1.5515695653254709,1.653055526548056,1.801127348390553,1.7322871838752507,1.5729747408120962,0.6814688528054,1.3657661049265553,1.2181372676523994,1.0309914043363742,0.7999138765567672,0.6237836223677765,0.3631821511105184,0.879767280123905,1.2392985902076206,1.4539213407992797,1.7434358335259292,1.9173682510198695,1.9030460217805236,1.9273162878576873,1.7250537664622063,1.6454519737847733,1.3980670099566863,1.2151938063104972,0.9466349397105523,0.7236926963620774,0.5128712662321193,0.3209447512470819,0.11659198147098242,0.15363259142641883,0.8437842292926686,1.6455485109214432,1.7660845937550844,0.6580224487993963,0.4691669038007171,0.42908613902734793,0.5382809867844565,0.6595654221485618,0.6540372932224618,0.6316485421030384,1.0284807050558793,0.7807394976809238,0.6191435225052323,0.5275944584950624,-0.09291842985874182,0.2468381047777744,0.9984556195510914,2.2733583919140132,1.9235753259126611,1.9794120275410831,1.6022331695873513,1.266679931600324,1.0237794771042101,0.6965177315913673,0.4772834735564082,0.2863751506310255,0.13439593489237311,-0.03251023161601152,-0.13789388079768794,-0.29464367349038745,-0.33726511264392467,0.11655513274186019,0.9862112224980466,1.2720132261886636,1.2322975904766529,1.3068385217265313,1.2345148255350435,0.9992101626001322,0.7705105598779733,0.5629571537185265,0.607527281537552,0.28083213167689713,0.14652274235521623,0.030154891244201343,-0.039491492369960524,-0.162666928838189,-0.2853144023472095,-0.33189664122478296,0.19030560042052452,0.7771353330640312,0.9990371510747789,1.0636907002599245,1.0820625249769786,1.1012844146565777,0.9723360855580432,0.8488183789323531,0.7162799091838099,0.6253847237136723,0.5178890765534054,0.39490794256473594,0.26927972261536137,0.12872274264922756,0.02463242429769852,-0.003882110882862,0.33150758390228974,0.7520778927600674,0.9428966496375637,0.0,0.0,0.0,0.0,0.0
2025-06-01 17:57:00.104,1,0.0,0.0,0.0,0.0,0.0,0.0,0.5828406772137554,0.37960098363893735,0.2905961470305336,0.12894345923148087,-0.011843300380210975,-0.10881455275928476,-0.06232035348254006,-0.06995835362965319,-0.03133874237362633,0.06978382778160352,0.16176507073945995,0.2769162523339349,0.3211158796164731,0.34234411854521807,0.3900918050826924,0.3177524439148138,0.144338591728764,0.019377523004369623,-0.10530197945919129,-0.16959428177817426,-0.16489883211111434,-0.1358081604493271,-0.045971088771691315,0.030924508740339363,0.09784776813007134,0.19336920441448102,0.3194461918970204,0.2774335830140826,0.2811997631531991,0.3027994410624646,0.29358541912115366,0.1392137001769881,0.13792303883032297,0.32656550342816537,0.24743641191075738,0.18488120876559955,0.15851146378371417,0.1212774186320782,0.14129966522769544,0.08531903632525673,0.14238219198190194,0.10221578635731099,0.15888555561404516,0.13250772500927144,0.21815608329434955,0.18615719307879713,0.256993143544263,0.3861047074359664,0.5931901089341114,0.629524738635295,0.4647231267399098,0.4167637045417827,0.2923781200834632,0.48515119636206744,0.6791730497896358,0.468997094041497,0.33956319192725193,0.49279868000680094,0.5145199696834816,0.625528853313137,0.6490058278001081,0.4983097065702804,0.631190367783715,0.6388455673121638,0.8625611809982676,0.5155900596970346,0.4317397395931093,0.3150421968642816,0.3347467579437362,0.3069249786421915,0.3546940348829748,0.35855664901654305,0.39219985914879474,0.47030826326746245,0.5055866992200346,0.5185859321077013,0.552011073565443,0.5846465089506772,0.5849192122060505,0.527547284307978,0.2911450975412567,0.27990946169413394,0.3989379045119522,0.5463290071360083,0.563698128313904,0.6140612825557141,0.6403834876013055,0.6607119495207883,0.6528262219764938,0.6292257600705284,0.903652056687086,0.5681005551283003,0.5178953014646982,0.4572932783619149,0.3497813329732593,0.21469063785968018,0.01756677113152208,0.8315664353010893,1.128316010972147,1.2577249685540384,1.1908525980377307,1.0474254839951092,0.9245649874313606,0.8060434731391699,0.7235180246837305,0.6413846065455371,0.531134239411315,0.4606240044071692,0.3445777695928123,0.20168646599558482,0.004850238317880451,-0.1890556283153101,0.15820642621903347,1.0108062281217332,1.1628099406521621,1.2119045298274007,1.1102587717816668,0.6756207906709988,0.7034868476422032,0.2777312330306599,0.31114438731126814,0.0,0.0,0.0,0.0,0.4826122979677505,0.5554857425565711,0.6349052183519268,0.37217411129280775,0.9372333227656364,1.0553653236579095,1.0494285541030566,1.053513387771706,1.0701915074840522,1.1048582602028445,1.0767630245769313,0.9991746983902967,0.8703761170687034,0.8141776310819435,0.6558095562120723,0.5490975922566899,0.4664968361817192,0.3498557772106841,0.230049221026895,0.5886839367597128,0.9486575051182913,1.0828373392848054,1.1681930487153498,1.3144058289831073,1.5207429729100854,1.6293441021586301,1.7678416806880346,1.6965446381010232,1.553717512778032,0.6491271324151338,1.3529035559785578,1.2072134654888278,1.020573862368969,0.7939189622431465,0.6192070586851917,0.3518393767505226,0.8566661970449702,1.2273957126562915,1.4339839936973817,1.717889849930838,1.9001029163816137,1.9034373022681825,1.898118357990358,1.7153102957094186,1.62593767608923,1.3928324510354035,1.1912065788878663,0.9279023080205199,0.7148529295252372,0.49867448382456286,0.30816612869816307,0.1083639410765732,0.1669580905165154,0.8530055884379377,1.6474458686541684,1.7753266951145283,0.4444910134786598,0.5491792443651254,0.45259314823340224,0.46212027052436155,0.7661843197985374,0.7417628990631969,0.51855354374939,1.0504777257454505,0.8320277766321434,0.7045010779873153,0.45424001644087175,-0.07860486522797944,0.26475529379580076,1.0192237302156246,2.281002283486345,1.9203156403806376,1.987668944236904,1.5971981348245703,1.2744033677937774,0.9941091079879101,0.6747158627556387,0.4210914709193412,0.2761537266079346,0.11729493661992385,-0.04923933897256505,-0.1582544398810024,-0.3207420842289547,-0.30680826652336246,0.16251055028704237,1.0042346063995138,1.2893050374103285,1.2404741922517462,1.3177052692083322,1.232880385463553,0.9975457478777607,0.7618748395487616,0.5565751281139153,0.5016641460351664,0.26081027741150087,0.12432326084511192,0.023865420812305915,-0.06632385591149992,-0.17649566568758834,-0.31225020924948726,-0.3097125873847226,0.23421622635206535,0.8574975876047399,1.0374921246660156,1.0979077919513642,1.0979075340960256,1.1317341732611923,0.982716417020451,0.8521593973264427,0.7225324654363174,0.6210448861232445,0.5010875614120998,0.38009914364789155,0.26093814204107746,0.10267939275813343,0.009016989624789695,0.027994128949811403,0.38870086543330684,0.825080917107288,0.9907996745707639,0.0,0.0,0.0,0.0,0.0
2025-06-01 17:57:00.107,1,0.0,0.0,0.0,0.0,0.0,0.0,0.5488860733422507,0.37103123190250575,0.26154916436779485,0.11204225021039471,-0.025928684288868298,-0.1123777704818284,-0.06730755725692394,-0.06942287787467205,-0.02458255197736825,0.08502292946514245,0.16809634683359637,0.28601541280019527,0.32375858577049194,0.3560287449354811,0.39131476239849655,0.3321354797093883,0.1570865438944149,0.0017965008425295803,-0.11298475989505297,-0.18964165493507956,-0.19151154741113552,-0.15341164347684355,-0.06662358352601117,0.008143399218144776,0.07048791368162477,0.1612684355506515,0.19427945179932077,0.2681246726359132,0.2754722272848234,0.30233265625317385,0.29564862398461117,0.20208534047942928,0.1480446982195635,0.3162466801978384,0.2229781516881214,0.13325531716912886,0.1254878964884769,0.05993357924122811,0.10166663339041704,0.02450353923328663,0.06547939745241482,0.06814244522543822,0.11022171867968,0.10542174231141244,0.22323358917957437,0.22667017694463337,0.24645649293139138,0.4169440061985415,0.6149965799591989,0.589082964351546,0.3971057426331185,0.3284686805542789,0.22201565323789363,0.4481277975381867,0.5196394719808987,0.47857697579397235,0.23025397130356245,0.5956718868847828,0.5516451251959733,0.6129154882879824,0.6417430532543547,0.5034200788173142,0.7341003680203789,0.548834113449011,0.8633877229323104,0.5019073224581336,0.38383072474755187,0.25525972612714054,0.2864655558423397,0.2552793570119458,0.32943113251774125,0.34074496198135584,0.36800886869917315,0.4615530078780723,0.4942041420611589,0.5116951224753536,0.5573193987565818,0.5963367918784683,0.6078261809814929,0.556266654852117,0.3551158820401151,0.23345220839905179,0.3331853371725516,0.4729716754872815,0.5022862615896644,0.567686117639213,0.5954691660062976,0.6299994739883727,0.634917858099624,0.6111329024926488,0.824560257473893,0.5657230496075452,0.5222527008968575,0.46554075108238224,0.36590668764494283,0.24231966835937552,-0.0025846577238976265,0.7634278409987176,1.0621262988602402,1.192849044163411,1.136527571243337,1.0026557357364496,0.8980014637219604,0.787321610790622,0.7103236048387895,0.6335470591406518,0.5363880858467209,0.45803270338447954,0.35054128789262706,0.2104591079948923,0.016274465784097858,-0.1997648538759983,0.12292070668851518,0.9694002432176682,1.1418770455370857,1.1922638144505422,1.105059224817487,0.5696328911241464,0.6559774343866145,0.38460858331934183,0.26812338639594824,0.0,0.0,0.0,0.0,0.35770987167218127,0.5567102163224873,0.763450271083273,0.3216974127031953,0.9119569960665699,1.0456276469455472,1.0483045821229147,1.04217625677913,1.0662443907816506,1.1143558569424432,1.103472592016192,1.0351849970663225,0.8993849215938612,0.8586423552644451,0.7108227778794729,0.5951145686501251,0.5108042203741077,0.4123618598456636,0.2882789227366453,0.5605028524047537,0.9150612120792714,1.056584475363938,1.1438515508305598,1.300403437530258,1.519692981102324,1.6400833696693056,1.787600601055697,1.730630184420771,1.5976123300862317,0.7444370751610265,1.4108660374128559,1.2594106441530655,1.0810393544037704,0.8536868620442589,0.6700188979557529,0.3874563422561816,0.8189236171177645,1.1988638830965659,1.4023428441855899,1.6975718597228335,1.8944121228916702,1.917376073645807,1.9246657456316538,1.7626180191687844,1.6684697798117876,1.4472782775204256,1.2460662843775916,0.986865321352595,0.7660586329854112,0.544294446256945,0.34548378218431064,0.13689204193912996,0.14005454546385365,0.8247464315437494,1.6305099032191173,1.7848889852204715,0.4246507148083076,0.6028041154141301,0.5118684856758808,0.4073133506889185,0.7020676987975825,0.6139550138525772,0.2998726814733885,0.8536994138104546,0.7554233903697244,0.5371926441122866,0.3547593051359811,-0.07479102396323395,0.24134779443222348,0.9900729548646869,2.24378209541568,1.9270238543408797,2.012899273877631,1.6081586891804243,1.3182183165496049,1.0536494982185327,0.7132496802422004,0.4664359234772879,0.3340822986367973,0.15519341253371222,-0.0026870301969688093,-0.13690966711137253,-0.28062655072861226,-0.3029342695836948,0.15188849314613923,0.9883538775673049,1.2832540875308336,1.2378945262155008,1.3535704589175648,1.2971454134287412,1.05606386815609,0.8157710104397122,0.6140311452042464,0.6424346217323208,0.3046848442855008,0.17976566369897173,0.08430714411629814,-0.02312841011021649,-0.14269143460043077,-0.2763401003344529,-0.2902628160389432,0.23816850859254418,0.868886984791458,1.0628133443007792,1.129996204982386,1.137454074655299,1.2022808779057823,1.0454457314000098,0.912658013081046,0.7777846746617147,0.6741338449413699,0.5577249516785641,0.42069940754360835,0.2953584644881204,0.14444363376334057,0.03624599814634821,0.07478047028526041,0.42509448870601985,0.8648085983998454,1.0453365426915666,0.0,0.0,0.0,0.0,0.0
2025-06-01 17:57:00.112,1,0.0,0.0,0.0,0.0,0.0,0.0,0.5558793508773621,0.3576064495343162,0.21324140967657312,0.0804547900894863,-0.06728549855086796,-0.14838281568791445,-0.1046465217541589,-0.07890769345847226,-0.028461098479457436,0.0896661833130813,0.17188685990034053,0.29304698664854767,0.3546155962276079,0.385923196763138,0.4217628466763408,0.37513980481030806,0.16808973294821622,-0.0022041803564590012,-0.16727474748807558,-0.21918120175806555,-0.22078864845639434,-0.16934559671329796,-0.08259655235420915,0.007073976858846365,0.08732304098526633,0.16352925002985064,0.2309186893903189,0.28274894190537714,0.30012282832420195,0.3333029136185077,0.312733967894335,0.2268359397746189,0.10374787670758745,0.285375422425048,0.1963890037044249,0.13059947910536107,0.09865004411911982,0.019349810410500323,0.09342795040792984,0.014389998988766584,0.07615692281277875,0.09789010688639443,0.10986065472977447,0.10572668563829057,0.2660129008528369,0.22370894042909034,0.2508863670703395,0.4191570388839874,0.5695643137667933,0.5564748364947733,0.34283722479592305,0.27736329619545774,0.16455314887385497,0.6040779928782349,0.6122573198260522,0.46115756264023305,0.3972313768524818,0.5599934442872487,0.3878436144579642,0.5564985745169043,0.687230101186296,0.509818307966637,0.8319763610200483,0.515780472892876,0.8625553945596189,0.4886055014422229,0.32623451416463967,0.2271552542670563,0.23425263233375415,0.22655759774892137,0.3100173960661077,0.3323345749046773,0.36388877014752685,0.4501786050505934,0.5009770169870322,0.5267349835792721,0.570093533389968,0.6061709491437721,0.6204977966505676,0.5980782376534776,0.41201761272114446,0.202214655738912,0.28806706155809125,0.4232783335780581,0.46828115242646495,0.5460433351804375,0.5852297626720966,0.6146637411172091,0.6179473758956044,0.6119297532855825,0.8415120830364258,0.5689569848151728,0.5151004742850839,0.47191163625584676,0.3878880212146105,0.25487074269024373,0.010867021775139901,0.7278732692837703,1.0109577662038567,1.156348495493786,1.0944250515917482,0.9746601510575961,0.8867255176001063,0.7853873707257786,0.7112078063896643,0.6235747260909064,0.5469143253548996,0.4487889643225109,0.3638524228286728,0.21922911228564446,0.029128499862782986,-0.19488835735641546,0.13505728764735214,0.9578984813265031,1.1572424255939118,1.1896263671206593,1.1089494893937608,0.3317040351961777,0.7956595923750638,0.26855488019542567,0.3747900681854963,0.0,0.0,0.0,0.0,0.5051260136407267,0.4864127096594058,0.5790788248171306,0.3299287599170244,0.9265494674891064,1.0641371086271776,1.0795263627805656,1.0669206031932292,1.113099611579943,1.1463544481594903,1.1549454490863122,1.0731180054334355,0.9319108005473113,0.8991300150937498,0.7384154323241217,0.6111019013935892,0.5216213353274874,0.4252572104394921,0.3110319290266517,0.6016296254995497,0.9325349215363907,1.0872460961281167,1.1681772907682264,1.3424603699603814,1.5585139328842972,1.6850357876618935,1.8248229063857546,1.7695190274355668,1.6384652365127017,0.6151357779003996,1.4476544563557399,1.2739434646848462,1.0917741790216406,0.8605176384133563,0.6755554598345336,0.3845875566268978,0.8382880418070344,1.229823341183481,1.4304448444410731,1.7412175799245377,1.9479503192652414,1.9600071171353093,1.9773714254761612,1.8091796485638703,1.7061859166066293,1.492249031902059,1.2674038249829733,1.0051448227957418,0.7761162757126464,0.5493802977506885,0.3374594792782777,0.12776956656578886,0.1619229526537359,0.8690234202692946,1.6908637695752988,1.8473068789957878,0.4006529730059134,0.5404806329944929,0.565788431672548,0.20288487460853433,0.4505438520009623,0.8150774017170083,0.2889223960420502,0.8421929083386301,0.8563843349049839,0.4456071997869425,0.19305706303999035,-0.06551176381034063,0.28603616837572016,1.0338457347631205,2.3807617008743853,2.0187511431003258,2.09831932684256,1.6709197703763379,1.396734914189356,1.0853035655099807,0.755924840366468,0.49614582943616226,0.35947603794448835,0.16314500503254048,-0.0026857157594472048,-0.16335980926170668,-0.29902606061785136,-0.2744903964993605,0.22405591188363144,1.0787463136530808,1.3482613243287525,1.282010259183192,1.4234166494030145,1.3636706710961166,1.1155556385446737,0.8619015366439011,0.6367743414900591,0.5095822353269468,0.30931700528045303,0.17095309805282954,0.060023292655899896,-0.06497507760707866,-0.19091686267142682,-0.3053969123991127,-0.22234445101275194,0.34416969946507775,1.0197887634760578,1.1461911806486116,1.1966567696012063,1.2110939687040847,1.2617556825585274,1.102205284652113,0.9339934863097334,0.7895095240375782,0.6666600091382375,0.529599476406474,0.39214875184048137,0.2600093965466137,0.11455672939331996,0.019519500713032545,0.1284540807929389,0.5407512804081532,1.001082519091086,1.1804294981807582,0.0,0.0,0.0,0.0,0.0
2025-06-01 17:57:00.116,1,0.0,0.0,0.0,0.0,0.0,0.0,0.523344401018047,0.3462029480914123,0.21951157293639056,0.0941304830651255,-0.04797735785256607,-0.13417870793243936,-0.09879075460536113,-0.08771722905708024,-0.026034066217046847,0.08176467729871095,0.15329191360786337,0.2720547892130012,0.3137452366853252,0.3554902690443832,0.37761802781027387,0.31763902344958755,0.11047952889338243,0.025542413792219387,-0.0868393097338328,-0.14109443354296392,-0.16617769215995493,-0.13618425123028088,-0.0633904892406052,0.003752661432157689,0.08928032482963899,0.13637302437549192,0.1918532200780867,0.23399129192387602,0.2586469388836477,0.29044522656685157,0.28058141558975414,0.2286292552200791,0.24956986889246396,0.3715243682016912,0.2882829315867348,0.1951343898999347,0.09205971625661835,0.04110500608543788,0.09048959175377536,-0.006339858269463594,0.0689677704858882,0.07447550593532692,0.06985681075852135,0.0704231991265093,0.25301962171066406,0.23178737514441322,0.2462351589012346,0.47169030503507087,0.6026215373484819,0.6163716752647481,0.40752289565041233,0.2615568726359676,0.17085454640509656,0.6530500819165241,0.48530630849587963,0.5100347767754589,0.45655181440591186,0.8589330895694371,0.22666166819797973,0.5485107013908098,0.9223257825600151,0.5304894898270913,0.828104582478491,0.6290122592759264,0.8859761214664255,0.5069246588654361,0.3608186088599665,0.24370908771625355,0.24238141311353978,0.23015999355521766,0.3056937265060953,0.310468767472009,0.34299867102605797,0.40506918620588706,0.46361207241727165,0.4934084175503144,0.5368499747640442,0.5584128239434898,0.562526209747851,0.5415404740920772,0.33626982192772875,0.25875266519158496,0.3553684539683698,0.47230282019612946,0.49437464327038727,0.5620175539564742,0.577603966602632,0.5944390201027532,0.5941832636838438,0.582833608658903,0.6374829927969656,0.5379752676823757,0.4747129478908795,0.4281202040395634,0.34291028407036683,0.2007772970307174,-0.027402926070396683,0.7793003664919856,1.0566984277318552,1.191572253990984,1.114678942076844,0.970536689571637,0.8683934781571041,0.7752269874546167,0.6925347302473335,0.593221427562127,0.5199188051403745,0.41989642745985045,0.33084948379542856,0.18871256851376716,0.0022380790717879684,-0.22999331528599776,0.14012776727521487,0.9673958627331488,1.1699141290959054,1.2007866900353517,1.1186005773796714,0.3958170788294649,0.7891760504402388,0.39233168904047083,0.25534370318511124,0.0,0.0,0.0,0.0,0.4139000973960577,0.39863598572308906,0.6453677590352179,0.3319173514459719,0.9308159827211968,1.0698970112354087,1.0869663984039082,1.0765338083771292,1.1258611087948556,1.1608801117552143,1.1749151988572226,1.0989315026658093,0.9377025660473142,0.9304403393394396,0.7635888784166363,0.6334560635306656,0.5513694506609195,0.4630560327287839,0.3467979225096895,0.6037233763441143,0.91424925205031,1.0704948053821057,1.1580857331465195,1.3180221014787854,1.5384497221001883,1.6647314762884249,1.808589833202289,1.7659903787272608,1.6425850888941584,0.6139363760127048,1.4835846785885258,1.3160324721249639,1.138219625003487,0.92015577671222,0.7352373091218731,0.43505742108792894,0.7890150714693764,1.1410934060109559,1.3541470930965702,1.6525551014617823,1.8617339869355822,1.913918932338338,1.9441165530818685,1.7963572250848372,1.707013108153315,1.5070995885731429,1.2958302312332837,1.040501756616111,0.8272376676849597,0.6063922353728399,0.38987767294721376,0.1954413436204369,0.11558703233351164,0.7687682032558243,1.5614975526051986,1.7412135886032223,0.5363730932700809,0.6096875426655274,0.6606098364031303,0.3594892437647449,0.2974791983496922,0.6659434180648496,0.25694229344331937,0.7381921690178381,0.682033718948872,0.4152002076074133,0.4502414883947473,-0.0389814464468472,0.22458382556738848,0.9336097427023646,2.223121112340074,1.915439897762888,2.0034074118604885,1.6162527541136327,1.3536337900435484,1.0834171026127937,0.7750074862722951,0.5158017611270318,0.4044811176493708,0.20664291458606687,0.07665864329952266,-0.07336783440877348,-0.22649841411157767,-0.2559847029222185,0.08050350150418811,0.9163258434764532,1.2486940882933633,1.211584318463208,1.3451925684314174,1.2865901288085093,1.0904291997069273,0.8748485657417013,0.6574038275097405,0.6120802714562771,0.3635353897016176,0.24073870841864697,0.13950051027687183,0.018127069004565954,-0.07538046070888293,-0.17339348114504427,-0.17135662683657354,0.24940801510284155,0.854455899105258,1.034929594428579,1.1113345204721785,1.1552792906083194,1.205245081300998,1.0802706690062065,0.9485339862207436,0.8237868511652937,0.7226079866151558,0.5999090607236941,0.47436000641663845,0.36993682969706687,0.23896524820030807,0.15663398810121987,0.22221316863723012,0.49197365122327086,0.8586894607083698,1.031639832437882,0.0,0.0,0.0,0.0,0.0
2025-06-01 17:57:00.121,1,0.0,0.0,0.0,0.0,0.0,0.0,0.5542277803301715,0.3605832440962934,0.18311013381498276,0.05098113802815485,-0.06380671430550433,-0.1603285549750878,-0.13405890498291528,-0.10214847990714981,-0.03113021246229508,0.07027918672623878,0.15607448614383584,0.26539330901982816,0.3129881818127415,0.35506607346263486,0.3840274853507777,0.3192024484128659,0.13991784581701727,0.03287440512817991,-0.1028983097627153,-0.14422367971364347,-0.16304405053050908,-0.13415210764061536,-0.06458631895969402,-0.0031113492964454093,0.08257004063538109,0.12829848951760559,0.19811938654358735,0.22906364656822842,0.2550141627876478,0.2762733693023147,0.2901738475573492,0.2731123110392558,0.28276480033521806,0.3833161486111274,0.27171776965142225,0.1645854908072204,0.06258061138117244,0.03210304441467238,0.08354721145355315,-0.03262728753148736,0.059514346939396834,0.09426222343444457,0.050933888471488165,0.0926375958984017,0.23768904931346257,0.26647980817866374,0.28776226638085467,0.5047042065710141,0.6737495096440143,0.6153315111759636,0.4159059158894335,0.2453598399709036,0.14261346359629035,0.7848698637646525,0.38663352325138556,0.5314096948613067,0.6452825084661249,0.8756581210583543,0.23443624670423202,0.8148319604490024,0.7905538391020159,0.560182235725852,0.8803982365121086,0.7742020369864488,0.8907236398476064,0.5131276741845886,0.36309763991658084,0.21935068045916495,0.21953227950246101,0.22061814313959993,0.28010445255044236,0.27722163573274594,0.3167648537499492,0.38335280362139246,0.45044602711469794,0.4753157903897123,0.5251688391550929,0.5437823846041534,0.5564326912406448,0.5294391432616149,0.3289353741737493,0.2634304941952643,0.3610352326030929,0.47080876418890605,0.4920471287387924,0.5507435633573958,0.5606108204665952,0.5792990752819276,0.5857634728863426,0.5706600176749581,0.8312305700947886,0.5232700291606702,0.4673221403435116,0.4180859461795642,0.3298095472742466,0.1940395157210864,-0.042002821576789,0.7767552796861275,1.0437211638252597,1.1753569224934188,1.0954718230767273,0.9519845388966732,0.8470664453796555,0.7654269640777249,0.681206828031562,0.5868223991024724,0.5068401531814977,0.4051177699476449,0.3109737760432876,0.16770138394597844,-0.016219895557938124,-0.25115655908491713,0.13962229910727753,0.9706432190694344,1.1647192033362397,1.2033546583557702,1.1161643611394776,0.41991674683843233,0.7332741435393499,0.38117376080537285,0.25092641832021007,0.0,0.0,0.0,0.0,0.5226218219794944,0.5098670897273292,0.7293619959378582,0.34834818530495726,0.9604875306407348,1.0759796553470036,1.0853847494273436,1.068953677824935,1.1352457672053362,1.1637185135309844,1.1797015484354683,1.1009478542138043,0.9514187382853567,0.9444607910069638,0.7772913782792494,0.6436430497767855,0.5659873952556362,0.4753835883635142,0.3666325599335916,0.6269660009867901,0.9284129208807401,1.0776816526955624,1.1596730635919097,1.3164433094511314,1.5385684227027039,1.6625507867642786,1.8026080480810251,1.7646646300846307,1.637627901148141,0.5136843325703333,1.4880490676266667,1.3291455190652468,1.1568077516316824,0.9304414523550238,0.7505513377907931,0.4671436964094368,0.7870116230195592,1.1328734489673467,1.3406621348295662,1.646447862547671,1.8446903172180962,1.9154456115109058,1.9495909147991046,1.800226929029012,1.7076425519426115,1.5101570468212189,1.3060548323049739,1.043460440217638,0.8357618627080644,0.6118580541797389,0.3936642370997908,0.2041978219411863,0.10402644461112101,0.76824338840722,1.559013953392696,1.7398819162581374,0.4774590234138061,0.6716814684708943,0.6850486797491084,0.47559238685283844,0.3362200021289677,0.46998285512407545,0.3304013651184518,0.4691700530188095,0.5593534395440132,0.39863030690750034,0.5843248654177605,-0.04637941167555648,0.2197838831496965,0.9388977448619316,2.2307164751960973,1.9053864722335623,1.9949718276579786,1.6190575099561877,1.3570616242503017,1.093114864310444,0.7734199751279689,0.5379254208779987,0.424212952837266,0.20973441206862065,0.0835038909155017,-0.08193138321472959,-0.22461209131651988,-0.2583655702607848,0.07413556931531756,0.8834756706506632,1.243694282229434,1.2173788159446022,1.338096312911953,1.2890183109058782,1.083627743343714,0.8902575089984108,0.664537759657162,0.5779443113071885,0.3897743364635333,0.2635808473350867,0.15467598684532335,0.0461079244825674,-0.060884701035791466,-0.15362628759227792,-0.15332454764137887,0.22207707271124094,0.8007288134401103,1.017864788195362,1.0900197656722086,1.1472471947207388,1.211188779527403,1.090305651917494,0.9702849901818382,0.8332042194281775,0.749109684873684,0.6247131363897604,0.5067051062776722,0.40786979175052385,0.27430787362712306,0.20386764221010822,0.23445700093220462,0.46870469506835977,0.8309273006706187,0.9998308033404655,0.0,0.0,0.0,0.0,0.0
2025-06-01 17:57:00.128,1,0.0,0.0,0.0,0.0,0.0,0.0,0.5384673439619949,0.352618298419081,0.16687020003422537,0.05764916128474662,-0.07161483033157978,-0.16571084376354261,-0.14663012533673592,-0.106807119995177,-0.04879129051588349,0.05501598304666211,0.12707569519261525,0.24802168004018943,0.27072976776401475,0.3232479031446521,0.3347159189417702,0.27198813124703825,0.15443161385087878,0.07337095801542814,-0.045062254263043,-0.09934012783442114,-0.10911924824704355,-0.10626913046792574,-0.04633068608745283,-0.004464741907638903,0.08060626459796483,0.10861119898012306,0.292649308031088,0.20209163932041763,0.21179548849304602,0.24113916184302273,0.24324091495461836,0.28917691703451975,0.4108845321827031,0.4626858897264269,0.3361379959493479,0.245846436379747,0.09237942378984432,0.0851439182258682,0.08382803693715757,0.01403461683771079,0.054306463585167886,0.09425488670592164,0.0459149665191847,0.08522234151480079,0.23617331638887318,0.24059827463937694,0.29441153391454783,0.5539316729649948,0.7382657510482741,0.6514786670426549,0.4772824910517751,0.31003748188598346,0.18659228966367314,0.9612896118728103,0.40237404916762787,0.6004706511910711,0.6613698539926773,0.7980309856725349,0.35222839815340057,0.6604857013248192,0.8517273934200409,0.5506610739835839,0.7486041827985954,0.7032075283897153,0.9366616741552272,0.5789378272227614,0.4308643752971679,0.28052694694078006,0.22806663263355453,0.22976089082621853,0.27741533507722815,0.2696357817990185,0.3006916501587171,0.3636227298336725,0.42881395858528637,0.4465195504582733,0.5053072345461319,0.5174055734116645,0.5318003609020112,0.5032109494828647,0.3432040941065602,0.3333063663925954,0.42927200014329225,0.5065232996345472,0.5114900756403382,0.5605091745581976,0.5478078983554777,0.56363611251109,0.5723655768775711,0.553697638447906,0.6840359762001984,0.5056423222456021,0.44791204200607726,0.39611687740890955,0.30221858688787406,0.1686195197225469,-0.06427123047999223,0.79349781844816,1.0649930992430314,1.1984544983850554,1.0987717775166888,0.9512665690381252,0.8399239915256749,0.7570113650952552,0.6664270119428308,0.5699618509083064,0.4912244496022722,0.3823062092152565,0.29002243971830577,0.1382629051982005,-0.05190192901938051,-0.2869628805714885,0.14434072545954407,0.9958582286324883,1.164322617769175,1.2101324328120344,1.1194625177468496,0.43199414559845556,0.7528399718809133,0.4396409460203498,0.28051255997910873,0.0,0.0,0.0,0.0,0.44885819865668686,0.7870664018707723,0.7763862238908213,0.36887025580703847,0.9816004788048294,1.081150758443893,1.0952429572022995,1.06658992500553,1.1331544531726514,1.1608638712032457,1.164772107410899,1.0798858997811966,0.9300916010032481,0.9180203508565166,0.7564119236190661,0.6277696466172946,0.5496758692073005,0.46367518280357817,0.3851145552574859,0.68069797933926,0.9469662202285238,1.0908908191329436,1.1601319927436935,1.3105271057357535,1.5280671190637467,1.6414824067919138,1.7823691015537064,1.747727477588944,1.6171646010159064,0.46717185948065615,1.4665053782649817,1.314986288345282,1.1538251057028845,0.9327028696267382,0.761780614251071,0.5101359994859431,0.8030735057514595,1.1218251520028601,1.3289046124468968,1.627225748922532,1.8240106346546408,1.8821979050950273,1.9324026520580895,1.7979341515723448,1.6891044703298954,1.4992183644812545,1.29795164382233,1.0506230322842645,0.8356257163763564,0.6119693710506617,0.39987525280665726,0.21251742386964523,0.0867484430949649,0.7557700723628032,1.5280153247888437,1.721028540303327,0.5698714799278128,0.6833925674590837,0.6552071875105538,0.45605392518300203,0.34363844115768133,0.44770518140082494,0.3543233172168024,0.5544243070007722,0.46897922772908485,0.33606559292645655,0.7622017485653275,-0.05588549975002827,0.1982830886377519,0.9269517158331122,2.228262838357412,1.9102895196780796,2.00395374313447,1.6232464191837166,1.336928830036354,1.1183611989455655,0.8036864822576673,0.5827009861947077,0.4265195031314799,0.22002447214093723,0.10799026761375408,-0.072559102807639,-0.2105628007981365,-0.2944205724156674,0.04090913836977034,0.8686471443981738,1.2196097883357555,1.202806526259706,1.3058400287383027,1.2904222797767637,1.0842168415180913,0.9055017433407795,0.664564307653513,0.6177228190337706,0.40590530388866863,0.28823977357506525,0.17261585930562617,0.07047875985944263,-0.038850576765199984,-0.13350538696477987,-0.17219562581078696,0.18617006653113027,0.7400946082144009,0.992061995798732,1.0609973335811569,1.1471994182482246,1.1944140882996628,1.0891911954042368,0.9678408669493206,0.8362074185840276,0.7639285517976502,0.6355336448576072,0.5298766230879659,0.4460358593377116,0.302552518826945,0.24281119042855026,0.2282830117720765,0.42566740120173097,0.7762962494462794,0.9492965776204485,0.0,0.0,0.0,0.0,0.0
2025-06-01 17:57:00.130,1,0.0,0.0,0.0,0.0,0.0,0.0,0.5726688858302128,0.3605712950780585,0.15916087480791052,0.056127983752541466,-0.08612576024251872,-0.17738460593151417,-0.15761953324537736,-0.12068653333215307,-0.05462668330417331,0.046315872644067,0.1255077578928943,0.24800642859145394,0.2678590618136201,0.3085309083573218,0.3382837990495621,0.26218609037210344,0.15459580361089847,0.08005734512413215,-0.04022824730707719,-0.08651941270401631,-0.09400635357664378,-0.1156270863529143,-0.05222175748868518,-0.012027406070700186,0.07583452958155923,0.10721944619973545,0.3715981585960997,0.184040543815432,0.18984056574007308,0.2186013365932705,0.20728712659429777,0.2958435463759651,0.46704005840929946,0.4944222994556351,0.39684728971145355,0.2779034284654385,0.09934541013647102,0.11694153287074771,0.105130674785334,0.04391257370597157,0.04567875833703883,0.05575977939990706,0.03852025428699557,0.07948250086035791,0.20958118816886595,0.19873917665939006,0.30120391453478645,0.557980439151414,0.7694444986415034,0.6893739212737681,0.5219732416537576,0.34916700690734515,0.19920589063287264,1.1900841046446975,0.5657375147963661,0.5564982208375975,0.8495325905835629,0.783787432483943,0.4544578711795557,0.8093065203662295,0.9126957858887415,0.4769804744387326,0.6225095166836188,0.9429375348225519,1.0072714592089285,0.6125088293380395,0.4823528177909897,0.3240477159797919,0.25151478294196594,0.2489048885354963,0.2673798954100113,0.25929410875578496,0.2834282903213381,0.3302986597597166,0.40677279934512356,0.4284463015177735,0.4705795190086922,0.4921737506904931,0.5009071801175917,0.4801338055816565,0.33303737786824317,0.3905954151012517,0.4807971488798791,0.5303307585679955,0.5330963394721606,0.5691746405421172,0.5436140639548634,0.5511522701420764,0.557429909642519,0.5348590835350657,0.5863173658526792,0.4823186985234378,0.41389760122062647,0.36408328985030447,0.2731156456063315,0.12682277984836593,-0.050598045825114554,0.8526585096288389,1.1152593483116013,1.2347830919802032,1.1156197195562425,0.965938100851863,0.8391269464540867,0.7474630618305302,0.6560668959198042,0.5532804734219428,0.46656944379355103,0.3553420275802148,0.2623394947077684,0.10467095466974241,-0.09449043964719928,-0.3249248022465384,0.19037407478025176,1.0600478900480161,1.2079068736350353,1.2407555859600692,1.1341578006191655,0.3463975336244905,0.7503739674232581,0.25123826478921346,0.3830438231463392,0.0,0.0,0.0,0.0,0.473273998445073,0.8732933372784866,0.7374636998936351,0.44975818618035124,1.0246035646827532,1.113842291101373,1.113667960372007,1.0848967401181873,1.1513937043793814,1.1561469813117473,1.1427527497029097,1.0458248434397732,0.88905200106029,0.876924562434624,0.7132212856697884,0.5819574094739497,0.5051249233913646,0.4262437477071775,0.3752094362489358,0.7697663702084023,1.0006806358276867,1.1261816357003946,1.1752514999105432,1.3128130801202365,1.521898314620726,1.6226268821559073,1.7440658240855975,1.6909752202479587,1.5677660609040782,0.4381673855281067,1.4041387862127155,1.2588945143160206,1.1014382597364367,0.893051790480547,0.7394842476221022,0.5240442964960361,0.8464842767564725,1.1575952886684413,1.341386604194717,1.6191137080306854,1.8029318348629095,1.8462653517787888,1.889110565552313,1.7467213430163386,1.636173064166674,1.4449432687680703,1.244248012094873,1.009384606470149,0.7988782156654465,0.5798609290576424,0.36980436134062433,0.18437841190197707,0.10415332350132572,0.7691147398593838,1.5272389344296768,1.6948007307179274,0.6302452121487739,0.6343198103479155,0.689716126362994,0.6957274945809796,0.3351696074873958,0.4552486162602646,0.6710786541704863,0.618085174310492,0.4697530111953101,0.4297345276794169,0.9667757073861621,-0.07796870816212093,0.20773630199426657,0.9649552608010508,2.2728543868142363,1.9185581512551486,1.9612864623458566,1.6089973280993246,1.2898621296063026,1.072711529696584,0.7624218600429671,0.5337824178925481,0.3718075419301301,0.19298238984598903,0.07223785377496372,-0.0977411605167735,-0.2531351345521227,-0.3178820959677266,0.038893409853544114,0.8831573252580978,1.2257404022701657,1.2113905763228379,1.2824503610703117,1.2592156955300833,1.0533029892147545,0.8811954746458455,0.6244504095839118,0.5989265904636499,0.3781280816632602,0.25935996476637513,0.13347339835256866,0.03607586668343543,-0.060930510615515576,-0.16889335380379733,-0.18406555100206667,0.2130734510949331,0.7694507168106322,0.9905941724283449,1.0445061126533486,1.139287393116385,1.1709171921640915,1.062076927983885,0.9464640771192259,0.814909576016521,0.7352895997738871,0.60734609951491,0.5075709476502208,0.4299468102174555,0.27519389842059383,0.231642577919157,0.21256401719677603,0.3919950145725667,0.7592768099046138,0.9332020483372865,0.0,0.0,0.0,0.0,0.0
2025-06-01 17:57:00.133,1,0.0,0.0,0.0,0.0,0.0,0.0,0.5418023363519182,0.3468663178948733,0.15558145661712663,0.05753870587835552,-0.08022743659515874,-0.1561018376892731,-0.1379168972739523,-0.11559103218277411,-0.03988263279594684,0.0435694969377074,0.13432010778556086,0.23563267862153892,0.24664232670524672,0.28258887261392807,0.2944062982873964,0.2183455141678593,0.15204797799806963,0.12618387544232723,0.05875327078629111,-0.009939541125153162,-0.034587733019999733,-0.0743397846036038,-0.012820126122803588,0.005343075450138235,0.0656575187302102,0.11376432579471851,0.41180750363600915,0.1555073337358832,0.1629442350016928,0.17753719548763494,0.1923050660916591,0.31320901015480607,0.5903649696128292,0.5785755028711352,0.48267525414763435,0.35376778045843293,0.19887253331247567,0.15519759445626757,0.12194253876517225,0.12510369834667778,0.06472649387846374,0.05959525770642293,0.03015823114629701,0.08510449338367332,0.17477955514467902,0.20668372200415314,0.30759112883041356,0.6163581660884114,0.8317174694042005,0.7252489172221281,0.6042106251277471,0.4047012102465537,0.267564267927046,1.0905078940149056,0.395640072506539,0.8958493271997969,0.7518989860861599,0.774853821094376,0.4953473311851805,0.9042685825297248,0.8752168619025373,0.7147795693283138,0.7781286716021862,1.0971440326463775,1.0054160576008422,0.6705784366141068,0.5605736778718509,0.4006889823563804,0.3217792539177773,0.29120726423002985,0.30626619734020966,0.27948291885253784,0.3031449437433753,0.33842721923284125,0.39141498837632827,0.407363334791943,0.44103807286616237,0.4643058469737633,0.47324117376829794,0.44413193084715796,0.2905312585216266,0.4693218457713139,0.5694440432373332,0.6042405301130562,0.5957585835188048,0.611187627829705,0.5646804725555574,0.5714861167742189,0.5728492792245627,0.5385542032113793,0.5782102306017822,0.4783569043580449,0.4133631279401814,0.3552747725567461,0.2518224723932968,0.10506475180824987,-0.03637781588155484,0.9021979649493478,1.1829451883577722,1.2953789221474508,1.174783634536,1.0023510626189391,0.8662480131002803,0.7696040159966695,0.6665885162665992,0.5732165182904969,0.4768933033227323,0.3736554492749724,0.2569169969388747,0.11044161531794927,-0.10322622763525269,-0.3314258451805014,0.18800735792126816,1.069205127975886,1.2107476580587364,1.2643607428342352,1.1500242277167414,0.2964645280089984,0.6063715290682654,0.18959865297465955,0.3307482548327715,0.0,0.0,0.0,0.0,0.3827959460520186,0.8610654472029504,0.8183603576086914,0.4383902767368135,1.0219489104189212,1.1099741891811652,1.1046572458617259,1.0890157144030201,1.148381965881043,1.1672675627065126,1.1510422499181456,1.0746725832684576,0.9134874984664583,0.8957281818010627,0.7321222375630436,0.6018118746990946,0.5240210855396448,0.4427494828393625,0.3660997986230841,0.7214449381344721,0.9847051819968988,1.1091851669699118,1.1556586255571295,1.2954941518108076,1.5213790961012215,1.621372672441133,1.7564012572276493,1.703688944979404,1.5805588271372086,0.46979698203785575,1.4163467770985747,1.2872169880982378,1.1326470558791408,0.9260571978629525,0.766824324236319,0.5344820775155112,0.7909109716570422,1.0909957061374513,1.2977316869013324,1.5868105093166613,1.7614285556065292,1.8170066291702114,1.878359822920693,1.7498202950485509,1.6462642802974208,1.4585600151479676,1.2780397907166083,1.0439143295816327,0.8332684518939476,0.6120128202520503,0.4070394993717661,0.2310289252559562,0.09037343817897062,0.7091301156233614,1.4608267875652943,1.637985993237173,0.5308718617919492,0.6919016881142764,0.7785725249225596,0.82126016881301,0.4954763852500563,0.37176415052977596,0.5961079778083649,0.5952183783963947,0.4111326665253101,0.47134390764026457,0.9183467621590896,-0.050662309969081665,0.20360660025165594,0.9492654331121109,2.2083644010946224,1.8620969284701496,1.939784319024973,1.5874927905601974,1.2824778835439379,1.0864386618619677,0.7613668379165357,0.5405086368829766,0.3944689048496801,0.2059021055137522,0.11137905415094318,-0.05777210218985396,-0.2112832187538385,-0.2831833148695281,0.0011580564460346165,0.8390672470895368,1.181541237296502,1.1966637393912383,1.2613375779081633,1.2655449460519692,1.0652306459336653,0.9068696734381942,0.6405079692632765,0.6069846158798144,0.42027182720760825,0.3054453638322845,0.18364691097915053,0.09963829532658319,-0.0055343158862565245,-0.13147295850531826,-0.20682608155245963,0.15243232683838687,0.6993427487926009,0.966119846427262,1.0238518651634019,1.1297637743388276,1.1784911914600853,1.0622918636936896,0.9764329296748961,0.8516642484928936,0.780929504886611,0.6593208869306331,0.564419635223675,0.4967747712735542,0.3442621480439164,0.2894878397260304,0.20993626639530655,0.332318763818935,0.6649550986048257,0.828944318129353,0.0,0.0,0.0,0.0,0.0
2025-06-01 17:57:00.137,1,0.0,0.0,0.0,0.0,0.0,0.0,0.47521955528268855,0.32816822219551944,0.13846838834115638,0.05729051320162293,-0.07626201686049694,-0.14775764760603272,-0.16018759343501854,-0.1177097254797036,-0.05564375052228354,0.01898373761002281,0.11053014009930323,0.19656913167892442,0.22154871930543502,0.24029963747977368,0.24374575818943955,0.1774325818138084,0.1721812390982866,0.16971643011991167,0.10593873405651744,0.019056896455263983,0.002965555093691341,-0.03699817048329623,0.009806089708677801,0.0181476728661345,0.06070193548539882,0.10570164914204161,0.5211867799813275,0.12758378902040646,0.1252354926588894,0.12414136223888442,0.15320025113671987,0.3268471054034815,0.6604398966546041,0.6554050514992409,0.5788348350591307,0.43911512803927577,0.3050973106856205,0.20843111138986448,0.16787958904806843,0.13121537486275825,0.06668012203801088,0.0767445187608432,0.03695908007737514,0.08086510359534471,0.13177828784983203,0.16748543474615252,0.30921663956483847,0.677889204882399,0.9654889425209526,0.7642213900710807,0.6716130077177928,0.48660106312831486,0.3449190506358797,0.8515095497235745,0.6129835586903195,0.8638317347570272,0.6791732202012872,0.5640993083049338,0.5287998443015821,0.8782336684302077,0.817385691417311,0.7123894467447847,0.626836992123115,0.9505710133283485,1.0795999879607683,0.7518747393676489,0.6380622041860926,0.4415083190176867,0.3406594043634177,0.2812223128699076,0.30494788337516443,0.28253113418939346,0.2920187276877122,0.32167648441275243,0.3766718176338053,0.3911324751545231,0.41925073207110153,0.44946051274243337,0.4722209452769,0.4515359365280881,0.3530075258414514,0.516696552107974,0.5780717831852814,0.6200311610996774,0.5942678073461334,0.6047613051108096,0.5557622107478508,0.5667515890564245,0.5653829225145715,0.5293703437166979,0.5616186613827905,0.46807739091468314,0.4065362979370478,0.34796592117119685,0.2415419843424378,0.09500380643345568,0.0005230094889331627,0.9363906180760896,1.19915011067092,1.3174639366789664,1.1760663812671848,1.0081304038811163,0.8711927264908079,0.7706974031362575,0.6617339118948604,0.5770450511011755,0.46857716417449335,0.36512943202994985,0.25107975084094236,0.09060499520935972,-0.1242643703373868,-0.3577661054422837,0.1932138577526653,1.0783026226549377,1.2179888447088145,1.2613706156025823,1.147088021224089,0.35330592274642975,0.6583573815245389,0.1566160679179251,0.40994696125433194,0.0,0.0,0.0,0.0,0.2719337572887385,0.9451400753256156,0.8171557332476512,0.46483912672883265,1.0288456244813748,1.1129005859645549,1.1134084732758762,1.0867828700411901,1.1361026192418444,1.1725759428190863,1.1505156489700492,1.0734659730755793,0.9207933592296551,0.8824029925001597,0.7281313070127811,0.5955534678182877,0.5077899512014872,0.433507071463563,0.37267744720568236,0.7506954549039664,1.0058590136614425,1.1270237975974704,1.1575469708626616,1.3130343004537348,1.5469037615726482,1.6392242218997763,1.7659142578776987,1.705739811283182,1.591382399478553,0.5911138556214064,1.4044375034511036,1.271309946229585,1.1179883444468366,0.9161939039590038,0.7515240107233299,0.5214975045514166,0.8020690916768404,1.1175016481797948,1.3258708014470653,1.621777986453815,1.7949415408968044,1.8375240435260831,1.8901489254519017,1.7554401147813856,1.6493322411632452,1.4603610903534974,1.2690654069616625,1.034946398869962,0.8221647913656681,0.598618617008652,0.39294691134256077,0.2060917485280248,0.08567889544230917,0.7454304342607775,1.4968379507094585,1.670789158411647,0.545933926713818,0.6791206818431456,0.7956232744051067,0.7351945217957302,0.743152235906591,0.35068966373560284,0.6425109779650728,0.5287390101049445,0.515527860952902,0.4237118755671816,0.8699178169320169,-0.04264437825176409,0.24209030595429004,1.0003624678770857,2.2831660781296614,1.885580620857603,1.957685704140407,1.5891547600507785,1.290063373275134,1.0724446743604985,0.7418169218268986,0.5065676562539041,0.3493587971343497,0.16735218478542446,0.05994287717150337,-0.122999187198645,-0.22651377155331592,-0.2910878683572548,0.10424104181301025,0.9584550908652074,1.2283555770596408,1.2233437997963275,1.3026865230303928,1.2936647230183629,1.0634298476633166,0.8700917098689673,0.6231128189167248,0.5303676163193748,0.36860056140895736,0.2532937243020812,0.11989079047933848,0.04012856742014248,-0.08989722745972983,-0.220474991296784,-0.24661150835046539,0.24502494146157366,0.8517528628001423,1.0531005136122715,1.0825607363213057,1.1799913690016994,1.2424013584485372,1.0858724327824785,0.9759621343819527,0.830340950335964,0.7378283942969728,0.6057059886031406,0.4962762978472328,0.40920153418461225,0.25302381482599545,0.19312231658654477,0.13729117497669957,0.3383005522834721,0.7337093224543668,0.9178631561921147,0.0,0.0,0.0,0.0,0.0
2025-06-01 17:57:00.141,1,0.0,0.0,0.0,0.0,0.0,0.0,0.45249601856304655,0.2759669810103895,0.09145995486317027,0.02658764545531689,-0.10859370709439198,-0.1653873181725819,-0.1541208939859533,-0.11745080845340361,-0.06454698101594691,0.02238769019874398,0.10937139478505481,0.20015022566987517,0.21856580674399845,0.23369660290900118,0.2382675794883341,0.15100391766650534,0.14937480651163854,0.18913726172081718,0.12129473596082962,0.042791076495152236,0.024102011935190015,-0.031873260353138866,0.02055628222694761,0.023699047630356906,0.057327420751154046,0.10475041479017222,0.5885841612201189,0.11342372522079625,0.10047143859264202,0.0997312517291962,0.12599102856235295,0.2999364983518764,0.7231079645082172,0.690170857606896,0.6060172640710525,0.5419159189357841,0.35835988731973045,0.2502407997927998,0.17621200073014176,0.12302659288360318,0.05700436399614017,0.04676234708744886,0.07391477413657377,0.040941437341958875,0.07914448595366752,0.11566915405245759,0.294127241919583,0.7025562160436309,0.9978981718957597,0.7874199948109579,0.7069865544670696,0.5213482977479253,0.38617958560497545,0.7950326613473999,0.5710305738302984,0.950391995650206,0.5388538837291216,0.6501111725573452,0.5192081644072815,0.7068274096119103,0.7538319812723717,0.6682637199547834,0.40389350634306775,0.9189763305665668,1.1311624054949196,0.7886937068258201,0.662785156002168,0.4696933855440075,0.3690759100268435,0.28914918943395085,0.3011151807320256,0.2835112933591979,0.2894596015307722,0.3160168917186106,0.3701821345503171,0.39296745620063667,0.4152377268279678,0.447716635361044,0.46334447228218983,0.47034936759979107,0.4083581541185024,0.5399878609279725,0.5842641283051709,0.6175582252631286,0.5796859476738354,0.5910820867622271,0.5587925190756571,0.5577140401368932,0.5529844469771037,0.5275779979346771,0.3628325033221929,0.4728966719508383,0.40637232587223304,0.3519855425517683,0.24398625073604652,0.1030845436983549,0.0009342452767559517,0.9208697308782691,1.1995237650163393,1.3165644689831284,1.1851537877047364,1.0231316995662996,0.8814986821071249,0.7717954653175343,0.6585065066090614,0.5757195955619248,0.4648222489450409,0.37668053775520804,0.2616001216249533,0.10030633637468656,-0.11370828774066799,-0.34994599916636177,0.18513550818901897,1.070872985825452,1.2178506441316586,1.2628580221062862,1.1503164491575968,0.4428479064216391,0.7459459152815107,0.05285808525608787,0.4758630734661502,0.0,0.0,0.0,0.0,0.2719337572887385,0.94966034156053,0.7681202015475389,0.4731758541856945,1.0323529481697202,1.1179737216088113,1.120643557881062,1.1032881954954457,1.1422667626280816,1.1801562869351787,1.1399424301353527,1.0668863215576918,0.9008623438915309,0.8628813660343151,0.707344408415608,0.5831436975740334,0.48694821144790024,0.4197067182770467,0.3713393295139979,0.7974499424024968,1.0148802783811433,1.1334724588713285,1.1689402555890498,1.311650844801414,1.5363338548785357,1.6437730506934347,1.7554979522376968,1.6779114492143983,1.5692949610693605,0.7118762486946844,1.3781222694503112,1.253127607990029,1.098775195279458,0.9126961923325255,0.7508059183586903,0.5335212626727988,0.8122062457792938,1.1078446685117156,1.2948638840187394,1.6022399568994807,1.778650518435824,1.8217586792364442,1.8630604556358965,1.7271495617525143,1.6220878580934928,1.441180378131656,1.257826211346968,1.0234845252653182,0.8164014590152565,0.593551393807308,0.3903214938704914,0.21109512787912793,0.080430847612604,0.7332476826777886,1.4574147167108356,1.636927574167033,0.44643917122925947,0.5455867555856099,0.9608647686911874,0.8678418299583123,0.6420170133173999,0.4321461092115819,0.7406079004557062,0.6104222751021815,0.5544565472999476,0.3066055254115251,0.6363381394003491,-0.03983684607937016,0.24427431295138208,0.9893883435407733,2.2439455582216317,1.8476554855593414,1.901137172188701,1.5678915270942118,1.2608921940976574,1.0466489556625023,0.7267970785421791,0.4797094257939474,0.32552689979455773,0.1494597043440149,0.06007804454488608,-0.09464081460490836,-0.21117822245691786,-0.2805793228619458,0.09981673867367119,0.9500344755686883,1.2310350065025162,1.1968579264761297,1.2991492389439188,1.262916636556443,1.0536970200485638,0.8371644833483314,0.6109112049232499,0.4184839497784948,0.33687864081765806,0.22972686598838798,0.10385576039455136,0.02507259095716796,-0.11146166904638921,-0.22798360824168662,-0.23706631796645636,0.27365879244104335,0.887744741681703,1.0542285316400821,1.0815376730640254,1.1707957008839764,1.2172055974506004,1.0589693294351563,0.9472495260381995,0.8076847564696756,0.7031951535737171,0.5845061284305715,0.47882132367484,0.38638644004102973,0.23447672229326566,0.16277514010481897,0.13407139767301662,0.3490142188017633,0.7154627660237877,0.8958045835097337,0.0,0.0,0.0,0.0,0.0
2025-06-01 17:57:00.151,1,0.0,0.0,0.0,0.0,0.0,0.0,0.39557638490428715,0.2824959376641568,0.12404192253111124,0.04731859931440752,-0.05816293922028204,-0.14225456302716477,-0.12751828917811847,-0.11800429715700744,-0.06982026740595992,0.019376827956542053,0.10238706062823227,0.18175449344600836,0.1912180350126837,0.19758218107869902,0.2027121288944882,0.14560890018286343,0.18665079948520236,0.25436721258387673,0.1751583411865919,0.09149795605125843,0.057391214196871765,-0.01070548837509322,0.02086068756734205,0.03193261833689465,0.057421881743738634,0.10335124882333924,0.7411458987933974,0.08727699191922811,0.08114255039407858,0.06639559826139171,0.11617014270969322,0.3570864413599339,0.8092125875002398,0.7419610085585594,0.6986403009349055,0.6023656034717946,0.4352665460454783,0.29761747735408894,0.18121362351583725,0.14837971742097977,0.07804986250501789,0.05258022774083437,0.052177832713336536,0.035407177671642476,0.05413898913814935,0.10868194268193743,0.3123753108788632,0.7556618927693652,1.1049746542507388,0.8362476654365085,0.7561088832326507,0.5516137482228718,0.4212100000269521,0.5771994792623891,0.5398052272528379,0.8920725107013978,0.750733694850574,0.5253245943771598,0.5291911457899738,0.7723880588536535,0.6820725797844802,0.72656267369856,0.3516422557260752,0.8589760971811278,1.213171297584726,0.8437156078603641,0.7065119815930139,0.5055833528621398,0.41112795611769015,0.3051605556797168,0.3048279841815378,0.28854333974324686,0.29896928095320474,0.3093146886686369,0.3542952823565846,0.3968850037106053,0.40995549686104804,0.4330091539727119,0.45985454667604325,0.4908630216385286,0.4552585397025627,0.5765412058960195,0.5954319133027272,0.6163734763806274,0.5851100097006983,0.578720482751043,0.5770908605753049,0.5616979178685115,0.5428605273287412,0.5301133568343117,0.30658428271996413,0.46527087316652094,0.41004052042471695,0.34749871127566256,0.24900469883183163,0.09383790423421762,0.01362238641267774,0.9212157303623273,1.1854189162593771,1.3121393392327234,1.1868326861525025,1.03465764000209,0.8842544876173444,0.7806414122852829,0.6603985879924474,0.5877655832668951,0.46487525395027074,0.3881208412098529,0.2703294335230739,0.11169274416636266,-0.10048288109700876,-0.3519547789770486,0.18100329045759483,1.066621197908551,1.2301366999587349,1.269126102579543,1.1565450350717688,0.34553167586005934,0.6233545834495877,0.19439759224324654,0.5174575576256362,0.0,0.0,0.0,0.0,0.3644880619075559,0.7550127084227756,0.6292489514205228,0.4892983417379947,1.0334045936160732,1.132702435650244,1.1317993466613092,1.1327092472951406,1.166324509675474,1.2125401444029025,1.190473654287263,1.1127593341280084,0.945208987295068,0.9114382974659274,0.7420378766751401,0.6083198880865237,0.5001094590720525,0.4315293323368056,0.37404071343443973,0.7901410133633313,1.02155691428783,1.143943779610771,1.1879791186320119,1.342593036542866,1.5696808438635104,1.6888187601994953,1.8003286915087,1.7012559275335948,1.5978252160946032,0.6858254961724988,1.3944144599451151,1.2647050261432407,1.0939494719482983,0.9117792437893991,0.7375353652134047,0.515730872570579,0.823725715772141,1.1401573899917723,1.3144555674325402,1.6404433248417256,1.8158729160410552,1.8493338022591022,1.8832146340500375,1.7341832206618861,1.6416483605462915,1.4492069366200249,1.2776580989880553,1.0320711576855341,0.8205052796342961,0.6004394802153727,0.3913113177492953,0.21262540711339206,0.08542803910348706,0.7316686325092436,1.4816748208340758,1.6423118814181037,0.4805534018121759,0.5642182331916089,0.8503594590199616,1.038656432523375,0.6578636529568926,0.4193791871529482,0.8937755809334103,0.8151035671948959,0.7107542818912144,0.34494560733041657,0.5713023626206158,-0.0367159894593827,0.25785133624837075,0.9976959630137159,2.2557241511435,1.8522685179275216,1.8901775408707286,1.5595241032698715,1.2863473113814072,1.0729817967383246,0.7179632831465519,0.4774447560133934,0.33019358141858235,0.151970915834454,0.045492468756312965,-0.09228124205067623,-0.20803435071421184,-0.26616061941343727,0.11083976890425312,0.9533285316566535,1.2364474219629622,1.2078950871954446,1.310550648307855,1.2757573781101244,1.0477905704721127,0.8441930085667788,0.6270132146342886,0.4479130441528567,0.34239927162319583,0.2236436012291152,0.09644825089079778,0.032404507158435014,-0.10841841731249191,-0.2222717928501894,-0.23778916321162782,0.27928607516921006,0.8890322007279048,1.0614227402989231,1.1053057093821943,1.161930985200167,1.2230217467693647,1.0639787852690716,0.9522024427273816,0.8041378927847778,0.7007034127061453,0.5836083653753268,0.48694437257453815,0.365671500423262,0.23776491867198402,0.14501411021759625,0.11788908048933527,0.3434384023272754,0.7067014287332148,0.9150125414152184,0.0,0.0,0.0,0.0,0.0
2025-06-01 17:57:00.156,1,0.0,0.0,0.0,0.0,0.0,0.0,0.324421388700432,0.25283355590295564,0.12886831322690673,0.06311202692869367,-0.024089614513890356,-0.1035456354834231,-0.09817632221898775,-0.09088428754541078,-0.05794820997536487,0.03693237514006009,0.09583809793543868,0.16674200670555983,0.1693014400183378,0.18098772549585157,0.16518435013717353,0.08488193017598779,0.19377808241916966,0.3163091208114765,0.23804105275969745,0.1459715259138311,0.10294384284427327,0.0339833963104903,0.05748169137021897,0.060488339964070104,0.08914023994831477,0.11625218618630251,0.9676743790642619,0.08534064227628979,0.08234489101474785,0.059466263155037086,0.09245089613427546,0.36766976251171635,0.8507940345523979,0.7806099378909707,0.7407678441620519,0.675019453387403,0.4862077187278371,0.3314114905245884,0.2403983615738845,0.18388362136411351,0.14351302728370108,0.11993968713794079,0.06311294464515393,0.05727139687141769,0.03738253339551467,0.11129616299590528,0.3048788392553189,0.7866233791603647,1.1497158986586125,0.8788674043531756,0.8012618448495695,0.6209534935639891,0.515036847972451,0.42702377628500515,0.6057698487040595,1.0392990516014968,0.7693810447680101,0.6074104426588347,0.531193420456719,0.5890936712998127,0.657246739430821,0.6669693226547936,0.42438667619741255,0.6023769913736459,1.2004998202597992,0.8772730067498887,0.7763993038536314,0.557391644545379,0.4530218538839077,0.34021613296981723,0.3280184425379835,0.31395046499117907,0.31972839767114847,0.3167524250055891,0.3486858548185592,0.39502946040484144,0.40214696631443225,0.41803456979152753,0.4397403868969199,0.46821469800694804,0.4561668141445987,0.6181543401369665,0.6544171347220898,0.663909928974989,0.6075409687297033,0.5963270845763848,0.6036187543393416,0.5781724062841862,0.5459422045894207,0.5398314074714066,0.27685895497331886,0.4663140159944448,0.41405246718152966,0.3421997161985558,0.2485707986450013,0.07669329208334008,0.03564457088037418,0.9427071479965393,1.2174532400792448,1.3627108261815009,1.2411178356813488,1.070753759399565,0.9110804186685002,0.80941236899768,0.6802702545776285,0.6149925503345897,0.4819082092128286,0.3967375651576408,0.2754235505726972,0.12426243928895553,-0.0936200328289144,-0.3559130752618061,0.18760811379592995,1.0767954338247296,1.2424688222558329,1.283526080427435,1.1749050198525564,0.6601810999937223,0.5198851278143404,0.22873136736788896,0.4697608455616803,0.0,0.0,0.0,0.0,0.3112737691388011,0.6228479035733858,0.6414107234633134,0.48221658947289747,1.0422446676688244,1.1439110200825142,1.1473124555743806,1.1546604073282087,1.1970871331566382,1.2531488908564963,1.231446362408839,1.1557386673880279,0.970802341542798,0.9328646469398012,0.7626350436893115,0.6126177885911921,0.4971388959786547,0.40902864771283515,0.34784973352847787,0.7575261942627853,1.0317858190706177,1.160939184858644,1.2155931064058825,1.3720414126947085,1.591527284600603,1.7189200941620553,1.825654097635804,1.7236116618812038,1.6061799502894079,0.6925311658430138,1.3920397416301067,1.2566933604167843,1.0811025983459366,0.896409462639668,0.7149508482804156,0.48246794847835867,0.8213912274184186,1.136444296187878,1.3182821433954737,1.6495217612450623,1.8422093565481106,1.8614411845607715,1.896644428448393,1.7355487984402111,1.6462441891842006,1.452185319061806,1.2744648629858788,1.0253421949951789,0.8162524707247069,0.5994715432543858,0.3858194389789079,0.20716475545572577,0.09929125851433043,0.7532193548815579,1.4852264040731686,1.6636475975086658,0.5335952883544304,0.5619590804328727,0.7641474902199655,0.8926048178170564,0.8226962091778742,0.5552843514254341,0.8218498156191791,0.7615097346914461,0.8283302643550844,0.3965867036830486,0.45795262489645494,-0.011685862613705356,0.2918980042307923,1.0220402224695544,2.2775449029394452,1.879595327970667,1.9440278329134908,1.5636025971089302,1.3181175944436256,1.081977981324664,0.7283985938302313,0.4952683494801293,0.33206192734062223,0.13745034792837685,0.03961501648154697,-0.08299175647395951,-0.20461212513723104,-0.2175247170890891,0.14378150164123377,0.9914208247836476,1.2725275547627637,1.2174983741860321,1.3421290220280597,1.2855843818285402,1.0605916770745667,0.8538900909020322,0.6415055922827582,0.5845625129692331,0.3378528477910028,0.20609375379511352,0.0794345462766497,0.010278049283932167,-0.12180245633878506,-0.22525362990355785,-0.20564212443635566,0.31178335108312377,0.9115102273649109,1.0983341452324697,1.1351124943963304,1.1630581116183776,1.224004209303588,1.072107124952494,0.9475737937987714,0.7942200303528295,0.6925023202366054,0.569658945638198,0.461106808088771,0.3457169670811211,0.21786186678499397,0.1270371058166766,0.1310678286337868,0.39565295423368796,0.7580667678882796,0.9545016763147574,0.0,0.0,0.0,0.0,0.0
2025-06-01 17:57:00.162,1,0.0,0.0,0.0,0.0,0.0,0.0,0.2670789831353868,0.21342663365659245,0.10953289840192526,0.038410517689403845,-0.0387182746648812,-0.13634158977906652,-0.1335888297775164,-0.11753294843253148,-0.09925420241004479,0.012431538652617924,0.05349814266275171,0.12337690871820739,0.12465831033486102,0.13594802774409026,0.1313545709983678,0.033784035347404415,0.1925297954295458,0.296058115031039,0.20313608330361488,0.08902536744930123,0.050662259210984883,-0.03273726113311515,-0.0014173721330623668,-0.001799319559411483,0.0392954823083107,0.05447286653200345,0.871494879925186,0.04646915557899378,0.044587266991424346,0.030465353718831828,0.05915666827062829,0.32661436979108954,0.7770744460143872,0.7303612207512316,0.6580737608852157,0.5829108442190698,0.3861250682302577,0.26266022865191285,0.19491752836584642,0.08396531057588152,0.058129601020429966,0.0568302540942659,0.013638490963530203,0.031585663249833584,-0.00043342460383183345,0.0665030342220082,0.2736227018434686,0.7037383301966116,1.0786303437203495,0.8442211016477699,0.7484822514091546,0.5443988127450874,0.4140142857448983,0.37574912262290566,0.6461933147830607,0.676007190165655,0.799013893615012,0.634731972677806,0.4821379427938344,0.5559313227925263,0.6732109452554893,0.5883566293989712,0.30630680324270054,0.5115358819396353,1.1143600696790112,0.8162032712474293,0.7129809331212615,0.4658366879353486,0.36367763938344244,0.23613239666612862,0.21308682618036556,0.20023213848092514,0.18991383894404756,0.19429646455412408,0.2453870005319354,0.2989159954384326,0.3118872271002878,0.3254767171593018,0.3666802321552464,0.41446625114887603,0.44486507810389164,0.5939203777178288,0.5712745316738593,0.536885733339715,0.46537724638206024,0.4409402140601635,0.46326775180199586,0.43431953787335686,0.40527888524640443,0.40883344756530304,0.09716165963795015,0.3597269676835748,0.32291191659114593,0.2684343454541226,0.19808529267625952,0.04573046762070454,0.021625254129719856,0.8771512867051896,1.0769262740036485,1.1787944092408198,1.0364025320841284,0.8889832627532404,0.7350943427513561,0.6396072847417149,0.5276928909631642,0.47528094646856034,0.35205149946002856,0.27862191165836636,0.18775675509849776,0.04349461784021358,-0.1290704716893456,-0.3669783635550493,0.15358681031018573,0.9993322639509202,1.1557732913177723,1.1639304635277816,1.0599179614218353,0.6839135890713441,0.5524567180867885,0.37190795070006216,0.5562898098651734,0.0,0.0,0.0,0.0,0.32584698678938584,0.6287794055701572,0.5871287460155613,0.42070374683844725,0.9492137332849861,1.0692995609365188,1.061190857317063,1.047911376579179,1.053730304324682,1.1044866668594,1.0745308929130348,0.9924503258085084,0.8166690881587035,0.790998415174287,0.6581224746861203,0.5272889934747782,0.4280078745990521,0.3593788568640371,0.31182401384286157,0.6651599101288952,0.9512506811292796,1.0801403117669937,1.0965487294363658,1.221573399498816,1.405490336992292,1.5249185896531507,1.5976328846911363,1.4949784997692281,1.3950032864440198,0.6481678839127849,1.2212002327427598,1.1126418652231398,0.9635063508234112,0.8149689279799682,0.6480793821714192,0.42913930031572456,0.7647575409204671,1.0350152395187642,1.1770338792621242,1.4726084262480985,1.6347343138734485,1.6511291045236052,1.6679199861356202,1.5086558125096239,1.4361771970214203,1.2649374288414315,1.100521007480967,0.8905040612344325,0.7099956284663128,0.5267258951281675,0.3365204566496409,0.1718165487107493,0.08548971934268909,0.7094962191112872,1.3796009824662332,1.520774056092923,0.5977489896043197,0.4834666852668834,0.5506293610677256,0.7299591816069729,0.7767413728893167,0.5610664130193497,0.7883219098862106,0.727823840046143,0.8522809042011491,0.40050363607948336,0.45008823110630636,-0.0346424489973155,0.2533116577295746,0.9394516110146147,2.1137396082845106,1.7352095627865587,1.7433403035425323,1.3971123130871672,1.1407334670293527,0.9080891446034687,0.6070822870614425,0.37215035519672046,0.23674984254767728,0.06714975249254995,-0.026492738443786523,-0.12072089914849837,-0.24083387746626528,-0.25722923341656584,0.1042896084018094,0.9161025269823992,1.1882498129505707,1.1283303097398296,1.2125330066439668,1.1303445094280609,0.9134467291333492,0.692647871647537,0.5314645137418557,0.6905424151459704,0.246680619765143,0.1310669810948104,0.014574644323503305,-0.04703513124687997,-0.15374308370216783,-0.24245134182079325,-0.23142272232101255,0.2547645873878382,0.8158028579046599,0.9956598938623173,1.044674877763113,1.044803786124422,1.0734125683420537,0.9283461433709941,0.8209565717168896,0.6784433274215453,0.5919201022576825,0.4773166761526846,0.37779982768260556,0.2836761620082422,0.1615409290015185,0.08887863595758938,0.08297681249846073,0.3218944150938492,0.6702556840007478,0.8442158093943912,0.0,0.0,0.0,0.0,0.0
2025-06-01 17:57:00.168,0,0.0,0.0,0.0,0.0,0.0,0.0,0.2702437394937598,0.24218477727485263,0.16652485172677045,0.0978748390867179,0.013751839070257565,-0.08911707426999749,-0.07486829080615931,-0.07958192389265217,-0.07887794719402774,0.013924438873509248,0.05307339817890083,0.11613570711871934,0.09880074902469249,0.10496416041766382,0.10249117085243376,0.03619203195746627,0.23934632097583464,0.35623082504930853,0.25515839608476476,0.16240255571742568,0.09693848345850342,0.004294717110652435,0.01670757763231734,0.014186029650623322,0.04868873401788787,0.05723831877836738,0.827860769882246,0.03998410468378366,0.022849295844856954,0.0010106916885858352,0.07834706205852193,0.3900794979411668,0.849857055074912,0.7886516657757455,0.7102862424729114,0.6481281286810434,0.4241791170271163,0.3040011189940057,0.23617570502052487,0.127113659707895,0.07745709880062557,0.018170566674705402,-0.02342493255603284,-0.01136384815695135,0.016660528239905714,0.06907772952279478,0.3026356823857773,0.7065930602720909,1.144313947379052,0.8871116157621401,0.7957992273857529,0.6081921745856891,0.47581795178101327,0.3372341344313517,0.43939253625311214,0.6292331305166725,0.7174710430434401,0.6247649927027943,0.46486053032968644,0.5932142708133576,0.4485065750290231,0.6357681405117235,0.3652506581517668,0.4135020058134734,1.1400704054441455,0.8521994850796627,0.7749599798999041,0.5539928388960165,0.44489804121652976,0.30592866358036086,0.2559803304206809,0.23251453812513834,0.2173909540531569,0.22884338146251748,0.25081293896511436,0.2895847783424741,0.31670698821217413,0.3175052798232423,0.3539839965721981,0.3813703963418311,0.4401990249602302,0.6672923781988633,0.6758067566618317,0.6207451772937775,0.5343809767325189,0.501892557159237,0.503225626510805,0.46786857343960664,0.4353672579027783,0.4316740308479057,0.15015897585514698,0.3713058226174657,0.32304079779381467,0.2729187008783106,0.19494735214380066,0.04983652701041569,0.018862398430920024,0.8990693569181155,1.1141195846618421,1.2245714134048917,1.0781015858953749,0.9243810187272665,0.7702307558752202,0.6760611620628407,0.5728278418218968,0.49187834172616385,0.37733181429725793,0.3076668385385062,0.19940089372775915,0.06549986199700797,-0.11485111157175587,-0.35050732562226605,0.13768656881377372,0.9802909236867102,1.1497614055175078,1.1681120733970907,1.0739381537126955,0.7009227623343104,0.6044923134433196,0.44197282882508243,0.41816545875863587,0.0,0.0,0.0,0.0,0.3776182437940918,0.6653668767974907,0.6274066544708605,0.38414001370580797,0.9454445072516962,1.0652706784130417,1.0670727438219962,1.060279781376531,1.0822913240970722,1.1267925946267374,1.1152590155226179,1.0347908884133354,0.8577855824361236,0.8362853917265256,0.6847629897195748,0.5565314149377845,0.45832303610393055,0.37685272900164296,0.29557351651643965,0.6325986963092842,0.9288947582544778,1.0657710775027107,1.1054329130954543,1.225023672717136,1.4150591850372891,1.529211058414837,1.6213440223444255,1.5274184638419526,1.4213558660216903,0.6515595622390107,1.2610924419341423,1.1524143725895648,0.9968935972305597,0.8349637050990085,0.6658199357799761,0.42684439532827495,0.727454260767987,0.9912032079996274,1.1457774845486908,1.4410942029733398,1.6178808221106715,1.634154781945148,1.6767411709150206,1.5292887380076616,1.4543249629805284,1.2869352946511117,1.13997476566158,0.9202806201431409,0.7344423731236828,0.5514032782559624,0.36593596360698544,0.2151646875844721,0.11073437352030593,0.6552181442249432,1.3310588186791183,1.4700245755891213,0.45190334063251913,0.37353523766405616,0.5001415618179246,0.8042089448509283,0.6390809534343442,0.5053019166544406,0.6504062949607192,0.6334676796849845,0.8676749736838162,0.29477333650210014,0.4153007356424234,-0.004943161719311084,0.25659279984591343,0.9094615723049231,2.0591856139441402,1.7222112080301304,1.7250545133814574,1.3862206962410806,1.1573658629047532,0.9181397264333118,0.6380615632521833,0.4164650042470801,0.2803952468693578,0.12336518519934336,0.020817297000935264,-0.06703897692493255,-0.19534544775852292,-0.22141065627533463,0.08138148843867105,0.871753631946973,1.1704964442807455,1.1365900046892365,1.222447688361259,1.1520240315255388,0.9408929673039927,0.7437096681863158,0.5706346749750402,0.8476476278359643,0.3069408374396023,0.18309613541403658,0.07777342499049045,0.011804978889077389,-0.09637232871917534,-0.1815890910292699,-0.20762988887638123,0.19427291139605157,0.7517530714330674,0.9416379967385946,1.0078505284543628,1.0156264989614443,1.0503690017247922,0.9337524642070267,0.8232967583984259,0.7050491317645482,0.6285831867909455,0.5200744327312381,0.42718566144447,0.3560464646190873,0.23611674317350329,0.14789864416802467,0.11592750548604563,0.28354087697955155,0.5883582746884403,0.7627995526242186,0.0,0.0,0.0,0.0,0.0
2025-06-01 17:57:00.172,0,0.0,0.0,0.0,0.0,0.0,0.0,0.2547145061275742,0.27887967162074145,0.24333152954905513,0.16550577241889985,0.07399619841665916,-0.029748067356304086,-0.0382530360006097,-0.05718624824277341,-0.058224566811035494,0.0034589941625383647,0.04972769229124646,0.09515676315748994,0.06475371799347329,0.06991166242270946,0.053782575736838395,0.03290394004529108,0.2966963449995174,0.39743757908779326,0.3142349323231606,0.20801668091076297,0.1332630750049093,0.04514332063496518,0.028085352915516948,0.019800065022528734,0.0418452650249177,0.05600726555632485,0.9812661800075058,0.012356938845689114,-0.004922387537708739,-0.027659584715432534,0.06651147421091816,0.4542988192118823,0.9432613506467225,0.8506737666314151,0.8233390309702763,0.666923049851883,0.4856451030128144,0.3510905386767842,0.25143123461308514,0.12935999149537847,0.10951127418983564,0.022363721295234007,-0.0781507745532719,-0.05190163937697656,0.019873051395377928,0.05907803009801105,0.27915846503109437,0.7194580325508324,1.235053211351318,0.9338696387592631,0.8313121690196624,0.66189630161654,0.512509801660737,0.31759279175137994,0.4722655646873357,0.44070670126692396,0.807285507788299,0.6409118246353298,0.7244197408207741,0.49829927057346246,0.48348882477118255,0.6013073257522675,0.5579431701218726,0.4004307020335085,1.1507599323139501,0.9036196283810706,0.8299731221688567,0.6281660534371625,0.47132045930350164,0.34092887619157564,0.2931234202344284,0.25241556639716656,0.2239653866336897,0.24628017396430724,0.2496489231687813,0.2728410210383452,0.30421800394750986,0.31282628686269087,0.3427035858572602,0.34159074467106076,0.441367437469226,0.7179309536192584,0.7284822074696101,0.6776973405100766,0.5898419428497239,0.5438814348416801,0.5199967387724129,0.4857004086213026,0.44949193538902055,0.43105560381955854,0.2355259771385005,0.3673515658781279,0.3195485714450427,0.2643255090936073,0.17639400710523967,0.040546252055975396,0.03548564184115802,0.9406488990825767,1.1564699916343626,1.2535235597307035,1.097809665527967,0.9353892454490358,0.7907410197132563,0.6898009089712889,0.5950802950771905,0.49704994308352846,0.38933619691548405,0.31678603019592333,0.20529198297620166,0.06145310621209421,-0.11712694938331736,-0.3563716809080361,0.12599754168172572,0.9841153096987917,1.143576959673691,1.1738879155430344,1.0831850904611753,0.7390460439582516,0.48934707713688436,0.563191601326327,0.4111510070586135,0.0,0.0,0.0,0.0,0.20260345455505602,0.5375586361555549,0.7174852058968495,0.35474738730691424,0.9218848345933341,1.0491230854830278,1.0665875396966122,1.0594679652419088,1.1055059914564145,1.1506759962907604,1.143672819171512,1.0676387662450897,0.9031408373969851,0.8751304553102046,0.7163179377421627,0.5850770126945988,0.48943760320969054,0.4026437019805255,0.28489547502578266,0.5846362986737077,0.8953353301448213,1.0389821854995618,1.0795526491555318,1.2136433538399372,1.4175724928873794,1.5080177145405322,1.619473097299052,1.5462467213236184,1.4332381169788972,0.5076263092883828,1.2854789713294208,1.1792173550729284,1.0367352226168458,0.8514087177011295,0.6905148133300919,0.4421988500620711,0.6833588252462288,0.9462957825028571,1.1016873164068128,1.3926449176643672,1.5725272221053732,1.5967796427663112,1.6534132313509056,1.523182385269411,1.4439391687610557,1.2956867407207633,1.1576471349679305,0.9471912091506155,0.7556714455084709,0.5799448207302351,0.4042197598861491,0.2582631623399223,0.11962595023234851,0.5851263455343677,1.2483302721931189,1.3990259957736657,0.49360157541984495,0.3726881264827331,0.3675290164625904,0.964196266236513,0.7231052123864523,0.5914450475903822,0.5769268645859023,0.65939695866186,0.9316200354306138,0.34769132018976745,0.5405121534221673,0.03984410189555193,0.2444781371351722,0.8405388581029754,1.9396040095175908,1.6642369339240164,1.690413250607993,1.3470898579797344,1.1503313511607887,0.8833577293005939,0.6391038347338862,0.44965783844617535,0.3101158510097637,0.17992055308152688,0.07285967299924834,-0.014810303360548116,-0.13256787914381374,-0.1531230224247736,0.058410220860028395,0.7973112575068497,1.0938001277554417,1.0954570701419348,1.1700705555027593,1.1211087794397192,0.9340265858002064,0.7438745026376987,0.6008942835745554,0.8106079752193059,0.36616395413875025,0.24183265465815085,0.1416423811674592,0.08777991633322813,-0.01671292987825912,-0.10620857981507326,-0.14891316978846142,0.14337266331940107,0.639870846974504,0.871706972062712,0.9530658583873791,0.958723038575634,1.0191280810676209,0.9232271903966773,0.8280274359499136,0.7392913629984974,0.6658564554041071,0.5646780840768792,0.48909142275604034,0.4294972238264567,0.32336059871298073,0.22950923739604034,0.20982901933148795,0.2972490922041323,0.5202755914006166,0.6740316651006717,0.0,0.0,0.0,0.0,0.0
2025-06-01 17:57:00.175,0,0.0,0.0,0.0,0.0,0.0,0.0,0.2247127734407128,0.22377124147524433,0.18996816413978435,0.12169593850740135,0.00819165526678678,-0.07668680802562777,-0.07495889163970637,-0.0834464277186886,-0.07199432812200879,-0.007857199896775136,0.042573271696822734,0.0868617150960671,0.07690381682353548,0.09017434842833127,0.08112890949070337,0.018598994729297144,0.23157154537849434,0.33072799302984063,0.22413106278798656,0.10961141148387743,0.025001155098735683,-0.036754007843605274,-0.0337399998325012,-0.0409855865013633,-0.012590578545159437,0.014151661323645426,0.7341745209467265,0.0058474710652519635,-0.006125023104110117,-0.011245469514259143,0.06994814401213562,0.3627203642939128,0.7975400546582492,0.7454451565078138,0.681230276836191,0.5221502475534976,0.33716399129669394,0.22882642740401393,0.1760568773722604,0.03192150970646246,0.041003855931324606,-0.054959491123885984,-0.093443002823549,-0.07810259349048965,0.016129754902616422,0.04277670930172883,0.24599956843164694,0.6203211094777314,1.0845344829260126,0.838315991715596,0.7082470699155138,0.5334123559540045,0.3591522971442893,0.3912676084510159,0.4848006014932291,0.4817385185163218,0.7677951941677408,0.7406401428137501,0.6325095994059,0.3233172714441628,0.4453678741791624,0.5935851265521253,0.6203324446232529,0.3796204785817723,1.0170253657656105,0.7814308178831676,0.7012500686089855,0.46362564404021445,0.33436012017761874,0.2189547147975619,0.17189554517567185,0.13903522890141495,0.11252973976785352,0.14526572569484486,0.1696640678143293,0.19665020871670746,0.23613078473842275,0.26164879786602546,0.2942474919908776,0.29685436861292525,0.39421085195818406,0.6435048049801779,0.609391061816514,0.5417927167697745,0.4405010657082933,0.407475849399084,0.371015183824825,0.347529956009903,0.32641091620172147,0.3113662460197626,0.2984877625286357,0.27961936441989166,0.237112811699978,0.20120894670885825,0.13876646150792382,0.03283064555928589,0.020334448881383,0.8575450686394239,1.020356599795936,1.0540242523690573,0.8991065869680324,0.7398055287580332,0.6087909540391638,0.5252035219979767,0.45115057776397105,0.35026795919386244,0.26987207357856735,0.199940644762733,0.11341719258469496,-0.005440498223174384,-0.15282408097771405,-0.3595763505443562,0.07983785003741456,0.8711766902499504,1.0374792025878505,1.0495056194429766,0.9632940426311725,0.7369987813483558,0.34840381556289074,0.45971659444129326,0.39406648516594245,0.0,0.0,0.0,0.0,0.08368864166222639,0.4872136874528506,0.644066167908289,0.26194860948721643,0.8112867444290097,0.9605586291822544,0.9672658319133975,0.9338708684751679,0.954896944806858,0.98712519163409,0.9654200222599938,0.9025987769631607,0.7318175168573489,0.7289493376428573,0.6146743058946809,0.5038788174769722,0.43893423167583245,0.369321036082303,0.24233282530653472,0.5022869981863762,0.8128938556483033,0.9522433977334286,0.973361581206468,1.0588213698104827,1.2295908806168525,1.301324211976839,1.393179225043081,1.3200051616766217,1.2291971313332362,0.35866453722319197,1.1296707682028262,1.0355852731158197,0.9295400970395886,0.7730787486526326,0.63908288799929,0.404139908651937,0.6342834526736008,0.8506329622774906,0.9838240764095362,1.2126970059782731,1.3715585875228014,1.3885819580965244,1.4341849932772526,1.3224144486360492,1.2339849380085628,1.1172165316265845,0.9853867634650877,0.8171375691790325,0.6501847869989105,0.5046025179688378,0.35071041438238204,0.21799780464768564,0.12094373465811939,0.5530637802223237,1.1523355527629566,1.2810326278135817,0.4229750417951933,0.3730328893202529,0.45533059512580076,0.7902018311961506,0.5520237437178266,0.6384576583504409,0.5069419803095254,0.4352093322809584,0.8976430300687378,0.2742899872093735,0.423262589554418,0.011095186785705813,0.21959458332630183,0.7758577628728827,1.7890372384830466,1.5194166512026939,1.4967474900209279,1.1819864662309731,0.9729822721714816,0.7039696530077717,0.48614284907134553,0.32186566586516396,0.20492115728592997,0.08237418295941357,0.01005547301788201,-0.06945181777947385,-0.18322447619759308,-0.1685638116410591,0.03490463754368528,0.7358786638776853,1.0327154828170493,1.0126767481802679,1.0523160349550156,0.9511098690356057,0.7783975230060025,0.5934905855627097,0.447510816442356,0.7639866279049671,0.24462832108483412,0.13673995865293698,0.05542951452308076,-0.0017197723309674284,-0.08622190801950524,-0.1573303993531987,-0.14372316258508727,0.12792124236024555,0.5868667716928266,0.8007179179866935,0.8625612777866037,0.8537307852614391,0.8726765771522085,0.7809053684339493,0.6831267920362825,0.6113416323079863,0.5430606338110597,0.45595227745960876,0.36848976649942,0.33229156260034665,0.2334005518861243,0.15939179108475643,0.17370668855496435,0.27433762911092885,0.476664523291528,0.5981804547237999,0.0,0.0,0.0,0.0,0.0
2025-06-01 17:57:00.178,0,0.0,0.0,0.0,0.0,0.0,0.0,0.20258340494628688,0.2167478240135288,0.19540455035830118,0.11541039116101459,-0.026892891628038762,-0.11693987411255735,-0.1256438588373182,-0.13501492191047693,-0.11479311225457112,-0.06274869653108073,0.0007807953702588244,0.04934081281403685,0.043743960702246454,0.05141628887460903,0.03970327053239461,0.030038348870291817,0.25501479690498596,0.3278394844594941,0.20836213912564627,0.07205440109169137,-0.033214682525020356,-0.09734175036386827,-0.1001447948410068,-0.10590884934027267,-0.09181861588450535,-0.05432632595012232,0.6809065765141349,-0.044112702143575655,-0.05715404967419335,-0.057309316503010355,0.07358213576914313,0.36209537081069315,0.7697702430281099,0.712352716665442,0.603171705936615,0.4029661465381915,0.2471291721008333,0.1507808145991807,0.06109792368764655,-0.05540979429979864,-0.06241207604689991,-0.14312237948869355,-0.14524363232538307,-0.140482104916676,-0.02214749899691032,0.012602308661951445,0.2260315805172627,0.563564387999189,1.0165031916261706,0.7675116506383461,0.6305656963782994,0.4115956311580651,0.21638907122950912,0.22081761646603026,0.23746341973980273,0.30423283045513244,0.6574720155377164,0.5394626307044851,0.4731786926741647,0.33786211186387194,0.3561083481167862,0.5696947030746539,0.6309949898209412,0.4878916451084859,0.9445168401920623,0.7217338583076099,0.6002298304347826,0.3536624469217442,0.22791378166493814,0.11310943589234634,0.07783866283599661,0.03717295633035378,0.02035903794647509,0.05410946983317766,0.09026621869197404,0.12387130232123478,0.17838034091696697,0.2076688037635075,0.25080197774605145,0.282881608845704,0.3787507233041279,0.5776590593727378,0.49083476162946893,0.40019409119520444,0.31001215837338325,0.2724764814475351,0.24174965840368867,0.21620355046633266,0.21079920526852303,0.19944991751038144,0.257246073321621,0.19592148031889223,0.164950665988432,0.15011075920812222,0.10605577252532306,0.03886263171861715,-0.013168049589159625,0.7596829587433631,0.8521381832524394,0.8333549445354294,0.6795670588562601,0.5386096747640725,0.43215739010482346,0.3561600540885683,0.303011415299431,0.21250774482663504,0.15645131112783983,0.10537903770532608,0.04332504029885098,-0.05878501747834286,-0.16249310244878823,-0.33523269691322194,-0.0007212390072486308,0.7182659822807966,0.9057047244588026,0.9077332314681616,0.8160109611501891,0.3751154941788473,0.3186157893149127,0.43304022397911696,0.39622003227475666,0.0,0.0,0.0,0.0,0.10692836419655138,0.4364659035319675,0.7072277920983617,0.11969080572020929,0.6555231964165318,0.8477962561272284,0.8382740746370236,0.7838565377427121,0.767356329657898,0.7860016853008702,0.7718580850323753,0.7135952181174972,0.5818778308454933,0.5991741932971104,0.5303588458152877,0.4587255339344487,0.41975545615177046,0.3823236181488106,0.2602068591412897,0.36084832048244014,0.6618280614455389,0.8001273137524232,0.7856388948551221,0.8470488409795267,0.9986494861990096,1.0575188672075813,1.1399773649666898,1.0917061517633113,1.0363601151428428,0.28341409302915993,1.0144098750483663,0.9495294079373888,0.8727423032053259,0.7562792375404322,0.6424233029689065,0.40731807640146406,0.48989352632764516,0.6575461808916667,0.7698606313244628,0.9672978427623813,1.1021406127068878,1.132127327576703,1.1829085070035021,1.1113742249921506,1.0429514795646435,0.954883071976989,0.8625179531037233,0.7263767541479712,0.5929968462100333,0.4765212970051312,0.35236659314278074,0.24566815877487336,0.11112636467061687,0.4274851783867333,0.9499331933412033,1.0585546498581646,0.448935980780486,0.36958028508480034,0.4710964228165463,0.7833405815673377,0.35262039307503484,0.5427470166198133,0.3527014598504952,0.5192705452634458,0.8618282699113914,0.2009084708122426,0.3315656475406116,0.012530039764378498,0.16036249927351082,0.6138458500907233,1.4923847335811782,1.2948238969463979,1.2238412960345184,0.9767674013458287,0.7780391318178113,0.5326982121809367,0.3545656058852493,0.21228293666886255,0.1382649619164904,0.05463658259170279,-0.005346724452220841,-0.07609239138171975,-0.15031497650765158,-0.1873432203619697,-0.053921018218848094,0.5459643163366228,0.8693654197185798,0.8731848906996955,0.8689383530900533,0.7558929493901336,0.5927215418013541,0.4423101968108105,0.3237774873685968,0.6406671527239657,0.18202950582454847,0.10165343273914718,0.046567860987340115,0.008660668321085363,-0.06236964386389432,-0.11022524599318395,-0.13961484817262043,-0.012985936980480284,0.361505368570071,0.6249424211059857,0.699264644350816,0.6890533690107281,0.6829581251873993,0.6063537313050849,0.5514737577739284,0.5001138613030229,0.4676318169646867,0.3913160518126857,0.3465714954564705,0.33788628342726645,0.2558405265382385,0.20289135519317392,0.19104445545979104,0.21419399533698846,0.2745289655475027,0.3949916760222827,0.0,0.0,0.0,0.0,0.0
2025-06-01 17:57:00.182,0,0.0,0.0,0.0,0.0,0.0,0.0,0.23077053354362734,0.24460000688615804,0.2575518780877235,0.17479716065497242,0.03504170565080744,-0.023636109226859436,-0.0392981778286996,-0.061238601635962286,-0.04672085036898177,-0.009800672528396004,0.056387760203873205,0.11221849020960051,0.09896286258046705,0.09007815988021245,0.05508282853466767,0.04386403613645033,0.2758644920850598,0.3712643467703454,0.2794315576059506,0.19044056016923705,0.08810063020426973,0.02453534660064527,0.01944834913068827,0.007633430523592555,0.011295307609957117,0.044726111834055615,0.8290463212846193,0.013223114980069006,-0.005689994769538909,-0.025188424672924342,0.09275301517801346,0.3803546015473255,0.8532555320855288,0.7994157634704452,0.7394907843762867,0.5794552471471948,0.3980661972911621,0.2982968194366804,0.1630137852841509,0.06262735168504019,0.022627616189603406,-0.060609643297889204,-0.10487986852806841,-0.12336006384469017,-0.008290341487422026,0.027096367494424456,0.25625718509653217,0.6223681669039707,1.1191893610048549,0.8404350189309783,0.7082877477755217,0.5108733266757746,0.341923415673129,0.3229504037598168,0.1955636083454848,0.3421626594544766,0.8096242195411985,0.6127064656000729,0.5885519128142971,0.32620578361227626,0.4037474112219112,0.48777877983027995,0.5314740643633248,0.6593666967636146,1.0272744961829774,0.781776356870233,0.675784684601832,0.4588680061903947,0.33234100588058757,0.2324594439036618,0.20654210785767724,0.1555428964718122,0.14400342783278464,0.1888004349964454,0.2047290240329498,0.2244261013433837,0.2772245118141815,0.2976460387582841,0.31983432676047446,0.322010649697099,0.39444221699282256,0.6066775159880331,0.6045781755882241,0.5685381306255344,0.4825085148235977,0.43841911533704914,0.39846263432604356,0.37174655669444867,0.3639323026253818,0.3366973247152949,0.4254419285043565,0.3014996456415877,0.26106680893863266,0.2205239689894246,0.15012613899859972,0.08019768369638847,0.00847551280412387,0.8361392029911875,0.9783113058185454,1.0224453295540394,0.8764860590991594,0.7191400632800515,0.6034519689435232,0.5306693914139928,0.4632253093234491,0.35575636139074507,0.2845284154449146,0.23474887087422625,0.14381938640710956,0.02998525164129351,-0.11221801193670888,-0.3032199151719927,-0.0012798045010087855,0.7805740994714568,0.9718085532119227,1.0044200895267754,0.9163557906075068,0.5993297181175652,0.3702145260266944,0.35908809731990327,0.3166290457444694,0.0,0.0,0.0,0.0,0.11750027610331804,0.6733694667319807,0.8006745192701964,0.14743279530739561,0.7236469380107127,0.9020939737889193,0.9156133147790044,0.8831072639687844,0.9054272444094542,0.9327700406708506,0.9331304003126522,0.8728038637392679,0.745041883582096,0.7544672462689102,0.6476211186298866,0.5558158546140071,0.5026717390163651,0.44123108343574674,0.3116322172277837,0.43801370788681376,0.7158193099446831,0.8574881982948377,0.8991491136834691,0.9772310097160917,1.1627150323697306,1.239939268931698,1.3553633358582013,1.3070686332953214,1.2372532430818624,0.19277605284846988,1.1837812680732065,1.0966157924410251,0.9915963162259314,0.8394219990726112,0.7096882576283208,0.4551985581888179,0.536223005384135,0.7365761650616691,0.8897579048296594,1.1184868846070393,1.2832616666795134,1.3202553960407328,1.3835265556316343,1.3160419162475196,1.2315986741509155,1.1296021597609935,1.0176028810794477,0.8386304086363251,0.6791894876970531,0.5354736130008193,0.3957555190680604,0.277659994071128,0.11271071507536048,0.44732301449498013,1.0329695834693542,1.1719402139083521,0.5516639896050842,0.6268838863867661,0.45369697734379466,0.8883532232497119,0.6029193483060595,0.6786433305170504,0.5021997096124395,0.6049352490219606,0.9355689794214493,0.3680071075920329,0.32470732585727,0.033499980939449225,0.17307316752847018,0.6647234370945531,1.5991995344046839,1.4035915676244193,1.3753727943641083,1.1186457676157313,0.9335209385041108,0.6763762613154713,0.48309959855575735,0.32357485997576374,0.21725347746979473,0.10850192339737563,0.05512204271812049,-0.04283203419519488,-0.1308147649288306,-0.16705369390567332,-0.03714796958538419,0.6055536784024751,0.949857662353222,0.9517086937920427,0.9909314164111779,0.8975198678744667,0.733672703115984,0.5762153642292109,0.440877815359497,0.6671858445933667,0.27606842721232816,0.17915195941774265,0.10855892951375123,0.07169522888989921,-0.01524500641455373,-0.1010175766321616,-0.15300671649333164,-0.014396092359320323,0.4145648773693289,0.7050253207073818,0.7605474630577248,0.7973149078452952,0.8118282633844642,0.7379213286131034,0.6853818910778693,0.6089627794514174,0.5546274010871486,0.48608739246762456,0.43346264999685546,0.40123663133230014,0.31700869166296275,0.22920159435899579,0.21778817438219594,0.23180940377017012,0.31433542860257313,0.4619103907701978,0.0,0.0,0.0,0.0,0.0
2025-06-01 17:57:00.186,0,0.0,0.0,0.0,0.0,0.0,0.0,0.18798755227715405,0.1985343831753081,0.1978232533551324,0.1096659492714458,-0.022629799690019214,-0.07989154448026603,-0.08228178262104602,-0.09618170687466132,-0.07063155450445491,-0.021974302376731925,0.04714247099528185,0.11776113899368845,0.11404722659189309,0.12117774185170715,0.07548643969683874,0.024590135412018405,0.21104815138271338,0.2892586569360999,0.1886246838375114,0.08502002640375872,-0.0028793480182525144,-0.06513255864864487,-0.04476573779591586,-0.043489098199760656,-0.03796631897024827,0.024535323706962764,0.788448370367929,0.01389313190233954,0.0174877174287289,0.019734106107548388,0.06924864012202478,0.25504076709807305,0.674388298734734,0.6527275003931653,0.5660769155421058,0.43757253455573486,0.27294213926300337,0.17661132486203535,0.06176737419252998,-0.01257430181972774,-0.017056576818291536,-0.07507273790569391,-0.10664839612178934,-0.09900946603453342,-0.013031910879299446,-0.0001542837151615184,0.21476499806288718,0.49270449782288833,0.8994511269800817,0.7067547340404837,0.5493095008768846,0.3385320457548817,0.16249855670372093,0.3081350278787606,0.3256781645353697,0.2904809518539104,0.8473896542152295,0.6377029785811149,0.601110107383832,0.26587839956958,0.3945179601546918,0.45622234736652056,0.44643393603795556,0.6971783946741229,0.8501664605441113,0.6584764064436982,0.5159801139335323,0.27282289647519886,0.1676515210635423,0.08229973546495883,0.07494848225841522,0.029361067360590853,0.029241217265356445,0.08497767664520972,0.11682547682085098,0.14988792825574593,0.20619842099052665,0.24799128711448093,0.2775636989279709,0.287920607605916,0.3385989049891724,0.492855182996131,0.41855139596756985,0.3771417714854095,0.2955071697968856,0.2610010204208302,0.22975974722147452,0.21590749301802936,0.2243937719583089,0.2067399417548048,0.4447072898551025,0.2050500446232313,0.18963061502786605,0.16309639989743363,0.1091482068843711,0.06238672798607808,-0.02392457647703064,0.7202587321414318,0.7988743528978438,0.7862755543491073,0.6512864676021695,0.5059919341135763,0.4052780847932207,0.3410929662358497,0.2875282651820612,0.21050418902402823,0.1485769389555558,0.11757133207209325,0.054359296179834704,-0.04253853427354137,-0.15168690893574088,-0.3020580073575209,-0.048101831802458056,0.6812945773112228,0.86649780659801,0.8768430197579793,0.7856183424256564,0.4613661064838804,0.2858840978986233,0.26142501065424645,0.3293420726209597,0.0,0.0,0.0,0.0,0.053459624255472904,0.6489613964064862,0.7588827538933743,0.07735831626531509,0.6142043877450007,0.8206360120226273,0.8051859786542297,0.7472782813597029,0.721982960008466,0.7413276236091966,0.716940104470901,0.6581829503856365,0.5620470023643458,0.5706301838829253,0.518017101264362,0.4544112111900549,0.4301196404498304,0.39548106153068147,0.2752572333903282,0.3388511097015671,0.6328655269857205,0.7596582470572921,0.7675753881696854,0.8119153332846112,0.9557762698581416,1.0237184960976884,1.1048312282129755,1.0658393836575113,1.0127718646413688,0.060538325505922086,0.993681600272831,0.9341565742023021,0.8588929329793316,0.7311651422669444,0.6350696109250478,0.39337486391872306,0.483346474781433,0.662824639359747,0.7800218575894117,0.9742859456861928,1.1055677488057332,1.1314981460185225,1.1710913317074327,1.0979850303172467,1.0171886030486306,0.9273215106325194,0.8370675370027532,0.6887395762506542,0.5491425772523183,0.43571249444236154,0.3212793635400416,0.21385158848839103,0.0907123395257668,0.4649894102504007,0.9863604711486434,1.102150896145222,0.6017385344306097,0.6674890204821239,0.40592923275880743,0.7187481848395735,0.5415573943162,0.6917131723976455,0.5507217506178324,0.5868648007319115,0.7730642616591304,0.5085513202247665,0.4785596117534695,-0.029298721563492613,0.14513776773743675,0.660061513370038,1.5382060628448408,1.3328672498316807,1.2518073367550575,1.011216676621736,0.7760153183465801,0.529162292676677,0.3206361684672674,0.1924806269369188,0.10790873983732485,-0.004640280440205258,-0.04026305018949938,-0.12119532502810659,-0.22863055353044953,-0.24308443016851783,-0.0534918967440246,0.5972709451261642,0.9298433262236775,0.8926877298553784,0.8933069905195073,0.7611539127116289,0.5893145835393305,0.4225301572224127,0.29775102862643354,0.6002379055479543,0.1461027252207976,0.060920196986804065,-0.0009340012625762562,-0.025051144190367025,-0.09993405989135784,-0.1820415268812976,-0.21821170818691643,-0.04745640115224453,0.3653746839775107,0.6710115889913502,0.7134157307088883,0.7233080443297708,0.6722999975570514,0.6149283287472969,0.5648561038840749,0.49055050328549665,0.4378486929097136,0.38887454192089765,0.3395605288675114,0.30771556979855363,0.22992687273975,0.14790208310277786,0.15203919076311906,0.16116508090079307,0.2628377747957763,0.4025367844343437,0.0,0.0,0.0,0.0,0.0
2025-06-01 17:57:00.192,0,0.0,0.0,0.0,0.0,0.0,0.0,0.20327563323045186,0.17907411063461717,0.16948358120139628,0.09073625436176047,-0.03540958392575266,-0.08782625694401136,-0.081452522015243,-0.07552112397239352,-0.04533445322660923,0.013359482058735273,0.09477317412421832,0.17516332460352868,0.173165612951517,0.18823201134010392,0.16294496291759258,0.07222154242111502,0.18844392379064784,0.22571179243050227,0.12888134221681935,0.03556004929915724,-0.0356539197319905,-0.0964732100647756,-0.023324104643234866,-0.008842138121438525,0.006604381074427623,0.07426392253678393,0.7577926988048913,0.09046639560060599,0.10891807536852144,0.11145766865090115,0.135265248386654,0.21601420100740398,0.49019797908289636,0.5424812960718278,0.46865646660608185,0.34925594374006397,0.21947810033903403,0.17043492480713063,0.0687260074387801,0.02494830979927176,-0.001844278738067695,-0.02470646183304659,-0.034255227836612945,-0.0233649564146986,0.040197816899306904,0.0653442652246442,0.253808570546897,0.4360152422388834,0.7925728817757683,0.6366662756144413,0.5072265615147425,0.28021512849796704,0.1212410070308716,0.5136574116973409,0.3690795257899713,0.29004407366203183,0.882618383377969,0.7113889281833091,0.44615984345586623,0.4016456438179251,0.6211543466352734,0.44015276023599914,0.42230137897142006,0.8040383006246106,0.8151259744745267,0.567928712820295,0.43223267050655867,0.17089461716534493,0.13667859270987548,0.056866241533700235,0.05440985756896555,0.024512394558922068,0.04034864129119131,0.10105932309463328,0.13899911368015583,0.18100870329118202,0.23425631945754677,0.2767412206879857,0.3145400407815883,0.3444011044883608,0.3345808981493285,0.42255347366398016,0.33474304064643234,0.31322679337333414,0.2482024254028068,0.22796932119795987,0.21264451676635931,0.2130883342734311,0.2327628077052637,0.21939020827608857,0.558126446632347,0.22151824954559896,0.22313107775089402,0.19979442928508329,0.15541117667794335,0.10593854733312325,-0.019180899231517445,0.6419101291291163,0.711398770664743,0.735866548380764,0.6193661053239687,0.4914935544942256,0.3942865600328693,0.3412815618893439,0.28668663337830447,0.23284336043076537,0.1657296788921645,0.14277605022646522,0.07923665915262035,-0.007982271562466225,-0.11869890125944249,-0.26746130976935817,-0.077411355091305,0.6524734588078245,0.8540277262149767,0.8575358484955615,0.7648032020118061,0.3550261263693249,0.3857080077833231,0.3869113713701166,0.3633300105505852,0.0,0.0,0.0,0.0,0.12794795235872358,0.6502466258367199,0.6318119411628997,0.06317851912313732,0.6039618224308625,0.8213727873290055,0.7901493300045697,0.7389802270662217,0.7025875460032096,0.7174057782073084,0.6998878486381965,0.6328504553317855,0.5422600143144156,0.5451581032687396,0.48384456040742996,0.4283217784031763,0.4022684894832933,0.36725297550032093,0.26581841597331163,0.33620675024167485,0.6462997619488512,0.7773992451280637,0.7851924513015063,0.8166871219010643,0.9492674564610868,1.0208842657667119,1.099173883164167,1.0461074358347073,0.9833585751143554,0.06467481097688799,0.9595512952698493,0.9111817252941095,0.817234628498948,0.697979902618442,0.5813471939336567,0.3326208061266541,0.5156131702877581,0.7093743881975081,0.8338697859021379,1.0428964881210845,1.1442810122276206,1.1566739554754448,1.1933914961774184,1.1024619304237524,1.0212583915831788,0.9029667137922335,0.7957555279792243,0.6354178110856165,0.5044693157849781,0.387703117506565,0.2664775505300856,0.15696079724345913,0.12020710492564624,0.572081258322261,1.1166758639951095,1.2202858072054479,0.8167083233066422,0.7222301591273085,0.5696740893993255,0.4099174121464422,0.4306447808885335,0.5381877090614884,0.453993046979875,0.5645065107397618,0.5904506618381326,0.4529494355810998,0.6393379159637635,-0.05822770093958207,0.1912267632730572,0.811497160924511,1.7939814487559382,1.501603590216017,1.3746224386382875,1.0787548626681969,0.8281041083522058,0.5613861746625961,0.32626565010556985,0.14550506603171387,0.058916560816509644,-0.07864387877126688,-0.131888376229076,-0.22393512172426833,-0.33660334011064047,-0.27209124601714213,0.07599422173108855,0.8256892600667982,1.085432581418038,1.0117081592579267,1.03199541349314,0.9019636618828797,0.6815481076047427,0.47727246935478784,0.2930987294360621,0.6918854245450922,0.09121423644801752,-0.009102524494257747,-0.09838987441756286,-0.13592399840671276,-0.21973589665473559,-0.33101118892282483,-0.23632953178123856,0.10245039051284077,0.6157867974613309,0.8449154927062901,0.8564775759782034,0.8687207467023594,0.8034518018520322,0.6923254641172436,0.613381262553067,0.499999022676074,0.4255120583509704,0.3425936274901362,0.26340173741930717,0.20357990943025528,0.09620669845067342,0.017816538519858094,0.05239127733787907,0.20048496727664078,0.44907252075368953,0.6073453249892204,0.0,0.0,0.0,0.0,0.0
2025-06-01 17:57:00.195,0,0.0,0.0,0.0,0.0,0.0,0.0,0.31514406874289014,0.28738057027968933,0.2862833586343516,0.19917184528728216,0.08014726190263499,0.012240188765569315,-0.007758248970542225,-0.0027748130944829086,0.014781860827440041,0.06384598335887393,0.14448582653940562,0.218813656209502,0.21485492131582629,0.2107564639935135,0.17503201552636294,0.12475716748699638,0.26889673492829536,0.30250552799481206,0.22192371748761908,0.1673374301130729,0.12543381352667105,0.02390055175539696,0.08698321398633646,0.10723580733805749,0.09230946395068562,0.14755624395794842,0.7516618837837008,0.12769878896982279,0.13993849370718475,0.12336462266364204,0.15991191319782733,0.32112994323782373,0.6123263108367574,0.650607580298068,0.6184734150888128,0.5160331449514683,0.3888208830615927,0.30982383277625525,0.18414522148893497,0.15529503728115812,0.09323543728526418,0.08402447948492364,-0.0013993032737773525,0.012346434149658747,0.11145608177653876,0.1171177917602012,0.319324502383296,0.5022427677691337,0.871015855476133,0.7146784570555812,0.6133991672775606,0.40317713811672706,0.26223219714074375,0.5904132112474056,0.4765277602946134,0.3352113555696657,0.8277416988905872,0.7004244988016805,0.5375321084299653,0.4744930803582281,0.6368337246383617,0.3968070807719549,0.4580797637700005,0.9395675017224725,0.9013361037094965,0.6419272478451694,0.5271757233567747,0.3107172406482186,0.26723176576099883,0.19618897393622214,0.192253526733575,0.16068402458975295,0.15686184062482678,0.22621207857356795,0.24637997759833374,0.2705692998748108,0.32213242613422344,0.3490929210345146,0.3817518699987939,0.38339794501655755,0.34164568164966724,0.4863118676305532,0.4885521401940197,0.47633038373870473,0.4309766591326807,0.39393930773062036,0.37465138430175093,0.3802108676912197,0.3842100162224129,0.3564616129530227,0.730615001277386,0.3318935457784862,0.3184490911832377,0.27744846700694226,0.20373353797626614,0.1386999690024498,-0.0036040226205623083,0.7199968044980778,0.8597171363874897,0.9303055786307275,0.8257199997261202,0.6930103747563641,0.5884061626323007,0.5170603638354718,0.4436059559442951,0.38694832217430064,0.3022943676707559,0.2794261567690195,0.19760419721173172,0.09365333396434239,-0.054766206971347486,-0.22798959144277187,-0.0947846902016467,0.708614664308945,0.9142965936249581,0.9419330528313345,0.8548326524841283,0.358075687310958,0.4022572419713972,0.3217296567016141,0.56032654942151,0.0,0.0,0.0,0.0,0.17836623397255624,0.888915096856538,0.7374295181172915,0.04911591240134228,0.6377885240433963,0.8602238076271421,0.8481406889158065,0.8188354727869293,0.8355827718479041,0.8562938041095178,0.8649293642716609,0.7955566522951125,0.7264459685691169,0.7186432813712305,0.6154520102001544,0.5473949250853536,0.506383006086587,0.4561592511212262,0.34226981807676354,0.33156093648628177,0.6509026368242565,0.8100090014773234,0.8470388743919994,0.9153523039971907,1.085607916105426,1.1784786069843864,1.30502387072363,1.278679209492635,1.1976272282274192,0.22451062693512264,1.1662146959616888,1.1125132097684278,0.9936128172907004,0.8455102223384267,0.7111704412574558,0.4183188831823573,0.4615844518878546,0.6839633203245055,0.8506115028058631,1.1201368285925446,1.275033807857337,1.3159831936326236,1.3835271946288157,1.2932053944583355,1.244722766180896,1.110267955467012,1.0041108648941446,0.8096399781082507,0.6510929763106904,0.5134174076633393,0.37440000855198385,0.24784878507687824,0.1277069146276578,0.5293169089458568,1.093037137823698,1.2424181493482558,0.9532562265322276,0.6828500424087742,0.6353758635709121,0.5310952094102919,0.780407952230171,0.6026984298222975,0.3287717669075128,0.6980322070624203,0.5306047341072889,0.550113910241395,0.5786214254038468,0.02925555448635092,0.20709551863536396,0.8129165607957385,1.8396834396778288,1.5692707896682028,1.5045264550237212,1.2064078035803627,1.0067544977332024,0.6946073674349278,0.4796633346799515,0.3062243024371356,0.192296401944126,0.07812816529374755,-0.01632543046073609,-0.11559560038336858,-0.22711521738839463,-0.2294713181857655,0.07644538163950426,0.8179681716564187,1.1112050764997583,1.0501780445381204,1.1273779016849192,1.0402767600200649,0.8461830093079135,0.6246516458926885,0.44726489190266316,0.6128223584402698,0.2321820641672201,0.12474303730617908,0.036765418220878754,-0.011275164558642636,-0.11332715987052966,-0.22018154197600143,-0.20281830625724823,0.06049698666521153,0.5546563086009653,0.8360202569935538,0.8839310304974078,0.9006632142137043,0.8995326029147037,0.7935184194735014,0.7374817463596401,0.6334470512913215,0.5578974952480862,0.4738029302260913,0.422214979802477,0.3581827037551306,0.24559958142278504,0.16165182256100152,0.1459086725342867,0.20281502199824486,0.3749192574422716,0.5416301485164006,0.0,0.0,0.0,0.0,0.0
2025-06-01 17:57:00.199,0,0.0,0.0,0.0,0.0,0.0,0.0,0.32767933894746637,0.29307658566735006,0.30707268066460447,0.25438801522540044,0.1306857120498398,0.08912825872248142,0.06588582113280406,0.07865131023794947,0.08771127978576654,0.1269230819940046,0.21135890318416634,0.2788548226072144,0.2814794795249795,0.2667368519589621,0.2280131992983393,0.15094506309569705,0.23913717696200398,0.2886657253749309,0.22834395482580427,0.21436679256174618,0.19825344631171515,0.11388179384814112,0.17852123880541826,0.19607957725027725,0.19736294946374477,0.24673127257053462,0.6616586794315952,0.2077894555122506,0.21608221420132429,0.1826423494087915,0.18805630753118996,0.2922651261473905,0.6033012698882372,0.6752940396464435,0.6839783019069788,0.6255813787581621,0.4983434256835182,0.4119547390852154,0.29795134274923396,0.23614310454208898,0.20034450692713368,0.17387193005972246,0.06343701361862986,0.09909333665354902,0.20484979350664156,0.16212719333775,0.3377063820503015,0.5378466593212352,0.9118490345123423,0.7600984381710542,0.6621365308393196,0.4931579894378233,0.35020858430712676,0.5694953214725405,0.4765277602946134,0.4503656616920508,0.9212502117606665,0.7081475752678142,0.5245560326346772,0.5070351734761043,0.7457800976878,0.5605117323980827,0.48196254765616375,0.8933180029587049,0.9740417935164827,0.680717132695648,0.5583317114167121,0.3817191992065656,0.3534771727677728,0.2829435010977064,0.28794922295738434,0.26148113718721877,0.2676137850710212,0.34663999933938183,0.3645095705778767,0.37887813222538735,0.4231545063125731,0.4445628407134514,0.4773074070601215,0.4538286898703763,0.3856468430929909,0.4969164176018063,0.5365985841463706,0.5761294478247694,0.5507422102178383,0.5339116775131802,0.5168447236702463,0.5207889979396456,0.5269527532795197,0.4925800411679466,0.8842810789748379,0.44373560240087895,0.4273857948247496,0.3755311304622334,0.270499835029395,0.18991838791593513,-1.3506386061623576e-05,0.7450674627752365,0.9614094940872667,1.0997662199628082,1.00526353337337,0.8746492909569394,0.7696157327317856,0.6827395658342259,0.6033970723899236,0.5346981439251397,0.44177258846692036,0.4095146209021856,0.3000493321645177,0.17967326512337367,0.0009663170592849601,-0.20534185880581818,-0.08641560923630545,0.7796497238485042,0.9911422567960102,1.0426699280978875,0.9657626257454026,0.40090511840145265,0.3299159711328879,0.26015751570047657,0.5328889267101866,0.0,0.0,0.0,0.0,0.2514659941681471,1.1033752207306498,0.845272601683109,0.12069844002075436,0.7369559500101435,0.9275585614014286,0.9405052330701751,0.9269889780556734,0.9754210393680103,1.0071633373472622,1.0273397066078207,0.9553814561115925,0.8884689041832092,0.8664320312253362,0.71133017393963,0.6309937165760173,0.5716429414842632,0.4975432740585605,0.37524735865581854,0.4504037542381159,0.7353152951401056,0.90391026772135,0.9632104863875568,1.0739482753454994,1.2758791440506638,1.3784741963462661,1.5281268087797497,1.5030929682157101,1.392495082635888,0.3577384639823446,1.3178520704635863,1.2466507813074,1.1019517435893904,0.907784914499464,0.7618493405684089,0.45064416828763215,0.5468076989413473,0.8092761687584413,1.01299343667847,1.3188387665529022,1.5006687810385713,1.5442242517226294,1.6233190889961624,1.5090290137689715,1.4421914726353529,1.2883986265504892,1.1510260986561889,0.9256481091837109,0.7337680553466576,0.5612309490034353,0.397442154945818,0.25186141328876993,0.10950901496944784,0.5952722024032212,1.2437552711822737,1.4285687536729674,0.9777048861339547,0.6736419972352385,0.6619029321968294,0.5715183403921948,0.7889896024598151,0.5625039072804392,0.319908598964546,0.5804108435840603,0.49447417524387083,0.4578254096937794,0.5307159889482892,0.027495464524534052,0.23469375487276722,0.9200034060981082,2.093759842653535,1.7658522686614042,1.7561260653263937,1.4262331853963985,1.2093958799250573,0.8792706558166152,0.6684086857577551,0.4275118632874395,0.277007519297813,0.138505784305073,0.020833817660951492,-0.09437999206338143,-0.23059965669597504,-0.2543968410445276,0.13151752744863948,0.9663939808443365,1.248167253131687,1.192818483912743,1.3100340222456968,1.2757925502514926,1.0596189037925243,0.8031915662619225,0.6075409999489996,0.5814740722099293,0.3311113690047178,0.20539061075014353,0.08998570676931394,0.02975169328706484,-0.0978397278365768,-0.250848058703628,-0.26106570067131907,0.12621389748830675,0.7330646170491455,0.9715224718765929,1.0176404991890067,1.0664516850749788,1.1078048987084022,0.9725716279123584,0.8941006552165511,0.7748438877545649,0.6677518513619514,0.5808466669905765,0.4943338924440397,0.4001460255253253,0.26839945672087906,0.14176349407237843,0.12118892657609409,0.18527232381162306,0.49707675826016084,0.7028080128197196,0.0,0.0,0.0,0.0,0.0
2025-06-01 17:57:00.201,0,0.0,0.0,0.0,0.0,0.0,0.0,0.3559375594867781,0.32036481561465224,0.3242322204351207,0.278663611412874,0.1530353421554841,0.08532174353910948,0.06972850815180065,0.07973778414877353,0.08752648080109704,0.14032916271352602,0.21820365422851867,0.2767407121049166,0.2820658800476224,0.2854933328617793,0.2598862425182619,0.19518847391579536,0.25474688454816435,0.2832867281601544,0.2026282581701262,0.18314748763186317,0.16585001045511794,0.09210272071972514,0.15766867212816926,0.19052258918507903,0.19360752972808282,0.248060643671842,0.5473079980239363,0.22571213852378458,0.2270580484655516,0.20809003055808103,0.21555756998005965,0.3108165626138483,0.5897796365116459,0.6508066655777759,0.6518199861031201,0.595149467412764,0.4619000276812,0.38252007166560653,0.2928822663703645,0.23014404892949036,0.20695253353525445,0.18174513940830583,0.08191854601609017,0.09489635596255175,0.2563568839870669,0.21571009814810854,0.3650994993817796,0.5408047912500822,0.8786779130433423,0.7300229713234475,0.639871545606861,0.48718601249178484,0.3198257085346623,0.5450160277545866,0.4889169540272079,0.36375800468656755,0.722180225500398,0.586522288583146,0.31550145640925975,0.4841612420795177,0.686734251047671,0.5348094073724912,0.6902622416157771,0.7863703709559149,0.9928676113426775,0.6663074648006319,0.5240105814523692,0.36014648276881833,0.3155063222842285,0.2482979940565342,0.2538951076535778,0.23322094545358718,0.24648050137171684,0.319158047150935,0.35281209649445344,0.3785687196274843,0.4319156629231907,0.45534314330222503,0.4865534242533514,0.47554790108192846,0.40210171779079384,0.46858030464847006,0.48828059472619867,0.5225141878058654,0.5022914196192083,0.501933205967904,0.5013048530152484,0.5010456379880814,0.5061213439344763,0.48149734016514545,0.9177847456475259,0.4463692706920961,0.42440653272578144,0.37804151394996033,0.2916154243526482,0.19701410912923706,0.009968447366650174,0.7179424730740329,0.9482681619927799,1.0616466767303923,0.98748776028988,0.8587549831751946,0.7574914904980468,0.6662186273079875,0.593892809385355,0.5325339303254186,0.4391114795414479,0.40003659017779736,0.2977767425009197,0.17302943138188476,0.0058572387406619075,-0.20422989120870544,-0.06866715834727319,0.7674644651185027,0.9849725184596787,1.0333735778475583,0.9544956118463139,0.1635780634041013,0.16232942465278655,0.33831411339979994,0.5782465172505483,0.0,0.0,0.0,0.0,0.2299745983020135,0.9804915262537901,0.8038153517808387,0.13998700125461438,0.7305113372339864,0.9302071263550387,0.9279492582952162,0.9105463418685841,0.9449686472502037,0.9687765198622313,0.9854845228104558,0.9076410598437281,0.8363853336543192,0.8190329459000671,0.6746387216168841,0.6029587752216401,0.5449769782333742,0.4823149295409486,0.36320864628276034,0.46119767050674204,0.7406582268108384,0.9053617447176809,0.9388752621947991,1.0490437078878774,1.242954259310315,1.3301256489472957,1.4683419730785725,1.4510609210516037,1.3474493904172344,0.6293752981384246,1.2803737260058798,1.209773955936651,1.0738971873488286,0.8935714747858644,0.7490038377542946,0.46847822426702584,0.5685691004982163,0.826468186770926,1.0058261552678576,1.3013714400403409,1.472135598870726,1.5178180568310105,1.5868125371251067,1.471278870309564,1.4096698587404815,1.2488970347248132,1.1148802839892262,0.9015904822963335,0.716732983322549,0.5518072335700523,0.38637378994521787,0.22594429293148321,0.09931891670876916,0.6104381600282226,1.234558661600523,1.4110556352928878,0.9915057094505494,0.5024224193904723,0.6939021110293848,0.41607952623272093,0.5863376357984058,0.44169516438936063,0.35198689335341377,0.6915376832770184,0.46839524873380634,0.33553292803228174,0.581332406704607,0.008061576930239567,0.22831648786053454,0.9217503045846747,2.1136601497689576,1.7533589353979473,1.7245235360577742,1.4173644808730037,1.1769140578214523,0.8366119607650173,0.6332235432516302,0.38755277016144984,0.2637046525971647,0.11306180400160204,0.003144336425582095,-0.11992843942974596,-0.24731390149875115,-0.2835309547875654,0.1283252738746708,0.9703154660428217,1.2532339607883993,1.1827170732015877,1.2927309160768177,1.2669510269647903,1.0401747464023283,0.7958127019935766,0.595028386915242,0.4292149795767063,0.3188473421086375,0.1948464701987449,0.08512859445094811,0.014549472325739221,-0.11377760632743272,-0.24284624157773338,-0.2771523278282315,0.1305158093486008,0.7386482227477567,0.9459888512920582,1.0093705092125225,1.0685448320398165,1.0889607400545862,0.9703726172553764,0.8693062180951525,0.7617386912282955,0.6809332186306782,0.5749927740792571,0.4852673888681198,0.4024084257381002,0.26919420168639097,0.14298030531279926,0.10685616381880408,0.16055240221051592,0.45401494162395506,0.7034960078600341,0.0,0.0,0.0,0.0,0.0
2025-06-01 17:57:00.204,0,0.0,0.0,0.0,0.0,0.0,0.0,0.4101127212575286,0.3417015353516367,0.36639040856275085,0.3145046401141174,0.2185296351514442,0.16728250623601648,0.14851351394341494,0.14997370159081191,0.16492075344332036,0.2186842757388644,0.30111899878482723,0.3507109313623661,0.3612619688084993,0.34635915894780533,0.33164905149832213,0.25552363921468013,0.25538748742477996,0.2697514839319783,0.22826182635848036,0.22862185616205732,0.23511397007509438,0.16974533318117047,0.25640322924721537,0.28405404098241416,0.2887870222536879,0.3429344695158807,0.7229859083253998,0.3086787618418082,0.3044742810860041,0.2738955540045055,0.26613692392514793,0.34499739571283267,0.5953691127658691,0.6738165011295324,0.7211186433356557,0.6772859354713847,0.5648254268130628,0.4735523199718221,0.3716489711558866,0.3442104724339634,0.2977780382845159,0.24989796933468855,0.15264710142825022,0.1576292433562776,0.2903304718541778,0.28465258198977955,0.37771662357660196,0.5754437231447005,0.9036745953493582,0.7757600228666314,0.7087797630329181,0.5750976435293156,0.4296438204770281,0.5401937451565704,0.4958575973371361,0.32990488901010845,0.8144299839932203,0.5154233523953458,0.34826618063797865,0.5225924352263225,0.7445638302928621,0.5556246762729599,0.7155328571916473,0.8008210676043577,1.0795826819616146,0.6980286868273438,0.5729498033645775,0.4532315034677279,0.42370654611959346,0.35642573717928716,0.35733672932944227,0.35136909853418397,0.3570829194013019,0.4480905594781843,0.47011663267109927,0.4832952115049074,0.5414320186768352,0.5524288875900485,0.5724164393164011,0.5526265010481498,0.4357462644504688,0.4781360850973589,0.5664365020160297,0.6389100530486271,0.64301489295107,0.6517146227825135,0.6607061932685228,0.658209403129006,0.6556294301446632,0.6223835452732736,1.0659656858011708,0.5693039452050905,0.5334035586355012,0.4718839248541634,0.3738490376340631,0.24927182354621352,0.017040533961707904,0.7536788612132592,1.0541293206714708,1.226677833043242,1.1812836539485503,1.0563264617056587,0.9426906732905749,0.8441788820818825,0.7595173433116558,0.6936727718115241,0.5917443059577137,0.5361154681720033,0.4179677804594455,0.27517419546712585,0.0859699919043263,-0.16951588296211306,-0.05594379017848203,0.8247170582119977,1.0580652670149715,1.1286093294247919,1.057438394584498,0.2996386521541679,0.20499372184761905,0.5066870146729168,0.6427742906759768,0.0,0.0,0.0,0.0,0.4338370734328145,1.0660990170512676,0.692396383016609,0.18403034454688338,0.80629176121449,0.9869936104360162,1.005724173267991,1.0185364643306185,1.0716304701520862,1.1085472134989807,1.136389101843538,1.0457774156072555,0.9689209227567699,0.9410526799099532,0.7561023853189037,0.667586064983694,0.5869146438272956,0.5054322817468564,0.3921736840350318,0.5424363087708635,0.8111674609036138,0.9807506622173101,1.0365190411816922,1.1749011391928086,1.4010903741286727,1.507818600132938,1.6688198883643208,1.657591068766089,1.522004849935225,0.6746844166388042,1.4199182815956175,1.3403203575682952,1.177042000514339,0.9738614892294591,0.7999075823897042,0.5092525595057287,0.6330786980971502,0.9208982215253487,1.1242136505497728,1.4644007694388972,1.6603349986119467,1.712622757526373,1.7900798297864675,1.664276775168889,1.6005630552006473,1.4184845858351327,1.2683861258700686,1.019238052569842,0.8106729748762783,0.6184282691143828,0.4289475622363783,0.2528247162296543,0.1049207280662938,0.6543424419417153,1.3473260970153471,1.5433623099951226,1.093535857449025,0.5717487328979416,0.8587008882645876,0.6106274042793394,0.5136990584422569,0.6340155286340097,0.5366587295795484,0.8371885747588632,0.6261270495048774,0.3892491500095411,0.6973118082911223,0.03916188074843613,0.2513883978476443,0.978574357337965,2.251652156156474,1.8764085703368998,1.8989538120063503,1.5795973557789105,1.326272312993827,1.0111847091842323,0.7798188824044898,0.49311150458251496,0.36382017436419445,0.19405863622142827,0.07208704550039724,-0.10046506302908109,-0.20521178863748435,-0.25504098059784136,0.1691433734072983,1.0542893210523345,1.322480025750579,1.2760528008105636,1.4213918570893211,1.433927596243936,1.2111163576553117,0.9491512349631808,0.7409109571823544,0.4522642792780788,0.42528935692266256,0.29374618376574624,0.16086378912256172,0.08848994743582239,-0.05489661659193823,-0.21402503408862772,-0.2636970253632184,0.14713662931995802,0.7863272175692249,1.002062997268119,1.0811583493488017,1.1713827093381926,1.2343531968893746,1.0998403236403118,1.0049601746142809,0.885067482077188,0.7915116671430333,0.6664913297161796,0.5746395564243161,0.4826268649879739,0.3401080155984012,0.20428579094866162,0.14912377032013674,0.23100369014540256,0.519975348751817,0.8100883573660997,0.0,0.0,0.0,0.0,0.0
2025-06-01 17:57:00.209,0,0.0,0.0,0.0,0.0,0.0,0.0,0.450574738641514,0.44060327929210397,0.5013607897704887,0.44374860535267524,0.32535842840465035,0.2429086231796468,0.1924222500668794,0.16564135662134194,0.15953814697361213,0.20699360354860064,0.2717691171204543,0.3094298960102744,0.3260083204038407,0.3038168186084259,0.26713620811133953,0.22773147771718594,0.296499387836405,0.3664167161268063,0.32993876834580116,0.32221314156642256,0.2997138520775007,0.23613942704614388,0.27094643212904757,0.2835418493393027,0.286922578664798,0.31937422449429587,0.5622285470103441,0.27250889972831616,0.2418800695224021,0.2242840865401595,0.20359971253164777,0.36808146574179124,0.7396931403515947,0.7823213480361414,0.8066884960779966,0.7827032320828149,0.6284043108876973,0.5092671082856199,0.4145020311235659,0.3466334863978504,0.2782169782281234,0.22707212408028687,0.13749386617751547,0.12999525663683698,0.25324358598869634,0.2549864227291803,0.31903546851036596,0.591177196061027,0.9780914446651586,0.8416130369772955,0.7722336764311394,0.6492758087792021,0.4832759454340647,0.23516939431387368,0.3679241500695576,0.5050775561550613,0.6610644666692501,0.2509312764084002,0.3967346306362376,0.5611108350609203,0.616532379857361,0.6586442269625007,0.7485727175343921,0.8692618560948009,1.1079356347664993,0.768065522269149,0.6508429272078289,0.5403093412096751,0.453442057615393,0.3861158659026318,0.36745283504295756,0.3629290509516512,0.3563994427027297,0.43211641499625286,0.4515736654990463,0.4528839151203119,0.5035827642012342,0.5084874157661456,0.5263403005206633,0.4938105800125988,0.4087972203863385,0.5432015622050956,0.6438319549111465,0.7074836933183726,0.6862105663119515,0.6885297240055113,0.676050960097974,0.6652878489407739,0.6467966956864264,0.6129607966656325,0.8355064189110752,0.5488390442582045,0.49641238016685196,0.42990545430497595,0.32060412404301675,0.18632959599714677,0.014803318879524047,0.849625155478743,1.147467790702954,1.290108142526749,1.2251578913884706,1.0805414696030458,0.9487692310474205,0.8474127099446616,0.7563075850669514,0.6752495750712477,0.574106458760065,0.5159903461069486,0.3896916388383742,0.24238577019496788,0.0502866366192426,-0.19312698667731676,-0.019547334320161786,0.858832837379882,1.0709882274246487,1.1407114336169106,1.0683524208496797,0.3360324963655515,0.29657340525462367,0.6960809822578364,0.738944652858086,0.0,0.0,0.0,0.0,0.570974796150269,1.2290726612529603,0.5926087030630899,0.2079578490312406,0.8178338247663475,0.9916760939796769,1.0113443878925985,1.017374042869935,1.0562908525304688,1.0903976985925226,1.1079180970459994,1.0222094521550584,0.9425690935197042,0.9156168276389849,0.7430684749697722,0.6571500989634445,0.5769808983983258,0.5099788652471271,0.39945352606278733,0.555536881446977,0.8040611977912079,0.9649972751386808,1.0104161748682112,1.1520185666226812,1.3760765029492268,1.4802138293771212,1.6428994882419845,1.6342944169503462,1.5176091232535136,1.014164366451167,1.4265298573186644,1.3373447648404055,1.1904646348301184,0.9891671141668373,0.841184674569271,0.5523500471702802,0.6087390617295129,0.8683686136346356,1.0741516123495307,1.3986269258967103,1.6107197118524197,1.6691103223993407,1.756254409126052,1.6352933062185964,1.5827763207078487,1.4162457008464062,1.2836873604579373,1.0491455323834549,0.8371405957025885,0.6515794949552458,0.4739687839511382,0.29436058139023485,0.07046051198717287,0.5554227250031821,1.2420219164691693,1.4399601434443872,0.8328139466307433,0.5649408642178091,0.7085226988303329,0.4528146353480731,0.7979474605906991,0.636715472115381,0.6724363992846827,0.7364942925335827,0.7477332128087971,0.40433687129208007,0.43269933670963867,0.06119081362989359,0.20563559086409533,0.863188660080393,2.101629961750988,1.7606951366895298,1.813191772609366,1.5290964275749,1.277760075723686,1.0165865144446435,0.787589114912526,0.529428023977071,0.40466299083736734,0.24650119193972064,0.12357299151314383,-0.02811705191819125,-0.14606127284515869,-0.2692265447630773,0.05471843104695889,0.8577175091290958,1.2101407898955596,1.1836685020396205,1.3337437962110266,1.3316620607006395,1.138635781311013,0.9187910856826684,0.7383309111574927,0.3210394133371598,0.46097786518732997,0.35056814096092626,0.2340594798741662,0.17111696160308687,0.04775504232208383,-0.08600045021741132,-0.2748552374919092,-0.03455737793616748,0.5316934643571898,0.8368797114216062,0.9488897450746366,1.0433063966297378,1.1009432365571703,1.0392277021880663,0.9591876926780638,0.8762923529373599,0.8173190156072534,0.7219516818244083,0.6527604432369636,0.5908108513642083,0.46007182316619766,0.33304289305041757,0.22643057293585972,0.15828825827292603,0.32394606462094033,0.6195897051686203,0.0,0.0,0.0,0.0,0.0
2025-06-01 17:57:00.216,0,0.0,0.0,0.0,0.0,0.0,0.0,0.5073413612908316,0.46910222273975477,0.5215888386632211,0.4613078568990151,0.3426552828471475,0.26011568651686867,0.212803726472801,0.17384761944589577,0.17442304071365877,0.22678234964017085,0.2943632706217357,0.3254174620303505,0.3548918285895753,0.32931237259687907,0.30142314855092106,0.23263705463798323,0.2702190030369765,0.33150112917692237,0.306320526361776,0.2834862421370271,0.25317461421369836,0.21779636979320727,0.2532805121494559,0.2675233654069291,0.3000057909925473,0.3227611037882454,0.6014764294619204,0.2921639799407316,0.2607656418995134,0.23763979280842326,0.19336207570983394,0.3339559280840527,0.6927257056523404,0.7561743104362751,0.7291731935485682,0.7017554604448668,0.5643942274468343,0.49123684978676896,0.3715594538678435,0.3229442005423344,0.2411061155549996,0.21734647618980452,0.13751003116659255,0.1368978863255944,0.2218041400957269,0.22068207720492822,0.2816556121533379,0.5565679052959076,0.9343738853864937,0.8076057258091153,0.7431109228181031,0.601053208478282,0.43760138440495955,0.4059815799410548,0.2436182603132917,0.5138408211009562,0.6971810342907202,0.20470294768947941,0.40917097202444386,0.6274034381975688,0.5631874888586261,0.728538166028238,0.712251598000857,0.8435797637286251,1.0747265279546894,0.7460502907463429,0.6199531650666956,0.5061615280763685,0.41245194328065127,0.33767489642360515,0.3225988363509924,0.3256654563425867,0.3319315082329608,0.38899901796691827,0.42361137527126047,0.43044637073357683,0.47143469061425713,0.4839989107861009,0.48811243199589144,0.46825345673375907,0.39164943929342466,0.5265006139686363,0.6041210176409927,0.6954312049330589,0.6436560376896208,0.654888956821545,0.6452217253849777,0.629959905082075,0.6084932887567591,0.5856977119119249,0.6573315798119279,0.52237336775726,0.4660220800960396,0.40086093797109623,0.3080884748767906,0.15867527283667476,0.010400515983360503,0.8595992532924684,1.145180237331601,1.284645719836047,1.213011930176595,1.05913074467972,0.9245019943061246,0.8210435326195085,0.7294359169642468,0.6522977582453342,0.5505774135266219,0.4827009203522865,0.359219899964075,0.20790142392782163,0.03182587139378745,-0.21950896364458444,0.027225173962134697,0.8860119012727409,1.0890442315184425,1.1540655084138003,1.0759906918198339,0.5570289804448938,0.37197747954326205,0.8696888451556617,0.6674714823640799,0.0,0.0,0.0,0.0,0.45115033617932465,1.0716285485793733,0.6960570001247002,0.26532710668798154,0.8549317737936599,1.0163871238187894,1.0234561072490027,1.035450657332071,1.0433776203661649,1.086068952984968,1.0768951075672777,0.9951815465192384,0.8944598569796991,0.864969894011038,0.7038443114662376,0.6143888510494921,0.533022694589601,0.4657756679908079,0.384065538748897,0.6037732232190915,0.8344743589468226,0.9780737267782156,1.0226934303813346,1.1508178719524365,1.3674362020016197,1.4736124488380051,1.611482658139629,1.579441187692124,1.4765158298128245,0.9530112026704616,1.3743326131288969,1.2879634374229414,1.139815995298349,0.9572311602461555,0.8012576870534014,0.5366021661666565,0.6532849157098811,0.8957233835139169,1.0908267033120036,1.4082763026538545,1.6013752528197562,1.6503425327054193,1.7444627576883094,1.6090820196386748,1.5523629054154209,1.3805067281941947,1.2387256922149694,1.0104836020070604,0.8160244315480242,0.627774502843006,0.4537434247879448,0.2728038611213823,0.05165784484563041,0.5649155379297809,1.2585195940440728,1.456731553670878,0.6714595565089095,0.6630012175407464,0.7879678249268055,0.5586567204583626,0.6578725560543228,0.6289288740917733,0.7405370011278569,0.5963316994507137,0.6048933460737407,0.42897428657010206,0.4423516487122636,0.03635703660294509,0.1918356386926155,0.8574662879333486,2.085554050129585,1.771765725385061,1.8075039962896078,1.5243768455237685,1.2404235608073304,1.0185879021817357,0.7910395806682684,0.4949361698182744,0.386801230792422,0.21550961756908005,0.12291439745414556,-0.04932437800461731,-0.1728964746613053,-0.26478998120509634,0.020864839954321035,0.8473733525147364,1.2096606998849553,1.1833397326566542,1.3218028892735343,1.3245970067361366,1.1243779687277047,0.9196297729141525,0.7294871523771012,0.35592650900206113,0.4645742488481128,0.3491164362304453,0.23848808091627594,0.16787960911283017,0.06540302238753126,-0.08423394338960144,-0.2635533821755967,-0.07311000856734523,0.5162035208186033,0.8403641333802305,0.9492313061448175,1.0633774784314187,1.1094866493986437,1.0524875438690513,0.980360095191922,0.8837994906981124,0.8371112907563771,0.7433406245035228,0.6692499180871916,0.5999168577764658,0.47670548248786704,0.3371630405714622,0.24235409356285004,0.15853697409451228,0.3298135182245906,0.6481542314554294,0.0,0.0,0.0,0.0,0.0
2025-06-01 17:57:00.219,0,0.0,0.0,0.0,0.0,0.0,0.0,0.570047902292231,0.5333511904814361,0.5879472570841312,0.489216666447959,0.39779826111858363,0.28395632013032734,0.2248955681059167,0.17028361340747367,0.17134734379951422,0.22770098493887447,0.28723878493173055,0.3231917850969186,0.3426615407716727,0.32764132326346435,0.2892228252011017,0.24705223769292545,0.3102199738728659,0.36485104071102176,0.3297469614642895,0.29262045640730483,0.2618440810892251,0.2039422339498398,0.24186692507347818,0.26989046694889596,0.2812004761461844,0.30480853354669435,0.4563660181992071,0.27441766552018565,0.2399330802322464,0.2365609110246267,0.19725734869784478,0.36796278054248144,0.701232510669842,0.7566481049030093,0.7495978730546812,0.6881089266585605,0.5634257294035581,0.48272155874301403,0.34034744225786917,0.32841236628525095,0.22313523489138753,0.20948083054560684,0.16580675723366234,0.10482664609288594,0.19482027452978745,0.21368823730496428,0.2744480975952948,0.5528989480515156,0.9295433557327578,0.7922685370659476,0.7356427259148651,0.5963663241533952,0.4384264799355704,0.546315551426148,0.38530264587362095,0.5701609273780859,0.7261234513580916,0.26977430589403284,0.40917097202444386,0.6001668164740698,0.4340310324848348,0.662101663581855,0.8456424098525079,0.952957522206282,1.0507391599470304,0.7461435730611758,0.6422595177540471,0.5220815498373099,0.4152928499710502,0.3388972247960349,0.32304444097843654,0.31510661241956583,0.3152818481822153,0.36230457482690515,0.3933954576041916,0.39609638133197,0.44465286333428333,0.4542181418410314,0.4493789719047783,0.4256631667831001,0.36740350930131216,0.5516936102796715,0.6380087361779893,0.7073884368165151,0.6595194792978956,0.6503017014053787,0.6371085801915313,0.6224209255541915,0.594288341475095,0.5798084689574228,0.6836047798033829,0.5100761073449833,0.451368430567619,0.37701382750841594,0.2921790613963401,0.14418225409440272,0.014097667627184257,0.8898183315742118,1.167127747013704,1.2787263780898592,1.2074882625247538,1.0524834211456693,0.9131542125314269,0.8127348342729848,0.718510317259593,0.6400846827230773,0.5359887054279087,0.4725194658412184,0.3541467564396594,0.2032232411616861,0.024450771639615954,-0.23100089760049214,0.02958334345497715,0.9011277905205227,1.0904510537323886,1.1554040120047357,1.0741035023436138,0.6493407300391063,0.5255572786435221,1.090291424333433,0.6970346804778275,0.0,0.0,0.0,0.0,0.5373650838602668,0.8906570965833087,0.4201461916478084,0.25343036782003026,0.8396221951230112,1.006374255994505,1.0139136712770525,1.0233586310792808,1.0350164416645258,1.0753270507823587,1.0602217879460767,0.9855846401278199,0.8767144922437082,0.8489269397527575,0.7060645163182082,0.6083382044027437,0.5332692836265409,0.47284964790151246,0.3795497240439443,0.5556254865424488,0.8160173687113471,0.9506119120965963,1.0030305768159467,1.1214696630488294,1.3345239946569698,1.4519864168944032,1.5958235340441425,1.5749710967937258,1.4718169338678673,1.0441537312583824,1.3736122284307597,1.294306854754745,1.1526555942173142,0.9668014159209245,0.8210768258507574,0.561014425587709,0.6352545253435582,0.8385254433787874,1.0441067546978449,1.3649414754377995,1.560898078120056,1.6142746530221752,1.7099612240969222,1.5917360191896262,1.5442794520257057,1.3853827092696775,1.249891741519078,1.0291559374072703,0.8371586344130141,0.6523387506933653,0.4823885806662689,0.3043436509010579,0.0787310756443999,0.517830366273913,1.1924496131689364,1.3904561451050346,0.5751931048201079,0.8503386889765695,0.8982057784538499,0.5344285588629545,0.7721007335438579,0.72108940918415,0.6942380895464189,0.5250716668084399,0.6929891491502834,0.48891400393746554,0.5527849048391593,0.07200527098253445,0.18369425085873892,0.8126930726787911,1.9505950340778946,1.6924101427467562,1.7466856074785864,1.467973616146311,1.2003864693075823,1.0092681194791262,0.7592360776508167,0.5241996316770559,0.42122812497859763,0.24366341926764123,0.162849965475522,-0.01582937827372466,-0.12253620158697909,-0.2101143215117487,0.0026420016188951623,0.7728762155983322,1.152333142573624,1.1345768333822916,1.2736559188002956,1.2629684292291377,1.0964315065311538,0.9045781634861763,0.7398837771029207,0.30214468227656965,0.5003707978993417,0.38817565562373213,0.29278902205406987,0.23426648521812699,0.13606591691048908,-0.0013598698402026432,-0.18297000718418382,-0.12422232573345998,0.39841680357157494,0.7561096225126169,0.8938878243509049,1.0127651952184415,1.0551060350137997,1.043028729104436,0.9863130115115171,0.9033732523023497,0.876292702276263,0.7882072617612708,0.7255116284468814,0.6737713936653913,0.5682774623593337,0.45341708673819525,0.32831965376982636,0.22185917164956603,0.28077455659263295,0.5349191977787402,0.0,0.0,0.0,0.0,0.0
2025-06-01 17:57:00.227,0,0.0,0.0,0.0,0.0,0.0,0.0,0.6097348537998228,0.5393866469594736,0.5548690562720182,0.4678350032512769,0.37782034912958296,0.27054431886312436,0.2164493634438004,0.1677270382904319,0.1804831912006668,0.2383045643629369,0.3005529278049131,0.34478420803393317,0.37699077618414006,0.35340196454761175,0.327993930573239,0.2863733090042881,0.2876014030488506,0.299006916556464,0.26454807742480346,0.22590295602351007,0.21102491638230236,0.1725949632678454,0.21242973252852737,0.2536188546329614,0.27704283546551967,0.31587368066091415,0.3910736446410116,0.30085987282286897,0.27883125751162635,0.26670283288534946,0.21845326476022453,0.3375319252741582,0.6139152896038982,0.6807933986230359,0.6746780168067109,0.6145446672465693,0.5215316803227159,0.47961553394067824,0.29817194588621954,0.31462283968153115,0.21156188750249538,0.2045429822883087,0.18350170292979306,0.1399231332399664,0.1673199284313862,0.1915629733660575,0.22380480836379363,0.5034936049028642,0.8838423547305795,0.7902677046916604,0.6973434618491504,0.5529835197625759,0.42623170900437213,0.573103435432907,0.3551394696294311,0.6154701233694513,0.6418516312778373,0.39139959257870094,0.43512312361502026,0.6274665447349382,0.39657118025357646,0.6248925441862073,0.6949729345240563,1.048686692202111,1.0515688911418872,0.7433842294619492,0.6468141770692881,0.48635779964276105,0.39123409570082335,0.3240259765604634,0.31718584283373974,0.31091554539190325,0.3039604718594697,0.3463960514640094,0.3863001647352755,0.3938628056577931,0.43607871759020844,0.45024131118242283,0.4582615901971529,0.43920800271966975,0.40021125243414557,0.5460107085685344,0.5892847278819685,0.6609520809305034,0.6196454478846203,0.6188561934892436,0.6132288572356841,0.6032583702443457,0.5747521452153284,0.5673032472656867,0.4856958013780133,0.5058800622269941,0.4518833955323428,0.38207285007554115,0.30282638686054864,0.15307268747114572,0.006744168371510484,0.8545329648760177,1.1286920680625054,1.2341107862989396,1.1775498016266057,1.0295727042817442,0.8916445599635996,0.7866919609789664,0.690506685745635,0.6243358077850558,0.5223756046073791,0.45574596055600747,0.3446089284182121,0.19494396104819556,0.01429002890065767,-0.23879186267127178,0.02625780823170626,0.9016635792707831,1.0873810991287156,1.1496564066691577,1.0717787746618408,0.6270849334996274,0.7960515549093141,0.982234480032526,0.7232922024207026,0.0,0.0,0.0,0.0,0.6198195124498809,0.8565367027884034,0.40916519364653536,0.2714083892481173,0.8472619045889356,1.0130164473562788,1.0214792919967475,1.0331973718623964,1.0346272075898206,1.0796156481895356,1.056986600206125,0.9724054131228583,0.8562466789481391,0.8363335142510624,0.6846304858410601,0.5814638402511554,0.5097432759419309,0.4461347902505232,0.3791015392397064,0.5829143969292745,0.8383803431706087,0.9644406386770019,1.021677459375238,1.1343314947505672,1.336743328729021,1.4554905382781351,1.5999020920845823,1.5582519512540054,1.4495461108646037,0.7769029827091856,1.343161270193109,1.266758304794624,1.1226707228978503,0.9369798600355229,0.7937950333856413,0.5488575073721657,0.6591227488000166,0.866909440863967,1.0718190770060319,1.3987193236787168,1.5834682649691314,1.6360845699255682,1.7154598443654008,1.5871241873874997,1.5365982425559657,1.376826590026437,1.230653699287843,1.0140062623597461,0.8215425696881805,0.631051677076139,0.46066291199084064,0.28949980722960844,0.10278478216069262,0.5479096076199551,1.23154835499618,1.4316518085179553,0.44838862275596636,0.7162576918442946,0.9200190675581984,0.5008047377722372,0.7550109579846049,0.8884467477296779,0.6068420023853158,0.32896759157103433,0.5493689919204153,0.7690309561838842,0.5348281351211818,0.06239803043258357,0.218295405104608,0.8466171957167866,2.004696233091819,1.7460552426160076,1.7927523467829594,1.475601239954465,1.2093399683450954,1.0264730121248293,0.758512101079537,0.5188630433381212,0.38788227475255477,0.24367031677224027,0.12842770246435364,-0.025574385454001813,-0.15087910277325411,-0.1881579372867203,0.07618687322050971,0.8451563745171864,1.1972663959648537,1.16325467949068,1.3053078814596595,1.2876859782999082,1.1187354648196823,0.909183315231817,0.7341364433460191,0.32190518086365416,0.4783770345368128,0.3686815764089646,0.25949719847996056,0.19847946873653177,0.09951758132349064,-0.04525760782496191,-0.1352317930067411,-0.04347143557379285,0.47161865035018025,0.816889863425516,0.9558666620268773,1.022440862661424,1.110387072224487,1.0679136788556063,0.995333211480558,0.8972306846522835,0.872141897873304,0.7628744513784909,0.7001347223299403,0.6298851772433296,0.5268098416866663,0.4277160124126371,0.3413686303683802,0.32305010186077,0.4164722988913777,0.632463884533373,0.0,0.0,0.0,0.0,0.0
2025-06-01 17:57:00.233,0,0.0,0.0,0.0,0.0,0.0,0.0,0.6644212537690256,0.6143276039252239,0.6322752141817359,0.5423815569755753,0.4158166718529509,0.2729823847011167,0.2088264788866544,0.15607288935354835,0.15156165667798238,0.2002436210933407,0.2678624451790664,0.3125839990712186,0.3413457035883633,0.3283077780527037,0.2919594258621626,0.24609800725642117,0.33549861896283484,0.33847779798945604,0.3086242868821889,0.26481117492746276,0.21613331180346695,0.17359078183044763,0.1889159822281592,0.2359255590023428,0.257059105923793,0.2804264490687831,0.1419422414921684,0.24676561859304147,0.22939680989199168,0.20991357689549703,0.17628253848345277,0.35714070867101716,0.6853396381408572,0.7449862799383246,0.7263699671051754,0.6320316900346288,0.5371726902723537,0.4900787024221809,0.3053785573466157,0.2877441512801353,0.17638800631293305,0.16465649196828336,0.14792131712338108,0.08350418588904918,0.12031608156904361,0.11097373108620145,0.23451702076132402,0.5655683860330996,1.016751476807018,0.8461091539781354,0.7273830309460957,0.5902736349083635,0.4272851285530843,0.632907988745181,0.3277469242848223,0.8676521089293046,0.5329416490083616,0.5328156518493693,0.4841153190556543,0.6359508364573184,0.25198233832335787,0.7092132050321127,0.7692180671020977,1.1936439907700533,1.103349842506909,0.7836317916225383,0.7003914936351867,0.5041342864440186,0.3857297831481876,0.30927493806824136,0.301466625937298,0.2719548776428027,0.26920987354548376,0.28960035559236297,0.3411002518026176,0.35821335381536135,0.38868460299550567,0.4082682081434148,0.42351847416402194,0.4175717036181331,0.4149204325051711,0.588344154898357,0.6186032114407062,0.6509348985250301,0.5930193567386617,0.579986798443872,0.5763880115980595,0.5549156081725934,0.5264856578570507,0.5231936455685897,0.5731790825608396,0.4677552187486871,0.4097115356607349,0.3338728574340596,0.2683870061707969,0.12409572214196224,0.01548574882865511,0.8812085330873177,1.1305695574241388,1.219332653296274,1.1424373603689395,0.9840045640916808,0.8521234129070219,0.7407332180006105,0.6484781977155709,0.5804328082262853,0.4776195402192953,0.4071865720540693,0.2956992710975459,0.1594918134615806,-0.03205820294858808,-0.26448311959295534,0.031781161588850027,0.9171699499961222,1.0892253992578156,1.1396612642366448,1.0541918441014346,0.667665988749959,0.8646211626492066,0.9219562045930556,0.7699983037352915,0.0,0.0,0.0,0.0,0.568112495494369,0.885295349527981,0.34627038560639956,0.28732921621748575,0.846554489178003,1.013390322421087,1.0145028287621976,1.0156863042246869,1.0268596448755265,1.0634548752713957,1.040147193464418,0.9578707008317968,0.8277877801203868,0.8264399638409543,0.6813335174983612,0.5693911904249747,0.5048998329521286,0.4613668883558328,0.39506831599172304,0.5970950259217123,0.8319084098151248,0.9446007059529471,1.003951796022802,1.1048313871370365,1.2969268190046346,1.4201449231469723,1.547996393448086,1.5016626531074995,1.4252928651855152,0.8424317626044935,1.3240820696028113,1.248171091035906,1.1092177269318968,0.9526421964558504,0.8107509768597044,0.583640394905244,0.652651395914833,0.8264986511981658,1.0179205944470704,1.3214844963187133,1.5075008944863688,1.563356782952556,1.6483812789419972,1.5288080437188654,1.4922039553326933,1.3468110220001464,1.2126374629729675,1.0038605204489817,0.8316795432957823,0.6480179359390574,0.48564975742745353,0.31833282790588724,0.11882154962586053,0.472466025222852,1.1144387023553017,1.3418600533625957,0.41441556453434236,0.702469755521621,0.8419018910579695,0.430216630476729,0.7938196652418879,0.6327246329637563,0.5533178227738498,0.20367955187507664,0.4555423668572123,0.589257331586059,0.40626367918845985,0.09028962486237929,0.20654192054664627,0.7593206490826673,1.8730802009504934,1.6448352256479366,1.6941480567827885,1.3931056601962566,1.160294896053223,0.963468372167724,0.7243380883765489,0.4990502047742751,0.3669952143350119,0.2486208690202496,0.14842831302167636,0.012319805925580796,-0.13878391034915138,-0.15828197085491114,0.010845553647583606,0.7175008753693171,1.1261816129197126,1.0974718034084474,1.2315518196141184,1.2206235592998251,1.0526885653376756,0.8697650297062076,0.702284148121145,0.2879891545765799,0.481446142005715,0.3802003792473492,0.2868128558422778,0.2273082288555478,0.14346227121514155,0.026886837054903023,-0.06609147008613936,-0.07495357612105219,0.3986444968340712,0.7497927497669303,0.9092613192142417,0.9687434718338046,1.0813887118096757,1.0380655937836099,0.9786000171908125,0.8878061592337627,0.8949267116252388,0.7774706546962122,0.7242821533976811,0.6636444377085213,0.576617094782714,0.47920218888837884,0.4089447066437372,0.3654345935561871,0.3894459620381283,0.5672534837559426,0.0,0.0,0.0,0.0,0.0
2025-06-01 17:57:00.235,0,0.0,0.0,0.0,0.0,0.0,0.0,0.690592946003129,0.6031561475166763,0.5784632247608736,0.4750123468663504,0.37084572706045005,0.23854691453614063,0.19540359858906198,0.14171298251743414,0.15725213297089657,0.2188521724777992,0.2851866817903416,0.33307274645801466,0.3822431093197323,0.36922965248032247,0.3426185689711611,0.2640773828901313,0.2924047449187384,0.2784836577424426,0.22949619626209994,0.1999857416422267,0.15650113110314123,0.13669819240956094,0.17356840001484253,0.22738493204880617,0.25473530816319356,0.28339970540597204,0.25334969755389614,0.2702282954444246,0.2599775825521435,0.22940490025784308,0.20616766325284447,0.33304842182942734,0.5913143099346059,0.6875422697729014,0.6686646201623209,0.5975003324362234,0.523627061908251,0.47063745123433387,0.27772212642159944,0.2720856611179936,0.15494649622295031,0.1537623051781798,0.11304015753667351,0.0808453141706792,0.1202973260194703,0.079758331417694,0.24595904189096696,0.5746303445018048,0.980583444986116,0.8161531335132352,0.664408860461121,0.49843955470279044,0.3735074338422215,0.8204129911842228,0.5821678728285169,0.7659684756698582,0.4606105433354435,0.8349743995898917,0.5017081029267729,0.47298821684160575,0.20664448159046067,0.5751915711453912,0.6073958353957476,1.2139631712279104,1.0885667583739191,0.7526190176840972,0.6398842759725438,0.43073835283707607,0.3414033273361521,0.2627857611967255,0.2698645664272865,0.23701963265809134,0.2324963040746708,0.2556174933626576,0.3137291254692145,0.35376049980334834,0.3922969678217173,0.4180105407200516,0.4377715307412226,0.44423549260331774,0.43198836093489945,0.5486808933288427,0.5634574893646557,0.5830109605173013,0.5332914130808812,0.5269485844775657,0.5404082634662144,0.5158114103938991,0.497562602834412,0.5002794370498922,0.6404087938263334,0.45562891745822287,0.40887481021807937,0.3396490064821819,0.2846929053248255,0.15013018189072863,-0.009925195852065444,0.8215644119592733,1.0648661068685779,1.1542284225317,1.0694261154019873,0.9319349405208908,0.8051831020713058,0.6989300333322124,0.619924509665617,0.543165932914772,0.4513292251850505,0.37522379785901605,0.2800523742831311,0.14721229542633152,-0.030357397721679003,-0.26944327702730614,0.01810256692090345,0.8876999874904125,1.0678571092416778,1.1161561243401434,1.0233562806831926,0.5574215765381776,0.7279870778633939,0.572559144685969,0.6784480717562691,0.0,0.0,0.0,0.0,0.35648644467366375,0.7090175339111704,0.46556572552966136,0.2775773629386816,0.8293455579280631,0.9919486035162157,0.9993887775342865,0.9832490159152166,0.9973704393386778,1.0238270820983566,1.0200082436723736,0.9245180862711075,0.8011964452491673,0.8047877212582426,0.6755618233516747,0.5647514445273116,0.5099611647320954,0.4736193316828587,0.42244111887821784,0.6114448026920547,0.8208119439089003,0.9252807158503042,0.9730878859828245,1.065048719553623,1.2629574430796857,1.3715417880789973,1.5075998633930343,1.4775243362754467,1.4074307141732525,0.5318614922348419,1.3156525856829138,1.2439665483333884,1.1152806777157775,0.9673376201968981,0.8242268189291709,0.6101909225803275,0.6466688767094158,0.8058005120552165,0.9856139894727852,1.2782982047764688,1.4764305458062825,1.5305775884619532,1.6109981927602521,1.5134544300563155,1.4762867672207998,1.3356096451562482,1.215378408810682,1.0075877245257794,0.8387817732519515,0.6546770681406244,0.4919391458319956,0.3255176259582254,0.12437614822290571,0.4450113323954926,1.0712369642277202,1.3142783594943448,0.5643183131110174,0.7699534011518661,0.8605184123195396,0.5123609548839851,0.7733171406337618,0.8875411179783602,0.4826424176557437,0.39314219663317934,0.5266736654900461,0.6478038616207515,0.5761063716079345,0.11325939520571099,0.19645543987605601,0.7083683658653268,1.7813588327941057,1.609193715590679,1.62846266598173,1.3449942003804045,1.1406972163690094,0.9421168364785473,0.7006635348480146,0.5052683681800083,0.3691783807226765,0.2558026915887859,0.17469643241964405,0.02098466727723991,-0.09894819347855044,-0.12714587993156135,-0.02014160618142291,0.6892971028284853,1.079243469935971,1.0622353182281465,1.185653720009097,1.187855821781733,1.0309838737559023,0.8533592678389883,0.6952644607006884,0.2683508350922197,0.4833798447870574,0.38467773802431204,0.30252161918761855,0.25211492757936094,0.16988218712211778,0.05607552205730748,-0.028385873016093244,-0.039792539836838225,0.3929497267265083,0.7286289523104434,0.8912913318690018,0.9520262025812374,1.0779920423524998,1.0254450835756614,0.975491354345003,0.8866920225994754,0.8855902973514385,0.7680016395599563,0.718562156699972,0.6671029435705949,0.5953432117981311,0.4900299339225074,0.4341943401270441,0.41595904182458676,0.4091349968391832,0.5664658085204757,0.0,0.0,0.0,0.0,0.0
2025-06-01 17:57:00.240,0,0.0,0.0,0.0,0.0,0.0,0.0,0.624920055444224,0.5265349800133006,0.4914244631270708,0.406466183128536,0.3093883424210532,0.19414105697993966,0.1738134068430609,0.13638540896577234,0.15612897742315557,0.22601433841858576,0.29264818096449646,0.3499004792850462,0.3953096752152831,0.3886114365643306,0.36631961514096517,0.2923179186045755,0.26732284792041244,0.19578434123241611,0.1472574120908431,0.13285894174304402,0.11087111595142285,0.11352352787854847,0.1539078769486173,0.21514144413771308,0.26197025890747927,0.30766873828488905,0.2544943670005666,0.29814254556927333,0.30739309744520255,0.2901259687218364,0.25525487221199245,0.3131959299849888,0.4653366651395638,0.5954408898681701,0.6358311046748496,0.5453987133934977,0.5264808801966434,0.4419610209866571,0.2981007080280442,0.28840200506512037,0.17729888779741843,0.17234372041906165,0.1517525504621543,0.13133010896763397,0.154143055734136,0.0997483316704576,0.22338936834275164,0.5082582476327244,0.9517422001466417,0.8013609321016343,0.6019114194033816,0.5129626668038081,0.3975201149610965,0.7022380231520395,0.7147414247159335,0.6913890547555257,0.4222031981766978,1.048145270907404,0.39789949656446766,0.4066956137049571,0.4143282305313169,0.5443420203848912,0.5485621552820729,1.178196394750614,1.0614069136713316,0.7412644131264675,0.6255796168035981,0.4169023865328798,0.339239494618244,0.26262693984885677,0.26787198140698676,0.2354430940325951,0.23383158957709216,0.2715387265518512,0.31939117982237963,0.36487425163140297,0.40154914592483004,0.44115649083044817,0.4728340701633155,0.47978676603949877,0.461983787365394,0.5224909507425637,0.5207381221358048,0.5258035613005791,0.5001814147559505,0.5025192388199133,0.5366133552374421,0.5075138131833326,0.4977434808618262,0.5023785622800576,0.626412369165585,0.4679790405512154,0.4307386456242045,0.3699102944861309,0.31032368456537185,0.18287263098149503,-0.026846314057381526,0.7678415026784586,1.0169559294276977,1.1137739037201748,1.0292702003598697,0.9088194374672798,0.793826871718023,0.6868991630346861,0.6159592602249124,0.5466447725809911,0.4579117127604295,0.3765827720372026,0.2867733624568878,0.1570028539069972,-0.01587719372553531,-0.25923750030233256,0.010301018047693511,0.8683769266126301,1.0661225919743302,1.1136480234884794,1.0170108693481583,0.528364316114164,0.8785934828219994,0.5771327740213021,0.5890571996401007,0.0,0.0,0.0,0.0,0.48274448480946064,0.6607889398333617,0.5212496375686009,0.29626557902459016,0.8430397833366332,0.9975142613332018,1.0062436638357637,0.9768071415836251,0.9881207162151517,1.0057562494771417,1.0035479696721668,0.8851860244827168,0.7604724268096601,0.7652926889806118,0.6431129228773496,0.5320560171623663,0.4739924748724167,0.4427426933504884,0.3998093462763504,0.6258985110634816,0.8488157008746312,0.9532288753715925,0.986716314601203,1.0766133662675115,1.2715103180759544,1.368772934506893,1.4876649452121704,1.4522825895754414,1.3691448055661322,0.4976080445080509,1.2660098724706073,1.182844005899526,1.0547492073888691,0.9038074167328888,0.7635165272784256,0.5784231816311095,0.7246725368379765,0.9105157524380263,1.0679905445847782,1.34632762865374,1.52724235855742,1.561012585788273,1.6184629244038793,1.4981473456829717,1.4489544754911567,1.307102202275769,1.1718553225855821,0.9632529258248576,0.781148764097778,0.6030865001269272,0.42881978723979386,0.26337922153567095,0.15730906448365198,0.5470909318918382,1.189051446052452,1.4036663231049689,0.7647385516614175,0.7270659295111873,0.7916476580707276,0.311373540963082,0.6782250515458674,0.7832411131009999,0.49451205606671583,0.40827148531556406,0.5325548185255647,0.5373843928157557,0.7515773826314439,0.06654949539225846,0.22987492411429444,0.7978288411502483,1.9562788657840664,1.6807817550501272,1.7200659470555113,1.3878608482350807,1.1441650750688577,0.9428346201533024,0.6654185585708674,0.47469245107237024,0.32580406850410193,0.19285255451589345,0.10373115509993425,-0.04605868240189748,-0.1689157780692272,-0.14302739303974504,0.09082975271591581,0.8122803962987655,1.1658533486728517,1.1299396838085611,1.2728395144416562,1.2608840881391477,1.067696057294695,0.8819149464441207,0.6993474026983362,0.3976569184879727,0.44581344893057206,0.3425243363450663,0.24241947950322795,0.18809925208730072,0.07925448896813514,-0.0322194775535507,-0.047270564419350514,0.1065700263134432,0.5993832866288018,0.8593185635051974,1.0012792062468745,1.0503982730375823,1.1740808995913188,1.0870964371128835,1.0087801323608807,0.8927482798506803,0.8660967814368152,0.7294058246664739,0.6510773053727539,0.5806415783870054,0.5006320182969456,0.4047820570010857,0.3976641883700535,0.5138229405793817,0.6457014710403278,0.7709959909383439,0.0,0.0,0.0,0.0,0.0
2025-06-01 17:57:00.246,0,0.0,0.0,0.0,0.0,0.0,0.0,0.6858288992191113,0.5319429615431213,0.4269476888242284,0.3402479861108437,0.21434516525708036,0.12855745539552565,0.14317173744546052,0.12512128855346016,0.152219205366677,0.2473757494288269,0.3178498305061033,0.38949319048847764,0.44732407918611544,0.44464409611949596,0.45644959230889226,0.36139192501443856,0.2649936377993171,0.09572624253672013,0.015689488575190924,0.024182452332714655,0.02994106507302252,0.06851628665533238,0.13097022585988816,0.20175778273897427,0.27957913377453103,0.3386104527884197,0.5693370546074799,0.3567895223233716,0.3788904300515136,0.36475414512204685,0.31253122590435206,0.3376078147748134,0.2978166421805147,0.49874706288012316,0.5527088546352442,0.47856326322180576,0.4694647627084432,0.4189109094614236,0.3033259789995302,0.3063966990395317,0.20115350003830668,0.18206154236675198,0.1359493414253382,0.1665588543273261,0.17633363887450415,0.12582689677556247,0.23067119395603375,0.43565735688411106,0.880914892961609,0.8071337684924047,0.596390432815746,0.47280151930549597,0.38449839239960437,0.8627411012990189,0.7104048660270302,0.83858577018968,0.4247426514226098,1.061035786336374,0.4874278658111476,0.4991911018911921,0.5633635756859996,0.5189907012005538,0.40285495876536215,1.0121646356173428,1.0629359137682626,0.7121599611016993,0.5982106659512447,0.38489849304528856,0.3105213637982882,0.23860188139404848,0.24508068682689443,0.23043243963145854,0.22498129821028257,0.2651441898807445,0.3150485622974575,0.3703476829817318,0.40375465567198965,0.4469251590959036,0.4882273029790704,0.5137444478327617,0.4853049785801914,0.48477821478092037,0.4739231344502265,0.4790502667385228,0.44710665709106534,0.4635402285788677,0.5156426741599573,0.48253641480677834,0.4796369616812135,0.48421063487158533,0.40662717018577094,0.4580501522060543,0.4166325513410819,0.36743305383081515,0.3205422783266756,0.18113787671211773,-0.04673489615611717,0.7439762264406173,0.9793062668722207,1.0765716085932215,1.000143601744181,0.8783459754692211,0.7709489395984466,0.6700949517373997,0.5908377406346372,0.5247303678575237,0.43908809188447107,0.3493967119368402,0.26903238266645957,0.13076281196892037,-0.0350763102695999,-0.2632343271228403,0.054134101100919874,0.8888704247507305,1.079525395535133,1.1122931150651558,1.0110951132584185,0.42616245362888644,0.7640285790662762,0.5563735420729112,0.5842351885275987,0.0,0.0,0.0,0.0,0.3310028828828706,0.6435800568936518,0.7104908428062331,0.3733510070628987,0.8907585534139091,1.031601650427586,1.0218164131252376,0.9921414221152404,0.9934119303749378,0.98953966789547,0.9817611693430002,0.8401094665971627,0.701074543842592,0.6960621098912925,0.5825274773579634,0.46580861120938755,0.40340705686863654,0.3764579682344659,0.3742020258758601,0.6992748389405254,0.9033948694303953,0.9953989751029084,1.0263620997208187,1.095794572343495,1.2783121920165257,1.3715759713816364,1.4534771141454699,1.3921002994450025,1.3141682113642255,0.42651572085770556,1.1993686957692833,1.0980669882493586,0.9547731880967598,0.8348177430834939,0.6739993398837327,0.5175019040616503,0.8140637384008277,1.0446055705404196,1.1544958969102597,1.4275547836324225,1.5770100858654073,1.5941140318780642,1.6211670754189726,1.4795221508757617,1.4179721372965814,1.2496038680724015,1.1030399624702532,0.8858115425530838,0.703514009003792,0.5335569271387592,0.34966911191198,0.17851682504670197,0.1691957738997864,0.6650485029644443,1.3381938274463363,1.5126698148026851,0.7134766715255578,0.5294280087023843,0.9898995067273254,0.31061043774570907,0.7436148938725222,0.9213328031336291,0.48137759409315767,0.6252733200233276,0.35103433619230917,0.5741234448513528,0.9503051498691469,0.001714584309451539,0.2662902977614935,0.8871468241850773,2.171776646035291,1.7877263383328736,1.7869691737976225,1.4301253239903864,1.1586757049327978,0.9193680674786249,0.6318950607529421,0.39440339603764873,0.24601475965892705,0.1019333276023151,0.018585265251322758,-0.13433821766131893,-0.2669128296364518,-0.16660989615511157,0.17510328043173035,0.9454394136823214,1.2696733779311449,1.188116676840046,1.3375096888189484,1.308635653803339,1.0780410255915123,0.8641111841240339,0.6290102579090793,0.6865401512895707,0.35577103869661486,0.2590907833959184,0.1387716290437795,0.057343930625404105,-0.06012361771154173,-0.15522358359370236,-0.05693288713274319,0.25473328632215503,0.8070142708602634,1.0026431255689128,1.0838995525684099,1.127195098301386,1.23746411586075,1.0840484252174876,0.9859816804937602,0.8374783974333366,0.7893708376452284,0.6288387438601988,0.5385497134253461,0.43758744075903366,0.3644317732429333,0.2739976042250468,0.33184980022978766,0.558915238672009,0.8306101382804482,0.9653721166401183,0.0,0.0,0.0,0.0,0.0
2025-06-01 17:57:00.250,0,0.0,0.0,0.0,0.0,0.0,0.0,0.7015936758332646,0.5765247239677296,0.49020027038109015,0.3979556118049069,0.2701992558404801,0.16697746123868706,0.17504273894364497,0.15010376864017017,0.1619397729631371,0.25201707822638153,0.31417732640562973,0.38419897728829433,0.421657324615253,0.41587111608514116,0.41965778500263473,0.3008808652452766,0.26291213832460375,0.13062554258058612,0.09570516180063737,0.08158591089741896,0.08259263344885381,0.11396375591422792,0.15524408498495545,0.21176101098730804,0.2879349263679003,0.32566256242107694,0.7099664778410829,0.320999670489041,0.3364816070695719,0.3121309171492589,0.25440235204167405,0.34770294942366603,0.3578238345502281,0.5763022039431457,0.6458227478887183,0.548100110996502,0.5256937325309039,0.4414113196967364,0.3576544045325669,0.3042326446772825,0.23040741042273516,0.16375156855692197,0.0906086409737431,0.13699293251362932,0.16158598348731024,0.09644217135002692,0.22770011635264803,0.4501450363742657,0.9197993727090995,0.814750938011476,0.6744663704053852,0.5212138110236728,0.3921642607266791,1.0234004658336096,0.7386286742678594,0.8677684716051532,0.7566920588193011,0.905354157230496,0.5425270248499825,0.5016485688440381,0.6210496517408635,0.7062440555529108,0.39368062380085744,0.7777542159123169,1.0309809746496301,0.7177358322359748,0.652328762031362,0.4502897988167942,0.35364618099824474,0.28411269776143855,0.25871164537096214,0.24145099877324872,0.2375599766650922,0.26346177297474327,0.2979789186890842,0.3461441121612081,0.3791649578212767,0.41744327366476264,0.44743712701467325,0.47497422585419136,0.44373908602429635,0.5287335948080885,0.5526681651311759,0.5385135498718079,0.4945348640336751,0.49891184576430736,0.5348281543737525,0.48766402218567784,0.49154836994135653,0.4829677149726008,0.5310473963527227,0.4417812111787185,0.4007509887944726,0.3432339777853669,0.2897189611746497,0.14950151232127445,-0.06536391613305167,0.7933873330431243,1.0223418850275698,1.1368942374364988,1.0247545013320953,0.8970971434039734,0.7905307479127772,0.6894884202029643,0.599917864005513,0.5208440147162514,0.43314766739917276,0.3448280931507921,0.26465325801709794,0.13063088270540413,-0.040924430224625774,-0.2701814692606753,0.06123272058751178,0.9033094084469372,1.0905871736630937,1.112183405168485,1.017296057561391,0.669549392573048,0.6932141234319351,0.6355360465411382,0.5747612516659661,0.0,0.0,0.0,0.0,0.3281681478608873,0.6920958934383405,0.625348832473561,0.35503269666893633,0.8842434240832702,1.026729178339339,1.0128025704982186,0.9785049008778942,0.9978462595408646,0.9939903412965838,0.9924705531979412,0.8726425128783166,0.7414888052503721,0.7338406951191998,0.6290613547412067,0.5208191146333407,0.45520529169250445,0.43148156404934074,0.40817026567229636,0.6558454960460769,0.8477372781989383,0.9518365035519236,0.9832362119250275,1.061301312237624,1.2707420520957886,1.3865539151678319,1.4752732019645443,1.4405379162924532,1.37125278548991,0.5453476065532463,1.279650510589089,1.1845487759329432,1.0378268388416856,0.9165901611770352,0.7463063821725268,0.5444740494800476,0.7344943142553255,0.9471373634979334,1.0842581333601427,1.3764573200802463,1.558507888051122,1.5868145644729974,1.6490357761539465,1.5188696743890049,1.474937688859693,1.3061475307029307,1.1809529176517195,0.9561185743164574,0.7765154859474338,0.6092520037643816,0.42274808153217736,0.25100290681641735,0.17993422752395163,0.5922866743772315,1.245662284822687,1.4605294280948682,0.7854506372277107,0.6606589821967255,1.05492694444637,0.6527482982590881,0.6252007331301781,0.7432859609733576,0.6476449081540607,0.8033150901631387,0.414020796384599,0.29525946945470305,0.9677913446056449,0.06397137006418402,0.2652608531522784,0.8071410487994669,2.0341722063232126,1.7136018072061263,1.7384795420783896,1.4424241553968504,1.1793026034651348,0.9797889993449713,0.7027816592995431,0.4618755584412102,0.3536603507304683,0.19782792070911537,0.11700208914671606,-0.010675838341750454,-0.14807725063021682,-0.11743383553493536,0.09869083772699944,0.7772393267119753,1.1784764819799731,1.1256447135888612,1.3033265293903167,1.2923010660553922,1.0893840081405788,0.9131804806437616,0.7101414482688375,0.6162802557538932,0.45355745165214634,0.37178811497426767,0.2680487572066226,0.1905540846367274,0.07736236349702874,-0.014388002805221012,0.002206101644841918,0.16380250194971951,0.6479016684847112,0.8905794203986659,1.0023815587387426,1.0852579659169672,1.1894690874278355,1.0797898395652612,1.0324798364491752,0.9014391197093714,0.85266572297709,0.7246871097408816,0.6471862825005124,0.5782122317453131,0.5132131633029874,0.4116887539713767,0.4403674438227812,0.5654613910444205,0.697251867121108,0.8197713274632148,0.0,0.0,0.0,0.0,0.0
2025-06-01 17:57:00.253,0,0.0,0.0,0.0,0.0,0.0,0.0,0.7491897390014323,0.5374598675161832,0.39550829050543546,0.2922245956598699,0.19353539222235516,0.10806957289362751,0.13828571280903235,0.14408872735448042,0.1833251217507439,0.2840812748293611,0.356366907630744,0.4357149956180302,0.4727177033388114,0.4824815436739822,0.5016249871372255,0.4007757286496435,0.26375561050582774,0.03347820581819405,-0.03734085839931389,-0.03182156586287255,0.011401390892532559,0.0673618738627686,0.14103226962846294,0.20972441313045342,0.303526278194306,0.35516048412561263,0.8262397960633536,0.39122539509558163,0.4109775824650104,0.39495132438302893,0.33256706267894837,0.34537529497564945,0.1998169593597663,0.45343649810468034,0.5275081426884426,0.47875510885829886,0.43686406687240464,0.42528907219383094,0.3389327236427826,0.29992844072047387,0.2435056649623899,0.20616380239059673,0.12207360383361843,0.19501820366045786,0.21477991901459947,0.1477478229226437,0.23197625552238366,0.3836513831923076,0.79354076279135,0.7289334104520077,0.6218656785754221,0.43352795372979624,0.34227139919603267,1.1318583641105646,0.863640437490339,0.8826647739691442,0.9031950054865243,0.7639380979598275,0.5879210408279419,0.5727225359034932,0.9201134471010617,0.6595433849685636,0.3811524071698611,0.8533916603829363,0.9889951186076389,0.6716879581969001,0.5781035712935478,0.3743855176798401,0.303611975680234,0.2466536983085188,0.24014723460399967,0.23292817074385885,0.24251563554997402,0.2746688904800696,0.3068143287040075,0.35914311949510713,0.40072543142845884,0.4490477584272001,0.48164967273310727,0.513603520160862,0.4680345487950791,0.46719993392965203,0.43882705017597556,0.457041960555026,0.4394828290325927,0.4652096354226203,0.5084777898437256,0.4756687021099082,0.49756077962979095,0.4908351573133105,0.2980607904776826,0.45822997850652936,0.42789171067461684,0.37572721460353165,0.3199738124993644,0.1892300550168185,-0.05690642750545567,0.7237998810128544,0.9553396521615315,1.0874562600787403,0.9938914471414526,0.875764575525068,0.7807986279677335,0.6892651507500984,0.5958692899346296,0.527713514774881,0.4355431359749278,0.3574592259025773,0.28602208242098315,0.13831696432627782,-0.02122952433862113,-0.2559748152197626,0.059075860908919364,0.8838656919223972,1.0790570019080297,1.1139203980345065,1.0088656873445958,0.5874344638198292,0.6854559989718878,0.5399943775085383,0.4635273769259489,0.0,0.0,0.0,0.0,0.1789897440808753,0.6996173778989556,0.7754200184390531,0.37674241835330835,0.8981006678049848,1.0292199942699214,1.0134096353101303,0.9845690959816874,0.9764514590085411,0.9810822279031128,0.9775097191362185,0.8551386914161161,0.7309203707814165,0.7239401419581268,0.6181963580796259,0.5157648403814625,0.4584936163534077,0.42485649238825324,0.40071864718284994,0.6541801058851959,0.855395746498798,0.9618847935725363,0.9882085094377469,1.0818200110136833,1.291839878409309,1.4055386004813264,1.509535576868347,1.470194214001008,1.3772873392548675,0.6112064091872411,1.2888057327427735,1.179004295903359,1.0276057259268954,0.8796206205880389,0.7046265851105192,0.5018428613079245,0.7567902481091985,1.0205828376859973,1.1672170150051757,1.4917484421479752,1.6474683740425649,1.6710954366567112,1.7356090788591287,1.5867526851615097,1.5245352367064866,1.3275932869356706,1.1845492513646154,0.9452712150946149,0.749426793844027,0.5703349825207855,0.3676432783105241,0.1927738248537632,0.19103346476544483,0.7020072763167976,1.4221314747896798,1.5967040128682766,0.7879291823140308,0.7750803737615308,1.1868912363264417,0.6045903668748405,0.6741517178110099,0.7530727533469767,0.6645458899572363,0.8779525515233952,0.40384753135394225,0.4163601092331437,0.985277539342143,0.012230925518312397,0.27932393008865414,0.9207211302762588,2.2325210083085394,1.8636965663779075,1.840461145718988,1.5394513448225093,1.2418299962849162,1.0254137409580895,0.7428290620420064,0.46957270165657183,0.3630303883645922,0.18938136795088312,0.07091769041363594,-0.052319614114756496,-0.1701770490048522,-0.14490590143299442,0.20514915954384655,0.9195184365761913,1.2808874149516893,1.2030015137709693,1.4075262127711392,1.3892873767829161,1.1847951962406027,0.9722648549944679,0.7523642762019527,0.49806466316566,0.45975494844063647,0.35651370131786075,0.22880741284660955,0.1372085949636147,-0.001296500725713301,-0.10717462422456703,-0.03306569093255135,0.28892352179911435,0.8335420834436167,1.0404086602114464,1.1189930055587185,1.1848472418099065,1.277115895187798,1.1652323593064562,1.074886359890204,0.924382847255359,0.8465507521721432,0.7052182223633008,0.6037076509087567,0.5278724275965931,0.43477638123632223,0.33659418923827567,0.3896962921628179,0.6232873945117944,0.8751007975929413,0.9886858245210512,0.0,0.0,0.0,0.0,0.0
2025-06-01 17:57:00.256,0,0.0,0.0,0.0,0.0,0.0,0.0,0.7129866591506593,0.4882943311769341,0.3545366160592107,0.2668499264733336,0.15090876011204324,0.08264742364619326,0.12521039204851425,0.14402390406563226,0.18238106330889547,0.2704825781056265,0.34926417521233105,0.4414844739233801,0.458150369895619,0.4637703749748827,0.48342019938512726,0.3942954443580135,0.22288162930524064,0.0067881794670257845,-0.052235613391840685,-0.043136551659677114,0.009424296368118812,0.05950121418941734,0.1353908648651878,0.20512496926983848,0.3031367363349886,0.3677702729512582,0.6408461898499515,0.38969951635275046,0.40619251171079856,0.3920804448004753,0.31710351596383496,0.2875964856673666,0.22305793402970575,0.45415207480914255,0.5427647435929298,0.48757194054221986,0.4243264863308831,0.41679012254149583,0.36718647007493344,0.33206407321322606,0.27212748337178194,0.22524234709152124,0.15912820272493977,0.19104743299147253,0.21895237374632837,0.13042472120988102,0.20425815408684656,0.36772600649894516,0.7791673849680485,0.7444136690546452,0.6718131094877274,0.5043589319966666,0.3791096390899118,0.9208991661821608,0.8087765443257163,0.6896659218874128,1.1471781586874303,0.6969782064158437,0.41254231119341567,0.7254167068514809,0.9601834359121302,0.7092872935819307,0.6407079916011414,0.7773370908405417,1.0117392064057695,0.694525550014045,0.6069683724237869,0.4044908172061592,0.32078066464396215,0.2592459808548295,0.23640301056869095,0.23609670115449233,0.2496663438435125,0.2802648635755822,0.3090466679886412,0.3476110479772201,0.38887998696019055,0.44333787522375867,0.4744552200085112,0.5105176530126184,0.4776134090814309,0.48153965948961724,0.4407288615657733,0.4655741364668746,0.4248850769107544,0.4528761611061969,0.5003903290520606,0.46418252541904526,0.4971566183383431,0.48175350590779065,0.48869927454241807,0.4564126107849864,0.41650556106896175,0.3735151672127689,0.3171183170354839,0.19158710289906505,-0.05971053296508874,0.718073652882221,0.9378600861150371,1.0877988973389674,0.9942090695122026,0.8651992389886634,0.7815475035794519,0.6894734187674776,0.5950437694869435,0.5310224466086748,0.4320955663862218,0.3555068868209028,0.27512373914241417,0.13924551842123867,-0.03137299342560673,-0.25045119339782135,0.0774048077982109,0.9002967479047147,1.0918443293037399,1.1141566180160987,1.0151126170966434,0.6204450778012944,0.6854559989718878,0.4613896723772966,0.4240062502867217,0.0,0.0,0.0,0.0,0.345365434703786,0.7264895600293362,0.9451426860410573,0.3973704222369647,0.9210982352261803,1.0397181164199183,1.0157456375516907,0.9893442658924981,0.9720679435972717,0.9747910247138167,0.939299432067815,0.8387444211718926,0.6937574194724925,0.6861899689782271,0.5804257246008768,0.4870226215593656,0.43311867620815714,0.40018289179671257,0.37032141088750964,0.6325170362260633,0.8585417273955184,0.9598332447177065,1.00341051426232,1.084479331570078,1.2939717263353268,1.4114930168331545,1.4990846510319193,1.4562171958191563,1.3538305675481264,0.6056706819504258,1.2580562495566698,1.1488472121723081,0.9901984194958757,0.8320551160478414,0.6557287125168827,0.43360787108931304,0.7531624774967742,1.0472608358818987,1.2118121022717196,1.5395359339713035,1.6707219701954257,1.7086387107701333,1.7708745163704815,1.5923001872123999,1.5260847669267354,1.3260424991626385,1.1632270818479635,0.9123731085999861,0.71822830952585,0.5301462634435754,0.3272344816234136,0.15389167290497474,0.20254753549794052,0.7879248578807964,1.521072384727134,1.68965884978231,0.9634383111745252,0.7100729790325624,1.1615297272624239,0.5705375670251226,0.5379187759606865,0.6519095996648667,0.6133046000850497,0.6678845029994085,0.626449952676891,0.4862307025926662,0.8525627220657005,-0.0277096264615298,0.3083497585368465,1.0169042255940226,2.3777614324130645,1.9288118193329689,1.917087953457742,1.5776880702413507,1.280345008993444,1.0352248832015505,0.7400909999611713,0.42966558838119306,0.32430617961488584,0.14431207834148485,0.025766565054976764,-0.09000800223310745,-0.23752994401800537,-0.17763722378200486,0.2731570371348851,1.026973579962325,1.384946273491535,1.2820137368183875,1.4889266798407355,1.4584713010653105,1.2199830475359348,0.999331739196428,0.7739814961933871,0.7011756607058948,0.44188302017710024,0.33524827474634944,0.19044339283980172,0.0781679573321098,-0.0778235161646108,-0.19285059261598042,-0.10700402012122318,0.3462697862817496,0.9733939467806252,1.1564209612029872,1.205344411999179,1.2795198586332825,1.3637128369047442,1.2154336580717588,1.1067193090395833,0.9369586620168302,0.8459996107856,0.6944220315928997,0.5797530349141331,0.47422202237374855,0.37514499380345223,0.2927678937984539,0.33463406759548714,0.6484247427892519,0.9885567828423324,1.115606037180737,0.0,0.0,0.0,0.0,0.0
2025-06-01 17:57:00.257,0,0.0,0.0,0.0,0.0,0.0,0.0,0.7817194022506244,0.5574589419833971,0.41521336772526307,0.2964412967558554,0.18003205203020134,0.10886812252896039,0.1278080413217676,0.14284936816371385,0.18590522775959462,0.2725261597425399,0.3491994624782639,0.44914521928781637,0.4565073942873508,0.47509147479238956,0.4927069938736872,0.3939820326232993,0.22957663044594334,0.043442819239975505,-0.024039681131435175,-0.02465754335267556,0.02804378132387164,0.06135731491670238,0.14579496405432013,0.21145040820481942,0.29820544046608166,0.3560541392366965,0.7508410007972042,0.3804000935375028,0.38246113640255025,0.3512839317250901,0.29724878965368307,0.2616703657931753,0.282202611019069,0.4974462963152113,0.5692129281063466,0.5285772457077456,0.4245048199159558,0.4077140900664513,0.368010462706313,0.3086105024395087,0.26604810131725665,0.19335224997820655,0.1155300643563063,0.14644351520395493,0.17356758243304327,0.13540964519683107,0.22003049354308868,0.4231188909741522,0.8307655650828115,0.7779176870582539,0.7127847012624958,0.4812222143103604,0.3516726083485828,0.8304403480531399,0.6701695000856396,0.6413557998794828,1.0319561232111938,0.4576529136067585,0.5982715819829182,0.759946242350545,0.9168359528356209,0.6966708865503068,0.6481912623631659,0.9776884429566703,1.0350138071774917,0.7027888277530779,0.6146379091006284,0.38828347554090925,0.2909083914080577,0.2170220819142057,0.21288177262296437,0.21087788365289595,0.21993003431546576,0.2452034347392429,0.27988707196303886,0.3197682553803787,0.3704809965057655,0.4186150820946286,0.4405496993130155,0.48753686726214196,0.46952905278294876,0.48963861088136446,0.44993258597030017,0.46145309168051707,0.41893103915748675,0.43329024766987945,0.4674298371525407,0.4314997187865437,0.46112007492629936,0.44787938604992883,0.5070639187133159,0.42317790136323463,0.38274151567519665,0.3337165987125318,0.2836914376689623,0.1614856965404841,-0.05254529393866636,0.7431660645978909,0.9482833549052906,1.0684442992850554,0.980925966584546,0.8436326429698979,0.7486141710971126,0.6620309370570325,0.5649333425260985,0.49536664948713605,0.3928712502849816,0.3244271609784275,0.2431567338620284,0.10409241117221812,-0.07638133252825552,-0.2777972389858437,0.09482985813457706,0.9261768326403109,1.0918057647404624,1.1009512000402382,0.999628125235128,0.5099308507164761,0.6443221975590157,0.31626419003484835,0.5527855315899164,0.0,0.0,0.0,0.0,0.44622181034393227,0.8090371752703671,0.716911365846134,0.4099012873753701,0.9216506506455129,1.033523215353935,1.011185402704752,0.9885377075678333,0.9638767230886083,0.9634527759890521,0.9235299477643455,0.8382553467123235,0.6979813199804461,0.6877123586478069,0.5857082442036863,0.49960411313617437,0.4565061896971232,0.4274154540053741,0.3871363420279887,0.64400783395578,0.8508983694245954,0.9430223518560661,0.9753732059899447,1.069023584820136,1.2808902940399214,1.4127132188085771,1.4992706380366108,1.4777498485519944,1.377683196548791,0.648598113573839,1.2980486057971383,1.1951759627159424,1.0377664994300912,0.8765094851166767,0.7013612600186944,0.4480901514156392,0.6963155728564142,0.988066714100452,1.1618298078728992,1.5203790700141264,1.6604384772316028,1.7058765559357607,1.7879373441654147,1.6143854518419125,1.5580004590794707,1.3558722618092918,1.2061560233794317,0.9392726204956175,0.755016757837509,0.5576594331857172,0.3614039985353402,0.18252952573521392,0.17780235365188576,0.755727797375834,1.4891452848775861,1.665627873056049,0.9670857194240478,0.7713809295648527,1.136168218198407,0.7456479381407334,0.3982348410213909,0.6970836841126273,0.5502497343788668,0.6306999909211815,0.7925458850539325,0.5220374866732094,0.9359331482941516,-0.006414413139832653,0.28796062883421897,0.9700836446319783,2.269401152221774,1.9036335606370443,1.8643332388264509,1.5688718449937915,1.2828563129478125,1.0393969343214926,0.7421400656926054,0.4576436498492895,0.33722161205533396,0.1709706930688517,0.0385464974012677,-0.04732013470428453,-0.2001483010998848,-0.1751081601463334,0.2244304444243213,0.9776648617393056,1.3166221103246463,1.2346337866166217,1.4320181283884543,1.4186697837847608,1.192557949938105,0.9673655508709522,0.7595633789928791,0.5566208011296004,0.4522435803676308,0.3540687209978859,0.21637429613333103,0.10489797706385373,-0.04153107108863563,-0.15376684279097252,-0.13056675103759524,0.29045550175649987,0.8941008077960466,1.1007974344351583,1.1466953784378222,1.2356558680628866,1.303020896804318,1.177814338254048,1.0765089353332367,0.9293323356783023,0.8581766264924424,0.7018365319184294,0.5910204627229496,0.5083215016756588,0.4118813937824187,0.3237584678570624,0.3416477348914126,0.5805500218304405,0.8719177984353993,1.0031943630190985,0.0,0.0,0.0,0.0,0.0
2025-06-01 17:57:00.262,0,0.0,0.0,0.0,0.0,0.0,0.0,0.7371278243172771,0.5558438682557753,0.46076489024298706,0.3491189612725929,0.25226387226603875,0.15410947985062629,0.1576578223899684,0.15711565200232291,0.18467556098540672,0.2445285709488625,0.3295904434277292,0.41089057255931294,0.4051564271492743,0.41109204678429956,0.4198985010912212,0.31555974371275614,0.22100384210510887,0.113464243336374,0.0909771284828147,0.068280781768708,0.06847293187189307,0.09568989789154325,0.1639772697145987,0.2115811255914155,0.2677807741617293,0.3087290518004895,0.544069282499525,0.3181404934145966,0.2976912967941961,0.25184982415229096,0.2174573002284486,0.2346414617895543,0.4674231550647003,0.6162987169933767,0.6576303333387054,0.5921182462801213,0.47127768808057624,0.37793540089292166,0.3483324452277219,0.2645324984333097,0.21229645753838566,0.16677200164954553,0.07295095777020522,0.10253036398237925,0.11221161930265461,0.09219554679209352,0.23584487997448184,0.5023975629313195,0.9288058523924386,0.8072464428142911,0.7312466633661364,0.49645306856910376,0.3327544635183226,0.7081952298486305,0.5546563356859725,0.6446189554392416,1.0545423115428123,0.4576529136067585,0.6131404270957175,0.8654736150988935,0.7781182491704317,0.8868929801832922,0.49264908117089645,0.9199795901562509,1.06540712734024,0.7436175752043251,0.6398844417491945,0.38816403521052734,0.29668838724821756,0.20719917589077164,0.19742673891027307,0.17930758986780737,0.1874426002360179,0.2242160712656056,0.25828450615515086,0.291801813821599,0.3446239678803339,0.3907085202331453,0.4190641928120034,0.44872606846966,0.4694750092155795,0.5388866547962579,0.4683343245900934,0.48836044302922255,0.4136976538009183,0.4210303239218993,0.4406972029519909,0.4132087968317433,0.44124839178910147,0.42235289529343967,0.7190063503644355,0.39956359615223924,0.36527593382536205,0.31293278166896965,0.25062921804128846,0.14197572304461098,-0.023686652307542966,0.7664823181226645,0.9677567262220389,1.0896216270137762,0.977563437430548,0.8274909568500817,0.7302285591643425,0.6381085486994769,0.545017724287836,0.47939619692037083,0.3717936170948777,0.3148727218030334,0.2214817306620036,0.09589222671701614,-0.09684313010868795,-0.29804499788865935,0.07580704704027308,0.9136526485667312,1.0646068859411377,1.0866351179749008,0.9845041917190687,0.4271223905425166,0.7573289528076672,0.44503116433424,0.48537911311211757,0.0,0.0,0.0,0.0,0.5251499855078423,0.8573962641724906,0.5721606353585429,0.3531811269788302,0.8864500507376512,0.9989936698224959,0.9831847003654872,0.9697969819736493,0.9323156154731607,0.9575553266887649,0.9138454533726588,0.8574734968241455,0.7441643046288777,0.7448677664497834,0.6386169944713511,0.5700295893328982,0.5300135729192217,0.5055498395834384,0.43618854897125053,0.6254110788955913,0.7999382821156221,0.891295406400272,0.9298417911289463,1.032614366448366,1.265810401427917,1.4104859052364973,1.5220498688156998,1.5247326985027658,1.4369993719331402,0.6142071396633271,1.3765789003843123,1.2936266154146479,1.1437138238901425,0.9723851870186812,0.8041938400785014,0.5242838168800645,0.5965936450500359,0.8578403783248119,1.0684097903594898,1.4322071851277596,1.6122693954104292,1.6946813859845686,1.8061817992113092,1.6460263441737053,1.6132061671163154,1.4180465667681306,1.2924919904505638,1.0172518522996756,0.8309787882872547,0.6317500537745637,0.4414611644592893,0.26945780478397935,0.16376589025900068,0.6448314304578241,1.3487937799521719,1.5677122723802936,0.9614413687302109,0.8436753047431994,1.1108067091343896,0.656689616422693,0.37695773248585035,0.6834156895859153,0.6109022856356079,0.589625768388194,1.1534560950065433,0.5490134674573363,0.7522025630801561,0.06069856994973688,0.246759305857357,0.8514150744249428,2.073355829509969,1.7870894680868303,1.756423194928609,1.5111886739134377,1.256107280591347,1.0427658426661104,0.7666343438763914,0.5009049015892464,0.4050786889911462,0.2544387774903658,0.1229264865451285,0.022249582869406814,-0.11489787195749035,-0.1556204180531056,0.13265428631326676,0.8430349283127072,1.208338820204254,1.1669726874473845,1.3414676446869458,1.3625331275883383,1.1599573130700844,0.991252182686565,0.8137132088806227,0.20087879951825208,0.5407250241372938,0.4309383132463609,0.3125478549691638,0.22496378126551864,0.09736157922572519,-0.02005346446926215,-0.10367528087742423,0.14342998970576765,0.7113912966764309,0.971314659098212,1.0629264026757625,1.168580140684883,1.2605748218785524,1.1937062808867798,1.0976911293961744,0.9832845653152622,0.9411996315380462,0.7992262797175596,0.7139024413775064,0.6490328210716603,0.5464640610067323,0.4462481982088644,0.4322742465663722,0.552457376194863,0.7217749814018671,0.8563261826681208,0.0,0.0,0.0,0.0,0.0
2025-06-01 17:57:00.265,0,0.0,0.0,0.0,0.0,0.0,0.0,0.7584160988130283,0.5510631014809,0.4152811013860367,0.29350607771434756,0.17080177212533665,0.07257805229492809,0.08370641339523,0.09585938015296136,0.14303206722600736,0.2205829042164844,0.3099609944671677,0.40533054817247094,0.41541323521590673,0.43535244424934405,0.4552094428256577,0.37376839492547886,0.24029269354556798,0.08496168971378965,-0.008639929929480927,-0.014762914214920153,-0.013343568378531678,0.02809642246277244,0.11910194446222078,0.18170498474696783,0.24514935564241136,0.29130776414533566,0.40874601463620475,0.33585248547546476,0.31911953428484513,0.2984002325374452,0.26733727290945053,0.22528066012402587,0.42963925129738373,0.559783779381499,0.5621192513680972,0.515920082013894,0.39506055310768606,0.34344686150879555,0.30056723130343,0.2585938173581521,0.17746809559029675,0.15240481583002463,0.10220066930358462,0.09241402047069835,0.14244710374442704,0.12045944962030708,0.26822179273379254,0.519987287284533,0.9076205331121158,0.7592469268665931,0.6426054929456827,0.42732168161853923,0.26937390821343077,0.5956948944555174,0.6634836311422062,0.5964419701987422,0.7686839239240305,0.553481191514008,0.7327543861582617,0.8820004935036256,0.7728936187388926,0.6345343084324625,0.5502737876241265,1.149658830570754,1.112217606380246,0.7285953524096361,0.547761867400212,0.2831031680912688,0.21825904876769675,0.12069769440162847,0.13196312180174408,0.12864974032342724,0.150186601097134,0.20547488475055098,0.2517035563671872,0.28661476438619893,0.352406806138173,0.4152156559408724,0.45870270670674124,0.4879020470768619,0.4926813485396532,0.48076844766301924,0.36968532760526884,0.396013811829262,0.32461263843205823,0.348042526523032,0.3819142848839703,0.3681429966659864,0.4086850796281636,0.39291837449616174,0.8074875658812299,0.3950367930651917,0.3567777318812714,0.32362776589361564,0.25738863107645527,0.16549219290774836,-0.009629090924752115,0.7119227830951392,0.898608687792905,1.0141171381416179,0.9162260902505965,0.7724238365616263,0.679907418797635,0.5945743222761686,0.5189419751205504,0.4438471883371291,0.35176376115087415,0.2916422165841881,0.1878789315862992,0.06536627327200462,-0.12097275965394871,-0.3097418234769101,0.07678938883136793,0.9098284818587531,1.0619927579856496,1.0777912181202183,0.968446370312624,0.1725185589244289,0.6286008867612465,0.48592168642696193,0.3874511745170388,0.0,0.0,0.0,0.0,0.3681357373596953,0.8869942109198521,0.614260610320966,0.4076905416331601,0.916066325464832,1.0090317196125485,0.9878045328676859,0.9585142736638349,0.9032555921793406,0.9151067847398615,0.8640591937905651,0.8001856820727737,0.6779195085186065,0.6799336583350613,0.5747714763890366,0.5225313911605969,0.49437397469748956,0.48237160266330886,0.43226525619455797,0.6937385866185422,0.8465014737054487,0.9193454791390279,0.9433968917743998,1.0438055097179326,1.2478422901692936,1.3736936879856403,1.4780771973697893,1.4795140237862385,1.3857008592658293,0.6752790917188176,1.3109724410320562,1.218907101996726,1.0786664600698719,0.8993554670199299,0.7559093825681087,0.5000003962240929,0.6716944832059458,0.9471438939592098,1.1308583217149284,1.4602301879448196,1.6365788869847546,1.6893466464564273,1.7918143774817938,1.6127139090112206,1.5583594497711282,1.3600266508325527,1.2182568238472702,0.9536857909279931,0.7561480891653619,0.5578850285375088,0.3687279587294843,0.19467936543926334,0.15416427107114622,0.7156709425838559,1.4344581844499387,1.6136745257434435,0.9557970180363745,0.7965605871220236,1.0012583674407933,0.3775104496686602,0.3504627387437292,0.6099222947351974,0.5945763242989488,0.46113797925355143,1.177680200013024,0.6590740383476781,0.4693954794155577,-0.021326891076361876,0.2214823834562275,0.9179545505301481,2.155781309790792,1.8243333211819979,1.7646498072050227,1.4560798502524221,1.2269227670718095,0.9510318112843352,0.6612213444268928,0.42123989843512333,0.30261083942127764,0.16974980978519616,0.03323864415028588,-0.10452701675377107,-0.21963241313567533,-0.22140750944595872,0.16421576647623476,0.9497284429174853,1.253984701915836,1.2055300705202179,1.3532677174507528,1.344232388206451,1.1283409038818455,0.9356760797028827,0.7344680835334676,0.36404390665791564,0.4560310271673318,0.3432359306706707,0.21358944574945293,0.12679390940337598,-0.006837497896855171,-0.12376282570329644,-0.16178138419536542,0.20009666003550536,0.848179885424907,1.0753566322570125,1.1328358207392437,1.2127395410444513,1.3157118526077185,1.2216630063404121,1.0758681377759531,0.9424952543306879,0.8872233399395426,0.7269034303830404,0.6290007632781822,0.5347075983593734,0.42487140861468686,0.3425812429155892,0.37113034926562277,0.5571581043999365,0.8803194265058162,1.0087211633658013,0.0,0.0,0.0,0.0,0.0
2025-06-01 17:57:00.269,0,0.0,0.0,0.0,0.0,0.0,0.0,0.7132031763923966,0.540605038874968,0.41355051151464806,0.28272777810019134,0.15482609167739836,0.07148010947755956,0.08303227504126476,0.0760508739308764,0.11894102802832163,0.2120535283645003,0.28984512157368253,0.3790364842048003,0.4064481896720998,0.40814473290389075,0.43044082363588554,0.3546517103960616,0.2190576997672149,0.09383894697805933,0.00745874167109517,-0.005010258612013652,0.0019218675010006514,0.03374315399851313,0.10799198575318791,0.17627470415269708,0.24436700905607656,0.27927021239430716,0.3764936975877281,0.3359066894275614,0.3200989302847554,0.28370530202602673,0.2579118777529015,0.2151790146644404,0.4768314966949762,0.5727997299456374,0.6075818427025951,0.5317839275042264,0.39873765246935755,0.3101043410465325,0.31904681887324937,0.2369388331471436,0.1744822195546143,0.17722025737401403,0.09117337543770287,0.10152282802146428,0.13690738318985662,0.12071354447642235,0.24726349003814269,0.49697043081925424,0.946906094973028,0.7517624907664807,0.6154919532777753,0.4375738551147337,0.2638142755042674,0.7163463291010426,0.5557265962991073,0.5320982015761788,0.781905379872696,0.9154966108979046,0.5820304127658861,0.7787266045687355,0.5838665269108407,0.6530759720756659,0.6324247927117651,0.835034641152584,1.1056181985633635,0.7262253902881163,0.5334308010977573,0.2897087541080743,0.2175319974600578,0.13643479063264063,0.13700141992653192,0.14411601608298685,0.1507402769411328,0.19862362837298897,0.25504029649802473,0.294904928371696,0.3502328556966411,0.3966158319381967,0.44525431281684297,0.4795086313699516,0.48258817916944785,0.4865154734883587,0.39683686222278125,0.41458202195665583,0.3404054892971091,0.35876857257449424,0.38322665692302804,0.36527643405422827,0.39199732548052557,0.3848104287195766,0.8351554349484216,0.3846133120772077,0.33646244187992813,0.308194647991599,0.24501635837876046,0.13691993242279082,-0.03681718258893288,0.7416045765093643,0.9272926551241812,1.0402690638365928,0.915543161727655,0.7791579758891622,0.6716247230494863,0.5960346812568593,0.5202792119444402,0.4297450405906462,0.3495638659196172,0.2726085614584852,0.16688849909072379,0.05164568817042681,-0.12700926266655777,-0.32851386793716314,0.10271012231674215,0.9259362793199027,1.0738259415040614,1.0762173268020527,0.9805879732123124,0.189601692804111,0.4999830149771735,0.4130355548922717,0.5935238975858954,0.0,0.0,0.0,0.0,0.4638241820200685,0.7467237051555606,0.4477812328016364,0.431946851498196,0.9254330367224681,1.0193122142627262,0.9880942388144134,0.9509570470258345,0.9309881564284856,0.9239232835890869,0.8778987068251287,0.8203681713267805,0.6860595387112856,0.6928118322350478,0.6014209190722042,0.550950634535176,0.5111503014555014,0.4949227955383512,0.45954322490734995,0.6951014598913738,0.8367730234920304,0.9180860121490904,0.9492206650207746,1.0472196793082622,1.264585378732891,1.3964821842696002,1.4941195769618338,1.4914449159651355,1.4229082744603765,0.5265161687301505,1.3350719634936592,1.2401070776586378,1.0959821671627605,0.9156020788681029,0.7675011911087497,0.49248246107416,0.6696503813901269,0.9449954085055232,1.1441367855964466,1.459294023342802,1.6650670805205476,1.7038160413920223,1.8010738653444576,1.6293191813265133,1.5619865544747435,1.3711849507119633,1.2171543931349067,0.9692592673915509,0.7593674753727772,0.5650169681530537,0.3759370297038368,0.19161122360994481,0.15238330298629035,0.7181767139445883,1.4435322451058195,1.6155126349983955,0.9501526673425379,0.6932575568203402,0.8957411558384384,0.3899286300637421,0.5830134559294273,0.7163107424032403,0.545427086225543,0.4363777336696721,1.2468633126133222,0.7986385312228996,0.5091032468552023,-0.026679434904256893,0.23358161405040867,0.9029407374156306,2.1245706524011574,1.7873673502627019,1.7788714508576704,1.4129488579827751,1.2039467830190793,0.9321356634807572,0.60520972537134,0.41367911842793403,0.2849170644632988,0.1409782899702261,0.020068761709300276,-0.10915938101321288,-0.2389013627429672,-0.18682643600259452,0.16320668492493678,0.9754243582373636,1.255057806355534,1.213820173363399,1.334389048932724,1.3293900681667437,1.101545285907255,0.9306113303242498,0.7106134086568046,0.5317196025261116,0.4347547556474336,0.3282353689122719,0.2198135571439186,0.11807273552975628,-0.012083832620647494,-0.13481107194365038,-0.17915507869415298,0.19088334329689943,0.8369921716965718,1.0714525592174406,1.1019964479344089,1.2103567959093289,1.3110444164747959,1.2275440387618124,1.077439332401808,0.9487165790377585,0.8969348922990499,0.732444010903055,0.636171895458614,0.5328185344862375,0.42294721991115936,0.3471604177730486,0.37758242322159313,0.5458880164574351,0.8770853040125052,1.0315225200723226,0.0,0.0,0.0,0.0,0.0
2025-06-01 17:57:00.271,0,0.0,0.0,0.0,0.0,0.0,0.0,0.690381225510851,0.5375580729123641,0.4198002652675026,0.2982143211596612,0.1612306508252751,0.07514571098061495,0.06987213319796015,0.056781425197436675,0.10575027396376235,0.20278632550100784,0.2753744901502036,0.35441201228239694,0.39587776359078336,0.39837963869829907,0.39812769882334936,0.317551403123712,0.23021240886398497,0.11823053465154904,0.03625572186719639,0.010950167824498647,0.021524820996193572,0.030122930961929084,0.10393333622165302,0.18270152260745753,0.2313385273481814,0.2659646389633161,0.44544978980341454,0.3195355273784739,0.31373876811555895,0.2862773367896422,0.2574298709769532,0.23502727059945983,0.5072532303910553,0.5892496094236406,0.610225258587053,0.5264248289822315,0.4273422889889207,0.28485283421408125,0.308498765021302,0.2249708574633582,0.1443760015782316,0.1484724532879489,0.07057415332586314,0.08513813760850186,0.12028107788266729,0.10148712183135922,0.2737355254008496,0.478979949769799,0.9952046147875525,0.7325265153453764,0.6021788531084461,0.4327958731070227,0.24145798218556647,0.7882608176121564,0.40782859849878883,0.5494197329772754,0.5379222266717898,0.7241698985436937,0.577052159295707,0.6586572962406801,0.46174775723977285,0.6178772146083102,0.6717542342502317,0.8789551187634739,1.0935638075323553,0.7174764138587131,0.5376543154854501,0.2740610267734225,0.20892717804546024,0.1295679215865868,0.13531466407601855,0.1207808437976381,0.12910148721503822,0.1824024229824821,0.24640374804550125,0.27456765727409005,0.33135910607857155,0.37541265907086907,0.4255926098774087,0.45958165073576107,0.4817724585854768,0.494803181285099,0.3966813003653612,0.4019095740621983,0.33413104478030164,0.3453415561617421,0.3627895898484188,0.35446976488414284,0.3666814123933513,0.3700882525657694,0.7542344656629343,0.36761355459361766,0.3232913460073302,0.2909479919418184,0.2322621055104781,0.11598652137515175,-0.020167422514040467,0.7583351473838026,0.9441053060849146,1.0274628963421715,0.9137507879256848,0.7767969092138827,0.6679728592789698,0.582968591793227,0.5010947542348583,0.42231072948957116,0.33675306388309245,0.25610481567358834,0.15742340740651506,0.029959106461695972,-0.15219928489823797,-0.35248581940391455,0.10052120860672731,0.9350257108317462,1.068901702719525,1.0840015446349267,0.9839865240597949,0.20003672132586015,0.47277020902074524,0.5129109980619679,0.6721423638963553,0.0,0.0,0.0,0.0,0.3587954656128539,0.6452185817778877,0.33219100003727964,0.45578096086992326,0.9304532738876752,1.0230834631202348,0.987106385553165,0.9528097882709713,0.9361712228926844,0.9260499474568238,0.879204423492455,0.8167970538758733,0.6938516767913239,0.7095186721384676,0.6157138033369784,0.5570654910659345,0.5234886523085698,0.5024761803326088,0.47891775604817094,0.7207578849664031,0.8394631421947919,0.9190559621098098,0.9450855380978485,1.0529933327697538,1.2527366519446648,1.3999763479196514,1.5018486991147677,1.494369480166762,1.4355201973808949,0.6615889420860441,1.3505444568039917,1.2479936009921344,1.1107730539579879,0.9351249851311577,0.7765375635438249,0.5046133684712001,0.6700281618119145,0.9540779926029683,1.1389597736321626,1.456760750249183,1.6830506571587294,1.6957983935691658,1.7826996998568987,1.6261114303165216,1.5578316805494525,1.3604655931371283,1.2197115812071702,0.9740229879743695,0.7574662859227451,0.5696766314995776,0.3773332458923778,0.19387635458884156,0.13513085443706924,0.7026581622435174,1.4221409512135308,1.5887225633568955,0.944508316648701,0.7451327891382997,0.7314042559403525,0.5482010518759189,0.46889098593514983,0.5780569902431113,0.6473602031201025,0.5884797320620323,0.965966774203627,0.5900260110173521,0.5091032468552023,-0.03462112922749622,0.22431146788138806,0.8833548802558239,2.073470056217633,1.7420802974329732,1.745326929134368,1.4010417931178427,1.1489749290971802,0.8692486422678516,0.5779343588884747,0.4086620819417386,0.27372067589667126,0.13559328210421717,-0.008953671454071888,-0.1172480821524019,-0.24837491930349404,-0.21023341193177864,0.1432573832280309,0.9610918481246842,1.2221033316437737,1.186854686642028,1.282649452809005,1.2926595222612043,1.0854765780722464,0.9017349458237576,0.6864130386222327,0.6872141590216712,0.4331392382352328,0.3270679039507345,0.22286244754723605,0.13709629465777728,0.00936556078564943,-0.10694000672436421,-0.16285968978802906,0.1867495076741868,0.7941364485175775,1.0517557389780945,1.0921728674689426,1.198419452676913,1.313268621535165,1.2231673617008574,1.0891337456583212,0.9499276505704908,0.9007369611853344,0.746137401576026,0.6424870407817538,0.5460598459770005,0.4386839178286769,0.3403795744868937,0.4090960574871903,0.5470738307147857,0.8718233753188648,1.0498462987999686,0.0,0.0,0.0,0.0,0.0
2025-06-01 17:57:00.274,0,0.0,0.0,0.0,0.0,0.0,0.0,0.6916264587904157,0.5340972055016957,0.40898694575496564,0.2737610312833697,0.14399001825708468,0.045516683328634344,0.03929382338741727,0.044439116002877865,0.08034111046228498,0.19126780581914626,0.2605271642368506,0.3397170943223282,0.3816659967947899,0.380643585730868,0.37496318284185176,0.31947067470056906,0.22600559566731904,0.12268344354425514,0.015409525473300656,-0.002955984018165436,-0.006709798511617127,0.006622105410740042,0.07112583231037317,0.1660666600043128,0.19713254829345828,0.24233028727863282,0.32580666582253315,0.3008774103015631,0.2977347537406451,0.2809589359235918,0.23431284014393644,0.21011533235833524,0.4792935748128881,0.5882895070217822,0.5930237671607616,0.4940970971591312,0.40868409256955274,0.28273970854700536,0.26767736305323475,0.17910046606165309,0.08871783953373646,0.10392594189000404,0.06328779322638489,0.05965920279229364,0.12758378357422395,0.050371886132088595,0.2584433916972417,0.47612888238117773,0.9683017950875309,0.6963755953043104,0.5879418594563147,0.41845778843196224,0.20478881796565274,0.8183909889352998,0.4512622561028019,0.7294398863159293,0.8648416319132479,0.8850319268780604,0.500534834886487,0.5820822808734575,0.3731979549630921,0.7517824638725764,0.7776203736542078,0.651357364156204,1.1377371987320093,0.7326847094917266,0.5301132655982148,0.28175867239944186,0.20210902204467374,0.13043878605978354,0.11061294209238981,0.10608631766904897,0.1070361145578469,0.16616902898494024,0.23139493867485883,0.267211572914132,0.3224819791144532,0.37331026928773325,0.4320876515894156,0.48042260406693416,0.5109978948368126,0.4916290228386528,0.36313931816757317,0.3688490391050756,0.29860295517668844,0.31553958257505754,0.3361513009056458,0.3343049053009395,0.35745341305218314,0.35364973273274103,0.72014091840614,0.3580130000477797,0.3195176749105487,0.29771081065334337,0.2409966073168961,0.1304554461519138,-0.012266297448605218,0.7314706683963211,0.9089337452706282,0.995927796799434,0.8773280772542871,0.7443976427253183,0.6498861343679183,0.5684433179320414,0.4951173512532412,0.4173624442902357,0.3315895533040578,0.25065757051151016,0.14633431288807608,0.0331804003751659,-0.1504200102850317,-0.3483461196544984,0.08505263432944549,0.9094487933181933,1.0536412474712349,1.0757633823329116,0.9712442526453127,0.19474524690871242,0.4339352687038522,0.580814941272551,0.6389387032244004,0.0,0.0,0.0,0.0,0.2743028419911808,0.5229685133514606,0.31994817248251783,0.4445206285478267,0.9221731563164517,1.0168331579465038,0.977479078427008,0.9329978137120446,0.9265316486653379,0.9190527007301623,0.8796375698813832,0.8160447449933326,0.6967814862564992,0.7186449414547997,0.6244120242891373,0.5751812851832803,0.5453862509731893,0.524076697102074,0.5140809301630975,0.7266075264337122,0.8207695093261569,0.9007819241114998,0.9389089857271145,1.0410844137882167,1.2331439553091006,1.38161406919302,1.5109420674313854,1.500340386348846,1.4518727281924446,0.5912601395739614,1.3661230860077822,1.2606942710478872,1.1313810298121878,0.949164910817817,0.7935755246052293,0.5270410788113932,0.6630240617101171,0.9387676862171614,1.129172394219462,1.4256377100772262,1.658768633520891,1.6834709282473745,1.752594539124451,1.6142592933693718,1.5431091703091178,1.348613900106486,1.2165311435762542,0.9778446448717796,0.7631702372428119,0.5752068348502462,0.38689932053851683,0.20335363741007423,0.10594186489139731,0.6596232749693073,1.3591172214670801,1.5499470208351829,0.8340814809020364,0.6076261845524854,0.7424091482166463,0.4660751241663821,0.5950968198504014,0.5421058030248554,0.6910582467006536,0.9754855201030317,0.9912181099401823,0.6080231990516176,0.3575110514458575,-0.029712600032014758,0.20937888032256896,0.8485423572232652,2.0047878720441474,1.6848519185813944,1.7083538408629866,1.326312637914926,1.096563615349406,0.8266902403774492,0.5703833679622721,0.35862325309170706,0.25390533058755005,0.12365661617290424,0.0025614698791986967,-0.12762691579203655,-0.233209885185715,-0.22814440478457515,0.12028634720608639,0.9181273468687008,1.2104348079617653,1.1742813904597729,1.262550683120509,1.2609021582472246,1.0712247742791794,0.8865875583587879,0.6868281356742287,0.6886086719993842,0.439505844681195,0.3386805131188786,0.22976728165079852,0.15805826477159923,0.033879536938369315,-0.09366444043639821,-0.14166839102927392,0.16669692645506357,0.7771496063565371,1.034227173723306,1.0902269007454626,1.1955667271577906,1.3250441055292796,1.2318408341608817,1.0942907957122916,0.9545005528724488,0.9162768829066856,0.7643284262768886,0.6666783509418053,0.5690759223996751,0.4649128429588475,0.3710048182766591,0.44363865055674595,0.5936896390272756,0.8988558463116395,1.057859961742516,0.0,0.0,0.0,0.0,0.0
2025-06-01 17:57:00.278,0,0.0,0.0,0.0,0.0,0.0,0.0,0.721762049226075,0.5465793495365039,0.3864073824976939,0.23809857503438148,0.12209962705202715,0.01818363420444913,0.005831971654297274,0.022792673832353616,0.08108833677892224,0.18565338463303804,0.26242720577527096,0.3484882385104483,0.4053207409737139,0.4033652195827202,0.4070288201790793,0.36951449539716014,0.23075165657653102,0.0835997821970359,-0.057573914798587866,-0.0657236125473627,-0.047233230113035596,-0.03037345791486623,0.046037313096454424,0.15327931727409605,0.19240349264814416,0.25293751449144275,0.4853744276023447,0.32440644591642986,0.3271424309267584,0.32287696480328754,0.273453620619631,0.18484372503248336,0.3951009123241261,0.5250454592631234,0.5111518803836054,0.42564823051059686,0.3734502558663202,0.26898625771808815,0.264045617718464,0.16057195999596363,0.10572503071343231,0.09054255650256526,0.08710996042318309,0.04280387631904359,0.14468902607398215,0.07081225044954026,0.22508770888157537,0.4598203819602245,0.9567684762505161,0.6380109807455804,0.556959547049754,0.3968119037677562,0.20112030754014376,0.8616885144145852,0.4188848859772114,0.484010274638845,0.7563886905453102,0.9330743491428568,0.4516766508624742,0.40540886519565633,0.5473030541113715,0.5445256694576742,0.9083761697733803,1.0154683045510615,1.1409059957631926,0.71258693587645,0.5022190349652826,0.2557209725219305,0.1638742019997923,0.10327413297657007,0.07796796411981033,0.07767140632493374,0.08884165351693585,0.15189449389339527,0.21207483922139847,0.251039539809236,0.3117363714033615,0.3802471925814288,0.4398053627920859,0.500018279923819,0.5268356759005102,0.46239000594026974,0.32399288377273094,0.30623565931165664,0.2625923491676083,0.27571997106606894,0.29186453905177223,0.30112625693086614,0.33471932579225894,0.33101886624053867,0.5210892666544429,0.3481207530210755,0.3160349991689383,0.29896523615698245,0.24821357465628613,0.13524779437240064,-0.02319596646376773,0.6941916771201269,0.8731507705388356,0.9526095047495731,0.8364685376605958,0.7222542337389226,0.61777519728616,0.5444960506933327,0.4765531304876651,0.3969294823353675,0.3137856853215053,0.23126796310035957,0.1285184639198289,0.005238284565762141,-0.16158765076391568,-0.36003064154291275,0.09449296029725451,0.9144628989976108,1.0662011132417757,1.0717639568097723,0.9725384325656878,0.24208277796340932,0.5519352693955453,0.32303915219812834,0.6591992679482741,0.0,0.0,0.0,0.0,0.3166628949529171,0.587911208902548,0.2908820600532327,0.489762120974067,0.9484281614074821,1.033562677030511,0.989977551873138,0.9234662853072529,0.9210913113712527,0.8948726414776342,0.8585104424677432,0.7841572676717377,0.6535170871494684,0.6693176261776337,0.5801310300868585,0.5353202262861354,0.5094064126479938,0.5030623421020786,0.5079028955850611,0.7663572661778975,0.8530735093797295,0.9166573388024941,0.9477557689213543,1.039837118230294,1.2250635421421905,1.3490365701923168,1.487198229617356,1.473396597071903,1.414884603236126,0.6193569390609714,1.317590107537065,1.2089070475664627,1.082360941942555,0.8909513989589711,0.7347336338738858,0.4819170218703311,0.713700581449474,0.9966987777320042,1.1724528111191455,1.4626501428883658,1.6683504930208657,1.6593368671454154,1.720662181850373,1.5688557720024623,1.4786034083129276,1.2939993657295776,1.1487228814651096,0.9166559966615196,0.7094818382554787,0.5239883046259084,0.34039779848007146,0.15041826678596038,0.0700668237810668,0.7061816895189019,1.3933942420290073,1.5659950231541142,0.7090199973650516,0.7329697301829416,0.7500359637184529,0.43148707822780297,0.7108335896096776,0.5054153043839217,0.6675524444519187,0.8326838838738944,0.80752993704132,0.7333745467410226,0.40863948835465425,-0.06919444396126351,0.19917561356037383,0.8978737945242727,2.021901636738664,1.7157866698130417,1.7115721587876385,1.2852914090687646,1.061899421495325,0.7660184268403065,0.4962320438758676,0.2958950622095349,0.1879949102982168,0.06154981814988769,-0.04827391105777168,-0.17471474021599043,-0.30696834014001334,-0.27643848755779593,0.15741898418121375,0.9832866930121098,1.2461681107252784,1.1774941576750164,1.2846253833253738,1.2638411498834456,1.0692076353333793,0.852300419354495,0.6535437391584267,0.7014670525057242,0.3893022822074701,0.3037396720838428,0.17266075310468643,0.09980900057260123,-0.03097432464337646,-0.16439107442476025,-0.20038304993476153,0.2318560367933446,0.8587924671169769,1.1146492228329457,1.1466128413690866,1.2432415372239947,1.3665194007067685,1.2459958870920258,1.099736767696006,0.9540840522611795,0.8864901118401771,0.7371322598281693,0.6007876635783811,0.5074946971932364,0.39752301286275815,0.314613522018365,0.3997760184135036,0.6055615550110919,0.985234689391557,1.1475803626532703,0.0,0.0,0.0,0.0,0.0
2025-06-01 17:57:00.283,0,0.0,0.0,0.0,0.0,0.0,0.0,0.688031606459406,0.5184140869318102,0.3970621982392545,0.24982674003049754,0.145335918492686,0.05206611593893162,0.028066933303146913,0.05033205927705098,0.09604773009949341,0.1818442083714723,0.26541438400610634,0.33129855596961744,0.39195639325695647,0.37712938281938935,0.3759259414796682,0.33151129089831016,0.19659884015751172,0.10217296746554749,-0.016006612526522246,-0.016354324340901005,-0.0071381699091648265,-0.01034037575591018,0.06497311871408673,0.16493997954372075,0.19232558297353597,0.24860780234114843,0.434087115236948,0.3086135413396378,0.3007612805724265,0.2846094541821751,0.23614089799404026,0.19036261779757158,0.4256278425979177,0.5525662999175868,0.5584495155044437,0.43586014737541956,0.3955666817887482,0.22508847080775052,0.2565541038276671,0.13643081699097048,0.07869211814298671,0.07179711561863289,0.06946995972230363,0.03844716538409143,0.14533687444326038,0.023017748316167486,0.19176907578070373,0.4594205933771523,0.9584335379570273,0.6803528358319514,0.5913279275963123,0.41276659587990583,0.22127642760172983,0.8831836203902728,0.3325745081568108,0.546454845014646,0.9492438058843664,0.9090664997269191,0.26176111433209803,0.3615022909729755,0.6997933109298786,0.6309970016840686,1.0807706713559238,1.0162628942731269,1.1116061032421722,0.7222458331771412,0.5445599982407459,0.28596635089377775,0.20322629392453573,0.14485330725536283,0.10245295400381571,0.09908965959397209,0.09465600443916466,0.16026613010795598,0.21357838017960074,0.2573534373241735,0.30052998990401736,0.3635626303049424,0.41923292632630643,0.49245977247652617,0.5375119147209906,0.48840824546919265,0.3549579186392601,0.32904398534345214,0.28556616863066475,0.29020969970466926,0.3073472508503343,0.3131445994557689,0.3358297073653356,0.3420548553071934,0.31257497375798265,0.3466950845797705,0.33004613128097315,0.3012213946282801,0.25791192291149023,0.13162546382233958,-0.022075873090718345,0.703302396818972,0.8739112761876197,0.9628963875577554,0.8538966812706936,0.7422814752813911,0.6313511797824789,0.5563600992291415,0.4768816838325085,0.42037405970891695,0.32145903034161116,0.25017005262570047,0.15117625672353752,0.035791608916589945,-0.13335833314590662,-0.3465834488310939,0.0867165158271423,0.8958350088997041,1.0531710009476432,1.06576170891069,0.9700303499742926,0.5746672757710678,0.5820584738553429,0.38195138203692874,0.8601403972369506,0.0,0.0,0.0,0.0,0.4492010307844204,0.4578799756025829,0.2454164782755125,0.42680678136380934,0.9081686283541774,1.0124693068280737,0.9767973377973795,0.913909861025847,0.9329685889703863,0.9147280555248758,0.8893883205469297,0.8134033492203874,0.7013736495203573,0.7153214847885137,0.6357247112630577,0.5681110825870772,0.533317476237605,0.5171444628571278,0.5079409823752254,0.7159574731188685,0.8015759526937349,0.888236942800962,0.9306551652166164,1.0306623842837,1.2366730290707213,1.371873346433016,1.5282531719341086,1.4987163152445622,1.457927018509962,0.5079728933299745,1.3621328929651835,1.2645865204088285,1.123463359503878,0.9432483657911689,0.752674417685932,0.48655730961381044,0.6419317271035724,0.924350685355104,1.129754381577678,1.4482646429459518,1.6484289322234167,1.6653478509782753,1.7255252566926873,1.5866553938886596,1.5118047003177661,1.3338254415416304,1.1995267090528534,0.9593870783366766,0.7627309351882735,0.56931444402998,0.37892033012878346,0.2010446023008537,0.05574475007929709,0.6640759978728461,1.327221904798205,1.531452034151215,0.6514295407375957,0.9165667905157172,0.8189156822868414,0.5794653388612775,0.7484148134209154,0.6041511226364057,0.49104830297336716,0.7789321888995102,0.8880889068549337,0.8037791153214566,0.5968449076797883,0.0013465069208598024,0.21580021413382466,0.8824183583314216,1.982879562772141,1.692105629619206,1.6987958096164322,1.3072645872707667,1.0646763932753147,0.7985106320150628,0.5392912263022709,0.33467834300537014,0.2301100308164976,0.10399340852359629,-0.02313297333531117,-0.12260247109490652,-0.24421609299306896,-0.23334298541679604,0.14083046652782522,0.9601287275953019,1.235729390027019,1.1826066170379501,1.287507931026492,1.27667504462229,1.0965207699829382,0.8846636189184369,0.6865420903703467,0.625639834148511,0.4283645951146604,0.33298643597592226,0.20368488036862287,0.1450008807469615,0.008864208847016108,-0.122583344538305,-0.16882770032073768,0.22448478433815006,0.8156451486793055,1.0856239074873137,1.1311792784816772,1.2413935274137746,1.3644103878475295,1.2264645068372353,1.1175521211351183,0.9758154854658663,0.9237345384491225,0.7761989883390001,0.6471938726340796,0.5690727208091773,0.4560669188921095,0.37963587430989354,0.44021698865038655,0.6319082277101326,0.9454064271660848,1.120308846841233,0.0,0.0,0.0,0.0,0.0
2025-06-01 17:57:00.295,0,0.0,0.0,0.0,0.0,0.0,0.0,0.6649047525267925,0.5481877880962785,0.4432426309860743,0.33766246111648535,0.2184571946414523,0.09191752425377919,0.039040319283807356,0.047872968461450394,0.07907700569860587,0.14829081822213663,0.23278764284644177,0.2868301477511409,0.3289500568499016,0.3195016716557378,0.2867499983149135,0.2464673974864362,0.19375840973034014,0.19153829594483107,0.09181289891672095,0.055473036961923516,0.04060074932611624,0.010113892739549657,0.06527536407973678,0.14945817209114476,0.1452119075100271,0.20302556658362492,0.35489347195766485,0.22504105292013865,0.1984846942328205,0.18543754986340413,0.1479058595480524,0.21209198076271252,0.5733155550379374,0.6698667363538573,0.6269888861635261,0.476418285611079,0.4385057073743499,0.22946852194056988,0.22282389070901942,0.12456345873542829,0.0322712388296188,0.006216020432124547,-0.0039355687426850805,-0.06066664419229406,0.09009253144923357,-0.006374371551046476,0.2083829252650961,0.5716866182300917,1.042210110306423,0.7646476675982649,0.6720195071677554,0.47254894763329625,0.2590783531912326,0.5509571067794208,0.25475297856112783,0.3937968231930668,0.9498157140327652,0.5296517286991465,0.428378205338498,0.3810410369603099,0.6369151946257947,0.4444625137670569,0.8937631111069133,1.18098974617177,1.1693595869166664,0.7904951772224441,0.6219600177722138,0.3257253857904012,0.22195420626779017,0.14803261769696707,0.10429937273244483,0.08343598680750319,0.07144874595465223,0.13192458416950337,0.18580557514284557,0.21853973165314722,0.2729938884915125,0.34696719001579934,0.39627370403591206,0.4646141531833724,0.542467172695158,0.5513058019542099,0.4248894972987888,0.3691897258112282,0.2984534126000993,0.2886562021448913,0.3030798564518178,0.30829320081774747,0.32961072655182355,0.32908726159582646,0.3645730972642118,0.32339682296597116,0.31590727396400997,0.2846709124416106,0.23273109722163954,0.1271826967744274,0.004609506032611899,0.7288081095717932,0.8992505357439645,0.9709836321884966,0.8548969636067698,0.7373965226355275,0.6305415844940077,0.541768586706159,0.46110648455022174,0.4095787204221002,0.3104860220489758,0.24178498945722215,0.1433898226127488,0.02794152062331312,-0.15874775953528142,-0.36154205943766804,0.08711638115759557,0.8969481502714166,1.053201696068396,1.0645103752850749,0.9675181953443779,0.5000904958564178,0.7634124046357937,0.5503791826042186,0.9151298529204297,0.0,0.0,0.0,0.0,0.608438113254843,0.3021376850868172,0.4894315632471893,0.39257074048998875,0.8859444774114882,0.9923245708324444,0.9791996707640984,0.9114325052294322,0.9245451366696475,0.9130768916663115,0.8817979595690355,0.8140084622794457,0.7023882806918058,0.7237523617165906,0.6371904845952712,0.5694777444705839,0.5471426659843794,0.534808250530787,0.5212449597256898,0.7149097786062317,0.781191254102458,0.8637540756136763,0.9007744094575105,0.993210205521891,1.2008471936938083,1.3282895655830664,1.5084042606010857,1.4903138286647406,1.4498895975258386,0.5273663536993796,1.3744459481871854,1.2809610368344533,1.1625838044279129,0.9879080925302796,0.8111716424309802,0.5516644346025809,0.5928510905524812,0.8171271358578456,1.0207434045907653,1.3227605666864475,1.5352243748165306,1.5870471888306186,1.6556965054275459,1.5310796222945908,1.4834640662868934,1.327781104076451,1.2130635107422423,0.9829385376013849,0.8093487222027814,0.6142405314686215,0.44373914498046907,0.27045659178189874,0.05692649935189008,0.5386560947789868,1.1460342433466582,1.3792833805380096,0.448952106917089,0.8515396309241771,0.7840101237693827,0.5619941659610727,0.535200959515703,0.5735219177032437,0.5106011888636914,0.7203418253706007,0.9542159372104971,0.7213702845643812,0.6143170907687736,0.07244550492058749,0.22285625084644567,0.8219602421122623,1.8230996855078123,1.58135870723492,1.5787079544489688,1.2440503610147147,1.0148410918530872,0.746572655194321,0.5345325779341004,0.34412788053741017,0.23542727232300553,0.15155169975050664,0.008096368167867074,-0.07058462277110555,-0.19018538773861804,-0.23151898936801402,0.08473180622989901,0.8317140492044022,1.1481084838287183,1.112590503662855,1.2125472373809916,1.2104686301309118,1.0413201257798708,0.8422563771972131,0.6759158798783556,0.5085916569805888,0.4477044732607005,0.36637719022198034,0.24158425109672677,0.2083553216651336,0.09024481059085199,-0.029411956147417984,-0.11968799947676106,0.17085891915165824,0.6758512590633112,0.9835658126320317,1.0738276701611515,1.1637465583396118,1.2866346199797714,1.1506808722154993,1.074460820992433,0.9575549353479602,0.9212605158878644,0.7878097262798978,0.6817686736328696,0.6171039724437455,0.5368996128790827,0.45590317060353547,0.4872613174209847,0.6275740670617759,0.8569488589444411,0.9843897243634308,0.0,0.0,0.0,0.0,0.0
2025-06-01 17:57:00.300,0,0.0,0.0,0.0,0.0,0.0,0.0,0.7101893070664012,0.5582974217111781,0.409427129752433,0.28137036195735443,0.1654492193321878,0.04020880548359351,-0.008248162371663037,0.026851128531428903,0.05204883812898431,0.14479535232997687,0.23890371957026874,0.2924981681650136,0.33704162151971245,0.34222636008054186,0.3429283125136165,0.3194812693303164,0.22403094585726574,0.1313610670654996,0.01907738457241437,-0.025674813329255586,-0.041806268680804504,-0.04336005235257745,0.02129931735205126,0.11145090580462313,0.13129229313714497,0.19495313149767912,0.4440469231910339,0.23255904370263036,0.2153373619053474,0.20634314799570988,0.1857678158024994,0.20679022522695995,0.4717755789305699,0.6074722879033697,0.5514074940608861,0.38873422911772804,0.33472198670044095,0.19004116376972902,0.1692285681125505,0.06120628463518041,0.02688619427740735,-0.02816502079428085,-0.029915777154313483,-0.054413064851689286,0.09151521549435826,0.03441619387488881,0.23030008588589734,0.6145208636709343,1.0098395823788051,0.7770093191454919,0.6253996785202448,0.3943406867216941,0.18214506974228772,0.537557701722271,0.28996031390001226,0.3764752917919703,1.0903235790603414,0.6116307652866353,0.45717793632478143,0.34841617434037764,0.7300489498111231,0.6699209981779941,0.5670652847658378,0.9363056719033438,1.2258899867459865,0.7754880202583335,0.5541671155744448,0.2475421344321176,0.1338557224481245,0.06509224969184824,0.05090278205830567,0.05384060304510352,0.04255726191580722,0.11967207704467464,0.18560903720545707,0.2368920063646045,0.310098098080975,0.3977674723345408,0.4705930197072122,0.5513239367102171,0.6068338701165379,0.4986674300463915,0.2965213142871713,0.25086228314808,0.224354427357905,0.23277053407544446,0.2629780189431741,0.2843437901375634,0.32690408667909066,0.33132915999379486,0.24957113072016796,0.3427713568453461,0.3524980826499543,0.3253664538945368,0.27753613979620695,0.1890222056524325,0.033604597783492424,0.6323564807877621,0.8196721358934679,0.8903760429828949,0.7938035363261251,0.6899982093872323,0.5954764561778287,0.5251616006597999,0.45440346855219005,0.4035591744641749,0.3165725051129573,0.25222077172115087,0.15407650108890025,0.05062521614813065,-0.13036883127137577,-0.3361760372126277,0.05062042225463592,0.8466389728608791,1.0228122833589959,1.0319370137130568,0.9351926060650273,0.49529308749955464,0.7977765023292192,0.7032537217000943,0.968739265762057,0.0,0.0,0.0,0.0,0.6171273469321418,0.3110013386627915,0.3736914934773764,0.3593787547540138,0.8542378338531689,0.9791674173314986,0.966076020085678,0.9036927715952946,0.9041546180422142,0.9196066927907702,0.9027777067179032,0.8340466281656544,0.7225795556232053,0.7471614262453854,0.6566935102299216,0.5925366558484804,0.5622733438573375,0.5493471123251288,0.5204128591508668,0.6888677342771328,0.7791886141984026,0.8707669719669988,0.9055707745630466,1.007119756648354,1.2273864031870405,1.3497362873775232,1.5215527164272848,1.5119079722600468,1.4568259636628407,0.3312201627531611,1.3737027371356296,1.2879441996259424,1.1512898538033864,0.9751514038206216,0.8024772215951804,0.5678629444965727,0.625211227717214,0.8412808565635057,1.0478531668782969,1.3426509671034388,1.5551839860685575,1.5951277076973647,1.6744732015233832,1.5387569592541623,1.4740729350089579,1.3272930528540892,1.1944945842673316,0.963823091154688,0.7922600577379743,0.5964232263832792,0.4284248250559478,0.24730847879698892,0.0673591907073697,0.569235386150626,1.1711519537502793,1.3895254619516626,0.38696033548685493,0.7026285616150642,0.9483470236674686,0.5434119042032981,0.6631239231425969,0.5030130036397984,0.37073631558602055,0.6973737227984995,0.8463948878794728,1.0230249351673673,0.658441718279425,0.04724510000982046,0.22809316440412092,0.8343123548553737,1.8308876701708532,1.6041758854465529,1.5711620986040136,1.2153360533268422,1.0046058157428817,0.7482256933108857,0.5272221604442,0.30994806650189144,0.20928987301793556,0.1170299721008996,-0.008976426112806024,-0.10758878657816284,-0.20625852017832635,-0.22891767982231043,0.11441622327187445,0.8509215389500147,1.174575546709489,1.1256323932541685,1.2302948644464564,1.224881207308185,1.0401387987316664,0.8218059596184586,0.659510912616563,0.3123260497653978,0.416683246080398,0.3331578882829269,0.21093431582233824,0.15504275326504968,0.04022903699197622,-0.0877803713144526,-0.1109156490077487,0.22046803355710093,0.7636005403677026,1.027950614930187,1.1072803477371873,1.1749324951075089,1.282602735727835,1.150859471150603,1.0530267158498945,0.9250294986855201,0.8873717766182547,0.7335296998418817,0.6261324557537309,0.5645478295828388,0.4815549341765445,0.4187500315600188,0.47397980562258085,0.6950944922267909,0.9635436833941712,1.049648085090637,0.0,0.0,0.0,0.0,0.0
2025-06-01 17:57:00.318,0,0.0,0.0,0.0,0.0,0.0,0.0,0.6491175985964587,0.4935421117317591,0.3407964012449711,0.24605654468659277,0.11806331020585537,0.017421654730384373,-0.008576040323538203,0.017670462331236036,0.0530829914524249,0.12666550388013653,0.23295802278873473,0.2893770622513958,0.33384360918728123,0.3455466870430066,0.34463881957517634,0.324405058988634,0.22146720597703679,0.09022677388049594,-0.0025029855303964066,-0.04875527356362308,-0.0686637772890788,-0.042967939817443845,0.032019396487790175,0.11060792843897116,0.14483149581377575,0.21096244109336904,0.5976688397072869,0.258580201954416,0.2291938572905316,0.22592493855706128,0.2062844397835224,0.2077222552610688,0.44188088226135386,0.5631659985366074,0.528812374404059,0.36735521760036804,0.3200330571690775,0.14455601869093515,0.16339409346237277,0.07163441649576074,0.029194038181754478,-0.005583516474769179,-0.04008942078769029,-0.0626666036564354,0.09893666553770397,0.06389453026667719,0.25483035893486455,0.6072248914446952,0.985461789109653,0.7735286855688243,0.6319509072169177,0.3940491628389542,0.19333226713271623,0.5255883138457971,0.2056896499728113,0.33271012116819393,0.8104494499404618,0.4861463942027743,0.46659503472883634,0.35259651306619244,0.5894492074580551,0.5689388965256794,0.5619969639013653,1.0445676629174028,1.2475986869483773,0.76387736490326,0.5423783429005102,0.22355984921459826,0.1238048644459726,0.061235149901938346,0.055729024840597274,0.059535196675923,0.06930158330142633,0.14631998914703837,0.2240123365970106,0.2616824961679436,0.3561446043479032,0.440316185632212,0.5281978434328274,0.5898597385099931,0.6320521951031314,0.4748072065172306,0.2568117986015187,0.2182406862115447,0.21171105897269848,0.24248225939106138,0.2702176736659201,0.30541566876240545,0.35985886329804906,0.37143192133005587,0.4193477168533308,0.38972630362270144,0.3884672637102454,0.3671566884634204,0.30648844083270577,0.22890967407997725,0.04543284993271751,0.5914208527402729,0.7961334340882676,0.8905244240574031,0.8038261923595271,0.7059676089601468,0.6093323821677734,0.5439767564961291,0.4785000175318461,0.4198262328995004,0.3434659875400936,0.27875539383859516,0.18902237366519148,0.07630006098478082,-0.10811350925034247,-0.32036024457009155,0.030876123785555043,0.8227488840287093,1.0162172239323988,1.0296709206658266,0.941538465308692,0.6009660383980808,0.6970936914646955,0.6403810654562379,0.8994936623073035,0.0,0.0,0.0,0.0,0.7699634288143007,0.35654853345696463,0.636685274937055,0.3247580403827365,0.8283324769653357,0.9636576029223403,0.9637850263157528,0.9018871975261947,0.911962135768684,0.9233296557575696,0.9162792738613841,0.8584857589989463,0.7495652528147363,0.7797505532069833,0.6757087411042297,0.6132188784615944,0.5686947553404706,0.547803700190856,0.48859608291550677,0.6303152109289025,0.7742557387783376,0.8848374015469709,0.9133724877187903,1.0387674881566569,1.2739576693538865,1.3790717426753494,1.5596433823799125,1.5563379673129993,1.477753018190456,0.497178930670154,1.369421717446707,1.279826557705043,1.1294958520182539,0.938871225402527,0.762883329740447,0.5160386127282682,0.6527999098683246,0.9050673437720966,1.1185161789431777,1.421741746504429,1.6306416168728095,1.6632679212658286,1.7304659367170134,1.5806395490589409,1.498021721858383,1.3392244685606927,1.1831025211114858,0.9522922223636748,0.7665286091243703,0.5599490568591052,0.3927422427199694,0.21930706438143377,0.11162170378485395,0.6420850718566317,1.2689723695769453,1.458722831579676,0.44469135560194484,0.7444457529330502,0.9591807924918886,0.4559906716083022,0.7705550836947355,0.627509119486394,0.3431058038972922,0.4408063036881928,0.7398862616996942,1.0819794935630096,0.8146497726391774,0.025441731718828242,0.2595652708589903,0.8926309177967574,1.9643687637641918,1.680580836493512,1.6216866395566525,1.2735621276727418,1.0457048850255701,0.7769995800613101,0.5115294168151812,0.31992349640769446,0.19640046515549225,0.10285056273649218,-0.04456647865555374,-0.15063745997191724,-0.23515681537698868,-0.21400094713552276,0.17953046685073543,0.9183085833451123,1.2260457077953453,1.1827913299283244,1.2769333637382116,1.2548259411455798,1.0494628578342042,0.8271119741198463,0.6492014837260924,0.32958553251932243,0.3765528549689101,0.28990801741826644,0.16967032853600217,0.10579197185673206,-0.025246843480366543,-0.14565498542187733,-0.11777859509285121,0.28750743938852125,0.8448523931893466,1.0807029463492763,1.1578889019312637,1.2021355420349,1.309558695284808,1.172100761953745,1.0564651907778693,0.9207816146283851,0.8426469550572022,0.6924578540246609,0.5717677956646647,0.5017148329261134,0.41046282687589264,0.37016416488520576,0.4527451185560078,0.7338820024675182,1.0362300571573972,1.1525725155145037,0.0,0.0,0.0,0.0,0.0
2025-06-01 17:57:00.322,0,0.0,0.0,0.0,0.0,0.0,0.0,0.5584105420383731,0.41967184658310597,0.31988796480603143,0.23671876942283931,0.10612932174945522,0.0003428460081916773,-0.007313700372277632,0.020476104065701217,0.027535060859003035,0.12518292045165635,0.2173952566820639,0.2650041807931123,0.2998546602352334,0.31751031640185023,0.3113269727532453,0.27731462115646316,0.17259292201684023,0.10044842349600358,0.02753758497858605,-0.01894080045098645,-0.05098778829479733,-0.036357928003936335,0.03651223157838057,0.10945563712015649,0.15548387897568516,0.21528281137059802,0.37358453974185446,0.2553072055294898,0.22202296949372363,0.2166988535884566,0.19115419266845213,0.16508316535949719,0.46645596816990426,0.5597125850201934,0.5392336516814006,0.39839690761474267,0.3346602285527316,0.1917154452881853,0.17653869960103719,0.08784236743953877,0.020327023939700206,0.020630511471717128,-0.06011874033824416,-0.06173811746422764,0.10114141722168868,0.04053357150179776,0.27369636312354356,0.5898553645500937,0.9842655506901777,0.797613760810181,0.6829895508943834,0.41814587937649783,0.22445704226463548,0.28034505494510936,0.32024743612222817,0.2941627744595609,0.7441677255842971,0.34758088424944966,0.5672009702663032,0.3387764518132722,0.3555241476436342,0.5739501069486467,0.4488549552785158,0.9592354395058551,1.2819249953470864,0.8050544478612179,0.5712603091937376,0.25398963169578814,0.15119354073649416,0.08316273193934398,0.08586747866957767,0.09192930620006234,0.095966685401212,0.16552251226891768,0.25492879249354483,0.2968956308406274,0.39185807179191745,0.4658600425158683,0.5529721561137049,0.6270265562526919,0.661094215180899,0.4666391175440859,0.23722308788020985,0.21159642426234382,0.20516262337844937,0.2591789770866575,0.312581710558975,0.3336688587470913,0.3884156789377007,0.40429515331685817,0.47569835914818276,0.42292684306162154,0.42118420393301437,0.3926769995488989,0.33696355293054125,0.26183204308380365,0.04707600951400384,0.5697603171263973,0.7919495267088085,0.8996023460997584,0.8451486108385315,0.752206408665588,0.6416714299124491,0.5807253942528536,0.5111527590071048,0.4577464685474284,0.37607187933957276,0.3124149454661913,0.218845574986958,0.11334179860816573,-0.08321995331387233,-0.28427070034399654,0.03678681415241869,0.827815932204602,1.0275626120778565,1.0484183978793757,0.9550866956380974,0.7157966267238438,0.4994133110183236,0.8273908195136732,0.8650614514944004,0.0,0.0,0.0,0.0,0.5743562026844965,0.5604582967466463,0.6303504365791344,0.3135004976697169,0.8229742336872914,0.9666591082783589,0.9715758994066923,0.9235282131453074,0.9244480879785397,0.9489699588424674,0.9339595550127822,0.8690984670549735,0.7574922932627959,0.7867241875280544,0.6715174790074292,0.5945936555039761,0.5500526243577519,0.5065883669925197,0.4292523607860667,0.6008644839628994,0.7778431481602294,0.9047631648039354,0.9425119626762439,1.0710284541191357,1.2893949681346284,1.4095624419833053,1.5699063164288525,1.5418715341425713,1.457607258525983,0.492008586674257,1.330965349593959,1.2359818304858412,1.073889043022378,0.8906695908666459,0.6995890610256887,0.46428963038902843,0.6870255024766451,0.9702396983511676,1.1784289747462289,1.4719854129707317,1.673429603509673,1.7010351985699093,1.7411548930316498,1.5802673188521148,1.4871216240766616,1.3148654091917233,1.1514590646191971,0.9241723893233075,0.7306858851843322,0.5193192413309953,0.3564502049172067,0.18512228923593588,0.16421009380663412,0.6964944521988634,1.3634929055590925,1.526487384309179,0.5229093520934678,0.5182462516639718,1.0093697235239119,0.48867606936180286,0.6243980340099675,0.4355192605834116,0.35974550846598324,0.4945465644656892,0.6988467938196766,1.1409340519586522,0.8757282878361962,0.012132528180719249,0.31295499545571875,0.9686959187487729,2.1108265524697627,1.7516469946929087,1.6789301225165851,1.3230915990649268,1.0402059720331487,0.7930206941111893,0.4962496143043629,0.3037047168092557,0.16582747484118165,0.060734950406280186,-0.1068836332289671,-0.1920674881258324,-0.2547070578851124,-0.18521698620124655,0.23865511431893255,0.9786320600214624,1.2873490373822019,1.2505347655415595,1.3347282639033389,1.300859801380324,1.0674304943507225,0.8348455615606161,0.6411719266822693,0.33586364737319085,0.3500302990354991,0.24449161797159835,0.11711969183864279,0.051423641225564976,-0.09292774049735264,-0.20986766326940925,-0.09357922068458246,0.3603594436272038,0.9442097097336959,1.136729459611616,1.2172152995084726,1.2359914426768583,1.3324314776977753,1.1839141534449853,1.0578877178730939,0.8840101985655153,0.8110162787044157,0.6485106031075809,0.5255458363610266,0.44428218106090767,0.3449078843796428,0.30355587791172534,0.4380238485212073,0.8075305689537716,1.1551134867912292,1.272761799381039,0.0,0.0,0.0,0.0,0.0
2025-06-01 17:57:00.327,0,0.0,0.0,0.0,0.0,0.0,0.0,0.536272413340147,0.4071791850796549,0.29682702272726036,0.22537267927968885,0.08502783638585987,-0.011933956353623043,-0.021562658015314762,0.008302913930853917,0.03085468357887733,0.11788418161808767,0.22570407711238344,0.2688092726112823,0.30756240047237865,0.3296245391823337,0.3307079207496177,0.2890694124520153,0.18261206456969437,0.054590124078939595,0.0054744515750526634,-0.05748238050652443,-0.07902676796478159,-0.058958761313269825,0.01982725854178713,0.09433137322351959,0.1566666290109251,0.23259518434077187,0.44945019987642254,0.2773460280481924,0.24752209575978962,0.24869434509452462,0.2177365559927119,0.12858889947999513,0.39723607993321847,0.5111308382625296,0.5052028059440073,0.3663351159997348,0.3360842057404374,0.18039497198473486,0.18626353881520763,0.08116121585186664,0.04645215709723616,0.018764723984618037,-0.047021416201532884,-0.038639296473822915,0.0793929447400416,0.061124585275403764,0.2720408173150452,0.5765217194996151,0.9819645387808932,0.7809508057018982,0.6722546813086118,0.40968047481922687,0.23395494915909376,0.3173862548116047,0.4886615571793784,0.30292603940545587,0.6733796464875842,0.4256203475450351,0.6343076918764533,0.427079064137869,0.2761176522103508,0.4801704082879187,0.20560743856873162,0.9267687489894625,1.3104355200419673,0.8114330930653407,0.5488972384503987,0.24303283716989021,0.13100970354540742,0.06349644701003188,0.08075108768268757,0.09219624907133217,0.10621968615784594,0.1666817752727665,0.26683060323959396,0.31043045830601557,0.4109632290666546,0.48540797357859966,0.5814152342230443,0.6460696674949198,0.6911830026691868,0.439114949552277,0.21368492132659778,0.17758196341567278,0.18987802931564524,0.2608656624377148,0.3060835490802307,0.3448344483386818,0.4015351360093713,0.41844642360769435,0.5330828241526651,0.4501703184370036,0.4277047913611053,0.41312025835842936,0.35164316161524356,0.2763293310620248,0.045013458488558034,0.5463908661776747,0.8068173207318615,0.9143221297102766,0.8568581723112885,0.7588910764479782,0.6655139401647252,0.6058597246099997,0.5414387949596384,0.47031149128200656,0.3996419812365055,0.32657003353555747,0.2411234717262114,0.11623758223109348,-0.08076588205299395,-0.27835978890248236,0.059359698276499784,0.8587543054411332,1.0512936481401578,1.0792215296126517,0.9818991258245939,0.6869071417374941,0.5378016412399893,0.8195998264570981,0.6517127499058,0.0,0.0,0.0,0.0,0.5352223910651167,0.5407938730244073,0.8041662316047656,0.34736319643918756,0.8634629078857345,0.9970920479330934,0.9980223928019711,0.9581888626226774,0.9509025877750299,0.9711362457109913,0.9538669352899656,0.8788716614960883,0.7392145897395324,0.7754301036278006,0.6408057446443514,0.5625065628331483,0.5088752168647488,0.4601207821424041,0.3709326511944377,0.5968648070271103,0.8282970880673133,0.9555729199879603,0.9806440352231276,1.1108735859929304,1.325044895835754,1.4250472977688688,1.5717221607651162,1.5256102415278978,1.4269522412460913,0.5901457141208739,1.2783223312858798,1.1548535831008482,1.0048434239252984,0.8105823914153542,0.6306858763145367,0.41142685117871053,0.7649792072269791,1.0709878218755766,1.2549461044636279,1.5199926482143018,1.7158914324288803,1.713624453238648,1.727531700803576,1.5540061695507246,1.4380790724562162,1.2644918352119832,1.0825966119971144,0.8624753476629462,0.6582638547476564,0.45375084413690575,0.30029112215402487,0.12482065488489182,0.20184754463302365,0.7754872271087373,1.4691106971359797,1.580467985119249,0.6885850850395687,0.34058125161478714,0.9578418511417287,0.2405422886126073,0.5940596063856403,0.4562070821314359,0.36280249497155576,0.5226473270481908,0.5556543177559533,0.9445453492034739,0.706319401922366,-0.015825820538486135,0.3461554348687654,1.0341830301714985,2.219829852545448,1.8294307929418825,1.716984152299573,1.3191908763765485,1.018449742582112,0.7507631224502913,0.46203134201965645,0.2413220533927256,0.09419624821630901,-0.031102368531118474,-0.1836862844386865,-0.2737467162226228,-0.3562082594953102,-0.19310633506633934,0.30796646058029126,1.0786902923865738,1.3439413491749617,1.2874628270855122,1.374763512839702,1.3300795759062918,1.0623672908989787,0.8228746173487276,0.6241598661308829,0.6036035790727307,0.2927259688393975,0.1905863361788287,0.07385731211002855,-0.024731733131433398,-0.16945465810478633,-0.2810810602926744,-0.0990140810575631,0.424513884157997,1.067637641786725,1.2188745189424273,1.2565261796017677,1.2895488465633422,1.3666657721398376,1.2202919036743483,1.0553086854990252,0.8660750215697528,0.7737583165778561,0.5958083640638079,0.4587540684624376,0.3612118657949146,0.26850658958731966,0.23404848190428407,0.405829144078057,0.8367867386515576,1.2824354785948309,1.3854445797870854,0.0,0.0,0.0,0.0,0.0
2025-06-01 17:57:00.331,0,0.0,0.0,0.0,0.0,0.0,0.0,0.554204450236663,0.4218908386018779,0.31919767450199477,0.21799225810026057,0.07092926879515737,-0.005611978273405427,-0.007299487662746795,0.0247195388602659,0.04252983536937738,0.12487171821986354,0.2336327596169417,0.2830458085078451,0.3153213483493324,0.3415616306801518,0.36801651693530807,0.31608576467609323,0.19100179695671776,0.060565908662172985,-0.014210467806402671,-0.05344265352763122,-0.08851507250124557,-0.04435313928401108,0.04787175420496936,0.11537604477550256,0.17858931913047393,0.25916968264855567,0.6547136393602673,0.30765053509690843,0.2821163321137134,0.28101204825322357,0.2425917817069682,0.13014266079720938,0.34798747035771377,0.4961728002218825,0.475001971240968,0.4011437686628818,0.349275921259407,0.2095144585058224,0.2288329414329553,0.1079038371098926,0.0767223230917522,0.028568393598461084,0.01578506793896417,0.004531623441099586,0.08817099449837995,0.07371551631871393,0.2809384097769626,0.5497349746125924,0.9964534113171163,0.7919617682039892,0.6527174796234233,0.39364142223197995,0.2607872301994123,0.44081226123328804,0.5660781960864572,0.5718924240528882,0.6241219835066292,0.4130591334900303,0.391939873316551,0.33730822654537673,0.3475472512064178,0.615554501387736,0.33040153374293824,1.132764924614588,1.3084762691937997,0.7940083436195309,0.5260478546649661,0.24257312015267551,0.13597985425352044,0.05908714765764067,0.08310109963610324,0.10756360644364493,0.1263208608630828,0.19802199250511965,0.2956528281454245,0.3372491991468449,0.4362291532795547,0.5162225983161812,0.619587952930799,0.6816530897830385,0.7020121842786915,0.41561881071234325,0.1513114119089377,0.15473439448954118,0.16964194908991437,0.2627405564636953,0.31899530574902624,0.3573854304403399,0.42313115524800415,0.4425078932204469,0.6129074348916383,0.4777023201658086,0.45397490316062494,0.4461877900667822,0.3785571058059224,0.29709476174125676,0.023417070447609434,0.5166470490264244,0.7969378436177194,0.9161669250166389,0.8786849636186129,0.7740634425596029,0.6870160532542278,0.629607995505459,0.5680931840359547,0.49923050603457875,0.415101669338906,0.360640607848586,0.25661961927098376,0.1288780919485999,-0.04837849871317346,-0.2502678403049125,0.0422494425611335,0.8598518850788189,1.0493779178467058,1.0847731472756756,0.9874983121740448,0.9588332660780006,0.5049428318875842,0.8195998264570981,0.8171783660347165,0.0,0.0,0.0,0.0,0.2556774310785318,0.6543095985232139,0.6202173336829152,0.34202786355212345,0.8662403167462549,1.0006501472759677,0.9975456983392701,0.9742548962477732,0.9621337884336747,0.9899513312888473,0.979874119007563,0.8971225598662973,0.775353116101412,0.7852493026391398,0.6391817539126141,0.551821115975204,0.4962600571325886,0.43531529069964264,0.31714517573211903,0.563875638496256,0.8455220869169785,0.9838962268573024,1.0275253127677548,1.1587222396229868,1.3614407978655059,1.4629637115426721,1.5968310913584811,1.5349940600657213,1.41635001141258,0.6396474330769697,1.2549940112569908,1.1414631323444335,0.9742807447348301,0.7626279416841356,0.5841567352654086,0.3454545172958355,0.763116327886388,1.1226166688658286,1.3127672768105518,1.5931544967506241,1.7603051234410945,1.747474059132929,1.7376697757185093,1.5583800857682768,1.4337188602372462,1.2537578530387141,1.0681544847088293,0.8327860463599684,0.6249362422358601,0.4246008133371683,0.26222574779900143,0.0975738675164164,0.19052082145834345,0.8442514531570343,1.5559730177335633,1.63960951089617,1.038741840143872,0.3871349605984601,0.9911412697545726,0.37453480752419055,0.5451761120529639,0.3618845790202059,0.32976834396067106,0.5606570366713155,0.5659411676406627,0.8406129709392531,0.7867491192967909,-0.03677282768630008,0.35225550989932325,1.0675670027128223,2.331511805574046,1.9112821449026007,1.7614337232460469,1.3684253166545206,1.0337488241644321,0.7676655534093366,0.45793569036823545,0.2241569467145088,0.07627433225202362,-0.06836286403415093,-0.2029933145221945,-0.30300086167182516,-0.3827997396661753,-0.2081498668216158,0.34682705711774336,1.1588307459875884,1.3999878067224034,1.323790031979714,1.414354825907981,1.344176680271387,1.0818646120692983,0.8311660575898145,0.6205570275461485,0.80664838177076,0.2738968239986279,0.1596886307514258,0.03711232983263257,-0.0650523933082161,-0.21881850202428,-0.33142739601169513,-0.11340710425420458,0.4614311618235382,1.1461459832991874,1.2721608803517972,1.2922965153450967,1.335815648555174,1.3907510407163595,1.2523478062787263,1.0801961803410243,0.8607127659583356,0.7558292185846711,0.5804750449026641,0.4351655777578831,0.3371331553014767,0.22126822338393926,0.20571785428498746,0.3942505811432943,0.8471870614694345,1.3233039966227929,1.4722275904786526,0.0,0.0,0.0,0.0,0.0
2025-06-01 17:57:00.338,0,0.0,0.0,0.0,0.0,0.0,0.0,0.5354998697282162,0.46900823169624506,0.4143131927578858,0.33093519403841154,0.18928922808609705,0.09253905735435819,0.0753249080869457,0.07243010828127561,0.08158454794404746,0.13715663465646044,0.21683069454682208,0.2649189177585406,0.2784285575868963,0.2980060097183819,0.28455611175196815,0.24194074952997086,0.22207258071303587,0.16884911875895275,0.11073124527017486,0.06728176981477618,0.0019428177711622308,0.03958058026956146,0.0971499581135098,0.14265245948050476,0.19138289551542265,0.23997947137609454,0.5341276896108985,0.2701319916464052,0.22410311386710352,0.20837386887372697,0.1737387340063078,0.1928158188366922,0.4979581629915671,0.5968930964082667,0.6021550485631358,0.4991093989814248,0.41159584606951705,0.285408499503085,0.2651894838552278,0.16097287803185312,0.07164418490845614,0.05004555360709251,0.006507292832796829,-0.01779919788478035,0.061093700499947556,0.051167260973167705,0.27222528496857606,0.6111256659469027,1.0767911032619857,0.846760364141487,0.7198031448210985,0.48397800127731405,0.33665629106246087,0.7107757241113835,0.5660781960864572,0.6186757519926649,0.6716313491177982,0.7008601500562038,0.3391030082409927,0.38509365499977943,0.2471123077505732,0.5079252245485758,0.4281002705510384,1.0982492815168305,1.3284987651790394,0.8312038508752689,0.6058898898171077,0.343881320657754,0.20875468696351906,0.12534191915215098,0.1327209784077552,0.14750564605793626,0.16460616092934854,0.20816803242862303,0.30066244779695195,0.347245303832576,0.41972734807754664,0.48269128453874144,0.5699783822232907,0.6269288805626997,0.6592488717428311,0.44563351689275893,0.2699771167859798,0.26463376594987276,0.24673310856015984,0.3213165788672103,0.37458581156202886,0.38897047038140764,0.4382899863315759,0.45538557909863386,0.5341063200573388,0.47070326828049214,0.42579147013969243,0.41201152081278225,0.3447968088003631,0.23504843903693068,-0.00603542140093144,0.6221446358040316,0.8849507393618133,1.021301565480162,0.956241486697772,0.8332471463522746,0.723121588650715,0.6500202868586582,0.5809491838749294,0.5053175645739876,0.40889696520675445,0.3451375923017945,0.24012747062434459,0.1053573320937442,-0.07367350230491443,-0.2824722766920124,0.08937929744773088,0.9184150474963134,1.0984491222152881,1.118936435221749,1.0235884405136026,1.0838654757228021,0.5086779324366688,0.6845643766064662,0.7635689531930892,0.0,0.0,0.0,0.0,0.2556774310785318,0.649578801373089,0.6444838292684651,0.3250679774555627,0.8692027673133635,1.0119375147701075,1.0043330640145716,0.9794576335173683,0.9869433838499126,1.0053232776668317,1.003991519336806,0.9148462821364776,0.7981618381088191,0.8065436815250262,0.6660852982421799,0.5658906969732076,0.5003240848459003,0.4313700712523944,0.31083835541038213,0.535243191199815,0.8330513211391295,0.9792777167470779,1.0380935693092717,1.1697619050686336,1.3704283887101523,1.489971188231824,1.6290800028219543,1.5544602674716506,1.447819466684565,0.6587821801187261,1.2856652361475902,1.1672519494880653,0.9942972158862067,0.794310667584362,0.6127519683059993,0.33842954522914426,0.7254171842414269,1.102389469779339,1.2902221617878782,1.5652257424946778,1.732740334208803,1.7469679739534036,1.726669369676479,1.5673400763336962,1.4549727754582906,1.2720764692597921,1.0883332695215469,0.8621488772867062,0.6648909634647181,0.4638640075295241,0.29312596528802803,0.13814923847182142,0.17838339337469597,0.8013041263912078,1.5107781416055914,1.609315179994128,1.0684523863164026,0.5541752071242477,0.7878577722885779,0.6102865970127348,0.5170085352895308,0.49973145715521183,0.4896167953340748,0.5069167758938189,0.7055447052043698,0.787747693080523,0.8240132228735889,0.002082665735090694,0.3476980416157797,1.039875836131953,2.295054187144275,1.8992356213264168,1.755015029852749,1.3944717786901895,1.089448379039612,0.7952863865379949,0.4950508993577569,0.27971665813295776,0.11149672277374445,-0.024795974663925024,-0.16500318658721114,-0.25990518432175636,-0.35763408010976644,-0.2123836356933883,0.29512858169961204,1.077583355560296,1.3455269247567148,1.3002354824470337,1.3867428750019752,1.317421509896427,1.059472909910757,0.8610141403818126,0.6440799482999913,0.7146790712533414,0.3275689251878098,0.21491085058708004,0.10265442176788087,0.013041309914401222,-0.1326216487099834,-0.22420882286755406,-0.08411408451570779,0.3432669805834165,0.978678298846615,1.159210691661489,1.205823094125245,1.2755304222314872,1.3478923422686133,1.2349191660689982,1.090831568968707,0.9051961910933752,0.8021001059941246,0.6445281197314798,0.5068167322916366,0.4307415331123521,0.3204750383968521,0.2930058475168721,0.4298273190394863,0.7776066041941697,1.163688573987152,1.3554909962313084,0.0,0.0,0.0,0.0,0.0
2025-06-01 17:57:00.339,0,0.0,0.0,0.0,0.0,0.0,0.0,0.5488789963365294,0.5369675126135284,0.49551152356993966,0.42115327314485806,0.2612908242937485,0.1465024555462625,0.11124886460439065,0.09334337912565538,0.09331856109166703,0.14375545141985813,0.20686572520119523,0.23592397242032181,0.247957533775727,0.26385937062752346,0.24480857240204024,0.18885036573045172,0.22706123062306777,0.2389407483661659,0.18160196472598578,0.12438447397730601,0.06184423970513109,0.055780674585566015,0.09906044982913942,0.13690193397968775,0.18246216142355776,0.2166455719757896,0.41135680142648623,0.2241011827774989,0.19546686792516405,0.16982494483521218,0.12057743721233286,0.22904954422834384,0.5830228718402752,0.6710368937097368,0.6413915246699596,0.546985049574708,0.4536602612889815,0.33531212826922685,0.28251367440716124,0.16612355064254247,0.08545684738546977,0.03094189542504322,0.005237337989244528,-0.01608968624869056,0.01968457299326548,0.04991086726147892,0.2546220701879148,0.6995780269289269,1.1732039846827709,0.8935114972317468,0.7392275909701039,0.5070094109777004,0.3529305813743857,0.7293150632184155,0.8881961059626367,0.4485676536013284,0.7203909298780216,0.7812639146427056,0.2853543424330961,0.4486381623713066,0.2929422166765231,0.48485822893415786,0.33414518277727256,1.0592309646061062,1.339486021086875,0.8478645311085159,0.6202092691847241,0.35803014481018725,0.22838244736413982,0.13567254233275094,0.1494547522671672,0.15765794144446366,0.1660962477663206,0.20121745541186753,0.2932203759361174,0.34136528954247525,0.4036954159880203,0.45701130688999125,0.5374497915139953,0.5958071154745068,0.6210104722018788,0.4353505268513321,0.2770555909328508,0.2922885628762839,0.2639921468732249,0.3308528678766811,0.3934996410141953,0.39316838026044865,0.42667314038864323,0.4450984672806113,0.34285383362569594,0.4492565265956321,0.40671060254861924,0.3802346945138121,0.32605512242121515,0.19173305709174665,-0.027567618404179095,0.6777702543803503,0.9426853479895724,1.0583936097928217,0.9978821118182168,0.8521834299071351,0.7395161765608746,0.663252744669113,0.5749832944601239,0.5079343853374574,0.3996269896043636,0.33536089392405977,0.22418187405511203,0.09154451801635721,-0.09111690946624895,-0.292200546360923,0.13046780437314426,0.9635826159361435,1.1336128803789547,1.1465626285416581,1.042319509221619,0.9664748259784572,0.6789690421372887,0.7227788673901525,0.7477376305400659,0.0,0.0,0.0,0.0,0.06556196088421679,0.793658249812073,0.6396876032432026,0.36290478050166564,0.8896904685089322,1.036413485072281,1.021335796275193,0.9993119290510267,1.0013484225176275,1.027276056734262,1.013353285682669,0.905640005869059,0.774531510009909,0.7777242980692778,0.6395940135981935,0.5271416155607325,0.45977069923321867,0.3913155832338952,0.28556663447270375,0.5572677397584498,0.845151396783662,0.9853517487294978,1.0418189832266815,1.1613285969622544,1.3441181365004045,1.4688712416961711,1.5869561381807262,1.4916454783270023,1.3964795825360812,0.641071974920641,1.2509955238453188,1.132367420864611,0.9717969562853868,0.7908114028857017,0.602057104689723,0.33829417931218747,0.7047663724182144,1.059607067563626,1.2331358440669606,1.4863186519560385,1.641215263619051,1.6580728537223626,1.6372223506634493,1.4915773974824085,1.3879666908394146,1.2232043688291685,1.0442876731307917,0.8406750113222593,0.6563539473974812,0.4731410354297774,0.30132463153693445,0.15219997366529497,0.17136931309605077,0.7652711815078528,1.4529325111885396,1.5445337301401865,1.0981629324889335,0.6091396401372277,0.5897457993717828,0.5818707502237204,0.4453644862507498,0.6068006988802327,0.5705933454530376,0.5835101344747475,0.7212049188349026,0.5222779077492642,0.6693459213294747,0.010575228718609386,0.35280689294156403,1.0165104894448609,2.2741555148504977,1.84863218252253,1.7331077639951658,1.355999564819324,1.0729817871194578,0.7546791684153065,0.47669792584053305,0.2712648188390576,0.11314526445818718,-0.03658140221324868,-0.15134550284465087,-0.24202385921594805,-0.36118822481694984,-0.22180043125829135,0.2577679570699422,1.0488123146336399,1.3159733540926268,1.2724766355906565,1.3533380186098412,1.3129827140442558,1.0733814176685508,0.8755024394523592,0.6622665871721998,0.9347989009192864,0.36460837299299764,0.249208219316293,0.14352944385209132,0.05187728066441821,-0.07829619575752866,-0.18668510661996435,-0.0930364295230337,0.3111574731546826,0.9283147030650114,1.1429833298547538,1.170702578979443,1.2856830943402533,1.3657054396015607,1.2506224269792745,1.1161357722208418,0.924431318752694,0.8424124197395904,0.6814744732954605,0.5452772152742973,0.48069508180275955,0.37432721391587875,0.31695923769100354,0.43733440009386454,0.7564639680242081,1.170972321332557,1.3289814453486037,0.0,0.0,0.0,0.0,0.0
2025-06-01 17:57:00.349,0,0.0,0.0,0.0,0.0,0.0,0.0,0.5715132007438221,0.5919566821330705,0.5493928219628037,0.48070360371857934,0.3084731769860941,0.19751035445024334,0.1473295356774914,0.10129383662970048,0.10744594717282374,0.13502470876094974,0.20403643567009916,0.2221205956519472,0.22511477270559027,0.23694767549903084,0.19843093539377382,0.15377721583739307,0.2714600243660218,0.308105934732856,0.23799076733103952,0.16440080647322264,0.11165437525894273,0.07782727372153153,0.11120996451599052,0.1391302977242015,0.16898851298242934,0.20333797041361024,0.4838989226478184,0.193565889051176,0.16654380558650644,0.1333282297375872,0.07526115287069463,0.2896838585006905,0.6351848771746129,0.745519453841509,0.7222580314317267,0.5921126749630601,0.45229294182440616,0.34877371609644925,0.29044821237464524,0.15540986219561437,0.07372839089238004,-0.01616014451317349,-0.031897384925619776,-0.02738310449733128,-0.01142986885205588,0.011708305884028769,0.24097219209337123,0.7449117082376768,1.1909843499177168,0.9445922415569243,0.7504681850756948,0.5486094028575779,0.36163688775970204,0.8654179571776028,0.7947237351208833,0.4366144921375384,0.8351327032499885,0.9256226937067933,0.2747058375842365,0.414777444072871,0.3602710728493041,0.5446555057353408,0.5700265431991863,0.9002135673244824,1.3177070614140227,0.8379026608486925,0.6060643080946875,0.3801796486565656,0.2376306324831432,0.1507560599986577,0.1562426553606724,0.1672668032348248,0.16774820709178107,0.19957779144505983,0.28319417869953445,0.332408558246833,0.39448485605761807,0.4381933653537573,0.510314260702152,0.5423636482417268,0.5260021597343183,0.4256069897383538,0.3261491390701591,0.3523142760793916,0.32064933186539224,0.36121709745809816,0.4033120532286145,0.40734267554736503,0.43256731799125303,0.4448181936772728,0.5915473893191434,0.4338048389009437,0.3774565461175209,0.3569921085627662,0.28312533479847823,0.14751752095116694,-0.005026681249539228,0.7774651846155856,1.0270064110278811,1.1384380419398417,1.0319554524309746,0.8646910262667544,0.7542352436206945,0.6765666960400494,0.5832468255847805,0.48968974756115036,0.3831810688131845,0.3078260445665144,0.20197733796441453,0.06467034555659179,-0.12241566034221396,-0.30501992564996,0.18329219126422397,1.0192359561143611,1.164775236359237,1.1728271203466902,1.0686738072875086,0.9597783631333334,0.6456426666433166,0.6170508228309499,0.7903364689247092,0.0,0.0,0.0,0.0,0.3194334476687746,0.6746270370049552,0.6513670872602109,0.3994639619964443,0.9265124635640674,1.050081353312976,1.033849663898445,0.9944266335434421,1.0105003601858351,1.0171286070283678,0.9964623308691309,0.8935946281095131,0.7412316308913751,0.7503668415954161,0.6089837092712871,0.4940626083754529,0.4258480165013796,0.36455582843861095,0.25469738724440383,0.5550436798628089,0.8558676975825052,0.9964514809599314,1.0487759867872044,1.1558050699603104,1.3399858329528802,1.432033526277754,1.542759741141924,1.4647771426900291,1.3681635723464323,0.6147602947514501,1.2273206726153791,1.1024624419672682,0.955128458175633,0.7691949553553327,0.6063132902812991,0.3404970324032376,0.6894151487801446,1.0323214888044485,1.1943425188234422,1.418455676750958,1.5789709831952,1.5982299031467029,1.5816498875417246,1.4535279161629864,1.3419690784085674,1.1959982588742286,1.016372047578515,0.8197778252586357,0.6495773745061094,0.4652100043045368,0.30249212189883445,0.16014376853705148,0.16352399910891716,0.7561774870725987,1.410461142486767,1.5007657050536736,1.1278734786614641,0.7017956594525586,0.4898535888000488,0.6946060392694692,0.5948488101650027,0.625048466563412,0.5168068918763404,0.5274774702014129,0.9306200207472523,0.46333595107679104,0.5199034424401684,0.009727058708118352,0.34861621209094534,1.022519617048105,2.269888833135231,1.8178266718428928,1.743149012823347,1.3356538207477922,1.1139206936064567,0.7367850094405775,0.49820495337339454,0.2958727781079007,0.12532253570289886,-0.033282886326877925,-0.13241563106070353,-0.22626183597743088,-0.37222416000008884,-0.256209260073878,0.2156652392399246,1.051794524881038,1.3000730823965942,1.2534077154791081,1.3483909518772235,1.276152591642836,1.0761160207587857,0.8723180890395266,0.6761523846886954,0.8949300002005983,0.3912932858691338,0.28470395787493996,0.2046028048558799,0.10562732729867108,-0.013940047407443146,-0.13840661899075224,-0.12862584160598584,0.2580407985870205,0.8528159199241958,1.1025005004216628,1.1329273922788174,1.2612384513936725,1.353359761076744,1.2583476461112117,1.1216990412329335,0.9526537920666616,0.8803391601433945,0.7151998198378318,0.5911566612933365,0.5336561548006276,0.43223412888880175,0.37222337963478436,0.45663461180784953,0.7247478003882385,1.1332386207086285,1.2677290353999862,0.0,0.0,0.0,0.0,0.0
2025-06-01 17:57:00.351,0,0.0,0.0,0.0,0.0,0.0,0.0,0.58455477928104,0.6311705171184325,0.611629353917431,0.5513360265192019,0.3821969215797457,0.25817727627249776,0.20416464665089384,0.1385283920686492,0.10952330989532622,0.141056687941864,0.18103607390897808,0.207873495967974,0.17979340798681426,0.19503286903292888,0.12860310913322492,0.09272523589516786,0.30140078196132886,0.4037416002567897,0.3282788042425313,0.2419674120425942,0.17713106980924764,0.12316888926816394,0.1414680463917466,0.14414605716518514,0.1528620204426323,0.16352837560618094,0.546340953511325,0.1355595881764865,0.10809551114745647,0.05992858966389522,0.01881036981344464,0.3630910402994401,0.7656178925647841,0.8359060403716495,0.8097382932500384,0.6395195775816858,0.5000483215945364,0.37642528312185575,0.27363614453744556,0.13739483239720895,0.027248026799130853,-0.039406654991117396,-0.08599698121470556,-0.10005802156079413,-0.08158149745683985,-0.012296882571594892,0.24443936911344583,0.7750447339510638,1.258370328440745,0.9887178916610797,0.7855252420161672,0.6068490756415754,0.3726100775003971,0.7665415027829079,0.5423688809386236,0.6359125301711694,0.6630837040603402,0.9426480369329824,0.35302513402618985,0.33180451429920166,0.34456317492150096,0.6726040946657388,0.5861952514161074,0.7926402995359028,1.2619648423620824,0.850634905675186,0.6643304007764737,0.4490008001820105,0.28557966010031177,0.179025906694253,0.1853237099505971,0.1694303737330669,0.16799844010929332,0.19632903302457305,0.26561027880981825,0.2967689059513279,0.35747723324656,0.3919635961272874,0.43678671741767,0.44367584830292583,0.41605481116302767,0.4676855212538246,0.40573755053073646,0.46475378468977,0.39496868964609844,0.4045822598527764,0.4250205375577276,0.4194097426674812,0.43908141336132367,0.43130952325673255,0.6968378371210542,0.39532899731242366,0.34385790792948157,0.30520788052789094,0.21824327400219024,0.08439287190294259,0.008939066629841452,0.8992142601477237,1.1284444237705094,1.2307916078621535,1.091471558449243,0.906201423058645,0.761021109081162,0.6745260760415595,0.5686113351685842,0.4680284076592256,0.3554960193986021,0.2736551900183495,0.1503906258216432,0.01908403336236142,-0.17186097520114674,-0.3245700350710877,0.23455770242055907,1.0753283766266266,1.200330473494174,1.1976683989686514,1.07794682565265,0.7914832224174024,0.5973937724197222,0.6157256589124094,0.7673443637150211,0.0,0.0,0.0,0.0,0.5252917604929882,0.9545340321360571,0.6844946933818121,0.42953901022887886,0.9376204666570789,1.0485378752209207,1.0289357439340208,0.9916160396407526,1.0068636300173603,1.012731948718734,0.9807882307470561,0.879294068172976,0.7436800015909859,0.7296224995965042,0.5929507085204719,0.4857594289490317,0.41799058728730465,0.36165823621716314,0.24238867266361197,0.5252643729075537,0.8434629397325776,0.972027544597595,1.038755676779182,1.135075043635129,1.3034382999783845,1.3948394541956972,1.5069168756685363,1.4545954286538538,1.34111174386738,0.6544507262664376,1.2227792585712098,1.1160207262077222,0.964762293579021,0.7935333325194264,0.6264749884430704,0.33645374412876894,0.6262358074510284,0.9593315896131698,1.1104318485720848,1.3486370361782718,1.4961536824748687,1.5210069598131477,1.525719001455767,1.4178774895747572,1.3199320563577133,1.1731768339968585,1.0175315479616387,0.8217083785381888,0.6658916596221028,0.48579619832253124,0.3350279834754847,0.19694632832891323,0.1451928098330139,0.6822555877722758,1.3202952981864429,1.4217708000327205,1.0454494326281232,0.9322805844207457,0.5255142149488929,0.736193355409524,0.8656816176657585,0.7312088261411227,0.5113908053442175,0.5274774702014129,1.0738124968109757,0.5712977478804813,0.6039084703380214,0.011791573094963093,0.3327351674726708,1.0033511990256838,2.1959242811502455,1.7744512079603243,1.7323696383165563,1.3455471684683546,1.12816908951436,0.7823716138737331,0.5122409657201945,0.3288481848893612,0.16406766189375555,0.01106989798864344,-0.07445218720724411,-0.17925772854363742,-0.3108462920042054,-0.29778842781579706,0.13395395231076784,0.9498098628484277,1.2358143531308665,1.2066078380301886,1.3148897008835063,1.2473042347814742,1.0760496398669668,0.8869941994842818,0.6932939551180513,0.622462851665885,0.4634965740860937,0.35309717034537313,0.27834055638943656,0.20276617826197418,0.08486135196811972,-0.049667089340709514,-0.12349749256334469,0.14312220324002106,0.6559255764921748,0.9877038554259805,1.0660175755992851,1.2010835886724112,1.307534820177199,1.2488715186854389,1.1317270591052426,1.0054160121943203,0.9393209018959905,0.8037393197300142,0.6898424670446903,0.6494586146784522,0.5544840567217569,0.46409444965980073,0.48409745142954125,0.6668999646449588,0.9800359497436734,1.1001482230230593,0.0,0.0,0.0,0.0,0.0
2025-06-01 17:57:00.355,0,0.0,0.0,0.0,0.0,0.0,0.0,0.5290908195954898,0.60386003443915,0.6022540901831351,0.5606008568112194,0.42171158887130356,0.28553677319409976,0.22482716486004162,0.15693839864370496,0.11313735045189466,0.1506592432845696,0.17766284439697216,0.19978891252993713,0.1783645922423872,0.17304779335938342,0.09474671966019449,0.03626650782099923,0.2830225556040702,0.4019066821891271,0.34614318673496314,0.23962241715955723,0.17638795761821324,0.11572147500728258,0.135102776398486,0.13149259307475214,0.14163818884774693,0.1529349778136886,0.29305520335074176,0.11243899194647389,0.0886986225052882,0.041961454997658715,-0.02430756108203673,0.34823147455137654,0.7984654450846058,0.8446192727761325,0.839871614556201,0.6153810425762065,0.5038795059469787,0.37756649305473955,0.2444395055558224,0.11099127466873626,0.006000797478478481,-0.07205543176946239,-0.0954057855039595,-0.13041456403657287,-0.09844964835938963,-0.03317233212937115,0.1953264300010102,0.7649931616492169,1.2214060491054672,0.9624958199100684,0.7945900914531961,0.6045666254270148,0.3413774438341093,0.697083436074484,0.7117784241901879,0.4764421383873851,0.9284208800342393,1.0437075388196637,0.6936290178684194,0.2972266534362006,0.29706939645376174,0.6215032112095176,0.7701563470204205,0.586269357145385,1.225951385815495,0.8267729078482934,0.6377544189966506,0.4537646198438454,0.29336186716815527,0.17632352002197327,0.1841798486739019,0.16999181465100222,0.16233728233740718,0.1902175096147627,0.2571602076486805,0.288256225236007,0.34734307269672116,0.37276904038300995,0.40119244973951634,0.40895891544705054,0.35833268368706045,0.43963260862701053,0.4338608745214584,0.4764728533027789,0.41974940840580466,0.4150090727238427,0.4280848350405395,0.42068897543448136,0.4243376587962726,0.412995377793,0.554715483275543,0.375804562800355,0.32275085823200944,0.27624529056504843,0.18479501786234298,0.0496985995306109,0.011283793716142104,0.9422112372398249,1.1479596551253506,1.247549737605457,1.1066954823751158,0.9132064150024222,0.7561170640268748,0.6651986951508224,0.5597939287798415,0.43975048165616104,0.33149147834557935,0.24483057325460722,0.12691299978951465,-0.008936234072906002,-0.21759761332952798,-0.34721704923295194,0.2799755597220032,1.1242585126361506,1.2244001338311978,1.2121660867391366,1.0849414041657988,0.5695758909086699,0.3989124643082747,0.5125385485824563,0.4371227328156182,0.0,0.0,0.0,0.0,0.5484445704816153,0.9236131289431679,0.6941730534664163,0.45878151289057845,0.9619456042019849,1.0624679328040638,1.0379020679476612,0.9939162308297033,1.0083398331591147,1.0128555377691753,0.9834388391935325,0.8771251912337097,0.7322215438652901,0.7269940054874122,0.5907185609235901,0.48033813193114017,0.4003048078986233,0.34480358219295876,0.22708559856210614,0.5230906832335918,0.8559852604330754,0.9817559626251326,1.0306148169612062,1.1357677606028989,1.313033653916522,1.3938582188824884,1.5057384502606665,1.4474152196981638,1.3393425695108718,0.6447205160354108,1.2075110278999532,1.100011820920018,0.9404749408418662,0.77298995297761,0.6064328183438357,0.320528644001422,0.6357478336803726,0.984185504914429,1.111857713995425,1.3551459711514198,1.5061438903574644,1.510036781874143,1.5274983926578485,1.4187072061661146,1.3146538145281923,1.1621924443253477,1.010459748265736,0.8133254308923578,0.6512058815859122,0.47679487456213093,0.329488472212928,0.18855814199110432,0.1584690788708312,0.7083164602391593,1.3308803451989601,1.4485415285402374,0.75264313736478,0.9634056859708203,0.6405203917874048,0.7256134057015134,0.898686038887744,0.8214240330431238,0.4872302381103802,0.4778180565449333,0.9496031616829056,0.5479350470504512,0.6371673044184508,0.013587858957960663,0.3501157332719313,1.0489917210788402,2.2661246295621904,1.8144907302924145,1.8057528149474815,1.3818586243559952,1.1937748790246927,0.8300645298377058,0.5546643946352552,0.34384570023375693,0.1920974232570718,0.014480063283528688,-0.061874642050201434,-0.18398513983864428,-0.3223502790972042,-0.2945464050421518,0.14797498985008067,0.9756608561817008,1.2535940844926714,1.2311112339970813,1.3567762542755393,1.3069561296707006,1.1267054107848984,0.9241762126998745,0.7265202866501037,0.3880772563125753,0.4783659295607767,0.36853880633328884,0.2908515447284554,0.20855329153758972,0.0939274869374408,-0.04988881136933121,-0.15339133354531959,0.09830205654416907,0.662901973179296,0.9937881467834593,1.0773787285136494,1.2119409709996731,1.3693077169884411,1.2845930844361848,1.157419359926216,1.0479724196199711,0.9610238443644155,0.8411959153706496,0.7134210203907965,0.6679791738409062,0.5742084468632281,0.4582429278331692,0.46541173752078197,0.6678081453903034,0.993978284526397,1.085597280573042,0.0,0.0,0.0,0.0,0.0
2025-06-01 17:57:00.360,0,0.0,0.0,0.0,0.0,0.0,0.0,0.5109974243434575,0.5638989579538696,0.5606309059736899,0.5214124860082273,0.40401768010793704,0.2615243407651814,0.2163405035767082,0.14446400797409098,0.10410170425811904,0.14545065459252793,0.1825966677851792,0.20453091978024696,0.18279245613752015,0.17342349127931794,0.11446983156799534,0.020478487151898206,0.25066387796976647,0.3717600334265287,0.30946368537868296,0.19765609291762287,0.15500586633654412,0.09029236986003863,0.11600614652320607,0.11805399917086112,0.12462558291647063,0.15156394459107125,0.3714572230045585,0.1141821783580802,0.09084218103260627,0.055054985365834225,-0.03084872947530904,0.346264595816772,0.7855148805411158,0.8375220836509049,0.8026178149357105,0.606219052685012,0.5107421230421818,0.342493995044741,0.20791331195904306,0.08698211128156008,-0.014889701960330681,-0.07100036442821245,-0.14521415912205016,-0.11502444841435472,-0.10885304037797316,-0.04763361628742513,0.19387893362336106,0.7670515531547053,1.1815244888540315,0.9595879512143133,0.7954091361308394,0.589974043343642,0.3089473835814085,0.5992869133300058,0.6959405434184365,0.5650552251529586,0.8425041692643245,0.6670853258711924,0.7300655004708424,0.33364293620512553,0.34397126018124285,0.4882960065614623,0.8076244660961225,0.7407041364557281,1.1877970850988242,0.8153420730438083,0.5873884973233021,0.4144078489517804,0.28570391422849206,0.1589130269144181,0.16692822712874067,0.14827716336514984,0.15180091746986135,0.19073596611447985,0.250042201977569,0.27107322224930663,0.33909753685606236,0.36816021417323563,0.38848072494430325,0.39246302295641333,0.3042471049422118,0.4275291173401216,0.4364723331086683,0.46586274756915436,0.4208602158541024,0.4177235012914544,0.4110089546610154,0.4131036460191244,0.4199253800369891,0.4006788200002269,0.6960573908433225,0.3614715056295106,0.30462723489944976,0.2583056301216283,0.1630045165298215,0.04390366195665196,0.03387077852610246,0.9656661915610899,1.1692232111812255,1.2442777299469445,1.099766436382536,0.89799454202629,0.7453602884067376,0.6476056526340042,0.5359442541389896,0.4136739495260928,0.3123460245209455,0.21664096428652724,0.09326002588004245,-0.040950933810942614,-0.25108770520358203,-0.34100428904034225,0.32100168215919683,1.1589392047838025,1.2348198838887088,1.2253425019990032,1.081606393513672,0.5456520079336331,0.306736774594965,0.5873922009499923,0.49454548160850287,0.0,0.0,0.0,0.0,0.719079022248839,0.907714998142884,0.8364977964445494,0.5256511757422723,1.0079277257209196,1.0774534421838786,1.0600915868150245,1.0028461981352081,1.0186774359369706,1.0031935999205694,0.9708434814809435,0.8599723982705969,0.6983236461035784,0.6889838562377513,0.5472091858780876,0.44000691303967177,0.3643138385981527,0.31252109430632463,0.20895397629512852,0.5682179226859008,0.8953248682652939,1.0123008996707508,1.0438305481225671,1.143269329249002,1.3114948654353806,1.3793660474031637,1.4770013864676095,1.4212237292750467,1.3012636873637946,0.8676088810543583,1.1648659158658345,1.0465275755579926,0.8935409451917873,0.7222009915423123,0.5656598988341888,0.30257674518454275,0.6658878908370214,1.0001425374796145,1.1245310057294153,1.3636799379762163,1.4955721428049538,1.4936051216591675,1.5092606653098137,1.3754390900310571,1.278488730003502,1.1252414093305454,0.9747985965495647,0.7752983878888625,0.6153220701860324,0.44359123963464536,0.3029130621464903,0.16228668509808164,0.17991780154894751,0.7283999608461588,1.3571776344956645,1.455586943407987,0.6718873436805233,1.0443459117557576,0.7108256255829398,0.5054512636972198,0.8854101604422209,0.7540860689715629,0.3022586774139049,0.5946303274278673,0.8344135251282149,0.43788760115222003,0.5410918850052885,0.0022644175579624726,0.381049531925926,1.1201585308592643,2.3492644213119562,1.8215790334754545,1.8412966393151655,1.3759355144514793,1.1508441745647333,0.7955332103442392,0.5248501302245316,0.273838930327156,0.12391927130895453,-0.04110883914861274,-0.10853013451545435,-0.2443958108701605,-0.35472647696128695,-0.2737752019727706,0.23634075046222686,1.084043396680941,1.2984008511910723,1.2510169632379884,1.394283580289644,1.3234576858389226,1.1324710514579182,0.9001967587561504,0.6924269966193755,0.48601226175341805,0.4185718697239078,0.30768134247763057,0.22812610459064175,0.1242265202483751,0.000957002280526198,-0.1490867204610401,-0.2062697964161182,0.17829577542565617,0.8002577981659027,1.0702829715232784,1.1228291964961055,1.2419549319531724,1.3827488983508425,1.2713257307689063,1.1223793214315703,1.0010405194315954,0.9154449255139843,0.774467874851978,0.6477255988815651,0.5809366852812179,0.46874954851363426,0.3710450667716697,0.401372904584028,0.6945312000890843,1.0980080653192763,1.1530561627414533,0.0,0.0,0.0,0.0,0.0
2025-06-01 17:57:00.363,0,0.0,0.0,0.0,0.0,0.0,0.0,0.48024412530023264,0.5197199126756993,0.5529148580351833,0.5023922124107333,0.4110681535245485,0.27001037416506357,0.229743238190819,0.13906107090175723,0.11110077379123418,0.14733640458131347,0.17913526555329745,0.20629550365257854,0.178644955159535,0.1590408356832525,0.10567775583215441,-0.020386837974352867,0.24011503361165332,0.3736861096697795,0.34839606046346494,0.22115025623262008,0.15885136681378254,0.09896938144914103,0.11684428142214265,0.11839541914858809,0.11925151212036078,0.14942547591674848,0.33664858518874563,0.10894008765441121,0.06469630751533367,0.028638285789881396,-0.03845538413442065,0.37278083322228917,0.8434137522393357,0.8562201559785666,0.8461161413294819,0.6109970763372041,0.47291089824281296,0.3223899409660318,0.19933850223874172,0.05588973557330834,-0.038652920984235006,-0.08549038681884669,-0.160621420450082,-0.1497527876444732,-0.14525828159241358,-0.0696654631452544,0.18730787738764026,0.7281805115181921,1.1951858520793617,0.9586354197421998,0.7918497579570355,0.5834441426355903,0.3129105126357272,0.6836299651260975,0.4146596398654451,0.684645547029175,0.7583049707374839,0.5900390296392057,0.7521858157205608,0.23511613343563925,0.36844122243182714,0.602127938816555,0.8067988082556898,0.5727150500069499,1.1447092448797864,0.812868855747116,0.5849408778327443,0.43271900336884506,0.2927862961925747,0.17406300028645227,0.1742101853085405,0.1497776202511314,0.15138346803852398,0.1990041454905056,0.24844028953748754,0.273189157040858,0.32788226284565314,0.34981371744548007,0.3652496962644453,0.3640506342492166,0.2746998145152806,0.4461883603869146,0.5048773863353585,0.51183498248875,0.44761569393681144,0.4372524772273134,0.41919746017762005,0.4218095570451794,0.4211669192777103,0.3974266294312734,0.7462313385546497,0.344131428663776,0.2901620054847006,0.23719553455267872,0.1293166278245832,0.01836351943551301,0.07165212610309044,1.0145683030868773,1.21059481020029,1.2938142541148423,1.097315558556162,0.9072773672149299,0.7369270310611802,0.6325165506998012,0.5210802368044369,0.3803251132694607,0.2862133998869021,0.18167475726467575,0.06306655652792426,-0.09316272317839536,-0.2901127946091012,-0.3540445183168629,0.3438391346889678,1.199017165336262,1.2337498469884505,1.224475078176838,1.0813105147461697,0.747529543778888,0.22452034539868043,0.6598359652910513,0.5150923588903218,0.0,0.0,0.0,0.0,0.7399946585425219,0.8845558484217126,0.7837973578289047,0.5387854633976084,1.0141490416560872,1.0700490671320677,1.0522734290894933,0.9989049960558035,1.017609216294826,0.9900939252974867,0.956328752012475,0.859148730048124,0.7120688451661268,0.6919180425522926,0.5559101215862017,0.450593708748976,0.37429751057397065,0.3208877489953455,0.2005991326479188,0.5626423203678113,0.9042961641984553,1.0157978331271271,1.0705798403036588,1.15884893313486,1.332266344975826,1.3931136001367506,1.5024871576836438,1.4401354086310778,1.3160119570080113,0.7618099362303616,1.174061146269226,1.046028159364849,0.8934034845335566,0.7054540046408427,0.5588141746232317,0.2875581340334072,0.6920157407358545,1.0278944963116141,1.1565474983458595,1.413967649229636,1.5466579901180935,1.5318936655081223,1.5623112489073434,1.4150511406037738,1.2991350332663112,1.140032002207295,0.9873226634977472,0.781778544806477,0.6166747897635129,0.43936593264484464,0.3004389969202511,0.1560206122561007,0.18735972572521797,0.7446321328771607,1.3840488391336745,1.485744914212749,0.6153015837024464,0.923417178742462,0.910367763817091,0.7876774736167104,0.9037398012646731,0.5281342088386616,0.2999083725520489,0.5671413066552102,0.9718695374849652,0.4850394735458552,0.5915061735585819,0.00486195327526151,0.38662926672177217,1.162527690924339,2.368578825480141,1.8570791605945762,1.87938331981091,1.4107480245423774,1.1798244156254516,0.8011850116489274,0.528490790255969,0.2863622212644543,0.11862252457722877,-0.046594349296808835,-0.12041468716972781,-0.25324228203090093,-0.3592710687241035,-0.26355396319513796,0.2795978670800386,1.1425707987699558,1.332755475063908,1.265494563852861,1.4028900244181135,1.313141419526761,1.110635686495697,0.8756347567749174,0.6710394637800536,0.5065019494900639,0.3977224910075987,0.2854214906109913,0.20131664276661576,0.09908545437703242,-0.01934859542116052,-0.1527413654325836,-0.2390621704261888,0.142808008849359,0.7324473520288031,1.0296868828897128,1.0929958129637538,1.1874151134748792,1.3225040162945283,1.2280715712376482,1.0785726269139961,0.979526857184297,0.8753504357545092,0.7527535933149887,0.6332163401140949,0.5687459288229073,0.4495109438991348,0.34957380667493865,0.3750512293942105,0.6533544135537609,1.0197700548369792,1.07652894223087,0.0,0.0,0.0,0.0,0.0
2025-06-01 17:57:00.366,0,0.0,0.0,0.0,0.0,0.0,0.0,0.49848643874785814,0.5198322370459019,0.5694343642542209,0.5114315349961697,0.4198598046276899,0.2759913193507778,0.23336172340658823,0.14045247865210997,0.10952474528828493,0.15020900312471086,0.16019405570461281,0.1906232732404356,0.16739648267732704,0.14376019966405584,0.09263058142485514,-0.010442638540240398,0.28930366707432437,0.38006384392491105,0.36208453335257706,0.22923930722521535,0.1530860642856604,0.11151351778562413,0.10813554675563175,0.10729261344332697,0.10523573139164433,0.12823288687187062,0.39708702945263863,0.08295205576583253,0.04144380615270893,-0.003321977898131906,-0.017149633153406674,0.4140763774769599,0.9121579710013947,0.864377293782772,0.8338966850575399,0.6193663481331857,0.498488949817111,0.27040185473503997,0.17128578742589462,0.044376401071962945,-0.052990749271713655,-0.08979806926469935,-0.183660330446617,-0.18406898899833818,-0.152332368649984,-0.05618104926821177,0.17951318844606556,0.7258805884319848,1.2294254012121395,0.9424841036821199,0.7850229171359581,0.5679854738764667,0.29302882616420645,0.590729297086446,0.4383407884159667,0.8304981782133045,0.6479703493484054,0.5341312273678899,0.7013580043803233,0.3543022077647211,0.4121625021932181,0.6166668026339341,0.7450548360031076,0.5831040945491108,1.1424068870427941,0.8029130887178683,0.605962132173335,0.4315412666751832,0.2953852686323457,0.16951386130758705,0.17700927121006926,0.14726375890539267,0.15310026920279984,0.1879763154181,0.2426567448948469,0.26878246329004574,0.3084121773573024,0.3374838500804367,0.3450259274785485,0.3473203527537183,0.2847340531598592,0.47540894757558577,0.5286644105943069,0.5328829840675517,0.4568424737176806,0.43952884199857833,0.42638304216810496,0.4166304308655757,0.40703551272834226,0.38453260898700514,0.631928189735127,0.3294254254932687,0.2767840398954141,0.2097683319410546,0.11641657238737924,-0.011237234243160032,0.09398440296849062,1.0332544788175906,1.2245897949450928,1.3034088404571587,1.1000818227217979,0.8986891661321794,0.7286587623032024,0.6120410526076725,0.4919806383889309,0.36519604085910307,0.2633412554444894,0.15057371313217138,0.03378286684970533,-0.1298379701971084,-0.3182302850004636,-0.36523188671165735,0.3688851339367079,1.224691643176953,1.2528007404157713,1.2306060589655803,1.0726304912193185,0.624376953900031,0.34369043125201665,0.5649698169384019,0.4592621957174312,0.0,0.0,0.0,0.0,0.7947883481624958,0.756747607779777,0.8239469911927743,0.5579503902131594,1.0196102785100378,1.080941411569265,1.0591235853859582,1.017073406996785,1.0286991798627427,1.0055152519777122,0.9872170961896694,0.8774007334170761,0.729899569344195,0.7056700693156577,0.5788286832929981,0.4723919779197856,0.3839041480971064,0.32519533428186104,0.22900398217986745,0.5794688571742892,0.9078608317300354,1.0308150690449553,1.089326452405386,1.1790374406277615,1.358683347937242,1.4282429145875515,1.5368186859563577,1.459433539828489,1.3395676535555123,0.6683928088684155,1.1855979037215731,1.0527459929119907,0.8968056455444078,0.7137959553425438,0.5541315440020913,0.2928548448020347,0.7147205923928384,1.059132198695963,1.186401047806477,1.4566052633491886,1.5737313887881914,1.5534947828601402,1.592504199545266,1.424787803324883,1.3264120702232742,1.1395105608645255,0.9944309423636755,0.7893523568637953,0.6220733156648667,0.4516835562144816,0.2963058076342112,0.15234573359060732,0.18188370418206767,0.7611760415015666,1.4027183556288918,1.5100082367742917,0.8705129314892955,0.7595416636616164,1.1083696794503481,0.7907944192868616,0.6042553069857748,0.6245777318057932,0.38123980355124626,0.5952455151250915,0.6313820581551509,0.630994025293037,0.6679728465654153,0.0010121355133056453,0.3864799966483315,1.1541554868223871,2.360417070787767,1.8753267000919716,1.8867793318712316,1.4503486735677362,1.1707904136668115,0.8195716175823056,0.5281693289866183,0.2761871716001558,0.09156681927460197,-0.03397672926367501,-0.13596169566352656,-0.27238439991970664,-0.35639912578524285,-0.24402818416481187,0.28113748924142795,1.1206111110690737,1.3269487948813488,1.258574898660796,1.40124014858559,1.31511996829236,1.0915981287204275,0.8747102346796554,0.6589906893338122,0.7759975342721123,0.38461342922158726,0.2675071781772198,0.17747402934514178,0.09189354298528463,-0.0375771064755156,-0.1596333676613122,-0.26164634919401497,0.10308602286854618,0.7025787522839917,1.006904139672277,1.0680310017781385,1.1740444751437524,1.3137687466824164,1.2165541983642365,1.0604453643027139,0.9674437218318321,0.8517497824666636,0.7307469748764523,0.617514912525166,0.5524919633718823,0.4328703273675515,0.32144612516105475,0.334067427893409,0.6147614083640899,0.9586978617339875,1.0450994832026819,0.0,0.0,0.0,0.0,0.0
2025-06-01 17:57:00.371,0,0.0,0.0,0.0,0.0,0.0,0.0,0.506504998862514,0.5158902880116992,0.5687074117367368,0.4957836651748343,0.40951680606090124,0.25929509216336866,0.20771976142771564,0.10587772552148178,0.09526514972270528,0.13428957557364218,0.148505381389828,0.16269394677634896,0.16360621745753484,0.12499356104319304,0.09356561018335832,0.0212564550632314,0.2999003646323493,0.3977915306111562,0.3583871729616076,0.22041071117891387,0.13938661705821853,0.09648856578267173,0.08394030186148993,0.09046336950795997,0.09476407635599648,0.12290978228851268,0.2743127530371767,0.08273729212823311,0.03171082559567068,-0.004525914843135248,0.006270514431323482,0.4189679257651183,0.924183371432816,0.8716235497740533,0.8111807065234701,0.666848445251571,0.48938276432668526,0.30189978876544465,0.1743357902007081,0.07993022333466704,-0.01770029401015427,-0.08984280559306945,-0.16098207328635883,-0.16432707095409083,-0.11048457535107009,-0.013675340987896356,0.21211904455667285,0.7258437541940088,1.240225893313121,0.9268472688086218,0.7640824487133152,0.5552155023883429,0.3070577287831058,0.6958260452695035,0.5430241516043233,0.7066038539495823,0.8981738793394711,0.3796029989627572,0.80499852771313,0.35865574432297875,0.4861885839808829,0.5490629502308748,0.821003532619524,0.8321920677959493,1.157062264912135,0.8007424131980356,0.5948317384795376,0.42089180636966583,0.29330251516786077,0.1783476435262057,0.1877669899858032,0.16402401021132906,0.16376718490761766,0.20062076261277473,0.2578472352487142,0.2958761830567178,0.3275110267653666,0.3567475253478516,0.3734287735363529,0.3826993217277499,0.2908797171481735,0.46495383541546714,0.5303655644850059,0.5231463335612851,0.4578167083693039,0.4479735996815781,0.4377893889892026,0.42061828521162203,0.40698036804376825,0.3952927894150682,0.5303744136109558,0.33678261120204933,0.2786201355483481,0.2119131584485363,0.1263971173674331,-0.02111889955471341,0.09501724460428276,1.024767869111507,1.2287294314350161,1.2962490500490307,1.0847913171355505,0.8880533149797778,0.7263315702678399,0.6091929231802538,0.48849253510032975,0.3580086997867198,0.2537702499725236,0.1312747781173853,0.02547335346660584,-0.1470487895175745,-0.32165587806915963,-0.39179293538053794,0.3613295111049119,1.223981905465552,1.2514463177816173,1.2211763913216143,1.0637478692930078,0.6812281835137013,0.4328799370790209,0.6431888450823895,0.4592621957174313,0.0,0.0,0.0,0.0,0.5729202657066748,0.450387474291062,0.6645027279252189,0.5479469811882892,1.0260680737944636,1.082329829051359,1.0663228386038954,1.0219821838135639,1.0358115131856078,1.0130993359070397,0.9961911521393061,0.8931151664861403,0.7398146852372229,0.7155591769838363,0.5942147503009783,0.47914033584263005,0.3895840252188765,0.3196678146097843,0.23584026594049817,0.595816687115404,0.9235842063029285,1.0525017276287592,1.117379106651305,1.200958060538643,1.392534635177362,1.459664331576466,1.5588731140460368,1.466284420932588,1.3656209454248447,0.664148130245308,1.1955380720744437,1.0474249207066404,0.8909132412571061,0.7031527887828547,0.545068256810205,0.27770555247946516,0.7476673096296199,1.092868379392342,1.2322971071393636,1.487447551068579,1.61730532872159,1.595443457763089,1.6336804608608104,1.4518029160021946,1.336174478260347,1.1571147866195028,0.986873134637479,0.788714338948764,0.617646805718513,0.4536233115905008,0.28220178204411217,0.13493596976553118,0.19726648916819697,0.8123104498136815,1.4443675211732039,1.5707255445827775,0.7724958666814074,0.6244175700963331,0.9408684018569894,0.9025735471518982,0.45982908978434106,0.5289026341598918,0.3746322503984347,0.581145656746358,0.7281803278387265,0.7001075129825451,0.6240123890025054,0.0028908539104146036,0.4165052020658185,1.177764631886725,2.449612580020342,1.897321667483668,1.9270643107142642,1.4495639367033526,1.1829028176447152,0.7857241365518051,0.5168777641945275,0.25559145937410754,0.05461556811455526,-0.05474245263189004,-0.17141639624278848,-0.2887282751485638,-0.3833222097820642,-0.19741253520486018,0.35834677779347496,1.1687610842088896,1.3867808422363166,1.2813995890004921,1.4072146635303056,1.3080223988273387,1.0630561610103726,0.834543625462101,0.6052017422525486,0.7994342837642713,0.32251015220014434,0.19707890451015575,0.09977821084761507,0.007989474104572847,-0.11299710489934589,-0.23795780884269063,-0.3128930389690627,0.1608205188006649,0.8009262690322887,1.0446321264392344,1.082783274786114,1.1621264437578531,1.296172842309451,1.1774943458947376,1.018695303344566,0.9075536035514615,0.7831952882659856,0.6550469249286512,0.5345420949426298,0.46172325401672465,0.3357236902859807,0.24187394369838577,0.27391134492978303,0.5919426544834462,0.976912573714683,1.08421403251067,0.0,0.0,0.0,0.0,0.0
2025-06-01 17:57:00.375,0,0.0,0.0,0.0,0.0,0.0,0.0,0.49369782407647544,0.4974195230832744,0.5510467353115647,0.492521805470194,0.39221330628267037,0.25182846742938214,0.2047826976933408,0.09523413702052108,0.10311609893587936,0.13063356209266175,0.14817325572819745,0.17121629942267302,0.15529945255446276,0.1333497978982719,0.10299756686434161,0.01912101302717821,0.30722781222504336,0.38470627085267345,0.359803593172219,0.22729056323456331,0.14554413272753441,0.10697636964006896,0.07075647560999698,0.08033627174649283,0.09341897488549988,0.11027189814271054,0.5020259820766683,0.0799752122620202,0.03125724837261973,-0.008967417693879709,0.02369644152547909,0.4499941237322408,0.9404419125935157,0.8781617292820824,0.8235615099488106,0.6552027793425916,0.545975504913361,0.286964242823992,0.14085068726467442,0.06886432860778413,-0.02420281005939018,-0.08973167960572237,-0.20692573826000715,-0.15582480797021797,-0.1299818905744511,-0.05039992895296358,0.22403041741917973,0.7546519409610293,1.2769632232943295,0.9698241057081332,0.779000306558599,0.6074561013251376,0.341243548041007,1.0038481644639397,0.41107227256425205,0.6549291027230577,0.45823072821147226,0.36709849381413573,0.5637184091694657,0.44632908293574247,0.6441656225441694,0.7153785420211481,0.6811252005450208,0.7555497062306235,1.173218965461224,0.8404567475905068,0.6465678498384189,0.4351524401068041,0.30710340616162246,0.19750062919304634,0.18668341978590264,0.15934889027664623,0.16314801862149064,0.20198794201328063,0.2503894478553763,0.2877946681280581,0.3128284884635607,0.3398173047298101,0.36214921241774706,0.3536170330833126,0.302093593062226,0.5208599373069915,0.5811886474452789,0.5669712515067509,0.48128090793223777,0.46054587382160483,0.4461446803354394,0.4258008699679965,0.4187239436646115,0.3973403480664457,0.7591694971759899,0.32674005471343937,0.2673873658116336,0.1943061235528134,0.10511725883346457,-0.043816534076246305,0.1182953108823844,1.0644980863881852,1.2704433617809725,1.3403655889955082,1.1017568151309456,0.8934480860156409,0.7238446975214139,0.6046756707721954,0.4726580040958215,0.3478812955676591,0.23507451246899147,0.11278683785538068,-0.004998072648473295,-0.18581945893450946,-0.3502747914383686,-0.4168004283522916,0.3810751073235928,1.2471867740539673,1.2735549863282263,1.245344121264353,1.0746521270034495,0.7140644788792943,0.6137721276553791,0.6544456716504683,0.43038866918091245,0.0,0.0,0.0,0.0,0.6760673315492296,0.4615619280433115,0.7632441959934065,0.5811107066256039,1.043092271145668,1.1037706234202047,1.074599040071976,1.0381466792541953,1.0526197303739722,1.0138227881091526,0.9901795007886864,0.8919981351548261,0.7436144949720727,0.7044155786508584,0.5807855057772624,0.4740828118910332,0.3849123454209159,0.32447405663903167,0.25278291493104404,0.6511100256989675,0.9482651380422848,1.060102092344171,1.134642081118547,1.2106443874755488,1.3979031946845402,1.4690380822648184,1.5569840315521417,1.4704244026660003,1.3563978352568535,0.664148130245308,1.1880530801522409,1.0416825934537364,0.8845059736389069,0.7030388785371277,0.5388931006856483,0.29068293234530607,0.7792309035343667,1.1146126201497797,1.2487898302751792,1.4825500140916066,1.605934052603296,1.5886580052343404,1.6326457378679993,1.4356212956320686,1.3206762701176173,1.139296088978282,0.9725008352705853,0.7595019285353238,0.6044446699284537,0.441125234569585,0.26310192742316607,0.1216907367379232,0.19579276755869526,0.8115522055042529,1.4669993872384608,1.5727381772434272,0.8189547192642438,0.5835736480829534,0.7137254159829797,0.8260388241025113,0.7992878796950293,0.4977958039012983,0.34103357879451196,0.734645696354445,0.6327897531087847,0.7508526382795666,0.5265657308860489,-0.022076521268372673,0.4172081933255855,1.1838778744704102,2.4795939741807618,1.9116645146508333,1.9290101344347876,1.4346131891367278,1.154884840729051,0.762181923746104,0.48955318411214965,0.22757888533317439,0.023168596561939037,-0.08488944009737431,-0.20415948866801192,-0.3322071890387617,-0.4100996612871954,-0.21137218042590594,0.36224792015429114,1.1950277105539564,1.405014526419416,1.2809418305313307,1.4062359445731052,1.2831252080827487,1.037243369636366,0.8050199795722921,0.5702487830770895,0.7685732063000384,0.30007354818017484,0.17143381454589535,0.06536471552563672,-0.021877840941223914,-0.14818271170354547,-0.2678433242501411,-0.33715970533429984,0.17474329487284784,0.8078630669476266,1.050703130281806,1.0906387491600253,1.151634797788745,1.2605675652979271,1.14702054994985,0.993683180862682,0.8623763023048185,0.7609225436261982,0.6046670295761727,0.4935076890720269,0.42441236502782687,0.28516040897566397,0.19006583129794596,0.22849014638834214,0.5473568407984046,0.9644787844023116,1.079381486513913,0.0,0.0,0.0,0.0,0.0
2025-06-01 17:57:00.378,0,0.0,0.0,0.0,0.0,0.0,0.0,0.5159002117087692,0.518674513145294,0.5768545643605477,0.5011143613957275,0.3776444233879509,0.24093487835145122,0.18189214233584383,0.08173263157056021,0.07826620589277589,0.11340981419979335,0.12559079587155203,0.15349734295456474,0.13346256166202503,0.11270904038452173,0.0917068977282211,0.028825792233127104,0.3366612217760056,0.41404691455286163,0.35600490568367194,0.2409054951253714,0.14093067488929734,0.09383054671523161,0.0680028569739588,0.07276835345719945,0.07881050112975996,0.1009233193168767,0.447850302650484,0.05922930148083394,0.009706149515350981,-0.03963827161865907,0.042905072888584,0.46472027330610777,0.9843506576929968,0.8936449424698968,0.8551998320307693,0.651032632545774,0.5276879930202125,0.267556115851286,0.1339618158852125,0.041424435157802586,-0.05004875904174089,-0.12228845701249469,-0.18623753284822175,-0.1844738403172238,-0.145871708276572,-0.03185434341811472,0.24251429070497088,0.755112893457065,1.3335843417542197,0.9547044064046788,0.7546157193404716,0.5880040883658075,0.34081001411221434,0.897257989029089,0.4717242683930931,0.6790043302115805,0.4567836374319313,0.40388943798188714,0.6550402827885826,0.48974775644202906,0.5972637588166883,0.8604989619604194,0.6230152155798897,0.8965543140775016,1.233532667810295,0.8545462825175821,0.6661551489724693,0.4444307484075365,0.29063377562891435,0.2007622677715175,0.18669249123652465,0.1617570635950698,0.15482096235633147,0.19448707729865622,0.25360787134972274,0.2916937501915484,0.31971574003932435,0.3409436510625734,0.3725811205766351,0.3673532754263863,0.3270279668968837,0.5329031338259356,0.5687717597704746,0.5538106089459296,0.4707439479886215,0.444209021869298,0.4486274710151319,0.41129353588255935,0.4004025880902,0.385481201550262,0.5482387041720218,0.31647503346936245,0.2639275463924483,0.18979113542859705,0.09988970462653901,-0.058133515082873954,0.10988724452572021,1.0490430982620336,1.260346308273744,1.3315159264430303,1.0802204358601946,0.8775200846250797,0.6999105283646412,0.5905939532556812,0.4518354826145137,0.33317216537268757,0.2087577821746156,0.1023280075273385,-0.018539343900602523,-0.20640413380955702,-0.3700593585432238,-0.4432055172550797,0.37350832413086704,1.2475729066646233,1.2615930146058945,1.2341979538613115,1.0664514787230321,0.5852990642391316,0.8529623820565078,0.6563505673046646,0.36044391604245696,0.0,0.0,0.0,0.0,0.5975081420024487,0.44999567375311184,0.6209194530152735,0.5910746034422939,1.0357884857157078,1.0972658844287173,1.065885619024628,1.0354596005154852,1.0288862660736824,0.998344460245234,0.9662720030096552,0.8742508302461114,0.7315975308206153,0.6892987883107109,0.5759325926554981,0.47176256217104084,0.3905678912495891,0.3343771990319851,0.27280126087925305,0.6997722204578782,0.9516324199545181,1.054684352063476,1.1289068820256787,1.186515343371954,1.3741162604802517,1.4392883322029153,1.5306845827152653,1.4272022428851214,1.3267731854383424,0.4712058786599242,1.1571974052758032,1.020862766578528,0.8740393325395388,0.7028660848591141,0.5421196003758784,0.31741831960155764,0.8017074456929157,1.1040392426561563,1.2451272236096007,1.463289071119463,1.5832803218485454,1.5503451260242336,1.6021122494132274,1.4054787491916316,1.2789812464161328,1.0954052424910996,0.9487633515745877,0.7418438835784574,0.5878537548638457,0.4258193145639441,0.25213612373495775,0.11246006845032282,0.17786145204305712,0.8051764522602478,1.4384321508310687,1.561177996650306,0.8061352024773855,0.506899636677134,0.628057746451766,0.6990784578010553,0.692316568202338,0.578889254835193,0.3490015560016209,0.5858746476056536,0.6931223695162222,0.8058263414587885,0.4684754928771723,-0.031800455408657335,0.3950786892161274,1.1461905424661758,2.416968541424131,1.9015618882310326,1.8587515524100713,1.4035814875085575,1.1275637755813228,0.7446611370547274,0.4349560360774618,0.2119736626191977,0.036362807131152586,-0.10032905703777684,-0.21217095151629073,-0.34748563271171967,-0.4207357292038295,-0.22964315078173836,0.33291376916228504,1.1658217577797123,1.3960230013302948,1.2558664393225105,1.3751275005248096,1.2401811255695685,1.005954467717829,0.7734755940249329,0.5367496399857214,0.7721649766735944,0.29009536558593974,0.1671063711907692,0.04994667843723266,-0.010556895061877403,-0.135433925553333,-0.25712531949740236,-0.3652675627543355,0.15765820127213576,0.745156876101086,1.0251810498452028,1.0695107581951642,1.1334470970654311,1.236387240949032,1.134103346481727,0.9752016905115966,0.8469545839174095,0.7432741054304051,0.6046747764871652,0.48917253338331457,0.4225355285788295,0.2876471252429845,0.1839885067703938,0.19862437162752494,0.4786748643804357,0.9119989428556036,1.053150159402558,0.0,0.0,0.0,0.0,0.0
2025-06-01 17:57:00.410,0,0.0,0.0,0.0,0.0,0.0,0.0,0.4970277608649517,0.49192613114554107,0.5540100795084547,0.4809735823990763,0.3538568950852762,0.22975173706244745,0.1611893750636394,0.09595606911434829,0.07341321127936107,0.11156140868902709,0.13882738180544368,0.16266261174461816,0.14355974019799672,0.11724525793184037,0.09403535238950445,0.0315683845836381,0.3297707378218963,0.42814634105592037,0.3415515266774388,0.24209275223378046,0.15579325334513894,0.10622568595156046,0.10022791277819132,0.0933711377563724,0.08640126549429317,0.11259161416423769,0.4082534810108428,0.062003269920794746,0.013222572973633884,-0.045520231424720836,0.04258092556508852,0.4864934642483404,1.0153480141431603,0.9134920677331081,0.8552476229327076,0.7070341485112812,0.5782283304013918,0.29450770161535456,0.17279044898270413,0.05385469837852863,-0.022861347103910856,-0.12614775863878314,-0.17135797399953567,-0.17116803750180504,-0.11295351570354822,-0.03883101442671305,0.26522535170235156,0.7946589744380126,1.3266333000358213,0.981553249235624,0.8075455157785795,0.638405571366846,0.365969380005978,0.6840722603496132,0.4179667963401006,0.6449488316123895,0.4769956655959644,0.34752936848470684,0.5949139214663713,0.574311814215004,0.6055615330202586,0.7955392050039635,0.8417792514151476,1.067112136502521,1.2786941268116914,0.8752455354815648,0.706489285266835,0.46318042558475847,0.3114872045232495,0.2190632711290168,0.2010554509166731,0.17759528951829506,0.17294880540411173,0.21386632622903723,0.26531273671128575,0.2996589496580855,0.3314617581471563,0.3640110683613542,0.390254393169067,0.39116050315288153,0.33905532125874277,0.5553654965664321,0.5543928543525344,0.555125911631454,0.49318433816745433,0.46230238708473403,0.45747293490167307,0.4196332080655081,0.4152403252116692,0.3900842572634913,0.5100787086409184,0.32611719921667937,0.2777617457065201,0.19947231895853934,0.10309273070438496,-0.051749731656582865,0.09320016532692196,1.0433867812487296,1.255340438170105,1.3163205130625406,1.090379259041389,0.878921190996856,0.7078787308003289,0.5870177523348996,0.4521590089259395,0.33707687553204857,0.20713035810804237,0.1095173418683344,-0.031000223627430046,-0.20172406852682634,-0.3715871669071289,-0.4564034268519119,0.3679809360949368,1.2433663031806854,1.2641747698454318,1.2321073215800817,1.0606600241781086,0.2967208492830378,0.7822185621564448,0.5602025304503864,0.3418968502742835,0.0,0.0,0.0,0.0,0.6036656078015487,0.29496566630822457,0.4154223361965024,0.5899937111156374,1.0481613146788529,1.1019213002419745,1.0681691449585515,1.0448460984628851,1.0256875890744672,1.0136181900932548,0.9811857498001073,0.8920282120522476,0.7556218618194848,0.7007874819748152,0.5823305530218845,0.47708353203271026,0.40571237289887163,0.3461615304606153,0.2884939569520598,0.7185753929988423,0.9542250338531337,1.0544896574724103,1.1049341687745793,1.1842993959402057,1.3769051761181348,1.451216307049481,1.537581783880499,1.4484415028647077,1.3397362392728105,0.8094363907691895,1.1674260011426836,1.0402406906396087,0.8858127148248389,0.7179165013554961,0.5460640145066509,0.33944327872027386,0.8021611880159414,1.1066298556740894,1.2474075255175978,1.4575871392678759,1.5789125265402593,1.5516681773661796,1.6006234689228704,1.4026993346296013,1.2901425242919395,1.0959167189420262,0.9628138728248885,0.7346024267989183,0.5847778899541011,0.4255641502646765,0.2467030423790203,0.10868590818441622,0.17598522140010855,0.7972365151377153,1.447201512386029,1.5565263304828676,0.7329087307620195,0.6671308002140516,0.6671216662078552,0.7466294040272482,0.8911812467646356,0.6547144962957473,0.2713283917987857,0.44186402850825296,0.555666357159472,0.6998299196025874,0.4433823558890725,-0.029566174429982328,0.3895603062540673,1.1392455155624772,2.414886886072438,1.9202580904572668,1.8430916552601762,1.3846522349798964,1.1037210495238459,0.7479016252402255,0.45473190978377653,0.18720925483849982,0.047164242446108506,-0.09801280473720886,-0.22249349563786391,-0.362170586287276,-0.4464441671604495,-0.24818868221925722,0.3259889683201134,1.130725906411409,1.3867599955945007,1.246497898341732,1.3850566235136053,1.2460016727736043,0.9983480776047573,0.7721530871454807,0.5356999299049685,0.6166851284835767,0.28853613747564566,0.16218526733296956,0.04028750881732246,-0.004448070126028547,-0.13525999088765883,-0.2610839306839126,-0.3720067654163263,0.14843271244834505,0.7664598842942061,1.0191072760463928,1.0574858830246217,1.1373886088164014,1.2309752238517047,1.1280924437394564,0.985942283839905,0.8255120778077865,0.7463023659378807,0.6027021910044355,0.4879637530499277,0.4157421923389131,0.27949500899181456,0.18194506485708128,0.168610455201941,0.44514964334098817,0.8855055391454615,1.0650864795546835,0.0,0.0,0.0,0.0,0.0
2025-06-01 17:57:00.427,0,0.0,0.0,0.0,0.0,0.0,0.0,0.4683248059733196,0.46843248339436994,0.5279869266048268,0.4520308327691128,0.3264119413814178,0.21996866326081632,0.1432777207929895,0.09237707199622947,0.06129423608797446,0.11442659675258038,0.1474547011456147,0.17538876632320144,0.1508209869114145,0.12718525496670458,0.09540670645877761,0.04157468635051102,0.3232399694050931,0.45309113296298703,0.3546235120477521,0.2639747407106018,0.18255675713088704,0.10742811286935794,0.12224466406683354,0.1035988770224292,0.09847421543897306,0.12548118188327495,0.33909963551180555,0.0736504869086585,0.030996946665019343,-0.035720100443499936,0.044216505599436656,0.4625766308404269,1.0502167315486453,0.9467219545891105,0.8966503021124718,0.7414751035297884,0.6230543517335123,0.3500645376474836,0.2134908079180302,0.10133594804764634,-0.0008028641283421845,-0.1197178447763475,-0.15358104832692565,-0.1704599289465396,-0.14261791519837558,-0.04250394109801098,0.30225229834931566,0.8336909857549213,1.3196822583174224,1.04764964721393,0.8576975717848664,0.6952347119874569,0.40254698246198584,1.11223902946542,0.3608486821629554,0.5581466758350222,0.5975872032749031,0.2757164145983806,0.8331218101541811,0.4821031943672299,0.5618402532588676,0.7502682639908066,1.0003572234520306,0.879012831223732,1.340408519796363,0.91251700960147,0.7468950486182233,0.49025625894955516,0.3319624249194426,0.24776570712385726,0.21667195125431116,0.19208985270868317,0.1857961508348076,0.22721277351370528,0.2820853721690242,0.3073902238848518,0.34306217424740193,0.370934719976725,0.4054333199456032,0.41071105506680883,0.35673004414929405,0.5580584799403085,0.5639371300678778,0.5402529383746284,0.49451872831551524,0.4784510966564033,0.4631575313487293,0.4265418658867546,0.419218485278233,0.39339664505378424,0.4066258303511367,0.3295903012935677,0.2817305728442877,0.20389391204121243,0.11362642703427595,-0.04415323327562609,0.08219789359719876,1.0228275388661001,1.2400763561597135,1.2947125954485297,1.0955111062326834,0.8863451639423647,0.7095734496866222,0.5838466706144185,0.44391962224883486,0.3398800928724468,0.20796343464493616,0.1126075042236705,-0.031126045694948923,-0.19486494524204878,-0.364126188852128,-0.45485055818714837,0.35951524759435466,1.2473876557060102,1.25793015383986,1.2310805315370745,1.059833405438424,0.3714313082543103,0.7925905234642578,0.5186112764270634,0.49113058880965055,0.0,0.0,0.0,0.0,0.4133261171782491,0.25633540062025933,0.4944193207748049,0.5924373263030681,1.0496931299068948,1.1055514116983607,1.0657721635144441,1.0477132508604465,1.0267678548185037,1.0238007889863876,0.9858309176017963,0.8860603050037663,0.7622408102239606,0.7070779579091999,0.5808243974579548,0.47830649516528245,0.41189515007754895,0.351955510671013,0.29843169371777994,0.7114409450881412,0.9674829086999928,1.055835722420084,1.089903691518926,1.1837555815705953,1.3631000406076834,1.4431457575469508,1.5289069631140282,1.4321783118362184,1.3286670810974022,0.8801025056625027,1.1577811969563356,1.0420684843031633,0.8882037761588895,0.7228159253226573,0.5457089149526735,0.33552187072754713,0.7929176604003859,1.0976556782576765,1.2302043033970982,1.4504643983590182,1.5715418404354087,1.5472075389012934,1.568251192325973,1.3828393971783128,1.267419607202958,1.0891076981688368,0.9502040176015045,0.7250708344268199,0.5719606177926567,0.4164234438806869,0.24332229631656388,0.10295443528242411,0.18621568815339945,0.7937753791758038,1.4343243304520805,1.5461262882234061,0.5041351006471185,0.7527584841443816,0.5913542678752083,0.8979387423582054,0.9584273551428748,0.5445758977316192,0.2676535063678513,0.38746639939274413,0.7964993781136208,0.6873139071161346,0.46253699528690395,-0.03707067204398368,0.39295550050859857,1.1284933672606656,2.4205804552986976,1.9334968275334552,1.8205344135488195,1.3560612788198094,1.0947152747988074,0.7484832940433814,0.461557204439518,0.18430433031103366,0.04811947713155318,-0.12703011233682382,-0.24095790866944522,-0.36864945431244733,-0.45774683859262655,-0.2521877065360366,0.3374117798195578,1.1324593994230898,1.4020456334361069,1.2575824813115757,1.3679825762850992,1.2618122482778624,1.011366596233552,0.7697098146222092,0.540796301074862,0.48140206518409756,0.2825403302277605,0.16066333282934275,0.04286434313937426,-0.01963061750672246,-0.14289491835585977,-0.27504742995375053,-0.3803998996968289,0.18097507361855408,0.7968595437148243,1.0368283962745752,1.0626090787568567,1.141679440851804,1.2142386083706689,1.1078044353196659,0.9977175852948479,0.8101544509418124,0.7463023659378807,0.6065500752906734,0.47831774302020547,0.3977998920756707,0.26522010437092336,0.1497090612616958,0.15587280145532195,0.4174133564927849,0.890695579111345,1.0592262473671856,0.0,0.0,0.0,0.0,0.0
2025-06-01 17:57:00.434,0,0.0,0.0,0.0,0.0,0.0,0.0,0.462028768982523,0.4825166762406021,0.5288958209703659,0.4582016377641901,0.359271707266151,0.251001150371828,0.19023801183022615,0.1283668002147118,0.08029866680099684,0.13250636078603006,0.17028735220850372,0.2107486505538223,0.16434463248681835,0.14004290019834847,0.08866883285345903,0.015619082996113698,0.3168887561242209,0.4681332217853567,0.37261794184543373,0.3020868790989143,0.22577508763943488,0.13448482836322073,0.14228362804648254,0.12170009904442036,0.11319949950832076,0.13176369275441302,0.3130004535180435,0.06156089051609137,0.024237496456440577,-0.04588201183046406,0.05531625683475605,0.5103799655858771,1.0607699533512513,0.9503217620910464,0.925560559600949,0.7595353724880989,0.6407620877868749,0.359321968120764,0.22152468020313565,0.08438755184712177,-0.00968940021030984,-0.08925275656047549,-0.15742296494218355,-0.20061446420191587,-0.1724104710758618,-0.08491816875203176,0.2905071179181871,0.8781750834226669,1.312731216599024,1.1045507930566305,0.918951664066833,0.7413956056242681,0.441369711393818,1.0207342064748723,0.26241038829009067,0.4794546546027621,0.5578238086531687,0.3151182038272312,0.7969531855528402,0.5935684135440699,0.4491422375946494,1.0386006945370645,1.100343123830133,0.5974399271802395,1.4032705715775793,0.9420621841528497,0.7850131425149713,0.5215363253460827,0.34922632754175864,0.2532797740291921,0.2114423623324917,0.1849398362039527,0.17762078336030873,0.20379814973219057,0.2631467442205577,0.28273495501094503,0.3238817717876147,0.34474705258500804,0.38275454863810626,0.3904267676008758,0.3709745893248171,0.5954376224949949,0.5922953800137384,0.560605775647752,0.5022881738774636,0.4758075164259019,0.4633179229368074,0.42051359014522705,0.39948617991485014,0.37412303864292773,0.6189420134115551,0.30676827936202833,0.26285345886558076,0.1802480028169281,0.0884692296259727,-0.06287846696122557,0.10626254124582798,1.0538251220959203,1.2556999196166654,1.2968356696820913,1.1097276977552377,0.8938289483752524,0.7000269159134997,0.5667635056525921,0.417989043318407,0.3273317874945809,0.18665999517687615,0.09479588477039735,-0.059905486644643124,-0.21370012004403005,-0.37642204605701934,-0.4512335679413083,0.39101500020574703,1.291291236305443,1.2751462969731269,1.2456387082314293,1.0713601144400096,0.30953715756383643,0.7642497145756197,0.4417174122016167,0.503773841664239,0.0,0.0,0.0,0.0,0.6657865326177891,0.30965701703226695,0.5688941840698282,0.6192532365931817,1.0615349665508491,1.1189850671748869,1.0767609931876752,1.0600721240386273,1.0419961533327762,1.0402819909250105,0.9985285591113282,0.9045688064422093,0.7764778735288553,0.732367099719196,0.592440862249777,0.48145071297243414,0.42173557097794667,0.3680884599797412,0.3199777404060586,0.7301133203236487,0.9693116072852901,1.051888426416011,1.084315688923536,1.1847054225256555,1.3644344837288698,1.4605491788225868,1.5462995570624298,1.4439344824885392,1.332855842176736,0.6469337653502683,1.1668759337883197,1.0642044437926963,0.9049776047871632,0.738925857507669,0.5615753225141481,0.3694243423155865,0.7848550526507753,1.0884288437860357,1.2215012214470735,1.4501316248740312,1.5680416319616222,1.5426750412977819,1.563978501284669,1.3785823348457875,1.2757642023853069,1.0895143993127983,0.965055007673262,0.7303918877097221,0.5813155975609813,0.4156969035561509,0.2525572837381773,0.10430535321059288,0.16110417501596297,0.755108430217064,1.4094439027977819,1.5009080000916688,0.5304781434431396,0.6671304128105113,0.7354908399301671,0.8447278184688348,1.2327447158465012,0.592279693369373,0.3238618280439773,0.394138378599795,0.7635773025696397,0.5328516332408552,0.45483046702914043,-0.04411812853744024,0.3572602016962973,1.0794171609191123,2.3748011866681784,1.9283056765630133,1.8187023632369526,1.3559862514526149,1.0859295735105896,0.7662226492823039,0.4657815706296613,0.21532183308800756,0.08418150513130263,-0.10013256523451775,-0.21439368040516804,-0.36247188906068406,-0.44638137214384366,-0.3088911251948254,0.2746844836537368,1.081834036264513,1.3577486496087257,1.246261315064675,1.344918332768196,1.2737824712101087,1.0369538180557631,0.8100128985405781,0.5989726908893422,0.5390606140392082,0.33269393089385857,0.22185811109573272,0.106461003110349,0.04422138154224553,-0.08431112919727735,-0.19843723450388356,-0.3550013324706441,0.08907557551128786,0.6806432776086078,0.9888326183523541,1.03676805951353,1.1340214669467916,1.2131082512613975,1.1191899423646379,1.0099366603435862,0.8440054548834561,0.7920696275549608,0.6594732547221667,0.5368633172718875,0.46364545194254414,0.3277838552999316,0.185486878042056,0.17340624550463307,0.3552295321199377,0.776724075861377,0.9670541954314618,0.0,0.0,0.0,0.0,0.0
2025-06-01 17:57:00.437,0,0.0,0.0,0.0,0.0,0.0,0.0,0.5043867952898556,0.5058375110783287,0.5410796561687683,0.46575569693768915,0.354495566882049,0.2386397966576036,0.1944624990143594,0.11814756712694008,0.07889026434093438,0.1213702618825192,0.15638046571477698,0.18396511713257557,0.1593521636938312,0.1270540204593298,0.06915997397554749,0.031738963811248924,0.3339375340554096,0.4929698041884832,0.39237243356290286,0.32059019251896326,0.24191318284354568,0.13741849858535393,0.15631337149362623,0.1262640095626324,0.12496720538077333,0.13654161357495176,0.15892991967328102,0.05582603742436043,0.0010137912442482189,-0.06571166186014896,0.07196556795593947,0.5248762290355965,1.0784985413403603,0.953921569592982,0.9393476904102765,0.7992519943333125,0.5948056317082611,0.39153317625146133,0.28933888738553537,0.11861065441874685,0.029378657238863348,-0.06887628564292603,-0.13141270550427486,-0.20607190239188905,-0.13843645404303936,-0.02889763117244587,0.3112940856096921,0.8923810835257082,1.3057801748806255,1.0980246032994883,0.9420480044326821,0.7360323274074667,0.45428428230051554,0.6922545228269488,0.3080357232584664,0.41012759608956456,0.7040266113099093,0.45385866570073663,0.8423845969906316,0.9033675509598047,0.38010094014028734,0.9987455981691505,1.0018345254806007,0.6131804767761866,1.438587172080172,0.9376527109267888,0.7945692974827641,0.5499180773928338,0.35763385339646714,0.25905275754453116,0.2281121152354817,0.20731972484494277,0.19982795469754455,0.2176397854867005,0.27998464575887616,0.3017585802926235,0.3411868111601536,0.35821814469025304,0.39988030942967906,0.4099063038366866,0.3670141077162497,0.5934275440124703,0.5684039665707913,0.5616923474046218,0.51180438829281,0.4852146439589149,0.4676291524187004,0.43100732760575644,0.3992041565925346,0.3803481094104837,0.5905514821042639,0.31749007768788395,0.26411354599816594,0.19223527294802445,0.10568320962850208,-0.054809930071574586,0.09374073132974028,1.0388465473049406,1.2496384398907923,1.2821145928788997,1.1024538883195276,0.8922872501780874,0.7013534302337645,0.5692958187250228,0.41919264377317633,0.32997164897028797,0.19842791947465477,0.0932651342819828,-0.04491484969821036,-0.19735893896054635,-0.3887179032619106,-0.4513873529045297,0.38114376289373425,1.2850639859935757,1.2590015558037506,1.2285745058461723,1.068161231690712,0.3459185610889696,0.5546700199104904,0.57137378086599,0.4948355430964092,0.0,0.0,0.0,0.0,0.6638154885765774,0.457790164061224,0.5617920830561981,0.5843902517162979,1.0608455155535215,1.1117639939151294,1.0840231354173953,1.0564647047315914,1.0391249408420278,1.057912151865229,1.0188325069627733,0.9313619578186887,0.7893088312085199,0.7495052088075154,0.6051958020432884,0.49160271262293564,0.4258385360763888,0.3553564641391868,0.31030299440294834,0.7124133660437502,0.9640886695403388,1.060564977037417,1.0894758678856615,1.1933039574403344,1.3770892510340593,1.4725145229794547,1.555343375971225,1.4558292686724614,1.3492160890700233,0.7275184984492071,1.1691514505014506,1.0597028766972363,0.9039930087715551,0.7358473445867612,0.5528127272794949,0.3472203947509384,0.7870778069297554,1.079890826423183,1.2255461442185802,1.4694584741959276,1.5857639943694664,1.5591518711476422,1.568875577024651,1.3919147390052988,1.2782010659052765,1.0947119866332886,0.9612726831427447,0.7414747721238583,0.580540773366561,0.4102449678723998,0.25538297133858645,0.1093335744416409,0.16413936699883233,0.7688560804291693,1.410686383026241,1.5044085065141188,0.5664808649448332,0.652307506373445,0.8231467701459648,0.9085220476363719,0.9996113590646969,0.6706312319581624,0.5339214811626174,0.31136701719910725,0.855516331355009,0.43883776294979027,0.4444562118073586,-0.019416544632950505,0.35659034239354676,1.081828318392141,2.367378281036438,1.923046727102976,1.8083417612330286,1.34391117379031,1.079755231645856,0.7713153930862569,0.4703740289962004,0.20212574100430625,0.07993465642031583,-0.11557627642174206,-0.21412658757324465,-0.3674258383616444,-0.4347261842434764,-0.27514272084879204,0.29143430309529245,1.093015168481511,1.3630221163401028,1.2561953923515536,1.356313039158298,1.2748367476658566,1.0294108941780458,0.8149537952466563,0.5954457676345488,0.594984369304853,0.3236809000049645,0.21574564436927024,0.09809292961539828,0.030049239100455982,-0.1051985470332607,-0.21318448868917023,-0.3499850771508044,0.11662565418695514,0.6953135598987479,1.0002978338005715,1.023815246803232,1.1436218265523006,1.2022082443469975,1.1186429350244982,0.9991883460929616,0.8341874275363781,0.7728945476977296,0.6529462925606884,0.5227807099422417,0.4544136259338767,0.3218041517767366,0.17875814586318595,0.17147123201128806,0.327864494056922,0.750080823498262,0.9549325881713018,0.0,0.0,0.0,0.0,0.0
2025-06-01 17:57:00.443,0,0.0,0.0,0.0,0.0,0.0,0.0,0.46809856623783563,0.4746051252151212,0.5132177048416081,0.4350170113109698,0.3370430519570803,0.24317165814092012,0.2070953723380483,0.14290308313634137,0.10517454029606799,0.13324625171808124,0.1791782964356115,0.20378825075632312,0.17683203606775533,0.1384801293791657,0.07220237567174653,0.034608473699948586,0.3303398760334893,0.4893517478655138,0.41075488771128754,0.33246308897570376,0.26407860423075125,0.15927591826458465,0.17008684097780646,0.13501834430679627,0.138638551172648,0.1394906647183778,0.1347035794456486,0.06944822862600664,0.008325796427296694,-0.0588676202980552,0.0780277249929748,0.5483198291423925,1.1006038521994084,0.9575213770949179,0.9506474304803342,0.8498472948257065,0.5978308152662029,0.43353849486409635,0.3293884988736522,0.1595216102381971,0.07229173525622357,-0.044699443808685846,-0.1440518609629119,-0.2325479260880517,-0.1446323638510948,-0.029265185839586594,0.3124499973573937,0.915312809915336,1.2988291331622266,1.1022963375915535,1.0140358718246505,0.7949999534046934,0.49745491650180407,0.7385160514559228,0.1997904646216631,0.39235196812864687,0.7244638686537611,0.4686851676852708,0.9595250052457136,0.8883043250162002,0.44268218187085656,0.9372754511579932,1.1224153472654606,0.4617706345812581,1.4524154576328738,0.9587948058523535,0.8439978190916146,0.585670324441226,0.40264311362614924,0.2907160225633483,0.25722643707938375,0.23870311625700036,0.23845853865204636,0.2441729096010119,0.29761061613821593,0.3134379985941673,0.35328380704999607,0.3663588171549277,0.3975119889125494,0.4001265191346016,0.3962016194813063,0.6301020264174195,0.6176914146232543,0.6255103493450143,0.5441507768284151,0.531584359230121,0.49263594881380035,0.4625369502841683,0.43204718146077425,0.4044380403070724,0.7646525198378624,0.33251118856081097,0.27796841158682384,0.20645199522095237,0.10842382722411792,-0.051635332743231344,0.10593299720895624,1.058014780288592,1.2600355129586092,1.3151821409383015,1.1228574832571387,0.9116376098435721,0.7280929729013754,0.5892156025731041,0.44258942451941996,0.3462255464222219,0.2173876763230238,0.10709111758843637,-0.030133627291554,-0.1817822195170662,-0.3870360512982701,-0.4518430967162696,0.3804858128866771,1.2853067776913343,1.2733114241217842,1.2474086694644906,1.0929478927875498,0.3771911770386845,0.3794382023323168,0.46998225356864337,0.44000099199313447,0.0,0.0,0.0,0.0,0.5067861682092787,0.5790238252098745,0.7108298377402502,0.5765588277254255,1.0721155189512568,1.1243313684164498,1.0991541448023556,1.0782493202328487,1.0754403872053329,1.1040571234040015,1.0683373982797186,0.9746504778810214,0.8366040926443388,0.7908263112329466,0.6292393614156726,0.5168414782657758,0.44670376905248355,0.363450130593918,0.30533442866648725,0.6915330690912158,0.9700436097786682,1.0747072244497693,1.1105863564852096,1.2252356726707716,1.4257038835811946,1.5129158204293622,1.610145662773359,1.5253965871278454,1.4016992343166759,0.8286455799554446,1.2125546276536632,1.1018609799394157,0.9334994608272285,0.7530860269757583,0.5575991333046736,0.33504967566624116,0.7780963506179324,1.0896814441612857,1.2448837681749572,1.5008980325629884,1.6180711387934608,1.6084143697252158,1.6170309104349525,1.43818860761282,1.3226747420862282,1.1404983536195692,0.9875298828881136,0.7684640155867491,0.5965668011447817,0.4242011809330141,0.2718481716133887,0.11739705565498192,0.17424416916782826,0.7705477585585851,1.443893591963978,1.5170139416499198,0.6464650531497508,0.6742625655784811,0.9471584542890205,0.9248969038854679,1.1198585490029112,0.5748013841894263,0.516766349046655,0.41670827332006927,0.8992759146289592,0.32295574215465506,0.4772739049225222,0.0014305614734140826,0.3721114231958585,1.1194020257690163,2.433477745707035,1.956610446752572,1.882409200562655,1.373462165429864,1.1128069414109676,0.8050998607491002,0.51668805810799,0.2329486804902694,0.1027658330703407,-0.07554721636506101,-0.19649129447211366,-0.3472616979752237,-0.419766762380953,-0.25153150366891236,0.32051833684320746,1.1421769033671951,1.4040827262273818,1.30158132964143,1.4068577575846661,1.338113208862939,1.0740892757691571,0.8585306988474295,0.6262696665698348,0.6432052335654854,0.3270871052961528,0.2141016199187118,0.08880158721767906,0.011373509437838325,-0.1235997466929768,-0.24243241745970123,-0.3419114502522811,0.1521019113485877,0.7523296852466399,1.0391601913012882,1.054552719664089,1.1676049938886768,1.2357366295069836,1.131344754390713,1.0214482103079714,0.8443841331833803,0.7633336237003792,0.647284672103656,0.5150310082059264,0.4483091561456276,0.31740203238084563,0.15600120481994761,0.16378375690058006,0.33459801312465,0.7563529027221899,0.9490258607972575,0.0,0.0,0.0,0.0,0.0
2025-06-01 17:57:00.448,0,0.0,0.0,0.0,0.0,0.0,0.0,0.48402298185004144,0.493505294379885,0.5063255894190319,0.41717777269910006,0.31318129597949407,0.2164306379601285,0.19761452652076084,0.10205555152342616,0.07244012451282311,0.106045220418718,0.15228737888409677,0.19101267373213748,0.15544236521624155,0.12207208235648553,0.052959158554504865,0.02805685888207636,0.34134643653659236,0.4811615992443736,0.3978949461619875,0.3155624587221614,0.23271844408336184,0.13578205116882192,0.13811227986916008,0.10900299944954783,0.12218044176478138,0.10904079458233973,0.18201568451336925,0.052964008716874456,-0.0006119710188804972,-0.06959024949746603,0.07984187236232687,0.5599011396566902,1.1035404468304721,0.9611211845968538,0.9326848507615825,0.8410222834737586,0.5928028881393934,0.42552626556109363,0.2854682625930114,0.18230210965025617,0.047278233426352734,-0.027858820574958254,-0.175000346557445,-0.23647914504002482,-0.142339874720408,-0.01564251126384053,0.3297151312397285,0.9418034396676651,1.2918780914438281,1.106568071883619,0.9882552514547115,0.7564109070013207,0.48810991569356776,1.032779838516668,0.3301534662418064,0.5999947458864592,0.7516219628628815,0.6947870206753579,1.1405766643061768,1.1374111752540228,0.45574435434265187,0.7960230132529751,1.0816827321814537,0.3013067449229385,1.5174304286524842,0.970187674551705,0.8313177557509521,0.5643482663738699,0.3739648891833278,0.25768423589977774,0.23124181335745964,0.21703334874920333,0.21860337063325308,0.2319739638581404,0.293622287222566,0.3156278385075295,0.3623809708824123,0.38265692395100004,0.4297620200930076,0.42065480172936554,0.4530920465148145,0.6392000722530795,0.5905327347002794,0.5851271237331479,0.49639453722327387,0.49196098655415965,0.4626582639233665,0.4319661167030282,0.41013847579614815,0.380935404155639,1.0525963823783169,0.3262112839319955,0.2700926411817727,0.21468268428635706,0.12141702814037902,-0.03514650753270193,0.08726789640470381,1.009164755449027,1.2110893600815937,1.2602728066455966,1.0729729321464994,0.881309511624013,0.6987543381744448,0.5702491762331023,0.41974527633114533,0.3293021223506247,0.19792813511121832,0.09559079502616696,-0.03234687905889588,-0.18223649348166182,-0.4011065686159174,-0.4760341978651291,0.3736649479522684,1.2725260835587178,1.2696754675896933,1.2372933729183841,1.0861334896074755,0.4940554357396684,0.35135353213866655,0.43074945328243747,0.4919787731829002,0.0,0.0,0.0,0.0,0.49583147439932795,0.6568120548660763,0.9724602347105059,0.6061143347023735,1.0903170413599839,1.1347036079332444,1.1033365520584233,1.0755805636124314,1.0813358284997265,1.0987092600555777,1.0527711580216033,0.9537659255864974,0.8076459568351142,0.7699449525736455,0.6085249707576308,0.5022861344019751,0.436923974527452,0.36441933812734534,0.3272207886084047,0.7531094241639162,0.9928513450263052,1.090490310653687,1.12606462565701,1.219412139359295,1.4070194783830392,1.4857848355228223,1.5660598443617895,1.4883297798280613,1.3585160752866694,0.6950110604272792,1.1621361583876144,1.0660892225496923,0.9051664855294961,0.7275143950036987,0.5575415831472686,0.3704219575110444,0.8223709420430644,1.1018209512114685,1.2417459690063368,1.4913587506396186,1.588722825749079,1.5675671249653214,1.560323085135702,1.3773684775830601,1.262764466009362,1.0905853229761773,0.9427278518953841,0.7333376987067203,0.5648078102949475,0.3987710687543879,0.2563774684557045,0.10660457601887745,0.17598791306334716,0.7645553001056946,1.412576262829771,1.4894545040803342,0.7788261344992234,0.4847995700331428,0.9305387943983577,0.5919399152644846,0.9026642296181613,0.48637630599516046,0.5314763985764437,0.5087566288703014,0.8172779715173174,0.4090826844913761,0.4317399403491682,-0.020175863284396356,0.3613407475578498,1.113586605942523,2.3700913099620156,1.8949116097449832,1.826888474425885,1.3662383301730103,1.0769827477508052,0.7718455708896301,0.4455138302622186,0.2176383082720439,0.05399833021376921,-0.1057760940813477,-0.21808613594677329,-0.3615399801728107,-0.4301796154273982,-0.2394035188441318,0.32217146360280274,1.168134925711907,1.4030068219233491,1.295709098113931,1.3918093336535167,1.3104825371739504,1.0661118813357566,0.8350242303293374,0.59453333279058,0.5546703448018161,0.30045616088682947,0.18606565537476505,0.05901822869385587,-0.029106684896361368,-0.17232550811541425,-0.2882419107898891,-0.29088173209331475,0.21233393266952644,0.8431199680234747,1.0859433565631444,1.0901221832788468,1.2044542166749517,1.2488224348793402,1.1104433486643672,1.0024987499357407,0.8273792795784953,0.7397728218333108,0.5978419215602657,0.4623473216447358,0.3913389330434929,0.24870531145070418,0.11276129657684741,0.17272258249628164,0.3984204947003793,0.8230414599954118,1.0013309214521224,0.0,0.0,0.0,0.0,0.0
2025-06-01 17:57:00.451,0,0.0,0.0,0.0,0.0,0.0,0.0,0.4905326915352791,0.4792596065957321,0.49271034684835646,0.3970232178684049,0.2938509344219563,0.19831596374335503,0.18915188460175514,0.09137785817675359,0.08284043069310842,0.09556011815851251,0.144498240303978,0.19690365609792537,0.1615801443793951,0.1226166654599618,0.06031285423241428,0.02068173026903232,0.3223190664974429,0.4536048883949359,0.38835991304440465,0.30819349504366056,0.21653944875475517,0.13391874085155742,0.12457563770375235,0.09489033014933268,0.10241937293045611,0.08860904845394857,0.12435454280498487,0.030092182769116183,-0.024043708251513474,-0.07631712815211916,0.08178342427507385,0.6094323557601058,1.0638400486446251,0.9647209920987897,0.8659445352776712,0.8402349222281642,0.5536382755238676,0.3938765905845403,0.23338374534044903,0.14589657605640682,0.024482533183724176,-0.06712652912642603,-0.19276308058549474,-0.25697310337476964,-0.11846902924717306,-0.007124319425721837,0.32661168266880597,0.9544633446369979,1.2849270497254293,1.1108398061756846,0.9447749475563919,0.7194907643959234,0.4730503696505344,0.6889248969496549,0.5009228791762562,0.5178315082020701,1.044444477637382,0.8523474402751676,1.0180341748433919,1.1418369721183046,0.4833678155001165,0.7910117541654078,0.8151070666593687,0.4919254887252519,1.542639781552089,0.9826550476531236,0.8403263358555204,0.5830403926231149,0.3818608503046803,0.2547351728863312,0.23571986462227024,0.21205704505925294,0.22500304622837786,0.2475760452955338,0.2899621117740936,0.3150716008041319,0.3674300400681688,0.392214486144437,0.44255852816624724,0.44411990979771643,0.4949872257635971,0.6705626139866578,0.6032727726988648,0.5967740015806069,0.49539324523399886,0.48472904067177436,0.4585596914650436,0.43779030505736305,0.4166627255160773,0.38334429235204737,1.1242013257008343,0.3352839406091699,0.2830684679676557,0.23331802877252739,0.12992392410433917,-0.008419240333585543,0.04771791752818616,0.9812772318382269,1.1755318121907274,1.2304662581912917,1.0511033820280755,0.8603657188878147,0.6911058392730702,0.5716996465135162,0.43672686875957467,0.3346852462257883,0.20958661696969072,0.11971784325720458,-0.01803322141750341,-0.16205944793688642,-0.38486018510592046,-0.49933402714191455,0.32935253107677714,1.2288440329684915,1.2492244433268813,1.22270397666405,1.0839640518707723,0.3923941897369237,0.18124122762454398,0.669399336226997,0.456553884605141,0.0,0.0,0.0,0.0,0.5198619993169419,0.7629292616848886,1.0077592932100412,0.5530357848219886,1.0497882112032848,1.1117571988948736,1.0833291747121923,1.0526391069338756,1.0641540998632377,1.0822428462436389,1.0441857200130467,0.9649704123260023,0.8265354920682286,0.7867288228800566,0.6234533255164569,0.5267853406289809,0.46951451212466755,0.39113227606198303,0.3298083046605447,0.6883256501823378,0.9478409403419887,1.0518059672079951,1.0969852435704834,1.1819677715260282,1.385063648601416,1.4645063076984601,1.54950333699948,1.4928558176253712,1.3623621214153772,0.7745807604751014,1.1890426755104135,1.0901489061854113,0.9390788241576742,0.7551040139080271,0.599390528286489,0.381617536236089,0.763973126465229,1.0254627423444134,1.1668249534704658,1.42494343141063,1.5248950274106003,1.5147079442512845,1.538861550652828,1.3709551213416555,1.249574193622018,1.0920664784349499,0.9561696502216934,0.7501344493677023,0.5898103046320095,0.4288028240281318,0.29087929549641967,0.1452866042121902,0.14953002871396742,0.679429830794349,1.311622754811733,1.400177434409711,0.849423345876689,0.5519663789285215,0.9469859785682925,0.4406305769335276,1.0128126737673635,0.5626055655187227,0.5779337292166875,0.6353473285013373,0.6006706633825922,0.30598169926486796,0.3859409401094851,0.01887447033399786,0.33262435917781513,1.0779066798797141,2.2934169162935594,1.822034174667109,1.7777533423315526,1.358224387611319,1.0683699637890383,0.7614460458227463,0.44863141187291933,0.22579865613471184,0.08286741744450477,-0.056856588324540436,-0.16456198792774868,-0.3225724844852882,-0.3890547825958909,-0.25003436700248954,0.2897985892373058,1.14959828978314,1.3805337315850763,1.2801427559770375,1.3930974358809238,1.3097278637265977,1.0828528238179942,0.8418303717911491,0.6056338239488432,0.6213221454794815,0.32825601971627805,0.21498799865637142,0.08346931961109849,0.009456808385389537,-0.14112045744285218,-0.24852171782854393,-0.26314759622466416,0.1416710217639962,0.7425624752758386,1.0376696544158905,1.0612139142965185,1.1699698893444082,1.2252809719003346,1.101856338991011,0.9925440016303284,0.8432934270008572,0.7563026308544964,0.6274204921220154,0.5021892950812856,0.43921657222957644,0.2949792280591276,0.1702442725783656,0.1888057738437104,0.34276581309665466,0.6840552075317489,0.8955605164789429,0.0,0.0,0.0,0.0,0.0
2025-06-01 17:57:00.456,0,0.0,0.0,0.0,0.0,0.0,0.0,0.4170527795352197,0.38266686925220394,0.38719405158708387,0.30016322931433836,0.20359201166930296,0.12395892946472553,0.12840442653593132,0.058026019205942636,0.0847877074614084,0.09119850494714365,0.1391257212669726,0.19358173719802607,0.16781826518003728,0.12955261322847805,0.08182004339896715,0.028975717552668437,0.2975187326641481,0.4243432067325575,0.3513234562070875,0.27445326153939875,0.18265497419951604,0.1191859399386348,0.11529713505697226,0.07702992487428983,0.10117607037654408,0.09510743190200766,0.21790492481497886,0.042810265556117666,0.0002457980172773655,-0.06497601186837845,0.04552422889757704,0.5243722948587493,1.0324824057784618,0.9683207996007256,0.8587392029349982,0.798810371598085,0.5219565470476712,0.3593506426998405,0.2241685040369097,0.15342881661063368,0.0028426866783891613,-0.09394041146966126,-0.20717391186425071,-0.2292791451299862,-0.1013064217392628,-0.018884110009124655,0.3096876585440184,0.9259237035382941,1.2779760080070308,1.0732387647833386,0.9126291362204985,0.6842382638746831,0.4611509448233211,0.7299707199288814,0.7565365785198767,0.6019578910294074,1.0614449542084161,0.9394713924491642,1.2061726307004639,1.0116519468813032,0.4521233985562672,0.7517298010590049,0.6954592349730077,0.5663601585778855,1.5569896151705063,0.9864492789485547,0.8189581992819246,0.5627815065209487,0.3724120877321482,0.24495835611486916,0.2394356849195569,0.22015089731431137,0.23488107709344064,0.27959269785244945,0.31949962984938707,0.3609559763855088,0.4116167654114108,0.45000822626450065,0.49941034961869785,0.5265930084783897,0.5967781631356176,0.6488796547934319,0.5488321280983034,0.5446257208268768,0.4679816044992364,0.4675622759938365,0.46597254362728746,0.44950293635003646,0.4450189859437941,0.41042612317939087,1.195806269023352,0.3763842173187133,0.33294379103213234,0.29415658900927044,0.18621561229712935,0.06279968765461474,-0.014046628668648004,0.8834760037277843,1.0776078104407172,1.1633252499369364,1.0069583154302195,0.839380010783964,0.6937506855602165,0.5849091392533894,0.46500158584602813,0.3668016605592299,0.24447369379433925,0.17972720426695843,0.043766108698209294,-0.09793831719992574,-0.30893193226355886,-0.48385507753336976,0.2393762147009652,1.1281447217125304,1.1968558187227651,1.187904192870561,1.0616122084940571,0.2712888624679625,0.2546944773727399,0.6441900777207015,0.40206950895824656,0.0,0.0,0.0,0.0,0.19000702929688595,0.7830805366747213,1.0357717124896753,0.4850513380067816,0.9951371196706966,1.0820046877473157,1.055851526307624,1.033109881082888,1.0283475474782027,1.057524435497123,1.023986347695406,0.9479405808662338,0.8347552864329235,0.7788360629593845,0.6368567683429074,0.5464522546809831,0.48198443875384767,0.40343235343235634,0.33331103907779264,0.6601973189743249,0.9276301384690753,1.0374706965703442,1.0832275393396589,1.172722316019771,1.370266039557195,1.4506132588825826,1.5400194516607262,1.5001986746300842,1.3585990230552898,0.8885333236018647,1.1796694148784215,1.0774952000216103,0.9218386547098272,0.7348319258975632,0.581108559072212,0.3590042910210287,0.7942148544936801,1.0611680006211426,1.1942717725383987,1.456504922983928,1.557523004627396,1.5417760642182283,1.5528399632823997,1.3791337437573936,1.2512307095470314,1.0785399152797153,0.9529538317750865,0.7337459208681153,0.5657115613200859,0.412407893538472,0.26819125752540907,0.12713209429219485,0.15818861877374651,0.7067520470553101,1.3560268623441138,1.4398004485541773,0.7937633923482154,0.657167066709787,1.0482364321455617,0.42869507657975103,0.6302628801338181,0.3576051209849266,0.5477875255127009,0.6229028743254925,0.5160852419977996,0.29929225193135145,0.36159372625682296,-0.004830915094518329,0.3161905631427649,1.0614490965104215,2.2726261279696414,1.8269689636527293,1.7540546436416582,1.3606561574737586,1.073977137011488,0.7471354804348005,0.4496133712454762,0.22044058230182895,0.0795077140990641,-0.09007198056280652,-0.19705922556489464,-0.347818573603724,-0.42141918849608034,-0.23767818008579056,0.32510983421072764,1.197675118398106,1.4230359620484792,1.306736466576789,1.4179764834779065,1.3265603186379644,1.0815635243237098,0.8238203569993556,0.5774969251432147,0.5900327514192854,0.29017746963975455,0.17240047762482957,0.036150357452767734,-0.02820372665728188,-0.17806154091427906,-0.30580044957294067,-0.2982541849556485,0.2086866927787812,0.8032548850625463,1.0836864986897565,1.0859955618239328,1.1774849655102793,1.224208835548807,1.1043930530215005,0.9991990334657754,0.8270359621155101,0.7426093790752664,0.5926627720992514,0.4694690649176503,0.39164691684877684,0.2481679478628528,0.12671268206107422,0.1257667875085408,0.32522235720910964,0.7161600864456549,0.9418569502782321,0.0,0.0,0.0,0.0,0.0
2025-06-01 17:57:00.459,0,0.0,0.0,0.0,0.0,0.0,0.0,0.39638128382086835,0.3048852437735359,0.2808781436692761,0.21696819733175943,0.13198578249604453,0.08035362233628673,0.10012728102391921,0.060897593178301346,0.09953511422448458,0.13350724941126946,0.17993408127687754,0.24708188406917175,0.22374321061149077,0.18429193052719228,0.14945663409592322,0.05974822720838187,0.23664921837383962,0.36356912021469007,0.2813996061821692,0.23041133444743422,0.14462936717036645,0.11277981515097468,0.09580112919942607,0.09463158956315532,0.1152248829878566,0.12460703641977666,0.2673490891934315,0.09147730077243332,0.058673495473385906,0.0025703461430688634,0.05412595043937027,0.4031346458899612,0.8695794354052686,0.8780738374381122,0.8055827966969366,0.7444513776407795,0.4996037401167046,0.3064475146106229,0.1822064020238805,0.1517656610460838,-0.023382537332702014,-0.09214072661600958,-0.20521482426091875,-0.22308351723712733,-0.10502985649180213,-0.04378984511855788,0.2765371855882449,0.8737661151144136,1.2710249662886324,1.039513651378616,0.8718021382978339,0.6539139065248989,0.4455449423066795,0.841127844635368,0.947699119049445,1.0570868682567414,1.0784454307794498,0.9009427984595786,1.1767112927380232,0.6040518498849566,0.41068143591508194,0.7583766667084644,0.7767238940776582,0.5403459544185385,1.5194969620309782,0.9805524433579716,0.8074747601195935,0.5536968994799027,0.3577349553562583,0.238744152857445,0.23997869763125634,0.21092977539779678,0.2325096649092444,0.26950647630666036,0.32102680339463574,0.36648221374066137,0.42178001098971285,0.46312468559224906,0.5216059035201255,0.5640925853557147,0.6488517636190847,0.6106705619169306,0.5310574565721576,0.5023821632695991,0.4336651981824611,0.44244137785729243,0.4552761057432635,0.4391063861807538,0.4464323493773621,0.4240966779430537,0.9485094036264403,0.40072910531476236,0.3499818574395198,0.3142802407081636,0.22366111121679855,0.10075006941865533,-0.03890016225658888,0.8223990230535982,1.0103776954708366,1.1089354301657028,0.962861438812771,0.8113842797259279,0.6784975430112217,0.5831992238618517,0.46713641978503695,0.3739706716319191,0.2574867085518109,0.1901123773052491,0.06616908656094056,-0.06279889079284007,-0.273333755974587,-0.45243584417531085,0.2130749548040493,1.0782955577319795,1.1796728139600896,1.1718913287320287,1.0491398588437328,0.4901316194253765,0.40847463110741794,0.49227062138366756,0.516661339496723,0.0,0.0,0.0,0.0,0.12054859933100481,0.6404447358915382,1.05169549819585,0.5074495092974736,1.0024102284651486,1.0883544186834444,1.053678418499287,1.0218498287641165,1.0133932946296171,1.0264694397896552,0.9810928618594508,0.8936875319796971,0.7692817215850623,0.7295565847009922,0.5943543003346088,0.506043860787522,0.44267757487808623,0.37769554027155144,0.313998141449424,0.6754602881372387,0.9513777289184873,1.0551794106187837,1.0951255547036596,1.1750645542051426,1.3586302954361862,1.418919872225545,1.4926514354063465,1.4370221422705145,1.304471715852434,0.7295784206879026,1.1296037511331236,1.0031734078319716,0.8561216737565196,0.6841876097952896,0.542953022708502,0.3917397708295924,0.8557224121686214,1.1199863018324765,1.2247807158242772,1.4625009072113138,1.5543306434367383,1.5162005291886327,1.5243992694711106,1.3405174788596923,1.1987335603746616,1.0260875108591798,0.8807157261163412,0.6815686039906975,0.5092749615246267,0.3720098176379309,0.22449874797912683,0.07472983698927683,0.17978783146233449,0.7338628428698253,1.3667996885000089,1.44713313929649,0.8589238962391178,0.6419491653337281,0.9700678780256314,0.5531551429234048,0.6877346119754668,0.2953420528566094,0.5206628799889284,0.5439512237625148,0.5393192647115886,0.3408279969306153,0.35122983932601404,-0.03929424913198004,0.3097130503526098,1.035528297093818,2.2308559635435525,1.7940946612958062,1.7009530118089167,1.33292310509747,1.0420841131807699,0.6816864817829038,0.38903228285722946,0.1906306356799845,0.034853412226938385,-0.11836036885708512,-0.2485198074520124,-0.3625760043816321,-0.4504809405460427,-0.20863691276446183,0.34942360871291717,1.2423027323512144,1.4427117581416204,1.3126880423608422,1.3925285689393232,1.3143842593080983,1.0562345077487176,0.7799854328703015,0.5515238785415117,0.8102749382256024,0.2497942361282337,0.12607991375346317,-0.024921435852418128,-0.10137661800386544,-0.2405515294885222,-0.33537171529620546,-0.23311987388322195,0.27519522240142874,0.8815858512586672,1.1288608608554456,1.1240079794495204,1.1859141145386776,1.2486715694649702,1.0908846029093016,0.9725518379430209,0.8100965688529389,0.7119787422616457,0.5598026914973198,0.4269030407160195,0.32418945644951846,0.18254919828823613,0.0688586546959159,0.08595351065418527,0.3373860451150912,0.7563160672939083,0.9845840371658681,0.0,0.0,0.0,0.0,0.0
2025-06-01 17:57:00.462,0,0.0,0.0,0.0,0.0,0.0,0.0,0.3691622328798937,0.2504145914607896,0.19503023564603772,0.17161893497503344,0.08815074767261577,0.049113260412006254,0.08120382541597337,0.05599207279256002,0.10031180010468488,0.15146001909574047,0.20500016314210717,0.2664640241520373,0.2529518636811435,0.2179412713025498,0.17491558326747852,0.06803726363819072,0.1839927464083443,0.3129793076052874,0.2566855906785961,0.21651460717653104,0.13474732179060944,0.10593485601804886,0.10099329300847404,0.1179998523582082,0.13562714293646616,0.15633800133786924,0.3571009972223018,0.13131293463538263,0.108491896181028,0.03820691867834505,0.054139292169847225,0.3064562263545574,0.7483318092256239,0.7789973221105791,0.7273854865878481,0.651788967990462,0.4961922070506495,0.27577181078145796,0.18887070891175117,0.13902140630723103,-0.009084638559036073,-0.05347122476419752,-0.14316511284287226,-0.1560624608110905,-0.03551222935413145,0.0017461038783812555,0.26239462553899623,0.8031859800068144,1.2640739245702335,0.9875665411503707,0.8047515774087569,0.6130100438279058,0.43840592690255176,0.7937306303671428,0.9852217447436236,1.067276474036634,1.0954459073504839,0.8510843586397936,1.1472499547755828,0.5756964023222743,0.5125966732152372,0.7604970050206756,0.745259616708508,0.4953525114366366,1.466074394167092,0.937483264685138,0.761894099620241,0.5317702369123714,0.3584425532046984,0.24137156637348145,0.25780702706859904,0.2276406077272437,0.245818602272164,0.30137319457888756,0.3512566958975407,0.40656918528828956,0.4687488676659629,0.518807032110888,0.5809917693818756,0.6327037699488904,0.7010623333637175,0.5810775607175869,0.44418532358177265,0.45058443123887826,0.4047662485190946,0.42017839359474185,0.4699292031309117,0.4616705611581282,0.47450270966692987,0.4577459914640576,0.9545924408195205,0.4514850153547938,0.40797387706188404,0.375573614122796,0.2989885150580748,0.18026504280497763,-0.034592191203104694,0.7076729412494465,0.9099252891374267,1.021264885212818,0.9326322927211643,0.8086387428441093,0.6871286873942217,0.6059556257499832,0.4892972708767305,0.4136765279652874,0.30031451713208424,0.2556772938227063,0.134329088381812,0.015501233363153677,-0.17335329018821322,-0.3796440795594421,0.135872831230479,0.9824646340137947,1.1224079360340777,1.1227757079831897,1.0121784473875906,0.427180597670962,0.5343824268311212,0.4700236006986916,0.6410621420051648,0.0,0.0,0.0,0.0,0.2403730593019494,0.6392282567700804,0.9945437831824041,0.42229210291719155,0.9400289877195742,1.0590096127427278,1.0236799649277881,1.0020693704789863,0.9879369008655823,1.01456298037407,0.9668562293227532,0.8874964233389848,0.7783518119110506,0.7323533792738894,0.5981246443860306,0.5080554884686419,0.4372732906494934,0.3651323607613302,0.2792370956560747,0.5977398538273817,0.9107859379284182,1.0348892938503582,1.092702248788192,1.1666976877041288,1.3380351487616229,1.4184877101630895,1.48221214152003,1.4174035166239312,1.2840488335465603,0.8072756049598722,1.1115425367213145,0.9838943946912126,0.8327530314659028,0.6623939893766225,0.5201654161087134,0.3576071041302692,0.8487658277150747,1.1427861198469085,1.2280667161857575,1.4767962024892316,1.5742486014167736,1.5224152618149038,1.5076814151637543,1.325039160389829,1.2001500647075471,1.005562193047699,0.8740448003442483,0.6635301152793297,0.4994670106456077,0.36240949137050943,0.2059714977926257,0.07002933738649121,0.18738430034189518,0.7608121371857909,1.368237649856089,1.4584848946908786,0.8197600883247288,0.43790588555810284,0.953180686058596,0.605536089855763,0.6744587335299435,0.2870553857827456,0.5615806973736648,0.4451854759323208,0.37328687732949595,0.4687754973964533,0.33807753783994043,-0.03681898214139728,0.3241540188294129,1.0253493134748783,2.2392000173436815,1.7834951493028626,1.6783616566359565,1.3483429792884847,1.0387181397592073,0.6781334408795945,0.3713640153127076,0.18728937140772506,0.027644850662627674,-0.15358746761061304,-0.2646084394200544,-0.36681066370732324,-0.4372832288950549,-0.17616034709409445,0.3951502139486754,1.288739916281842,1.4748183003356699,1.336422296647606,1.405488295783698,1.3192118593080433,1.0528158069302709,0.7629675376007683,0.5348234461570283,0.9309327805128228,0.22495837213202496,0.0999451680754937,-0.06462669720010417,-0.133383246618768,-0.2754487249341172,-0.37799701971855415,-0.17988559841543666,0.3242588400535676,0.9478183509753915,1.1587419297315187,1.1538023052374746,1.2085463956335325,1.2429345101804135,1.082732506307078,0.9676390596374733,0.7895711781683714,0.7114871414719544,0.5347329238697094,0.4106192359895522,0.2870450505501547,0.14519601996032672,0.04514566754422111,0.07929305350679439,0.33722364151383755,0.7661254290261937,1.0096006285366979,0.0,0.0,0.0,0.0,0.0
2025-06-01 17:57:00.465,0,0.0,0.0,0.0,0.0,0.0,0.0,0.36432416301191806,0.2756616456172978,0.23906400627461943,0.21749875103009408,0.15063059234237908,0.08012753718252197,0.1021268874512341,0.08585115450041125,0.1234264144997026,0.17108664796929052,0.2013962136032103,0.24773807672131332,0.2394725603456282,0.19916070143659842,0.14904788695593624,0.1232790966882815,0.2621049206701033,0.387621522326481,0.3311264226572822,0.2896266673096294,0.18247930078210284,0.15580988839595666,0.12752864227651828,0.12655281547863462,0.14091581643238982,0.1546292359587429,0.40410529322171485,0.1143858248508578,0.07882251192571521,0.012363954277243017,0.09195555144076428,0.35789640699332437,0.825293636607239,0.8201065404969695,0.7909681495116302,0.6653711771540731,0.5134270249869943,0.28349459635615726,0.19522383628398376,0.12012509891356782,-0.014027130885883032,-0.09467123107854558,-0.1689513765515568,-0.1734419699516458,-0.044527586690228715,0.014177600280801395,0.2760517514712207,0.8048406907504002,1.251940930372394,0.9999625629033992,0.8281862204002303,0.6594945100822798,0.47076741892569385,0.6044470654254872,1.0161345636753822,0.9016396138559959,1.1124463839215177,0.8784597236964058,1.1934469297957706,0.2223353912376968,0.5098599402170452,0.7706074317967166,0.5453812467733394,0.5620475292510069,1.4627938391572954,0.9716023992981065,0.8094726115564221,0.5972296690174697,0.4241917875924679,0.2828533208341901,0.2943827437541324,0.257122289423362,0.2583015705178797,0.310675986511856,0.3564840475186952,0.41243700765349334,0.4609146385649071,0.507000081949905,0.5567788379164835,0.6186412141915543,0.7034760596645995,0.6123169738744043,0.4880670869802447,0.518836863260945,0.45272595752684497,0.4654326463726155,0.5138575435769219,0.499559290381157,0.49870303722915166,0.49541977050287933,0.7519206350574843,0.4706043627975711,0.4202993881650222,0.3779965921956324,0.30586614149894165,0.1726372189729482,-0.03246148515551803,0.7229786268625235,0.9213268314839375,1.0496089893705585,0.9599031322371439,0.829806953425811,0.7096324817007604,0.6312108015330202,0.5148003493005167,0.44333730389362613,0.3307163875623673,0.27443856628450947,0.16349612919958734,0.042844013413535276,-0.12757135015887022,-0.3453375323716767,0.11446365310940276,0.9563502128965847,1.1027944085245043,1.112284915168373,1.0056212413760077,0.6615084614994955,0.595412649816466,0.5753139343599949,0.5634454637272277,0.0,0.0,0.0,0.0,0.19003656703942884,0.7261513364265972,0.7868933259002585,0.3662820976383766,0.9099728668503069,1.0422475700251155,1.0111970240819252,0.98747503090626,0.9662576541459573,1.0042149605987973,0.9756967903483202,0.9035387984538996,0.781784191522453,0.7483783989844861,0.6220734021465708,0.5201502161053853,0.44451971519155453,0.3632568741245949,0.26018687216582376,0.5179381898592279,0.8637154015544476,0.9921157713722248,1.0699122648845176,1.1406870580515167,1.3118850862967653,1.4007932905533327,1.4752633551223666,1.4021617076202009,1.2991117994298949,0.5674095679399533,1.1436693096170982,1.0030178921723625,0.8521566154247144,0.699118052452319,0.5427191695413722,0.3340932963304279,0.7714564104025964,1.049523738410314,1.1685109620261627,1.3988956479029306,1.5212081957527865,1.476558510307392,1.4698206417197137,1.3202441707658046,1.200945774032569,1.008005859382103,0.8732962302067779,0.6905199130180778,0.5262504505999489,0.3946581372456816,0.24304032195618663,0.10524137300457724,0.14260651107186223,0.6886408301152347,1.2672097684019947,1.3728247131656173,0.8288823587229429,0.44099103534253625,0.6895026132825148,0.7552147503023555,0.7199885095390837,0.3078756193258503,0.6273599868548898,0.32286799554848805,0.4321149255020382,0.517816291261032,0.26968373041665605,-0.011166463339284727,0.28496446780856444,0.9219639020654282,2.087121860297447,1.6749052987742947,1.5496039832883954,1.2498073330547244,0.9837298542294939,0.6536391353231599,0.3797799084064153,0.1734933675834316,0.06250031684639001,-0.107255469822094,-0.2239913275399752,-0.31722354677163955,-0.390531719177874,-0.19697546022078638,0.300281575899169,1.1801964979822874,1.3961930686524484,1.2685286579901747,1.3335798081259078,1.24664801464466,1.0056278471145692,0.730171591057404,0.5296508905012696,0.8925707537322859,0.2366984397388172,0.1390370571763142,-0.021915776817933885,-0.07166986029474387,-0.19342325384675474,-0.28934577197964606,-0.17220635004106383,0.18594749826512352,0.76606534569517,1.021573835202946,1.0495869063860503,1.0932014164247843,1.1414595014945301,1.0383466603891165,0.9310535350002485,0.7842428895631499,0.7178217784637613,0.5800659033980857,0.4725360298109984,0.3646621102578347,0.25521247705769856,0.12590145737635783,0.1109280312353979,0.22989035899275512,0.5612503141625335,0.8328759784103084,0.0,0.0,0.0,0.0,0.0
2025-06-01 17:57:00.474,0,0.0,0.0,0.0,0.0,0.0,0.0,0.3466763401926829,0.3029801725275105,0.28036327718269594,0.2868321224615078,0.21277837411905975,0.1379862932591992,0.15034475311312534,0.13922734957307858,0.1622745154351708,0.20652346552372358,0.2302300044081042,0.2582492794599405,0.23948297406957192,0.20677031264482526,0.15140404505002886,0.1391443049162816,0.2952798916830303,0.4261084944006804,0.37477909136344656,0.3191663953087348,0.2330230611538453,0.19809846510180407,0.16260492286995598,0.1635657013323326,0.18446133269493825,0.188454279850496,0.52292893260586,0.14749070592523572,0.10149592456150885,0.022769685970515013,0.09593207677926052,0.3591466483954102,0.8243779589257387,0.827920361296211,0.8126821012481794,0.6497746191266238,0.4979767568076747,0.3197441205256315,0.20136147195001008,0.12597386561984214,-0.002384802201171543,-0.05844095612748201,-0.1272247346960086,-0.15148809001651076,-0.05567255452120745,-0.020361457847864806,0.26630600946554234,0.8005448110062685,1.23512509501961,0.9708905754630475,0.8270772921925428,0.6796840082693727,0.5167793846809106,0.8418303986882325,1.047047382607141,1.046163158552593,1.1294468604925516,0.7042612811901504,1.2396439048159584,0.30243879853296457,0.46868077215223986,0.8620553338448639,0.5279605672917174,0.49454969191276044,1.4465766249193424,0.9877429076942384,0.8259340912921822,0.6213337327625548,0.44687320403686415,0.3022711964437039,0.3139850000942246,0.273171155760519,0.2618661751718314,0.31462399231488036,0.37255786271641966,0.42431011501017046,0.4725355554763776,0.510552454434781,0.5513994896193681,0.5964448205134015,0.7031874964065356,0.603732376975731,0.5008900256064036,0.5505546654305136,0.49278225674328624,0.5016213585399945,0.5560563804697414,0.5344020670239975,0.5293636114047318,0.532679072519288,0.4392485431284369,0.4918373911021585,0.43592578561867124,0.388891594860599,0.3112068581197879,0.1627384028834435,-0.017581167785176516,0.7504093735553348,0.9523581214575879,1.087534720949538,0.9953174445726425,0.8600616296199488,0.7392055124032642,0.6539747052946869,0.534418640621781,0.460313604629494,0.3477227207821201,0.2831591505677318,0.18853548756243477,0.057573210798847585,-0.1046103788529299,-0.3360013462795441,0.11116471140573059,0.9398309446277914,1.0971044115498658,1.1092502479340958,1.008801104871061,0.8675083428569474,0.5827782799358623,0.6797042511106792,0.5677710189006215,0.0,0.0,0.0,0.0,0.13218701524430948,0.7005543104564034,0.6990839986694606,0.34753546753507314,0.8905255264994003,1.0388512611124878,1.013925787951129,1.0003459149360063,0.9861866900125189,1.0347836481271198,1.016714861117464,0.956991200534623,0.828049432801909,0.7998643306291178,0.6779989637647277,0.5575243631316789,0.4699860593092773,0.3886514058932011,0.26901748773000544,0.4778380800194348,0.8384258017860166,0.9885681481284865,1.0661744613266984,1.162163617671344,1.3439183948423932,1.4397582281081012,1.5384659625540036,1.4539977303554397,1.3577099026095099,0.43268812971361287,1.1953990887141104,1.0401158307039506,0.8776504290859912,0.724560966426799,0.5467779303204684,0.3177355878847597,0.7664696301234195,1.0587631492167127,1.212605654941199,1.4538775348641069,1.5869969436673448,1.5348660163989198,1.5332243916679897,1.370754371670644,1.2491614240498436,1.0650151302356714,0.9121040670802092,0.7190552751242413,0.543797959051309,0.4082702765100103,0.24631756612778877,0.10906097256972573,0.13256968381872228,0.6999975334433798,1.2987285009366945,1.4057076163008677,0.8358967388838211,0.34982051599062836,0.565357972605462,0.699468646561083,0.5797946106030958,0.35656540805014536,0.6743466323351657,0.2558650627448974,0.47747723889922655,0.6149567594571321,0.2066826564818716,-0.015817193580648647,0.26692727913837017,0.8730712723522286,2.002824350458392,1.6446001596832927,1.542998383528567,1.2397663703281219,0.9616246064102987,0.6619293963831541,0.3701169706336318,0.1672294386280171,0.07299920319619413,-0.09483859759461932,-0.22043907888938952,-0.3051851384715849,-0.3946382264326399,-0.20383920645460485,0.2993862577534419,1.1691867621422807,1.3579209031412982,1.2454129115864305,1.312523489203135,1.2030349143028551,0.9658586969672527,0.7298001125256508,0.5170041370470753,0.854208726951749,0.2254329854931867,0.13279637526530919,-0.019562768366727434,-0.07789089518226211,-0.17017219954520202,-0.2532892702586913,-0.1383797286706831,0.1624555562731102,0.7301269525629448,0.9738987871568081,1.0070634275719508,1.0526815708065556,1.088091973153285,0.9842265904094427,0.9026305601814757,0.7667570295600366,0.7062149529951198,0.5840685880410488,0.4854475961972464,0.375451643357783,0.285417127993857,0.16394161793847395,0.14377993736324296,0.23275850127132913,0.5048343533317826,0.7963832166311651,0.0,0.0,0.0,0.0,0.0
2025-06-01 17:57:00.525,0,0.0,0.0,0.0,0.0,0.0,0.0,0.38131900062222357,0.3695293094756775,0.3874791171130947,0.39427548901073595,0.31445992646158605,0.21499742806604727,0.20650630092642752,0.1784536135022825,0.16948179068877067,0.21521563607593763,0.2322278747454311,0.24610477830312316,0.21793412161589737,0.18686629105981872,0.12577842065391706,0.17984824783241599,0.37887731030994937,0.49244109722302504,0.4613104731939234,0.3984012427044764,0.3004974999230867,0.23569140333269845,0.1982527571457222,0.2022858069647211,0.1936510193951959,0.19784581892237285,0.5512178485603249,0.14354004479301596,0.07966419116855444,0.02959832074388344,0.13353846399399233,0.42712702795084545,0.8959257761840667,0.9084296132343951,0.8649409164429803,0.7197527134742481,0.5297478374826765,0.37398988492684215,0.23077512739819528,0.13885030124799425,0.05155128779467577,-0.028570416703571855,-0.10754789092148942,-0.1446885160729004,-0.08606629966946933,-0.03175871788154733,0.2766378357294715,0.8321051497904943,1.2994073207157202,1.0290819499331931,0.9089800789650625,0.7659481172592806,0.5754478753126844,0.6374313918571308,1.0779602015388996,1.1080166795266309,0.77456145728153,0.5138898716534692,1.041172662774885,0.35102500967486205,0.49024361776748165,0.6244012243288222,0.4681366514485368,0.43002923303012697,1.4865698128446079,1.0397967688451597,0.9195343532471039,0.7194754347762329,0.5249607889480166,0.36481916218035626,0.3502124037365786,0.29635274661034305,0.273622523846063,0.3015643378138084,0.3623134310780416,0.39042367635455477,0.4357922399243571,0.4647563799489649,0.5086246839533031,0.5287484085187045,0.630831958147166,0.6621965529746912,0.6089866258442794,0.6498320919747276,0.5659967000267376,0.5521234561668733,0.5910736242696917,0.5667359097549403,0.5448297921928282,0.5468779575349363,0.43731101378789,0.4904219423509568,0.42017412226316064,0.36446617892674193,0.2845721917518991,0.12377604464966169,0.014902473693365614,0.8259568935407718,1.0371962817772507,1.1677681430505027,1.04733601645492,0.8988302969829498,0.7691299163233085,0.6777277230178815,0.5539936293477434,0.46569206300918187,0.354963450496359,0.27445144303036617,0.1768934041484238,0.03963223073156619,-0.12578566010057846,-0.3389389779272806,0.16894717626396394,0.9943147421441455,1.1345453609684575,1.1443298791465466,1.042426811902021,0.9234078141154396,0.4680695265278862,0.7346383643089682,0.7922051710384037,0.0,0.0,0.0,0.0,0.27826726022504533,0.7438271231010796,0.6434278584058205,0.3856399154832755,0.9131670011304933,1.0512335973853142,1.0287941017568634,1.0087513222675666,1.0068531232407019,1.0496356749692335,1.032396946917041,0.9600135174876101,0.8000814343342633,0.7884096745238631,0.6480547115639312,0.5406144198491434,0.45385053914230844,0.3751744041321668,0.2317826882816399,0.4383527229574162,0.8266036138668285,0.98501429055205,1.0577904761933727,1.1434384592799152,1.321241440332159,1.4068582169991104,1.5080559921649526,1.41418077516581,1.3290385220985328,0.5634165393928998,1.1812344227107157,1.0270463769092215,0.8730482460238533,0.7243738015882645,0.5562894051600227,0.32030467725051154,0.704718549768031,1.0019072545146008,1.1541971966329667,1.381713429188698,1.5208411218497075,1.4700921571207897,1.4857269914640634,1.3262606454775165,1.2111792812662157,1.0503062146220912,0.8930790812646632,0.7192771810974333,0.554324406823501,0.42202458620621147,0.26357193427958625,0.133349771647851,0.12036218222197964,0.6617187803777018,1.212269677681427,1.343092424883571,0.9204281965827391,0.4277570483766032,0.3246959615706517,0.82330316331523,0.619516611904164,0.4933038705909232,0.7349157978125331,0.17679173199725828,0.5189408739093042,0.6291583383593573,0.21047273922285017,0.01778222326969159,0.2660574039123711,0.8807036659865989,1.931286074659221,1.593029691046788,1.4782668249271942,1.191173061933569,0.9184257580727488,0.6574863224727205,0.3558759323685121,0.15062519437812316,0.05604113769414987,-0.08239854198561147,-0.19445124508072287,-0.2872592208098901,-0.3800426674395448,-0.20204640640925958,0.2529727218112399,1.154554768888124,1.3221242808514146,1.2152286278259794,1.2767428075864684,1.1542359587494373,0.9470490681346724,0.7163979446853934,0.5036299014817651,0.8158467001712123,0.23555444219181054,0.14557261782745146,0.007080241379735508,-0.056236321332920336,-0.13992794915893636,-0.2228713235882741,-0.11882734341890472,0.09860482084536021,0.6675097073433107,0.911510286376326,0.9709787176540253,1.0174927410463128,1.0525139564403725,0.942476371238933,0.8608136831187885,0.7528117938383352,0.7044411197346305,0.5974526800803046,0.5021726349068187,0.4139853360890329,0.31876838678164965,0.20751087642360955,0.21370150050477527,0.2524059619191269,0.4609113939108721,0.7608673131851831,0.0,0.0,0.0,0.0,0.0
2025-06-01 17:57:00.527,0,0.0,0.0,0.0,0.0,0.0,0.0,0.34137692091115235,0.391519559051172,0.4874348271039646,0.4657460772937817,0.3911970671633739,0.28491087020993067,0.24940306659240197,0.2240504642156118,0.1768524896024508,0.2199918066010108,0.21807017978099913,0.23352134580517991,0.19097728119549878,0.15416282252355684,0.0857561067168161,0.161633869633664,0.43979501087185907,0.5596726225576674,0.5315707990487221,0.4563683280605052,0.3633965375972843,0.26735405857610517,0.23559101111127778,0.21476209591341133,0.20201813094188803,0.19267712694853212,0.4984295039328511,0.12862154576946538,0.05062525551156699,-0.004576003975123671,0.13977154655932597,0.5080187043317441,1.0685638652771725,0.9088827488716712,0.9008382990005742,0.8030437230290923,0.5177216386415144,0.40102801691984413,0.24023205540292758,0.11864258796935534,0.0628347845730568,-0.015179988545036438,-0.11850340200167875,-0.1720803065818322,-0.11485033877599227,-0.0771254148554463,0.30114653050915646,0.8581838741878915,1.3625490206901119,1.0696909100106686,0.9422572498057472,0.8066975787909532,0.6014201677045796,0.753330535234294,0.7281334835005597,0.7075597832558274,0.6972451922860795,0.3831027210435811,0.7740239105057674,0.48550132909820354,0.38928205928747167,0.634618389340462,0.5688724380484566,0.43217191375676745,1.5222599548850462,1.0724618772230476,0.9720205873872865,0.7797972165513585,0.5754729088538728,0.3972474073361063,0.3665443918605935,0.3035469424946238,0.2692989715275276,0.2998650175366031,0.3497009630412131,0.37263182728281663,0.4091849445683807,0.435779297937922,0.4647705451212267,0.4786219249885886,0.5967561766553828,0.7144312082068311,0.6612516486770689,0.7216644944118336,0.6140922111649432,0.5885850594959747,0.6237212627444562,0.5858973381631278,0.5502687006319249,0.5408827511605172,0.6349570819236516,0.47370634501857456,0.41284326715717967,0.342443316588369,0.25200150953700506,0.08165180727676535,0.04348829749055444,0.8914560614612071,1.0997691706802057,1.225803085303169,1.1010597347153717,0.9352824448341444,0.7936875021619987,0.6885957483750169,0.5524458398626768,0.4691989299863042,0.3396869148570123,0.2626501492168023,0.15423467852136663,0.014873957636507562,-0.15924139121951142,-0.35358623245082615,0.2117223440777159,1.0503404448015319,1.167060166221126,1.1745145770349352,1.0622350777955598,0.6936484631198272,0.36330790803654917,0.7239997647792453,0.7282273009600201,0.0,0.0,0.0,0.0,0.2233968584009559,0.888956829223277,0.5280586494966967,0.4059302190782489,0.9086712130047516,1.0532424627261356,1.0347653515746864,1.03418937106825,1.022357571293419,1.070778743741905,1.056109832688069,0.9954810263813414,0.8351644502468774,0.8183807291008014,0.6812912964512623,0.5663449817739825,0.4812309078120869,0.39587123843647903,0.243708078860845,0.4178147842612097,0.7909654311989469,0.9549104632822243,1.0388891545431556,1.1194881347359917,1.3081520489146745,1.4166741860879557,1.5213257370521327,1.4352425161847637,1.341394961913691,0.6862159552419849,1.2071591524771659,1.0789199297303704,0.9137458262612423,0.7648780719890892,0.5815760357613268,0.27490192787427337,0.6460509790103743,0.9470731050200396,1.1235246617318735,1.3612075434725013,1.499554598688324,1.4708475919269335,1.4722786364544476,1.3244202694579996,1.23849436435858,1.0664986783784731,0.9317012978198598,0.7481325608230437,0.5926385682836127,0.4544221238115305,0.29569098108307157,0.1663663261903508,0.08508178269839406,0.6209384192417576,1.1765685229326124,1.3064747891723134,0.8508927982164368,0.483619959653004,0.3577434038452463,0.6092623214583238,0.554538823665724,0.39745764315207843,0.6702444884608463,0.2683548943952322,0.5583663027784863,0.6517664543401751,0.38403470073663715,0.033156245440938203,0.25416302018348774,0.8741556907920857,1.8945756594389045,1.5699067138660314,1.4830668005941794,1.195101547465621,0.9001917802733519,0.6692458869050122,0.3780121545536166,0.1680102453588297,0.06969969915766772,-0.053565466578584076,-0.1628384703775423,-0.271311783589966,-0.3595692145576133,-0.2411220279642624,0.22794829986213233,1.076157512150388,1.2934259595440367,1.186089015324013,1.2733802297710075,1.1241642802240432,0.9474152925825341,0.7285983038429704,0.49939057938602205,0.7774846733906754,0.27118217610601403,0.17279205638816197,0.05222537191658705,0.013744007790737256,-0.07265851418382807,-0.19076704095624997,-0.1909268405012643,0.005498499181184502,0.5604524750617825,0.8372258636431871,0.9181040908477046,0.9644938162403804,1.0039650505469515,0.9273592201110428,0.864375138538445,0.7627814489625526,0.7311568518278904,0.61556207426375,0.5567185981642704,0.47855704540771393,0.38539385487812206,0.2736438431749757,0.23348365045231406,0.19571512771998756,0.34411054397084717,0.6780129241036617,0.0,0.0,0.0,0.0,0.0
2025-06-01 17:57:00.528,0,0.0,0.0,0.0,0.0,0.0,0.0,0.32952347387599346,0.4412039231818079,0.5568867420970487,0.5412570276830065,0.45666497393838446,0.33302306426060413,0.2701953935098361,0.2293120024824955,0.18066535133746364,0.2172370668184792,0.19573478068569433,0.2098372025149957,0.1671541149821248,0.12855279284298676,0.060140125026302976,0.14777892179222124,0.5096390256094346,0.6239142987538946,0.5781767375733579,0.4922169572713634,0.413725996268826,0.29730873102459765,0.24211782632893852,0.21286311811537018,0.20026489736216702,0.18879269997423753,0.4020146782544548,0.10481106091950121,0.025252075324198153,-0.025242996887491237,0.12111689739711243,0.558137971750571,1.1330540411798704,0.9093358845089473,0.8988938659993276,0.8811939296592062,0.5470139963139469,0.4229525948663371,0.21684030554935174,0.12161148405886046,0.08849588425318755,-0.06138323052704653,-0.15596547610441824,-0.19322156874797708,-0.13807874780870755,-0.15281756103683855,0.2868640214772352,0.88135872943401,1.3678341096442534,1.094857730037629,0.9608710862309454,0.8332084803638573,0.6318921967983817,0.6538285682101777,0.8093022648566078,0.6902681716534098,0.44806818499821155,0.49545514192046924,0.9213572607591711,0.44091935601362653,0.41525820134105024,0.5994245326437709,0.4192722192842657,0.38113146958965427,1.5277056332372976,1.110323597719228,0.9816027442210007,0.820681455797831,0.5957466234989619,0.4212548809624097,0.3682329956320063,0.305498778783158,0.26680104408167393,0.2712823967183793,0.3358462373686357,0.3501029511597471,0.3685493405381838,0.40075676235590385,0.4299148540844893,0.44481079051726347,0.56889395622889,0.7405000173846734,0.7325813990729694,0.7639268657105245,0.6588324293658236,0.6193133572193668,0.6245533083053223,0.58359596461049,0.5421487111406473,0.53966167908299,0.4938525461269318,0.4624134300807863,0.39196350150577863,0.3134185736598364,0.22044792994039863,0.04280669592348729,0.00042005440537359884,0.9389374309775783,1.155149895691121,1.263360940465767,1.129749067986187,0.9421819200486652,0.7934069159864514,0.6875018209538366,0.5554621130437898,0.46583042524751295,0.3407739787114703,0.2375535251206935,0.14640219289381173,-0.0028254432770202786,-0.1809482339793005,-0.3822904725383178,0.23170662540417597,1.0819977827661047,1.1872629939763986,1.187474403157794,1.0717010317044964,0.8716456289477423,0.3124197441765298,0.8288165822305076,0.8303083931088993,0.0,0.0,0.0,0.0,0.310116299504578,0.9365724300980938,0.4780953912215221,0.39108010512817626,0.9062570947126523,1.0504613336096524,1.0392850127334616,1.031993377640502,1.037660582689363,1.0821013433169557,1.084023564053083,1.0159519034352797,0.8459502534693635,0.8570988403156887,0.7180452803868327,0.5958048742930417,0.5116442294502455,0.4276720986598029,0.2657026859470657,0.36497436252273513,0.7598252915934547,0.9345531023980493,1.0098017592033388,1.1057560657496466,1.3056933742985894,1.4143554349595053,1.522394585842136,1.4508332774084114,1.3703559845262945,0.5787364644214941,1.2438553011810138,1.1103957748207507,0.9515874072274462,0.802816093081483,0.6130499130767384,0.26939972854444344,0.5895012956897313,0.8771304921184984,1.083875987335638,1.3366837810628864,1.477843759100638,1.4607620614202894,1.4861659777228793,1.34469733840416,1.2427855617769232,1.10406223225712,0.9450952338771614,0.7754743270541257,0.6117119552899494,0.4779886525160984,0.31934324822865123,0.1873373478196244,0.07965911776956658,0.5861998435564941,1.1412322785150701,1.284318936323305,0.798976199085134,0.5643244644600628,0.29328539356504435,0.5509231551302064,0.5490263736613799,0.4380183758944277,0.7015686916911461,0.34361537974669926,0.6722786183948594,0.6111733997854965,0.6545729040286455,0.051406320958767515,0.24518709894104124,0.8369352855067066,1.8183402500677635,1.5462779722857918,1.4789271538149364,1.1770863562220542,0.8842357881562852,0.6511845483526288,0.3981069270722293,0.19407087168036563,0.08779712047628085,-0.00905586043081974,-0.13457083038976236,-0.23302615680872973,-0.34514480456431346,-0.25521746228982223,0.17245174575594963,0.9985796107542004,1.2421442499793167,1.1539686742747297,1.2453536246454089,1.0977351292133102,0.9382065361968168,0.7373065316831175,0.5275820738613628,0.7391226466101386,0.30634777651016987,0.20691932930103496,0.11126294085638677,0.056537365443674825,-0.024794332515417072,-0.12775318937440827,-0.25659380425322387,-0.08030011999809161,0.46854180689282865,0.7756066858276898,0.8728831187147367,0.9259289327870388,0.9898535881084105,0.944893137164986,0.8497601675177342,0.7850790096209173,0.7622276813805753,0.664959973752068,0.6005322246598448,0.5295850967418869,0.453051928935562,0.3429651585307265,0.2532068539888394,0.15803989327343393,0.26896704322105347,0.621280778903428,0.0,0.0,0.0,0.0,0.0
2025-06-01 17:57:00.531,0,0.0,0.0,0.0,0.0,0.0,0.0,0.24338290010642047,0.37661421372085646,0.5138537914556857,0.5200282873046101,0.43219159593601,0.3508770047613542,0.286399884951258,0.24896776249783303,0.21789056701943632,0.2378477962239921,0.2330788459053676,0.2598130643894503,0.1985625797629732,0.17037578703776995,0.11979295092298517,0.13049516224527685,0.47088319964104924,0.5950836992484709,0.5514135060281359,0.4765418909341582,0.4268151591704814,0.29428732074240993,0.2608792770644752,0.2415983416577654,0.23056610589421234,0.22487174038094193,0.5424521358349905,0.14960752177458936,0.07049883345834335,0.03149895658526172,0.10728790039106711,0.513075227554562,1.0893775618228958,0.9097890201462239,0.8969494329980813,0.9072668895147351,0.5402784417289599,0.4387786946935688,0.23768219961868997,0.1728971186005901,0.11579903338830722,-0.02180544564811615,-0.14341701500574733,-0.16998484898584404,-0.16426980769061184,-0.21319174360954063,0.23562979055377092,0.8551817837647004,1.3731191985983942,1.082271569098806,0.9675543411827386,0.8398874138306129,0.6435691612680219,0.6202652340038277,0.5825318369681846,0.6399881150306699,0.48186722068653376,0.431961410160995,0.9258335375533062,0.4635654049480872,0.5165998703843224,0.612688541241003,0.5859182350432,0.4863979892060123,1.506535388173487,1.1137147118506332,0.9911849010547151,0.8167925545390489,0.5977118270567743,0.4307248502797911,0.36752767214288395,0.29815134965601287,0.27779132463730893,0.27027480298572204,0.3321014698271574,0.34206586185817933,0.37115086988608226,0.40444346522990937,0.4355529606187691,0.4506280793858225,0.5641040593626918,0.7320420016326272,0.7461752202315647,0.7416110329456351,0.6570568201223064,0.6229049002049869,0.6215913267199022,0.5904378485219919,0.553858209114491,0.5475848965644674,0.5087184530032531,0.4784734577104406,0.4055285737416311,0.33290659602096906,0.228306945365627,0.06851106490916015,-0.01051019904308903,0.9222802348141484,1.1420221362973813,1.2696628848028948,1.1384314559054174,0.9449355555759429,0.8009117880143821,0.6938107735869421,0.574137842386977,0.4668653995039074,0.3556148267041803,0.25348630433814323,0.15307666737272796,0.007337718229223578,-0.1771947094694245,-0.37914511130213696,0.21522618760075812,1.0701770314318573,1.1874281992221316,1.1925306160986473,1.077393988425388,0.6241633587920303,0.1855505240770044,1.1434657614290553,0.736865367102846,0.0,0.0,0.0,0.0,0.6113748218667691,0.9152634706642073,0.6534611128935839,0.36459343397239097,0.8880799799857297,1.0351144341905554,1.0357588485626847,1.035053885574715,1.0466612478365642,1.0937083613884357,1.0953129983266376,1.0327421705135023,0.8693968847539812,0.8790096026339955,0.73459421042841,0.615390187499959,0.5262460020997255,0.4456303731860148,0.2487950137150859,0.30891660351195643,0.7518171687316139,0.9404313665972466,0.9942491761902024,1.1139085356864977,1.3409819732378703,1.4384295796683566,1.5552148957077074,1.4978942088599638,1.4047863146845454,0.7591416883700035,1.273022625216658,1.1347246867622967,0.9719322127565346,0.7939452858580393,0.6051717919907641,0.24958475249877837,0.5746327171870818,0.9120725770597129,1.1069245773952758,1.3899948104522613,1.5218341734645664,1.5041763034719942,1.5581032798068493,1.3931437980214543,1.2888952317764382,1.1444305143277074,0.9874479703229961,0.7882296391107878,0.6212564143918103,0.4800713371517668,0.31266687647167024,0.18020602900397353,0.09799350078076793,0.6212549905723495,1.2055574214908025,1.3554932281911332,0.5982991722428865,0.7261685234541955,0.39181335790789695,0.5765971706108521,0.5303701016785847,0.5130067588026472,0.7352063963487065,0.32313211474613707,0.8915583658232279,0.7555973881790403,0.8124497837739951,0.06715837420791565,0.2709237670751493,0.8907769341458502,1.9532992300802614,1.638660575607058,1.6017971287305586,1.2635838550144367,0.9980420736804951,0.705763470592089,0.4547331155896166,0.2500777305117883,0.12337078974418514,-0.007432093821833741,-0.137819209125834,-0.22323809392270666,-0.34303834792174875,-0.2376140250080377,0.22973384110085,1.0851427848255242,1.2957088482042098,1.2192335588829757,1.3086982628176913,1.1776017307068554,1.0004595350965486,0.791760028473403,0.5684837963852554,0.7007606198296018,0.32398797344961516,0.19899096171553832,0.10652293570165661,0.035293340903382986,-0.07123239287213723,-0.17914689492241453,-0.314806630287049,-0.004134742875185005,0.5839060538691769,0.8628365555925479,0.9534459666958174,0.9850040052839057,1.0760529775220076,0.9880251984831645,0.8789638160834805,0.8082480890551211,0.7772369531830656,0.667699818455878,0.5829053498306274,0.5006116944484362,0.4055957777768858,0.3095720552256024,0.20212039930973819,0.17838882645959786,0.3707089548941328,0.7225726930336696,0.0,0.0,0.0,0.0,0.0
2025-06-01 17:57:00.534,0,0.0,0.0,0.0,0.0,0.0,0.0,0.21602490548211747,0.3489963703640706,0.4651791141157581,0.4788471436706053,0.3949652532434079,0.31600022992174315,0.25528091395131114,0.21859598092822585,0.1964047422131131,0.22074388432095626,0.2247565879679942,0.2600457090910918,0.20071725721915562,0.17048234234503618,0.13517732268067514,0.11689247569396972,0.41932376187186354,0.5548106348054509,0.5189429354043024,0.4653546520824944,0.40426439598233865,0.27444738334837204,0.2463416131379208,0.25085407096201395,0.21945145716324976,0.2253956415065892,0.47049533775538277,0.14908433007803445,0.07367662865618929,0.051548032967033336,0.09229406808357352,0.4795009540826092,1.0926010156785004,0.9102421557835,0.8950049999968349,0.9174331536770941,0.563376554755809,0.4286550010479693,0.2624354398421882,0.171156774018421,0.0888707108178104,-0.006440137461813489,-0.17951189864503825,-0.18000090675996128,-0.1596102483316594,-0.19192960030201697,0.23395712418368353,0.8492091351036855,1.3298427509802098,1.1004994332532485,0.9623622933338124,0.7874502409305677,0.5882933240685859,0.40512910593211876,0.40182462986309064,0.5887073318942309,0.5794101483288447,0.3972430683928875,0.9391049849803668,0.47124482063631135,0.5726036826946974,0.5547076308178672,0.5771390267035944,0.47749134084373523,1.5234239756652166,1.0963820435899545,1.0007670578884291,0.7551703965271823,0.5367104407607961,0.37742193630776644,0.3190221074372728,0.2644052215105217,0.24554702922679672,0.2459199887521628,0.31758642483913646,0.33814455841150215,0.3717288703814713,0.4192494986545845,0.47032940773325543,0.5012818459563609,0.6023739438919613,0.6867345958206157,0.6551148890653521,0.6459415512891635,0.565759380343275,0.5543856778306482,0.5528461528292041,0.5377737346158669,0.5173734494977551,0.5156252232684209,0.6918136918327455,0.4672366811642992,0.40596655639950263,0.3391047832449935,0.24601433962336883,0.10469930751351014,-0.032397743349630415,0.8415291884294096,1.0634575331887852,1.1652975380634394,1.0451314572386499,0.8831149273760339,0.7455899534991561,0.6427589890200274,0.5315637231446821,0.4369754906269512,0.3320064731147465,0.2296922176772449,0.13331110631305365,-0.0006623641447562889,-0.18871694295266284,-0.3687148883268434,0.18006396284215015,1.0218329855509762,1.1447206124273153,1.1508912595447598,1.0326114464296083,0.46266433978410143,0.23875515131058161,0.8915852972904308,0.6362565836152211,0.0,0.0,0.0,0.0,0.6615843756395783,0.8448353624514984,0.6359641742267057,0.337052011430676,0.8715272068719344,1.0164227738356575,1.0134888688622385,0.9965975557835468,1.0044188344362042,1.0490782213229963,1.0373695750180807,0.9654537150066078,0.8119930488218969,0.8227468647706591,0.683605103855061,0.580244130278853,0.5018251066910031,0.42694178792083576,0.23700913063888873,0.32447822120417397,0.7584307889987616,0.9379095125015287,0.9848302440297823,1.0874616910395223,1.2934519543375746,1.378179892785539,1.4884850155256433,1.432852440419513,1.3421671482233093,0.7912274347830011,1.2154004903051674,1.0882640517378972,0.9343495497010224,0.757520963691365,0.5856393318741642,0.2521136716365962,0.5963556918720617,0.9279782068917684,1.1033028237613478,1.3480472349242378,1.4797772871424222,1.463751390589828,1.4998606809155937,1.3385231791466559,1.2383187851191981,1.080623149751303,0.9376859848005834,0.7475203778828182,0.5888828855053095,0.4511049650159367,0.29407291460345664,0.16033636618567793,0.09452046021900704,0.6233894898067457,1.1890639279208375,1.322954070037913,0.4389465842162297,0.6879579268178988,0.46920595695016876,0.5656765283198566,0.43692700614718255,0.4677126790046988,0.6837863227397771,0.3179419770342005,0.9235100526048116,0.7086278429225419,0.7458538212241149,0.047182000216936804,0.26533173101992635,0.8856041134251926,1.9391458960007673,1.5931397652750743,1.5585265079276729,1.207668509901402,0.9572554278551741,0.639324380145843,0.4370057870629842,0.22345647860758722,0.09642654762028702,-0.04566485529871378,-0.14539269113461084,-0.25241498682168795,-0.35208773744904925,-0.2326399516069111,0.2281787916773605,1.059397749757074,1.2998208069892823,1.2066577299727639,1.2861577136794802,1.1370478669374802,0.9626842503574107,0.744568279966962,0.5374800187242277,0.6110281687549473,0.2834528360510753,0.16767602340082255,0.0722883767239153,-0.0018063586144244637,-0.12369902452797954,-0.24686829201126498,-0.3775498424246772,0.06741965087023982,0.6603378281397063,0.894749119508562,0.989976220850839,1.0192484040450174,1.12479888067007,1.0144682986790459,0.8682853912493984,0.7994420179401638,0.7567318030080152,0.6270895370412497,0.5310656079853662,0.45113803407342634,0.3216603376584698,0.22141210889173513,0.13171459920633605,0.20372832304508648,0.471762986012077,0.810102880980961,0.0,0.0,0.0,0.0,0.0
2025-06-01 17:57:00.538,0,0.0,0.0,0.0,0.0,0.0,0.0,0.14403284311008716,0.3035429921558893,0.42777449678758117,0.4531149815201646,0.3688272825264177,0.3083235334446651,0.24829559077454844,0.22997994323553628,0.21019795255295814,0.24013474609740426,0.24105802870904952,0.2900122615110894,0.2281771192277387,0.20055164202252207,0.1697031819961396,0.08595292462708913,0.3629236792393993,0.5095570650547678,0.4705978098042184,0.4270009014998576,0.37702080205073774,0.2681712562714762,0.24201077222440515,0.26602542647091365,0.23166706429258443,0.2414071088387919,0.5466694650604625,0.1766171360029477,0.104315435189486,0.06760525779896179,0.07839045132543462,0.4243971441923686,1.0039449553773645,0.9106952914207761,0.8930605669955886,0.8582015556968139,0.5243261309761447,0.393392501829847,0.2693661853025622,0.13821869956275212,0.06587013046184831,-0.0022192781886251067,-0.18176830522168308,-0.1649461357456956,-0.15063492297404665,-0.18038412143879182,0.19422057478538296,0.7745137448646275,1.2865663033620254,1.0393288694825267,0.8554565295950899,0.7135745136656633,0.5173164416417626,0.5447628937137134,0.39188465686902185,0.40886339883270245,0.7923215535633201,0.625974896839433,0.9094728897511308,0.5179534309217981,0.5666523319602201,0.6606219755759745,0.7568499742547413,0.6782549375012716,1.4167965414047723,1.0253476535826127,0.925231834545843,0.6687389735351834,0.4639246770409038,0.3291482126335503,0.2791273179548006,0.24365907257324526,0.2146050173790237,0.23161000258025588,0.3021167065923529,0.339262582883773,0.3722763470464784,0.4226622078002067,0.47875111781847984,0.516762770533595,0.583771563681725,0.6223289665229987,0.555018064055877,0.5487520217463087,0.48882311830656544,0.4986742004380893,0.49935691214351063,0.49094244460354863,0.48411138086016914,0.4909399413817439,0.6199893085644397,0.45808295212063355,0.3999289106127982,0.34543930469215856,0.26332144040159755,0.1362481739536991,-0.058588431332568705,0.7666141528836172,0.9974002504723402,1.0861867046443683,0.9824300212403256,0.8262026925895467,0.7023579325582687,0.6037818169124316,0.49681685226681394,0.41447422835329495,0.31724386660821,0.2137425738073664,0.13339953427569995,0.002832756496090383,-0.16969856718115106,-0.3543931545180828,0.1619279558984255,0.9773449494665348,1.1013699252655953,1.1054024951378496,0.9853634360542205,0.5425562804037243,0.2156840628515106,0.9807395695019139,0.46539374861781835,0.0,0.0,0.0,0.0,0.6316785144718731,0.718898216521672,0.708654719787144,0.2794820064949145,0.8306865775634491,0.9875269522152041,0.9841812253884439,0.96053557630241,0.9722052806627237,1.0176562176931563,1.0055017664521615,0.9543378235693041,0.8063085573350284,0.8259234661830881,0.6980523898597217,0.5860212547084673,0.5140333084499449,0.4257415478661885,0.2438018983767477,0.2636160946736463,0.735657959313331,0.9319090548765177,0.9760418114875846,1.0880781125283594,1.3022158071587213,1.4013536830285624,1.4989400679552722,1.4483321509215605,1.3602644534720765,0.7435597152243087,1.2268355070616672,1.0960485855869537,0.9306561657130712,0.7482727737440659,0.5668782308967241,0.20409557811325857,0.6205558495815031,0.9457101687977463,1.1350725738816534,1.393830413448241,1.5299070434031297,1.5072152192155726,1.5327830072662505,1.3667616000504774,1.2617896612729007,1.105075633629176,0.9428813562441256,0.7567129747802729,0.5880768661150585,0.4415901144469189,0.2860573232707274,0.1525126810324856,0.10307078085674193,0.6491333848728398,1.2302865175228286,1.3412857133524296,0.37302940647603544,0.591522936699762,0.6130145703177798,0.4466140576947015,0.5144026838040374,0.5366934128738278,0.5613947537694042,0.4977822193172781,0.705318975308997,0.7615557907831079,0.7127105347275989,0.05193897707356987,0.29093160743184204,0.8971790452400423,1.9809523950621415,1.6159899649777616,1.5903537789662687,1.232706414071211,0.9801202568308123,0.6355669946253424,0.4537760835214837,0.22322383762014608,0.11601181099448055,-0.034400973656077305,-0.14596626067761842,-0.23716501024474146,-0.33115305303045744,-0.20123790156520277,0.2686662863023837,1.1036467828864878,1.3348723475563213,1.2309092576150238,1.3165008021441906,1.1823554037899908,0.9975385966076775,0.7570253330711914,0.5713558322006744,0.6683618870374265,0.2744873947403119,0.14151847856617739,0.042123992712761904,-0.04419926269132357,-0.17410710230486537,-0.302363464807506,-0.37949379725529264,0.16559071117503527,0.8032984594693278,0.9787797799203499,1.0538170500261188,1.0750107140906495,1.1971157973231743,1.065427469592891,0.906440801669758,0.8096976897149866,0.7495042828365734,0.605838593741215,0.5120303063380831,0.3974583988097311,0.2711916222771763,0.1634822527852623,0.08785805268169494,0.23221628874253486,0.5751748134185534,0.8951417707926734,0.0,0.0,0.0,0.0,0.0
2025-06-01 17:57:00.543,0,0.0,0.0,0.0,0.0,0.0,0.0,0.18569263707696207,0.3471983783345379,0.4545964978742658,0.48929346012828023,0.3920613190772536,0.31619983129508566,0.2599910832227533,0.22557256155044692,0.21367112670468247,0.22192777335924097,0.23936929081109232,0.27431547266929535,0.2222451899464309,0.2026476646484096,0.17930911205429967,0.0900427140734829,0.35134224285467575,0.48646390710995574,0.43528185418593013,0.3983417297564219,0.3308808007795234,0.24554897195566516,0.21875828036541378,0.240061611772032,0.2094528399063229,0.2228744180322253,0.6876887898967922,0.1605524721951428,0.10107105223571261,0.07402612886732426,0.058339088560332875,0.40082853215952285,0.9028393503885446,0.8518446451943708,0.8498249022330765,0.7588535191801167,0.5214889144419372,0.3491032297346379,0.25395415827388157,0.13664421377807967,0.07700627311005803,0.0034890066134066755,-0.1713348375778021,-0.11979759085905489,-0.12207052684009934,-0.1314957430350646,0.19036032988253532,0.7424393212576612,1.2368235141338242,0.9834844408119869,0.80417195439389,0.6352322992625716,0.4564838435344327,0.43418686599381234,0.4071627059485655,0.38151219268460795,0.8224451323127668,0.6559236812123759,1.0566118876526798,0.642586413957562,0.6824347220164833,0.44419261570286084,0.7879166540873794,0.6863859113380312,1.4041776671029922,0.9990835069466993,0.863785358626566,0.5811946199656786,0.3827954036355379,0.27300078097630553,0.20989673079737758,0.16978484457512755,0.1520152153908798,0.1801201532316723,0.2655637632709529,0.3096037959356026,0.36800892395081475,0.4356992766810557,0.5146767429177821,0.5652211540376951,0.6247525918731948,0.5679454095360172,0.43690967388047197,0.4057014191129267,0.3718953506063243,0.39676398677654956,0.3996347975974106,0.4173847689002077,0.4295613948525796,0.44654592650545166,0.6251780428580671,0.43657902150299543,0.391049490711621,0.35483712065822315,0.2765329781098891,0.1808588678042034,-0.05475446401001052,0.6736338393954604,0.8884150203953755,0.9625526545466943,0.8620939197491502,0.727808320871991,0.6283477173929668,0.5396538504562973,0.45168150266636964,0.37533705519014515,0.2984723864612011,0.2055397269625614,0.1377693524125856,0.01537436825729599,-0.13706183708210906,-0.3281472052296678,0.07368593986455124,0.858742266788013,1.011056961029034,1.0172233789269562,0.9108599317477102,0.45762167950908345,0.35157991717033105,1.0468833291785482,0.4108395989490218,0.0,0.0,0.0,0.0,0.7000703506570269,0.6749350156530924,0.83376739004291,0.15101795649317817,0.7333535206106145,0.9276155378582135,0.9296150783967727,0.8941321318937235,0.9256806759632423,0.9737835418036045,0.9741900142591318,0.9277360508934622,0.7996378048633352,0.8245986355852115,0.7023701466746273,0.6027366532539038,0.5408264342595481,0.46113657394297597,0.2727896103074197,0.21916539813121522,0.70064496394925,0.8983863978315016,0.9220994809444711,1.0644912808874132,1.265390857839838,1.3622846110773668,1.4866802879229257,1.4530252212632095,1.3763649325659408,0.7926866879871792,1.2542405698768135,1.1207152487025938,0.9713343094716331,0.7776425507037213,0.6169130304217637,0.2697600225823471,0.595884682015047,0.8893268144702666,1.0887672651251892,1.3522304929388527,1.5043639955450523,1.4901834398683904,1.5383047539863068,1.3879952259230828,1.2790634106888903,1.1442970854082297,0.9843243340486576,0.7991481515301516,0.6293089180493968,0.47581411989478367,0.3268729301873452,0.1922903746058312,0.09315217471748116,0.5839268031762238,1.160447322684166,1.2884821906069122,0.4745119871621445,0.5827747430445371,0.5525477085642327,0.5489353270898037,0.36153439761498146,0.6044545395454687,0.6340849259015067,0.43704157366694046,0.7381768453393232,0.7640433756270999,0.6452374293713361,0.0740800246120607,0.27802448878807323,0.8395261399305046,1.8642089492116956,1.564540634395987,1.5311655711163938,1.204352939259639,0.9837609535795544,0.6400230940080682,0.47821170540028324,0.26790575550286677,0.16672233448994445,0.017786782336260742,-0.08715389641341176,-0.183092661506412,-0.2794268576018793,-0.2089896333434731,0.21261610783899515,1.0436846787792802,1.2612477247671388,1.1932625788207392,1.282919955029453,1.1573700288625284,0.9711030248701045,0.7397404723623875,0.5852164103739519,0.49455159369687585,0.2703732749854624,0.15913167892569402,0.07461068766634149,-0.020839499227888858,-0.14206438236140329,-0.2681935853967961,-0.3581636041902137,0.13751826673030082,0.7612847750966991,0.9558835121977372,1.032606961354615,1.0734098796645297,1.179243096127395,1.052245873544821,0.8997311457931567,0.8134750931404267,0.7548616267474331,0.6223500484456139,0.5213758893939011,0.413887785889248,0.2946618465400822,0.18396166990333995,0.1140198203462845,0.2666434442189215,0.6066196021697917,0.8768944142924935,0.0,0.0,0.0,0.0,0.0
2025-06-01 17:57:00.546,0,0.0,0.0,0.0,0.0,0.0,0.0,0.19141195030811045,0.31262420285410475,0.4461893108286825,0.4710213571417735,0.3937325350203148,0.33077326680651187,0.3035755187599293,0.2692028628549483,0.2501989586924068,0.2501124406299682,0.2753272142910517,0.31338319106284385,0.2688731427409033,0.2403326192546047,0.22648316672065433,0.12217646668194303,0.27942633255235544,0.42270969221202986,0.3805384111461756,0.3537648359004276,0.2810250867243189,0.21904515254021595,0.2084023471447427,0.23097764600036874,0.21115721990936986,0.22169225069769083,0.5957412257959399,0.17846572893647972,0.12301531533351534,0.1099889620299083,0.08517460271835828,0.35406438396068274,0.8199733698909277,0.8061136067099898,0.7743196333865389,0.6828042792686542,0.44688957267679585,0.32459755735249707,0.23962748933911016,0.14471297255711546,0.030295485801237088,0.006491705782767254,-0.16369342054818803,-0.11719497605328727,-0.12562557600486335,-0.1267508836349438,0.1423216040009676,0.6797863311986674,1.1994633463909339,0.9421169828048219,0.7674641760267472,0.5598373220268413,0.3861310954842907,0.587655998516712,0.3723543445127334,0.34294881923649206,0.8851528681471641,0.6037256262807479,0.9344228277290865,0.7115173902015337,0.5075583678853723,0.4104064548101839,0.7769924618448765,0.9084508462254088,1.38023322357896,0.9870019118414767,0.8224007136002691,0.5336746661107243,0.33411392209168556,0.19813276587620932,0.13111985071892418,0.08598174682260518,0.07416707751729135,0.13096425303062764,0.20216448362941142,0.25005771610089655,0.3265773308414305,0.40328652594778003,0.5076999364114385,0.567475616579019,0.6334162841418949,0.5501730010932355,0.355835263281037,0.29857008857470846,0.2647324052848443,0.2895598078334003,0.3063484116140316,0.3366697504121281,0.3649165647631163,0.3748601591174827,0.9639853097523436,0.38759199629243635,0.35902301481394006,0.33639885230440203,0.2594265177202828,0.18980720056939332,-0.013536194729355078,0.6417713386126277,0.8101170217051753,0.8690782287467655,0.7733595499263839,0.6487981466168098,0.5618138448291015,0.4702610424984841,0.39004925629679565,0.3243654957045583,0.24437347386892938,0.18191652349127008,0.09788495542792597,-0.008412850003431949,-0.1472926052094511,-0.3152055312368279,0.03536253751560592,0.7906306416392911,0.9518512618274522,0.9557446585459275,0.8551168013926405,0.4570060660196739,0.23912163740502773,1.1130270888551823,0.39770640588030115,0.0,0.0,0.0,0.0,0.658572572219285,0.6240359492746959,0.928924010216012,0.12058012342420987,0.6782702594685928,0.8890636545048896,0.8864123430624582,0.8574545534843022,0.8757935783117443,0.9236682143559622,0.9102168653555536,0.8889194373349283,0.7700900392380983,0.7881024739813838,0.6761676236022496,0.5943437101897298,0.5446688603763981,0.4713236550272523,0.30796451867900393,0.2941384782629504,0.7050397913456666,0.8812494505099069,0.8920489608383138,1.0385906875587745,1.241426867013643,1.3291623995626565,1.4672928758398762,1.4408910351756632,1.361252024730191,0.7304607112442167,1.2488694196648247,1.1336324729637526,0.9904452306857985,0.7991917125112423,0.6462350149799729,0.3524414814482919,0.6352266878652206,0.9027028864959084,1.0724210398397456,1.3345355623958628,1.4872729576824049,1.4808790793802011,1.5328899425188482,1.3846200527787451,1.2932514519337777,1.146022741921949,1.0162100042095745,0.8206493445891804,0.6606388849701584,0.4992943902979297,0.3555010572388698,0.21854399511082445,0.08691949829735704,0.5284434569835094,1.1147272234053394,1.2407593121706006,0.42488468383445155,0.7061135180131036,0.48564614170626064,0.5534322893024471,0.497105795151175,0.648446240779609,0.7433970015470879,0.3585785337490975,0.7020905784626728,0.9005099710888154,0.48805064108359,0.08104336703793957,0.23683084793789333,0.7679432623123977,1.7777533171308137,1.5125390831167482,1.4747552560046047,1.1911107757441521,1.009796098938318,0.6868171786000707,0.49838645747456334,0.29397330180622494,0.1996652043813285,0.05388787306073217,-0.041532123871051874,-0.14305045598600852,-0.2560161321532941,-0.21659068313773627,0.15398249442040518,0.9676085651801933,1.202122110020513,1.1520259064187393,1.231069542129513,1.1247420935071049,0.9541475642919881,0.7135516673171198,0.5717829337064029,0.40418682378345094,0.28052943634085303,0.1686156637218248,0.08510537777718041,0.008546421684296646,-0.10593227498575186,-0.2352092691648482,-0.3302904947302456,0.09370071094398852,0.7028791241684502,0.9190022604724009,1.0162756596283717,1.0568668315090461,1.1493564367963027,1.030162233726887,0.9133025277484492,0.8272165906480156,0.7649258675258266,0.6264826660620706,0.5444206799033604,0.4505913349186359,0.3112508584470385,0.20448000714762027,0.14316377511693584,0.25452841096979106,0.5948576394169972,0.8519977181023621,0.0,0.0,0.0,0.0,0.0
2025-06-01 17:57:00.550,0,0.0,0.0,0.0,0.0,0.0,0.0,0.23930059717072563,0.322139568250158,0.4297746184609369,0.45805876151377845,0.39993739850675236,0.3343346497530334,0.3154052693851134,0.28585207419158554,0.24571601383262232,0.2584958602739087,0.2854661324967555,0.3204146787585287,0.2952303092591138,0.2574779829928566,0.23172808380467758,0.12013135291480813,0.2133733055598131,0.3408322711671565,0.30967128222014095,0.28506034724222984,0.22710222955148662,0.17401016849047468,0.16840258498387528,0.20911489184326837,0.18846693508903978,0.2108991998562988,0.4846935267013618,0.1738955176101522,0.13603037707081794,0.12445198912644215,0.080903768803639,0.2750765785096653,0.7133303605759207,0.7318672452472897,0.6765016346142608,0.5802174595385288,0.4195000674953935,0.2684068899536096,0.2063381026702611,0.10281871959470346,-0.007325676096888278,-0.007311449100530054,-0.1410874480285218,-0.13669329981889355,-0.1338853831683126,-0.1026752278139677,0.13704264847878772,0.6251774120979829,1.0906220431546605,0.8928318416023986,0.7096562076610132,0.4969042316542198,0.30787375353269475,0.515493792948569,0.4429263817272242,0.4256613980188763,0.825103536763033,0.40272728205327657,0.6822961718452006,0.7641537504162436,0.3631235229143424,0.4771613266544147,0.6215860498870811,1.0229909328786013,1.3414106144765061,0.9497767066504551,0.7714041850492439,0.4868364518887607,0.27284845719528605,0.14391343625801722,0.06307227843074914,0.037001873380692496,0.012400682398217677,0.07785982215746823,0.15433470664419002,0.20914361491475653,0.29493825938420815,0.37849255047026964,0.49928874559312203,0.575568322847394,0.6390028329511145,0.5181220754920963,0.280016987666316,0.20988183014768658,0.1828149156949943,0.1962512282010611,0.23119181469259087,0.26227468908883433,0.30472213340116516,0.31432646804802933,0.8828314210734811,0.3442854791497618,0.33193297985470094,0.31024122988956593,0.26329011921877765,0.1870500600709702,0.02488051866354085,0.602821876390341,0.750771403250189,0.7656838603862379,0.6880334762126019,0.5631858744893952,0.48840016751964055,0.40970457726504206,0.32905618785906876,0.2913791936793244,0.20411322071545435,0.15839154415680312,0.08590390455634278,-0.014502125792437148,-0.13381290098808418,-0.28270208578203593,0.007971707335009515,0.7139070065312878,0.8934163194568969,0.8947146931000327,0.7969222460753538,0.4933999102310576,0.3218010012234244,0.7178101580110698,0.39770640588030115,0.0,0.0,0.0,0.0,0.34740064490412825,0.6778901451835699,0.9730676709534115,0.08047000544615646,0.6210963988548877,0.8686689845674059,0.8520296979640976,0.821452333164579,0.8329048842135596,0.8787888145361145,0.8741764230187519,0.8429630164196431,0.7368406673315531,0.765557531783668,0.6651468360808783,0.5831320500204742,0.5358765083621264,0.48098062236585154,0.3541934599742837,0.3557382884290278,0.6983421755646062,0.8633021164369723,0.8923387380982875,1.0136337795658292,1.2025341791798148,1.3129284655071038,1.4437290480718765,1.4058035173070949,1.330566965486183,0.731749162822324,1.2346146911422888,1.1365072615382021,0.9919896991889665,0.8314958704859349,0.6781223630112264,0.417584958039711,0.6611754173877656,0.8915953880792014,1.047549435890903,1.3059704920154196,1.4684671781028915,1.4634418673295013,1.5001366748838025,1.3673054008112662,1.2943183741093,1.1564029688272353,1.0196815029192101,0.8390281881617617,0.68411684957326,0.5244029851093,0.38779651686651107,0.2519964846012248,0.09924887972564528,0.47993838588805776,1.0488419360163461,1.1763061756583264,0.4476455366463242,0.7082179258821308,0.46404648729336273,0.4840689453522731,0.5418763401636113,0.5691698119286602,0.6202173221395284,0.32652812080580945,0.5321523739169124,0.7432469361779972,0.4946385334646993,0.0909658688163334,0.2125319278787245,0.7065471781277729,1.6511381883580545,1.4457983483830041,1.4282482507844945,1.1526795168490276,0.9386610786281062,0.6639100846060999,0.4922435724037124,0.2998117243606051,0.20481665527082527,0.09999110089672003,-0.0028340751512691,-0.12535745069384552,-0.22198923386448455,-0.21408209568299602,0.1254419946580781,0.900762507164024,1.1661529673144437,1.105777904840733,1.1938225946033367,1.0784485870878109,0.896508465266364,0.671237735812545,0.5355841542019049,0.5450189615222892,0.25957226138140266,0.16030994942130827,0.08622777164090234,0.007574158723444024,-0.08072555095945255,-0.21231852201129592,-0.3017934874272905,0.08459164079653808,0.6469696503342839,0.9022418463434081,0.9913260483086389,1.0490929442927224,1.1154799945426226,1.0041398528164986,0.9071314970429416,0.8068451645617543,0.7693282075357184,0.6042183532808727,0.5472384788709432,0.46762667316600814,0.3184263325896136,0.22105915375822327,0.16401186814790786,0.2556904609431745,0.5862874115897597,0.8191965727915833,0.0,0.0,0.0,0.0,0.0
2025-06-01 17:57:00.557,0,0.0,0.0,0.0,0.0,0.0,0.0,0.2657541237082818,0.2846057778234572,0.3639424039236654,0.3884516897499012,0.34049293839841244,0.2924129882317358,0.29676984383683747,0.2687949251593613,0.2372863915325797,0.2645509029323694,0.2901237125434489,0.3292541942970274,0.3204834245306675,0.2990663015787593,0.2750524889106424,0.13205022802742195,0.16013256849934088,0.24392122627129487,0.20634525429454842,0.17985758936299023,0.13881938845789255,0.11381669124573413,0.10950164916188299,0.14915550083073637,0.17463815166036234,0.20297891495036224,0.6351751545021487,0.18828396449787188,0.16261409002028576,0.14823550559388857,0.10220590321572806,0.19531138550181315,0.5864212286030877,0.6424666006806454,0.5785045150899505,0.48221114287971023,0.34456992494610605,0.2102668426036043,0.14657464376464113,0.06292249938972572,0.02580241234501468,-0.029102150747044142,-0.12605631933285377,-0.11798978219475692,-0.11948991527162511,-0.07736499737835795,0.11338224979147915,0.5670276078828125,1.0015365298863528,0.8320970999252165,0.655748425292712,0.43485124230052086,0.23220642050731777,0.48498790016542886,0.4647555919040468,0.332418636458718,0.7423725484699027,0.597224833698024,0.5633509942670228,0.7125253831428712,0.26535521297832254,0.4163210550023958,0.6676702561990914,1.0765915533330954,1.3104530510671941,0.9336985609350029,0.7247293028840587,0.4350930148379091,0.22426098990176646,0.08927944472691829,-0.00887739517978936,-0.024203577772828,-0.03824057316829421,0.027250592753650382,0.10826877624840892,0.19114236670290063,0.2800540169707718,0.37232692269352285,0.5163090722575621,0.605921682530158,0.6925301017286852,0.5270921127207728,0.19670827703001048,0.10598779121699531,0.08889089210754553,0.1021198255408895,0.15463454405201094,0.19177838327620367,0.24307620722595713,0.2613770152518404,0.8824002633036236,0.32011297249455506,0.31100675167619485,0.30391938423611775,0.2752250777727291,0.20265822678896245,0.08385882194847974,0.547420193829981,0.6569489908850575,0.6739251304702707,0.5988320734573762,0.4789386634619677,0.4238501092276217,0.35712060037454485,0.2794548697129118,0.250690129682291,0.1789457728882231,0.14496641957434053,0.07784988706964069,-0.013107491254515713,-0.1069982105294549,-0.24567953136333676,-0.02906999504745536,0.6337749710801491,0.830521706428906,0.8266061310421917,0.735930909932776,0.47374141968128464,0.6773856952777291,0.823571052078153,0.590302332912182,0.0,0.0,0.0,0.0,0.4769168976639455,0.6844153328439104,1.1169340064279707,0.03601071177562504,0.571562283671716,0.8313477817065733,0.8234798568385135,0.7868433705651708,0.7935767150149826,0.8373056351898953,0.838724532778734,0.8065471046661852,0.7062063321357583,0.7397651573409689,0.6498153269132685,0.5761697380401165,0.525296327108189,0.4757335046961482,0.37710326608719175,0.4385663236349024,0.7120982404279952,0.8532343018399928,0.8654863063255962,0.9960562355382612,1.185463991386263,1.3010095887316129,1.4140188738988582,1.3822579585269292,1.3017447446291326,0.6815221148407327,1.2135518301287411,1.1276942841667141,0.9825266578393455,0.8410914365055336,0.6944836259972309,0.4775554638261333,0.7137823993223448,0.9175991212743626,1.058976032705234,1.3118224532861353,1.4607814139248139,1.4538619654093148,1.493115997703078,1.364412771539438,1.298885446042211,1.1560817587589258,1.0218328821198694,0.8482624310767272,0.6904343694532779,0.532191431770928,0.4010923440481543,0.2732790379257976,0.1253492133838598,0.468887897840847,1.0411683711890163,1.1699349552491594,0.4798155711024651,0.9538791120801516,0.5839881723527952,0.6248243226525969,0.7618147495878751,0.6183064515053828,0.5281957704457927,0.3036868751438913,0.4070015567097409,0.6006616714197401,0.6612097735682162,0.09597921383692903,0.19001169773125193,0.6715864473215549,1.5895961851192701,1.4405478062010775,1.3953044455710826,1.1371383535130288,0.9212726589141969,0.6685547305905546,0.473151192322,0.2792652785685745,0.20585280404630657,0.10444481608352274,-0.012770344301245795,-0.11202580521818672,-0.21127360607487988,-0.20653862981120913,0.10896147117042115,0.8676517775330912,1.123947807722559,1.0824095289535298,1.132719840264922,1.049519429998061,0.8404760944270655,0.6332155585249992,0.49118935207601155,0.3646045229616819,0.23299827668873263,0.13946769749702637,0.0574904680584889,-0.01971760521009469,-0.10424995664567194,-0.22675886524037925,-0.27681719923624737,0.09666627928661697,0.6706381396074053,0.9253586015072344,1.004395078791462,1.0453441292919916,1.0947856557955156,0.9964103838971048,0.8968375015795975,0.7807232883817206,0.7453223490329697,0.5737904795697197,0.518677936934757,0.437998243718829,0.3000506822038568,0.22085855993355852,0.17325481467678466,0.278833254869564,0.6656049145595856,0.8669190775291835,0.0,0.0,0.0,0.0,0.0
2025-06-01 17:57:00.598,0,0.0,0.0,0.0,0.0,0.0,0.0,0.3834194523455654,0.2725727545587193,0.24678854186460952,0.2618826813410372,0.2242758440726348,0.21193483874109542,0.24560149788713292,0.24515194898966275,0.23484220627309382,0.26421224858148096,0.3167123628781863,0.36302802787224053,0.3823302032927766,0.362066597156232,0.34634815463614305,0.2204351835268808,0.15104821980451882,0.13026840536639672,0.07752805355270564,0.06243967195663058,0.04654848130098377,0.03914119810240546,0.0703742587017584,0.10984005755552406,0.16240245733999248,0.21129306301687012,0.709882787418215,0.22383496973838812,0.20685372364076232,0.20745995597066028,0.15062068204599224,0.15747197514700156,0.44885645715541905,0.5352528620684036,0.4901325819272685,0.35925904494814054,0.2771114398806451,0.15324691060906903,0.10011532778215315,0.05497341762729202,0.006834683693318078,-0.019169202096778748,-0.1262770302820413,-0.11210890745950353,-0.06854645769174855,-0.0705178356777238,0.12380084930347363,0.5136243737602839,0.9315191145110112,0.7853307787079415,0.6160139558286187,0.3634288418590492,0.1804687117494943,0.5394797067462913,0.4832224769123251,0.3173574216845531,0.47716772756334014,0.5720430892966724,0.5395052054849837,0.7006227036939962,0.4296403896421847,0.33900331558040353,0.45291527010127575,0.9660894217636236,1.329004644052444,0.9139245461980924,0.6788098625792522,0.375432250569383,0.17467238633148385,0.03443149331600126,-0.05567686134593175,-0.07068316755518111,-0.0670518339947721,0.017747770632623894,0.0974508765462212,0.1871293381667416,0.2992960333362592,0.4122429409742405,0.569027692336068,0.6822650113106854,0.8083017835013837,0.5246889460640018,0.08296961055803787,-0.02124304265913657,-0.02018303269423094,0.005416631945079686,0.07952003196405921,0.13314038151863872,0.2070583388072047,0.22227769076120762,0.7458328256093418,0.3158089328212681,0.3291382412917466,0.3276335456918936,0.3085289040634438,0.25665742849814394,0.1558618880089975,0.4313955023507766,0.4919031035777549,0.5304425777740369,0.47483503120139026,0.3806317145593645,0.34380972936604537,0.2990852927604073,0.2390466496397905,0.2238550748436754,0.1608386767759551,0.14908273836414132,0.09445381588337809,0.01592638922289269,-0.06468718671610618,-0.18750641998685597,-0.09666599895840547,0.5105184759530823,0.7506194256479192,0.7516203934878904,0.6719519569688857,0.3828583328857083,0.7010420609671895,0.7046919251746766,0.6428206012739891,0.0,0.0,0.0,0.0,0.4704833174990931,0.8591757536090101,1.2608003419025304,-0.004014946839877742,0.5437420389949674,0.8083807651039436,0.8050350145711822,0.7685312034487407,0.7673845350852011,0.8095018802229397,0.8150343378773588,0.7781893891751595,0.7013991915319706,0.7251307825794129,0.625726282544637,0.5626111862529968,0.5229304214033272,0.4833729060467176,0.39520913329594914,0.5286853196953858,0.733550619222137,0.8479140148388147,0.8650555447245454,0.9899523564395709,1.1787763173109964,1.2664051308558562,1.4063467550774447,1.3814776865531069,1.2888668089953856,0.6791996537884135,1.1968097112921217,1.1197965301196682,0.9913762562911683,0.8445567282196847,0.7204479225109913,0.5727875823584939,0.7690965610892786,0.9449214545607372,1.0626238598927737,1.3207618098786031,1.455847470857012,1.4599926449281868,1.4937588856218427,1.3729943655125691,1.2904982236875573,1.1546176706060969,1.023451896226537,0.8412088427048637,0.6894156524052589,0.5398791328774448,0.41180499240638224,0.2841188244419813,0.1289313497928197,0.44639746373871914,1.0132834693763781,1.1516323861051894,0.5712371542293035,0.8741297810234586,0.38219334033766195,0.5734195729017149,0.8051961075865217,0.5518914866232688,0.6335267237925168,0.32636179724124564,0.6804622798429725,0.5909123204418263,0.8813122795694047,0.07152292980549674,0.14256254659251516,0.6124670120629385,1.5320238978360885,1.3829804344483518,1.367979180670479,1.123112447310564,0.9091943355502894,0.6692804539248969,0.47108163374055745,0.27709185942348724,0.19984965847649439,0.11457826489135536,-0.004156589741343808,-0.11677337040225588,-0.22073719111041945,-0.2367225249952904,0.07101331889538504,0.7882746724764622,1.0704166726507285,1.04463302491398,1.0874654935165449,0.9725979698450431,0.7684061881184583,0.5660545945565525,0.4281081381013079,0.4414833261617719,0.1993574447760793,0.11698340888216285,0.02955435770621717,-0.02781932386338981,-0.13095068782640984,-0.21439403565510645,-0.29371635084553516,0.08551705665495518,0.5969114345255935,0.8881080115624582,0.9689589740632557,1.0175720958874932,1.055765544669363,0.9555317756698871,0.8588038788770729,0.735447416267416,0.7058127556210354,0.5502118404449057,0.4867269835089709,0.4225443234260988,0.2834736605821596,0.21643698844958448,0.18132940552444615,0.3201320699064788,0.6912863103915817,0.8718594607990449,0.0,0.0,0.0,0.0,0.0
2025-06-01 17:57:00.604,0,0.0,0.0,0.0,0.0,0.0,0.0,0.3092308912502082,0.2301982071980642,0.17481723520623604,0.18803113054530007,0.17708714983505713,0.16232890710981096,0.20544106458690103,0.20635239677333495,0.2131241393272748,0.25544268078626164,0.30396273611342833,0.36319183207213457,0.38037333035638327,0.35990772627058576,0.32916444543882684,0.20436615566641386,0.1527370698112686,0.12519358050857404,0.0750715179598711,0.0505980890263279,0.040930547302333364,0.01731069602151103,0.0540021401347246,0.10071900799397371,0.156499917493802,0.20366278381011105,0.6535602307615409,0.22552652586119415,0.21303840237410937,0.21329857639522484,0.13739926361742927,0.14332282669790608,0.44754504319637106,0.5377637201072346,0.461488228817332,0.3675150472505171,0.27888537755259946,0.1686859619261376,0.08724891225592968,0.0444901973192402,-0.009250912345471374,-0.048538509316471745,-0.10361523758534119,-0.1159808772234927,-0.1014689276840618,-0.0850621620118486,0.09810705634608471,0.48333000314484315,0.9427298617216374,0.8024745655661045,0.6206005932080093,0.3832203193058108,0.20831558309692433,0.437624001096884,0.5329828985078522,0.2975671542631993,0.40026400333725454,0.5622396201643134,0.6189229922851828,0.48289744704442494,0.2916272283724945,0.3623777509536765,0.21344518126434234,1.0692928204813075,1.3462430375286945,0.92658847577325,0.7134037346470585,0.4077677560422379,0.18811805810046867,0.03571913770341317,-0.04979648788277102,-0.05611544076356223,-0.058973051314028746,0.023512126114308085,0.09832089436351521,0.1904779293975154,0.29249208025472917,0.41007119287091065,0.5654897664305285,0.6877794785523254,0.8230895248185092,0.5302405539131516,0.06385141933748273,-0.059773237779481736,-0.04858540554598734,-0.02381134433416543,0.05535042263104484,0.11269726909856037,0.18789228182346918,0.21398932059455045,0.5106022909489305,0.30812598392528323,0.325488200755471,0.32497392045723916,0.3224363257421049,0.2666279663016144,0.1571786753941211,0.3910449250520035,0.44638903304026056,0.48728211120671583,0.4485053060455637,0.35819594837580726,0.3263179197731645,0.2875001937288628,0.24347836436279469,0.22182208795488245,0.16604247337437372,0.1550858241490083,0.10561983777010164,0.0387461288404185,-0.04053190368216064,-0.15797214210142102,-0.08939892888554021,0.48907474106645066,0.7394705042445395,0.7478432393750127,0.6666393220400997,0.36586575088837664,0.5790698601959214,0.38882959498990305,0.7681719745343822,0.0,0.0,0.0,0.0,0.635507192835063,0.8534204891961583,1.2227655884594277,0.00669751157481252,0.5633157792355183,0.820962605083561,0.8127780961548903,0.7754625567664569,0.770399888929884,0.81825374560265,0.8202597813770565,0.7828095387108003,0.6820168544552141,0.7091532625366481,0.6126360671822662,0.5450149504014559,0.4932851138198835,0.4470308434263121,0.3440315587900267,0.5164026617586168,0.7568814588111009,0.8761237496866539,0.888496362852262,0.9981876555456939,1.2003285716279188,1.2776306845714576,1.4017607452338492,1.3711597825457729,1.270286151771247,0.5769912622078246,1.1683825741453817,1.0839378037739542,0.9513602892771686,0.8101011292560102,0.6843418637810815,0.5333419348938631,0.7866453243205972,0.9799148298651041,1.0860271903996326,1.34136709101512,1.4702627267740223,1.4657202750630953,1.4835472320794398,1.3449238909998005,1.2538947284787167,1.1198902991287847,0.9860181845917015,0.8051276304089511,0.6575184583236319,0.5191002068055044,0.38806286889357366,0.26402138745757514,0.11925491103182143,0.4569026206696357,1.0021559818200316,1.1416940324052764,0.5080673999418678,0.9031521865217721,0.5379366950037425,0.5979852643316167,0.9020280662815838,0.6859225690087403,0.46870041060781326,0.449413144331033,0.45243480375305,0.6135709658069213,0.9313996319635581,0.05904232290578737,0.13092423953834847,0.6111142025315293,1.535617123289417,1.3884893955745996,1.3634251488298954,1.122250349389018,0.8605586274113437,0.6434659337768784,0.4352482361073031,0.22717414248216006,0.16164266231049074,0.08264787477355107,-0.03236881135319114,-0.13864124310583958,-0.26243307361569057,-0.24903939332723074,0.085029027613099,0.79548302833733,1.0820342098614284,1.0394642419662576,1.071866671704675,0.9620803717720829,0.763380244485814,0.5631536063260618,0.4159419630766725,0.5848552290882152,0.2025919679644217,0.1179873405240508,0.026229862950347682,-0.03207840048188282,-0.13010090263820262,-0.2178896115918802,-0.30248369857285556,0.10878458915425032,0.6213606844100088,0.9076088147579491,0.9852833934642858,1.041321774997779,1.0847066490833153,0.9773298227279068,0.8756741207933443,0.7503682669676002,0.719569692598812,0.552978089080939,0.48488117010773135,0.41719168487783276,0.28377528972873944,0.20978414909778398,0.18996599144983944,0.3361178845550089,0.7234872435038134,0.9239256464489696,0.0,0.0,0.0,0.0,0.0
2025-06-01 17:57:00.606,0,0.0,0.0,0.0,0.0,0.0,0.0,0.35996015820547145,0.22553027191024586,0.11352501451148589,0.09529245017033983,0.0919820049182063,0.09112019758223833,0.12599758254865712,0.1469523966505264,0.18327979794978588,0.23589635233059114,0.289904143652951,0.368268151454592,0.37635774275912887,0.3760370513191241,0.3625617487297579,0.23250766661520944,0.1659292488332998,0.05419714590884783,-0.014773591220652249,-0.02577426003714378,-0.0375859116904389,-0.0404983367181464,0.006541119582178734,0.07172274409047552,0.1375849268675533,0.1959085624989254,0.8089474981116151,0.2303542564826967,0.23156280175757976,0.2369043558363799,0.15711895734881243,0.10992105295911875,0.3394717249817372,0.45301189260211905,0.39008847853439643,0.284937444727142,0.2209485530764148,0.10284633118333142,0.07067828668907472,-0.01873086323285955,-0.011149056402548374,-0.06563175981575242,-0.08341549674830162,-0.12455480107998229,-0.09121342164189011,-0.07319834640501455,0.12514206616268653,0.4211408923486643,0.878601775553666,0.7595666878896292,0.5550184576551908,0.3453071478883454,0.17406626253655788,0.27335431209410027,0.453799655835046,0.19373333840734575,0.4512298407019921,0.6737909012208269,0.5359481409665197,0.3875543002531038,0.2605311261372951,0.31253071378502284,0.30598583544026225,1.0668125816648415,1.3237216334338042,0.8853940722833079,0.6418110998327384,0.3354103672304467,0.11499381915174034,-0.014944318117305455,-0.09510727916632655,-0.08777868734354177,-0.08774081835496772,-0.004886485859292522,0.09251823740987808,0.18977120205389575,0.2980913251603349,0.42473536816439217,0.5807422673329163,0.7025455887969512,0.8460567890827675,0.4887895529875001,-0.060172187851904924,-0.17478939743535316,-0.13608990630938145,-0.09320483363356535,-0.0017054179274338388,0.07142079416186808,0.1495539438799376,0.19281261298835028,0.33124335485960427,0.3089314446236082,0.3264106588979919,0.33298978093534715,0.35184612079042743,0.3027571452685121,0.1850533562158541,0.31020238938252537,0.3711098379787837,0.4093603814941915,0.36973645213639617,0.3061654970669754,0.2872769942683695,0.26365167236666043,0.23636569775121052,0.20533206000339055,0.166383649021691,0.14825560100596658,0.12398614603900482,0.0652389429271436,-0.014867392811994451,-0.1305236201460822,-0.07322032856489291,0.47503360920626814,0.7298478686507508,0.7443937669372942,0.6631521851116755,0.3127907940356966,0.6919787933752481,0.5684341952984757,0.5862880084597286,0.0,0.0,0.0,0.0,0.635507192835063,0.8186441251493133,1.0880953039470116,0.03751263885618128,0.6027976501109322,0.8421552172748255,0.8483519440987299,0.7997958417966243,0.7936458219866878,0.8428356136726076,0.8489456451771966,0.7970590259252419,0.6812288058758145,0.7008003486975967,0.5943651795751135,0.511078614961848,0.4464355687701209,0.39911473727495944,0.2755044553490294,0.5065882737474228,0.8066626999453937,0.9287547823047506,0.9490290603193758,1.0500484863381017,1.2352348939642817,1.3058184953515406,1.414644120389505,1.366867427682515,1.2513707887309018,0.5893862656033746,1.1317815182694098,1.020627780747498,0.8980692172632754,0.7415005381628089,0.6261348107435114,0.48486774139876526,0.8303282230759225,1.0492501863622095,1.1450745268352565,1.3849450333335536,1.5052361433253738,1.478172028229461,1.4799317306564856,1.3364029346479176,1.2119098609371477,1.086626821177639,0.927497328347596,0.752297631909779,0.5980508442544225,0.46739730499381876,0.3333991694879713,0.20630634588955982,0.12241284014944515,0.5373638149724975,1.0557227637024393,1.1914162888492275,0.7978130171631176,0.7906119002647514,0.6753496952845319,0.8297910302824268,1.1659056620361727,0.888578952341721,0.3327250000100937,0.49461110988781715,0.4496613283967045,0.4700653928268017,0.996149309297277,0.02207508751657955,0.16307997906488675,0.6918384364117205,1.6406254811143899,1.4359213370468467,1.4001115011838965,1.110232960334805,0.8088348703917785,0.5889461571904104,0.38407538043416944,0.15037619714156336,0.08628941522926148,0.005075822656584572,-0.10423746936761058,-0.21991955526494988,-0.30866005640079763,-0.23698405170814385,0.16530872269266367,0.902400145196536,1.1510286919018309,1.0753569018525053,1.1179093723543705,0.9718308981511539,0.7574429286931021,0.5664158773715611,0.38677691404077064,0.559228566728053,0.14130284580408237,0.07783403127857991,-0.03561454592738267,-0.11141998639422224,-0.22943872256168907,-0.30370123847971875,-0.2669903254012152,0.23616347974674096,0.7992715579185488,1.0068408468040346,1.0558805094812134,1.1147597648869174,1.1604821618221637,1.002228868569234,0.8729476775027853,0.7412844295597021,0.672160715315987,0.5130738135894666,0.41449744378985676,0.32511602295269637,0.1899407753439475,0.12361715328572298,0.1631050878632599,0.44423059428723743,0.8746734961525314,1.0680557000675273,0.0,0.0,0.0,0.0,0.0
2025-06-01 17:57:00.614,0,0.0,0.0,0.0,0.0,0.0,0.0,0.3768923240106359,0.22540137363694415,0.11346805708311447,0.08645267220777697,0.0716836807111868,0.05172005146299907,0.07833059725069524,0.09176905494477983,0.14540997536926326,0.2035359325930084,0.25343666616402954,0.32685977333093197,0.32927889847740205,0.34540517329251175,0.3346334918930749,0.19735427722542714,0.21744841212684762,0.10537489711897574,0.022938118274366315,0.0017132964520980565,-0.033473580752539034,-0.035529516818204154,0.001623959831060784,0.045093598289895453,0.1206034401829934,0.16950389555758316,0.7732915731601566,0.1971782929534781,0.1998797102547823,0.20469531102430696,0.1260562730827193,0.13606151195963223,0.3469404394989782,0.4658475307654164,0.4163537340455169,0.2899176490571638,0.1789278719337417,0.11578992773800012,0.09352923460199114,-0.017518926376357102,-0.013144583758702533,-0.07753565402731566,-0.07418971451712264,-0.08772798324523334,-0.031109246831522386,-0.05180893592121144,0.11556404025836772,0.40821473029784766,0.8539904760062365,0.7435328509727512,0.5480840809770472,0.3461427989960635,0.16672176619792412,0.3040146409722921,0.35202036119842883,0.14973351089179865,0.4636937119736718,0.7350506153810924,0.6248007363403429,0.46863778348085683,0.2480473740314858,0.33545952041673666,0.3406237527394994,0.8221285073964155,1.2890085229311397,0.8719558898049741,0.6312965646141282,0.31299514126080297,0.1040217331178448,-0.028049897198076268,-0.08061218478361099,-0.08934614380773787,-0.08134958887751753,-0.006006095013197488,0.09936119467017268,0.20012972792461414,0.2992494814278891,0.42266114943775634,0.5646772422216981,0.6838260881860424,0.8214189929810392,0.43897722493892305,-0.09726621625804088,-0.19141055572031695,-0.14119411425979544,-0.09860875548189729,-0.004070924067681947,0.07419182317046058,0.14574212199925585,0.19789172206951067,0.4198966529038352,0.3118445000286798,0.32523401977688204,0.3340381957821702,0.35308992442720954,0.31406258625458155,0.16796523487305634,0.29757015640586404,0.36168716456454064,0.41385542032995737,0.36730126110801975,0.3211553970136707,0.29119273812969015,0.2679511957080969,0.2393496990517523,0.20455927543977293,0.1749619418472348,0.14848423466977323,0.13165849679912034,0.08116000671903678,-0.0034591348094109575,-0.11095489614930709,-0.05442042557948254,0.5021823488403027,0.7474202183809077,0.7580072745722779,0.6711889654115781,0.2671365837911674,0.7635988246652261,0.6372598247104422,0.8632422909449171,0.0,0.0,0.0,0.0,0.82037981255997,0.6903557362596726,0.9390001869668664,0.05981720291189685,0.6342033965372988,0.861681825191129,0.8741989036820712,0.8263390829968823,0.8148652653720665,0.880475198624495,0.8751091890919707,0.8230989558789155,0.6884031774532526,0.7012795938694283,0.5868301437539545,0.49843872311030046,0.4284354378096644,0.3513373442947863,0.2080981273223214,0.4479536068762579,0.8290897228394742,0.9598778792364919,0.9831135420198907,1.0829049168477902,1.2624179426466082,1.3233555104140908,1.4287545908392354,1.3722616134431347,1.2551694830257831,0.38131528557877986,1.126484389711302,1.0004649497514648,0.878232782087992,0.7176691900681439,0.6033763862353654,0.43303476697082416,0.8054388549750128,1.0344811142461774,1.138701369956257,1.3777202279058678,1.4997964380423734,1.4751132974580832,1.4633914895019675,1.3177547247770314,1.1870088157563745,1.0662000057184278,0.9119712997607095,0.7419314586340305,0.5863033495611388,0.45501704442009966,0.32037674082894463,0.19172895738526213,0.10318478137503234,0.5381306864871772,1.0546513990107647,1.1789430712317763,0.9162373068143944,0.7187744156258945,0.9221383528855512,0.8192639775097647,1.0291695532699803,0.9407201997669735,0.48008206628631483,0.5865092904832183,0.3974747370898357,0.4212518390399763,0.9156169522330412,0.021977358201388797,0.1949794239249087,0.7316188615833834,1.6783085251711836,1.4526263388287073,1.3495574764699927,1.1182416210093882,0.7909729884255305,0.5636761233245338,0.3566567356237398,0.1336665400326731,0.05257411739201201,-0.04604411020055088,-0.12771228773560306,-0.2396898227609482,-0.3197471473256858,-0.2259266603831263,0.17338405876607205,0.912780849327185,1.1639748303629764,1.081889843927351,1.1049734813540106,0.9677493119487572,0.7527915778927383,0.5540044167440146,0.37911286584545834,0.6454814277280941,0.13729508767175713,0.0682126717400604,-0.05360119969792643,-0.13048430162735325,-0.2547750060138628,-0.31317498036731856,-0.29121751190574574,0.2192048710774473,0.7947746767060717,0.9841852874066792,1.033488455276339,1.0853799175318009,1.1335206925825694,0.9909950151709888,0.8566581012895567,0.7345919696117431,0.6464920606134124,0.5178432421833687,0.4130711131334963,0.3143940583107201,0.19169939822578663,0.1155152138641522,0.16123909268544406,0.41445406590993705,0.8176378286269762,1.0578969492979993,0.0,0.0,0.0,0.0,0.0
2025-06-01 17:57:00.626,0,0.0,0.0,0.0,0.0,0.0,0.0,0.37769449154421764,0.17383904618867993,0.06246819760063366,0.0392028349409308,0.04805282254812593,0.02451022333775088,0.053025488681415434,0.07686745869295519,0.1512991867978838,0.19776280858884454,0.2633771480514829,0.34438321807886496,0.34791892720323175,0.3600016099718911,0.35017477622958393,0.2256246382974969,0.26044556043921463,0.14146482565147211,0.03909144468565462,0.018515196307802295,-0.030791151776948356,-0.029103301282870753,0.01978374393564941,0.05628350176848729,0.12298229206773836,0.1790577081432818,0.5390332869124106,0.21092194775553208,0.21569395346285686,0.21951438683107358,0.14984580579388276,0.16587601913050448,0.3458225595725984,0.4569726409115684,0.38475487255759167,0.28334611499339735,0.1780042409722249,0.09990210600969496,0.12164037851975151,0.027425125725775823,-0.0012107759233606075,-0.0846380101867108,-0.04416014024470094,-0.05738839365979753,-0.02518234088618615,-0.08158726182884729,0.07917449584418479,0.37279112078010956,0.8578041679309555,0.7585888594765154,0.5833620355302908,0.39000668223644164,0.2158387955812382,0.4916126144493898,0.36381915108829577,0.23526833416882403,0.5053474015939714,0.592896349396612,0.7593488358684706,0.389398307203355,0.314243923022904,0.26581771636694407,0.31396714122441705,0.7221767808450735,1.2468114655293308,0.8440273635576304,0.6280916094034075,0.3175951219709545,0.12187218124174848,-0.0010345091760080027,-0.030719218642431434,-0.04953440770165107,-0.04260408612074529,0.039358069292878106,0.14367408996324604,0.21440890789291922,0.3159002040710329,0.45176139736317844,0.5650890764930656,0.6759934605215224,0.7786147487082036,0.40674606234169736,-0.09288817364187563,-0.15897375137991143,-0.10394270359150592,-0.05106921484581339,0.03293241248400203,0.11891886475252988,0.19639074012447444,0.24217055073837135,0.292405342195658,0.3446487871050772,0.354846702256406,0.35964298869601274,0.36869796113381503,0.3296757860322434,0.15360535054308003,0.28865830739164355,0.3810185398074667,0.46192897996116233,0.4240830616553055,0.3710521655064569,0.3374684264438679,0.3192435993311866,0.2934560026365052,0.2509247781155888,0.2118054615486471,0.18723432702407106,0.1593539694896482,0.10613018516855743,0.004422121177173666,-0.11690852482825331,-0.029657580257210825,0.5623784873006256,0.7922696043508812,0.8120834542733577,0.7295709634593814,0.42389799569349523,0.4062448799214718,0.39943258738057447,0.9392753167841754,0.0,0.0,0.0,0.0,0.6228934391778312,0.8723720082164452,0.7226945304343191,0.12774074046989248,0.7012042673356904,0.9130253934193858,0.922983811058705,0.8857920727944385,0.887406373880322,0.951394597520925,0.944270811127911,0.8980755509797604,0.7505899293038061,0.7448867336744502,0.6038953189214413,0.5115224266566003,0.43526589415768524,0.3517159104670871,0.18616205445132894,0.44427906474250506,0.8681042657754854,1.0094124030077702,1.0491408634626052,1.151149492690588,1.3386205709905854,1.3879093151532578,1.5086375131593837,1.4433116561363193,1.3214936273599134,0.5124600839073359,1.1575076537558626,1.0243770399599665,0.8896816821233713,0.7138186052654435,0.5891175146547607,0.4246620183474842,0.8311879016502862,1.067304845121576,1.1830080358915245,1.4453840693100128,1.5632639282394027,1.5398368994160039,1.5315867935391498,1.3659160921095455,1.2270521715493135,1.1007531806343227,0.9342592132191987,0.7478027668300632,0.587078781415535,0.4437450184286064,0.3004543464537802,0.1658268716435558,0.09543177926499932,0.5949735764457555,1.124444825282887,1.2518612638468478,0.9354576162446354,0.7601536083804156,0.9376264306729677,0.6151714397465537,0.9861277236585597,0.9339458570127629,0.503608397195408,0.5268376428575821,0.49974306682819125,0.5471454512003411,0.8305631663089795,-0.006417422035995046,0.23116842777004365,0.8325292943517856,1.8645256132335044,1.5676439379680318,1.47083681558953,1.2153914233212606,0.8874224737234175,0.6192619462679301,0.39926066190146847,0.17319607758221167,0.058329204894728814,-0.05271523933033451,-0.1405399859057498,-0.26021912064078523,-0.3616031220143142,-0.21574348817327965,0.2335563529283718,1.0045950006510025,1.255174171993668,1.1696801370468348,1.2076648015913634,1.0731929247438428,0.8362035697109698,0.6123126498375273,0.4194102330295777,0.7993083874594881,0.15271783103328573,0.0543213515984704,-0.06445194391814257,-0.1559844455790913,-0.2779033594433251,-0.3464899995571076,-0.2561196529784834,0.2754408336950908,0.8909494859950564,1.0497084069106746,1.0680985208409393,1.1286456713781625,1.1879098298479893,1.0226533830798403,0.8752825594264166,0.7465958244468454,0.6415746128338269,0.49908720031299403,0.3916826594970504,0.27358519343538257,0.13909875048047182,0.03703160815568518,0.09389114094967027,0.42188922472310963,0.8423453362154995,1.0993168656938546,0.0,0.0,0.0,0.0,0.0
2025-06-01 17:57:00.627,0,0.0,0.0,0.0,0.0,0.0,0.0,0.27504089161040757,0.19028238294795366,0.1833209994442948,0.18059933388184768,0.18997693446454644,0.121884818786553,0.13079167484651733,0.10072256127019497,0.16852216704643141,0.21259081229783805,0.2546322681319693,0.3162849529175379,0.304187492926906,0.30165639853378023,0.2748313371862853,0.15160851456430413,0.27136621342349687,0.2773403671055971,0.20278100348348482,0.1671943119499738,0.08938713760174521,0.07426181524943587,0.08483865286039638,0.10287594611627982,0.14951635919612505,0.1723958636950349,0.3407176881822598,0.17838745221976848,0.17812494963547337,0.16266255811619199,0.0931597457348835,0.20767975084745716,0.5077331516389214,0.5729392774863371,0.5193789234599048,0.47707172590291025,0.32794910338425587,0.20082565444075584,0.1775034701875826,0.0743058259582654,0.03720438998523601,-0.0930012664936144,-0.02801247864321621,-0.06314668526166711,-0.056550234332884086,-0.09501312339792242,0.09877319922222644,0.44592597463414513,0.9588135463797692,0.8163639571109993,0.7143656197445173,0.4998748073739254,0.32229887711660044,0.6241066345935453,0.45997768735009525,0.6183576344070503,0.8368083905939732,0.7899707173299473,0.7716309051845025,0.4953727907300056,0.20799782014332163,0.21630358136474778,0.433817652494203,0.845521197054145,1.2931834518688805,0.9088283015159228,0.7065965433246844,0.4050314282641374,0.200409492665522,0.06286990066535858,0.016056723074208357,-0.0017798246076921043,-0.006292523804524164,0.05882018794541488,0.16640325600899253,0.2320899285109992,0.313000420899482,0.4374267466845363,0.5331278960931058,0.6388195579086045,0.715922621629646,0.41433929671781417,-0.011887454329486347,-0.05898005959983377,-0.013337245429341671,0.029262711484493664,0.109004911426694,0.17548273240024637,0.2293758089110567,0.28049984301781516,0.30921286286070865,0.35074117738197175,0.35194204356350267,0.3424158940755898,0.3470516453176411,0.280623637977827,0.0724522915360176,0.39039402785149147,0.5343655064681926,0.5914132167356398,0.5578377871773237,0.474023118618786,0.4225954094686337,0.3745238003424367,0.3325383573070355,0.2838067576896417,0.2287997944121769,0.19101331927675647,0.1438988523287421,0.09205711947405515,-0.0371353923515646,-0.17122084159586376,0.00045738600638767224,0.6493568348386375,0.8603002143390652,0.8739415800664181,0.784532615256023,0.6514172859025049,0.3432536776038712,0.27457953450668465,0.8588113917756388,0.0,0.0,0.0,0.0,0.7301833949828302,0.768513056315741,0.608494799096887,0.16295276312067475,0.7143386875873763,0.932328850753295,0.9391657309459713,0.9113225330528526,0.9090961072888943,0.9933757540881396,0.997165911300844,0.9449432274516076,0.8014840756930721,0.7985767725610535,0.6608102202093145,0.5596582016255263,0.4723885844787874,0.387735771275767,0.24041683000864428,0.46049108455174853,0.8644960954201992,1.0072446884769028,1.0456964544621985,1.163844690227739,1.3542270782626236,1.4480058412280217,1.5524474079347685,1.4933961125430433,1.3767414611239588,0.4359163280250165,1.2200552197076435,1.098771745530155,0.9519910021695603,0.7814437950043233,0.6419094550428888,0.4464677145886196,0.7993033759984917,1.0408109981087763,1.1688703714176327,1.4353278607503437,1.5632937141185064,1.5543306894357525,1.5646388883077251,1.3860978219296791,1.2974451562226972,1.1424512058461422,0.9921032186536358,0.8063380220254638,0.6440212332229108,0.4877012817741429,0.33918460693292174,0.19757951839414323,0.10564986114806096,0.582580724978274,1.1093530196975925,1.2457529136245298,0.8695040417866543,0.8136730121548699,1.1856206225626158,0.8443811070133928,1.1388007771944464,0.8919334486114817,0.5064245720035865,0.45655005089370865,0.41901980563171326,0.7530968601141983,0.6763005896678459,0.009762069813014584,0.18498112908074266,0.7602622311511732,1.7379603132557206,1.5147266424677208,1.4290263023149121,1.2078918437341666,0.9058920875405645,0.6471949042404521,0.43028104472261997,0.2304565663079734,0.11240032001910438,0.0005002024046560916,-0.09479511301687404,-0.19913468331904505,-0.30174078847344304,-0.19685554793750354,0.14861623261221818,0.9056511658947424,1.1948398957656312,1.1197274055572177,1.175434434542054,1.049689059534242,0.8450800021901115,0.6335244751568554,0.4346154215055915,0.8521043350968424,0.21351608914611786,0.1307095527933093,0.017214446597586974,-0.07132327036409658,-0.14355014581598058,-0.22982584391901922,-0.1557644165466806,0.21719885125038568,0.7558063454873647,0.9303968266026299,0.9683194818454864,1.0453185636600757,1.076059552616801,0.968267751650679,0.8721115080760731,0.7573521969257613,0.6900805484515748,0.5558305597456217,0.4616145719781195,0.3643387917298475,0.25034191268501893,0.1393386263954436,0.14848092862709,0.33108018612118806,0.558159042434143,0.880609691627741,0.0,0.0,0.0,0.0,0.0
2025-06-01 17:57:00.631,0,0.0,0.0,0.0,0.0,0.0,0.0,0.34125465410056666,0.1903568317883059,0.18251010140052104,0.14812113055568532,0.13596924098106178,0.08540775769949305,0.07542636241758383,0.06738381211187738,0.13409884362272673,0.19012328344737617,0.24000151699056077,0.300683705096231,0.293088295043965,0.29548406123383214,0.27591235315523543,0.14672027011020256,0.23173024588566565,0.24354417815925217,0.16913325566163795,0.13188851020323844,0.05128410815265072,0.04873635882361893,0.06435031524265211,0.07305923449169738,0.12176992528758523,0.14733380684624564,0.43793179146018113,0.16204182344199614,0.16091699829902267,0.15012899678454886,0.09150112881689643,0.19237853090965645,0.49590423204430306,0.5556573559937864,0.5073533419824164,0.4175515256956175,0.2732905811653341,0.16947744662687048,0.13932916595118994,0.027512724465297955,-0.022390299623244014,-0.11708390671692093,-0.10398808746459154,-0.09002834168476931,-0.05448127056005053,-0.06944870122101873,0.11240948143888715,0.46876835266696465,0.9388146117573469,0.7742640976974904,0.6759202556078275,0.4494703456381839,0.2427489171605166,0.6736471983225594,0.36680416439551256,0.6557805180653593,0.9053498188384146,0.8274912038758102,0.5627062191100384,0.5645693683247189,0.242712343462558,0.2251372347052499,0.44537684580891623,0.8036838268826889,1.2639992145307222,0.8650054545660583,0.634448203962972,0.2993485596891623,0.14994411912139416,0.014119707960274175,-0.003387340056510535,0.003555429053237358,0.01826657005007104,0.09501372950217735,0.2071415187381378,0.27611033228984994,0.3650451833742433,0.48565084540661974,0.577754860131185,0.6742029130825682,0.7309569193000403,0.331586280967182,-0.09598948612604097,-0.0738062367322001,-0.011833500078594072,0.05539970282576845,0.14177967228285504,0.20633068669156196,0.26807331203531404,0.3052746387839209,0.3141620664711057,0.37312134892016213,0.37099247112658784,0.35933790839732704,0.3526681732237932,0.2860930343030534,0.09017721574198398,0.4272103148379307,0.5749739605906069,0.6213701824510323,0.5906604733688601,0.5045817385492206,0.4387764148490165,0.38374660456342724,0.33100544320795366,0.2855029567459002,0.22184822166745377,0.18828267563109446,0.1337429434216837,0.07198537964296436,-0.059849884119641095,-0.19402062322645602,-0.0035256356531043753,0.676994281608049,0.8662593089858135,0.8745831893257245,0.7899676324511915,0.607991501897964,0.47339426483169905,0.33461949246235195,0.6905083431188884,0.0,0.0,0.0,0.0,0.5920264309810535,0.8505244235453842,0.42523963556585387,0.1588437568951594,0.683215783520928,0.907597784666848,0.9195045836165643,0.8873789551603405,0.8762866581182196,0.9619838660727209,0.9738520610644437,0.9259304028620932,0.8148874676103137,0.8202198120852344,0.6824015202333111,0.5911684175941856,0.5181615167838489,0.4484989506224833,0.32069710217956376,0.4892314260962191,0.8305209098084082,0.9565233115049931,0.998824533812233,1.1184320035928796,1.3016321558989372,1.4050531948619693,1.5290690030719696,1.4831802708295256,1.3748904745763075,0.4101315299080966,1.2510908738972861,1.148583940878075,1.0185399768411265,0.8546556832587534,0.7264371038073685,0.5396526657085445,0.8052388792752324,0.9607909384811999,1.075991784929733,1.330660778644216,1.4674745268979676,1.4758914373953778,1.5071242054993639,1.3622399216006327,1.298180747674086,1.1508769890877457,1.0258698364726775,0.8416218124621767,0.6876437148254498,0.5291596529330767,0.381655564516852,0.2515393609263104,0.15979866684412392,0.5169048320416879,1.0255888071416854,1.1774086888512394,0.9308322188972392,0.9550654136813003,1.0623463720731126,0.7086100669981693,1.0732528399517778,0.8256634928976513,0.5985607130561876,0.27647377992087224,0.6851229534892154,0.6846539326221005,0.5091258925159572,0.022356834145791094,0.16390274842335217,0.6749421134823738,1.6318304308773641,1.4322960301854288,1.3690206060234336,1.1535139818693905,0.9312147635298966,0.6503645991857985,0.46828157738951126,0.2596296493211985,0.14895070864869453,0.035613501440826534,-0.07210480073569847,-0.1523333354747224,-0.24229087273557187,-0.1885486622430177,0.02786959383162979,0.783289499558415,1.115224513330273,1.0628462068505997,1.098533212539746,0.9842576766210545,0.7977048543446217,0.6005533236633951,0.42526702836737607,0.7767677604368549,0.22874818888850035,0.16647983593389593,0.05977225549209053,-0.005769074678542041,-0.06623265757254804,-0.13712585604570926,-0.05240535500230864,0.1921491100218205,0.5637722291855549,0.7839690177472456,0.8499184718994567,0.9211132185973947,0.9499103666650761,0.8705603669467443,0.8187478672922976,0.7094219310224712,0.6718530220604924,0.573892650086224,0.4849039568011646,0.4139990815449326,0.3062647640700823,0.21158035432034594,0.19512019401255992,0.31312831990931533,0.34014679972612016,0.6745538706706264,0.0,0.0,0.0,0.0,0.0
2025-06-01 17:57:00.635,0,0.0,0.0,0.0,0.0,0.0,0.0,0.2730096619297684,0.15835870877002503,0.16025966999068664,0.14767660473705857,0.11527095735178516,0.05142039015690625,0.052794445594412154,0.03624462571680942,0.09548383704130048,0.1557730700630865,0.2238320967169875,0.27624829383652716,0.2785392381406883,0.27444460469342613,0.25333610935208556,0.1424854820245708,0.23786090355794604,0.26888093323792395,0.17957280179080304,0.12306476546591483,0.04750429264400169,0.04877009822494616,0.06163433095396731,0.08144061527200375,0.11823016561626365,0.1517194481301909,0.35045832716564496,0.1683027856533046,0.17433989365065344,0.15473483697183152,0.11040697933655849,0.22316695932592084,0.4621649817416352,0.5499504142000312,0.4807079379226903,0.3950162307435814,0.28866622021765087,0.1561103802455217,0.13474198365421408,0.07247741382009476,-0.02409300465590425,-0.0940269031906602,-0.09263424252528885,-0.04703071336931963,-0.0630510431304877,-0.029684257914234957,0.1195638498958288,0.48082479049241084,0.911491518021781,0.7621269338336303,0.6505611430976793,0.4372292499172725,0.2400584815130693,0.8456445357140094,0.4689969786142838,0.6900456737652436,0.9170063745666892,0.6908174947092872,0.639022176288094,0.6993109341627508,0.5267016445380082,0.26307762582654226,0.3711167536425818,0.7448662488436986,1.2672147163456537,0.8315123552574503,0.6097943485831994,0.27209568119578664,0.14414250354695568,0.025426154182837113,0.02856498085762138,0.038630026693850406,0.06591808740143801,0.14706963205972823,0.2641128055930586,0.338906901286834,0.4280221584892189,0.5420850205036192,0.6399990282241121,0.7329842470219992,0.7777596692458554,0.3250588422055674,-0.1431152719873724,-0.07475532827227682,0.019795585107063918,0.09247393817132332,0.18794405269816883,0.25273871495863576,0.3173615413975712,0.3534031244074134,0.17130530488514667,0.401923793516046,0.40086813186066694,0.3853718598235748,0.3730873176654247,0.299650829376145,0.11219224641877959,0.4850964570531582,0.630872524468847,0.6673174205007353,0.6467013135548767,0.5567653555504617,0.4746571620695843,0.41731903211155785,0.35780169079934243,0.31566532231681577,0.24979461198520525,0.2061122353177205,0.14560063479185725,0.07721276664902144,-0.05240113359694609,-0.19159106681162852,0.004633126137324195,0.6988331851909189,0.8814086733986826,0.8859099011479965,0.8024108828302872,0.6820258625110431,0.3317978275636014,0.3247100601403993,0.8428563557054201,0.0,0.0,0.0,0.0,0.609360041229125,0.8426463836541336,0.5126449927566067,0.13914340726873908,0.6686254868958179,0.9024568275510851,0.8976819818995305,0.877781299999984,0.8785850687198298,0.959059169478697,0.9663847449405059,0.9307255343589205,0.8234616871336846,0.8452622182484841,0.7043395529833956,0.623925359110963,0.5542810756535528,0.4896827206632826,0.3626777381728928,0.4493352052546314,0.7790450760332087,0.922468256904337,0.9655939941141136,1.0952150172745467,1.2777730369974918,1.3881029409266068,1.5323101278892723,1.4834693224310402,1.3884242093212877,0.4492161996991912,1.273951077169929,1.1810579070052358,1.0452441867252347,0.8937293870110722,0.7624976761705828,0.5564246400335319,0.7640684598096937,0.9084540975018607,1.0283283649414874,1.2803708095090152,1.4319219168883435,1.4456040590661419,1.488147757547666,1.3536645854236349,1.3154788413088028,1.1698949443916433,1.0490493180050047,0.866867989412191,0.7133928124010699,0.5486233005638843,0.40237056093559487,0.2664730691694329,0.1454137106464397,0.499158028796215,1.0424938362662255,1.192937743332375,0.6180976257190236,1.017996916838796,0.8476910997864296,0.5599198888916831,0.7069592582416795,0.5637479384833067,0.6113630732934843,0.28915820037614604,0.6851229534892154,0.6191969221199469,0.4605599297251347,0.0049505640076782376,0.15938878615603913,0.6923105185699718,1.6958926639853478,1.4978429848563868,1.4490579153430723,1.2245598803115376,1.047396359635347,0.7120333410720319,0.508765926454043,0.316789626870253,0.20020550575174778,0.06259146781836389,-0.06254235596986868,-0.1430620083804931,-0.27504565367580375,-0.2344330788905445,-0.003931723343270133,0.820279985203048,1.1340984965710237,1.087880425255578,1.1478149098268142,1.0567279358150239,0.8647357015874904,0.6547436258628185,0.48174743966621514,0.7137857137567243,0.29201774702475136,0.2019049208027186,0.11914220712794643,0.04633876500393186,0.0008930400963620411,-0.08070044154676226,-0.08508754360287568,0.15477519414101343,0.4736977211956346,0.7539560638302252,0.8253310763734915,0.8999690600872587,0.9349154077806641,0.8967983483486042,0.8439634516915651,0.7215335600785593,0.7140330064007188,0.6011344235710299,0.5138190803105505,0.4570791977832245,0.33243407934589186,0.2135443639950474,0.13692597839474657,0.23112398515944377,0.2963075512277734,0.6260681046890342,0.0,0.0,0.0,0.0,0.0
2025-06-01 17:57:00.643,0,0.0,0.0,0.0,0.0,0.0,0.0,0.2980822606436202,0.1350469905729513,0.10404719374864713,0.09449095910808969,0.03926335192312458,0.001076036532375313,0.0207454520760898,0.02317068997812377,0.0934818607467216,0.1606655632275863,0.23091685455525462,0.30534004720030516,0.32450203791627835,0.3252202831756935,0.31118809459801566,0.22228903895304003,0.21030659076165653,0.16978306682597588,0.09059711575812324,0.030765539784915474,-0.01972053460622103,0.006460140145138071,0.031579935479215004,0.07502212424128252,0.10700482807956235,0.17094672060819893,0.30200491420365305,0.2090941034924626,0.21147791058701254,0.20207026881445309,0.17530724049127655,0.19332781288822876,0.334337425449104,0.45324776924112553,0.37059157559093847,0.32741063122435077,0.2499911364120837,0.10912444553905454,0.07904838791373736,0.05349871359647462,0.004372751772631633,-0.055078326818946866,-0.08818096028939193,-0.05059483918658669,-0.05395353217320725,-0.012173637248310387,0.12904201883934308,0.43047379903864363,0.861016991019731,0.6944907058923089,0.5844352713819919,0.37061697236274393,0.1990793611129309,0.8602455772098736,0.7410539001395545,0.6727871444227567,0.8732313067485038,0.7182052107488258,0.5655978364469829,0.8185771954244427,0.6662703075540966,0.36066187218378076,0.7193875584545224,0.8933355791977837,1.2366331972028473,0.7661355438562187,0.5169044718725044,0.19716127044323373,0.10927396362099717,0.0005142858407491957,0.027523141644604676,0.04591388756958348,0.09360599547972459,0.18743534720028787,0.30749809976700715,0.380889805963307,0.4809440399446495,0.6050950534246695,0.7128216807253558,0.7970721232464918,0.8339087462350508,0.2845007927277617,-0.25517986159754347,-0.12687508496469602,-0.0011457663426810427,0.0998630825383564,0.20019650565004765,0.2807655827923625,0.3503557039320455,0.3874537739918904,0.08923673842510116,0.4369638693404603,0.44044375365672195,0.42487910450315314,0.40776641624518273,0.3437010729582573,0.17484977282989098,0.5009231221709198,0.6301966003930634,0.6742994053057023,0.6595564137721663,0.5701920939288809,0.503842298918489,0.43888095673591154,0.3934026211794657,0.350832548009709,0.27734227143885093,0.2454014485570839,0.17422989543802814,0.09674890412388559,-0.033657501958869185,-0.18485585609168043,-0.004218959774293041,0.6920275485920472,0.8809254206362294,0.8839687698571168,0.8164007025942737,0.6137409829123763,0.38519596230223335,0.2071585343412728,0.8044138713689464,0.0,0.0,0.0,0.0,0.4786387586830355,0.9649802004751113,0.6721426089275876,0.08482666014446893,0.62753486008129,0.8756557108791198,0.8808102066263661,0.8639271327635397,0.875336739646335,0.9423683306580564,0.9678541201659736,0.9508668180084876,0.8569728843592732,0.8940904043916036,0.7435675240906168,0.6676682986063169,0.6089699218870039,0.5499383847300046,0.4235471349044449,0.4444264816380102,0.7294152997969799,0.8824988411019783,0.9186943480690231,1.0665260765758484,1.2555962993845442,1.36575551072082,1.5309582744879062,1.5071825223674329,1.4040904288763254,0.7056906870609643,1.3005755071758607,1.2158811272964671,1.0915070465752161,0.92356944370112,0.7976442069705917,0.5883294737637036,0.7416859879945403,0.8714501975528735,1.0065046721978677,1.2398169356221957,1.3985589347081588,1.4323441810508342,1.4918166497691971,1.3667157334505757,1.3350825688958792,1.1940437799689327,1.0808234892639783,0.8847523243138499,0.7311350903556094,0.559238164330008,0.4085840612946685,0.27551383531986096,0.15194807621485842,0.5212207981560335,1.0779811878916377,1.241467443394995,0.6900320096014643,1.0809284199962919,0.7728016205855232,0.4611460318850171,0.6933591906483354,0.49113101791684954,0.5414561650340319,0.3698620967854496,0.7754971653041435,0.5427352858029376,0.7024005649904843,-0.018114728637884325,0.1308272113000421,0.7099004626056136,1.7988279158196248,1.5635947337942093,1.5930422824407469,1.3001254420818582,1.1465681695034073,0.808634563327487,0.563853998765756,0.3416111343851689,0.24338874067056415,0.08886030628155095,-0.06852077193509476,-0.13238958649020605,-0.30368567632726934,-0.29054121884071465,-0.03964734511168411,0.8323501455590916,1.1754212297711253,1.140270553534391,1.2263057902171917,1.156697411737902,0.9653639138652803,0.7535544373255647,0.5635659114973544,0.589228058885948,0.3567046200706814,0.25859504243494036,0.16969192717070802,0.09887762797417332,0.048966710323770646,-0.04730612041895699,-0.038767338134689244,0.1687625051895923,0.45876896227044406,0.7783756284449257,0.8576145270291823,0.9406243998842065,0.9955062231764917,0.9633200775065549,0.9004865908420623,0.7940133123964961,0.7768973842503832,0.6505668170276351,0.5670648479627114,0.4959281682516601,0.3697407087914685,0.22275025516786917,0.12962407327258735,0.18952203946627721,0.33367300072530715,0.6257653398934224,0.0,0.0,0.0,0.0,0.0
2025-06-01 17:57:00.647,0,0.0,0.0,0.0,0.0,0.0,0.0,0.26474141048164557,0.17420476523388276,0.16708008987421363,0.15030812001385085,0.06568379145273029,0.017931473199651715,0.03474322909616723,0.02534104149902172,0.07250118030740227,0.15850380262947728,0.2270177243241433,0.28994744041738374,0.3096366025843204,0.31454225853575646,0.2989616840440067,0.22039701220844565,0.17064891404525734,0.15482004620500495,0.08139564828851531,0.01617945334183657,-0.028367026526342265,0.0029746639256558183,0.022321167533459363,0.07764551274356868,0.10616104158270923,0.1641675525784687,0.49981218019568374,0.20383408000198466,0.20675933247817085,0.19130657012309307,0.15506699722534684,0.13933638772776197,0.26733633017264363,0.4384951893041754,0.3560492470888784,0.2922217941223708,0.22561541336799484,0.11905954451911316,0.07406919217790242,0.029468617081064963,0.003974109138072168,-0.02193078664292003,-0.08448033245524034,-0.04223669743936398,0.0012258880793619142,0.0405258313844441,0.18027648329747037,0.4162241179488087,0.805194869762,0.630580170689889,0.5416949849098728,0.31893649896734333,0.17813702402984566,0.6189631486518083,0.7445039566382076,0.8337420341988981,0.9412359365888154,0.8363844295353167,0.4841755157505083,0.9274662274436694,0.7147576286918171,0.32730412224833083,1.014017850518936,0.916487247635901,1.225170595878252,0.717860409382285,0.44298528608723764,0.1639419252215295,0.09155009660244318,-0.0013798318226838635,0.03980751362543611,0.0759489952442931,0.1324074001237714,0.21980118952092553,0.34570540845437603,0.43444657442443835,0.534458906120813,0.6436135631060185,0.7544475063352001,0.8364850599831374,0.8670312951032116,0.25251787676213117,-0.3334940699084912,-0.15301849351361496,0.011458651653590168,0.11914260787332709,0.23954704164338492,0.3131605431109592,0.3721334000520946,0.41756640813268686,0.4378969158043258,0.4656746880692937,0.46727580232990296,0.4488549397157665,0.4307732086649335,0.35990366246998645,0.20385664598675465,0.5193103938074033,0.6471979304194054,0.6903388514180162,0.6664010715856843,0.5956745254740887,0.5264630061961697,0.4615800408384745,0.4210553569848612,0.3773573445385059,0.30923205678279775,0.26430855322494384,0.21183599789327667,0.13210806742045889,0.007052193450289845,-0.14778139348820196,-0.01983043670930229,0.6483034509125349,0.8643211696685342,0.869047887767785,0.8045309500015136,0.48611028880373114,0.3358108617400319,0.3404230468511526,0.7167291686781386,0.0,0.0,0.0,0.0,0.6260334879159344,0.8324969222332701,0.6285221551532938,-0.02502790263318705,0.5521261380230371,0.8276187498295631,0.8430749762194887,0.8364583132499687,0.8579780646210431,0.943462981767172,0.9887560442458394,0.9860641510000066,0.8950779059550609,0.9696959221083916,0.828386021214301,0.7377520547806042,0.686461932915365,0.6175541042088806,0.49307457076002875,0.3725195547805396,0.6319587192115338,0.8135202114197315,0.8690025424290302,1.0208845251332144,1.212989085618154,1.3603113640334623,1.539915615125167,1.534725535372549,1.4501545472404846,0.7085433610075911,1.3811843593530413,1.2861397736966382,1.1799949945664034,1.011040637835821,0.8800593017908408,0.6210023970370565,0.6252498430390137,0.7150784270276507,0.8857226617790065,1.1266550113988705,1.3307488589377168,1.3936918234514477,1.4747992633561888,1.3922152575568287,1.380206801721977,1.2574229641858712,1.1476949982603446,0.9652245688767643,0.8093326608378778,0.6384037872490187,0.48394738861851216,0.33631778068518475,0.1648973645898407,0.4409366906564041,1.0060021114174353,1.1933278455402316,0.6378401652751693,0.8327274463106232,0.7379659786107872,0.4815405068550094,0.6702272005073922,0.4688477225962445,0.6532939435859839,0.4099766149351049,0.8989094841516506,0.5203187671684487,0.6116441332502737,0.031699566877636476,0.13458159459721541,0.6726423284984054,1.7717719714013684,1.5551287967322553,1.63626471403617,1.3384127811770585,1.2076762778212686,0.8992348491683999,0.62257233572822,0.413659351777415,0.3248564169279988,0.17417922676005815,0.010719414042711928,-0.08237723847075795,-0.2552057002509468,-0.3363907350995069,-0.09937936514754936,0.800554216146103,1.16296113895463,1.1286937124625152,1.2525359671784484,1.1875784744055482,1.0414676520036008,0.8222946470865191,0.6356066931431317,0.6064983586611828,0.43757470661863374,0.34366211708346395,0.2702782324019708,0.209982217247496,0.16105261645869662,0.062229194899488305,-0.04112352842173361,0.06551608516865998,0.29409994048762733,0.6812545023422825,0.7979605675974614,0.8960601063757025,0.9646801804863534,0.9859282567018357,0.9284627376628731,0.8477183944572648,0.8504333301207299,0.7533549009796434,0.6727193075597475,0.6209229142502846,0.5130201663870274,0.3564086111554735,0.19132254515658836,0.0533690320960839,0.16406305004473376,0.4938744844115135,0.0,0.0,0.0,0.0,0.0
2025-06-01 17:57:00.649,0,0.0,0.0,0.0,0.0,0.0,0.0,0.29606253114525827,0.17397989035489805,0.12340361940119449,0.07884565516956266,-0.04038092673831406,-0.0883535181913262,-0.0778425194601241,-0.0596834489694148,-0.004133436714898853,0.0913245910678292,0.16805209806197424,0.24521145971291514,0.2795435591102002,0.3008760942516222,0.3120836388309465,0.20128534902383693,0.08800343712993768,0.04462525368107967,-0.05406153714360762,-0.12095089297660211,-0.1553458192373709,-0.10093695964904792,-0.0736241563855975,0.003632361081212121,0.04814411033099364,0.12693346899143698,0.42540672074022956,0.1905245296602488,0.20326888497913803,0.19693135564557687,0.16481991669873886,0.0644946687996866,0.1707795606923096,0.34721740136683676,0.23600159113066976,0.11773831828637871,0.08492881370237626,0.032703555709900245,-0.002343125075509489,-0.035741804539191624,-0.013479824346744884,-0.02822413575213878,-0.10336988174399786,-0.029156690681312547,0.030824911807290523,0.10940760210495243,0.20198774971488842,0.37017664899981695,0.696341954556342,0.5569364346861009,0.40345945339394584,0.2046506665334369,0.07054395834846527,0.4350477270888476,0.6247996281581552,0.5603075991768607,0.5713676024300682,0.582086949864722,0.43118125289129783,0.9633355756245314,0.7519919690623185,0.33218806985192684,0.9890352936389988,0.7572267788531557,1.158607781215954,0.626330876925479,0.3137594964568913,0.028256829263557215,-0.023900847748750786,-0.07009294422055556,-0.0013859645133249554,0.04133644022546212,0.1287885528947279,0.22667476401048048,0.3673269402406536,0.45860636579718617,0.5838033229311298,0.6971945922285949,0.8183339724271113,0.8988842041376847,0.9345864798244206,0.17318513392652474,-0.500304430601177,-0.2636496421330754,-0.06467041600802936,0.08012759712294404,0.20564450153161973,0.29952510066852733,0.37646357219469584,0.43210581473549325,0.4245243263620185,0.49671738338909877,0.4978897145016018,0.4923913927663711,0.4770379846671936,0.42238982656240803,0.28106810049454645,0.45131742160275934,0.5507591158224813,0.6168899252724591,0.6014869130557867,0.5568943561030075,0.501653778891695,0.45437355191482176,0.4373135424735679,0.3829189687565877,0.34033885497633243,0.2901957591466897,0.261173113134189,0.18031886064131575,0.07543968230271425,-0.08218220598242898,-0.030902149178468563,0.5764251187182318,0.8168637143051448,0.834542361813122,0.7799858970402838,0.3929729803610244,0.31864307855636104,0.35769913712497664,0.7329446309767947,0.0,0.0,0.0,0.0,0.5048734196706843,0.8962711705087198,0.6898518664311551,-0.11143676684932158,0.4964752265644982,0.7943178455332129,0.8116320542801103,0.8031485320168034,0.8415371417812081,0.9159669389753524,0.9682172958342248,0.980622494034673,0.8825447607842278,0.9749087964898902,0.8386984707407743,0.7530411440445706,0.7017565006180597,0.6339891529161927,0.4908254578038433,0.3157684373083924,0.5606055136140604,0.7578878589185125,0.8202406958381951,0.9640358613704945,1.149638527102007,1.2740618536671326,1.4691606560344455,1.461130709760995,1.4135800724817826,0.6105724662722989,1.359692639224912,1.2638621471448652,1.1751665146926429,1.0051123614936288,0.8796614212096014,0.6202674771278772,0.5154840337446386,0.5992960998943395,0.7808650759114965,1.0170808000573415,1.230606636784633,1.296981755568652,1.3859451763631463,1.3440772326915702,1.3087034979372536,1.2200119202730573,1.1241302660365076,0.9471505428601427,0.7899639877067434,0.6319134607778185,0.480828032419652,0.33348686546337686,0.15649597169589705,0.4346225146697576,1.0047925877741255,1.19308835317366,0.670645622530066,0.8747248490907612,0.5432329907712431,0.40975523511223577,0.37008622651146733,0.4462606803723642,0.5929307406368818,0.45143272747335766,0.8362672964341687,0.2612820447400399,0.5323420052967481,0.03459447404699384,0.20472151166787023,0.8022234314716957,1.9930289947821835,1.698418982604735,1.7569916647357355,1.417264897372767,1.2411500620760239,0.9285263567777711,0.6250770448931962,0.4268973825162674,0.30200681837099586,0.13513077734030654,-0.028841754699010402,-0.12905476913646596,-0.3129060110092722,-0.39826308996696824,-0.029896881828990196,0.9383332085458376,1.2467174804473908,1.217559061550565,1.3459014434771093,1.3012831557740554,1.100002261735841,0.9028904128117714,0.7057413278128875,0.5866022723653476,0.4479788841024106,0.35147748245568766,0.27227111207870225,0.20019237243033683,0.12328191184031057,0.007878564241348363,-0.09406835751075454,0.046639250805935895,0.3822835421817419,0.771421974118295,0.8687643617619617,0.9659231860381849,1.056266072832285,1.074315954584744,0.9750539282063473,0.8987372895591046,0.8608455312959118,0.7602223120050509,0.6779479826308408,0.5967717315956464,0.46316465943259855,0.30132285652458046,0.12537824274703296,0.026383618727660596,0.33805634499034165,0.6327506797860059,0.0,0.0,0.0,0.0,0.0
2025-06-01 17:57:00.653,0,0.0,0.0,0.0,0.0,0.0,0.0,0.2755855895670105,0.1752883878344962,0.10463810785691574,0.08325400785373138,-0.04664096522432648,-0.10564130417310602,-0.08563383966183968,-0.07110818677884145,-0.018631631888967104,0.06649168531479077,0.15861407056200877,0.23647557557921206,0.27639024316140953,0.3011806417975537,0.3215173536946451,0.21607096208814686,0.07074031146596986,0.028020966894992005,-0.08431267997289293,-0.156241720509526,-0.16634719062299985,-0.1166940002200405,-0.08261669859827192,0.0011873768153671804,0.049478607394433105,0.1433706870518089,0.2180455489541328,0.19682236341186532,0.2259555250197493,0.22015923330799628,0.1970337797595056,0.0318110249987697,0.1076193034350339,0.31561795067977594,0.20269008210805106,0.1211773982487847,0.06732529461084824,0.03300566328786836,0.01762986551292034,0.025666464884377405,0.03893965250796294,0.019640538467264768,-0.04392659063093873,0.018297374925245857,0.08796369912523283,0.13093443014225403,0.22414041159242892,0.3392626075867084,0.671227854604309,0.5244896450354728,0.38379982038617766,0.21715905632396115,0.10510388246512203,0.5070236860965938,0.638609081228507,0.72869698313482,0.4733723811909838,0.6677511886089142,0.3965523337491973,0.9016554320105901,0.8961018526451856,0.3945730390524669,0.9282071305781376,0.8249283065042436,1.1382966831378383,0.6189790648804222,0.2692024248381797,0.03319917574447584,-0.027364711448054857,-0.054206647110997874,0.009391222905402508,0.048726850515101505,0.13764582349372034,0.2381586850822437,0.38390857971713976,0.4777380295270397,0.606527876577125,0.7204926934831519,0.8465025939273061,0.9241340117866567,0.9635565673317172,0.19219258644467446,-0.5237693358718727,-0.2755729587211053,-0.061418565568565064,0.08724406161462706,0.2187021513960299,0.315862733140297,0.40210111902903845,0.46572638674339695,0.5220141645399643,0.5362924076335553,0.5394259480527616,0.5351346086774557,0.5171253801446659,0.4664256543896668,0.31575916580668106,0.4035567995053607,0.5140831231162813,0.6105637578173555,0.6053988629159173,0.5716035715024088,0.5291986269451356,0.49434696942741185,0.4871691900063495,0.4340545208393769,0.39904778906648253,0.35095240452948806,0.32482763374372214,0.2461837352587648,0.14054770650190374,-0.022968444988924697,-0.030775773713085097,0.524662869865185,0.7986878002875362,0.8300512786708774,0.7853790990717948,0.4606198298193575,0.30498047425008584,0.6362032908368123,0.9023650473890514,0.0,0.0,0.0,0.0,0.7905863262222503,0.8079271134016446,0.9099060951216026,-0.1816088879155739,0.4607652663615675,0.7785217000236168,0.8059796885862052,0.8102104982965089,0.8651787697837199,0.9409443387015644,1.0030580669570095,1.025358722985024,0.932769696605845,1.0081384231932677,0.8742861556585124,0.7841484720347807,0.7187468505015866,0.6424880298143154,0.49305458415395137,0.25779140676576456,0.5106112278296214,0.7426515669712809,0.8073328483846514,0.9572695020646766,1.1493186075689075,1.2788272328806998,1.4711654134794205,1.4717595248772966,1.4240333436714636,0.7010426503827178,1.3711221017226243,1.2640153567477173,1.1712834966818964,0.9918431015897414,0.8574724196320516,0.5735188332519504,0.41027736784254176,0.5660475905415028,0.7731594177180391,1.0208122275398333,1.254724699294707,1.3242696025509886,1.4191109889135096,1.3674769605513035,1.3309415773883893,1.2371764823236933,1.128029091125037,0.9419005966789863,0.7808320990149683,0.6193989254457497,0.46986639901152616,0.3156964404559786,0.1354015574412274,0.5040523300294463,1.1177603657750654,1.286547148996625,0.5341843805584786,0.7336369151172167,0.6433973571587851,0.4034197626363092,0.4173649645832384,0.3246979868287696,0.5170051885471316,0.5155575942826762,0.6177387347119312,0.4357357699668113,0.5992697523802818,0.013338315329293582,0.2460336077109515,0.9399167964492767,2.253531715224207,1.8719733273446553,1.9154040387090978,1.5533502396263028,1.3146133512489164,1.0378672339121713,0.686242140114538,0.4540052621066877,0.3152170616458747,0.12667194690053085,-0.03986710886458922,-0.16770801772467037,-0.3799639684152267,-0.4626288616851841,0.07159683595693528,1.0929454968376495,1.3716008547872487,1.316190156168286,1.500658765748799,1.4496729535211734,1.2415583361613054,1.0011045779858454,0.7943193118493743,0.5866022723653476,0.49395767406749846,0.36191667722444243,0.2783881016710925,0.18906995944050176,0.07638829503598754,-0.05272467809069681,-0.1691980789831219,0.03845908500966,0.5410540062998492,0.8892007791516243,0.9799042253965223,1.0805425243134967,1.2014771661374213,1.195559273384975,1.0691274919779077,0.9678279983362759,0.9087702323434714,0.7801023977666852,0.6852067717602395,0.5772882542466771,0.4295114362257978,0.24452666474745843,0.05347372454499044,-0.03809535356369975,0.4885175078438112,0.805746282440335,0.0,0.0,0.0,0.0,0.0
2025-06-01 17:57:00.687,0,0.0,0.0,0.0,0.0,0.0,0.0,0.3647465333096048,0.24502648371611194,0.1602623854979961,0.08855951055001066,-0.03294867591198558,-0.10339502928134325,-0.09498759060408879,-0.06777694834378101,-0.015369172877673032,0.064908512737473,0.1492465054830991,0.23773690130232805,0.2751507419587051,0.3166506109954516,0.32070141923690076,0.24242522732795407,0.08730966242201442,-0.002595889867293727,-0.10578683435076508,-0.18040440726277462,-0.19609524322155136,-0.14202105825563072,-0.08446476275732384,-0.029849571830770305,0.038676957958268865,0.12335837403471883,0.5180805187682852,0.18224006773398993,0.212886976247668,0.21665239659946225,0.19398058140952812,0.035136345234958094,0.13570942370980893,0.3016048992271181,0.17937281004973027,0.12038482074832335,0.02640168914865959,0.023503075651172045,-0.006674545232282947,-0.0350346704903971,0.04145247376395467,0.009750189557999,-0.055983855210748557,0.024402100934396098,0.11315307476517716,0.13970902746985886,0.24626831770964552,0.3683061220300443,0.6682144226700167,0.5063553438118543,0.3858819079325315,0.20462655598068702,0.09456114679278405,0.48075669860089504,0.5803693223771429,0.7631929832970066,0.22894953330889228,0.7908383979292969,0.35653789536849834,0.7883977945635154,0.6864753578993481,0.5369952433329108,0.992837948921508,0.6766953779161488,1.1252505096235728,0.6053863407772213,0.25068588171748196,0.017673405303080925,-0.02156822402202896,-0.05070897809414743,0.025061172004186005,0.07512342217037182,0.16730197267795455,0.276513867713146,0.40024420589495135,0.5004650504353292,0.6334716907178549,0.7421731861518239,0.8397854896238419,0.9223459217034701,0.9497969297727427,0.15651829180195415,-0.5051037286993567,-0.23124974017496314,-0.036736995531368555,0.1360027031825386,0.26500777773231965,0.35584334595951517,0.4381070430535947,0.49066777789042537,0.5977311378172294,0.5638305514606878,0.5664121426682299,0.5538514997309488,0.5330277611347242,0.48035238450655954,0.3222460978103425,0.39587226552414123,0.5132436211119401,0.6372586518651793,0.627524944089451,0.6040301880551115,0.5715803963164705,0.5276349717260502,0.5244094731496114,0.4788101862976173,0.4325143882827831,0.4050579540509591,0.36796742272098326,0.2828462298253962,0.17909835128718765,0.007475749545468147,-0.02353586716669054,0.49355067963877186,0.7841936763239645,0.8226068202985732,0.7894678831584907,0.4571981778309751,0.42552360436826325,0.5506530930170577,0.8239922210046005,0.0,0.0,0.0,0.0,0.6399326281206335,0.7894305318461143,0.8159335262517932,-0.2608800786932468,0.39820129709146096,0.748483617946126,0.7965354931715478,0.8032932742904318,0.8636990653719179,0.9530557135348416,1.039267263059351,1.064388413259942,0.9997709461537427,1.066928316095693,0.9381772803676434,0.8389141704601257,0.7714084404107664,0.6916111683485118,0.5486859691121206,0.25882668268638603,0.44305171926291076,0.688179757325442,0.7460378898300377,0.9073367502084742,1.1275692602190481,1.282991990924935,1.4691127697330186,1.5010157118910115,1.457571801935887,0.9055255300429081,1.4225253564849005,1.3377844424589824,1.2410141227754032,1.057679501530154,0.9140885009091863,0.6163941377217973,0.31244664153633495,0.4601749094298495,0.6978002271536342,0.9635849313553388,1.2200276501561658,1.3120149194502846,1.4185444211199036,1.3826108545970308,1.3621482553233677,1.2598162648622906,1.186260122391797,0.9788229381477455,0.8260774287256504,0.6627186523023805,0.5135941990567519,0.3698755399827897,0.1660262177476816,0.46497074948604394,1.0557894577189195,1.2401565894446893,0.7693342104344026,0.7760657180222793,0.7755500378443249,0.31580721257934186,0.3897220030068986,0.38321729303890806,0.580841221484093,0.5195007165578096,0.6792156612496847,0.39546248089158154,0.6543711878312697,0.04546116428876379,0.23544471638141662,0.9215082211156755,2.212347286833301,1.8744689098909537,1.9232165128241312,1.567391823140175,1.3179403950470168,1.0641919588186486,0.7327980839934602,0.4912159863140064,0.3481400956419378,0.18692707433476752,0.019933131644925828,-0.12772936057148832,-0.3285656962774184,-0.4960632414701023,0.028980034476376093,1.0050702339552318,1.3309327906513597,1.2958760996667742,1.4864039898158232,1.4626897397729663,1.257551053624323,1.0172249672645275,0.8266978751783378,0.5811992669462077,0.5442278326957406,0.41517118407845954,0.3378069105289643,0.26204717385622234,0.14445170880554326,0.005241174790984848,-0.15404368765553594,-0.05001175139732239,0.46633647598740136,0.8396747336979442,0.9432009996196523,1.0591175400878297,1.1903216292711654,1.1916426242122804,1.0919037546183556,0.9919232757441334,0.9611553314612757,0.8451865173508264,0.7614083734318815,0.6478328065694223,0.5219871717019499,0.32155171837739005,0.12115750139138198,-0.09983738236841211,0.35819830134706876,0.7258562407808922,0.0,0.0,0.0,0.0,0.0
2025-06-01 17:57:00.688,0,0.0,0.0,0.0,0.0,0.0,0.0,0.37788237162696436,0.281362536871831,0.1876371017483044,0.09341712878841202,-0.050977633366841024,-0.1380928857982454,-0.13723585362371538,-0.10822026984459654,-0.052409144954683295,0.030966007517640448,0.13371246336939985,0.2120929655139402,0.25521975500630306,0.2981082371134424,0.31297809872858207,0.23181220664170604,0.07308881657036338,0.0023748915446778762,-0.12516962965300915,-0.17971083886229922,-0.19805317133492606,-0.15385830128591693,-0.09344496000593705,-0.04333436151330505,0.043484425700190954,0.10374816733912495,0.5180805187682852,0.17132411049176832,0.21699095657735262,0.2101751654811916,0.19075906086229233,0.06180558343477022,0.12689070126240048,0.30794825226920675,0.17720065519665018,0.09573737844913022,0.019254093926745153,0.023385575284052385,-0.015196623614613713,-0.052247402948713106,0.04056761600869241,0.011233025110952921,-0.01347239585809168,0.08985592114127594,0.15262970675271526,0.1689761453881194,0.26493522812604053,0.40870422288246083,0.6724438094558596,0.52823469098905,0.4033318834397265,0.22391559769929326,0.1124464287329412,0.49967054872344446,0.35292223314552673,0.9045944524181744,0.23644594982447453,0.7409799581095122,0.2738891568102457,0.5632577006708251,0.5580220804899729,0.4846557486501153,0.72343712637914,0.6380731562937496,1.1978038996768634,0.6194757002763125,0.24826999906292369,0.012177238844519156,-0.03831134771035605,-0.037272904890827796,0.04434724431880199,0.10338024849405136,0.20506498076490365,0.3163448879974897,0.4523294483159259,0.563111103834282,0.6916843526101107,0.792838889490888,0.8872620740417239,0.9827579901663394,1.005128850604816,0.18725602876187286,-0.5198089952302591,-0.23047939064860112,-0.022983110425423003,0.16397847295466783,0.3081859131272666,0.38904812225200036,0.47357552257,0.5324130348146758,0.540382590168409,0.6051549605597981,0.6052041256871182,0.5930885726343357,0.5705351881115274,0.5112535684570005,0.3533461123846854,0.336783466588531,0.4791421966040704,0.6120134490445421,0.6274016711544503,0.6194276711262987,0.5838210688127214,0.5541671590727857,0.5511412736099315,0.5082436237387655,0.47140224648319906,0.4379709341638327,0.4133475920547982,0.3328322467973528,0.24772689533696524,0.06248869610249086,-0.01638376901495328,0.42101790703623654,0.7386599052210546,0.7934212884856402,0.774106172446245,0.49130652707628225,0.27731126447776583,0.5769575450570361,0.7616928388158555,0.0,0.0,0.0,0.0,0.8797722932859879,0.55469169978939,0.7763793061397845,-0.3110980553164573,0.33224825213050097,0.7177562877833638,0.76852936466804,0.7861865906330004,0.8690037970988482,0.9762367824028615,1.0666392870763057,1.112833990208522,1.0556762346547761,1.1184773800095185,0.9996928069366939,0.8970666299917938,0.8214759192739938,0.7357685316974749,0.6026546551224452,0.27540364920968813,0.38531607359160736,0.6481560554007755,0.7284594019882076,0.8867999624433978,1.12413385914119,1.2973947077634898,1.4842320114019674,1.5186473278189474,1.4937085336752631,0.7268676169852673,1.469455961412053,1.3890147576385816,1.2825101353493193,1.1107752776506103,0.9589450874090178,0.6556154997412866,0.25272290651183,0.3959136681756187,0.6409599870390527,0.9564409510360619,1.2168024552238865,1.3187706697273474,1.443730576534786,1.4073947923286558,1.3847765785640682,1.2887058744293518,1.2138540184578943,1.0170616737706353,0.858423295020801,0.6982579036493537,0.5529280646779082,0.3956605027868835,0.20764323268244045,0.4574201832368316,1.0504664005769673,1.2341878090401135,0.7680388763074618,0.738701351609346,0.7459348294602247,0.3996531856461655,0.409932083355072,0.5649682846601427,0.5466083135554263,0.3710784886097401,0.7012475684692865,0.6622238609854942,0.38818333871325794,0.08431423622289991,0.27476861989299195,0.9313425265748287,2.1946814745923833,1.891939160990516,1.9220987837077272,1.5473119815399086,1.312303740942575,1.0625652940706236,0.7489627788418611,0.5197831313955861,0.344350262986755,0.19483191498145325,0.05443809916262654,-0.10791674866104528,-0.30402334632842504,-0.4749570660329966,0.07255330073397487,1.0128986441836998,1.3229639608303807,1.2711011099634142,1.4738766982068756,1.4350337922259866,1.2344405851466513,1.0003947944063898,0.8144782425544441,0.5922144224475442,0.5249591777414699,0.4078914408179173,0.3350146957719291,0.2525135370434858,0.1436517522748607,0.0013355292440537792,-0.1667309516521044,-0.060569898457268956,0.4592474762340595,0.827194619789617,0.9308199346607023,1.053204819166287,1.1769692723568745,1.1563638325654382,1.0849988660453587,0.9742006418229054,0.9343345241050887,0.8389133760618097,0.7421511528680196,0.6440612076314585,0.509227268924291,0.3265724913019804,0.11543745542244749,-0.07082046353830418,0.3522122500362358,0.7502583003570071,0.0,0.0,0.0,0.0,0.0
2025-06-01 17:57:00.692,0,0.0,0.0,0.0,0.0,0.0,0.0,0.4410798958950599,0.3012154141295035,0.15029426707113636,0.010215575704623281,-0.1404150179776097,-0.22821634836219862,-0.21457810695094526,-0.1674656954949575,-0.09618010686215261,-0.0015025359567606422,0.1079893648061318,0.19840375837335655,0.25125172929914413,0.30356295865340643,0.33012533206920713,0.25923882743380994,0.12279927551947449,-0.0551533818545103,-0.19059487331885894,-0.2573467767063672,-0.27183881942753507,-0.23462978796729683,-0.14195843277610531,-0.09858102740598085,-0.003119483492071584,0.06960189492841706,0.2960961818679848,0.15089571682753344,0.20996226935723122,0.21990269771080392,0.2260162742129177,0.08158399944180472,0.0691511002546687,0.24961270917122735,0.10367925996417604,-0.018652454819498843,-0.04433832076862165,-0.06314376100679442,-0.09008295951125989,-0.08385781440569107,-0.0175994644881855,-0.013546366751145622,-0.007675675067090104,0.06173396077784421,0.12742176142849515,0.17153118418132396,0.2434530994700918,0.38915741355632255,0.5837373398368304,0.5049445793945466,0.3182480157734623,0.1736290090337942,0.05460816733460505,0.5440529738675326,0.2815214954733097,0.8403719324451822,0.2337674948156903,0.7813631218635825,0.19916908546210765,0.45040094093085725,0.563280509318395,0.538629721833893,0.4453502132956435,0.644832112964676,1.1764991597617995,0.5873266733197782,0.21840498376215411,-0.061683626352611265,-0.07325775234929988,-0.06201671253278218,0.0294431471221972,0.09354669256164616,0.21002969040132702,0.3336771240360583,0.4640383437611244,0.5700488830817985,0.7086122114023957,0.8115667387855976,0.9080294618768003,1.0002049205889594,1.0303941593755872,0.1813201645241272,-0.517423280445271,-0.23608647066218125,-0.024862114264490698,0.17411943877303293,0.31446373812275175,0.4052042272329519,0.49540344863341135,0.5468056167900157,0.16644245381346406,0.6130430098519153,0.614423825655613,0.6003773803285622,0.5810731673937201,0.535598488741768,0.36585514209499614,0.32565876521971954,0.4686385425433056,0.6018608494167648,0.6266360001094069,0.6219853571735572,0.579014062110206,0.5578494779874212,0.5412500798825755,0.5146390823451135,0.47076421091142784,0.4517881192502584,0.4150265167308709,0.3435740158495735,0.24647487982377647,0.07181899853402074,-0.024866203303178513,0.38263255519974004,0.7157322158756748,0.7724440902314977,0.7596522912445636,0.7619957642284112,0.5156010128317652,0.41935895001598483,0.687891222916284,0.0,0.0,0.0,0.0,0.8560434500836502,0.598667875519433,0.6397564694456981,-0.31377656555121913,0.28927774843879234,0.690895566334214,0.7399857831956844,0.7625371621144431,0.8330560537436107,0.9460725162145842,1.029897185833085,1.0837307744334304,1.0479334984191317,1.110982831074407,0.9868532833576436,0.9022402923730197,0.8273426987532513,0.7497788845891704,0.6292143762977043,0.3080842791106471,0.34768210398600696,0.6103969061292793,0.6767147216615677,0.8392525258436832,1.0841937317217238,1.2477276303442846,1.4404251912312906,1.4919486695602295,1.4475700662935005,0.7653523181518855,1.4431113648312457,1.3884239657477822,1.2728611664468843,1.110602131562838,0.9657898310266609,0.6662588323159235,0.2501157089439063,0.38026041796821386,0.6037856326469212,0.9268465471425016,1.1700480169281682,1.2689405291110416,1.403633393807492,1.3543791017377547,1.3484109855356277,1.2520608840372351,1.1933054650024024,0.9859772562434,0.8450272660660988,0.685250117642787,0.5395688119033325,0.3986238032020155,0.20091227771454628,0.4283421754997294,1.005531522662432,1.18868128385706,0.7210129366240823,0.7775612970086965,0.6214467596894478,0.47006642726807313,0.41216532248658105,0.5498451054418,0.5076991839167702,0.4696424832766562,0.8145422122726304,0.6735826905752464,0.5006572078025251,0.07368550446749939,0.25263863036896017,0.8890070518550173,2.111742427858731,1.8222201053214728,1.8289367280395834,1.4846767606346791,1.2243193235146974,1.0030697555598236,0.7030829718817773,0.4999637957981704,0.32169032075449144,0.1524710806944729,0.024044313404590234,-0.10332606149908652,-0.2975557437068508,-0.47835453079616824,0.03901296938710236,0.9431772031264889,1.2595828937763685,1.2214421293836208,1.4024296744345093,1.3552071900240368,1.1638183739027368,0.9374402581984957,0.7728306060386603,0.3978119187122814,0.4933454584557986,0.39071929656199367,0.313795160065347,0.24971351596578362,0.1335607595974706,0.006817580353836061,-0.1423787462234985,-0.0658370703548703,0.4075108548217643,0.7877024180863228,0.8848598165767568,1.009849311400181,1.10755614125924,1.0912202277613234,1.0506361028414846,0.937056542053279,0.9052206789608757,0.8010890729013771,0.7262509063241098,0.6188436753031348,0.49419014718587817,0.31796873303791573,0.13303010668798781,-0.04677142179369076,0.32740742928267685,0.733618729520531,0.0,0.0,0.0,0.0,0.0
2025-06-01 17:57:00.695,0,0.0,0.0,0.0,0.0,0.0,0.0,0.4297650253039481,0.27108804992311464,0.11045563053816299,-0.022960398920864322,-0.1664949689049504,-0.24082487491014015,-0.2300930644481567,-0.17482663980114455,-0.10603039117725721,-0.0161980124854042,0.1072083208146441,0.20468178777425872,0.2527360672728752,0.3041605652087704,0.31755672311985633,0.28086316317657894,0.1236675370478479,-0.06395449272507031,-0.18261928187718207,-0.2774344154437677,-0.2928964084994796,-0.2564237367626043,-0.15014670483152204,-0.12044345087563157,-0.023114517194360418,0.05216998249553628,0.37922108574378166,0.13473361120431093,0.19882629364421794,0.21970234509966938,0.21668550638782946,0.0745537734507444,0.021378911970977577,0.22185273878365946,0.0678401252564581,-0.048121046293712055,-0.10250592934504787,-0.11066603151668164,-0.12207315233932914,-0.08978088305299314,-0.04042127675577922,-0.04930164637342893,-0.03538549931383206,0.04862600941477724,0.13449489779728518,0.1279385991299738,0.2009610234956657,0.3693578272118366,0.5329390758146392,0.4973600184281749,0.3149485919171938,0.18587754414354496,0.06930934706237624,0.569329245683373,0.39711216223397494,0.6600410758034008,0.402190033141289,0.7583452395728403,0.2192506290495389,0.3525725740564296,0.4671364668742836,0.6446608110197283,0.33865740050742443,0.7206306880655192,1.156674989574959,0.573902496364319,0.21592717131339134,-0.04653073950654241,-0.032483737456859396,-0.03689561527573759,0.07158580529635095,0.13155215853681446,0.2473546003411422,0.3754113088210198,0.4859156086555556,0.5937819534760496,0.7216545967385176,0.818510628291971,0.91196552930194,0.9802221466284863,0.9687218709292438,0.1270704879485436,-0.44199752567200146,-0.15881631504973814,0.03912800391410687,0.24029252144673485,0.3629512896043874,0.44776810529357824,0.5346815914325291,0.5670221441537411,0.37081513758909707,0.6222268330913063,0.6191585926581086,0.5958181596129367,0.5622587700435991,0.5064199264358056,0.3419484498423109,0.37946519510544396,0.5302526484126543,0.667841786174701,0.6813706868995915,0.6583157172596141,0.610489084298879,0.58826153175387,0.5531921780389504,0.5308763334037276,0.4760227691516068,0.46009090995737645,0.4023803327046711,0.3362325502813983,0.22579511161626342,0.0523477868283484,-0.06869761149785719,0.410329198639105,0.7258386227035224,0.7873744448636528,0.7721520988854484,0.6560393972689431,0.615376917612507,0.3750233963447373,0.8769797256756535,0.0,0.0,0.0,0.0,0.9583076376242923,0.5602461874040923,0.5429613785854843,-0.291137628007936,0.26608141129582447,0.6742037700050881,0.7386602680192573,0.7606447655599605,0.8406204119236624,0.9706695968142534,1.0559997252746975,1.1152944110679317,1.0988796038690118,1.1675436656565266,1.0329450714980672,0.945520905350387,0.8798719402842061,0.8069769671753528,0.6899778710157305,0.3732282923852211,0.32485754496626434,0.5916223942824835,0.6536090918333446,0.834048529719625,1.0918975046625625,1.2859277502555635,1.4817713394291387,1.5567833323107012,1.4965012683460046,0.8754820774608236,1.5158356023253474,1.4457499322506182,1.330563741106529,1.1653044971224955,1.0098626391830818,0.7211648883559652,0.2860945515621609,0.3534848140603519,0.5856469095750506,0.9266924207581309,1.1742952451113777,1.2943406175542946,1.4424888167509518,1.3853745784274512,1.3976584092252828,1.2937691716003976,1.2287740776529201,1.016619057231126,0.8832207162723563,0.7114709297336761,0.5674636440938556,0.4264354973643608,0.22585431854370347,0.3686465418468179,0.9342153548114084,1.140313269937363,0.6585346562494069,0.698052690243662,0.7788503290176941,0.5715212759511161,0.3617468873444241,0.59677526942047,0.605498484181517,0.46719646948571497,0.8939638886768048,0.7587380606172494,0.6688478238781878,0.09260023710630377,0.23532191153689302,0.8339558078251981,1.992702919761443,1.7379292393859662,1.7737927788773673,1.4531254972653116,1.2161291355001989,0.9837027821190181,0.6856096130215132,0.49455706422136525,0.33035395616522467,0.18311593549337513,0.055866377472675754,-0.08137827266488717,-0.2603743753043615,-0.4402362755629665,0.007046486531946949,0.8645002145878771,1.210178333985582,1.1705265606224935,1.343594724666766,1.3057476571124556,1.130011127505374,0.8942872400777147,0.7395251883919933,0.34400407498131336,0.48012238036270816,0.3780170562411329,0.3177045179550886,0.26981462078099694,0.1551957658708012,0.05424876088300912,-0.08087972568840074,-0.005670248903934139,0.31870095468080795,0.7222662460420144,0.8151295800074142,0.9496815963819654,1.0348726335112364,1.011636700729679,0.9956731654091198,0.9036223727046024,0.8975373774074107,0.7969421087728448,0.7344623597529512,0.6568565759336038,0.540398558300995,0.37359821222480616,0.21082894621259246,-0.0194121466835957,0.1813001463232098,0.6233154744966396,0.0,0.0,0.0,0.0,0.0
2025-06-01 17:57:00.701,0,0.0,0.0,0.0,0.0,0.0,0.0,0.42916021790814407,0.25771950256648946,0.10463384613307825,-0.029287275160581605,-0.19450777531516972,-0.26250275300684767,-0.2507001372186194,-0.2003692350595423,-0.1213120967664727,-0.027446012135218578,0.09459655512295168,0.19526285782759056,0.246847769639636,0.29959578806561693,0.3036090072540511,0.2858380993400062,0.14093066271181565,-0.058170265537789506,-0.17181273099786898,-0.27094960842224036,-0.31085567344879617,-0.26341205254951683,-0.16752888508370467,-0.13803563578604838,-0.040790523264118805,0.027057383210837282,0.524750960572387,0.12446777929755803,0.18115158887296895,0.19704078839969455,0.19494111045119022,0.09999580308536393,0.035399421156307065,0.22239319886019016,0.07649719044395786,-0.04490880369014061,-0.08225538403801491,-0.13713775821720198,-0.14099609373788013,-0.1359697367376761,-0.0704454302144859,-0.10805520414679004,-0.03926284720644713,0.022188909003383328,0.10412387057995937,0.08934912984481042,0.15726610148955078,0.3369570762786231,0.5497549554739672,0.5194217120711714,0.33116689254236065,0.19542581275745752,0.10555024640705524,0.6237465902481796,0.5634373000317575,0.7273868538460939,0.71407698380193,0.7419371230167595,0.25387954819163927,0.38003277603037733,0.37661570561640273,0.598932807361057,0.4683283983453933,0.8529481703782957,1.123848632596613,0.5587611818228163,0.24182544357978297,-0.013900226192841592,0.0038897930979298057,0.013640895159122035,0.11096582028856639,0.16264169259819483,0.2771828231921969,0.40085513987462007,0.5038755300197202,0.597747290083231,0.7153607750956633,0.8061980486111684,0.8908358762771544,0.9495490026251195,0.9008935850883997,0.06269676098047797,-0.3542691983834735,-0.06527796365821792,0.11827074531632387,0.308113209475138,0.4166268831735769,0.4996253290840893,0.5719450517330693,0.5946266018963982,0.39646013447140843,0.6317728902020308,0.6134118148374171,0.5856330524766834,0.5455432021670038,0.4860301304400288,0.3187021286142996,0.453229387576227,0.6160456791518675,0.7595347810992736,0.7484238308134066,0.71718363725139,0.6560455460845136,0.6257648045361686,0.5744457079507947,0.5447032520818331,0.4874966195222141,0.46593864744608426,0.38968204972579423,0.32704826513053753,0.20024235222233255,0.02379946986803294,-0.08467705957160007,0.45544042934478357,0.7611824175949263,0.8209769748011602,0.7997591280657339,0.6747381051570613,0.5475621574166492,0.28071888393586003,0.8194119546679657,0.0,0.0,0.0,0.0,0.6887131393555586,0.49502610564718214,0.478109586646674,-0.27512019508519714,0.2629964579319825,0.6801021874597372,0.7369370021522372,0.7626975362588891,0.846056478934208,0.9808951344345271,1.0694683958635012,1.133054918629429,1.1169202081376337,1.1986306507404931,1.0527258871127878,0.9724149917480231,0.9221592615477896,0.8439563723189876,0.7266586381200049,0.4202114433403061,0.3053124121660089,0.5719955544660189,0.6463988799147742,0.8180404080825752,1.0918845684262795,1.2944933664572558,1.501116871500039,1.5805354341090363,1.5349376118863038,0.8930616493442594,1.5518868721765737,1.4904145686151877,1.3757998385997123,1.2086622131085765,1.0504624997955774,0.776689038920213,0.2960109406497696,0.2986408984657539,0.5575173649034998,0.8998464887320992,1.1493046310555615,1.2815135813052134,1.443277225177706,1.3837122343743966,1.4075555281426047,1.307213956852098,1.2437867874438435,1.042058261451416,0.90086174875119,0.7331261196229177,0.5948291394391744,0.4444447370808413,0.24417140391429337,0.326292724653725,0.858771403442789,1.074936531796356,0.7334153465596956,0.6442288189163219,0.7518048320524574,0.5895608980676682,0.29521595171744247,0.6392833151804836,0.7014655233942904,0.6188856415585968,0.978899457018166,0.5094528533390156,0.6816688483811573,0.12055011206148208,0.21791709418482674,0.7856846618215864,1.8993365642272715,1.6520704172950615,1.722902894607174,1.4024633168552327,1.2063292960098762,0.9332572652454627,0.6253603381315089,0.511061070011597,0.32578343196729875,0.18433706600194855,0.06942529188982771,-0.06153420671929599,-0.2385041327835578,-0.4385947743540335,-0.053257425762765986,0.7847463977161369,1.1669274981043782,1.159398438160071,1.2877917111961268,1.2489132391219695,1.080190575019174,0.8799822466938967,0.707146112096164,0.5407189398325387,0.4668982561274102,0.37555649620911136,0.32148710879305287,0.2766802365532134,0.1948055343928793,0.10096237203284608,-0.02152631318538728,-0.010102761564130869,0.23794409642102465,0.6476139551278681,0.751937310478782,0.8856436855955574,0.9542284247774662,0.9678367749791659,0.9369317615980179,0.8791372206235166,0.8906520999144687,0.808056668704709,0.7492338752775523,0.6824912229881159,0.5852870668308098,0.4272728603876219,0.271975388202962,-0.009396117812734861,0.06364996132402267,0.5100530588734626,0.0,0.0,0.0,0.0,0.0
2025-06-01 17:57:00.703,0,0.0,0.0,0.0,0.0,0.0,0.0,0.3934957992184763,0.22682969904142672,0.05002357027961124,-0.05272832927761928,-0.20697081280245166,-0.2810688958360328,-0.26309236972010897,-0.22653048324897074,-0.13163883855446112,-0.03953257367164775,0.08494943082767309,0.18448851269470778,0.24174913526820635,0.29173649772730076,0.32588580555827684,0.28996182120773917,0.1215610952862712,-0.03288566290326542,-0.15831968822588754,-0.26511213106841636,-0.30458642018222826,-0.26113909290157444,-0.18567103354064451,-0.14577813765132763,-0.06096218800499431,0.011365053519117985,0.4032826819667903,0.11166316913679109,0.16981290426751278,0.1890991942188365,0.17160835374537053,0.08294407089271133,0.07075198411233358,0.23492706549950815,0.11869240267934522,-0.05500339019923972,-0.08607428523891247,-0.1259340677303571,-0.13275257528967077,-0.12747650841551406,-0.08389377857039393,-0.11346379189505529,-0.037939124575554484,-0.006306392405878047,0.10612440842460241,0.06579319927214544,0.1010201989684571,0.2933152440202837,0.5149679473026422,0.5285837496387578,0.34221802650377164,0.23644001142297322,0.12724243542041203,0.5817174648719634,0.5639631241242883,0.9281705607128121,0.9485402975919168,0.8876678951656192,0.33129731609004553,0.4383506277542921,0.39966553331308025,0.49514186382775416,0.4764799060809273,0.8495046860456026,1.0606214024293283,0.5326478009174364,0.25517356979732897,0.003905043538566577,0.019707086242805705,0.03923528436092538,0.1227150788690754,0.169978004714201,0.2671950084387258,0.3794571723030824,0.49184727669444017,0.5730534975344843,0.6798415181863268,0.7661655029905661,0.8580210408008739,0.8967680766827503,0.8158027952040754,0.01163757163673454,-0.26869386310407883,0.005920399415631827,0.18048734192067672,0.33537417248167567,0.42463619415165965,0.5048877008307242,0.5667734624429239,0.593885216794537,0.48816547913136293,0.614360967421339,0.592157429924348,0.5560654065501643,0.5060776083888957,0.43754827329371865,0.2817411870651566,0.5147051940078078,0.6961206943993002,0.8280019692182177,0.8048616512555651,0.730984727528347,0.6592188709113309,0.6219008758319182,0.5597165786587697,0.5193786687899442,0.46289178621423277,0.4247280575085879,0.3431239954045926,0.2862936573204249,0.1432526131279922,-0.030781029454994946,-0.10132841451007599,0.5020290231955712,0.8010866329692781,0.8544797881016684,0.8137274727233512,0.6375918710121014,0.4931451792888621,0.23072916851953412,0.8349380012424106,0.0,0.0,0.0,0.0,1.0006978138138232,0.5091345922501318,0.5329200724786384,-0.21483421129118638,0.2868341447181865,0.6917296886444259,0.7453526531080028,0.7597673909065926,0.8418802032726636,0.974211198308,1.0549615612426075,1.116795810330136,1.083085722258553,1.168110410866415,1.032681714028349,0.9479499597619419,0.9072208695248436,0.8290037798992982,0.7113769738236986,0.42182543640778797,0.34563677628220685,0.5881255766076187,0.6703626540430088,0.8346114501762676,1.0843790724885316,1.2863583742009381,1.4955325574089517,1.557013354904173,1.5239542658750198,0.6360016084417888,1.5421796578955371,1.4773316204113711,1.363564821869563,1.1908607035355399,1.041951063903605,0.7734031304078484,0.3242187898801878,0.30817137658015326,0.5671119177229377,0.9078486684959055,1.155764414511463,1.2819248815906394,1.4480161452601372,1.371568464891615,1.3925849661422633,1.3028339900790775,1.2078647199096815,1.025535898859526,0.8810108400228464,0.7215029531907873,0.5856700180414381,0.43095547234511344,0.22835280662802576,0.30896625591440297,0.860482465429869,1.0589072836936997,0.7016888915981095,0.4348133367007675,0.7792950147858207,0.6162288960019495,0.38152143766312413,0.6179398912474674,0.7836764422942415,0.6188856415585968,1.025692052185712,0.4600649630378908,0.6624902147800552,0.11405756426560104,0.22850598551436158,0.7796347347782441,1.8743689734073907,1.5887575686595874,1.651121955427636,1.3344412798828507,1.1441405578206763,0.8596879575033012,0.5616485786521281,0.45417010613593045,0.2680128051443367,0.11413545297831207,0.004862665066956873,-0.09617627144541252,-0.2804198517365819,-0.40558826595297126,-0.030855172179038937,0.8098363082876618,1.175127051560748,1.1580309653588357,1.254229458483997,1.162027098774278,1.0128261806730583,0.8000907588312198,0.6235544519415226,0.6666198036771951,0.3669740631910241,0.29190039986006466,0.23521184061479872,0.2093653793167939,0.14251154926045873,0.06822215263938813,-0.001794874746244124,0.032031361962476745,0.21999193221681435,0.6134677788440006,0.6975520894285231,0.8153431974970626,0.8672974940378926,0.8616341505813927,0.8495866061521773,0.8029064634455045,0.7818053698125238,0.7184820279711011,0.6733086382945999,0.6192868027834479,0.5338810843478651,0.3947633246734664,0.22929076485489258,-0.046214498168031415,0.03961861475826922,0.46418942318237666,0.0,0.0,0.0,0.0,0.0
2025-06-01 17:57:00.707,0,0.0,0.0,0.0,0.0,0.0,0.0,0.3966330820873112,0.2126583408530899,0.019389387423761117,-0.07886055271883952,-0.20016093259893053,-0.2664530289111686,-0.24006891471165392,-0.18322001612714234,-0.10319086928365062,-0.015607751830233552,0.11753113905791218,0.2208650443789536,0.2769184886586031,0.32246750665867707,0.3617839221149398,0.35038555125395787,0.1922258893992747,-0.015444253033577549,-0.19521216685229026,-0.318150601957932,-0.36158566411046966,-0.30337986463476185,-0.2037331480504626,-0.15533188336603843,-0.0715057595392401,0.02142843825532892,0.4032826819667903,0.13372507601273032,0.18800787551076042,0.22091770826158671,0.21709145039030153,0.10897312885217808,0.07819829435803288,0.16631699868781152,0.05468727171049326,-0.13957502931744736,-0.20140172608896667,-0.18336817529101457,-0.1773298068681909,-0.17260234822060083,-0.14065857792729564,-0.1441466607439802,-0.08984001745680636,-0.08291242087000117,0.07880244337261788,0.06264649885826873,0.09882257599462266,0.22783494602367838,0.40455805341130746,0.4425834486631678,0.25410574097295024,0.16329386677550528,0.07564673572562453,0.6138120643235849,0.5408457413226121,0.7735890087128603,0.8984945897967687,1.0737197364908975,0.5940474028850473,0.35047509996812864,0.5675631347271861,0.4995409514429985,0.3895272256709832,0.7556353391381668,0.9374032467118119,0.4644983524519466,0.18258490737461608,-0.05561611966682989,-0.017259252948961912,-0.0006739526296484222,0.0730339920460481,0.12359582389654333,0.22074658048704587,0.34056484138030996,0.44492483507444036,0.5240959845169333,0.650524805320008,0.7412011974129029,0.8505185062607639,0.8914799534444954,0.8428100713885807,0.0800381677021938,-0.24768524922190982,-0.040224850062240636,0.11251502233045074,0.27757334825922086,0.3628827549813076,0.45724804550627773,0.5308356901549645,0.5575806723121475,0.5272281510831407,0.590871642643116,0.5804242824705798,0.5544914308008414,0.5100624499677943,0.466391875272866,0.3468478477981499,0.6165709712225182,0.6957916302477728,0.7873690606911636,0.744314660930889,0.6616867030092484,0.6053718435468707,0.5663922724160053,0.5104102283552447,0.47287386035375856,0.4180664701432666,0.39671129463665156,0.3113895321246123,0.26697361648112783,0.12554946746927154,-0.009735551977510082,-0.039012706902031846,0.5633666853149625,0.8123316450586784,0.8420229445668521,0.7920226097996008,0.7047481490127689,0.7679717201847773,0.3052159959686434,0.8048205093345913,0.0,0.0,0.0,0.0,0.8244546694611401,0.5808364177061098,0.41488816142259455,-0.1626009104221876,0.31731199168165464,0.7069020852627083,0.7515752097771085,0.7565121621034093,0.8205272056852302,0.9284164579915817,1.0045289838420368,1.0432750167923932,1.0219311846184786,1.0992738825800124,0.9645417129885852,0.8988422110375809,0.8644444578307664,0.7994351132781121,0.6824580699201888,0.37551737516789313,0.33609425204134574,0.5746824671763253,0.6421053377603034,0.8024856020932514,1.049849181902015,1.2410473415803822,1.4564240155289183,1.5208168594758267,1.4873308710017004,0.7452817482598497,1.5130870914113888,1.4532293587354426,1.3435072078991344,1.1679853180522874,1.0173341339881228,0.7497020195092201,0.29924812915918714,0.30561279430042443,0.5672199614002466,0.8843521358695192,1.1377923875057738,1.2593769909612178,1.4228935734132135,1.353977786374177,1.3734818911278528,1.2772246240751333,1.1905802572637838,0.9977143033546371,0.8587438654699139,0.7042255046354224,0.5660097223222843,0.42645863253100746,0.22173675023128536,0.30168694500248144,0.8432006353742248,1.039046276082451,0.5744041152515851,0.5684473040373546,0.6567492325432891,0.7027857622346493,0.38232166434870013,0.4834727385639289,0.8836889176534177,0.7054433846595387,0.9982108959938766,0.1851239623520728,0.6122944044674049,0.09134350434018262,0.20843558184600924,0.773465996543712,1.8358176922549574,1.5497893441085375,1.595156681254362,1.3069282142127672,1.1032181184416243,0.8428033004569686,0.538162489015712,0.42263775966958095,0.2586090396470113,0.09829868690443244,-0.014634606341318301,-0.11369324115377832,-0.29869114688345305,-0.4023839534699971,-0.0376418632820677,0.7987289572548701,1.145990258158608,1.15788839238413,1.209992771913892,1.127812085352874,0.9630450601804657,0.7505760640821111,0.5733061662831103,0.6234933731771745,0.3308898922535968,0.2582497854114061,0.20541565480430624,0.18649670237550942,0.12447556349188194,0.06454992961248074,0.019405534931235868,0.020902959179476766,0.1697500245805571,0.5735263008534821,0.6541012643331684,0.7573435480253305,0.7920965163619496,0.8041840223961536,0.7788376230228793,0.7439463310649976,0.7390775556124927,0.6848874099877995,0.6449575298824388,0.5968310505193855,0.5154814704795622,0.37987834535361464,0.2346255446740017,-0.06895829831549433,0.0025554869526246415,0.4059852532083652,0.0,0.0,0.0,0.0,0.0
2025-06-01 17:57:00.711,0,0.0,0.0,0.0,0.0,0.0,0.0,0.41086168108478316,0.20792159843571303,0.020024978779174474,-0.06026706521586189,-0.15504478383495401,-0.20343156589872446,-0.1779134960742107,-0.1187507117736909,-0.049393441141102334,0.035733255617305226,0.15666121396061888,0.26261699471638056,0.3214062655579692,0.35729041696959984,0.3965643507680027,0.3967362571296414,0.2225614653918358,0.029292271955521865,-0.20380737208041705,-0.30730712786372094,-0.3399962169792985,-0.273206446613782,-0.1875941142641825,-0.12537456543356906,-0.028975950690631525,0.05383684348986384,0.6024066814641331,0.17253838402045807,0.23003447365495727,0.26269143176725696,0.2623385827304784,0.18409308408189667,0.12856808931841757,0.1289894352607025,0.03318467125164992,-0.12434318745811224,-0.2249116038164738,-0.19232518756753236,-0.15529598618703822,-0.1914310035639566,-0.12408063288414983,-0.1424576880372247,-0.11713000275918906,-0.05270858240197218,0.07004510255784424,0.06887076610084086,0.13207917167872402,0.19829298787548488,0.34016276793127237,0.4165336544073971,0.25670461561546754,0.15725797413989784,0.07201726101639139,0.6672119122361142,0.496587043139618,0.7008727992118702,0.7796931371047964,0.8702548183360712,0.6393367585787075,0.4909766392517665,0.4998812797924986,0.48357326195589767,0.37298384669006635,0.8256764405804649,0.8957610029119754,0.43075513312330616,0.17395973451424096,-0.05029804953574857,-0.023313521307845475,-0.0025018872108111267,0.053798755150590294,0.11511310405487074,0.19411062715970395,0.3030813408775739,0.42961735245888244,0.5219661917807619,0.6373726946457839,0.7347254312558991,0.8507379871774756,0.9136053272297501,0.886567844845332,0.15076033729192734,-0.2591777408854332,-0.09270680102338691,0.052574243541019694,0.223200009579412,0.32362810538421094,0.41508671629449667,0.5010433842408659,0.5411292210427447,0.6631856102656808,0.5936191282215433,0.5898444502642047,0.5693180869854219,0.5439704711448553,0.5067036876734623,0.4353931550249488,0.6920026848822564,0.6784529708140455,0.7456435295714257,0.6929959000178674,0.6066597011267254,0.564914016997281,0.5269753352073678,0.4840090673889734,0.4483140374608212,0.4036572522609827,0.39072269850779295,0.32043640102716475,0.28842628482778765,0.17650595707480587,0.04712148328172994,0.06102179401308838,0.6134222593823099,0.8213147849197634,0.8258498907601339,0.763065086999799,0.5530604709158033,0.5179798961129469,0.44080206880053135,0.6139956294692189,0.0,0.0,0.0,0.0,0.7279572548376758,0.38381772653446494,0.3997808127475726,-0.14440286362558008,0.33016862644471917,0.7236958321583917,0.7606365390803105,0.7580391728632098,0.8202145803587315,0.9156955088654082,0.9967665859330559,1.0217104649147788,0.9832774072495831,1.0586715699108935,0.9515886071593895,0.8741118758718429,0.8372565177892284,0.773875525699881,0.6445908008947188,0.2900067401310686,0.3185036770842029,0.5644992140680962,0.6432518984829467,0.7957711061924833,1.0504250122700556,1.251387569438355,1.4578049256085288,1.513467486306901,1.5055826617610288,0.6192863055739326,1.5258059601873009,1.457234431093839,1.3450375222497606,1.1696702501827105,1.0032967156541925,0.7201162180717775,0.1946959321018364,0.30778351753077904,0.5960928230712782,0.9169810581076663,1.1871014561440472,1.3036119701857205,1.462279291071976,1.3953444681764753,1.4001377080467958,1.2954472855422474,1.198384088016824,1.0090249793983,0.8577000317570521,0.7031715623833015,0.5631676904878258,0.41837830550675803,0.2406346735663547,0.3591747748771358,0.8977671507807813,1.0839947272131436,0.6633074987316244,0.5210473899773217,0.6015881832345447,0.6202541857612031,0.432566447849885,0.7053743427470386,0.7727095034184694,0.6589041179919446,0.8139190852311103,0.31363357661016233,0.5729479537357786,0.10038415661927619,0.23818559582162963,0.823183269332299,1.9112926238656391,1.6069628396535227,1.6294318398741914,1.3395606559123445,1.1309405964921606,0.8362457418593494,0.5363820536808375,0.3931963075791405,0.23977380915219682,0.10082053306180305,-0.025900034118201853,-0.138337501760468,-0.30074123888418713,-0.38738449102224437,0.013314816779986194,0.8593279110220853,1.2027978103401973,1.1724152494088724,1.2376278923832431,1.1489330911294446,0.9715555729578584,0.7489151715914091,0.5603476610901892,0.6776090849491143,0.3098283569267244,0.22978776705770665,0.17233408473564715,0.1421466777835768,0.10110182772543008,0.03896704731994893,-0.01850073288207743,0.017665739189848817,0.21830320288481797,0.5889338243819828,0.6738985414347721,0.7540707300613125,0.7903886986269759,0.776059512400531,0.7664486398641532,0.7246047954832426,0.7180526101116527,0.6580454412095091,0.6156106311774072,0.5750636216281888,0.4876817023200054,0.3557524510655471,0.22607258560306104,-0.07410033769289565,0.043225304697835254,0.406460176002994,0.0,0.0,0.0,0.0,0.0
2025-06-01 17:57:00.715,0,0.0,0.0,0.0,0.0,0.0,0.0,0.3785580921006052,0.19664402043169724,0.016321599711773715,-0.05286115742844133,-0.12347057251411786,-0.17070893418650102,-0.13129042299324467,-0.08220033157933238,-0.013385288669515605,0.08061553477754102,0.1956434433833169,0.28863837331789466,0.35663186297009125,0.3986458745882865,0.44216658132261055,0.45003015909005806,0.2714054805469139,0.014517752660250904,-0.2293212565546201,-0.326531217203031,-0.33518393677324476,-0.26204246853827484,-0.1838033093517777,-0.10458601291284775,0.003104052244678801,0.08098635451617531,0.8341244651952493,0.2210765112096741,0.28296781230225837,0.3117953409592319,0.3322441374449974,0.25319015168771986,0.09846400896924395,0.08757746904898628,-0.0014774440606184491,-0.16754573334413703,-0.21091065470201742,-0.22398173805922406,-0.1468650442026015,-0.1767262587579852,-0.1415522806575108,-0.09432226305473246,-0.06316442701375691,-0.01090473297938832,0.07180366664023252,0.08293581211517637,0.13944441444088246,0.1355409180992633,0.27288677720684723,0.36893317212643495,0.25005982811911653,0.13261112629306004,0.05630689152654167,0.8562845895226414,0.5578737753384475,0.728799978031206,0.7070143429866771,1.0940829446180167,0.5108801619461626,0.3999853152090975,0.5693051316379132,0.3291430168157291,0.39666807775679225,0.7457008511523869,0.8272256637650772,0.3778186022645852,0.14301947767669998,-0.06292384229336911,-0.04949282982401915,-0.0222883652866126,0.025242264427166594,0.08860627804307253,0.16741447335807602,0.2743220967008553,0.41686152137264854,0.5132627065343418,0.6330773569660898,0.7367819870999612,0.8643906058256225,0.9508703362335981,0.9814128920872707,0.24401561099909674,-0.3441862298254026,-0.203104746044378,-0.04330508303047598,0.13291149769758293,0.2618881074148196,0.3665705723609838,0.46212051608145654,0.523662781693147,0.5529310445079378,0.595326161411792,0.6022987274946746,0.5969893103471126,0.6017435336543583,0.5863965601431673,0.5526513541865298,0.7395004674461727,0.6323325602782247,0.6500407740203205,0.6099960926477899,0.5464922628698259,0.51282941310684,0.4843559273832372,0.4515002743302863,0.4264680850851341,0.3868112568700832,0.3876151343688208,0.3329670200675947,0.302810999836969,0.22879167196556904,0.12463143131889187,0.19818408615712618,0.6559492929238941,0.815660656904588,0.80404311035652,0.737454019961552,0.7222003337125251,0.49600656560323325,0.49670057427525766,0.4873696401470865,0.0,0.0,0.0,0.0,0.6637658683751277,0.5446290124647941,0.7578937452827178,-0.09868198614456686,0.3843714702319638,0.7477153751314106,0.7662311830425961,0.7616475713202578,0.7915834377440722,0.8745426508852623,0.9438977981242682,0.9568162108528231,0.8916393667357547,0.9590194622309842,0.8672215721335741,0.797220788015417,0.7542992837721758,0.6903738241797239,0.5568398681600053,0.1768413043200035,0.32431148336932214,0.5729416472515932,0.6431525030888172,0.779714806145344,1.0206565745884058,1.2032651429995989,1.3834813328095517,1.4296888855922012,1.426222683684306,0.5751867992008455,1.4459711061496519,1.387571926559453,1.2762465782299102,1.115864095270123,0.9554197558908238,0.6405549240063675,0.11111169682775905,0.321652270893943,0.6223056726930521,0.930665682051093,1.1924999933379752,1.291362933627165,1.4281261735930162,1.3594544214803455,1.3620011088577604,1.2552154644897806,1.1546876998883553,0.9706618056588084,0.8201868996195932,0.6764739816043639,0.5357681105985493,0.39493741388778625,0.23981478703607245,0.43755283552969976,0.9811242052517107,1.140115979415957,0.6602030192073739,0.46721270604426757,0.7697225277409155,0.4512982661900955,0.7103905713525971,0.6139732035153997,0.6984160054024575,0.6032496425538922,0.8150204759455187,0.28286341816886995,0.4840594656136413,0.11076225998731587,0.29317575126684076,0.8865164946085982,2.0324346545257352,1.6818562173927398,1.6389788857873588,1.332119099315836,1.1269107814886745,0.8389812969445605,0.5274907766730663,0.33413402892565736,0.21562480065746858,0.03887604881798801,-0.07750004316112957,-0.17510091463927036,-0.3525015388657326,-0.3835101047117932,0.1040246972379561,0.9515830546140354,1.2666802641123256,1.2132912514844392,1.2748624647906852,1.1605320405560213,0.9807280342420279,0.7303878401068002,0.5314975302771876,0.6922230240201417,0.27439821206286985,0.17688704877897377,0.10513128025410179,0.06890949149467673,0.028428482720895487,-0.05052307722757399,-0.11778975532331926,-0.00941314243961594,0.3375483852452139,0.6499743326558516,0.7282238145799619,0.7966685510650677,0.8375365880307735,0.7968389514626635,0.7571453027523005,0.7129059570123524,0.684615371510249,0.6117616289218937,0.5473816462441765,0.4920644063565698,0.4069365889555506,0.2666306594378831,0.12521477082354476,-0.08018967584375025,0.21814002117023557,0.5491623000228991,0.0,0.0,0.0,0.0,0.0
2025-06-01 17:57:00.728,0,0.0,0.0,0.0,0.0,0.0,0.0,0.41755459289781927,0.20317170936324344,0.03846878962146022,-0.056611255198664834,-0.08041442155899903,-0.120632678127923,-0.07221004405287335,-0.01259323680701896,0.05018418071278741,0.1538330069023024,0.2719078873322576,0.36593578148225436,0.4247869234438983,0.4678351546016085,0.521906830578585,0.5322624370922161,0.3194594103752373,-0.03508337752345225,-0.2970563080441398,-0.3761012829443825,-0.3679729779558293,-0.272945803638341,-0.1783656369760338,-0.07841430537757232,0.03467479938407014,0.1325635659552521,0.6885945903666442,0.2744043252563121,0.35264968463564733,0.38436536103861596,0.4188610803125869,0.3260202498638072,0.026570410115324516,0.005313219563456151,-0.08224653341825872,-0.25640624189571337,-0.27899037412659333,-0.22534301277544178,-0.14632596139134024,-0.16633987408415285,-0.1358640563879261,-0.05910713885390162,-0.03372164970640479,0.015942052764152503,0.11896609149375503,0.12127273936200167,0.16749748104190598,0.10504745396784806,0.1404814208943257,0.27501590796200226,0.1910933710745054,0.03917126421989159,-0.02177103470281505,0.6996469970058385,0.4850574794226312,0.5174383834983596,0.3904493851171976,1.0318022130059725,0.5731548659809815,0.5951132129555313,0.5484837457670815,0.4149136280560545,0.27849317818778574,0.4624968298338271,0.7598835580790397,0.3005495880641753,0.07005841067188623,-0.14105600542330343,-0.10547780636348958,-0.07203260116094068,-0.012875655661374497,0.04808153766083323,0.13789037931617565,0.2538204340283763,0.3943648395059969,0.510745473562285,0.6385666225004117,0.7569478392090954,0.8889836695661035,1.007755170818725,1.0808792853689162,0.3596363016518453,-0.44378860485186855,-0.3239913761443718,-0.14690701225165537,0.03955726381942948,0.18606935282523618,0.3069272013971398,0.4133314520794724,0.4878093080920427,0.583677762585227,0.5878768191868158,0.6157758175644822,0.6234692241098089,0.6464628562658102,0.6459313123899999,0.6628329054862644,0.7669509714815154,0.557789258391543,0.5388999497240761,0.5086653696618499,0.4683152052418269,0.4458748661702192,0.42482255671863944,0.40712398087442603,0.39640871882574813,0.3615277352048043,0.3750919232547332,0.3477906245090592,0.32183826582570774,0.28178479980178095,0.20602127707653128,0.301762029339338,0.666905025649194,0.7988558098913365,0.7640381442896298,0.6979198418817572,0.8420350864903727,0.4223361626077515,0.42950209283832447,0.40477281073396765,0.0,0.0,0.0,0.0,0.6134293761126071,0.5040987432603468,0.6141649145473108,-0.05466841910712,0.4245779309893691,0.7550681217264328,0.7778181170819094,0.7668101625808891,0.7893032023380364,0.8680656356723733,0.931810857236945,0.9260777777145885,0.8549468634420068,0.918593706425153,0.8312168652243681,0.7608603481296365,0.710896885973771,0.648265839046615,0.5159963715241813,0.12001578115472833,0.32174056348489294,0.5708841199794039,0.6507104702689746,0.7894822767961465,1.0056540620746814,1.1927699297818517,1.3683034506952425,1.405637935382429,1.403503273981759,0.5350712544243794,1.4238225324454716,1.3718886426911112,1.2523355040949495,1.0992877313946927,0.9276892945034383,0.5915440705298646,0.04400911284103247,0.3547633310344479,0.6422890603779433,0.9688854358911236,1.2288065567252389,1.3148859248442182,1.4463788416647483,1.3740383258227042,1.367738095012712,1.2564295959033953,1.152382550569186,0.9613600948031734,0.8114564428328311,0.6611367090460576,0.5203802236256979,0.3824368128006076,0.24043159249904117,0.49053414491367603,1.0516046179492173,1.2025835303252803,0.42979356476600605,0.528203549026095,0.7574961030833637,0.5866109031479536,0.9792765681200573,0.6037979613707137,0.6299618756072438,0.4771159435309594,0.8382544986593078,0.3911741705620422,0.44814848585681355,0.08789865224468563,0.31934296934462053,0.9329208978455732,2.087874395468364,1.7384676306891158,1.654592986221831,1.3388778888409778,1.1240025091821828,0.8273075012736286,0.5365465423773832,0.29748626320161864,0.1925625401260025,0.02010447358292855,-0.09189455352948828,-0.2079205510081421,-0.36716030660775323,-0.35873054160402906,0.19111701032713174,1.0121079276914324,1.2955166665012694,1.217704701930892,1.2901024480877514,1.1966403777929473,0.9676050685197084,0.7062101698162218,0.5144486456081154,0.5129729767327076,0.2365098345590786,0.13721893760117898,0.056936587663889204,0.0143895084126201,-0.03818450539978968,-0.12183101020581322,-0.19862899623292302,-0.011304197139280492,0.4037713340040826,0.7165433799006358,0.7636676473520908,0.8326166041495815,0.8617137960772401,0.7943955027899059,0.7594718484068519,0.6974514508583032,0.6550955087861638,0.5746140676649967,0.4977158975244529,0.43559988476701217,0.33653426509594586,0.19077091714733152,0.04792286002279994,-0.05971658891182746,0.358249604999176,0.6609910954010971,0.0,0.0,0.0,0.0,0.0
2025-06-01 17:57:00.733,0,0.0,0.0,0.0,0.0,0.0,0.0,0.38236632273557003,0.17764223324792275,0.06701972699269332,-0.01373378018290139,-0.04238014599519857,-0.08563544502303089,-0.013041008560702783,0.04164060579434625,0.08450727735677566,0.20601413517831535,0.3149570782900906,0.3903704258236792,0.4488236381693416,0.4873533815048525,0.5101323276549696,0.5218317828825166,0.33463281978974363,-0.0212392620163947,-0.28354743331953,-0.3446342930795929,-0.33702445526705327,-0.24842417447085163,-0.14339403947883334,-0.05222623786978864,0.07659361034538192,0.16666257630689296,0.5890989490763212,0.3068378616030186,0.3739338675828698,0.41687771138934615,0.4570083097088646,0.3663412621623587,-0.0071132518798761035,-0.01698929768231039,-0.11933776036187027,-0.27564440834622583,-0.2586099720007067,-0.2269146279056724,-0.1587695562940047,-0.1614648008871924,-0.13338131307620815,-0.04834381437991053,-0.015393604907246505,0.04165933178327286,0.12876076809645542,0.15374593145792348,0.22407046223434268,0.09765574125287552,0.07582688641371607,0.22865254401101215,0.16668447061908065,0.020912342562795727,-0.03750737319188846,0.775402722476819,0.602749181014535,0.3433827582107069,0.34507190406156185,0.9695214813939284,0.7452525932343985,0.5589258806546368,0.5243491552087125,0.344712739531182,0.2141843586004117,0.6372160408653917,0.7498669515893082,0.2671126437368678,0.05106329595021464,-0.14511751010963114,-0.11293036758487762,-0.07860620080981784,-0.003006143135563688,0.04896751732310434,0.15599268281604628,0.2703998596943429,0.4143953956112256,0.5421891584590206,0.6680970060741557,0.7999479383280388,0.9340911746166929,1.0809202184171838,1.189692206849843,0.4477938927357921,-0.5345286563444043,-0.4202388847932068,-0.2184190015520202,0.0034942625382881065,0.16837468440261238,0.3000096413973523,0.41708275028244945,0.5022680371444548,0.6555346145884531,0.6241742395112699,0.6521457383834371,0.675379535671048,0.7161460015888873,0.737800649043757,0.7718883560099387,0.7579693526965179,0.461702337229127,0.43969661012175365,0.4252756781838103,0.43326806111554794,0.42025679108831127,0.41451663869519306,0.40770272450813305,0.4121330600604065,0.3928439127926071,0.4071719674379577,0.40935744278484343,0.3918401337313828,0.3716201096684316,0.30441804381172144,0.3755357185799972,0.6355558808454888,0.7477470972703614,0.719054524469094,0.665125038319945,0.7483949186567709,0.5618539137891683,0.4466087192951413,0.3250631999436878,0.0,0.0,0.0,0.0,0.4708174868773658,0.43440752562740964,0.6808517041500449,-0.09569504094049613,0.399893293848587,0.7332658041346429,0.7562552456066705,0.7476288897767919,0.7683877955678622,0.8499719972981141,0.9218948621950402,0.9175493875540983,0.8503269353215934,0.9289711532922267,0.8445437907054218,0.7793972288487678,0.7268487656849236,0.667992055486804,0.5536977207833802,0.1419560744690646,0.23851724704998867,0.518713470741887,0.5931843541777824,0.7357143176041747,0.962713644617345,1.153178520057657,1.3396070338865709,1.3906479058265482,1.3991743261313079,0.7208014887680241,1.4409240251468352,1.3889789051654136,1.28355009831515,1.1450876014131315,0.9642732058329945,0.6222354412918013,0.01615581333519127,0.2621512131799839,0.5805063930295279,0.9203940694533304,1.1806400417888687,1.2891005281798222,1.4327109025958684,1.376467509959747,1.3807195393479246,1.2783935969976121,1.186973056975999,1.004840089164555,0.854139467297299,0.6980839882243628,0.5567334323527471,0.42208867399177563,0.29518089594385405,0.4990427155956742,1.0082854273163897,1.1800278021362458,0.15864535622661205,0.44701728595808565,0.7300059203500003,0.5763361344530351,0.7859997706816844,0.5036297584173446,0.7119853950845285,0.4263635536967964,0.7796797113099853,0.47872770080351534,0.39913770660896886,0.14039482750077875,0.3350512928740827,0.9228421187542781,2.055786229826177,1.7317459654281138,1.6550238538457012,1.3462509582755606,1.1255140614430934,0.8633951031684326,0.5690083726583699,0.3389386686357463,0.2371925424694401,0.07871211755227026,-0.022668178583182375,-0.15424951112381835,-0.301181985168083,-0.348657559644473,0.16316370413399278,0.9491731378637671,1.259053754706561,1.1888217388138755,1.2687838608460065,1.2086768876806853,0.9714197047685538,0.7264225659580361,0.5615358369361745,0.7085947584886908,0.2812224912944754,0.18532787582734933,0.10292471750833387,0.04288329820018266,-0.0049825229340463295,-0.09425576905647393,-0.2203073273249067,-0.0871097364341849,0.3628537109876545,0.7081759453672045,0.7686220548363999,0.8431368188981105,0.8785087653048786,0.8341500091884475,0.7951411323691189,0.7265505196306798,0.7140995940004897,0.6241830659843999,0.5355243407804415,0.48046751206449856,0.37150876694419777,0.2301283481257892,0.09390809527789995,-0.004164725505123534,0.3576648258688473,0.6742110550827336,0.0,0.0,0.0,0.0,0.0
2025-06-01 17:57:00.737,0,0.0,0.0,0.0,0.0,0.0,0.0,0.3393082352309117,0.150729936130949,0.06793370883355337,0.00022013865565584378,-0.023489139746446952,-0.05216026418732378,0.01143293026372083,0.04946216558293959,0.10737217738470639,0.21610222391585432,0.3222700054317,0.38594150697811125,0.4409765789559054,0.4895029374681059,0.4946573332606039,0.5010283501991929,0.31559017966963687,-0.01867038166710605,-0.22897913589289776,-0.3040390974566253,-0.294736539447891,-0.21291066739894404,-0.13144515450933625,-0.033112662299007,0.0976776539155284,0.1812332764243454,0.6422817471014992,0.3109740654326003,0.3769610985197776,0.4221076940120214,0.45870835472289456,0.3848128410731477,0.011044246609849429,0.040359975294846806,-0.07342164649333482,-0.21296218783869925,-0.18261625867477593,-0.17636243139584962,-0.13432142501664546,-0.10911210302029462,-0.10519534252800478,-0.021697841322846134,-0.004419623644232762,0.06452444041862149,0.11472663573352282,0.12401116907943732,0.19309886014495892,0.06198353726079353,0.12605010619301166,0.30936951628108655,0.2466555953892,0.09177208621305999,0.030624505242436095,0.6835035697129235,0.7843485321260262,0.35656284108949104,0.44289062351304787,0.8537514656882197,0.49169221434603017,0.6236455479307452,0.5169475948898496,0.26810284159460496,0.2914289539252143,0.6953186112955312,0.7356242075563377,0.3008541759546277,0.13876536137137951,-0.04536442708339683,-0.04811791372695717,-0.01595790542298925,0.05676456341757219,0.08939395288809493,0.18309242890150523,0.2930504567407264,0.43832833105959046,0.5598195412609746,0.663381459545829,0.7897499153693619,0.9190513032578977,1.053354847027384,1.151530749433405,0.3692812993646722,-0.5488688037169966,-0.38346858750782586,-0.1660928481412809,0.04020975962148121,0.2019476392806574,0.3258223127653943,0.4417944320525735,0.5230081252043859,0.6908107843964697,0.6410681025300695,0.657770904185455,0.6825513790555667,0.7146560726127537,0.7271435407742259,0.7433421659822498,0.7076752488427882,0.4608291438033639,0.4574988876572643,0.45483917712789457,0.4708007954632618,0.45154425099769413,0.4494466391484533,0.43718087367914293,0.44201224007541895,0.42294448150382236,0.41962641246664867,0.4291961962028381,0.40450645808870345,0.3835944146213267,0.2990139374229709,0.3667735328163341,0.6245655980719301,0.7534021896245688,0.7418453970045673,0.6844142842479455,0.7049849178843615,0.4020403712942208,0.31345392825019575,0.2877237382174166,0.0,0.0,0.0,0.0,0.38493172297539135,0.49518103741715386,0.5459043839720787,-0.1131112646941187,0.41340627681626535,0.7359621694735241,0.7542463765148584,0.7457586913302586,0.7778820027155051,0.8620520419395217,0.9380451492581092,0.9272288084059772,0.8525256825930008,0.9352695384712697,0.8519933068000607,0.7809160971860125,0.7318977369558486,0.676628159271653,0.5710936505913575,0.20448781720697545,0.25058551533909507,0.5167123605912209,0.5771909552243513,0.7210037560922278,0.9408304400240428,1.1379893237975383,1.316891013335343,1.3623158818195973,1.3913051775141743,0.6514441870707193,1.4455238320498895,1.393264550814028,1.3000475704210188,1.1608213880113971,0.9933991999911452,0.6431236782134403,0.05220943129114776,0.24114579918267176,0.5578743838831507,0.8966033046364073,1.1584642139555954,1.2795127290644166,1.4304777153351376,1.3702721124061699,1.3810261564719308,1.2785381324184701,1.1870809778340825,1.0183251260122832,0.8624772537139743,0.7119350183318567,0.5661317510908331,0.42779988605926333,0.3022512178770538,0.49381268013305796,0.9948115858224044,1.1684571889364053,0.15864535622661205,0.40433871004728483,0.7610478830843538,0.5124231998819836,0.7859997706816844,0.5381014093230465,0.6290842339281049,0.43730698267461193,0.7327463862587239,0.61126308525884,0.4262573274462703,0.15209366298556598,0.3509781303611333,0.9137034478115691,2.0566839082370025,1.7288870222684112,1.6469875073288285,1.3545259952064361,1.1272199712381272,0.8440088363341225,0.5674917054579793,0.32989551848650467,0.24337188801909626,0.08917904650329089,-0.02173894150889011,-0.17030762241601693,-0.28884326113810693,-0.3535504956532095,0.15995934443147858,0.9431420239889892,1.2662126336610249,1.1872613228340934,1.2798270648263812,1.1874697357778834,0.9787972643940228,0.7232817067093309,0.5727967898900921,0.6780120334609238,0.2987705291126983,0.19226947431158847,0.10851592993435966,0.0639760062917819,0.0002947970067099792,-0.09773216672701346,-0.2331190670183684,-0.10290749717758813,0.39214972318803343,0.7160208575782308,0.7808366599124869,0.8558107863922226,0.8991370368813296,0.8498832657395181,0.8058551142394954,0.7378078071038774,0.7270060809955718,0.628421053988852,0.5348375241188408,0.4765454707098107,0.37718203525146243,0.21870402090995544,0.08626740985135922,0.020152152473347007,0.3846976323855197,0.7052112910828712,0.0,0.0,0.0,0.0,0.0
2025-06-01 17:57:00.742,0,0.0,0.0,0.0,0.0,0.0,0.0,0.3028041686408607,0.1481384327544588,0.09815300604454924,0.04337732520812865,-0.004076066470949713,-0.05154979700348339,0.008018582639045646,0.03510612013814263,0.0949741415775881,0.19024438722595394,0.30445368832728587,0.35901312765093696,0.41311932836444715,0.45594501764167006,0.47389740164524485,0.45463537993634184,0.2678958725390014,-0.049903487301155625,-0.21199599181006368,-0.2955596346802397,-0.2894458029045922,-0.20804921934785336,-0.1335832055884808,-0.03443525789955637,0.07670561835410661,0.17569791741627494,0.6686799392269063,0.30193712996189237,0.356524974660485,0.40064267882045335,0.42810850795181293,0.3712744711743302,0.015084247570337717,0.07064534752836604,-0.047831964202532995,-0.19849526217152447,-0.16923482176527216,-0.14857582797626545,-0.13757059326008791,-0.07262970856106743,-0.10257879699746719,-0.04923654257627941,0.012536316695251792,0.03634009444176456,0.11295739095031865,0.07793025010266741,0.1430282250419162,0.05142587445134966,0.1480660861868764,0.3128564347023768,0.2539150407585692,0.10477868289474013,0.039432541001350074,0.578507134355271,0.9079095417970715,0.2941268352332726,0.5616920762050205,0.8463107156422176,0.6724210315788116,0.5191380859051274,0.4976827491420331,0.36412941186323233,0.47767299447905565,0.6765651760453327,0.701470450136592,0.3174449182500101,0.15317726695352663,-0.02544925499423578,-0.036236477958292435,-0.019700800754417713,0.06399517020295153,0.07401315938648478,0.1828162575761081,0.30748026243846094,0.4264981557594465,0.5385544130821878,0.654002281220145,0.7712709845894499,0.9062330315843892,1.0245259763548624,1.1238528908067176,0.31945378598601987,-0.574621390837502,-0.3674811419303641,-0.14677924315603352,0.042204401747587106,0.1957272323062904,0.32566565696649685,0.443985110420166,0.5212641212922724,0.6126499919473671,0.6301200314950979,0.6508750145672265,0.6816047646595164,0.6916025997681005,0.7138029818457534,0.711972634201926,0.6722622337141809,0.4474980523709461,0.4489036764053571,0.4634588101213726,0.4764622272448842,0.462456935861723,0.4559874644234174,0.4508164419616234,0.44167131590692477,0.4291746541904171,0.4216081397685232,0.4214802371595261,0.39170628514628336,0.35391332708534995,0.2801733143993943,0.33805629682828403,0.6163931210638879,0.7511027577919792,0.754261536539391,0.7030798931421922,0.745248316964852,0.5380358698361616,0.3330622376523564,0.3812833330359291,0.0,0.0,0.0,0.0,0.4618774372829577,0.9505777058472848,0.6465484299424613,-0.12168765874737009,0.4288507236458567,0.7402361124479809,0.7608269195972148,0.7472801196401165,0.7793990898711411,0.8565782166833877,0.9227858688678197,0.907125601455661,0.8523799714227529,0.9161467327432744,0.8221401145832021,0.7601190884917619,0.7237186701027281,0.6725188506023017,0.5797394769200825,0.27157018746010747,0.2753053103729711,0.5140213510463688,0.5675008984087095,0.6894921949041954,0.8911504920857725,1.070831662017489,1.2508401700754828,1.3011919841738997,1.3281229755014359,0.6245645767826902,1.403984889578175,1.3582622092275969,1.289245261709129,1.1427233236293306,1.0008154414534443,0.6712860950342896,0.128157163207133,0.2098467749232963,0.491342494256766,0.8201833412255819,1.0553968411210146,1.194821145059185,1.3429226205108478,1.2899024693050347,1.3064759517253148,1.2170066427477546,1.144180823377341,0.9761274777059817,0.8409616427357379,0.6945672805997203,0.5638997578091498,0.42681825935939166,0.29546097471955257,0.43514714424459033,0.9114565612708004,1.105159809344598,0.2635584980389921,0.5034203894292982,0.7978765009957097,0.4786414314852758,0.8133941528444804,0.2615723788829436,0.762938109577411,0.3687428488935079,0.8565645673079371,0.5356082132887364,0.550241603289365,0.13394092512891326,0.32219152739897067,0.8591983430844339,1.962665249483702,1.6585389512066333,1.5842140536466585,1.2802008463504397,1.0989696930836443,0.7919396025789909,0.5513703219069941,0.3228818746460538,0.2298949378823747,0.06607769023498,-0.008933419339116733,-0.16096816348180176,-0.28583597599344934,-0.36348769605184683,0.08983510974682479,0.8771412271195085,1.2111029025708788,1.1538404091958794,1.232380472944282,1.1357537010021093,0.9374794245272651,0.6952707533990441,0.5746980647922422,0.5022784468366209,0.3160913011800668,0.21314741546779747,0.13828758877964997,0.11234975412536363,0.021769122599773594,-0.07433256505347208,-0.19360464243871894,-0.1357349310758714,0.3167774221172841,0.6781171662007066,0.7512238543512982,0.8463835035085994,0.8955412592819116,0.8622400203935392,0.7922288150098464,0.7502448020075423,0.7444081463252543,0.661561948313659,0.5553425831570766,0.5007737730015183,0.40668841011904877,0.2522192572596089,0.10595512986461436,0.07162454993656664,0.371398617097057,0.721440869456514,0.0,0.0,0.0,0.0,0.0
2025-06-01 17:57:00.743,0,0.0,0.0,0.0,0.0,0.0,0.0,0.3698259099446437,0.14578121678984454,0.07104749591440301,0.03268291949740021,-0.02985560629485362,-0.046927246893055385,0.019383988749988368,0.060809749164542626,0.13259369331402338,0.2097242538515217,0.3337801943939777,0.4029147242372829,0.45100400714013317,0.49005100818562375,0.525724100804998,0.4861747155672337,0.29516191368546246,-0.03631148872570236,-0.23219208761791427,-0.30316763226299215,-0.31220046486054154,-0.2141988125294474,-0.11663097005635348,-0.01042662227553559,0.09847391503936787,0.2145816281029429,0.5209371888702554,0.3336810473696834,0.38895521307630426,0.44472878574909713,0.46653043247966447,0.4546486869208991,0.05531834706336791,0.07189465357904379,-0.08376985784831448,-0.1930376264727136,-0.22292390875562162,-0.11747831542494502,-0.13045300683646588,-0.0969701067890113,-0.060058074392816296,-0.07701248352144208,0.02109468398104697,0.026109241206323408,0.14432318219070117,0.11027016091720687,0.16855355314319037,0.06848413985880558,0.1520714334723896,0.31918426710947656,0.2203959560580938,0.07707766718153763,0.046647124621374214,0.5937307668033525,0.9848800861950302,0.3255893022976361,0.5313119191061891,0.7012584051514686,0.7736567246076669,0.5345885944307044,0.3116378934251642,0.3909876546721007,0.48822610267546973,0.6746693414367149,0.6525917305153697,0.28804517935401464,0.1284260873508084,-0.04463471896968474,-0.026744170446698634,-0.0021101110936221357,0.07295250613275939,0.0914060003928523,0.2013394882083659,0.32669992150139704,0.44329073428689947,0.5470488353866276,0.6659444390380905,0.7899103105722582,0.909681480805985,1.0235810796439626,1.1094097277632835,0.3159538979942051,-0.5555177344474488,-0.3359354012401199,-0.10583524455764626,0.07776801026739255,0.22184470043679783,0.3486793281143654,0.47493809003391485,0.5411662230813539,0.7371200912496425,0.6407970621433257,0.6640749328991408,0.6897496976009713,0.6809459166383286,0.7134442716725433,0.707835270343216,0.6476463763313899,0.4390562815260942,0.46854322232505563,0.4761583333088797,0.49760038398803386,0.4841025671254571,0.4779318233577774,0.47830493875947644,0.4731464209944811,0.45871764138702176,0.4547463269052596,0.4466100704855376,0.4182020835488245,0.3676616036310977,0.2750071608062252,0.33037430316603006,0.589995125200851,0.7559765382752308,0.7617284264686779,0.7197755866375299,0.5537732095380863,0.5281647881226823,0.39471525797675694,0.49067790065134653,0.0,0.0,0.0,0.0,0.4477314822025632,0.7317972246537208,0.43592427012436863,-0.14291156508255698,0.4234698571942291,0.7468598918205083,0.7769420238673892,0.7708537004824575,0.8367718459337714,0.9011239143598189,0.9734280295969704,0.9626765664284131,0.9267054463707907,0.9747382319544342,0.8636677771393955,0.7981274886821108,0.7598447000978239,0.7056679779862336,0.6077292120031699,0.2928714856228864,0.2720907078622858,0.5187099077951678,0.573486508036789,0.7034009020271557,0.927152058858473,1.0996516776143093,1.3000617318720264,1.3670716716947175,1.3786954817699295,0.7353714355167702,1.4427411178566767,1.4007468937029137,1.3232226134237695,1.1657322049053196,1.0268238188572298,0.6928180232388251,0.14477236731367982,0.2064721794452361,0.49018484325715506,0.8103475103894922,1.070248786585081,1.216190492355768,1.3696742506578365,1.318574484749355,1.331152153780165,1.241019236979453,1.1757073933934947,0.9917908819289597,0.8516248518441863,0.7055594018884817,0.5653201193908476,0.42953088362076997,0.2796157736822148,0.4017322820261599,0.8947393862373715,1.0926620127670787,0.3401208733831219,0.5564945843182514,0.7098887902995951,0.4812458554216603,0.6596562555335674,0.32412959513646533,0.9352815682206717,0.38049280550336867,0.815734041123099,0.6018437712616042,0.5744763014802935,0.0983767373312005,0.2769009715972387,0.8202459171768153,1.9022124782378804,1.5986776847998132,1.6010576667373404,1.2687390167518426,1.1099682294175042,0.7847132569434447,0.5614297635162544,0.3382255722541698,0.25167741755516415,0.10759212226888515,0.024166794985381546,-0.14686078054278684,-0.26327095959185776,-0.39813400813815203,0.011998967796738036,0.8094892851919107,1.164778215126852,1.144350638649729,1.222895302099818,1.1364154985154162,0.9349559818511866,0.7177458990637173,0.5898395602709632,0.4117770150341262,0.34765213100005354,0.26312816027514985,0.1970202990623715,0.1712481672941767,0.0835991661901253,0.0011188669691628572,-0.13539024213751383,-0.1685318133341724,0.21167984612634827,0.6137126790720429,0.735770025506913,0.8266245545984063,0.8819978604866319,0.8785066769565852,0.8186703862878231,0.7736355633446965,0.7674495949696309,0.7074557328938782,0.6066916411175203,0.5692013759157399,0.4656644426396085,0.30054018685773576,0.16959738272101882,0.07349711175753876,0.30635154882118054,0.6867506548819957,0.0,0.0,0.0,0.0,0.0
2025-06-01 17:57:00.748,0,0.0,0.0,0.0,0.0,0.0,0.0,0.3292575127461186,0.10692085887037048,0.019684728773923688,0.027241937629100876,-0.0575478766250348,-0.07207280267961513,0.008395603784751127,0.046054508209254275,0.12320093499693152,0.19867841454394108,0.30712762706041236,0.3880855792982406,0.44037172555419407,0.47311439247766784,0.5145113845799807,0.48048385417738504,0.3080420075558617,-0.019522778089871046,-0.20820324924520833,-0.2928185316791051,-0.3022480472045508,-0.21331908947295508,-0.1083994649905562,-0.005578037596713381,0.11745748122779176,0.21960016432409657,0.5619932994901775,0.34870388800982743,0.39757792560523003,0.4645908720244848,0.4883731353565947,0.4791489570999903,0.1260884809274898,0.0850164935093411,-0.06388714000402407,-0.16224293543639567,-0.2230378809269058,-0.1319112809148426,-0.1023769687488496,-0.06657607209061123,-0.041197670968253,-0.03566965690160395,0.034297124931033984,0.0451429567326479,0.15393946395373181,0.14223893230446005,0.18118190463467537,0.07771826697111045,0.1517319606170967,0.370727923314283,0.24149861002865924,0.13048164575818477,0.0875613543225513,0.7121026435531785,1.0542847841998186,0.38162638498167106,0.6965033562041152,0.5833287395561313,0.7473435715075236,0.5200931718177102,0.3006524991233926,0.414654854699792,0.7873137829599106,0.8906389327944215,0.5807105252027942,0.27671397049719104,0.13863003364072723,-0.006345808355923577,0.012423143374620027,0.009263541562238853,0.10206856620961391,0.12025982675356395,0.2266280951479145,0.34254332061733583,0.4629237091829108,0.5538499155987839,0.6676763128200166,0.7871970709076439,0.9082491417773133,1.0082412308468855,1.09499930940453,0.30174045563130814,-0.5207614152659159,-0.28841579097330916,-0.0628415895580623,0.11559390428371685,0.26257683209156046,0.3797358657155354,0.5037788815312481,0.5689919602824844,0.635583340322003,0.6603831541840373,0.6842932521330339,0.7072974612249759,0.6861611554018395,0.7229732640538182,0.707040756408769,0.6565398771028932,0.4665484685217104,0.505213062859811,0.5246459231473104,0.5276746993234427,0.5197297104409941,0.5166724790609578,0.5172390065888219,0.5092816016091539,0.49954708728036934,0.49041490422341116,0.4772823588377326,0.44770245039400014,0.3890770666118871,0.2964021030740509,0.3423334267718327,0.6073998918713888,0.7659804662593644,0.7907416295564613,0.7527348782709187,0.44211961466096666,0.6905238928072488,0.23253644209072127,0.4789477063032729,0.0,0.0,0.0,0.0,0.49421896102539087,0.8929776463431442,0.6704041263746694,-0.13067912977081175,0.43695770559700825,0.7632274225783281,0.78854451859581,0.7940195043019186,0.8506989452572318,0.9231026839803629,0.9832425897232349,0.9772646892794481,0.9335494470148982,0.9778655518601846,0.8635339635811841,0.7842200249634064,0.7454483684679134,0.6914094567209002,0.5872540612514043,0.26872041059095725,0.2853951938976575,0.5327191975044046,0.5699443777345854,0.6975998175745122,0.9248115856113264,1.0749028619881948,1.2698098859531375,1.3480338771593863,1.3438449429364032,0.6400145101063486,1.4152934737629979,1.3718190774645351,1.3036991332015817,1.1391516924110028,1.0135187169895723,0.69317674793057,0.15884726177688974,0.18789540463712429,0.4750380648482103,0.7760925805858114,1.0181678942753125,1.180100892784061,1.3169701692955202,1.2842866261253711,1.2881843819426977,1.209834068678728,1.1421248288687584,0.9658783502739127,0.834257215674061,0.6883696210737256,0.5495022328877086,0.41411490347242663,0.27195215714405463,0.3877528198109839,0.8710157108421707,1.073929801390133,0.5687569854954263,0.47736277253533477,0.7921472383846954,0.5008425257620143,0.5955535012654165,0.386595486768632,0.9958049485507094,0.4511323881354092,0.9039107274286596,0.8402502433551251,0.6295664377187347,0.1045589279977362,0.2621226993700108,0.810940451087479,1.8831715142858125,1.5664801666206727,1.580985685158713,1.2574542056149318,1.0847007621450595,0.7807686227039974,0.5290013881862377,0.32104665300149615,0.24311561450256547,0.09558599220610464,0.0033281406958504123,-0.1520206686418143,-0.2667502210621983,-0.41323261784345255,-0.001499020433155751,0.8080506398594538,1.1616167178739631,1.1312714919490805,1.208274186011232,1.1338080843861753,0.9501310303803083,0.7311676142557408,0.6070406662114725,0.5253113516356581,0.3897800070509918,0.3074561473406716,0.2377544102571696,0.23176913409647837,0.14819114477412454,0.06375877521989848,-0.07762185206505057,-0.19334803560227473,0.15092291396634472,0.5700713479731725,0.7315298128585269,0.8253012037434047,0.8902600305475001,0.9144488207711619,0.8596442044131929,0.82211617361914,0.8041747847907128,0.7525860426987545,0.6600281653012297,0.6199154649098713,0.5181703800765861,0.3605343413108396,0.21940824751471938,0.06128829790158691,0.24860073935968974,0.6616752177607239,0.0,0.0,0.0,0.0,0.0
2025-06-01 17:57:00.753,0,0.0,0.0,0.0,0.0,0.0,0.0,0.3704147298564099,0.13285979154306574,0.03982625366907483,0.0016016324165174511,-0.09932636950236196,-0.10506292255958571,-0.04435439036158262,-0.002798242387507033,0.08852661962719077,0.15964474017519037,0.2748231310863602,0.3613157869214422,0.4266991563596216,0.45153668825183946,0.5158292356479598,0.4772103837537587,0.3139583680214087,-0.050607074643485905,-0.2523141748890673,-0.35231770346862057,-0.3411640700683731,-0.2656675610234228,-0.1645467378179314,-0.04424578155765868,0.07693656003818305,0.190091836450343,0.5752487835749048,0.3391141228155199,0.3975179096045816,0.4570733111915344,0.49346348452849226,0.4961069887838898,0.1189865572847778,0.036713991092195586,-0.0969601458904571,-0.18227608111301907,-0.26818431742842175,-0.1626786793077568,-0.1323347266159407,-0.03890425461966762,-0.03685664729757121,-0.03379585049910605,0.028918875779901376,0.04680385677876264,0.18009787751449102,0.1273114062522988,0.19045018277023368,0.08869168254853363,0.1504442835960852,0.36332034777459166,0.2228487482404492,0.07713103851434466,0.062029280711639156,0.5339753028251375,0.936593082607915,0.4458259484469214,0.5922351202753253,0.7098903375665251,0.619910423944582,0.5975012370242367,0.3476057339101512,0.506971567955773,0.7549107101311079,0.8300578403999146,0.6388588125656833,0.3092228293697642,0.11716027984639643,-0.051354496044748954,-0.007339546832691335,-0.023811586474277835,0.07073986140522615,0.09770206572480844,0.21083793039305876,0.3211406073423422,0.44124410289209615,0.5408888122079765,0.6650777798595863,0.7809183968085331,0.9147313906372074,1.0103121607077736,1.1134912364747886,0.31103570476140235,-0.5600837241996487,-0.32363366061926047,-0.0887142610480618,0.08632090197817988,0.23479150651127423,0.3567549867886981,0.491105890262173,0.5566846119958893,0.5296000066425264,0.6494734697612308,0.6789446722433371,0.7033897128118284,0.6895058886353521,0.7201540968982643,0.6974445860728429,0.6270164389010828,0.42506868216439064,0.47425987414212667,0.49967694773685145,0.49617548198739914,0.49554346091306845,0.5025088594370426,0.49865028406830314,0.49857022881608626,0.4855116732363194,0.4799036528757268,0.46493020285838993,0.44048292248765475,0.3853481540812097,0.29307990854828336,0.32160419477071983,0.584935774594361,0.7539670976766892,0.7821672091997698,0.7470593731223099,0.36109919561453413,0.7021476548545036,0.49714942755428665,0.4440654865550766,0.0,0.0,0.0,0.0,0.3915178358817383,0.9325889639461158,0.6037173367719353,-0.15241673147761803,0.43492135973555673,0.77134397185002,0.792229757083952,0.8078229935183266,0.8581753074327347,0.9312209720994262,0.9886019166948818,0.9845383858359011,0.939912266725877,0.9684948771206634,0.8519535775677065,0.7678631222140238,0.7344369915774669,0.6736156770135573,0.562420214115976,0.26176347287000706,0.32221694492227276,0.5520276284669731,0.5742044960971591,0.6938282151954438,0.9320830980928678,1.0676673706809252,1.249096518861562,1.3205377112155088,1.3126310777641395,0.6624576487674763,1.378857643701429,1.3385655894650763,1.2656264840640654,1.1027188539191322,0.9911398412533411,0.6801537556965559,0.18053939892792392,0.2184512670779627,0.47149504318690283,0.7566758817944623,0.9743606990249827,1.121087487282969,1.2569978169702414,1.220223868169816,1.2218753980901331,1.1479972745761047,1.0819618170566243,0.9151410758040638,0.7897685051749878,0.6530545270856247,0.5181144699483038,0.3878059424429936,0.24204209227524381,0.3508649126266498,0.8420511903149136,1.033060457236961,0.620699561761358,0.611749311785976,0.8430777273220232,0.47976601828183607,0.7903764824020294,0.6240187475801515,0.7697258135403817,0.6766435297645634,0.9576365257448974,0.8101146746714663,0.710745620489414,0.052162482982537395,0.23718703550107711,0.7661322258285795,1.8098012180935545,1.5037682857602936,1.4970574214539716,1.194541109039441,1.0194193142276313,0.6970742062017758,0.4529549745709778,0.2536593222249681,0.19109249276100937,0.03758437562170536,-0.06624761433749349,-0.20496527637411943,-0.3198637025338082,-0.4452723513162568,0.0071807713485184665,0.8177126431183561,1.139937265840593,1.1048938029358022,1.1598483296670357,1.0790158995087114,0.8846683738245282,0.6915642645271494,0.5439802157943838,0.14620966477402694,0.35676037197155597,0.2727449541519371,0.2180541606204056,0.22144400162687383,0.14150235003637757,0.07198341565282484,-0.050141608843500995,-0.16742716924479395,0.1329558780663812,0.5346205456326334,0.717251423768618,0.801035022658678,0.8526086022104336,0.8784551314394915,0.8277629187468838,0.8047659466939028,0.7787033658625993,0.7146693348974336,0.6265477952658105,0.5850055459735288,0.4882094907324276,0.3190760441296454,0.19042031620456817,0.01766936322547369,0.26268349037259586,0.6372903593896733,0.0,0.0,0.0,0.0,0.0
2025-06-01 17:57:00.788,0,0.0,0.0,0.0,0.0,0.0,0.0,0.4002057989684291,0.14314144258512532,0.010538182098332793,-0.01626251182755578,-0.1175804502302017,-0.14307111595686495,-0.06144467464749326,-0.018528534893123005,0.0690332282169136,0.15887936786265777,0.2668757150383387,0.36989259326884294,0.43305255545672944,0.4505822853867615,0.5349798678068378,0.4819858493391561,0.32475964764376414,-0.06100674670237122,-0.2928776104615602,-0.37936117585684126,-0.3767806712535342,-0.28949795362899566,-0.17269081407891584,-0.06291140365903614,0.07412239367705231,0.18573398621281845,0.4792041622214276,0.34103586833845345,0.40245457350950026,0.4663762939318502,0.5077150289135981,0.5155380778251697,0.14792632894651708,-0.0018498540995930957,-0.1402871993853405,-0.22360682911075636,-0.31243416375209654,-0.1908908034427852,-0.11773254519526766,-0.05020764036782155,0.002416364509859381,-0.03988918993373458,0.06755126839589465,0.0576001260173008,0.21608130725625319,0.16395483530057658,0.20241143021805635,0.1163066178446491,0.1409456531064165,0.31853453251461056,0.17886352177186782,0.05460241880520966,0.05067208253954192,0.5512969258870659,0.8096517517585207,0.4731924556147566,0.45677735552068033,0.6222721441277455,0.627331518987551,0.6744191986351222,0.35846989984601957,0.6288733415840275,0.7118584799567536,0.8762136614193718,0.6402272398193163,0.29365161613659796,0.08278589149635573,-0.09495582982370743,-0.026152141630503056,-0.04796228990898199,0.04532885388085206,0.08919312959604486,0.2073869191360469,0.31600559752901436,0.4299604130519137,0.531058910370581,0.6740741357520105,0.7965505416985732,0.926414292817975,1.0217757129296992,1.1244921394408822,0.3430596874976947,-0.5861518736617067,-0.345290255999285,-0.10703201406607299,0.07558332600472584,0.2210557361209371,0.3518555968560986,0.4914100971487354,0.5594973752995056,0.8005497092015428,0.6553169575929152,0.6908969143663265,0.7081551088767865,0.7012302049743334,0.731837661220075,0.7058710679929867,0.618502688967793,0.3876305082154917,0.4447482692264466,0.4807781316658517,0.4712555486856427,0.4863971354280012,0.5029568456010636,0.5029884834318739,0.5023549946548747,0.4925199080913596,0.49900388933447615,0.48292024551024415,0.46274273683692413,0.40976705787135803,0.32031968050279014,0.3209708831382025,0.5398502475656323,0.7251226328474478,0.7572642211431897,0.7322177321335712,0.3449742382403544,0.8308743436315116,0.5824734215236311,0.3485413490174446,0.0,0.0,0.0,0.0,0.625511608251438,0.8706138606746321,0.9170091426247923,-0.1692168467438796,0.3917974895976985,0.7569588485623623,0.7880653901886672,0.806496150478834,0.855168806380697,0.9432643747236098,0.9992425430904928,1.0189669809595467,0.9773420888709135,1.0078930163806197,0.8904156617936319,0.8085316236357694,0.766844458281184,0.6967237152628147,0.5755990956493771,0.25471975590381085,0.295190462447722,0.5435903588578161,0.588060916287958,0.7065054950560663,0.9552982136558408,1.0992197349278752,1.2812146146500334,1.370974944351229,1.3398099100283687,0.7363356664108385,1.40588059743461,1.3550872192980208,1.2758194845862563,1.1103955547045414,0.9952545651517427,0.6954874463481324,0.17387746030497092,0.21641873362451491,0.47899217372224434,0.7670896341861457,0.9702282856060163,1.1225568194340927,1.253548421566233,1.2307020536610345,1.2283583743126405,1.1497607784199912,1.0891970394719186,0.9164969334554597,0.7924520197404966,0.6505362196102267,0.5270309121188484,0.3898068927407975,0.2455019967799854,0.3463535651634621,0.8175137471640049,1.0139204505705197,0.6319375241112493,0.6024634706935078,0.9178330126848958,0.5740148921854337,0.9656648168999158,0.4762090586714335,0.7451273156229696,0.5725668493950382,0.8723767321074506,0.9404926355485861,0.858968850334061,0.04862075880829614,0.21831617968877692,0.7510344233587968,1.8013637291437328,1.4722118830050492,1.4608703197956654,1.1493048032453834,0.9938646437247975,0.6687542783820484,0.42323730980692487,0.2389073189378177,0.16353386996728925,0.017840781005647344,-0.0929610494433536,-0.21031198465329426,-0.32623219780662954,-0.45710890731657794,-0.0003065256075169831,0.7966918780893137,1.1337544032663285,1.0804795021081937,1.1346424304393783,1.068557721846619,0.8687882928984965,0.6748220696253726,0.5240130899957898,0.19087560357567776,0.3464954805686775,0.27278638717169224,0.22329801787782322,0.22837805106737907,0.1582667834678526,0.09971729793852468,-0.022106512247402066,-0.17073380624437912,0.08715209228102072,0.5117674001863877,0.7089292888614885,0.7879978295475509,0.844713437680209,0.8742631890833201,0.8145205930420878,0.8013469657496957,0.7785030536924125,0.7179632355001502,0.636180735694956,0.5743374985077314,0.49455356881315893,0.32985394078839836,0.19495329414430135,-0.009830291315764461,0.23628095097160806,0.6308044101860213,0.0,0.0,0.0,0.0,0.0
2025-06-01 17:57:00.797,0,0.0,0.0,0.0,0.0,0.0,0.0,0.3468420273670426,0.11426400700287356,-0.02951279533287532,-0.036067533623178716,-0.1111201787956766,-0.1511808282651821,-0.08449323905201644,-0.03124121185547657,0.05498432058485636,0.14080745243600823,0.2490517338546983,0.3548762041954665,0.4056453183854673,0.43434210120294214,0.5025200777010943,0.45219347397003373,0.3068416537192397,-0.04571258289160243,-0.28505088207565565,-0.3765544682098987,-0.39394052687518955,-0.2933548338303831,-0.17630768639275063,-0.08470014708581108,0.056327641375608195,0.16690546093826497,0.2928012930766747,0.32406689438016734,0.3923792833156374,0.4629367392153223,0.5109272592943388,0.4770646778693688,0.13834915461491415,0.0025136884549189498,-0.12360932857574936,-0.22445194545337321,-0.32863099791866446,-0.19187557440024283,-0.1205130331119535,-0.10094770355122051,-0.0017365658051835542,-0.019077907060470745,0.04677953538073454,0.09568583243477524,0.23793406059898237,0.18174961431594744,0.2329559278992515,0.11958735752243407,0.1887415471158182,0.36688989868491534,0.20958129763294397,0.09364095713950782,0.09838302734177873,0.5984651742188369,0.6608467691926019,0.5466849611625983,0.3237032346644234,0.6569904858958532,0.7381908345287109,0.7754033181269722,0.49212442548160656,0.5873299837675455,0.4893508938435731,0.852977269362784,0.6482061591878965,0.32393373365744693,0.13658398537221217,-0.05218238425825272,0.008834633455538032,-0.02880853873453404,0.052221273233186816,0.09004724484599103,0.1928676821369817,0.3083825926402488,0.41412205583721007,0.5053604956411306,0.6477794456489115,0.7707143604229356,0.9060434136527169,0.9971731317429592,1.0920464524121343,0.33852927703712105,-0.5809880605722114,-0.3469102870410068,-0.1173105154665226,0.0766491650866743,0.21812714575859538,0.3484431263924439,0.48300073817391964,0.5517536188948371,0.9325981907461702,0.6533493334327658,0.6873727908985273,0.70591060393793,0.705736034404013,0.7237849888670824,0.6993513058795529,0.5826632907831033,0.35864092611348963,0.43119411098602045,0.4778875883311675,0.47896842557455455,0.49002843354993453,0.5036444397530806,0.5016195805036014,0.5134313896316576,0.4997828140701235,0.5127457111823059,0.4959864038423123,0.46864052028171876,0.41864895346128594,0.3226851561096078,0.3069213034049982,0.5013378494030359,0.7053223832493094,0.7467407668426571,0.728000284465709,0.2459730719541922,0.8361353946190977,0.6001685169253399,0.42901266044207786,0.0,0.0,0.0,0.0,0.5753542302271252,0.4033869891273349,0.9456813795821158,-0.20000925423583732,0.363493527542257,0.7345657150282608,0.7725417210450343,0.7987551375440157,0.8447696636109698,0.9565112973553875,1.008135664018865,1.047582773548557,0.9976377850342462,1.0466217392026613,0.9186635550170741,0.8375512287881368,0.7935667458147291,0.7183039823515933,0.5873823950035562,0.24609847471022067,0.2681258277989769,0.5352751090713725,0.5854521355865914,0.7149156197631121,0.9668560895251714,1.1219949042315678,1.3057171270243608,1.3997908100572747,1.3604389522326625,0.7938714163031446,1.4213272248660558,1.3792788328875454,1.2892691164725865,1.1260062030727824,1.0053389600484244,0.7030972869263636,0.15621465638889437,0.17318314433818782,0.4705923959442214,0.7567561455791416,0.9770516848512938,1.1242470416451786,1.2482542980232982,1.2415524001910472,1.2446685874435324,1.1607527136638,1.0987994887985852,0.9324616321433997,0.7971057796029518,0.6616827173491291,0.5388610599252345,0.40192138791446963,0.2683868645429123,0.3889753264874929,0.8504405962723186,1.019975391757769,0.5541597508067393,0.6024634706935078,1.1004308312714568,0.6180714292770599,0.7921964496480118,0.5998122976759322,0.6188603633146821,0.6908348941651938,0.7264963866341517,0.987696769242699,0.8254524447555937,0.07762441728888125,0.268401775069897,0.8148182206875564,1.8792107225598942,1.5295424155988437,1.504413760436592,1.1694687342968413,0.9952520888401708,0.6871492153620054,0.3852333160857542,0.19839441462935836,0.1318618324884795,-0.019429098995795258,-0.13889415579420317,-0.2683194867754629,-0.36450698511076496,-0.4438373833931958,0.0978689682194473,0.8855018394650107,1.1913677930245228,1.1295074034915566,1.1790084006937964,1.1271670166660772,0.8816697539258036,0.6800620078582853,0.5132255134267567,0.34054328228642416,0.31840158124072926,0.246843749968769,0.18315115107101376,0.1790105328759558,0.11677371470039655,0.058361479870927435,-0.07123758263846369,-0.13081019366047827,0.18564409017796302,0.5658075172271404,0.7595432194534412,0.8342503556867358,0.8817098802762033,0.8918835236471989,0.8476945623470131,0.7917429716667208,0.7584562710896854,0.6809482006053686,0.6098451756059267,0.5374084609312062,0.4390864597659795,0.2825355276363657,0.14943097783082332,-0.029313753648468166,0.30175750975749516,0.6919083678281084,0.0,0.0,0.0,0.0,0.0
2025-06-01 17:57:00.800,0,0.0,0.0,0.0,0.0,0.0,0.0,0.27555034701186365,0.11533177658276975,0.025868958242079687,-0.010767023940313036,-0.08662976123352573,-0.14438143813916682,-0.09343205599880589,-0.048282762342614305,0.03346400304252728,0.12991980448910945,0.22489449230486175,0.31925383037090427,0.36903901195631456,0.400284023274587,0.4392806607303764,0.39271137574580034,0.26277594028611434,-0.04601895114810317,-0.26204699791597774,-0.35355752689270625,-0.3667995714472687,-0.29323453402457755,-0.1905450339276783,-0.09785816051065543,0.032733043984160215,0.13322408744957426,0.30993108956712123,0.2821754191789112,0.350932161594755,0.40949392518383554,0.4713479410653289,0.4017663213165038,0.13067537291626385,0.008966185593155707,-0.08115111681166598,-0.16743942483870067,-0.29485948034252807,-0.18466081301374326,-0.121913768836441,-0.07264177253539139,-0.022579863957816637,-0.02733680579370812,0.011644171821367122,0.09585487196853537,0.2057911236112393,0.14805174507958452,0.20326045377455026,0.09057148755983083,0.25621795768363526,0.3961070155438481,0.2281202557139116,0.15449387196997577,0.10761039966140107,0.4171588894235125,0.6074337790049843,0.5314172158816177,0.35074300639658373,0.5608466224230995,0.9656628688746052,0.8011090700901852,0.5561927525225803,0.6469430731850717,0.6109214813151245,0.8859029970853896,0.6622595929632826,0.377172961231909,0.19820845536548448,0.002417181828146875,0.032590221428320465,-0.02890240495283658,0.042807625427343066,0.07233480180008289,0.15078503916537223,0.27089499636683034,0.365476809735072,0.45718389703221396,0.5831621367710494,0.705576693873823,0.8375871198791152,0.9408595357273754,1.0022756687904046,0.25870089847360345,-0.5324291398139147,-0.31869798692972817,-0.1120611800687441,0.05967904621979714,0.20633177469679675,0.3309351875435669,0.441134647437345,0.5158241758708766,0.7395869833000186,0.6180120267623863,0.6440119191669947,0.6635765483611583,0.6773458939668587,0.6670000800181302,0.6274507727735535,0.5284260516783407,0.3553980495391603,0.4225180631823171,0.4834629421097476,0.4706482748859313,0.47863608652879,0.48155916926671427,0.4721105707555009,0.48497189739215574,0.4705556943935947,0.4667521601815552,0.45805565792740754,0.43187910304882937,0.36626285277075266,0.27556299758403513,0.2492064997984486,0.48696631221460707,0.700100358547084,0.745116973879401,0.7239803992773324,0.4728171679404399,0.9850244928759009,0.6535364366423049,0.210897171732216,0.0,0.0,0.0,0.0,0.5950033042284429,0.6528938761011942,1.128023388488883,-0.22965019645082654,0.3402562373943025,0.7324857701111627,0.7677684323235687,0.7913399156687834,0.8265861958398693,0.9458530499293507,0.9996148890281193,1.0319559634386954,0.97329243889692,1.0380551495125854,0.9191556646004919,0.8279056434276408,0.7859347415987716,0.7079673202630452,0.5954758491243857,0.29905869135591107,0.30067753621737986,0.5558837923943182,0.6089756524778143,0.7264885389298996,0.9638702522051104,1.1287799978291746,1.3074668598107828,1.3747972375151158,1.3456953354865162,0.6114639118613245,1.4112601871974317,1.3741902021468584,1.2816777071021122,1.128751557242988,1.0101795431367855,0.7309789209175958,0.20208022257167163,0.1648616087658752,0.44586503569330815,0.7315968327284486,0.9325013146264194,1.0792963175140693,1.2044361086728825,1.203864198569151,1.214047391576961,1.1326015739595783,1.0769286786443382,0.9303278517816577,0.7973352162879882,0.6602597913723682,0.5447953331137674,0.4134680309499318,0.2816261070591761,0.37138148503207286,0.8016651988107931,0.971654060738072,0.44488546251116046,0.6268203697547182,0.977763255708019,0.7008492696895544,0.680000588545524,0.5148996103869392,0.3494728226606361,0.6038244522038656,0.7706012034974421,1.081032833642773,0.7874843335973923,0.1092720368154983,0.30084477067472887,0.8197920318987675,1.8286975514468709,1.5254835649052396,1.444041549535351,1.1308178884637945,0.9281193077373484,0.6427201495546542,0.34312026074383195,0.16786419197977986,0.08185543838363563,-0.08527482911164119,-0.17206484745314043,-0.2931992520364253,-0.3632533388713464,-0.3818465071507883,0.1697238212376127,0.9065895652006126,1.203845659386723,1.1125873080193045,1.157927606447128,1.0886774466743165,0.8228546920577,0.6082285210333536,0.44515004776346845,0.5498399818939385,0.24284424959615558,0.17432920465565904,0.09134511946214263,0.1028590215656563,0.035652550877665945,-0.0336251627578249,-0.1350071060365926,-0.11576968780285729,0.24745126853594823,0.6039175427037151,0.7677864291396296,0.8168716627984303,0.8517979147735324,0.8205880745340348,0.7859910442016074,0.7231888861723696,0.693368184789565,0.5959716915311994,0.5248223222496682,0.44730001815780973,0.3503493336547375,0.20942265659724812,0.08067484486076892,-0.03758716933765616,0.3254439883510005,0.6998515704266997,0.0,0.0,0.0,0.0,0.0
2025-06-01 17:57:00.803,0,0.0,0.0,0.0,0.0,0.0,0.0,0.2183680369338349,0.13595759828873025,0.05832050555684237,0.003120442334944018,-0.04083930851421402,-0.11148738184216256,-0.08707190638495488,-0.0402905513918137,0.038393705924642973,0.12009917377221946,0.22530444622159368,0.30137441150393507,0.34330010684053497,0.37554756647432697,0.40571380812786995,0.36276335059207593,0.21262440830522483,-0.026459510320387236,-0.23964804553867208,-0.32982682595702917,-0.3469727156165947,-0.291370185449475,-0.19247247154238467,-0.10787505563352773,0.005781472452309089,0.11107552266803233,0.42085999391765805,0.25720405684661773,0.31484435676807415,0.36993549649306223,0.42683661900501985,0.33967126036917417,0.08570702230112032,0.02191191661318659,-0.07288930997489806,-0.18000641223937708,-0.2837654050156462,-0.16897030479487207,-0.15480521326366248,-0.10896732698571066,-0.0483486691021795,-0.023182611572622358,-0.004232443364477145,0.06332194228025523,0.17748156399545445,0.09557120972472655,0.15139635104802973,0.0688147643053234,0.31346866384964656,0.4033036606355499,0.2403643078430744,0.1814528354338698,0.1001002108059994,0.33651126398327574,0.5388170830417298,0.4013355097572166,0.2334566013442042,0.5541255924328826,0.9476102574621745,0.5441159131924919,0.5671781468243517,0.5953022128811943,0.4157257224442299,0.7091781208559991,0.714648474787938,0.42752230150899995,0.25139386061610125,0.026610344169111455,0.04077761470064045,-0.029176070450050773,0.033615492300100414,0.05296214243494646,0.12018413412470741,0.2411960799742776,0.3261326051969333,0.41759386060858605,0.5474114514002876,0.6662598762670631,0.7951667120727617,0.8891595469383787,0.9212340105672769,0.18604184523755335,-0.5297800258857831,-0.3113420048541835,-0.12190318304281966,0.04878752184302604,0.18339657034631918,0.30491907683936503,0.4170310447503085,0.4879874231221004,0.9711102489047496,0.5836491415997609,0.6108911116217465,0.6231759819094423,0.6419702056727156,0.6179003841475459,0.5624845041644548,0.4349601978031139,0.31255468459208513,0.37679878391453236,0.45589793510874865,0.446971749269635,0.45026978468895273,0.4550120466540477,0.4433842072043035,0.45039848202497956,0.4282914505230875,0.42817856323846604,0.41514734521591357,0.3844790911510474,0.3206667497845167,0.20923892266936728,0.18577788674564444,0.43787999114099985,0.6869038348213279,0.7244531876546523,0.7034998046941672,0.3994604401583223,0.8902515347253794,0.8461046214247805,0.37861009712430016,0.0,0.0,0.0,0.0,0.5764376606026443,0.5226343576046599,1.1145118531100073,-0.29206865082466504,0.31136552115163235,0.7221245732837587,0.7607065450772714,0.7804137510384629,0.8137034140905515,0.9383892977249773,1.0022847228428948,1.0385087520182097,0.9976523218489,1.05525112930638,0.9370452156235367,0.8518300516578372,0.8123793917376125,0.7391822406744362,0.6232072493593874,0.35080462444628174,0.320517418931166,0.5632212793478187,0.6318819240547728,0.7470755462082919,1.0032044823418411,1.1752718612513027,1.3561716035509677,1.4143766182051685,1.3871516746054129,0.6190527752230237,1.44879978416935,1.411886197920063,1.3090267823888608,1.1603627901292386,1.0328379708975153,0.7624410968127817,0.25271111486394643,0.17704282852670616,0.4416814525738234,0.7355484316563157,0.9489222190671653,1.0917107936099513,1.2249169189977605,1.2162467369057415,1.2403072086983356,1.1520327954538567,1.1056836146326718,0.9586373867933561,0.8209747539637081,0.6884311760656183,0.5636422409513776,0.4411385853965277,0.29039544103247367,0.3452456240098411,0.7629120096091425,0.9337133663819238,0.45041973698914306,0.6268203697547181,0.873253567034837,0.5303195245792116,0.4631855221490316,0.5920807012334985,0.32676132981118294,0.5358921221474158,0.7732681145800574,0.8164142337827227,0.6517914643908115,0.13263016190599747,0.32761781862906153,0.81262973381652,1.7960294735788702,1.4887041229333746,1.4072374473803158,1.0773677560603807,0.9032184687463125,0.6132007994311923,0.36902559946953684,0.1661028097997932,0.08411108124930888,-0.08556006333292565,-0.18016307964692446,-0.28034983754709186,-0.3546043027935149,-0.3370064325976218,0.16872361389440554,0.9215581592370372,1.2016220224857153,1.1114698176720739,1.143137875573903,1.052717934356332,0.7669970692229557,0.5425537836275789,0.3863180766996164,0.45026478505771594,0.15752938753903645,0.1015562708314588,0.02139771318459971,0.019740809835500417,-0.05735243196424045,-0.11775397849647673,-0.1986139021187996,-0.0972268390732915,0.2922983562513306,0.6247621954817333,0.7667766637096435,0.7863254315083079,0.7961523126877994,0.7410306441484886,0.7039989783651328,0.6364019824952472,0.6198477628902463,0.5071660864741265,0.44953916578866626,0.3692154877384004,0.2676900259192959,0.12056803207445899,0.03543603910753712,-0.037261887928941695,0.36293973261906665,0.703470520365989,0.0,0.0,0.0,0.0,0.0
2025-06-01 17:57:00.805,0,0.0,0.0,0.0,0.0,0.0,0.0,0.12926893003306683,0.08409735024862194,0.04143401018314219,0.044522533441438306,0.01233984095683105,-0.0485758620158494,-0.029357597588786866,0.01306474013004899,0.08262000406367143,0.1553977506113018,0.24923231807669516,0.3408143654577609,0.35590170647479563,0.3939535869265207,0.4115007136958529,0.3837388555039577,0.21903936789676515,0.01508388919460285,-0.17345054346318906,-0.26365876676042,-0.30948473651558983,-0.23201321885313353,-0.14518000855702073,-0.06967321789725811,0.03236882735837088,0.13705311644802276,0.38808308785337975,0.25692053370026313,0.30939916357013303,0.37018226057376713,0.4371336358178332,0.35382922039156073,0.19112392749029733,0.12123753495744694,-0.015644203993836925,-0.13641064376640233,-0.22856845902403888,-0.11599592628274658,-0.08539608738410065,-0.11494567193850269,-0.06413065541962437,-0.010907547121168593,-0.027078700034231074,0.04080037905644074,0.13924954834226522,0.0822381705595513,0.09808271233299334,0.10924826743049221,0.44362056481064815,0.4883672523127781,0.3306139824224281,0.28766211735015723,0.16627990861734365,0.34028098576895766,0.5096162526613354,0.47705502699572827,0.29410045752881453,0.47216759100498384,0.8728484322346013,0.510614422208646,0.4565792914435804,0.6492278640872928,0.6086532062797263,0.6066879496210456,0.6310907520893208,0.4550129480303101,0.34306806413278346,0.14755845602115802,0.10750611412906741,0.0322761725112779,0.06439575394863972,0.06047104651320101,0.10890482204847562,0.23027271464864096,0.30134810649210864,0.3733369985687629,0.4951191664437421,0.6092766609690428,0.7232019621398269,0.7951758000655983,0.7765716874511416,0.08734085739759612,-0.41489994334045055,-0.21943600379253247,-0.06658890566332776,0.09097130594768887,0.20280606327492778,0.3126011860617395,0.41077761015798786,0.47458642823543395,1.0062561383107358,0.5533412711460846,0.5770918199467648,0.5897846370845273,0.5862838855089371,0.5593714758651038,0.4937979020830582,0.44039142781639584,0.3916640633742817,0.4505520641269136,0.5025854309792679,0.4742369426670898,0.4770604142082606,0.4653959348385186,0.4499303013066571,0.4298662146515937,0.4037104399461213,0.40947928885976603,0.37515514020311547,0.3307933442683524,0.2561980022382674,0.15102124290128127,0.1683109159858155,0.4785509437415637,0.7284480087438382,0.757596186543432,0.7306931164223369,0.4862297227113767,1.0549476986270236,0.5554804637697837,0.45268079821502905,0.0,0.0,0.0,0.0,0.538286887583205,0.6231134123711621,1.1310333868914513,-0.23142300093322998,0.36327019838619273,0.7477645148068861,0.7821018765165877,0.7948355810526081,0.8279798701261594,0.94340927955659,0.9997108496106972,1.0248491056886944,0.9810904214508,1.0330746411258667,0.9014609879836355,0.8351035655040491,0.789409015554317,0.7276890564663212,0.6087086866945473,0.3650207432804195,0.37640614109327275,0.5971951036516264,0.6809286212713599,0.7917085376121307,1.0364832982471237,1.194444567807445,1.3886310612039652,1.4357902617591443,1.4021399446595841,0.35682637297878267,1.461933153577371,1.4161904996232635,1.3107909618895122,1.1584475935008434,1.028721334193974,0.7581425102673913,0.28118201748430977,0.2161627175564157,0.4777024317554196,0.7491615777021705,0.9657782773320305,1.1238777506785984,1.2426636812158294,1.238346199350674,1.2456211250100737,1.1629435559263643,1.123472047554892,0.9699892361984489,0.8170942035713992,0.6887704305315632,0.5649432380225738,0.4438700644570285,0.2804179532151824,0.35276530419573054,0.7694132840122,0.9495259306119027,0.5983042414487816,0.5379279447412768,0.8359637329869095,0.8556588822666139,0.7265661034199744,0.4082723985696325,0.3368336705060125,0.41420802244920835,0.8152159503206177,0.8361607812918819,0.5563489537148743,0.1368307507008299,0.3434133717645747,0.8379184050806809,1.815802075548806,1.492354928134669,1.4221540530773646,1.0741901550024928,0.9175513681598131,0.645202762926719,0.36808325359882366,0.1601059112906711,0.0948870266398878,-0.09032585332290988,-0.19648370241903546,-0.28348417872758425,-0.363636373141004,-0.3119158926125853,0.17886133067829574,0.9487717312967581,1.2291923635091406,1.1297602863443164,1.1581661469837163,1.056201783392188,0.7626122501377437,0.5268968550668502,0.3754308372961519,0.64454485358203,0.12982636922011626,0.06861491530666042,-0.015260953738718497,-0.016250432946565363,-0.10217800719239556,-0.16203742765642587,-0.23544066758123397,-0.07954871723880824,0.33277033853528704,0.6486449591054755,0.778413448291864,0.7890591206543238,0.7973541181662949,0.7377362869770399,0.6808427329376934,0.6170189415168161,0.5811596596846909,0.49153028550916944,0.43479441235916516,0.3434460094000149,0.23329063679783213,0.0875151605383766,-0.006230447519261217,-0.017776516859163594,0.39535482820610224,0.7491664191810459,0.0,0.0,0.0,0.0,0.0
2025-06-01 17:57:00.811,0,0.0,0.0,0.0,0.0,0.0,0.0,0.05227690285224354,0.07312071121039043,0.09493671852072283,0.10939024555744903,0.076213911435562,0.03352738682393086,0.02988192665930689,0.06331238024708519,0.12139372718066588,0.1742141051169509,0.26111603078077655,0.3406440583328606,0.35687365279440814,0.3836443212755384,0.3918412696397741,0.35848382968863124,0.19126406111878863,0.0444113750136782,-0.10861475661171993,-0.19137233333563775,-0.23262621448325704,-0.18055611129602722,-0.10089123730983096,-0.03667510569679355,0.036726098815109465,0.1463993404557351,0.587263029055127,0.24437288150413794,0.297098606585613,0.3574812367964795,0.4077526394415438,0.321010876897331,0.18835367785808071,0.17671460672572215,0.031356324911926414,-0.04915130523407418,-0.16809648484683004,-0.0949528405908111,-0.09082695645781469,-0.13081267292423793,-0.10615186115549635,-0.0429238770493342,-0.07261511295487844,0.04091536680865704,0.10649317697296418,0.04159369223382392,0.09193949402161788,0.13300142562324707,0.4867551050818074,0.5337669816160888,0.36563866290738867,0.32081673195098404,0.17061373558158222,0.5546648954291649,0.5536434045899983,0.37408637594971045,0.550209444438076,0.6889219018267472,0.9435396558979707,0.5717400219465284,0.3951774139480186,0.5557301225942006,0.7772770031884491,0.5439663583801649,0.5508565950354574,0.4708878872843737,0.40079021927191527,0.20561091479173976,0.14866554570354018,0.05027338860342012,0.06573527699490289,0.0538667670247126,0.09040295523461594,0.20036707517830488,0.26374706121804725,0.3261914799079795,0.43343542160339454,0.5382179484725773,0.6432604743133026,0.710574069698352,0.6668387744557247,0.016880439971073108,-0.298510451420715,-0.1530008503077207,-0.02944584685823215,0.10420819408073156,0.19814675885441813,0.2971513938927435,0.3819744800445781,0.4378200324125985,0.8058383328446446,0.5106318940587191,0.5287262915106633,0.5461860105767601,0.535571036984328,0.5068123318354758,0.4533884499097808,0.4933162348212221,0.4783209220785266,0.5104423606701367,0.5529436441371332,0.5085906971976184,0.4833618209668773,0.4549583232267551,0.42700059186524086,0.4058330552286231,0.374783555218384,0.37192726818012045,0.3301701339336065,0.28422614816845826,0.20011589848015976,0.10223932815799475,0.17032775996419636,0.573454283309026,0.7886022557329484,0.8140087181667011,0.7694017598694765,0.5549608336972882,1.0571271862646952,0.7371617041652008,0.5353264479761275,0.0,0.0,0.0,0.0,0.5253693555402914,0.6576125824897865,0.8509046004396098,-0.16635996322422064,0.4500619262217522,0.7853845192102223,0.8141827916825617,0.8158543707167586,0.8408552751854341,0.9461858645824914,0.9797267636333253,0.9909350546774749,0.9362338267113013,0.9871810450398102,0.8439809253984256,0.7730019239610486,0.7297267781305858,0.6734916293083799,0.5563895195607031,0.325516334028969,0.44258532793794414,0.6365084999546732,0.7026586398613326,0.8090905714530829,1.04242867201039,1.173904802124444,1.3579684879953557,1.384387281637536,1.3596042441706866,0.24336677656874223,1.406608902780337,1.3730404520615895,1.2793836521357063,1.1233752628508413,1.0075754577504723,0.7494507698660845,0.3259552035105437,0.23135507775002362,0.47622014468440266,0.7189652197990111,0.9314737824316826,1.0813148390596516,1.1784285647030694,1.1728261855041928,1.1956204417114287,1.1245387564851064,1.0737304080437302,0.9315705899873364,0.7963584579870188,0.6724503352076883,0.5506899340259647,0.44498998596962025,0.27108199311657116,0.3149606443358841,0.7071701338867019,0.8872936007612032,0.6108981581927306,0.5167871196592247,0.7612084476240367,0.7665314638868362,0.7787303879057881,0.46964117920639814,0.35439319491550164,0.5474333394003896,1.085119570239006,0.630467297677998,0.5894321686040539,0.14043015339924997,0.3292602459748127,0.7768474302522135,1.714334566285678,1.4431335815542736,1.3769484723578285,1.029312885429392,0.8706694803619721,0.616216124847651,0.34233800840460504,0.13201184446029846,0.09240665631184863,-0.0967806130335287,-0.16416784194305234,-0.27299044395484817,-0.35797239701208156,-0.31018718605426165,0.11387053333179992,0.9059584506265144,1.1733800562064545,1.095050560162038,1.119567747688618,1.002226344300692,0.7063033918510042,0.4884771664472687,0.34443522010948424,0.7431273499992168,0.10249100046599335,0.0567782469060889,-0.012187891448537602,-0.015197739711342972,-0.08955716843870931,-0.14007027474007716,-0.2018794820897966,-0.048859010195640706,0.2779007593982469,0.5986554454628548,0.7177517333966422,0.7146636569980642,0.7185084044183965,0.6813448489628531,0.6353389725286331,0.5823020869348292,0.5587428518629225,0.4734652242941102,0.434210701951913,0.37784610456228784,0.25887616832508453,0.12550843708954296,0.05298333345695244,0.03367170518934853,0.297746410965826,0.6445240488232924,0.0,0.0,0.0,0.0,0.0
2025-06-01 17:57:00.816,0,0.0,0.0,0.0,0.0,0.0,0.0,0.18262232929642655,0.12929155972271247,0.07158772079853293,0.0323503125194492,-0.010186221790549066,-0.013103452460672904,0.02162667897462478,0.06601560763584946,0.13323211716460426,0.1992490779917725,0.28874549585948656,0.38112708306650533,0.406248515657554,0.4329443066876699,0.4561899653897231,0.4525266316452412,0.2903201349014944,0.09129347055918197,-0.14221724363914406,-0.23368148570665903,-0.2652968273397448,-0.2166017201249235,-0.12091089771757724,-0.03514314258004214,0.04466511530902628,0.15335445738953113,0.6263823515331237,0.2666729397089156,0.3130002584828299,0.37752996473154854,0.43867675723234417,0.38744081292728205,0.22095259670291267,0.12743211771851543,-0.04233054697938665,-0.10474197027845222,-0.19343228853497108,-0.1517866192217805,-0.08742102699076382,-0.10262929958410116,-0.11552706083356401,-0.00629763319630261,-0.03279150191104252,0.07446272336598592,0.15750427888752194,0.11933699773258549,0.1389641261998838,0.20788705529650053,0.44823000554337,0.4405188329251284,0.2903923170811963,0.24673345519026912,0.1177956728658045,0.4923421245227065,0.6856271845021842,0.5496840578276441,0.7568296361554299,0.783507392539272,0.6684475536595778,0.6184295338734932,0.4348384929948194,0.5455426059163859,0.9163632061573561,0.5238771864601357,0.6021118644966639,0.41474199094071706,0.28462641325406524,0.11185677102127012,0.10196848762295296,0.03702517439575237,0.06325360860272555,0.0699665707028494,0.11815999825713175,0.22220570306609133,0.3080811385330233,0.37623326971017224,0.48629624014061223,0.595958138289264,0.6995347180584548,0.7760945787516919,0.7282011053078633,0.09558823194058258,-0.3439828729701937,-0.20871077866853782,-0.05090652004783314,0.09144395470926026,0.20128771965953507,0.30688076740998005,0.39466525330529634,0.4578926203615472,0.7563363067979152,0.5374203746126172,0.5694412781419625,0.5854006541156268,0.5806096086237437,0.5631832673806367,0.5374015491870568,0.5651168471876493,0.4614985742887231,0.4671723712970639,0.5281987583518026,0.47632319433937753,0.47899916050336766,0.4603531843316988,0.4358949039967581,0.421610067382461,0.386587183377735,0.39879116217558597,0.35846897534562316,0.32219687464839053,0.2549810478909348,0.15001769315418678,0.24349411519441727,0.6302344625386967,0.7975271324614854,0.8161413421636445,0.7720060100549924,0.6223277359564419,0.9634255461128842,0.928996416660395,0.6027445616774505,0.0,0.0,0.0,0.0,0.5089517247978972,0.6904706584253815,0.9221051792563079,-0.0952397062290471,0.48307561528180737,0.8140788530805043,0.8439960235890867,0.8488704148332179,0.9048177187811974,0.9884759864819601,1.02848683344045,1.0303854041418412,0.9819059006692887,1.0129907333732495,0.8615824330831683,0.7807142366467958,0.7182991442335269,0.6566648825326415,0.5212616479138663,0.21343162788306475,0.489512849243364,0.6825803077821241,0.7593350702345738,0.882867498060173,1.1191448411408789,1.2553201884078296,1.4275156276854966,1.4387674073354317,1.4019681401171404,0.41572847120047735,1.4147016815781197,1.3658309079562039,1.2549454168718543,1.0937870577392612,0.9621910763452838,0.6813946912986985,0.3126762227512965,0.34540410029130175,0.5687481064864045,0.823264062647818,1.0307330609701983,1.1623360922469532,1.254396331014953,1.2093967780280825,1.2244177542006764,1.1407259830233532,1.0867404167671295,0.927508840993469,0.7884427389817587,0.6541487393765115,0.5196468583914148,0.4212992979407514,0.2583858652756175,0.36043951387569606,0.7759466856834693,0.9786236191999854,0.5683173020247003,0.6317059430394567,0.5820856144679293,0.83089315133173,0.7787303879057881,0.26902383787922246,0.3001439038679563,0.6454107836058234,1.1119071280803374,0.5652292524205366,0.3832295134315423,0.1381683641834845,0.35900023369647976,0.831691306442451,1.810613662147324,1.4808552029770308,1.4484630805603698,1.0577577002437692,0.8680617163711635,0.6316120581078906,0.34687786366966655,0.14259071166733261,0.08583201898532411,-0.0922973275546568,-0.19488287613277644,-0.28102952293032823,-0.3611085591570371,-0.24403078025732944,0.18085556824392263,0.9940231863268592,1.2185894544513913,1.1209684846079935,1.1429427751560324,1.0075663818619882,0.7075021162890791,0.45528290283572814,0.28736369442034904,0.6493834265541154,0.05145483253818073,-0.008198561000641647,-0.07456866935114226,-0.0805977606246544,-0.14823727388459362,-0.17175664683246689,-0.17107237935309028,0.03805300260852679,0.3563108561338503,0.6400379722939895,0.7502835972221963,0.7027523882199591,0.6969971965654485,0.6467877477756176,0.5956000678552233,0.5472829260431591,0.5126604366457055,0.4404839947451,0.38559948331711813,0.3280481329635341,0.2122367835870883,0.06415288632575633,-0.023384416881710002,0.04872782344363552,0.30814484571010026,0.6418418698209256,0.0,0.0,0.0,0.0,0.0
2025-06-01 17:57:00.830,0,0.0,0.0,0.0,0.0,0.0,0.0,0.23777177149001885,0.12102734552963687,0.02836564201679076,0.016683625232400745,-0.02797806381438528,-0.028657724962283915,0.02363219768303293,0.0763773145026142,0.13714422508454838,0.1959659224543514,0.2892455949456462,0.3998937478589809,0.4209997256152402,0.44474663858117447,0.48340104476293966,0.474440710435441,0.31385413400128703,0.05694767384542143,-0.18280661126780334,-0.2703933583761087,-0.3086843242817727,-0.24717394345760935,-0.14161838014847716,-0.066538638277986,0.01284981896138504,0.12900638331411585,0.5495337689022163,0.25338715580322724,0.2905711191346882,0.3632997087064229,0.42484681030012955,0.34717881489626834,0.1517192819296208,0.08054276861291709,-0.11228055166892825,-0.220568259583256,-0.2523586978143155,-0.215295967994642,-0.15674011963075318,-0.17417777572178317,-0.16785222611168915,-0.012393791835088375,-0.05047025582151843,0.034498199510474836,0.14989230057134484,0.12266290769153398,0.13605293061712387,0.20201795274062279,0.3552433635665835,0.36910668793920115,0.247743780612952,0.15109835796076188,0.05174865503063475,0.3871741922794308,0.518065259766572,0.7140593104832436,0.7722697453196792,0.9124323582399627,0.47222527060214203,0.7732044639228016,0.5682231202753809,0.7314306448919274,0.7371084094732411,0.5587564990255758,0.5796389920065164,0.38240506030195864,0.22193871256749365,0.04102795166740725,0.056783074801186384,-0.010074569617519513,0.024763000132954405,0.03866023614175007,0.10503185308278118,0.20490459310100073,0.28932950502068944,0.3628612694934943,0.49534414296631246,0.5972921686609902,0.7182319301891638,0.7730594317411815,0.7540260431025715,0.12195784645778818,-0.40677987348445876,-0.26281342220799386,-0.09410263086032833,0.06522923305129469,0.16573325096454727,0.27778874950996135,0.39035510627802683,0.4444082940392846,0.8747662361825632,0.5317428542853675,0.5744535916115953,0.5947557955879356,0.5805116006515233,0.5865664112538775,0.5600704338297856,0.5693690495618242,0.42404387065503146,0.4311863309251698,0.4900284217258941,0.4404543031083905,0.4458886298295719,0.43750761036786523,0.41683986205456147,0.39822769183935747,0.36825412252641776,0.3955279326290395,0.3455686710623984,0.3112767251572812,0.2633339434883891,0.16378483608048433,0.2571332945535995,0.6172167058948231,0.7814753937021442,0.7957616057846468,0.7536123858151291,0.4462346645308351,0.8164460342927564,1.002903918606059,0.7929610428348186,0.0,0.0,0.0,0.0,0.5676399923395222,0.36174531988547914,0.7861725444084454,-0.10598544267967847,0.4919715140511736,0.8013450876352337,0.8337726125931546,0.839594460867863,0.8756657930578908,0.9711506993333556,1.0111659663730204,1.018238294811284,0.9810843531509583,1.0040074228154716,0.8495225297946543,0.7848731568430489,0.7286798416320703,0.6717538927254805,0.5301186223423193,0.1994921357292883,0.47529430221614566,0.6560361745045866,0.7338227579346406,0.852940063738759,1.1000458571245113,1.2260813575277685,1.4042796259034382,1.4252793428053618,1.3860879083313613,0.5104570440724345,1.4045392107708472,1.3471571869544907,1.248777530982291,1.0757705539307683,0.95851296352072,0.6819426470038721,0.3284195424392564,0.347907581503515,0.5592292735058121,0.8131125557397649,1.0050976016934348,1.1412242201336278,1.2285406129702587,1.1856375252520903,1.1911405668109705,1.112227343037504,1.058217564245643,0.9021047742369747,0.7702681417567571,0.6429563180331785,0.5142859353549692,0.4161765147796773,0.2483698262531216,0.31527657921638164,0.7437803554236272,0.945715206134904,0.6775915903202792,0.627716692772052,0.43371574519520273,0.7610336124767026,1.0733206613626989,0.3824305870050063,0.6778404785117553,0.7559361220054301,1.084327360940593,0.34883506279428,0.44355108304763025,0.11400318334157783,0.2934084205589587,0.7591260318647545,1.7566320590924853,1.428755067009584,1.409664501725485,1.0304548101743913,0.8546480821720286,0.6327375985531787,0.3624894407314354,0.16679459959441956,0.10948803059340828,-0.05814955340761596,-0.1707376231655361,-0.2708220167794493,-0.3662947736603617,-0.2948686145774666,0.09008564821967752,0.9354193960861168,1.1779518077514193,1.0811232145112315,1.1015777977775083,0.9547388185447574,0.6826125119258899,0.44779974860382876,0.2963150716410665,0.4902608547531784,0.07186909970815614,0.024428178138361956,-0.02462858250260158,-0.019496764870656547,-0.08333069784407954,-0.07356963743197742,-0.06447225627904685,0.07384656612767454,0.298537911413537,0.5646576129002236,0.6668331382277962,0.6362317632049967,0.6186948669839571,0.6112841058148635,0.5961721352088136,0.5498677259616798,0.529820213658968,0.4843835077289398,0.44302624554730885,0.3850425340721888,0.2974661017348673,0.16657581650212738,0.07133061389225248,0.06638972501602253,0.1492217821594477,0.46358231692931073,0.0,0.0,0.0,0.0,0.0
2025-06-01 17:57:00.836,0,0.0,0.0,0.0,0.0,0.0,0.0,0.27949887135457696,0.11048767793752381,0.037521217502125725,0.04839999598188183,-0.011488154188063815,0.0005949323229278436,0.06855347209094897,0.10530615437209023,0.16887726453726326,0.23149618894514656,0.3202501129295607,0.4353868675253796,0.4511189962844659,0.47309760778605625,0.5139920607746453,0.49478595274658854,0.34086873558347347,0.055771082829650265,-0.18210059671320417,-0.2758812260871685,-0.3101138226365314,-0.24163318558622093,-0.14590624993814094,-0.06443149460567477,0.021331768927068673,0.12069710188139549,0.5368962473532978,0.24453390891212545,0.2904864950883241,0.36762554641015455,0.4210304347062182,0.34079335423499396,0.1265246958182873,0.06978630250091,-0.13382083209647866,-0.24614298005890944,-0.2859177153089586,-0.2664403775318006,-0.20296836484161163,-0.19447928681467852,-0.18024329477010026,-0.08732350356279228,-0.09763290477070041,0.011804036291631514,0.15482997992358627,0.12610893106200022,0.15384370988040752,0.19708225524298584,0.31802968110554414,0.3598924413893759,0.23272363688537567,0.1124224483527081,0.03626137800463769,0.39771723108198526,0.46161802035147326,0.8736255154607409,0.7608011201486957,0.7673133386418101,0.5898886672465926,0.837754440655641,0.556317788535557,0.8602252379274776,0.7088004268610116,0.5587564990255757,0.5777568680304106,0.37498026925371675,0.212990693974769,0.03255997251725429,0.04833729641430273,-0.007345098427971708,0.023110286667069158,0.04054674021932225,0.09786584360458184,0.1910099792413631,0.2822570668714368,0.365650128988946,0.48790347437335957,0.5875008923194951,0.7074479119173922,0.7727146583378192,0.7713957837874321,0.12753592363487776,-0.41660289394661854,-0.28597640949781256,-0.12346203430359615,0.05099609882611955,0.14926904811256736,0.2653208343295914,0.3762577442255819,0.42753559241557637,0.7876449389720122,0.5252651393261676,0.5639480384103971,0.5851020483227872,0.5820551102056223,0.5872859171895088,0.5582768401514514,0.5892661592443468,0.42228207418988617,0.4273471705261689,0.4743418694836252,0.4179258142138502,0.4244529453685464,0.41525765373264756,0.4032388102026254,0.3908811118103166,0.3591915900639149,0.3800182370187992,0.3421775629158792,0.31482046219281856,0.2677619510478143,0.1657985438731645,0.26976403074072935,0.6199187950982528,0.7745877175436869,0.796911368429436,0.746702710733125,0.6867431983026169,0.890345050950051,1.0406725205300198,0.6840716010609922,0.0,0.0,0.0,0.0,0.7315650745056039,0.36503631227349703,0.6981262856299996,-0.1042235101125874,0.47647121342662874,0.7893997200136488,0.8218325801856841,0.8242507371979527,0.876906975449322,0.9685778039760422,1.0071300799269989,1.022875338214376,0.9694785561716799,1.0169956357666692,0.8569772447959423,0.7903783526808419,0.736479981707401,0.6694394916323161,0.5452398374020926,0.18418654982945343,0.4567824638285751,0.6461675804911841,0.7213806278905788,0.8490708531890689,1.0938977045938112,1.224648599188959,1.409258037198318,1.4287824055710494,1.4001227776169578,0.511729718564786,1.4044345647245944,1.3379148735944284,1.240978983196148,1.0678042370064125,0.950973694770682,0.6567401029128898,0.3214213378525465,0.37413087451081195,0.6015020049444272,0.848363391285403,1.0311543824262994,1.1606528766425848,1.251121506662845,1.2041994989362765,1.196598744973902,1.1107334464552632,1.0369503551471744,0.8899752148130443,0.7522034113595947,0.6284508875601356,0.4988248348330637,0.39615933245219803,0.21985243297741452,0.3116454839469497,0.7683282427552133,0.9682779047779705,0.5982470122640853,0.5327370123935611,0.6153897669738255,0.7657168907175181,1.0012890737755438,0.29233746855011034,0.6912711620860774,0.874092181022446,0.875265873053691,0.3771651329876379,0.5653069049381151,0.0763854504074798,0.24509220992831943,0.7131751369149545,1.7004021744832452,1.4595414350172533,1.4343240579137353,1.0773112646995444,0.853604385154574,0.6563551781158012,0.34367051496390055,0.1848164884815049,0.11008057588010223,-0.0690068593138835,-0.14334903037051072,-0.2853721754818228,-0.3872237141909968,-0.34090008951997236,0.08429510059276685,0.9226864413608862,1.178421875386987,1.0871600526696996,1.108430925444928,0.9505357280727564,0.6931234466773817,0.4681438755695544,0.2977229747640653,0.684300386988049,0.09871139754533598,0.04410952051171346,0.013546272273105453,0.020352842791499737,-0.015983144109086522,0.0036939469793263457,0.04017542470320162,0.15112452345670796,0.2868130859826883,0.5318173587098107,0.6191893640464582,0.5823635412623303,0.582179323265642,0.5967496514799588,0.5787913511868052,0.5646280512031108,0.5424653750767223,0.5156206615815393,0.477401930796443,0.4417374887288763,0.37213011394844864,0.2572372093824963,0.14036977294010705,0.07220289748362363,0.012424444473404184,0.32430577465655763,0.0,0.0,0.0,0.0,0.0
2025-06-01 17:57:00.839,0,0.0,0.0,0.0,0.0,0.0,0.0,0.3420044971754518,0.10799223239800718,0.015900871626539914,0.006699475597830684,-0.0415059033588725,-0.022124355859739153,0.06721522916996514,0.10658748243558314,0.17198894887729288,0.23108949624603625,0.3323475801058338,0.4358583077847684,0.465261003212005,0.48007117710043234,0.5174798952860802,0.5185728707754862,0.3470999581685663,0.041438728067079045,-0.2149411310549294,-0.32453185528047257,-0.3384146322129461,-0.288018226258263,-0.16796030885059476,-0.08852405216022752,0.009520082770860583,0.10974374376666518,0.6637084124660563,0.24038274299427442,0.287353460724079,0.3602135772933772,0.41907844711855785,0.3267280776772365,0.03628454624948374,-0.0017827979649638892,-0.18645871495651084,-0.27564427909135314,-0.32789869009633443,-0.3294060992407657,-0.27777498763475095,-0.21031777744024616,-0.17865987182051135,-0.10202215060373754,-0.09335727550345174,0.014154255318621356,0.15018614263718744,0.12579300591907255,0.18344172332884595,0.12726008864195412,0.2240756723128648,0.28607046892097854,0.15483932203239614,0.03283762271517898,0.016318591003205984,0.5006234648326666,0.3848659501010191,0.7171483923503712,0.8509282395092144,0.6751825025988465,0.6281697047924553,0.732944488187482,0.5742205239884219,0.7743276099927369,0.6950296094885905,0.5193372021658917,0.5368705287333584,0.34071052121188206,0.15955353111274817,-0.03590177428672625,0.030729949749730867,-0.031396301823309436,0.008704778128955315,0.04716412282551907,0.0949000913587581,0.19878470385066693,0.2824647946664731,0.37199637531799623,0.4970534443918825,0.5980136916647358,0.7292816140015241,0.8082995788322914,0.8326501837412136,0.1814710740673129,-0.49820514409132766,-0.35808178749446307,-0.18713831430083516,-0.005645547272960849,0.11606794583223112,0.24046798670877356,0.3627203988386065,0.4110432331426863,0.672926147032435,0.529541653249272,0.5798144926648464,0.605012485010406,0.6099472605376423,0.6315743157080256,0.6248238703244856,0.6020948139831528,0.379352359966053,0.3671394866704305,0.4328745459677752,0.39561294686920623,0.4003334874350519,0.40209806653060376,0.39519932193361695,0.40070815134733606,0.37033520433186373,0.39551266454852274,0.3603266502561413,0.34059391961903884,0.30622266996227177,0.20264335188202354,0.3175502682978428,0.651396346173605,0.7797638526689821,0.8020421720529212,0.7437644894416149,0.6444747780990854,0.5805939309345736,1.076041132563164,0.5265385530828651,0.0,0.0,0.0,0.0,0.7474075353447205,0.3301344570583586,0.5489981600628844,-0.07301149907072513,0.486030430003675,0.7979896107390676,0.8269217542624008,0.8286015258600666,0.8638361658406464,0.9564032279675068,0.9875531463825533,0.9963504962438638,0.951709621453162,0.9934372631104265,0.8394491752005115,0.7630259212019412,0.7097405367183935,0.6274586158817124,0.49022510808425007,0.0995614614418035,0.4512326065327982,0.653271739903097,0.7160082155173335,0.8556287259174866,1.0943549481431287,1.2249634801905787,1.392979972840438,1.4151338748747555,1.3670156728707183,0.4709811117853879,1.3522176654670695,1.2896912908834213,1.1870023462018318,1.0030825195820876,0.8864382264695351,0.5738814691234362,0.29809818764154944,0.44273621614498404,0.661703096668821,0.9149064364306547,1.0881584792172307,1.1891613782310924,1.2471071424587055,1.1972889781022975,1.192663541587288,1.0728987304317914,0.9924805412526725,0.8310234017487911,0.710528826463891,0.5802553852780907,0.4492830551316187,0.35170218234811224,0.21336707544433658,0.3879010280032645,0.8682837828463444,1.0479125086334755,0.5494112024327322,0.6925451825007133,0.4814299843388109,0.3976864008556762,0.9292574861883884,0.4004023461010948,0.6730041678594276,0.7382147261482115,0.8049500780242941,0.45286318026844097,0.5035253727485411,0.06881307609479359,0.25764603071676506,0.7751351506599082,1.8349542090056645,1.5539002055551254,1.515136928623669,1.1480789561382552,0.8710980153756032,0.6594399439936947,0.3740908868338828,0.1899470729464876,0.07586306853427893,-0.09807422822133849,-0.17096896074363777,-0.3386375934652286,-0.41965769137484044,-0.2996217150643838,0.1600282099381362,1.0084938422517928,1.2327408202673105,1.1484170569173602,1.1684396769989185,1.0164146471882975,0.7412893755602683,0.49033859286852466,0.3003619325652731,0.5883701106135507,0.09615025921885434,0.044062773635495045,0.0031114771894649174,0.009696301306452049,-0.023595137306587244,0.014849464397766465,0.09639538085077132,0.23249076657351847,0.3614660645218002,0.5857047579987955,0.6530039292520365,0.602370761984361,0.6071351903119839,0.6002433151505793,0.5818912703263701,0.5659120190298326,0.5413009499170907,0.506906219963895,0.4708047739961978,0.4310874467097352,0.3606691406949435,0.25179467097407193,0.12221899831314814,0.07435600158563094,0.01073664507649541,0.3109577961356128,0.0,0.0,0.0,0.0,0.0
2025-06-01 17:57:00.842,0,0.0,0.0,0.0,0.0,0.0,0.0,0.4231863106432001,0.11145693200348541,0.005682241351753381,-0.015398319899700419,-0.06712667741289235,-0.05822163509368361,0.052092645968260465,0.08434667707527055,0.16525418756291366,0.2449320543675474,0.3459954939579902,0.44898983768630507,0.4730570869225715,0.5092191649122711,0.5510456254886319,0.5681643977053501,0.37047779847698104,-0.006521888310653423,-0.29903883638999695,-0.4114941025944324,-0.40797532475642895,-0.33093128869327304,-0.2072004011184686,-0.11451703216097786,-0.0033669809314790244,0.09280630974227899,0.6034114472774639,0.24653139680855618,0.29405086937879915,0.3710855677774534,0.4359775441308457,0.3333947141933934,-0.010504699489203406,-0.07604529751860759,-0.25846841252375535,-0.3749878850131789,-0.41762248531771995,-0.3809166004935075,-0.29594864724837555,-0.22292559599411987,-0.19960454808316486,-0.09384064502599876,-0.08113299067925106,0.018733121046365375,0.16639710441486422,0.13427165178281886,0.18424381778204607,0.08226934572792252,0.11902349063344325,0.23054309406229323,0.10475914109298856,-0.033385636196298085,-0.03365757622840437,0.337097688804146,0.23912136761108505,0.9377727359886916,0.6684482158984463,0.6516479460283857,0.6836045119276536,0.6844800643377003,0.5087237368797264,0.6728703670982931,0.47459008836437333,0.48952202701617364,0.5747925526717266,0.3036031174354168,0.09288573127466726,-0.09432208045445245,-0.014179273981120843,-0.05006644327075316,-0.00414042283695637,0.0330595683824344,0.0780160419289635,0.19065836927745416,0.2890618509461047,0.3877804750671787,0.5139992936704573,0.6218298852270878,0.7634036324538118,0.85672458822019,0.8983874807056988,0.23071107225286963,-0.6164904598622196,-0.438323725169217,-0.2638394932067054,-0.062886023479505,0.0798014816915984,0.21251656442261124,0.3384300788800956,0.40442708915895764,0.7848217520748499,0.5331089010748691,0.5908256614509694,0.6225255659560526,0.6376228968045258,0.671998352378683,0.6597405692393328,0.5775895820607058,0.3156420727740018,0.313006340757511,0.3708799907325402,0.3615147088709272,0.37578402304003444,0.38718463376424195,0.3927770796056711,0.38772777687967586,0.37059224024594717,0.3950140444471455,0.36941147507938954,0.34238488352590357,0.3157420620870538,0.21906626337174118,0.3309456698822732,0.6461691029878341,0.775666964281435,0.790947259744891,0.7381310461767994,0.706133780459437,0.3894720029571535,0.8555766747680646,0.5207702038844958,0.0,0.0,0.0,0.0,0.4905385566509628,0.31884445221716234,0.7318798132397168,-0.07455232477498624,0.4885589688000271,0.7926993658462154,0.8324734595055017,0.831278037350076,0.8731896060773081,0.9686569419517654,1.010726612953559,1.0023878878878234,0.9653023016976681,1.0061893047861643,0.8643568413502161,0.7734238254546437,0.7154206395494433,0.6259187572133378,0.47640317692434747,0.06301808929860836,0.4483715271429517,0.6716868185232169,0.7383357974159872,0.8905562657368251,1.119223118330477,1.2580646462841587,1.4269806243805476,1.4394239560055249,1.3911596268804727,0.3802567896657016,1.3464394464523655,1.2663680892988927,1.1453503372532294,0.9704500835876636,0.8381061684973192,0.49114434852397376,0.2882559897993234,0.5223477500445409,0.7360549801538877,1.0147084778841282,1.1880562668163566,1.2560765314536246,1.305881940825949,1.2475365712532016,1.207808747224357,1.0738977499086872,0.9828433531293288,0.8153441049222284,0.6761943796751252,0.5383392363060673,0.4062384047326264,0.30518039258830204,0.2045704586538986,0.4897960575822578,1.018130303332343,1.1923611946304624,0.556171485829008,0.7884082424142979,0.4528637561712966,0.7355987443283808,0.7443723946815302,0.40735796351607,0.6011094236715928,0.6723863448983534,0.5538096014517501,0.4067694395615953,0.3828696608180595,0.04326978408821919,0.30342983750541314,0.9053382578456166,2.038136285133525,1.6840428263551142,1.639541316418502,1.234210232819696,0.9454510358019153,0.6869019999259436,0.3711010442663887,0.19651171799440137,0.03153138559810631,-0.1447924235300202,-0.252469202863967,-0.399282544430592,-0.47892530333580147,-0.2321186161815968,0.3203582315496945,1.1927077276000597,1.354228933168507,1.2409554071247064,1.2631066139968898,1.1036860799906847,0.8177061498815261,0.5358543502858144,0.31272548735224603,0.44753797287471253,0.07722999165057298,0.00604943768567856,-0.053928056485875286,-0.050491288674909596,-0.08580563876347436,-0.044584572568095115,0.08382557045427502,0.32320754761689424,0.55655809570389,0.7050643349618648,0.7516930040278408,0.7011559357887922,0.6775535355409583,0.6622978568791198,0.6132160089316632,0.5881499425371517,0.5277585982789696,0.49947842759319605,0.4357613933964781,0.3785352828791013,0.28901327470193616,0.1809312733869004,0.026682382122945936,0.019303072226814988,0.1423925706239133,0.4108450554022596,0.0,0.0,0.0,0.0,0.0
2025-06-01 17:57:00.844,0,0.0,0.0,0.0,0.0,0.0,0.0,0.27571259405816295,0.08709487959866438,0.09118052104597152,0.1202844158659907,0.06673202050872218,0.05586368372760264,0.12670810202669947,0.12364090674291028,0.19295411397544027,0.25009365599833266,0.33866294521844903,0.4158013678622964,0.43891048804719796,0.4558480497587577,0.4768654668637955,0.4474222017699806,0.25594850821502574,-0.027330180715680608,-0.22577518137615343,-0.3253427215956276,-0.3072331790985251,-0.2668107522368537,-0.17071879451076566,-0.09042311827794136,0.007452711202850848,0.08973406151778962,0.7207694147114537,0.21374167435229607,0.2421588596958963,0.31081903607422423,0.3495519957442221,0.21868916238687647,-0.024085109395757698,-0.015709633632278175,-0.18163241212439857,-0.2871077229323946,-0.37262009903752047,-0.31978282664370605,-0.2867068882550763,-0.23332534330792698,-0.20636252086551066,-0.15057762086853177,-0.09624995112426149,-0.016829944927495677,0.0934614963391141,0.07070716565811541,0.1305460891735586,0.0186497930629181,0.1312833690842768,0.29501028174914146,0.14091310000650858,0.01630578836968466,0.001551152878547013,0.3313964633724192,0.2615116759246307,0.813565624678962,0.5411428274203912,0.5706632672296754,0.7666188833288368,0.6794889401239234,0.4602115302163155,0.7691081677302136,0.3233242215374783,0.7328333897284287,0.5056406788289256,0.33450027219250966,0.1931158072672522,0.00206652832514731,0.028993702745172545,-0.020460176797231222,0.014265638086841781,0.03292939033319753,0.07005509105063656,0.15427706659509144,0.2472202947348947,0.3519829225250144,0.4625674748305887,0.561244758407234,0.6879209596328117,0.7742028099182735,0.80622591523681,0.12034337163274111,-0.5679546204761452,-0.37203184193319716,-0.2419475612741362,-0.05470733781047321,0.0774058029377176,0.19031962863589436,0.31039616250076674,0.3703000700692922,0.6717368764515708,0.49483296358345297,0.5367971352195674,0.5693418291769133,0.5797542677410689,0.6057756511126324,0.5707294319563717,0.5458207688902752,0.37726793383211976,0.3758323358929607,0.40439534739476124,0.3913614872410338,0.37268876499643455,0.3781349085083723,0.3817265333639752,0.3504363477075667,0.3416476525765779,0.33591704761435603,0.3262997206998397,0.28380752538016263,0.2483462716585806,0.16397771041936116,0.28838684610798265,0.656294137483978,0.8162251629746201,0.8232557056316014,0.7611162577993482,0.7001959261774735,0.591047037003517,0.5943490716365118,0.3270274039063701,0.0,0.0,0.0,0.0,0.44328109152974604,0.40279309416839165,0.6827870577132582,-0.1125794860662972,0.5084515105110416,0.7965442959580041,0.8350130423401401,0.8230929654978149,0.8439973842078061,0.9458642019516919,0.9896027322232634,0.9757777386468427,0.9321846126118611,0.9866082264305076,0.8590868387491808,0.7618768423086701,0.7208386114790093,0.633078012931438,0.48733873501964103,0.14322564570536028,0.42205036808933083,0.653259869621493,0.7081597525308925,0.857196649390447,1.0888499311775524,1.2166662739732357,1.3988756734206285,1.4089906529386547,1.3717627274837214,0.06176309546992653,1.3574482807110293,1.2682957479984327,1.1665596900515551,0.9817137176098486,0.8658126219520311,0.5197482887466747,0.2814129604510542,0.4619223494348311,0.6942383151325185,0.9597238030081938,1.1398737039916722,1.2078361605063879,1.2712654465868,1.2414188974441729,1.1799612465703904,1.0823704723818963,0.9686765624922047,0.8312552261201239,0.6813815005491769,0.5583949670587387,0.432964785053535,0.3264314768327528,0.2060150251624262,0.44624093785403257,0.9610709396200815,1.1198620046850327,0.635058473673347,0.582318899682158,0.4342472349097263,0.5577414563011343,0.9673123508339831,0.5180968852014577,0.7699591688422538,0.5316018938320786,0.4652324474538657,0.36058977924720503,0.4037807635754791,0.052680961876367394,0.271569627443978,0.8472667101754013,1.9321010328130148,1.6245158997460012,1.555900563576773,1.2059010686535405,0.9389569038775252,0.6655521380989473,0.40432752010917583,0.2061946874127314,0.04783020924304715,-0.12802713353051653,-0.2166490172499721,-0.3644904976321049,-0.4634685753374287,-0.28676081586890817,0.23027540957332499,1.0875305114857938,1.2862658065796082,1.1937427890584227,1.223337960287037,1.0649089533614726,0.8008280098234146,0.5517699367566318,0.3463949408502631,0.5365373366900645,0.10640791031819807,0.04738761863430718,-0.006939311439346785,-0.0009326247562039258,-0.032346379465671427,-0.013065534393445932,0.08178608560725037,0.24607490968185092,0.45548838233874156,0.6425726499848721,0.6740096889910953,0.6464848219169246,0.642203163802852,0.6485866903665412,0.5915806224830116,0.5931015746646195,0.5515834491914655,0.5358448001683662,0.47589060681331374,0.43633268055919583,0.36592679323162336,0.28231145536256863,0.1370946649173705,-0.04439449465933859,0.006355212053897774,0.28125030911155524,0.0,0.0,0.0,0.0,0.0
2025-06-01 17:57:00.882,0,0.0,0.0,0.0,0.0,0.0,0.0,0.22056315186457073,0.11324939634355999,0.14918736164584556,0.17520072808557874,0.11908781583600925,0.09340061303006386,0.1449101452662621,0.1302776141173969,0.19132165958372283,0.25081776726836247,0.3373990012687597,0.39073601650578227,0.4100016937824367,0.4333553401493545,0.4343058612470728,0.40991222990205356,0.2390072473299763,0.023263531014860117,-0.16061540042180106,-0.24621134347100992,-0.22838029988112185,-0.21064565183332395,-0.13307845196184043,-0.07080940033670502,0.031811314710647354,0.1069139513393631,0.6699351880079157,0.20015954581705486,0.22573285030952456,0.27750503543697846,0.30169815554547996,0.20124819022396012,0.04852308992399812,0.0721684649982306,-0.06733901327114633,-0.1984698281824535,-0.3038124479964287,-0.2812438273316631,-0.2288750442077836,-0.1995631340840821,-0.18312326324277794,-0.19196776677533778,-0.09535912956243231,-0.03995711886957698,0.055772962858897046,0.03581317881210111,0.1192903169149917,0.06459074429593423,0.20208845682501214,0.34457791596778753,0.1761677164187221,0.05089370398023063,0.02824847349726456,0.7796597473735232,0.39512342675376577,0.9412803296371444,0.776074031108231,0.3513237736452617,0.7487573017517514,0.5504817124083073,0.3225560728469617,0.8032330600361056,0.3610970930146641,0.6230464639137616,0.580840622465888,0.37736270744134504,0.2540475193531425,0.06403217964510333,0.055427829221471825,0.0054410833865550234,0.02743672061582303,0.036039185199689516,0.06701598820847265,0.14549257530465143,0.24837890699044496,0.35481043517139965,0.45250802050772176,0.5460892988982318,0.6736938525690437,0.7652548171663144,0.7962959912480903,0.11688490727142425,-0.551477066705587,-0.36883309623601934,-0.24783664407425343,-0.06604777117526872,0.07150166872767505,0.17613697413322216,0.27876977265049074,0.35334567204130574,0.6424051356994971,0.47332889842618764,0.5164835511194507,0.5422711160242996,0.5630064795431372,0.5708666808126317,0.5427952297646017,0.5512795894360613,0.4014824121235804,0.3931403601761869,0.41086703987968876,0.39490692937891514,0.366902978139765,0.37175094608319714,0.3734742245761433,0.34033142566302543,0.3258815450106529,0.3182092867706934,0.30648831330162607,0.2589835620432954,0.21924381966806028,0.13139642624770953,0.29509495063338115,0.6987321466309266,0.84552084955964,0.8495815004066964,0.7739656258044447,0.688552281831804,0.5609238325437191,0.4607168853979498,0.35217118996472274,0.0,0.0,0.0,0.0,0.5692671793582477,0.4990357159363276,0.5719881166984255,-0.04904684385727104,0.534305153070838,0.8225117426542726,0.8434184692051836,0.8334889952662329,0.8645215277750642,0.9478369028425477,0.9695672095216046,0.957735492041214,0.8978068568835127,0.9544913954443541,0.8385263985095146,0.7354401995932585,0.692313576030543,0.6005000703183379,0.4649164073115331,0.14136789661391763,0.4341991059911974,0.6692486541983778,0.7167285721459447,0.8685599036657063,1.0856753229326659,1.2110061796152038,1.3847914453264343,1.3899271773454427,1.3525776169638475,0.2592985217260491,1.3242116820003553,1.249265595982758,1.1338758172683734,0.9685838382210111,0.8352202505622826,0.4816502576261021,0.2612262025418656,0.4750603539817392,0.7217652044982156,0.9711947276362773,1.1558959629447765,1.2153995352111508,1.2663044679193742,1.2293483187202872,1.1629792409236939,1.0621283799568424,0.9530285820672701,0.8102642590562806,0.6572930646885847,0.5355856083821524,0.4151478943621535,0.30669135287803645,0.19840289460041616,0.4914924736291411,0.9929828826054438,1.1399192197734154,0.6127704859539377,0.5356714048301091,0.42878787903947957,0.6532017298796109,0.9957916632614248,0.5442365689626485,0.4493755102670764,0.6970471680486774,0.4895379239151577,0.47351018907013454,0.34972730054403023,0.051602691655352695,0.3109616027682313,0.9071755666034544,1.988016291783968,1.632391318616778,1.580833007991083,1.223568975837853,0.9148388796138869,0.635551255555757,0.35182400908144085,0.1557788769539865,0.008266017907062162,-0.16168391192613774,-0.27311554215723477,-0.4045629134791012,-0.501773080072955,-0.2662893673638096,0.30705140481260323,1.1635584719460323,1.3231048923117716,1.2077544016297257,1.2424491699716453,1.0796933464961451,0.7886595220753718,0.539540812229008,0.3221974770078946,0.7090759444462433,0.0711578081462072,0.008762156004084032,-0.054463649152798554,-0.06378536402456303,-0.07154553139846631,-0.07180264701331196,0.03620860851665758,0.2583532809164489,0.5110788278499023,0.6919155593909074,0.7175462401809153,0.6771177661247225,0.6681073291219546,0.6492335182978572,0.5722530024988137,0.5642783181562709,0.5228013489088137,0.4933246213152205,0.4309003866932113,0.4021679743647213,0.3096706539270736,0.215267148624681,0.07626807193523333,-0.09019793343740057,0.0553860255997598,0.3416741053798569,0.0,0.0,0.0,0.0,0.0
2025-06-01 17:57:00.889,0,0.0,0.0,0.0,0.0,0.0,0.0,0.208189551672225,0.0909199889893301,0.12084412326888883,0.1408705138554327,0.10234115940718724,0.06686394394123607,0.12345330579875846,0.12904500223691207,0.1758508336969986,0.24423716345023483,0.32940700001771533,0.37003233659760004,0.41059264394564504,0.4266797794937872,0.42708210719997264,0.38309127737496684,0.22841799367076088,0.03275106953264173,-0.14090258037644426,-0.2108190052622504,-0.1925864964130516,-0.19368534290133832,-0.1063511012711138,-0.05661554128759749,0.03385273490581375,0.11414686120255702,0.6699351880079157,0.19426607414912522,0.21417650840526276,0.2803422147466179,0.29292057190342996,0.17760148873689652,0.07222955258391311,0.08339146521725616,-0.07252756594568088,-0.18354992954636906,-0.3200067796016216,-0.2563581196631388,-0.20607091297807822,-0.20175824285574195,-0.1665282530096832,-0.17017526697366236,-0.07751970414960674,-0.01865413518868697,0.03491971300729174,0.03960208108893759,0.11651218592723467,0.07621559476467998,0.21162845789189344,0.350875819155753,0.19516532369592166,0.07977535884956599,0.041778998740147566,0.9840464455528519,0.6624790305771588,1.1615775471033436,0.8792184849918026,0.39657335242033664,0.6491465165197311,0.9236169023441623,0.3426776960390921,0.5637472372608595,0.530475842933721,0.6113248388547633,0.5328147492835986,0.37432991401857385,0.25740014954721,0.08582223949816736,0.06481271365787244,0.026386849078447128,0.03706411969450607,0.05518748593106215,0.0807551446059307,0.16182468207646528,0.25607244956639263,0.3558985254258149,0.4582393142804807,0.5552097907640408,0.6745068661989062,0.7525884281331405,0.7725340627513139,0.11430135000326336,-0.5020879563100595,-0.3305530380328603,-0.2164047050526401,-0.04665598701444584,0.09278828502735359,0.19084403338238953,0.2940345569312304,0.3665448520029908,0.6920654962792758,0.47769829076964676,0.5185179891514714,0.5467765792600673,0.5593586744238436,0.5772973531610681,0.5660569102081778,0.6197809527443784,0.4622083067249091,0.4420945122237705,0.443788830584807,0.43180802091396786,0.3877816616608929,0.3954179043566062,0.383020560527342,0.34377881338129845,0.33267573443027443,0.3240371725194464,0.30315026233197795,0.26055886291629315,0.21426337123681505,0.156406384668891,0.3435206963205177,0.772612818937312,0.8874267327356709,0.8829701317712684,0.805388652194704,0.5844074678450557,0.5605525543271583,0.5676073492749392,0.3130054109010757,0.0,0.0,0.0,0.0,0.5073947621390136,0.43299477379561063,0.8389138559711812,0.036031903335694115,0.6067411794157673,0.8598431544050924,0.8763301710936846,0.865876547998388,0.8934381117836516,0.9609667372001331,0.9795181725757249,0.9505565977809041,0.892931616082977,0.9290979660744862,0.8212548351139732,0.711427594379471,0.6594019970233775,0.5739828696994518,0.42131840977087837,0.0756664120075195,0.45145725226146016,0.688520389777289,0.7399779769643708,0.8874895968037817,1.0953286564625302,1.2212688329509533,1.3913797795957326,1.3917366147714267,1.3452761106863165,0.38606648610746447,1.3127595923842952,1.2421195551819886,1.1150893973546043,0.9563436995983338,0.8207820228343046,0.45492837657091373,0.21219725304682435,0.47028299996149603,0.7274477163023597,0.9691612244091503,1.1565368625083576,1.2163789502941909,1.2690669620540675,1.222895442822202,1.1578081449548403,1.063320951080446,0.9582747574418109,0.8097212418983727,0.6670802857444437,0.5415920290160974,0.42426070063577626,0.3237337889918667,0.2385056378523438,0.5452396861530977,1.024183316448322,1.1527303928044108,0.6982698550325059,0.6854133081104773,0.24231760480310172,0.7800563984907584,1.0047200167235835,0.6870895670303622,0.38143527946939876,0.6024662213995342,0.8528051338064319,0.4093733347962336,0.4470581374356958,0.11190510833257544,0.38530392582903666,0.9830618579070871,2.068038875516983,1.641966645015595,1.5763416640531482,1.180884766645923,0.9331393597044,0.614904343238909,0.3449695966773132,0.1479197385637212,-0.007457215583904775,-0.15731751636493185,-0.2914973722499964,-0.39560092621645654,-0.47041299851762736,-0.19329186350488992,0.3541843303224776,1.1933706674483642,1.3426676242637683,1.2187628099868177,1.2298906873800233,1.066716326233369,0.756187065158167,0.508286305560709,0.3143438800491203,0.6219310762223916,0.03515652322828622,-0.02705950141324287,-0.11276040552504996,-0.11768490731738945,-0.15217714676938543,-0.15806536016939154,-0.07240621315860046,0.18914591496892358,0.5343954761604217,0.7271205149124091,0.7456944794462769,0.7186577700056243,0.6886823877427206,0.6381519137801304,0.5693260447953941,0.5354653418428936,0.49103469486952855,0.4561360468760831,0.3904832266730953,0.34800326013518035,0.2517934357696502,0.15108230060620054,0.0029539326176790115,-0.14518928813451537,0.099510965321568,0.3884850026746254,0.0,0.0,0.0,0.0,0.0
2025-06-01 17:57:00.892,0,0.0,0.0,0.0,0.0,0.0,0.0,0.17909245232818885,0.09041760862437867,0.12590263824408066,0.15696898080560684,0.10201673099160624,0.07664733018273095,0.13001286488606778,0.12426842380298686,0.18511158369454705,0.24426624513472095,0.3239813617385982,0.3673982780707854,0.40087303613865916,0.4154470175217535,0.4280619388855017,0.34749523327905796,0.21136009833063402,0.03787910649669546,-0.12098279637835535,-0.17698407344624956,-0.1571074515052746,-0.15527360290200898,-0.0862404387429423,-0.033501874519238806,0.042533180576108,0.1136201206072569,0.4398366628092065,0.1926273448273449,0.20592136905755581,0.27242858436906414,0.2652672414198287,0.13944557474603014,0.11197703847033202,0.12287874799904352,-0.03264609645577721,-0.1719427953462983,-0.2945807496571812,-0.22224312931128887,-0.18988930983041308,-0.22184216685783587,-0.1678928755677659,-0.22808346671219015,-0.11349188738719418,-0.04747340471541939,0.025725051434506152,0.025122194034682854,0.07807384438129714,0.07341500717178934,0.25177706924735427,0.3644322306631254,0.21134682239882985,0.09564076515869746,0.004784302480547842,0.9455997749512659,0.7221175911698929,1.087477628016068,0.8054109745745459,0.4804348743968614,0.5850739988040563,0.9934905121002107,0.45081512290209497,0.5240187239818483,0.5967803086939755,0.6685650769169345,0.5401887357226758,0.37977097053166764,0.27083583568775405,0.11821962977537837,0.07023813544089252,0.050494253985322146,0.0558100300996891,0.0705622051258159,0.09385849970786175,0.17281782584954053,0.2703470489208186,0.37282327016456773,0.4684723664655398,0.5557567386475426,0.6703372033663022,0.7412802321202129,0.7353170016409681,0.07309910108893816,-0.4295273285310176,-0.25589163274707194,-0.14566819592110236,0.011778915168502158,0.13661441723778234,0.2252547783213219,0.3225806900478203,0.38957494694538064,0.7096604306892307,0.482161132086129,0.5179743928972181,0.535899767571325,0.5482638514895747,0.5533506298297115,0.5458893696923202,0.6546406435495165,0.5273264717076925,0.5047083252886106,0.5084683533513135,0.4637927896226077,0.4081771556353362,0.41143778715231427,0.392139516292354,0.34595811023241185,0.33221807078437116,0.31114256270565566,0.29368658734760267,0.24789532594135788,0.19564670773242032,0.1448894717091509,0.3454161661250719,0.8062467682142321,0.9119607879917031,0.8992515454057954,0.8306347684692448,0.6374733262784857,0.7296978147904938,0.5827342735009067,0.45182653991550004,0.0,0.0,0.0,0.0,0.7274842903743717,0.3476889297308475,1.0569506639626303,0.04556338940504501,0.619564877020228,0.8650064170607841,0.8834531047944196,0.8724447511049914,0.9192610313216012,0.9708355301695717,0.9976954294369986,0.9752196388466188,0.9090747154717076,0.9587118756321362,0.8454213219064863,0.7379227476122971,0.6866365770590643,0.6136008261177932,0.4595778068831133,0.10156049856469207,0.43406452023722897,0.6730230917871463,0.7386239292348336,0.8822530556432806,1.0886699042780819,1.2290201655594104,1.4074726679022462,1.4206607013083763,1.3850628421267375,0.6402235302217889,1.372462526621709,1.297257918078504,1.177485570224114,1.0202427942258523,0.882812752300246,0.5265703315183108,0.17017434752572314,0.3828819726282291,0.662932541717807,0.924704225285865,1.1220389551065075,1.2046194083642636,1.2907583820305621,1.2439647587542926,1.1870618072421117,1.1164100363147154,1.0180639728830698,0.8677337866451288,0.7291696291457442,0.6039637661502257,0.4841163664717939,0.37606848454593395,0.26684418747676447,0.490865142473552,0.9549421084995232,1.086068095025413,0.6871382509878861,0.508313660733509,0.37462789072704195,0.9146121183341726,1.1708351419795218,0.7236175724643368,0.5207054329298466,0.6189033640856207,0.916024109344396,0.3058986687495814,0.5747030197270216,0.16002597680367409,0.3925331199379603,0.9597129119117818,2.004448663771354,1.6084174632031036,1.5413882563427186,1.1702980179253961,0.9510753881454896,0.6506180401260693,0.3652254394264145,0.17446512478720355,0.028648601858704437,-0.11505547097231905,-0.21101549949392462,-0.31528838510988355,-0.40224511711976346,-0.21708106863029342,0.28150011833907745,1.1443793683994743,1.3210280099687226,1.1747256805540305,1.1923715850053975,1.0249403289997814,0.7571999000183975,0.515483711485164,0.3208460728503082,0.7611496820939124,0.04705771663222924,-0.009454271548272608,-0.09967526236788937,-0.10313991266523681,-0.15121666358779906,-0.17955516700254653,-0.12215652926562354,0.11338737902692037,0.461228750048281,0.6800259898971923,0.7068893187092665,0.6864081010740004,0.6332039294119975,0.6038147785344421,0.5555693726199507,0.5216027020100475,0.4931726555220459,0.4520924376381765,0.4157433561211097,0.38640606441155234,0.30329936039552374,0.20024297383054035,0.06586457235159016,-0.1811938335322861,-0.01801679351397345,0.30267659854310613,0.0,0.0,0.0,0.0,0.0
2025-06-01 17:57:00.896,0,0.0,0.0,0.0,0.0,0.0,0.0,0.14101154920054107,0.08850719746575073,0.12168785351803757,0.16154073292868276,0.10308888205941324,0.07727253134463374,0.10942621397646823,0.12109855927660562,0.16133310768860254,0.21421960903688175,0.2995035402284468,0.3410627730833532,0.38309851055563543,0.3799091052630267,0.37517130785984165,0.2976548328260688,0.16762347405570088,0.022064682588243234,-0.08529786635630787,-0.1453336064474775,-0.13735752090816056,-0.16226608217712757,-0.08206412554849307,-0.04270975629277274,0.03069597234952992,0.09848093110671341,0.3710904547914292,0.16736372631039198,0.17840781021142854,0.22789326870594548,0.22944804078848352,0.0689067650367266,0.09438764270973887,0.15017696414614445,-0.012799400273000971,-0.1762571329543956,-0.2946227900850241,-0.21643485919510386,-0.226427483054228,-0.25017908642556264,-0.1961368659981534,-0.25038249787717237,-0.15304698052522914,-0.08287500688063265,-0.004367987521267103,0.008870842817633673,0.0981212959511974,0.09127354895198866,0.3279360014162283,0.32380216119535815,0.18674694714585294,0.0778214053026467,-0.021952014590713054,1.1638110648977105,0.9295428694869758,1.0245717055475927,0.768218418150616,0.2701467422638041,0.6430888730213148,1.065486566214365,0.42950428912672006,0.48988258605593105,0.7754017452642772,0.7530301617264188,0.575932081474585,0.37698203307837297,0.26170401626311257,0.09765759590009271,0.046975697540275085,0.025144397827720155,0.04127562701824572,0.06493890579153394,0.09509186339458675,0.18471905637846375,0.2738961821497594,0.3747298888726567,0.48096003471243265,0.574577553537674,0.6842560565500688,0.7548548089694382,0.7488159674187328,0.0797784307579879,-0.41223259199181606,-0.24328678265071124,-0.11092471806177806,0.0363939514992786,0.1515480971827574,0.24056372857320873,0.33766741789185306,0.39116807236606776,0.458790506083075,0.48705532072647295,0.5131037102505142,0.531123875121663,0.5426559669352725,0.5393796578284207,0.5394903047539037,0.6734143138014631,0.5507755819150774,0.5252529490644986,0.5244340886750065,0.46389747915748214,0.4089571909553047,0.4033170753138666,0.3804823732943783,0.34249400010485975,0.3176780165141786,0.2971271162065485,0.2698736399518926,0.2345904632651521,0.17266311837338055,0.1267428122939781,0.34223315764408374,0.8186239956052438,0.9173221464899737,0.897926915044958,0.8260474461825948,0.5599313082598281,0.7519455182489185,0.6829574402833694,0.40304073944507324,0.0,0.0,0.0,0.0,0.9966145572770906,0.3868586110385365,0.9947528909431359,0.05180340365663483,0.6075171583512333,0.8667387166952765,0.8740694717932087,0.8609840623298225,0.8975842077421661,0.9378730637156589,0.9662488255713817,0.9507641990213163,0.8827331084578485,0.9258946513632602,0.8100921595888759,0.7286154365989981,0.6796769065523638,0.6215114616550244,0.4786822253674093,0.1432257732276629,0.42217186288474506,0.6460838312580413,0.7106463571574315,0.835449260567112,1.0414680806089807,1.17690106854283,1.3568642009534226,1.3933258045544579,1.3532826236468283,0.8099724407504574,1.3688063237416945,1.3090590423691353,1.1985666275137234,1.040177569123637,0.916320919045989,0.5888812900645931,0.14493435047436742,0.31846285596252155,0.5898287147745566,0.8339388324820747,1.0473244341769656,1.1429331135855805,1.2515798057191803,1.19610720068262,1.1621762613769913,1.1073236586608513,1.0296856769531817,0.8852830020115122,0.7545212898572512,0.6397693537725668,0.521094817692229,0.4138939459603952,0.27834985473933643,0.4055240402189728,0.8503983455634786,0.9762581151370032,0.5500892716476022,0.5593819941417124,0.5071329332308774,0.5336634431039462,1.1344840263569957,0.9315383356171895,0.6338893822917122,0.6921362979511523,1.1143957818751318,0.44944357264411705,0.653910244132542,0.180525386631813,0.36723934226891003,0.8832809827423738,1.873346276913359,1.51356674091388,1.454263783433226,1.1216054956193648,0.9091047942081534,0.6332484589411589,0.3806611636415391,0.17663539821810614,0.0653620238721162,-0.0752943848433103,-0.16668359968672097,-0.2661760626709817,-0.35686282505610073,-0.24008821564613292,0.18205425355111066,1.0053865835263007,1.248306297678315,1.1018263922079472,1.1172650960256783,0.9542796661254214,0.6908636858881749,0.4691888281506602,0.29910020208894883,0.7634350730727891,0.055749403690637855,0.0011050436605968272,-0.08266659541274501,-0.07734022741432245,-0.12763121665357147,-0.16163878561780332,-0.14354461913638455,0.0035698574972747865,0.32409690993329,0.5843631918591738,0.6338689393203801,0.6178233741234818,0.5766527840341247,0.5462699010087568,0.5295819807142919,0.5074771990494649,0.4981004646058569,0.4575942460330422,0.4335158942311659,0.42353930495938297,0.3602496560806717,0.25310503239755,0.13443088576826862,-0.1602681705651819,-0.16009870981292806,0.18712379642271892,0.0,0.0,0.0,0.0,0.0
2025-06-01 17:57:00.902,0,0.0,0.0,0.0,0.0,0.0,0.0,0.2931249673848225,0.11893843774663246,0.044079160153408736,0.06942212388386093,0.02207753392219003,0.021047230360421554,0.08742309482935118,0.12323915341338809,0.176784288615504,0.2422384793419844,0.3500628920340309,0.39401297594762386,0.45007265519753364,0.46287888520961606,0.46709586368064737,0.40947981494624974,0.26768551652478173,0.020719566501144315,-0.18175958748542964,-0.23062272938040096,-0.2364334155406992,-0.2094339435709458,-0.09799733077203499,-0.03806587695943309,0.04630644549775642,0.11614493086658007,0.29424187216052156,0.2158897483663168,0.25424978020307115,0.31237880353819025,0.31433540525630693,0.1957435212148928,0.11497921423435081,0.08192372297969813,-0.09235288323883195,-0.26271410022740405,-0.3546629997711246,-0.2884978650140795,-0.2600890274800376,-0.24130332921816244,-0.1894273842301295,-0.2457519255827182,-0.1579087555214298,-0.06077432154709017,0.041291848500415174,0.05324417031044998,0.1793787882644965,0.1348548312166746,0.29536747589879114,0.24624179264681018,0.13138856554902856,0.003181631758402359,-0.11341128744914153,1.0378058552024712,0.9215785717458582,1.0093163103073022,0.9618791704170229,0.2334619066657002,0.66624674998248,1.0508281548576432,0.2801236336381907,0.44309803683256443,0.8776195616446236,0.510744351302515,0.5908379981561083,0.3308564188353894,0.17269267157291912,-0.007682337038846354,-0.013484498372422271,-0.02037417030322719,0.012318634462898936,0.04574627302587486,0.08072380009038671,0.20112051535709985,0.2969568721502738,0.39381382897613615,0.5121573495204906,0.6157334407328867,0.7329042756908859,0.821225368862052,0.8354775657769034,0.15747640105618582,-0.42462948807936385,-0.2931767041975999,-0.1265851020110731,0.030848160103590816,0.14545558963303584,0.25713719246169253,0.36060134999360915,0.4154277135319928,0.5915240925169889,0.5192347527777743,0.5433661166780822,0.5662236300100704,0.5837754508016645,0.5914224311979128,0.5975256313798702,0.7341394818630601,0.561467809479039,0.5221192330224054,0.5190184568760114,0.4630019796599616,0.41385953562202293,0.41234037952672375,0.3857069475958981,0.36673708663734694,0.33699334055089314,0.32894623530720524,0.29135440567030746,0.27215188159996084,0.21155835945580426,0.15544540935037854,0.37922524113942807,0.8532095529485292,0.9235901527463553,0.9123047961993824,0.8343447873858867,0.5377454217040407,0.6640798131279868,0.6857426960055029,0.5061948331293754,0.0,0.0,0.0,0.0,1.0363074156847807,0.3868586110385365,1.0466494531378094,0.12022210290000157,0.6393936540656084,0.8839782788858274,0.8872590732138865,0.8749267213998287,0.8947471982896944,0.9412325823697201,0.9544291659337087,0.936080669234912,0.8691534109801502,0.9010980087454454,0.7753163681215238,0.7050699417945405,0.6484465751738908,0.5917360377622265,0.4494433011566757,0.08512632865829828,0.45689845709969856,0.6727912950953304,0.7172567053406527,0.8485819292011925,1.0567373878135273,1.1985484540714055,1.360737090586842,1.4000330340262683,1.3589654100814885,0.9589342128156482,1.3488307553818286,1.2858451517496978,1.1715157306184212,1.019730634977491,0.892942761166924,0.565049663544722,0.16070458693990397,0.3746295363333513,0.6299635248657117,0.8753304333573844,1.082894296904978,1.1782666115768834,1.2712366469559364,1.196745963251599,1.1863541521297774,1.0965428125635732,1.029183532113605,0.8680568194748405,0.7437854202909445,0.615409103791597,0.4902443213658896,0.3908697151540824,0.25860655694680135,0.4226961256860919,0.8874617330858124,1.006102965805312,0.599329429116139,0.6799121391225406,0.3842461299553863,0.6788302120801355,0.9603784009334233,0.9560574262797349,0.523690652177091,0.7265095993370738,1.101867610970705,0.5615370181545015,0.8194210817350706,0.15870162999142107,0.36438938393567705,0.8960234020832277,1.8793461345339546,1.5222789985126068,1.467341164255457,1.140643217536066,0.8967935939175022,0.6408368670738152,0.3611089714695561,0.17177879122974793,0.05284542449411478,-0.07952660599221328,-0.16908511414078298,-0.28732231309620826,-0.36230411490291686,-0.22265623561466563,0.2055126360612865,1.0395411521101245,1.2525720137602587,1.1192584901985954,1.123301371250053,0.9728596939203424,0.7002570351890482,0.4815722899301933,0.29231630257278285,0.6704058639180984,0.04616767674006805,-0.0031065441576079156,-0.10013403732084214,-0.09289543443966841,-0.15243578688656856,-0.18687028617396156,-0.1757551720737925,0.01807214458906886,0.35120905095452415,0.6189780014418778,0.6655501732349297,0.6655943124752604,0.6069944842166828,0.564183533001243,0.5519015768635267,0.5142655075033686,0.4993723048127865,0.44487333799185924,0.43189828807479924,0.40530792486047673,0.33668844668042797,0.21160568319501216,0.08389083651409968,-0.14179176649283565,-0.07621498540302474,0.24122416441700556,0.0,0.0,0.0,0.0,0.0
2025-06-01 17:57:00.908,0,0.0,0.0,0.0,0.0,0.0,0.0,0.3493241116381308,0.09756028282217907,-0.009009047729074404,0.001487053289769169,-0.021606576525334487,-0.005587240763031409,0.08519904971574899,0.1173235703792036,0.17560899629186566,0.24670420772872492,0.3622832596568151,0.42483641368479874,0.4878245300622322,0.4915730682264463,0.5066016626067572,0.4506276921999901,0.2982049444097481,-0.042850411556805884,-0.2365692986252415,-0.2935843082120485,-0.3029572485653661,-0.25394896463209493,-0.11376060216668926,-0.043703679898060344,0.04394056497254839,0.12228525414837776,0.3928423756166787,0.25345540543713585,0.29852319696228896,0.37199761964965583,0.38072299518040925,0.24404973538424313,0.06271386586816569,-0.0017642653226017657,-0.20031075915318008,-0.3503880010296052,-0.4112666740549036,-0.30547825455789634,-0.28652919203238847,-0.24152947358633647,-0.18790241576746958,-0.21892819513492123,-0.10809955879929956,-0.0015214302310305738,0.12491418873887061,0.13167745558192462,0.20359724582153826,0.15957718840101232,0.19953271173211945,0.18148063249268143,0.06308532263233524,-0.022501393719606133,-0.13348429333391731,0.9118006455072318,0.7446439667532654,0.8055241989557913,0.7098052595549579,0.47242925213813025,0.7773458948029848,1.0814347412071557,0.37641674702143263,0.38773911798910277,0.9465163117969402,0.6481173634427382,0.5651302435523691,0.29137950559198045,0.10603755875624754,-0.07281184270759322,-0.04479167545461449,-0.03775962809436417,0.01802348993124525,0.046695561084263426,0.10321229134499732,0.230059080224702,0.329762501362032,0.4216065497911963,0.5570962447112896,0.6608364905179394,0.7871086283151632,0.8908892057714789,0.9161030040655074,0.22113290867275653,-0.4905160636932668,-0.33364807408666963,-0.1445944071386207,0.04062304968981012,0.15749534295053902,0.28477801646588596,0.40513472682251894,0.4555535846488896,0.5951447958059521,0.5674966130373307,0.5951489451651047,0.6269469196180929,0.6374906324277035,0.6709787300526422,0.68523846959997,0.7989352618957207,0.5741060983369773,0.5387029062569964,0.5276509272443659,0.4789803467816538,0.43950331343010096,0.44863779306557294,0.4249218090931448,0.40362548169152546,0.38133945900216415,0.37997054126229335,0.351552463404859,0.33429050473927013,0.2696269661741796,0.22865029937000292,0.4403018203354701,0.8910382329309209,0.9479152885537747,0.9349673436642318,0.8621069518513362,0.5728824073289076,0.782271685628001,0.6804093990097,0.320877511272206,0.0,0.0,0.0,0.0,0.9175466474931313,0.44162075724745825,1.0944904532680653,0.14063014688129227,0.6710710199633192,0.8932166992496771,0.9154818187123044,0.9034060223077355,0.9309945567004065,0.9715660241289801,0.9941141809706862,0.9641056420721679,0.9037192515973103,0.9179941433455929,0.7811243320091756,0.7035282514956374,0.6452113668928829,0.5810962227181202,0.4099173397448875,0.04361455546449916,0.47056224814704195,0.7015669676888375,0.7585686332405241,0.8830055162997361,1.1077354842367815,1.2393715136227197,1.4002311474739302,1.4388438250856568,1.387449825661178,0.6787444472288506,1.3610620052596847,1.2841428506063108,1.1742550342646056,1.0009069264879855,0.8770833276987137,0.5426751450613769,0.15904586153664624,0.41725206940163095,0.6657277386966886,0.9254733783297489,1.1327813771968098,1.220513695236052,1.330972201535563,1.2377595215560209,1.219366552348264,1.127361280222416,1.0533078743502782,0.8826210995089357,0.7568533196724297,0.6223325125335706,0.4858069345886009,0.38981126498707985,0.25696486804233987,0.452493722355482,0.9529704086723433,1.0671164824881045,0.47470162519578984,0.7444636782097813,0.6328193433316219,0.6504203849989036,0.7323897614524506,0.8192416853717753,0.566024132568697,0.4324598386449096,0.9968850859589461,0.4053587959724093,0.9062330567777993,0.15978303830693558,0.3906269606345136,0.9423180134784577,1.9516506308504278,1.5903573859147933,1.5360397947217654,1.1852616238340583,0.9456156097713226,0.6777593170257439,0.4066034451891498,0.19990024342567247,0.06869634274835423,-0.06242533365769276,-0.16356604830662624,-0.27310762975414604,-0.35307909561753675,-0.20384765155721707,0.24866128371570945,1.095246972673267,1.291607829662578,1.1726307466249581,1.1771803621777681,1.0375540654391242,0.7763812990169701,0.5265509590426392,0.3295275545434151,0.45820300812854187,0.07231816823112425,0.009408888734327547,-0.08692090986583945,-0.08663581188529657,-0.17366223134046666,-0.2123208034831291,-0.21629147862512016,0.00040737240818139453,0.37199428042087235,0.6667761024899914,0.7279238533817397,0.7317073284630657,0.6812292080561382,0.6452785235693712,0.6156185810631962,0.5755746185766863,0.5379077090305067,0.4848961324259782,0.4678408323795502,0.4124830734240372,0.33217581741688107,0.20080242555012562,0.0586629682579477,-0.14438738577132681,0.01999701866687975,0.3701661090583481,0.0,0.0,0.0,0.0,0.0
2025-06-01 17:57:00.912,0,0.0,0.0,0.0,0.0,0.0,0.0,0.38528442140123786,0.14562959617002888,0.01966731810404515,0.01348638633892163,-0.026963903382101084,-0.004278583850776285,0.08576339984993597,0.10407026220978555,0.17074825028709262,0.23684767296175024,0.3556167366827087,0.42329871091294535,0.47701697371307933,0.48818826548881,0.5030285803304556,0.4394334338516982,0.27749619552268134,-0.0641774388843521,-0.24276485286438348,-0.3038370278126308,-0.3052029852218342,-0.25343220966635693,-0.11007402496400265,-0.04508328135173212,0.04874075810780054,0.13617108039557269,0.3793413735562726,0.2631758994990956,0.30861389863158245,0.3549035315519202,0.38988064828345254,0.25900807157203976,0.06377760031227747,0.02491062882272277,-0.15158597458494893,-0.34066974731245137,-0.36061991513597713,-0.3105844596766495,-0.2868596898737771,-0.21902251672817252,-0.1932779025789274,-0.24389415339608667,-0.11506473922825067,-0.01961011052082562,0.14633383395098876,0.17171875181460572,0.24808101151626927,0.22635072316877353,0.21517887981160244,0.17959543720826793,-0.0026695587284569777,-0.09068426323057999,-0.20087747242062992,0.8076757980400073,0.6242299048440199,0.572998773556664,0.8365238140047697,0.544222818265103,0.8422151823708444,0.8369614071346934,0.3562951238293021,0.47429245311786283,0.716653887529402,0.6799342434489071,0.7038966494442098,0.30062680865491276,0.056528166952951486,-0.1556781474300335,-0.11697197343642607,-0.10485131229479205,-0.0421651350534511,-0.008313060973555553,0.07023660768429019,0.20986799347494567,0.3230362710142818,0.4168696693743521,0.5633204623598772,0.6752828979745475,0.8153574163609516,0.9305578766287862,0.9723019128739625,0.2685531891689114,-0.5958741691757999,-0.4198147750202972,-0.19797248363005138,-0.0027791537571679736,0.11970557866695453,0.2592843813851924,0.37755422618903256,0.43634992837465414,0.49783002547930205,0.5556073027228219,0.5944892992657266,0.6252165721222441,0.6337252760078064,0.6615237534933329,0.6705570056399501,0.7098681751071877,0.5027576003643347,0.48617144045222327,0.4891371714436803,0.441713205664372,0.42114718968403975,0.42387379410807613,0.4057960641565157,0.3904105037765626,0.3634230565250338,0.37237102489304164,0.3304990030033317,0.30755774685751414,0.23472201242292623,0.1702981635384746,0.3569609792047203,0.8309123824854078,0.9121662443078224,0.9072748526075995,0.8326104424396585,0.5866174963782087,0.7731600382888515,0.37829022312888244,0.34785099750180914,0.0,0.0,0.0,0.0,0.8102003786140539,0.5431523087396735,0.8445593170411111,0.11967516896630215,0.6538546102349887,0.8699602671621165,0.885963519636983,0.864324042438345,0.8814068224189768,0.9175772899501127,0.9370958788940089,0.9068232159587031,0.8611181443377873,0.8693554974392925,0.7374230503168657,0.676201491394796,0.6332837381306795,0.5791117997510575,0.4277362662825775,0.14845309679574664,0.48637587925565573,0.6866609241165927,0.7249428144874717,0.8431058666171869,1.0569024451593545,1.1850657794975197,1.3264067255780114,1.3611855995028164,1.2994834950557579,0.7352007213195164,1.2964892974571,1.229505394617222,1.1301920027325822,0.9588833387822621,0.845970748705715,0.5498274369146131,0.2469347771295463,0.45195854662489277,0.6418440171218082,0.9030839612118815,1.0871639669866795,1.1634677511749836,1.2516057026967613,1.157066419232318,1.1442478716284494,1.0476758757051376,0.9992673496751951,0.8248359221543428,0.6990373422753992,0.5745581901650123,0.4459676471293592,0.34885162679744547,0.1985485446117424,0.3967358394807656,0.8979836820696682,1.0119342868978665,0.23952494346984857,0.7348358979914832,0.7713862193441755,0.47619130597250126,0.4909327502102568,0.7177920170346628,0.6279036949395693,0.40058192698964973,0.7392794828966691,0.49434665200689365,0.8593882817553465,0.0822904649196245,0.31576643441534097,0.9044901882188194,1.8506802440304688,1.5275835506724855,1.4822559834194644,1.1460082233302118,0.8478561641019795,0.6238504785337309,0.3380933509231019,0.12496220618314902,0.019268204574385495,-0.1275096703099612,-0.21307090329688172,-0.3323868605283202,-0.4134348102015093,-0.2278921468848718,0.25482575045420514,1.080896464388342,1.2666335316307629,1.1535652019466371,1.1738627784657072,1.0092961312442241,0.7420962830480824,0.49219697152454667,0.28007749369527923,0.48371859958379937,0.046814977764810584,-0.01747186481663432,-0.09812352596397056,-0.09987062901223809,-0.1555373906909654,-0.1940128697100571,-0.1732951125949494,0.05638943718409578,0.41181340432568425,0.6677464216017306,0.7310025178534586,0.7296715858602412,0.6822648850581716,0.6497736928436821,0.6238212569899642,0.5646870150146952,0.5570788931550301,0.4785834543610479,0.45495633407321545,0.3944044187978806,0.3048116692022572,0.1634518602879398,0.028175083576211568,-0.12370635026582849,0.08248461424578246,0.4366840207375482,0.0,0.0,0.0,0.0,0.0
2025-06-01 17:57:00.915,0,0.0,0.0,0.0,0.0,0.0,0.0,0.36672906447997167,0.1646591679115604,0.03584580780353758,0.03878739217495608,-0.002358557005738171,-0.0007979574233752951,0.06841523137654903,0.09766420201927317,0.14098644323801313,0.23182947233635998,0.3421065603171331,0.4000316471535347,0.46217330923597627,0.4782423266089664,0.4762009909508421,0.3988129122622125,0.23336944400075665,-0.0699669015197284,-0.23230228698893124,-0.2872589198259681,-0.29505120871030877,-0.23255199179385333,-0.08620756331617785,-0.028495331416340308,0.07586274322519548,0.15650849005045364,0.5830169605151885,0.276042925039801,0.32570956788328403,0.3629362576571433,0.39808176676572227,0.27750815480470903,0.010040318345806043,0.0243965070434623,-0.15585450368572262,-0.3615321098048401,-0.3729837023068767,-0.314168262971779,-0.282486686099505,-0.18737819803607558,-0.19304492053162625,-0.19419302685398132,-0.06391524112771851,0.01995847642990045,0.18212198101796717,0.2078116876492983,0.3409245037019411,0.2784509227573729,0.1398815843395222,0.14628709046121735,-0.013343812361414908,-0.11244658064615543,-0.18921819024113806,0.7165157908829876,0.8104874289349271,0.7077286690134257,0.8486279418652345,0.534746253952397,1.0752261331271284,0.803794022838676,0.3698336419909473,0.6533045744964592,0.6590125187459687,0.6642138917705087,0.7543496496643407,0.30164524550046157,0.02657107133879233,-0.18682334451860005,-0.14266979184017714,-0.12493327459280645,-0.04586825317701537,-0.019492058309820592,0.06776469256199547,0.21168551388688983,0.3301205966466678,0.4283657416058124,0.5841165241729115,0.7085918743336479,0.8499980477492444,0.9783429237411575,1.066677269914358,0.332346934838238,-0.6794442106567351,-0.49200885471402966,-0.24541867167329645,-0.042517132055391205,0.0987303639958379,0.24347529850521532,0.36523408913627975,0.4387259614965866,0.48486088115235165,0.5730620398105672,0.6095870463948362,0.6464713145884086,0.6641000185308378,0.6881524891326678,0.6878839498769521,0.6717330911915491,0.4453058654853007,0.43723178322143097,0.4610523785449432,0.4320555452672872,0.4170647474641298,0.4242236137253328,0.41498596562327394,0.4135863154500632,0.3900324993965052,0.39536230461562116,0.35889386109108523,0.33946761418107885,0.26841226485372405,0.19404213869256814,0.3417524214924926,0.8019868612081679,0.903687394883447,0.906484700080405,0.8255187204021597,0.46960669432903895,0.8317702271160161,0.4435180659247247,0.26312597241309865,0.0,0.0,0.0,0.0,0.6321898186119796,0.7295137530850087,0.7206978200547928,0.12411489640068618,0.6592411420746402,0.8731748499529012,0.8821693046280807,0.8559117363296024,0.8706365410707175,0.9068546575191039,0.916747004012759,0.877407345991561,0.8182550022018993,0.8270814614476296,0.6991859362894464,0.6426201670894263,0.5964918571038857,0.5425259649046714,0.4070697189187468,0.15549410745405495,0.504022224427291,0.6948995122714603,0.7272422458202037,0.8261187766423739,1.0367279270865415,1.153804918340843,1.2801805629711,1.2932702181225506,1.2355168746650247,0.5401171953615516,1.219886395141669,1.1525522877413752,1.0519227537322928,0.9026442706412577,0.7901228140002575,0.4937454698257829,0.297794717112683,0.5220320205949719,0.6728921593229992,0.9190887020661076,1.092251968254271,1.14152276389566,1.2073192482738246,1.0990724173863702,1.0802056575499712,0.9781444281326488,0.9125575235537786,0.7683165667063628,0.6406497360654614,0.5114964070136343,0.3945737469309678,0.29347072383738887,0.1502386776538311,0.40242872706432087,0.9132422341603711,1.0140077188901264,0.21581240807734128,0.7838902301058833,0.8130416115466254,0.35027391845380873,0.3819995384645976,0.7523180826029574,0.4193006806909146,0.3841447843035632,0.6816995377823646,0.5665269675513269,0.9004306725503001,0.027221290284261068,0.2875619070835853,0.8892502979013656,1.8172672760204889,1.520750004368781,1.4273466653920277,1.0806078306328555,0.7736524049466784,0.5538101118224126,0.26560762516091363,0.06024336228813909,-0.035888084934291076,-0.1885494583073294,-0.2824202551322601,-0.3842422189905106,-0.49165185335170664,-0.2271640913181579,0.30001526398006456,1.0681808270948507,1.2615743156186447,1.1516285881651716,1.1669752509350788,0.9870752247933641,0.6996436843675364,0.45373350440470284,0.2542060735125977,0.2850752470918164,0.024102696808067314,-0.034298992227986824,-0.10596997609190217,-0.11987356527192594,-0.15504522160132628,-0.1821889779599128,-0.15737999401405128,0.08912390632188061,0.4386118736016511,0.6810352814113703,0.751228104829753,0.7612802785233093,0.7377739759571416,0.6856556677126302,0.6504277779312515,0.5825742797076148,0.5743023743785547,0.5049746042301781,0.43523907273221285,0.3703903402515447,0.2753479201656136,0.12674806557958773,-0.017968270226262517,-0.12185203539526612,0.1839102716332195,0.5106984735965352,0.0,0.0,0.0,0.0,0.0
2025-06-01 17:57:00.920,0,0.0,0.0,0.0,0.0,0.0,0.0,0.37641374764780355,0.1357380139989137,0.01149169341543177,0.0004906040679488743,-0.018220407468173883,-0.016615306544308206,0.057498235009571075,0.0869377570297345,0.13763841905383323,0.2367900720989391,0.34471558892009196,0.4022600923326556,0.46136763944121845,0.4889306948969131,0.4928951370547008,0.39918597710875725,0.23939449163936383,-0.0693681404853898,-0.22984462079405238,-0.2783377161594104,-0.28181192826587054,-0.21695974153501418,-0.0771414298421138,-0.010633348869573567,0.1004018388402288,0.1853319866486458,0.6562958199663016,0.31020455001980407,0.36144790235238616,0.41051939591308984,0.4334759282774006,0.338805757435898,0.038669786435396036,0.0047520381416624735,-0.15535155818082236,-0.33675816137632697,-0.35266966774890174,-0.303123715761637,-0.24776920951311576,-0.1602470678810174,-0.12593981873208493,-0.1522350132012591,0.000753071965652663,0.08372691750084449,0.22880123812980402,0.2627246933981297,0.39889224344109364,0.3187035490393132,0.06624386946631469,0.1458673820084463,0.012774783630566389,-0.1124465806461552,-0.15275830876083973,0.5324301467063468,0.7664261310682037,0.8382774471866226,1.0118519791036609,0.7549175061486704,0.9012344380130424,0.7683965244750004,0.509873930550083,0.841408609726452,0.5060971393810844,0.61441427902007,0.7692244771712196,0.30791826051324156,0.04620161449675908,-0.1747501249683716,-0.12460737097796026,-0.10125307005060424,-0.02366650946681914,0.006947372717670097,0.09905848928386396,0.22912752845326279,0.3537784474165191,0.45151469069282224,0.6092510268367218,0.7310157742449657,0.8642220134566967,1.0066188567305856,1.0998571565876285,0.3472303021406346,-0.701330864906863,-0.5093823851584703,-0.25755246538863363,-0.038388925684585073,0.11982640930882704,0.26212401005024644,0.38984409130282116,0.47599385369525327,0.7073105586562423,0.6039549584101622,0.6465540733040746,0.6728073134598399,0.6979653864731564,0.7148376054262302,0.7004952902751347,0.6580631166103662,0.42394858796906754,0.4466024668151247,0.4893156954296123,0.46231542169048345,0.45508736007992945,0.4642350904447392,0.45528725638360346,0.46858975675331727,0.43822747063612555,0.4482026761951219,0.4125025050648625,0.4023939624145223,0.31674710269393735,0.2256729060900453,0.3410151531834444,0.7928820225073948,0.9017301832429352,0.9171894877357236,0.8430725815707454,0.48194582314859596,0.8611640567484795,0.4333053685590896,0.38853729664314607,0.0,0.0,0.0,0.0,0.3129665261742576,0.7246100651463383,0.7063135118361278,0.13664525216327228,0.6783553529868458,0.8842522022326893,0.8871311528493055,0.8664626093443281,0.8829753320471998,0.9153469628846789,0.9136794601123563,0.87171115453955,0.8079474555241739,0.8086001148272715,0.6813805874524446,0.6198057943230959,0.574576541820162,0.5140127140737913,0.37950438373860035,0.13703284103182994,0.5234769124031035,0.7068431600777714,0.7340136916834068,0.8306647953570012,1.0387942787351727,1.1526524827540574,1.2652643191100696,1.2687729247330817,1.20407812069919,0.5680912722532372,1.1805944000001722,1.1099358763068845,1.0047254272547421,0.866902085956566,0.7426778484936392,0.4434581659490481,0.30549882753039587,0.5507896502236262,0.7073636927171055,0.9416963662558275,1.1004532083719658,1.1378091130137775,1.1918781387728306,1.070132236684991,1.0536018586937845,0.9432523850010757,0.8720805945019245,0.7215859317510601,0.5971818973597346,0.4736755507056914,0.353945146391215,0.25579583750432777,0.12394241933064379,0.4500747659274043,0.9610996078386788,1.0394947389910287,0.30942191068625535,0.6303041278137693,0.6682884286869524,0.48368171967719564,0.5100076486056639,0.5737518350183162,0.5093938465372159,0.25888712243871026,0.5624997827579782,0.4690758043636367,0.8064022174540281,0.004412711059044672,0.29040653112744985,0.9358370768575943,1.883389396015228,1.5420391548160084,1.419598477573369,1.0730583311311213,0.7369981370041654,0.5185735842048227,0.21368044993147706,-0.0028020170991573945,-0.094617232476228,-0.2555685672888802,-0.29181706038164357,-0.39173173890988583,-0.532315930170413,-0.2138332872100417,0.3919894431926047,1.1626897266905927,1.3048378193216823,1.1829789204936447,1.19687812377594,1.0233165303712715,0.7142036994860437,0.45756484900060523,0.256135135087199,0.36650430815155033,0.008094175244650836,-0.04403312185913166,-0.12633747361913428,-0.15384866685532939,-0.19503992306303897,-0.21503608084587295,-0.16698859822464018,0.1643749496555928,0.5463019514724281,0.7656108662555503,0.8231000867048733,0.8372976941503776,0.8193560373514623,0.7382177783654917,0.710882469864544,0.6001470585787405,0.593303132200039,0.4966517381741735,0.41643132304125774,0.3192174608464362,0.20995782190526424,0.06854372566554046,-0.12104270704536968,-0.1144635045350319,0.33211485825729203,0.6677383441861473,0.0,0.0,0.0,0.0,0.0
2025-06-01 17:57:00.933,0,0.0,0.0,0.0,0.0,0.0,0.0,0.23341935119660165,0.08438793271959857,0.07931723056972562,0.07939718513920468,0.046669426644857404,0.013636666769616057,0.06359159133480641,0.06992758785623332,0.10733649166171455,0.2022611168291648,0.29000132815980323,0.3500904684417777,0.39477127167365417,0.4095227088289237,0.40180237758364723,0.30734804753367717,0.12666552137229664,-0.06813518840256286,-0.13681287874750864,-0.1893364109504947,-0.1809154979092361,-0.15635151725768237,-0.04640343262722446,-0.005294497829663403,0.1152254548552587,0.1860919571883164,0.7946035109643761,0.2813013276845817,0.3178225322051695,0.364125248448136,0.3760757946132929,0.25800828853558594,0.026355819471363784,0.053943338832916576,-0.08294675234197679,-0.26832750976230624,-0.3120396074078927,-0.22778666162020544,-0.24140835122370652,-0.15601655006741733,-0.09552234743146515,-0.10244670542295442,0.04361896231228379,0.08059294011969909,0.22313180117426024,0.23396052174545062,0.36124945197268066,0.3204795136522364,0.07648004470669564,0.18633682941749496,0.08196186575177056,-0.027071005308376694,-0.055203341635834624,0.3208792889512507,0.7376652806400668,0.8634439029456169,0.906599826223579,1.0534164988774122,0.8654269669826857,0.6470053027925057,0.6556051977719146,0.774580756560072,0.4758665111111907,0.6334778986517476,0.7599248708585116,0.3448664226723215,0.11607929859207777,-0.08658439026693321,-0.04669436142430894,-0.04159040206802467,0.019031815708683952,0.04807647182403918,0.13680909325793156,0.24578963117841934,0.3609989800065212,0.45691914251311716,0.5998866200064231,0.71291165329377,0.8396256170326943,0.9674765100775461,1.044181553890199,0.2769658340344166,-0.6600891384021594,-0.43455173750859233,-0.21262245239488697,0.008917390572029005,0.15935152352433568,0.2826625897564303,0.40248611582302085,0.4887815716140076,0.7193330744169322,0.6031764045708383,0.6417943144308437,0.6547742131498043,0.6838930212157627,0.6825529171629998,0.659988879660229,0.6115371486219966,0.4227697345166196,0.48059973759135666,0.5202063994891215,0.4874852147670008,0.48535672772517713,0.4912076758148203,0.4786116464754766,0.4872926848320469,0.4520445657940768,0.4594759645460882,0.42303359248086525,0.4028881125913595,0.31432236169597416,0.220265693497684,0.3259785234997801,0.7697188107109916,0.8965005478758044,0.9139069572011671,0.8445452569060194,0.575957587273235,0.6842828784200299,0.5661526194350242,0.39197941968318784,0.0,0.0,0.0,0.0,0.43539588540573726,0.8501756028050733,0.5867934298511911,0.12634821611525038,0.6587280371585127,0.8879499509861963,0.8812714593438555,0.8616101231940668,0.8845563821741111,0.898220508349121,0.9048228516965309,0.8542162082479368,0.7778142760255031,0.7745660439179693,0.6650791960824909,0.598795433318293,0.5522698891167739,0.494608416373618,0.367673169317909,0.14789240918743324,0.5134978977444115,0.6875549383566133,0.7355093816466474,0.8030765843057375,0.9980780619776273,1.108612151015675,1.220069676031236,1.2120722345319022,1.1514072187727786,0.5028860558633463,1.1403969763918496,1.082405497657454,0.9746732718162991,0.8643816364734623,0.7351776218395644,0.45126405358559557,0.30630340561827946,0.49282964367908744,0.6512946525133748,0.8729321902345453,1.0323772419195265,1.0593432403423668,1.1264838265813104,1.0032237693239467,0.9892760432925698,0.8927700977020989,0.8349195292130633,0.7057566918888311,0.5833611863880795,0.4785470004232822,0.36749048551838426,0.2707389545215719,0.13660816263348607,0.4149127317437417,0.8870614318451534,0.9576597303640587,0.1445658174634398,0.5170575004338441,0.7436111458029305,0.44372346332185075,0.47514068835792517,0.6193281629232805,0.6736950612521355,0.16559218892525673,0.670292164993645,0.40727342099435937,0.7440570188904636,0.02303767489877362,0.3014220305168835,0.9046310338573533,1.8307474215909192,1.496530649115215,1.339012495851962,0.9968410846704776,0.6739676875851266,0.47137363215028705,0.15369942277856774,-0.021950736274438887,-0.1274737389538747,-0.2585747137423673,-0.3012138656310269,-0.39922125882926107,-0.526448564573569,-0.2046927357078513,0.3874915126860912,1.1166101202907903,1.2945056202311536,1.1520990619269122,1.1424963015112914,0.9389788397348602,0.649788422717053,0.39187562844898927,0.19629482052519776,0.47283385550653156,-0.030466157191465948,-0.07569802598443043,-0.14383010100686244,-0.17200592383162505,-0.19895100928698972,-0.2146449328172903,-0.17701128930246274,0.1327886325288395,0.5051909503990801,0.7256564853018217,0.7859706812513015,0.7787941742534823,0.7527275291443254,0.6860568068542157,0.649557145978662,0.5556373637487646,0.5585065365935251,0.4610497093885413,0.3817708737790446,0.29708188792293155,0.19281752331690194,0.07110837101766698,-0.1101863839288697,-0.12222947171658577,0.27582817783735036,0.630011680129196,0.0,0.0,0.0,0.0,0.0
2025-06-01 17:57:00.934,0,0.0,0.0,0.0,0.0,0.0,0.0,0.2169532286768229,0.056535566574189455,0.041606298172346734,0.04943312855194504,0.019502941412345876,-0.014043530572859897,0.03878344070891804,0.05513779257790319,0.0877901158802884,0.18936584254211064,0.28256605439371213,0.33328170326304396,0.37312765392402886,0.39590647529038714,0.40253576151459924,0.30404808241030806,0.1066937574431731,-0.05221928263288464,-0.1434317027262515,-0.190179954138887,-0.15250776742792804,-0.151993369191471,-0.047757892983149475,-0.0008508948177801123,0.12120342349880864,0.18597665065310243,0.7266996862030595,0.2711569309824783,0.31518795876133393,0.37624091609580923,0.3735136697247629,0.2624604790919972,0.03431915466809782,0.05037372274660018,-0.061318522267660325,-0.24413238989049757,-0.2802777159720121,-0.2442800667547792,-0.23018904976807197,-0.14152906223640338,-0.08608551588968927,-0.09423051301687224,0.04603524367614997,0.09227314692922672,0.22826003182301513,0.2071371469140953,0.3857394118897005,0.297979314424265,0.09307711536899993,0.20302118111466327,0.12695211358045555,0.0033816646670672412,-0.05702134772441947,0.5026830659585655,0.8426529218792596,0.7322369641455848,0.9237425333978042,0.9515784005593686,0.850909654649612,0.5251758867153106,0.5204897385497074,0.5339141767287466,0.47215165234123657,0.47404226083356105,0.7892178603269677,0.34972335604278215,0.1405624042597643,-0.05286127517849404,-0.02501404401881513,-0.005170033936992446,0.04372512556451591,0.09469898071947558,0.15944054899655202,0.27415904645585143,0.3819881945918149,0.480788484763778,0.6124923235280503,0.7390464558245606,0.8553325215614755,0.9762198709495394,1.0565121912168831,0.2642945824574015,-0.6517727609077955,-0.40793083650333184,-0.19287900578425132,0.025866489356803024,0.17525657699642694,0.2993227960139144,0.41759774182685505,0.5020418168938809,0.703327550476675,0.61326132455762,0.6431253448802684,0.6524286565304086,0.6887464808297828,0.6760802141419338,0.6395389664265069,0.5520338071397546,0.39241243967518813,0.43954010181508973,0.5147348927626074,0.4900842315588647,0.48755118834160505,0.4905990341578934,0.4832679759831109,0.4965082711489861,0.4602540668087225,0.45695477298794596,0.42539154192645157,0.411194525866148,0.3136821547012366,0.21105067036102132,0.28965341285225216,0.7304936179651873,0.8709631501482449,0.8961504644584795,0.8310025054872228,0.44863668725325895,0.5890629186428162,0.6930002334931264,0.4568258842797035,0.0,0.0,0.0,0.0,0.49346537569976245,0.9219659724549709,0.5065001712459789,0.09514841769682159,0.6440785328575105,0.8819328061546231,0.8653473265014069,0.8405586716034844,0.8610671849064622,0.8751561740643841,0.8787360088223277,0.818978233510923,0.7361490127399315,0.7422979446422682,0.635620834532421,0.5696654587660963,0.5260042737078898,0.48376175361121204,0.3760167144958379,0.17014204338136668,0.5334466492410247,0.6771920749342392,0.7207585429251941,0.7775399623134838,0.954506097247356,1.0702552809306547,1.1743362100959467,1.158723951302081,1.102153636882565,0.7038126418691459,1.1019790361655892,1.0442837602455364,0.9442154545254948,0.852399320050064,0.7300507801939197,0.4512739837210313,0.33792318921261794,0.4865417865893856,0.6328699411784998,0.8361871334153428,0.9735558188220073,0.9970613506081072,1.0574923650064485,0.9359677538800806,0.9466706253734878,0.8470247266808255,0.7890303754628256,0.6810770773446609,0.5649535730387912,0.46171330411672545,0.36500793155466094,0.272409995094989,0.12603139284386278,0.38300180569548065,0.8175749109775917,0.8877920299046497,0.2290980348077756,0.4525059613466035,0.6440868477502308,0.4900174350493215,0.36816937686523393,0.8026951138147932,0.7618378982003398,0.2999829311523924,0.6360318333662601,0.40727342099435937,0.7793463197198508,0.014441424678449222,0.28557327455784565,0.8674591133405191,1.7731660064041588,1.4563718314037302,1.2395587634785987,0.9140282845239267,0.6160533787121578,0.3980813577283484,0.08981543473703768,-0.08357629828778301,-0.13845674879726433,-0.26158086019585425,-0.3106106708804104,-0.40671077874863637,-0.5176573290711222,-0.19197430633055562,0.3871703669770367,1.1005753510857244,1.2774588407946381,1.1045764224511665,1.0600766971088822,0.8490607174402693,0.5548559132959077,0.29887417970322594,0.11114565473199645,0.45307335691944706,-0.08752679878761205,-0.1283422191738779,-0.18625489199720469,-0.22411259413801454,-0.23513977998816749,-0.23643660200032585,-0.17662733635387246,0.12191880955488005,0.5295110238161467,0.7064237913566698,0.7529929927128672,0.7320013994622436,0.6958065596025853,0.6116277074927501,0.5839125808090402,0.48260248588175814,0.4950092786329041,0.39146238298161373,0.3007498785024627,0.23081427862696002,0.13329024183397686,0.0212953088928165,-0.15047003209313736,-0.09667463092318818,0.3074750979169527,0.6063614382180262,0.0,0.0,0.0,0.0,0.0
2025-06-01 17:57:00.940,0,0.0,0.0,0.0,0.0,0.0,0.0,0.23412819714986619,-0.0001562278105668724,-0.037587376577369325,-0.006863806883152579,-0.022330714894965742,-0.049470300467220896,-0.00047952123816930037,0.03596254817444,0.08260258210899207,0.18505014195343117,0.27387372701163454,0.33917131407989143,0.3687622553609243,0.40327000151743153,0.41946534541099123,0.3397865976043132,0.12465171529960241,-0.05730163287626833,-0.17251538826451035,-0.2209274624436679,-0.19097823596672714,-0.19374076450033995,-0.08046131664162948,-0.011232254781145423,0.10953184659923898,0.16905114935174792,0.5974972875241598,0.28110578166438016,0.32689205299555474,0.3992692146561949,0.3960626256894699,0.313089077093184,0.012319610967255534,-0.035081567166561495,-0.14482638541002413,-0.3558001346369465,-0.32762271450282854,-0.2619448072582561,-0.23127430067051769,-0.14499388871383767,-0.0798039678138246,-0.05068302469285502,0.07126897832272494,0.14197516215072115,0.2504465183952266,0.20655221764230852,0.3808808700976335,0.25411372103611823,0.017841034933301386,0.16070909863259614,0.136580145411912,0.035487182428350694,0.0032532862371683624,0.5231420214266167,0.6634268917641197,0.7454819406173903,0.6574431181898577,0.9104723294339925,0.8953905506323927,0.6141182626812597,0.63302763237553,0.5889512289375511,0.5949978026043116,0.4397276337186622,0.677469426545328,0.3181481074365663,0.15641553377830753,-0.01723109012816537,0.03632076249808547,0.05490283413659913,0.11355589688093382,0.16332164238734115,0.21376982917500476,0.321170625708489,0.4266463218560608,0.5316815474909138,0.6476990023621644,0.7635547182050153,0.8725390558939561,1.0050239566896106,1.083614498883922,0.2565653782754205,-0.6229188599265866,-0.3844740005545788,-0.16020933330729736,0.05670388518414504,0.22134219257097953,0.3306097293170662,0.4539637171134747,0.5428160832588629,0.5052741104468872,0.6624370714846048,0.6781655733806663,0.690085846171938,0.7388565551660468,0.7115993957421574,0.686554610595787,0.5916619353701006,0.3920794897412637,0.4482656086312038,0.5291264046319897,0.5192295243346707,0.5158978420943383,0.5329568801558708,0.5284641936491496,0.5449633517097647,0.5128943663799004,0.5129232631240381,0.49778480900370803,0.48386626975767877,0.40061008903341755,0.2909936376842298,0.3642479382808593,0.733055153248965,0.8719551719661167,0.8997256837803709,0.8417688474594553,0.7172431603026905,0.4602421497153692,0.7101068599499434,0.45948561633541507,0.0,0.0,0.0,0.0,0.48790660525371876,0.9543562824821956,0.6699702362667047,0.0696715479712654,0.6262629205699775,0.882235043810204,0.8786254787976258,0.8609679814891705,0.8786880967632735,0.9064599712228649,0.9247493503824722,0.8659354430650477,0.7638029279325402,0.7853769368894024,0.6699829302291147,0.5965406189852498,0.5388491645575906,0.4834450922449684,0.367597982416684,0.08897381783370084,0.5009704221404876,0.6797685259642229,0.7194000695326193,0.7920421314179455,0.9767527040037824,1.0982229317753482,1.204368457858438,1.187797184828722,1.141567764026368,0.5127446651734202,1.1293190756748395,1.0613791623012938,0.9640079085675239,0.8739826898509787,0.7397866694165237,0.44790711103242226,0.31744330470001997,0.4707485367865002,0.6457695398500297,0.845127827550191,0.9896864191299879,1.0143390660492904,1.081460919832249,0.9701135408123951,0.981009402866126,0.8795176108153151,0.8045274139869318,0.7038330113460612,0.588387270441635,0.48769752973742314,0.37637286442207263,0.28944557632355805,0.14597539100679754,0.36786958772563966,0.7966804726042706,0.8913315678783112,0.19883530415682502,0.44526788108697846,0.4441356167743489,0.5483290050358917,0.37131826996916956,0.74520331362372,0.7166559955722385,0.4028961642360886,0.6175912475849282,0.3005657464855829,0.6272278504787294,0.03195050768046592,0.2923601686852704,0.8182968763878781,1.7223303975115196,1.4483687727435213,1.2094481292320842,0.9018767155772736,0.6576321291331622,0.41044272489495537,0.1073188589989218,-0.05835889165740915,-0.14943975864065417,-0.2645870066493412,-0.32000747612979374,-0.4142002986680116,-0.5060523668961346,-0.2385565355262283,0.30544546564418956,1.033997610525103,1.2351399955012698,1.0684940477239704,1.0337272936594437,0.8126554428607344,0.5607084506812403,0.3056136361681705,0.1210090058450044,0.35682721801202955,-0.053287301131819564,-0.08396125501100848,-0.1394355718152589,-0.1677104315569763,-0.1861708790356542,-0.18977229134108908,-0.14776564305998696,0.07447984494606902,0.40418415409689623,0.6229055226865838,0.700758447905011,0.6779227920086612,0.6540308633812852,0.5824384561323583,0.5629503197140395,0.49649678617140647,0.4875104179386238,0.426518083213149,0.3461906921476794,0.29283339312823964,0.19121046700936106,0.10481854603988272,-0.05301951837443575,-0.08211192274112944,0.2134484576727621,0.5171088405487192,0.0,0.0,0.0,0.0,0.0
2025-06-01 17:57:00.976,0,0.0,0.0,0.0,0.0,0.0,0.0,0.23614179076959077,-0.01692143907180349,-0.06356777478105025,-0.028463550887613653,-0.04956301128849849,-0.07758336859684267,-0.021637737595407103,0.020768901773580373,0.06054306975029955,0.1601986424496652,0.25326340500644523,0.3294117225418618,0.351282839158882,0.38610464622629304,0.406942109749914,0.3377684248537682,0.13790546490281674,-0.0585277227609409,-0.19409284965552626,-0.25009954096699605,-0.22502220356374492,-0.24511269963437943,-0.13141704478360405,-0.051720536416730356,0.06641295825628246,0.1410736785325546,0.507779998796186,0.25833462176364186,0.3035319045043198,0.38466071222955833,0.39459014820229865,0.30145261579544486,0.01568107281676462,-0.09588347579972431,-0.17624425073775934,-0.35745747075939693,-0.38523083408423275,-0.28833042311766466,-0.23166868275233032,-0.17246596074990606,-0.08279507000621256,-0.042489291418885355,0.07470719810939541,0.1236760213416691,0.2516154721058991,0.2027258177266556,0.3337977704253141,0.20826831161368808,0.02493912411148594,0.17733950280799599,0.1377771660546473,0.05484894834912124,0.02588093509399303,0.6702509939600971,0.5742594238452223,0.7483179585173445,0.6639416987216258,0.8518362089042784,0.6522303899743681,0.794861480506744,0.6270590719763482,0.44347423512077844,0.5153205929112721,0.5320333454271146,0.6256207698124154,0.3210515315600978,0.18362913548870152,0.027581312705986072,0.058053759334099286,0.08413955453351551,0.1285590859359491,0.18553478998200035,0.2299244546746666,0.32194741222715084,0.4410572150237879,0.5393665796743576,0.6417113469100283,0.7507778151986706,0.8565782444979377,0.9889596097371692,1.0505669187380189,0.2315117001478631,-0.5976920792889546,-0.348136389272637,-0.1355738689892616,0.08248584374800338,0.24015581088125182,0.3484505218715541,0.46349090034667073,0.558276028346524,0.536023575269079,0.6707938702419898,0.6861728638725882,0.6969775828988368,0.7445403791166557,0.7092764350100114,0.6789471029228209,0.5795688212474835,0.3801376138344045,0.4462181124296509,0.5244370087083461,0.5261111350501648,0.5207052610346421,0.5431183235317572,0.5436759626229986,0.5539051416919365,0.5272458582823205,0.524850466451604,0.5197514005804948,0.509275687757367,0.4288988371922343,0.31607481575284246,0.37951582372239395,0.709826168180913,0.8553177222699184,0.8752536183773971,0.8323805397120898,0.8462095632289044,0.4205713466410718,0.7685546011110349,0.6243973938993603,0.0,0.0,0.0,0.0,0.4828121659654151,0.8055464596314348,0.7772520536426147,0.041556828830752957,0.6070893331910059,0.8673586999863057,0.867452825766319,0.8498005867413266,0.8736040217771299,0.9156681043908217,0.924069993512409,0.8727362406289938,0.7629898940108313,0.7925231034454647,0.6826972002464247,0.6031848321466502,0.5439119583174283,0.4839850421791802,0.3589228271432397,0.04754209598312503,0.48847505773255473,0.6715277391139928,0.7148081738882297,0.7889745407828526,0.9704879170122369,1.101076348837453,1.19134613915941,1.1917808577845947,1.1430740773825747,0.5606515331230266,1.1302545172946172,1.062789707441149,0.9661241867160579,0.875661233915125,0.7436494789884452,0.44828442994538314,0.29384374340346203,0.44143833713721115,0.6271440407312624,0.8149923675135378,0.9630463616469775,0.9810963436759279,1.047043754861079,0.9603702794592579,0.9717121554803021,0.8721887532004646,0.8022813242627358,0.7067188818496662,0.5923858891275252,0.5040717153775185,0.39084820960772204,0.314024530735792,0.15940003360645713,0.3352937454030415,0.7452571605090251,0.8430621229544467,0.11941712060967449,0.44571026267141833,0.5851561946876465,0.7744019126703053,0.29783902527064304,0.6729436306047926,0.7974258560631595,0.47648949068876495,0.6877253855074503,0.3938923397377525,0.5630428678039787,0.04059989123636787,0.2892766454901476,0.7776156046364396,1.7017287810579673,1.3739005405150129,1.1854730831447244,0.8880939252830813,0.6293649292425283,0.39287462269496376,0.10002110133219455,-0.049555489547502996,-0.13881074860028653,-0.2675931531028284,-0.3294042813791772,-0.42168981858738686,-0.48259950815995073,-0.2517728854038229,0.26243392818075856,0.9919066470610165,1.1913079057671012,1.0353248128536556,0.977112514040989,0.7661138378624661,0.5290046120027863,0.2783576506684131,0.10403292311905021,0.42001624604419563,-0.03914486923884297,-0.06935549387732443,-0.12255706124474686,-0.1395918310575015,-0.1515403834207214,-0.15080106221662365,-0.11710107920311047,0.02805745006499971,0.3155627113889644,0.5557209177633304,0.6191670932184176,0.5997311944575971,0.5716263116187466,0.5161716106725156,0.5111864738083038,0.45872378879045583,0.4662606703810972,0.4149636967624073,0.36179065597609106,0.3123197575108785,0.23038981530687208,0.16369068398752185,0.009650981672165049,-0.04332215703746317,0.1177041016159529,0.4092481062801063,0.0,0.0,0.0,0.0,0.0
2025-06-01 17:57:00.976,0,0.0,0.0,0.0,0.0,0.0,0.0,0.30877774396370605,0.04564157224409751,-0.07648348730384674,-0.04828534835361642,-0.09968127604970622,-0.11376921534090889,-0.04112876371519991,0.003124813480031463,0.05048079833945074,0.151976795643891,0.24914394086581032,0.3322627598691449,0.36028000713694547,0.4010425931432109,0.4402278586123495,0.39119548427198986,0.19845446659131954,-0.011079011768045988,-0.25787306637972035,-0.3254492592958229,-0.2881328298863519,-0.2975792720871374,-0.17372871424595349,-0.09050745726131448,0.030171237930215256,0.12228788390244727,0.3562624943890791,0.2471140120004235,0.30833835827205963,0.3971907231649898,0.418976069640495,0.3603316305757637,0.07030581656560791,-0.08173054440358282,-0.22880842857671424,-0.4689409198642085,-0.453173305407346,-0.3723249076755648,-0.27131557926324035,-0.21743045808499106,-0.13186209674824645,-0.06678410597839379,0.059227022400692664,0.12015523656788762,0.24831344087775975,0.1950156133585878,0.3251056718008951,0.24572263352507523,0.07408310270401866,0.16162824295165507,0.09817303640140185,0.03709983266673089,0.002183581818903324,0.8033448997620221,0.44841806908904114,0.4961579080073621,0.6151547610654693,0.8857286012058077,0.703866566301837,0.7166299971705796,0.4638680747657333,0.3795655373766146,0.7671307906518618,0.5276303857293758,0.5972630620309864,0.29335914078937,0.139609845490677,0.001781444640115648,0.04543604382961042,0.07146846213691815,0.13301050737259845,0.1888310669545341,0.22804232491080412,0.3243159457034184,0.44617829142231025,0.5457250381369485,0.6466225251049725,0.7475542575397238,0.8668073017572937,0.98538781871077,1.0553813849380262,0.24232608575938086,-0.6139995260624225,-0.3552315656135072,-0.14560357433977278,0.08065354454674267,0.2346496441393522,0.3496970499752512,0.4638087883939468,0.554336370928209,0.37588823239492714,0.6715276107508998,0.6910507629057597,0.7046814535198372,0.7545328733440245,0.7259882935012532,0.6960106871233922,0.563478524793885,0.3434374497065614,0.40620975480663657,0.48664268432995317,0.5042727867176688,0.5017799768846138,0.5354656122169841,0.5436780100195469,0.548383301381062,0.5296522796231247,0.5340550499329566,0.5412684563760279,0.5170440583766978,0.45672446505747966,0.335428086576802,0.3915861189024831,0.6808711759897677,0.8307109062028533,0.8516459217507999,0.8166847911639954,0.7473818225002429,0.36368383107707897,0.6811042118110131,0.6338756607487332,0.0,0.0,0.0,0.0,0.4857085771911812,0.7437720039520095,0.8237401252741617,0.008679700932497536,0.5860388788186959,0.8588613355968482,0.8635022725270354,0.8500514968707235,0.8787024059175919,0.9364104216984714,0.9557158891349635,0.906355271037016,0.7983113360396654,0.830603674082008,0.7149775952884945,0.6288867958220525,0.5624094685234042,0.4950146732892163,0.3522276228675874,-0.007264788228590391,0.4813995005007784,0.6826360469516838,0.7258884230592801,0.8267254172137541,1.0153909851603553,1.1422721635850412,1.2503160161598337,1.2312045603338466,1.1776232173927854,0.37753429450821,1.1456159444241978,1.0799875929871687,0.9756008892009096,0.8695183221145276,0.7420714097350726,0.43961300200303455,0.3232036064222743,0.47310051975452794,0.657829621197224,0.8575232193695841,0.9977515580928205,1.0116351953677267,1.069479977671857,0.9877455608114152,0.9767430424572296,0.8854850760556632,0.8067340545733821,0.7146241579717675,0.5993720410039037,0.5027435634386819,0.38861951841317466,0.3138630251411352,0.14968430704309385,0.3386568965591601,0.7596711638963555,0.8533354237715182,0.13969599671739216,0.4110236117867485,0.5475260849446357,0.6148238111486439,0.16281427658968517,0.5639711958729002,0.702295869009895,0.4717376410909187,0.5861856725092546,0.499385172352779,0.5236455940623286,0.04626017613979616,0.29198750163851345,0.7573502770792038,1.7039154295846273,1.384313856041479,1.2121967097867992,0.8792579954118143,0.6461205746862124,0.3888686372825265,0.09942318632943747,-0.03131371115018311,-0.13691554156471009,-0.2689343607133796,-0.3294042813791772,-0.42895763067106296,-0.4853111563452909,-0.25606096968929354,0.22528716566077917,0.9745800390009598,1.1551820542278424,1.0300790945040683,0.9523457322518821,0.72624499676828,0.48751269995206803,0.25062979916941663,0.07156807131361953,0.4776747948993063,-0.07163063537789283,-0.08562127482040593,-0.1261863198738742,-0.1352981568345324,-0.13898616052110513,-0.1393004545894404,-0.11170991074206904,0.003725177838051319,0.27436747119426497,0.5222952047172849,0.5879031572607604,0.5482181826009693,0.5126044425911136,0.46329048370867176,0.44965387041824356,0.40849575540855576,0.43231441777639357,0.39376218324921,0.3547789420641423,0.31700685622318336,0.23964582792198474,0.1667400558305182,0.06022180224552953,-0.08683665397151996,0.06223166086013565,0.3282938317938615,0.0,0.0,0.0,0.0,0.0
2025-06-01 17:57:00.983,0,0.0,0.0,0.0,0.0,0.0,0.0,0.46450801437679345,0.09648482110865272,-0.12887058665338186,-0.14977703823141902,-0.2172875169958869,-0.20909210885954765,-0.11190813526811139,-0.04576104410746029,0.023368014400559356,0.13480431386626057,0.25418837385153265,0.35020079726195696,0.3895198657452254,0.4483965152332643,0.5162365595455463,0.47739143717460364,0.3219387573495091,0.00921778638502202,-0.35869568490536125,-0.4675368305976802,-0.41834653345890904,-0.4055653309706406,-0.2438625415654777,-0.1419051796798272,-0.02044987116908037,0.10058484426537928,0.3159873983716842,0.2609816191682558,0.3439840066483499,0.4475923918126056,0.483785216377056,0.469442859113552,0.1742848218288932,-0.06321408871933135,-0.31018576252191227,-0.5832035283593288,-0.5689051627512219,-0.3723249076755648,-0.31224499763759905,-0.26353878330897273,-0.15194140680808355,-0.10474423857279525,0.058680859175592515,0.12223188283789066,0.2715702614067651,0.2549090339091093,0.35886028471178194,0.32525919478733156,0.12378437391075386,0.12571520509673695,-0.016180641582525856,-0.0868422692767179,-0.08808591110352748,0.8783469007376385,0.5537820343019854,0.32360556469760365,0.4101317996623437,0.6008002797157094,0.5032012966098816,0.8220586650317423,0.4595250142839363,0.31463815966343334,0.8168396182039981,0.4384858487155969,0.6712556532293756,0.2799164243776534,0.043470211346890886,-0.09803726564842075,-0.04493680683493606,0.016882662918913383,0.09388759261813573,0.1660172182002051,0.2032964764797769,0.31783222271741063,0.4541348608479119,0.5623131185665089,0.6731267116521159,0.785510898861647,0.907861554630111,1.0508938749834584,1.1347248670377972,0.3279517573075642,-0.7104993745956661,-0.44804499863390324,-0.20577793988948812,0.030635536926502782,0.2067537712723766,0.3303990962338976,0.4516695378098914,0.5469961125580654,0.30964528333896374,0.6785786422873719,0.7113412260026944,0.7320690886843998,0.7781477373315099,0.7618766289171717,0.7368936603226981,0.5469285324074499,0.25216143922986045,0.29637470921913045,0.4044381724994077,0.4587331430249082,0.4577163587002919,0.5069145881699373,0.5295672789126438,0.5426045618466604,0.5326860738348822,0.5423144258117227,0.56215945195933,0.5424248500363364,0.48373055825394207,0.3695776218231902,0.39426952123639697,0.6314652440589958,0.7836563484787622,0.8133881300804464,0.781463098296391,0.5560908800222524,0.667917845757098,0.5246742528113941,0.7627359399806314,0.0,0.0,0.0,0.0,0.2551945233668578,0.5910105452080965,1.0250563470155898,-0.02656452748887106,0.5614223706961681,0.8348138399250864,0.8457286488422626,0.8367913319358186,0.882515418787553,0.9381572503882099,0.972942409728446,0.9235746604966866,0.8189017413808344,0.8632528321911961,0.7310477408582285,0.6460834123582588,0.5738083099843425,0.50539439628864,0.3578137670582861,-0.04358595758889544,0.49283260351368463,0.7064662789045878,0.752753891211452,0.860426764240612,1.051641259376187,1.1730448432490026,1.2816180419967518,1.2562505025429787,1.1873008721698308,0.5056229740539433,1.1396451061366553,1.0658152694558054,0.959702182302451,0.8270213369844072,0.7002823655100882,0.3824091585315217,0.36901625689428164,0.5640576656027856,0.728875343226603,0.93344257708214,1.0586933382157002,1.0703336438923954,1.0992572256622948,1.0127072215440738,0.9874780736060047,0.8855478911039256,0.7906249717605245,0.6902741169129331,0.5699656416801494,0.46328911034227155,0.35258877853242954,0.26749702275192927,0.12741332045884793,0.3846769651410556,0.8201507679556809,0.9265611266057324,0.35310035440751086,0.47190307962824984,0.6867483748196085,0.7362789387249801,0.19298940403466042,0.47579159668188353,0.6325519930517569,0.5342302622031765,0.4142085870966943,0.4587199398066445,0.49137316670220443,0.03432062606647607,0.29410694724694203,0.8032633158146056,1.7878672043507167,1.4401322325163108,1.2758125716621382,0.9003938737265846,0.672027259184999,0.36027333574756737,0.10588559126754249,-0.0799131912014841,-0.16899235235340537,-0.2689343607133796,-0.3294042813791772,-0.42895763067106296,-0.4727218100367801,-0.19747760090700095,0.30247815272410333,1.0839891829191424,1.195700150478604,1.0525093265848022,0.9755358153611097,0.730868611580257,0.4592383783243599,0.20460326887852376,0.025240787529102082,0.4445302259095545,-0.12715525244249726,-0.15808227156551058,-0.19684710328787236,-0.20611784401554223,-0.19190461593870944,-0.1691751839182296,-0.06763159482072939,0.08723112187270843,0.34646952392956676,0.5544002405138875,0.6168395080470471,0.5552272940675518,0.5130772277224966,0.4377510921025003,0.4278359040017341,0.37674234652821936,0.3822449782961397,0.33953687900365104,0.2953949168905752,0.25253465166527866,0.1598321477565916,0.09363951506453627,0.03856139891725796,0.014453779954107737,0.18705255202026183,0.4068222137611499,0.0,0.0,0.0,0.0,0.0
